% n=25 p=60 d=0.66 p_blue=0.33
% k=0
6 7 2
0 9 2
2 9 2
8 16 1
1 23 1
7 18 1
6 10 2
1 5 2
12 13 2
5 12 2
14 21 2
5 20 1
4 7 2
5 16 1
3 8 2
7 15 1
7 14 2
2 13 2
0 7 2
1 7 2
4 13 2
6 18 1
1 15 1
1 12 2
6 22 2
9 10 2
8 11 2
3 4 2
3 21 1
13 21 1
6 19 1
7 11 2
1 4 2
10 13 2
4 18 2
10 12 2
1 11 2
5 14 2
7 10 2
13 23 2
10 17 1
4 8 2
13 17 2
0 5 2
2 12 2
10 18 1
1 2 2
14 15 1
0 17 2
6 20 1
10 22 2
2 18 1
9 20 1
3 13 2
6 14 2
7 20 1
11 13 2
9 21 2
9 15 2
5 7 2
1 22 1
5 6 2
1 20 1
0 10 2
2 24 1
8 23 2
12 14 2
6 12 2
1 17 2
5 11 2
9 12 2
4 22 1
3 16 1
10 15 1
11 12 2
0 21 2
8 9 2
11 20 1
0 22 2
0 1 2
11 19 1
10 24 1
4 15 2
13 22 1
2 10 2
1 18 1
3 24 2
5 13 2
6 8 2
3 23 2
0 19 1
7 9 2
7 12 2
9 19 1
14 16 2
2 23 2
10 14 2
5 24 1
6 13 2
1 21 1
12 19 1
7 24 1
0 3 2
3 11 2
2 17 1
4 17 2
4 11 2
7 8 2
4 14 2
4 12 2
0 13 2
8 17 1
6 11 2
12 24 1
2 5 2
7 21 1
4 6 2
6 24 2
9 24 2
4 9 2
2 15 1
1 9 2
11 15 2
3 10 2
10 23 1
6 15 1
0 15 1
3 7 2
0 2 2
3 14 2
0 8 2
5 10 2
3 20 1
8 12 2
10 11 2
4 10 2
7 22 2
11 14 2
13 14 2
10 16 2
0 6 2
0 4 2
3 22 2
5 23 2
2 3 2
6 9 2
14 24 1
3 15 1
2 6 2
3 17 1
2 14 2
5 19 1
9 11 2
12 22 2
11 24 1
6 16 2
8 20 1
2 22 1
2 8 2
0 12 2
9 18 1
1 14 2
9 13 2
14 20 1
5 8 2
0 11 2
4 20 2
8 13 2
14 18 1
1 3 2
10 19 2
8 19 1
14 17 1
4 5 2
3 5 2
9 14 2
8 18 2
13 19 2
12 17 2
11 21 2
13 18 2
16 23 1
9 16 2
7 16 2
8 14 1
12 18 1
3 9 2
2 21 2
16 18 1
2 4 1
0 18 2
4 21 1
5 9 1
0 23 1
3 12 1
5 21 2
12 21 2
5 18 1
8 21 2
1 13 1
0 14 1
3 18 1
3 6 2
11 18 1
8 10 2
