% n=25 p=33 d=0.33 p_blue=0.33
% k=0
4 14 1
2 15 1
1 12 2
4 15 1
6 23 1
1 8 2
0 3 2
7 10 1
4 17 2
0 9 2
2 6 2
6 8 2
2 16 1
1 2 2
0 21 2
1 22 1
1 7 2
3 17 2
5 7 2
4 23 2
0 13 1
6 9 1
3 5 2
4 11 1
0 19 1
5 17 2
2 24 1
4 18 1
3 7 2
4 16 1
0 24 2
2 18 1
6 16 1
1 10 2
7 24 1
8 15 1
4 21 1
3 6 2
2 7 2
7 22 2
0 7 2
5 8 2
3 14 2
6 22 2
1 6 2
5 12 1
4 8 2
0 2 2
4 7 2
1 17 1
3 13 1
5 10 1
5 21 1
6 11 1
1 11 2
4 5 2
0 4 2
6 13 2
2 5 2
2 8 2
7 8 1
0 12 1
12 23 1
3 19 2
5 19 1
5 6 1
6 19 2
6 15 2
6 14 1
4 6 1
8 12 1
7 19 2
8 14 1
1 3 1
3 23 1
5 14 2
3 12 2
14 23 1
0 22 2
3 22 2
0 6 1
14 15 1
5 22 2
2 4 2
1 4 1
19 23 1
2 3 2
8 23 2
0 14 2
4 12 1
3 4 1
0 5 1
1 23 1
