% n=25 p=60 d=0.66 p_blue=0.33
% k=0
0 9 2
2 9 2
1 23 1
7 18 1
13 18 1
6 10 2
1 5 2
12 13 2
5 12 2
14 21 2
5 20 1
4 7 2
5 16 1
7 15 1
7 14 2
2 13 2
0 7 2
1 7 2
4 13 2
6 18 1
1 15 1
1 12 2
6 22 2
8 11 2
3 21 1
6 19 1
1 4 2
10 13 2
10 12 2
1 11 2
13 23 2
10 17 1
4 8 2
13 17 2
12 16 1
1 8 2
0 5 2
10 18 1
1 2 2
14 15 1
0 17 2
6 20 1
10 22 2
2 18 1
9 20 1
3 13 2
6 14 2
7 20 1
5 18 2
2 21 1
11 13 2
9 21 2
9 15 2
5 7 2
1 22 1
1 20 1
2 24 1
1 17 2
5 11 2
5 9 2
1 6 2
9 12 2
4 22 1
10 15 1
0 21 2
8 9 2
11 20 1
0 22 2
0 1 2
2 11 2
11 19 1
10 24 1
4 15 2
13 22 1
1 18 1
3 24 2
3 23 2
0 19 1
9 19 1
14 16 2
10 14 2
5 24 1
6 13 2
1 21 1
12 19 1
7 24 1
0 16 2
3 11 2
1 10 2
2 17 1
4 17 2
4 11 2
4 14 2
4 12 2
0 13 2
8 17 1
6 11 2
12 24 1
2 5 2
7 21 1
4 6 2
6 24 2
9 24 2
4 9 2
2 15 1
1 9 2
11 15 2
4 23 1
10 23 1
6 15 1
0 15 1
3 7 2
1 13 2
0 2 2
3 14 2
0 8 2
3 20 1
4 10 2
7 22 2
2 4 2
0 6 2
3 22 2
5 23 2
14 24 1
3 15 1
3 17 1
2 14 2
5 19 1
4 21 2
7 13 2
3 6 2
9 11 2
12 22 2
11 24 1
8 20 1
2 22 1
2 8 2
0 12 2
14 20 1
3 9 2
5 8 2
8 10 2
4 20 2
8 13 2
1 3 2
10 19 2
8 19 1
14 17 1
4 5 2
9 14 2
12 18 2
0 23 2
2 7 2
8 18 2
13 19 2
12 17 2
0 14 2
9 13 1
13 14 1
7 9 1
7 11 1
8 12 1
0 18 2
12 14 1
3 5 1
13 21 2
7 10 1
3 4 1
5 14 1
18 21 2
6 9 1
2 6 1
1 14 1
10 11 1
16 23 1
0 10 1
3 12 2
6 12 1
3 10 1
8 16 2
2 16 1
4 18 2
2 12 2
2 3 2
0 3 1
5 21 2
5 10 2
2 23 1
11 21 2
