% n=25 p=60 d=0.66 p_blue=0.66
% k=0
1 19 2
6 12 2
1 7 2
6 20 1
2 12 2
0 17 2
11 14 2
4 19 2
4 13 2
12 21 1
9 23 2
0 9 2
2 3 2
5 24 2
0 6 2
11 18 2
3 14 2
13 22 2
5 12 2
8 24 1
1 9 2
0 16 1
1 20 2
3 5 2
14 16 2
2 23 1
6 21 1
2 17 1
6 17 2
8 15 1
4 22 1
3 12 2
7 14 2
10 14 2
13 14 2
14 20 2
0 1 2
10 18 2
0 14 2
7 16 1
8 22 2
4 21 1
4 12 2
11 15 2
1 8 2
1 4 2
3 16 1
7 9 2
10 23 2
13 18 1
14 21 1
1 18 1
5 22 1
5 18 1
8 18 2
2 7 2
5 17 1
12 23 2
2 6 2
8 9 2
7 11 2
14 18 1
6 7 2
3 18 2
1 10 2
10 12 2
0 3 2
4 24 2
11 17 1
2 21 2
3 7 2
0 15 2
1 14 2
7 17 2
8 17 1
11 16 2
3 24 1
2 14 2
6 11 2
5 6 2
4 23 1
5 13 2
7 8 2
9 20 2
4 8 2
7 18 2
10 16 2
10 11 2
10 13 2
5 16 1
4 5 2
5 7 2
11 20 2
1 12 2
0 11 2
14 15 2
10 21 2
11 12 2
10 19 2
0 20 2
2 10 2
4 9 2
13 21 1
8 11 2
8 21 1
1 22 2
3 23 1
6 18 1
3 15 1
12 14 2
3 20 2
1 23 2
0 19 2
5 19 2
5 21 2
12 19 2
5 14 2
8 20 1
4 10 2
2 15 1
2 24 2
3 13 2
14 19 1
1 6 2
8 12 2
1 11 2
6 16 1
0 12 2
8 19 1
7 15 2
4 11 2
7 22 1
1 15 2
2 8 2
7 10 2
13 16 2
12 13 2
10 20 2
12 18 1
10 22 2
8 10 2
4 6 2
5 23 2
6 9 2
0 22 2
8 23 2
1 13 2
3 21 2
4 15 2
4 18 2
5 9 2
5 8 2
3 11 1
14 24 1
0 13 1
2 5 1
3 9 1
6 10 1
6 8 1
5 10 1
1 5 1
0 24 2
13 24 1
4 14 1
9 11 1
7 13 1
0 4 1
8 13 1
7 12 1
9 13 1
7 24 2
4 17 2
2 13 1
13 19 1
2 4 1
0 8 1
14 17 2
10 17 2
1 3 2
10 24 1
12 17 1
3 6 1
6 14 1
13 17 2
3 4 1
9 10 1
9 17 2
9 14 2
