% n=25 p=60 d=0.33 p_blue=0.66
% k=0
8 11 2
1 2 2
2 9 2
6 14 2
9 18 1
6 11 2
11 15 1
5 13 2
7 8 2
9 12 2
5 10 2
11 23 1
2 22 2
7 22 1
1 8 2
2 3 2
1 5 2
4 24 2
4 14 2
9 11 2
12 14 2
4 12 2
3 13 2
0 6 2
13 18 2
6 15 2
3 14 2
2 11 2
1 20 2
10 17 2
5 24 1
4 7 2
6 12 2
3 7 2
8 13 2
10 14 2
3 11 2
9 13 2
0 1 2
0 12 2
11 22 2
8 15 2
12 15 2
3 6 2
4 9 2
2 13 2
6 16 2
0 4 2
0 3 2
11 20 1
2 4 2
2 10 2
12 16 2
0 9 2
7 17 2
9 10 2
9 19 2
8 16 1
9 22 2
0 13 2
12 20 2
8 9 2
6 9 2
9 21 2
2 7 2
12 23 1
2 15 1
3 8 2
13 16 2
1 10 2
4 11 2
0 22 2
5 14 2
5 11 2
6 21 1
11 14 2
8 22 2
7 10 2
4 5 2
4 8 2
5 6 2
2 8 2
3 12 2
2 19 2
2 12 2
7 15 2
1 12 2
11 13 2
14 15 2
14 16 2
5 16 2
1 11 2
1 13 2
1 4 2
5 23 2
14 23 1
0 5 2
2 14 2
12 19 2
1 9 2
0 7 2
4 19 1
0 14 2
8 23 2
4 22 2
10 15 2
8 10 2
4 16 1
0 8 1
1 7 1
2 6 1
10 18 2
5 9 1
11 17 2
0 2 1
4 18 2
10 12 1
7 14 1
1 14 1
0 18 1
7 12 1
3 18 2
13 14 1
4 17 1
6 7 2
12 13 1
3 5 1
1 3 1
14 18 1
11 12 1
6 13 1
4 13 2
4 6 2
4 10 2
8 14 1
5 8 2
3 17 2
5 18 2
