% n=50 p=33 d=0.33 p_blue=0.33
% k=0
7 36 1
13 18 1
1 10 2
7 12 2
7 20 1
14 35 2
4 46 1
12 13 2
9 33 2
4 5 2
14 44 2
0 29 1
16 17 1
9 12 2
5 29 2
11 27 2
10 22 1
2 16 2
12 16 2
5 16 2
13 36 1
13 24 1
12 19 1
9 25 1
0 3 2
1 2 2
0 34 1
3 10 2
14 32 2
10 29 2
2 24 2
0 26 1
14 16 2
10 34 1
0 37 1
11 42 2
3 9 2
3 34 1
11 24 1
15 38 1
7 49 1
13 14 2
10 15 2
0 4 2
7 22 1
16 45 2
14 31 1
6 18 1
7 18 1
0 17 2
2 10 2
0 13 2
15 48 1
6 14 2
2 46 1
11 12 2
8 12 2
10 48 2
3 11 2
1 28 2
12 29 2
2 38 1
11 43 1
9 14 2
13 46 1
1 25 1
3 5 2
1 37 1
0 12 2
3 48 1
7 31 1
7 45 1
1 22 2
16 34 2
14 21 2
13 39 1
6 48 2
4 9 2
7 27 1
9 24 1
5 41 2
15 22 1
15 26 2
2 6 2
6 27 1
13 16 2
10 28 1
6 10 2
15 46 1
0 47 1
13 25 1
6 16 2
7 13 2
10 20 1
1 11 2
16 29 1
2 43 1
11 41 1
9 40 2
13 22 1
2 18 1
10 26 1
1 26 1
12 37 1
0 21 1
5 30 2
6 36 1
4 14 2
14 25 2
10 11 2
5 38 2
6 43 2
15 37 2
8 31 1
3 13 2
16 21 2
9 42 1
11 23 1
3 8 2
15 35 1
14 26 1
7 30 2
0 2 2
4 6 2
7 14 2
9 46 1
9 37 2
6 31 1
4 15 2
10 21 1
13 43 1
5 49 1
4 37 1
7 9 2
16 20 2
0 41 1
1 8 2
15 21 1
16 49 1
9 21 1
3 18 2
0 5 2
7 8 2
0 14 2
6 21 1
4 11 2
3 6 2
6 13 2
8 14 2
2 12 2
2 14 2
8 24 1
3 16 2
9 35 1
5 13 2
14 23 1
0 15 2
2 41 2
11 47 1
14 15 2
3 27 1
5 45 1
5 20 1
6 46 1
11 14 2
2 8 2
0 16 2
13 45 1
11 19 2
16 32 1
5 14 2
8 11 2
7 40 2
2 7 2
1 16 2
7 34 2
10 27 1
9 30 2
2 23 1
3 33 2
13 19 1
7 10 2
0 7 2
13 33 1
2 42 1
6 34 1
12 36 1
4 7 2
1 9 2
4 28 1
8 49 2
12 24 1
7 33 1
10 13 2
4 31 2
5 12 2
12 47 2
0 36 1
2 15 2
3 39 1
8 9 2
2 3 2
14 39 1
1 35 1
9 10 2
0 1 2
9 47 1
14 45 1
15 34 1
12 25 1
5 22 2
1 3 2
3 7 2
10 33 2
10 14 2
10 19 1
4 8 2
7 41 2
3 43 2
7 47 2
3 46 1
15 31 1
2 5 2
9 15 2
5 8 2
12 22 1
4 27 1
12 46 2
1 13 2
3 22 1
2 9 2
11 16 2
10 12 2
4 26 1
11 13 2
7 19 2
7 32 1
10 25 1
1 4 2
9 11 2
12 30 1
5 10 2
16 36 1
6 11 2
8 42 1
7 29 1
15 41 2
2 21 1
1 12 2
10 18 2
8 13 2
3 21 1
11 15 2
5 15 2
2 35 2
13 15 2
7 24 1
8 29 1
12 14 2
5 36 1
5 27 2
6 12 2
2 25 1
0 45 2
11 44 2
3 24 1
6 37 2
4 21 1
13 47 1
11 18 1
1 14 2
15 43 2
1 5 2
12 33 1
4 35 2
16 38 2
1 7 1
15 16 1
18 35 1
8 10 1
0 33 1
10 35 1
5 9 1
5 11 1
4 12 1
7 11 1
2 29 1
4 13 2
9 38 2
12 15 1
7 15 1
0 8 1
4 10 2
7 16 1
6 15 2
3 38 2
4 29 2
0 11 1
11 35 2
4 16 1
8 16 1
0 18 2
5 6 1
11 29 1
5 18 1
15 29 1
10 16 1
3 14 1
6 38 2
11 38 2
5 7 1
3 4 1
1 6 1
2 11 1
7 35 2
8 15 2
0 6 1
0 9 2
