% n=25 p=33 d=0.66 p_blue=0.33
% k=0
1 11 2
1 16 2
7 11 1
1 7 2
0 12 1
0 17 1
0 16 2
8 11 2
0 21 1
1 8 2
4 6 2
1 5 2
7 23 1
3 4 2
6 9 1
3 8 2
3 9 1
0 22 1
0 15 1
7 17 1
5 18 2
0 5 2
3 14 1
2 17 2
8 20 1
8 15 1
1 23 1
6 16 1
5 6 2
2 20 1
0 6 2
1 6 2
7 14 1
4 12 1
2 15 2
0 24 2
5 7 2
0 18 1
2 16 1
1 13 2
0 20 1
1 20 1
5 13 1
2 23 1
2 4 2
0 2 2
8 12 2
2 22 1
1 9 1
6 7 2
2 7 2
7 13 1
2 11 1
6 20 1
0 3 2
8 9 1
4 9 2
0 4 2
3 13 2
8 16 1
2 18 1
7 12 1
6 8 2
2 5 2
8 23 2
1 12 1
1 24 1
4 17 1
4 15 1
5 17 1
5 8 2
5 23 1
3 7 2
4 14 1
7 16 1
2 6 2
5 16 2
2 9 1
7 9 1
5 12 1
4 20 2
5 10 1
2 12 1
8 14 2
6 12 1
6 22 2
2 21 1
6 18 2
2 10 2
7 15 2
0 7 2
4 21 1
5 9 1
7 18 1
5 20 1
5 24 1
3 20 2
3 15 1
6 23 1
1 14 2
6 21 1
2 8 2
4 16 1
0 9 2
7 19 1
3 24 1
0 11 1
7 8 1
0 1 1
10 24 1
11 19 2
6 11 1
1 3 1
2 19 2
4 7 1
6 19 1
3 12 2
5 19 2
3 19 1
7 24 2
4 19 2
0 8 1
4 8 1
2 3 2
1 19 1
12 19 1
1 4 1
11 12 2
