% n=75 p=60 d=0.33 p_blue=0.66
% k=0
36 46 2
42 50 2
2 23 2
4 29 2
37 39 2
44 69 2
11 21 2
0 73 2
25 27 2
19 22 2
22 36 2
26 30 2
13 23 2
10 15 2
3 8 2
6 42 2
2 16 2
23 71 1
7 39 2
15 48 2
18 45 1
24 36 2
7 29 2
21 25 2
3 43 2
4 23 2
17 31 2
34 43 2
32 37 2
11 62 2
28 33 2
18 30 2
4 44 2
37 71 2
34 71 1
37 43 2
2 17 2
6 69 2
25 32 2
4 9 2
24 49 2
14 25 2
22 44 2
22 43 2
10 13 2
5 34 2
14 16 2
28 44 2
18 42 2
32 39 2
17 30 2
24 42 2
10 28 2
11 44 2
13 69 2
17 32 2
9 51 2
4 40 2
16 39 2
5 14 2
10 60 2
34 37 2
5 10 2
0 60 1
20 23 2
12 14 2
1 36 2
1 17 2
17 40 2
7 14 2
41 43 2
3 39 2
1 42 2
25 28 2
7 71 2
16 33 2
1 41 2
2 63 1
19 35 2
0 62 2
10 35 2
30 40 2
38 59 2
14 54 2
31 38 2
4 7 2
39 52 2
35 42 2
16 41 2
4 49 2
17 71 2
38 65 1
3 22 2
17 28 2
19 38 2
9 28 2
26 32 2
30 39 2
15 17 2
34 39 2
21 37 2
28 29 2
26 60 2
25 74 2
6 32 2
23 37 2
30 38 2
14 40 2
8 34 2
4 14 2
23 67 1
18 40 2
39 60 2
6 12 2
1 7 2
6 33 2
5 26 2
38 42 2
42 62 2
33 38 2
2 22 2
21 36 2
14 21 2
44 55 1
5 15 2
20 26 2
30 64 2
40 52 2
34 63 2
0 19 2
12 49 2
4 27 2
8 30 2
34 64 2
3 9 2
20 33 2
24 52 2
31 32 2
2 21 2
11 68 2
1 22 2
14 73 2
42 46 1
0 16 2
8 38 2
9 43 2
0 14 2
17 57 2
14 28 2
0 20 2
21 35 2
6 20 2
30 37 2
27 62 2
1 30 2
6 40 2
0 68 2
8 66 2
6 7 2
1 8 2
25 65 2
6 9 2
35 41 2
32 56 2
2 43 2
14 72 1
4 26 2
30 72 1
4 37 2
1 33 2
5 6 2
29 43 2
14 44 2
15 70 2
6 27 2
24 57 2
0 4 2
36 50 2
16 19 2
8 25 2
11 24 2
26 43 2
0 9 2
35 47 2
21 47 2
2 12 2
1 18 2
30 41 2
7 42 2
26 50 1
21 23 2
19 63 2
13 27 2
40 43 2
10 14 2
41 42 2
32 35 2
1 28 2
28 43 2
6 41 2
16 21 2
0 30 2
13 42 2
16 48 1
19 72 2
11 30 2
0 39 2
0 6 2
0 41 2
39 72 1
3 18 2
9 62 2
26 40 2
6 39 2
0 65 1
26 38 2
24 51 2
13 57 2
1 67 1
22 29 2
18 22 2
6 38 2
29 35 2
29 30 2
8 41 2
7 8 2
5 12 2
2 3 2
27 71 2
42 73 1
37 57 1
20 43 2
2 50 1
12 39 2
35 38 2
16 56 2
18 38 2
39 45 2
39 40 2
3 33 2
34 61 1
5 37 2
14 23 2
4 25 2
32 43 2
28 63 2
34 68 2
4 70 2
5 65 1
17 29 2
27 30 2
34 69 2
7 36 2
24 44 2
3 16 2
22 41 2
17 41 2
2 41 2
3 44 2
18 34 2
33 37 2
9 11 2
40 70 2
2 32 2
25 43 2
16 36 2
2 36 2
27 39 2
38 39 2
2 29 2
9 18 2
24 72 2
16 67 2
3 6 2
0 36 2
0 8 2
8 16 2
23 72 2
23 38 2
27 54 1
11 72 1
12 35 2
7 26 2
19 62 2
37 72 1
21 50 1
31 34 2
43 55 2
6 25 2
22 39 2
5 42 2
0 18 2
28 39 2
8 43 2
10 57 1
6 35 2
2 47 2
15 27 2
4 5 2
8 40 2
1 15 2
1 2 2
1 69 2
0 23 2
42 44 2
38 43 2
7 35 2
16 47 2
23 27 2
5 32 2
11 33 2
24 33 2
21 31 2
23 26 2
21 43 2
3 67 1
14 18 2
19 33 2
4 30 2
13 19 2
14 15 2
2 64 1
33 68 2
29 61 2
11 39 2
13 64 1
0 12 2
4 19 2
29 68 2
10 17 2
2 39 2
16 44 2
18 64 2
39 44 2
12 25 2
20 27 2
4 11 2
2 33 2
6 28 2
16 40 2
9 24 2
16 23 2
1 9 2
29 50 1
1 65 2
44 67 2
13 35 2
44 72 2
28 56 2
12 61 2
4 36 2
15 53 1
31 49 2
23 32 2
16 25 2
9 29 2
23 39 2
10 43 2
41 70 1
5 43 2
34 41 2
6 36 2
24 40 2
18 37 2
12 20 2
10 26 2
15 34 2
0 44 2
43 46 2
3 7 2
11 25 2
1 32 2
6 29 2
27 41 2
1 5 2
25 61 2
12 17 2
31 44 2
10 31 2
9 33 2
8 21 2
17 61 2
21 33 2
10 53 1
0 58 1
12 24 2
8 58 2
12 19 2
17 45 1
26 39 2
21 22 2
25 56 2
2 53 2
14 26 2
32 41 2
10 20 2
2 61 1
17 42 2
17 43 2
18 24 2
32 42 2
31 46 2
16 20 2
20 68 2
13 62 2
23 35 2
16 73 2
11 16 2
11 60 2
11 35 2
9 31 2
1 20 2
22 24 2
15 40 2
11 14 2
29 44 2
33 39 2
18 21 2
20 29 2
4 22 2
19 44 2
26 37 2
13 16 2
2 28 2
27 37 2
0 47 1
1 39 2
25 52 1
12 64 2
2 19 2
19 29 2
16 22 2
5 24 2
27 35 2
42 52 2
1 53 2
27 57 2
42 55 2
29 71 1
10 27 2
43 62 1
6 37 2
39 73 1
8 70 1
3 34 2
9 20 2
2 20 2
35 61 2
20 22 2
13 22 2
30 34 2
19 39 2
28 36 2
35 70 2
15 20 2
21 56 2
42 67 2
30 42 2
11 13 2
12 72 1
2 69 2
2 18 2
33 40 2
22 68 1
5 27 2
0 35 2
9 47 2
16 34 2
36 68 2
24 38 2
7 32 2
11 22 2
15 26 2
39 51 2
38 69 2
2 10 2
24 53 2
8 33 2
31 64 1
10 25 2
22 32 2
11 67 2
31 50 1
22 35 2
26 55 2
6 15 2
17 33 2
1 54 2
1 34 2
2 11 2
13 32 2
14 38 2
43 44 2
15 30 2
20 34 2
20 45 1
9 39 2
20 32 2
7 43 2
18 47 1
38 40 2
10 16 2
9 41 2
44 64 2
17 34 2
21 24 2
5 39 2
16 51 2
28 30 2
40 57 2
25 71 1
24 31 2
31 71 2
13 30 2
33 74 1
17 53 2
44 60 1
35 37 2
14 27 2
4 28 2
16 53 2
22 38 2
36 38 2
14 29 2
33 64 1
17 27 2
14 45 2
14 31 2
14 56 2
33 57 1
37 58 2
6 13 2
28 61 2
9 65 2
6 50 2
8 27 2
15 31 2
6 14 2
6 8 2
15 49 1
16 37 2
19 48 2
23 42 2
38 74 2
22 25 2
23 28 2
19 25 2
7 13 2
28 55 2
12 27 2
16 70 2
4 13 2
7 53 2
12 16 2
16 72 1
2 26 2
15 28 2
33 41 2
15 65 1
28 41 2
12 47 2
41 53 1
23 43 2
3 45 1
0 63 2
11 27 2
15 35 2
27 33 2
31 41 2
13 17 2
39 43 2
25 45 2
6 43 2
21 29 2
19 43 2
14 71 2
8 14 2
34 35 2
14 74 2
26 33 2
5 30 2
1 43 2
28 42 2
15 38 2
36 65 1
0 21 2
12 15 2
5 57 2
15 18 2
30 35 2
22 55 2
34 44 2
2 34 2
33 34 2
25 51 1
29 36 2
4 18 2
25 36 2
12 56 2
12 46 2
10 42 2
22 66 1
1 14 2
35 39 2
32 65 2
2 51 1
19 42 2
21 40 2
15 47 2
3 50 2
39 63 2
7 17 2
10 34 2
8 20 2
2 40 2
17 23 2
32 55 1
9 22 2
4 33 2
19 20 2
29 40 2
3 5 2
4 68 1
34 42 2
32 67 1
13 25 2
17 22 2
12 44 2
18 20 2
14 36 2
22 27 2
6 66 2
3 25 2
31 40 2
36 69 2
2 14 2
32 44 2
8 10 2
0 43 2
23 30 2
19 23 2
34 62 2
17 44 2
19 41 2
22 34 2
15 41 2
20 35 2
13 29 2
17 67 2
5 18 2
9 38 2
29 37 2
17 37 2
3 24 2
13 34 2
30 53 1
11 73 2
36 74 1
22 30 2
16 28 2
1 51 2
4 67 1
26 72 2
22 28 2
18 44 2
34 40 2
29 42 2
11 43 2
9 12 2
8 42 2
25 73 2
44 59 2
6 19 2
11 63 2
34 36 2
5 17 2
13 56 2
18 65 1
24 32 2
4 6 2
26 48 2
6 61 1
29 32 2
27 58 2
11 42 2
25 38 2
17 21 2
8 11 2
17 60 2
12 26 2
43 64 2
25 26 2
35 71 2
19 47 2
42 63 2
25 30 2
5 40 2
34 54 2
38 44 2
2 4 2
3 36 2
22 23 2
24 47 1
5 22 2
14 34 2
9 14 2
33 46 2
24 28 2
40 53 2
36 61 1
5 41 2
16 29 2
1 44 2
8 35 2
5 38 2
14 42 2
33 36 2
1 23 2
8 56 1
24 37 2
5 44 2
9 10 2
7 38 2
16 50 1
28 40 2
13 24 2
9 17 2
18 53 2
3 27 2
34 51 1
34 38 2
2 48 2
10 22 2
6 18 2
19 52 1
19 67 2
29 67 2
0 26 2
13 43 2
38 58 2
11 32 2
18 54 1
5 67 2
7 60 1
8 19 2
7 25 2
15 21 2
22 56 2
8 28 2
4 34 2
18 41 2
0 25 2
32 48 1
15 29 2
3 47 2
24 60 1
3 66 1
16 38 2
12 59 1
21 54 2
14 20 2
11 52 2
28 48 2
11 66 2
17 36 2
27 69 1
7 34 2
18 39 2
6 31 2
18 31 2
15 24 2
30 56 1
13 20 2
1 31 2
12 30 2
26 74 2
2 13 2
8 39 2
2 37 2
27 40 2
10 30 2
7 9 2
11 19 2
8 26 2
28 32 2
20 42 2
42 65 2
1 40 2
20 36 2
35 43 2
13 31 2
3 19 2
18 29 2
13 33 2
41 62 1
13 52 2
1 25 2
15 16 2
29 49 2
33 43 2
16 43 2
4 57 2
14 33 2
25 60 2
13 28 2
19 59 1
43 54 1
5 64 2
37 55 1
4 38 2
18 27 2
1 11 2
24 43 2
7 59 1
31 36 2
18 60 2
1 38 2
5 55 1
20 41 2
22 40 2
10 24 2
25 66 2
17 25 2
8 49 2
42 69 1
20 38 2
11 38 2
13 21 2
7 12 2
3 30 2
19 64 2
14 53 1
3 63 2
20 70 2
19 28 2
14 39 2
11 40 2
9 25 2
7 54 2
8 36 2
30 71 2
0 37 2
5 28 2
42 47 1
35 45 2
8 31 2
23 69 1
26 42 2
14 51 2
41 65 2
18 74 1
15 43 2
43 72 1
9 26 2
1 27 2
22 42 2
12 32 2
3 11 2
33 44 2
27 29 2
12 48 2
15 37 2
42 45 2
12 34 2
11 53 2
36 67 2
26 28 2
19 37 2
8 17 2
7 16 2
11 65 1
30 66 2
4 21 2
1 21 2
27 31 2
4 12 2
13 38 2
22 61 2
22 50 2
13 70 2
7 56 2
0 40 2
11 55 1
23 44 2
2 35 2
8 24 2
25 37 2
27 72 1
8 73 2
5 8 2
39 50 2
10 23 2
38 50 2
5 53 2
13 18 2
5 56 2
6 11 2
9 32 2
13 37 2
10 56 2
0 3 2
5 29 2
7 28 2
32 34 2
17 39 2
3 35 2
7 27 2
0 22 2
10 72 2
35 56 2
9 34 2
27 32 2
4 41 2
3 31 2
21 63 2
32 33 2
41 44 2
40 67 1
11 37 2
21 30 2
6 10 2
3 26 2
4 17 2
14 37 2
13 40 2
4 42 2
16 30 2
2 45 2
7 23 2
1 16 2
33 35 2
24 30 2
41 48 2
2 44 2
23 52 1
40 61 1
12 31 2
17 35 2
13 39 2
32 51 2
21 52 1
9 21 2
9 23 2
21 44 2
11 59 2
6 63 1
14 19 2
26 56 2
22 33 2
26 46 1
37 70 2
21 38 2
14 52 2
10 68 1
4 20 2
18 35 2
7 33 2
28 57 2
18 62 1
36 42 2
25 29 2
3 42 2
38 52 2
32 52 1
16 27 2
0 42 2
15 51 2
15 22 2
21 58 2
24 34 2
9 16 2
3 28 2
19 24 2
15 23 2
26 53 2
12 40 2
39 64 2
41 61 2
25 41 2
9 37 2
0 54 2
1 3 2
27 38 2
11 41 2
23 33 2
33 51 1
12 22 2
13 46 2
12 41 2
11 46 2
16 18 2
6 26 2
4 35 2
19 57 2
0 15 2
7 44 2
29 66 1
7 24 2
10 44 2
6 30 2
20 40 2
5 35 2
40 42 2
18 32 2
11 28 2
7 11 2
8 29 2
18 43 2
44 62 2
1 19 2
43 69 1
11 49 1
39 71 2
9 15 2
17 38 2
4 62 2
35 44 2
23 25 2
7 65 2
31 47 2
3 14 2
43 67 2
8 18 2
31 33 2
1 10 2
37 38 2
1 37 2
14 62 1
1 6 2
11 57 2
8 22 2
43 48 2
38 41 2
41 46 1
31 37 2
9 42 2
10 29 2
18 25 2
29 39 2
4 24 2
13 15 2
29 33 2
12 71 1
35 46 2
12 18 2
16 24 2
11 34 2
24 29 2
7 10 2
19 61 2
0 1 2
4 16 2
4 8 2
19 31 2
15 25 2
8 44 2
25 42 2
26 49 2
40 48 1
2 42 2
16 60 2
5 68 1
1 55 2
6 23 2
12 21 2
37 53 1
37 44 2
17 70 2
0 74 2
8 37 2
23 40 2
10 18 2
13 41 2
17 20 2
15 36 2
10 41 2
31 43 2
35 52 2
33 72 2
44 45 2
36 40 2
40 44 2
10 11 2
11 12 2
8 32 2
39 42 2
16 32 2
6 17 2
2 31 2
1 13 2
0 32 2
10 37 2
34 59 2
5 13 2
14 17 2
5 7 2
2 27 2
16 71 1
9 35 2
8 9 2
12 36 2
8 13 2
42 51 2
21 42 2
1 4 2
0 34 2
2 71 2
14 35 2
43 73 2
36 37 2
12 33 2
3 23 2
20 44 2
26 31 2
30 33 2
32 38 2
20 69 1
2 8 2
38 56 2
6 58 1
1 35 2
10 62 2
11 31 2
20 51 2
5 71 2
21 67 2
18 28 2
16 31 2
8 23 2
20 30 2
13 14 2
4 58 2
36 39 2
7 41 2
6 34 2
0 28 2
43 66 2
25 40 2
18 71 2
21 26 2
14 24 2
19 21 2
29 54 2
26 27 2
16 42 2
18 26 2
21 57 1
2 30 2
0 13 2
3 12 2
23 29 2
11 74 2
30 43 2
37 42 2
23 31 2
41 52 2
29 34 2
0 24 2
5 33 2
3 74 2
31 55 2
12 28 2
11 17 2
1 63 2
28 37 2
31 35 2
0 7 2
0 10 2
30 36 2
15 39 2
3 64 1
6 56 2
19 51 2
4 39 2
15 54 2
15 32 2
27 42 2
31 72 1
12 43 2
25 34 2
11 23 2
41 47 2
0 2 2
20 28 2
39 41 2
23 63 2
21 70 2
39 74 1
19 55 2
27 43 2
33 42 2
19 26 2
4 51 2
23 24 2
25 44 2
15 66 2
4 15 2
0 11 2
36 41 2
7 20 2
10 38 2
7 37 2
37 41 2
10 67 2
2 24 2
20 21 2
22 31 2
5 31 2
19 27 2
32 40 2
36 62 2
13 66 1
10 21 2
2 25 2
15 44 2
21 32 2
23 41 2
13 26 2
19 32 2
15 19 2
4 72 1
29 70 2
18 50 2
14 41 2
4 32 2
24 55 2
3 17 2
35 63 1
23 36 2
26 34 2
24 26 2
23 59 2
6 16 2
0 38 2
23 55 2
20 39 2
3 4 2
26 35 2
15 71 2
36 51 1
21 41 2
24 25 2
7 40 2
43 51 2
31 61 1
3 10 2
6 72 2
19 40 2
15 42 2
5 54 2
10 52 2
10 19 2
29 52 2
25 31 2
19 70 2
13 36 2
15 33 2
30 31 2
7 19 2
10 33 2
1 52 1
6 24 2
40 46 1
11 48 1
26 36 2
38 57 2
17 24 2
35 36 2
27 66 1
24 35 2
19 34 2
7 21 2
0 5 2
8 12 2
29 56 2
41 63 2
43 63 2
24 27 2
14 22 2
13 59 1
18 46 2
31 42 2
32 53 2
22 37 2
14 30 2
2 7 2
7 30 2
5 23 2
5 46 2
4 10 2
28 34 2
9 19 2
28 71 1
40 41 2
13 53 2
36 43 2
5 21 2
17 19 2
15 60 2
24 39 2
23 56 2
21 28 2
3 65 1
39 69 1
5 20 2
32 58 2
9 13 2
1 24 2
26 44 2
6 59 2
6 67 2
38 61 1
20 25 2
2 56 2
6 64 1
35 40 2
8 15 2
12 23 2
9 44 2
5 9 2
5 25 2
18 36 2
19 69 2
9 27 2
5 16 2
30 32 2
18 23 2
29 41 2
30 69 2
16 35 2
3 41 2
28 38 2
18 19 2
21 34 2
10 61 1
8 72 1
22 26 2
27 28 2
17 26 2
39 56 1
18 68 1
12 13 2
1 26 2
20 31 2
27 34 2
16 17 2
31 39 2
9 46 2
2 5 2
4 65 2
4 43 2
20 24 2
1 29 2
26 29 2
4 31 2
19 30 2
5 19 2
0 33 2
27 44 2
30 44 2
23 34 2
5 60 2
18 33 2
0 56 1
7 63 2
28 35 2
17 18 2
10 40 2
2 9 2
14 43 2
7 18 2
10 32 2
19 56 1
11 15 2
29 38 2
12 38 2
0 29 2
0 17 2
0 52 1
3 32 2
3 21 2
37 66 2
12 42 2
26 41 2
9 30 2
27 50 1
21 27 2
36 44 2
0 72 2
25 39 2
25 58 2
41 74 1
3 40 2
11 18 2
42 43 2
2 67 1
11 20 2
13 55 2
9 61 2
7 68 2
12 52 2
31 48 2
2 38 2
19 36 2
6 21 2
18 63 2
3 72 2
24 41 2
0 67 1
9 49 2
29 31 2
25 33 2
32 36 2
12 68 2
25 35 2
29 51 2
11 29 2
23 57 2
32 45 2
7 15 2
11 36 2
32 68 2
10 12 2
23 49 1
1 57 2
3 20 2
6 22 2
16 69 2
2 6 2
9 36 2
10 36 2
27 36 2
3 29 2
19 71 1
7 22 2
20 37 2
12 37 2
6 44 2
23 50 1
9 60 1
24 71 1
5 36 2
5 74 1
13 44 2
3 15 2
9 40 2
2 15 2
0 27 2
3 37 1
21 39 1
37 40 1
34 45 1
7 31 1
1 12 2
14 32 1
16 26 1
3 13 1
10 39 1
20 50 1
11 26 1
