% n=25 p=33 d=0.33 p_blue=0.33
% k=0
4 14 1
2 15 1
3 8 2
4 15 1
1 8 2
7 10 1
2 3 2
5 22 2
4 17 2
0 12 1
0 9 2
0 6 2
2 16 1
1 2 2
0 21 2
3 4 2
3 17 2
5 7 2
5 6 2
6 7 2
4 23 2
0 13 1
4 6 2
6 9 1
3 5 2
4 11 1
5 17 2
2 24 1
4 18 1
7 8 2
3 7 2
4 16 1
0 24 2
0 8 2
2 18 1
6 16 1
1 10 2
7 24 1
1 4 2
8 15 1
4 21 1
3 6 2
0 5 2
0 1 2
7 22 2
0 7 2
5 8 2
3 14 2
1 3 2
1 6 2
0 2 2
4 7 2
1 17 1
3 13 1
5 10 1
5 21 1
6 11 1
1 11 2
0 4 2
6 13 2
2 5 2
2 8 2
2 4 2
2 19 2
19 23 2
1 7 1
1 19 1
12 14 2
7 19 2
3 12 1
19 22 1
12 23 2
5 15 2
6 19 1
6 14 2
5 23 1
0 14 1
5 19 2
12 19 2
8 23 1
1 15 1
5 12 2
7 23 2
4 8 2
1 12 2
