% n=100 p=33 d=0.66 p_blue=0.33
% k=0
26 88 1
23 52 2
19 83 2
21 53 2
16 78 1
0 25 2
15 30 2
24 74 1
13 49 2
7 24 2
12 87 1
30 50 2
24 38 1
10 91 1
31 63 2
30 77 2
0 31 2
13 96 1
31 70 1
1 75 1
31 74 1
20 92 1
28 42 1
4 18 2
2 95 1
24 95 1
5 99 1
9 95 2
4 11 2
6 49 2
4 47 1
16 20 2
1 17 2
15 64 1
26 76 1
0 15 2
5 29 2
5 98 1
11 88 1
9 11 2
17 30 2
13 32 2
29 60 1
28 38 2
7 53 1
3 67 1
27 76 1
1 27 2
11 35 1
17 26 2
1 77 2
21 27 2
21 38 1
2 14 2
23 90 1
5 10 2
22 42 1
25 31 2
15 89 1
30 56 1
27 60 1
12 80 1
2 26 2
15 55 1
23 51 2
2 64 2
30 76 1
15 27 2
6 79 1
4 40 1
6 18 2
22 29 2
16 26 2
30 60 2
25 38 1
7 21 2
32 38 1
4 82 2
16 31 2
22 99 1
22 37 1
9 37 2
22 86 1
2 98 2
29 64 1
7 22 2
13 88 1
13 89 1
31 90 1
9 26 2
0 11 2
1 65 2
17 90 1
22 68 1
25 77 1
1 86 1
9 18 2
15 21 2
10 21 2
15 45 2
1 14 2
22 24 2
7 52 1
10 14 2
12 35 1
2 45 1
21 30 2
17 73 1
17 32 2
0 55 1
16 71 1
3 7 2
14 45 2
2 12 2
4 28 2
21 86 1
14 48 1
13 31 2
1 94 2
25 67 1
16 90 1
6 22 2
20 33 1
3 12 2
32 35 1
11 43 1
28 72 1
25 27 2
20 82 2
5 62 1
0 59 2
6 25 2
1 21 2
29 92 1
15 86 2
31 36 1
23 92 1
25 35 1
13 25 2
20 91 2
3 13 2
20 78 1
14 79 2
2 28 2
3 99 1
10 98 2
12 14 2
8 41 2
21 85 1
8 51 1
22 52 1
9 28 2
30 55 2
31 37 1
29 98 1
6 27 2
31 66 1
3 11 2
8 40 1
0 32 2
15 42 1
30 43 2
13 92 1
16 41 2
4 50 1
4 35 2
1 2 2
4 24 2
13 26 2
0 26 2
18 57 1
17 31 2
6 47 2
19 56 1
18 67 2
32 47 1
20 93 1
24 33 1
32 63 1
0 69 1
6 93 2
8 54 1
18 53 2
32 37 1
0 28 2
9 30 2
29 40 1
1 48 1
28 30 2
22 96 2
18 24 2
5 43 2
2 62 1
5 59 1
16 72 1
23 48 2
1 95 1
17 70 2
10 82 1
9 99 2
31 42 2
11 93 1
7 18 2
26 57 1
3 55 1
22 30 2
25 43 1
8 72 1
24 27 2
19 90 1
0 1 2
15 51 1
25 64 1
15 62 2
31 97 1
13 55 1
16 37 2
18 89 2
24 82 1
12 44 1
8 86 1
9 55 1
29 88 1
28 33 1
28 84 2
9 70 2
23 39 1
13 59 1
6 39 1
29 36 1
27 56 1
4 14 2
29 91 2
24 81 2
16 23 2
30 94 2
28 36 1
4 57 2
4 27 2
10 59 1
31 52 1
15 61 2
15 71 1
5 57 1
4 76 2
24 51 2
13 22 2
1 36 1
12 53 1
7 95 2
11 91 2
4 91 2
0 98 1
17 89 1
10 87 1
20 40 1
1 58 2
3 39 1
11 84 1
25 46 1
0 8 2
6 71 1
4 56 1
15 58 2
9 86 1
15 96 2
15 91 2
24 49 1
25 75 2
30 33 1
2 80 2
9 45 1
3 23 2
22 28 2
11 47 1
0 16 2
10 60 1
27 85 1
16 85 1
16 21 2
6 63 1
17 56 2
16 29 2
24 40 1
5 25 2
20 46 1
26 87 1
19 39 1
22 97 1
26 51 1
31 53 1
10 56 1
18 91 1
27 70 1
0 66 1
6 29 2
16 35 2
17 82 2
11 32 2
6 21 2
20 68 2
30 84 1
19 29 2
30 35 1
19 73 1
26 90 1
6 51 2
28 62 1
10 67 2
14 88 1
15 25 2
12 33 1
23 63 1
2 67 1
6 53 2
12 22 2
27 65 1
28 57 2
5 67 1
19 20 2
20 83 1
12 49 2
12 51 2
11 34 1
9 12 2
16 55 1
16 74 1
11 52 2
7 34 1
24 87 2
4 29 2
18 76 1
28 73 1
1 26 2
0 30 2
22 90 1
5 63 1
26 94 1
17 85 2
14 81 1
12 48 1
7 94 1
15 67 1
14 24 2
8 9 2
7 41 2
24 85 2
9 81 1
28 53 1
18 40 1
3 20 2
29 61 1
15 95 2
7 72 1
30 40 1
6 68 2
18 82 2
6 44 1
20 59 1
14 47 2
3 49 1
20 23 2
23 74 1
4 9 2
17 35 2
10 11 2
7 90 2
31 35 1
8 99 1
9 98 2
19 89 1
14 46 2
26 47 1
16 44 1
18 22 2
29 80 1
25 49 1
8 94 1
11 50 2
9 16 2
20 31 2
5 97 2
10 42 1
25 65 2
31 34 1
24 28 2
17 57 2
0 20 2
8 16 2
7 84 1
0 36 1
24 99 1
4 97 2
15 90 1
11 30 2
11 74 2
5 44 2
18 98 1
23 95 1
11 29 2
22 78 1
12 59 2
22 40 1
12 18 2
30 86 2
4 75 1
11 51 2
8 27 2
22 74 1
8 18 2
5 18 2
20 58 1
7 49 2
20 53 1
4 54 1
22 32 2
2 19 2
17 54 1
8 98 1
4 15 2
17 20 2
1 19 2
1 34 1
0 3 2
29 57 1
3 24 2
19 91 1
8 24 2
0 77 1
7 43 1
19 45 1
16 46 1
8 50 1
0 13 2
15 31 2
16 82 1
21 89 1
25 69 2
29 45 1
27 66 1
28 45 2
15 48 1
15 78 1
16 96 1
26 67 1
5 32 2
8 15 2
28 49 2
22 43 1
6 16 2
18 63 1
6 24 2
25 37 1
1 80 1
14 94 1
11 97 1
27 45 1
13 15 2
9 75 1
18 44 1
26 77 2
6 82 1
16 19 2
1 39 1
29 43 2
5 26 2
21 42 1
10 12 2
8 81 1
13 28 2
11 63 1
1 29 2
1 96 2
26 29 2
7 31 2
22 33 1
3 78 1
14 53 1
0 83 2
2 92 1
26 72 2
7 99 1
12 95 2
6 91 1
24 57 2
15 33 2
21 26 2
30 37 1
23 53 1
8 37 2
14 82 2
14 93 1
31 59 1
14 25 2
28 58 1
7 86 2
31 47 1
2 52 1
21 46 2
12 63 1
28 60 2
32 33 2
3 29 2
24 37 2
24 32 2
5 80 1
16 89 1
27 87 1
4 12 2
4 71 1
29 46 2
17 29 2
10 16 2
26 41 1
21 33 1
1 52 1
23 97 1
15 22 2
15 41 1
9 47 1
14 19 2
6 9 2
26 28 2
29 30 2
4 98 1
23 30 2
17 98 1
16 53 1
22 83 2
15 66 1
23 46 1
11 44 1
20 69 2
7 87 2
23 59 1
22 70 1
2 72 1
1 20 2
27 34 1
27 58 2
10 25 2
25 92 2
5 15 2
21 65 1
3 97 2
30 41 2
20 99 1
1 30 2
10 68 1
4 83 1
25 97 1
14 55 2
5 75 1
16 65 1
22 46 2
4 64 1
1 53 1
25 26 2
3 6 2
3 88 1
9 68 1
7 13 2
21 73 1
11 16 2
22 80 1
23 98 1
11 18 2
16 76 2
26 55 2
4 26 2
6 43 1
2 36 2
18 45 1
15 37 1
25 62 1
9 14 2
3 85 2
12 42 2
18 64 2
17 60 2
7 8 2
26 85 1
9 62 2
20 90 1
4 58 1
31 89 1
12 90 1
27 78 1
8 89 1
14 29 2
12 78 1
10 78 2
9 19 2
27 90 2
19 81 1
11 28 2
14 80 1
13 65 2
1 60 1
8 52 1
4 13 2
21 79 2
30 68 2
22 72 1
22 73 2
3 74 2
9 46 1
7 73 1
25 44 1
27 41 2
18 88 1
30 34 1
32 79 1
6 83 1
13 40 1
26 36 1
12 82 1
6 81 1
29 76 2
0 48 1
21 23 2
6 66 1
1 66 2
28 66 1
2 85 1
0 61 1
29 73 1
17 66 1
13 39 1
13 81 1
17 18 2
7 81 2
4 20 2
20 50 2
13 70 1
22 64 1
23 41 1
19 86 1
11 13 2
7 32 2
3 21 2
27 74 2
2 55 2
2 50 1
28 29 2
13 94 1
21 78 1
25 28 2
17 39 2
19 26 2
30 61 2
3 91 1
19 75 1
18 19 2
22 61 1
17 21 2
2 41 1
11 17 2
5 23 2
26 78 2
31 62 2
5 76 1
6 31 2
28 74 1
0 27 2
17 91 2
1 16 2
25 94 2
19 63 1
4 31 2
10 54 2
3 61 1
5 22 2
30 46 1
15 60 2
20 52 1
3 58 2
29 38 1
18 87 1
15 68 2
12 17 2
8 55 1
13 52 1
13 47 1
23 84 2
23 50 1
5 20 2
12 54 1
8 30 2
4 95 1
15 49 1
4 33 2
3 32 2
9 27 2
4 85 2
29 87 2
25 34 1
4 8 2
6 97 2
20 84 1
23 79 1
20 29 2
13 74 1
7 28 2
9 13 2
13 30 2
10 27 2
32 45 1
24 88 1
17 86 2
0 62 2
0 80 1
23 93 1
6 20 2
22 85 1
21 66 2
24 91 2
5 46 1
1 92 1
19 62 1
23 32 2
1 10 2
12 81 1
11 56 1
4 22 2
31 84 2
30 62 1
11 69 2
30 90 1
16 60 2
28 90 1
28 96 2
4 61 1
28 86 1
6 32 2
29 56 1
25 29 2
17 23 2
6 69 1
14 51 1
11 45 1
6 78 1
9 77 1
4 10 2
9 88 2
5 69 1
13 44 1
25 45 1
5 24 2
8 53 1
5 91 1
18 90 1
25 56 1
9 64 1
5 34 1
14 65 1
26 42 1
13 51 2
18 30 2
13 78 1
15 20 2
22 55 1
11 82 1
10 24 2
2 24 2
16 24 2
20 26 2
19 85 2
2 16 2
2 61 1
22 58 2
16 64 1
4 38 1
13 14 2
5 56 2
3 59 1
25 60 1
26 30 2
22 62 1
5 94 1
4 62 1
31 73 1
14 30 2
1 50 2
18 85 1
17 43 2
29 63 2
18 56 2
25 30 2
13 33 1
9 10 2
11 95 1
28 50 2
5 61 2
14 64 1
11 19 2
5 60 1
4 92 1
4 17 2
29 96 1
16 51 1
26 79 1
24 61 1
31 75 1
7 26 2
21 29 2
21 61 1
21 84 1
22 75 1
3 89 1
26 33 2
1 3 2
6 38 2
2 6 2
5 21 2
13 60 2
26 96 2
25 71 1
6 60 1
26 81 2
23 61 1
2 22 2
17 81 2
7 23 2
24 54 2
25 85 1
5 48 1
0 24 2
9 87 2
12 34 1
10 36 1
27 84 1
9 93 2
26 75 1
10 46 1
11 33 1
26 59 2
32 52 1
21 25 2
30 72 1
29 65 1
8 44 2
10 83 1
23 57 1
20 30 2
20 75 1
29 99 1
25 32 2
15 74 1
10 19 2
2 37 2
5 42 1
28 76 1
27 77 1
12 26 2
29 82 1
0 57 1
11 89 2
32 80 2
12 23 2
1 8 2
14 73 1
10 85 1
16 32 2
11 53 1
16 95 2
0 50 1
4 96 1
13 36 2
8 62 2
15 35 1
24 53 1
7 76 1
6 89 2
0 60 2
1 33 1
20 21 2
4 94 1
18 28 2
14 59 1
6 13 2
3 4 2
28 68 1
2 75 1
14 22 2
3 44 1
32 70 1
16 62 1
12 96 1
29 59 1
24 79 1
5 50 1
28 70 1
0 42 1
18 34 1
9 65 1
16 18 2
2 65 1
5 17 2
17 24 2
23 73 1
13 72 1
19 53 1
15 94 1
3 22 2
27 50 2
0 6 2
25 72 2
30 64 1
21 57 2
2 93 1
31 55 1
14 33 2
0 71 2
32 59 1
8 17 2
15 82 1
6 10 2
5 72 2
21 71 2
8 11 2
3 65 2
17 46 2
12 72 1
10 18 2
23 33 2
31 43 2
32 76 1
0 37 1
29 48 1
5 95 1
14 86 1
12 77 1
11 49 1
14 31 2
5 7 2
9 71 2
15 57 1
11 65 2
30 57 2
22 77 2
17 62 1
27 86 1
29 69 1
16 28 2
10 84 2
19 28 2
14 49 2
8 10 2
8 68 1
30 96 1
23 91 1
26 98 2
32 92 2
3 17 2
6 41 1
1 61 1
7 89 1
3 25 2
10 95 1
14 50 1
6 14 2
17 76 1
5 52 1
5 89 1
31 88 2
1 4 2
25 59 1
30 58 1
13 16 2
3 53 1
12 32 2
1 32 2
12 64 1
25 88 1
11 27 2
22 51 2
24 29 2
3 47 2
31 93 2
16 52 1
25 76 2
17 74 2
14 28 2
18 25 2
24 90 1
25 50 1
1 67 2
14 27 2
15 16 2
0 9 2
30 31 2
16 56 1
29 51 2
2 57 1
9 25 2
24 92 1
16 99 2
0 99 1
11 23 2
19 57 1
2 96 1
19 93 2
32 72 2
28 39 2
32 87 1
1 79 2
10 86 2
2 68 1
4 63 1
28 83 2
2 78 1
0 85 1
8 74 2
15 39 2
27 89 1
23 36 1
28 52 1
7 10 2
27 97 2
14 66 2
10 76 1
23 42 2
0 5 2
23 31 2
3 72 1
8 66 1
17 97 2
23 96 2
15 28 2
1 63 1
5 13 2
19 97 2
12 98 1
21 36 1
16 70 1
10 65 1
18 83 1
17 67 1
6 74 2
13 97 1
21 88 2
9 23 2
19 36 1
29 93 1
21 45 2
23 80 2
12 83 1
26 83 1
29 75 2
12 85 1
10 52 1
3 54 1
22 35 1
14 26 2
10 50 1
10 17 2
18 21 2
22 47 1
11 76 1
6 73 2
24 64 1
12 30 2
5 39 2
6 35 1
31 41 1
17 53 1
20 57 2
16 54 2
14 52 2
25 51 1
30 54 2
32 91 1
8 26 2
14 57 2
17 88 1
8 88 2
5 31 2
23 40 2
12 31 2
13 19 2
32 98 1
5 90 1
19 50 2
32 46 1
5 82 2
15 72 1
27 83 2
5 12 2
12 57 1
13 85 1
2 27 2
6 11 2
28 91 1
29 44 1
19 31 2
16 33 1
31 69 1
32 44 1
12 89 1
14 20 2
22 59 1
29 58 1
20 60 1
7 98 2
17 22 2
2 44 2
6 7 2
5 74 1
1 35 1
0 84 1
13 98 2
11 36 1
32 88 2
8 29 2
6 37 1
19 78 1
24 52 1
13 66 1
11 60 1
0 63 1
13 45 1
8 93 2
7 57 1
22 94 2
11 21 2
21 87 2
6 23 2
18 71 2
23 25 2
15 81 1
0 72 2
9 76 2
31 92 1
11 66 1
8 43 1
8 70 1
17 63 1
1 88 1
21 47 2
2 86 1
31 50 1
8 90 1
2 9 2
20 36 1
27 64 2
4 30 2
28 78 1
27 28 2
32 54 2
13 35 1
11 55 1
31 61 1
28 47 2
12 70 1
8 21 2
7 63 1
2 87 1
18 31 2
3 33 2
20 38 1
9 21 2
25 39 2
0 2 2
18 81 1
10 38 2
3 14 2
28 43 1
25 41 1
31 39 1
9 83 1
19 23 2
10 35 2
0 81 1
14 18 2
19 22 2
2 20 2
16 63 1
23 35 1
22 67 2
27 52 2
3 10 2
25 63 1
1 42 2
27 96 2
25 84 1
5 40 1
8 22 2
14 32 2
29 67 1
16 69 2
11 99 1
2 79 1
26 31 2
8 57 1
8 85 2
8 25 2
27 40 1
11 25 2
15 18 2
17 42 2
10 23 2
14 15 2
18 61 2
7 92 2
1 62 1
23 83 1
28 41 1
12 46 1
13 53 1
2 5 2
13 20 2
16 17 2
28 65 2
20 81 1
0 12 2
10 88 1
16 58 2
2 31 2
4 90 1
32 48 1
27 31 2
1 31 2
13 82 2
2 30 2
22 23 2
5 9 2
20 97 1
7 25 2
3 71 1
14 98 2
7 20 2
5 65 1
4 6 2
30 32 2
26 60 2
26 95 1
23 68 1
8 42 2
21 22 2
19 40 2
10 30 2
12 21 2
27 68 1
23 94 2
7 85 1
9 60 1
31 44 2
2 69 2
10 81 1
28 48 1
7 77 2
8 48 1
11 64 1
14 74 1
32 55 2
10 49 1
32 42 2
9 20 2
7 55 2
1 24 2
3 31 2
12 28 2
12 68 2
8 73 1
18 26 2
25 36 1
28 93 1
32 50 1
6 75 1
3 82 2
11 20 2
4 48 1
16 91 2
29 85 2
6 17 2
26 27 2
0 51 2
27 57 1
5 78 2
5 85 2
10 71 1
8 78 1
26 82 2
18 41 2
31 76 1
25 93 2
17 28 2
17 99 2
31 48 1
0 47 1
24 44 1
10 37 1
4 52 1
12 84 1
14 97 1
32 77 1
10 80 2
14 21 2
10 32 2
27 92 1
20 25 2
15 23 2
18 65 1
0 7 2
4 25 2
27 55 2
31 56 2
15 59 2
30 49 2
26 84 1
2 81 2
12 40 1
23 77 1
31 58 1
13 23 2
18 20 2
32 40 1
26 97 2
7 88 2
1 9 2
2 23 2
26 32 2
20 27 2
3 9 2
9 41 2
30 53 1
24 42 1
29 84 1
30 52 1
2 43 1
0 73 1
25 73 1
29 32 2
14 99 2
29 37 1
30 81 1
4 16 2
23 56 1
5 30 2
3 5 2
27 44 2
3 95 1
19 69 1
1 74 1
2 11 2
14 69 1
2 73 1
0 10 2
22 98 1
21 96 1
11 12 2
27 35 1
26 58 1
22 25 2
10 61 1
24 62 2
1 78 2
24 48 1
9 54 1
6 12 2
32 41 1
16 81 2
8 97 2
30 51 1
9 66 1
18 86 1
13 80 1
1 49 1
2 70 1
32 53 1
3 27 2
9 85 2
24 76 1
1 98 1
9 97 1
8 79 1
1 70 1
22 45 2
13 29 2
17 61 1
10 63 2
19 32 2
24 69 1
20 51 1
3 43 1
24 58 1
17 75 1
29 47 1
28 81 2
3 93 2
24 75 2
16 79 1
19 77 1
23 88 1
13 38 2
16 36 2
24 34 1
2 39 1
1 89 2
27 51 1
2 34 1
10 41 1
31 72 1
22 27 2
12 24 2
2 32 2
5 81 1
13 99 2
4 46 1
24 65 1
11 79 2
25 68 1
4 23 2
18 51 2
24 36 2
32 66 2
2 74 2
4 55 1
5 93 1
32 95 2
26 71 2
28 37 2
17 55 1
10 77 1
5 27 2
2 17 2
0 41 1
19 71 2
2 13 2
17 96 2
11 72 2
19 25 2
32 58 1
3 37 2
7 45 1
7 54 1
32 62 1
5 58 1
23 62 1
7 40 1
4 53 1
26 48 1
1 6 2
7 11 2
16 93 1
24 26 2
18 47 1
29 55 2
0 38 1
26 54 1
11 31 2
2 71 1
23 26 2
21 69 2
27 88 2
12 29 2
2 7 2
17 92 2
20 63 1
6 77 2
6 42 1
4 81 1
5 16 2
29 31 2
22 39 1
6 8 2
0 86 1
12 45 2
30 67 1
16 80 1
23 28 2
17 25 2
27 91 1
10 28 2
27 30 2
3 48 1
14 56 1
29 52 1
28 77 1
7 30 2
18 59 1
8 14 2
19 82 1
17 34 2
25 91 2
19 24 2
32 57 1
12 15 2
32 61 2
8 35 1
8 36 1
10 22 2
12 91 2
28 34 2
3 66 1
25 61 1
26 63 1
1 28 2
4 70 1
16 66 1
11 73 2
19 55 1
7 46 1
19 41 1
21 91 1
12 71 2
3 26 2
28 51 1
24 25 2
20 44 1
22 53 1
22 79 1
13 37 1
19 43 2
15 87 2
23 45 1
31 83 1
3 98 1
27 71 2
8 59 1
8 80 2
8 23 2
9 94 1
7 19 2
7 17 2
11 90 2
15 46 1
5 38 2
5 14 2
23 86 1
21 99 2
8 63 1
4 88 2
5 47 1
10 66 1
14 16 2
5 87 1
8 19 2
16 86 2
31 57 1
19 84 1
23 29 2
19 51 1
15 17 2
8 96 2
24 60 1
2 10 2
27 63 1
15 53 2
12 43 1
11 22 2
0 49 1
12 94 2
3 16 2
21 32 2
3 90 2
23 69 1
26 56 1
32 34 2
22 69 1
0 92 2
9 50 1
2 4 2
17 38 1
30 45 2
32 99 2
7 66 1
23 24 2
12 99 1
0 18 2
0 94 1
12 65 1
11 26 2
11 58 1
2 3 2
3 52 1
8 87 1
28 95 1
19 35 1
0 35 1
2 25 2
2 82 1
24 31 2
11 15 2
30 95 1
2 18 2
6 59 1
17 47 1
14 62 1
20 71 2
21 92 1
20 45 1
1 12 2
7 65 1
28 56 1
3 19 2
3 30 2
26 45 1
5 19 2
6 28 2
12 20 2
26 92 1
18 38 1
13 17 2
10 13 2
4 7 2
0 19 2
2 94 1
31 38 1
3 75 1
22 57 1
3 57 2
16 73 1
7 9 2
10 55 1
12 73 1
22 34 1
23 27 2
26 70 1
21 90 1
12 41 1
7 50 1
14 58 1
32 84 2
4 67 1
21 31 2
7 12 2
30 66 2
24 63 1
4 21 2
28 79 1
16 30 2
13 91 1
1 22 2
12 66 2
3 46 1
32 43 1
10 99 2
13 18 2
9 15 2
15 99 1
10 75 1
27 93 1
10 57 1
30 65 2
0 89 2
8 58 1
0 82 1
27 32 2
22 81 2
5 49 2
9 22 2
24 98 1
21 68 2
19 65 1
10 26 2
31 65 1
6 61 1
26 37 2
12 25 2
1 72 2
28 31 2
7 44 1
29 74 2
1 5 2
25 90 1
18 62 2
15 32 2
26 91 1
29 90 2
25 42 1
6 33 1
7 78 2
21 35 1
32 85 1
13 24 2
13 83 1
15 19 2
22 26 2
18 69 1
4 68 2
15 29 2
18 32 2
1 81 1
18 73 1
18 72 2
11 92 2
8 46 1
15 79 1
20 77 2
3 28 2
27 82 1
7 47 2
15 26 2
13 41 1
17 40 1
10 20 2
8 61 1
12 50 1
0 17 2
31 32 2
1 11 2
19 44 2
2 40 1
19 72 2
24 30 2
1 18 2
6 34 2
14 90 1
18 23 2
8 47 2
9 69 1
19 49 1
1 25 2
29 50 1
17 77 1
0 67 2
20 41 1
9 40 1
9 24 2
5 6 2
30 89 1
30 59 2
0 22 2
31 67 1
17 83 1
5 73 1
26 93 2
15 63 1
12 47 2
12 62 1
7 62 1
2 60 1
10 15 2
26 35 2
7 36 1
11 80 1
24 84 1
19 30 2
2 83 1
1 87 1
20 28 2
21 76 1
9 17 2
5 64 1
13 62 2
19 59 1
0 29 2
17 58 2
13 93 1
14 17 2
6 54 2
32 93 2
14 72 1
0 88 1
3 34 1
18 70 1
13 84 2
23 34 1
1 23 2
25 48 1
2 29 2
9 59 2
20 22 2
17 50 2
12 74 2
1 55 2
21 49 1
1 82 2
24 45 1
26 44 2
14 67 2
19 79 1
16 50 1
1 7 2
30 92 1
18 97 2
0 46 1
13 27 2
20 62 1
24 93 2
28 64 1
1 73 1
26 43 1
13 69 1
24 59 2
24 67 2
30 78 1
5 71 2
13 57 2
16 25 2
7 29 2
19 47 1
19 54 2
11 24 2
18 48 2
30 99 1
22 31 2
16 43 1
20 95 1
18 33 2
10 94 1
27 29 2
0 21 2
18 99 1
0 4 2
4 84 2
23 43 1
21 72 1
18 95 1
21 41 1
20 32 2
13 21 2
6 26 2
10 92 1
6 19 2
20 54 1
6 15 2
13 48 2
4 59 1
19 76 2
28 32 2
2 77 1
10 72 1
2 8 2
21 56 2
17 87 1
23 71 1
4 78 1
10 93 1
11 40 1
18 92 2
15 80 1
19 27 2
13 46 1
2 15 2
8 64 1
17 33 1
3 84 1
15 24 2
26 53 1
8 39 1
18 58 2
29 77 1
6 56 1
1 91 1
8 13 2
17 95 1
19 94 2
13 56 2
12 36 1
21 34 1
31 45 1
3 41 2
5 8 2
24 35 1
3 15 2
3 60 1
3 80 1
29 35 2
3 94 2
9 57 1
30 74 1
20 55 1
23 78 1
19 96 2
12 93 2
3 38 2
9 32 2
4 87 1
27 46 1
18 66 1
5 28 2
29 86 1
0 56 2
25 33 2
12 56 1
32 71 2
7 56 1
25 98 1
6 65 2
26 99 1
8 28 2
25 58 1
7 64 2
6 87 1
32 89 1
0 74 2
31 68 2
7 27 2
12 16 2
12 86 2
9 79 2
0 39 1
0 14 2
18 29 2
29 95 2
9 31 2
17 19 2
7 71 2
25 80 1
30 69 1
14 92 2
16 27 2
16 38 2
21 64 2
15 69 1
26 62 1
17 84 2
3 64 1
16 57 2
27 33 1
16 22 2
21 24 2
13 61 2
7 15 2
22 49 1
19 58 1
0 45 2
3 8 2
6 80 1
2 42 1
2 21 2
7 96 2
6 30 2
7 70 1
16 98 2
23 72 1
14 23 2
12 88 1
12 27 2
20 48 2
18 96 2
9 43 2
2 56 1
11 14 2
12 19 2
13 73 1
4 19 2
29 42 1
9 56 2
7 16 2
21 82 1
22 87 1
11 71 2
27 42 1
29 39 1
12 13 2
8 12 2
8 32 2
4 32 2
10 29 2
15 56 2
1 85 1
3 62 1
17 27 2
9 84 2
20 65 1
3 56 1
20 24 2
19 21 2
22 71 1
0 97 1
19 38 2
12 97 2
18 27 2
1 47 1
3 81 1
3 18 2
21 74 2
3 69 1
16 45 2
0 23 2
17 52 2
8 67 1
5 11 2
14 76 1
32 36 1
27 98 2
1 15 2
0 54 2
22 66 2
0 58 2
2 48 1
9 29 2
11 96 1
17 80 1
24 55 1
23 85 1
10 31 2
6 96 1
17 45 1
5 84 2
7 14 1
8 31 1
7 83 1
12 76 2
23 76 2
38 49 1
8 83 2
5 92 1
1 13 1
24 41 1
3 83 2
21 28 1
8 20 1
27 49 1
32 49 1
30 63 2
29 83 2
