% n=100 p=60 d=0.66 p_blue=0.33
% k=0
34 59 2
15 40 2
23 34 2
4 58 2
17 47 2
42 69 2
8 58 2
22 91 2
3 81 1
10 45 2
19 43 2
1 69 1
7 31 2
29 30 2
16 64 1
53 75 2
9 10 2
29 38 2
24 59 2
5 26 2
13 49 2
5 20 2
36 52 2
7 93 1
26 32 2
31 37 2
46 70 1
31 71 2
59 62 2
45 75 1
20 42 2
38 67 2
11 78 1
8 47 2
41 84 1
3 49 2
23 49 2
52 56 2
15 92 1
20 50 2
28 35 2
26 62 1
11 13 2
46 66 1
2 87 1
19 89 1
0 95 1
18 31 2
28 64 1
40 41 2
37 90 1
33 77 1
12 41 2
8 55 2
47 90 2
33 64 1
1 12 2
10 89 1
58 68 2
16 69 1
27 54 2
31 40 2
1 32 2
59 88 2
43 80 1
7 50 2
16 20 2
43 90 1
27 59 2
49 60 2
1 27 2
20 98 2
38 81 2
49 82 1
9 67 1
53 65 1
22 75 1
7 83 1
27 47 2
11 39 2
1 46 2
33 49 2
57 70 2
53 64 1
6 43 2
12 39 2
35 49 2
0 14 2
6 57 2
4 35 2
26 73 1
42 60 2
16 37 2
11 88 1
32 78 1
15 72 2
14 29 2
50 96 1
23 92 1
40 55 2
13 35 2
8 15 2
49 92 1
12 37 2
36 68 1
44 63 1
3 80 1
21 96 1
6 53 2
14 43 2
4 12 2
29 46 2
46 79 1
36 70 2
8 59 2
5 24 2
42 62 1
15 25 2
2 88 1
3 50 2
6 82 1
38 51 2
8 19 2
1 18 2
34 37 2
44 92 2
2 41 2
10 21 2
7 19 2
42 68 1
40 84 1
16 25 2
22 56 2
33 56 2
31 89 2
16 46 2
10 38 2
50 89 1
4 83 1
23 31 2
6 58 2
58 71 1
11 32 2
32 88 1
36 78 1
28 62 1
9 48 2
48 61 1
29 92 2
0 30 2
47 69 1
19 24 2
20 57 2
23 57 2
41 63 2
16 42 2
21 46 2
40 57 2
59 61 1
33 87 1
41 65 2
20 47 2
9 15 2
7 51 2
9 17 2
57 60 1
13 34 2
7 33 2
59 86 1
51 96 2
5 45 2
43 77 1
51 68 1
29 95 1
1 47 2
20 43 2
4 76 1
44 89 1
39 97 2
13 53 2
13 44 2
12 16 2
12 57 2
36 47 2
59 63 1
58 59 2
15 69 2
11 34 2
15 19 2
29 65 2
32 84 2
8 10 2
2 82 2
45 60 1
26 85 1
17 48 2
17 44 2
10 13 2
23 36 2
37 57 2
42 81 1
19 56 2
18 60 1
6 17 2
41 87 1
0 13 2
8 45 2
3 15 2
2 31 2
0 28 2
13 95 2
45 79 1
7 49 2
0 80 2
36 53 2
19 54 2
47 83 1
3 47 2
29 98 2
25 77 1
27 37 2
59 92 1
24 76 1
14 68 1
2 54 2
14 22 2
21 25 2
40 59 2
33 71 2
6 31 2
12 63 1
10 54 2
21 74 1
0 65 1
14 32 2
26 27 2
42 52 2
7 17 2
30 90 1
1 10 2
3 12 2
39 48 2
27 42 2
5 29 2
16 62 1
8 35 2
8 64 2
59 95 1
8 46 2
18 63 2
16 43 2
3 96 2
32 44 2
5 50 2
43 86 1
4 96 1
2 79 1
54 71 2
28 34 2
16 19 2
46 86 1
10 33 2
17 54 2
45 57 2
50 91 1
39 83 2
34 71 1
27 39 2
41 92 1
25 82 1
20 82 1
4 70 2
46 58 2
12 32 2
33 99 2
14 18 2
20 22 2
6 87 2
12 81 1
22 36 2
3 4 2
4 20 2
15 65 1
1 2 2
13 92 1
53 97 2
23 93 1
39 44 2
41 96 2
11 38 2
1 37 2
38 83 1
10 25 2
58 85 1
8 86 1
55 71 2
9 83 1
16 29 2
9 54 2
47 87 1
19 45 2
25 35 2
19 76 2
23 37 2
15 93 1
9 29 2
22 41 2
52 81 1
28 67 1
10 64 1
49 72 2
22 98 1
44 81 1
18 39 2
9 62 1
1 75 1
55 86 1
50 51 2
14 89 1
28 43 2
55 64 1
1 48 2
13 48 2
19 65 2
24 83 2
10 49 2
50 83 2
36 49 2
37 77 1
16 61 1
28 55 2
13 32 2
40 70 1
9 27 2
3 5 2
34 40 2
14 27 2
54 76 1
17 50 2
12 66 2
36 45 2
31 66 1
4 8 2
19 49 2
2 40 2
16 74 2
29 81 2
44 79 1
16 51 2
46 67 2
49 59 2
18 90 1
22 70 1
22 83 1
44 72 1
56 64 2
38 44 2
1 83 1
12 48 2
1 28 2
26 87 1
21 29 2
22 46 2
17 31 2
45 52 2
0 8 2
50 73 2
57 96 1
41 83 1
22 73 1
0 86 2
34 54 2
3 7 2
39 93 1
32 46 2
46 55 2
20 69 2
9 59 2
34 60 1
3 59 2
3 8 2
24 93 1
16 49 2
36 39 2
10 23 2
35 59 2
25 76 2
2 37 2
55 77 1
29 36 2
3 71 2
38 63 2
25 67 1
32 55 2
34 56 2
26 41 2
10 87 2
29 99 2
20 31 2
14 30 2
6 10 2
34 35 2
21 24 2
5 32 2
1 26 2
6 64 1
10 39 2
33 47 2
37 66 2
53 59 2
39 77 1
16 39 2
24 45 2
59 66 2
27 81 2
45 67 1
45 83 1
9 70 1
8 95 1
15 42 2
13 31 2
4 71 1
32 36 2
39 84 2
17 35 2
10 94 1
42 46 2
29 94 1
13 20 2
4 61 1
35 42 2
12 14 2
14 78 1
11 83 1
24 80 1
42 47 2
10 56 2
8 94 1
47 93 2
12 77 1
30 37 2
25 42 2
20 61 1
48 87 2
30 35 2
48 58 2
31 43 2
14 77 2
1 52 2
25 53 2
11 15 2
58 98 2
8 98 1
45 92 2
8 78 1
19 31 2
19 82 2
33 70 2
21 53 2
36 69 1
23 58 2
11 54 2
24 47 2
4 93 2
7 87 1
3 44 2
2 56 2
16 91 2
21 36 2
0 64 2
32 40 2
50 97 1
36 90 1
5 88 2
24 53 2
37 50 2
22 76 1
47 99 1
19 93 2
26 55 2
47 50 2
12 70 2
15 70 1
39 54 2
2 19 2
39 43 2
44 54 2
36 44 2
22 99 1
9 28 2
49 69 2
58 83 1
22 82 1
34 57 2
26 48 2
10 36 2
43 45 2
18 20 2
24 36 2
18 54 2
27 49 2
47 64 2
36 46 2
46 69 1
8 72 1
49 95 1
49 94 1
0 23 2
57 59 2
15 63 1
15 26 2
0 42 2
49 71 1
17 19 2
20 94 1
7 20 2
19 26 2
37 46 2
31 47 2
12 25 2
23 99 1
10 59 2
11 29 2
18 47 2
33 69 1
10 96 2
22 85 1
17 20 2
15 31 2
52 53 2
42 85 1
4 27 2
21 43 2
14 94 1
25 47 2
15 79 1
40 50 2
37 62 1
45 77 2
5 79 1
11 31 2
12 94 1
56 88 2
31 67 1
27 99 1
13 89 1
10 11 2
15 43 2
8 14 2
24 69 1
24 26 2
27 68 2
12 55 2
52 75 2
16 54 2
24 82 2
0 26 2
10 79 2
23 24 2
54 58 2
33 89 1
33 81 1
50 74 2
35 87 1
17 42 2
37 70 1
52 95 2
47 78 1
34 53 2
58 78 1
28 77 1
11 95 1
29 77 1
43 50 2
7 13 2
23 45 2
11 61 2
3 36 2
58 97 1
15 81 1
21 31 2
38 69 1
8 53 2
57 97 2
10 12 2
1 44 2
17 36 2
10 42 2
18 21 2
45 58 2
30 65 2
48 94 1
40 67 1
10 20 2
4 6 2
37 61 1
5 69 1
6 18 2
26 64 2
5 71 2
12 20 2
45 95 2
26 37 2
24 46 2
50 72 2
13 81 1
21 84 1
38 60 1
46 87 2
27 30 2
18 46 2
5 15 2
5 48 2
9 64 1
30 91 1
2 26 2
46 89 2
56 74 2
10 31 2
36 54 2
38 64 1
16 27 2
31 87 1
2 58 2
35 91 1
19 91 2
15 47 2
0 50 2
5 35 2
15 53 2
26 51 2
8 61 1
21 39 2
8 17 2
19 63 2
22 23 2
23 59 2
11 50 2
34 94 1
38 84 1
5 89 1
59 72 2
37 65 1
41 94 2
44 52 2
2 36 2
8 63 1
39 87 1
47 60 1
19 28 2
9 37 2
19 29 2
13 43 2
0 53 2
7 10 2
3 39 2
13 85 1
30 52 2
29 86 1
48 65 1
20 71 1
45 59 2
7 65 2
15 20 2
27 91 1
53 95 2
21 44 2
46 76 1
34 89 1
0 54 2
37 40 2
52 97 1
13 18 2
11 77 1
49 77 1
6 48 2
55 73 2
2 91 2
32 50 2
59 82 1
6 76 2
21 22 2
29 66 1
16 50 2
40 97 1
21 48 2
59 98 1
24 39 2
17 58 2
16 44 2
11 70 2
46 56 2
28 53 2
41 44 2
36 64 2
7 61 1
55 76 2
40 46 2
14 24 2
6 41 2
9 91 1
8 24 2
32 34 2
3 52 2
6 30 2
14 99 2
4 34 2
8 40 2
3 28 2
20 96 2
19 53 2
24 81 2
4 30 2
2 5 2
23 51 2
22 28 2
41 43 2
35 99 1
45 78 1
17 64 1
38 43 2
34 55 2
32 57 2
30 88 1
31 59 2
49 50 2
44 55 2
47 49 2
8 68 1
19 64 1
29 64 1
35 53 2
0 21 2
57 71 2
7 95 1
48 95 1
15 98 1
24 33 2
19 51 2
19 58 2
43 49 2
33 59 2
14 44 2
23 54 2
19 46 2
29 45 2
56 92 2
31 51 2
59 69 1
10 97 2
13 54 2
18 41 2
26 83 1
13 36 2
47 77 2
31 34 2
9 92 1
22 58 2
20 34 2
22 72 2
6 84 1
12 34 2
20 54 2
32 42 2
31 78 1
5 9 2
36 55 2
31 69 1
25 64 1
22 37 2
3 17 2
46 68 2
13 58 2
0 58 2
10 34 2
23 35 2
55 90 2
29 58 2
59 60 1
3 58 2
28 75 1
2 64 1
43 46 2
7 15 2
32 97 1
43 76 2
57 80 1
17 94 1
7 69 1
29 31 2
33 90 1
0 75 2
25 97 1
2 76 2
40 62 1
49 67 2
32 83 2
13 41 2
30 46 2
9 26 2
40 58 2
13 25 2
22 31 2
23 66 1
40 60 1
9 41 2
5 8 2
15 44 2
45 48 2
22 26 2
4 64 1
34 52 2
6 99 1
31 83 1
7 98 2
7 36 2
34 81 1
19 20 2
35 47 2
27 64 2
10 46 2
6 38 2
7 14 2
24 42 2
1 94 1
41 77 1
6 15 2
2 6 2
9 39 2
5 10 2
36 42 2
3 56 2
32 68 1
0 87 2
30 80 1
41 52 2
4 33 2
26 93 1
9 95 1
34 48 2
22 42 2
23 39 2
53 84 2
2 9 2
10 85 1
8 65 2
22 48 2
29 87 1
3 20 2
4 41 2
24 29 2
6 86 2
25 32 2
43 92 1
55 99 1
26 99 1
23 87 1
30 56 2
20 38 2
30 94 1
6 95 1
32 48 2
3 25 2
19 88 2
30 53 2
6 71 1
32 45 2
26 28 2
53 60 1
50 82 1
5 14 2
7 81 1
28 98 1
51 83 1
9 52 2
53 96 1
14 42 2
23 40 2
3 46 2
12 83 1
36 57 2
8 81 1
17 53 2
28 65 2
42 98 2
12 13 2
19 27 2
30 39 2
1 38 2
18 32 2
21 64 1
17 39 2
6 50 2
25 50 2
58 70 2
31 35 2
25 52 2
31 58 2
14 67 2
53 55 2
48 50 2
39 70 2
25 29 2
48 60 1
32 60 1
17 66 2
0 89 2
3 32 2
10 53 2
57 69 1
35 50 2
23 63 1
4 5 2
14 90 1
1 20 2
13 86 1
11 24 2
24 32 2
11 59 2
3 14 2
24 43 2
25 90 2
39 47 2
2 50 2
58 94 1
36 43 2
15 32 2
34 86 1
23 52 2
12 42 2
34 41 2
15 55 2
5 98 1
15 18 2
10 68 1
12 40 2
43 58 2
23 55 2
1 15 2
17 33 2
35 58 2
46 98 1
0 22 2
6 52 2
34 38 2
13 90 1
8 16 2
22 44 2
39 53 2
46 73 2
20 37 2
0 68 1
3 45 2
30 83 1
24 61 1
31 98 1
10 30 2
6 73 1
29 67 2
31 77 1
27 36 2
2 94 1
58 76 1
53 89 1
26 70 2
28 89 1
23 68 2
56 86 2
5 6 2
9 18 2
3 60 1
30 50 2
29 61 1
42 94 1
32 74 1
9 13 2
2 16 2
19 50 2
43 96 1
14 59 2
50 57 2
23 74 1
55 88 1
30 57 2
15 39 2
34 84 2
26 53 2
0 78 1
23 32 2
36 40 2
2 32 2
0 24 2
42 79 1
40 54 2
18 35 2
6 24 2
2 44 2
41 47 2
30 43 2
41 48 2
16 48 2
31 57 2
41 72 2
40 61 1
30 72 1
31 90 2
14 37 2
7 66 1
20 97 2
11 41 2
36 62 1
18 59 2
35 89 2
7 90 1
13 75 2
0 33 2
27 79 1
1 58 2
47 95 1
57 66 1
0 67 2
33 74 1
17 21 2
32 76 1
55 82 1
9 84 1
55 58 2
4 87 1
49 57 2
48 53 2
21 73 1
34 74 1
16 36 2
30 87 1
6 69 2
13 59 2
4 37 2
39 67 1
6 59 2
15 16 2
10 86 2
15 78 1
10 43 2
35 73 2
30 76 1
7 26 2
23 42 2
57 74 1
9 93 1
38 95 2
52 78 1
42 86 2
37 94 2
3 6 2
21 86 2
18 69 1
17 24 2
46 49 2
5 60 1
10 84 2
5 16 2
14 34 2
44 59 2
2 43 2
20 87 1
9 97 1
26 47 2
33 40 2
12 96 1
56 95 2
22 54 2
59 89 2
16 22 2
39 79 1
39 51 2
2 59 2
5 40 2
54 79 1
5 87 2
35 40 2
8 71 1
22 84 2
0 31 2
0 90 1
32 37 2
37 91 1
45 66 2
11 36 2
4 89 1
45 89 1
6 60 2
56 83 1
38 66 1
54 77 2
55 81 1
32 35 2
56 58 2
29 33 2
7 11 2
22 78 1
43 53 2
29 89 1
22 29 2
35 83 2
3 31 2
47 82 1
27 32 2
38 80 1
17 77 1
3 29 2
29 97 2
0 91 1
46 52 2
16 58 2
55 97 1
5 92 1
6 56 2
10 92 2
2 33 2
11 56 2
14 15 2
24 34 2
21 76 2
46 57 2
4 75 2
46 53 2
10 99 1
12 61 1
30 47 2
34 44 2
42 67 2
59 76 1
52 73 1
17 28 2
20 51 2
57 93 1
23 26 2
56 93 1
2 3 2
0 72 1
29 88 1
34 76 2
9 43 2
27 50 2
8 18 2
37 38 2
27 69 1
49 51 2
3 69 1
24 84 2
33 83 1
1 7 2
18 75 1
45 56 2
59 83 2
6 16 2
25 98 1
59 80 1
4 59 2
39 66 1
14 71 2
7 23 2
40 76 1
7 42 2
47 96 1
42 45 2
14 19 2
19 34 2
1 29 2
16 73 1
0 82 1
26 46 2
47 58 2
9 24 2
9 60 2
40 72 2
2 66 1
27 82 1
23 61 1
27 67 1
40 99 1
4 84 1
29 48 2
11 18 2
35 92 1
18 43 2
14 21 2
21 69 1
21 63 1
7 38 2
47 88 1
14 73 1
5 53 2
11 73 2
48 57 2
57 87 1
46 51 2
31 82 1
1 97 1
24 30 2
2 55 2
5 93 2
29 85 2
23 95 1
39 60 1
34 51 2
7 41 2
27 52 2
3 97 2
59 75 2
41 97 2
31 33 2
54 62 2
3 10 2
17 73 2
44 82 2
44 62 2
0 59 2
7 12 2
18 58 2
9 49 2
2 48 2
2 69 2
19 33 2
27 29 2
10 15 2
23 81 2
28 45 2
16 38 2
11 63 2
51 92 1
24 38 2
34 98 1
51 90 2
55 68 1
31 50 2
32 79 2
16 60 1
18 33 2
49 55 2
57 63 1
11 86 2
25 48 2
4 38 2
48 51 2
0 60 1
31 56 2
2 95 1
8 12 2
1 42 2
43 48 2
12 23 2
36 41 2
16 52 2
28 39 2
37 71 1
19 98 2
48 82 2
43 55 2
13 17 2
1 56 2
42 56 2
48 97 1
49 85 1
3 57 2
19 90 2
36 38 2
20 92 1
21 56 2
17 59 2
13 30 2
45 71 1
9 40 2
43 70 1
19 40 2
56 59 2
26 35 2
25 78 1
6 7 2
21 27 2
47 71 1
3 11 2
14 52 2
14 65 1
16 94 1
21 58 2
54 89 1
47 48 2
34 79 2
33 75 1
27 45 2
57 67 1
15 30 2
45 47 2
45 51 2
6 23 2
1 43 2
2 53 2
12 27 2
17 93 1
18 25 2
57 82 1
9 22 2
20 83 1
33 86 1
42 53 2
18 52 2
56 57 2
55 83 2
9 21 2
50 77 1
3 34 2
7 52 2
49 74 1
16 23 2
1 8 2
26 58 2
24 37 2
0 45 2
3 19 2
14 81 1
9 14 2
30 55 2
23 88 1
50 55 2
39 98 1
16 55 2
31 32 2
9 31 2
30 79 2
45 84 2
1 60 1
11 26 2
20 49 2
26 44 2
34 64 1
47 53 2
21 50 2
4 82 1
19 47 2
26 38 2
8 92 1
42 74 1
25 49 2
24 25 2
19 23 2
19 57 2
38 99 1
31 63 2
7 72 1
24 40 2
13 16 2
33 73 1
53 66 1
3 40 2
5 12 2
19 94 1
19 48 2
42 82 2
35 55 2
17 41 2
15 51 2
50 99 1
59 77 2
33 84 1
0 2 2
21 33 2
52 99 1
18 34 2
45 76 1
1 49 2
21 41 2
26 98 1
26 89 2
33 76 1
28 81 1
4 53 2
14 88 1
33 57 2
11 66 1
16 47 2
56 75 1
37 79 1
39 65 1
25 72 1
6 39 2
11 27 2
20 26 2
38 54 2
32 77 1
15 37 2
55 59 2
5 38 2
31 41 2
33 36 2
15 82 1
29 41 2
48 52 2
25 44 2
52 69 1
3 66 1
44 53 2
54 87 1
13 40 2
10 32 2
14 23 2
25 62 1
32 56 2
45 87 2
2 11 2
1 50 2
5 78 1
23 56 2
7 55 2
26 65 1
20 44 2
0 29 2
37 45 2
23 28 2
15 89 1
15 36 2
24 55 2
12 51 2
53 79 1
21 82 2
17 69 1
9 55 2
30 58 2
49 62 1
40 93 2
1 76 2
25 38 2
17 37 2
53 80 1
15 50 2
51 76 1
19 84 1
10 83 1
51 80 1
53 56 2
26 76 1
32 99 1
30 60 1
3 9 2
35 67 2
27 75 2
51 73 2
28 38 2
28 82 2
51 84 1
7 9 2
53 90 1
4 72 1
0 17 2
8 31 2
18 50 2
17 27 2
41 91 2
26 31 2
22 88 1
28 87 1
14 48 2
15 28 2
0 74 1
50 65 1
30 62 2
10 29 2
8 97 1
1 22 2
16 56 2
45 88 1
14 69 2
41 64 1
7 58 2
26 97 1
34 77 1
0 37 2
14 45 2
4 52 2
33 78 1
3 33 2
23 96 1
57 77 2
45 55 2
46 96 1
44 86 1
19 38 2
25 57 2
56 65 2
51 74 2
2 84 1
6 72 1
26 88 1
50 81 1
8 52 2
42 76 1
3 68 2
37 47 2
10 93 2
32 86 1
4 40 2
48 59 2
19 25 2
8 54 2
39 49 2
8 32 2
20 45 2
22 60 1
31 64 2
8 66 1
2 28 2
31 45 2
28 40 2
18 77 2
37 84 1
3 30 2
21 79 2
27 74 1
9 66 2
0 40 2
6 36 2
25 93 2
35 52 2
5 64 1
18 57 2
50 67 1
59 94 1
8 36 2
12 59 2
34 39 2
54 84 1
3 64 1
18 53 2
7 75 2
27 90 1
3 88 1
27 31 2
4 15 2
2 97 1
52 70 1
17 82 2
12 31 2
43 52 2
57 94 1
34 42 2
5 28 2
38 77 1
11 22 2
44 97 1
29 52 2
35 44 2
9 88 2
59 71 1
16 70 1
23 69 1
40 44 2
26 95 2
36 95 1
13 33 2
3 21 2
0 1 2
22 33 2
1 86 1
4 24 2
47 66 1
30 67 1
30 51 2
44 51 2
57 81 2
27 43 2
28 85 1
7 30 2
46 81 2
24 58 2
7 27 2
35 62 1
7 54 2
30 31 2
35 45 2
44 83 1
41 93 1
53 57 2
21 78 1
27 28 2
12 72 1
25 45 2
3 13 2
29 54 2
0 32 2
20 78 1
8 20 2
18 48 2
15 85 2
58 99 1
58 82 2
20 56 2
10 19 2
58 63 2
53 61 2
31 53 2
2 27 2
38 45 2
9 61 1
30 99 1
18 49 2
38 39 2
8 29 2
2 42 2
23 53 2
29 34 2
10 51 2
1 57 2
6 29 2
18 81 2
35 36 2
54 90 1
52 86 1
4 88 2
37 54 2
21 37 2
40 43 2
11 57 2
0 19 2
1 93 1
35 94 2
1 92 2
19 37 2
6 90 2
22 32 2
26 79 1
19 71 1
54 56 2
0 56 2
27 98 1
36 65 1
16 18 2
37 96 2
22 61 1
50 53 2
51 57 2
9 69 1
13 22 2
26 52 2
3 74 1
26 30 2
59 91 1
7 46 2
55 66 2
4 92 2
11 53 2
17 40 2
20 30 2
28 58 2
38 70 1
11 23 2
26 50 2
30 42 2
2 62 1
27 94 1
17 74 1
22 47 2
5 61 1
0 16 2
9 42 2
1 54 2
48 63 1
6 46 2
20 93 2
5 42 2
35 41 2
28 46 2
9 51 2
28 91 1
10 24 2
31 55 2
8 13 2
12 89 2
32 87 1
11 45 2
16 21 2
29 44 2
44 49 2
12 29 2
7 24 2
36 91 1
14 56 2
41 74 1
14 55 2
7 59 2
15 71 1
24 96 1
28 52 2
37 52 2
10 66 2
50 68 2
6 27 2
43 78 2
1 6 2
33 43 2
24 41 2
29 79 1
29 63 2
48 84 1
12 90 1
51 64 2
6 44 2
17 38 2
23 27 2
21 88 1
38 82 2
26 29 2
45 82 2
1 30 2
32 52 2
41 85 1
23 46 2
30 38 2
4 32 2
42 51 2
41 61 1
13 56 2
23 48 2
23 50 2
11 99 2
8 11 2
43 56 2
45 90 1
53 82 1
22 93 2
15 45 2
14 50 2
12 46 2
59 73 1
25 33 2
0 49 2
21 38 2
42 50 2
39 81 1
47 94 1
24 51 2
25 84 1
37 44 2
32 81 1
56 97 2
25 30 2
38 74 1
55 89 1
2 93 2
15 17 2
2 75 1
36 83 1
11 25 2
39 52 2
18 26 2
41 69 1
48 49 2
27 97 1
51 97 2
18 80 1
18 64 1
33 39 2
37 42 2
20 21 2
15 83 1
30 36 2
33 67 1
12 38 2
4 31 2
41 99 1
3 16 2
5 46 2
13 61 1
22 95 1
16 83 1
26 45 2
19 67 1
31 38 2
7 34 2
35 88 2
5 25 2
52 83 1
13 29 2
38 57 2
10 18 2
29 90 1
47 52 2
14 41 2
5 57 2
32 70 1
34 90 1
11 92 1
25 55 2
45 91 1
55 57 2
2 10 2
50 59 2
38 85 1
2 29 2
5 59 2
24 72 1
15 87 1
1 84 2
5 33 2
5 11 2
44 65 1
19 83 2
13 91 1
37 49 2
4 49 2
51 52 2
14 31 2
6 81 2
10 63 1
33 66 2
2 25 2
24 27 2
9 20 2
55 56 2
43 68 1
50 87 2
26 54 2
9 46 2
43 82 2
22 90 1
13 23 2
26 86 1
1 53 2
16 85 1
7 57 2
33 46 2
47 68 1
10 65 1
14 58 2
0 15 2
19 39 2
26 36 2
23 83 1
56 68 1
16 31 2
1 55 2
46 47 2
46 93 1
6 14 2
50 56 2
4 19 2
23 25 2
46 72 1
30 97 2
48 70 1
25 89 1
0 39 2
50 86 1
4 56 2
13 71 2
18 89 1
38 59 2
0 47 2
11 52 2
14 39 2
50 54 2
22 25 2
9 77 2
11 90 1
1 39 2
34 49 2
6 45 2
38 86 1
23 65 1
45 53 2
54 64 1
46 48 2
5 82 1
34 80 1
25 40 2
26 80 1
9 57 2
3 83 1
32 96 1
25 80 2
33 52 2
43 51 2
35 72 2
23 43 2
11 69 1
8 84 1
13 76 2
34 50 2
8 9 2
5 77 1
15 21 2
35 95 1
15 86 2
9 25 2
55 70 1
3 73 1
2 13 2
47 86 1
16 75 1
18 55 2
4 28 2
20 68 1
52 58 2
46 91 1
43 54 2
30 41 2
30 74 1
51 75 2
47 51 2
31 48 2
56 67 2
43 47 2
40 51 2
29 49 2
0 35 2
57 86 2
20 58 2
16 57 2
41 46 2
6 49 2
1 21 2
24 97 2
44 95 1
17 87 1
5 51 2
1 72 1
37 51 2
1 51 2
10 58 2
49 56 2
1 24 2
59 85 2
37 85 1
10 88 2
53 77 1
9 56 2
52 82 2
41 76 1
11 44 2
11 81 2
5 27 2
15 57 2
14 16 2
1 14 2
19 99 1
18 93 1
6 85 1
48 86 1
47 63 1
35 96 2
51 98 2
7 92 1
1 64 2
16 92 2
59 90 1
25 46 2
14 86 1
43 64 1
20 39 2
2 22 2
15 62 2
11 64 1
24 28 2
44 56 2
1 87 2
44 90 1
5 54 2
42 54 2
33 45 2
13 99 1
25 39 2
28 57 2
20 25 2
24 98 1
35 51 2
27 44 2
21 91 1
21 81 1
50 66 1
44 71 1
48 56 2
56 61 2
5 47 2
19 52 2
35 69 1
22 77 1
25 37 2
26 56 2
38 96 2
40 73 1
10 35 2
45 80 1
7 40 2
32 53 2
24 56 2
22 49 2
26 77 1
5 30 2
42 90 1
19 42 2
40 69 1
22 53 2
25 56 2
21 65 1
32 75 1
22 27 2
19 75 1
36 61 1
42 49 2
28 96 1
9 23 2
50 52 2
14 83 2
34 75 2
36 59 2
11 40 2
8 33 2
27 83 1
20 40 2
51 54 2
19 68 2
51 94 1
2 8 2
23 71 1
56 98 2
8 96 1
6 55 2
26 49 2
11 43 2
18 72 2
15 74 2
54 96 1
39 50 2
8 38 2
16 35 2
42 58 2
34 62 1
40 68 2
47 91 2
6 26 2
22 39 2
4 13 2
6 33 2
19 21 2
17 51 2
5 65 2
5 41 2
44 75 2
7 78 1
12 36 2
15 48 2
13 64 2
5 21 2
31 81 1
20 48 2
19 85 1
23 38 2
15 88 2
10 82 1
31 99 1
17 56 2
52 62 1
49 54 2
8 28 2
8 82 1
55 80 1
45 94 1
31 72 1
44 73 2
18 51 2
31 65 1
37 67 1
58 81 2
10 95 2
27 93 2
27 61 2
47 54 2
49 88 2
9 38 2
57 90 1
17 45 2
53 83 2
26 33 2
7 64 2
36 50 2
20 35 2
30 70 1
19 59 2
50 78 2
45 72 2
29 57 2
9 33 2
28 41 2
14 20 2
17 46 2
28 42 2
5 67 2
14 54 2
14 72 1
49 87 1
11 85 1
10 37 2
26 91 2
40 52 2
28 51 2
11 49 2
18 30 2
13 50 2
11 28 2
12 65 2
22 62 1
18 29 2
23 82 2
4 7 2
22 66 1
41 98 1
9 36 2
20 23 2
36 94 2
23 86 1
29 37 2
42 96 1
58 75 1
30 61 1
6 54 2
20 74 2
9 11 2
14 40 2
35 48 2
35 65 2
37 43 2
32 71 1
4 57 2
35 54 2
17 29 2
48 78 1
3 53 2
21 30 2
21 28 2
17 26 2
50 76 1
41 58 2
15 80 2
16 24 2
37 41 2
42 57 2
13 67 1
1 71 1
43 94 1
5 85 2
47 75 1
25 96 1
49 58 2
21 59 2
10 27 2
39 45 2
22 45 2
56 70 2
2 78 2
11 33 2
7 99 1
4 29 2
15 23 2
37 95 2
38 52 2
29 32 2
48 74 1
23 73 1
39 71 1
28 48 2
1 13 2
41 57 2
11 12 2
42 61 2
54 55 2
21 23 2
17 32 2
9 45 2
1 78 2
44 60 2
12 56 2
2 96 1
46 65 2
29 59 2
38 50 2
7 86 2
30 69 1
38 42 2
4 23 2
12 47 2
23 77 1
37 39 2
25 65 1
40 42 2
30 64 2
39 58 2
8 44 2
34 43 2
17 18 2
7 39 2
15 38 2
38 61 2
41 51 2
28 29 2
39 69 1
10 57 2
27 65 1
32 33 2
14 91 2
15 41 2
32 43 2
7 8 2
5 39 2
40 78 2
29 68 2
4 46 2
54 57 2
38 46 2
4 77 1
15 35 2
29 47 2
16 32 2
33 61 1
6 94 2
45 98 2
8 39 2
42 73 1
12 62 1
30 93 1
10 40 2
39 55 2
23 89 2
9 34 2
0 6 2
13 24 2
18 98 1
29 53 2
4 45 2
10 14 2
25 54 2
27 40 2
10 22 2
11 16 2
2 21 2
12 54 2
32 41 2
18 42 2
31 96 1
28 50 2
12 58 2
30 85 1
6 96 2
10 41 2
29 71 1
35 39 2
36 80 1
51 59 2
40 71 2
15 95 1
22 38 2
35 56 2
8 89 1
33 44 2
14 38 2
35 76 1
10 50 2
13 72 1
25 43 2
20 27 2
46 54 2
13 80 2
30 34 2
13 46 2
4 55 2
14 28 2
10 17 2
28 30 2
16 34 2
12 91 1
58 93 2
24 52 2
31 46 2
16 71 1
30 54 2
37 72 1
56 82 1
3 23 2
4 90 2
43 69 1
48 54 2
1 45 2
16 90 1
18 19 2
35 93 1
4 22 2
24 35 2
28 88 2
22 43 2
21 40 2
44 99 1
37 64 1
2 57 2
35 38 2
13 37 2
40 56 2
28 59 2
16 40 2
47 62 2
3 54 2
5 66 1
8 57 2
5 44 2
56 76 1
49 98 1
55 65 1
19 73 2
6 63 1
4 44 2
50 61 1
45 74 1
36 67 2
0 55 2
51 56 2
52 77 1
36 82 1
32 92 2
3 55 2
0 46 2
8 75 2
57 58 2
18 36 2
22 55 2
5 34 2
10 52 2
33 48 2
1 25 2
19 78 1
16 41 2
40 47 2
8 23 2
59 81 1
0 9 2
35 90 1
21 90 1
25 87 1
41 89 1
4 51 2
12 49 2
15 27 2
10 16 2
18 23 2
45 70 1
45 96 1
48 77 1
5 55 2
0 12 2
8 37 2
7 43 2
52 74 1
48 72 2
43 98 2
10 48 2
19 36 2
24 78 1
14 53 2
8 34 2
6 32 2
38 87 1
17 43 2
52 93 1
43 57 2
3 35 2
13 21 2
30 44 2
20 46 2
25 61 2
37 53 2
43 66 2
40 92 1
9 47 2
53 58 2
4 65 1
52 59 2
37 87 1
18 66 1
22 35 2
53 98 2
47 59 2
2 38 2
44 48 2
13 38 2
30 63 2
49 81 2
51 79 2
53 69 1
25 86 2
17 62 1
49 61 1
54 65 1
12 18 2
0 36 2
27 38 2
25 28 2
25 79 1
6 74 1
23 33 2
17 55 2
44 68 2
17 25 2
42 63 1
41 42 2
10 90 1
0 41 2
7 29 2
11 14 2
35 43 2
24 44 2
43 73 1
29 83 1
0 92 2
40 88 1
17 49 2
40 63 2
44 50 2
27 95 1
6 25 2
33 97 1
26 69 2
8 90 1
27 41 2
48 92 1
55 78 1
0 10 2
18 22 2
16 80 2
41 62 1
21 51 2
7 62 2
19 22 2
10 71 1
25 51 2
17 96 1
41 49 2
2 30 2
2 98 2
9 58 2
22 50 2
36 60 1
28 44 2
42 44 2
16 45 2
51 55 2
46 88 2
31 42 2
12 64 2
38 53 2
4 21 2
13 51 2
33 51 2
50 69 1
7 53 2
9 35 2
18 78 1
29 55 2
26 96 2
17 23 2
7 82 1
46 74 1
34 61 2
53 99 1
44 80 2
13 52 2
31 95 2
13 19 2
51 58 2
47 55 2
11 72 2
8 30 2
3 26 2
3 22 2
4 17 2
41 54 2
44 58 2
4 99 2
42 66 1
46 78 2
17 92 1
40 91 2
6 70 2
25 26 2
26 67 1
8 21 2
31 75 2
5 62 2
47 73 2
29 40 2
38 56 2
40 98 1
24 73 2
25 31 2
20 28 2
35 86 1
13 28 2
2 34 2
24 31 2
32 58 2
11 46 2
46 97 2
32 49 2
51 67 1
5 22 2
8 26 2
38 72 1
43 44 2
22 63 2
31 94 1
3 70 1
57 76 1
34 66 2
18 62 2
19 55 2
22 30 2
2 63 2
24 50 2
25 94 2
12 78 2
20 53 2
9 80 1
45 63 1
38 58 2
6 51 2
11 87 1
11 96 1
41 53 2
4 26 2
0 27 2
2 14 2
23 44 2
12 28 2
35 84 2
14 35 2
31 49 2
35 98 1
1 11 2
39 41 2
10 72 2
13 45 2
33 42 2
21 66 2
11 55 2
7 47 2
56 62 1
46 82 2
39 68 2
55 74 1
20 62 2
4 48 2
27 73 1
8 41 2
27 48 2
21 34 2
18 40 2
43 93 1
31 86 1
24 49 2
9 99 1
10 55 2
6 89 1
43 88 2
51 53 2
12 17 2
21 32 2
35 77 1
49 52 2
28 60 2
33 94 1
12 80 1
4 54 2
58 66 2
22 40 2
33 82 2
18 24 2
47 76 1
25 27 2
44 47 2
24 67 1
24 48 2
56 71 1
4 16 2
11 67 1
50 98 1
53 74 1
49 86 1
17 71 1
5 52 2
39 46 2
15 61 1
38 78 1
17 75 2
28 68 1
44 76 1
2 15 2
21 54 2
8 43 2
6 34 2
39 74 2
13 39 2
51 62 1
14 62 2
6 80 1
21 52 2
58 69 2
19 35 2
13 98 1
31 39 2
8 48 2
11 20 2
32 39 2
3 18 2
4 86 1
29 60 1
55 94 2
21 55 2
38 98 2
36 85 2
29 42 2
30 73 2
7 80 2
25 60 1
20 65 1
11 94 1
3 38 2
3 51 2
41 71 1
20 59 2
13 47 2
9 76 1
23 29 2
42 55 2
52 57 2
2 4 2
58 72 2
21 35 2
3 48 2
39 92 2
15 59 2
11 47 2
9 30 2
18 79 1
0 25 2
38 47 2
31 79 1
11 30 2
39 72 1
34 36 2
20 29 2
12 24 2
11 48 2
18 27 2
32 59 2
42 65 1
45 85 1
16 76 1
13 57 2
44 67 1
9 16 2
7 35 2
18 88 1
3 98 2
5 68 1
3 43 2
43 60 1
13 14 2
1 59 2
1 17 2
18 38 2
9 32 2
26 57 2
14 51 2
11 82 1
0 71 1
51 78 2
4 66 1
36 79 1
33 35 2
38 76 2
14 93 1
53 87 1
21 75 1
30 92 1
5 36 2
0 11 2
51 99 1
15 96 2
8 25 2
31 54 2
4 25 2
38 49 2
1 35 2
28 49 2
12 85 1
3 24 2
17 72 1
9 12 2
9 74 1
4 62 2
51 88 2
6 35 2
57 79 1
3 93 1
18 28 2
8 87 1
0 98 1
29 50 2
51 81 1
57 88 2
56 94 1
48 89 1
13 26 2
22 79 1
48 85 1
31 36 2
15 56 2
2 20 2
36 77 1
29 39 2
12 50 2
11 58 2
0 7 2
36 58 2
57 89 2
9 94 1
6 21 2
14 47 2
22 52 2
11 68 1
20 81 1
42 97 1
37 68 1
12 98 2
27 46 2
27 53 2
22 34 2
20 63 2
58 88 2
38 75 1
0 48 2
22 74 2
13 78 1
32 80 2
4 85 2
2 7 2
21 47 2
27 55 2
1 96 2
22 96 1
0 63 1
44 57 2
10 80 2
19 77 2
5 18 2
15 46 2
3 61 2
17 63 1
12 19 2
7 44 2
35 82 1
7 76 1
0 88 2
35 57 2
17 22 2
2 51 2
22 89 1
33 50 2
36 37 2
26 59 2
7 22 2
38 73 1
44 77 1
4 39 2
41 56 2
20 32 2
12 44 2
30 45 2
29 51 2
5 37 2
21 62 2
5 13 2
53 70 2
10 26 2
26 42 2
46 75 1
51 85 1
29 62 1
15 24 2
7 21 2
9 19 2
21 26 2
25 36 2
11 17 2
6 28 2
4 42 2
48 66 1
1 36 2
27 56 2
23 62 1
29 35 2
12 15 2
28 54 2
14 79 1
21 49 2
8 50 2
4 14 2
1 88 2
20 79 2
32 94 1
48 71 1
32 47 2
16 59 2
28 36 2
15 58 2
0 38 2
11 37 2
56 89 2
20 70 1
9 68 1
59 96 1
23 60 1
11 21 2
4 47 2
11 51 2
38 65 1
43 79 1
51 87 2
20 95 1
0 18 2
26 40 2
58 89 2
28 71 1
32 66 1
47 56 2
15 34 2
3 87 1
9 44 2
10 47 2
42 93 1
38 71 1
7 16 2
7 32 2
2 12 2
2 17 2
0 76 2
57 73 2
28 37 2
39 99 2
49 99 1
20 99 2
21 57 2
1 98 1
14 33 2
17 90 1
42 59 2
34 45 2
7 79 2
27 34 2
33 37 2
1 63 1
53 72 2
12 45 2
32 54 2
6 42 2
38 88 2
4 73 2
0 85 1
12 30 2
14 75 1
48 88 2
6 19 2
36 96 1
40 74 1
17 78 1
31 93 2
1 91 1
23 30 2
9 79 1
5 31 2
11 35 2
54 75 1
42 89 1
41 78 1
8 42 2
58 73 1
5 49 2
46 84 2
39 40 2
42 75 1
9 50 2
5 19 2
12 60 2
53 93 1
11 19 2
17 34 2
50 94 1
54 97 2
4 18 2
5 76 1
4 98 2
9 73 2
35 81 1
58 77 1
30 71 2
50 58 2
1 23 2
3 27 2
30 77 1
12 93 2
6 11 2
6 65 1
25 75 1
34 46 2
46 50 2
34 73 1
15 54 2
2 18 2
49 64 1
45 65 1
4 11 2
24 57 2
10 44 2
33 55 2
1 9 2
40 48 2
44 45 2
59 84 1
0 3 2
12 43 2
7 85 1
1 19 2
43 67 1
0 5 2
30 40 2
1 74 2
31 52 2
2 46 2
41 95 1
4 91 2
30 49 2
5 23 2
12 75 1
58 86 2
13 15 2
26 84 2
27 96 1
53 68 2
11 75 2
4 36 2
52 98 2
1 16 2
24 63 1
27 66 1
9 72 1
5 56 2
19 72 1
26 74 2
4 80 1
12 76 1
8 56 2
55 85 1
32 85 1
49 76 2
15 33 2
17 76 1
6 83 2
21 45 2
57 95 1
9 86 1
12 35 2
42 95 1
1 79 2
0 79 1
33 53 2
7 18 2
36 88 1
36 56 2
2 24 2
3 95 2
18 56 2
20 36 2
6 40 2
31 97 2
49 90 2
45 50 2
45 54 2
38 62 1
35 70 2
46 59 2
26 34 2
2 23 2
7 45 2
12 84 1
17 65 1
10 28 2
6 20 2
2 39 2
4 10 2
39 85 1
24 54 2
27 86 1
40 45 2
51 69 2
42 43 2
46 71 1
56 96 1
25 63 2
25 69 1
38 91 1
22 59 2
41 80 1
27 57 2
1 95 1
40 49 2
1 3 2
1 4 2
36 93 2
30 48 2
19 41 2
46 61 1
41 73 2
26 82 2
26 68 1
27 77 2
1 5 2
1 40 2
45 46 2
15 29 2
5 7 2
49 53 2
52 76 2
48 83 1
56 60 1
58 62 1
12 22 2
36 48 2
16 97 2
26 43 2
0 51 2
0 52 2
39 56 2
13 42 2
20 41 2
25 81 1
7 25 2
12 21 2
16 30 2
22 57 2
5 17 2
30 33 2
18 91 2
20 52 2
36 51 2
23 41 2
52 87 1
34 82 2
11 42 2
33 58 2
42 91 2
15 22 2
56 78 1
17 61 2
33 41 2
2 70 2
37 56 2
19 60 1
37 55 2
30 32 2
27 87 1
54 68 1
27 80 1
43 89 2
47 61 1
1 41 2
17 30 2
25 74 1
5 58 2
1 31 2
22 51 2
47 92 1
34 58 2
54 60 2
6 22 2
23 76 1
16 81 1
8 51 2
1 33 2
48 55 2
9 53 2
54 59 2
8 80 1
28 33 2
27 58 2
25 59 2
9 98 2
32 62 1
37 48 2
16 96 2
39 42 2
27 35 2
14 17 2
19 92 2
35 37 2
28 31 2
14 57 2
0 57 2
41 70 1
17 57 2
40 83 1
3 37 2
23 97 1
33 38 2
21 42 2
36 89 1
23 47 2
32 38 2
5 94 2
8 69 1
18 73 1
42 87 2
52 64 1
10 67 2
16 17 2
6 68 2
2 68 2
41 50 2
17 52 2
6 47 2
6 78 2
4 43 2
1 89 1
59 99 1
12 99 1
17 70 1
32 69 1
0 44 2
37 58 2
30 75 2
10 81 1
12 53 2
42 48 2
5 95 1
23 94 1
7 48 2
0 20 2
38 48 2
17 88 1
38 40 2
15 52 2
7 96 1
0 4 2
14 61 2
54 69 1
22 81 1
41 45 2
16 28 2
4 60 1
7 77 1
9 87 2
6 8 2
29 56 2
2 49 2
4 9 2
14 26 2
36 66 1
19 95 1
13 27 2
28 32 2
1 65 1
26 39 2
2 35 2
12 52 2
39 59 2
13 93 1
6 98 2
14 25 2
24 74 2
14 80 1
7 28 2
25 58 2
52 71 1
52 54 2
54 85 2
31 84 2
50 80 1
35 75 1
28 47 2
31 60 1
35 46 2
0 43 2
30 59 2
2 45 2
53 78 2
4 97 2
20 24 2
7 37 2
8 27 2
3 94 2
24 88 2
40 86 1
56 81 1
3 41 2
8 49 2
29 43 2
12 33 2
40 53 2
50 90 1
7 56 2
22 64 1
15 49 2
46 64 1
16 33 2
19 44 2
56 90 1
18 44 2
42 72 2
47 57 2
33 54 2
11 60 1
1 34 2
45 49 2
27 33 2
13 62 1
37 81 2
16 78 2
32 51 2
21 99 2
3 42 2
5 43 2
6 12 2
5 73 2
16 53 2
5 90 1
47 72 1
17 97 1
33 98 2
50 88 1
12 87 1
14 46 2
57 83 2
29 72 2
32 72 2
29 78 1
51 77 1
30 78 1
13 55 2
12 26 2
14 36 2
51 91 2
20 55 2
6 9 2
14 76 1
41 59 2
6 75 1
19 62 1
22 24 2
33 34 2
2 47 2
55 84 1
56 69 1
16 68 2
28 56 2
15 90 2
53 91 1
20 33 2
43 59 2
20 67 1
19 32 2
2 52 2
14 49 2
59 64 1
31 44 2
21 97 1
52 55 2
38 55 2
52 61 1
36 75 1
27 51 2
18 95 2
8 22 2
16 26 2
46 92 2
25 34 2
51 95 1
16 77 1
49 80 1
54 73 1
44 46 2
37 59 2
43 85 2
15 76 2
52 92 2
70 75 2
56 84 1
53 54 1
43 95 2
34 47 1
28 61 1
61 78 1
0 34 1
15 64 1
6 13 1
38 41 1
