% n=50 p=33 d=0.66 p_blue=0.33
% k=0
9 28 1
7 9 2
1 27 2
8 22 2
0 28 2
11 22 1
14 41 1
2 27 1
13 43 2
3 18 1
13 29 1
4 16 2
8 40 2
5 36 1
0 22 1
14 38 1
7 26 2
16 25 2
3 24 2
7 16 2
2 31 1
13 31 1
4 25 1
1 49 1
5 37 1
1 12 2
6 40 2
4 8 2
12 43 2
13 33 1
9 21 1
15 23 1
15 24 1
4 38 1
6 20 2
0 47 1
3 37 2
1 17 2
6 46 2
1 5 2
16 30 1
5 9 2
1 8 2
9 15 2
16 29 1
13 26 2
1 41 2
13 24 1
2 34 2
15 29 1
6 16 2
5 8 2
12 34 1
3 46 1
9 22 1
6 26 1
8 16 2
9 47 2
10 48 2
5 43 2
4 37 1
3 39 1
3 42 1
2 9 2
9 39 2
14 32 1
11 13 2
2 46 1
9 18 2
15 39 1
10 11 2
16 47 1
5 6 2
2 37 1
4 13 2
0 29 1
1 31 2
9 24 2
10 23 2
2 15 2
5 38 1
3 25 1
16 43 1
16 21 2
7 29 1
5 10 2
9 42 1
4 47 1
8 37 1
13 36 2
15 35 1
9 48 1
1 20 1
8 47 1
0 2 2
1 33 1
2 26 1
2 13 2
5 33 1
5 28 1
13 49 1
11 20 2
13 38 1
9 44 1
3 12 2
3 7 2
16 23 1
5 12 2
5 15 2
0 12 2
4 15 2
5 49 1
7 25 2
14 35 2
2 6 2
9 23 1
10 36 2
8 17 1
2 30 1
4 23 1
7 22 1
7 39 1
11 29 1
1 21 1
3 20 2
5 13 2
16 49 1
2 36 1
0 30 2
1 45 1
0 24 1
5 18 1
14 27 2
10 17 1
12 15 2
11 44 1
1 7 2
5 24 2
6 24 1
0 37 1
16 36 1
6 45 1
2 43 1
5 44 1
5 48 2
5 7 2
0 48 2
14 44 1
0 5 2
15 44 2
12 32 1
0 23 2
4 14 2
1 32 2
4 9 2
10 14 2
4 43 2
15 36 1
10 44 1
11 38 1
0 11 2
1 10 2
1 48 2
14 21 1
7 47 1
9 25 1
2 8 2
4 31 1
15 25 1
15 21 1
12 14 2
8 36 1
10 45 1
15 16 2
3 28 1
13 16 2
9 34 1
15 18 1
9 13 2
0 41 1
9 19 2
8 10 2
2 49 2
11 16 2
13 28 1
11 39 1
14 49 1
8 46 2
3 49 1
10 24 1
6 8 2
2 3 2
1 18 1
6 15 2
9 41 2
14 15 2
7 23 1
0 1 2
10 22 2
4 39 2
4 45 2
0 20 2
8 20 2
6 35 2
1 13 2
1 3 2
11 42 2
11 21 1
3 43 2
8 44 1
3 44 1
6 28 2
8 45 1
10 12 2
2 4 2
0 33 1
1 47 1
6 42 2
2 45 1
1 25 1
14 34 1
11 12 2
2 44 2
16 40 2
3 17 1
12 19 2
14 25 1
16 37 2
13 30 2
8 38 1
10 47 1
6 49 1
8 23 2
7 34 2
0 19 2
8 42 1
12 21 1
14 36 2
4 6 2
10 35 1
5 31 1
2 5 2
8 15 2
3 22 1
3 29 1
15 32 1
10 19 1
8 33 2
7 14 2
6 25 2
16 28 1
5 21 1
7 49 1
2 47 1
12 24 2
8 21 2
6 7 2
16 17 1
1 39 2
13 14 2
1 14 2
14 46 2
4 11 2
14 16 2
16 42 1
3 5 2
7 11 2
2 33 1
7 19 1
8 34 1
3 4 2
13 35 2
6 9 2
12 25 1
6 30 1
7 32 2
9 31 1
3 13 2
6 11 2
1 37 2
4 48 1
1 29 2
2 22 1
9 37 1
2 12 2
9 11 2
12 27 1
0 8 2
0 3 2
2 28 1
9 27 1
13 44 1
7 43 1
0 10 2
5 14 2
4 30 2
1 46 2
9 32 1
7 37 1
14 23 2
3 47 1
10 29 2
15 17 1
5 45 1
13 21 1
5 29 1
2 40 1
2 41 1
6 44 2
9 16 2
2 39 1
0 36 1
15 46 2
11 15 2
6 22 2
8 14 2
9 14 2
8 13 2
13 17 1
7 27 1
6 47 2
3 38 1
10 40 1
5 25 1
12 31 2
0 43 1
9 26 1
1 11 2
6 36 1
12 13 2
9 10 2
3 6 2
1 4 2
8 41 2
0 25 2
0 18 1
0 4 2
10 42 2
7 28 2
12 37 1
13 41 2
7 46 1
6 10 2
7 31 1
12 30 1
2 48 1
4 40 1
11 45 1
10 25 1
5 39 2
15 45 1
7 12 2
12 49 2
9 46 1
11 19 1
16 19 2
7 8 2
4 12 2
6 37 1
2 17 1
7 44 1
10 15 2
10 39 2
4 32 2
6 13 2
3 19 2
13 23 1
2 7 2
10 49 1
10 20 1
0 38 1
8 39 2
3 14 2
4 10 2
1 35 1
16 33 1
2 18 1
2 23 1
3 8 2
13 45 1
10 31 1
14 29 1
3 15 2
2 16 2
5 26 1
11 27 2
10 34 2
4 29 2
11 37 1
2 20 1
0 6 2
10 16 2
13 34 2
14 33 1
13 27 1
4 49 2
15 30 2
8 30 2
6 32 2
4 7 2
12 39 1
2 10 2
2 19 2
11 46 2
6 33 2
2 35 1
1 6 2
6 43 2
12 45 2
1 22 2
8 32 1
3 21 1
5 16 2
8 24 1
6 12 2
0 7 2
2 14 2
8 28 2
9 29 2
7 13 2
11 35 1
5 19 2
3 16 2
13 40 2
1 24 2
10 18 1
3 26 1
8 26 2
4 36 1
10 32 1
1 2 2
10 28 1
4 46 1
7 10 2
3 9 2
2 11 2
12 26 1
6 17 1
4 34 1
4 22 2
11 31 1
3 10 2
4 18 2
4 5 2
4 21 1
12 33 1
11 26 1
6 29 1
0 13 2
3 35 1
12 18 2
0 16 2
3 45 1
16 45 2
16 44 1
12 44 1
6 14 2
8 9 2
1 42 2
1 15 2
11 17 1
8 27 1
15 38 1
0 44 1
14 45 1
6 27 1
13 15 2
16 48 1
8 12 2
15 33 1
16 35 2
12 48 2
15 43 1
5 11 1
18 48 1
15 40 1
12 41 1
0 9 1
0 14 1
3 48 1
1 23 2
1 16 1
6 18 2
12 16 1
