% n=25 p=33 d=0.33 p_blue=0.66
% k=0
0 4 2
4 12 1
5 7 2
1 16 2
7 9 1
5 6 2
4 5 2
0 17 1
1 2 2
2 14 2
0 5 2
4 13 2
7 10 1
8 13 2
1 23 1
6 20 2
2 9 1
7 18 2
4 23 2
0 1 2
8 21 2
0 6 2
0 22 2
2 5 2
4 10 1
6 13 2
3 22 2
0 23 1
0 3 2
1 6 2
0 10 2
0 9 2
4 6 2
2 20 1
0 8 2
6 24 2
6 8 2
2 8 2
4 15 1
8 23 2
2 15 2
7 22 1
2 21 2
1 21 2
7 13 2
1 12 2
8 17 2
0 18 1
2 6 1
1 8 2
3 10 2
1 4 1
1 5 2
1 18 2
3 6 1
5 10 1
5 14 1
0 7 1
6 7 1
7 8 2
6 18 2
1 7 1
3 14 1
8 18 2
4 8 1
4 18 2
1 10 2
3 7 2
0 2 2
4 14 1
2 18 1
1 3 1
2 4 1
2 3 1
8 14 1
2 7 1
4 7 2
10 14 1
