% n=100 p=60 d=0.33 p_blue=0.66
% k=0
19 94 1
43 51 2
4 79 1
15 44 2
32 92 2
11 86 2
24 81 2
32 42 2
10 15 2
49 95 2
55 77 2
21 50 2
39 48 2
21 36 2
32 45 2
1 40 2
22 55 2
23 47 2
32 69 2
0 33 2
22 46 2
21 53 2
46 93 2
4 17 2
33 58 2
35 44 2
39 52 2
20 53 2
33 47 2
58 88 1
0 59 2
23 85 1
25 92 2
37 41 2
1 45 2
1 6 2
2 30 2
26 53 2
32 52 2
33 66 1
0 19 2
48 76 1
22 56 2
23 55 2
1 2 2
13 19 2
42 95 1
43 93 2
24 32 2
44 52 2
29 91 1
3 91 2
34 79 1
3 47 2
49 81 2
17 67 2
12 13 2
7 74 2
5 14 2
21 39 2
21 96 2
5 11 2
19 67 2
27 66 1
4 49 2
23 39 2
35 47 2
42 44 2
11 97 2
29 44 2
3 96 1
35 38 2
43 44 2
8 33 2
11 56 2
50 61 1
14 21 2
10 12 2
4 14 2
20 97 2
2 84 2
13 65 2
20 28 2
29 52 2
28 59 2
13 29 2
3 25 2
49 50 2
53 72 2
38 52 2
34 53 2
26 40 2
10 45 2
40 58 2
27 92 2
12 72 2
6 88 1
13 50 2
1 43 2
59 95 2
24 34 2
29 71 2
57 76 2
19 30 2
31 43 2
39 98 2
58 63 2
5 6 2
19 28 2
21 59 2
59 96 2
3 38 2
34 75 1
14 28 2
50 69 2
45 69 1
0 40 2
9 24 2
20 95 2
45 58 2
26 30 2
23 46 2
27 52 2
38 73 2
12 56 2
12 44 2
2 14 2
7 32 2
50 57 2
13 49 2
35 48 2
42 79 2
3 29 2
36 89 2
2 53 2
10 27 2
4 33 2
31 51 2
29 61 1
36 39 2
43 46 2
53 99 1
45 84 2
43 62 2
21 98 2
3 33 2
49 96 2
31 61 1
15 55 2
59 63 2
25 78 2
42 69 2
40 54 2
19 26 2
9 81 2
39 40 2
8 21 2
17 62 1
35 56 2
24 71 2
32 36 2
25 40 2
41 77 2
0 17 2
7 42 2
32 41 2
9 26 2
7 53 2
36 71 1
26 37 2
8 46 2
6 38 2
57 90 2
56 62 2
23 35 2
14 46 2
53 93 2
25 32 2
39 66 1
6 64 2
52 69 2
19 59 2
26 58 2
0 66 2
2 32 2
33 98 1
21 42 2
38 49 2
7 43 2
0 30 2
28 51 2
29 76 2
13 34 2
15 48 2
25 64 2
53 87 2
40 57 2
35 69 2
1 76 1
38 42 2
37 46 2
9 46 2
11 29 2
21 51 2
32 55 2
24 46 2
35 58 2
29 45 2
59 66 1
40 85 2
12 24 2
15 84 1
14 34 2
30 49 2
39 51 2
5 78 2
57 65 1
27 31 2
26 54 2
5 56 2
16 56 2
6 77 2
4 53 2
15 51 2
2 48 2
26 52 2
42 43 2
1 54 2
15 38 2
38 97 2
49 56 2
1 56 2
49 61 2
2 40 2
8 77 2
35 51 2
0 56 2
6 56 2
5 86 2
51 54 2
2 87 1
5 7 2
18 26 2
29 38 2
21 43 2
11 41 2
1 5 2
3 17 2
28 93 1
23 27 2
48 50 2
0 42 2
20 33 2
34 50 2
56 57 2
23 77 1
38 74 2
12 95 2
10 54 2
30 36 2
5 33 2
39 53 2
30 45 2
26 49 2
10 51 2
48 80 2
26 71 1
43 99 1
10 86 1
6 33 2
30 42 2
57 59 2
26 36 2
10 29 2
20 31 2
44 50 2
8 20 2
4 6 2
5 36 2
11 37 2
22 40 2
46 53 2
27 28 2
35 59 2
47 52 2
30 33 2
1 23 2
3 5 2
0 11 2
18 59 2
14 35 2
18 35 2
13 53 2
9 47 2
47 89 1
20 61 2
26 39 2
26 48 2
22 48 2
10 91 1
18 27 2
27 33 2
47 58 2
29 88 2
54 57 2
0 75 2
14 27 2
4 42 2
7 36 2
37 99 2
44 88 2
2 3 2
57 69 2
39 67 2
22 35 2
29 82 1
28 36 2
9 87 2
1 22 2
1 21 2
13 33 2
34 63 1
36 67 2
30 52 2
4 72 2
37 69 2
6 43 2
21 31 2
16 76 1
18 83 1
17 71 1
22 52 2
27 83 2
3 87 1
17 19 2
8 24 2
48 82 2
36 42 2
36 44 2
34 94 2
14 80 2
40 43 2
11 69 1
49 51 2
20 47 2
24 79 1
51 57 2
44 79 2
38 71 2
18 61 1
16 89 2
54 59 2
27 88 2
2 68 2
25 89 1
52 55 2
11 53 2
46 80 2
45 46 2
30 47 2
40 42 2
6 14 2
14 22 2
43 56 2
18 41 2
39 46 2
50 58 2
41 96 1
0 32 2
53 66 1
3 49 2
2 81 2
21 72 1
41 55 2
29 51 2
9 78 2
28 55 2
31 89 2
13 47 2
0 58 2
55 70 2
22 63 2
26 64 2
58 98 1
42 96 2
10 50 2
6 41 2
25 59 2
40 56 2
49 75 1
11 45 2
8 67 1
0 36 2
4 24 2
45 51 2
29 43 2
10 49 2
7 70 2
45 55 2
21 52 2
33 78 2
6 32 2
11 50 2
31 49 2
33 37 2
5 52 2
37 51 2
45 85 2
20 92 2
52 54 2
58 64 2
9 25 2
19 96 2
37 95 1
17 50 2
1 27 2
7 81 2
24 54 2
26 41 2
2 39 2
35 49 2
7 34 2
14 55 2
36 70 2
20 80 1
15 18 2
42 59 2
52 98 2
6 34 2
37 83 1
34 54 2
53 96 1
12 45 2
18 81 1
22 41 2
6 31 2
50 56 2
26 93 2
39 41 2
11 23 2
13 20 2
34 41 2
35 78 2
6 48 2
0 29 2
12 97 2
38 47 2
13 32 2
50 71 2
14 49 2
14 19 2
17 34 2
19 49 2
15 42 2
6 11 2
55 91 1
57 62 2
17 59 2
50 77 2
52 92 1
25 29 2
48 56 2
8 52 2
16 65 2
6 49 2
27 53 2
0 49 2
24 68 2
1 47 2
1 19 2
9 68 2
13 93 2
20 23 2
22 62 1
12 53 2
3 68 2
45 47 2
14 78 1
14 25 2
46 49 2
49 86 2
25 46 2
28 41 2
23 44 2
15 31 2
6 37 2
6 55 2
36 47 2
0 54 2
57 94 2
16 57 2
19 92 2
21 73 1
16 28 2
41 47 2
23 87 1
33 79 1
55 78 2
26 51 2
19 41 2
8 54 2
22 49 2
27 40 2
38 88 2
5 24 2
29 50 2
4 94 2
45 56 2
14 52 2
26 75 2
46 66 2
11 98 1
3 34 2
7 35 2
30 32 2
28 46 2
1 89 1
45 65 1
16 34 2
50 80 2
9 35 2
2 41 2
57 82 2
8 60 2
27 84 2
9 22 2
22 36 2
36 99 2
26 32 2
30 35 2
36 59 2
44 55 2
48 57 2
1 10 2
52 77 2
35 97 2
18 39 2
12 37 2
18 40 2
12 71 2
45 79 1
40 59 2
48 49 2
14 43 2
2 26 2
0 41 2
14 66 1
25 57 2
28 47 2
49 70 1
35 42 2
47 53 2
12 34 2
16 49 2
4 41 2
18 32 2
56 70 2
0 43 2
49 83 1
39 45 2
7 30 2
13 60 1
6 45 2
5 17 2
41 46 2
0 69 1
19 36 2
28 39 2
55 61 2
7 25 2
4 39 2
55 67 2
31 72 1
41 68 1
17 46 2
10 32 2
4 19 2
26 35 2
22 91 1
46 91 2
24 69 2
15 26 2
21 58 2
1 31 2
13 42 2
0 63 2
11 49 2
42 75 2
33 41 2
6 92 2
16 20 2
48 59 2
1 41 2
10 47 2
31 84 2
31 74 2
4 5 2
12 70 2
29 40 2
33 42 2
29 32 2
30 31 2
45 94 1
5 22 2
45 49 2
32 38 2
2 56 2
28 42 2
2 54 2
10 42 2
49 57 2
30 57 2
8 17 2
1 50 2
36 38 2
28 44 2
1 33 2
1 8 2
35 64 2
1 48 2
7 11 2
9 65 2
4 32 2
23 81 1
3 35 2
17 20 2
22 25 2
43 49 2
50 94 2
57 63 1
14 59 2
13 44 2
41 42 2
43 92 2
11 85 2
31 58 2
13 59 2
10 44 2
25 56 2
24 58 2
0 20 2
23 51 2
47 55 2
9 18 2
20 39 2
10 14 2
2 16 2
0 89 1
10 55 2
26 89 2
15 89 2
5 39 2
23 57 2
31 44 2
37 43 2
41 70 2
51 76 1
57 58 2
47 83 1
9 23 2
28 53 2
10 18 2
5 41 2
29 42 2
35 55 2
6 29 2
26 55 2
13 28 2
3 19 2
6 47 2
31 76 1
36 48 2
44 74 2
28 70 2
6 20 2
5 46 2
29 33 2
35 41 2
36 54 2
28 49 2
1 55 2
8 11 2
28 29 2
2 18 2
5 16 2
19 68 2
1 4 2
18 56 2
1 58 2
31 42 2
45 57 2
0 10 2
40 49 2
37 48 2
10 38 2
51 97 2
32 53 2
14 40 2
56 97 2
14 57 2
19 34 2
46 83 2
50 59 2
16 52 2
54 65 2
5 59 2
50 89 2
0 55 2
42 61 2
7 28 2
29 57 2
12 55 2
59 97 2
24 45 2
7 50 2
28 63 1
43 79 1
38 64 2
40 55 2
3 42 2
7 49 2
47 56 2
4 56 2
19 58 2
0 5 2
25 52 2
8 45 2
4 34 2
9 60 1
54 69 2
16 43 2
17 26 2
21 44 2
5 18 2
43 96 2
39 47 2
13 91 2
37 47 2
11 16 2
8 10 2
7 37 2
8 32 2
52 56 2
0 52 2
13 69 1
6 59 2
6 24 2
21 45 2
15 34 2
42 48 2
15 25 2
37 54 2
8 9 2
20 37 2
24 66 2
11 70 1
52 67 2
28 56 2
16 23 2
39 76 2
16 36 2
40 41 2
48 55 2
42 93 2
3 26 2
50 51 2
25 65 1
50 79 2
42 60 2
21 37 2
23 56 2
5 29 2
0 14 2
48 60 2
16 48 2
29 59 2
28 52 2
58 80 1
11 44 2
18 23 2
43 45 2
21 34 2
10 30 2
16 50 2
10 26 2
30 39 2
1 36 2
3 32 2
4 77 1
20 43 2
52 53 2
15 58 2
10 34 2
36 49 2
3 30 2
4 48 2
5 60 1
25 55 2
24 30 2
39 43 2
19 42 2
4 12 2
3 13 2
13 21 2
13 46 2
27 37 2
53 58 2
14 39 2
17 97 2
9 19 2
16 19 2
53 57 2
5 62 1
41 58 2
0 47 2
2 44 2
22 47 2
15 96 1
18 48 2
11 67 2
2 57 2
9 77 1
12 69 1
45 59 2
52 87 2
7 12 2
0 53 2
4 25 2
27 74 1
42 52 2
18 43 2
31 90 2
16 41 2
30 50 2
25 45 2
59 70 1
8 28 2
31 45 2
15 74 2
46 74 2
31 32 2
51 59 2
59 99 2
34 51 2
42 54 2
5 42 2
43 54 2
1 26 2
10 46 2
12 58 2
6 27 2
1 14 2
19 37 2
4 43 2
45 92 2
36 52 2
14 29 2
35 99 1
7 15 2
26 44 2
42 65 1
46 48 2
41 63 1
20 70 2
36 56 2
2 66 2
31 37 2
12 98 2
28 57 2
40 89 2
17 78 2
2 24 2
25 36 2
29 34 2
24 48 2
4 71 1
0 73 2
27 29 2
7 39 2
44 57 2
0 31 2
1 66 1
8 42 2
13 30 2
38 92 2
1 91 2
24 26 2
23 33 2
27 59 2
14 33 2
28 92 2
0 80 2
13 18 2
8 26 2
9 30 2
27 55 2
17 44 2
17 41 2
6 51 2
2 38 2
10 35 2
11 76 2
3 9 2
12 30 2
27 46 2
12 36 2
10 13 2
3 45 2
49 80 2
52 95 1
30 40 2
26 94 2
11 36 2
36 50 2
34 42 2
20 34 2
35 43 2
23 41 2
39 49 2
4 28 2
4 70 2
16 71 1
8 55 2
19 44 2
9 66 2
1 44 2
53 91 2
51 92 2
15 20 2
3 56 2
20 99 2
24 53 2
15 40 2
16 25 2
28 50 2
19 35 2
17 31 2
39 54 2
16 37 2
21 32 2
37 50 2
28 84 2
47 87 2
53 54 2
26 57 2
35 40 2
5 58 2
2 12 2
2 60 1
0 25 2
12 52 2
0 22 2
20 73 1
30 38 2
8 38 2
17 57 2
31 87 2
59 67 2
4 26 2
18 54 2
28 87 1
25 86 2
44 56 2
37 91 2
58 99 1
6 10 2
29 79 1
11 40 2
44 66 2
19 74 2
28 81 1
15 43 2
43 85 2
54 58 2
17 23 2
39 56 2
19 48 2
34 36 2
23 48 2
50 62 2
6 54 2
2 46 2
27 30 2
3 46 2
12 28 2
7 59 2
56 60 1
4 87 1
32 58 2
27 49 2
11 21 2
2 43 2
16 51 2
4 10 2
9 33 2
16 55 2
27 38 2
8 39 2
0 3 2
29 75 2
6 87 2
19 57 2
5 20 2
41 56 2
4 58 2
37 59 2
35 77 2
20 41 2
52 59 2
3 50 2
40 88 1
55 71 1
20 30 2
48 65 1
22 74 2
2 50 2
19 23 2
7 19 2
16 63 2
54 80 2
7 57 2
14 64 1
20 79 1
10 52 2
2 85 1
6 35 2
44 72 2
59 83 2
9 96 1
13 23 2
1 16 2
36 43 2
1 30 2
22 50 2
5 37 2
48 58 2
0 38 2
31 78 2
22 53 2
57 93 2
22 44 2
25 43 2
53 56 2
15 59 2
12 25 2
18 96 2
33 56 2
48 51 2
34 86 2
3 92 1
0 13 2
12 68 1
40 65 2
5 31 2
28 45 2
17 47 2
12 27 2
6 36 2
18 20 2
27 34 2
12 40 2
16 69 2
37 39 2
31 55 2
27 61 1
38 60 2
5 26 2
17 53 2
4 65 2
10 93 2
15 57 2
0 50 2
40 53 2
9 52 2
18 93 2
19 38 2
54 95 2
58 93 1
32 48 2
4 27 2
9 73 1
7 45 2
1 98 2
16 59 2
24 38 2
35 89 2
14 24 2
34 38 2
6 99 1
27 32 2
22 32 2
12 32 2
17 24 2
35 90 2
14 32 2
9 55 2
11 25 2
27 90 1
39 81 2
6 9 2
51 93 2
32 50 2
6 15 2
18 45 2
25 62 2
37 96 2
22 57 2
2 59 2
32 33 2
0 16 2
8 12 2
12 93 2
13 48 2
23 43 2
8 37 2
51 77 2
14 23 2
35 45 2
0 57 2
23 26 2
5 10 2
20 51 2
26 59 2
11 59 2
17 48 2
52 91 2
46 67 1
3 23 2
10 95 1
4 64 2
54 82 1
16 46 2
18 50 2
13 41 2
7 44 2
15 29 2
18 42 2
5 32 2
12 46 2
46 50 2
13 82 2
0 7 2
43 53 2
10 31 2
20 32 2
20 27 2
35 98 2
31 33 2
2 5 2
25 35 2
47 98 2
22 85 2
31 34 2
46 57 2
51 87 1
12 23 2
0 44 2
53 78 1
17 85 1
19 31 2
4 31 2
3 54 2
47 66 1
18 29 2
2 33 2
22 68 1
8 98 2
10 56 2
21 33 2
8 27 2
25 39 2
6 42 2
13 57 2
50 98 2
39 68 1
0 37 2
2 37 2
15 27 2
28 48 2
48 97 1
9 32 2
24 33 2
10 19 2
2 17 2
24 25 2
31 36 2
51 55 2
22 61 1
4 30 2
0 46 2
46 58 2
51 56 2
1 15 2
34 52 2
25 47 2
30 56 2
57 88 2
12 41 2
6 50 2
44 62 2
51 52 2
36 37 2
15 63 2
2 35 2
9 11 2
8 22 2
20 25 2
24 47 2
0 21 2
10 24 2
22 30 2
7 20 2
10 23 2
38 89 2
11 33 2
30 55 2
12 29 2
38 46 2
23 24 2
45 78 2
3 14 2
11 30 2
17 88 2
13 75 2
7 21 2
51 83 2
55 59 2
21 49 2
40 62 2
29 48 2
0 24 2
10 37 2
26 38 2
47 48 2
23 36 2
33 70 1
14 26 2
19 71 2
1 25 2
4 66 2
13 73 1
13 45 2
29 98 2
14 58 2
10 53 2
6 25 2
6 8 2
18 38 2
15 36 2
0 6 2
21 55 2
4 29 2
10 28 2
2 95 2
4 85 2
31 56 2
8 51 2
7 82 1
36 98 2
19 33 2
11 62 2
10 25 2
15 24 2
4 86 2
5 66 2
5 19 2
22 54 2
9 40 2
3 24 2
32 66 2
52 80 1
3 20 2
27 58 2
20 24 2
8 23 2
10 33 2
34 37 2
21 47 2
46 98 2
34 39 2
38 39 2
34 43 2
46 55 2
28 38 2
8 63 2
5 50 2
5 8 2
16 17 2
12 48 2
5 43 2
28 88 2
13 55 2
21 54 2
15 87 2
25 41 2
47 75 2
50 60 2
45 74 2
9 56 2
14 86 2
8 84 2
4 75 2
31 83 2
17 32 2
2 7 2
56 58 2
11 55 2
22 42 2
17 22 2
20 55 2
8 35 2
12 16 2
14 51 2
41 87 1
18 84 1
1 62 2
22 64 2
23 49 2
30 41 2
11 48 2
30 58 2
33 49 2
22 23 2
18 34 2
7 56 2
4 44 2
19 43 2
55 60 2
33 54 2
4 51 2
53 67 2
7 46 2
3 89 1
39 58 2
33 50 2
7 23 2
34 55 2
14 30 2
32 40 2
41 60 2
16 47 2
34 44 2
21 35 2
12 43 2
29 47 2
19 55 2
49 65 1
19 32 2
7 40 2
14 89 1
13 36 2
21 40 2
5 13 2
8 13 2
30 59 2
17 35 2
15 52 2
55 66 2
13 99 1
10 36 2
25 48 2
11 42 2
11 54 2
15 28 2
42 55 2
58 59 2
21 56 2
23 25 2
3 77 1
34 76 2
38 48 2
43 55 2
45 53 2
4 37 2
13 80 2
18 55 2
28 31 2
41 59 2
1 20 2
9 21 2
7 55 2
19 47 2
27 96 1
28 94 2
0 1 2
38 50 2
42 70 2
13 39 2
7 9 2
32 43 2
32 46 2
7 24 2
40 52 2
55 90 2
8 19 2
51 90 1
37 79 2
25 33 2
41 53 2
37 52 2
47 63 1
51 53 2
33 57 2
54 84 2
49 60 2
1 28 2
24 52 2
3 52 2
12 77 1
11 89 2
13 58 2
42 77 2
41 54 2
1 34 2
28 91 2
7 16 2
9 13 2
45 54 2
44 47 2
31 64 2
20 98 1
11 17 2
8 53 2
3 21 2
24 31 2
18 46 2
16 26 2
39 42 2
34 40 2
0 8 2
25 80 2
29 49 2
10 57 2
51 88 2
44 59 2
12 20 2
33 38 2
47 49 2
1 29 2
44 58 2
7 54 2
52 57 2
1 70 2
8 29 2
37 94 2
19 78 2
52 78 1
9 37 2
55 81 1
11 96 1
4 54 2
1 63 1
6 23 2
4 98 2
37 44 2
47 67 2
9 42 2
9 51 2
9 74 1
48 92 1
11 18 2
25 42 2
1 46 2
25 60 1
54 64 1
4 68 2
40 48 2
6 17 2
9 44 2
12 22 2
38 81 2
49 94 2
11 22 2
14 41 2
4 16 2
24 42 2
11 39 2
3 37 2
8 97 2
43 47 2
18 73 1
20 59 2
23 34 2
40 47 2
19 54 2
5 35 2
7 41 2
5 40 2
44 99 2
7 71 2
37 56 2
30 44 2
17 40 2
16 45 2
25 53 2
36 51 2
23 59 2
18 89 2
38 55 2
18 51 2
14 77 1
14 37 2
28 43 2
2 31 2
41 48 2
11 28 2
50 53 2
28 75 2
49 90 2
11 51 2
30 53 2
30 54 2
11 73 2
17 51 2
21 82 2
59 80 2
1 51 2
15 41 2
25 26 2
18 24 2
39 59 2
58 84 1
12 50 2
1 57 2
8 66 2
38 66 1
4 8 2
10 41 2
31 52 2
41 44 2
51 67 1
20 40 2
45 95 1
58 78 2
12 47 2
36 73 1
11 20 2
49 89 2
23 40 2
19 24 2
12 99 1
42 53 2
52 74 2
5 15 2
23 28 2
13 43 2
4 15 2
8 18 2
1 13 2
26 80 2
2 49 2
29 89 2
23 38 2
44 78 2
42 46 2
24 55 2
11 19 2
38 56 2
9 10 2
56 94 2
41 52 2
37 45 2
11 35 2
0 4 2
0 28 2
31 48 2
13 16 2
47 51 2
26 29 2
10 16 2
27 43 2
46 63 2
50 66 2
28 37 2
51 58 2
48 69 2
12 19 2
18 19 2
2 4 2
10 99 2
32 54 2
5 55 2
31 40 2
53 73 2
16 24 2
54 55 2
24 41 2
25 51 2
7 31 2
1 39 2
21 26 2
20 50 2
54 66 2
7 48 2
24 35 2
43 87 2
38 53 2
45 66 2
33 87 2
12 21 2
13 25 2
16 21 2
15 91 2
50 86 2
44 46 2
16 27 2
2 52 2
19 40 2
39 71 2
27 35 2
42 72 2
36 53 2
41 43 2
34 56 2
22 45 2
9 72 1
18 30 2
43 74 2
10 66 2
28 62 2
11 34 2
27 39 2
11 77 2
3 48 2
3 16 2
41 49 2
34 45 2
3 59 2
39 60 1
11 14 2
25 85 2
34 95 2
12 90 1
0 51 2
49 78 2
16 40 2
41 57 2
14 38 2
53 59 2
47 68 2
50 52 2
15 56 2
57 74 2
28 78 2
54 79 2
16 22 2
22 24 2
35 76 2
5 65 2
4 9 2
33 71 2
2 13 2
13 52 2
21 25 2
1 90 2
26 56 2
1 52 2
20 54 2
6 21 2
27 36 2
43 97 1
8 50 2
38 57 2
24 27 2
1 88 1
42 47 2
0 12 2
33 43 2
39 55 2
41 90 2
0 96 2
26 42 2
13 83 2
18 33 2
11 31 2
22 28 2
23 60 1
19 27 2
29 96 2
46 71 2
1 17 2
19 61 2
6 39 2
28 71 2
45 50 2
17 49 2
54 76 2
7 18 2
3 43 2
18 58 2
4 88 1
9 28 2
9 58 2
40 44 2
24 65 1
9 17 2
10 39 2
40 50 2
20 22 2
20 42 2
33 52 2
29 46 2
18 57 2
3 12 2
7 80 2
9 15 2
20 52 2
2 28 2
11 93 2
5 45 2
24 92 1
8 36 2
0 76 2
11 52 2
6 76 1
35 53 2
20 35 2
20 45 2
3 36 2
13 81 2
24 43 2
31 39 2
38 72 1
3 51 2
10 21 2
2 51 2
55 57 2
35 52 2
44 91 2
29 41 2
17 58 2
29 30 2
5 48 2
22 38 2
40 68 2
35 46 2
29 65 2
2 45 2
20 49 2
10 58 2
6 16 2
6 18 2
37 40 2
29 54 2
6 22 2
2 11 2
3 44 2
23 53 2
56 83 2
15 49 2
17 43 2
0 26 2
12 38 2
49 58 2
17 21 2
44 48 2
11 15 2
31 57 2
27 51 2
15 73 2
6 40 2
4 55 2
24 37 2
12 86 2
3 53 2
13 26 2
33 53 2
29 74 2
2 72 1
36 58 2
27 50 2
53 75 2
46 87 1
4 7 2
16 38 2
9 49 2
8 43 2
3 31 2
37 55 2
31 47 2
27 57 2
35 54 2
42 58 2
26 50 2
26 27 2
31 38 2
10 65 2
9 71 2
3 55 2
11 81 2
29 35 2
42 45 2
35 36 2
26 28 2
11 32 2
11 26 2
17 28 2
2 99 2
6 80 1
8 59 2
1 18 2
13 17 2
7 22 2
43 58 2
16 54 2
21 22 2
17 93 2
36 57 2
26 46 2
31 46 2
42 68 2
28 65 1
14 56 2
23 94 2
45 76 1
19 93 2
55 56 2
18 37 2
12 87 2
41 45 2
29 31 2
50 55 2
45 52 2
35 57 2
33 46 2
32 74 2
10 40 2
34 58 2
9 50 2
22 51 2
30 71 1
34 57 2
28 40 2
5 27 2
11 46 2
24 29 2
27 56 2
23 50 2
31 71 1
39 65 2
22 27 2
14 50 2
44 69 2
18 64 2
2 20 2
43 95 2
3 27 2
31 93 2
16 44 2
23 45 2
20 21 2
33 55 2
34 77 2
22 37 2
23 73 2
50 95 2
4 52 2
30 51 2
2 42 2
46 54 2
44 54 2
30 91 2
18 28 2
4 35 2
24 75 2
40 91 2
37 49 2
3 57 2
34 47 2
11 13 2
30 61 2
9 59 2
1 24 2
7 47 2
25 50 2
0 18 2
59 87 2
10 68 2
17 25 2
8 81 2
9 27 2
14 36 2
22 43 2
2 10 2
34 49 2
23 31 2
48 72 2
20 67 2
48 52 2
9 41 2
29 37 2
37 42 2
18 36 2
37 53 2
35 50 2
30 76 1
52 58 2
35 39 2
22 34 2
27 77 1
46 73 1
5 79 2
12 18 2
39 96 2
30 37 2
42 57 2
18 44 2
8 30 2
20 29 2
47 99 2
19 52 2
4 59 2
26 87 2
44 82 2
19 53 2
29 55 2
0 34 2
57 96 2
36 41 2
26 33 2
9 20 2
1 72 2
36 90 1
28 58 2
23 89 2
4 11 2
29 53 2
20 68 1
15 32 2
6 13 2
7 8 2
33 39 2
6 62 1
44 53 2
31 80 2
8 14 2
26 78 2
57 99 2
7 13 2
17 54 2
19 25 2
18 99 2
39 50 2
15 35 2
46 56 2
30 83 1
32 39 2
4 38 2
29 99 1
19 22 2
1 49 2
24 51 2
25 38 2
19 29 2
49 85 2
37 57 2
3 22 2
30 88 2
1 12 2
13 97 2
25 34 2
36 55 2
38 90 1
17 33 2
15 30 2
9 31 2
3 6 2
8 31 2
21 38 2
24 40 2
4 83 2
18 94 1
43 77 1
46 94 2
1 35 2
41 76 2
3 39 2
13 37 2
32 59 2
36 45 2
9 82 2
36 88 1
25 31 2
8 62 2
7 77 2
33 44 2
32 57 2
36 40 2
46 90 2
0 27 2
9 39 2
26 85 1
16 31 2
4 21 2
21 99 2
1 59 2
10 11 2
39 61 2
12 39 2
15 92 2
33 35 2
17 30 2
21 48 2
46 89 2
40 90 2
27 97 1
24 63 2
23 30 2
9 14 2
23 52 2
14 53 2
29 68 1
42 49 2
37 58 2
41 50 2
17 55 2
28 32 2
25 30 2
8 25 2
6 30 2
52 97 2
12 49 2
17 27 2
46 95 1
57 75 2
22 86 2
6 58 2
48 79 1
39 84 1
19 20 2
13 54 2
21 28 2
3 7 2
47 54 2
25 54 2
24 28 2
5 44 2
16 35 2
46 47 2
22 69 2
17 18 2
43 59 2
5 38 2
32 47 2
14 47 2
24 39 2
13 38 2
43 90 2
15 75 2
19 50 2
47 50 2
15 50 2
20 48 2
13 56 2
2 29 2
6 65 2
17 37 2
38 54 2
3 15 2
15 47 2
12 59 2
21 24 2
27 42 2
15 21 2
3 4 2
35 37 2
39 57 2
34 59 2
4 50 2
38 79 2
27 91 1
0 48 2
24 44 2
13 40 2
34 88 2
22 76 1
22 58 2
43 50 2
36 86 2
47 59 2
40 51 2
15 53 2
29 92 2
38 76 1
22 26 2
26 82 2
18 72 1
18 47 2
46 52 2
6 78 2
11 24 2
43 57 2
30 72 2
9 16 2
39 83 1
1 11 2
15 37 2
0 9 2
56 59 2
0 35 2
7 17 2
1 37 2
28 35 2
31 53 2
29 56 2
9 57 2
14 96 1
24 59 2
18 22 2
15 67 1
11 12 2
13 90 2
8 49 2
23 37 2
3 41 2
44 49 2
5 34 2
53 55 2
18 79 2
17 36 2
7 33 2
40 45 2
4 22 2
1 9 2
32 93 1
15 23 2
6 82 2
3 58 2
7 58 2
18 31 2
54 56 2
6 97 1
27 70 2
19 69 2
6 19 2
0 97 2
13 51 2
14 17 2
20 44 2
10 17 2
4 47 2
2 27 2
33 40 2
13 35 2
37 76 1
8 47 2
38 40 2
14 18 2
9 34 2
17 56 2
6 46 2
38 58 2
14 42 2
5 71 2
14 45 2
2 19 2
33 90 2
2 15 2
12 54 2
26 68 1
15 33 2
12 73 1
12 42 2
9 63 1
0 15 2
6 44 2
5 21 2
28 33 2
8 34 2
35 93 2
15 16 2
25 99 1
45 48 2
43 48 2
20 57 2
21 92 2
15 99 2
2 25 2
3 83 1
2 21 2
14 31 2
21 57 2
10 90 2
14 54 2
38 45 2
57 81 2
38 44 2
20 38 2
40 73 2
15 85 2
12 33 2
8 64 1
3 8 2
48 91 2
4 82 2
50 54 2
7 10 2
6 53 2
7 14 2
41 51 2
4 40 2
21 23 2
13 14 2
0 23 2
0 45 2
48 77 2
32 51 2
9 43 2
25 27 2
33 48 2
29 63 2
27 48 2
9 12 2
1 42 2
51 96 2
10 48 2
41 75 2
8 48 2
17 39 2
49 77 2
9 36 2
14 44 2
20 82 2
3 94 1
21 91 2
22 29 2
49 54 2
58 86 2
31 50 2
15 46 2
2 55 2
6 66 1
49 59 2
13 27 2
5 28 2
31 59 2
11 43 2
47 85 2
27 60 2
1 3 2
29 36 2
7 29 2
25 28 2
15 22 2
2 63 2
18 52 2
18 53 2
33 45 2
51 94 2
35 82 2
20 36 2
10 94 2
32 44 2
42 51 2
7 27 2
38 51 2
28 77 2
3 40 2
34 80 2
8 41 2
16 42 2
11 27 2
41 88 1
4 20 2
25 68 1
33 76 2
29 72 1
33 51 2
19 51 2
19 82 2
2 23 2
16 87 1
5 30 2
45 87 1
46 51 2
22 39 2
42 92 1
12 57 2
54 97 2
22 59 2
16 53 2
2 47 2
20 56 2
52 66 2
9 38 2
31 35 2
8 58 2
0 70 2
42 56 2
24 56 2
12 51 2
30 48 2
6 57 2
14 16 2
7 51 2
12 17 2
7 26 2
56 82 1
2 6 2
19 45 2
25 37 2
34 35 2
2 9 2
40 46 2
3 28 2
32 49 2
24 64 2
6 28 2
31 70 1
28 83 2
27 41 2
4 97 2
31 97 1
34 46 2
30 46 2
6 26 2
22 33 2
15 17 2
44 51 2
8 16 2
25 44 2
25 49 2
55 58 2
11 57 2
2 36 2
13 85 2
34 48 2
26 31 2
43 75 1
19 39 2
3 99 2
15 45 2
5 25 2
26 91 2
48 54 2
4 99 1
26 47 2
4 13 2
54 73 2
47 91 2
11 47 2
4 36 2
26 43 2
40 64 2
11 58 2
3 11 2
8 56 2
10 43 2
21 41 2
22 31 2
14 67 2
37 38 2
0 39 2
3 72 2
14 48 2
36 46 2
31 85 1
7 38 2
17 29 2
7 62 2
54 63 1
30 97 2
0 67 2
18 25 2
2 58 2
10 22 2
5 47 2
38 59 2
21 30 2
33 36 2
38 41 2
24 36 2
14 63 2
32 99 1
30 34 2
1 38 2
4 23 2
13 77 2
17 45 2
10 59 2
13 31 2
2 34 2
14 15 2
29 39 2
43 94 2
17 38 2
1 32 2
9 29 2
56 93 2
27 54 2
32 35 2
17 52 2
18 21 2
8 40 2
10 20 2
11 80 1
13 15 2
29 83 1
21 46 2
57 61 1
49 53 2
21 27 2
36 76 2
18 49 2
23 58 2
30 43 2
28 34 2
26 45 2
15 64 2
39 44 2
15 54 2
22 80 1
7 83 1
8 44 2
52 99 2
41 72 1
5 49 2
29 64 2
16 33 2
26 34 2
12 35 2
31 41 2
5 61 2
1 7 2
6 12 2
20 26 2
4 18 2
23 42 2
28 54 2
49 88 1
5 12 2
56 67 2
32 56 2
16 39 2
12 26 2
4 46 2
8 57 2
38 43 2
16 32 2
21 29 2
35 83 2
4 45 2
9 45 2
50 73 1
42 50 2
19 56 2
34 98 2
38 99 1
30 92 2
11 82 2
32 37 2
14 74 1
44 45 2
57 83 2
18 74 2
23 32 2
27 45 2
31 54 2
11 38 2
7 87 1
7 52 2
58 82 2
25 61 2
36 91 2
1 82 2
5 57 2
33 59 2
24 57 2
9 48 2
3 18 2
5 51 2
17 79 1
24 49 2
16 18 2
33 34 2
14 20 2
39 95 2
41 66 2
29 58 2
10 74 1
21 64 2
25 58 2
6 52 2
6 7 2
37 81 2
49 52 2
49 55 2
27 47 2
39 72 2
41 84 1
28 30 2
40 94 1
12 31 2
13 24 1
17 76 2
15 39 1
1 53 1
27 44 1
12 14 1
17 91 2
9 54 1
1 69 1
23 54 1
19 21 1
5 23 1
48 53 1
10 62 2
32 34 1
79 88 1
76 86 2
5 9 1
66 88 2
8 15 1
17 42 1
24 95 1
20 46 1
0 93 1
51 62 1
21 77 2
55 88 1
43 52 1
16 58 1
9 53 1
12 15 1
