% n=75 p=33 d=0.66 p_blue=0.66
% k=0
16 74 2
8 21 2
8 54 2
18 67 2
1 59 2
22 54 1
18 74 1
1 52 1
0 10 2
16 37 2
7 60 2
24 42 2
13 62 2
12 62 1
14 18 2
16 57 1
11 18 2
11 31 1
9 34 2
19 34 1
22 63 2
10 28 1
3 62 2
11 66 2
8 36 2
0 59 1
21 34 2
22 52 1
19 39 2
0 64 2
16 55 2
23 55 2
23 52 2
12 16 2
24 52 2
12 46 2
0 54 1
13 47 1
0 57 1
24 55 1
1 41 2
6 14 2
16 23 2
20 25 2
0 27 2
17 50 2
12 48 1
10 40 2
1 12 2
8 17 2
9 59 2
9 61 2
6 53 1
6 66 1
17 44 1
12 31 1
18 71 1
11 62 1
2 46 1
5 43 1
10 70 1
5 32 1
11 67 2
13 38 2
2 7 2
1 63 1
20 34 2
16 21 2
7 70 1
12 69 2
20 45 2
6 45 2
9 74 2
6 18 2
14 19 2
0 50 2
7 16 2
1 13 2
13 24 2
15 59 2
17 60 2
8 61 2
14 72 2
6 16 2
14 46 2
12 70 1
7 69 2
1 21 2
10 46 2
2 31 1
12 21 2
21 55 2
22 25 2
11 54 1
1 47 2
5 48 1
21 62 2
8 20 2
14 23 2
21 70 2
14 74 2
4 62 2
15 41 2
1 74 2
7 54 2
9 23 2
18 51 2
21 49 1
23 44 1
9 29 2
12 15 2
3 12 2
0 25 2
14 34 2
17 26 2
10 50 2
20 63 1
12 38 1
7 38 2
3 63 2
22 69 2
4 60 2
22 30 2
10 59 2
5 35 1
10 16 2
4 36 2
24 61 2
7 8 2
17 24 2
3 28 2
15 25 2
5 13 2
6 51 2
7 65 2
18 59 2
12 27 2
24 72 2
20 38 2
8 63 1
16 49 2
10 54 2
3 53 2
21 58 1
17 23 2
19 21 2
2 3 2
2 54 2
19 31 2
4 18 2
11 33 2
9 22 2
11 41 2
16 63 2
8 29 1
17 67 2
21 67 2
3 27 2
12 44 1
1 2 2
13 32 1
0 45 2
14 15 2
9 19 2
1 24 2
24 64 2
22 51 2
6 35 2
14 24 2
11 13 2
4 14 2
23 59 1
22 59 2
18 55 2
4 59 2
3 5 2
2 37 2
6 43 1
16 18 2
22 61 2
13 67 1
2 25 2
2 38 2
16 70 1
6 72 2
2 74 2
5 8 2
5 24 2
8 18 2
17 63 2
4 16 2
23 29 1
4 48 2
7 44 1
11 20 2
15 34 2
14 29 1
4 28 2
16 24 2
4 10 2
14 30 2
13 61 1
21 51 2
15 67 2
0 4 2
1 64 2
1 19 2
7 14 2
2 39 1
17 62 1
15 35 2
14 67 1
2 64 2
8 23 2
4 42 2
24 38 2
2 56 1
11 61 1
11 19 2
17 57 2
19 64 2
22 66 2
9 39 2
6 49 2
13 65 2
15 50 2
5 11 2
6 26 2
2 28 1
13 64 2
0 32 1
24 34 1
2 62 1
12 13 2
11 21 2
0 8 2
6 67 2
4 44 2
4 50 2
12 18 2
14 44 1
18 65 2
4 55 2
5 7 2
12 61 2
2 22 2
18 22 2
2 66 2
16 39 2
15 30 1
12 14 2
7 32 2
12 58 1
15 47 2
7 40 2
7 33 1
1 9 2
14 39 2
16 51 2
11 56 2
18 48 1
12 59 2
6 46 1
17 18 2
16 72 1
6 13 2
12 67 1
16 67 2
7 41 1
21 32 2
10 33 2
8 9 2
20 21 2
10 71 1
3 50 1
12 52 2
8 19 2
16 48 2
15 64 2
23 49 2
3 61 2
5 74 2
15 52 2
23 72 2
19 66 1
14 69 2
21 48 1
14 45 2
0 66 2
5 56 1
22 38 2
18 19 2
1 20 2
2 13 2
8 26 1
14 64 2
1 17 2
23 26 2
2 20 2
9 28 2
20 41 1
20 33 2
6 37 2
13 42 2
2 33 2
5 21 2
3 57 1
21 22 2
11 55 1
0 71 1
13 66 2
23 24 2
13 17 2
0 72 2
11 65 2
14 55 2
9 37 1
19 30 2
2 48 1
20 52 1
0 38 2
6 42 2
3 46 2
15 26 2
7 34 1
5 19 2
21 73 2
23 66 2
9 55 2
23 58 2
1 54 1
20 40 2
5 57 2
13 69 2
24 68 2
5 50 2
1 27 2
6 25 1
2 34 2
1 7 2
6 55 2
15 62 2
13 14 2
7 26 2
18 53 2
24 30 1
6 22 2
0 21 2
3 71 1
17 59 1
20 47 1
5 71 1
0 18 2
21 35 2
23 67 2
13 31 1
11 44 2
8 16 2
24 39 2
19 68 2
17 46 2
3 13 2
5 70 1
12 30 2
3 25 2
19 38 2
22 62 1
8 40 2
19 56 1
10 64 1
9 52 2
3 74 1
23 42 2
1 61 2
17 49 2
18 21 2
9 46 2
13 23 2
21 38 1
22 53 2
20 61 2
17 45 2
10 30 2
13 39 2
3 54 2
5 15 2
1 71 2
5 6 2
2 11 2
2 9 2
6 39 2
17 69 2
14 54 1
2 14 2
21 50 2
6 12 2
20 29 1
4 15 2
0 14 2
16 60 2
16 53 2
15 32 2
17 19 2
17 56 2
4 67 1
6 28 2
6 7 2
11 59 2
7 13 2
1 5 2
19 72 2
23 33 1
1 48 2
16 40 1
21 72 2
14 60 2
11 53 2
1 58 1
3 72 2
9 69 2
14 25 1
4 65 2
10 20 2
22 39 1
12 24 2
9 12 2
0 1 2
0 6 2
4 52 2
10 22 2
0 30 2
10 65 1
23 62 2
16 52 1
16 61 2
16 45 1
2 57 2
5 30 2
10 42 2
4 63 1
11 14 2
9 47 2
18 49 2
9 51 2
14 70 1
18 26 1
12 37 2
22 50 2
23 61 1
4 37 2
17 51 2
0 65 2
20 35 2
0 46 2
4 25 1
6 63 2
1 40 2
10 37 1
18 66 2
14 21 2
11 34 2
6 8 2
7 19 2
3 7 2
1 38 1
11 58 2
8 33 2
10 56 2
0 44 2
1 35 2
4 34 2
4 27 2
8 69 2
21 63 2
1 15 2
3 68 2
21 68 2
11 74 2
16 20 2
8 56 2
10 25 2
8 22 2
13 40 2
11 15 2
23 39 2
4 47 1
1 25 2
19 24 2
15 23 2
22 70 2
10 60 2
11 24 2
1 26 2
12 71 1
17 48 1
4 41 2
19 70 2
19 25 1
10 52 2
7 22 2
21 33 2
6 24 2
21 69 2
15 72 1
16 44 1
2 72 2
12 20 2
13 19 2
10 14 2
22 33 1
13 44 2
2 70 2
8 70 2
18 64 2
17 53 2
5 44 1
22 67 1
1 22 2
8 30 2
3 34 2
1 45 1
9 16 2
11 64 1
15 58 2
11 27 2
22 55 2
17 39 2
7 73 2
12 49 1
15 61 1
24 50 2
0 41 2
2 17 2
20 51 2
6 71 1
21 42 2
4 66 2
0 73 2
20 55 2
5 23 2
5 28 2
9 60 2
14 51 2
4 7 2
7 20 2
15 16 2
7 66 2
14 26 2
19 59 1
9 45 2
23 53 1
2 63 2
14 52 2
13 22 2
23 51 2
13 68 2
17 21 2
13 15 2
19 37 1
2 18 2
14 36 2
16 50 2
9 71 2
8 51 2
23 50 1
2 35 2
1 18 2
12 19 2
4 24 2
14 35 2
7 43 2
22 56 1
12 22 2
10 73 1
10 45 1
6 15 2
23 43 1
6 64 1
22 36 1
20 43 1
8 46 1
17 47 2
13 45 1
8 14 2
12 26 2
1 3 2
7 62 2
8 49 2
10 67 1
13 16 2
2 43 2
19 58 1
4 21 2
0 20 2
19 52 1
22 68 2
15 65 2
0 19 2
19 57 2
2 23 2
18 20 2
16 32 2
1 53 2
15 69 1
4 51 2
17 65 2
9 67 1
20 22 2
24 40 2
16 42 2
11 29 2
12 50 1
19 65 1
12 53 2
20 57 2
9 66 2
10 21 2
10 32 1
0 28 1
24 57 1
2 61 1
10 27 1
10 29 2
0 43 1
13 29 2
8 72 2
3 70 2
1 32 2
5 25 2
5 31 1
20 68 2
0 70 2
3 19 2
2 60 2
11 45 1
17 22 2
19 67 2
0 26 1
16 43 1
23 48 2
3 16 2
18 44 1
8 13 2
14 42 1
2 10 2
3 24 2
1 51 1
15 66 1
24 47 2
7 27 1
6 11 2
1 23 2
0 42 2
0 51 2
9 33 2
19 28 2
2 44 2
3 30 1
4 70 2
17 72 1
10 24 2
8 24 2
13 48 2
6 33 2
16 28 1
3 15 2
7 21 2
4 9 2
18 31 2
16 25 2
6 50 2
1 37 2
3 44 1
11 39 2
11 63 2
6 19 2
12 25 2
16 54 2
24 51 1
24 31 2
0 48 2
12 68 2
22 57 2
16 31 1
5 10 2
19 44 2
6 20 2
12 40 2
0 15 2
7 12 2
12 23 2
2 15 2
12 34 2
22 74 2
19 20 2
2 26 1
12 43 2
17 43 1
18 45 2
13 71 2
9 13 2
24 67 2
0 5 2
20 37 2
4 45 1
9 48 2
21 30 1
15 57 1
22 42 2
5 72 2
8 41 2
16 62 2
0 23 2
7 50 1
0 36 2
20 62 2
1 10 2
12 42 2
4 57 2
21 37 2
6 70 2
14 20 2
8 67 1
5 27 2
23 56 2
14 17 2
22 46 1
9 21 2
4 71 1
9 14 2
15 17 2
0 22 2
4 38 2
19 73 1
18 60 2
18 38 1
15 46 1
3 21 2
3 8 2
11 42 1
23 32 2
16 19 2
9 57 2
5 47 2
3 52 2
23 60 1
7 67 2
8 15 2
19 35 2
24 54 2
22 64 2
4 22 2
16 22 2
20 23 2
1 33 2
22 43 2
23 73 1
15 18 2
0 60 1
10 62 2
3 10 2
23 36 2
10 61 2
10 15 2
4 74 1
7 24 2
17 40 2
11 71 1
1 70 2
21 46 2
10 44 2
2 6 2
23 28 2
7 35 1
14 16 2
15 19 2
10 13 2
9 42 1
4 5 2
0 61 2
3 67 1
5 9 2
18 57 2
0 16 2
11 36 2
24 69 2
4 11 2
13 26 2
11 43 2
5 18 2
22 71 2
15 28 1
22 24 2
4 69 1
2 36 2
0 24 2
5 51 2
4 64 2
18 43 2
9 41 1
13 70 2
18 72 2
8 35 2
21 24 2
1 44 2
7 23 2
18 54 2
24 29 2
15 22 2
0 2 2
18 63 1
4 20 2
0 31 1
17 61 1
1 11 2
10 68 2
16 64 1
17 41 2
4 6 2
22 49 1
21 66 2
5 39 2
7 74 1
4 33 2
20 27 2
21 54 1
3 18 2
0 7 2
7 55 1
8 55 1
3 9 2
5 14 2
6 62 2
12 55 1
8 27 1
10 11 2
5 29 2
8 12 2
2 4 2
12 74 1
11 49 2
23 46 2
7 39 2
19 74 2
18 42 2
20 50 2
14 59 2
20 24 2
22 23 2
6 21 2
4 17 2
11 70 1
20 60 2
3 17 2
24 73 1
16 68 2
1 8 2
13 37 2
8 52 2
16 46 2
7 71 2
4 23 2
23 70 2
5 46 2
6 23 2
10 63 1
19 42 2
8 28 2
17 68 2
15 20 2
15 21 2
6 57 2
15 33 2
4 72 2
3 26 2
8 11 2
7 59 2
5 41 2
18 68 2
22 41 2
21 65 2
16 17 2
3 23 2
3 45 2
14 28 2
11 47 2
6 58 2
11 12 2
21 44 2
15 44 2
13 21 2
9 20 2
9 72 1
5 22 2
9 24 2
5 26 2
23 47 2
0 17 2
13 54 1
9 31 2
11 48 2
5 53 2
7 36 2
0 69 2
21 27 2
22 37 2
4 12 2
22 34 2
10 23 2
5 73 1
2 40 1
6 34 1
5 12 2
0 34 2
14 56 2
4 19 2
5 36 1
7 58 1
10 17 2
9 64 2
12 47 2
9 17 2
13 27 2
23 25 1
7 56 2
4 61 2
21 26 2
16 65 2
5 69 2
13 51 2
15 39 2
2 21 2
2 65 2
6 30 2
1 34 2
23 40 2
11 16 2
13 34 1
19 61 1
12 54 2
11 69 1
4 13 2
10 58 2
22 29 2
4 49 2
10 69 2
6 44 2
14 22 2
11 35 1
0 33 2
23 63 1
6 17 2
10 57 1
12 17 2
17 35 2
9 10 2
7 9 2
24 32 2
1 4 2
5 20 2
18 35 2
10 18 2
17 55 2
21 28 2
11 51 2
19 23 2
18 46 2
20 58 1
17 20 2
13 55 1
9 50 1
7 15 2
3 36 1
9 70 2
1 29 1
2 12 2
20 36 2
8 47 2
18 62 1
7 30 1
6 9 2
12 72 2
6 59 2
18 73 1
3 20 2
6 68 2
18 25 2
21 61 1
8 48 1
17 25 1
9 49 2
20 54 2
13 30 1
1 6 2
2 27 2
15 24 2
5 60 1
15 29 2
12 57 1
21 29 2
5 45 1
8 57 2
15 43 2
0 49 1
8 73 2
11 22 2
5 62 2
0 67 2
7 17 2
24 70 1
18 24 2
6 54 1
18 47 2
8 66 2
3 49 2
6 32 2
2 67 1
8 38 1
11 17 2
21 23 2
5 16 2
23 27 2
15 37 1
9 30 2
18 52 1
7 10 2
13 18 2
6 41 2
17 34 2
7 53 1
19 26 2
10 34 2
7 47 2
0 35 2
11 23 2
22 58 1
13 36 2
8 10 2
2 19 2
14 58 2
2 5 2
7 11 2
20 70 1
14 63 2
19 62 2
1 16 2
0 3 2
4 8 2
7 18 2
4 54 2
17 33 2
12 33 2
3 6 2
8 58 2
1 60 2
2 16 2
1 49 2
1 50 1
15 48 1
13 43 1
17 37 2
12 41 1
5 68 1
3 56 2
3 22 2
5 64 1
12 56 2
9 63 2
3 64 2
16 30 1
8 45 2
6 60 2
21 40 1
10 12 2
24 71 2
3 14 2
6 61 2
23 74 1
14 66 1
4 32 2
16 35 2
19 22 2
0 9 2
13 59 1
3 4 2
16 56 2
10 51 2
3 40 1
23 41 2
2 41 1
24 26 1
13 28 1
1 31 2
24 27 2
1 67 2
23 64 2
1 36 2
1 14 2
6 47 1
14 32 2
9 15 2
12 66 1
18 29 2
7 42 1
15 27 1
6 10 2
24 62 2
14 53 1
9 11 2
11 68 1
3 11 2
17 70 2
15 74 2
0 47 1
9 25 2
8 34 1
54 62 1
42 62 2
9 18 1
13 20 1
46 55 2
5 55 2
8 59 2
2 8 1
15 55 1
5 17 1
23 34 2
2 59 2
19 46 2
0 11 1
0 12 1
34 54 2
24 74 2
42 60 1
24 60 1
24 46 2
18 34 1
0 13 1
54 55 1
15 60 2
