% n=25 p=60 d=0.33 p_blue=0.33
% k=0
14 16 1
9 12 2
12 23 1
14 20 1
0 6 2
7 8 2
10 14 2
12 15 1
6 8 2
1 11 2
3 13 2
2 7 2
2 10 2
5 8 2
9 10 2
11 24 1
1 7 2
6 11 2
0 12 2
2 3 2
1 10 2
10 15 2
11 17 2
13 19 1
6 13 2
1 14 2
13 14 2
9 11 2
11 12 2
2 21 2
7 11 2
1 23 1
3 15 1
7 24 2
0 17 2
8 11 2
8 13 2
4 7 2
3 8 2
8 12 2
10 12 2
6 19 2
7 9 2
14 23 2
3 11 2
3 10 2
2 14 2
5 13 2
6 14 2
6 24 1
5 20 2
2 11 2
13 23 2
7 12 2
8 15 1
3 4 2
8 9 2
12 18 1
5 14 2
4 8 2
5 11 2
0 3 2
10 21 2
5 12 2
14 22 1
14 24 1
12 20 2
0 9 2
9 14 2
1 5 2
12 14 2
7 14 2
1 4 2
11 22 1
3 17 1
7 23 1
0 10 2
8 14 2
1 3 2
4 18 1
3 20 2
0 14 2
1 13 2
4 11 2
8 16 1
0 1 2
3 6 2
5 10 2
1 2 2
7 18 1
4 24 2
10 19 1
2 9 2
6 7 2
3 7 2
11 14 2
4 10 2
4 9 2
11 16 1
2 4 2
0 4 2
2 8 2
8 10 2
6 23 1
1 8 2
11 23 1
3 5 2
6 20 2
2 19 1
0 11 2
1 17 2
0 5 2
0 13 2
6 9 2
10 22 1
9 13 2
0 2 2
1 9 2
1 15 1
10 11 2
10 24 2
2 5 2
9 20 1
10 13 2
3 12 2
14 21 2
4 12 2
5 9 2
13 21 1
7 10 2
4 14 2
4 13 2
7 13 2
3 14 2
8 18 2
5 6 2
11 13 2
12 13 2
3 9 2
2 6 2
6 12 2
6 10 2
3 18 1
0 8 2
4 6 2
1 12 2
2 13 1
5 7 1
1 6 1
2 12 1
