% n=25 p=60 d=0.66 p_blue=0.66
% k=0
1 19 2
13 19 1
6 12 2
1 7 2
6 20 1
2 12 2
0 17 2
11 14 2
6 19 1
1 5 2
4 19 2
12 21 1
9 23 2
0 9 2
2 3 2
5 24 2
0 6 2
10 17 2
11 18 2
3 14 2
1 3 2
13 22 2
5 12 2
8 24 1
0 16 1
1 20 2
0 2 2
14 16 2
4 7 2
2 23 1
6 21 1
2 17 1
6 17 2
13 17 2
8 15 1
4 22 1
3 12 2
13 14 2
14 20 2
4 14 2
10 18 2
0 14 2
2 9 2
7 16 1
8 22 2
4 21 1
8 14 2
4 12 2
11 15 2
0 7 2
1 4 2
3 16 1
0 8 2
7 9 2
3 10 2
12 17 2
9 12 2
10 23 2
13 18 1
10 24 2
14 21 1
1 18 1
5 22 1
5 18 1
8 18 2
2 7 2
5 17 1
12 23 2
2 11 2
2 6 2
7 11 2
11 24 1
1 2 2
3 9 2
14 18 1
0 5 2
6 7 2
3 18 2
11 13 2
1 10 2
10 12 2
0 3 2
4 24 2
11 17 1
2 21 2
3 7 2
0 15 2
1 14 2
7 17 2
11 16 2
3 24 1
3 6 2
2 14 2
5 6 2
4 23 1
5 13 2
7 8 2
9 20 2
4 8 2
2 4 2
7 18 2
10 16 2
6 14 2
10 11 2
10 13 2
14 17 2
5 16 1
4 5 2
5 7 2
11 20 2
1 12 2
7 12 2
0 11 2
14 15 2
10 21 2
11 12 2
10 19 2
0 20 2
8 13 2
9 13 2
13 21 1
8 11 2
8 21 1
6 8 2
1 22 2
3 23 1
6 18 1
3 15 1
12 14 2
13 24 2
7 13 2
3 20 2
1 23 2
5 19 2
5 21 2
12 19 2
5 14 2
8 20 1
4 10 2
2 15 1
2 24 2
3 13 2
14 19 1
1 6 2
8 12 2
1 11 2
6 16 1
0 12 2
2 13 2
7 15 2
5 10 2
7 22 1
1 15 2
2 8 2
7 10 2
0 13 2
13 16 2
9 11 2
6 10 2
10 20 2
12 18 1
3 4 2
10 22 2
8 10 2
4 6 2
5 23 2
6 9 2
0 22 2
8 23 2
1 13 2
3 21 2
4 15 2
4 18 2
5 9 2
5 8 2
6 13 1
1 9 1
9 14 1
12 13 1
4 17 2
3 11 1
3 8 1
11 19 1
6 24 2
0 19 1
8 9 1
7 19 2
2 10 1
10 14 1
8 17 2
0 10 1
5 11 1
19 24 1
6 11 1
