% n=50 p=33 d=0.66 p_blue=0.66
% k=0
6 7 2
7 16 2
15 16 2
3 39 2
2 31 2
2 33 2
1 48 1
6 18 2
13 22 2
14 29 2
3 34 2
6 15 2
10 16 2
11 42 1
8 16 2
3 25 2
0 33 2
2 29 2
0 38 2
10 26 2
3 41 1
8 26 2
15 31 2
7 34 2
4 39 2
6 20 2
5 45 1
10 37 2
11 26 1
9 41 1
5 39 1
9 35 1
3 18 2
0 14 2
13 26 2
5 23 2
4 38 2
14 38 2
15 21 2
15 45 2
9 30 2
7 11 2
1 42 1
4 41 2
10 29 1
5 31 2
1 43 2
3 30 1
10 30 2
9 16 2
9 36 2
9 26 2
0 7 2
11 28 1
10 35 1
1 21 2
3 42 1
12 24 1
2 14 2
9 47 2
0 26 2
14 17 2
7 49 2
8 14 2
5 36 2
15 30 2
9 13 2
6 38 2
5 29 2
1 49 1
4 27 2
14 24 2
11 19 2
8 33 2
16 38 2
2 28 1
7 14 2
8 25 1
11 46 1
9 38 2
12 14 2
15 25 1
10 12 2
0 9 2
6 32 1
1 25 2
14 26 2
14 34 1
4 45 1
9 25 1
12 47 1
4 18 2
4 10 2
13 34 1
3 15 2
10 18 2
14 42 1
0 4 2
0 43 1
7 17 2
4 46 2
12 33 1
8 47 2
8 10 2
0 2 2
15 23 2
10 32 2
4 19 2
11 47 2
12 35 1
14 49 2
12 19 2
16 40 2
12 39 2
3 43 2
15 42 1
7 38 2
4 43 1
0 19 1
1 29 2
11 34 1
2 19 1
15 32 1
4 40 2
9 23 1
14 36 2
0 44 2
11 41 1
2 5 2
13 27 2
1 8 2
11 16 2
5 26 2
7 45 1
9 40 2
9 28 1
1 35 2
16 27 2
12 28 1
1 13 2
3 4 2
13 17 2
6 25 1
16 35 1
15 38 2
2 49 2
0 17 1
11 32 1
7 44 1
14 15 2
10 20 1
5 19 1
14 30 2
0 35 2
0 11 2
6 44 2
0 1 2
3 13 2
15 19 2
4 6 2
11 12 2
6 8 2
8 35 2
10 21 2
7 19 2
8 34 2
0 12 2
11 37 2
5 14 2
5 37 2
10 33 2
9 24 2
0 48 1
0 13 2
7 18 2
6 19 1
9 12 2
12 43 1
5 49 2
14 16 2
5 44 2
13 44 2
5 17 2
9 43 2
6 49 2
4 30 1
0 6 2
0 32 2
3 48 2
11 15 2
2 35 2
4 11 2
15 35 2
14 45 1
7 22 1
12 31 2
1 36 2
11 39 2
16 37 1
4 47 2
4 28 1
2 20 2
2 22 2
16 17 2
5 11 2
16 41 1
0 8 2
7 39 2
7 12 2
15 37 2
15 39 2
5 32 2
4 9 2
12 25 2
9 11 2
14 21 1
13 31 2
16 21 2
3 37 2
15 18 2
9 20 2
3 28 2
2 13 2
0 45 2
11 17 2
5 30 2
8 29 2
15 27 1
11 38 2
12 30 2
7 8 2
0 24 2
10 19 2
2 8 2
10 31 2
1 14 2
8 31 2
5 16 2
14 41 2
2 42 1
8 44 2
4 36 2
6 17 1
15 24 2
8 11 2
16 26 2
2 21 2
9 42 1
0 49 2
3 33 2
4 14 2
15 48 1
9 34 2
7 20 2
7 10 2
8 23 2
12 27 1
4 23 2
16 32 2
13 15 2
6 33 2
2 34 1
0 10 2
8 13 2
15 29 1
11 14 2
4 7 2
5 41 2
16 23 1
9 29 2
10 34 2
14 20 1
8 42 2
2 25 2
3 9 2
7 48 2
11 13 2
14 47 2
2 11 2
13 46 1
5 46 2
6 26 1
8 46 1
4 24 1
10 24 2
1 15 2
8 48 2
0 27 1
13 32 2
2 43 2
12 45 1
5 48 1
1 9 2
16 29 2
2 36 1
3 45 2
1 5 2
3 32 2
13 16 2
7 13 2
10 40 2
1 20 2
2 9 2
8 38 2
3 16 2
1 39 2
15 43 2
8 30 2
6 24 1
5 25 2
5 20 1
11 25 1
4 35 1
9 15 2
16 39 1
4 22 1
11 49 2
14 43 2
14 37 2
10 42 1
2 23 1
1 3 2
11 31 1
3 10 2
6 30 2
3 49 2
4 5 2
1 6 2
6 16 2
0 39 2
6 36 1
8 28 2
11 40 1
1 12 2
2 41 1
5 21 2
0 28 1
8 12 2
9 45 2
10 14 2
11 36 2
16 36 2
7 42 1
4 12 2
1 27 2
7 27 2
8 9 2
9 46 1
6 42 1
11 18 1
12 29 2
12 15 2
13 43 1
0 46 1
15 26 2
5 8 2
6 45 2
8 37 2
1 47 2
13 49 1
1 4 2
7 36 1
1 23 2
9 21 2
16 42 1
6 11 2
4 20 1
13 21 2
8 22 1
16 43 2
3 12 2
13 25 2
14 23 2
11 48 2
16 46 1
10 11 2
13 47 1
15 47 2
10 27 2
14 40 1
13 24 2
0 23 2
5 24 2
4 34 1
7 24 2
12 34 1
12 38 2
3 14 2
5 6 2
13 39 1
4 8 2
12 49 2
7 26 2
16 34 2
9 27 2
7 29 2
4 17 2
5 7 2
3 46 2
15 44 2
5 15 2
13 19 2
7 31 2
4 13 2
16 47 1
1 30 2
7 32 2
12 41 2
11 24 1
4 25 1
10 25 1
11 43 2
13 36 1
0 3 2
0 34 2
9 32 2
15 36 2
0 47 2
1 46 2
5 9 2
10 46 1
13 40 2
0 29 1
2 7 2
15 20 1
2 15 2
4 21 2
7 37 2
2 6 2
0 22 1
6 35 1
4 16 2
10 17 1
13 38 2
15 40 1
3 24 2
3 20 2
6 39 2
12 13 2
12 32 2
12 46 1
5 13 2
3 40 2
10 49 1
7 9 2
16 25 2
5 35 2
12 20 1
9 44 2
10 15 2
3 35 1
1 45 2
4 29 1
4 32 2
7 47 1
6 48 1
2 4 2
16 45 2
1 11 2
7 23 1
6 14 1
3 8 1
44 45 1
8 15 1
10 44 2
2 10 2
3 5 1
24 42 2
8 39 1
13 48 1
16 48 1
6 10 1
0 15 1
2 48 2
3 44 2
14 33 1
15 33 1
39 45 1
6 12 1
1 7 2
1 10 1
9 39 2
0 5 1
6 13 2
33 45 1
7 15 1
39 42 1
0 16 1
24 45 2
3 7 1
2 12 1
31 33 1
9 10 1
16 44 1
11 45 2
12 16 1
3 11 1
10 48 2
4 42 1
