% n=25 p=33 d=0.33 p_blue=0.33
% k=0
2 15 1
1 8 2
7 19 1
0 3 2
7 10 1
2 3 2
4 17 2
1 5 2
0 12 1
0 14 1
0 9 2
0 6 2
2 16 1
1 2 2
0 21 2
3 4 2
1 7 2
3 17 2
0 13 1
4 6 2
6 9 1
4 11 1
0 19 1
5 17 2
2 24 1
4 18 1
7 8 2
3 7 2
4 16 1
0 24 2
2 18 1
6 16 1
1 10 2
7 24 1
1 4 2
4 21 1
2 7 2
0 1 2
0 7 2
5 8 2
6 22 2
1 3 2
5 12 1
4 8 2
1 17 1
3 13 1
5 10 1
5 21 1
6 11 1
1 11 2
4 5 2
0 4 2
6 13 2
2 5 2
3 19 1
3 15 2
3 22 2
6 19 2
2 8 1
4 15 1
5 15 2
1 22 2
5 19 2
7 12 2
5 23 1
12 19 1
2 6 1
4 14 2
5 6 1
14 23 2
14 15 1
0 23 1
1 14 1
4 23 2
7 14 2
5 14 2
0 2 1
6 23 1
4 22 1
1 23 2
1 19 2
6 7 1
3 8 1
3 5 1
8 19 2
6 8 1
1 6 1
