% n=100 p=60 d=0.66 p_blue=0.66
% k=0
2 93 2
45 70 2
1 74 2
32 36 2
8 22 2
4 55 2
5 99 2
49 77 2
20 32 2
6 21 2
55 67 2
22 58 2
23 49 2
2 45 2
2 70 2
49 96 1
18 47 2
5 49 2
31 38 2
41 89 2
51 71 1
31 92 2
19 42 2
4 23 2
50 54 2
16 84 2
0 75 2
14 25 2
9 37 2
41 56 2
43 58 2
18 19 2
15 79 2
49 78 2
58 66 2
16 61 2
4 99 2
9 27 2
13 76 1
34 37 2
48 70 1
55 73 2
10 31 2
9 51 2
43 95 2
56 83 2
20 70 2
28 56 2
32 80 2
12 49 2
5 68 2
28 68 1
49 67 2
44 97 1
18 80 2
58 78 2
3 48 2
2 55 2
6 71 2
32 83 1
13 62 1
15 34 2
13 44 2
2 97 2
13 64 2
53 57 2
19 59 2
46 49 2
12 71 1
21 64 2
31 44 2
6 94 1
9 22 2
3 36 2
20 99 2
16 40 2
34 72 2
3 64 2
24 85 1
27 38 2
19 67 2
22 70 2
13 67 1
16 88 1
16 56 2
18 66 1
36 93 2
19 45 2
13 60 2
11 57 2
6 73 2
6 54 2
4 90 2
40 44 2
41 77 1
0 2 2
10 27 2
29 35 2
32 73 2
31 56 2
3 31 2
9 98 1
18 62 2
53 99 2
46 78 2
9 64 2
13 21 2
33 66 1
46 71 2
25 35 2
57 74 1
32 89 2
36 40 2
10 64 2
54 81 2
16 64 2
0 43 2
5 47 2
9 67 2
40 53 2
51 60 1
8 45 2
31 89 2
31 46 2
2 88 1
29 60 2
41 53 2
34 49 2
0 79 1
33 49 2
14 57 2
8 12 2
20 95 2
31 32 2
24 97 1
20 42 2
37 73 2
34 54 2
53 90 1
49 68 2
16 43 2
29 53 2
21 92 2
13 26 2
40 84 2
27 45 2
32 86 1
20 91 2
17 55 2
14 18 2
21 81 1
7 85 2
26 96 2
40 88 2
0 87 2
17 32 2
14 88 2
18 23 2
4 42 2
32 87 2
26 56 2
40 83 2
36 90 1
6 95 1
18 48 2
38 87 2
18 52 2
25 79 2
59 65 2
17 45 2
7 21 2
41 69 2
13 36 2
17 67 2
42 89 1
44 98 2
19 31 2
8 37 2
20 36 2
7 33 2
29 75 1
3 41 2
31 45 2
33 57 2
10 29 2
35 83 2
38 58 2
51 65 2
19 86 1
54 78 1
25 99 1
49 58 2
36 51 2
50 98 2
20 73 2
36 65 2
49 56 2
47 51 2
31 39 2
20 41 2
5 62 1
35 48 2
28 52 2
6 38 2
31 48 2
41 52 2
8 31 2
46 93 1
13 25 2
50 70 2
34 57 2
20 81 2
20 33 2
6 65 2
14 80 2
7 17 2
23 81 2
12 23 2
24 52 2
39 55 2
45 47 2
18 36 2
1 75 2
50 64 2
51 58 2
20 43 2
44 63 2
44 80 2
0 17 2
8 18 2
9 82 1
25 59 2
48 71 1
34 35 2
9 43 2
4 68 1
3 30 2
22 62 2
8 11 2
21 75 2
52 59 2
23 29 2
2 11 2
22 49 2
41 59 2
10 65 2
26 39 2
20 85 2
8 17 2
18 69 1
30 46 2
35 46 2
31 73 1
0 93 2
21 88 2
5 67 1
19 40 2
9 16 2
19 63 2
12 45 2
13 24 2
21 95 1
4 59 2
0 59 2
10 61 2
28 41 2
10 81 1
9 41 2
41 62 2
3 29 2
14 82 1
7 54 2
56 78 2
40 96 1
52 87 2
30 48 2
18 28 2
34 36 2
11 83 2
55 76 1
24 70 2
36 66 2
51 75 2
5 45 2
14 43 2
51 59 2
4 12 2
38 61 2
33 73 2
3 44 2
14 52 2
17 79 1
25 26 2
54 65 2
47 66 2
23 41 2
2 54 2
5 48 2
36 95 2
1 54 2
39 62 2
43 92 2
38 66 2
0 41 2
42 65 1
28 32 2
9 54 2
0 7 2
7 60 1
21 37 2
25 56 2
39 40 2
59 77 2
23 50 2
57 73 1
10 34 2
43 65 1
43 83 1
51 55 2
28 65 2
10 19 2
21 98 2
41 88 1
46 83 2
50 63 1
53 59 2
39 83 1
14 19 2
12 53 2
13 95 2
3 94 1
0 98 2
21 74 2
32 97 2
4 79 2
46 53 2
38 56 2
3 68 2
17 22 2
22 73 2
29 54 2
34 45 2
50 56 2
39 45 2
2 92 2
18 91 1
16 48 2
36 68 2
51 82 2
16 33 2
8 47 2
19 44 2
40 89 2
24 27 2
31 49 2
16 90 2
32 53 2
11 90 2
37 40 2
45 86 2
34 78 1
9 85 2
37 70 2
43 55 2
30 87 1
12 25 2
58 67 1
10 50 2
35 76 2
6 77 1
6 10 2
49 91 1
6 23 2
17 20 2
9 74 2
26 33 2
15 88 1
25 92 2
54 88 2
7 28 2
1 3 2
2 39 2
3 65 2
58 91 2
25 82 1
54 55 2
23 66 1
19 39 2
4 67 1
44 75 2
21 71 1
0 55 2
40 73 1
56 57 2
34 69 1
6 79 2
20 89 2
32 82 1
26 82 2
11 52 2
20 39 2
29 31 2
44 57 2
0 56 2
16 25 2
0 27 2
22 48 2
35 36 2
2 79 2
23 24 2
0 37 2
52 96 2
0 36 2
19 28 2
33 40 2
44 81 1
6 20 2
43 85 1
19 33 2
31 96 1
26 34 2
5 21 2
49 92 2
59 97 2
7 57 2
34 53 2
35 91 2
3 66 1
21 32 2
46 92 1
21 76 2
21 86 2
5 44 2
45 90 2
41 92 1
2 32 2
8 28 2
43 48 2
8 27 2
7 36 2
21 55 2
9 42 2
51 77 2
34 58 2
25 83 1
9 56 2
57 79 1
3 17 2
58 60 2
38 98 2
32 50 2
1 40 2
14 31 2
7 88 2
48 62 2
10 56 2
27 50 2
20 84 2
21 82 1
50 66 2
45 68 1
20 26 2
43 51 2
26 41 2
1 45 2
1 47 2
1 18 2
26 32 2
3 74 1
0 14 2
27 56 2
37 52 2
13 16 2
40 46 2
18 39 2
26 91 1
5 79 2
9 71 2
0 72 1
1 17 2
26 76 2
52 98 2
23 95 2
37 38 2
5 10 2
57 81 1
17 34 2
1 60 2
8 94 2
31 82 1
50 91 2
49 55 2
25 49 2
22 25 2
18 95 2
51 76 2
14 35 2
15 51 2
4 53 2
21 54 2
31 72 1
24 36 2
4 94 2
7 79 2
10 45 2
19 49 2
1 82 1
8 97 2
26 63 1
49 65 2
13 55 2
56 98 2
2 62 2
29 93 2
13 20 2
36 80 2
8 24 2
3 22 2
11 91 2
7 64 2
59 88 2
7 41 2
30 32 2
53 56 2
6 64 2
51 64 2
33 82 1
21 39 2
8 40 2
50 69 2
8 74 2
3 38 2
6 7 2
42 63 2
17 29 2
39 54 2
36 53 2
56 63 1
24 29 2
13 31 2
17 37 2
26 84 2
18 92 2
46 67 1
43 96 2
1 13 2
32 88 1
1 38 2
36 55 2
26 78 2
13 50 2
20 76 2
45 59 2
5 37 2
9 31 2
4 8 2
56 77 2
2 40 2
36 69 1
33 93 1
24 67 2
1 52 2
1 97 2
49 52 2
19 68 2
12 55 2
47 90 1
9 45 2
11 18 2
12 60 1
46 97 2
1 86 2
21 43 2
4 10 2
43 53 2
57 84 2
34 47 2
14 51 2
40 94 2
5 23 2
8 39 2
14 92 2
22 27 2
10 82 1
38 44 2
21 63 2
30 40 2
18 59 2
9 48 2
35 74 1
21 34 2
25 55 2
25 44 2
12 90 2
26 58 2
28 83 1
36 58 2
1 66 2
44 45 2
20 21 2
39 50 2
19 92 2
56 93 2
50 57 2
14 41 2
0 15 2
33 86 2
15 63 2
6 28 2
14 16 2
20 50 2
5 26 2
1 22 2
0 69 1
8 84 2
38 93 1
3 4 2
16 91 1
24 75 2
13 43 2
22 42 2
4 64 2
23 78 1
28 93 2
48 95 2
16 72 2
6 48 2
7 8 2
44 71 1
11 24 2
10 85 2
9 40 2
16 70 1
18 51 2
38 94 2
22 63 2
11 49 2
10 12 2
47 97 1
8 41 2
15 69 2
29 36 2
46 52 2
21 60 2
11 28 2
14 54 2
38 99 1
37 62 2
24 84 2
22 78 1
40 42 2
34 65 2
51 98 2
24 55 2
18 71 2
32 78 2
13 92 1
4 36 2
20 59 2
59 61 2
38 97 2
24 38 2
26 57 2
7 15 2
9 49 2
46 74 1
5 64 1
21 27 2
6 43 2
18 50 2
9 18 2
30 54 2
11 14 2
17 71 2
58 82 2
21 59 2
29 56 2
44 50 2
3 20 2
47 57 2
3 6 2
30 74 1
7 66 2
14 17 2
9 73 2
25 86 1
47 49 2
7 10 2
28 82 1
18 38 2
32 58 2
35 86 1
10 55 2
7 76 2
38 43 2
14 75 2
1 49 2
3 42 2
23 34 2
15 77 2
8 25 2
12 32 2
53 65 2
49 71 2
1 46 2
22 99 2
30 80 2
14 65 2
12 37 2
18 30 2
4 25 2
28 64 2
29 39 2
22 90 2
22 37 2
33 87 2
38 42 2
29 62 2
56 99 2
26 64 1
6 36 2
19 75 2
10 47 2
14 22 2
40 90 1
4 32 2
28 40 2
48 92 2
26 45 2
2 19 2
3 13 2
3 50 2
5 91 1
50 83 1
0 68 2
6 50 2
7 44 2
32 37 2
52 54 2
29 88 1
55 83 2
43 54 2
27 39 2
11 27 2
30 59 2
12 88 1
36 88 1
50 95 2
15 22 2
26 65 1
43 97 1
42 57 2
43 49 2
14 61 2
21 73 2
21 49 2
22 36 2
18 22 2
33 42 2
12 48 2
50 78 2
25 73 2
31 83 1
24 39 2
0 46 2
4 74 1
56 66 2
10 51 2
11 37 2
26 38 2
9 33 2
30 77 2
7 34 2
32 47 2
9 53 2
21 50 2
5 83 2
3 14 2
55 87 2
42 53 2
17 82 1
4 96 2
25 68 2
19 62 2
33 68 1
5 33 2
1 48 2
2 43 2
11 56 2
16 52 2
48 68 1
35 79 2
14 53 2
19 96 1
15 16 2
54 76 2
40 49 2
45 60 1
35 50 2
57 71 2
15 47 2
17 99 1
30 55 2
30 62 2
41 99 2
19 52 2
9 65 1
3 11 2
9 75 2
30 91 2
18 35 2
38 68 1
5 29 2
27 28 2
8 67 2
35 38 2
29 97 2
12 19 2
7 70 1
9 63 2
53 83 1
48 53 2
17 57 2
3 86 2
35 87 2
46 90 1
51 57 2
18 40 2
3 88 1
0 20 2
20 79 2
55 94 2
32 51 2
23 89 1
26 47 2
16 26 2
55 60 2
40 58 2
37 84 2
36 38 2
54 58 2
17 56 2
15 73 1
30 47 2
7 53 2
25 52 2
0 52 2
11 74 2
48 54 2
23 87 2
6 37 2
4 7 2
34 55 2
45 58 2
9 50 2
50 93 2
17 74 1
15 17 2
12 43 2
34 62 2
53 69 2
53 54 2
29 38 2
28 92 2
2 60 2
29 44 2
4 56 2
7 19 2
32 57 2
3 71 2
13 18 2
2 25 2
20 90 1
44 78 2
38 62 2
19 69 1
24 43 2
12 40 2
32 99 2
11 94 2
41 61 2
50 51 2
27 75 2
0 9 2
39 80 2
18 85 2
10 14 2
18 20 2
6 8 2
21 40 2
3 59 2
42 70 2
16 34 2
16 83 2
28 44 2
37 97 2
23 99 2
5 53 2
2 52 2
16 28 2
24 33 2
1 50 2
21 58 2
35 40 2
40 67 1
45 48 2
13 46 2
33 71 1
17 49 2
4 71 2
7 30 2
13 22 2
27 90 2
57 61 2
54 96 2
45 78 2
4 22 2
35 97 2
57 87 1
6 42 2
52 89 2
20 37 2
8 83 2
58 72 2
36 50 2
6 30 2
50 92 2
25 43 2
42 92 2
16 89 2
8 92 1
44 46 2
23 48 2
31 97 1
19 46 2
14 37 2
10 53 2
3 18 2
18 96 2
17 95 1
1 81 2
14 69 2
52 75 1
1 26 2
15 56 2
32 84 1
6 24 2
31 33 2
34 90 1
24 61 2
16 31 2
5 13 2
54 86 2
38 65 1
23 65 2
27 54 2
10 42 2
30 33 2
14 24 2
39 56 2
29 81 2
18 27 2
8 72 2
1 31 2
10 69 2
11 35 2
33 43 2
30 45 2
3 23 2
18 56 2
24 34 2
18 24 2
31 86 1
23 39 2
5 38 2
42 67 1
29 42 2
2 66 2
33 74 2
4 39 2
1 88 2
42 47 2
4 6 2
50 68 1
16 57 2
45 96 2
21 85 1
29 46 2
40 75 2
16 47 2
8 23 2
59 69 2
3 45 2
11 59 2
5 7 2
44 74 1
0 16 2
3 89 2
0 49 2
55 69 2
12 18 2
43 46 2
47 69 1
8 16 2
2 28 2
48 98 2
21 36 2
27 37 2
16 97 2
0 64 2
10 57 2
1 34 2
2 35 2
20 67 2
53 94 1
19 21 2
42 54 2
11 53 2
29 73 2
55 65 2
14 81 1
45 72 2
11 46 2
27 55 2
2 17 2
4 41 2
47 75 2
47 73 1
13 71 2
50 94 2
7 37 2
10 84 2
0 1 2
26 48 2
20 75 2
32 92 2
41 64 2
28 80 1
27 30 2
41 58 2
5 55 2
53 85 2
52 74 2
28 78 2
22 68 2
30 42 2
11 64 1
30 53 2
8 44 2
43 62 2
31 90 2
9 39 2
56 76 1
1 33 2
33 99 2
24 88 2
13 14 2
19 51 2
3 12 2
22 94 1
36 97 2
4 80 2
29 68 2
25 97 2
30 66 2
23 37 2
23 47 2
43 69 2
18 53 2
7 51 2
12 95 1
15 67 2
7 52 2
39 98 1
16 62 1
17 78 2
17 53 2
46 63 2
22 53 2
35 73 1
34 96 2
13 99 2
32 61 2
26 81 2
32 46 2
23 26 2
40 72 1
48 56 2
56 85 2
30 90 2
26 77 2
17 90 2
44 60 2
39 41 2
29 70 2
45 91 2
47 72 1
4 21 2
18 42 2
53 97 2
34 63 1
37 42 2
36 91 2
2 16 2
52 56 2
53 70 1
25 78 2
52 94 2
57 64 1
1 29 2
7 9 2
57 63 1
30 63 1
0 4 2
59 83 1
19 58 2
0 66 2
20 52 2
19 29 2
42 96 2
4 5 2
24 54 2
58 68 2
21 66 1
22 59 2
10 48 2
13 61 1
9 52 2
2 74 1
1 55 2
13 52 2
3 8 2
32 38 2
0 71 1
12 86 1
40 50 2
16 54 2
46 56 2
24 40 2
13 54 2
2 36 2
10 88 1
24 83 2
33 44 2
26 54 2
2 85 2
3 21 2
41 83 1
20 44 2
25 29 2
28 48 2
47 53 2
14 63 2
19 83 2
49 89 1
13 59 2
5 27 2
45 57 2
21 56 2
58 69 1
53 84 1
9 69 1
48 65 2
1 68 2
6 74 2
19 43 2
23 86 2
6 84 2
47 79 1
28 96 2
45 77 1
33 98 1
5 28 2
59 75 2
57 93 2
47 52 2
19 25 2
5 30 2
10 98 2
48 72 2
27 53 2
0 29 2
32 49 2
50 52 2
10 36 2
22 26 2
54 74 2
11 75 1
29 78 2
31 81 1
54 61 2
35 56 2
5 57 2
28 74 2
18 54 2
20 83 2
56 97 2
19 98 2
14 78 2
24 50 2
6 59 2
47 78 1
29 99 1
19 78 2
16 27 2
16 50 2
35 71 2
19 74 2
57 60 1
12 54 2
57 72 2
44 58 2
11 30 2
25 48 2
8 38 2
44 90 1
0 63 2
31 58 2
14 34 2
1 61 2
3 40 2
29 92 2
12 78 1
27 69 2
26 50 2
50 61 2
52 79 2
5 31 2
31 98 2
44 86 1
13 33 2
47 95 1
31 53 2
47 81 1
12 36 2
37 64 2
33 62 2
1 21 2
9 12 2
0 6 2
0 12 2
20 53 2
27 91 1
53 75 2
38 91 2
31 35 2
22 45 2
31 85 1
2 24 2
15 46 2
32 42 2
38 73 1
1 10 2
17 19 2
23 45 2
17 43 2
0 82 1
38 85 2
21 57 2
37 92 2
16 35 2
35 59 2
13 86 2
4 26 2
53 71 2
16 18 2
26 31 2
13 38 2
51 90 1
5 51 2
54 85 1
42 52 2
31 74 2
45 74 2
5 16 2
40 63 1
41 68 1
15 54 2
12 94 2
38 89 2
22 23 2
15 19 2
35 45 2
1 32 2
3 95 2
52 77 2
44 54 2
22 50 2
3 27 2
28 36 2
47 76 2
58 62 2
25 84 2
3 28 2
37 49 2
56 75 2
17 59 2
31 78 1
52 93 2
44 56 2
44 49 2
10 70 1
26 72 2
37 54 2
32 44 2
3 57 2
2 75 2
42 69 2
10 95 1
33 72 2
6 56 2
1 23 2
59 84 2
0 21 2
16 86 1
29 85 2
4 16 2
49 59 2
24 82 1
4 85 1
54 72 1
13 58 2
24 98 2
1 67 2
11 50 2
16 79 2
21 35 2
4 34 2
36 46 2
46 98 1
59 67 1
27 58 2
23 52 2
7 32 2
5 59 2
0 23 2
19 57 2
2 90 1
9 26 2
3 9 2
34 64 2
46 89 2
4 48 2
29 45 2
57 95 2
13 48 2
12 98 2
1 59 2
28 60 2
10 90 2
20 35 2
13 90 2
19 41 2
37 39 2
42 49 2
36 82 2
6 66 2
20 55 2
27 70 2
54 75 1
1 30 2
26 55 2
28 33 2
48 99 2
36 79 1
12 38 2
36 71 2
4 95 2
52 88 2
10 11 2
34 40 2
29 76 2
19 22 2
4 35 2
11 70 2
2 37 2
28 38 2
13 15 2
1 27 2
11 38 2
3 53 2
5 8 2
31 99 2
19 72 2
26 95 1
2 96 2
52 58 2
35 54 2
14 77 2
25 65 1
18 93 2
36 41 2
9 84 1
22 60 2
10 54 2
2 20 2
22 51 2
57 86 2
42 48 2
9 87 2
36 87 2
28 62 2
1 19 2
41 54 2
1 7 2
32 33 2
13 35 2
26 71 2
6 11 2
25 38 2
20 28 2
20 88 1
34 80 2
3 63 1
53 79 1
58 96 2
6 83 2
33 53 2
38 64 2
27 40 2
29 50 2
46 66 1
30 34 2
34 52 2
22 56 2
7 31 2
17 41 2
8 34 2
27 32 2
17 64 1
20 31 2
16 42 2
10 58 2
25 33 2
26 93 1
11 22 2
54 79 2
37 75 2
5 95 1
39 94 1
12 61 2
9 62 2
8 99 2
28 88 1
19 93 1
10 13 2
28 84 2
2 31 2
29 57 2
50 67 1
36 57 2
12 31 2
20 24 2
3 33 2
1 96 1
47 83 1
11 19 2
1 28 2
11 69 1
31 65 2
15 25 2
45 95 2
2 33 2
16 23 2
1 91 2
6 75 2
24 35 2
56 58 2
33 90 2
46 48 2
4 13 2
7 48 2
1 80 1
21 80 2
47 55 2
53 62 1
34 76 1
6 39 2
23 55 2
17 21 2
21 87 1
11 23 2
21 67 2
9 55 2
15 65 2
42 84 1
25 32 2
39 73 2
27 35 2
37 41 2
25 90 1
27 36 2
6 14 2
4 47 2
19 53 2
36 64 2
17 70 2
30 78 1
56 73 2
34 50 2
47 91 1
52 53 2
31 52 2
20 23 2
37 65 2
44 53 2
37 86 1
45 50 2
30 81 2
50 60 2
13 81 1
14 15 2
47 98 2
10 80 1
12 42 2
30 44 2
58 93 2
8 46 2
46 51 2
14 98 1
1 20 2
45 53 2
31 42 2
57 76 2
24 28 2
43 45 2
45 61 2
28 37 2
23 59 2
41 97 2
28 86 2
12 75 1
2 48 2
56 95 2
44 64 2
23 54 2
27 65 1
8 15 2
55 77 2
35 44 2
21 45 2
23 63 2
16 51 2
7 12 2
11 45 2
23 57 2
7 68 2
39 44 2
28 87 2
7 80 2
41 81 2
39 87 2
0 97 1
15 39 2
14 40 2
42 83 2
16 38 2
8 35 2
41 47 2
9 10 2
14 29 2
29 34 2
15 59 2
4 77 1
2 49 2
8 96 1
2 42 2
9 28 2
1 69 2
21 22 2
19 50 2
1 14 2
39 46 2
32 63 2
28 66 2
25 37 2
30 96 2
51 63 2
19 97 2
27 82 2
5 19 2
54 57 2
34 87 1
9 29 2
5 22 2
27 59 2
29 59 2
47 92 1
36 39 2
12 99 2
1 65 2
30 52 2
51 88 2
22 31 2
11 42 2
17 72 1
23 67 2
16 30 2
26 46 2
10 87 2
43 63 2
49 81 2
4 58 2
25 58 2
6 46 2
9 44 2
47 82 2
44 85 2
0 13 2
12 20 2
16 59 2
10 40 2
51 68 1
2 58 2
38 81 1
5 71 2
19 24 2
59 79 2
29 91 2
8 91 2
12 27 2
41 43 2
11 34 2
25 98 2
30 56 2
13 91 2
26 85 2
56 64 2
38 69 1
58 84 2
0 38 2
6 53 2
16 21 2
15 41 2
53 55 2
34 43 2
15 45 2
30 58 2
14 23 2
42 71 2
19 27 2
20 46 2
9 92 2
18 25 2
48 89 1
47 87 2
53 80 1
0 48 2
25 60 1
45 69 1
3 34 2
3 80 2
19 26 2
14 30 2
13 27 2
37 76 2
3 93 2
43 52 2
3 51 2
0 34 2
16 49 2
20 98 1
16 24 2
14 27 2
31 60 1
42 59 2
7 59 2
26 29 2
52 60 2
25 64 2
33 35 2
33 69 2
27 98 2
59 87 1
45 99 2
50 62 1
9 58 2
19 48 2
6 12 2
59 78 2
12 28 2
54 82 1
42 91 2
42 58 2
0 33 2
13 93 1
20 49 2
12 73 2
17 52 2
3 52 2
16 82 1
42 68 1
26 37 2
20 71 2
12 91 2
37 89 2
15 24 2
6 17 2
11 63 2
45 80 1
4 88 1
42 81 2
2 72 2
9 59 2
16 53 2
24 76 2
57 82 2
22 44 2
33 55 2
33 61 2
52 97 2
52 64 1
17 48 2
30 64 1
24 53 2
52 90 1
2 9 2
27 88 2
22 43 2
0 51 2
38 47 2
3 5 2
55 63 2
49 62 1
8 9 2
2 38 2
7 62 2
35 41 2
33 59 2
55 78 2
0 57 2
10 73 1
47 68 2
22 64 2
28 49 2
6 34 2
13 57 2
2 50 2
26 68 2
12 17 2
4 28 2
36 37 2
11 54 2
2 15 2
3 72 2
17 65 1
12 26 2
17 69 2
53 86 2
37 85 1
41 95 2
21 41 2
2 63 2
12 83 2
35 90 2
40 57 2
12 34 2
12 16 2
11 41 2
18 57 2
59 81 2
50 79 2
29 84 1
1 42 2
24 49 2
22 32 2
41 55 2
13 29 2
14 94 2
13 63 2
46 68 2
51 91 2
15 76 1
9 15 2
42 66 1
50 85 2
5 60 2
33 50 2
39 57 2
27 31 2
28 34 2
25 66 2
4 44 2
25 69 2
18 49 2
39 42 2
28 79 2
34 61 2
15 66 2
18 78 2
18 75 2
32 72 1
26 66 1
2 18 2
5 14 2
58 80 2
51 70 1
52 57 2
5 85 2
44 93 1
25 31 2
54 99 1
46 79 1
36 62 1
23 64 2
39 67 1
6 47 2
10 93 1
37 50 2
24 92 2
0 10 2
30 35 2
37 56 2
6 81 2
35 39 2
17 93 2
32 74 2
20 48 2
32 60 1
24 80 2
11 36 2
15 86 2
16 78 2
36 81 1
45 84 2
22 46 2
39 47 2
15 80 2
41 57 2
11 79 2
14 55 2
12 85 2
59 93 2
20 45 2
30 83 2
26 73 1
12 70 2
1 43 2
46 73 2
35 57 2
34 74 2
17 40 2
57 75 2
8 56 2
6 51 2
48 61 2
30 41 2
20 86 2
34 56 2
9 11 2
55 72 2
22 54 2
10 94 1
54 92 2
15 58 2
35 89 2
22 88 1
45 97 1
11 32 2
15 57 2
25 40 2
20 27 2
30 68 1
14 58 2
26 28 2
3 56 2
46 61 2
44 55 2
28 76 2
46 84 2
14 56 2
58 75 2
52 73 2
18 21 2
11 88 1
47 93 2
26 52 2
31 71 2
11 44 2
20 54 2
47 54 2
9 72 1
2 41 2
1 6 2
13 66 2
9 13 2
28 35 2
24 46 2
21 70 1
21 78 1
18 44 2
3 77 1
47 77 2
10 96 2
16 19 2
32 39 2
6 49 2
43 88 1
13 39 2
25 45 2
57 96 2
24 30 2
4 72 2
12 56 2
33 48 2
45 98 2
2 77 2
39 52 2
6 27 2
10 24 2
27 95 2
5 17 2
31 57 2
6 92 1
23 91 2
15 49 2
59 94 2
15 32 2
43 82 2
29 89 2
41 70 2
59 91 1
19 56 2
6 35 2
30 37 2
18 97 2
39 91 1
48 52 2
8 66 1
42 77 2
21 31 2
21 90 2
21 94 2
8 36 2
7 25 2
43 79 1
32 34 2
13 32 2
28 75 1
2 67 1
6 18 2
52 84 1
0 19 2
28 63 1
23 33 2
24 58 2
32 67 1
21 91 2
42 75 1
18 26 2
4 76 1
33 78 2
56 96 2
39 84 2
33 45 2
3 84 1
2 34 2
7 47 2
18 46 2
13 34 2
58 83 2
29 32 2
23 61 2
17 75 1
18 33 2
52 80 2
24 26 2
12 46 2
5 43 2
12 77 2
8 49 2
34 71 2
34 48 2
5 58 2
48 49 2
8 64 1
9 94 2
28 53 2
32 71 2
41 87 2
39 65 1
23 79 2
6 13 2
13 30 2
54 59 2
6 58 2
13 53 2
6 52 2
23 85 2
3 60 2
52 68 2
1 37 2
7 84 2
47 85 2
39 68 2
2 73 2
28 59 2
38 55 2
23 83 2
28 50 2
36 96 2
2 51 2
47 58 2
42 88 1
33 51 2
33 54 2
26 27 2
32 59 2
15 23 2
10 41 2
19 91 2
34 81 2
1 39 2
38 53 2
29 95 2
53 58 2
2 87 2
14 38 2
23 96 2
44 68 1
40 51 2
36 98 1
19 94 2
10 21 2
7 11 2
47 99 1
10 25 2
35 61 1
25 28 2
55 95 2
32 77 2
14 32 2
59 85 2
28 51 2
52 55 2
25 27 2
15 27 2
25 87 2
5 84 2
7 55 2
12 87 2
24 72 2
29 86 2
49 74 2
15 82 2
33 37 2
30 95 1
40 55 2
26 49 2
46 58 2
19 37 2
5 11 2
15 97 1
4 81 1
2 91 2
24 48 2
6 99 1
8 89 1
16 36 2
25 36 2
36 75 2
21 25 2
11 29 2
0 35 2
0 22 2
18 98 1
39 59 2
4 73 2
59 60 2
32 43 2
27 29 2
39 93 2
4 46 2
33 70 1
46 59 2
0 18 2
25 46 2
14 20 2
52 76 1
10 32 2
40 54 2
6 89 2
25 50 2
21 24 2
20 51 2
0 50 2
23 35 2
52 66 2
55 57 2
54 94 2
2 4 2
37 53 2
33 52 2
8 81 1
22 52 2
28 30 2
39 78 2
9 36 2
34 75 1
50 77 2
0 94 2
51 53 2
53 82 2
42 93 2
12 52 2
57 80 1
54 93 2
15 83 1
16 44 2
11 84 2
49 90 2
18 31 2
36 45 2
6 29 2
33 60 2
2 7 2
6 86 2
5 24 2
36 67 2
47 80 2
22 24 2
11 12 2
5 88 1
1 58 2
18 86 2
15 42 2
25 54 2
20 22 2
20 57 2
23 73 2
16 95 2
0 86 2
53 64 2
47 64 2
33 38 2
13 45 2
4 17 2
38 51 2
25 30 2
38 88 2
59 71 2
38 90 1
21 47 2
54 70 1
14 90 2
47 56 2
14 45 2
40 66 2
20 40 2
10 76 2
51 97 2
15 21 2
50 84 2
10 37 2
6 93 1
32 55 2
54 56 2
0 40 2
39 48 2
10 30 2
14 96 2
45 81 1
45 94 2
17 27 2
8 26 2
33 36 2
16 39 2
9 20 2
47 94 2
59 72 2
24 32 2
5 39 2
27 62 2
56 70 1
3 10 2
14 66 2
27 64 2
31 95 2
18 34 2
24 42 2
10 15 2
18 89 1
13 80 1
38 48 2
45 62 2
40 64 2
35 75 2
15 26 2
38 71 2
55 62 1
5 70 2
26 74 1
3 62 2
17 97 2
4 9 2
5 36 2
48 75 1
35 42 2
49 80 1
31 51 2
36 43 2
49 51 2
7 23 2
55 88 1
22 28 2
23 38 2
13 23 2
10 49 2
1 51 2
54 98 1
51 66 1
28 46 2
46 76 2
3 54 2
23 31 2
45 49 2
14 97 2
35 69 2
19 87 1
24 25 2
51 93 1
1 89 1
15 36 2
29 80 2
3 24 2
38 46 2
3 15 2
30 49 2
15 75 1
7 22 2
5 35 2
27 33 2
22 38 2
37 74 1
0 44 2
17 58 2
19 38 2
2 12 2
15 31 2
5 52 2
53 95 2
23 58 2
4 33 2
14 44 2
5 92 2
48 59 2
21 26 2
6 44 2
16 99 1
23 53 2
47 70 2
38 80 2
32 66 1
11 15 2
42 74 2
57 67 1
57 90 2
16 96 2
10 46 2
31 79 1
49 69 2
24 44 2
12 33 2
17 44 2
37 94 1
7 50 2
15 33 2
11 40 2
21 53 2
7 26 2
10 43 2
43 61 1
34 91 2
7 46 2
39 53 2
22 55 2
12 21 2
9 32 2
38 63 2
57 92 1
4 75 1
20 60 2
3 37 2
1 70 1
48 87 2
44 94 2
4 57 2
4 91 1
41 51 2
8 93 2
43 68 1
11 20 2
41 48 2
6 67 2
45 89 2
28 29 2
3 58 2
9 19 2
4 30 2
58 81 1
34 73 2
38 78 2
8 19 2
31 36 2
47 59 2
19 36 2
52 62 2
48 67 1
38 49 2
56 59 2
20 34 2
22 29 2
8 55 2
52 91 2
11 72 2
54 62 1
28 90 1
57 78 1
37 82 2
6 40 2
35 65 2
13 47 2
41 84 2
11 25 2
3 79 1
22 39 2
6 55 2
55 59 2
51 86 1
9 46 2
21 28 2
11 82 2
12 39 2
44 52 2
32 75 2
23 77 2
15 30 2
36 78 2
2 69 2
14 48 2
29 52 2
5 12 2
14 89 2
9 35 2
4 11 2
42 55 2
3 91 2
2 10 2
44 76 1
38 59 2
38 45 2
48 76 1
58 64 1
1 57 2
44 89 2
22 92 2
32 41 2
20 62 2
3 19 2
12 64 1
22 65 1
58 59 2
48 86 2
38 52 2
0 39 2
9 30 2
8 13 2
43 44 2
12 14 2
2 47 2
33 39 2
12 81 1
27 41 2
40 86 1
41 78 2
2 46 2
38 40 2
28 45 2
53 88 2
25 47 2
11 87 1
48 51 2
35 47 2
39 76 2
5 98 1
8 50 2
4 54 2
34 86 2
0 74 2
6 33 2
29 55 2
25 53 2
15 64 1
42 90 2
4 45 2
28 42 2
8 29 2
56 80 1
6 26 2
25 39 2
49 64 2
51 56 2
42 80 1
15 48 2
8 14 2
16 45 2
37 63 2
2 5 2
0 91 2
29 58 2
28 69 1
43 75 2
12 58 2
49 93 2
57 98 2
23 40 2
0 67 2
26 51 2
11 67 1
45 54 2
42 45 2
13 42 2
59 68 2
14 70 2
22 85 2
51 69 1
28 58 2
6 41 2
8 10 2
27 97 2
4 27 2
33 65 2
51 83 2
7 74 1
4 50 2
10 39 2
47 84 2
29 61 2
28 47 2
12 15 2
10 66 1
1 84 2
13 49 2
0 99 2
14 33 2
35 66 2
9 34 2
9 90 2
22 41 2
17 38 2
30 38 2
9 25 2
10 71 2
8 52 2
23 27 2
16 29 2
0 30 2
3 49 2
49 86 2
3 26 2
31 37 2
30 75 1
48 58 2
21 52 2
2 68 2
16 73 2
56 84 1
28 73 1
51 87 1
24 45 2
6 15 2
3 55 2
55 71 2
15 53 2
26 92 2
16 65 2
5 42 2
30 51 2
19 20 2
28 43 2
20 77 2
13 82 2
49 72 1
28 57 2
39 88 2
24 78 2
13 40 2
43 91 2
35 96 2
57 89 2
19 32 2
6 16 2
17 26 2
16 41 2
43 74 2
4 52 2
34 41 2
23 25 2
8 58 2
23 88 1
32 40 2
34 79 2
6 87 1
40 59 2
23 70 1
17 25 2
25 62 1
2 29 2
23 43 2
26 40 2
33 46 2
13 88 2
3 82 2
10 22 2
32 54 2
7 24 2
26 30 2
2 30 2
12 47 2
11 58 2
38 54 2
26 35 2
51 61 2
39 58 2
10 75 2
27 72 2
44 92 2
5 46 2
20 56 2
41 73 2
2 44 2
7 35 2
7 63 2
27 44 2
45 92 2
7 58 2
6 19 2
2 57 2
34 67 2
54 87 2
49 87 2
32 56 2
21 38 2
19 55 2
51 54 2
34 46 2
34 39 2
40 92 1
23 44 2
14 87 1
43 50 2
14 72 1
7 20 2
1 72 2
13 56 2
10 92 2
16 55 2
29 41 2
58 79 2
43 93 1
8 98 2
42 56 2
32 35 2
4 49 2
24 71 2
13 73 2
4 31 2
37 57 2
25 34 2
15 20 2
43 47 2
21 46 2
6 88 2
59 90 2
38 75 1
48 79 1
6 31 2
11 26 2
29 43 2
1 16 2
22 40 2
42 62 1
12 24 2
35 58 2
42 51 2
7 86 1
11 17 2
4 86 2
35 55 2
14 74 2
9 21 2
11 92 1
43 60 1
5 9 2
1 2 2
19 34 2
8 95 2
51 95 1
21 89 2
45 51 2
5 18 2
21 68 2
23 56 2
13 51 2
2 22 2
24 56 2
44 73 2
12 89 2
26 44 2
23 42 2
56 81 2
3 92 2
18 32 2
44 47 2
22 57 2
0 26 2
3 25 2
6 96 2
25 96 1
39 96 2
36 61 1
30 76 2
12 97 2
4 43 2
47 50 2
21 33 2
22 93 2
26 99 2
9 14 2
39 64 2
14 71 1
35 88 2
27 79 1
28 94 2
10 44 2
12 29 2
25 85 1
35 85 2
14 83 2
41 82 2
43 71 2
12 44 2
54 91 2
17 24 2
17 42 2
48 74 1
12 62 1
0 3 2
8 42 2
12 50 2
42 73 1
44 66 2
30 43 2
5 32 2
55 81 2
24 41 2
2 6 2
36 85 1
48 84 2
6 62 1
7 38 2
26 43 2
47 60 1
38 79 2
6 60 1
5 25 2
22 71 2
28 55 2
50 89 2
51 72 1
2 94 1
13 74 2
6 91 2
10 17 2
27 76 2
18 55 2
36 70 2
37 51 2
36 54 2
24 91 2
18 58 2
1 12 2
42 95 2
20 25 2
58 77 2
12 57 2
23 30 2
21 65 2
4 51 2
37 46 2
10 78 2
31 54 2
34 82 2
13 96 2
42 43 2
40 52 2
11 95 2
15 87 2
17 31 2
40 78 1
49 57 2
14 21 2
46 72 2
7 49 2
45 46 2
31 88 2
6 22 2
15 38 2
14 47 2
40 45 2
35 49 2
25 80 2
37 45 2
4 61 2
6 9 2
29 33 2
5 54 2
17 30 2
0 47 2
5 50 2
19 82 1
24 57 2
9 68 2
40 61 1
36 48 2
40 41 2
21 61 2
20 30 2
27 73 2
23 80 2
29 37 2
46 55 2
12 96 2
17 35 2
7 18 2
37 55 2
1 76 2
21 42 2
0 96 1
43 81 1
55 91 1
31 70 1
53 98 2
8 63 2
30 36 2
0 25 2
0 32 2
7 13 2
36 42 2
14 36 2
22 35 2
27 94 2
38 41 2
7 40 2
49 53 2
37 43 2
16 58 2
19 35 2
12 30 2
2 21 2
3 46 2
57 97 2
58 65 1
53 66 2
13 65 1
32 52 2
17 66 2
10 16 2
48 97 2
41 46 2
28 70 1
34 59 2
4 14 2
17 50 2
33 75 2
8 57 2
17 39 2
14 50 2
57 66 2
18 43 2
0 76 1
39 95 2
6 32 2
33 80 1
29 40 2
36 92 2
39 90 2
27 52 2
33 76 2
27 47 2
52 65 2
16 37 2
5 41 2
25 63 2
35 51 2
43 78 1
11 33 2
45 52 2
10 52 2
33 58 2
27 49 2
50 55 2
44 48 2
8 51 2
4 29 2
24 31 2
39 43 2
0 45 2
54 73 2
8 48 2
11 13 2
22 86 2
20 93 2
8 53 2
30 31 2
13 83 2
15 35 2
3 32 2
30 61 2
8 21 2
46 75 2
48 73 1
17 94 1
43 59 2
53 91 2
7 56 2
1 92 1
32 76 2
14 49 2
39 77 1
29 51 2
4 60 2
13 17 2
2 95 1
5 80 2
33 41 2
48 85 1
44 95 2
27 81 2
11 47 2
17 18 2
56 71 2
21 48 2
5 94 2
31 68 2
20 29 2
19 81 2
31 41 2
40 48 2
42 78 2
36 74 2
57 59 2
7 27 2
25 41 2
0 65 1
3 16 2
8 33 2
29 49 2
56 90 2
56 87 1
8 77 1
41 50 2
9 79 1
4 24 2
0 60 2
17 23 2
11 48 2
16 32 2
20 65 2
7 16 2
48 64 1
13 78 2
41 44 2
55 56 2
55 79 2
10 20 2
15 40 2
27 42 2
32 98 2
27 78 1
20 58 2
52 69 2
18 74 1
12 59 2
5 34 2
21 51 2
56 67 1
19 71 1
30 67 2
23 28 2
1 36 2
27 74 2
15 52 2
42 72 2
2 65 1
35 67 2
48 57 2
30 85 2
34 38 2
37 47 2
15 50 2
32 85 1
29 47 2
33 47 2
6 25 2
22 72 2
33 92 1
41 80 2
4 92 1
11 39 2
37 48 2
10 26 2
27 57 2
8 59 2
0 54 2
40 56 2
48 55 2
24 66 2
44 59 2
21 44 2
19 60 2
37 58 2
24 60 2
16 98 2
8 30 2
50 88 1
34 70 1
23 32 2
55 58 2
15 43 2
4 15 2
49 73 2
31 47 2
57 58 2
32 45 2
24 64 1
38 92 1
49 85 2
4 19 2
25 42 2
17 54 2
14 39 2
19 77 1
20 97 1
20 38 2
56 62 1
47 63 2
37 95 1
20 47 2
38 74 2
5 81 2
4 40 2
48 50 2
11 73 1
36 56 2
9 88 2
23 51 2
7 73 2
7 92 2
9 24 2
20 68 2
31 67 2
11 16 2
34 42 2
36 89 2
29 67 2
30 98 1
22 33 2
39 63 1
19 70 1
5 66 2
50 59 2
21 29 2
1 53 2
36 52 2
24 90 1
23 46 2
46 86 1
50 74 1
2 53 2
2 82 2
24 79 1
44 77 2
2 71 2
0 70 2
31 59 2
9 97 2
7 42 2
11 66 2
15 37 2
35 43 2
54 69 2
40 47 2
3 39 2
11 43 2
9 61 1
14 42 2
22 98 2
9 17 2
14 46 2
55 66 2
46 54 2
24 63 1
18 41 2
33 34 2
35 53 2
6 63 1
29 66 1
2 56 2
30 50 2
6 57 2
59 73 1
38 60 2
46 50 2
2 14 2
27 61 2
31 93 2
1 8 2
21 62 2
35 95 1
17 62 1
2 84 2
41 49 2
4 18 2
14 26 2
9 38 2
44 79 2
4 38 2
18 29 2
34 83 1
41 93 1
18 70 1
34 97 2
13 37 2
49 88 1
7 45 2
15 44 2
1 15 2
7 29 2
1 25 2
25 51 2
41 76 2
41 45 2
51 89 2
18 88 2
48 63 2
3 78 2
26 36 2
2 27 2
13 89 2
37 44 2
17 28 2
45 79 2
0 42 2
51 92 2
49 99 1
29 90 1
2 3 2
49 79 1
30 57 2
8 20 2
16 22 2
17 91 2
3 81 2
1 35 2
1 56 2
1 9 2
27 48 2
24 69 2
21 79 1
20 96 2
38 57 2
25 57 2
40 43 2
2 23 2
41 42 2
19 73 2
29 30 2
1 24 2
50 58 2
9 23 2
17 81 2
41 74 2
17 51 2
5 63 2
19 54 2
24 59 2
29 48 2
13 41 2
38 39 2
10 38 2
36 49 2
2 81 1
43 72 2
36 59 2
18 37 2
8 85 2
10 63 2
44 69 1
26 53 2
19 23 2
24 37 2
19 99 2
5 20 2
15 93 2
39 69 2
4 98 2
48 60 2
1 99 2
49 54 2
53 68 2
27 43 2
40 69 1
9 66 2
16 46 2
3 7 2
50 53 2
25 70 1
10 18 2
5 77 2
13 69 1
42 46 2
20 78 2
0 28 2
17 47 2
5 15 2
7 94 2
14 91 2
48 69 2
31 43 2
3 87 2
42 94 2
17 46 2
28 91 2
11 21 2
4 37 2
27 51 2
37 88 2
6 45 2
23 36 2
40 71 2
57 91 2
4 20 2
39 51 2
45 55 2
36 47 2
27 46 2
10 59 2
27 85 1
37 72 2
43 57 2
12 65 2
29 94 2
2 59 2
29 71 2
30 39 2
15 55 2
40 74 2
53 89 2
11 51 2
34 94 2
25 91 2
0 24 2
11 81 2
37 67 2
17 33 2
47 71 1
49 50 2
5 6 2
49 83 1
40 82 2
39 70 2
38 50 2
15 29 2
1 44 2
14 59 2
48 81 1
35 37 2
45 56 2
0 8 2
29 96 2
17 86 2
4 63 1
31 34 2
43 73 2
15 90 2
2 76 2
55 99 1
28 98 2
49 66 1
3 69 1
47 89 1
46 57 2
36 84 2
47 74 2
36 44 2
33 56 2
2 26 2
22 83 2
42 50 2
10 33 2
7 87 1
43 56 2
17 61 1
21 23 2
9 47 2
14 28 2
18 45 2
12 41 2
13 28 2
35 52 2
21 72 2
3 43 2
1 71 2
18 73 2
22 47 2
9 93 2
12 22 2
41 67 2
5 40 2
44 82 2
2 8 2
23 90 2
45 65 1
8 43 2
28 39 2
34 51 2
27 86 2
12 35 2
24 47 2
42 98 2
32 62 1
3 90 2
20 82 2
14 73 2
26 42 2
32 48 2
22 34 2
22 96 1
15 18 2
48 91 1
7 14 2
39 49 2
5 96 2
19 47 2
37 59 2
48 77 1
13 19 2
8 79 2
11 55 2
1 11 2
3 98 2
17 68 1
31 50 2
0 5 2
3 35 2
10 28 2
19 30 2
28 77 1
36 76 1
41 63 2
27 34 2
49 98 2
7 77 2
18 87 2
2 98 2
0 31 2
53 60 2
12 13 2
22 61 2
12 84 1
22 67 2
4 89 1
16 66 1
55 84 1
11 31 2
15 28 2
3 47 2
42 85 2
28 95 2
0 11 2
34 88 2
10 35 2
47 48 2
51 52 2
16 20 2
9 57 2
2 13 2
24 89 1
39 61 1
26 89 2
18 90 1
32 65 1
46 60 2
15 74 2
22 30 2
31 55 2
31 69 1
6 78 1
12 51 2
57 62 1
13 75 1
7 43 2
1 4 2
11 97 2
49 94 2
46 47 2
26 59 2
34 44 1
23 74 1
13 70 2
29 83 1
0 53 1
28 54 1
31 40 1
28 31 1
42 44 1
17 89 1
50 96 1
24 51 1
70 77 1
15 84 1
66 84 2
3 97 1
1 41 1
44 51 1
11 89 2
30 89 1
1 5 1
84 85 2
8 32 1
5 89 1
32 96 1
17 36 1
23 76 2
5 93 1
16 17 1
