% n=25 p=33 d=0.66 p_blue=0.66
% k=0
4 7 2
0 17 2
1 13 2
3 16 2
3 7 2
2 20 2
4 24 2
4 10 2
2 12 2
8 17 2
3 9 1
5 17 2
3 15 1
5 7 2
1 10 2
3 11 2
7 17 2
5 14 2
6 11 2
6 13 2
7 11 1
7 23 2
6 7 2
7 9 2
4 19 2
2 10 2
6 9 2
0 6 2
2 17 1
0 5 2
1 8 2
7 20 2
3 18 2
5 21 2
1 5 2
0 18 1
7 22 1
0 24 2
0 4 2
4 9 1
1 17 1
0 1 2
6 23 2
2 18 2
3 14 2
5 13 1
3 4 2
3 5 2
6 15 2
1 23 2
2 15 2
2 5 2
7 24 2
3 13 2
7 15 1
2 11 2
8 9 2
2 6 2
2 19 2
4 18 2
3 24 2
6 22 2
0 3 2
0 22 2
0 15 1
1 12 2
3 23 1
6 8 2
1 7 2
8 21 2
4 14 1
3 21 1
4 20 1
4 8 2
3 19 2
5 19 2
0 10 1
0 19 2
0 2 2
1 16 1
8 13 2
2 13 2
7 19 2
1 14 2
0 20 1
2 21 1
1 11 2
7 16 2
3 22 2
6 12 2
4 22 2
8 15 2
5 12 2
0 12 2
7 14 2
0 7 2
7 8 2
3 8 2
1 22 2
6 18 2
6 14 2
0 23 2
6 21 2
2 14 2
8 14 2
5 11 2
4 11 2
7 12 2
4 23 1
5 23 2
1 15 2
2 8 2
5 10 2
1 2 2
0 14 2
2 3 2
2 22 2
1 19 2
2 16 1
8 18 1
5 24 2
8 24 2
5 8 2
6 17 2
13 17 1
4 6 1
4 13 1
0 8 1
2 4 1
8 20 1
1 6 1
3 6 2
1 3 1
13 20 1
6 16 1
