% n=60 p=33 d=0.33 p_blue=0.33
% k=0
12 52 2
10 58 1
11 28 2
11 18 2
0 51 1
3 43 1
7 12 2
2 52 1
2 42 1
6 18 2
19 49 1
0 41 1
1 59 2
12 55 1
8 57 1
17 18 2
10 23 2
2 34 2
2 4 2
7 51 1
3 14 2
5 11 2
5 16 2
13 44 1
12 29 2
18 43 2
9 32 1
13 16 2
4 6 2
1 14 2
0 38 1
14 15 2
5 9 2
5 34 1
2 19 2
10 18 2
19 47 2
2 55 2
11 26 1
12 50 2
13 15 2
4 52 1
19 26 2
0 16 2
1 47 1
17 35 2
2 15 2
11 41 2
11 12 2
19 32 1
2 18 2
10 13 2
3 10 2
12 30 1
4 47 1
6 53 2
2 9 2
12 20 1
3 51 2
4 5 2
4 31 2
7 8 2
1 54 1
10 15 2
4 32 1
4 7 2
0 33 2
7 13 2
2 59 1
13 47 1
1 4 2
11 17 2
2 44 2
7 16 2
2 37 1
15 21 2
17 19 2
9 22 1
6 19 2
8 20 1
17 41 1
4 21 1
0 11 2
5 49 1
9 18 2
1 9 2
12 13 2
15 52 2
8 27 1
17 32 1
13 29 1
2 8 2
1 29 2
6 9 2
14 40 1
5 13 2
1 20 2
0 7 2
7 25 1
19 29 1
18 24 1
5 37 1
1 17 2
0 26 1
14 19 2
1 58 2
19 22 1
0 20 2
7 48 1
9 56 1
11 40 2
2 30 1
12 34 1
18 19 2
0 56 2
12 57 1
18 32 1
8 28 2
18 55 1
14 56 1
6 41 1
1 18 2
5 19 2
1 46 1
6 14 2
1 2 2
8 50 2
4 12 2
17 40 1
5 18 2
11 19 2
10 11 2
14 59 1
1 12 2
16 35 1
1 10 2
0 10 2
13 23 1
4 42 2
13 19 2
8 36 1
6 10 2
3 53 1
4 40 1
2 54 2
3 16 2
13 59 1
12 15 2
15 19 2
7 17 2
12 14 2
4 22 1
7 49 2
1 19 2
13 50 1
7 26 2
1 3 2
4 58 1
9 34 1
6 13 2
8 10 2
5 14 2
5 53 1
16 20 1
6 40 2
12 24 1
0 15 2
14 18 2
15 17 2
4 11 2
12 47 1
8 18 2
7 18 2
8 14 2
2 13 2
15 35 1
6 30 1
11 36 1
1 5 2
9 55 1
5 50 1
9 25 2
4 50 1
9 10 2
5 17 2
7 21 1
5 26 1
0 28 1
5 7 2
1 15 2
17 54 1
3 4 2
16 49 1
6 7 2
2 14 2
7 38 1
19 45 2
9 13 2
12 33 1
14 58 1
6 42 1
4 36 2
3 6 2
0 1 2
11 21 1
13 38 1
2 6 2
11 13 2
3 18 2
13 18 2
13 28 1
2 39 2
15 39 2
12 28 1
4 39 1
15 48 1
4 8 2
14 29 1
8 23 2
4 17 2
6 15 2
2 58 2
1 13 2
11 54 1
6 47 2
3 13 2
0 8 2
9 16 2
15 54 1
13 42 1
3 57 2
17 48 1
10 31 1
10 22 1
0 46 1
2 16 2
5 44 2
16 26 1
1 31 1
11 23 1
0 48 2
19 57 1
8 47 1
5 58 1
19 38 2
13 43 1
5 23 1
3 9 2
11 57 1
18 39 1
18 46 1
14 23 1
18 48 1
15 16 2
1 7 2
3 22 1
1 52 2
9 36 1
7 19 2
2 35 1
0 13 2
7 32 2
3 29 1
9 53 1
9 42 2
18 28 1
9 26 1
3 40 1
8 16 2
13 53 2
9 21 1
8 32 1
6 16 2
0 57 1
12 37 1
3 5 2
14 47 1
7 47 1
9 29 1
0 9 2
3 8 2
11 59 2
18 22 1
11 16 2
8 33 1
3 21 2
12 16 2
10 12 2
4 15 2
8 9 2
9 17 2
18 25 2
17 37 2
5 12 2
9 40 1
9 12 2
16 56 1
10 42 1
12 43 1
10 40 2
10 16 2
7 10 2
7 9 2
1 21 1
4 16 2
15 18 2
10 19 2
7 15 2
9 23 1
7 50 1
3 38 2
5 10 2
18 47 2
0 2 2
17 38 2
10 37 1
13 40 1
0 19 2
4 14 2
2 3 2
6 31 2
5 8 2
9 14 2
2 5 2
16 34 1
0 12 2
2 36 2
3 45 1
2 24 1
12 53 2
4 29 2
13 37 1
4 43 2
4 48 2
2 10 2
17 29 1
3 7 2
16 52 1
1 57 2
9 51 2
2 12 2
7 45 1
8 52 2
10 53 1
13 39 1
15 30 1
9 38 1
17 56 2
10 20 1
19 54 2
18 34 2
0 18 2
16 18 2
15 20 1
17 20 1
0 25 1
0 17 2
5 51 1
3 55 1
11 14 2
12 19 2
8 44 1
7 31 1
7 41 2
16 17 2
11 30 1
0 5 2
2 29 1
3 15 2
8 17 2
11 49 1
6 28 1
18 52 1
10 14 2
13 33 1
2 11 2
3 30 1
15 51 1
3 11 2
7 44 2
18 27 2
1 16 2
18 50 1
15 31 2
12 39 1
17 53 1
17 55 1
1 11 2
5 40 2
2 47 1
0 3 2
5 6 2
18 57 2
9 19 2
1 6 2
5 55 1
14 21 1
1 35 1
2 17 2
14 16 2
8 56 1
4 19 2
6 52 2
1 25 2
14 50 1
7 14 2
10 17 2
5 36 1
9 27 2
3 32 1
9 49 1
4 9 2
19 21 2
7 54 1
8 31 1
11 42 2
5 45 1
11 46 1
1 50 1
13 24 1
13 49 2
8 13 2
19 24 2
1 23 1
6 43 2
10 51 2
13 20 1
6 17 2
9 11 2
0 55 1
12 17 2
6 12 2
13 52 1
17 24 1
13 17 2
5 30 1
13 14 2
6 8 2
7 56 2
2 7 2
4 10 2
10 43 2
9 15 2
1 8 2
12 23 1
14 24 1
0 4 2
12 44 1
1 39 2
32 49 2
10 44 2
8 19 1
6 11 1
6 44 1
7 11 1
6 57 2
3 12 1
7 59 1
7 28 2
4 13 1
49 51 1
17 59 1
3 28 2
16 51 1
17 28 1
0 6 1
3 19 1
43 52 2
9 59 2
3 44 1
43 44 2
5 28 2
35 57 1
57 59 1
9 44 2
2 49 2
1 43 1
32 52 1
19 59 2
3 59 1
8 12 2
16 19 1
