% n=120 p=33 d=0.66 p_blue=0.66
% k=0
14 22 2
24 26 2
39 97 2
21 116 2
12 74 2
3 44 1
39 55 2
0 24 2
5 50 2
10 64 1
5 31 2
22 81 2
25 97 2
30 69 2
9 53 2
25 105 1
37 109 1
38 88 2
35 107 2
20 60 2
34 51 2
15 100 2
10 62 1
18 32 2
14 66 1
33 114 2
28 34 2
8 59 2
7 64 2
34 101 2
38 65 2
8 117 1
37 95 1
15 35 2
8 70 1
26 108 1
17 83 2
36 83 2
8 19 2
0 15 2
26 29 2
22 28 2
24 58 2
39 71 1
8 47 2
38 80 2
25 48 2
19 23 2
14 116 1
12 36 2
10 81 2
13 31 2
26 82 2
22 63 1
17 100 1
30 85 2
17 92 2
4 73 1
36 64 2
24 96 2
27 112 2
15 39 2
22 89 1
19 104 1
19 68 2
39 50 1
3 45 1
22 23 2
27 110 2
0 23 2
14 103 1
14 110 2
33 80 2
7 38 2
7 23 2
22 92 1
25 29 2
27 46 2
17 23 2
0 83 2
26 92 2
20 86 2
21 105 2
1 68 2
39 42 2
25 49 2
19 93 2
0 30 2
37 38 2
16 76 2
11 42 1
2 67 2
0 1 2
19 95 1
32 35 2
2 85 2
28 94 1
7 49 2
1 61 1
14 31 2
30 42 1
37 42 2
2 65 2
3 42 1
6 40 2
34 69 2
36 39 2
0 21 2
24 28 2
8 10 2
16 47 2
1 107 1
1 51 2
35 46 2
32 68 2
3 64 2
37 64 2
11 90 1
33 49 2
35 47 2
33 36 2
24 87 2
28 62 2
23 94 2
17 32 2
6 54 2
33 106 2
14 29 2
31 97 2
0 32 2
12 67 1
33 43 1
23 69 2
37 101 2
2 84 2
28 96 1
31 48 2
0 61 2
9 73 2
23 47 2
20 89 2
22 39 2
15 18 2
35 92 2
12 62 1
2 7 2
24 95 2
39 56 2
4 14 2
15 83 1
12 15 2
16 17 2
32 89 1
19 106 2
18 109 1
10 31 2
24 102 1
11 23 2
7 14 2
6 36 2
24 117 2
2 111 1
7 69 1
26 38 2
4 17 2
11 84 2
5 14 2
23 25 2
1 85 2
16 99 2
33 88 2
0 102 2
7 104 1
16 97 2
17 63 2
23 82 2
24 106 1
7 13 2
31 33 2
24 43 1
3 105 2
20 68 2
2 75 2
35 36 2
1 93 2
34 89 1
12 80 2
28 97 1
29 77 2
38 76 1
5 37 2
23 67 1
9 23 2
16 45 1
5 115 2
2 78 2
1 46 1
7 45 2
10 24 2
31 74 1
29 30 2
9 64 2
38 99 1
9 36 2
13 110 1
25 32 2
19 105 2
23 112 2
14 60 2
19 111 2
20 71 2
20 78 1
37 79 2
31 117 2
29 64 1
27 28 2
32 80 1
7 46 1
32 42 1
8 13 2
18 47 2
4 29 2
1 52 2
0 74 1
3 41 1
1 5 2
34 71 2
37 57 2
4 55 2
8 96 1
12 21 2
23 79 1
3 4 2
24 56 2
15 87 2
23 108 1
22 64 1
8 108 2
38 48 1
16 19 2
27 102 1
8 45 2
4 26 2
35 105 2
36 82 2
19 115 1
8 90 1
6 103 2
20 53 2
19 45 2
17 62 2
38 93 2
2 13 2
39 104 1
39 63 2
8 64 2
39 108 1
13 76 1
15 72 2
3 13 2
5 99 2
7 59 2
14 109 2
13 118 2
10 95 2
11 45 1
25 118 2
25 62 1
17 90 2
39 46 2
26 90 2
11 16 2
17 61 2
0 12 2
29 72 1
6 16 2
13 97 2
1 72 1
30 107 2
35 53 2
35 68 1
4 34 2
14 106 2
35 41 2
34 70 2
2 110 2
30 65 1
17 38 2
2 105 1
6 23 2
31 70 2
7 117 2
28 31 2
28 47 2
7 53 2
27 97 1
22 76 1
9 96 1
14 36 2
8 109 2
39 110 2
39 74 2
29 105 2
25 106 2
21 39 2
5 24 2
36 102 1
8 15 2
37 67 2
24 83 2
20 85 1
1 13 2
21 49 1
0 31 2
7 24 2
5 39 2
3 71 2
17 54 2
18 85 2
24 64 2
18 39 2
25 101 2
8 92 1
20 99 1
15 75 2
20 110 2
21 84 2
20 69 2
1 36 2
1 22 2
5 33 2
17 111 1
0 79 2
7 12 2
24 92 2
18 25 2
8 113 1
26 110 2
12 38 2
33 83 1
1 14 2
16 101 2
22 74 1
4 62 2
19 117 2
35 116 2
20 31 2
30 74 1
29 71 1
25 79 1
28 111 2
35 88 2
10 23 2
13 52 1
35 75 1
19 85 2
32 107 1
30 78 2
39 91 2
30 36 2
39 107 2
11 17 2
38 60 1
25 39 2
31 34 2
27 60 2
32 110 2
29 87 1
0 108 2
36 40 1
9 90 1
32 51 1
18 21 2
14 27 2
26 59 2
1 105 2
2 22 2
21 26 2
14 54 2
2 106 1
30 112 2
24 59 2
6 101 1
2 15 2
12 75 2
39 61 2
4 6 2
22 94 1
1 4 2
31 91 2
22 36 2
28 85 2
36 48 1
39 90 1
7 90 1
31 68 2
6 85 2
35 67 2
17 25 2
9 13 2
10 73 1
3 75 2
8 98 2
33 69 1
2 96 1
25 91 1
4 24 2
15 70 1
10 88 1
6 116 1
6 28 2
0 91 2
2 34 2
39 98 2
0 86 2
14 83 2
4 86 1
24 114 2
14 75 2
5 79 2
14 23 2
19 81 1
7 107 1
38 106 1
33 70 2
31 49 1
1 27 2
18 107 2
33 97 2
8 51 2
15 28 2
27 43 1
32 94 2
30 92 2
8 17 2
6 26 2
15 109 1
1 65 2
1 15 2
26 89 2
27 57 1
27 72 2
33 52 2
13 67 2
17 66 2
27 106 1
6 89 1
9 10 2
29 63 1
0 115 2
20 25 2
5 56 2
18 110 1
9 26 2
24 84 2
36 105 2
24 46 2
32 98 2
26 112 1
24 81 2
9 117 1
39 76 2
13 54 2
15 105 1
32 78 2
39 53 2
31 112 1
16 25 2
17 55 2
22 35 2
20 30 2
19 34 2
6 90 2
26 49 1
28 56 2
23 74 1
12 30 2
29 115 2
18 96 2
36 50 2
9 41 2
3 115 2
15 19 2
14 55 2
18 89 2
22 66 2
2 58 2
16 38 2
27 66 2
10 80 2
15 16 2
13 46 2
36 106 2
14 17 2
30 47 1
6 10 2
22 108 2
38 107 1
27 35 2
3 60 2
39 88 2
8 36 2
25 116 2
29 31 2
30 63 2
17 105 1
17 91 1
28 54 2
8 57 1
22 25 2
11 36 2
2 104 1
17 78 2
18 28 2
15 59 1
10 113 1
36 61 2
38 103 2
16 72 1
27 63 2
37 39 2
9 97 2
21 100 1
12 88 2
11 46 2
11 47 2
4 16 2
16 71 2
9 17 2
6 25 2
37 55 2
5 95 1
5 7 2
2 60 2
8 34 2
11 77 2
3 7 2
16 52 2
24 119 2
27 64 1
3 21 2
19 40 1
21 28 2
21 67 2
19 108 2
10 98 2
3 58 1
18 106 1
3 15 2
38 109 2
3 33 2
18 117 2
1 70 2
14 114 2
20 45 1
37 69 2
4 92 1
19 114 1
4 15 2
6 13 2
4 22 2
18 52 2
9 62 2
18 44 1
14 119 2
21 109 2
5 48 2
16 81 2
9 103 2
22 96 2
24 116 2
16 79 2
37 84 2
32 73 2
10 54 2
36 79 1
16 57 2
17 42 1
11 57 2
11 104 2
2 55 2
10 13 2
36 81 1
7 47 2
7 71 1
0 16 2
28 108 2
20 58 1
17 112 2
22 32 2
22 112 2
29 67 2
22 118 2
32 36 2
9 33 2
28 48 2
8 29 2
3 93 2
12 79 1
34 64 1
37 65 2
24 82 1
14 24 2
24 110 1
16 46 2
36 52 1
11 14 2
25 57 2
20 29 2
3 99 2
23 90 1
27 76 1
0 119 2
13 74 1
39 99 1
11 22 2
35 83 2
26 99 2
12 48 2
27 111 1
15 99 2
12 33 2
24 99 2
5 23 2
17 60 2
34 38 2
15 78 2
9 14 2
10 57 2
34 59 2
5 117 1
22 117 2
32 85 2
36 55 1
15 55 2
1 48 1
22 114 2
11 35 2
36 108 1
0 13 2
14 30 2
4 79 2
19 62 2
16 94 1
12 53 2
15 114 2
23 65 2
15 26 2
9 27 2
13 47 2
26 43 2
37 104 2
29 55 2
11 119 1
12 76 2
20 55 2
15 21 2
24 89 2
32 91 1
10 70 2
24 113 2
2 23 2
16 69 2
20 115 2
32 72 2
31 113 1
7 85 1
33 61 2
3 65 1
5 118 2
18 82 2
33 74 2
20 27 2
23 103 2
16 61 1
15 80 2
30 88 2
38 70 2
26 66 1
2 44 1
9 89 1
18 115 2
20 40 2
26 30 2
34 114 2
8 93 2
20 93 2
27 118 2
31 99 2
10 119 2
1 2 2
17 24 2
19 30 2
6 111 1
7 28 2
26 51 1
15 115 1
4 51 2
32 90 1
27 52 1
1 24 2
9 110 2
25 58 2
6 117 2
20 66 1
14 87 2
30 101 2
7 10 2
9 34 2
16 22 2
18 83 2
19 26 2
25 68 2
6 44 2
1 47 2
8 83 2
16 56 1
25 26 2
0 81 1
0 19 2
12 16 2
1 102 2
17 58 2
18 118 2
28 45 2
8 104 2
8 119 2
34 103 2
2 3 2
14 37 2
16 114 2
27 73 2
13 44 2
17 103 2
16 35 2
35 85 2
1 16 2
25 87 2
22 43 2
4 88 2
33 35 2
8 48 2
0 105 2
12 26 2
27 67 2
24 88 2
7 22 2
26 119 2
36 69 2
3 20 2
23 87 1
8 24 2
2 25 2
28 119 2
6 118 1
21 27 2
37 60 2
31 86 2
25 83 2
11 65 1
16 87 2
5 57 1
24 68 2
13 109 2
9 37 2
38 72 1
3 16 2
10 28 2
8 54 2
4 80 2
8 21 2
19 37 2
38 100 2
7 30 2
29 34 2
22 82 2
13 30 2
22 40 2
21 106 2
39 92 1
33 87 2
0 6 2
36 70 1
26 79 2
23 34 2
15 36 2
9 29 2
10 48 1
32 69 2
23 27 2
0 117 2
0 107 1
13 119 2
13 17 2
1 35 2
24 101 2
6 33 2
35 104 2
25 78 2
1 56 2
7 115 2
13 33 2
1 116 2
22 41 2
10 16 2
9 86 1
25 30 2
4 35 2
24 107 2
19 97 1
7 73 2
23 95 1
32 56 2
12 63 2
37 98 2
39 54 1
10 49 2
5 28 2
31 44 2
7 88 2
28 92 2
28 81 2
25 104 2
17 36 2
23 60 2
18 57 1
19 92 2
38 42 2
26 104 1
20 116 2
12 28 2
19 35 2
0 29 2
22 100 2
3 17 2
34 44 2
4 97 1
8 97 2
9 47 2
1 73 2
14 81 1
16 85 1
5 12 2
6 42 2
17 107 2
20 103 1
39 86 1
16 68 2
6 105 2
16 95 2
22 90 1
23 113 2
6 115 2
15 113 2
23 38 2
13 71 1
1 104 1
4 113 1
33 111 2
15 79 1
14 78 1
6 8 2
25 35 2
0 103 1
0 48 1
31 89 2
12 119 1
3 30 2
10 36 2
5 22 2
8 105 1
8 61 2
1 59 1
21 92 2
2 9 2
30 58 2
12 49 1
28 103 2
8 116 1
35 54 1
24 63 2
10 22 2
9 114 2
26 36 2
18 33 2
12 107 1
35 111 2
11 80 1
13 61 1
0 111 2
34 109 2
20 33 2
31 46 2
10 39 2
24 66 2
38 39 2
5 15 2
4 27 2
9 75 2
30 94 2
30 93 1
35 108 2
29 100 2
19 47 2
8 25 2
14 49 2
12 59 1
35 96 2
19 82 1
24 90 1
3 35 2
38 84 2
18 45 2
6 83 2
25 82 2
9 109 2
12 82 2
12 51 2
11 59 1
4 105 2
21 55 1
31 104 2
11 109 1
7 80 2
12 96 1
3 27 2
20 52 1
6 63 2
27 62 1
5 87 2
38 75 2
6 45 1
20 119 2
19 48 2
8 114 2
27 87 2
18 116 2
21 54 2
37 85 2
23 55 2
2 114 2
20 114 2
38 57 2
15 20 2
4 25 2
28 43 1
26 102 1
7 61 2
23 26 2
35 102 1
21 44 2
13 48 2
21 48 2
9 115 2
12 39 2
15 68 2
2 8 2
6 21 2
35 37 2
6 73 2
13 115 2
30 39 2
13 68 2
11 28 2
30 40 2
8 60 2
26 85 2
17 94 2
2 98 2
16 90 1
14 95 2
0 94 1
35 91 2
23 24 2
33 37 2
6 70 2
18 61 2
10 79 2
2 83 2
16 115 1
36 100 2
21 113 2
23 36 2
14 107 1
14 104 2
15 31 2
6 55 2
3 49 2
36 117 1
10 27 2
2 36 2
17 110 2
17 37 2
8 110 2
6 62 1
39 45 2
9 81 2
11 102 1
20 47 1
13 87 1
27 41 2
15 30 2
30 117 1
33 39 2
1 11 2
19 36 2
16 29 2
34 81 2
5 34 2
6 27 2
0 114 1
10 105 2
2 112 2
15 56 2
11 87 2
1 43 1
1 74 2
14 16 2
23 117 2
8 37 2
7 55 1
28 49 1
22 49 2
25 37 2
37 117 2
31 105 1
32 54 1
26 67 1
38 77 2
28 102 1
15 52 2
21 40 2
11 89 2
17 109 2
11 66 2
16 106 2
11 67 2
2 41 2
16 67 2
4 11 2
33 76 2
12 106 1
25 72 2
19 78 2
1 113 1
12 81 2
21 101 2
21 83 2
29 78 1
9 19 2
33 86 2
1 91 1
34 96 2
9 85 2
11 51 1
38 53 1
27 107 2
11 30 2
37 116 2
32 39 2
30 109 2
30 50 2
36 65 2
17 57 2
10 55 2
29 112 2
8 87 2
18 100 1
29 75 1
4 50 2
33 34 2
37 45 2
6 14 2
18 34 2
38 59 2
18 40 1
13 95 2
20 74 2
37 107 1
35 40 1
10 100 2
1 18 2
13 45 1
9 39 2
9 49 2
31 79 2
2 5 2
26 50 2
14 58 1
9 21 2
5 45 2
19 31 2
37 105 2
15 97 2
34 97 2
26 96 2
32 50 2
34 85 1
8 67 2
6 66 2
3 95 1
15 66 2
13 92 2
1 19 2
9 84 1
9 78 2
23 42 2
8 72 2
8 9 2
0 28 2
38 114 2
20 24 2
39 66 2
12 101 2
20 34 2
17 113 2
22 104 2
39 95 1
29 50 1
23 50 2
14 113 2
12 105 1
5 35 2
8 39 2
7 83 2
17 49 2
3 53 2
19 20 2
13 112 2
37 66 2
12 70 1
2 81 2
6 15 2
23 83 1
4 23 2
32 62 2
39 65 2
20 117 1
33 71 1
26 46 1
8 32 2
8 78 2
32 63 2
12 86 1
5 77 2
5 8 2
25 93 2
14 61 1
5 60 2
5 119 1
19 57 2
3 48 2
14 44 1
16 18 2
1 90 2
5 80 2
27 68 2
31 64 2
27 69 2
12 103 2
14 67 2
14 38 2
29 95 2
10 68 2
14 28 2
12 13 2
31 63 2
3 40 2
5 20 2
3 59 1
35 66 1
24 65 2
9 66 2
26 61 1
9 95 1
6 24 2
1 112 1
27 33 2
1 111 2
3 92 1
20 37 2
38 69 2
0 14 2
10 20 2
30 34 2
1 26 2
0 34 2
15 65 2
35 78 2
30 62 2
22 99 2
5 26 2
9 102 2
17 101 2
10 59 1
0 43 2
6 19 2
0 47 1
29 65 2
32 66 2
27 114 1
29 33 2
30 76 2
12 54 2
34 80 2
36 84 1
17 27 2
4 30 2
10 111 1
30 102 2
13 39 2
5 73 2
10 82 2
38 56 2
28 75 1
38 108 2
12 90 2
0 106 2
31 43 2
8 100 2
22 24 2
21 102 1
22 42 2
21 23 2
5 81 1
3 96 2
3 110 2
3 22 2
35 39 2
31 42 2
16 107 2
14 65 2
27 83 2
20 46 2
38 119 2
13 26 2
19 27 2
4 119 2
29 59 1
3 32 2
7 32 2
15 81 2
21 33 2
10 19 2
28 53 1
31 62 1
33 81 2
36 49 1
13 60 2
26 98 1
28 113 2
13 15 2
3 39 2
0 20 2
11 69 2
23 57 1
25 117 2
5 55 2
4 59 2
18 77 2
16 117 1
23 31 2
16 36 2
12 84 2
20 77 1
18 49 1
0 54 2
7 87 2
1 53 1
28 67 2
9 43 2
13 14 2
14 115 2
28 78 2
13 22 2
27 116 2
5 85 2
18 74 2
8 26 2
37 115 2
10 107 1
23 52 2
10 109 2
1 12 2
39 52 2
25 81 2
17 108 2
22 79 1
23 116 1
11 113 2
10 67 2
14 63 2
6 88 1
3 24 2
35 65 2
20 76 2
13 100 2
27 89 2
34 83 2
34 112 2
17 88 1
11 97 2
23 106 2
0 5 2
4 9 2
18 92 2
12 77 2
2 39 2
22 27 2
9 80 2
32 92 2
10 97 2
17 70 1
12 114 2
9 12 2
2 30 2
33 84 2
18 64 1
21 24 2
19 109 1
27 91 2
6 53 1
1 81 2
25 88 2
31 100 2
34 47 2
7 77 1
33 105 1
28 101 2
18 19 2
2 52 2
1 32 2
9 18 2
3 68 1
22 103 2
2 38 2
11 26 2
4 12 2
26 37 2
27 88 2
21 46 2
3 34 2
14 62 2
9 58 2
4 99 2
3 89 2
15 57 1
6 82 2
32 83 2
13 81 2
38 82 2
21 36 2
23 100 2
11 61 2
21 45 2
2 101 2
1 119 2
3 119 2
0 33 2
2 16 2
18 22 2
23 111 2
36 44 2
0 37 2
6 34 2
24 39 2
30 86 2
28 70 1
24 69 2
15 22 2
12 110 1
26 78 1
13 63 1
27 37 2
28 29 2
38 90 1
34 65 2
24 61 2
4 39 2
39 83 2
30 79 2
34 61 2
7 9 2
2 53 1
24 38 2
16 33 2
34 111 1
19 118 2
16 116 2
8 38 2
37 75 1
9 11 2
16 43 1
39 49 1
13 34 2
18 29 2
21 59 1
34 108 2
13 29 2
7 63 2
25 95 1
33 99 2
14 21 2
0 89 1
18 105 2
18 54 2
17 69 1
24 94 2
30 38 2
12 69 2
1 28 2
8 11 2
36 115 2
18 38 2
15 104 1
13 24 2
27 32 2
32 60 1
15 38 2
28 117 2
9 76 1
35 44 1
0 88 1
22 30 2
11 34 2
16 100 1
13 23 2
14 39 2
39 102 1
25 86 2
18 55 1
8 18 2
20 39 2
11 96 2
31 111 2
12 94 2
2 62 2
38 79 2
3 5 2
8 49 2
11 20 2
0 46 2
24 37 2
7 108 1
22 47 2
5 83 1
15 37 2
21 25 2
17 56 1
30 96 1
31 77 1
1 7 2
14 72 2
28 110 2
30 97 1
2 68 1
26 52 2
25 113 1
0 26 2
10 38 2
3 106 1
17 53 2
3 118 1
0 70 2
5 32 2
9 100 2
17 117 2
3 56 2
7 96 2
13 28 2
23 56 2
7 99 1
26 65 1
23 48 1
2 37 2
6 95 2
18 26 2
7 79 2
34 35 2
7 81 2
10 90 2
9 59 2
21 99 2
14 92 1
30 44 1
10 87 1
31 83 1
26 34 2
18 37 2
30 113 2
28 57 2
28 88 1
18 58 1
4 82 2
13 18 2
9 30 2
37 43 2
2 33 2
2 86 2
21 104 1
30 37 2
5 110 1
3 57 2
11 24 2
8 82 1
30 46 2
13 113 1
21 80 1
19 61 2
24 111 1
9 48 2
34 78 2
29 97 2
27 119 2
37 83 1
37 119 2
29 69 2
8 14 2
21 96 2
36 72 2
14 101 2
21 38 2
31 92 2
25 34 2
26 97 2
25 75 1
33 109 1
10 110 1
1 38 2
36 95 1
11 88 2
28 86 1
17 71 2
26 62 2
34 55 1
21 115 2
31 38 2
4 56 2
12 27 2
16 24 2
6 12 2
27 79 2
12 40 1
31 76 2
5 30 2
37 102 2
7 82 1
19 29 2
25 52 2
5 64 2
1 67 1
28 41 2
20 42 1
11 106 1
13 36 2
22 91 1
9 74 2
5 106 2
0 4 2
15 23 2
35 69 1
5 6 2
17 114 2
13 99 2
11 71 2
21 29 2
13 37 2
34 62 1
22 119 2
22 46 2
28 89 1
15 25 2
12 112 1
18 84 1
32 118 2
31 32 2
32 70 2
7 118 2
26 95 1
3 87 1
39 58 1
29 32 2
2 45 2
7 94 2
33 51 2
5 93 2
5 68 1
7 34 2
39 119 2
27 75 2
37 94 1
27 85 2
3 46 1
20 28 2
10 17 2
28 73 2
21 52 2
10 77 1
5 111 1
14 26 2
25 73 1
20 35 2
22 38 2
13 101 1
39 43 1
35 97 1
8 115 2
2 31 2
34 66 1
9 32 2
4 77 1
20 50 1
39 44 1
36 80 2
11 21 2
23 91 2
29 90 2
30 56 2
35 61 1
10 108 2
13 108 1
24 25 2
2 19 2
17 115 1
12 23 2
25 85 2
2 11 2
0 3 2
2 12 2
26 71 1
30 57 1
37 103 2
2 29 2
4 18 2
5 75 1
14 57 2
5 76 2
20 44 2
35 115 1
36 97 2
24 44 1
8 107 1
24 32 2
22 34 2
5 97 2
6 59 1
0 35 2
11 32 2
19 113 2
21 47 1
14 64 1
4 70 2
21 110 1
14 88 1
38 83 2
2 21 2
24 53 2
22 80 2
14 47 1
10 106 1
3 10 2
20 61 2
23 53 2
26 28 2
9 67 2
11 44 2
1 8 2
10 43 2
21 62 1
6 65 2
36 63 1
5 78 2
31 109 2
7 74 2
36 109 1
25 38 2
20 95 2
3 36 2
36 112 2
14 51 2
6 67 1
28 104 2
11 13 2
30 67 2
13 59 2
8 22 2
16 55 2
38 62 2
6 119 2
11 83 2
2 28 2
24 27 2
22 85 2
8 56 1
23 72 2
37 54 2
34 40 1
20 109 2
32 117 2
16 59 2
22 84 2
8 58 2
22 83 1
12 17 2
37 56 1
19 32 2
17 118 2
21 66 1
38 104 1
9 28 2
29 82 1
19 24 2
26 100 2
10 45 1
25 111 2
38 92 1
35 113 2
20 54 1
6 74 2
20 88 2
34 79 2
28 33 2
21 90 2
7 43 2
29 89 1
7 33 2
7 102 1
1 10 2
33 73 2
7 36 2
6 18 2
21 22 2
15 58 1
1 118 2
3 55 2
39 51 1
19 46 2
38 97 1
29 36 2
30 105 2
21 77 2
29 60 2
38 95 2
13 20 2
29 102 1
38 98 1
36 58 2
14 86 1
9 50 2
9 45 2
6 58 2
14 76 2
27 42 2
8 20 2
22 75 2
1 17 2
23 102 2
3 23 2
21 75 2
17 68 2
21 117 2
17 76 2
11 33 2
0 10 2
21 108 2
38 89 2
32 108 1
16 70 2
0 39 2
1 40 1
7 17 2
8 28 2
6 11 2
4 76 2
30 106 2
37 58 2
26 93 2
4 52 1
37 47 2
38 112 2
10 91 2
32 46 2
23 30 2
6 60 2
31 94 1
5 103 2
15 29 2
7 42 2
34 36 2
3 69 1
28 90 2
24 36 2
31 45 1
6 43 1
34 95 2
13 94 1
11 107 2
12 20 2
5 109 2
10 51 1
4 90 1
6 94 2
8 111 2
3 81 2
18 24 2
33 115 1
31 51 2
10 34 2
31 93 2
37 97 2
26 75 2
16 32 2
16 23 2
7 92 1
30 82 1
25 36 2
26 32 2
25 40 2
8 31 2
11 25 2
5 104 2
20 36 2
4 33 2
25 70 2
16 82 2
33 53 2
9 55 1
13 90 1
0 77 2
29 40 2
37 106 2
12 83 2
7 111 2
37 88 2
20 32 2
23 39 2
17 48 2
37 82 2
34 72 2
14 32 2
2 51 2
13 38 2
27 95 1
37 91 2
6 48 1
1 86 2
13 64 2
23 62 1
13 85 2
3 12 2
4 38 2
33 101 1
3 26 2
34 105 1
24 50 2
35 98 2
8 80 1
2 35 2
20 112 1
20 51 1
13 56 2
26 91 1
22 45 1
10 21 2
39 73 1
12 71 2
25 84 2
14 71 2
3 114 2
1 95 1
26 117 2
35 43 2
27 56 1
25 59 2
10 65 2
3 90 2
37 40 2
23 64 2
22 88 2
22 70 2
10 30 2
25 115 2
0 17 2
17 80 1
20 83 1
22 60 2
15 93 2
19 51 2
28 112 2
4 69 2
20 38 2
7 93 2
11 94 1
20 22 2
4 114 1
4 96 1
18 27 2
29 76 2
22 93 2
16 34 2
5 114 2
26 69 2
2 24 2
22 33 2
18 65 2
34 94 2
4 103 2
31 67 2
38 78 1
16 60 2
35 77 1
11 74 2
36 111 2
34 39 2
26 70 2
2 14 2
8 102 2
10 61 1
38 61 2
5 108 2
1 33 2
1 108 2
36 45 1
3 18 2
6 104 2
8 81 2
18 62 2
37 68 2
3 104 2
11 58 2
0 72 2
10 74 2
5 63 2
15 107 2
26 27 2
13 27 2
11 18 2
30 31 2
17 89 2
15 43 2
17 51 1
18 59 2
0 101 1
24 105 2
26 33 2
23 43 2
22 53 1
0 7 2
3 38 2
33 72 1
17 39 2
22 101 2
29 74 1
26 103 2
30 72 2
35 87 1
9 65 2
20 105 1
30 91 1
36 110 1
38 63 1
18 67 2
20 111 2
14 35 2
24 34 2
32 103 2
3 66 2
31 54 2
34 57 2
19 58 1
13 73 1
37 99 1
25 60 2
22 48 2
0 98 1
26 72 2
25 50 2
19 33 2
0 93 2
6 31 2
14 100 2
6 107 1
4 8 2
13 21 2
7 58 2
19 89 2
18 56 2
29 101 2
5 49 2
26 111 2
1 21 2
26 84 2
2 108 1
39 57 2
18 101 2
39 96 2
3 116 2
13 65 1
0 95 2
38 87 1
27 50 2
5 27 2
6 7 2
15 46 2
8 85 1
23 119 2
30 103 1
11 31 2
9 24 2
36 86 1
7 56 1
26 63 1
28 69 2
6 29 2
7 31 2
21 31 2
6 69 2
13 50 2
1 106 2
38 66 2
27 104 2
36 93 1
34 90 2
6 75 2
26 105 1
11 50 1
8 62 1
17 65 1
31 35 2
17 35 2
38 117 1
34 76 2
15 112 2
4 112 2
0 56 2
32 113 1
13 77 2
14 59 1
29 118 2
29 113 2
19 21 2
27 31 2
12 111 1
30 70 2
1 31 2
21 63 2
3 25 2
29 58 1
0 75 1
9 68 1
0 73 2
15 69 2
2 56 2
20 81 2
10 35 2
3 103 2
35 79 2
1 77 2
18 71 1
37 96 2
7 20 2
30 111 2
32 79 1
30 66 2
0 18 2
37 80 2
36 92 2
34 56 1
39 112 2
7 35 2
12 22 2
18 91 2
6 99 1
13 91 2
11 15 2
22 52 2
24 60 1
32 33 2
5 92 2
14 70 2
4 13 2
19 50 2
18 119 2
33 66 2
12 43 2
24 31 2
6 56 2
29 84 2
14 102 2
19 64 2
19 99 2
34 74 2
31 110 2
3 83 2
11 12 2
33 44 2
31 85 2
21 41 1
25 109 2
23 68 2
39 67 2
13 40 1
4 31 2
34 87 2
7 16 2
11 38 2
19 60 1
17 21 2
6 100 2
24 29 2
4 20 2
4 115 2
4 67 2
27 30 2
32 111 2
6 64 1
4 118 2
7 89 1
25 77 2
33 57 1
16 111 2
25 90 1
5 41 2
34 50 2
6 61 2
12 19 2
5 71 1
8 16 2
28 35 2
28 36 2
11 100 2
35 60 1
2 73 2
24 45 1
7 101 2
19 28 2
29 68 2
0 118 2
38 115 1
23 84 1
39 101 2
16 37 2
1 44 2
14 96 2
30 35 2
35 64 2
23 81 2
30 95 1
30 48 2
0 8 2
2 95 2
30 110 2
38 67 1
4 19 2
10 93 2
27 90 1
4 87 2
22 87 1
0 9 2
30 32 2
10 66 1
37 112 1
3 85 2
6 22 2
8 33 2
31 71 1
17 29 2
2 17 2
9 35 2
29 54 2
15 60 1
36 99 1
2 59 2
37 70 2
30 114 1
19 22 2
35 38 2
36 119 1
35 94 2
19 25 2
15 106 1
29 39 2
38 102 2
6 35 2
32 97 1
16 109 2
4 101 1
36 76 1
9 116 2
13 89 1
17 116 1
20 21 2
8 95 2
6 32 2
16 108 2
4 32 2
27 34 2
11 53 1
17 43 2
6 96 1
14 42 1
12 24 2
6 102 2
19 42 1
7 84 2
11 76 2
31 78 2
22 26 2
5 74 1
39 115 1
8 99 2
15 88 2
6 93 2
12 64 1
20 26 2
20 62 1
18 23 2
14 15 2
39 113 2
17 20 2
28 66 2
36 118 2
2 50 2
3 102 1
34 43 2
38 44 2
1 63 2
0 87 2
7 18 2
21 94 1
39 82 2
24 40 2
2 119 2
9 79 2
36 38 2
29 70 1
0 112 1
11 52 2
17 31 2
31 114 2
36 56 1
11 73 1
17 86 2
11 75 2
3 14 2
23 41 2
27 84 1
32 86 2
12 34 2
14 33 2
34 42 2
14 91 2
20 106 2
33 102 2
1 45 1
33 42 2
7 8 2
35 103 2
25 54 2
37 93 2
27 45 1
6 39 2
36 60 2
13 78 2
10 12 2
6 87 1
16 31 2
1 30 2
10 103 2
1 115 2
35 48 2
39 81 1
1 78 2
29 37 2
27 55 2
9 82 2
18 79 2
9 108 1
9 52 1
17 19 2
4 91 2
19 38 2
24 73 2
0 96 2
9 16 2
1 37 2
23 35 2
26 106 1
35 109 1
31 116 2
12 31 2
1 23 2
9 92 1
13 102 2
10 46 1
26 47 2
35 82 2
14 25 2
17 30 2
11 49 2
18 95 1
15 41 1
13 32 2
28 38 2
5 36 2
15 108 1
22 29 2
7 48 2
28 61 2
16 41 2
22 68 1
36 67 2
21 30 2
8 55 2
15 24 2
1 100 1
19 44 2
5 17 2
0 100 1
8 84 1
7 27 2
36 43 1
10 15 2
14 93 2
21 60 2
25 28 2
0 51 1
14 68 1
17 18 2
28 39 2
10 52 2
34 73 1
16 65 1
35 52 1
28 74 1
31 57 2
9 69 1
3 19 2
27 39 2
9 31 2
2 32 2
8 66 2
35 56 1
13 88 2
16 27 2
17 102 1
30 54 1
6 57 2
15 34 2
10 29 2
25 100 2
26 73 2
21 58 2
13 58 2
4 7 2
32 104 2
23 28 2
12 18 2
26 80 1
12 91 1
32 53 2
30 98 2
31 119 2
20 97 2
14 56 2
8 12 2
23 80 2
23 110 1
11 93 2
25 64 2
12 29 2
29 45 2
35 93 1
1 9 2
17 97 1
23 33 2
32 40 1
18 42 2
3 11 2
21 97 2
0 22 2
16 53 2
4 45 1
18 73 2
28 37 2
33 77 1
35 114 1
16 84 2
19 103 1
10 72 1
17 26 2
8 79 1
38 74 2
8 42 1
35 84 2
12 32 2
0 38 2
7 72 2
32 47 1
16 89 2
32 58 2
21 114 2
17 96 2
11 27 2
21 53 2
22 116 1
14 50 2
2 47 2
32 81 1
35 45 2
16 26 2
1 29 2
22 109 2
4 107 2
19 41 1
16 39 2
30 81 2
17 22 2
36 78 2
27 81 2
19 65 2
0 55 2
6 47 2
33 118 1
31 60 2
24 41 2
32 99 2
5 43 2
0 65 1
1 97 2
38 91 2
3 94 2
1 41 2
25 27 2
29 110 2
10 14 2
16 118 1
27 38 2
5 84 1
4 57 1
30 51 1
37 111 1
5 25 2
18 20 2
8 52 2
16 91 1
9 38 2
4 5 2
14 52 1
4 37 2
17 72 1
31 81 1
2 77 2
2 72 2
3 9 2
21 86 2
6 112 1
10 25 2
33 40 2
16 28 2
18 111 2
8 35 2
0 36 2
20 104 2
25 94 2
5 91 2
38 54 2
3 113 2
20 56 2
25 63 1
1 98 1
24 98 1
34 75 2
5 42 1
30 52 1
4 108 2
15 89 2
8 44 1
38 43 2
38 110 2
9 91 2
30 61 2
4 61 1
39 84 2
9 93 2
16 30 2
16 80 2
31 102 2
11 81 2
6 114 2
5 29 2
2 26 2
18 102 2
26 35 2
4 41 1
27 77 2
26 113 2
27 86 2
5 65 2
29 98 1
30 77 1
15 32 2
6 9 2
2 116 2
13 25 2
24 100 1
26 39 2
29 92 1
5 38 2
0 40 1
29 73 2
33 113 2
0 11 2
7 105 1
23 78 2
25 112 1
27 105 2
10 53 1
0 97 2
22 37 2
38 111 2
1 20 2
27 98 2
30 118 2
39 106 2
5 105 2
37 53 2
18 112 2
7 11 2
37 49 1
11 98 2
30 115 2
1 110 2
18 36 2
22 54 1
22 69 1
31 39 2
31 47 2
1 34 2
32 77 2
13 114 2
9 57 2
15 84 2
5 82 2
33 54 1
19 86 2
1 57 2
10 85 2
9 71 2
29 52 2
27 109 1
6 38 2
6 84 2
25 31 2
26 31 2
3 84 2
34 58 2
10 104 2
16 88 2
30 33 2
2 103 2
19 79 1
22 62 2
4 64 2
3 6 2
29 47 1
36 37 2
12 104 2
24 112 2
17 67 2
0 25 2
3 29 2
9 22 2
19 91 1
5 102 2
19 39 2
23 29 2
8 101 2
17 77 2
19 52 2
7 21 2
19 87 1
11 110 2
5 59 2
34 41 2
34 100 1
15 102 2
31 98 1
31 118 1
5 101 2
36 47 1
34 102 2
24 104 2
39 111 1
37 63 2
31 88 2
31 75 2
10 11 2
10 58 2
6 30 2
8 106 2
37 52 2
38 101 1
6 37 2
8 41 1
21 42 2
36 54 2
15 118 2
14 34 2
13 69 2
12 25 2
2 57 2
28 63 2
12 37 2
36 103 1
10 115 2
4 110 2
27 94 1
1 117 2
4 104 2
36 94 2
12 100 2
29 38 2
39 62 1
4 117 2
27 65 2
31 52 2
4 10 2
28 84 2
34 37 2
7 68 2
3 72 2
10 37 2
1 49 2
25 99 2
32 41 1
21 68 2
26 83 1
16 102 1
2 69 1
0 84 1
10 101 2
3 70 2
3 73 2
13 111 1
10 84 2
38 96 2
14 79 2
4 40 2
27 92 1
15 33 2
23 40 2
10 32 2
9 20 2
18 31 2
22 115 2
2 113 1
3 78 2
14 117 1
7 26 2
11 39 2
11 111 2
1 39 2
14 99 2
1 6 2
2 27 2
33 82 2
18 81 2
0 59 1
30 80 2
0 66 2
6 50 2
13 19 2
18 103 2
12 118 2
7 39 2
2 4 2
26 68 2
34 45 2
25 67 2
7 70 2
30 64 2
0 2 2
8 23 2
15 27 2
18 72 2
1 3 2
39 69 1
12 35 2
17 33 2
22 61 1
21 34 2
1 89 2
3 8 2
20 82 2
24 30 2
9 25 2
22 67 2
17 34 2
1 25 2
5 18 2
33 55 1
1 60 1
15 96 2
22 113 2
6 17 2
29 109 2
34 92 2
7 37 2
10 26 2
18 98 2
2 18 2
4 60 2
11 56 2
17 47 2
7 29 2
32 112 1
28 106 2
1 99 2
15 111 2
3 61 2
7 76 2
8 27 2
29 35 2
1 71 2
1 84 2
15 17 2
29 117 2
15 90 1
15 101 1
24 33 2
27 74 2
7 40 1
9 63 2
7 19 2
22 78 2
12 55 1
27 101 1
38 85 2
34 117 1
13 35 2
6 71 2
13 116 2
9 15 2
3 54 2
12 109 1
20 94 2
14 18 2
17 28 2
21 71 2
20 64 2
3 43 2
0 116 2
5 61 1
8 112 2
0 27 2
28 40 1
21 43 1
6 97 2
12 72 2
27 80 1
7 114 2
20 91 2
22 59 1
5 11 2
15 50 2
17 73 1
29 66 2
26 116 2
32 49 2
21 89 2
4 21 2
10 41 2
33 117 1
3 31 2
16 63 1
2 6 2
17 99 1
6 98 2
31 82 2
16 40 2
2 10 2
20 43 1
36 59 1
28 79 2
23 93 1
10 94 1
27 29 2
5 16 2
6 20 2
9 83 2
20 23 2
14 19 2
31 37 2
29 46 1
37 50 1
25 44 2
18 35 2
7 100 2
32 115 1
7 15 2
0 44 2
16 20 2
31 107 2
5 54 1
21 35 2
7 44 2
23 61 1
11 29 2
7 25 2
12 52 2
10 50 2
28 68 2
5 9 2
8 88 1
35 63 2
37 48 2
15 94 2
11 108 2
33 38 2
5 113 1
18 30 2
9 119 1
16 21 2
11 48 2
39 79 1
27 70 2
26 42 1
2 20 2
28 77 2
28 30 2
22 51 2
4 83 2
25 47 1
23 88 2
11 64 2
10 33 2
0 45 2
39 117 2
24 54 2
4 48 1
39 59 2
16 77 2
29 80 2
5 51 2
21 37 2
0 67 1
36 101 2
36 51 2
5 13 2
29 107 2
13 62 1
5 10 2
2 97 2
44 49 2
28 60 1
16 49 2
8 50 1
67 68 2
5 21 1
23 77 1
3 109 2
19 69 2
9 60 2
14 97 2
21 32 1
7 60 2
32 38 1
64 114 2
14 77 1
10 114 2
14 20 1
44 114 2
73 109 1
31 59 1
29 44 1
22 31 1
42 60 2
13 16 1
16 83 1
59 60 2
23 37 1
15 67 1
9 88 2
68 107 1
33 64 1
4 28 1
6 77 1
51 73 2
12 14 1
14 73 1
20 59 1
