% n=100 p=60 d=0.33 p_blue=0.66
% k=0
4 25 2
32 43 2
26 59 2
27 82 2
8 56 2
41 56 2
4 7 2
35 50 2
45 96 2
3 29 2
50 51 2
12 72 2
33 53 2
5 39 2
1 24 2
14 19 2
45 78 2
9 18 2
24 27 2
20 63 1
43 97 1
56 57 2
1 53 2
1 9 2
10 19 2
52 60 2
30 83 2
5 23 2
20 56 2
7 35 2
23 42 2
45 59 2
0 65 2
58 87 1
41 98 1
8 26 2
47 53 2
28 68 2
6 16 2
3 68 2
25 56 2
10 21 2
43 91 2
31 53 2
34 85 2
31 51 2
54 90 2
24 44 2
8 15 2
22 59 2
25 84 2
3 11 2
47 50 2
12 99 2
9 53 2
41 65 1
0 49 2
20 59 2
25 58 2
7 87 2
1 25 2
1 27 2
31 76 2
14 49 2
16 25 2
44 48 2
5 7 2
51 93 1
3 27 2
29 43 2
44 56 2
32 55 2
45 93 2
55 73 2
0 86 2
26 40 2
1 86 1
0 53 2
23 46 2
36 96 2
29 52 2
13 39 2
35 71 1
44 58 2
25 71 2
58 62 2
28 52 2
20 26 2
33 37 2
26 69 2
47 55 2
8 52 2
21 83 2
4 28 2
19 50 2
26 42 2
45 47 2
22 35 2
26 33 2
28 34 2
24 33 2
15 54 2
40 56 2
22 41 2
49 57 2
26 45 2
9 26 2
9 76 2
18 42 2
48 98 2
30 59 2
5 25 2
29 63 2
5 8 2
2 30 2
31 36 2
35 36 2
23 45 2
1 63 2
12 30 2
45 72 2
33 34 2
4 13 2
24 93 2
0 8 2
50 57 2
30 51 2
33 40 2
33 74 2
4 56 2
27 47 2
11 18 2
49 75 1
45 49 2
0 3 2
3 85 2
14 65 2
34 61 2
6 13 2
35 52 2
21 46 2
29 57 2
17 89 2
40 85 2
47 96 2
24 90 2
33 38 2
18 61 2
30 54 2
40 53 2
15 57 2
40 98 2
32 47 2
13 49 2
36 40 2
24 49 2
34 43 2
29 56 2
23 50 2
45 67 1
22 46 2
1 85 1
30 89 1
10 50 2
9 37 2
3 56 2
9 49 2
47 64 2
23 35 2
32 33 2
24 35 2
4 36 2
26 58 2
42 95 2
1 37 2
7 45 2
8 30 2
3 14 2
35 46 2
11 31 2
7 39 2
15 53 2
22 45 2
13 45 2
6 48 2
50 81 1
22 25 2
58 93 2
19 31 2
38 58 2
43 55 2
29 41 2
51 56 2
9 35 2
1 5 2
15 36 2
26 86 1
36 38 2
10 14 2
35 55 2
26 52 2
27 54 2
1 54 2
4 50 2
32 46 2
16 93 1
2 50 2
55 87 1
9 78 2
54 76 2
29 33 2
19 69 2
1 41 2
17 78 2
0 28 2
9 40 2
5 13 2
14 27 2
29 49 2
13 55 2
2 43 2
31 47 2
52 54 2
18 52 2
28 48 2
28 36 2
21 41 2
51 57 2
24 63 1
1 33 2
18 46 2
8 57 2
23 75 2
19 30 2
32 52 2
34 49 2
10 16 2
19 85 1
1 8 2
43 68 2
50 61 2
6 33 2
2 57 2
25 50 2
15 93 2
3 54 2
50 93 2
9 99 1
14 24 2
57 80 2
10 49 2
35 75 2
40 44 2
18 50 2
23 40 2
33 63 1
33 83 2
44 91 1
35 43 2
43 64 2
44 51 2
2 55 2
15 72 2
40 57 2
23 38 2
2 5 2
38 48 2
21 95 1
32 42 2
5 45 2
9 45 2
16 82 2
28 31 2
9 12 2
9 57 2
9 15 2
32 56 2
4 42 2
12 44 2
3 21 2
16 78 2
0 17 2
18 25 2
18 66 2
9 83 2
16 44 2
10 65 1
16 22 2
35 42 2
21 84 2
53 81 1
9 21 2
55 58 2
0 20 2
16 58 2
16 70 2
3 44 2
44 47 2
5 57 2
19 33 2
13 28 2
21 26 2
5 55 2
1 15 2
16 54 2
26 74 1
19 46 2
23 65 2
31 37 2
17 53 2
14 33 2
48 55 2
59 99 2
38 66 2
7 12 2
29 34 2
10 44 2
3 41 2
17 22 2
43 56 2
35 80 2
34 46 2
5 58 2
18 74 2
59 91 1
31 67 2
50 59 2
25 38 2
11 85 2
15 33 2
51 61 2
9 24 2
45 48 2
42 85 2
35 91 1
10 39 2
7 34 2
59 92 2
44 50 2
6 29 2
38 74 2
32 90 2
7 27 2
18 48 2
34 41 2
31 69 2
51 52 2
11 29 2
5 60 2
14 73 1
15 23 2
40 52 2
4 20 2
20 36 2
30 31 2
2 18 2
48 58 2
9 52 2
1 44 2
6 84 2
17 26 2
3 20 2
39 49 2
25 41 2
20 44 2
15 49 2
41 73 2
13 30 2
33 39 2
22 88 2
18 27 2
24 71 1
6 50 2
13 19 2
7 23 2
11 96 2
23 51 2
10 36 2
35 58 2
17 25 2
2 20 2
7 46 2
19 41 2
28 58 2
49 52 2
38 88 1
44 53 2
9 25 2
29 51 2
30 52 2
30 61 1
28 53 2
3 6 2
25 79 2
30 96 1
15 82 2
51 58 2
22 27 2
3 15 2
17 37 2
19 97 1
15 66 1
4 12 2
6 77 2
24 73 2
29 45 2
1 55 2
5 27 2
36 56 2
31 42 2
31 32 2
12 25 2
47 51 2
12 13 2
34 56 2
37 39 2
29 55 2
16 49 2
9 58 2
2 12 2
50 84 2
23 43 2
26 95 1
30 42 2
30 63 2
23 36 2
11 64 2
41 54 2
13 52 2
38 65 2
21 53 2
15 40 2
2 53 2
7 22 2
7 48 2
16 69 1
0 4 2
2 52 2
51 76 2
24 41 2
30 37 2
6 23 2
38 52 2
12 45 2
6 10 2
10 48 2
23 83 1
20 84 1
30 39 2
11 25 2
55 74 2
9 56 2
5 52 2
2 26 2
4 88 1
8 25 2
4 32 2
42 69 1
9 33 2
16 20 2
19 53 2
34 82 2
5 41 2
51 94 2
23 32 2
0 50 2
56 83 2
2 95 2
1 21 2
10 68 1
32 57 2
21 59 2
2 42 2
6 7 2
44 55 2
27 61 2
41 46 2
17 50 2
13 50 2
12 54 2
2 10 2
21 73 1
0 51 2
55 93 2
31 57 2
26 55 2
3 31 2
41 50 2
4 9 2
3 19 2
1 69 2
33 66 2
2 8 2
31 35 2
29 46 2
22 64 2
18 39 2
10 58 2
18 38 2
44 96 2
8 63 2
30 64 2
50 58 2
56 59 2
28 46 2
52 91 2
0 14 2
5 16 2
18 34 2
46 84 2
5 26 2
1 12 2
17 31 2
9 54 2
11 30 2
36 47 2
12 23 2
15 68 2
6 68 2
22 44 2
8 16 2
6 28 2
9 22 2
14 58 2
28 37 2
53 99 1
39 57 2
19 27 2
11 58 2
16 27 2
53 66 1
15 37 2
0 46 2
40 80 2
16 76 2
57 63 1
2 29 2
14 90 2
9 47 2
11 54 2
9 36 2
5 35 2
46 51 2
39 45 2
19 29 2
39 59 2
5 34 2
4 60 1
36 62 1
16 26 2
6 40 2
41 51 2
47 48 2
21 43 2
2 24 2
56 74 1
4 96 2
44 45 2
6 18 2
41 76 2
10 37 2
8 64 2
8 33 2
26 48 2
22 52 2
30 73 1
12 34 2
17 69 1
28 59 2
22 29 2
14 28 2
33 35 2
8 43 2
5 53 2
0 94 2
34 53 2
5 83 1
4 43 2
13 36 2
3 60 2
12 35 2
53 62 2
12 56 2
52 94 1
2 35 2
51 73 2
37 58 2
39 96 1
20 49 2
15 59 2
27 28 2
12 49 2
1 45 2
12 41 2
28 79 2
41 99 1
32 87 1
25 30 2
31 55 2
15 18 2
26 56 2
39 54 2
2 32 2
21 24 2
19 34 2
34 74 1
34 39 2
33 54 2
0 77 1
25 57 2
42 49 2
41 52 2
32 40 2
1 36 2
20 43 2
30 32 2
11 57 2
57 94 1
22 92 2
58 90 1
3 51 2
53 56 2
1 64 2
0 58 2
4 27 2
34 79 2
17 84 1
37 51 2
25 44 2
14 41 2
11 44 2
15 85 2
21 34 2
22 80 2
10 26 2
37 96 2
34 60 2
31 98 1
29 89 1
12 51 2
19 42 2
38 54 2
5 30 2
12 14 2
9 29 2
19 28 2
21 35 2
24 25 2
18 57 2
53 85 1
12 74 2
38 60 2
58 66 1
36 68 1
25 47 2
5 15 2
17 27 2
21 31 2
17 33 2
28 40 2
58 75 1
4 45 2
55 98 1
54 84 1
24 52 2
1 4 2
11 35 2
33 43 2
30 36 2
22 26 2
4 8 2
46 52 2
11 48 2
10 27 2
35 93 2
14 15 2
41 45 2
20 58 2
18 63 2
49 53 2
47 57 2
41 89 1
4 38 2
1 18 2
26 31 2
36 37 2
0 57 2
16 32 2
15 16 2
19 26 2
4 58 2
19 23 2
29 40 2
22 34 2
12 20 2
7 55 2
14 46 2
14 42 2
42 94 1
27 72 2
2 21 2
0 48 2
15 45 2
26 36 2
50 97 1
54 55 2
50 54 2
29 30 2
22 84 2
15 58 2
10 33 2
43 70 2
3 53 2
29 71 2
9 27 2
20 73 1
5 20 2
39 43 2
37 59 2
59 82 2
23 52 2
16 28 2
3 13 2
18 30 2
8 99 1
56 75 1
25 33 2
31 70 1
40 96 1
6 62 1
35 56 2
20 48 2
8 9 2
6 58 2
45 55 2
20 57 2
12 31 2
47 63 2
16 43 2
38 97 1
27 32 2
14 75 2
28 43 2
28 66 2
33 90 2
21 29 2
34 91 2
0 15 2
44 49 2
3 18 2
16 19 2
19 22 2
42 96 2
4 19 2
4 18 2
35 47 2
17 45 2
42 53 2
6 30 2
2 97 2
44 46 2
57 59 2
17 67 2
1 34 2
19 45 2
10 89 2
21 47 2
36 49 2
52 82 2
1 97 2
33 51 2
6 26 2
14 21 2
29 94 1
38 69 2
40 86 1
0 12 2
18 73 2
52 56 2
20 34 2
25 97 2
47 85 1
52 69 1
40 99 2
23 39 2
25 49 2
26 57 2
7 56 2
17 57 2
5 98 1
11 43 2
6 46 2
1 20 2
3 43 2
21 98 2
18 81 1
12 37 2
24 31 2
37 49 2
17 23 2
31 56 2
45 86 2
34 45 2
49 73 2
18 26 2
17 58 2
15 34 2
23 90 2
5 29 2
42 46 2
13 59 2
41 64 2
23 58 2
35 76 2
55 75 1
17 55 2
27 66 1
31 48 2
14 22 2
38 55 2
44 57 2
9 14 2
25 37 2
22 51 2
57 97 2
6 45 2
0 16 2
18 45 2
47 60 2
26 63 1
24 89 1
12 43 2
51 70 2
57 93 1
32 37 2
31 43 2
26 76 1
5 11 2
9 90 2
21 39 2
30 53 2
59 74 1
2 16 2
6 19 2
3 66 2
46 57 2
30 48 2
9 17 2
20 24 2
23 48 2
0 21 2
27 80 2
15 94 1
13 24 2
28 64 1
3 86 1
11 93 1
5 12 2
16 29 2
10 84 2
24 55 2
16 55 2
10 99 1
32 67 1
33 48 2
6 9 2
40 46 2
4 57 2
19 25 2
6 34 2
54 98 2
15 44 2
14 45 2
25 45 2
33 55 2
8 46 2
55 67 2
8 51 2
5 10 2
26 67 2
6 43 2
21 75 1
49 59 2
25 59 2
35 38 2
37 50 2
31 59 2
34 51 2
6 36 2
30 50 2
0 67 1
47 69 2
3 4 2
22 89 2
8 12 2
26 49 2
16 41 2
34 93 2
6 39 2
54 57 2
26 35 2
38 85 2
34 59 2
43 48 2
6 37 2
19 39 2
52 58 2
27 44 2
2 27 2
37 45 2
36 44 2
28 44 2
53 57 2
42 92 1
22 24 2
11 33 2
53 83 2
11 77 2
33 52 2
22 23 2
14 52 2
35 37 2
28 56 2
18 54 2
27 45 2
36 52 2
42 43 2
2 59 2
13 25 2
29 38 2
14 37 2
53 61 2
8 31 2
13 56 2
32 60 2
39 50 2
7 14 2
28 82 1
4 5 2
0 30 2
40 55 2
5 43 2
25 31 2
14 39 2
7 8 2
12 42 2
3 25 2
5 28 2
36 78 2
52 53 2
8 29 2
33 59 2
5 21 2
2 33 2
22 55 2
6 31 2
8 97 2
30 40 2
11 42 2
15 50 2
24 47 2
48 76 2
16 23 2
14 26 2
39 82 2
42 55 2
18 53 2
49 91 1
9 77 2
38 59 2
21 45 2
6 24 2
9 13 2
13 21 2
57 86 1
48 79 2
19 58 2
37 64 2
3 37 2
22 47 2
24 51 2
7 36 2
10 59 2
6 20 2
31 92 2
14 29 2
2 76 2
41 59 2
38 46 2
5 22 2
49 63 2
24 37 2
58 86 2
40 51 2
17 49 2
9 41 2
14 34 2
2 36 2
16 53 2
31 85 1
2 34 2
31 40 2
15 22 2
53 54 2
7 30 2
29 35 2
38 53 2
33 36 2
13 43 2
7 33 2
41 47 2
38 45 2
27 29 2
18 58 2
36 39 2
32 48 2
34 38 2
13 40 2
40 59 2
46 92 2
34 94 2
34 54 2
32 49 2
14 89 2
6 15 2
49 54 2
25 54 2
7 17 2
16 52 2
36 54 2
18 84 2
21 28 2
16 59 2
1 83 2
34 64 1
25 92 1
13 34 2
21 49 2
11 52 2
37 41 2
47 52 2
1 32 2
53 75 2
13 97 2
17 39 2
0 18 2
35 41 2
11 45 2
24 88 1
11 98 1
33 91 1
39 47 2
0 31 2
15 96 2
28 87 1
7 32 2
22 40 2
1 30 2
17 20 2
34 47 2
47 80 1
10 42 2
36 53 2
0 55 2
22 58 2
4 54 2
26 68 2
32 95 2
57 98 2
18 47 2
1 43 2
27 55 2
5 93 2
9 42 2
37 63 2
1 6 2
27 57 2
14 57 2
9 31 2
21 57 2
18 37 2
16 17 2
19 37 2
45 95 1
33 56 2
5 49 2
35 44 2
27 37 2
18 51 2
8 34 2
5 31 2
22 32 2
10 54 2
10 22 2
39 64 1
3 42 2
22 38 2
40 47 2
7 71 1
52 84 2
23 86 2
42 44 2
43 61 1
7 72 2
33 44 2
6 74 2
14 23 2
25 43 2
28 29 2
3 82 2
25 28 2
25 29 2
55 83 1
3 8 2
5 59 2
16 42 2
4 23 2
1 89 2
5 19 2
19 32 2
37 38 2
21 48 2
14 54 2
2 7 2
25 42 2
18 40 2
2 48 2
34 72 2
14 51 2
7 67 1
22 50 2
18 55 2
29 37 2
16 30 2
28 39 2
20 52 2
10 45 2
18 21 2
11 12 2
24 36 2
46 58 2
2 79 1
55 56 2
22 53 2
31 58 2
21 27 2
28 49 2
19 68 2
33 80 2
20 29 2
2 54 2
36 48 2
11 71 1
9 32 2
37 42 2
8 18 2
0 43 2
32 77 2
50 68 2
41 93 1
10 29 2
46 48 2
21 32 2
20 37 2
41 58 2
12 79 2
11 59 2
13 48 2
47 59 2
11 23 2
14 72 2
25 86 2
8 45 2
3 59 2
35 67 2
5 48 2
57 58 2
45 57 2
44 84 1
21 55 2
25 36 2
17 65 1
55 62 1
15 27 2
8 36 2
29 32 2
49 83 2
27 46 2
0 34 2
55 57 2
11 39 2
11 40 2
9 44 2
40 48 2
37 52 2
43 46 2
17 93 2
2 51 2
19 54 2
3 24 2
14 63 1
44 62 1
22 28 2
26 73 2
29 50 2
47 58 2
3 5 2
36 45 2
1 19 2
33 42 2
2 56 2
16 57 2
31 52 2
18 49 2
0 1 2
19 52 2
2 92 1
17 87 2
31 39 2
32 44 2
2 63 2
20 75 2
43 76 2
4 17 2
48 91 2
21 77 2
13 23 2
47 86 1
14 36 2
31 46 2
53 78 1
12 18 2
15 39 2
26 61 2
13 57 2
5 33 2
38 49 2
34 44 2
41 49 2
31 50 2
12 46 2
24 26 2
31 54 2
2 38 2
4 11 2
18 43 2
14 31 2
23 56 2
19 47 2
15 43 2
14 18 2
10 35 2
4 24 2
22 72 2
24 42 2
26 93 1
22 57 2
12 28 2
24 57 2
45 50 2
9 30 2
21 88 2
25 78 2
48 92 1
29 58 2
33 47 2
5 46 2
2 45 2
6 92 2
27 43 2
1 79 2
56 68 2
22 48 2
15 56 2
24 91 1
17 32 2
10 15 2
28 47 2
31 34 2
10 23 2
45 73 2
2 81 2
59 94 1
16 37 2
50 56 2
20 33 2
56 58 2
1 28 2
32 59 2
16 33 2
34 96 1
5 40 2
45 58 2
13 93 2
3 26 2
4 26 2
55 76 2
41 43 2
3 58 2
23 95 1
17 18 2
54 78 2
49 69 2
4 16 2
16 77 2
5 75 1
42 56 2
12 33 2
46 64 2
23 30 2
15 26 2
45 70 2
52 76 2
46 71 2
1 99 2
13 65 2
10 18 2
30 80 2
52 93 2
0 7 2
35 49 2
36 87 2
49 61 2
48 53 2
10 32 2
12 47 2
2 23 2
0 45 2
13 83 1
8 21 2
27 75 2
15 42 2
56 94 2
32 51 2
35 53 2
44 54 2
18 44 2
12 26 2
46 53 2
19 56 2
32 45 2
35 77 1
26 71 2
7 52 2
15 52 2
34 69 1
7 19 2
2 17 2
26 29 2
46 50 2
34 50 2
1 56 2
7 99 2
37 43 2
18 23 2
3 9 2
20 85 2
7 25 2
26 65 2
9 34 2
18 35 2
57 68 1
18 24 2
35 57 2
43 89 2
27 39 2
11 74 2
17 28 2
26 50 2
54 80 2
51 77 2
12 87 2
9 19 2
17 42 2
28 32 2
13 14 2
55 95 1
23 53 2
31 79 2
17 46 2
8 35 2
22 49 2
10 73 2
13 16 2
0 27 2
44 79 2
41 55 2
21 38 2
20 95 2
22 93 2
1 23 2
27 70 1
38 75 2
23 68 2
5 24 2
1 40 2
27 48 2
21 30 2
58 68 2
30 41 2
18 59 2
3 70 2
42 45 2
11 15 2
18 72 1
4 48 2
54 87 1
4 84 2
14 40 2
8 27 2
46 55 2
22 36 2
3 32 2
42 52 2
16 56 2
13 42 2
12 19 2
49 58 2
0 33 2
14 53 2
7 26 2
2 58 2
22 37 2
6 52 2
8 37 2
18 41 2
28 41 2
7 47 2
19 91 2
54 56 2
57 66 2
59 88 2
48 80 2
27 36 2
25 52 2
1 48 2
16 62 2
21 56 2
24 48 2
3 36 2
14 59 2
16 34 2
15 28 2
41 94 2
15 51 2
6 82 2
27 38 2
30 49 2
44 78 1
52 55 2
53 59 2
19 43 2
6 70 1
10 72 2
43 51 2
19 57 2
12 50 2
55 59 2
20 90 2
26 47 2
37 66 1
25 69 1
2 4 2
14 20 2
9 50 2
20 28 2
3 34 2
36 75 2
39 48 2
48 57 2
10 90 2
43 52 2
8 20 2
23 49 2
4 30 2
35 51 2
13 53 2
3 55 2
15 30 2
10 24 2
10 20 2
26 89 2
17 48 2
59 64 1
39 42 2
19 78 1
19 24 2
36 41 2
26 39 2
58 69 1
59 66 1
22 66 1
55 94 1
13 51 2
41 77 1
6 71 1
10 41 2
10 31 2
30 82 2
39 41 2
32 39 2
29 75 2
58 97 1
33 93 2
16 40 2
8 47 2
57 88 1
3 45 2
8 40 2
22 33 2
15 48 2
39 44 2
12 39 2
0 83 2
15 20 2
13 15 2
46 79 1
30 35 2
2 14 2
8 95 1
7 20 2
50 65 1
17 86 2
7 38 2
23 25 2
51 75 1
31 44 2
37 57 2
18 83 2
28 88 2
1 50 2
40 54 2
8 48 2
20 35 2
19 59 2
39 91 1
19 48 2
29 53 2
5 37 2
19 38 2
17 41 2
7 9 2
0 32 2
17 51 2
50 78 1
27 31 2
30 57 2
44 99 2
25 51 2
0 2 2
6 17 2
20 76 2
4 83 1
35 70 1
17 79 1
10 47 2
39 40 2
58 63 2
29 36 2
13 18 2
6 51 2
34 55 2
17 30 2
55 81 1
11 22 2
16 18 2
20 71 2
4 37 2
21 94 2
5 50 2
11 28 2
17 40 2
4 46 2
23 47 2
3 76 2
1 7 2
38 50 2
0 42 2
52 63 1
7 65 2
9 65 1
21 71 2
6 91 1
24 30 2
27 74 1
34 36 2
5 36 2
51 80 1
26 37 2
8 41 2
30 62 1
24 58 2
13 38 2
6 54 2
4 33 2
29 39 2
11 50 2
23 77 2
32 38 2
1 47 2
58 96 2
57 78 2
48 72 2
14 60 2
17 44 2
42 68 2
6 53 2
27 56 2
10 34 2
47 71 1
36 43 2
54 72 1
59 68 2
0 40 2
5 56 2
18 32 2
15 62 2
11 26 2
35 61 2
11 41 2
4 93 2
24 50 2
26 28 2
10 55 2
16 38 2
4 35 2
49 51 2
0 41 2
46 93 2
8 11 2
6 42 2
13 31 2
18 29 2
15 38 2
28 30 2
44 66 2
30 43 2
18 28 2
14 67 1
4 47 2
35 54 2
12 40 2
4 39 2
2 31 2
8 84 2
21 60 1
0 13 2
15 29 2
2 9 2
20 32 2
50 55 2
1 2 2
27 40 2
28 50 2
9 43 2
27 42 2
8 44 2
55 85 2
51 71 2
3 40 2
30 33 2
6 47 2
37 94 1
59 72 2
15 21 2
21 23 2
27 71 1
24 32 2
36 70 1
2 15 2
29 87 2
16 31 2
11 66 2
21 85 2
38 39 2
22 99 1
34 52 2
25 34 2
17 90 2
3 22 2
41 61 2
19 35 2
49 50 2
14 30 2
17 36 2
17 29 2
21 51 2
8 59 2
27 58 2
5 44 2
11 75 1
20 79 2
5 14 2
21 76 2
27 34 2
1 31 2
15 79 2
3 23 2
30 45 2
29 80 1
11 21 2
13 80 2
4 80 2
48 85 1
21 52 2
45 54 2
16 79 1
34 37 2
19 40 2
22 87 2
36 59 2
40 43 2
53 58 2
59 83 2
0 38 2
8 24 2
10 53 2
35 59 2
52 90 2
20 27 2
24 81 2
44 71 1
21 81 1
13 75 2
43 54 2
3 30 2
31 45 2
25 55 2
1 57 2
9 16 2
35 39 2
12 24 2
45 74 2
5 51 2
5 66 2
18 20 2
24 54 2
52 67 1
9 10 2
0 9 2
14 50 2
19 36 2
20 77 2
12 21 2
30 46 2
0 56 2
39 72 2
7 53 2
8 54 2
28 42 2
38 41 2
32 98 2
30 44 2
52 59 2
31 38 2
11 56 2
33 64 1
10 30 2
25 48 2
2 22 2
18 56 2
8 13 2
54 75 2
42 54 2
10 40 2
13 26 2
6 55 2
16 61 2
25 40 2
44 59 2
23 59 2
7 29 2
25 35 2
18 22 2
39 92 1
31 95 1
1 39 2
1 80 2
8 23 2
5 38 2
42 73 2
44 97 2
23 24 2
17 43 2
1 59 2
18 94 2
14 44 2
3 61 2
4 44 2
9 91 2
0 71 2
7 37 2
41 87 1
16 45 2
3 57 2
0 90 2
20 55 2
8 22 2
3 12 2
20 53 2
42 58 2
35 40 2
2 46 2
19 86 2
28 70 1
8 90 2
22 56 2
22 90 1
13 22 2
51 84 2
11 38 2
0 19 2
11 27 2
16 66 1
48 51 2
6 25 2
1 11 2
6 76 2
32 86 2
42 51 2
8 94 2
10 70 1
13 44 2
26 41 2
13 47 2
1 46 2
10 12 2
38 56 2
15 47 2
2 28 2
41 78 2
20 94 2
7 41 2
15 81 2
10 43 2
32 41 2
33 45 2
23 44 2
0 23 2
29 31 2
3 48 2
22 98 2
33 75 2
32 53 2
47 93 1
12 15 2
13 27 2
0 11 2
46 47 2
26 43 2
6 61 2
7 31 2
1 71 2
12 69 2
49 71 2
58 83 2
43 94 1
17 71 2
23 55 2
57 73 2
34 48 2
34 77 2
22 54 2
6 44 2
10 13 2
36 57 2
20 47 2
20 45 2
51 55 2
30 55 2
0 37 2
44 87 2
43 49 2
26 30 2
37 46 2
26 51 2
36 55 2
25 61 2
30 67 2
41 74 1
30 92 2
34 58 2
14 43 2
17 19 2
47 54 2
0 6 2
32 36 2
4 72 1
43 53 2
21 96 2
21 87 2
48 49 2
57 76 2
16 47 2
30 79 2
1 58 2
14 16 2
17 59 2
45 52 2
21 42 2
23 27 2
27 52 2
46 49 2
20 83 1
12 55 2
36 51 2
58 82 2
37 88 2
3 7 2
14 47 2
36 50 2
9 51 2
34 97 2
8 50 2
20 54 2
21 37 2
20 21 2
3 16 2
7 57 2
12 36 2
3 28 2
14 48 2
46 56 2
7 43 2
20 40 2
9 11 2
51 90 2
7 28 2
41 53 2
5 54 2
32 58 2
12 57 2
25 95 2
12 48 2
1 26 2
12 59 2
1 51 2
1 42 2
24 40 2
17 38 2
7 94 2
21 58 2
38 51 2
24 59 2
54 59 2
23 37 2
19 44 2
6 56 2
47 56 2
13 20 2
5 99 2
4 51 2
11 76 2
25 53 2
47 73 2
37 54 2
43 57 2
11 36 2
0 47 2
27 49 2
0 22 2
40 50 2
6 12 2
7 61 2
32 50 2
0 35 2
56 67 1
33 92 2
16 51 2
7 69 2
50 91 2
12 32 2
28 51 2
58 85 2
23 31 2
4 15 2
25 93 2
46 80 2
27 50 2
20 23 2
6 11 2
52 57 2
24 92 1
14 32 2
20 30 2
44 60 2
16 36 2
8 62 1
11 13 2
27 51 2
29 47 2
33 99 1
1 29 2
8 14 2
2 78 1
8 49 2
19 77 2
20 89 1
43 50 2
17 24 2
51 54 2
7 54 2
6 66 1
2 47 2
8 19 2
30 47 2
51 89 1
17 52 2
3 83 2
38 42 2
14 38 2
27 53 2
37 44 2
43 72 1
42 82 1
16 80 2
39 52 2
37 55 2
28 35 2
5 47 2
1 38 2
14 93 1
3 65 1
11 32 2
12 38 2
9 89 2
7 88 2
6 22 2
22 39 2
48 74 1
24 95 2
15 24 2
2 11 2
44 52 2
3 87 2
41 83 2
22 31 2
37 48 2
54 89 2
28 67 2
6 8 2
46 54 2
36 60 2
23 34 2
46 89 1
3 75 2
1 17 2
24 38 2
10 11 2
7 42 2
18 31 2
4 59 2
19 51 2
45 46 2
38 57 2
43 45 2
11 55 2
50 73 2
34 40 2
26 96 2
25 46 2
23 54 2
10 38 2
12 16 2
29 54 2
28 45 2
44 83 2
39 46 2
9 46 2
49 72 2
13 46 2
1 35 2
29 59 2
43 59 2
36 42 2
21 40 2
11 47 2
6 14 2
13 54 2
57 85 2
40 45 2
6 38 2
17 35 2
54 82 1
16 71 2
12 27 2
48 59 2
4 6 2
17 47 2
0 29 2
56 99 2
1 14 2
23 29 2
45 53 2
35 45 2
33 58 2
31 63 1
42 59 2
35 48 2
21 36 2
36 58 2
37 85 2
54 95 1
46 77 1
2 44 2
9 93 2
40 58 2
0 39 2
10 98 2
32 78 1
4 29 2
9 55 2
15 73 1
7 11 2
0 52 2
41 42 2
13 32 2
54 58 2
50 76 1
2 37 2
9 59 2
29 48 2
11 24 2
16 35 2
39 67 2
9 48 2
5 74 1
28 38 2
24 43 2
7 24 2
20 80 1
10 51 2
14 92 2
8 69 2
57 89 1
3 49 2
40 94 1
52 99 2
35 73 2
45 88 2
15 46 2
21 92 1
20 39 2
7 49 2
31 82 2
53 79 2
32 35 2
1 16 2
0 81 2
22 43 2
0 24 2
29 44 2
11 53 2
7 44 2
6 59 2
12 89 2
23 96 1
20 41 2
4 21 2
37 56 2
58 91 2
48 54 2
37 89 2
8 96 1
11 17 2
21 91 2
4 22 2
19 55 2
11 14 2
27 59 2
48 52 2
39 55 2
27 35 2
1 13 2
31 49 2
7 58 2
11 51 2
55 65 2
34 42 2
50 94 2
16 46 2
0 36 2
51 53 2
17 56 2
29 64 2
45 56 2
6 41 2
10 52 2
55 77 2
7 40 2
39 53 2
41 44 2
25 60 2
6 49 2
32 92 1
9 28 2
12 58 2
54 99 2
23 26 2
38 40 2
50 52 2
3 64 1
9 39 2
45 61 2
34 67 2
43 47 2
2 41 2
3 10 2
2 40 2
46 59 2
51 98 2
11 19 2
24 70 2
42 93 2
32 82 1
37 68 2
13 64 2
14 55 2
54 63 2
14 35 2
47 88 2
5 32 2
2 6 2
6 57 2
3 35 2
29 65 2
8 28 2
20 38 2
24 34 2
24 61 2
22 94 1
10 86 2
7 15 2
7 51 2
11 20 2
18 19 2
23 57 2
40 42 2
5 97 2
42 48 2
17 34 2
12 62 1
28 55 2
24 28 2
3 39 2
43 44 2
46 68 1
0 25 2
30 58 2
9 86 1
29 90 2
13 58 2
49 97 1
40 41 2
25 39 2
59 67 2
5 9 2
2 89 1
38 47 2
16 48 2
11 82 2
3 46 2
4 52 2
37 77 1
37 53 2
23 28 2
35 94 1
49 56 2
2 49 2
6 83 2
22 79 2
28 57 2
7 16 2
3 17 2
18 36 2
42 88 1
37 40 2
4 14 2
33 46 2
20 31 2
26 32 2
26 53 2
24 67 1
40 75 2
3 33 2
54 62 2
48 56 2
26 34 2
3 47 2
30 86 1
21 74 2
29 82 2
48 50 2
30 56 2
31 90 2
42 87 2
51 59 2
40 49 2
36 64 2
21 33 2
0 10 2
39 58 2
58 65 1
34 57 2
10 57 2
4 67 2
29 85 1
38 44 2
13 35 2
40 63 2
33 50 2
44 90 2
22 42 2
15 35 2
5 42 2
45 98 1
28 54 2
9 38 2
42 81 2
55 71 2
38 43 2
9 20 2
27 33 2
29 73 1
33 49 2
20 51 2
12 17 2
49 94 2
8 10 2
26 44 2
1 22 2
16 92 2
5 89 2
15 17 2
12 22 2
42 84 2
1 52 2
10 25 2
24 45 2
21 44 2
46 65 2
39 75 2
7 50 2
23 41 2
46 62 2
1 10 2
30 99 2
0 54 2
5 18 2
20 50 2
2 13 2
24 79 1
9 62 2
26 27 2
4 40 2
6 21 2
54 71 1
14 83 2
14 56 2
41 48 2
15 25 2
18 33 2
7 10 2
15 55 2
37 75 1
30 38 2
4 31 2
11 49 2
20 46 2
24 29 2
22 69 1
7 21 2
25 26 2
22 30 2
15 41 2
33 85 1
21 25 2
13 41 2
1 60 1
42 61 1
26 54 2
11 34 2
31 33 2
20 42 2
21 50 2
13 29 2
21 79 2
40 62 2
28 33 2
15 19 2
50 53 2
15 31 2
10 28 2
4 34 2
8 55 2
19 49 2
4 49 2
14 25 2
2 25 2
19 63 1
8 58 2
27 30 2
1 3 2
7 13 2
53 80 2
24 56 2
3 50 2
12 29 2
30 75 2
39 70 2
10 56 2
36 46 2
47 84 1
0 59 2
5 17 2
11 92 2
21 22 2
33 41 2
13 33 2
6 27 2
14 96 2
17 95 1
1 68 2
25 27 2
26 46 2
32 34 2
15 99 1
24 94 1
14 88 2
6 32 2
4 53 2
10 46 2
20 25 2
37 47 2
16 39 2
33 57 2
7 18 2
24 46 2
4 55 2
2 39 2
32 54 2
11 46 2
7 59 2
8 39 2
13 17 2
19 20 2
43 58 2
32 91 1
10 94 2
23 33 2
8 53 2
15 32 2
38 72 2
31 41 2
5 6 2
12 52 2
0 70 1
45 51 2
16 50 2
22 61 1
24 53 2
4 41 2
1 49 2
8 38 2
33 96 2
22 74 1
45 84 2
58 73 2
11 16 1
65 83 1
48 83 1
6 72 2
20 82 1
3 52 1
4 10 1
59 84 1
16 24 1
25 32 1
24 39 1
17 82 1
26 38 1
17 54 1
42 50 1
22 60 2
39 68 2
39 56 1
9 23 1
36 72 2
2 19 1
47 49 1
13 37 1
20 22 2
40 90 2
0 44 1
56 87 2
5 85 1
