% n=90 p=60 d=0.33 p_blue=0.33
% k=0
19 60 2
3 33 2
32 76 1
47 79 1
18 32 2
29 50 2
45 71 1
37 38 2
17 59 2
45 50 2
34 39 2
9 22 2
42 74 1
33 34 2
23 69 1
41 79 2
1 22 2
32 54 1
16 55 2
6 17 2
30 62 2
16 38 2
29 74 1
20 49 2
20 45 2
40 78 1
23 37 2
29 46 2
10 54 1
42 64 1
13 50 2
16 17 2
28 40 2
13 87 1
14 30 2
47 57 1
32 51 2
51 56 1
24 71 2
41 45 2
22 46 2
4 22 2
31 48 2
28 42 2
25 37 2
22 29 2
2 20 2
0 62 1
25 50 2
30 34 2
12 13 2
30 79 1
18 63 1
39 53 2
29 56 1
28 53 2
46 50 2
5 44 2
10 51 2
34 70 2
8 19 2
25 34 2
50 62 1
21 22 2
11 33 2
14 22 2
6 43 2
1 35 2
7 45 2
20 82 2
42 60 1
18 34 2
8 30 2
48 83 1
10 33 2
17 83 1
45 58 1
23 50 2
48 60 2
48 81 1
17 53 2
30 53 2
2 25 2
53 60 1
2 40 2
19 33 2
25 45 2
35 46 2
49 75 2
17 51 2
34 42 2
23 39 2
2 10 2
12 27 2
40 65 1
16 83 1
26 29 2
14 36 2
13 57 1
30 77 2
15 53 2
40 75 1
15 45 2
4 80 1
48 53 2
11 77 1
9 81 1
12 66 1
9 36 2
49 87 1
29 37 2
1 64 2
33 64 1
15 17 2
16 43 2
32 35 2
7 76 1
40 45 2
9 77 2
15 23 2
22 43 2
11 27 2
20 26 2
35 36 2
9 78 1
13 41 2
30 76 2
21 51 2
7 43 2
2 32 2
30 38 2
2 11 2
14 29 2
29 44 2
22 79 1
29 38 2
28 32 2
25 46 2
19 30 2
41 86 2
32 58 1
19 73 1
1 24 2
34 77 1
15 74 1
16 39 2
26 39 2
34 38 2
28 52 2
6 19 2
15 30 2
16 25 2
0 2 2
2 18 2
12 43 2
29 49 2
7 53 2
10 82 1
27 80 2
3 5 2
13 47 2
10 27 2
25 30 2
7 34 2
12 44 2
6 22 2
40 85 1
49 57 1
27 50 2
16 52 2
34 40 2
2 43 2
27 36 2
29 36 2
13 26 2
22 51 2
3 53 2
18 48 2
7 42 2
43 47 2
20 68 1
24 31 2
14 25 2
15 46 2
6 36 2
7 20 2
27 48 2
18 44 2
32 52 2
3 7 2
8 42 2
16 51 2
1 10 2
0 47 2
30 46 2
15 48 2
16 73 2
43 59 1
46 79 1
7 8 2
27 85 1
22 45 2
32 88 1
9 19 2
17 49 2
8 40 2
14 35 2
0 24 2
2 68 2
42 52 2
0 43 2
5 20 2
23 29 2
34 49 2
46 66 1
23 30 2
29 48 2
29 67 1
4 76 1
40 41 2
21 31 2
5 9 2
19 62 1
41 80 1
8 28 2
1 68 1
21 55 1
53 77 1
12 41 2
19 48 2
5 17 2
26 36 2
6 47 2
23 44 2
6 46 2
22 75 1
7 41 2
28 47 2
36 53 2
1 85 1
18 56 1
7 44 2
36 74 2
34 83 1
38 40 2
22 35 2
15 34 2
14 51 2
1 51 2
2 63 1
12 26 2
41 77 2
37 44 2
8 75 1
9 41 2
34 44 2
41 53 2
3 42 2
19 27 2
45 53 2
25 52 2
18 19 2
42 77 2
6 52 2
1 17 2
17 38 2
0 26 2
8 47 2
28 48 2
3 19 2
12 62 2
23 25 2
15 27 2
2 48 2
36 40 2
49 86 2
2 15 2
25 79 2
8 17 2
4 20 2
19 29 2
10 74 1
13 29 2
13 78 2
51 68 1
45 52 2
10 14 2
27 34 2
6 83 2
18 33 2
23 36 2
27 66 2
3 88 1
33 44 2
2 16 2
26 88 2
34 43 2
40 52 2
38 83 1
51 83 1
33 42 2
1 44 2
12 89 1
8 87 2
11 15 2
15 63 1
23 40 2
18 43 2
45 70 1
10 28 2
16 75 2
36 48 2
2 44 2
28 36 2
44 48 2
5 26 2
53 87 2
0 88 1
14 19 2
2 38 2
0 65 2
36 47 2
0 4 2
21 77 2
29 55 2
14 52 2
7 13 2
4 53 2
10 37 2
52 66 1
9 34 2
3 26 2
46 53 2
3 12 2
14 86 1
30 83 1
20 24 2
38 41 2
12 21 2
1 52 2
37 63 1
16 34 2
1 39 2
26 54 1
42 78 2
22 56 2
24 86 1
40 60 1
35 47 2
12 48 2
12 19 2
26 51 2
28 73 1
23 46 2
41 47 2
30 58 1
37 49 2
4 10 2
17 27 2
7 18 2
21 26 2
14 27 2
7 36 2
12 30 2
19 50 2
26 42 2
21 73 1
49 65 1
17 23 2
20 31 2
22 33 2
22 32 2
34 51 2
4 81 2
7 28 2
22 39 2
3 22 2
8 34 2
17 46 2
20 71 1
10 41 2
16 33 2
8 9 2
20 32 2
34 86 1
6 77 1
15 47 2
19 40 2
29 86 2
5 89 1
9 37 2
4 49 2
18 20 2
33 83 1
52 69 2
15 36 2
51 73 2
25 71 1
9 73 1
17 37 2
2 8 2
9 48 2
24 51 2
14 46 2
39 77 2
9 25 2
42 51 2
13 28 2
2 78 2
33 46 2
10 17 2
29 33 2
9 56 1
22 88 1
28 33 2
46 77 1
21 48 2
18 38 2
14 55 2
4 50 2
13 22 2
23 73 2
2 72 1
22 89 2
4 9 2
10 35 2
45 48 2
6 39 2
12 29 2
51 86 2
21 84 2
9 18 2
35 65 1
19 46 2
16 31 2
9 29 2
12 50 2
26 73 1
43 49 2
6 37 2
43 85 1
52 53 2
5 35 2
19 22 2
21 44 2
12 22 2
41 44 2
9 33 2
13 25 2
23 35 2
11 12 2
51 79 1
19 34 2
26 80 2
6 49 2
5 14 2
45 87 1
21 35 2
7 49 2
0 79 2
8 89 1
11 61 1
9 10 2
42 81 2
10 46 2
5 7 2
21 30 2
5 10 2
21 40 2
39 40 2
32 55 2
27 52 2
14 47 2
28 71 1
5 75 2
11 45 2
3 14 2
47 48 2
4 44 2
3 85 1
28 30 2
40 44 2
48 85 1
32 33 2
0 82 1
26 28 2
47 83 1
1 77 2
18 69 2
4 58 1
4 21 2
8 37 2
4 67 2
9 70 1
1 40 2
0 64 1
24 75 1
20 37 2
23 57 1
7 39 2
41 76 1
1 2 2
3 20 2
9 66 2
16 32 2
38 70 2
46 56 1
40 50 2
18 53 2
47 52 2
15 75 1
26 50 2
6 34 2
4 37 2
17 72 1
2 39 2
11 13 2
2 41 2
44 51 2
19 52 2
34 89 1
22 53 2
22 50 2
23 41 2
6 38 2
17 50 2
46 75 1
9 20 2
4 23 2
9 54 1
8 43 2
8 32 2
5 15 2
44 55 1
5 36 2
44 86 2
27 49 2
3 77 1
9 72 2
13 82 1
41 89 1
6 12 2
11 42 2
2 9 2
12 35 2
2 27 2
0 12 2
11 36 2
29 43 2
51 52 2
6 18 2
1 38 2
35 45 2
3 28 2
45 46 2
29 32 2
21 41 2
2 14 2
10 16 2
8 26 2
37 50 2
36 64 2
30 49 2
32 36 2
7 30 2
14 16 2
4 69 2
35 67 2
14 45 2
0 51 2
3 80 2
29 52 2
5 50 2
5 41 2
21 38 2
46 48 2
0 15 2
17 26 2
3 61 1
1 59 1
23 42 2
24 63 1
1 41 2
26 37 2
18 52 2
31 39 2
22 47 2
18 50 2
15 31 2
0 14 2
12 23 2
18 37 2
31 42 2
30 42 2
3 27 2
15 69 1
46 51 2
48 52 2
5 40 2
20 23 2
20 78 1
7 40 2
19 65 1
44 49 2
8 49 2
3 40 2
17 25 2
12 51 2
4 7 2
0 6 2
7 35 2
46 73 2
22 63 1
5 52 2
22 31 2
34 53 2
2 26 2
3 15 2
29 58 1
1 15 2
20 35 2
38 80 1
15 41 2
44 54 2
27 44 2
38 50 2
40 55 1
25 51 2
13 36 2
10 83 1
38 45 2
12 53 2
10 43 2
9 24 2
15 24 2
2 24 2
29 84 1
11 25 2
26 43 2
16 42 2
24 65 1
44 47 2
31 50 2
3 84 1
36 43 2
3 50 2
30 72 1
11 52 2
41 88 2
24 26 2
4 56 2
15 29 2
0 20 2
31 46 2
7 46 2
20 25 2
34 37 2
45 73 1
23 80 1
14 37 2
26 35 2
38 48 2
1 4 2
1 29 2
22 48 2
19 37 2
43 52 2
16 89 1
24 37 2
2 12 2
18 39 2
11 51 2
24 48 2
16 47 2
1 13 2
15 52 2
1 26 2
19 39 2
50 57 1
8 13 2
50 53 2
15 77 1
30 89 2
8 38 2
7 33 2
42 43 2
21 28 2
12 46 2
17 30 2
11 31 2
34 35 2
16 85 1
6 21 2
21 67 1
26 81 1
11 48 2
7 27 2
0 46 2
11 59 2
24 40 2
11 32 2
0 34 2
43 79 1
32 40 2
19 45 2
14 57 1
51 61 1
2 42 2
2 47 2
22 25 2
9 43 2
10 53 2
31 34 2
39 85 1
16 18 2
5 11 2
26 40 2
18 84 1
14 78 1
26 59 1
10 42 2
0 53 2
32 64 1
23 47 2
4 32 2
1 57 2
14 63 1
13 74 1
12 17 2
28 68 1
13 15 2
24 33 2
40 46 2
34 52 2
26 34 2
42 48 2
34 45 2
14 71 1
31 51 2
23 61 1
35 84 1
49 69 2
6 69 2
50 79 1
14 76 2
21 85 1
0 45 2
10 60 2
36 86 1
0 48 2
51 65 1
42 84 1
13 24 2
29 42 2
1 53 2
31 38 2
34 54 1
38 74 2
1 47 2
47 86 1
13 46 2
31 33 2
7 26 2
36 75 1
13 23 2
17 33 2
14 34 2
3 31 2
19 32 2
10 36 2
14 21 2
7 47 2
15 59 1
39 52 2
11 46 2
23 49 2
11 49 2
21 57 2
4 41 2
8 15 2
32 37 2
22 27 2
31 80 1
2 50 2
7 22 2
7 52 2
10 50 2
26 45 2
25 32 2
43 77 1
18 24 2
2 28 2
2 22 2
9 31 2
14 56 2
23 75 2
5 38 2
21 27 2
32 80 1
14 43 2
41 50 2
18 54 1
37 39 2
19 28 2
20 66 1
25 38 2
14 32 2
30 84 2
51 55 1
35 38 2
4 6 2
37 65 1
27 43 2
27 38 2
1 30 2
15 67 1
37 58 2
31 47 2
30 54 1
8 20 2
26 85 2
2 88 1
20 29 2
43 64 1
33 78 1
28 35 2
14 70 1
13 80 1
31 63 1
50 54 2
19 24 2
44 80 1
5 13 2
6 35 2
9 49 2
1 23 2
39 47 2
6 82 1
15 43 2
28 31 2
0 66 2
24 42 2
2 29 2
12 34 2
47 68 1
0 37 2
3 57 1
3 36 2
46 52 2
12 88 1
41 67 1
14 50 2
42 87 1
41 84 2
1 12 2
23 71 2
22 24 2
3 11 2
15 40 2
31 54 2
26 56 2
31 40 2
3 21 2
0 23 2
49 67 1
9 30 2
9 11 2
28 29 2
6 26 2
48 84 2
6 65 1
25 40 2
25 29 2
14 31 2
6 32 2
6 14 2
0 29 2
4 45 2
38 52 2
14 41 2
24 29 2
1 7 2
13 34 2
17 69 1
39 41 2
6 10 2
13 48 2
53 73 1
2 31 2
47 82 1
49 53 2
25 43 2
9 12 2
4 43 2
9 21 2
31 68 1
5 43 2
5 54 2
31 49 2
8 25 2
2 21 2
31 36 2
25 39 2
35 60 1
19 26 2
39 46 2
24 27 2
15 83 1
7 21 2
1 25 2
49 60 1
52 78 2
27 31 2
37 62 1
18 21 2
31 41 2
24 47 2
4 27 2
8 51 2
18 36 2
10 30 2
11 47 2
6 31 2
11 70 2
28 55 1
12 65 2
26 41 2
22 70 2
42 65 1
0 55 1
6 29 2
20 53 2
15 49 2
26 32 2
7 15 2
17 24 2
4 18 2
7 75 2
41 46 2
13 16 2
36 52 2
53 83 2
8 35 2
13 31 2
40 53 2
21 70 1
49 64 2
0 41 2
12 63 1
43 48 2
44 78 1
32 45 2
1 6 2
45 88 1
49 66 1
34 48 2
25 41 2
41 58 1
35 50 2
30 52 2
1 20 2
11 34 2
11 53 2
3 35 2
6 42 2
19 20 2
40 67 1
45 47 2
7 63 1
8 45 2
50 73 1
7 80 1
30 70 1
38 76 1
33 41 2
24 45 2
12 70 1
2 53 2
4 42 2
10 18 2
45 76 2
7 16 2
10 38 2
43 57 1
5 42 2
0 19 2
26 48 2
0 36 2
17 45 2
35 81 2
1 45 2
38 64 2
3 18 2
29 66 1
6 59 2
29 77 2
11 39 2
0 25 2
4 17 2
30 50 2
0 7 2
10 25 2
31 32 2
13 55 1
14 20 2
8 82 1
50 52 2
10 40 2
26 46 2
0 16 2
36 54 1
8 24 2
33 54 1
12 36 2
18 30 2
28 45 2
16 26 2
12 28 2
1 42 2
27 51 2
3 29 2
0 27 2
37 73 1
36 44 2
6 25 2
30 57 1
3 66 1
39 42 2
5 51 2
13 49 2
29 53 2
38 47 2
19 44 2
0 3 2
43 53 2
19 42 2
53 64 1
43 84 1
41 49 2
1 46 2
10 44 2
14 42 2
37 43 2
9 17 2
31 88 1
23 33 2
13 32 2
34 36 2
32 42 2
12 32 2
35 42 2
35 54 1
38 39 2
16 81 1
18 46 2
2 57 1
7 68 2
6 16 2
1 27 2
1 48 2
29 88 1
7 19 2
4 86 1
5 28 2
28 63 2
7 9 2
32 84 2
43 58 1
24 44 2
6 74 1
17 36 2
4 68 1
37 53 2
15 35 2
17 29 2
25 68 1
21 52 2
13 42 2
31 56 1
17 42 2
4 52 2
31 57 2
25 49 2
11 63 1
6 27 2
23 26 2
10 19 2
14 89 1
7 32 2
11 73 1
28 87 1
15 26 2
27 40 2
5 16 2
35 52 2
7 11 2
2 65 2
3 41 2
43 78 2
20 42 2
30 69 1
16 65 1
16 40 2
3 23 2
3 68 1
36 45 2
48 87 1
11 20 2
0 9 2
7 31 2
40 73 2
43 46 2
35 59 1
40 63 1
11 37 2
38 57 2
2 89 1
8 39 2
10 34 2
21 23 2
22 40 2
36 56 2
24 39 2
20 36 2
6 45 2
3 10 2
12 33 2
1 76 1
17 41 2
1 8 2
4 29 2
22 34 2
8 36 2
20 50 2
22 41 2
3 44 2
10 48 2
4 30 2
33 43 2
1 28 2
10 26 2
27 45 2
14 49 2
29 31 2
24 73 2
17 66 1
0 39 2
45 68 1
2 19 2
47 53 2
18 40 2
15 18 2
26 33 2
25 86 1
8 14 2
11 76 2
11 41 2
13 38 2
5 19 2
35 49 2
4 51 2
22 52 2
44 45 2
10 13 2
16 23 2
45 81 1
9 39 2
29 72 1
16 50 2
20 76 1
46 57 1
4 11 2
38 42 2
5 25 2
33 71 1
5 32 2
31 59 2
0 57 2
15 16 2
12 40 2
9 27 2
29 34 2
23 51 2
38 43 2
7 55 1
27 33 2
10 73 1
29 41 2
20 34 2
13 43 2
16 20 2
43 67 1
36 37 2
5 48 2
16 57 1
34 47 2
5 33 2
19 84 1
4 31 2
30 45 2
38 79 1
16 22 2
24 62 2
31 35 2
11 16 2
49 89 1
28 51 2
22 37 2
25 88 1
4 36 2
34 65 2
7 64 2
13 40 2
24 83 1
21 46 2
24 52 2
3 49 2
10 21 2
7 24 2
18 55 2
5 12 2
11 83 1
14 40 2
43 51 2
23 48 2
6 44 2
4 61 2
26 65 2
2 87 1
17 47 2
0 8 2
50 80 1
41 85 2
33 51 2
37 79 1
3 46 2
38 46 2
0 38 2
4 28 2
9 42 2
41 72 1
11 50 2
19 23 2
15 19 2
0 21 2
0 42 2
10 24 2
4 47 2
4 15 2
40 47 2
14 73 1
4 63 1
23 32 2
39 43 2
16 45 2
39 59 1
12 87 1
36 83 1
24 32 2
21 88 2
39 44 2
47 50 2
2 36 2
53 71 2
22 36 2
2 73 2
17 39 2
12 18 2
45 86 1
49 50 2
21 71 1
11 19 2
13 14 2
18 31 2
45 89 2
8 52 2
24 38 2
45 51 2
15 62 1
9 52 2
43 74 1
30 43 2
6 9 2
0 31 2
1 32 2
4 12 2
17 35 2
14 44 2
18 22 2
42 47 2
16 60 1
4 38 2
9 32 2
9 55 1
7 50 2
7 37 2
13 51 2
18 28 2
27 29 2
11 28 2
24 34 2
34 41 2
39 48 2
14 33 2
6 7 2
3 8 2
26 38 2
29 83 1
22 78 1
7 51 2
44 73 2
1 34 2
7 82 1
4 88 2
38 75 2
10 31 2
0 13 2
8 48 2
24 46 2
15 78 1
46 49 2
27 37 2
32 68 1
33 35 2
20 21 2
0 22 2
13 35 2
5 31 2
30 74 2
26 30 2
2 17 2
17 43 2
11 43 2
30 41 2
18 60 2
18 78 1
33 53 2
4 19 2
23 34 2
3 37 2
35 37 2
20 80 2
20 27 2
26 82 1
24 41 2
14 15 2
9 67 2
4 34 2
9 40 2
29 70 2
47 56 1
41 52 2
40 42 2
3 43 2
19 47 2
8 33 2
2 5 2
42 44 2
31 66 1
2 30 2
43 81 1
49 74 1
8 88 1
2 4 2
33 85 1
12 16 2
10 45 2
19 41 2
16 66 2
51 74 1
7 12 2
10 78 1
53 58 1
29 71 2
5 27 2
2 3 2
49 51 2
20 22 2
36 51 2
13 73 1
30 31 2
16 21 2
6 28 2
38 82 1
41 78 1
10 20 2
0 1 2
3 47 2
50 51 2
19 21 2
20 88 2
13 30 2
36 50 2
4 39 2
45 82 2
22 59 1
0 28 2
36 46 2
29 35 2
33 50 2
22 23 2
32 38 2
12 77 1
14 39 2
26 61 1
27 30 2
16 36 2
3 48 2
17 20 2
4 35 2
12 45 2
11 14 2
32 50 2
17 60 1
9 23 2
8 76 1
2 33 2
7 85 1
10 22 2
5 34 2
34 46 2
6 53 2
5 46 2
16 44 2
21 33 2
37 40 2
27 47 2
20 51 2
40 51 2
8 46 2
45 49 2
30 36 2
15 39 2
31 53 2
7 56 2
6 13 2
5 21 2
2 45 2
16 46 2
18 41 2
42 70 2
15 25 2
13 52 2
31 52 2
29 30 2
16 41 2
21 50 2
15 20 2
43 73 1
20 46 2
2 37 2
8 50 2
25 28 2
11 75 1
45 83 2
26 47 2
10 15 2
38 62 1
36 49 2
52 80 1
17 32 2
37 45 2
14 18 2
16 88 2
32 49 2
12 37 2
1 43 2
27 53 2
47 51 2
6 61 2
26 49 2
17 31 2
9 14 2
30 55 1
4 70 2
12 15 2
17 48 2
4 48 2
2 49 2
21 53 2
37 48 2
43 50 2
18 51 2
17 52 2
44 46 2
53 59 1
29 47 2
27 89 1
38 44 2
6 41 2
18 49 2
28 44 2
0 18 2
15 22 2
31 43 2
2 34 2
17 44 2
17 34 2
18 45 2
30 32 2
8 77 1
41 66 2
37 77 1
35 51 2
38 85 1
39 76 1
15 70 1
18 47 2
12 54 1
16 24 2
8 54 2
1 5 2
6 51 2
11 87 1
4 33 2
38 49 2
18 29 2
30 35 2
13 39 2
14 59 1
9 44 2
50 71 1
15 21 2
2 54 1
28 62 1
33 39 2
10 12 2
5 24 2
22 49 2
27 46 2
23 84 1
14 67 1
3 34 2
21 49 2
6 8 2
33 72 2
6 24 2
32 43 2
37 69 2
0 83 1
6 30 2
7 62 1
20 74 1
3 71 1
32 41 2
3 17 2
15 55 2
7 69 1
23 52 2
10 47 2
3 9 2
17 28 2
8 18 2
25 42 2
42 45 2
3 82 1
10 29 2
13 18 2
40 48 2
3 51 2
53 56 1
14 38 2
31 67 1
8 21 2
47 49 2
32 53 2
5 29 2
16 19 2
15 33 2
35 48 2
10 49 2
26 53 2
19 83 1
0 44 2
5 53 2
8 16 2
2 79 2
19 38 2
28 72 1
22 26 2
9 86 2
47 66 2
20 41 2
25 48 2
8 29 2
15 82 2
23 28 2
4 40 2
8 23 2
42 50 2
42 79 1
16 62 1
19 53 2
40 82 1
53 65 2
19 25 2
11 17 2
1 37 2
4 25 2
14 28 2
17 40 2
48 57 2
3 64 1
6 40 2
9 50 2
15 32 2
34 56 1
35 55 1
16 54 1
9 68 1
7 14 2
29 40 2
21 76 1
2 51 2
31 37 2
3 45 2
15 65 2
33 84 2
36 72 2
52 56 1
6 54 1
28 43 2
0 52 2
7 84 1
32 48 2
27 32 2
38 69 2
4 8 2
32 39 2
12 49 2
0 74 1
21 29 2
1 21 2
28 88 1
32 46 2
20 39 2
16 49 2
16 48 2
15 51 2
33 49 2
37 55 2
13 37 2
26 52 2
38 84 1
25 36 2
10 87 2
5 45 2
33 47 2
35 73 1
48 49 2
6 50 2
45 56 1
20 47 2
9 45 2
11 44 2
23 31 2
36 39 2
2 35 2
17 19 2
12 47 2
1 9 2
21 39 2
8 53 2
21 34 2
31 45 2
9 62 2
44 50 2
33 59 1
14 48 2
21 74 2
21 37 2
53 57 1
21 42 2
39 89 1
32 47 2
35 78 1
22 69 1
23 63 1
8 79 1
23 77 1
12 25 2
28 39 2
6 23 2
3 70 2
20 28 2
50 56 1
20 63 1
12 14 2
43 80 2
8 41 2
1 16 2
32 73 1
15 50 2
9 46 2
35 71 2
22 28 2
41 42 2
35 62 1
31 86 1
4 46 2
19 70 1
30 48 2
3 13 2
0 32 2
5 47 2
41 48 2
42 46 2
15 28 2
28 38 2
22 60 1
1 18 2
34 61 1
23 43 2
8 10 2
22 30 2
0 17 2
35 41 2
8 80 1
52 71 1
30 66 1
27 74 2
40 58 1
51 88 1
40 49 2
36 42 2
18 23 2
16 37 2
3 6 2
37 68 2
48 51 2
12 60 1
16 29 2
3 83 1
12 38 2
11 18 2
9 28 2
34 50 2
43 45 2
44 53 2
16 30 2
45 59 1
14 23 2
11 38 2
33 37 2
30 88 2
4 75 1
37 84 2
21 68 1
16 53 2
10 71 1
3 30 2
20 48 2
15 76 1
48 72 1
3 38 2
16 64 1
12 83 1
43 44 2
22 42 2
18 26 2
12 76 2
33 45 2
14 81 1
40 43 2
30 44 2
39 86 1
48 50 2
42 73 1
24 53 2
37 81 1
7 59 1
20 62 1
33 61 1
20 44 2
28 85 1
5 49 2
11 30 2
0 50 2
12 31 2
23 66 2
1 60 2
12 52 2
2 59 2
42 49 2
24 74 1
0 40 2
19 31 2
10 52 2
17 21 2
11 24 2
27 41 2
0 35 2
9 51 2
9 38 2
24 25 2
37 89 1
18 25 2
15 79 1
27 35 2
51 63 1
6 72 1
18 35 2
48 88 1
0 10 2
5 23 2
24 36 2
15 38 2
49 52 2
28 49 2
43 61 2
26 64 2
9 35 2
25 53 2
20 38 2
30 51 2
3 72 2
11 72 2
8 12 2
0 33 2
29 39 2
35 39 2
33 48 2
29 51 2
30 33 2
1 3 2
7 23 2
3 32 2
22 38 2
32 56 1
5 39 2
53 68 2
16 58 1
37 83 1
37 51 2
13 20 2
45 74 1
2 46 2
19 49 2
4 5 2
34 87 2
10 39 2
3 76 1
1 49 2
11 35 2
5 85 1
12 84 1
52 65 1
4 14 2
10 23 2
13 27 2
27 28 2
45 61 1
27 73 1
5 37 2
1 19 2
11 23 2
17 67 1
38 81 2
4 13 2
46 47 2
37 41 2
14 26 2
19 35 2
24 50 2
14 60 1
37 47 2
1 14 2
41 43 2
11 40 2
8 44 2
35 40 2
33 77 2
32 85 1
46 86 1
51 53 2
37 52 2
1 71 1
5 61 1
20 43 2
16 82 2
33 40 2
7 29 2
39 45 2
3 78 2
3 74 1
12 20 2
13 19 2
5 22 2
5 18 2
14 24 2
33 69 1
18 27 2
8 27 2
21 32 2
25 35 2
1 36 2
24 85 2
7 72 1
11 29 2
8 31 2
5 76 1
4 66 1
23 24 2
2 23 2
16 35 2
33 52 2
17 58 1
26 68 1
3 25 2
0 5 2
9 47 2
6 48 2
26 27 2
33 36 2
12 39 2
6 33 2
25 26 2
41 68 2
41 57 1
42 58 1
26 70 1
0 49 2
13 53 2
9 15 2
13 33 2
18 42 2
12 24 2
24 30 2
24 35 2
23 45 2
39 55 2
5 30 2
41 51 2
26 44 2
39 50 2
7 25 2
39 51 2
24 28 2
27 70 2
16 59 1
1 31 2
28 46 2
32 34 2
15 61 1
0 11 2
30 37 2
12 42 2
9 16 2
30 64 1
3 16 2
21 24 2
15 37 2
28 34 2
24 49 2
9 26 2
7 38 2
14 62 1
23 38 2
2 67 1
6 20 2
1 11 2
4 77 1
35 53 2
2 52 2
33 38 2
29 45 2
27 39 2
19 36 2
36 55 1
21 36 2
30 40 2
7 17 2
14 66 1
47 72 1
3 39 2
53 78 1
10 32 2
6 11 2
21 45 2
13 17 2
15 81 1
31 60 2
26 31 2
50 65 1
25 27 2
25 33 2
8 22 2
5 8 2
19 51 2
36 41 2
3 4 2
2 13 2
28 50 2
37 42 2
14 17 2
19 43 2
11 26 2
31 44 2
23 53 2
28 83 1
14 53 2
28 41 2
8 74 2
9 13 2
10 11 2
23 27 2
17 22 2
11 21 2
52 70 1
7 48 2
15 44 2
24 72 2
25 31 2
22 44 2
45 55 2
4 16 2
13 44 2
25 67 2
18 74 1
20 40 2
17 18 2
27 56 2
24 43 2
28 37 1
45 80 2
11 22 1
33 56 2
1 69 1
20 52 1
26 62 1
47 55 2
4 24 1
5 6 1
39 49 1
8 11 1
30 47 1
30 39 1
38 51 1
76 79 1
16 28 1
52 74 2
48 56 1
55 74 1
4 78 2
46 71 2
28 59 2
50 78 2
1 80 1
51 69 2
2 6 1
69 74 1
4 26 1
26 69 2
5 80 2
27 76 1
21 47 1
0 30 1
3 24 1
32 69 1
38 54 2
35 44 1
7 10 1
53 80 1
44 52 1
62 78 2
1 33 1
25 44 1
13 21 1
