% n=160 p=33 d=0.33 p_blue=0.33
% k=0
0 48 2
4 29 2
4 35 2
39 80 1
43 108 2
9 151 1
38 154 1
3 123 2
52 63 2
11 95 2
9 85 1
23 47 2
44 99 1
20 87 1
0 130 1
44 97 2
8 41 2
31 139 2
15 48 2
16 20 2
18 51 2
37 61 1
50 150 1
25 119 2
7 23 2
0 32 2
47 103 2
21 29 2
13 103 1
43 110 1
22 142 1
39 87 1
8 134 1
24 37 2
34 120 2
3 52 2
51 140 1
1 14 2
1 47 2
12 128 2
43 62 1
38 120 2
43 44 2
51 112 1
17 110 1
35 62 1
41 90 2
51 126 1
11 27 2
18 135 2
31 66 1
19 25 2
9 154 2
32 56 2
35 41 2
5 65 1
7 151 1
17 156 2
44 71 1
15 47 2
5 35 2
15 52 2
8 18 2
14 62 2
16 40 2
43 115 1
47 53 1
29 144 1
22 44 2
36 62 1
17 32 2
19 43 2
8 26 2
46 53 2
18 133 1
5 9 2
51 142 1
48 104 2
23 44 2
40 104 1
12 38 2
1 93 1
6 21 2
47 110 1
16 75 1
16 89 1
24 41 2
41 51 2
8 111 1
22 140 1
17 101 2
3 87 1
47 51 2
3 124 1
5 24 2
51 108 1
42 47 2
20 156 1
24 32 2
46 68 2
3 7 2
41 52 2
5 39 2
14 26 2
38 69 1
15 26 2
1 131 1
23 95 2
33 146 1
41 158 2
42 65 2
12 31 2
6 9 2
3 108 2
10 13 2
6 126 1
50 127 1
25 30 2
45 46 2
40 43 2
33 100 2
21 41 2
7 52 2
32 44 2
6 115 2
30 95 1
23 41 2
28 125 1
33 42 2
9 133 2
40 98 2
4 37 2
18 158 1
15 87 2
1 33 2
9 24 2
4 6 2
8 17 2
19 156 2
50 91 1
5 11 2
20 32 2
6 65 1
42 78 1
18 49 2
21 121 2
36 45 2
7 97 2
6 16 2
33 38 2
38 52 2
5 25 2
22 45 2
23 125 1
35 36 2
14 35 2
21 81 1
47 116 2
46 157 1
11 26 2
39 43 2
42 138 1
18 50 2
44 110 2
38 107 1
50 66 1
17 47 2
31 158 1
19 20 2
2 22 2
11 41 2
4 34 2
31 104 1
47 112 2
39 118 1
20 103 2
5 110 1
7 19 2
46 73 1
11 39 2
37 128 1
17 26 2
11 64 1
3 15 2
52 111 1
47 50 2
31 142 1
6 81 2
33 41 2
34 46 2
51 75 1
0 118 1
0 25 2
14 133 1
12 158 1
14 145 1
25 71 1
11 17 2
27 36 2
52 58 1
15 44 2
41 60 1
2 23 2
5 87 1
14 90 2
28 122 1
43 94 1
24 52 2
20 59 1
18 34 2
39 98 1
25 117 1
16 65 2
2 38 2
18 124 1
21 26 2
14 41 2
8 108 1
10 64 2
3 159 1
32 58 2
3 37 2
42 122 1
13 24 2
2 73 1
22 52 2
14 86 1
33 43 2
26 36 2
6 133 1
26 133 1
13 25 2
37 90 1
25 64 1
33 35 2
34 143 1
29 47 2
20 76 1
47 67 1
24 31 2
16 44 2
48 109 1
8 39 2
47 119 2
21 47 2
42 96 1
1 23 2
31 152 2
22 41 2
4 9 2
21 40 2
7 41 2
40 51 2
16 59 2
31 57 2
5 43 2
14 39 2
34 37 2
27 72 1
14 46 2
13 77 1
27 50 2
19 128 1
40 129 1
10 51 2
7 98 2
41 57 1
16 104 1
28 116 1
13 152 1
8 28 2
21 38 2
21 111 1
29 54 1
9 12 2
25 50 2
21 85 1
43 125 1
19 26 2
7 147 1
11 33 2
24 81 1
31 59 2
25 28 2
2 27 2
5 28 2
40 65 2
27 51 2
3 141 1
37 150 2
34 47 2
27 38 2
3 105 2
10 20 2
18 48 2
51 87 2
51 113 1
5 55 1
42 44 2
23 27 2
28 49 2
2 67 1
20 79 1
20 26 2
39 75 1
11 119 1
6 106 2
39 141 1
27 139 1
48 157 1
14 59 1
6 63 1
18 63 2
12 51 2
40 58 1
24 25 2
6 22 2
18 41 2
52 89 1
37 155 2
25 42 2
51 57 1
51 52 2
8 40 2
17 38 2
10 19 2
12 24 2
35 155 1
17 152 1
6 67 2
11 89 2
48 141 1
37 76 1
33 104 2
31 43 2
37 92 2
26 129 1
5 57 1
10 40 2
14 72 2
36 46 2
7 33 2
1 13 2
28 48 2
38 143 1
11 120 2
29 48 2
18 38 2
8 13 2
5 83 1
37 122 2
12 42 2
26 33 2
17 119 1
2 58 1
28 74 1
23 40 2
23 78 1
45 109 1
7 104 1
39 52 2
15 128 2
2 36 2
23 83 1
29 132 1
45 148 2
15 18 2
31 40 2
44 109 1
8 51 2
30 100 1
10 98 2
25 132 1
11 110 2
31 46 2
28 54 1
23 56 1
34 35 2
12 101 1
50 116 1
0 97 2
4 50 2
6 7 2
13 159 1
31 117 1
15 127 1
8 124 1
47 81 2
36 63 2
47 113 1
12 52 2
30 123 1
39 49 2
1 40 2
44 145 1
2 140 1
22 92 1
9 50 2
41 44 2
0 5 2
2 137 1
43 86 1
13 81 2
5 77 1
3 44 2
14 29 2
0 124 1
29 51 2
49 51 2
50 130 1
52 80 1
47 70 1
37 38 2
13 154 1
44 142 1
34 38 2
29 33 2
5 20 2
17 46 2
12 44 2
33 40 2
8 9 2
2 8 2
9 20 2
43 49 2
11 67 1
44 124 1
22 76 1
24 91 1
12 59 1
34 111 1
46 127 2
20 107 1
33 79 1
36 124 1
36 52 2
9 147 2
49 150 1
6 20 2
33 69 1
9 42 2
16 42 2
29 62 1
39 41 2
10 135 1
2 47 2
30 44 2
27 126 1
9 17 2
31 91 1
24 104 1
3 23 2
11 122 2
44 49 2
42 52 2
6 43 2
46 124 1
27 42 2
26 159 1
24 35 2
39 104 1
11 52 2
13 33 2
3 51 2
30 45 2
11 109 1
13 17 2
3 19 2
2 17 2
2 135 2
9 149 2
10 123 2
11 21 2
24 34 2
43 66 1
8 20 2
28 30 2
44 51 2
23 113 1
2 5 2
23 54 1
30 50 2
25 70 1
13 45 2
8 36 2
23 142 1
52 75 1
11 36 2
52 105 2
27 158 2
18 118 1
28 34 2
26 46 2
1 138 1
28 63 2
5 10 2
18 131 1
42 136 1
35 156 1
3 152 2
34 52 2
13 58 1
16 36 2
23 35 2
6 33 2
17 84 2
23 49 2
47 84 1
39 85 1
15 141 1
5 135 1
40 119 2
45 67 2
21 27 2
31 92 1
38 149 2
28 78 1
50 139 1
32 40 2
46 84 1
10 152 2
44 62 1
27 133 1
4 48 2
39 127 1
17 23 2
10 146 1
8 68 1
3 128 1
44 65 1
16 60 2
23 52 2
2 34 2
7 43 2
30 148 1
11 43 2
44 155 1
15 57 1
7 141 2
5 42 2
5 47 2
14 17 2
27 153 1
23 64 1
2 44 2
16 96 2
44 46 2
43 135 1
25 34 2
3 28 2
19 42 2
14 147 1
49 112 2
16 139 2
25 27 2
14 30 2
10 116 2
1 42 2
37 109 2
12 82 1
51 144 1
30 134 1
24 49 2
38 87 1
29 72 1
9 114 1
34 96 1
23 104 2
12 14 2
8 35 2
42 95 2
15 19 2
46 62 1
31 34 2
6 35 2
11 123 1
34 103 2
9 76 1
18 42 2
50 137 1
34 123 1
5 31 2
0 111 2
15 54 1
5 18 2
27 43 2
51 143 1
13 142 1
3 39 2
19 27 2
28 32 2
50 151 1
11 19 2
43 46 2
4 80 2
1 158 2
28 141 1
13 106 1
16 102 1
2 24 2
20 21 2
21 46 2
40 63 1
22 62 1
1 127 1
35 138 2
20 100 1
11 90 1
15 90 1
32 78 2
41 144 1
42 73 2
7 114 2
21 116 1
7 113 2
3 27 2
28 115 2
18 32 2
6 79 2
49 135 1
36 64 1
4 49 2
19 127 1
28 113 2
51 55 1
29 118 2
13 91 1
11 25 2
14 51 2
47 149 2
33 153 1
3 35 2
4 36 2
39 78 1
0 158 1
44 80 1
15 70 1
10 73 1
46 56 1
28 103 1
6 24 2
1 35 2
40 101 2
35 115 1
2 43 2
13 104 1
18 21 2
46 104 1
27 37 2
2 82 2
38 116 1
44 130 1
3 14 2
30 140 1
46 102 2
28 124 1
6 68 2
25 58 1
43 69 1
5 127 2
0 29 2
27 65 2
48 50 2
21 30 2
26 80 1
23 120 1
42 110 2
30 106 2
4 111 1
39 113 2
6 139 1
13 122 2
4 12 2
17 86 1
49 70 1
5 12 2
23 156 2
0 14 2
26 131 1
11 58 2
1 25 2
22 38 2
18 20 2
28 119 2
23 24 2
2 130 2
5 52 2
23 127 1
18 28 2
38 45 2
18 43 2
45 73 1
0 23 2
21 96 1
13 41 2
35 68 2
20 67 1
25 79 2
3 42 2
46 48 2
2 56 1
22 34 2
9 93 1
23 145 2
44 94 1
46 58 1
22 132 2
33 108 1
19 91 2
43 72 1
30 139 1
46 79 2
47 56 2
14 21 2
19 122 1
19 139 2
52 104 1
22 144 2
37 69 1
16 31 2
40 44 2
36 49 2
15 33 2
20 50 2
45 51 2
32 48 2
30 117 1
41 49 2
18 85 1
23 48 2
6 11 2
45 56 2
0 85 2
1 75 1
48 82 1
12 149 1
26 48 2
39 60 2
25 33 2
34 158 1
10 44 2
24 136 1
9 148 1
22 96 1
31 145 1
37 50 2
17 19 2
14 124 1
31 41 2
36 139 2
7 36 2
32 38 2
1 6 2
27 49 2
4 66 1
26 62 2
28 69 2
3 10 2
12 85 1
15 17 2
10 49 2
28 42 2
26 135 1
37 62 1
20 45 2
52 140 1
22 69 2
4 150 2
13 37 2
21 108 2
6 125 1
46 159 1
46 89 1
8 138 1
33 73 1
32 90 2
9 37 2
51 159 1
35 106 2
12 77 1
52 118 1
40 114 2
26 118 2
19 30 2
14 102 1
29 40 2
20 24 2
15 97 1
42 114 1
19 124 2
3 97 1
2 29 2
46 78 1
1 46 2
48 140 1
0 159 2
8 140 1
21 151 1
26 148 1
23 90 1
15 112 1
3 62 2
25 44 2
5 50 2
48 52 2
1 41 2
7 9 2
4 69 1
50 126 1
2 30 2
14 15 2
16 39 2
45 90 1
4 24 2
43 48 2
6 25 2
48 99 1
13 29 2
35 91 1
29 37 2
15 103 1
28 138 1
8 42 2
5 17 2
11 38 2
1 155 2
9 35 2
51 82 1
10 31 2
6 38 2
50 51 2
27 102 1
27 95 1
2 51 2
36 51 2
33 56 1
50 156 2
16 28 2
22 39 2
3 13 2
28 40 2
37 116 1
49 144 1
9 137 2
23 130 2
5 130 1
10 23 2
44 118 1
7 125 1
11 48 2
7 146 2
12 150 1
29 150 1
0 46 2
12 105 1
32 59 1
38 46 2
36 90 1
24 154 2
14 33 2
6 29 2
1 7 2
36 122 1
22 27 2
7 10 2
39 144 1
17 33 2
49 143 1
50 87 1
36 91 1
30 78 1
28 36 2
11 34 2
9 99 2
13 92 2
5 60 1
8 16 2
34 105 2
16 27 2
10 118 1
52 147 2
41 110 1
10 139 1
41 127 2
48 63 1
38 150 2
9 75 1
12 95 1
6 154 1
40 71 1
49 103 1
35 122 1
48 102 1
41 126 1
52 56 1
17 48 2
3 115 1
0 52 2
0 44 2
35 51 2
21 141 1
11 29 2
8 79 1
12 81 2
12 33 2
41 76 2
8 110 1
19 66 1
7 65 1
39 88 1
38 78 1
19 79 1
34 36 2
44 144 1
2 72 1
20 33 2
24 118 1
25 39 2
8 19 2
11 23 2
29 82 2
20 40 2
26 49 2
5 13 2
9 30 2
28 87 1
3 106 1
9 90 1
52 109 1
18 74 1
8 120 2
35 71 1
8 23 2
21 35 2
28 51 2
16 34 2
9 66 2
38 156 1
35 49 2
6 54 2
41 108 1
36 81 1
18 141 1
27 77 1
7 39 2
44 121 2
3 151 2
41 132 1
16 146 1
11 140 1
1 19 2
29 105 1
21 36 2
24 159 2
11 45 2
13 139 2
47 104 1
15 28 2
43 129 2
33 74 2
10 109 2
15 32 2
23 60 1
2 48 2
52 106 2
35 44 2
22 127 2
1 29 2
45 126 2
18 157 2
28 43 2
34 106 1
39 64 1
30 41 2
30 33 2
28 102 2
18 69 2
2 11 2
17 90 1
16 26 2
15 149 1
52 59 2
7 14 2
9 34 2
25 49 2
9 45 2
17 24 2
25 136 1
19 109 1
10 17 2
33 129 1
45 136 1
26 41 2
6 45 2
41 111 1
8 27 2
1 8 2
10 43 2
4 41 2
52 91 2
46 136 1
5 6 2
19 22 2
30 126 1
19 46 2
18 40 2
36 103 2
32 138 1
29 68 1
16 45 2
51 76 2
13 52 2
40 42 2
42 128 1
1 59 1
4 28 2
25 124 2
33 118 2
16 81 1
1 20 2
12 29 2
16 17 2
8 30 2
32 39 2
2 110 1
16 18 2
20 29 2
36 151 1
18 29 2
5 23 2
42 106 1
2 64 1
15 34 2
48 121 2
14 105 2
0 89 1
24 153 1
9 135 1
26 51 2
21 45 2
16 23 2
7 29 2
44 147 1
51 73 1
45 88 2
8 15 2
40 48 2
20 34 2
34 139 1
32 77 1
20 37 2
36 142 1
0 43 2
3 24 2
7 127 2
9 120 1
18 71 1
43 59 1
17 29 2
28 47 2
7 148 1
8 52 2
3 125 1
14 128 1
47 49 2
37 41 2
5 73 1
27 129 2
8 142 2
0 15 2
39 130 1
1 105 1
18 139 1
35 37 2
5 122 1
1 24 2
20 39 2
29 137 1
1 39 2
19 80 2
18 110 1
42 109 1
5 103 2
33 37 2
28 135 1
43 70 1
26 95 2
3 47 2
15 21 2
8 99 2
21 118 2
20 78 2
45 124 2
1 50 2
17 51 2
34 51 2
19 45 2
30 84 1
26 45 2
21 34 2
22 155 1
6 143 2
44 48 2
29 151 1
17 147 1
22 90 1
10 56 1
45 100 1
28 53 2
13 44 2
11 151 1
24 50 2
35 107 2
7 42 2
10 26 2
5 41 2
19 85 1
12 57 1
40 100 2
28 82 1
5 51 2
20 38 2
26 53 1
30 82 1
39 55 2
10 144 1
15 78 1
46 99 2
2 103 2
39 58 1
11 114 1
2 39 2
3 98 2
6 75 1
30 54 1
19 155 2
34 159 1
21 89 1
48 116 2
0 19 2
46 107 2
49 81 2
31 105 2
16 87 1
14 63 1
13 20 2
34 118 1
13 18 2
9 16 2
10 159 1
34 39 2
28 114 2
16 46 2
38 140 2
8 31 2
0 51 2
27 45 2
39 129 1
47 148 1
51 148 2
49 159 1
12 37 2
3 43 2
0 6 2
41 43 2
15 36 2
0 128 2
8 87 2
29 34 2
1 49 2
12 23 2
21 32 2
17 28 2
4 103 2
11 108 1
4 118 1
2 16 2
6 52 2
28 33 2
21 31 2
37 64 1
27 118 2
1 16 2
7 140 1
4 23 2
9 22 2
34 112 1
13 61 1
16 123 1
21 49 2
0 30 2
29 35 2
46 144 2
35 56 1
49 138 1
51 100 2
20 157 1
36 50 2
19 29 2
2 112 1
5 22 2
10 122 2
45 96 2
31 143 1
18 35 2
51 67 1
40 81 1
2 121 1
36 48 2
20 47 2
0 151 1
2 157 1
5 124 1
14 91 2
19 54 1
3 12 2
25 40 2
16 32 2
38 48 2
31 155 1
6 93 2
4 122 1
19 52 2
11 32 2
25 108 1
4 45 2
18 105 1
9 10 2
43 118 1
24 48 2
51 157 1
15 39 2
48 122 1
31 37 2
20 44 2
32 141 1
39 47 2
20 129 1
48 57 1
46 101 1
35 158 1
31 108 2
11 131 1
23 55 1
34 121 2
42 132 1
39 50 2
2 9 2
4 71 1
23 132 1
14 108 2
22 100 2
2 42 2
15 24 2
35 73 1
8 130 1
39 136 1
16 84 1
27 46 2
39 134 1
22 108 1
26 103 1
1 12 2
38 102 1
22 122 2
19 60 1
21 25 2
15 22 2
40 88 1
49 67 1
2 132 1
19 48 2
31 81 2
26 102 1
30 72 2
12 114 1
31 88 2
24 26 2
2 70 1
9 158 1
3 5 2
29 44 2
27 151 2
15 23 2
9 15 2
27 132 1
13 147 1
24 36 2
2 131 2
37 60 2
4 38 2
6 136 1
19 28 2
29 130 1
23 50 2
15 49 2
27 33 2
10 129 2
39 140 1
7 48 2
16 50 2
11 155 1
45 77 2
8 10 2
52 62 2
24 28 2
50 103 2
24 100 2
15 51 2
43 45 2
1 31 2
4 144 1
3 38 2
4 19 2
13 28 2
52 123 2
0 41 2
43 95 2
4 78 2
3 74 1
33 138 1
5 140 1
11 35 2
41 120 1
23 46 2
20 138 2
7 110 1
19 61 1
48 85 2
23 59 1
9 70 2
22 33 2
38 58 2
21 51 2
6 47 2
51 149 1
10 147 1
9 107 2
22 149 1
29 93 1
9 21 2
30 101 1
9 33 2
22 102 2
31 52 2
22 42 2
39 159 1
44 95 1
6 122 1
41 83 1
3 110 1
47 48 2
20 118 2
0 68 1
25 144 1
9 59 1
14 79 1
18 80 1
27 58 1
35 63 1
0 104 1
4 25 2
14 81 1
8 100 1
26 147 2
14 22 2
34 40 2
20 52 2
5 46 2
32 93 1
30 98 2
0 16 2
5 159 1
4 42 2
39 109 1
29 49 2
13 19 2
9 38 2
29 45 2
35 47 2
7 130 1
15 109 1
27 140 2
29 155 1
49 56 2
33 144 1
31 90 2
2 49 2
26 65 1
5 144 1
41 80 2
24 33 2
1 144 1
3 50 2
27 35 2
8 46 2
19 82 2
41 46 2
5 8 2
8 116 1
7 40 2
32 33 2
36 89 1
2 6 2
0 11 2
39 70 2
19 24 2
11 20 2
6 107 1
28 45 2
12 39 2
14 114 1
52 61 1
18 52 2
12 21 2
46 60 2
21 88 1
7 44 2
0 38 2
40 50 2
22 67 1
6 156 1
31 44 2
25 107 2
2 19 2
26 32 2
2 139 2
33 119 1
23 30 2
35 133 1
11 46 2
27 116 2
22 153 1
10 39 2
44 47 2
4 135 1
47 144 2
46 138 1
43 52 2
25 96 2
12 25 2
25 142 1
12 36 2
25 141 2
6 39 2
0 109 1
16 151 2
0 26 2
28 72 1
0 18 2
14 18 2
4 14 2
4 129 2
21 113 1
20 46 2
49 96 1
34 50 2
7 51 2
0 39 2
8 131 2
21 53 1
13 30 2
35 39 2
22 82 1
7 12 2
31 48 2
5 19 2
18 149 2
10 24 2
6 155 2
4 30 2
3 32 2
14 60 1
6 34 2
30 118 2
6 120 1
2 111 2
31 49 2
39 51 2
42 87 1
33 142 2
13 40 2
13 56 1
2 81 2
12 40 2
43 113 1
9 94 1
2 26 2
8 37 2
18 70 1
51 121 1
46 71 1
7 37 2
47 114 2
24 74 1
15 27 2
30 46 2
12 32 2
13 48 2
35 93 2
8 136 2
32 34 2
2 20 2
18 64 1
32 132 1
33 102 1
51 119 2
11 68 2
11 31 2
20 123 2
34 56 1
24 39 2
16 43 2
45 52 2
41 151 1
22 147 2
19 118 2
15 42 2
7 27 2
24 29 2
17 41 2
22 32 2
14 27 2
42 79 1
13 109 2
31 39 2
5 101 1
35 152 2
27 32 2
36 37 2
41 129 2
38 43 2
20 75 2
6 146 2
50 140 1
44 101 2
18 117 2
20 98 2
14 42 2
6 19 2
24 43 2
0 61 2
40 59 1
10 18 2
1 17 2
12 47 2
16 25 2
52 132 1
40 125 1
0 9 2
14 50 2
27 47 2
26 106 1
32 67 2
23 32 2
14 82 1
49 115 1
4 18 2
35 43 2
41 153 2
40 93 1
18 147 1
43 106 1
37 140 1
29 50 2
23 85 1
5 128 1
5 21 2
22 24 2
9 87 1
44 104 1
23 26 2
29 117 1
1 149 2
42 53 2
31 130 2
22 109 1
25 47 2
12 43 2
30 48 2
18 25 2
7 25 2
12 103 1
37 43 2
30 141 1
19 135 1
42 102 1
14 31 2
0 82 2
15 55 2
7 15 2
33 130 1
25 153 1
36 38 2
10 68 2
21 52 2
5 108 2
8 60 1
9 152 2
3 30 2
19 132 1
18 23 2
43 107 2
4 8 2
33 34 2
32 142 1
23 28 2
52 101 1
2 28 2
30 61 1
17 35 2
39 121 2
6 37 2
11 73 1
42 91 1
20 25 2
31 36 2
44 117 2
10 142 1
30 77 1
19 40 2
19 50 2
18 101 2
44 120 1
7 159 2
22 31 2
6 53 1
6 41 2
44 69 1
40 150 1
22 157 1
28 46 2
3 99 1
32 76 1
29 116 1
51 53 2
11 47 2
19 31 2
20 68 1
10 42 2
4 39 2
42 50 2
13 50 2
18 95 1
15 80 1
30 110 2
13 120 1
2 14 2
22 98 2
17 139 1
34 109 2
41 109 1
13 136 1
17 52 2
7 38 2
1 4 2
0 45 2
46 66 2
40 138 2
7 16 2
47 94 1
36 79 2
33 120 2
52 128 2
1 133 1
12 18 2
26 42 2
32 35 2
1 3 2
12 112 1
14 20 2
15 125 1
11 107 1
29 38 2
4 51 2
0 33 2
23 117 2
37 100 2
40 124 1
6 23 2
14 120 1
22 63 1
37 44 2
31 148 2
47 59 1
41 104 1
12 45 2
32 50 2
14 92 1
46 123 2
14 116 1
18 37 2
4 83 1
41 97 1
24 130 2
16 64 1
25 31 2
36 65 1
0 28 2
37 87 1
15 114 1
16 30 2
1 15 2
0 17 2
49 104 1
44 83 1
29 128 1
51 101 2
3 36 2
23 36 2
37 72 1
5 131 1
12 27 2
29 52 2
9 64 1
20 23 2
18 146 1
9 36 2
17 31 2
30 37 2
29 46 2
37 121 2
46 52 2
27 30 2
21 24 2
32 49 2
39 96 1
18 120 1
20 53 1
42 159 1
15 29 2
13 59 1
14 58 2
13 43 2
30 105 1
17 140 1
29 80 1
0 80 2
18 130 2
16 49 2
1 18 2
6 14 2
9 156 2
33 46 2
48 67 2
37 63 1
43 103 1
21 50 2
4 7 2
42 150 1
49 126 1
38 92 2
0 47 2
7 92 1
28 66 1
34 80 2
35 64 1
4 43 2
52 142 1
0 91 1
51 89 2
29 39 2
12 88 2
10 75 1
35 48 2
10 154 1
39 90 1
26 90 1
21 56 2
27 55 1
21 101 1
3 64 1
35 153 2
27 96 1
23 25 2
51 138 2
43 58 2
29 136 1
11 115 1
38 114 2
41 50 2
7 50 2
25 48 2
50 109 1
44 139 1
7 91 1
15 37 2
6 26 2
33 99 1
16 126 1
25 29 2
23 154 1
7 131 1
46 130 1
19 49 2
13 149 1
13 111 1
0 54 1
13 143 1
11 146 1
21 62 2
29 81 2
41 131 1
31 42 2
14 24 2
0 139 1
0 13 2
2 94 1
37 40 2
46 133 2
19 39 2
27 113 1
13 65 1
10 34 2
13 151 1
38 152 2
42 43 2
5 66 1
51 154 1
2 35 2
27 40 2
39 42 2
37 93 1
37 39 2
27 111 1
31 103 1
16 93 1
40 45 2
51 130 1
25 51 2
14 44 2
5 14 2
45 116 1
7 132 2
29 148 1
17 124 1
35 140 1
7 13 2
4 47 2
37 105 1
45 49 2
7 89 1
8 157 1
27 146 1
10 16 2
39 122 2
32 64 1
3 93 1
29 158 1
41 117 1
27 99 2
38 123 1
14 85 1
22 117 1
1 2 2
25 43 2
43 56 1
19 95 1
18 26 2
37 48 2
3 46 2
20 159 1
1 114 2
40 139 2
18 27 2
51 120 2
3 118 2
0 40 2
8 135 2
1 145 2
4 68 2
10 111 1
11 50 2
34 107 1
36 47 2
5 64 1
30 39 2
13 105 1
4 87 2
47 73 1
6 114 1
22 50 2
39 44 2
7 30 2
4 13 2
24 45 2
30 63 1
9 29 2
21 127 2
31 67 1
2 4 2
7 28 2
50 105 1
47 85 2
9 28 2
21 77 1
43 123 1
0 35 2
29 41 2
1 119 1
12 13 2
49 69 2
20 30 2
37 51 2
16 35 2
19 137 1
1 143 1
17 70 1
12 122 2
26 68 2
34 156 1
8 14 2
36 69 2
23 37 2
19 136 1
28 56 1
10 47 2
14 93 1
49 82 1
44 89 2
41 47 2
30 129 2
27 97 1
19 98 2
33 45 2
7 102 1
11 42 2
1 5 2
50 149 2
5 45 2
20 55 2
40 52 2
3 31 2
12 67 1
8 43 2
26 47 2
34 122 2
9 32 2
49 140 2
5 16 2
6 44 2
9 52 2
34 73 1
7 80 2
7 18 2
3 29 2
4 5 2
13 21 2
34 41 2
49 148 1
15 41 2
24 40 2
20 22 2
12 49 2
35 50 2
13 26 2
13 14 2
37 45 2
22 148 2
7 108 1
25 61 2
5 27 2
39 145 1
37 159 2
37 127 1
2 146 1
32 86 1
2 138 1
48 108 1
36 42 2
19 36 2
34 76 1
16 130 2
0 36 2
20 41 2
4 58 2
20 104 1
0 24 2
46 75 2
48 134 1
4 94 1
30 38 2
23 72 1
51 61 1
2 78 1
8 73 2
3 59 2
17 30 2
5 26 2
31 125 1
1 28 2
0 135 1
26 136 1
47 140 2
50 73 1
6 121 1
2 159 1
39 40 2
9 19 2
36 135 2
11 137 1
32 107 1
39 45 2
11 12 2
5 145 1
41 48 2
44 152 1
9 123 1
9 49 2
1 125 1
19 152 1
49 146 1
51 90 1
35 53 1
9 73 1
4 110 1
38 42 2
19 32 2
13 39 2
28 61 1
45 131 1
26 29 2
16 121 1
33 50 2
20 148 1
16 73 2
8 45 2
23 43 2
16 29 2
48 106 1
39 152 2
41 67 2
38 68 2
6 59 1
21 42 2
38 64 1
52 155 2
28 132 2
17 65 1
17 27 2
11 15 2
19 111 2
13 87 2
1 36 2
23 106 1
35 38 2
22 35 2
19 87 1
19 23 2
2 18 2
14 52 2
20 35 2
32 60 2
41 101 1
28 55 1
9 145 1
12 89 2
35 134 2
42 100 2
15 45 2
45 70 1
40 118 1
30 111 1
16 113 2
51 118 2
36 159 1
15 46 2
20 124 2
3 9 2
24 107 1
0 50 2
22 51 2
0 8 2
16 51 2
9 26 2
27 41 2
10 92 1
11 87 2
26 44 2
16 55 1
49 110 2
22 43 2
2 148 1
46 51 2
40 158 1
41 142 1
20 36 2
19 62 2
5 33 2
2 125 1
45 50 2
0 99 1
9 115 1
22 113 1
22 46 2
27 52 2
14 48 2
30 34 2
12 34 2
45 113 2
29 32 2
1 51 2
30 36 2
6 153 1
26 71 2
9 56 2
10 126 1
20 43 2
12 17 2
15 122 2
17 45 2
12 28 2
4 44 2
35 92 2
8 44 2
6 15 2
18 22 2
10 38 2
8 50 2
25 32 2
16 63 2
28 123 1
24 54 1
26 35 2
8 48 2
4 155 1
30 49 2
19 47 2
0 42 2
3 33 2
38 50 2
12 61 1
23 33 2
30 119 1
14 34 2
40 46 2
4 27 2
47 86 1
49 134 1
11 22 2
3 18 2
30 40 2
1 65 2
35 130 2
3 16 2
12 140 2
1 26 2
8 109 1
2 21 2
7 47 2
9 27 2
45 89 1
32 51 2
23 45 2
35 52 2
29 30 2
8 92 1
40 69 1
5 133 1
38 111 1
42 45 2
16 155 1
8 12 2
42 98 1
50 129 1
38 145 2
21 43 2
34 48 2
17 39 2
51 84 1
38 44 2
9 146 1
19 120 2
44 136 1
4 16 2
5 118 2
9 101 2
3 41 2
9 131 1
36 119 2
6 48 2
8 38 2
13 156 1
4 116 2
34 110 2
13 63 1
42 56 1
8 159 1
14 40 2
25 126 2
12 78 1
42 104 1
7 24 2
32 128 1
12 41 2
11 28 2
39 103 1
14 28 2
15 102 2
36 44 2
12 71 2
6 83 1
24 103 1
22 86 1
17 22 2
37 102 1
36 156 2
52 129 1
23 77 2
49 133 2
6 135 1
7 21 2
15 40 2
15 38 2
0 20 2
17 154 2
36 39 2
46 112 2
22 137 2
32 43 2
36 40 2
38 67 2
18 57 2
48 51 2
13 76 1
15 106 2
48 107 1
30 96 1
36 74 2
38 71 1
27 39 2
12 136 1
22 30 2
42 103 1
10 138 1
45 144 1
27 136 2
24 72 1
6 31 2
44 135 1
0 1 2
37 110 1
4 33 2
22 25 2
28 39 2
23 140 1
16 133 1
41 138 1
43 91 1
46 49 2
9 122 2
35 45 2
15 151 1
44 81 1
8 141 2
48 143 1
16 69 1
7 34 2
4 46 2
25 38 2
40 49 2
25 92 1
10 25 2
33 78 1
20 42 2
19 38 2
14 37 2
9 39 2
11 78 2
23 128 1
5 80 1
10 133 1
36 149 1
18 82 2
5 37 2
45 48 2
42 148 1
23 31 2
20 49 2
1 48 2
7 81 2
11 125 1
22 36 2
19 88 1
1 34 2
20 120 1
7 32 2
18 76 1
19 131 1
29 153 1
9 47 2
49 52 2
5 89 1
43 100 1
37 112 1
24 101 2
27 135 1
16 52 2
37 132 1
11 75 2
0 49 2
31 47 2
2 145 1
39 68 2
18 45 2
10 80 1
0 72 1
43 146 1
2 7 2
17 122 2
52 137 2
38 104 2
10 22 2
18 151 1
1 22 2
14 43 2
22 49 2
38 112 2
26 158 1
38 51 2
23 51 2
42 85 1
26 31 2
5 36 2
15 30 2
33 52 2
17 146 1
6 30 2
4 40 2
3 20 2
21 39 2
19 21 2
36 41 2
6 117 1
11 13 2
27 28 2
0 121 2
39 133 1
17 121 2
9 130 1
23 101 1
15 50 2
16 114 1
0 12 2
11 74 1
42 118 2
9 23 2
20 27 2
10 52 2
8 49 2
6 105 1
6 13 2
12 121 2
47 130 1
9 25 2
10 37 2
19 51 2
16 136 1
33 112 1
12 35 2
12 72 1
41 85 2
14 47 2
13 32 2
33 63 2
19 33 2
48 95 2
33 137 1
50 112 1
30 52 2
28 44 2
36 131 2
17 49 2
4 146 1
43 111 1
23 38 2
37 118 1
31 61 2
6 138 2
51 146 1
38 109 2
0 58 2
23 97 1
24 55 1
52 70 2
27 112 1
11 51 2
1 94 1
20 92 1
46 117 2
9 41 2
6 90 1
18 114 1
26 40 2
15 138 1
11 157 1
33 106 1
31 32 2
13 118 2
11 148 1
35 135 2
4 133 1
30 31 2
50 86 1
19 34 2
43 55 1
12 26 2
51 95 1
49 154 2
4 109 1
36 92 1
20 96 2
10 12 2
21 55 2
47 52 2
15 101 2
3 116 2
37 154 2
32 36 2
21 124 2
27 44 2
38 101 1
32 45 2
8 11 2
17 21 2
26 76 1
0 2 2
6 50 2
11 104 1
32 84 2
2 57 1
17 50 2
46 82 1
22 23 2
40 140 1
11 135 1
43 51 2
8 80 1
34 43 2
0 114 2
6 28 2
15 153 1
5 7 2
14 129 1
19 159 2
42 108 2
8 24 2
32 154 2
31 154 2
5 29 2
28 146 2
6 40 2
7 35 2
37 47 2
47 131 1
3 40 2
13 55 1
10 33 2
15 62 2
22 54 1
13 49 2
13 36 2
33 53 1
17 98 1
26 34 2
38 99 1
4 15 2
9 62 1
22 129 1
36 125 2
12 15 2
47 128 1
14 100 2
14 32 2
25 69 2
3 6 2
8 21 2
18 44 2
37 46 2
21 75 2
24 147 1
33 151 2
38 49 2
11 18 2
18 24 2
1 148 1
47 133 2
13 153 1
8 33 2
37 57 2
47 78 1
3 117 1
2 87 1
4 75 1
29 108 2
6 17 2
27 70 1
32 150 1
6 113 1
36 73 1
14 95 1
16 78 1
31 70 2
21 91 1
5 44 2
43 102 1
11 30 2
23 93 1
46 114 2
17 25 2
51 91 1
14 49 2
8 32 2
16 62 2
13 145 1
26 79 1
16 48 2
10 14 2
11 24 2
13 16 2
46 91 1
30 89 2
21 59 1
40 132 1
3 4 2
17 135 1
20 73 1
5 68 1
27 74 1
13 84 1
9 40 2
40 41 2
17 68 1
7 31 2
12 56 2
26 39 2
25 45 2
2 13 2
28 79 1
42 86 1
3 132 1
1 21 2
5 30 2
15 140 2
6 42 2
28 137 2
13 31 2
14 154 2
41 65 2
9 88 1
26 30 2
6 27 2
32 105 2
44 73 1
17 157 1
27 92 1
52 135 1
18 93 1
6 46 2
4 31 2
27 147 2
16 41 2
2 10 2
13 127 1
20 147 2
24 112 1
51 88 1
12 50 2
21 115 1
4 10 2
32 62 1
49 100 2
47 135 1
12 48 2
1 27 2
19 83 1
47 77 2
51 153 1
22 105 1
41 154 2
25 134 1
48 136 1
10 90 1
0 3 2
17 43 2
35 40 2
1 136 2
18 143 1
31 38 2
48 159 1
26 88 2
23 135 2
25 35 2
13 42 2
40 85 2
31 129 1
42 88 1
8 47 2
37 84 2
26 37 2
37 78 2
26 38 2
8 104 1
22 154 2
31 123 1
25 46 2
5 157 1
37 55 2
3 21 2
5 40 2
21 155 2
45 92 2
26 52 2
8 29 2
27 31 2
2 32 2
26 145 1
17 53 1
13 35 2
49 50 2
47 129 2
3 101 2
36 53 1
19 58 2
22 47 2
24 141 1
15 111 2
24 66 2
2 101 1
6 10 2
23 118 1
4 114 2
49 58 2
45 156 1
39 48 2
33 95 1
16 33 2
9 51 2
5 111 1
42 93 1
19 35 2
32 70 1
49 120 2
24 47 2
35 95 2
23 91 1
20 141 1
10 69 2
13 15 2
43 141 1
29 63 2
47 80 2
42 69 2
47 72 1
43 155 2
51 139 1
25 150 1
8 81 1
38 100 2
13 22 2
2 41 2
39 76 1
13 158 1
11 158 1
5 112 1
2 31 2
18 19 2
14 16 2
39 120 1
10 15 2
0 10 2
6 147 2
13 141 1
13 51 2
1 38 2
3 139 1
20 80 1
31 116 2
49 131 1
23 29 2
13 27 2
48 156 1
48 120 1
32 46 2
17 34 2
14 25 2
34 44 2
37 97 1
19 37 2
24 111 1
2 99 1
22 40 2
48 144 1
4 134 2
32 41 2
18 134 2
2 46 2
43 50 2
16 19 2
7 17 2
11 44 2
15 16 2
7 122 2
4 100 2
15 20 2
17 42 2
16 107 1
2 45 2
9 43 2
45 132 2
33 97 2
43 148 1
44 138 1
8 114 2
24 146 1
20 51 2
42 51 2
5 82 2
37 137 1
6 36 2
38 57 2
21 23 2
29 53 1
3 153 2
44 45 2
31 45 2
51 109 1
7 49 2
17 36 2
30 42 2
34 125 1
14 36 2
11 49 2
43 157 1
20 31 2
9 46 2
33 51 2
10 30 2
26 99 1
18 33 2
32 121 2
1 45 2
40 57 1
18 72 1
29 109 1
0 34 2
2 33 2
6 58 2
38 134 2
9 14 2
39 138 1
20 125 2
2 129 1
16 38 2
7 105 2
39 74 1
42 49 2
50 114 1
1 9 2
26 28 2
7 26 2
37 49 2
4 52 2
6 51 2
1 37 2
13 86 1
33 66 1
30 76 1
19 119 1
45 120 1
28 41 2
4 137 1
18 73 1
8 34 2
27 138 1
9 78 2
9 109 1
25 36 2
43 156 2
3 155 2
24 38 2
48 53 1
14 122 1
8 158 1
35 144 1
10 35 2
18 39 2
8 126 2
0 22 2
5 137 2
4 95 1
3 34 2
0 148 1
30 115 1
10 96 2
25 76 2
29 159 2
21 33 2
21 110 2
17 134 1
44 154 1
1 11 2
37 75 2
43 47 2
50 155 2
18 104 1
22 118 1
38 91 1
45 112 1
33 126 1
40 84 2
16 21 2
4 20 2
45 47 2
6 140 1
33 98 1
52 77 2
43 131 1
5 38 2
23 42 2
34 54 2
44 52 2
29 95 1
6 130 1
27 100 2
32 52 2
21 64 2
33 48 2
10 11 2
15 133 2
15 58 1
39 148 1
30 47 2
5 91 1
34 57 1
23 58 1
4 112 1
17 44 2
4 17 2
16 145 1
12 22 2
25 26 2
21 37 2
2 37 2
40 62 1
2 50 2
15 118 1
51 78 1
22 37 2
10 45 2
40 112 2
31 94 1
16 157 1
37 130 1
32 97 1
12 30 2
2 52 2
42 48 2
13 112 1
35 159 2
28 127 1
24 113 2
44 60 2
7 11 2
14 134 1
12 20 2
52 156 1
3 48 2
39 77 1
32 68 2
46 47 2
39 124 2
21 48 2
28 31 2
32 101 1
22 29 2
16 129 1
24 105 1
18 62 1
20 48 2
5 151 1
23 34 2
10 117 1
31 132 1
40 80 1
13 131 1
48 97 1
16 47 2
38 63 2
49 151 1
2 15 2
6 49 2
9 31 2
14 130 2
2 74 1
3 22 2
3 25 2
25 41 2
29 114 1
4 120 2
4 11 2
32 47 2
38 55 1
18 98 1
16 22 2
5 114 2
35 42 2
7 45 2
52 92 1
45 158 2
30 87 1
42 64 2
16 37 2
11 14 2
37 143 1
8 22 2
14 23 2
24 42 2
48 155 1
15 94 2
46 111 1
10 46 2
1 32 2
40 117 1
38 83 2
4 22 2
46 150 2
7 8 2
34 49 2
48 158 2
0 7 2
26 27 2
5 32 2
13 23 2
44 149 1
0 4 2
23 123 1
15 67 1
22 58 1
38 39 2
3 126 1
33 123 1
11 59 1
17 142 1
31 151 1
6 148 1
49 68 2
10 120 1
10 61 1
7 20 2
34 129 1
17 40 2
33 85 1
9 136 1
13 38 2
26 114 1
2 3 2
11 156 1
35 46 2
44 82 1
36 104 1
17 58 1
30 51 2
50 52 2
2 122 2
16 58 1
0 147 1
12 92 2
30 32 2
28 62 1
30 81 1
13 128 2
3 11 2
11 149 1
35 117 2
15 25 2
51 134 2
25 37 2
18 30 2
9 58 1
32 37 2
0 27 2
27 154 1
40 143 1
41 45 2
33 39 2
31 93 2
10 48 2
3 84 2
24 140 1
4 148 1
32 75 2
36 143 2
3 45 2
45 134 1
10 66 1
47 100 2
13 67 1
4 119 1
6 32 2
33 128 1
31 33 2
37 52 2
33 36 2
27 48 2
24 44 2
0 142 2
32 104 1
44 63 1
18 109 2
4 32 2
4 104 1
14 136 1
5 78 1
1 44 2
6 56 1
16 118 1
40 47 2
16 99 2
36 133 1
47 90 1
42 107 2
11 118 2
7 88 2
24 30 2
3 112 1
11 37 2
50 134 2
10 41 2
18 94 2
2 12 2
7 129 1
44 50 2
38 60 2
8 25 2
38 135 1
7 46 2
40 87 1
42 74 2
48 56 2
7 150 2
26 43 2
36 115 1
9 13 2
22 126 2
5 154 2
52 158 1
11 121 1
17 37 2
4 141 2
31 35 2
9 44 2
44 153 1
42 46 2
0 92 2
52 125 1
33 49 2
19 129 1
27 34 2
25 95 1
33 44 2
13 46 2
21 72 2
12 16 2
23 99 2
38 41 2
10 89 2
17 79 2
39 112 1
5 15 2
46 50 2
22 28 2
52 133 1
42 146 1
18 36 2
30 109 1
18 96 2
46 97 1
0 74 1
10 36 2
30 43 2
34 74 1
15 31 2
51 68 1
50 142 1
13 47 2
3 26 2
45 115 1
15 91 1
27 29 2
11 93 1
36 43 2
0 73 1
37 96 2
35 75 2
0 138 2
30 35 2
34 137 1
10 21 2
12 19 2
35 147 2
22 128 2
49 123 1
15 86 2
3 17 2
7 22 2
33 148 1
25 138 2
44 143 1
6 12 2
22 26 2
5 49 2
13 98 1
18 129 1
28 37 2
13 85 1
40 89 1
12 46 2
6 18 2
26 78 2
31 51 2
15 119 1
5 34 2
16 24 2
51 69 1
45 84 1
10 32 2
6 70 1
52 93 1
4 26 2
31 50 2
28 29 2
19 71 2
10 50 2
31 102 2
21 22 2
19 41 2
5 117 1
24 57 2
9 48 2
11 103 1
11 40 2
31 146 2
39 46 2
28 50 2
20 153 1
6 8 2
18 60 2
41 53 1
32 42 2
36 127 1
22 94 1
36 146 1
23 157 1
18 47 2
33 57 1
19 44 2
9 60 1
48 74 2
4 93 1
15 104 1
31 53 1
29 42 2
31 71 1
35 96 1
15 77 2
22 81 1
0 117 1
51 59 2
49 129 2
35 89 1
9 11 2
14 73 1
14 19 2
21 28 2
41 71 1
28 35 2
17 117 1
17 20 2
40 136 2
12 154 1
18 155 1
33 152 1
4 21 2
48 49 2
8 149 2
1 43 2
51 70 2
3 49 2
33 47 2
22 130 2
0 21 2
3 76 1
15 69 1
3 158 1
37 42 2
14 38 2
52 85 1
20 86 1
26 50 2
1 97 2
48 93 2
10 103 2
28 83 2
10 27 2
1 69 1
22 48 2
1 52 2
25 140 1
10 71 1
18 31 2
21 44 2
18 46 2
29 31 2
38 40 2
51 155 1
11 113 1
2 25 2
2 40 2
48 127 1
4 115 1
1 10 2
9 18 2
36 71 1
13 34 2
25 52 2
24 27 2
44 125 2
2 154 2
40 82 2
5 106 1
45 150 1
21 137 1
42 115 1
34 45 2
3 68 2
28 52 2
47 134 1
0 31 2
8 63 1
18 90 1
37 95 1
1 30 2
24 46 2
10 76 1
38 47 2
0 37 2
10 28 2
2 104 2
49 63 1
23 100 1
33 59 2
28 145 1
28 117 2
11 16 2
15 35 2
3 95 1
7 78 2
3 80 1
28 38 2
29 43 2
41 42 2
31 78 2
56 104 1
27 108 1
15 43 1
23 39 1
10 29 1
17 18 1
7 61 1
44 119 1
34 42 1
25 154 1
95 119 2
32 108 2
53 87 1
35 110 2
3 8 1
24 51 1
