% n=40 p=33 d=0.66 p_blue=0.33
% k=0
1 7 2
3 28 1
7 22 2
11 27 1
11 33 1
3 37 1
7 26 2
13 27 1
5 7 2
8 23 2
8 37 1
9 30 1
6 18 1
6 32 2
10 38 1
8 21 2
4 18 1
8 19 1
2 5 2
8 22 2
3 29 1
0 18 1
11 34 1
10 19 1
11 22 1
0 32 1
3 13 2
1 33 2
13 31 1
12 15 2
7 11 2
8 29 1
0 13 2
4 35 1
1 15 2
7 15 1
3 17 1
13 29 1
6 37 1
12 13 2
9 29 1
9 21 1
11 30 1
4 5 2
5 21 1
13 35 1
1 22 1
8 11 2
13 30 1
2 11 2
2 6 2
13 25 1
5 34 1
7 12 2
4 26 1
0 4 2
3 39 1
6 27 1
4 32 2
11 19 1
6 9 2
12 18 1
10 13 2
4 33 1
8 35 1
0 36 2
12 34 1
5 19 1
12 28 1
12 32 1
12 35 2
11 17 1
9 11 2
11 13 2
13 21 1
5 9 2
3 34 2
9 13 2
4 36 1
4 6 2
5 39 1
2 23 1
7 25 1
1 4 2
9 34 1
12 38 1
12 19 2
9 22 1
1 8 2
4 23 1
9 32 2
6 10 2
0 28 1
8 28 1
5 6 2
6 14 1
1 31 2
13 36 1
7 13 2
0 10 2
3 19 2
2 9 2
3 8 2
2 38 1
13 20 1
3 5 2
12 16 1
4 19 2
6 33 1
2 13 2
1 25 1
11 12 2
9 18 1
10 33 1
0 9 2
11 35 2
3 21 2
13 19 2
5 13 2
11 38 1
0 1 2
2 30 2
12 24 2
2 14 1
4 11 2
1 6 2
2 12 2
13 28 2
2 4 2
9 19 1
6 11 2
7 39 2
12 17 1
6 8 2
1 34 1
10 25 1
0 3 2
0 12 2
0 29 1
11 16 1
5 10 2
5 25 1
1 10 2
1 37 1
12 29 1
6 13 2
0 17 1
5 38 1
8 20 1
9 38 1
0 39 1
3 12 2
8 15 1
12 20 1
2 19 1
4 12 2
3 4 2
12 33 1
2 3 2
6 12 2
1 36 1
13 14 1
1 32 1
13 22 1
0 37 1
0 20 1
2 10 2
13 38 1
4 10 2
13 34 2
0 5 2
3 27 1
12 27 1
6 24 1
10 24 1
4 34 1
2 8 2
6 30 1
1 26 2
7 10 2
2 18 2
8 13 2
1 9 2
13 37 2
7 29 1
3 16 1
10 12 2
1 38 1
5 22 1
6 29 1
11 24 1
6 26 1
12 25 1
9 31 1
13 26 1
7 18 1
5 35 1
11 32 1
7 19 1
1 27 2
5 30 1
5 15 1
2 16 2
4 16 2
10 17 2
7 9 2
4 9 2
7 16 1
9 12 2
5 29 1
10 37 2
3 9 2
3 10 2
11 25 1
6 31 1
13 17 2
12 37 1
3 18 2
7 30 2
0 11 2
9 24 2
2 28 1
8 18 2
2 26 2
5 8 2
1 5 2
7 28 1
6 16 2
11 39 2
7 27 2
3 11 2
13 15 1
3 33 1
6 22 1
2 33 1
0 19 1
9 23 2
4 39 1
1 12 2
11 20 1
8 25 2
13 16 1
2 22 2
0 2 2
12 22 1
2 7 2
0 14 1
10 23 1
6 36 2
12 36 1
12 31 1
6 35 2
5 17 2
9 10 2
9 17 1
9 14 1
12 23 1
9 26 1
2 24 2
5 32 1
4 25 2
5 12 2
8 27 2
10 14 1
7 31 1
2 29 2
13 23 1
1 16 1
6 21 1
11 31 1
4 22 2
5 28 2
12 14 2
0 30 1
1 2 2
10 28 1
9 28 1
10 29 1
10 22 1
6 7 2
8 24 1
5 11 2
7 8 2
0 27 1
8 10 2
0 8 2
1 3 2
1 13 2
1 18 2
1 19 1
2 25 1
9 16 2
0 6 2
7 38 2
3 20 2
8 34 1
11 36 2
6 19 1
10 11 2
4 13 2
4 28 1
12 21 1
9 36 1
7 33 1
8 9 2
6 28 1
12 26 2
2 31 2
5 37 1
10 26 2
13 39 1
10 30 2
18 28 2
10 27 2
15 30 1
3 6 1
4 15 2
11 28 2
23 30 1
11 18 1
2 34 1
1 30 2
15 28 2
4 38 2
4 7 1
28 30 2
7 34 2
3 38 2
3 7 1
