% n=150 p=60 d=0.66 p_blue=0.66
% k=0
61 130 2
88 124 2
7 30 2
21 138 1
26 30 2
21 51 2
26 77 2
38 53 2
33 87 2
13 94 2
35 132 1
25 79 2
52 78 2
83 143 2
43 143 2
57 60 2
47 115 2
68 70 2
46 65 2
8 25 2
88 91 2
23 96 1
17 113 2
38 103 1
19 109 2
8 41 2
7 8 2
0 42 2
28 90 2
8 46 2
67 130 1
42 147 2
76 109 2
84 122 1
57 146 1
12 48 2
37 145 2
36 95 1
10 53 2
18 19 2
18 139 2
6 92 1
9 120 1
74 115 2
20 25 2
86 95 2
48 86 2
81 89 2
47 85 2
9 24 2
81 143 2
27 40 2
43 129 2
10 27 2
61 98 2
51 86 2
42 48 2
86 128 2
4 30 2
9 124 2
15 90 2
25 54 2
20 61 2
41 81 2
12 117 2
60 112 1
22 103 2
7 110 2
60 85 2
62 104 2
24 46 2
71 88 2
65 73 2
16 35 2
59 142 2
32 118 2
24 88 2
34 95 1
60 146 2
2 25 2
19 61 2
36 40 2
10 143 1
32 131 2
22 106 2
9 16 2
27 41 2
68 122 1
72 144 2
61 106 2
67 70 2
47 117 2
21 32 2
27 62 2
68 102 2
73 79 2
49 76 2
3 42 2
71 97 2
1 89 2
14 122 1
70 74 2
26 63 2
34 126 2
18 34 2
35 112 1
22 132 2
64 85 2
23 68 2
6 51 2
7 133 1
3 115 2
2 4 2
85 115 1
9 69 2
1 50 2
37 71 2
63 91 2
51 84 2
22 25 2
17 45 2
86 136 2
78 122 2
22 127 2
42 100 2
19 23 2
81 115 2
57 119 2
27 148 2
34 73 2
30 81 2
24 76 2
45 136 2
35 70 2
3 121 2
49 81 2
1 123 1
38 82 2
85 121 2
18 20 2
37 60 2
89 119 2
13 22 2
56 64 2
24 51 2
6 17 2
8 65 2
39 80 2
40 142 2
66 80 2
3 14 2
48 108 1
34 48 2
53 65 2
66 73 2
24 111 2
85 144 2
31 111 2
9 116 2
58 127 2
42 102 1
8 40 2
20 113 2
7 106 2
4 92 2
13 80 2
59 108 1
71 123 1
57 129 2
30 48 2
40 131 2
22 38 2
17 104 1
29 31 2
56 142 2
34 66 2
2 136 2
63 99 2
49 142 2
11 94 1
30 53 2
67 76 2
4 15 2
28 48 2
58 86 2
32 93 2
11 147 2
87 135 1
71 81 2
20 78 2
35 89 2
18 85 2
30 130 2
18 57 2
29 84 2
13 116 2
59 125 2
60 116 2
47 108 1
21 55 2
26 86 2
24 89 2
80 122 2
2 83 2
86 135 1
59 85 2
7 31 2
31 59 2
12 66 2
88 111 2
61 113 2
25 88 2
19 122 2
53 83 2
86 125 2
27 73 2
4 54 2
85 124 1
10 135 2
41 123 1
58 65 2
16 73 2
16 107 2
37 108 2
39 43 2
57 87 2
40 51 2
40 132 1
70 79 2
62 116 2
23 103 2
4 84 2
0 71 2
20 28 2
1 87 2
43 139 2
49 145 1
65 87 2
22 52 2
32 95 1
71 101 2
1 55 2
70 83 2
35 78 2
19 107 2
17 23 2
21 35 2
50 136 1
87 113 1
51 128 2
78 148 1
28 80 2
8 125 1
2 7 2
17 141 1
7 127 2
30 87 2
16 148 1
15 82 2
58 59 2
70 101 1
76 89 2
21 142 2
6 38 2
46 82 2
1 9 2
0 88 2
81 132 2
67 72 2
65 75 2
7 21 2
85 86 2
68 143 2
54 144 2
48 49 2
42 47 2
55 112 2
31 85 2
14 143 1
32 115 2
83 103 2
42 57 2
6 115 2
73 137 2
41 83 2
17 52 2
52 65 2
8 59 2
20 125 2
11 26 2
84 88 2
30 145 1
80 85 2
11 86 2
51 125 2
77 124 2
0 27 2
40 87 2
29 147 2
27 128 1
12 100 2
87 90 2
22 83 2
40 121 2
47 112 1
28 73 2
0 10 2
12 121 2
29 129 1
36 143 2
15 26 2
59 87 2
75 104 2
49 58 2
53 102 2
58 135 2
17 129 1
44 80 2
67 134 1
87 136 1
4 25 2
46 75 2
74 93 2
78 110 2
57 134 2
52 141 2
33 137 2
25 64 2
82 149 2
23 141 2
45 109 2
20 83 2
86 137 2
7 34 2
25 139 2
48 113 2
30 136 2
29 88 2
11 126 2
41 122 2
49 136 1
34 103 2
18 45 2
60 105 2
71 113 1
38 39 2
42 70 2
62 75 2
19 85 2
64 125 1
22 39 2
11 45 2
15 35 2
36 103 1
71 85 2
11 105 2
16 77 2
29 112 2
1 117 2
6 44 2
3 134 1
54 67 2
21 85 2
34 75 2
55 56 2
86 108 2
5 111 2
14 42 2
21 68 2
83 134 2
45 86 2
74 95 1
24 80 2
76 143 1
27 118 2
36 102 2
22 137 2
10 80 2
82 94 1
8 89 2
88 116 2
72 73 2
71 103 2
21 92 2
82 132 2
24 60 2
67 126 2
46 100 2
23 112 2
7 20 2
49 71 2
69 106 2
17 35 2
22 148 1
32 66 2
70 142 2
52 84 2
73 108 1
42 89 2
12 23 2
73 93 1
56 119 1
12 87 2
17 142 2
51 91 2
86 129 2
28 66 2
9 64 2
30 42 2
3 149 2
0 89 2
27 76 2
17 118 2
9 75 2
80 138 1
27 88 2
35 105 2
8 74 2
12 72 2
85 129 1
16 32 2
69 130 2
68 83 2
63 103 2
13 137 2
39 129 2
10 20 2
34 62 2
14 145 2
62 138 2
17 133 2
56 113 2
52 133 2
3 47 2
30 56 2
65 77 2
2 26 2
11 54 2
63 75 2
51 140 2
9 83 2
25 89 2
33 67 2
38 72 2
23 29 2
33 60 2
86 92 2
85 87 2
26 137 2
27 43 2
66 149 2
57 90 1
88 132 2
31 36 2
19 42 2
0 121 1
19 46 2
18 27 2
14 89 2
31 81 2
63 136 2
32 101 1
55 60 2
60 137 1
4 66 2
28 111 1
36 72 2
18 80 2
29 124 1
24 29 2
59 144 1
33 116 2
1 84 2
19 69 2
51 87 2
2 139 2
52 108 1
32 102 2
43 45 2
53 145 1
71 109 2
64 84 2
88 120 1
39 147 2
4 104 1
30 108 1
63 139 2
56 135 2
29 39 2
11 68 2
15 40 2
31 34 2
26 100 1
13 35 2
26 103 2
39 65 2
48 59 2
18 99 1
6 14 2
29 90 2
69 116 2
15 31 2
26 121 2
45 135 2
11 31 2
53 64 2
31 93 2
53 86 2
17 30 2
65 115 2
20 75 2
73 135 1
11 95 1
35 56 2
31 96 2
84 97 1
82 111 1
4 133 2
40 86 2
15 122 1
32 147 2
29 51 2
29 79 2
5 92 1
50 64 2
74 87 2
52 83 2
36 136 2
63 143 1
89 90 1
1 49 2
88 114 2
12 120 1
41 85 2
22 134 2
80 87 2
50 146 2
31 109 2
27 39 2
44 75 2
65 139 2
58 148 1
56 134 2
19 83 2
62 85 2
22 77 2
76 83 2
5 40 2
12 42 2
80 121 2
30 45 2
23 136 1
13 30 2
2 70 2
46 139 2
58 79 2
36 74 2
60 94 2
27 48 2
78 85 2
22 94 1
77 139 1
49 52 2
12 80 2
8 97 2
18 56 2
54 128 1
18 59 2
32 33 2
34 115 2
58 144 1
1 90 1
2 74 2
31 35 2
27 37 2
25 56 2
44 84 2
54 65 2
0 32 2
9 101 2
76 128 1
62 86 2
10 52 2
23 89 2
1 6 2
31 86 2
4 39 2
61 110 2
11 84 2
80 81 2
63 69 2
8 48 2
51 129 1
63 79 2
81 92 2
15 34 2
4 21 2
64 87 2
15 57 2
15 145 2
14 83 2
86 112 2
13 117 2
31 146 1
10 22 2
2 32 2
10 142 1
7 86 2
12 128 2
74 82 2
49 84 2
26 57 2
64 124 1
43 79 2
70 114 2
71 86 2
9 15 2
7 99 2
17 107 2
50 121 2
53 88 2
5 98 2
23 25 2
7 55 2
26 110 2
65 107 2
50 100 2
4 23 2
3 30 2
39 136 1
52 140 2
75 143 1
36 42 2
0 45 2
22 141 2
72 79 2
1 71 2
26 62 2
20 69 2
24 69 2
44 63 2
66 127 1
43 103 1
17 38 2
13 84 2
36 90 2
79 107 2
63 141 2
6 29 2
71 102 1
12 71 2
14 146 1
29 36 2
15 91 1
19 136 2
8 140 1
4 32 2
48 116 2
70 72 2
54 74 2
18 83 2
27 134 1
40 113 2
86 117 1
45 51 2
76 144 2
55 136 2
37 70 2
39 88 2
50 80 2
37 123 1
56 97 2
54 63 2
14 136 1
41 139 1
0 11 2
53 55 2
82 83 2
31 51 2
0 133 2
47 137 1
67 116 2
61 122 2
7 44 2
2 138 1
51 113 2
44 107 2
20 139 1
42 88 2
0 108 2
47 74 2
63 115 2
54 87 2
26 90 2
28 33 2
3 9 2
23 121 2
13 37 2
71 95 2
38 40 2
20 144 1
38 135 1
29 70 2
48 69 2
57 105 2
19 28 2
83 127 2
32 74 2
35 55 2
37 133 2
72 77 2
47 76 2
21 22 2
26 50 2
14 22 2
76 92 1
19 70 2
52 63 2
14 101 1
4 51 2
22 135 2
68 148 2
5 7 2
1 26 2
5 83 2
0 84 2
4 111 2
4 13 2
77 79 2
36 69 2
78 116 2
16 123 1
21 61 2
37 82 2
44 69 2
41 67 2
71 114 2
47 67 2
52 69 2
29 82 2
50 107 2
21 29 2
23 70 2
14 55 2
9 100 2
63 89 2
13 17 2
32 60 2
15 129 2
60 74 2
44 83 2
34 114 1
79 94 1
10 78 2
39 112 1
17 109 2
45 55 2
12 81 2
60 143 1
43 51 2
61 82 2
55 73 2
81 123 1
30 141 1
85 99 2
51 58 2
88 103 2
36 112 2
31 106 1
58 89 2
66 113 1
31 78 2
29 68 2
0 124 2
17 102 2
10 33 2
18 47 2
11 108 2
55 145 1
6 39 2
14 75 2
4 139 2
24 34 2
48 52 2
1 93 2
10 47 2
19 98 2
69 71 2
63 96 2
32 41 2
24 109 2
8 83 2
2 67 2
7 141 2
21 47 2
4 149 1
0 23 2
31 120 1
8 82 2
82 145 1
80 112 1
1 88 2
28 65 2
89 97 2
68 147 1
32 145 1
33 104 2
31 52 2
75 128 2
19 33 2
56 120 2
9 86 2
5 70 2
31 60 2
21 86 2
30 118 2
14 60 2
62 97 2
65 81 2
9 41 2
51 61 2
35 79 2
44 91 2
1 39 2
1 81 2
41 112 2
48 80 2
5 13 2
14 69 2
43 72 2
33 101 2
53 97 2
50 115 2
50 74 2
28 110 2
20 91 2
13 87 2
88 135 1
5 71 2
23 36 2
12 65 2
33 124 2
29 32 2
25 75 2
25 69 2
7 33 2
67 75 2
69 75 2
46 101 2
43 46 2
36 105 2
68 107 2
15 109 2
64 83 2
81 98 2
48 85 2
67 119 2
15 22 2
49 119 2
66 148 2
41 43 2
2 8 2
17 27 2
13 118 2
34 131 1
74 101 2
17 117 2
20 77 2
63 111 2
75 105 2
89 126 1
20 54 2
73 145 2
44 70 2
43 63 2
48 58 2
55 72 2
25 107 2
28 98 1
10 76 2
6 9 2
61 99 2
42 85 2
29 48 2
63 80 2
49 66 2
24 101 2
36 88 2
72 134 2
28 132 1
78 146 2
35 122 1
60 122 1
8 137 1
60 138 2
27 89 2
69 110 2
13 146 1
53 105 2
11 129 1
27 82 2
45 127 1
5 66 2
0 73 2
86 98 2
17 88 2
44 145 2
79 119 2
56 93 2
51 143 2
12 25 2
16 66 2
19 60 2
18 117 1
61 84 2
57 106 2
79 134 1
3 65 2
1 133 2
37 42 2
77 86 2
49 138 2
22 86 2
83 87 2
7 40 2
15 98 1
24 40 2
60 132 2
42 49 2
81 133 2
13 28 2
14 27 2
13 34 2
26 61 2
21 103 1
12 50 2
30 88 2
16 22 2
46 128 1
16 78 2
56 121 2
6 34 2
56 118 1
37 86 2
1 139 2
43 121 1
0 50 2
9 14 2
38 110 2
72 137 1
75 91 1
15 114 2
1 107 2
33 38 2
80 124 1
38 107 2
0 69 2
26 144 1
64 122 1
10 40 2
53 89 2
36 43 2
21 75 2
44 45 2
16 133 2
52 143 2
28 128 1
31 119 2
13 140 1
56 83 2
9 63 2
10 57 2
44 61 2
47 78 2
62 109 1
6 61 2
32 134 1
11 69 2
60 76 2
55 148 2
26 98 2
13 136 2
5 69 2
59 129 2
1 21 2
12 127 2
75 117 2
16 34 2
9 145 1
7 38 2
62 103 1
89 112 1
37 54 2
21 54 2
10 120 1
89 135 1
36 138 2
69 76 2
17 49 2
4 124 1
31 127 2
1 56 2
65 112 2
65 114 2
24 36 2
62 123 1
26 48 2
29 98 2
46 141 2
4 143 1
65 79 2
77 122 2
27 113 2
7 12 2
1 41 2
14 45 2
49 56 2
47 55 2
67 111 2
19 75 2
32 75 2
40 57 2
62 148 2
16 20 2
21 105 2
15 66 2
11 32 2
77 129 2
1 42 2
37 102 2
66 122 1
9 61 2
1 8 2
28 85 2
1 85 2
18 25 2
49 50 2
11 73 2
62 140 1
18 76 2
58 81 2
11 79 2
75 77 2
15 76 2
29 73 2
9 72 2
53 115 2
85 114 1
47 63 2
30 110 2
16 37 2
33 59 2
12 137 1
34 89 2
9 13 2
44 104 2
28 35 2
15 88 2
7 142 2
16 119 1
41 52 2
83 85 2
64 119 2
11 62 2
20 59 2
31 84 2
26 109 1
73 88 2
40 125 2
50 109 1
24 66 2
49 54 2
19 40 2
42 135 2
11 43 2
62 96 2
51 124 1
66 103 2
50 77 2
32 106 1
14 78 2
15 73 2
31 90 1
62 120 1
11 134 2
89 91 2
14 49 2
22 142 2
52 138 2
62 117 1
79 133 2
13 73 2
18 142 1
10 48 2
80 130 2
46 72 2
34 99 2
25 80 2
51 115 1
61 137 2
8 68 2
12 28 2
18 44 2
35 123 2
26 122 1
4 87 2
14 32 2
39 62 2
25 117 2
19 116 2
11 23 2
63 128 2
28 100 2
51 69 2
68 69 2
13 14 2
23 140 2
74 133 2
3 86 2
62 80 2
81 83 2
23 59 2
11 27 2
30 49 2
4 77 2
22 130 2
25 86 2
37 67 2
25 100 2
28 44 2
17 123 2
22 26 2
56 57 2
1 64 2
29 140 1
38 58 2
47 109 1
35 97 2
20 62 2
18 40 2
17 50 2
34 106 2
0 15 2
8 19 2
33 61 2
67 82 2
51 73 2
67 91 2
18 48 2
55 66 2
63 110 1
35 57 2
16 130 2
69 81 2
3 54 2
47 83 2
20 123 1
2 71 2
16 111 2
14 121 2
44 99 2
12 82 2
11 87 2
39 91 2
15 72 2
46 80 2
33 54 2
34 39 2
13 55 2
4 88 2
33 138 1
82 140 2
16 139 2
55 147 2
59 88 2
29 58 2
49 87 2
84 142 1
58 80 2
23 67 2
6 100 2
34 125 2
17 148 2
14 35 2
1 142 1
54 94 2
39 75 2
3 18 2
63 83 2
11 143 2
53 116 1
69 126 2
42 138 2
0 94 1
17 86 2
88 145 2
39 102 2
17 80 2
6 91 2
45 84 2
37 115 1
66 121 2
7 73 2
63 127 2
51 83 2
30 63 2
45 64 2
39 53 2
80 142 1
4 130 1
73 99 2
80 88 2
85 130 2
15 39 2
10 147 2
61 124 2
0 47 2
29 42 2
17 59 2
30 58 2
67 121 2
71 99 1
89 124 2
63 107 2
49 104 1
74 81 2
9 32 2
13 81 2
10 25 2
38 64 2
31 131 1
35 129 2
1 145 1
63 65 2
36 55 2
28 119 1
27 133 2
45 78 2
60 125 2
44 85 2
63 84 2
6 7 2
23 87 2
25 47 2
18 120 2
32 50 2
7 54 2
31 117 2
18 95 2
15 38 2
9 138 1
89 148 2
69 105 1
56 94 2
50 75 2
76 119 2
32 73 2
47 130 2
27 132 2
32 78 2
73 123 2
79 82 2
71 106 2
10 45 2
35 52 2
2 82 2
23 90 2
57 136 2
51 100 2
25 68 2
24 83 2
85 126 2
81 122 2
33 58 2
56 59 2
41 44 2
4 102 2
17 83 2
66 146 2
64 95 2
20 39 2
59 78 2
57 100 1
5 17 2
6 19 2
18 87 2
60 123 1
37 49 2
14 97 2
43 110 2
73 84 2
13 57 2
89 120 2
40 44 2
53 68 2
66 67 2
23 31 2
14 106 2
11 39 2
4 34 2
42 50 2
27 109 1
24 135 2
13 112 2
0 68 2
6 55 2
36 123 2
26 53 2
27 69 2
51 99 2
9 47 2
24 148 1
5 113 1
9 26 2
34 122 1
7 131 2
2 130 2
72 136 2
32 39 2
25 145 2
49 77 2
48 71 2
71 128 1
74 96 2
54 125 2
56 130 2
17 25 2
10 130 2
11 88 2
8 78 2
38 128 1
48 121 2
15 95 2
1 54 2
37 121 2
42 46 2
73 102 1
2 99 2
33 82 2
51 67 2
22 58 2
42 76 2
26 66 2
21 77 2
45 47 2
8 113 2
73 112 2
8 58 2
54 113 2
3 13 2
23 66 2
7 41 2
9 134 2
9 74 2
53 131 2
10 122 2
51 144 1
7 19 2
9 36 2
58 69 2
55 91 2
25 94 2
64 127 2
50 56 2
50 70 2
57 73 2
34 78 2
33 84 2
8 92 1
80 82 2
63 106 2
52 122 1
24 91 2
62 73 2
3 80 2
51 141 2
13 86 2
17 70 2
47 90 1
73 89 2
19 38 2
39 46 2
15 18 2
51 137 2
63 74 2
89 114 2
48 57 2
3 58 2
13 72 2
80 119 2
47 111 1
1 12 2
14 46 2
69 102 2
49 78 2
7 126 2
39 40 2
15 123 2
24 59 2
20 98 1
67 144 2
20 148 2
2 72 2
56 76 2
59 84 2
33 94 1
15 17 2
59 71 2
63 105 2
7 11 2
42 140 1
3 122 2
18 79 2
6 111 1
86 103 2
29 87 2
19 144 1
4 45 2
25 32 2
34 84 2
10 41 2
0 33 2
17 127 1
9 97 2
32 67 2
13 82 2
65 86 2
45 123 2
57 66 2
6 65 2
54 89 2
70 85 2
5 116 1
13 135 1
42 73 2
33 106 2
5 87 2
6 32 2
46 60 2
9 78 2
38 133 2
26 35 2
51 74 2
18 36 2
52 103 2
72 121 2
33 97 2
82 113 2
11 58 2
15 141 1
22 70 2
37 55 2
14 33 2
37 128 2
70 77 2
51 62 2
28 106 2
24 78 2
50 89 2
88 95 2
77 134 1
17 125 2
37 61 2
65 90 2
16 70 2
3 19 2
27 28 2
16 56 2
32 38 2
7 72 2
50 140 1
64 109 2
10 65 2
24 84 2
69 104 1
44 138 2
58 66 2
19 22 2
50 110 2
26 67 2
22 114 2
39 41 2
58 121 2
33 123 1
9 149 2
50 66 2
70 90 2
48 54 2
23 84 2
42 63 2
43 99 2
36 68 2
28 74 2
87 114 2
48 83 2
26 40 2
71 100 2
30 44 2
68 149 1
64 86 2
6 107 2
60 149 1
54 148 2
85 94 2
13 106 2
32 37 2
65 80 2
43 77 2
13 31 2
50 83 2
58 63 2
47 140 1
42 82 2
20 24 2
55 84 2
11 85 2
88 99 2
6 28 2
60 68 2
78 90 1
18 136 2
20 34 2
52 132 2
6 106 2
58 77 2
5 137 2
0 90 2
83 98 2
79 81 2
74 97 2
11 103 2
89 133 2
22 76 2
29 141 2
13 51 2
1 97 2
43 145 2
79 93 1
23 40 2
21 76 2
14 102 1
56 74 2
12 35 2
71 147 1
40 48 2
20 109 2
74 83 2
10 81 2
20 46 2
10 71 2
26 38 2
85 104 1
66 89 2
80 110 2
64 72 2
39 68 2
14 53 2
54 118 2
14 37 2
59 80 2
59 82 2
24 54 2
82 96 1
29 115 2
2 41 2
8 81 2
44 53 2
6 15 2
70 96 2
20 96 2
71 132 1
74 105 2
47 54 2
83 118 2
20 100 1
22 119 2
21 102 1
40 76 2
37 140 1
22 50 2
80 84 2
39 89 2
71 146 1
16 112 1
17 145 1
39 76 2
84 90 2
41 95 1
21 74 2
68 88 2
44 109 1
66 78 2
83 145 1
35 46 2
46 99 2
28 60 2
0 75 2
81 95 2
15 29 2
88 106 2
34 81 2
19 41 2
78 86 2
35 87 2
0 76 2
11 55 2
14 39 2
15 125 2
37 120 1
47 92 2
87 129 1
11 111 2
61 64 2
9 77 2
24 125 2
5 49 2
2 15 2
41 93 2
54 101 2
47 138 1
72 129 2
2 57 2
47 82 2
30 66 2
4 129 1
46 78 2
81 101 2
16 90 2
68 145 2
49 74 2
34 47 2
81 144 2
9 43 2
3 66 2
3 139 2
15 50 2
50 101 1
67 127 2
36 71 2
57 126 2
43 132 2
45 149 2
7 66 2
0 149 2
43 70 2
31 40 2
27 115 2
23 137 2
34 57 2
15 140 2
77 117 2
9 48 2
11 17 2
36 119 1
20 131 2
44 49 2
49 134 2
16 106 1
64 88 2
19 104 1
31 64 2
36 129 2
45 137 2
56 84 2
29 45 2
58 136 2
37 59 2
67 132 1
38 49 2
51 135 1
76 104 1
18 128 2
41 78 2
2 79 2
35 76 2
21 28 2
65 129 2
88 94 1
72 80 2
0 3 2
22 120 2
42 122 2
31 76 2
53 67 2
66 77 2
30 57 2
8 18 2
7 97 2
46 89 2
42 81 2
87 96 2
56 62 2
39 63 2
78 94 1
38 97 2
67 139 1
2 88 2
72 74 2
54 77 2
35 73 2
15 58 2
14 21 2
78 102 1
33 73 2
0 46 2
42 142 2
51 105 2
50 63 2
42 105 2
17 139 2
18 138 1
22 30 2
9 52 2
7 70 2
82 87 2
77 143 2
47 79 2
59 95 2
38 44 2
27 123 2
2 58 2
46 108 2
0 41 2
4 58 2
17 122 1
35 88 2
70 124 2
40 71 2
46 137 1
26 136 2
15 127 2
56 70 2
77 120 1
2 147 2
38 48 2
85 90 2
8 76 2
76 93 2
60 145 1
9 27 2
52 81 2
64 70 2
56 101 2
57 80 2
13 23 2
28 92 2
52 54 2
31 56 2
0 146 2
4 75 2
78 84 2
25 26 2
32 76 2
51 92 1
1 43 2
44 74 2
6 48 2
66 147 1
39 121 2
8 86 2
46 130 2
7 130 2
55 87 2
5 38 2
18 41 2
68 82 2
8 60 2
2 110 2
26 42 2
9 88 2
41 110 2
5 34 2
24 133 1
64 138 1
4 27 2
72 109 1
39 106 1
67 108 2
35 90 1
23 47 2
59 143 1
12 64 2
6 146 2
85 88 2
61 141 2
42 109 1
54 137 2
78 111 2
32 91 2
31 89 2
11 98 2
33 78 2
5 114 1
70 126 1
6 84 2
54 145 2
25 124 2
16 62 2
18 28 2
60 80 2
22 51 2
1 134 2
66 104 2
53 93 2
4 70 2
53 134 1
4 8 2
52 147 2
46 97 2
82 110 2
74 140 2
68 118 2
11 29 2
28 115 1
70 136 2
52 129 2
68 95 2
28 117 2
19 76 2
45 138 2
49 126 2
8 13 2
47 60 2
30 117 1
20 52 2
78 113 2
56 71 2
77 92 1
57 96 1
25 71 2
23 73 2
10 72 2
29 76 2
31 83 2
61 92 2
66 71 2
11 33 2
60 64 2
32 43 2
58 95 2
80 90 2
59 93 2
48 107 2
77 147 2
64 66 2
7 69 2
19 84 2
38 54 2
3 106 2
18 52 2
24 140 1
35 41 2
61 78 2
42 55 2
38 77 2
23 147 1
3 23 2
27 61 2
50 87 2
47 75 2
4 46 2
0 138 1
9 62 2
64 78 2
14 51 2
7 146 2
28 109 2
75 115 2
14 41 2
12 88 2
17 71 2
46 86 2
31 92 1
24 126 1
45 74 2
36 86 2
6 42 2
30 123 2
49 116 2
10 17 2
31 53 2
44 130 2
83 142 1
9 102 2
30 55 2
9 146 1
31 32 2
20 129 2
89 105 2
9 95 2
36 113 2
79 145 1
68 85 2
7 14 2
34 61 2
53 77 2
29 132 2
44 143 2
73 77 2
15 137 2
77 81 2
53 85 2
20 132 1
79 91 1
15 146 1
17 146 2
12 94 2
32 85 2
17 136 1
16 44 2
16 117 2
12 46 2
23 64 2
49 89 2
35 120 2
1 15 2
20 58 2
19 86 2
9 132 2
34 98 2
14 63 2
66 74 2
19 81 2
6 132 2
5 30 2
18 81 2
76 117 1
22 71 2
63 124 2
40 143 1
26 33 2
21 78 2
79 99 1
40 105 1
70 138 1
27 33 2
78 144 2
2 43 2
4 35 2
19 64 2
84 89 2
63 77 2
7 91 1
2 33 2
76 95 2
0 136 2
67 68 2
56 148 2
31 68 2
4 55 2
13 32 2
30 134 2
29 55 2
74 132 2
31 58 2
67 129 2
42 127 2
59 146 1
13 133 2
28 82 2
78 149 1
81 109 2
22 57 2
81 85 2
31 61 2
28 43 2
14 20 2
21 125 2
3 62 2
34 60 2
68 113 1
2 149 2
20 68 2
53 69 2
32 119 1
5 146 2
28 141 2
29 139 2
42 74 2
70 75 2
62 71 2
29 148 2
45 60 2
22 67 2
34 43 2
5 126 2
1 23 2
76 127 2
36 125 2
48 130 2
86 107 2
53 73 2
15 143 1
41 48 2
38 123 1
59 77 2
24 117 2
1 44 2
45 141 1
3 17 2
66 106 2
23 26 2
71 129 2
50 71 2
32 72 2
80 147 2
61 120 1
7 124 1
4 85 2
18 92 2
44 119 1
5 148 2
64 143 1
73 76 2
56 129 2
31 124 1
69 141 2
54 88 2
17 75 2
22 43 2
53 71 2
10 69 2
33 143 2
30 129 1
40 137 1
48 139 1
44 92 2
46 132 1
72 127 1
40 101 2
77 103 2
16 136 2
16 80 2
87 109 2
36 81 2
69 133 2
10 68 2
17 51 2
38 106 1
55 130 2
55 144 1
28 131 1
18 86 2
7 63 2
47 102 2
11 72 2
39 143 2
10 84 2
34 56 2
37 79 2
87 97 2
21 69 2
62 107 2
85 122 2
33 47 2
0 81 2
68 74 2
5 141 1
0 112 1
51 103 2
41 90 1
81 87 2
3 51 2
0 38 2
14 23 2
21 70 2
13 75 2
62 125 2
10 38 2
18 64 2
11 36 2
36 115 1
4 145 2
63 66 2
75 148 1
25 41 2
10 106 2
31 43 2
61 90 2
38 95 2
9 50 2
47 116 2
64 118 2
41 145 1
4 147 2
3 40 2
62 76 2
47 48 2
12 68 2
0 18 2
33 111 1
6 110 1
76 126 1
0 139 2
85 127 2
59 92 2
12 54 2
46 71 2
27 112 2
19 20 2
20 137 2
62 124 2
31 108 2
29 86 2
43 57 2
39 55 2
48 95 2
26 80 2
57 92 2
68 100 2
12 43 2
38 52 2
79 143 1
3 60 2
9 113 1
43 47 2
33 63 2
32 83 2
68 76 2
19 54 2
70 95 2
72 81 2
21 44 2
13 89 2
13 69 2
9 12 2
54 82 2
4 137 1
35 44 2
82 125 2
8 22 2
48 55 2
6 8 2
71 125 2
54 90 2
0 129 1
54 73 2
88 149 2
9 45 2
6 139 1
27 44 2
84 85 2
35 131 2
27 80 2
56 58 2
50 147 1
40 42 2
49 59 2
40 80 2
35 42 2
26 69 2
28 105 1
24 112 2
36 62 2
61 105 2
73 78 2
50 142 1
49 67 2
51 56 2
51 66 2
78 128 1
71 126 2
5 45 2
39 58 2
64 69 2
63 81 2
59 111 2
23 143 2
79 90 2
12 31 2
30 78 2
33 70 2
64 123 2
17 69 2
41 57 2
40 52 2
18 105 2
39 72 2
25 128 1
0 51 2
29 34 2
54 86 2
54 117 2
26 139 1
68 97 2
8 88 2
81 141 2
36 146 2
10 30 2
28 71 2
17 56 2
47 68 2
59 137 1
70 116 2
62 112 2
32 57 2
25 27 2
12 19 2
75 116 2
27 138 2
32 87 2
39 90 1
2 113 2
77 115 2
13 93 2
70 80 2
72 120 2
8 55 2
55 64 2
2 80 2
13 67 2
65 68 2
43 62 2
61 147 2
80 115 2
7 125 2
13 41 2
37 85 2
37 44 2
28 34 2
14 44 2
26 91 2
10 89 2
54 114 2
42 69 2
0 105 1
50 88 2
30 113 2
40 49 2
76 107 2
46 64 2
42 43 2
39 132 2
20 120 2
46 127 2
69 78 2
55 114 2
57 139 2
42 54 2
86 87 2
48 147 2
50 67 2
25 65 2
11 81 2
19 93 1
15 110 1
0 1 2
63 85 2
35 60 2
41 59 2
89 128 2
35 37 2
56 88 2
74 76 2
71 76 2
31 65 2
72 147 2
20 102 2
88 147 2
84 133 2
0 37 2
33 103 1
34 53 2
11 78 2
79 125 2
72 116 2
17 105 2
6 120 2
81 119 2
61 67 2
11 24 2
67 120 2
44 68 2
52 94 1
2 78 2
58 117 1
32 121 2
75 80 2
69 85 2
28 136 1
12 47 2
70 141 2
75 124 2
36 149 2
77 132 2
24 97 2
38 89 2
41 128 2
62 79 2
47 133 1
16 57 2
75 121 1
50 119 2
37 118 2
56 145 2
38 148 2
88 100 2
25 70 2
40 100 2
73 125 1
2 98 2
45 72 2
73 74 2
8 10 2
76 142 2
8 127 1
53 107 2
38 62 2
45 85 2
27 135 2
44 65 2
58 139 2
3 36 2
15 86 2
17 19 2
82 98 1
22 79 2
59 136 1
55 106 2
38 119 2
78 133 2
13 97 2
7 67 2
35 124 2
55 70 2
55 94 1
10 43 2
0 104 2
8 32 2
33 134 2
75 120 2
12 142 2
25 101 2
43 114 2
52 92 1
32 108 2
5 8 2
1 76 2
47 61 2
25 82 2
52 71 2
38 80 2
70 91 1
40 69 2
40 118 2
79 126 2
52 136 2
19 24 2
29 99 2
48 65 2
52 55 2
27 140 2
79 114 2
35 67 2
3 83 2
23 75 2
14 111 1
40 99 1
26 104 1
74 80 2
32 64 2
33 55 2
27 54 2
30 68 2
1 74 2
10 55 2
66 97 2
20 29 2
38 111 2
8 42 2
33 76 2
63 116 2
8 17 2
41 75 2
12 27 2
27 71 2
32 61 2
53 78 2
5 106 2
52 116 2
0 142 2
10 56 2
87 143 2
33 122 2
76 91 1
3 98 2
15 68 2
64 121 2
10 95 2
53 133 2
44 88 2
59 66 2
9 37 2
60 75 2
14 19 2
43 122 2
3 4 2
36 38 2
46 63 2
58 106 1
22 53 2
47 71 2
35 39 2
72 87 2
59 133 2
81 106 1
27 60 2
84 116 2
23 76 2
24 52 2
49 70 2
66 83 2
16 82 2
40 77 2
13 33 2
29 62 2
55 76 2
16 109 2
81 124 2
55 86 2
44 82 2
28 99 1
20 48 2
67 84 2
52 77 2
11 66 2
79 85 2
0 40 2
66 120 2
47 73 2
38 90 2
13 95 1
61 129 2
2 81 2
29 75 2
54 120 1
10 12 2
37 83 2
41 46 2
35 130 1
37 74 2
43 67 2
13 38 2
1 135 1
32 81 2
38 94 2
14 24 2
74 134 2
74 116 2
38 145 2
24 127 1
68 71 2
31 55 2
51 142 2
14 28 2
24 110 2
53 60 2
6 60 2
6 77 2
2 85 2
74 122 2
86 126 2
6 23 2
34 55 2
33 37 2
19 124 2
36 75 2
71 116 2
73 129 1
31 57 2
29 145 1
20 106 1
1 148 2
37 100 2
40 65 2
56 114 1
18 65 2
49 100 2
62 121 2
11 131 1
10 18 2
32 100 1
23 74 2
25 49 2
77 138 2
69 84 2
62 63 2
10 82 2
16 132 2
8 30 2
8 20 2
58 143 1
29 77 2
43 82 2
79 80 2
72 75 2
82 129 2
18 37 2
50 131 1
33 42 2
2 69 2
52 82 2
34 71 2
76 116 2
23 43 2
10 50 2
51 123 2
4 61 2
32 80 2
19 53 2
6 93 2
67 135 2
66 130 1
36 77 2
47 120 2
56 82 2
11 144 2
12 132 2
21 27 2
59 124 2
53 139 1
10 34 2
87 116 2
39 73 2
68 105 1
3 31 2
77 133 2
29 60 2
26 78 2
12 98 2
85 110 2
64 135 1
19 39 2
51 59 2
22 60 2
44 56 2
52 59 2
74 111 1
88 125 2
16 75 2
24 55 2
43 148 2
48 115 2
44 101 1
53 148 2
23 41 2
7 39 2
17 39 2
11 141 2
43 124 1
32 55 2
86 146 1
54 75 2
43 80 2
18 101 1
26 31 2
27 92 2
7 94 2
16 103 2
1 80 2
34 80 2
16 83 2
43 44 2
76 86 2
31 94 2
14 144 1
5 77 2
32 59 2
62 65 2
34 67 2
50 94 1
65 72 2
15 75 2
85 132 1
23 54 2
55 77 2
11 12 2
32 128 2
31 39 2
3 37 2
17 119 1
28 125 1
13 83 2
87 132 2
51 63 2
10 87 2
36 54 2
26 99 2
13 143 2
33 68 2
21 36 2
33 79 2
88 137 1
11 122 1
28 64 2
1 69 2
24 45 2
43 125 1
21 100 1
47 84 2
29 109 2
51 75 2
57 84 2
88 131 2
2 55 2
25 57 2
0 102 2
60 114 1
17 77 2
2 148 1
3 146 2
4 72 2
38 120 2
45 77 2
43 88 2
32 117 1
71 75 2
72 84 2
13 19 2
7 85 2
49 103 2
80 93 2
5 12 2
18 62 2
17 81 2
27 66 2
14 99 2
0 29 2
37 48 2
44 50 2
11 138 1
17 60 2
0 127 2
14 65 2
29 40 2
63 70 2
9 117 1
16 18 2
53 137 2
5 42 2
46 87 2
32 138 1
27 83 2
39 61 2
7 13 2
0 12 2
77 84 2
26 125 2
60 100 2
35 148 1
30 115 2
54 61 2
50 105 2
65 109 2
31 50 2
46 73 2
63 97 2
21 38 2
50 78 2
49 94 2
41 64 2
53 58 2
25 118 2
65 126 2
16 135 2
3 73 2
13 61 2
82 102 2
59 94 2
63 133 2
31 74 2
89 99 2
76 85 2
8 107 1
25 66 2
30 86 2
6 12 2
57 58 2
14 18 2
81 129 2
16 146 1
76 80 2
62 114 2
41 54 2
73 128 2
57 78 2
14 64 2
66 101 2
75 135 2
76 136 2
61 79 2
20 133 1
56 140 2
12 61 2
53 61 2
9 60 2
54 116 1
24 141 2
49 79 2
27 70 2
40 47 2
45 101 2
13 74 2
27 105 2
20 149 2
84 143 1
12 51 2
30 71 2
45 144 2
1 34 2
73 144 2
31 91 2
38 88 2
74 110 2
46 120 2
44 64 2
48 127 1
49 57 2
22 66 2
19 57 2
58 115 1
34 136 2
1 79 2
24 35 2
3 52 2
22 115 1
18 121 2
8 51 2
71 73 2
2 118 2
77 80 2
6 104 2
17 46 2
25 122 1
83 104 1
29 119 2
40 66 2
19 63 2
13 71 2
9 65 2
46 77 2
18 122 2
19 27 2
34 79 2
56 109 2
78 139 1
57 115 1
2 49 2
77 142 2
1 65 2
84 109 1
15 70 2
36 78 2
62 108 2
3 45 2
13 42 2
68 133 2
69 120 1
20 37 2
40 84 2
10 85 2
26 73 2
39 138 1
12 124 2
54 100 2
45 105 1
17 24 2
55 135 2
77 85 2
69 122 2
36 126 1
15 54 2
33 140 2
84 114 2
52 91 1
77 146 1
52 67 2
9 70 2
15 115 1
3 116 2
25 87 2
12 91 1
79 104 2
38 131 2
45 66 2
9 107 1
34 144 1
57 77 2
33 40 2
27 102 1
56 63 2
12 149 1
10 145 2
14 54 2
18 53 2
11 132 1
2 121 1
13 48 2
36 76 2
55 146 2
8 80 2
26 128 2
22 59 2
25 42 2
31 148 2
19 36 2
19 50 2
27 67 2
42 79 2
3 28 2
36 50 2
14 52 2
75 127 2
5 61 2
23 37 2
14 48 2
40 130 2
27 50 2
62 78 2
42 104 2
14 40 2
64 71 2
70 133 2
31 62 2
89 139 2
36 57 2
35 43 2
38 73 2
17 79 2
78 88 2
40 109 2
31 107 2
33 142 1
65 76 2
50 85 2
12 133 2
73 113 1
6 79 2
9 76 2
20 82 2
23 111 2
30 32 2
31 129 1
15 43 2
54 143 2
25 37 2
40 111 2
25 31 2
19 92 1
65 124 2
65 98 2
79 113 1
23 133 2
76 84 2
26 96 2
74 102 1
3 46 2
2 22 2
50 79 2
37 78 2
88 143 2
13 60 2
6 144 2
75 147 2
36 83 2
9 51 2
1 24 2
41 115 2
70 109 2
25 67 2
15 46 2
55 139 2
26 82 2
44 57 2
76 121 2
2 95 1
31 125 2
82 86 2
86 130 2
80 116 1
48 134 1
19 48 2
57 142 1
3 11 2
20 23 2
37 147 2
15 71 2
64 99 2
80 125 2
19 30 2
31 79 2
37 138 2
8 129 1
51 138 2
67 100 1
11 74 2
16 63 2
21 23 2
6 94 1
43 55 2
56 61 2
82 118 2
20 65 2
34 74 2
34 129 1
80 101 1
68 116 1
49 55 2
59 70 2
61 112 2
75 112 1
49 147 2
0 39 2
0 72 2
71 72 2
64 81 2
7 83 2
2 109 1
13 141 2
1 127 2
85 103 1
50 95 1
28 41 2
2 9 2
63 98 2
4 60 2
86 105 2
52 142 1
6 149 2
1 118 2
12 125 1
7 27 2
2 46 2
21 26 2
82 136 1
25 121 1
12 39 2
84 146 2
68 120 2
11 34 2
44 148 1
61 71 2
87 112 2
19 67 2
45 87 2
26 118 2
6 18 2
30 83 2
9 49 2
69 98 2
35 61 2
1 28 2
37 130 2
19 80 2
14 43 2
49 65 2
36 142 1
69 140 2
20 128 2
22 84 2
11 110 2
20 99 2
88 123 2
49 115 1
5 55 2
60 128 2
38 60 2
20 84 2
39 145 2
10 37 2
41 42 2
65 66 2
2 5 2
2 102 2
57 68 2
52 53 2
64 103 2
25 137 2
11 41 2
40 54 2
43 137 1
67 142 2
17 147 2
62 139 2
27 81 2
23 30 2
4 127 2
70 84 2
37 112 2
11 65 2
23 58 2
44 51 2
40 74 2
66 145 1
10 31 2
20 124 2
29 52 2
35 104 2
54 146 2
10 128 1
45 58 2
61 134 1
13 104 2
39 44 2
41 103 2
83 137 1
76 82 2
39 84 2
13 88 2
42 94 2
43 130 1
42 106 2
64 68 2
63 112 2
1 125 2
4 116 2
2 20 2
7 18 2
34 88 2
15 83 2
50 104 2
3 120 2
53 112 2
56 60 2
0 55 2
1 103 2
34 65 2
65 134 2
1 119 2
39 81 2
37 103 1
32 44 2
13 91 2
61 140 2
14 34 2
16 99 1
53 124 1
33 146 2
1 62 2
27 65 2
41 116 1
26 34 2
54 140 1
8 119 1
41 138 1
20 30 2
59 134 2
17 40 2
42 58 2
36 44 2
0 31 2
63 126 2
21 137 1
70 129 2
1 18 2
73 120 2
64 97 1
2 24 2
36 84 2
9 42 2
54 141 2
63 93 1
80 108 2
25 147 2
11 107 2
27 56 2
76 103 2
1 25 2
22 74 2
52 85 2
43 108 1
29 138 2
24 28 2
24 129 2
0 16 2
83 112 1
61 108 2
11 83 2
12 76 2
20 31 2
55 118 2
56 102 2
50 148 1
72 105 2
35 85 2
57 74 2
6 131 2
52 96 2
58 62 2
1 17 2
53 62 2
47 81 2
88 89 2
9 84 2
18 145 2
25 44 2
20 53 2
62 119 2
21 60 2
2 73 2
5 47 2
17 18 2
5 81 2
35 121 2
6 88 2
15 120 2
44 131 2
6 40 2
9 29 2
57 62 2
28 42 2
43 112 2
23 118 2
35 139 2
3 72 2
3 74 2
37 63 2
24 77 2
6 76 2
52 127 2
12 45 2
0 80 2
22 40 2
25 113 2
33 48 2
72 141 1
29 72 2
47 129 1
83 130 1
46 67 2
30 61 2
48 140 2
53 82 2
22 63 2
10 144 1
56 105 2
87 145 2
19 55 2
89 94 2
5 20 2
22 146 1
6 82 2
45 75 2
31 82 2
35 64 2
12 110 2
55 85 2
10 119 2
57 63 2
47 53 2
27 106 1
8 85 2
66 70 2
20 63 2
83 138 2
67 87 2
57 59 2
15 96 1
25 30 2
56 108 2
54 97 2
5 58 2
48 91 1
35 84 2
40 46 2
73 81 2
52 110 2
71 119 1
37 81 2
23 77 2
4 14 2
35 48 2
1 120 2
14 80 2
48 94 1
86 122 1
8 104 2
74 135 2
70 147 2
38 63 2
45 107 2
21 25 2
39 79 2
55 124 2
24 43 2
43 65 2
7 103 2
8 34 2
29 126 1
39 42 2
14 126 2
46 148 1
75 133 2
15 81 2
13 15 2
17 20 2
14 62 2
21 48 2
84 141 1
67 77 2
46 53 2
0 36 2
14 149 1
52 119 2
6 13 2
59 117 2
1 31 2
67 95 2
55 141 2
33 99 2
40 45 2
2 131 1
10 64 2
16 116 1
41 97 1
46 92 1
25 72 2
47 142 2
8 94 1
16 26 2
3 63 2
30 92 2
36 94 1
62 70 2
35 111 2
32 56 2
54 110 2
14 91 2
79 116 2
35 147 2
58 97 2
41 53 2
49 105 2
3 38 2
16 81 2
14 67 2
35 74 2
36 58 2
63 95 2
8 91 1
19 117 1
51 108 1
20 44 2
44 55 2
23 62 2
69 74 2
24 44 2
72 117 2
13 65 2
28 102 2
50 84 2
9 90 1
4 141 2
80 111 2
88 136 1
81 90 1
88 146 2
89 146 1
7 122 2
46 59 2
60 93 1
53 84 2
36 49 2
42 64 2
40 128 2
16 104 2
30 33 2
46 124 2
33 36 2
54 60 2
59 68 2
13 58 2
23 148 2
37 51 2
35 127 2
85 125 2
51 116 2
38 75 2
28 145 1
52 61 2
0 28 2
84 96 2
27 31 2
68 108 2
2 116 2
87 146 1
30 75 2
45 63 2
8 106 2
26 87 2
35 71 2
28 84 2
15 32 2
19 114 2
30 62 2
83 123 2
75 84 2
11 50 2
56 72 2
11 14 2
20 80 2
16 134 1
30 43 2
39 101 1
49 73 2
30 51 2
24 25 2
7 17 2
66 134 2
75 107 2
1 61 2
51 139 1
77 118 2
41 106 1
51 118 2
3 105 2
30 69 2
76 146 2
36 63 2
2 112 2
40 63 2
50 52 2
5 79 2
41 76 2
30 99 1
68 98 2
3 132 2
25 46 2
28 37 2
6 35 2
87 144 2
86 133 2
4 120 2
54 64 2
42 146 2
39 118 2
72 106 1
51 146 2
51 89 2
65 78 2
6 67 2
30 106 2
26 49 2
51 82 2
0 6 2
54 139 1
60 69 2
3 75 2
31 118 1
57 70 2
0 44 2
17 135 2
0 20 2
50 55 2
54 126 2
41 50 2
71 79 2
11 135 2
66 95 1
88 140 2
0 30 2
0 56 2
1 40 2
48 60 2
61 93 2
72 95 1
39 48 2
80 100 2
35 96 2
86 147 1
82 119 1
12 58 2
52 115 2
80 114 2
11 61 2
22 48 2
11 137 2
19 26 2
75 113 1
43 90 1
2 6 2
0 19 2
9 127 1
34 76 2
17 72 2
50 65 2
15 41 2
0 74 2
5 129 1
22 24 2
49 72 2
16 113 2
42 93 2
65 140 2
43 71 2
45 142 1
37 57 2
30 65 2
26 85 2
52 86 2
71 74 2
10 28 2
1 19 2
26 102 2
55 117 1
25 104 2
29 61 2
5 103 1
16 60 2
59 63 2
72 76 2
74 92 1
14 17 2
77 140 2
6 45 2
31 116 1
13 138 2
48 77 2
26 133 2
57 113 2
70 132 1
85 95 2
51 80 2
6 47 2
7 113 1
73 143 2
27 35 2
32 130 1
38 121 1
12 14 2
29 127 2
56 65 2
46 47 2
30 128 1
66 86 2
66 129 2
20 103 2
12 49 2
55 143 2
48 132 1
44 134 1
75 88 2
81 114 2
44 71 2
55 137 2
36 37 2
11 59 2
32 107 2
46 84 2
73 86 2
53 80 2
84 94 1
39 78 2
53 91 2
46 88 2
11 71 2
40 94 2
76 77 2
54 71 2
39 86 2
28 67 2
76 88 2
70 125 1
8 61 2
65 88 2
35 116 2
30 90 2
24 30 2
53 70 2
69 73 2
51 134 2
21 33 2
9 31 2
37 38 2
53 117 2
36 140 1
6 16 2
32 65 2
29 143 2
87 117 2
4 38 2
3 88 2
60 73 2
8 69 2
41 94 2
1 102 1
29 113 2
3 82 2
15 97 1
60 70 2
31 77 2
3 89 2
6 66 2
34 135 2
59 97 1
19 123 2
50 126 2
6 101 1
89 141 2
36 47 2
87 138 2
6 102 1
61 62 2
37 97 2
12 33 2
14 79 2
10 104 2
67 98 2
64 129 2
38 93 2
19 77 2
33 39 2
82 104 2
30 98 2
76 124 2
6 43 2
75 131 2
73 75 2
41 91 2
55 65 2
58 102 2
26 79 2
18 78 2
36 96 2
48 74 2
32 141 2
41 58 2
60 101 2
16 147 2
53 87 2
27 57 2
5 89 2
26 92 2
31 72 2
16 52 2
8 11 2
69 136 2
63 82 2
28 146 2
21 57 2
2 114 2
59 119 2
17 67 2
9 56 2
78 125 2
38 91 2
13 125 2
70 140 2
56 143 2
89 147 2
45 54 2
12 118 1
50 123 2
54 95 1
84 102 2
15 142 2
75 141 1
55 105 1
4 64 2
78 96 2
77 87 2
42 78 2
55 126 1
73 131 1
79 84 2
0 49 2
78 118 2
1 16 2
9 109 2
6 52 2
36 46 2
16 85 2
54 57 2
0 24 2
21 136 2
36 53 2
26 71 2
16 144 2
30 54 2
53 99 2
30 34 2
51 120 2
79 89 2
1 53 2
77 107 2
39 47 2
6 26 2
8 39 2
73 85 2
74 94 2
49 80 2
3 33 2
16 131 2
84 105 1
23 124 2
34 58 2
32 35 2
23 88 2
8 54 2
7 139 2
13 24 2
65 136 1
51 117 2
46 144 1
31 112 2
28 30 2
21 116 1
14 130 2
71 84 2
17 110 1
17 111 2
25 28 2
47 118 2
40 103 1
55 57 2
45 103 2
86 97 2
10 59 2
35 141 1
46 81 2
10 75 2
44 60 2
43 84 2
74 91 2
6 121 2
0 54 2
28 31 2
29 91 2
1 116 2
77 108 2
76 145 2
80 113 1
28 38 2
5 26 2
31 67 2
78 107 1
76 134 1
32 88 2
35 138 2
72 128 2
39 50 2
70 137 2
58 119 1
82 84 2
13 123 2
41 61 2
55 96 1
21 96 2
35 66 2
11 125 1
1 58 2
9 68 2
84 111 2
86 93 2
76 102 2
43 76 2
3 24 2
41 55 2
22 89 2
71 137 1
32 109 2
3 103 2
58 60 2
29 59 2
12 63 2
54 111 1
78 100 2
2 54 2
5 43 2
49 120 2
27 78 2
25 115 1
28 36 2
59 127 2
42 86 2
17 41 2
26 84 2
10 26 2
2 135 1
62 133 2
45 92 1
39 56 2
72 111 2
2 44 2
86 102 1
71 96 1
46 143 1
8 99 1
18 24 2
30 41 2
45 124 2
17 73 2
40 117 2
53 114 2
40 88 2
63 72 2
8 12 2
49 61 2
26 47 2
8 90 2
0 63 2
36 148 1
1 27 2
35 82 2
53 110 1
50 59 2
11 109 2
2 128 2
67 103 1
14 73 2
52 135 2
65 121 2
58 125 1
22 117 2
78 124 1
65 142 2
75 96 2
40 67 2
14 36 2
45 73 2
43 68 2
71 130 1
2 36 2
13 54 2
26 106 2
83 102 2
27 104 2
9 30 2
28 94 2
11 93 2
80 132 2
28 53 2
89 129 1
12 67 2
66 94 1
82 85 2
37 68 2
38 69 2
33 85 2
62 144 2
10 77 2
53 109 2
22 55 2
54 84 2
7 56 2
42 84 2
13 85 2
47 121 2
3 113 1
26 81 2
27 120 2
72 88 2
20 22 2
12 53 2
78 126 2
20 43 2
76 98 2
77 89 2
66 139 1
15 44 2
45 56 2
5 50 2
70 81 2
81 96 2
62 83 2
61 68 2
87 108 2
84 107 2
24 33 2
21 64 2
38 112 2
82 130 1
9 111 2
11 13 2
5 62 2
24 98 2
19 133 2
44 142 2
47 62 2
32 139 2
43 144 2
64 139 2
24 67 2
28 124 2
0 87 2
74 114 2
27 77 2
7 90 2
50 82 2
72 108 2
23 81 2
27 142 2
28 129 1
30 84 2
13 66 2
1 38 2
1 14 2
79 112 2
7 145 1
76 118 2
17 29 2
9 28 2
77 111 2
87 115 2
28 51 2
0 115 1
78 121 1
71 122 2
2 68 2
52 101 2
79 92 2
28 95 1
35 133 2
32 140 2
60 81 2
59 72 2
42 121 2
7 74 2
8 115 2
48 84 2
13 50 2
16 69 2
8 45 2
24 137 1
82 117 2
15 59 2
44 95 2
23 71 2
3 144 2
38 47 2
11 30 2
29 108 2
80 131 2
15 61 2
46 136 1
9 25 2
42 137 2
11 16 2
34 35 2
18 112 1
21 49 2
0 8 2
79 138 1
46 49 2
54 132 2
83 135 1
32 92 1
63 67 2
8 143 2
22 46 2
22 107 2
47 146 2
67 138 2
67 131 1
25 127 1
72 113 2
7 37 2
15 62 2
1 146 2
46 103 2
3 12 2
22 85 2
66 142 2
18 141 1
24 130 2
80 83 2
65 94 2
7 71 2
12 115 1
14 74 2
23 113 2
16 29 2
6 95 1
48 118 2
17 58 2
77 121 2
89 102 2
6 147 2
38 86 2
42 128 1
53 66 2
10 36 2
34 85 2
86 139 2
7 76 2
45 68 2
30 102 2
56 68 2
37 62 2
1 63 2
6 89 2
15 92 2
25 53 2
50 113 2
33 126 2
23 72 2
24 65 2
55 78 2
47 96 2
40 70 2
26 54 2
24 57 2
64 144 2
49 114 1
12 101 2
10 91 2
56 125 2
54 127 2
36 104 1
12 26 2
13 111 2
28 69 2
14 59 2
2 65 2
12 59 2
15 65 2
5 59 2
21 107 2
8 52 2
0 85 2
20 64 2
57 69 2
30 36 2
15 103 1
23 24 2
4 78 2
87 126 2
4 108 2
84 115 2
33 149 1
27 59 2
58 71 2
58 82 2
4 65 2
89 108 2
73 98 2
1 101 2
43 83 2
1 144 1
82 109 2
29 149 1
14 127 2
65 74 2
54 76 2
71 90 2
10 114 2
38 84 2
25 138 2
67 112 2
86 149 2
3 81 2
5 135 1
23 86 2
2 23 2
29 95 2
48 141 1
68 87 2
0 107 2
58 61 2
35 80 2
1 98 2
28 108 2
86 143 2
60 66 2
14 128 2
73 92 1
15 102 2
51 57 2
35 68 2
3 49 2
39 110 1
21 79 2
48 136 2
65 135 1
79 148 2
42 51 2
41 84 2
86 89 2
15 28 2
39 116 2
34 64 2
47 69 2
68 81 2
45 70 2
7 25 2
29 54 2
16 53 2
12 30 2
22 56 2
57 131 1
28 147 1
35 137 2
25 84 2
73 107 1
19 21 2
20 121 2
28 91 2
45 93 1
31 115 2
2 47 2
25 112 2
57 67 2
10 62 2
3 34 2
30 89 2
48 87 2
39 123 2
46 66 2
51 68 2
64 90 1
18 46 2
70 106 1
45 76 2
26 129 2
49 68 2
46 93 2
89 100 2
31 69 2
70 87 2
88 93 2
35 63 2
13 127 2
83 131 1
82 95 2
41 60 2
12 16 2
41 107 1
5 64 2
41 66 2
70 71 2
61 91 2
28 77 2
61 66 2
8 72 2
75 142 2
40 83 2
0 34 2
14 135 2
59 139 1
34 51 2
31 144 2
38 51 2
29 46 2
0 70 2
80 99 1
51 96 2
75 132 1
70 100 1
36 144 2
23 149 2
17 55 2
16 68 2
5 94 1
13 130 2
8 75 2
58 67 2
89 125 2
4 107 1
42 120 2
84 98 2
42 110 2
49 85 2
78 79 2
48 76 2
15 78 2
70 108 2
5 140 2
0 61 2
23 34 2
20 138 2
2 14 2
48 88 2
38 87 2
52 106 1
0 83 2
43 54 2
32 84 2
14 119 2
51 147 1
20 85 2
6 78 2
66 81 2
38 65 2
69 82 2
72 101 1
26 134 2
81 86 2
75 103 1
15 116 2
5 24 2
28 79 2
63 76 2
45 94 2
83 89 2
40 64 2
11 21 2
3 67 2
2 76 2
19 103 2
23 131 1
78 89 2
29 33 2
69 88 2
14 95 2
23 129 2
3 10 2
16 61 2
74 112 1
78 83 2
54 129 2
58 73 2
76 81 2
61 143 1
4 53 2
79 100 1
33 74 2
73 118 2
85 96 1
45 79 2
4 103 1
43 101 1
60 71 2
47 135 1
7 57 2
82 116 1
70 118 1
62 106 1
29 67 2
21 101 2
17 64 2
46 85 2
40 149 2
24 94 2
56 79 2
11 76 2
58 113 1
57 121 1
45 57 2
59 60 2
7 88 2
5 11 2
62 130 2
31 48 2
3 85 2
33 66 2
15 101 2
42 52 2
45 49 2
6 138 1
15 30 2
58 87 2
27 49 2
19 119 2
58 132 1
8 122 2
50 130 1
39 49 2
40 115 2
24 103 2
13 147 2
71 89 2
45 125 2
12 44 2
30 67 2
0 123 2
20 66 2
23 85 2
80 127 1
50 117 1
48 51 2
8 108 2
39 52 2
27 139 1
58 129 1
44 81 2
37 107 2
15 60 2
35 92 2
21 58 2
67 147 1
25 144 1
11 92 2
28 126 2
39 117 1
28 75 2
35 69 2
55 90 2
11 40 2
6 62 2
26 37 2
1 114 2
9 11 2
34 128 2
32 70 2
15 37 2
6 143 1
46 105 2
47 49 2
34 50 2
50 57 2
31 130 2
47 119 1
56 89 2
62 142 1
37 40 2
21 99 1
21 43 2
27 96 1
9 67 2
54 55 2
82 148 1
13 25 2
23 128 1
5 109 2
25 43 2
30 64 2
61 72 2
17 98 1
26 56 2
37 87 2
86 96 2
9 54 2
73 95 2
19 25 2
16 27 2
26 115 1
75 118 2
85 133 1
28 76 2
15 148 2
5 19 2
40 148 2
34 145 2
47 51 2
40 75 2
10 66 2
22 65 2
15 33 2
31 122 1
37 132 2
11 42 2
47 103 2
5 67 2
1 77 2
32 148 1
47 86 2
83 147 1
69 124 1
28 70 2
66 114 1
43 120 2
21 40 2
62 68 2
21 109 1
62 147 2
18 102 2
7 49 2
21 72 2
44 54 2
39 128 1
52 139 2
44 94 2
13 16 2
88 148 2
53 119 1
85 109 2
16 88 2
57 88 2
0 65 2
89 98 1
14 90 1
79 121 2
66 115 2
16 98 2
29 103 2
38 142 2
37 101 1
6 96 2
27 47 2
22 42 2
41 134 1
73 114 2
39 45 2
50 127 1
39 127 1
30 101 1
69 83 2
77 114 2
38 136 2
78 119 1
4 99 2
15 42 2
74 78 2
29 38 2
24 31 2
27 46 2
35 47 2
35 51 2
65 67 2
6 27 2
17 99 1
59 83 2
77 119 1
46 83 2
29 64 2
34 123 1
18 106 2
10 90 2
50 91 1
40 127 2
7 98 1
55 100 2
41 87 2
74 88 2
32 71 2
53 63 2
73 82 2
23 144 2
48 50 2
73 141 2
62 141 2
26 60 2
20 94 2
83 92 2
33 72 2
81 99 2
62 135 1
19 121 1
77 144 1
43 134 2
33 114 2
2 34 2
48 110 2
10 94 1
10 83 2
74 125 2
67 88 2
81 105 2
2 107 2
70 123 2
65 70 2
79 129 2
17 140 1
4 95 2
12 122 2
6 31 2
55 68 2
45 71 2
71 136 1
2 111 2
54 83 2
22 144 2
59 69 2
3 22 2
24 39 2
3 138 1
32 62 2
7 51 2
79 88 2
73 130 2
0 17 2
63 117 2
20 47 2
18 51 2
17 36 2
50 129 2
89 121 2
31 135 1
40 81 2
26 83 2
9 57 2
5 65 2
35 50 2
47 59 2
69 111 2
62 99 2
51 78 2
10 115 2
28 89 2
49 64 2
69 77 2
39 99 2
19 44 2
24 53 2
60 120 2
61 70 2
53 130 2
48 105 2
48 68 2
60 95 1
4 96 2
5 18 2
24 75 2
60 109 2
52 123 1
8 26 2
12 83 2
59 104 2
27 125 2
9 55 2
6 118 1
56 99 2
26 59 2
66 68 2
4 148 2
85 111 2
36 41 2
9 98 1
19 71 2
26 124 2
71 93 1
47 127 2
4 140 1
1 47 2
62 84 2
7 42 2
74 136 1
15 67 2
41 77 2
47 88 2
13 56 2
14 82 2
80 148 2
70 135 2
49 110 1
38 46 2
29 53 2
37 66 2
57 65 2
42 112 2
60 65 2
29 135 1
32 110 1
26 72 2
68 77 2
69 143 2
8 87 2
86 88 2
43 107 2
47 70 2
56 69 2
80 145 1
18 74 2
29 144 2
78 82 2
7 10 2
68 86 2
23 106 2
58 84 2
34 116 1
24 147 2
34 107 2
54 149 2
17 54 2
65 89 2
28 104 2
77 112 2
4 101 2
24 38 2
56 122 2
12 130 2
52 130 1
11 116 2
4 18 2
0 13 2
68 137 1
54 69 2
25 74 2
76 96 2
16 23 2
42 99 1
3 61 2
26 140 2
8 36 2
72 114 2
15 107 2
15 53 2
46 129 1
41 96 2
44 137 2
3 135 1
83 99 1
81 88 2
8 111 1
35 40 2
5 133 2
51 53 2
22 78 2
27 84 2
17 61 2
64 142 2
72 112 2
8 44 2
46 149 2
32 52 2
36 51 2
51 149 2
85 136 1
23 78 2
48 79 2
51 90 1
78 98 2
4 50 2
1 72 2
71 127 2
56 104 2
45 145 2
14 81 2
38 138 1
54 81 2
32 48 2
53 76 2
45 48 2
13 132 1
61 144 1
11 104 1
26 89 2
23 134 1
13 126 2
15 48 2
25 58 2
5 57 2
34 77 2
15 49 2
7 46 2
79 110 1
68 73 2
8 121 1
6 81 2
50 143 2
50 135 2
36 100 1
7 100 2
45 81 2
5 132 2
13 114 1
7 87 2
84 131 2
6 75 2
20 117 2
10 125 1
20 87 2
39 69 2
19 127 1
12 69 2
14 109 1
5 25 2
27 30 2
19 49 2
17 82 2
5 102 2
66 84 2
12 13 2
18 73 2
41 105 1
17 63 2
1 136 2
32 111 1
68 99 2
32 125 1
18 39 2
17 66 2
37 69 2
41 89 2
77 82 2
4 24 2
23 35 2
4 56 2
47 57 2
88 90 2
2 40 2
10 127 1
2 62 2
3 26 2
74 75 2
6 63 2
58 126 2
66 108 2
83 88 2
3 126 2
63 104 1
68 127 2
47 124 2
9 119 2
49 122 2
69 89 2
78 130 1
76 138 2
0 141 1
79 122 2
55 142 2
30 149 2
83 117 2
46 98 2
83 119 2
36 82 2
46 58 2
72 89 2
25 52 2
13 36 2
9 142 2
13 107 2
17 124 2
5 112 2
34 70 2
81 108 1
69 115 1
14 58 2
68 119 2
66 109 2
10 102 2
11 106 1
15 118 1
30 80 2
52 90 1
31 42 2
61 97 2
5 54 2
58 78 2
51 72 2
40 144 2
0 22 2
8 110 2
6 30 2
25 40 2
81 147 2
33 120 2
4 33 2
34 68 2
11 120 2
47 65 2
63 132 1
13 64 2
77 136 1
68 139 2
20 145 1
84 108 2
14 139 2
22 140 2
5 51 2
9 103 2
50 54 2
72 93 2
0 60 2
51 64 2
10 23 2
73 147 2
37 137 2
26 45 2
6 33 2
1 70 2
27 75 2
23 42 2
18 31 2
85 117 2
20 92 1
52 62 2
78 81 2
72 82 2
14 105 2
7 108 2
11 80 2
42 65 2
22 37 2
17 34 2
51 94 1
51 54 2
62 149 2
37 95 2
32 63 2
27 45 2
56 147 1
46 142 1
57 114 2
68 75 2
81 102 2
45 83 2
41 143 2
21 146 1
13 121 2
9 81 2
29 111 1
8 29 2
18 116 2
68 91 2
6 116 2
37 96 1
12 99 2
4 16 2
9 94 2
68 110 1
67 79 2
62 113 2
30 73 2
45 50 2
81 93 2
57 116 2
60 63 2
6 70 2
19 62 2
34 41 2
54 134 2
7 64 2
33 69 2
24 113 2
6 41 2
37 93 2
69 132 2
49 60 2
57 148 1
81 84 2
53 90 2
54 106 2
4 91 1
19 143 2
2 18 2
23 79 2
21 147 2
9 79 2
49 131 1
76 129 1
20 71 2
11 123 2
83 86 2
26 41 2
74 84 2
21 66 2
77 90 2
58 122 2
32 98 2
4 11 2
16 43 2
33 83 2
52 109 2
14 31 2
15 89 2
14 112 1
22 97 1
33 90 1
55 74 2
10 117 2
24 145 2
0 4 2
8 70 2
36 128 2
53 56 2
37 43 2
45 53 2
20 134 2
6 25 2
57 81 2
82 134 2
29 69 2
5 93 1
7 28 2
57 82 2
24 41 2
10 61 2
29 92 2
47 101 2
23 132 2
80 107 2
59 120 2
13 20 2
9 18 2
71 120 2
36 64 2
13 139 2
38 66 2
15 99 2
32 36 2
47 134 2
51 121 2
36 120 1
22 123 2
78 115 1
76 148 2
44 132 2
45 102 1
19 66 2
27 68 2
6 10 2
57 140 1
38 43 2
57 64 2
44 135 2
30 105 2
8 116 2
70 119 2
53 146 2
4 20 2
16 115 2
60 61 2
52 57 2
79 128 1
28 50 2
42 139 2
8 109 2
50 96 1
8 145 2
37 39 2
89 111 1
31 105 2
24 136 1
23 139 2
38 114 2
1 113 2
4 122 1
10 107 1
15 79 2
14 132 1
30 79 2
66 76 2
67 105 2
47 80 2
11 22 2
64 89 2
51 122 2
12 34 2
8 35 2
37 56 2
44 46 2
3 102 1
37 64 2
14 15 2
32 124 2
22 62 2
35 81 2
83 126 2
64 100 1
80 109 1
35 77 2
5 130 2
46 76 2
3 148 2
11 89 2
20 42 2
27 95 2
16 89 2
22 121 1
25 77 2
20 111 1
76 131 2
26 70 2
35 58 2
52 87 2
25 119 2
45 62 2
7 80 2
4 126 2
49 106 2
5 41 2
25 132 1
10 88 2
23 57 2
59 91 2
32 135 2
14 56 2
47 144 2
7 43 2
64 67 2
39 97 2
65 101 2
31 147 2
23 102 2
24 86 2
10 111 2
5 32 2
17 62 2
36 52 2
37 91 1
17 106 2
75 102 1
36 122 2
89 122 2
5 21 2
9 105 2
39 103 1
34 143 1
12 141 2
2 48 2
65 99 1
3 112 2
10 134 2
49 62 2
77 125 2
83 96 2
88 127 2
30 142 2
44 79 2
3 27 2
30 52 2
63 121 1
69 97 1
28 55 2
4 52 2
43 52 2
20 50 2
11 70 2
36 79 2
28 47 2
88 109 2
12 60 2
22 33 2
38 117 1
0 48 2
6 108 2
21 42 2
58 138 2
63 146 2
79 124 1
43 58 2
10 73 2
4 19 2
17 74 2
21 126 1
22 126 1
36 60 2
65 143 2
49 127 1
4 132 2
6 134 2
19 65 2
61 121 1
33 56 2
5 39 2
52 89 2
56 85 2
46 68 2
32 46 2
61 100 2
23 105 2
19 126 2
60 90 2
61 145 1
36 89 2
74 138 2
68 78 2
43 60 2
4 89 2
19 131 2
22 29 2
71 83 2
5 53 2
86 115 1
76 87 2
30 31 2
21 134 1
33 62 2
36 118 2
23 123 2
10 93 1
28 52 2
38 85 2
79 140 2
21 83 2
42 67 2
33 81 2
15 112 1
19 78 2
37 92 2
83 97 2
63 138 2
4 123 2
57 127 1
63 102 2
35 59 2
28 122 2
51 85 2
9 40 2
25 81 2
73 104 1
55 116 2
26 120 2
40 95 2
10 60 2
49 97 2
4 73 2
39 71 2
6 50 2
74 144 2
48 111 2
62 95 1
89 149 2
37 144 2
30 47 2
77 101 2
3 41 2
89 143 2
3 53 2
11 102 2
4 37 2
37 89 2
33 71 2
18 97 2
73 106 1
31 73 2
7 79 2
58 72 2
88 102 2
25 141 1
4 63 2
60 77 2
28 97 1
35 144 2
31 44 2
2 37 2
16 110 1
18 35 2
67 148 1
6 46 2
5 31 2
9 19 2
88 130 2
61 75 2
58 107 2
46 107 1
12 77 2
34 130 1
21 145 1
42 118 1
31 133 2
8 33 2
30 39 2
60 88 2
60 84 2
76 100 1
9 135 2
67 117 2
18 104 1
88 115 2
57 61 2
23 65 2
5 46 2
23 49 2
27 51 2
5 48 2
27 114 1
4 7 2
67 73 2
69 94 2
78 140 2
18 71 2
18 119 2
57 147 2
47 136 1
87 139 2
20 60 2
38 78 2
41 45 2
46 74 2
3 6 2
39 74 2
3 79 2
67 102 2
38 79 2
46 55 2
56 67 2
17 149 2
24 70 2
4 115 2
31 123 1
55 129 2
25 48 2
46 126 1
60 86 2
73 121 1
27 55 2
10 54 2
12 38 2
86 113 2
72 110 2
26 93 1
5 136 1
36 80 2
54 56 2
32 79 2
38 143 2
71 115 1
67 106 2
6 22 2
37 65 2
40 41 2
33 127 1
60 111 2
22 54 2
1 132 1
46 50 2
54 85 2
32 77 2
17 115 2
7 26 2
17 108 2
0 26 2
89 137 2
65 82 2
43 87 2
83 146 1
84 103 2
42 123 2
0 59 2
42 145 1
24 37 2
4 76 2
18 29 2
16 45 2
45 88 2
84 87 2
47 91 2
69 72 2
65 83 2
66 98 2
22 111 1
2 42 2
13 70 2
33 64 2
41 62 2
8 27 2
8 123 1
59 62 2
67 71 2
4 112 1
42 111 2
68 96 1
15 105 2
32 89 2
71 118 1
87 111 1
56 107 1
43 92 2
24 92 2
82 120 2
13 21 2
6 21 2
42 68 2
42 116 2
2 39 2
12 145 2
7 24 2
61 80 2
43 146 2
21 81 2
0 79 2
57 149 2
57 79 2
44 58 2
32 146 2
29 80 2
48 109 2
59 103 1
39 100 2
43 86 2
9 17 2
20 41 2
33 44 2
81 138 2
31 142 2
17 31 2
29 123 1
19 47 2
34 83 2
73 138 2
25 51 2
71 138 1
44 110 1
58 140 2
8 23 2
23 63 2
18 88 2
32 58 2
9 126 1
76 120 2
80 86 2
64 101 2
0 2 2
47 72 2
35 53 2
2 93 1
53 94 1
14 100 2
62 81 2
5 27 2
18 67 2
40 61 2
83 124 1
15 55 2
52 75 2
45 132 2
9 133 2
26 36 2
2 21 2
75 85 2
3 20 2
0 95 1
38 42 2
12 104 2
8 38 2
8 105 1
33 49 2
44 76 2
77 95 2
11 48 2
51 119 2
20 86 2
51 101 2
37 58 2
17 48 2
33 107 1
39 67 2
18 149 2
29 83 2
4 83 2
11 139 1
9 110 1
50 81 2
44 52 2
25 73 2
5 60 2
65 128 2
16 58 2
16 50 2
4 12 2
44 89 2
17 42 2
18 100 2
62 136 1
33 95 2
61 103 1
66 140 2
25 98 2
2 77 2
84 132 2
47 126 1
37 52 2
19 132 2
9 80 2
4 69 2
6 90 2
9 139 1
66 72 2
23 83 2
70 122 2
88 134 2
66 141 1
67 80 2
54 121 2
87 106 1
63 113 1
45 116 2
1 48 2
25 85 2
24 108 2
18 148 2
35 135 2
20 73 2
32 51 2
61 133 2
35 142 1
25 148 2
3 64 2
8 98 2
53 128 1
70 86 2
16 36 2
40 82 2
32 47 2
49 90 2
34 104 2
89 117 2
74 137 2
1 147 1
29 35 2
23 50 2
5 35 2
84 127 2
4 114 2
5 75 2
15 104 1
18 23 2
33 131 2
5 6 2
16 33 2
8 37 2
67 85 2
38 141 1
10 98 1
51 93 1
4 118 2
78 117 2
69 114 1
24 85 2
49 139 1
34 49 2
0 93 1
80 92 2
60 82 2
13 47 2
34 87 2
45 140 2
28 130 2
39 57 2
15 74 2
54 133 2
69 113 2
25 59 2
11 49 2
4 106 2
67 78 2
22 110 2
87 119 2
30 120 2
21 106 1
17 78 2
80 126 1
68 114 1
7 60 2
80 102 1
4 146 1
21 67 2
53 81 2
12 18 2
83 94 1
16 25 2
18 26 2
58 128 2
65 147 2
11 46 2
86 127 1
72 146 2
6 58 2
48 102 1
11 127 2
66 88 2
78 131 2
50 125 2
4 144 2
67 141 2
22 80 2
61 111 2
29 43 2
78 92 2
11 18 2
21 112 1
54 70 2
2 52 2
62 87 2
75 82 2
27 29 2
33 109 1
29 30 2
10 42 2
61 81 2
34 149 1
20 76 2
52 72 2
9 136 2
22 95 2
81 112 1
62 137 2
50 106 2
67 74 2
85 149 2
62 72 2
44 48 2
52 79 2
26 51 2
3 124 2
41 70 2
60 103 1
5 88 2
60 115 2
19 37 2
61 119 1
42 126 1
35 45 2
49 88 2
19 142 1
38 76 2
79 95 2
62 67 2
16 24 2
41 120 1
1 112 1
23 117 2
8 50 2
28 45 2
0 113 1
53 106 2
40 112 2
20 56 2
8 49 2
83 84 2
34 117 2
24 71 2
55 62 2
18 50 2
54 58 2
3 39 2
16 72 2
5 22 2
56 87 2
3 93 1
13 77 2
3 77 2
33 135 1
38 50 2
71 80 2
18 38 2
17 65 2
50 149 2
15 69 2
41 108 1
21 97 2
58 83 2
49 137 2
4 71 2
5 9 2
12 15 2
2 19 2
1 92 2
31 143 2
11 97 1
48 99 2
31 95 2
27 72 2
51 52 2
18 54 2
1 105 1
5 74 2
65 96 1
9 35 2
41 68 2
22 32 2
0 9 2
6 24 2
74 107 1
55 80 2
10 105 1
19 68 2
24 48 2
38 68 2
10 108 2
20 118 2
13 45 2
42 83 2
44 144 2
43 59 2
41 71 2
48 64 2
12 52 2
51 114 2
42 53 2
26 101 2
43 85 2
62 111 1
15 64 2
32 69 2
80 128 2
44 133 2
17 121 2
10 19 2
10 46 2
51 102 1
11 38 2
10 67 2
36 107 2
27 91 1
11 20 2
21 65 2
10 58 2
28 61 2
62 145 2
57 108 1
7 45 2
33 89 2
15 27 2
67 81 2
24 102 1
11 117 2
51 88 2
34 92 2
35 109 1
84 117 2
26 141 1
11 77 2
15 106 2
14 138 2
50 68 2
17 26 2
71 82 2
30 59 2
16 41 2
27 63 2
30 82 2
24 138 2
18 60 2
1 110 1
52 70 2
21 59 2
40 141 1
5 78 2
4 74 2
44 78 2
37 139 2
4 59 2
76 94 1
0 119 2
0 53 2
61 65 2
36 99 2
77 135 2
43 50 2
7 109 2
38 57 2
9 66 2
57 85 2
44 113 1
39 85 2
3 50 2
30 139 1
16 114 2
17 92 1
43 104 2
82 146 1
32 34 2
4 9 2
8 57 2
84 120 2
55 120 1
39 111 2
26 97 1
41 73 2
41 104 1
46 135 1
56 132 2
74 100 1
33 117 2
88 141 1
80 133 1
67 145 2
64 65 2
55 61 2
19 139 2
25 149 2
54 105 2
18 49 2
55 89 2
54 119 2
55 98 2
52 56 2
22 27 2
26 105 2
8 64 2
64 115 1
6 54 2
34 46 2
71 144 2
60 72 2
70 97 1
30 70 2
4 10 2
7 32 2
26 68 2
3 143 1
64 76 2
70 89 2
9 130 2
39 93 2
53 59 2
32 42 2
34 63 2
42 56 2
61 86 2
48 75 2
16 137 1
44 77 2
32 132 2
29 44 2
78 137 2
26 145 2
58 75 2
0 78 2
1 75 2
3 7 2
79 131 1
22 109 2
21 127 1
34 52 2
7 75 2
5 142 1
74 147 2
64 77 2
40 96 2
29 133 2
37 111 2
37 146 2
40 140 2
36 59 2
54 59 2
4 86 2
60 134 2
57 102 2
58 112 1
40 119 2
16 76 2
46 52 2
5 29 2
20 49 2
52 73 2
38 55 2
42 80 2
2 66 2
36 85 2
10 51 2
23 48 2
41 79 2
35 100 1
85 131 2
3 76 2
22 93 2
53 95 1
31 99 2
3 35 2
6 126 2
25 55 2
81 91 2
34 72 2
42 117 2
47 123 2
82 89 2
63 109 2
4 41 2
3 101 2
88 119 2
73 122 2
89 116 2
54 92 1
33 35 2
85 91 2
3 78 2
42 136 1
22 82 2
10 138 1
22 105 1
32 143 2
41 63 2
78 87 2
7 81 2
28 83 2
28 120 2
7 61 2
81 131 2
57 76 2
74 98 1
28 32 2
34 137 2
13 119 2
16 42 2
85 128 2
12 41 2
33 57 2
60 83 2
68 117 2
1 11 2
21 94 1
74 79 2
82 97 2
21 46 2
86 138 2
5 44 2
60 62 2
63 71 2
66 93 1
53 79 2
29 71 2
46 51 2
0 98 2
84 140 1
49 133 2
81 120 2
72 122 2
71 140 2
26 44 2
16 59 2
4 47 2
23 145 2
21 53 2
41 99 2
22 47 2
2 11 2
11 114 1
7 53 2
83 113 1
80 137 2
52 88 2
37 80 2
49 144 2
65 100 1
4 49 2
27 74 2
19 43 2
20 45 2
3 29 2
19 90 2
7 78 2
17 43 2
33 51 2
9 21 2
10 63 2
13 27 2
61 63 2
42 115 2
10 86 2
1 35 2
16 47 2
39 125 2
66 87 2
45 80 2
31 49 2
5 72 2
80 97 2
34 86 2
21 129 1
53 135 2
21 80 2
43 73 2
23 146 2
25 105 2
5 28 2
23 120 2
3 97 2
0 43 2
12 29 2
27 42 2
33 86 2
18 55 2
31 132 2
53 141 2
19 89 2
74 124 2
44 87 2
15 85 2
7 29 2
2 31 2
43 56 2
72 98 1
49 82 2
3 68 2
77 130 2
2 103 2
13 115 1
45 100 2
76 90 2
16 86 2
65 133 2
30 127 1
2 94 2
31 33 2
42 129 2
2 126 2
7 48 2
49 101 2
16 101 2
16 19 2
20 88 2
18 103 1
5 147 2
45 52 2
28 62 2
67 96 2
15 45 2
80 118 1
57 71 2
12 111 2
2 59 2
40 59 2
22 88 2
9 33 2
79 144 1
0 66 2
1 128 1
32 99 1
7 47 2
63 123 2
19 147 1
10 74 2
57 118 2
38 105 1
9 39 2
49 108 2
25 39 2
10 29 2
18 135 2
19 100 1
56 91 1
4 142 2
69 129 1
18 61 2
32 123 2
65 131 2
52 145 2
2 10 2
37 136 2
52 113 2
22 72 2
59 123 1
1 59 2
6 117 2
64 74 2
81 82 2
29 49 2
36 98 2
55 81 2
70 73 2
48 70 2
27 36 2
2 29 2
26 143 2
65 113 2
59 140 2
21 148 2
53 121 1
38 108 2
38 81 2
21 143 1
20 72 2
24 56 2
28 58 2
39 149 2
27 121 2
36 66 2
89 92 2
42 143 1
0 132 1
75 139 1
16 21 2
28 63 2
28 39 2
33 98 2
18 77 2
18 43 2
8 95 2
22 49 2
23 82 2
52 149 2
26 46 2
55 71 2
74 145 2
12 84 2
51 136 2
13 78 2
35 119 2
35 126 2
13 39 2
21 50 2
35 62 2
17 53 2
79 105 2
21 135 2
26 64 2
23 93 2
37 114 2
20 70 2
61 76 2
16 17 2
67 69 2
43 78 2
12 57 2
7 16 2
6 142 2
37 75 2
17 131 1
26 28 2
36 67 2
38 130 1
31 136 2
66 85 2
3 43 2
38 41 2
2 92 2
32 112 2
30 126 2
17 114 2
11 67 2
25 99 2
40 126 2
80 139 2
10 49 2
5 52 2
21 34 2
44 118 2
35 54 2
61 85 2
20 81 2
86 132 1
55 104 2
69 70 2
85 137 2
48 97 2
7 23 2
9 104 1
58 99 2
34 82 2
72 107 2
75 98 1
8 139 1
49 92 2
32 53 2
46 110 2
33 133 1
8 79 2
29 37 2
18 84 2
59 145 2
54 147 2
12 40 2
55 125 1
56 124 1
12 70 2
56 80 2
22 122 2
33 145 2
38 118 2
34 108 2
45 110 1
19 125 2
24 143 1
19 141 1
7 68 2
65 116 2
76 111 2
82 91 2
1 115 2
0 7 2
62 69 2
3 48 2
79 97 2
22 75 2
68 89 2
88 107 2
14 68 2
45 139 2
53 122 2
5 33 2
45 69 2
73 87 2
20 147 1
59 81 2
0 86 2
31 38 2
48 81 2
85 105 1
47 50 2
47 89 2
67 107 2
84 92 2
55 83 2
78 99 2
80 134 2
39 83 2
25 76 2
59 102 2
43 74 2
84 137 2
55 102 1
31 46 2
29 56 2
85 147 2
4 5 2
44 120 1
53 92 2
48 73 2
79 103 2
61 73 2
4 136 2
0 21 2
40 85 2
52 102 1
79 109 2
28 107 2
37 41 2
41 56 2
11 47 2
48 66 2
40 56 2
24 64 2
24 42 2
49 148 1
11 19 2
5 91 2
1 51 2
6 137 2
46 57 2
29 50 2
28 88 2
4 42 2
44 98 2
15 36 2
6 114 1
42 95 2
8 56 2
58 74 2
68 126 2
41 72 2
21 37 2
10 116 1
50 72 2
27 100 2
46 111 2
69 91 2
38 139 2
67 92 1
47 66 2
54 79 2
12 92 2
17 137 1
15 130 2
66 133 2
1 57 2
10 100 1
64 75 2
13 120 2
1 52 2
47 87 2
21 63 2
30 114 1
44 59 2
65 145 1
19 59 2
1 83 2
10 16 2
22 23 2
9 140 2
1 36 2
17 57 2
16 124 2
60 98 1
3 142 2
53 74 2
66 91 2
86 104 2
24 61 2
37 141 1
30 140 1
14 85 2
15 24 2
42 113 1
61 132 2
8 147 2
28 54 2
65 103 1
76 133 2
16 54 2
27 87 2
8 9 2
37 90 2
0 35 2
51 110 1
1 10 2
7 84 2
29 96 1
22 145 2
40 73 2
87 133 1
20 40 2
11 35 2
52 68 2
39 60 2
81 146 2
9 71 2
8 24 2
11 57 2
54 78 2
51 148 2
59 67 2
38 59 2
22 96 2
58 104 1
34 142 1
60 104 1
9 106 2
1 94 2
2 17 2
4 134 2
18 94 2
2 45 2
35 143 2
40 60 2
37 50 2
51 112 1
30 85 2
14 118 2
75 76 2
10 35 2
77 113 2
65 117 2
45 59 2
10 44 2
44 86 2
55 59 2
52 148 2
2 87 2
10 13 2
17 103 1
28 56 2
15 87 2
34 90 2
51 97 2
74 86 2
31 141 2
23 51 2
69 125 1
30 77 2
44 116 2
14 141 2
5 63 2
42 44 2
38 71 2
5 118 2
12 138 2
6 37 2
40 79 2
29 65 2
68 146 1
84 104 2
26 55 2
13 110 2
7 59 2
15 51 2
43 61 2
26 32 2
2 12 2
36 133 2
22 61 2
2 91 1
8 16 2
45 118 1
44 47 2
37 125 1
55 132 2
60 121 2
37 53 2
26 65 2
25 35 2
0 122 2
17 22 2
9 34 2
77 99 1
40 55 2
28 81 2
66 75 2
55 133 1
55 107 2
8 15 2
9 22 2
87 93 2
33 34 2
23 60 2
49 118 1
9 114 2
89 103 2
4 28 2
18 42 2
24 81 2
27 34 2
53 100 2
53 113 2
23 45 2
77 128 1
46 112 2
63 100 2
18 70 2
36 87 2
57 110 2
72 102 2
64 148 1
50 102 2
84 100 2
21 71 2
55 88 2
29 100 2
46 140 2
50 128 2
76 78 2
29 146 1
62 146 2
22 73 2
21 132 2
64 80 2
33 141 1
76 101 1
61 77 2
64 134 2
9 10 2
60 87 2
18 140 1
70 99 1
33 113 2
14 114 1
3 16 2
88 112 1
43 64 2
75 106 1
43 109 2
1 137 2
60 78 2
37 77 2
2 122 2
6 56 2
16 28 2
6 64 2
75 89 2
6 57 2
71 87 2
2 30 2
21 133 2
14 61 2
13 59 2
2 144 2
53 126 2
71 94 2
65 149 2
27 86 2
31 66 2
13 29 2
32 113 1
45 111 1
48 119 2
4 128 2
73 133 1
18 69 2
7 120 2
0 5 2
21 45 2
17 143 2
9 125 2
57 130 2
64 92 2
32 103 2
70 78 2
39 82 2
22 34 2
11 37 2
1 122 2
49 130 2
18 134 2
75 146 2
9 58 2
20 21 2
54 138 2
16 71 2
87 100 2
62 90 1
12 24 2
66 69 2
8 124 1
16 38 2
53 138 2
46 125 1
5 14 2
11 63 2
19 87 2
8 67 2
2 38 2
45 148 2
6 72 2
31 101 2
5 95 1
19 79 2
15 16 2
52 93 1
54 104 2
29 57 2
1 108 1
18 63 2
32 144 2
1 60 2
23 53 2
10 11 2
33 121 2
9 118 2
53 144 2
54 131 2
40 98 1
32 126 1
26 146 2
18 30 2
9 148 2
64 116 2
10 14 2
85 139 2
48 148 2
85 101 2
49 53 2
23 52 2
56 133 2
23 32 2
11 51 2
37 73 2
48 78 2
86 111 2
18 108 2
12 55 2
78 112 1
72 78 2
76 149 2
12 75 2
41 130 2
20 27 2
72 91 2
16 120 2
20 33 2
56 66 2
53 75 2
34 37 2
28 113 2
14 26 2
19 52 2
5 139 2
37 47 2
49 98 2
33 102 1
84 147 2
19 35 2
24 50 2
1 22 2
0 147 2
49 69 2
8 84 2
44 67 2
36 56 2
13 49 2
62 110 2
48 63 2
76 123 1
2 50 2
45 134 1
6 119 2
19 58 2
34 36 2
46 96 1
12 56 2
40 116 1
49 75 2
32 40 2
58 88 2
52 60 2
25 60 2
58 64 2
88 98 2
26 114 2
44 102 1
56 126 2
3 21 2
72 94 2
75 144 2
81 118 2
25 120 2
77 83 2
7 116 2
24 32 2
77 78 2
39 113 2
31 114 1
29 107 1
2 133 1
52 64 2
8 31 2
62 127 2
12 36 2
51 127 1
30 91 1
76 122 1
51 71 2
68 136 2
69 121 2
47 64 2
19 34 2
21 117 1
87 137 1
57 75 2
81 148 2
82 99 1
34 44 2
72 139 2
8 93 2
37 119 2
3 57 2
64 105 1
1 78 2
13 68 2
62 122 1
66 105 1
4 29 2
11 28 2
33 46 2
50 69 2
15 47 2
30 46 2
25 38 2
46 119 1
9 73 2
8 62 2
14 115 2
62 88 2
22 31 2
2 123 1
22 100 2
14 98 1
21 73 2
61 123 2
51 77 2
51 81 2
13 122 2
40 58 2
16 143 2
58 76 2
1 46 2
52 76 2
68 72 2
0 58 2
63 144 1
45 65 2
57 89 2
13 18 2
16 55 2
1 82 2
19 91 2
59 98 2
75 79 2
1 7 2
34 69 2
29 118 2
4 110 1
21 89 2
73 80 2
62 105 1
69 146 2
85 89 2
79 146 2
26 94 1
35 38 2
63 78 2
64 73 2
73 149 2
43 81 2
6 113 1
60 135 2
20 67 2
41 98 1
63 87 2
52 111 2
4 81 2
33 41 2
77 98 2
43 142 2
59 74 2
60 144 1
3 59 2
77 123 1
17 89 2
28 78 2
17 87 2
30 35 2
39 122 2
20 108 2
18 110 2
0 57 2
4 82 2
85 138 2
2 13 2
48 62 2
24 139 1
49 124 2
26 75 2
75 125 2
17 44 2
75 78 2
8 28 2
65 95 1
71 105 2
78 80 2
39 70 2
0 62 2
3 119 2
20 32 2
42 61 2
52 134 2
15 23 2
26 76 2
10 15 2
48 114 2
45 104 1
20 79 2
28 57 2
83 133 2
52 66 2
3 55 2
82 88 2
23 56 2
83 140 1
19 29 2
1 4 2
55 79 2
30 76 2
22 35 2
18 143 1
8 102 2
41 146 1
45 89 2
1 68 2
28 118 1
29 85 2
73 97 2
6 71 2
25 61 2
77 94 2
43 48 2
9 44 2
9 87 2
45 108 1
72 124 2
27 116 2
14 57 2
86 142 1
23 27 2
2 53 2
84 144 2
35 75 2
74 109 1
58 68 2
87 121 2
25 62 2
26 43 2
14 16 2
82 92 2
31 70 2
50 61 2
74 120 1
31 71 2
72 99 2
12 90 2
0 25 2
15 20 2
69 144 1
9 137 2
24 49 2
7 22 2
14 77 2
2 132 1
64 82 2
1 37 2
27 64 2
58 133 1
42 141 1
16 118 1
15 21 2
46 56 2
11 64 2
59 90 2
55 67 2
8 71 2
26 142 2
10 136 2
36 61 2
1 111 2
65 69 2
45 113 2
82 114 2
41 133 1
20 114 2
52 97 1
79 123 2
24 73 2
79 83 2
61 88 2
29 78 2
30 148 2
35 149 2
25 126 1
16 64 2
25 50 2
45 90 2
15 133 2
14 86 2
12 140 1
59 65 2
86 124 2
13 90 1
66 100 1
82 142 1
5 37 2
49 63 2
8 14 2
76 132 2
34 40 2
87 128 2
16 74 2
16 93 1
47 77 2
85 108 1
30 119 2
76 130 2
20 142 2
32 68 2
77 110 2
14 71 2
33 43 2
39 64 2
37 45 2
35 36 2
1 67 2
59 106 2
27 85 2
85 100 2
65 97 2
21 52 2
60 133 1
23 46 2
48 125 2
11 140 1
1 73 2
56 98 1
2 61 2
19 72 2
84 126 2
9 89 2
24 62 2
19 74 2
84 136 2
60 107 2
69 145 1
14 29 2
73 101 2
32 114 2
55 75 2
13 40 2
2 64 2
15 19 2
6 87 2
5 15 2
42 97 2
73 136 2
44 115 2
0 101 2
70 104 2
23 39 2
1 32 2
18 68 2
31 80 2
20 38 2
82 143 2
66 79 2
21 87 2
19 51 2
22 92 2
2 56 2
8 43 2
78 143 2
1 3 2
24 79 2
21 62 2
19 108 2
25 36 2
26 27 2
38 96 2
83 125 2
12 62 2
35 72 2
36 137 2
60 79 2
29 41 2
70 128 2
37 84 2
9 82 2
16 87 2
62 82 2
58 108 1
74 89 2
34 38 2
63 86 2
61 149 2
50 51 2
41 65 2
38 126 1
16 49 2
32 86 2
11 53 2
0 67 2
34 42 2
71 107 1
30 131 1
11 56 2
27 79 2
49 121 1
33 105 1
55 58 2
28 40 2
6 68 2
25 34 2
50 133 2
52 99 2
42 45 2
4 43 2
22 44 2
12 74 2
33 80 2
67 83 2
28 101 2
12 116 2
12 79 2
8 112 2
77 149 2
59 116 1
52 80 2
32 54 2
58 92 2
19 96 1
14 25 2
54 80 2
36 48 2
72 123 2
69 79 2
4 44 2
83 136 1
34 113 2
7 143 2
73 83 2
33 144 2
38 45 2
65 84 2
1 121 2
67 89 2
34 102 2
25 63 2
4 48 2
22 129 1
4 17 2
59 107 1
16 91 1
71 104 1
39 59 2
5 82 2
22 81 2
57 83 2
75 86 2
71 78 2
38 129 2
23 92 2
18 66 2
46 48 2
3 25 2
89 109 2
13 79 2
5 84 2
42 134 1
21 31 2
4 40 2
79 111 2
26 88 2
51 130 2
31 54 2
3 69 2
73 132 2
9 141 2
5 36 2
69 131 1
31 87 2
12 21 2
45 82 2
59 113 2
28 29 2
24 72 2
85 106 2
32 149 2
35 83 2
34 112 2
24 47 2
44 108 1
30 60 2
51 60 2
26 29 2
50 73 2
84 112 2
62 66 2
18 22 2
26 74 2
4 57 2
35 115 1
15 84 2
58 91 2
2 63 2
69 128 2
66 117 1
3 8 2
18 72 2
3 15 2
42 72 2
36 93 2
38 132 2
21 93 2
10 24 2
31 45 2
49 96 1
8 63 2
66 82 2
16 39 2
34 138 2
35 106 1
39 109 2
78 129 2
22 104 2
33 45 2
31 41 2
75 101 1
50 60 2
36 65 2
7 107 2
59 61 2
23 61 2
51 104 1
20 135 1
80 103 2
79 135 1
28 46 2
9 23 2
3 84 2
32 129 1
31 75 2
83 95 2
25 78 2
73 119 1
56 86 2
25 29 2
10 109 1
1 20 2
42 101 1
70 76 2
27 58 2
24 27 2
48 117 2
76 99 2
19 73 2
75 81 2
87 122 2
40 78 2
71 124 1
13 44 2
4 26 2
27 136 1
13 134 2
3 87 2
23 108 1
12 37 2
11 75 2
31 47 2
37 124 2
25 33 2
5 80 2
14 72 2
23 130 2
56 73 2
88 121 2
67 133 2
36 111 2
39 105 1
7 82 2
11 96 2
61 89 2
45 46 2
61 138 2
0 52 2
13 96 2
35 101 2
24 115 2
23 110 2
61 69 2
65 141 2
10 129 1
43 133 2
21 30 2
41 49 2
1 2 2
63 135 1
11 25 2
41 47 2
62 74 2
36 39 2
12 22 2
17 116 2
19 88 2
30 50 2
69 101 1
6 59 2
88 101 1
24 82 2
6 83 2
51 132 2
63 64 2
24 106 2
9 59 2
19 113 1
34 121 1
20 26 2
22 87 2
57 94 2
73 140 2
85 92 1
25 111 2
6 36 2
7 147 2
4 22 2
56 77 2
18 32 2
68 79 2
24 114 2
58 98 1
9 38 2
7 89 2
49 83 2
30 38 2
10 21 2
20 143 2
47 58 2
82 144 2
55 99 1
58 131 2
40 72 2
27 38 2
2 86 2
18 75 2
8 146 2
49 141 2
28 72 2
58 70 2
14 66 2
83 105 1
74 85 2
18 33 2
10 141 2
4 68 2
34 110 2
5 124 1
77 127 2
12 85 2
68 80 2
38 115 1
22 108 1
71 77 2
30 74 2
60 131 1
65 102 1
45 112 2
83 141 2
28 123 2
53 143 2
33 53 2
75 83 2
46 113 1
16 145 1
67 86 2
15 80 2
31 88 2
83 110 2
5 68 2
60 89 2
60 67 2
38 83 2
17 47 2
31 37 2
30 100 2
2 16 2
77 93 2
80 120 2
66 111 1
19 32 2
43 89 2
25 97 2
24 68 2
84 110 2
88 129 2
17 33 2
40 146 2
20 36 2
12 78 2
49 86 2
24 119 1
34 148 1
55 93 1
83 120 2
9 143 2
47 56 2
58 85 2
39 115 2
10 133 1
27 52 2
41 114 2
34 139 2
74 139 2
40 62 2
39 77 2
54 68 2
42 71 2
22 69 2
29 47 2
25 131 2
54 99 2
39 51 2
48 61 2
26 52 2
54 62 2
49 51 2
40 135 2
14 103 1
16 40 2
8 53 2
2 140 2
21 84 2
30 96 2
20 35 2
15 56 2
36 45 2
41 80 2
23 69 2
41 127 2
17 85 2
57 72 2
4 6 2
86 123 2
17 76 2
7 15 2
7 35 2
48 89 2
63 134 1
17 37 2
2 142 2
40 114 2
7 111 2
41 86 2
60 129 2
46 90 2
55 63 2
9 46 2
5 86 2
59 75 2
59 64 2
42 59 2
22 139 1
79 86 2
2 89 2
1 66 2
33 75 2
71 111 2
19 31 2
5 16 2
59 110 2
35 91 2
80 95 2
53 101 2
60 99 2
11 44 2
55 69 2
22 36 2
44 66 2
82 103 2
11 60 2
19 128 1
3 56 2
16 48 2
15 77 2
59 73 2
6 86 2
78 104 1
10 96 2
39 54 2
43 94 2
4 31 2
42 144 1
34 59 2
72 83 2
12 20 2
48 67 2
50 58 2
37 88 2
14 117 2
7 9 2
27 32 2
10 148 1
11 112 2
31 110 2
51 76 2
46 79 2
7 65 2
6 53 2
48 144 2
68 84 2
71 131 2
87 130 2
28 139 2
75 136 1
61 83 2
47 145 2
9 85 2
79 87 2
48 56 2
45 147 2
1 45 2
40 120 2
30 138 1
35 49 2
23 28 2
7 52 2
2 35 2
27 53 2
62 64 2
24 74 2
10 39 2
24 63 2
7 118 1
29 89 2
1 5 2
51 65 2
28 87 2
63 114 2
70 94 1
18 127 2
14 88 2
44 111 2
59 89 2
35 128 2
12 123 1
18 111 2
54 66 2
83 149 2
37 72 2
0 64 2
69 80 2
81 137 2
43 66 2
5 76 2
7 93 2
46 70 2
76 110 2
46 61 2
41 82 2
10 131 2
6 85 2
8 73 2
40 123 1
16 67 2
65 119 2
53 54 2
6 20 2
22 99 2
28 68 2
1 99 1
84 125 2
80 96 1
38 125 2
2 28 2
68 121 2
53 72 2
79 132 1
18 58 2
87 88 2
22 124 2
6 135 2
9 20 2
48 53 2
8 128 1
34 101 1
3 70 2
80 89 2
23 38 2
19 45 2
62 77 2
39 87 2
39 130 1
21 56 2
7 105 2
55 82 2
5 97 1
26 108 1
16 46 2
15 111 2
18 21 2
65 125 2
23 107 1
40 89 2
21 24 2
33 50 2
44 105 1
50 122 1
44 62 2
30 40 2
11 82 2
62 100 2
70 88 2
30 121 1
18 107 1
23 33 2
11 15 2
32 97 2
11 142 2
33 77 2
30 95 2
73 124 2
21 41 2
47 95 2
73 103 2
62 89 2
10 70 2
16 79 2
14 131 2
50 92 2
38 146 2
42 125 2
2 106 1
26 130 1
87 131 2
56 110 2
26 39 2
13 63 2
56 128 1
39 66 2
69 87 2
20 89 2
58 141 2
37 46 2
0 77 2
37 76 2
40 50 2
63 73 2
25 95 1
83 106 2
12 147 2
52 112 2
12 131 1
4 80 2
1 30 2
40 110 1
62 129 1
14 92 2
14 76 2
22 147 1
38 116 1
77 137 2
17 120 2
25 83 2
15 93 1
51 79 2
38 61 2
46 69 2
11 118 2
13 26 2
13 62 2
23 80 2
65 85 2
86 90 2
53 57 2
15 139 2
56 81 2
66 136 2
63 149 2
17 126 2
31 63 2
42 77 2
76 79 2
22 41 2
12 17 2
42 87 2
65 120 2
43 49 2
53 136 2
1 33 2
33 52 2
59 76 2
62 94 1
44 146 1
40 129 2
52 74 2
56 75 2
67 109 2
16 51 2
14 50 2
19 148 2
65 110 2
84 149 1
87 89 2
50 139 1
7 77 2
25 142 2
9 93 2
20 57 2
47 125 2
24 95 1
48 122 1
81 135 2
72 85 2
34 147 2
82 135 1
59 96 2
19 130 2
11 52 2
78 142 1
14 134 2
42 62 2
21 88 2
70 82 2
26 138 2
50 112 2
6 11 2
33 65 2
12 86 2
17 132 2
4 67 2
9 123 2
41 51 2
1 86 2
1 13 2
57 132 2
77 131 1
75 87 2
25 92 2
49 107 1
12 73 2
43 75 2
33 91 1
16 126 1
32 136 2
6 69 2
32 45 2
36 91 1
39 114 2
39 139 1
59 86 2
83 111 2
38 74 2
13 52 2
75 149 2
10 137 2
46 109 2
15 52 2
10 32 2
64 132 2
46 62 2
17 21 2
22 131 2
55 119 1
26 58 2
2 75 2
50 62 2
28 114 1
68 132 2
36 73 2
10 149 2
72 140 2
36 101 2
61 109 2
54 72 2
45 67 2
0 97 2
28 59 2
43 69 2
32 90 2
19 129 2
87 94 2
2 84 2
24 87 2
34 45 2
6 49 2
14 70 2
14 87 2
75 99 1
89 134 2
32 49 2
38 101 1
76 97 2
84 86 2
64 102 2
31 98 2
5 10 2
50 76 2
15 63 2
21 95 2
69 86 2
16 31 2
28 49 2
2 27 2
7 50 2
24 26 2
64 106 1
6 73 2
20 51 2
10 126 1
38 56 2
39 144 2
78 141 1
3 108 2
65 132 2
40 43 2
79 118 1
20 74 2
42 60 2
4 36 2
12 134 2
17 32 2
37 134 2
87 125 2
17 68 2
41 74 2
45 114 1
0 82 2
30 94 2
14 104 2
6 74 2
63 68 2
58 137 2
15 147 2
45 61 2
22 28 2
78 127 1
12 139 2
13 46 2
29 74 2
14 38 2
22 45 2
57 86 2
25 45 2
72 145 2
2 51 2
2 101 2
43 95 2
72 86 2
13 92 2
55 92 1
61 148 2
12 119 2
43 102 1
38 67 2
51 70 2
4 109 2
14 84 2
35 65 2
2 124 2
3 71 2
58 96 1
8 77 2
52 104 2
12 32 2
74 77 2
23 44 2
16 129 2
68 94 2
15 25 2
88 104 2
61 117 1
9 53 2
78 138 2
60 119 1
42 75 2
34 54 2
30 72 2
28 86 2
83 121 1
51 55 2
68 90 2
83 115 1
75 119 2
1 29 2
44 72 2
18 82 2
36 70 2
77 88 2
35 146 2
14 47 2
59 100 2
5 85 2
37 113 2
3 5 2
27 108 2
12 89 2
29 105 2
24 58 2
56 78 2
32 82 2
20 107 1
20 119 1
43 97 2
63 118 2
40 68 2
69 100 2
24 124 1
48 72 2
3 44 2
16 65 2
9 91 1
7 36 2
17 84 2
13 53 2
13 43 2
21 82 2
12 129 1
53 120 2
8 66 2
4 79 2
18 89 2
18 98 2
71 98 2
37 110 2
5 23 2
6 140 2
10 97 1
9 115 2
38 70 2
61 74 2
31 100 2
3 95 2
73 139 1
35 86 2
88 96 2
17 28 2
46 54 2
80 143 2
44 93 1
29 66 2
2 60 2
33 88 2
86 101 2
4 62 2
52 58 2
66 118 2
18 132 1
66 99 2
10 79 2
61 87 2
5 73 2
21 39 2
6 80 2
19 56 2
47 52 2
59 79 2
88 144 2
41 69 2
2 3 2
0 14 2
65 71 2
30 37 2
5 56 2
49 135 2
34 132 1
72 130 2
29 63 2
72 138 2
13 76 2
40 53 2
43 53 2
42 66 2
41 88 2
68 101 2
22 64 2
89 130 2
82 123 1
14 30 2
67 124 2
56 90 1
132 145 2
58 120 2
56 95 2
73 94 2
50 86 1
23 55 1
72 90 2
3 32 1
127 144 2
127 132 1
7 62 1
7 58 1
8 132 1
22 68 1
30 144 1
33 112 1
74 149 2
44 73 1
127 149 1
20 55 1
64 79 1
19 82 1
