% n=110 p=60 d=0.66 p_blue=0.66
% k=0
59 91 2
0 48 2
5 27 2
9 57 2
25 104 2
35 73 2
17 88 2
34 38 2
46 54 2
52 60 2
23 102 2
11 18 2
59 84 2
40 99 2
40 63 2
43 103 2
30 67 2
35 44 2
49 66 1
3 32 2
34 75 2
18 38 2
37 58 2
13 48 2
31 57 2
33 100 2
62 74 1
46 97 1
25 44 2
54 65 2
21 53 2
50 72 2
22 62 2
6 44 2
11 74 1
4 26 2
60 95 2
55 101 2
35 83 2
4 32 2
28 48 2
40 62 2
34 55 2
2 92 2
1 2 2
22 58 2
24 106 2
60 63 2
0 33 2
9 84 1
54 61 2
4 27 2
6 30 2
1 61 2
49 72 2
38 44 2
19 63 2
63 104 2
50 94 2
24 27 2
4 24 2
38 102 2
0 24 2
40 65 2
50 96 2
55 58 2
59 65 2
7 87 1
31 35 2
16 96 2
41 109 2
60 97 2
14 30 2
53 101 2
48 80 2
11 91 2
56 75 1
12 65 2
37 74 1
27 43 2
4 99 1
10 34 2
12 49 2
16 39 2
15 92 1
17 70 2
28 44 2
52 104 2
34 97 2
16 88 2
63 77 1
50 89 2
40 79 2
51 57 2
23 32 2
12 66 2
58 87 1
53 97 2
65 84 2
37 78 2
13 52 2
38 57 2
15 57 2
43 95 2
48 81 2
10 45 2
47 90 2
5 44 2
3 34 2
18 35 2
61 89 2
16 80 1
28 76 2
10 83 2
36 95 2
21 57 2
58 79 2
1 19 2
39 44 2
1 88 2
14 66 2
8 85 2
41 60 2
21 25 2
24 96 2
30 60 2
23 58 2
17 98 2
0 67 1
56 97 2
44 64 2
7 57 2
24 74 1
14 22 2
34 98 2
45 55 2
12 19 2
38 95 1
44 56 2
8 47 2
11 41 2
4 42 2
36 49 2
19 56 2
49 59 2
22 24 2
41 86 1
30 83 1
39 88 1
16 108 2
16 63 2
20 36 2
10 11 2
41 43 2
17 46 2
24 54 2
4 9 2
45 69 2
16 81 2
36 59 2
48 56 2
16 18 2
5 37 2
10 68 2
29 67 2
8 84 2
24 98 2
29 45 2
33 98 1
14 100 1
22 46 2
43 89 2
25 45 2
53 105 1
25 108 1
51 90 1
43 83 1
8 26 2
65 94 2
7 52 2
56 61 2
16 53 2
11 12 2
56 78 1
52 58 2
19 46 2
32 78 2
12 50 2
47 52 2
23 67 2
37 57 2
4 47 2
16 69 2
11 51 2
8 103 1
5 56 2
14 49 2
56 77 2
52 79 2
3 6 2
13 44 2
20 26 2
2 7 2
42 48 2
10 95 1
46 99 2
64 90 2
2 71 2
31 55 2
14 69 1
56 106 2
7 71 1
20 43 2
61 68 1
53 104 1
1 57 2
26 88 2
0 52 2
1 67 1
11 28 2
24 84 2
5 80 1
36 63 2
61 85 1
36 50 2
20 92 2
7 102 2
13 47 2
34 58 2
30 43 2
12 107 2
49 97 1
28 43 2
23 105 2
11 37 2
50 67 2
2 60 2
58 97 2
4 37 2
15 18 2
22 47 2
6 47 2
9 62 2
62 64 2
2 57 2
4 70 2
16 65 2
48 97 2
34 64 2
14 105 1
20 72 1
13 82 1
8 15 2
22 71 2
17 54 2
14 37 2
15 94 2
55 68 2
26 96 2
17 102 2
7 89 2
64 105 1
28 50 2
26 34 2
53 90 2
23 76 1
58 80 2
3 40 2
17 89 2
6 89 2
10 48 2
5 73 1
41 77 2
1 30 2
24 33 2
31 95 2
25 34 2
17 35 2
21 59 2
12 36 2
33 99 2
15 105 1
9 18 2
10 75 2
9 31 2
63 78 1
59 83 2
31 82 2
63 85 2
7 43 2
29 93 1
59 72 2
11 50 2
9 38 2
8 33 2
30 105 2
21 103 2
17 96 2
39 45 2
55 95 2
11 40 2
50 68 2
43 60 2
5 36 2
15 48 2
64 106 2
14 47 2
4 33 2
65 92 2
29 77 2
24 86 1
26 84 1
28 60 2
47 107 2
48 65 2
7 69 1
22 103 2
26 40 2
2 53 2
38 59 2
45 65 2
6 83 2
25 50 2
16 29 2
58 96 2
4 48 2
46 93 2
36 42 2
39 53 2
26 71 2
9 56 2
62 76 1
13 53 2
61 72 2
14 76 2
51 78 2
1 31 2
32 70 2
7 99 2
46 61 2
42 45 2
5 16 2
25 37 2
9 69 2
13 25 2
61 94 2
53 96 1
19 91 1
65 90 2
25 90 1
63 102 2
1 64 2
3 71 2
14 94 2
25 85 1
20 77 1
28 38 2
53 68 2
7 9 2
18 53 2
19 25 2
39 86 2
43 107 2
14 16 2
25 49 2
15 64 2
23 107 2
24 73 1
4 50 2
4 17 2
25 88 2
9 105 1
62 89 1
51 97 1
63 76 2
45 51 2
20 37 2
28 61 2
26 46 2
0 43 2
6 38 2
9 36 2
12 67 1
24 104 2
19 36 2
44 46 2
23 51 2
12 86 2
53 87 2
0 26 2
46 51 2
37 54 2
4 98 1
50 65 2
15 45 2
18 66 2
34 71 1
20 100 1
11 38 2
12 56 2
17 39 2
3 98 2
18 105 2
20 24 2
9 14 2
65 98 2
64 81 2
46 63 2
32 94 2
0 69 1
15 52 2
5 68 2
16 51 2
32 84 2
31 92 2
2 27 2
44 49 2
6 51 2
28 47 2
2 84 1
8 74 2
56 84 2
1 46 2
26 35 2
44 76 2
22 37 2
5 65 2
30 48 2
35 62 2
33 68 1
2 62 2
22 100 1
19 20 2
51 105 2
16 97 2
39 97 2
30 37 2
0 29 2
19 22 2
33 61 2
2 11 2
15 77 2
31 68 2
21 87 2
56 104 2
28 71 2
13 17 2
7 50 2
59 62 2
13 84 1
61 107 1
56 67 2
26 103 2
4 61 2
11 70 1
29 88 2
45 57 2
4 89 2
33 46 2
63 79 1
9 45 2
17 45 2
47 104 2
7 56 2
27 78 2
9 95 2
51 96 2
24 35 2
25 36 2
34 60 2
48 102 1
31 97 2
14 95 1
1 5 2
14 78 1
63 98 2
56 80 2
9 47 2
5 74 2
55 76 2
37 93 2
35 48 2
45 48 2
18 62 2
16 41 2
25 98 1
26 66 1
21 61 2
8 55 2
1 8 2
0 85 2
19 82 2
28 88 2
56 103 2
55 82 2
14 24 2
23 100 2
36 65 2
23 59 2
63 83 2
21 66 1
12 69 2
8 101 2
21 109 2
47 70 1
4 51 2
22 69 2
22 63 2
21 74 2
35 41 2
1 84 2
1 47 2
27 84 1
10 41 2
35 69 2
0 63 2
22 44 2
16 60 2
2 86 1
37 69 1
6 78 2
53 63 2
22 38 2
54 99 2
26 48 2
54 60 2
29 63 2
49 55 2
19 38 2
42 58 2
12 32 2
36 103 1
2 41 2
29 89 1
14 50 2
3 39 2
49 75 1
8 52 2
32 93 1
32 73 2
30 88 2
9 85 1
31 75 2
44 52 2
12 78 2
5 19 2
36 94 1
16 55 2
16 38 2
37 51 2
21 85 2
11 57 2
13 26 2
49 94 1
4 97 2
9 76 2
34 78 2
1 6 2
2 61 2
19 76 2
20 33 2
36 40 2
11 46 2
26 78 2
0 81 2
14 98 2
9 104 1
17 23 2
62 79 1
5 9 2
33 85 2
7 81 2
0 94 2
12 83 1
3 25 2
54 67 2
37 65 2
23 63 2
45 62 2
15 26 2
17 43 2
27 52 2
13 56 2
19 37 2
59 77 2
6 79 1
6 62 2
12 61 2
22 84 1
23 30 2
46 91 1
5 13 2
16 48 2
12 92 2
33 50 2
46 52 2
36 83 2
37 92 2
15 41 2
38 98 2
6 106 2
52 106 2
8 88 1
16 105 2
13 61 2
4 104 1
50 61 2
40 100 2
4 49 2
29 44 2
53 84 2
0 7 2
36 57 2
53 103 1
63 93 2
20 23 2
29 62 2
3 60 2
0 97 2
55 59 2
18 104 2
52 77 2
50 85 2
7 86 2
30 62 2
2 17 2
7 40 2
15 53 2
62 80 2
42 106 2
7 93 2
6 80 2
7 12 2
5 22 2
6 82 1
50 63 2
9 82 2
54 72 2
27 99 2
58 107 2
37 45 2
22 49 2
45 47 2
38 39 2
25 81 2
15 16 2
1 52 2
48 62 2
43 46 2
29 73 1
35 37 2
40 95 2
8 21 2
61 88 2
5 106 2
25 62 2
2 48 2
15 100 2
64 91 2
16 22 2
19 58 2
39 107 2
65 67 2
41 100 2
16 92 2
13 73 2
41 50 2
6 100 1
3 67 1
54 73 1
18 106 1
6 10 2
38 54 2
30 99 1
6 87 2
13 93 2
14 84 2
36 47 2
8 76 2
11 30 2
31 59 2
17 73 2
27 65 2
15 17 2
61 65 2
34 65 2
7 90 2
62 72 1
8 13 2
6 105 1
15 96 2
37 60 2
50 92 2
0 1 2
52 57 2
1 80 2
32 47 2
34 66 1
60 102 2
23 55 2
17 33 2
1 44 2
52 59 2
21 68 1
23 70 2
17 108 2
44 58 2
21 42 2
58 71 2
4 38 2
46 96 2
26 60 2
28 66 2
9 102 2
13 23 2
41 98 1
35 100 1
0 18 2
27 83 2
42 63 2
28 63 2
27 69 2
23 60 2
0 4 2
9 48 2
18 27 2
32 104 2
4 102 2
7 97 2
15 104 2
54 78 2
27 45 2
45 80 2
11 56 2
4 14 2
20 40 2
5 55 2
25 56 2
27 46 2
43 47 2
5 21 2
50 82 2
7 101 2
1 39 2
14 18 2
11 19 2
42 69 2
60 104 1
11 93 1
24 102 1
29 46 2
11 20 2
51 77 1
8 19 2
9 50 2
23 92 2
8 48 2
19 90 2
53 94 2
29 56 2
31 36 2
45 101 2
7 67 2
12 47 2
12 88 2
4 11 2
31 66 1
47 95 2
52 68 2
1 16 2
42 105 1
41 49 2
39 73 2
52 65 2
7 65 2
54 95 2
33 38 2
26 39 2
42 46 2
2 85 2
11 60 2
49 95 2
32 43 2
4 81 2
55 106 2
44 87 2
21 80 2
0 6 2
3 69 2
30 95 1
18 39 2
18 24 2
17 76 1
23 86 1
33 35 2
27 61 2
39 74 2
9 94 2
64 87 2
4 57 2
11 58 2
19 81 1
44 74 2
37 83 1
38 66 1
27 34 2
57 64 2
16 79 2
54 90 1
32 46 2
2 10 2
27 60 2
26 59 2
47 102 2
13 21 2
13 86 2
35 103 2
48 108 2
45 83 2
1 48 2
23 80 1
19 74 2
39 41 2
62 63 2
38 92 2
54 98 2
65 102 2
30 102 2
37 53 2
17 77 2
27 108 2
10 93 2
19 93 2
48 93 1
25 48 2
46 95 2
34 88 1
9 79 2
24 50 2
8 61 2
18 102 1
25 77 2
41 42 2
16 94 2
60 66 2
12 57 2
12 98 2
30 59 2
49 102 2
22 66 1
32 90 2
28 99 1
45 68 1
11 82 2
19 43 2
34 94 2
19 53 2
14 17 2
25 61 2
40 66 1
15 109 2
47 76 1
41 82 1
2 6 2
54 68 1
20 98 1
20 44 2
50 58 2
43 48 2
0 49 2
31 53 2
30 64 2
61 62 2
18 81 2
30 89 1
15 70 2
18 21 2
11 66 2
48 95 2
13 35 2
15 23 2
19 73 2
19 35 2
40 51 2
31 83 2
9 63 2
5 84 1
0 58 2
3 47 2
16 50 2
1 92 1
45 84 2
13 14 2
28 30 2
23 28 2
23 31 2
7 32 2
4 77 2
25 68 2
33 74 2
16 43 2
41 63 2
12 59 2
14 81 2
30 82 1
38 56 2
17 68 2
24 44 2
5 94 2
35 58 2
29 97 1
41 85 2
24 90 2
6 25 2
47 51 2
3 54 2
2 21 2
22 28 2
23 24 2
17 51 2
13 22 2
39 54 2
17 100 2
23 29 2
20 108 2
12 73 2
35 79 2
5 108 2
12 18 2
45 71 2
26 38 2
26 43 2
7 84 1
44 79 2
8 28 2
55 66 2
60 70 2
21 45 2
25 97 2
7 37 2
32 75 1
13 57 2
30 54 2
44 80 1
8 56 2
1 20 2
16 83 2
1 21 2
24 32 2
3 4 2
51 56 2
15 106 1
44 98 2
5 51 2
15 31 2
57 61 2
37 66 2
39 82 2
6 15 2
34 87 2
11 67 1
19 96 2
42 89 2
9 86 1
62 66 2
25 32 2
40 101 1
26 70 1
6 99 1
19 57 2
36 53 2
52 93 2
41 102 2
37 91 2
51 74 2
2 18 2
16 36 2
23 84 2
1 95 2
1 99 2
3 36 2
60 86 2
2 34 2
48 64 2
39 92 1
35 45 2
15 79 2
51 102 2
47 58 2
55 69 2
35 77 2
30 56 2
34 69 2
13 106 2
29 55 2
53 73 2
15 33 2
27 87 2
14 51 2
33 102 2
0 44 2
16 24 2
56 98 1
20 42 2
14 42 2
16 106 2
30 79 1
33 83 1
1 38 2
16 104 2
9 46 2
22 23 2
14 108 2
29 91 1
34 82 1
15 22 2
23 79 2
20 27 2
45 74 2
36 54 2
54 63 2
42 44 2
27 55 2
55 86 2
21 32 2
51 84 1
37 106 2
17 29 2
14 73 2
40 93 2
39 69 2
30 52 2
26 58 2
30 35 2
39 46 2
37 90 1
19 52 2
18 100 2
25 57 2
16 17 2
11 61 2
38 61 2
32 62 2
4 15 2
49 91 2
13 90 2
54 100 1
4 101 2
26 101 1
11 53 2
6 41 2
3 58 2
3 41 2
34 41 2
45 60 2
11 15 2
5 39 2
7 109 2
25 60 2
32 33 2
32 54 2
31 99 1
7 82 1
46 108 2
16 40 2
51 55 2
16 30 2
58 98 1
63 64 2
3 76 2
8 82 1
43 58 2
31 107 2
48 109 2
51 91 2
7 108 1
53 62 2
12 62 2
4 5 2
1 9 2
25 99 2
55 87 2
13 38 2
31 77 2
7 105 1
46 60 2
48 90 2
46 105 1
8 78 1
59 87 2
34 93 2
30 39 2
2 95 2
17 60 2
46 77 1
20 34 2
17 36 2
35 47 2
40 60 2
51 65 2
45 105 1
6 77 2
13 91 2
3 107 1
29 72 2
4 73 2
37 56 2
35 36 2
21 23 2
5 53 2
3 45 2
0 37 2
14 48 2
0 57 2
3 56 2
2 93 1
27 49 2
41 58 2
5 42 2
34 108 2
22 42 2
35 38 2
11 55 2
4 54 2
37 63 2
38 55 2
50 56 2
1 97 2
38 51 2
64 74 2
53 82 2
7 55 2
12 34 2
21 62 2
26 63 2
16 19 2
57 65 2
15 27 2
2 35 2
41 51 2
25 52 2
65 75 2
28 107 2
18 20 2
22 97 2
59 109 1
41 73 2
2 73 2
16 66 1
21 75 2
47 59 2
62 101 2
10 57 2
33 88 2
34 67 1
30 63 2
48 52 2
40 92 1
38 65 2
36 70 2
10 38 2
18 28 2
5 12 2
31 38 2
10 66 2
1 10 2
7 83 1
29 71 2
9 19 2
9 54 2
20 45 2
12 90 2
12 58 2
47 86 2
31 61 2
54 58 2
44 75 2
63 108 1
60 67 2
62 81 1
30 104 1
12 54 2
4 69 2
64 73 2
17 62 2
2 42 2
32 105 2
54 97 1
38 40 2
65 108 2
22 99 2
20 35 2
1 100 2
6 37 2
37 59 2
5 15 2
39 99 2
2 5 2
27 75 2
19 21 2
15 65 2
59 104 2
22 26 2
56 70 2
42 103 1
8 60 2
14 82 2
19 70 1
12 76 2
21 54 2
24 51 2
55 92 2
17 64 2
52 55 2
23 27 2
49 61 2
33 43 2
47 73 2
4 31 2
20 53 2
12 38 2
22 57 2
5 28 2
7 22 2
33 60 2
30 47 2
21 108 2
56 90 2
15 38 2
4 62 2
55 81 1
47 68 1
16 61 2
8 64 2
14 38 2
23 64 2
30 73 2
27 98 2
28 59 2
15 90 2
35 68 2
50 97 2
14 29 2
53 74 2
36 89 2
34 43 2
30 77 2
28 39 2
21 39 2
31 84 1
53 54 2
15 101 1
38 108 2
19 48 2
1 79 2
37 75 2
54 87 2
10 79 2
14 15 2
18 91 2
9 68 2
47 101 2
41 93 2
50 75 2
24 68 2
11 54 2
49 52 2
33 70 2
24 41 2
23 34 2
20 31 2
19 108 2
54 104 2
44 85 1
53 106 2
65 74 1
25 27 2
13 99 2
61 96 2
38 94 2
2 38 2
61 98 2
46 64 2
3 42 2
35 61 2
4 23 2
7 96 1
21 69 2
2 79 1
23 57 2
10 49 2
18 73 1
14 54 2
14 79 2
19 23 2
1 103 2
13 49 2
55 78 2
51 98 2
13 37 2
22 52 2
25 35 2
32 60 2
2 58 2
27 30 2
18 65 2
55 108 2
62 71 2
48 49 2
47 64 2
48 84 1
63 88 2
49 60 2
9 60 2
20 55 2
12 27 2
19 71 2
17 91 2
2 99 2
45 79 1
1 43 2
27 53 2
10 90 2
48 71 1
12 43 2
11 69 1
29 58 2
1 40 2
17 26 2
48 85 1
16 32 2
37 70 1
44 101 1
1 66 1
7 38 2
0 17 2
3 14 2
5 92 1
48 100 2
4 22 2
48 94 2
48 99 1
42 55 2
40 50 2
2 19 2
17 52 2
55 74 2
20 64 2
50 60 2
14 62 2
25 109 2
19 44 2
24 78 2
56 74 1
0 61 2
11 106 2
0 50 2
44 96 2
6 88 2
20 57 2
17 50 2
8 57 2
3 57 2
38 87 2
15 35 2
10 29 2
4 46 2
9 20 2
38 42 2
20 70 2
23 101 2
11 102 2
35 56 2
33 89 2
47 50 2
53 85 2
21 63 2
62 84 2
13 46 2
9 30 2
2 47 2
2 91 2
34 54 2
50 83 2
24 109 2
44 109 2
22 55 2
12 26 2
3 99 1
51 54 2
19 33 2
44 45 2
12 30 2
60 78 2
4 52 2
36 45 2
23 50 2
1 85 1
25 46 2
40 42 2
34 63 2
7 8 2
16 82 2
2 65 2
24 63 2
22 59 2
7 60 2
3 21 2
46 104 2
27 81 2
13 79 1
7 54 2
28 89 2
3 92 2
4 90 2
19 105 2
46 98 2
39 103 1
48 79 1
21 51 2
5 30 2
0 89 1
49 68 2
4 13 2
26 31 2
42 87 2
11 96 2
62 102 1
61 77 2
54 80 1
37 107 2
25 73 1
53 58 2
18 19 2
54 62 2
56 72 2
39 43 2
27 48 2
25 91 2
26 92 2
27 96 2
38 47 2
61 104 2
13 87 2
11 80 2
39 62 2
15 37 2
2 23 2
37 64 2
4 44 2
43 63 2
44 107 1
1 17 2
37 50 2
27 31 2
27 62 2
27 44 2
2 51 2
42 43 2
53 88 2
2 46 2
42 66 2
13 39 2
35 109 1
57 82 1
53 107 1
6 28 2
7 77 2
11 47 2
13 65 2
5 35 2
18 61 2
10 92 2
4 21 2
57 59 2
4 106 2
64 94 2
37 80 2
19 49 2
21 89 2
25 38 2
7 18 2
4 45 2
35 60 2
10 59 2
7 47 2
54 93 1
3 8 2
6 55 2
52 53 2
55 103 2
17 24 2
47 53 2
1 25 2
61 109 2
10 60 2
53 60 2
15 25 2
39 51 2
37 73 1
56 87 1
33 49 2
50 102 2
35 53 2
40 47 2
10 44 2
5 45 2
25 65 2
63 90 1
18 94 2
15 54 2
35 81 2
24 60 2
12 105 2
30 91 1
12 28 2
50 99 2
51 62 2
33 47 2
5 10 2
8 75 2
49 73 2
44 60 2
13 29 2
22 61 2
10 42 2
49 84 2
0 41 2
34 51 2
12 77 2
3 26 2
55 75 1
33 95 2
47 48 2
37 108 2
31 78 1
58 67 1
64 69 2
26 80 2
60 81 1
45 89 2
34 101 2
5 62 2
59 108 1
5 8 2
32 39 2
0 27 2
60 84 1
62 69 2
0 25 2
10 30 2
26 79 2
40 86 1
17 31 2
28 32 2
42 104 2
6 26 2
34 45 2
5 29 2
0 104 2
20 103 2
42 82 2
42 77 2
10 31 2
33 63 2
4 107 2
18 37 2
47 57 2
29 85 2
54 92 2
38 109 1
23 44 2
47 69 1
45 85 2
8 44 2
17 19 2
29 99 2
8 104 1
26 65 2
25 40 2
31 33 2
21 60 2
45 64 2
40 64 2
15 91 2
34 36 2
19 29 2
5 70 2
57 70 2
14 91 2
11 95 1
53 93 1
33 79 2
35 52 2
34 72 2
41 66 2
17 22 2
26 36 2
55 99 1
39 109 2
36 64 2
35 55 2
9 64 2
4 28 2
46 50 2
17 79 1
14 53 2
43 69 2
18 86 2
24 64 2
2 8 2
22 33 2
11 31 2
44 72 2
2 26 2
47 60 2
12 23 2
28 55 2
20 46 2
2 100 2
31 41 2
43 61 2
11 104 2
52 73 2
32 48 2
19 34 2
36 74 2
57 93 1
34 47 2
22 86 2
9 43 2
12 14 2
17 61 2
37 44 2
9 65 2
25 53 2
10 50 2
18 59 2
51 83 1
31 109 2
47 94 2
31 71 2
16 100 2
7 30 2
24 34 2
12 13 2
8 69 2
5 41 2
47 99 2
24 26 2
21 76 2
64 104 1
38 90 1
50 87 1
53 71 2
42 92 1
14 65 2
47 62 2
3 30 2
65 85 1
11 76 2
24 93 2
18 97 1
5 32 2
16 21 2
16 74 2
3 19 2
30 76 2
17 37 2
31 89 2
14 52 2
17 65 2
30 78 2
36 43 2
24 69 2
1 68 2
20 104 1
13 42 2
21 79 2
8 43 2
4 67 2
42 90 1
48 66 2
15 20 2
29 86 2
38 41 2
10 20 2
2 32 2
48 107 2
35 88 1
42 68 2
5 25 2
16 33 2
32 65 2
40 71 2
19 50 2
31 48 2
26 55 2
39 64 2
5 60 2
40 80 2
2 94 1
42 70 1
24 39 2
0 21 2
8 30 2
24 45 2
19 80 1
35 42 2
55 65 2
52 67 1
42 97 2
8 12 2
41 70 2
1 42 2
54 59 2
54 106 1
37 46 2
32 40 2
11 42 2
11 23 2
32 83 2
6 32 2
34 105 2
0 23 2
21 96 1
3 50 2
29 31 2
43 44 2
0 45 2
23 36 2
57 75 1
14 26 2
10 23 2
16 57 2
26 95 2
40 52 2
18 25 2
32 92 1
50 78 2
4 71 1
56 83 1
37 42 2
63 89 1
10 109 1
17 86 2
23 82 1
52 54 2
59 67 2
43 77 2
59 86 2
4 100 1
2 74 1
59 79 2
21 58 2
12 101 2
36 41 2
17 49 2
57 109 2
48 69 1
10 25 2
15 47 2
35 107 1
4 76 2
41 44 2
8 102 2
31 96 2
16 31 2
48 53 2
65 87 2
26 33 2
29 43 2
54 75 2
1 27 2
19 65 2
10 102 1
15 62 2
14 39 2
16 86 2
59 63 2
54 56 2
12 31 2
15 42 2
1 41 2
28 33 2
14 92 2
18 57 2
24 55 2
52 101 2
65 109 1
39 47 2
55 102 2
10 37 2
42 54 2
24 81 2
13 83 1
25 70 2
2 98 2
10 32 2
28 35 2
42 60 2
5 72 1
3 94 1
37 101 1
0 20 2
7 61 2
32 44 2
32 50 2
48 58 2
56 76 1
58 65 2
39 40 2
33 44 2
22 70 1
30 50 2
39 72 1
4 29 2
51 68 2
35 50 2
32 45 2
41 59 2
64 102 1
16 56 2
19 89 1
15 39 2
29 35 2
3 100 1
32 101 2
11 17 2
13 45 2
32 71 2
62 105 1
13 36 2
59 64 2
33 37 2
9 17 2
37 38 2
0 86 2
46 47 2
53 57 2
63 105 1
18 36 2
50 86 2
1 87 1
5 48 2
10 69 1
31 80 2
12 63 2
60 65 2
15 36 2
28 70 2
30 58 2
4 7 2
20 99 2
0 79 1
21 67 2
41 74 1
33 62 2
15 56 2
52 108 2
42 109 2
22 65 2
22 90 2
29 60 2
28 80 1
17 55 2
28 31 2
25 64 2
12 70 2
23 52 2
21 40 2
29 47 2
27 90 2
1 72 1
19 59 2
43 51 2
12 22 2
46 56 2
44 95 2
10 21 2
53 56 2
20 68 1
47 108 1
10 17 2
29 34 2
3 48 2
23 40 2
11 16 2
32 63 2
38 77 1
29 53 2
60 64 2
28 96 2
38 103 1
41 55 2
59 80 2
37 41 2
17 28 2
41 65 2
17 44 2
41 97 2
2 16 2
35 108 1
59 60 2
32 51 2
34 50 2
30 94 1
13 16 2
24 105 2
0 83 2
60 105 2
39 50 2
29 37 2
38 73 2
19 39 2
9 49 2
62 83 2
6 85 2
12 33 2
19 62 2
24 31 2
41 88 1
11 13 2
15 74 2
1 32 2
50 62 2
17 53 2
44 84 2
44 65 2
57 81 1
0 3 2
8 10 2
52 89 2
19 101 2
43 49 2
0 32 2
7 35 2
32 98 2
60 90 2
28 29 2
9 39 2
23 103 2
40 98 2
9 53 2
48 68 2
56 65 2
27 40 2
53 83 1
11 105 2
12 100 1
31 67 2
7 39 2
20 73 2
47 85 2
1 109 2
27 82 2
10 14 2
5 38 2
5 23 2
41 71 2
55 104 2
17 38 2
53 72 2
25 59 2
38 64 2
23 62 2
1 15 2
12 45 2
6 94 2
9 100 2
62 94 2
45 95 1
21 24 2
38 86 1
11 33 2
16 67 2
63 87 2
49 58 2
19 40 2
31 50 2
33 73 2
28 56 2
14 34 2
29 64 2
22 88 2
13 15 2
56 59 2
7 72 2
9 12 2
13 34 2
61 90 2
13 94 2
15 28 2
33 101 2
23 56 2
29 90 2
43 56 2
3 10 2
39 63 2
27 38 2
35 59 2
7 34 2
37 103 2
23 106 2
1 86 1
8 9 2
10 40 2
40 82 2
40 94 2
62 98 2
57 86 2
11 79 1
7 13 2
11 65 2
37 62 2
43 52 2
1 63 2
6 98 2
58 61 2
8 68 1
29 38 2
14 104 2
47 71 1
43 82 2
27 35 2
36 81 2
6 11 2
34 52 2
16 46 2
29 54 2
53 78 1
56 64 2
6 34 2
52 96 1
64 72 2
18 47 2
45 102 2
21 77 1
45 63 2
11 108 1
2 106 2
46 94 1
25 58 2
41 64 2
45 86 1
15 67 2
10 98 2
2 82 1
12 102 1
27 88 1
15 51 2
1 45 2
36 52 2
40 68 1
21 43 2
32 59 2
5 71 2
22 85 1
24 47 2
46 48 2
45 49 2
49 70 1
4 43 2
35 51 2
10 55 2
5 20 2
50 55 2
10 18 2
27 100 1
54 64 2
49 86 1
0 40 2
54 94 2
53 81 2
39 55 2
19 61 2
14 19 2
59 107 2
11 64 2
11 73 2
15 21 2
52 105 2
57 103 2
20 67 2
3 27 2
37 47 2
40 53 2
12 71 2
51 92 2
32 61 2
9 21 2
49 71 2
21 48 2
47 72 1
20 89 1
7 107 2
36 75 1
34 46 2
4 64 2
58 62 2
22 107 2
25 107 2
38 60 2
39 67 2
8 66 1
8 25 2
29 48 2
34 89 2
54 69 1
35 63 2
51 99 2
9 16 2
36 100 2
65 105 1
6 54 2
33 75 2
20 86 2
9 42 2
36 44 2
63 101 2
13 75 1
2 37 2
60 62 2
4 53 2
30 103 2
30 72 2
10 78 1
12 42 2
19 78 2
37 49 2
27 97 2
41 56 2
45 97 1
18 50 2
10 62 2
9 61 2
21 64 2
52 63 2
47 109 2
7 92 1
2 63 2
4 88 2
23 73 2
34 68 2
16 71 2
7 31 2
65 91 2
6 9 2
20 22 2
31 88 2
21 55 2
40 90 1
18 79 2
6 75 2
0 93 2
30 109 1
42 107 2
25 28 2
30 49 2
11 94 2
27 51 2
4 25 2
27 92 1
11 22 2
23 65 2
3 75 2
4 56 2
43 93 2
40 73 1
6 33 2
13 43 2
28 73 1
13 32 2
12 41 2
36 60 2
32 53 2
4 12 2
34 106 1
8 39 2
7 58 2
39 52 2
15 98 2
21 82 2
46 71 2
46 76 1
58 59 2
40 55 2
24 97 1
1 78 2
46 55 2
31 32 2
51 53 2
30 101 2
32 38 2
16 72 1
43 88 2
9 81 1
59 96 2
4 10 2
39 83 2
63 81 2
26 45 2
45 53 2
1 83 2
57 80 2
18 32 2
53 76 2
2 20 2
23 37 2
15 43 2
23 38 2
59 105 1
39 90 2
6 65 2
23 35 2
25 86 2
25 39 2
12 21 2
29 61 2
20 25 2
33 106 1
59 102 2
29 33 2
43 66 2
4 83 2
23 33 2
13 85 2
19 54 2
22 32 2
36 82 2
44 68 1
61 100 2
28 85 2
21 78 1
0 75 1
2 67 1
15 81 1
19 100 2
1 24 2
43 97 2
31 34 2
3 55 2
18 52 2
19 66 1
18 26 2
40 56 2
19 75 2
62 75 2
21 46 2
12 96 2
27 59 2
3 11 2
27 28 2
12 99 2
12 94 2
30 55 2
44 94 2
4 66 2
52 92 1
1 102 2
40 61 2
6 31 2
9 25 2
25 42 2
0 84 2
64 97 2
20 54 2
38 50 2
7 80 2
34 40 2
63 70 2
5 14 2
40 103 2
61 63 2
3 22 2
22 40 2
21 47 2
45 107 2
55 85 2
51 80 2
11 21 2
35 65 2
48 91 1
36 48 2
58 99 2
19 84 1
24 71 1
24 87 2
13 28 2
14 56 2
40 41 2
7 63 2
0 31 2
9 83 2
5 61 2
39 49 2
65 73 2
14 64 2
38 43 2
55 64 2
24 25 2
19 31 2
29 39 2
20 90 1
43 67 2
57 58 2
1 98 2
55 72 2
7 25 2
29 101 2
18 103 2
22 45 2
54 76 2
41 108 1
21 33 2
36 93 1
42 98 1
16 91 2
9 11 2
63 67 1
28 49 2
6 35 2
44 81 2
45 76 2
2 96 1
5 69 1
14 23 2
8 16 2
38 96 1
5 18 2
14 31 2
9 67 2
26 50 2
30 71 2
29 75 1
57 94 1
36 101 1
21 49 2
23 39 2
2 80 2
51 60 2
20 41 2
0 66 2
15 55 2
21 35 2
18 108 2
16 49 2
19 27 2
1 62 2
31 63 2
39 42 2
6 64 2
42 86 2
40 69 2
31 69 1
8 20 2
44 53 2
20 79 2
5 97 2
2 78 2
4 6 2
22 53 2
28 40 2
41 83 1
59 71 2
8 71 2
4 30 2
5 26 2
22 34 2
25 51 2
10 65 2
5 54 2
49 100 1
26 72 2
14 63 2
6 90 2
40 108 1
60 91 2
40 45 2
0 22 2
49 87 1
1 58 2
3 24 2
34 70 2
58 69 2
16 75 1
15 29 2
45 58 2
0 109 1
18 41 2
39 100 2
51 106 2
44 89 1
9 77 2
32 49 2
23 74 2
45 56 2
7 11 2
52 70 2
64 99 1
5 89 1
40 57 2
18 70 1
24 29 2
16 35 2
28 100 1
63 91 1
5 76 1
5 104 2
36 56 2
2 90 1
30 41 2
34 85 2
47 106 2
65 68 2
44 54 2
42 85 2
21 44 2
3 38 2
30 84 2
7 26 2
0 76 1
18 43 2
25 63 2
36 38 2
1 75 1
14 44 2
38 104 1
22 82 2
7 95 2
5 43 2
59 76 2
40 44 2
16 37 2
13 60 2
13 108 2
2 12 2
36 84 2
6 104 1
21 26 2
8 87 1
45 52 2
41 48 2
23 71 1
7 17 2
12 85 2
13 103 2
4 36 2
42 64 2
36 109 2
25 41 2
21 65 2
10 74 2
46 72 1
50 107 2
38 80 2
48 86 2
3 63 2
45 50 2
29 42 2
39 108 2
14 35 2
65 82 1
12 46 2
48 76 2
18 75 2
34 59 2
23 69 1
21 93 1
5 77 1
23 43 2
65 101 1
20 56 2
9 70 2
0 8 2
55 61 2
18 44 2
31 64 2
15 58 2
47 78 2
56 96 1
55 80 2
24 75 1
3 90 2
15 32 2
34 79 2
26 67 1
33 56 2
24 88 2
17 20 2
20 74 2
44 62 2
12 87 2
12 15 2
40 76 2
29 40 2
4 92 1
28 54 2
2 102 2
6 48 2
41 90 2
19 94 2
36 55 2
23 109 2
54 66 1
6 21 2
36 62 2
1 22 2
25 54 2
40 88 2
7 85 2
6 97 2
13 96 1
39 77 2
26 61 2
30 38 2
13 88 2
31 43 2
47 61 2
57 90 2
18 34 2
25 75 2
64 68 2
34 77 1
20 69 2
23 45 2
15 76 2
56 82 1
60 85 2
40 43 2
23 108 2
2 81 2
38 78 1
21 72 2
19 41 2
8 54 2
3 61 2
30 108 1
24 53 2
10 89 2
9 33 2
39 75 2
0 11 2
32 64 2
31 37 2
18 77 2
15 107 2
32 108 2
65 89 2
13 50 2
21 56 2
37 55 2
31 47 2
33 36 2
7 21 2
33 104 1
32 67 2
50 57 2
47 65 2
0 46 2
55 90 2
40 54 2
26 108 2
5 7 2
39 57 2
20 51 2
40 58 2
1 65 2
21 99 1
64 83 2
20 58 2
55 63 2
9 41 2
26 94 2
44 77 2
9 22 2
48 51 2
3 66 2
0 53 2
48 105 1
3 37 2
13 66 2
3 93 2
15 40 2
28 41 2
31 49 2
49 54 2
24 61 2
31 108 1
10 28 2
17 94 1
27 101 2
11 97 2
21 100 1
8 18 2
4 34 2
42 57 2
59 82 2
9 108 1
17 40 2
21 90 2
16 93 1
33 53 2
60 75 2
4 40 2
55 89 2
3 96 2
5 24 2
9 59 2
10 19 2
1 53 2
11 29 2
11 99 2
49 85 2
9 72 2
18 49 2
30 81 1
65 71 1
22 54 2
11 27 2
50 64 2
24 52 2
31 98 1
48 50 2
33 54 2
37 52 2
33 64 2
59 68 1
39 87 2
49 51 2
65 88 2
42 56 2
26 27 2
5 101 2
3 77 1
12 89 2
15 71 2
9 13 2
29 30 2
7 20 2
59 97 2
21 37 2
36 87 2
45 91 1
10 13 2
54 55 2
32 58 2
62 99 1
5 86 1
17 78 2
42 62 2
14 85 1
28 92 2
26 57 2
14 93 2
27 41 2
19 30 2
20 65 2
4 103 1
33 76 2
37 48 2
13 98 2
43 98 1
18 95 1
24 79 2
33 86 2
34 83 1
33 45 2
33 92 2
65 70 2
9 99 2
4 96 1
1 11 2
24 99 2
16 27 2
3 12 2
49 107 1
8 70 2
51 76 2
35 95 2
6 13 2
46 81 2
7 42 2
13 102 2
27 36 2
50 54 2
20 50 2
21 31 2
0 19 2
28 64 2
17 87 1
32 34 2
13 27 2
24 48 2
61 101 2
3 84 2
64 84 2
4 59 2
58 90 2
5 57 2
16 25 2
7 41 2
24 56 2
29 59 2
48 57 2
6 52 2
35 99 1
2 39 2
35 86 2
60 93 1
32 35 2
26 64 2
4 63 2
13 40 2
13 69 1
5 107 2
44 71 1
2 36 2
47 103 2
1 33 2
2 55 2
10 58 2
42 80 2
12 37 2
55 56 2
44 63 2
17 95 1
9 55 2
23 85 2
33 48 2
36 107 1
28 104 1
46 49 2
31 44 2
18 45 2
1 49 2
31 70 2
3 53 2
9 23 2
6 18 2
8 38 2
32 79 1
52 56 2
38 107 1
18 31 2
27 32 2
24 95 2
38 81 2
8 58 2
24 83 2
22 80 2
7 10 2
18 90 2
5 93 1
48 63 2
10 27 2
19 104 1
47 82 2
19 107 2
28 94 2
33 34 2
23 94 2
29 51 2
0 38 2
37 97 1
32 41 2
12 39 2
54 96 2
7 33 2
39 85 1
49 64 2
6 39 2
6 46 2
27 93 2
14 20 2
12 75 2
17 63 2
9 98 1
46 80 2
52 64 2
10 26 2
36 58 2
7 28 2
46 87 2
34 49 2
10 54 2
59 85 2
17 109 1
8 14 2
27 107 2
6 93 2
44 83 2
47 74 1
17 59 2
36 61 2
48 83 2
34 57 2
56 91 2
21 28 2
5 47 2
56 100 1
56 107 1
12 108 2
10 85 2
15 61 2
24 65 2
27 74 2
15 34 2
28 62 2
7 44 2
49 53 2
20 81 2
62 70 2
3 80 1
46 89 2
41 46 2
24 28 2
34 100 2
34 53 2
1 55 2
19 86 2
10 47 2
39 96 1
2 45 2
5 31 2
13 81 2
60 88 1
23 87 1
13 24 2
32 37 2
30 46 2
18 60 2
33 105 2
49 104 2
50 93 1
2 15 2
6 56 2
19 51 2
26 91 2
23 26 2
14 59 2
18 92 2
56 58 2
4 78 1
20 52 2
27 89 2
33 58 2
14 107 2
35 78 1
37 104 2
36 79 1
31 54 2
27 57 2
10 105 2
7 24 2
24 100 1
38 48 2
31 51 2
60 72 1
0 2 2
37 71 1
13 80 1
55 109 1
5 49 2
10 96 1
3 33 2
17 58 2
43 68 1
10 12 2
64 101 1
6 42 2
48 87 2
25 47 2
53 98 1
60 103 1
21 91 2
31 100 2
9 88 1
35 49 2
38 97 2
11 71 2
45 87 2
11 49 2
0 39 2
45 72 2
22 101 2
4 105 2
43 65 2
35 102 1
44 69 1
26 62 2
17 32 2
1 54 2
1 3 2
20 49 2
49 62 2
0 10 2
58 95 2
32 68 1
6 58 2
13 78 2
18 33 2
11 43 2
22 76 1
43 92 2
43 64 2
43 105 2
10 107 2
6 59 2
51 59 2
63 103 2
20 32 2
3 9 2
2 56 2
3 5 2
47 105 2
16 34 2
5 95 2
11 78 2
15 59 2
18 46 2
35 85 2
62 95 2
21 30 2
21 22 2
14 75 2
14 61 2
1 59 2
12 20 2
11 44 2
27 39 2
11 36 2
8 51 2
53 65 2
38 76 1
45 73 2
57 99 2
51 100 2
24 40 2
52 90 1
22 36 2
47 63 2
9 37 2
30 74 2
7 64 2
25 26 2
31 106 2
2 29 2
14 86 2
34 81 2
29 41 2
46 90 1
33 107 1
42 53 2
18 48 2
41 61 2
43 76 2
59 92 2
7 45 2
51 89 2
60 100 2
27 85 2
14 90 2
28 77 1
27 37 2
19 26 2
28 58 2
33 87 2
28 74 2
16 28 2
1 89 2
33 39 2
4 8 2
32 96 1
51 64 2
45 78 1
26 29 2
11 48 2
20 29 2
22 39 2
55 60 2
31 40 2
30 61 2
31 58 2
26 30 2
11 32 2
20 48 2
56 88 2
6 20 2
21 104 2
24 58 2
33 57 2
4 19 2
2 40 2
0 5 2
43 54 2
26 54 2
33 51 2
11 35 2
6 17 2
61 108 2
8 83 2
14 58 2
35 101 2
10 86 2
49 74 1
35 94 2
36 77 2
24 42 2
55 57 2
11 92 2
10 51 2
17 27 2
21 41 2
32 57 2
36 105 2
1 7 2
45 54 2
21 29 2
47 81 2
29 76 1
26 100 2
13 20 2
7 62 2
9 51 2
49 101 2
53 55 2
8 27 2
7 103 2
8 17 2
39 59 2
47 92 2
50 80 2
12 29 2
22 75 2
35 57 2
29 52 2
1 29 2
3 65 2
55 96 2
8 41 2
45 96 2
64 70 2
3 104 2
44 48 2
32 109 2
31 45 2
38 46 2
38 49 2
0 9 2
2 52 2
23 104 1
2 64 2
53 66 1
39 91 2
2 31 2
44 99 2
34 48 2
46 57 2
15 99 2
64 103 2
3 97 1
8 36 2
58 78 1
7 15 2
22 43 2
0 64 2
16 62 2
3 52 2
27 47 2
5 6 2
45 104 1
2 76 1
30 32 2
61 91 2
22 104 1
24 43 2
41 52 2
6 12 2
8 32 2
25 80 1
37 82 1
57 91 2
62 93 2
17 104 2
6 53 2
5 105 2
17 103 2
60 82 2
49 50 2
1 108 2
14 33 2
51 66 2
35 64 2
65 80 2
23 25 2
53 89 2
31 42 2
29 103 1
0 12 2
0 36 2
9 71 2
39 61 2
23 42 2
51 87 1
5 59 2
29 49 2
26 47 2
39 60 2
23 54 2
29 94 2
57 67 2
10 52 2
0 13 2
46 74 1
1 26 2
12 16 2
28 37 2
14 109 1
50 103 2
41 75 2
1 56 2
37 86 2
24 62 2
14 99 2
43 45 2
19 55 2
39 101 2
13 64 2
28 51 2
44 50 2
29 98 1
45 67 2
4 91 1
9 89 2
1 12 2
2 30 2
13 19 2
29 65 2
22 50 2
10 36 2
12 79 2
6 22 2
57 101 2
31 62 2
1 35 2
15 82 2
62 86 1
4 35 2
27 58 2
9 93 2
1 105 1
3 62 2
24 46 2
22 51 2
16 76 1
60 98 2
33 40 2
17 75 2
46 66 1
38 45 2
22 87 2
21 36 2
11 103 2
19 45 2
30 31 2
6 43 2
32 80 2
22 35 2
60 77 1
39 98 1
4 108 2
1 23 2
17 41 2
18 64 2
18 55 2
6 24 2
14 32 2
50 95 2
44 70 2
11 84 2
45 103 2
11 89 2
46 53 2
12 55 2
24 67 2
6 72 2
23 47 2
16 58 2
62 106 2
35 40 2
55 79 2
49 88 2
17 21 2
43 104 1
63 100 2
17 34 2
2 3 2
52 99 1
50 88 2
0 42 2
55 71 2
34 62 2
52 94 2
28 72 1
8 37 2
51 61 2
54 84 2
5 88 2
63 65 2
15 24 2
28 53 2
36 39 2
35 54 2
31 46 2
3 51 2
27 77 1
40 106 1
27 50 2
15 44 2
10 16 2
60 79 1
26 105 2
20 21 2
16 59 2
28 79 2
13 55 2
34 80 2
28 34 2
6 14 2
15 46 2
9 97 2
57 97 2
51 73 1
42 61 2
30 44 2
57 77 2
0 15 2
3 72 2
34 103 2
41 91 2
14 45 2
6 23 2
21 84 2
18 63 2
50 73 2
47 54 2
3 85 2
12 52 2
42 52 2
58 60 2
47 56 2
41 80 2
3 23 2
25 82 2
10 61 2
30 33 2
27 33 2
24 30 2
18 88 2
31 87 1
4 82 1
8 107 2
4 75 2
2 44 2
3 81 2
13 77 2
22 106 2
46 65 2
13 59 2
57 63 2
25 103 2
25 72 2
28 103 2
22 25 2
0 28 2
25 29 2
43 72 2
1 60 2
15 68 1
33 42 2
39 102 2
40 91 2
30 90 2
2 4 2
8 65 2
48 55 2
61 66 1
64 76 2
8 93 2
27 42 2
40 104 2
7 106 2
10 72 1
10 91 2
7 27 2
11 59 2
57 62 2
52 61 2
57 105 1
1 77 2
47 100 2
2 13 2
0 59 2
57 60 2
3 103 2
39 58 2
23 68 2
8 62 2
3 28 2
26 87 1
63 106 1
14 36 2
34 74 1
35 72 1
64 67 2
25 76 2
19 47 2
12 25 2
57 71 1
13 31 2
54 83 1
43 50 2
40 102 2
38 100 2
7 59 2
32 55 2
26 51 2
9 52 2
15 80 1
0 55 2
62 109 1
14 57 2
29 102 2
42 49 2
5 58 2
21 50 2
6 109 1
26 90 2
2 87 2
2 14 2
53 64 2
24 38 2
20 47 2
43 57 2
63 95 2
35 46 2
18 56 2
62 87 2
32 42 2
5 33 2
16 87 2
30 34 2
18 29 2
10 22 2
25 93 1
27 105 1
19 88 2
7 94 2
10 97 2
59 61 2
20 63 2
49 106 1
62 92 1
54 57 2
1 18 2
5 52 2
3 17 2
10 33 2
5 40 2
10 43 2
1 4 2
5 17 2
3 15 2
6 95 2
28 86 2
3 29 2
27 102 2
11 14 2
36 68 2
40 46 2
46 84 2
4 39 2
20 38 2
60 109 2
27 54 2
9 10 2
9 58 2
33 52 2
1 36 2
42 75 1
41 53 2
19 42 2
64 100 2
25 94 1
63 99 2
37 88 1
28 36 2
12 60 2
57 83 1
22 81 2
49 77 2
15 60 2
16 101 2
27 63 2
36 51 2
51 58 2
23 90 2
13 18 2
33 108 1
19 72 2
30 51 2
54 70 2
44 78 1
39 56 2
41 69 2
0 108 1
56 99 2
2 28 2
9 40 2
39 71 1
59 90 2
43 75 2
4 41 2
31 65 2
61 64 2
2 75 2
24 72 1
20 107 2
8 80 2
17 107 2
8 67 1
42 50 2
50 81 1
30 98 2
26 42 2
14 46 2
22 98 1
58 73 2
13 62 2
35 43 2
5 64 2
33 59 2
51 63 2
3 16 2
16 26 2
37 61 2
49 56 2
52 95 1
39 93 2
10 100 1
44 51 2
21 38 2
57 102 2
62 88 2
6 8 2
46 82 1
43 90 1
2 70 2
34 35 2
26 106 2
31 72 2
30 65 2
29 57 2
38 93 1
2 22 2
24 80 2
62 91 1
26 37 2
31 91 1
25 31 2
8 86 2
22 30 2
24 57 2
44 91 1
5 46 2
6 73 2
37 94 1
8 29 2
59 103 2
21 34 2
54 89 2
37 39 2
63 94 2
12 84 2
0 71 2
17 47 2
23 49 2
43 102 2
20 61 2
48 88 1
56 57 2
3 102 2
36 72 2
7 14 2
11 83 1
35 75 2
28 65 2
60 99 2
53 102 2
43 108 2
3 44 2
9 15 2
32 86 1
30 42 2
31 52 2
16 89 2
12 53 2
7 51 2
5 100 2
18 22 2
0 54 2
8 42 2
44 105 2
49 108 2
24 77 1
12 48 2
41 105 1
29 105 2
28 57 2
30 106 1
11 34 2
54 109 2
24 36 2
6 40 2
44 100 1
26 49 2
58 64 2
22 31 2
8 49 2
40 81 2
2 77 2
26 81 2
65 83 2
19 32 2
36 37 2
61 74 2
26 44 2
50 51 2
56 89 1
24 37 2
48 82 1
15 50 2
13 100 1
27 29 2
25 92 1
25 55 2
6 57 2
22 56 2
12 51 2
26 99 2
3 46 2
14 106 2
56 63 2
10 71 2
9 28 2
40 107 1
58 70 2
28 78 2
6 70 2
4 16 2
10 24 2
26 53 2
50 52 2
30 45 2
34 61 2
23 93 2
2 33 2
4 87 2
46 59 2
10 64 2
14 83 1
45 100 2
65 72 1
3 13 2
7 16 2
26 28 2
23 41 2
43 62 2
38 52 2
5 50 2
52 98 2
14 40 2
47 55 2
56 105 2
13 63 2
58 94 1
18 54 2
22 73 1
41 47 2
17 48 2
18 23 2
40 48 2
42 101 2
18 40 2
56 92 2
3 59 2
58 63 2
6 50 2
11 45 2
53 61 2
15 49 2
19 85 2
2 66 2
7 104 2
15 30 2
3 49 2
26 86 2
0 14 2
4 55 2
7 29 2
18 93 2
22 78 2
61 86 2
54 86 2
2 24 2
9 44 2
45 59 2
38 105 1
47 49 2
17 30 2
28 91 2
22 105 2
8 97 2
15 73 1
21 52 2
8 11 2
0 51 2
54 88 2
56 62 2
19 28 2
16 54 2
3 18 2
10 56 2
23 98 2
1 51 2
14 21 2
31 39 2
33 97 2
33 41 2
49 103 2
16 99 2
10 53 2
22 64 2
49 57 2
27 76 1
9 80 2
7 23 2
39 78 1
16 20 2
29 70 1
64 79 2
33 67 1
64 65 2
6 45 2
52 62 2
53 75 1
59 98 1
11 52 2
32 106 2
14 55 2
2 50 2
1 37 2
53 86 2
0 65 2
11 24 2
16 52 2
9 32 2
57 106 1
23 72 2
6 7 2
40 59 2
22 102 2
39 79 1
18 84 2
26 104 2
3 20 2
24 91 2
39 48 2
44 47 2
20 80 2
62 65 2
52 78 1
64 109 1
17 93 2
12 35 2
31 60 2
23 48 2
17 106 2
11 101 1
5 11 2
10 46 2
46 62 2
4 18 2
35 80 2
36 46 2
48 75 2
38 58 2
41 107 2
58 91 1
14 80 2
9 101 1
49 93 1
18 51 2
19 64 2
1 107 2
11 25 2
8 63 2
1 14 2
29 68 2
59 69 1
23 99 2
51 71 1
14 28 2
54 102 2
18 109 2
53 95 1
8 40 2
3 73 1
3 43 2
2 54 2
50 100 1
17 56 2
44 82 2
0 74 2
31 56 2
11 62 2
49 109 1
47 98 1
23 83 1
29 36 2
7 49 2
53 59 2
5 81 1
64 82 2
45 46 2
1 34 2
20 91 1
43 70 2
42 59 2
51 52 2
15 19 2
8 24 2
9 27 2
44 55 2
10 39 2
34 56 2
38 84 2
9 24 2
26 32 2
36 91 2
51 75 1
8 91 1
17 92 1
23 53 2
15 75 2
4 80 2
42 72 2
5 63 2
61 105 1
7 48 2
40 78 1
7 36 2
43 71 2
20 84 2
25 33 2
22 29 2
8 59 2
48 103 1
6 49 2
26 41 2
12 44 2
34 39 2
30 57 2
10 63 2
13 41 2
53 100 1
50 59 2
43 55 2
0 16 2
5 34 2
53 91 2
28 82 2
10 35 2
65 104 2
25 74 2
8 90 1
30 53 2
16 45 2
47 79 1
24 94 2
46 69 2
28 83 1
35 104 2
22 79 1
0 62 2
0 68 2
6 60 2
6 36 2
16 23 2
31 76 2
45 92 1
52 87 1
42 91 1
37 43 2
0 99 2
48 60 2
0 30 2
22 92 1
20 30 2
50 53 2
1 93 2
48 77 1
13 71 2
20 59 2
45 61 2
16 47 2
42 71 2
34 44 2
57 96 2
8 105 1
40 105 2
6 84 2
52 76 1
38 71 2
16 64 2
59 78 2
38 69 2
61 82 2
28 102 2
48 61 2
57 100 2
0 82 1
12 17 2
64 107 2
33 55 2
2 68 2
0 101 2
4 20 2
43 109 2
50 76 1
50 101 2
42 51 2
42 108 2
31 102 2
13 30 2
30 70 2
0 35 2
33 94 2
34 42 2
30 36 2
39 65 2
12 64 2
43 87 1
2 97 1
34 91 1
49 63 2
57 87 2
56 101 2
18 85 2
0 80 1
48 89 2
64 89 1
0 56 2
9 90 2
43 53 2
20 71 2
8 35 2
34 107 2
61 83 2
8 46 2
20 60 2
17 25 2
25 30 2
27 64 2
22 60 2
46 58 2
18 58 2
7 46 2
28 45 2
1 13 2
41 62 2
15 63 2
60 76 2
9 29 2
62 107 2
56 102 1
13 33 2
17 18 2
5 67 1
64 80 2
32 52 2
44 61 2
24 82 2
31 81 2
60 61 2
55 62 2
18 107 2
15 78 2
48 59 2
11 26 2
28 98 2
56 95 2
26 52 2
23 46 2
57 89 2
30 40 2
33 91 2
21 27 2
61 81 2
6 29 2
7 19 2
10 15 2
14 25 2
30 68 1
31 73 2
8 34 2
4 65 2
20 62 2
55 97 2
38 53 2
19 24 2
62 68 2
25 71 2
51 109 2
6 63 2
8 22 2
33 103 2
13 54 2
2 59 2
14 27 2
32 36 2
3 35 2
64 93 1
49 83 2
22 48 2
22 27 2
34 37 2
10 81 2
17 42 2
27 56 2
17 82 1
38 79 2
8 23 2
22 41 2
45 70 1
20 75 2
54 77 1
8 31 2
42 47 2
58 82 2
62 73 2
31 79 1
14 43 2
12 40 2
28 42 2
6 19 2
4 58 2
40 83 1
6 16 2
46 106 2
6 108 1
0 60 2
5 103 1
33 80 2
20 85 2
48 54 2
6 61 2
7 53 2
0 47 2
44 57 2
38 62 2
17 57 2
5 85 2
16 102 1
2 9 2
11 63 2
2 25 2
24 49 2
3 7 2
49 65 2
41 96 2
37 40 2
23 91 1
14 41 2
33 65 2
25 78 2
45 66 1
18 42 2
9 34 2
33 84 2
50 69 2
21 102 2
25 43 2
8 53 2
1 50 2
35 39 2
2 49 2
41 54 2
34 99 2
37 84 2
8 89 2
29 100 1
2 101 1
23 61 2
29 50 2
20 28 2
0 72 1
13 95 2
42 65 2
16 42 2
65 103 1
19 60 2
24 59 2
16 85 2
13 74 1
9 26 2
31 74 2
6 27 2
17 74 2
3 64 2
2 43 2
28 52 2
25 79 2
14 60 2
32 56 2
20 39 2
0 34 2
57 74 2
9 35 2
28 46 2
18 68 2
41 45 2
60 69 2
18 30 2
28 69 2
8 45 2
44 59 2
13 58 1
11 39 1
43 59 1
41 57 1
8 50 1
67 74 1
26 56 1
66 73 2
38 88 1
29 32 1
74 92 2
56 60 1
9 109 1
1 28 1
16 44 1
3 31 1
62 96 2
89 101 2
