% n=80 p=60 d=0.33 p_blue=0.66
% k=0
8 68 2
10 31 2
0 70 2
5 42 2
17 37 2
2 3 2
3 17 2
32 40 2
4 56 1
20 34 2
20 31 2
9 14 2
17 33 2
12 71 2
12 43 2
36 55 2
28 64 2
0 43 2
9 41 2
3 15 2
39 47 2
14 28 2
20 79 1
16 34 2
4 14 2
27 32 2
8 9 2
16 47 2
6 12 2
11 79 2
13 62 2
9 42 2
37 41 2
16 50 2
7 22 2
20 44 2
35 59 2
35 45 2
25 45 2
0 7 2
24 72 1
26 79 2
12 30 2
3 40 2
7 35 2
7 14 2
34 74 2
24 76 2
4 25 2
1 22 2
14 69 1
3 42 2
7 20 2
1 46 2
30 75 1
23 27 2
41 46 2
20 23 2
38 39 2
5 75 1
29 70 2
21 35 2
25 57 2
16 30 2
4 57 2
3 27 2
28 70 1
10 48 2
17 44 2
24 26 2
31 33 2
41 54 1
35 46 2
37 38 2
22 65 1
26 43 2
33 50 2
0 46 2
24 78 2
21 74 2
26 46 2
31 76 2
11 27 2
24 47 2
34 35 2
12 24 2
30 39 2
13 71 2
2 21 2
10 76 2
11 61 2
25 37 2
31 42 2
35 36 2
8 45 2
28 47 2
11 54 1
20 36 2
11 34 2
33 38 2
8 50 1
5 26 2
41 71 2
19 29 2
16 75 2
9 19 2
10 16 2
6 17 2
27 29 2
6 57 2
10 41 2
19 30 2
20 32 2
3 24 2
28 35 2
19 35 2
43 76 1
43 51 1
46 58 2
3 12 2
18 30 2
28 40 2
24 44 2
11 17 2
32 43 2
16 68 2
2 66 2
5 68 2
29 41 2
1 12 2
34 57 1
26 31 2
22 36 2
8 34 2
11 19 2
0 38 2
1 3 2
26 40 2
7 75 2
1 23 2
3 36 2
2 27 2
0 29 2
34 68 2
25 63 2
36 68 1
2 9 2
18 47 2
27 57 2
0 63 2
46 64 2
3 69 1
34 71 2
21 22 2
15 39 2
18 66 2
21 62 2
46 61 1
31 39 2
5 46 2
22 23 2
10 65 2
8 27 2
7 12 2
39 66 2
23 25 2
6 26 2
8 33 2
6 38 2
23 47 2
9 13 2
0 20 2
6 77 2
32 35 2
18 23 2
22 40 2
33 42 2
11 57 2
17 43 2
27 55 1
20 70 1
28 37 2
3 43 2
15 67 2
7 34 2
2 35 2
36 54 2
6 31 2
40 60 1
29 60 2
9 35 2
0 18 2
36 45 2
47 77 2
2 36 2
32 39 2
29 47 2
12 27 2
0 23 2
47 69 2
24 31 2
37 71 1
17 27 2
8 24 2
30 32 2
1 8 2
29 32 2
36 40 2
11 30 2
22 70 2
1 28 2
9 49 2
25 32 2
23 43 2
13 23 2
13 52 1
14 30 2
21 28 2
13 53 2
17 36 2
17 22 2
19 36 2
1 11 2
30 68 2
12 39 2
23 36 2
8 25 2
30 40 2
27 41 2
31 68 2
21 25 2
6 42 2
11 20 2
10 27 2
11 41 2
1 26 2
7 51 2
4 34 2
25 42 2
38 76 2
4 61 2
22 44 2
13 22 2
30 51 1
22 75 2
21 41 2
1 19 2
15 46 2
10 21 2
14 19 2
37 43 2
19 60 1
2 24 2
16 69 2
6 62 2
34 53 2
32 77 2
20 24 2
10 20 2
29 45 2
15 34 2
30 49 1
27 70 2
4 44 2
15 36 2
46 47 2
27 38 2
18 33 2
19 56 1
38 43 2
13 30 2
1 39 2
33 44 2
21 56 2
23 41 2
4 24 2
35 66 2
9 66 1
41 52 1
19 28 2
1 38 2
28 42 2
40 45 2
19 33 2
36 46 2
19 39 2
20 54 1
23 32 2
9 76 2
26 27 2
3 65 1
18 24 2
7 18 2
17 21 2
15 31 2
13 35 2
14 41 2
8 28 2
26 35 2
18 27 2
28 74 2
40 61 2
10 17 2
20 25 2
4 9 2
21 39 2
20 43 2
4 22 2
28 31 2
33 69 2
1 32 2
31 34 2
30 44 2
17 46 2
30 77 2
9 48 2
18 62 1
4 59 2
14 36 2
28 72 2
4 45 2
23 30 2
15 20 2
5 36 2
13 44 2
13 37 2
1 78 1
43 61 2
29 43 2
6 30 2
20 53 1
16 51 1
18 70 1
8 31 2
25 28 2
3 30 2
22 45 2
34 48 2
30 41 2
7 42 2
6 14 2
30 58 1
12 67 2
41 58 2
3 39 2
2 52 1
2 54 1
16 39 2
3 29 2
10 38 2
30 63 2
40 41 2
2 22 2
13 25 2
7 23 2
7 19 2
20 47 2
17 24 2
10 22 2
15 23 2
25 39 2
27 34 2
22 53 2
10 12 2
18 37 2
16 33 2
14 64 1
18 78 2
18 28 2
8 56 1
43 55 2
28 49 2
11 37 2
42 61 1
0 54 2
26 64 2
41 69 1
6 24 2
23 75 2
5 35 2
30 33 2
19 61 1
22 41 2
24 75 1
10 19 2
2 73 2
15 22 2
42 65 2
38 44 2
16 40 2
9 11 2
17 41 2
31 71 2
12 74 2
1 33 2
9 32 2
36 60 2
0 62 2
21 33 2
35 40 2
19 46 2
2 11 2
4 23 2
37 48 2
9 16 2
44 72 1
16 57 2
31 47 2
22 30 2
39 45 2
13 42 2
18 29 2
5 14 2
11 36 2
23 29 2
37 52 1
27 47 2
30 43 2
31 46 2
28 56 2
6 15 2
44 45 2
0 31 2
11 56 2
18 20 2
3 53 2
23 28 2
3 34 2
13 27 2
5 40 2
47 61 1
26 67 2
9 74 2
3 37 2
2 34 2
43 72 2
22 29 2
5 43 2
26 47 2
33 43 2
3 46 2
12 20 2
37 55 2
29 42 2
20 40 2
37 70 1
26 37 2
12 25 2
21 29 2
22 54 1
41 60 2
9 29 2
5 31 2
11 31 2
9 33 2
0 41 2
6 9 2
10 28 2
12 36 2
0 4 2
34 66 1
35 39 2
47 52 2
12 41 2
15 44 2
9 15 2
21 43 2
6 8 2
9 39 2
14 42 2
5 33 2
6 43 2
17 30 2
17 73 2
1 25 2
21 32 2
40 42 2
42 64 1
17 66 1
24 59 2
20 35 2
1 20 2
31 74 2
15 40 2
8 43 2
15 27 2
2 33 2
16 36 2
3 6 2
0 13 2
9 30 2
37 46 2
28 61 2
29 40 2
9 57 1
7 76 1
0 22 2
33 40 2
22 63 2
15 33 2
21 54 2
11 55 1
1 31 2
18 38 2
18 39 2
29 77 2
9 47 2
2 30 2
45 71 1
12 32 2
7 24 2
21 23 2
12 78 1
14 16 2
13 19 2
3 59 2
42 44 2
6 34 2
19 73 1
25 43 2
2 38 2
3 26 2
34 47 2
21 36 2
24 43 2
37 45 2
34 45 2
4 7 2
17 39 2
10 23 2
32 53 1
31 41 2
7 32 2
27 42 2
9 27 2
20 22 2
23 46 2
0 9 2
14 50 2
23 33 2
34 41 2
47 63 2
3 7 2
33 39 2
39 42 2
24 27 2
27 56 1
26 49 1
45 78 1
36 43 2
18 42 2
8 36 2
7 11 2
22 32 2
45 47 2
13 46 2
4 77 2
17 38 2
7 37 2
21 66 2
2 13 2
10 40 2
44 68 2
43 62 2
3 48 2
17 29 2
31 40 2
35 61 2
12 26 2
0 45 2
5 79 2
25 62 2
15 41 2
25 34 2
5 28 2
37 42 2
44 60 2
13 60 1
8 42 2
7 29 2
0 32 2
13 28 2
33 56 2
17 20 2
12 50 1
8 30 2
42 56 1
11 47 2
0 44 2
2 29 2
45 62 1
11 18 2
6 32 2
22 33 2
14 26 2
3 52 2
40 43 2
25 46 2
9 24 2
4 29 2
46 56 2
42 47 2
23 76 1
38 74 1
4 27 2
2 28 2
0 42 2
2 71 1
13 26 2
13 48 1
21 30 2
0 30 2
9 28 2
8 78 2
8 11 2
27 30 2
33 59 1
9 64 2
15 51 2
27 75 2
38 79 2
2 26 2
5 23 2
44 65 1
5 6 2
23 35 2
6 73 2
11 68 2
9 36 2
28 34 2
16 24 2
14 43 2
2 41 2
28 68 2
5 56 2
6 13 2
2 37 2
19 22 2
7 16 2
16 29 2
39 53 2
28 33 2
13 15 2
5 32 2
24 46 2
38 46 2
1 21 2
13 45 2
2 59 2
44 69 2
2 39 2
14 38 2
21 42 2
33 55 2
18 44 2
20 28 2
3 13 2
14 23 2
4 6 2
20 37 2
4 28 2
2 44 2
14 72 1
27 44 2
6 41 2
6 25 2
30 61 2
11 25 2
10 44 2
6 52 2
10 36 2
21 34 2
26 74 2
3 8 2
45 72 1
10 15 2
46 53 1
18 19 2
19 44 2
7 41 2
21 37 2
1 18 2
38 47 2
26 52 2
16 45 2
39 48 2
7 9 2
36 61 1
1 27 2
34 46 2
9 43 2
7 45 2
1 35 2
25 29 2
45 73 2
5 30 2
11 14 2
9 17 2
5 21 2
20 42 2
16 44 2
20 73 2
41 56 2
4 39 2
40 44 2
25 38 2
30 45 2
1 42 2
11 13 2
7 15 2
16 42 2
1 14 2
24 53 2
33 66 1
3 14 2
16 26 2
18 72 1
39 64 1
12 18 2
2 40 2
6 19 2
7 8 2
35 41 2
19 21 2
5 44 2
22 79 2
14 45 2
26 56 1
11 44 2
22 34 2
4 10 2
42 46 2
7 21 2
14 25 2
2 19 2
7 26 2
20 62 2
13 39 2
8 16 2
14 17 2
15 24 2
2 6 2
32 41 2
8 52 2
7 10 2
3 67 1
35 44 2
2 23 2
17 42 2
36 62 2
5 17 2
31 38 2
23 26 2
25 41 2
34 44 2
18 60 1
13 17 2
28 41 2
0 79 2
35 63 2
34 77 2
12 19 2
11 29 2
23 39 2
7 40 2
1 36 2
16 62 1
11 23 2
41 63 2
47 76 2
0 21 2
14 32 2
10 25 2
12 70 2
24 51 1
23 44 2
16 71 1
44 47 2
21 44 2
19 32 2
9 21 2
6 21 2
21 64 2
26 36 2
20 64 1
29 30 2
10 34 2
20 78 2
1 45 2
7 25 2
5 25 2
6 69 2
25 31 2
4 17 2
16 60 2
2 20 2
8 19 2
26 33 2
31 77 2
37 57 1
19 43 2
18 36 2
5 76 2
14 47 2
2 5 2
8 26 2
29 35 2
29 49 1
16 28 2
7 39 2
18 40 2
9 55 2
21 26 2
29 38 2
8 32 2
14 37 2
8 20 2
9 20 2
28 58 2
31 45 2
6 37 2
45 49 2
6 33 2
29 67 2
15 43 2
19 23 2
22 76 1
7 46 2
26 68 1
28 32 2
24 30 2
17 78 2
1 34 2
25 40 2
23 40 2
12 63 2
32 50 2
22 74 2
0 28 2
20 46 2
27 35 2
38 57 1
16 37 2
1 10 2
17 31 2
4 42 2
9 60 2
29 76 2
15 35 2
45 46 2
24 25 2
16 43 2
19 38 2
37 40 2
28 50 2
46 51 2
21 48 1
30 42 2
23 45 2
1 58 2
25 65 2
3 47 2
3 75 2
13 29 2
34 37 2
15 25 2
32 51 1
3 32 2
39 40 2
25 26 2
29 44 2
1 29 2
3 19 2
29 33 2
27 31 2
9 37 2
7 28 2
8 75 2
32 34 2
22 59 1
6 23 2
17 25 2
0 11 2
11 32 2
12 46 2
32 65 2
8 22 2
17 26 2
35 68 2
4 5 2
1 15 2
26 44 2
6 44 2
31 43 2
10 37 2
34 42 2
33 46 2
16 27 2
26 71 1
3 10 2
5 20 2
11 78 2
1 75 2
13 43 2
33 41 2
26 42 2
34 54 2
41 43 2
30 79 1
9 26 2
2 4 2
4 36 2
13 63 2
3 33 2
41 76 1
41 62 2
47 67 2
17 62 1
32 46 2
6 18 2
14 31 2
21 38 2
1 73 2
24 61 2
10 46 2
21 31 2
9 38 2
0 34 2
3 5 2
31 75 2
15 28 2
40 64 2
12 33 2
18 31 2
3 44 2
15 45 2
29 58 2
1 54 2
18 25 2
28 48 2
32 55 1
44 50 2
11 35 2
23 37 2
12 15 2
39 79 1
32 56 1
4 21 2
3 20 2
17 28 2
28 46 2
0 10 2
24 45 2
11 40 2
24 33 2
5 63 2
24 37 2
7 62 2
22 31 2
10 47 2
0 37 2
17 19 2
6 50 1
6 16 2
7 71 2
25 33 2
3 49 2
2 14 2
4 73 2
43 47 2
18 67 2
27 64 2
8 49 2
28 29 2
11 33 2
18 21 2
8 47 2
2 17 2
21 60 2
11 58 2
13 16 2
17 76 1
23 24 2
26 34 2
2 15 2
12 17 2
12 56 1
21 73 2
3 11 2
24 42 2
10 30 2
30 38 2
40 71 1
46 49 1
9 10 2
13 14 2
5 29 2
9 45 2
9 18 2
4 13 2
39 62 1
1 37 2
15 54 2
25 47 2
24 41 2
16 31 2
13 18 2
2 18 2
32 37 2
33 77 2
29 34 2
4 79 1
17 52 2
22 58 2
32 49 2
36 76 2
15 17 2
22 68 2
26 75 2
21 50 2
10 35 2
24 29 2
34 43 2
10 13 2
26 29 2
11 16 2
13 20 2
9 34 2
18 26 2
19 66 1
20 55 1
11 50 2
8 13 2
17 32 2
9 31 2
4 60 2
8 38 2
40 75 2
38 45 2
42 45 2
0 24 2
13 54 1
5 19 2
6 29 2
21 70 2
20 71 2
29 37 2
16 20 2
20 30 2
4 43 2
44 46 2
2 65 2
42 43 2
7 56 2
7 64 2
3 28 2
30 46 2
7 58 2
20 69 1
38 60 2
11 26 2
12 31 2
8 72 2
41 47 2
47 54 2
33 74 2
9 46 2
8 40 2
7 33 2
3 64 1
15 37 2
4 50 1
4 58 2
0 50 2
18 32 2
19 34 2
16 46 2
16 21 2
27 48 1
18 43 2
12 57 2
22 27 2
19 40 2
36 65 2
15 42 2
6 28 2
21 76 1
29 59 2
22 46 2
26 39 2
18 34 2
4 41 2
5 24 2
31 44 2
34 79 1
5 41 2
12 13 2
14 29 2
42 69 2
27 39 2
32 44 2
39 44 2
12 54 2
46 77 2
3 23 2
4 74 2
15 19 2
2 43 2
39 54 2
21 46 2
30 50 2
32 38 2
37 77 1
0 36 2
18 76 1
2 42 2
27 36 2
15 75 1
27 33 2
24 36 2
22 38 2
10 77 2
1 30 2
8 54 2
13 50 2
32 36 2
35 37 2
26 62 2
15 66 2
37 49 1
30 34 2
28 39 2
20 39 2
20 26 2
10 11 2
5 38 2
31 32 2
37 44 2
9 22 2
21 75 2
12 73 1
38 52 2
39 58 2
11 43 2
3 31 2
25 72 1
1 49 2
14 21 2
29 57 1
28 67 2
16 18 2
16 49 2
8 10 2
2 31 2
12 75 2
40 78 2
5 39 2
8 17 2
7 38 2
28 38 2
0 27 2
5 12 2
8 39 2
0 26 2
3 25 2
22 57 2
19 24 2
13 47 2
13 38 2
0 15 2
6 78 1
38 67 1
10 24 2
25 27 2
16 35 2
11 28 2
25 30 2
4 33 2
5 10 2
12 14 2
29 50 2
26 30 2
31 58 2
39 43 2
34 78 2
6 56 1
1 40 2
35 47 2
27 43 2
31 69 2
27 28 2
32 73 2
14 40 2
15 29 2
18 48 2
16 41 2
0 68 2
38 42 2
1 47 2
34 62 1
33 47 2
0 12 2
23 38 2
10 55 2
31 60 1
0 2 2
12 28 2
1 13 2
0 39 2
1 4 2
11 12 2
23 72 1
27 45 2
16 32 2
10 33 2
9 12 2
35 42 2
0 5 2
7 60 2
13 34 2
4 11 2
46 75 2
19 64 1
25 69 1
12 72 2
14 33 2
44 55 1
21 47 2
6 39 2
29 73 2
40 68 1
19 62 2
7 44 2
1 16 2
20 29 2
10 56 1
2 25 2
19 45 2
17 18 2
33 45 2
0 16 2
19 70 1
1 5 2
1 43 2
6 45 2
0 35 2
43 46 2
45 65 2
22 37 2
14 15 2
4 38 2
1 9 2
27 60 2
38 49 1
20 33 2
12 21 2
15 68 2
2 32 2
21 24 2
16 65 2
15 38 2
36 42 2
14 24 2
12 44 2
3 74 2
32 47 2
7 69 2
40 46 2
22 71 2
25 36 2
21 27 2
7 31 2
31 54 1
14 51 2
7 36 2
5 53 2
4 30 2
2 16 2
30 36 2
1 65 2
1 2 2
10 29 2
3 63 1
28 62 1
2 78 2
13 55 1
22 42 2
16 38 2
6 22 2
5 11 2
7 52 1
6 46 2
4 37 2
36 44 2
11 39 2
0 19 2
18 45 2
30 47 2
16 25 2
43 58 2
3 21 2
0 3 2
45 63 2
6 40 2
13 61 2
3 38 2
0 71 2
0 1 2
36 47 2
39 46 2
0 40 2
18 56 2
28 44 2
40 70 2
15 57 2
37 47 2
4 35 2
13 24 2
15 32 2
18 52 2
12 40 2
43 70 2
22 47 2
43 45 2
18 22 2
8 23 2
43 44 2
1 44 2
3 45 2
28 55 2
4 20 2
14 57 1
12 22 2
2 47 2
29 31 2
16 17 2
14 34 2
40 57 1
5 27 2
4 47 2
34 38 2
13 41 2
0 17 2
12 23 2
26 41 2
11 38 2
20 27 2
0 72 2
15 16 2
0 33 2
15 26 2
11 24 2
14 39 2
24 38 2
19 31 2
22 35 2
28 43 2
12 35 2
5 18 2
8 64 2
26 38 2
27 46 2
5 60 2
29 39 2
19 47 2
39 41 2
11 45 2
5 45 2
44 75 2
15 18 2
0 8 2
32 79 2
37 54 2
3 41 2
13 32 2
6 27 2
10 78 1
26 76 2
2 12 2
14 58 2
1 17 2
4 48 2
26 54 1
8 69 2
4 12 2
10 26 2
45 54 2
10 45 2
24 39 2
18 41 2
19 26 2
35 49 2
24 28 2
19 27 2
32 42 2
17 67 1
17 47 2
21 40 2
3 18 2
1 61 2
30 53 1
32 69 2
1 24 2
11 73 1
8 29 2
10 43 2
38 41 2
27 76 2
15 78 1
17 54 2
6 7 2
3 51 2
8 44 2
28 36 2
4 32 2
45 69 2
5 8 2
13 36 2
5 13 2
32 70 2
10 18 2
18 46 2
20 38 2
23 31 2
4 46 2
29 46 2
30 31 2
15 76 2
0 48 2
4 31 2
13 75 2
35 69 2
13 21 2
24 34 2
38 40 2
12 42 2
0 52 2
15 48 2
43 68 2
20 45 2
29 36 2
41 64 2
10 14 2
5 15 2
0 6 2
26 77 1
34 40 2
30 57 2
4 8 2
11 52 2
14 20 2
8 21 2
6 47 2
9 73 1
11 46 2
17 23 2
19 25 2
18 54 1
12 47 2
27 37 2
10 62 2
34 65 1
34 36 2
23 42 2
19 20 2
41 44 2
41 53 2
6 35 2
2 55 2
19 41 2
24 32 2
14 44 2
8 35 2
14 18 2
0 25 2
7 17 2
5 47 2
34 56 2
41 45 2
13 31 2
8 12 2
31 37 2
15 47 2
2 8 2
2 7 2
0 47 2
8 18 2
2 74 2
14 35 2
33 73 2
18 77 2
28 73 2
8 15 2
19 37 2
20 61 1
10 42 2
5 9 2
15 30 2
41 42 2
32 33 2
24 35 2
19 78 1
38 65 2
3 16 2
28 45 2
47 72 2
1 6 2
31 36 2
9 40 2
21 65 1
1 41 2
44 56 1
5 16 2
7 47 2
33 36 2
23 34 2
33 79 1
20 41 2
17 35 2
5 37 2
17 34 2
35 43 2
7 27 2
15 21 2
12 45 2
25 44 2
40 47 2
5 7 2
33 35 2
44 49 2
14 46 2
11 21 2
38 62 2
34 39 2
18 35 2
12 69 2
47 79 2
20 21 2
16 19 2
36 37 2
36 39 2
10 32 2
12 38 2
46 50 1
5 34 2
38 69 1
35 62 1
6 36 2
33 34 2
17 45 2
2 45 2
7 79 2
25 35 2
12 55 2
6 11 2
19 42 2
33 37 2
3 70 2
24 40 2
22 25 2
7 13 2
12 37 2
43 77 1
22 39 2
9 58 1
3 4 2
26 45 2
10 49 2
22 28 2
14 22 2
22 43 2
30 37 2
28 30 2
34 50 2
8 70 2
1 62 1
13 40 1
5 22 1
22 26 1
12 29 1
10 39 1
32 45 1
35 38 1
28 59 1
12 34 1
18 55 2
5 59 1
14 27 1
12 16 1
9 25 1
22 24 1
2 10 1
13 33 1
38 70 2
8 46 1
46 76 2
17 40 1
42 79 1
8 14 1
13 70 1
0 14 1
36 41 1
26 32 1
31 35 2
9 44 1
24 70 2
3 79 2
3 9 1
36 38 1
7 30 1
9 23 1
4 18 1
21 45 1
32 76 1
6 20 1
