% n=30 p=33 d=0.33 p_blue=0.33
% k=0
7 20 2
3 11 1
6 18 1
6 23 1
2 28 1
3 4 2
1 7 2
9 19 1
7 12 1
0 1 2
1 2 2
0 13 1
7 9 2
1 3 2
4 26 1
1 12 1
9 25 1
8 23 1
6 19 1
7 8 2
6 27 1
9 21 2
9 11 2
6 7 2
6 9 2
5 20 1
1 4 2
4 29 1
7 26 1
7 11 1
8 28 1
0 8 2
1 8 2
8 9 2
9 22 1
5 27 1
4 9 2
8 11 1
3 29 1
5 8 2
6 8 2
1 19 2
4 15 1
5 9 2
7 15 1
1 6 2
6 29 1
2 4 2
0 19 1
4 13 1
8 22 1
8 24 1
8 25 1
8 27 1
5 6 2
0 21 1
5 29 1
0 22 1
2 9 2
1 10 1
0 5 2
4 7 2
0 6 2
3 9 2
7 10 2
0 3 2
4 6 2
2 14 1
9 13 1
2 3 2
7 24 2
4 24 2
7 14 1
4 8 2
8 16 1
7 22 1
0 4 2
2 8 2
6 12 2
3 8 2
2 10 1
3 6 2
9 24 1
5 13 2
6 13 1
18 24 1
4 23 1
1 18 1
5 24 2
5 15 1
8 18 1
6 24 1
5 23 2
1 20 1
18 19 2
0 20 1
1 15 1
8 20 2
2 5 1
8 15 2
11 24 1
1 24 2
23 24 2
11 19 2
2 24 1
11 20 1
18 23 2
9 15 2
3 5 2
0 24 2
0 15 1
9 23 1
5 26 2
20 23 1
15 20 1
1 9 2
4 20 1
5 19 2
0 18 2
3 7 1
1 23 1
