% n=190 p=60 d=0.33 p_blue=0.66
% k=0
1 76 2
93 109 2
86 189 2
58 79 2
60 78 2
61 148 2
2 173 2
19 106 2
9 159 2
52 66 2
20 31 2
52 82 2
19 77 2
41 120 2
0 62 2
4 64 2
8 89 2
13 92 2
55 155 2
18 72 2
70 73 2
38 112 2
109 113 2
42 182 2
35 100 2
46 48 2
45 161 2
19 50 2
26 33 2
90 97 2
72 170 2
98 124 2
52 102 2
0 57 2
12 91 2
48 65 2
6 38 2
52 94 2
17 24 2
59 96 2
31 36 2
20 83 2
43 103 2
44 95 2
20 30 2
67 72 2
22 86 2
30 101 2
13 26 2
89 111 2
65 138 2
49 69 2
17 30 2
1 19 2
108 189 1
33 171 1
28 175 2
45 98 2
15 37 2
5 61 2
76 95 2
19 124 2
66 141 1
34 87 2
24 186 2
26 48 2
88 127 2
63 67 2
54 74 2
22 49 2
26 93 2
43 150 1
25 86 2
8 23 2
76 133 1
44 81 2
17 158 2
7 118 2
49 80 2
107 130 2
20 63 2
13 50 2
0 18 2
22 106 2
18 160 2
96 110 2
69 91 2
28 45 2
33 177 1
58 89 2
10 20 2
1 186 2
5 64 2
31 64 2
31 157 1
63 96 2
24 117 1
82 149 2
81 100 2
17 90 2
10 12 2
74 108 2
34 146 2
20 54 2
13 82 2
42 103 2
12 16 2
51 55 2
12 133 2
64 93 2
40 80 2
53 93 2
56 99 2
32 52 2
56 80 2
78 102 2
95 160 2
29 56 2
86 111 2
58 135 1
2 32 2
57 63 2
83 108 2
67 139 2
17 167 2
22 80 2
80 87 2
52 84 2
66 145 2
60 79 2
6 87 2
8 91 2
32 88 2
107 125 2
74 157 2
53 83 2
36 64 2
37 53 2
77 94 2
76 84 2
11 95 2
76 90 2
24 78 2
10 23 2
53 163 1
19 107 2
23 25 2
61 73 2
40 171 1
14 36 2
24 102 2
18 185 2
22 161 2
28 51 2
27 84 2
96 111 2
6 82 2
50 97 2
27 105 2
25 34 2
98 157 2
69 97 2
90 108 2
23 145 2
55 186 2
19 81 2
4 30 2
35 138 1
40 43 2
65 105 2
62 72 2
0 121 2
18 176 1
25 87 2
63 163 1
23 130 2
95 156 2
38 83 2
100 133 2
21 26 2
16 86 2
12 106 2
51 104 2
101 130 2
8 55 2
93 153 2
1 48 2
38 60 2
31 71 2
29 162 1
108 110 2
93 138 2
77 85 2
71 170 2
39 56 2
57 58 2
59 115 2
46 72 2
15 102 2
33 44 2
6 94 2
18 178 2
111 165 2
62 70 2
32 45 2
51 65 2
5 28 2
76 98 2
19 155 1
11 31 2
63 81 2
98 110 2
11 19 2
67 79 2
97 102 2
32 138 2
53 86 2
95 100 2
55 56 2
104 108 2
70 72 2
51 155 1
99 110 2
1 67 2
30 139 2
96 133 2
66 78 2
39 177 1
34 127 2
76 189 2
83 112 2
90 93 2
63 74 2
21 134 1
41 51 2
56 108 2
58 71 2
100 143 2
42 64 2
66 81 2
62 102 2
22 29 2
25 60 2
22 35 2
40 138 2
73 114 1
20 56 2
11 166 2
16 74 2
101 137 2
2 46 2
39 63 2
17 39 2
57 134 2
8 124 2
59 104 2
17 73 2
2 111 2
70 93 2
44 73 2
48 76 2
94 100 2
31 51 2
88 122 2
3 135 2
70 102 2
9 99 2
68 118 1
8 182 2
66 157 2
66 79 2
58 184 2
51 107 2
58 70 2
19 55 2
22 88 2
22 117 2
51 179 2
30 94 2
2 109 2
18 73 2
79 162 2
38 111 2
13 61 2
9 97 2
89 138 1
18 31 2
87 112 2
32 100 2
109 170 1
104 144 1
8 122 1
97 104 2
15 23 2
8 61 2
36 56 2
15 112 2
82 171 2
16 29 2
25 163 1
61 182 1
59 78 2
10 24 2
1 78 2
76 101 2
40 108 2
104 137 2
36 112 2
44 62 2
88 113 2
0 8 2
2 13 2
97 98 2
64 78 2
85 136 2
7 30 2
12 24 2
99 178 2
83 127 1
19 32 2
51 79 2
3 111 2
44 51 2
18 39 2
2 50 2
8 132 1
50 108 2
19 94 2
103 160 2
46 52 2
66 83 2
27 32 2
79 101 2
45 92 2
106 153 1
9 59 2
24 181 2
28 64 2
3 49 2
65 82 2
26 70 2
6 81 2
21 96 2
50 106 2
71 91 2
17 166 1
6 93 2
1 169 2
82 96 2
52 97 2
90 96 2
72 179 2
78 142 2
77 164 2
5 63 2
28 49 2
4 60 2
70 94 2
3 105 2
11 110 2
107 155 2
18 188 2
20 62 2
42 69 2
8 57 2
11 32 2
19 65 2
0 30 2
14 44 2
109 159 2
49 86 2
4 159 2
73 78 2
86 109 2
45 106 2
3 104 2
7 49 2
0 124 2
60 96 2
84 127 2
79 91 2
42 135 2
63 158 1
45 102 2
21 22 2
14 147 1
96 119 2
30 83 2
4 57 2
76 145 2
62 127 1
59 70 2
43 87 2
54 100 2
30 65 2
85 117 1
38 94 2
111 186 2
79 99 2
21 92 2
36 88 2
42 106 2
3 86 2
65 88 2
24 133 2
31 32 2
34 188 2
28 132 2
21 146 1
4 88 2
78 85 2
20 76 2
24 88 2
84 176 1
55 84 2
84 99 2
5 86 2
49 82 2
27 60 2
34 84 2
43 90 2
33 68 2
45 120 2
5 13 2
60 70 2
17 25 2
18 46 2
26 82 2
6 110 2
89 155 1
101 156 2
93 98 2
28 87 2
88 171 2
15 116 2
55 68 2
54 96 2
30 78 2
37 52 2
83 175 2
81 139 2
5 66 2
83 115 1
15 118 2
96 171 1
44 139 2
47 63 2
14 39 2
73 81 2
66 119 2
38 85 2
2 117 1
7 29 2
45 164 2
51 78 2
46 66 2
40 97 2
50 113 2
79 87 2
60 69 2
56 90 2
112 153 2
56 104 2
81 103 2
63 185 2
33 126 2
13 83 2
30 104 2
15 35 2
79 85 2
9 104 2
29 34 2
35 83 2
43 88 2
79 186 2
36 38 2
53 94 2
21 71 2
12 43 2
23 78 2
52 67 2
29 98 2
35 49 2
55 86 2
15 58 2
22 53 2
38 78 2
99 115 2
23 39 2
23 142 1
110 133 1
94 130 1
43 79 2
58 64 2
43 47 2
93 103 2
51 131 1
31 92 2
105 181 2
4 90 2
50 144 2
12 97 2
10 76 2
48 134 2
27 111 2
23 62 2
59 185 2
40 53 2
84 109 2
40 137 2
31 80 2
47 73 2
37 133 2
58 72 2
95 143 1
47 140 1
96 108 2
44 189 2
81 95 2
26 62 2
87 94 2
84 184 1
78 176 2
28 77 2
68 85 2
11 69 2
62 75 2
55 88 2
13 38 2
0 163 2
101 146 2
12 30 2
98 150 2
62 93 2
63 88 2
26 101 2
111 178 1
7 37 2
29 110 2
43 83 2
74 114 2
91 187 1
37 74 2
75 96 2
4 76 2
47 172 1
76 125 2
28 39 2
53 77 2
37 153 2
70 178 1
0 15 2
23 48 2
4 91 2
92 179 2
42 94 2
23 59 2
104 151 2
76 163 1
56 105 2
3 85 2
29 88 2
68 96 2
52 56 2
99 148 2
6 63 2
86 94 2
68 172 1
73 126 2
23 110 2
71 75 2
62 155 1
82 175 2
21 141 1
39 104 2
1 80 2
52 76 2
25 107 2
1 13 2
30 98 2
90 105 2
54 139 1
2 36 2
74 142 2
55 106 2
85 91 2
49 61 2
15 19 2
35 36 2
44 136 2
75 112 2
28 56 2
106 111 2
1 101 2
37 183 1
95 115 2
42 52 2
2 72 2
53 82 2
63 98 2
48 52 2
47 75 2
89 171 1
69 96 2
49 100 2
26 40 2
41 173 2
64 70 2
51 117 1
81 85 2
14 78 2
62 103 2
36 50 2
43 53 2
0 73 2
52 72 2
6 28 2
0 44 2
0 149 2
46 100 2
21 81 2
25 45 2
33 136 1
86 108 2
56 101 2
47 114 2
2 25 2
91 105 2
33 139 1
4 161 1
41 100 2
79 148 2
5 39 2
5 188 2
44 154 1
52 106 2
83 129 2
3 36 2
11 67 2
21 59 2
0 179 2
6 37 2
102 177 1
4 23 2
73 127 2
62 84 2
30 95 2
9 88 2
83 90 2
65 114 1
36 78 2
38 142 2
29 57 2
4 95 2
47 136 2
12 44 2
20 32 2
15 55 2
111 183 2
18 74 2
110 181 2
49 99 2
73 111 2
87 133 2
19 28 2
19 38 2
75 158 1
79 98 2
60 76 2
35 121 2
99 186 1
5 111 2
19 39 2
16 80 2
3 168 1
76 89 2
39 73 2
15 52 2
65 73 2
15 153 1
15 184 1
25 156 1
5 47 2
15 115 2
80 106 2
51 84 2
10 21 2
86 152 2
12 36 2
79 111 2
72 140 2
61 90 2
14 24 2
22 95 2
10 147 2
7 110 2
88 151 2
37 142 2
10 68 2
51 68 2
5 79 2
11 68 2
79 170 2
45 56 2
16 72 2
3 23 2
12 105 2
66 68 2
80 105 2
22 187 2
18 40 2
11 103 2
13 14 2
75 92 2
41 81 2
27 61 2
18 163 2
52 70 2
71 143 2
36 74 2
78 88 2
65 177 1
50 174 2
14 41 2
90 94 2
5 112 2
23 77 2
30 58 2
102 173 1
51 156 2
62 67 2
81 121 1
36 81 2
6 30 2
57 67 2
30 113 2
16 45 2
30 112 2
21 133 2
95 96 2
85 103 2
25 56 2
14 143 2
17 42 2
4 109 2
63 189 2
36 83 2
36 53 2
6 24 2
107 112 2
16 35 2
45 174 1
39 170 2
2 11 2
0 65 2
42 164 2
112 182 2
75 99 2
9 31 2
53 157 2
81 183 2
80 147 2
27 86 2
11 186 1
19 86 2
22 26 2
62 121 2
26 64 2
39 111 2
90 125 2
13 119 2
82 105 2
54 79 2
74 81 2
12 65 2
27 39 2
80 86 2
4 105 2
93 172 2
47 99 2
73 139 2
41 82 2
16 56 2
4 20 2
31 48 2
28 138 2
31 180 1
56 67 2
91 153 2
26 35 2
51 160 2
16 131 2
62 74 2
30 64 2
81 109 2
1 147 1
34 52 2
55 163 2
97 167 1
55 94 2
44 93 2
10 153 2
21 48 2
60 71 2
44 64 2
8 139 1
18 77 2
59 84 2
41 67 2
6 29 2
75 109 2
19 33 2
24 164 2
75 107 2
56 88 2
27 109 2
28 63 2
87 113 2
24 47 2
35 62 2
82 163 2
8 99 2
75 152 1
30 111 2
106 167 2
18 67 2
54 106 2
70 127 1
45 58 2
52 109 2
92 162 2
17 79 2
50 56 2
52 108 2
65 89 2
85 109 2
16 98 2
4 104 2
92 172 2
91 93 2
18 76 2
40 148 2
6 22 2
92 98 2
51 88 2
47 62 2
39 140 2
7 35 2
35 187 2
9 14 2
28 41 2
25 54 2
16 99 2
46 83 2
30 34 2
60 63 2
7 52 2
76 112 2
60 105 2
14 56 2
12 14 2
21 148 2
55 166 2
11 84 2
42 90 2
31 117 1
89 94 2
93 179 1
93 113 2
47 117 2
101 138 2
54 123 1
81 86 2
20 50 2
65 120 2
26 79 2
23 75 2
17 60 2
110 116 1
2 90 2
69 189 2
38 42 2
30 51 2
100 168 2
2 78 2
43 105 2
9 54 2
77 159 2
102 152 2
51 85 2
38 41 2
65 154 2
48 96 2
8 63 2
60 164 1
33 116 2
22 178 1
50 116 2
43 95 2
27 99 2
86 176 2
44 69 2
10 65 2
61 93 2
9 56 2
8 83 2
76 80 2
4 38 2
68 98 2
43 76 2
2 82 2
43 67 2
19 70 2
4 22 2
73 89 2
9 30 2
9 17 2
58 96 2
98 178 2
46 174 1
10 120 1
25 44 2
52 57 2
20 169 2
83 105 2
86 104 2
24 99 2
3 24 2
43 62 2
15 75 2
76 129 2
31 55 2
53 76 2
12 70 2
37 92 2
87 105 2
1 103 2
104 119 2
30 176 2
49 66 2
17 19 2
49 102 2
6 75 2
75 111 2
43 161 1
25 85 2
24 65 2
63 83 2
69 125 1
104 186 1
110 156 1
50 54 2
51 66 2
3 74 2
7 33 2
2 30 2
32 108 2
104 120 1
80 99 2
35 98 2
34 63 2
31 89 2
74 86 2
20 59 2
4 17 2
0 112 2
7 86 2
71 87 2
107 139 1
76 165 1
20 141 1
37 45 2
81 111 2
57 59 2
111 168 1
75 165 1
17 43 2
43 100 2
42 108 2
16 110 2
100 171 2
21 88 2
19 92 2
78 94 2
45 84 2
16 116 1
36 91 2
40 158 2
54 184 2
28 55 2
36 186 1
26 53 2
96 101 2
20 140 2
32 79 2
34 110 2
52 112 2
77 113 2
8 46 2
1 112 2
46 96 2
4 41 2
29 182 2
18 105 2
51 108 2
54 145 2
1 58 2
7 100 2
14 186 2
71 134 2
109 181 2
32 93 2
21 67 2
58 98 2
48 58 2
62 98 2
4 48 2
27 107 2
75 86 2
58 147 1
89 149 1
65 126 2
78 187 2
9 113 2
39 172 2
56 103 2
44 104 2
68 80 2
86 105 2
27 58 2
109 116 1
63 68 2
43 86 2
33 35 2
38 135 2
76 183 2
52 59 2
32 58 2
87 173 2
61 83 2
30 116 2
113 169 2
110 113 2
8 16 2
38 69 2
46 109 2
43 73 2
39 123 2
28 109 2
74 181 2
27 114 2
22 76 2
17 45 2
33 89 2
0 74 2
64 168 2
32 113 2
36 48 2
26 32 2
74 144 1
55 57 2
58 100 2
4 43 2
10 33 2
70 110 2
80 118 2
85 162 1
25 28 2
24 56 2
15 72 2
7 156 2
13 21 2
93 127 2
56 72 2
15 173 1
60 184 1
21 39 2
58 138 2
86 187 1
40 79 2
29 41 2
55 151 1
7 85 2
3 25 2
67 99 2
63 112 2
9 64 2
72 100 2
21 37 2
6 105 2
77 92 2
37 113 2
15 99 2
90 144 2
75 102 2
46 133 1
16 54 2
32 68 2
13 98 2
15 50 2
102 185 1
0 177 2
14 46 2
102 172 1
52 69 2
21 106 2
5 43 2
81 180 2
15 20 2
92 151 2
22 96 2
77 122 2
34 81 2
22 79 2
29 97 2
21 91 2
48 129 2
14 97 2
27 148 1
72 147 2
45 140 2
70 83 2
72 172 2
0 77 2
31 53 2
26 78 2
8 108 2
36 37 2
49 122 2
44 67 2
1 139 2
23 45 2
13 49 2
13 76 2
11 66 2
6 103 2
51 182 1
41 172 1
0 79 2
38 108 2
13 94 2
49 137 2
68 102 2
71 86 2
29 75 2
69 80 2
89 97 2
48 111 2
11 176 2
82 103 2
11 131 2
13 17 2
16 38 2
41 50 2
2 37 2
62 178 2
78 87 2
55 120 2
42 141 2
16 146 1
14 59 2
38 167 1
58 59 2
38 48 2
5 15 2
99 102 2
17 161 2
79 182 2
80 95 2
1 49 2
38 146 2
40 105 2
68 81 2
79 120 1
61 135 2
5 149 1
44 157 2
42 50 2
5 101 2
3 35 2
10 117 1
57 89 2
7 67 2
63 73 2
106 133 1
21 171 2
77 84 2
82 167 2
98 189 2
15 62 2
5 147 1
33 83 2
8 107 2
109 112 2
59 109 2
31 165 1
32 39 2
64 95 2
62 101 2
36 96 2
57 106 2
93 107 2
40 131 1
17 58 2
100 111 2
48 185 2
65 75 2
1 96 2
79 188 1
5 38 2
8 102 2
35 113 2
107 150 2
50 125 2
45 62 2
9 36 2
64 98 2
42 118 2
32 73 2
3 180 2
77 80 2
77 79 2
54 90 2
10 43 2
41 114 2
66 129 2
38 165 1
48 113 2
4 100 2
48 144 1
68 130 1
9 21 2
58 95 2
15 77 2
1 44 2
18 48 2
67 68 2
56 92 2
27 164 2
17 40 2
36 49 2
54 168 2
30 36 2
24 30 2
31 104 2
29 111 2
60 65 2
100 104 2
10 17 2
71 111 2
99 121 2
66 126 2
32 97 2
24 111 2
56 112 2
101 140 2
3 72 2
53 84 2
85 90 2
67 73 2
6 42 2
43 136 2
31 188 2
29 144 2
48 49 2
16 62 2
76 124 2
56 94 2
21 166 1
6 23 2
101 133 2
27 77 2
88 124 2
74 106 2
29 95 2
1 30 2
77 156 1
6 35 2
9 33 2
6 135 2
68 82 2
24 46 2
2 93 2
3 80 2
27 113 2
17 100 2
82 94 2
55 71 2
28 185 2
21 60 2
31 57 2
49 85 2
78 100 2
10 84 2
11 63 2
20 105 2
51 164 2
35 86 2
43 122 2
103 104 2
39 51 2
37 111 2
27 188 2
24 108 2
93 120 2
30 178 2
56 109 2
104 157 2
33 95 2
69 127 2
34 57 2
9 151 1
19 156 2
39 85 2
76 110 2
11 71 2
58 108 2
12 81 2
95 186 1
52 167 1
97 186 1
11 60 2
11 40 2
4 87 2
90 101 2
20 44 2
44 92 2
1 9 2
38 157 1
63 188 2
9 106 2
53 174 2
18 104 2
4 155 1
22 62 2
20 89 2
29 159 2
9 61 2
41 101 2
35 54 2
45 82 2
44 46 2
2 4 2
55 93 2
83 107 2
28 53 2
42 109 2
3 137 2
105 111 2
87 185 2
101 107 2
9 32 2
60 121 2
89 104 2
13 40 2
26 77 2
41 47 2
57 102 2
8 86 2
47 64 2
68 107 2
87 166 2
0 94 2
21 145 2
11 129 2
42 176 2
47 110 2
75 176 2
39 52 2
31 34 2
68 88 2
38 47 2
4 96 2
11 105 2
26 105 2
75 144 2
47 87 2
85 102 2
76 116 1
28 181 1
68 92 2
10 106 2
2 103 2
15 41 2
35 106 2
98 149 2
51 100 2
2 76 2
19 24 2
58 82 2
6 97 2
62 86 2
83 99 2
34 105 2
21 99 2
40 103 2
33 50 2
32 123 2
24 105 2
27 81 2
41 85 2
10 161 1
10 72 2
60 75 2
17 69 2
107 111 2
30 92 2
21 105 2
103 176 2
46 61 2
105 138 2
45 95 2
43 89 2
24 98 2
47 153 2
54 82 2
5 176 2
25 173 2
70 139 1
27 59 2
10 22 2
31 62 2
13 74 2
6 36 2
47 51 2
49 67 2
57 97 2
13 173 2
41 70 2
14 65 2
18 25 2
26 66 2
2 172 1
32 125 2
38 88 2
8 169 2
31 38 2
40 128 2
77 112 2
113 172 2
41 103 2
12 51 2
12 89 2
82 108 2
28 52 2
102 145 1
9 20 2
112 113 2
20 67 2
0 14 2
96 116 2
12 72 2
82 122 2
7 14 2
14 80 2
47 103 2
14 159 1
0 33 2
30 100 2
41 78 2
87 141 2
55 102 2
8 173 2
42 162 2
112 187 1
12 99 2
17 64 2
0 2 2
56 171 2
27 132 2
79 109 2
45 169 1
65 69 2
24 84 2
63 64 2
37 155 1
30 159 1
9 28 2
86 112 2
16 52 2
53 116 1
89 174 1
31 111 2
27 63 2
105 159 1
15 38 2
82 150 1
69 82 2
35 104 2
33 185 2
111 140 1
73 176 1
88 159 2
41 87 2
44 110 2
50 67 2
53 85 2
2 81 2
22 85 2
35 189 2
110 188 2
91 111 2
1 54 2
18 82 2
28 106 2
35 93 2
56 76 2
30 84 2
64 111 2
30 109 2
66 89 2
41 96 2
19 83 2
44 135 2
4 127 2
113 120 2
106 185 1
60 186 2
8 88 2
96 100 2
71 96 2
39 82 2
11 108 2
82 98 2
48 63 2
17 137 2
26 113 2
61 86 2
44 55 2
55 162 2
7 9 2
19 127 2
95 116 2
3 144 1
0 68 2
108 150 2
10 38 2
46 57 2
12 78 2
23 28 2
9 86 2
0 72 2
73 112 2
61 99 2
3 178 1
28 58 2
88 148 2
61 77 2
30 50 2
65 67 2
53 98 2
59 99 2
48 57 2
30 46 2
92 155 2
18 30 2
96 121 2
39 70 2
87 137 2
9 168 1
102 135 2
51 103 2
46 104 2
9 89 2
73 143 2
32 95 2
81 98 2
28 60 2
36 103 2
0 10 2
83 103 2
71 79 2
18 161 1
88 169 2
89 147 1
0 3 2
85 166 1
47 92 2
24 34 2
40 150 2
9 128 2
2 42 2
1 173 2
17 46 2
89 93 2
47 50 2
110 174 2
95 102 2
71 101 2
77 111 2
113 180 2
28 31 2
42 113 2
67 106 2
37 58 2
65 87 2
24 39 2
47 138 2
16 26 2
52 73 2
11 45 2
39 95 2
89 109 2
41 55 2
34 67 2
9 122 2
87 96 2
68 109 2
13 99 2
85 164 2
47 157 2
89 112 2
54 180 2
4 137 1
24 110 2
29 120 1
80 108 2
109 147 1
78 103 2
47 98 2
5 70 2
60 81 2
16 39 2
31 129 2
55 108 2
66 165 2
69 121 2
52 122 2
49 54 2
80 94 2
83 165 1
4 156 2
54 81 2
57 151 2
66 179 2
11 147 2
86 102 2
5 55 2
14 53 2
74 139 1
25 74 2
7 16 2
55 129 1
4 178 1
81 174 2
29 94 2
71 98 2
62 78 2
88 170 2
1 57 2
57 170 2
3 22 2
18 42 2
16 91 2
54 72 2
6 39 2
95 118 2
59 68 2
41 64 2
74 123 2
67 148 2
21 63 2
45 109 2
27 187 2
63 175 2
66 70 2
64 92 2
58 73 2
9 38 2
23 161 2
51 113 2
59 121 2
63 109 2
48 54 2
71 138 2
9 76 2
65 79 2
51 76 2
44 103 2
96 109 2
96 137 1
6 50 2
65 125 1
5 58 2
35 151 2
5 24 2
58 75 2
53 73 2
18 112 2
27 110 2
60 126 1
43 153 1
14 114 1
20 29 2
49 63 2
39 93 2
85 121 2
1 6 2
20 146 2
51 72 2
82 91 2
43 112 2
88 146 2
31 85 2
79 113 2
74 80 2
31 128 2
5 90 2
16 101 2
12 71 2
33 108 2
112 158 2
29 124 1
48 55 2
59 76 2
19 100 2
2 147 1
54 163 1
92 111 2
34 104 2
38 171 2
97 101 2
25 93 2
29 174 2
31 163 2
1 100 2
54 105 2
84 89 2
67 109 2
37 82 2
71 154 2
55 112 2
24 154 2
35 112 2
109 176 2
69 185 1
63 105 2
21 104 2
8 115 2
79 88 2
10 16 2
48 59 2
21 73 2
26 81 2
7 34 2
83 152 1
38 49 2
24 175 1
12 29 2
42 87 2
81 148 2
55 60 2
52 75 2
75 130 1
61 63 2
53 189 2
41 44 2
25 26 2
55 87 2
72 144 1
72 86 2
61 80 2
58 186 1
8 69 2
78 113 2
50 166 2
11 41 2
79 82 2
32 42 2
69 79 2
22 118 1
19 130 2
55 148 2
46 105 2
92 112 2
13 41 2
94 104 2
52 91 2
10 35 2
59 101 2
22 100 2
79 151 1
72 83 2
112 179 1
100 116 2
92 130 1
89 99 2
69 100 2
9 27 2
107 177 1
70 101 2
40 83 2
58 180 2
70 105 2
2 95 2
21 38 2
37 76 2
20 45 2
8 50 2
42 161 2
11 43 2
1 35 2
43 159 1
28 96 2
108 120 2
10 69 2
11 70 2
30 48 2
44 87 2
62 167 1
92 95 2
83 120 2
61 95 2
8 49 2
28 163 1
105 149 2
94 128 2
19 105 2
34 66 2
38 40 2
66 132 2
104 173 2
94 116 2
43 75 2
30 108 2
90 92 2
55 113 2
12 79 2
7 123 2
18 115 2
64 166 2
36 71 2
52 100 2
87 91 2
25 62 2
30 131 1
0 88 2
91 109 2
72 138 1
39 72 2
19 23 2
63 149 2
63 89 2
1 117 2
13 44 2
44 97 2
17 109 2
7 51 2
11 26 2
43 97 2
23 27 2
113 164 2
5 7 2
47 54 2
8 35 2
75 85 2
50 180 2
19 73 2
72 159 1
108 140 1
30 37 2
4 82 2
8 59 2
9 109 2
80 84 2
6 144 2
31 97 2
54 66 2
43 72 2
84 148 1
45 181 2
42 76 2
51 143 1
41 48 2
40 76 2
11 24 2
68 74 2
62 71 2
67 165 2
5 85 2
26 111 2
93 175 2
21 58 2
34 96 2
29 69 2
13 84 2
41 144 1
18 103 2
25 98 2
32 127 2
8 47 2
88 99 2
3 69 2
47 78 2
7 36 2
39 160 2
65 108 2
25 72 2
13 168 2
59 183 2
58 102 2
63 90 2
64 76 2
46 50 2
17 76 2
17 34 2
68 83 2
12 84 2
69 145 2
64 94 2
95 179 2
9 70 2
64 139 2
13 36 2
74 162 2
57 104 2
91 170 2
39 69 2
3 48 2
52 96 2
106 181 2
19 51 2
27 88 2
34 99 2
28 76 2
32 63 2
5 83 2
100 152 1
107 143 1
27 45 2
5 6 2
34 79 2
50 98 2
79 102 2
73 162 1
2 169 2
54 61 2
39 145 2
7 165 1
58 109 2
104 140 2
76 128 2
49 162 1
25 101 2
15 46 2
30 106 2
10 92 2
49 185 2
17 53 2
49 163 2
98 151 2
31 39 2
17 18 2
10 39 2
7 66 2
58 74 2
26 172 2
8 85 2
49 57 2
20 97 2
78 105 2
58 159 2
69 103 2
33 67 2
32 74 2
8 135 1
0 19 2
2 66 2
53 99 2
17 88 2
41 88 2
48 50 2
13 72 2
105 110 2
18 109 2
56 107 2
38 74 2
39 60 2
37 101 2
8 71 2
87 108 2
95 123 1
93 95 2
84 105 2
16 161 1
103 150 1
64 102 2
15 175 2
22 44 2
66 91 2
99 164 2
18 35 2
46 113 2
85 185 2
6 66 2
14 55 2
7 72 2
2 65 2
1 34 2
53 80 2
86 150 2
18 98 2
13 78 2
52 143 2
19 67 2
34 58 2
5 49 2
106 184 2
13 34 2
31 170 1
2 131 1
76 156 1
56 137 2
49 105 2
94 97 2
18 85 2
79 105 2
14 169 1
21 110 2
26 72 2
102 170 2
3 5 2
52 103 2
89 103 2
55 82 2
53 131 1
52 189 2
71 90 2
72 82 2
26 153 2
93 155 2
52 160 2
13 165 2
25 97 2
7 38 2
45 79 2
111 112 2
0 83 2
44 107 2
5 19 2
43 140 2
43 82 2
15 17 2
67 84 2
50 179 1
81 91 2
21 84 2
106 170 2
32 144 1
57 65 2
37 87 2
46 55 2
34 46 2
61 151 1
28 59 2
2 99 2
57 94 2
97 177 2
36 80 2
31 101 2
22 130 2
49 109 2
45 64 2
19 133 2
2 28 2
20 178 2
46 84 2
29 54 2
65 98 2
1 162 2
32 89 2
71 128 1
72 96 2
37 39 2
20 93 2
8 19 2
20 102 2
51 109 2
51 86 2
24 129 2
2 101 2
90 169 2
49 50 2
2 79 2
54 56 2
32 98 2
24 44 2
18 28 2
70 78 2
25 51 2
79 174 2
41 52 2
37 79 2
54 111 2
89 145 2
29 105 2
46 134 2
49 111 2
97 108 2
40 187 1
48 80 2
29 62 2
64 101 2
0 20 2
30 90 2
39 47 2
44 72 2
67 161 2
0 89 2
76 99 2
43 175 2
84 154 2
63 106 2
88 112 2
74 100 2
49 83 2
62 77 2
96 148 2
55 170 1
110 139 1
67 80 2
41 179 1
110 163 2
39 103 2
42 181 2
17 157 2
106 110 2
13 62 2
23 139 2
3 94 2
44 111 2
11 128 1
18 75 2
0 97 2
27 151 2
84 115 2
96 120 1
17 71 2
12 69 2
33 120 2
95 107 2
57 171 2
11 76 2
19 26 2
61 72 2
17 59 2
43 135 1
17 50 2
22 43 2
2 7 2
73 82 2
38 39 2
89 114 2
26 149 1
21 46 2
102 181 1
68 72 2
54 101 2
42 62 2
77 95 2
13 63 2
101 171 2
45 72 2
16 48 2
49 103 2
58 91 2
73 109 2
38 104 2
72 91 2
99 136 2
13 151 2
77 78 2
66 153 2
3 4 2
11 49 2
23 106 2
59 166 2
66 67 2
1 62 2
90 98 2
5 29 2
42 68 2
36 90 2
33 107 2
74 104 2
62 88 2
19 74 2
13 18 2
54 102 2
69 126 2
103 173 2
14 137 2
16 44 2
24 33 2
3 95 2
83 109 2
88 93 2
45 50 2
56 172 1
19 113 2
69 168 2
20 91 2
24 70 2
0 187 2
110 172 2
10 67 2
8 48 2
50 132 2
89 123 2
38 70 2
3 7 2
46 94 2
28 107 2
14 70 2
83 95 2
37 51 2
65 147 1
10 104 2
11 157 2
5 157 1
6 44 2
6 25 2
58 113 2
77 102 2
28 123 2
69 72 2
67 119 2
10 57 2
15 47 2
13 91 2
20 103 2
18 63 2
51 70 2
70 71 2
37 43 2
91 107 2
2 23 2
45 85 2
5 26 2
106 124 2
37 63 2
10 109 2
38 164 1
8 45 2
30 81 2
20 101 2
60 102 2
67 174 2
27 44 2
1 70 2
16 46 2
56 130 2
40 87 2
86 91 2
85 108 2
96 187 2
15 16 2
89 106 2
81 82 2
15 71 2
60 82 2
98 166 1
81 154 1
16 132 1
34 98 2
33 39 2
35 131 1
18 23 2
81 182 2
27 72 2
99 128 2
6 48 2
89 113 2
40 98 2
102 105 2
54 143 2
68 144 2
7 104 2
35 64 2
24 60 2
107 108 2
24 76 2
23 60 2
40 68 2
28 68 2
27 104 2
11 89 2
36 133 1
16 120 2
81 116 2
11 65 2
25 127 2
70 81 2
105 151 1
22 107 2
12 132 1
7 164 2
44 160 2
41 181 1
54 109 2
8 24 2
23 187 2
86 178 2
87 100 2
36 84 2
41 43 2
7 162 2
57 87 2
32 47 2
91 179 2
37 78 2
14 110 2
66 125 2
71 100 2
40 69 2
46 78 2
96 143 2
44 53 2
15 100 2
113 133 1
25 33 2
28 80 2
17 182 2
34 130 2
5 57 2
82 107 2
22 68 2
66 150 2
9 184 2
36 187 2
25 43 2
15 74 2
107 170 2
91 97 2
50 111 2
49 141 2
97 100 2
22 189 2
77 100 2
28 120 2
15 171 1
0 126 2
23 100 2
28 83 2
83 94 2
32 107 2
11 44 2
24 25 2
20 158 1
25 169 1
78 96 2
12 94 2
91 185 1
13 19 2
49 70 2
5 103 2
1 20 2
72 108 2
45 94 2
56 160 2
81 99 2
7 55 2
81 110 2
14 85 2
102 127 1
9 15 2
57 72 2
24 91 2
11 97 2
60 167 2
89 95 2
67 70 2
54 78 2
60 99 2
38 67 2
67 176 2
85 93 2
35 129 1
24 165 2
80 96 2
58 86 2
108 164 2
9 137 2
16 184 2
40 54 2
6 20 2
60 72 2
50 84 2
31 148 2
63 116 2
27 33 2
22 59 2
38 189 1
86 174 2
9 94 2
54 93 2
78 153 2
35 108 2
13 75 2
104 106 2
21 108 2
29 87 2
5 11 2
45 111 2
35 57 2
101 122 1
83 104 2
66 111 2
0 105 2
50 102 2
11 188 1
67 85 2
73 165 2
35 105 2
91 151 2
10 75 2
104 152 2
48 71 2
20 79 2
41 118 2
87 176 2
40 88 2
9 46 2
41 122 2
35 110 2
52 79 2
91 146 2
14 49 2
19 80 2
40 113 2
103 158 1
77 179 1
84 85 2
1 40 2
85 131 1
17 149 1
59 164 2
40 176 2
69 110 2
24 28 2
93 163 1
16 106 2
83 84 2
39 126 2
5 144 1
81 94 2
87 92 2
46 85 2
29 109 2
4 56 2
58 85 2
56 65 2
65 116 2
26 71 2
1 12 2
39 128 1
16 100 2
60 73 2
17 101 2
26 45 2
31 108 2
29 100 2
35 103 2
57 76 2
43 48 2
35 95 2
75 134 2
60 62 2
42 77 2
50 101 2
43 179 2
30 47 2
16 113 2
91 98 2
46 164 2
33 56 2
63 69 2
88 106 2
64 113 2
5 134 2
20 128 2
1 64 2
33 104 2
16 111 2
34 74 2
52 183 2
41 45 2
29 151 2
51 181 2
19 20 2
34 77 2
52 117 1
1 181 2
6 159 2
5 189 1
53 183 1
41 121 1
48 153 1
102 138 2
81 93 2
76 153 2
66 104 2
50 153 2
69 95 2
68 151 2
6 106 2
82 148 2
33 86 2
22 94 2
15 32 2
95 99 2
80 128 1
62 180 2
6 19 2
14 64 2
13 27 2
9 34 2
75 100 2
65 111 2
12 188 2
72 78 2
82 100 2
101 108 2
9 11 2
5 10 2
51 98 2
12 15 2
16 33 2
21 109 2
0 63 2
41 69 2
66 109 2
83 180 1
93 106 2
3 19 2
2 34 2
6 156 2
18 110 2
69 76 2
79 128 1
98 102 2
19 29 2
31 88 2
15 21 2
37 50 2
16 66 2
69 108 2
102 111 2
99 117 1
0 86 2
67 75 2
72 101 2
10 34 2
47 165 2
13 115 2
94 134 2
81 115 1
32 69 2
78 89 2
25 83 2
9 90 2
3 97 2
23 47 2
11 30 2
84 131 2
10 133 2
10 42 2
29 30 2
14 22 2
31 37 2
23 64 2
17 37 2
84 107 2
68 108 2
107 135 1
12 134 2
54 159 2
54 183 1
3 30 2
5 34 2
93 146 2
1 29 2
56 96 2
78 170 2
10 96 2
5 36 2
69 104 2
22 97 2
110 111 2
29 83 2
18 145 2
0 64 2
69 167 2
97 146 2
67 82 2
41 94 2
101 166 1
6 73 2
72 185 2
98 182 1
42 72 2
72 137 2
27 40 2
90 95 2
55 83 2
55 80 2
70 77 2
17 31 2
38 174 1
39 109 2
2 48 2
51 52 2
30 97 2
38 54 2
5 181 2
23 127 2
22 65 2
45 47 2
56 79 2
111 113 2
77 163 2
39 58 2
22 113 2
74 147 1
89 131 2
17 74 2
17 28 2
65 178 2
88 187 2
15 105 2
5 132 2
5 104 2
19 31 2
6 26 2
62 90 2
94 135 1
39 81 2
8 34 2
22 87 2
111 114 1
3 44 2
82 104 2
14 29 2
23 41 2
16 107 2
6 16 2
37 156 2
12 95 2
25 130 2
101 155 2
54 71 2
8 171 1
40 142 2
7 103 2
8 109 2
78 138 1
33 40 2
40 84 2
77 108 2
15 142 2
84 102 2
7 83 2
97 154 1
47 68 2
51 97 2
106 115 2
21 78 2
18 54 2
76 86 2
48 85 2
13 169 2
95 180 1
29 92 2
13 96 2
50 70 2
31 138 1
54 95 2
28 93 2
35 99 2
100 110 2
32 62 2
24 95 2
14 60 2
87 90 2
85 110 2
28 133 2
1 60 2
76 181 1
1 89 2
44 153 2
32 176 2
48 112 2
4 27 2
15 59 2
49 101 2
36 60 2
33 59 2
9 101 2
100 106 2
31 41 2
21 83 2
71 112 2
10 81 2
47 166 1
32 103 2
8 18 2
10 53 2
62 110 2
30 181 2
21 111 2
22 77 2
22 91 2
19 68 2
97 112 2
60 88 2
51 96 2
67 74 2
28 167 2
89 127 2
8 100 2
76 118 2
13 111 2
88 110 2
1 37 2
58 97 2
31 67 2
57 81 2
17 125 2
63 104 2
50 89 2
67 184 2
31 75 2
15 86 2
90 99 2
35 47 2
4 51 2
37 139 1
16 152 2
79 172 1
20 108 2
50 105 2
52 74 2
56 114 1
39 74 2
69 77 2
97 111 2
65 139 1
19 69 2
26 52 2
8 106 2
6 132 2
29 65 2
18 27 2
33 81 2
102 113 2
4 101 2
74 76 2
50 92 2
90 130 2
3 8 2
16 69 2
2 40 2
15 42 2
19 154 2
30 93 2
33 41 2
75 118 2
105 119 2
4 85 2
16 88 2
103 110 2
52 61 2
40 52 2
50 72 2
11 59 2
77 125 1
43 70 2
17 92 2
18 56 2
33 109 2
1 38 2
56 117 1
0 1 2
50 109 2
78 160 1
63 144 2
76 109 2
57 66 2
72 106 2
34 159 2
48 106 2
15 136 2
69 74 2
64 79 2
92 104 2
54 67 2
99 167 1
50 77 2
51 54 2
34 92 2
35 39 2
25 135 1
5 8 2
2 189 2
3 110 2
89 133 1
69 75 2
70 106 2
14 157 2
79 96 2
30 41 2
62 108 2
3 102 2
56 83 2
2 33 2
35 75 2
65 71 2
38 79 2
54 187 2
63 72 2
38 102 2
4 172 2
22 25 2
54 76 2
80 111 2
10 151 2
36 139 2
14 82 2
36 42 2
36 142 2
105 150 2
56 87 2
49 73 2
33 138 2
23 131 1
16 20 2
6 174 2
15 163 2
77 114 1
107 113 2
36 102 2
99 130 2
16 92 2
11 73 2
26 90 2
22 58 2
61 107 2
23 46 2
19 61 2
11 113 2
39 99 2
67 93 2
27 65 2
65 72 2
29 76 2
18 38 2
9 119 2
22 78 2
80 110 2
78 111 2
35 101 2
9 51 2
21 70 2
11 167 2
4 135 2
6 102 2
66 97 2
25 27 2
87 88 2
19 97 2
39 113 2
9 35 2
59 74 2
15 56 2
83 167 2
3 92 2
5 102 2
105 156 1
68 117 1
17 89 2
31 107 2
21 86 2
34 82 2
39 139 2
47 105 2
9 81 2
2 75 2
2 162 2
19 57 2
9 45 2
27 150 2
91 131 2
20 90 2
27 28 2
42 44 2
22 48 2
37 97 2
41 53 2
24 36 2
20 81 2
51 87 2
56 111 2
32 41 2
76 140 2
10 54 2
51 127 1
4 147 1
25 77 2
91 92 2
48 164 2
52 86 2
18 108 2
35 43 2
36 79 2
57 77 2
44 56 2
52 65 2
52 62 2
95 131 2
14 62 2
56 84 2
6 83 2
3 108 2
76 82 2
34 186 2
25 117 1
4 26 2
73 93 2
21 44 2
20 42 2
33 82 2
53 185 2
56 66 2
27 91 2
9 95 2
42 46 2
63 157 2
25 148 2
27 122 2
50 55 2
46 95 2
46 71 2
35 94 2
19 52 2
47 115 2
73 168 2
42 166 1
4 29 2
13 102 2
41 162 2
39 79 2
100 130 1
76 83 2
54 83 2
2 133 1
76 137 1
48 56 2
5 35 2
33 167 2
47 57 2
7 45 2
34 144 2
67 131 1
14 183 2
49 75 2
49 81 2
55 174 1
43 102 2
20 35 2
33 51 2
112 155 2
8 101 2
4 33 2
30 75 2
44 100 2
104 109 2
87 170 1
36 183 1
14 75 2
77 83 2
38 45 2
30 68 2
40 57 2
55 59 2
66 106 2
9 53 2
14 95 2
31 103 2
84 106 2
58 60 2
96 125 1
17 146 2
37 107 2
18 100 2
50 123 2
18 186 2
47 101 2
58 112 2
35 102 2
54 173 2
1 42 2
33 74 2
42 100 2
69 141 2
2 22 2
25 75 2
0 12 2
84 157 1
49 77 2
44 86 2
16 154 2
19 168 1
37 90 2
32 72 2
19 60 2
30 66 2
54 57 2
6 162 2
0 100 2
17 57 2
14 83 2
17 115 2
105 160 2
0 27 2
65 122 2
51 172 2
84 97 2
10 93 2
20 112 2
37 59 2
3 91 2
15 22 2
2 112 2
35 44 2
14 176 1
50 61 2
29 81 2
59 154 2
13 89 2
31 96 2
4 32 2
21 87 2
79 180 1
44 102 2
19 152 2
65 74 2
3 82 2
40 66 2
36 185 2
13 123 1
42 51 2
38 166 1
78 163 1
52 105 2
0 81 2
52 171 2
75 186 2
28 37 2
10 82 2
33 164 1
14 77 2
18 90 2
25 59 2
42 139 1
78 95 2
9 74 2
33 114 1
90 188 2
34 40 2
3 177 2
66 103 2
54 170 2
3 11 2
49 74 2
96 102 2
50 152 2
5 87 2
46 136 2
79 95 2
2 51 2
33 63 2
24 113 2
97 185 2
8 97 2
43 158 2
33 100 2
7 117 1
1 71 2
14 37 2
18 44 2
62 89 2
44 59 2
82 88 2
16 123 2
8 160 2
67 179 2
75 87 2
24 43 2
103 113 2
61 171 2
82 176 2
48 90 2
17 86 2
74 93 2
8 51 2
53 56 2
88 129 2
50 60 2
20 155 2
45 170 2
24 83 2
64 174 2
7 71 2
30 31 2
14 23 2
59 175 1
21 150 2
3 47 2
53 66 2
7 43 2
14 180 1
99 168 1
12 55 2
72 103 2
11 81 2
44 134 2
37 80 2
57 82 2
91 173 2
72 182 2
50 91 2
53 147 1
54 69 2
90 106 2
54 152 1
13 35 2
0 78 2
1 104 2
77 181 2
2 183 1
65 107 2
15 78 2
85 107 2
6 65 2
24 148 2
57 184 1
37 93 2
67 169 1
23 73 2
17 94 2
52 165 2
61 154 2
8 164 2
4 39 2
107 136 2
17 29 2
72 112 2
29 113 2
110 157 2
10 59 2
3 101 2
50 76 2
16 78 2
46 111 2
36 100 2
48 148 2
61 101 2
4 52 2
66 82 2
88 126 1
52 169 2
76 77 2
9 52 2
69 99 2
22 157 2
11 107 2
50 58 2
42 105 2
28 91 2
56 89 2
15 60 2
35 124 2
90 149 1
71 97 2
85 173 2
16 30 2
27 95 2
6 96 2
32 134 2
35 146 2
68 188 1
97 103 2
18 106 2
0 35 2
5 68 2
46 86 2
30 80 2
36 68 2
100 176 2
22 23 2
27 116 2
3 28 2
102 169 2
8 87 2
44 71 2
100 186 1
87 118 1
75 156 2
20 85 2
9 91 2
38 56 2
70 132 1
104 143 2
78 117 2
46 165 1
12 87 2
66 88 2
87 107 2
67 87 2
1 28 2
40 95 2
29 33 2
84 103 2
69 70 2
60 110 2
41 111 2
88 89 2
52 142 2
59 131 2
31 98 2
90 183 2
17 67 2
76 107 2
23 103 2
70 95 2
34 73 2
23 26 2
76 102 2
5 67 2
60 106 2
82 92 2
1 160 2
79 110 2
44 47 2
74 79 2
78 131 2
35 81 2
14 17 2
26 83 2
26 150 2
73 110 2
7 17 2
36 110 2
67 128 2
68 93 2
0 113 2
53 78 2
41 60 2
17 80 2
62 63 2
23 132 2
14 71 2
43 61 2
24 48 2
55 103 2
59 60 2
80 98 2
35 51 2
1 77 2
31 72 2
100 126 2
15 64 2
68 177 2
21 29 2
14 58 2
34 174 2
3 160 1
63 110 2
25 47 2
84 90 2
89 91 2
63 84 2
37 65 2
18 83 2
43 111 2
82 124 1
61 189 2
22 103 2
42 78 2
16 177 2
19 102 2
43 52 2
23 69 2
105 125 2
37 186 2
71 182 1
1 90 2
43 98 2
43 66 2
73 141 2
28 104 2
65 66 2
68 78 2
51 125 2
84 87 2
100 183 2
3 157 2
69 106 2
97 153 2
39 102 2
29 173 2
38 93 2
44 121 2
1 55 2
17 75 2
38 64 2
0 85 2
77 103 2
25 71 2
58 90 2
88 186 2
99 112 2
85 120 2
53 95 2
24 103 2
5 62 2
12 141 2
99 161 2
67 104 2
15 151 2
48 89 2
63 97 2
0 16 2
91 141 2
77 158 1
34 100 2
42 93 2
108 179 2
94 111 2
7 102 2
22 108 2
33 92 2
18 70 2
38 173 2
23 125 2
46 139 2
77 109 2
29 51 2
18 61 2
0 106 2
85 113 2
52 77 2
40 82 2
80 107 2
100 185 2
18 157 1
99 152 1
68 95 2
28 100 2
5 51 2
100 119 1
26 118 2
57 79 2
60 94 2
18 88 2
69 128 2
105 185 2
0 54 2
48 189 2
36 59 2
4 11 2
47 141 2
71 129 2
10 19 2
15 57 2
68 94 2
50 104 2
84 86 2
33 60 2
60 74 2
3 112 2
86 182 2
69 109 2
67 100 2
12 45 2
24 94 2
69 149 1
28 30 2
29 66 2
4 42 2
12 74 2
39 110 2
111 128 2
5 153 2
28 65 2
97 143 2
2 77 2
28 74 2
55 75 2
77 136 1
56 148 1
2 180 2
59 81 2
37 88 2
39 185 2
13 117 1
57 112 2
1 95 2
74 95 2
70 99 2
18 20 2
96 149 1
49 113 2
48 155 2
73 86 2
50 88 2
19 48 2
2 20 2
28 71 2
10 36 2
42 83 2
38 76 2
20 88 2
49 55 2
40 81 2
10 26 2
59 61 2
93 96 2
98 171 2
97 175 2
33 34 2
71 145 1
42 85 2
53 172 2
12 82 2
48 149 1
5 92 2
112 133 2
42 99 2
48 110 2
96 182 2
36 66 2
30 60 2
68 103 2
69 119 2
59 105 2
48 72 2
7 78 2
24 73 2
21 139 1
92 93 2
11 87 2
38 103 2
66 69 2
57 113 2
44 45 2
88 90 2
17 65 2
70 96 2
34 85 2
56 64 2
0 75 2
37 70 2
44 94 2
31 136 2
36 46 2
81 84 2
42 67 2
10 127 2
4 45 2
3 83 2
28 70 2
71 78 2
28 136 1
25 67 2
44 108 2
99 108 2
12 68 2
42 73 2
40 74 2
113 121 1
96 106 2
80 83 2
45 65 2
40 56 2
58 104 2
16 23 2
23 83 2
12 50 2
27 170 2
11 58 2
26 115 2
5 167 2
19 88 2
41 83 2
59 72 2
17 170 2
12 83 2
63 70 2
6 85 2
28 66 2
12 37 2
98 112 2
58 88 2
69 89 2
47 95 2
51 110 2
28 102 2
31 78 2
79 147 2
66 108 2
17 180 1
66 148 2
23 58 2
16 112 2
25 103 2
18 95 2
10 102 2
49 93 2
7 28 2
54 149 2
21 156 1
92 160 2
10 105 2
59 111 2
71 105 2
38 72 2
2 70 2
70 175 2
15 28 2
37 54 2
12 164 2
0 67 2
24 32 2
27 176 2
71 104 2
10 27 2
75 145 2
64 69 2
113 177 1
79 104 2
34 61 2
20 176 1
17 178 1
16 47 2
54 92 2
84 166 1
72 76 2
39 107 2
77 93 2
87 138 1
105 108 2
36 104 2
5 76 2
9 58 2
91 95 2
29 45 2
13 39 2
67 112 2
19 119 1
6 88 2
9 22 2
40 85 2
11 38 2
20 166 2
46 62 2
43 71 2
1 140 2
95 110 2
27 52 2
75 159 2
1 74 2
63 156 1
63 173 2
58 66 2
73 96 2
69 187 1
1 52 2
106 113 2
5 72 2
94 172 2
86 110 2
80 180 1
13 85 2
98 100 2
49 117 2
106 122 1
77 149 1
52 149 2
59 114 1
17 32 2
3 84 2
84 129 2
11 37 2
4 110 2
39 157 2
35 65 2
0 23 2
79 108 2
25 100 2
11 83 2
82 136 1
53 89 2
69 87 2
99 109 2
72 95 2
80 145 2
30 62 2
77 104 2
8 147 1
56 95 2
35 133 2
40 55 2
95 108 2
8 65 2
16 43 2
34 107 2
80 173 2
42 104 2
64 104 2
34 89 2
8 15 2
4 97 2
18 69 2
49 65 2
41 79 2
21 56 2
47 91 2
15 174 2
53 187 2
64 125 2
85 139 1
28 144 1
15 40 2
56 57 2
55 73 2
15 24 2
20 106 2
37 180 2
38 82 2
35 84 2
34 83 2
59 83 2
1 108 2
4 118 2
50 94 2
39 48 2
83 159 1
32 116 2
90 142 2
0 90 2
47 102 2
91 110 2
109 111 2
3 10 2
44 77 2
33 65 2
38 59 2
26 94 2
37 61 2
31 121 2
78 112 2
92 100 2
56 77 2
44 90 2
7 63 2
99 141 2
49 172 1
1 16 2
79 94 2
4 19 2
48 53 2
97 110 2
31 84 2
94 118 1
40 102 2
12 47 2
21 62 2
36 55 2
65 151 2
33 137 2
14 73 2
4 71 2
51 83 2
61 188 2
15 106 2
26 68 2
37 62 2
16 34 2
65 113 2
108 180 2
31 70 2
40 167 2
64 72 2
81 178 2
59 94 2
2 26 2
4 12 2
23 96 2
66 94 2
8 29 2
23 52 2
7 24 2
8 22 2
86 131 1
112 157 2
83 111 2
37 151 2
28 177 2
52 81 2
55 133 2
33 76 2
12 169 2
44 54 2
19 53 2
33 121 2
16 59 2
64 133 1
33 87 2
73 99 2
66 131 2
36 92 2
99 175 1
51 69 2
5 161 2
4 36 2
55 183 1
26 96 2
7 65 2
10 128 2
82 111 2
21 102 2
100 117 1
12 108 2
23 109 2
4 54 2
83 85 2
84 161 2
100 108 2
57 96 2
0 84 2
92 126 2
60 64 2
75 120 1
27 78 2
45 113 2
18 51 2
38 65 2
66 87 2
98 137 2
104 128 2
69 73 2
19 59 2
16 102 2
76 149 1
38 109 2
65 109 2
11 52 2
51 124 2
87 106 2
43 63 2
57 142 1
3 79 2
93 97 2
9 82 2
68 150 2
58 105 2
16 104 2
74 99 2
64 90 2
88 117 2
22 102 2
24 188 1
53 55 2
11 39 2
20 94 2
3 107 2
14 19 2
92 158 1
51 177 1
31 49 2
8 113 2
60 91 2
46 51 2
8 79 2
13 71 2
43 113 2
3 40 2
62 107 2
63 137 1
60 108 2
1 72 2
106 165 1
29 63 2
75 162 2
31 164 2
5 41 2
80 113 2
14 162 2
11 12 2
50 75 2
35 96 2
2 107 2
48 107 2
5 54 2
15 154 1
22 61 2
7 121 2
26 60 2
26 109 2
87 184 1
16 40 2
44 161 2
37 84 2
0 45 2
53 70 2
26 39 2
16 77 2
15 96 2
24 54 2
44 116 1
12 85 2
35 135 1
30 175 2
72 161 2
69 105 2
2 89 2
61 62 2
63 91 2
66 93 2
46 186 2
15 79 2
74 96 2
1 81 2
110 152 2
3 18 2
47 89 2
24 85 2
9 96 2
19 35 2
24 31 2
12 142 2
41 133 2
15 101 2
8 95 2
74 82 2
45 66 2
83 142 1
18 80 2
52 64 2
37 38 2
13 145 2
90 153 2
65 70 2
103 111 2
7 107 2
79 112 2
92 109 2
20 60 2
39 142 2
89 107 2
43 109 2
23 94 2
2 15 2
90 164 2
36 162 2
72 121 2
80 182 2
26 49 2
15 97 2
17 97 2
76 174 2
111 177 1
42 63 2
32 78 2
23 66 2
63 80 2
69 180 2
15 92 2
21 112 2
14 43 2
18 57 2
37 178 2
35 38 2
108 178 2
49 161 2
35 52 2
57 99 2
80 142 2
80 174 1
86 163 1
63 79 2
34 165 2
30 57 2
37 77 2
25 57 2
37 86 2
33 70 2
27 50 2
11 35 2
1 14 2
33 37 2
11 22 2
39 67 2
71 152 1
95 185 1
92 107 2
23 63 2
24 172 2
23 84 2
62 129 1
60 85 2
16 37 2
0 183 1
36 41 2
28 97 2
39 65 2
36 61 2
65 102 2
40 112 2
48 159 2
27 101 2
41 74 2
90 170 2
109 145 2
52 101 2
1 88 2
20 21 2
103 108 2
56 82 2
84 101 2
18 22 2
92 99 2
38 99 2
28 105 2
44 106 2
79 141 2
10 74 2
32 67 2
47 121 2
93 117 2
6 147 2
112 169 2
37 44 2
10 29 2
44 78 2
16 79 2
18 33 2
30 40 2
30 54 2
99 158 2
48 156 2
65 110 2
51 82 2
15 178 1
44 115 2
48 67 2
47 159 1
16 50 2
0 133 2
91 101 2
19 171 1
33 113 2
79 100 2
4 6 2
83 113 2
12 33 2
112 160 1
15 109 2
57 146 2
38 58 2
63 125 2
35 42 2
21 82 2
7 181 1
66 169 1
75 113 2
25 131 2
21 103 2
32 70 2
17 22 2
39 76 2
62 69 2
2 92 2
4 21 2
10 28 2
8 42 2
56 81 2
37 110 2
71 123 2
33 45 2
87 123 1
39 59 2
78 107 2
38 50 2
28 61 2
46 76 2
52 168 1
74 89 2
1 105 2
51 126 2
22 159 2
5 184 2
85 170 2
51 59 2
11 56 2
45 60 2
38 89 2
10 49 2
99 104 2
2 97 2
33 159 1
51 60 2
82 112 2
22 123 2
7 84 2
58 78 2
87 163 1
36 87 2
57 105 2
50 181 2
25 102 2
26 54 2
45 145 1
67 145 2
12 165 1
40 181 2
23 30 2
81 165 2
40 91 2
18 154 1
6 104 2
36 157 2
35 68 2
23 40 2
27 108 2
3 67 2
3 12 2
27 66 2
94 160 2
8 133 1
8 32 2
32 111 2
21 169 2
33 93 2
106 107 2
67 105 2
12 184 1
107 129 2
49 106 2
76 106 2
34 48 2
10 85 2
57 80 2
6 68 2
6 15 2
59 75 2
20 24 2
67 86 2
91 103 2
61 124 2
36 93 2
91 161 2
40 100 2
34 54 2
71 187 2
29 32 2
14 153 1
41 72 2
16 57 2
79 86 2
32 33 2
48 138 1
85 105 2
25 89 2
20 95 2
43 65 2
48 74 2
9 78 2
10 108 2
15 103 2
62 161 2
7 138 2
42 80 2
4 73 2
48 98 2
54 103 2
6 84 2
60 151 2
4 83 2
44 63 2
1 111 2
22 42 2
22 24 2
49 89 2
54 140 2
35 56 2
3 139 2
32 83 2
76 111 2
86 103 2
43 172 2
56 74 2
50 178 2
45 51 2
80 81 2
63 93 2
91 112 2
0 102 2
27 103 2
90 104 2
51 73 2
32 40 2
8 73 2
17 110 2
69 84 2
35 89 2
24 62 2
56 60 2
8 98 2
72 87 2
68 86 2
74 152 2
6 151 2
28 54 2
45 75 2
45 74 2
21 40 2
36 85 2
29 49 2
47 106 2
17 70 2
75 91 2
59 88 2
10 99 2
64 155 1
80 187 2
26 106 2
3 103 2
64 77 2
32 173 2
32 147 2
9 141 1
31 95 2
31 177 2
9 93 2
24 107 2
12 62 2
23 151 2
34 50 2
64 132 2
8 40 2
34 166 2
7 88 2
10 90 2
81 96 2
89 161 1
26 160 2
29 52 2
27 75 2
14 54 2
4 63 2
21 36 2
67 186 2
18 47 2
28 85 2
31 74 2
74 77 2
87 125 1
6 69 2
1 2 2
12 53 2
80 89 2
57 92 2
8 75 2
86 113 2
43 57 2
74 163 2
2 52 2
11 173 2
50 73 2
64 124 2
9 108 2
47 76 2
42 91 2
34 75 2
65 90 2
21 113 2
43 177 2
34 140 2
54 84 2
40 42 2
21 120 1
13 70 2
60 163 2
46 92 2
52 161 2
16 84 2
84 92 2
16 53 2
29 31 2
42 75 2
19 111 2
105 133 1
101 135 1
77 91 2
82 90 2
70 92 2
26 63 2
47 145 1
12 35 2
63 71 2
53 108 2
8 26 2
69 107 2
85 149 2
70 158 1
55 124 2
38 86 2
61 66 2
52 90 2
11 149 2
90 113 2
37 127 1
21 90 2
66 113 2
23 54 2
37 41 2
24 59 2
63 146 1
61 87 2
83 185 2
70 85 2
9 92 2
38 44 2
16 71 2
50 80 2
60 113 2
60 178 2
24 121 1
65 86 2
10 110 2
99 105 2
9 44 2
110 146 2
73 106 2
101 110 2
109 136 2
25 181 2
73 83 2
4 78 2
0 58 2
19 79 2
66 80 2
110 187 2
65 103 2
88 175 2
81 138 2
11 17 2
29 35 2
24 45 2
36 105 2
42 101 2
102 112 2
16 24 2
34 37 2
6 161 2
64 84 2
55 92 2
3 150 2
32 101 2
30 134 2
105 112 2
5 14 2
30 105 2
4 112 2
13 87 2
3 77 2
13 105 2
22 111 2
17 41 2
70 108 2
33 61 2
40 145 1
86 98 2
84 135 2
25 126 1
10 18 2
4 160 2
30 32 2
47 111 2
33 73 2
105 113 2
71 139 2
40 63 2
33 53 2
37 66 2
55 98 2
16 164 2
24 67 2
31 81 2
12 13 2
20 98 2
71 77 2
17 35 2
21 28 2
53 90 2
20 57 2
32 143 2
18 60 2
33 48 2
33 130 2
83 98 2
37 105 2
93 104 2
16 58 2
89 169 2
22 89 2
7 11 2
41 93 2
77 168 2
14 142 2
5 60 2
22 37 2
49 107 2
33 72 2
20 145 2
14 129 1
46 106 2
4 139 2
10 14 2
5 89 2
2 47 2
102 104 2
21 55 2
16 67 2
7 44 2
28 126 1
2 115 2
43 69 2
16 89 2
93 152 2
97 131 1
75 105 2
6 112 2
111 125 2
62 81 2
92 97 2
67 77 2
45 165 2
46 60 2
3 41 2
55 78 2
17 105 2
67 107 2
100 105 2
21 30 2
67 102 2
25 37 2
103 144 2
61 67 2
94 110 2
31 93 2
24 101 2
45 104 2
55 158 2
47 104 2
29 165 2
37 146 2
65 95 2
59 93 2
45 180 2
46 49 2
4 158 1
27 149 2
35 183 1
67 94 2
65 179 2
9 43 2
110 145 2
18 147 2
62 138 2
96 103 2
47 170 1
28 48 2
81 102 2
13 29 2
89 142 2
40 89 2
10 152 2
47 100 2
106 149 2
26 56 2
0 143 1
46 58 2
81 167 1
35 111 2
43 108 2
82 113 2
11 13 2
39 98 2
17 104 2
55 96 2
45 81 2
32 120 1
97 138 1
6 175 1
30 103 2
54 160 1
73 171 2
61 163 2
26 141 2
36 44 2
1 86 2
45 107 2
6 90 2
34 42 2
90 181 2
46 107 2
97 145 1
74 117 2
29 102 2
59 97 2
9 41 2
65 182 2
18 49 2
35 50 2
47 84 2
26 176 1
10 32 2
28 42 2
66 90 2
37 162 2
57 101 2
98 115 2
59 98 2
60 189 1
15 165 2
54 108 2
6 67 2
66 174 2
74 84 2
85 150 2
23 65 2
39 89 2
10 80 2
30 59 2
46 63 2
93 110 2
80 121 2
20 26 2
58 67 2
71 106 2
45 54 2
36 45 2
91 118 1
18 55 2
33 80 2
49 56 2
2 182 2
71 174 2
21 95 2
64 105 2
5 22 2
38 87 2
51 56 2
0 7 2
23 143 1
29 108 2
7 146 1
42 82 2
3 132 2
29 79 2
66 121 2
104 184 2
21 68 2
25 88 2
95 98 2
12 26 2
5 17 2
73 155 2
27 146 2
57 68 2
68 143 2
59 113 2
51 105 2
10 111 2
4 5 2
45 99 2
51 90 2
38 62 2
54 86 2
62 99 2
52 92 2
56 110 2
48 142 1
51 64 2
12 63 2
0 40 2
18 41 2
16 122 2
22 109 2
8 62 2
15 107 2
86 107 2
27 51 2
55 97 2
85 123 2
110 132 2
29 47 2
101 111 2
98 106 2
17 52 2
9 48 2
9 79 2
32 139 2
72 104 2
29 73 2
25 183 2
43 44 2
21 116 2
33 111 2
48 102 2
49 60 2
50 95 2
9 153 2
40 124 2
2 88 2
85 95 2
102 131 2
68 113 2
91 96 2
5 56 2
36 113 2
70 131 2
71 151 2
35 85 2
41 154 1
107 162 2
7 125 1
81 162 1
37 71 2
65 166 2
32 53 2
66 85 2
19 99 2
32 156 2
0 6 2
31 42 2
45 73 2
15 31 2
16 94 2
85 89 2
55 66 2
22 104 2
63 160 2
44 48 2
4 103 2
64 96 2
29 53 2
20 124 1
8 105 2
64 80 2
42 145 2
40 165 2
73 92 2
61 181 1
69 166 1
33 79 2
1 144 2
85 98 2
22 101 2
3 38 2
47 107 2
3 161 2
44 145 1
103 109 2
73 175 2
5 9 2
41 164 2
14 105 2
6 58 2
21 79 2
66 76 2
32 81 2
50 107 2
39 154 2
21 94 2
107 148 1
47 61 2
9 12 2
25 81 2
71 113 2
104 113 2
17 23 2
70 124 2
29 153 2
1 126 2
76 78 2
38 131 2
21 137 2
73 129 1
38 90 2
17 62 2
69 169 2
0 99 2
36 140 1
78 84 2
71 81 2
10 46 2
81 106 2
85 126 1
0 93 2
89 139 2
54 65 2
0 60 2
94 125 1
37 109 2
62 157 2
16 90 2
46 79 2
73 177 2
28 130 1
10 148 2
26 99 2
70 118 2
48 145 1
17 77 2
55 145 2
64 89 2
12 73 2
97 169 1
42 84 2
42 59 2
3 106 2
78 183 2
67 130 1
35 141 2
55 132 2
26 107 2
20 66 2
50 62 2
90 189 2
81 153 2
37 55 2
0 107 2
24 96 2
33 105 2
53 64 2
59 141 2
14 26 2
13 57 2
10 122 2
26 91 2
64 97 2
22 50 2
89 119 2
22 30 2
83 123 1
1 113 2
33 94 2
1 94 2
54 55 2
32 76 2
100 139 2
35 109 2
77 90 2
90 159 2
5 182 2
21 27 2
20 122 2
20 87 2
92 106 2
33 179 2
53 168 2
21 54 2
26 67 2
32 82 2
59 62 2
56 121 2
28 84 2
19 103 2
12 150 2
111 151 1
62 64 2
67 98 2
30 119 2
44 57 2
5 97 2
62 181 2
2 105 2
30 53 2
95 188 2
42 89 2
60 100 2
40 155 2
20 40 2
9 23 2
68 101 2
73 76 2
16 75 2
24 69 2
63 100 2
37 49 2
4 84 2
99 125 2
75 90 2
42 155 1
29 39 2
26 29 2
94 113 2
13 53 2
30 74 2
94 177 2
112 150 1
36 70 2
9 103 2
70 97 2
16 70 2
36 109 2
17 96 2
30 85 2
18 168 2
18 34 2
72 97 2
25 108 2
109 122 2
26 112 2
6 91 2
6 18 2
36 107 2
63 94 2
55 77 2
19 110 2
0 43 2
14 108 2
31 46 2
3 61 2
59 102 2
12 140 2
28 111 2
71 121 2
101 154 2
16 96 2
19 173 1
9 100 2
3 100 2
105 174 1
95 124 2
40 78 2
97 109 2
94 98 2
81 155 2
26 73 2
33 98 2
2 60 2
34 109 2
71 157 2
25 49 2
8 168 2
79 103 2
32 75 2
25 40 2
84 168 1
70 82 2
25 119 1
84 98 2
1 83 2
71 92 2
99 139 2
34 60 2
73 77 2
20 152 1
0 26 2
62 128 1
107 142 1
43 155 1
111 189 1
41 71 2
97 107 2
34 138 2
24 86 2
104 112 2
43 104 2
3 37 2
81 105 2
38 147 2
31 50 2
57 78 2
33 78 2
13 33 2
0 38 2
44 148 2
14 42 2
3 66 2
13 30 2
97 157 2
53 62 2
9 50 2
29 85 2
2 120 1
47 83 2
56 139 1
71 165 2
53 110 2
16 108 2
56 61 2
79 183 1
2 71 2
13 187 2
62 97 2
108 156 2
67 113 2
80 101 2
29 77 2
49 72 2
48 86 2
20 34 2
37 102 2
24 74 2
81 151 2
95 112 2
28 62 2
1 98 2
80 178 2
72 88 2
13 120 1
21 65 2
90 111 2
19 22 2
43 119 2
14 102 2
14 135 1
48 157 2
72 90 2
57 64 2
6 79 2
55 81 2
11 93 2
32 96 2
26 127 1
39 61 2
73 161 2
97 117 2
54 87 2
87 101 2
46 73 2
3 39 2
24 151 1
8 38 2
6 166 2
15 93 2
6 41 2
71 109 2
98 162 1
69 130 2
22 66 2
23 33 2
75 83 2
54 157 1
85 144 2
34 56 2
81 187 2
98 108 2
78 150 2
43 50 2
57 86 2
89 186 1
104 110 2
5 21 2
35 45 2
64 107 2
41 61 2
50 87 2
33 64 2
23 43 2
34 47 2
32 49 2
77 154 2
77 157 1
47 184 1
64 121 2
81 122 2
23 105 2
49 94 2
0 109 2
55 89 2
38 91 2
20 74 2
72 84 2
14 25 2
57 111 2
29 61 2
9 111 2
102 107 2
2 57 2
4 47 2
31 90 2
58 93 2
4 72 2
68 84 2
17 21 2
50 183 1
20 36 2
59 100 2
44 70 2
51 119 2
45 71 2
3 20 2
67 96 2
8 58 2
34 38 2
88 107 2
53 75 2
6 77 2
63 86 2
35 55 2
9 142 2
58 87 2
55 65 2
3 13 2
91 136 2
56 75 2
57 69 2
43 56 2
86 96 2
86 101 2
53 109 2
67 110 2
77 165 2
30 89 2
65 93 2
17 134 1
61 122 2
70 87 2
72 152 1
68 99 2
27 68 2
26 38 2
3 63 2
14 118 1
29 96 2
14 86 2
68 127 2
95 129 1
61 81 2
74 116 1
24 163 2
59 142 2
3 54 2
6 72 2
90 109 2
5 156 1
29 64 2
91 150 2
6 113 2
24 122 2
105 106 2
17 66 2
10 132 2
81 89 2
35 70 2
55 159 2
78 128 2
49 173 2
7 139 2
4 67 2
13 81 2
16 32 2
1 107 2
5 65 2
39 122 2
3 134 2
60 170 2
43 94 2
84 110 2
48 77 2
39 100 2
2 31 2
93 112 2
45 59 2
70 145 2
54 125 1
100 162 1
66 73 2
15 27 2
67 89 2
41 99 2
69 131 2
102 141 2
22 57 2
54 151 2
1 5 2
26 55 2
33 46 2
90 148 2
35 73 2
63 123 2
1 155 2
9 71 2
59 152 1
8 103 2
85 86 2
69 123 1
15 48 2
43 77 2
96 130 2
8 36 2
6 47 2
48 101 2
2 160 2
113 182 1
57 124 2
38 53 2
40 123 2
9 154 2
81 107 2
72 79 2
4 81 2
36 58 2
21 89 2
19 151 2
48 81 2
37 46 2
85 88 2
26 50 2
43 106 2
89 102 2
70 98 2
20 109 2
63 107 2
69 98 2
36 54 2
108 187 1
91 94 2
54 104 2
33 148 1
11 86 2
49 96 2
8 43 2
35 162 2
45 112 2
36 89 2
32 106 2
23 61 2
94 166 2
65 160 2
63 103 2
21 157 1
65 119 2
53 60 2
61 98 2
21 25 2
63 66 2
11 98 2
2 87 2
78 92 2
111 169 2
11 100 2
18 68 2
11 85 2
76 100 2
76 97 2
88 119 2
10 62 2
18 59 2
10 56 2
63 113 2
78 79 2
54 174 2
34 78 2
89 179 2
59 103 2
36 101 2
14 92 2
98 111 2
37 73 2
13 122 2
36 99 2
11 47 2
0 22 2
25 30 2
41 66 2
56 123 2
103 145 1
96 186 2
28 89 2
75 148 2
48 135 2
72 77 2
18 21 2
70 159 2
27 30 2
38 95 2
34 35 2
40 41 2
29 82 2
10 157 2
7 69 2
36 82 2
53 88 2
18 189 1
60 89 2
17 159 1
14 106 2
81 104 2
3 93 2
111 141 2
73 107 2
52 98 2
59 110 2
20 113 2
45 100 2
27 76 2
40 93 2
53 101 2
106 108 2
6 57 2
88 102 2
64 75 2
104 111 2
52 95 2
89 121 2
19 101 2
4 65 2
99 149 1
1 59 2
63 108 2
33 77 2
53 104 2
62 92 2
89 150 1
31 79 2
11 82 2
24 58 2
96 162 2
56 73 2
76 81 2
9 73 2
5 142 2
14 69 2
78 152 2
88 101 2
64 118 2
8 96 2
4 34 2
28 50 2
15 88 2
27 34 2
92 102 2
24 57 2
15 70 2
4 14 2
16 17 2
57 127 2
73 148 2
29 112 2
44 188 2
40 51 2
105 109 2
22 46 2
55 61 2
10 41 2
1 24 2
39 66 2
81 108 2
44 142 2
29 146 2
18 142 2
54 144 2
11 130 1
104 138 1
50 99 2
40 110 2
8 84 2
11 165 2
34 101 2
26 84 2
72 156 2
30 168 1
5 71 2
45 103 2
42 48 2
4 24 2
47 79 2
87 140 2
42 122 2
59 90 2
11 51 2
50 112 2
82 110 2
78 143 2
82 85 2
78 161 2
10 11 2
68 185 1
64 99 2
17 87 2
38 55 2
25 110 2
8 21 2
13 104 2
1 31 2
108 113 2
12 107 2
41 135 2
21 53 2
14 35 2
102 188 1
92 105 2
16 18 2
19 63 2
23 108 2
61 167 1
8 111 2
0 39 2
7 81 2
61 125 1
75 153 2
83 101 2
34 69 2
70 104 2
9 187 2
53 105 2
22 92 2
59 188 1
75 89 2
75 129 1
22 73 2
73 100 2
75 79 2
77 89 2
10 44 2
21 161 2
51 81 2
39 114 2
55 107 2
110 185 2
8 80 2
45 76 2
55 111 2
100 112 2
57 109 2
37 85 2
44 66 2
36 94 2
22 64 2
34 45 2
95 122 1
62 87 2
2 104 2
15 81 2
90 143 2
1 106 2
38 120 2
6 95 2
15 104 2
1 73 2
49 168 1
22 188 2
94 96 2
30 82 2
69 183 2
55 153 1
30 79 2
49 135 2
53 79 2
14 48 2
20 73 2
65 84 2
56 151 2
12 156 2
11 33 2
14 94 2
70 172 2
48 100 2
75 81 2
95 111 2
81 145 2
6 52 2
71 85 2
16 61 2
62 83 2
65 92 2
77 101 2
6 78 2
69 181 2
7 93 2
35 177 2
14 15 2
40 99 2
111 170 1
7 73 2
73 79 2
111 146 2
6 31 2
53 111 2
0 28 2
33 58 2
53 182 2
21 118 1
85 87 2
47 52 2
51 58 2
21 66 2
86 89 2
41 134 2
58 110 2
95 109 2
24 146 2
68 91 2
112 162 1
71 158 2
41 90 2
10 136 2
23 42 2
67 151 1
89 98 2
58 158 2
38 46 2
37 83 2
35 48 2
30 45 2
46 87 2
59 71 2
95 127 2
3 78 2
72 105 2
68 152 2
26 31 2
102 118 1
27 53 2
29 189 2
23 85 2
45 52 2
54 77 2
83 143 2
113 159 2
91 156 2
13 113 2
48 131 2
30 67 2
84 165 2
62 104 2
3 53 2
104 139 1
47 147 1
4 106 2
18 65 2
43 92 2
7 56 2
101 173 2
55 69 2
10 180 2
41 117 2
56 71 2
57 157 2
18 113 2
22 74 2
99 113 2
19 54 2
33 88 2
84 140 1
56 69 2
2 5 2
34 53 2
20 65 2
31 60 2
0 92 2
8 17 2
29 80 2
34 44 2
5 78 2
28 43 2
66 95 2
3 46 2
36 43 2
101 164 2
0 5 2
40 75 2
63 101 2
92 101 2
27 48 2
61 85 2
25 82 2
91 99 2
73 105 2
64 67 2
97 149 1
38 77 2
80 175 1
6 27 2
5 98 2
107 176 2
56 59 2
16 105 2
31 69 2
4 9 2
42 127 2
69 112 2
21 107 2
68 163 2
82 99 2
11 21 2
8 110 2
29 60 2
56 70 2
6 86 2
82 135 2
40 127 2
45 93 2
74 75 2
102 140 2
48 109 2
69 71 2
44 58 2
6 45 2
15 169 2
28 81 2
34 39 2
38 107 2
81 134 2
5 84 2
45 70 2
41 76 2
56 124 1
4 62 2
67 118 2
41 80 2
70 109 2
8 162 1
49 112 2
64 108 2
46 75 2
4 75 2
106 137 2
33 43 2
42 57 2
4 175 2
8 64 2
47 69 2
94 99 2
49 164 1
24 41 2
53 67 2
6 46 2
19 104 2
70 86 2
50 65 2
64 110 2
84 170 2
13 182 1
74 102 2
64 183 1
8 185 2
51 138 2
51 152 2
87 188 1
91 128 1
23 87 2
113 147 1
105 121 2
87 172 1
48 84 2
96 104 2
11 20 2
18 91 2
87 155 2
41 110 2
41 56 2
42 61 2
78 93 2
4 37 2
88 141 2
15 122 2
61 68 2
22 75 2
71 107 2
16 83 2
7 137 2
40 116 2
79 157 2
50 110 2
36 69 2
7 97 2
75 150 2
2 94 2
54 88 2
70 111 2
72 98 2
89 116 1
41 91 2
19 95 2
38 43 2
99 133 2
13 108 2
24 135 1
20 78 2
29 168 2
94 103 2
27 131 2
69 132 2
67 140 2
33 176 2
20 123 1
1 36 2
1 164 2
58 84 2
17 38 2
28 173 2
26 69 2
111 116 2
51 63 2
2 102 2
20 96 2
102 159 1
77 182 2
39 53 2
14 96 2
5 31 2
4 10 2
37 69 2
33 55 2
58 99 2
41 62 2
93 162 2
33 90 2
42 112 2
59 122 1
35 71 2
79 158 2
1 154 1
63 85 2
10 119 2
106 152 2
17 130 1
72 74 2
93 108 2
69 90 2
31 100 2
35 72 2
86 157 2
87 93 2
69 134 1
111 129 1
33 180 2
17 85 2
1 66 2
20 75 2
38 175 2
27 29 2
6 55 2
7 130 1
40 109 2
93 101 2
15 73 2
67 81 2
88 111 2
41 49 2
10 107 2
84 186 2
103 122 2
4 59 2
26 104 2
5 93 2
27 133 1
101 113 2
18 183 2
13 45 2
20 150 2
43 58 2
31 174 2
80 88 2
3 21 2
44 187 2
37 94 2
19 91 2
74 85 2
11 62 2
43 64 2
103 105 2
57 107 2
93 143 2
8 54 2
32 105 2
28 168 1
5 42 2
34 160 2
65 140 1
22 81 2
91 162 2
79 81 2
22 153 2
9 49 2
17 33 2
80 140 2
12 31 2
39 90 2
43 139 1
4 35 2
45 68 2
87 109 2
91 108 2
23 167 1
55 100 2
11 102 2
16 63 2
0 17 2
77 138 2
61 131 1
107 137 2
33 102 2
55 109 2
51 176 1
9 66 2
67 91 2
86 93 2
101 109 2
74 165 2
65 68 2
19 98 2
65 157 2
47 72 2
6 111 2
14 20 2
33 42 2
50 90 2
28 47 2
75 185 2
62 113 2
43 49 2
36 51 2
50 148 2
53 135 2
39 151 1
1 187 1
93 94 2
60 80 2
48 73 2
3 55 2
78 144 2
8 10 2
67 108 2
19 58 2
26 171 2
5 94 2
54 89 2
71 82 2
32 80 2
109 125 2
64 91 2
29 89 2
33 160 2
9 19 2
26 147 1
13 139 2
48 88 2
14 31 2
4 77 2
37 56 2
74 103 2
78 83 2
108 162 2
38 52 2
14 18 2
79 84 2
108 109 2
103 168 2
30 73 2
7 42 2
27 94 2
113 185 1
21 64 2
17 78 2
73 116 1
82 101 2
17 95 2
83 96 2
18 50 2
42 96 2
54 97 2
10 94 2
1 25 2
5 80 2
6 145 2
84 108 2
73 149 1
18 66 2
38 113 2
7 60 2
8 56 2
75 131 2
1 82 2
26 85 2
22 60 2
97 181 1
11 79 2
35 80 2
37 116 2
99 123 2
20 72 2
25 78 2
16 25 2
64 162 2
14 107 2
60 156 2
45 77 2
37 143 1
58 76 2
6 62 2
8 94 2
105 143 2
5 52 2
25 58 2
32 44 2
2 10 2
8 20 2
7 127 1
21 122 1
12 103 2
80 85 2
32 57 2
1 11 2
20 28 2
30 99 2
40 86 2
59 126 1
43 84 2
88 135 2
66 102 2
60 107 2
40 120 2
4 28 2
20 46 2
22 28 2
7 79 2
80 97 2
0 9 2
75 95 2
9 62 2
34 116 1
7 57 2
0 32 2
18 158 2
19 90 2
59 182 2
33 69 2
103 112 2
13 51 2
20 55 2
28 36 2
12 66 2
22 84 2
60 104 2
24 40 2
16 179 2
34 103 2
22 41 2
13 48 2
35 37 2
106 141 2
25 36 2
50 66 2
81 185 2
87 148 2
40 45 2
3 27 2
27 47 2
21 61 2
75 122 2
27 98 2
57 93 2
27 138 2
40 64 2
13 93 2
70 107 2
33 166 2
9 39 2
11 23 2
5 143 1
10 79 2
58 77 2
52 107 2
4 46 2
68 146 1
50 78 2
52 58 2
71 103 2
41 155 2
103 106 2
4 94 2
96 112 2
1 129 1
30 42 2
53 107 2
99 157 2
10 150 2
83 132 2
86 116 2
20 27 2
24 93 2
15 149 2
82 109 2
24 82 2
41 112 2
60 165 1
70 89 2
28 79 2
98 177 2
1 109 2
88 160 1
86 115 2
27 55 2
66 114 2
51 57 2
24 161 2
67 78 2
76 79 2
38 80 2
3 96 2
54 94 2
16 97 2
72 189 2
45 78 2
86 133 2
1 33 2
1 23 2
98 103 2
28 110 2
86 184 2
40 71 2
98 154 2
4 16 2
12 39 2
22 63 2
9 63 2
78 86 2
17 20 2
46 47 2
3 31 2
12 40 2
2 163 2
0 50 2
37 147 2
16 73 2
70 136 2
95 97 2
66 74 2
7 27 2
20 111 2
46 56 2
9 124 2
44 112 2
44 98 2
50 71 2
10 155 1
7 80 2
34 55 2
57 98 2
46 162 2
92 131 2
17 108 2
8 39 2
21 76 2
53 65 2
23 55 2
9 26 2
88 105 2
51 102 2
33 174 2
89 96 2
99 165 1
101 105 2
47 88 2
102 166 2
27 97 2
66 166 2
24 52 2
78 80 2
22 39 2
96 152 2
12 75 2
72 93 2
15 33 2
54 85 2
36 173 2
51 53 2
97 114 2
11 146 2
31 82 2
46 93 2
82 114 2
109 153 2
32 48 2
34 65 2
68 110 2
60 84 2
39 44 2
58 92 2
20 39 2
87 150 1
56 98 2
39 83 2
32 157 2
75 93 2
72 107 2
34 72 2
30 52 2
71 80 2
56 183 2
23 51 2
0 120 1
28 108 2
72 89 2
28 88 2
18 99 2
33 149 1
12 122 2
74 78 2
48 93 2
78 154 1
99 106 2
104 165 2
15 69 2
28 101 2
82 131 1
34 151 2
54 59 2
80 104 2
40 46 2
47 149 2
84 144 2
15 65 2
32 92 2
24 87 2
31 33 2
80 130 2
0 37 2
61 109 2
80 91 2
7 58 2
93 177 1
36 63 2
4 40 2
30 166 2
73 98 2
66 84 2
27 82 2
4 80 2
28 35 2
23 49 2
17 98 2
82 102 2
31 65 2
55 110 2
39 112 2
84 160 2
7 76 2
2 45 2
90 184 2
74 128 2
83 86 2
16 187 2
2 39 2
96 105 2
57 100 2
75 97 2
38 84 2
44 61 2
25 64 2
12 41 2
0 4 2
7 47 2
40 152 2
14 47 2
71 162 2
56 146 2
17 84 2
58 130 1
29 179 1
3 148 2
7 112 2
57 108 2
54 98 2
2 17 2
40 65 2
39 91 2
34 68 2
9 60 2
51 61 2
13 55 2
25 50 2
110 142 2
82 166 1
39 127 2
6 14 2
33 135 2
40 173 1
19 72 2
7 48 2
13 100 2
99 171 2
31 76 2
33 175 1
45 53 2
39 174 2
16 60 2
53 81 2
44 176 2
102 114 2
9 131 1
20 187 2
45 91 2
99 100 2
9 67 2
2 18 2
28 174 1
79 173 2
51 185 2
99 146 1
113 125 1
108 111 2
43 51 2
105 107 2
58 111 2
54 185 2
104 145 1
57 95 2
93 126 2
80 82 2
17 44 2
14 184 1
63 166 2
41 105 2
26 44 2
32 56 2
7 40 2
23 112 2
12 92 2
66 160 2
75 78 2
25 41 2
28 44 2
3 58 2
72 113 2
34 108 2
68 87 2
95 103 2
16 85 2
94 147 2
5 108 2
43 147 2
78 180 2
26 95 2
82 129 2
28 40 2
66 185 2
40 111 2
29 107 2
42 54 2
38 101 2
33 54 2
45 69 2
21 47 2
3 87 2
34 164 1
86 87 2
71 136 2
25 79 2
83 87 2
10 51 2
85 100 2
49 51 2
9 110 2
28 57 2
87 102 2
14 93 2
113 176 2
1 87 2
7 108 2
46 160 1
46 108 2
35 107 2
29 48 2
58 169 2
3 33 2
27 106 2
12 100 2
106 147 1
36 130 2
29 38 2
55 99 2
80 112 2
47 183 2
25 94 2
34 111 2
30 55 2
85 163 2
16 19 2
82 89 2
42 60 2
29 93 2
106 109 2
10 55 2
11 57 2
72 85 2
73 88 2
72 110 2
27 37 2
46 137 2
38 81 2
32 65 2
3 73 2
65 112 2
9 57 2
24 26 2
10 37 2
56 144 2
58 83 2
53 100 2
109 157 2
3 64 2
5 126 2
99 145 2
3 56 2
39 84 2
98 153 2
7 54 2
60 77 2
3 70 2
6 138 1
51 75 2
67 69 2
90 100 2
3 62 2
20 165 2
8 74 2
57 110 2
18 94 2
7 87 2
11 28 2
20 71 2
51 67 2
67 101 2
18 71 2
63 150 2
39 148 2
20 64 2
12 54 2
19 148 2
16 42 2
7 119 1
52 55 2
45 63 2
12 57 2
87 111 2
57 153 1
101 184 2
59 79 2
28 90 2
37 100 2
6 11 2
32 102 2
16 55 2
7 70 2
50 79 2
29 43 2
38 110 2
56 170 2
112 164 2
64 74 2
73 95 2
30 44 2
48 104 2
56 179 1
36 146 1
38 66 2
27 62 2
24 75 2
16 27 2
74 148 2
57 90 2
60 93 2
24 72 2
8 104 2
7 98 2
33 85 2
8 77 2
23 107 2
45 88 2
60 111 2
3 71 2
30 49 2
7 13 2
68 70 2
73 74 2
52 78 2
47 85 2
27 36 2
107 110 2
53 63 2
12 32 2
13 80 2
44 113 2
41 95 2
4 69 2
24 79 2
5 106 2
41 89 2
81 179 1
0 42 2
70 74 2
81 112 2
94 95 2
32 85 2
12 25 2
86 166 1
28 95 2
9 47 2
39 75 2
50 51 2
15 39 2
47 177 2
14 21 2
71 76 2
23 35 2
31 58 2
29 101 2
47 123 2
110 186 1
37 161 1
31 110 2
59 82 2
96 154 2
35 66 2
70 76 2
11 168 2
39 92 2
63 77 2
10 64 2
5 91 2
67 95 2
29 122 2
40 70 2
46 149 2
29 103 2
26 75 2
47 124 2
10 149 2
45 86 2
61 64 2
61 69 2
25 38 2
10 61 2
13 79 2
61 94 2
75 80 2
78 82 2
46 97 2
44 99 2
4 98 2
8 11 2
10 100 2
33 110 2
2 85 2
47 74 2
27 126 1
49 97 2
3 81 2
15 161 1
56 182 2
3 15 2
34 88 2
38 106 2
87 98 2
11 174 2
75 182 2
6 60 2
60 68 2
11 117 2
10 52 2
31 155 1
23 34 2
85 118 2
2 49 2
87 89 2
32 110 2
19 82 2
42 140 2
68 131 2
17 81 2
70 155 1
2 74 2
13 88 2
1 91 2
2 41 2
31 61 2
71 166 1
34 59 2
87 115 2
29 55 2
4 111 2
44 50 2
68 106 2
25 159 1
6 13 2
8 163 2
27 93 2
56 78 2
85 112 2
34 156 1
56 93 2
47 59 2
92 108 2
91 166 2
93 129 1
79 138 1
70 80 2
66 123 2
36 98 2
3 163 2
65 101 2
3 181 1
6 124 1
38 68 2
60 86 2
59 67 2
48 99 2
22 34 2
50 69 2
13 184 1
65 91 2
48 94 2
23 82 2
9 10 2
88 108 2
1 65 2
53 54 2
73 85 2
76 130 1
45 96 2
54 80 2
28 29 2
47 71 2
24 29 2
24 80 2
49 138 2
45 61 2
7 77 2
112 173 2
24 27 2
48 64 2
22 69 2
8 27 2
23 79 2
91 104 2
44 85 2
13 174 1
30 182 2
7 95 2
20 51 2
71 163 2
22 40 2
111 163 1
50 86 2
92 141 2
83 151 1
3 172 1
6 54 2
15 26 2
85 114 2
18 128 1
60 67 2
60 92 2
13 66 2
24 53 2
91 114 2
21 135 1
56 106 2
8 70 2
17 68 2
7 74 2
3 52 2
39 64 2
62 100 2
41 102 2
39 106 2
25 150 2
70 90 2
87 132 2
89 105 2
76 104 2
39 189 2
36 95 2
46 89 2
48 160 2
23 32 2
3 165 2
47 151 1
11 158 1
22 152 1
50 100 2
0 110 2
45 121 2
110 154 1
2 27 2
56 119 2
88 140 1
14 155 1
6 80 2
48 162 2
26 144 2
31 156 1
103 156 2
11 104 2
11 90 2
40 92 2
15 51 2
24 120 2
12 38 2
72 109 2
68 97 2
2 110 2
8 31 2
46 80 2
68 169 1
65 94 2
20 181 1
53 137 2
83 100 2
59 87 2
4 92 2
32 186 1
37 117 1
8 90 2
5 74 2
12 113 2
76 177 1
19 36 2
28 32 2
13 47 2
83 181 2
19 109 2
23 29 2
109 169 2
61 132 2
95 104 2
12 111 2
8 112 2
4 68 2
4 168 1
53 97 2
9 156 2
15 90 2
78 169 1
13 42 2
8 12 2
41 57 2
1 18 2
74 113 2
40 107 2
66 105 2
12 118 1
46 88 2
64 86 2
16 64 2
69 101 2
30 43 2
49 110 2
55 58 2
72 94 2
92 94 2
61 84 2
63 75 2
32 38 2
26 43 2
10 103 2
17 27 2
103 115 2
85 111 2
81 97 2
18 79 2
97 105 2
24 92 2
80 93 2
7 12 2
14 32 2
12 48 2
29 78 2
7 53 2
53 151 2
78 90 2
76 172 2
70 187 1
37 126 2
61 106 2
26 47 2
100 127 1
18 32 2
22 45 2
0 61 2
48 75 2
21 33 2
10 40 2
28 148 1
13 23 2
16 188 1
107 109 2
92 149 2
85 183 2
59 85 2
18 97 2
28 78 2
104 130 2
17 111 2
13 60 2
29 58 2
1 135 1
61 91 2
58 63 2
22 105 2
37 137 2
72 81 2
31 105 2
20 41 2
47 94 2
35 77 2
6 9 2
31 187 1
85 97 2
23 44 2
68 71 2
57 169 1
76 147 2
41 97 2
11 179 2
25 106 2
40 172 2
10 71 2
82 93 2
74 88 2
10 66 2
31 66 2
63 92 2
101 186 2
60 103 2
9 25 2
39 71 2
0 21 2
25 48 2
78 116 2
34 171 2
21 49 2
33 52 2
26 87 2
68 140 2
16 81 2
36 47 2
85 188 1
53 148 2
96 113 2
27 85 2
86 92 2
67 171 2
0 53 2
6 98 2
25 68 2
33 97 2
74 101 2
42 97 2
38 63 2
27 120 1
21 57 2
4 50 2
13 28 2
52 80 2
89 135 2
4 8 2
46 179 2
63 78 2
7 75 2
84 95 2
18 146 1
6 64 2
105 168 2
1 97 2
27 79 2
74 87 2
24 104 2
88 104 2
59 65 2
14 104 2
24 35 2
58 115 2
53 143 2
51 168 2
0 96 2
0 91 2
27 74 2
22 83 2
80 103 2
45 89 2
15 80 2
24 132 2
29 140 2
102 109 2
6 59 2
45 97 2
7 31 2
2 108 2
49 58 2
70 91 2
10 31 2
12 21 2
9 132 2
2 8 2
22 36 2
31 147 2
92 96 2
9 172 1
8 53 2
8 82 2
73 102 2
39 57 2
9 84 2
75 168 2
4 58 2
27 179 2
57 71 2
23 162 2
40 44 2
98 148 1
94 139 1
58 62 2
49 91 2
70 129 2
38 57 2
27 54 2
15 61 2
33 84 2
20 49 2
45 49 2
6 21 2
52 85 2
19 85 2
27 49 2
4 102 2
15 30 2
0 47 2
34 91 2
90 102 2
81 90 2
77 152 2
20 131 1
90 123 1
43 107 2
46 151 1
56 58 2
41 104 2
29 36 2
80 161 1
41 92 2
14 133 2
40 49 2
67 97 2
1 161 2
30 144 1
24 55 2
45 128 1
80 92 2
16 68 2
49 166 2
28 154 2
105 144 2
22 116 1
16 51 2
23 101 2
66 86 2
37 123 2
39 40 2
7 61 2
0 24 2
53 162 2
93 114 2
77 176 1
75 147 2
68 79 2
37 103 2
61 103 2
85 140 2
57 75 2
86 151 1
77 178 2
7 22 2
3 76 2
0 87 2
78 97 2
109 119 1
11 96 2
62 168 2
37 48 2
16 31 2
33 71 2
71 94 2
110 140 2
35 74 2
55 160 1
40 60 2
8 30 2
18 24 2
32 51 2
25 52 2
101 103 2
89 175 2
26 103 2
109 186 1
23 24 2
35 143 1
11 112 2
39 88 2
113 132 2
100 146 2
13 65 2
36 127 1
25 139 2
23 118 2
10 47 2
91 182 1
53 61 2
40 101 2
51 94 2
77 147 1
49 90 2
3 75 2
45 57 2
34 149 2
37 106 2
79 89 2
98 113 2
29 90 2
13 31 2
11 141 2
55 90 2
17 51 2
8 129 2
52 53 2
2 19 2
47 49 2
9 16 2
16 93 2
29 181 1
99 103 2
95 113 2
84 133 2
52 63 2
84 93 2
21 93 2
35 175 1
20 58 2
59 112 2
67 141 1
1 45 2
93 99 2
88 152 2
21 125 2
55 179 2
76 85 2
44 76 2
8 33 2
32 115 2
34 90 2
28 99 2
55 70 2
6 17 2
13 22 2
14 87 2
76 91 2
60 66 2
88 161 1
27 43 2
42 124 2
2 69 2
72 92 2
58 81 2
70 103 2
35 40 2
7 109 2
42 53 2
94 109 2
98 141 2
61 134 2
27 123 2
49 59 2
64 157 1
31 172 2
103 117 2
9 18 2
23 155 1
28 92 2
27 46 2
77 185 1
48 126 1
68 112 2
52 176 2
28 182 2
12 64 2
2 55 2
7 23 2
1 17 2
0 55 2
43 93 2
30 96 2
34 43 2
7 106 2
89 151 2
86 88 2
78 109 2
2 35 2
2 3 2
62 177 1
8 25 2
53 71 2
104 149 2
40 61 2
78 127 2
82 187 1
112 131 2
65 97 2
95 101 2
98 164 2
52 68 2
17 113 2
70 188 2
105 132 2
43 81 2
80 131 2
3 89 2
34 115 2
25 114 2
40 121 2
82 184 2
43 123 2
87 103 2
31 116 2
75 94 2
7 152 2
19 41 2
58 101 2
0 29 2
76 113 2
11 177 2
2 83 2
21 32 2
33 103 2
70 189 2
106 159 2
11 34 2
15 130 1
39 86 2
24 68 2
17 36 2
12 56 2
101 150 2
75 106 2
101 118 1
58 68 2
19 170 2
3 26 2
61 82 2
12 23 2
26 156 1
0 108 2
16 109 2
38 121 1
43 110 2
49 84 2
18 81 2
2 176 2
12 102 2
1 75 2
58 122 1
27 67 2
19 128 1
36 73 2
6 53 2
14 74 2
43 96 2
8 13 2
104 147 1
64 135 2
20 84 2
28 82 2
89 90 2
36 86 2
68 89 2
73 103 2
50 85 2
7 68 2
76 154 1
21 75 2
67 111 2
52 83 2
59 73 2
83 89 2
1 47 2
11 106 2
9 77 2
3 98 2
94 112 2
23 149 2
61 100 2
69 88 2
84 162 2
15 36 2
64 82 2
58 69 2
59 106 2
19 84 2
11 14 2
23 95 2
52 113 2
44 49 2
29 172 2
26 89 2
12 28 2
31 102 2
76 108 2
72 75 2
20 52 2
31 35 2
10 113 2
64 85 2
89 173 2
74 83 2
34 76 2
8 93 2
83 189 2
50 176 1
17 106 2
14 79 2
40 118 2
30 35 2
110 112 2
59 157 2
49 95 2
7 172 2
36 120 1
82 84 2
5 48 2
41 109 2
102 168 2
26 30 2
99 144 1
16 36 2
22 122 2
14 27 2
77 87 2
49 78 2
11 50 2
83 91 2
82 119 1
113 124 1
46 74 2
9 182 2
97 106 2
1 50 2
96 98 2
54 110 2
17 172 2
0 168 2
27 31 2
20 47 2
41 42 2
26 163 2
48 61 2
40 77 2
53 103 2
49 178 1
41 59 2
113 166 2
1 56 2
26 37 2
66 178 2
15 85 2
1 63 2
30 86 2
105 148 2
64 88 2
12 93 2
83 92 2
6 100 2
24 66 2
14 109 2
99 116 2
40 59 2
24 77 2
29 127 2
51 71 2
42 47 2
66 72 2
67 83 2
26 98 2
30 39 2
5 50 2
53 74 2
38 92 2
37 81 2
5 174 2
45 148 1
28 117 2
98 181 2
21 124 2
0 69 2
7 82 2
9 75 2
82 83 2
2 155 1
50 82 2
46 102 2
95 149 2
85 106 2
17 99 2
11 94 2
2 80 2
37 40 2
8 126 2
99 142 1
78 174 2
5 100 2
83 106 2
61 112 2
53 58 2
83 88 2
60 98 2
14 99 2
31 73 2
63 82 2
23 67 2
48 87 2
68 145 2
56 165 1
73 87 2
23 89 2
19 114 2
25 99 2
56 187 1
37 112 2
80 189 2
22 115 1
7 115 2
78 91 2
4 70 2
76 175 1
18 124 2
3 65 2
48 115 2
25 144 2
45 83 2
58 65 2
18 89 2
29 72 2
35 87 2
5 146 1
14 125 1
36 77 2
29 59 2
4 108 2
100 109 2
1 15 2
50 119 2
69 113 2
78 99 2
9 83 2
37 57 2
15 82 2
79 114 1
15 43 2
78 184 1
7 101 2
15 63 2
61 89 2
23 178 2
63 145 2
2 135 1
86 99 2
41 77 2
46 82 2
55 67 2
28 72 2
96 99 2
23 70 2
24 114 1
33 36 2
2 113 2
84 179 1
40 58 2
93 118 2
5 88 2
0 71 2
11 72 2
73 115 1
58 106 2
58 107 2
30 71 2
82 126 2
47 96 2
67 144 1
76 88 2
18 78 2
96 166 2
6 177 2
31 68 2
38 178 1
15 45 2
97 183 2
113 158 2
0 189 2
47 86 2
78 108 2
90 177 1
83 171 1
67 159 1
49 71 2
7 89 2
3 14 2
54 166 2
98 101 2
11 171 2
55 105 2
10 174 2
46 103 2
15 91 2
22 38 2
46 99 2
14 38 2
98 104 2
14 50 2
83 110 2
96 140 2
77 110 2
32 86 2
98 132 1
42 74 2
42 70 2
21 35 2
44 109 2
6 12 2
27 38 2
12 112 2
23 148 2
3 6 2
12 46 2
78 106 2
64 71 2
74 92 2
93 184 2
13 147 2
65 80 2
53 87 2
55 85 2
30 70 2
5 186 1
12 34 2
13 43 2
57 60 2
28 103 2
23 160 1
13 16 2
65 106 2
46 110 2
62 66 2
101 165 2
25 39 2
108 138 2
59 136 2
51 101 2
42 98 2
19 62 2
21 101 2
47 70 2
9 24 2
39 130 2
40 96 2
64 112 2
31 47 2
77 97 2
27 69 2
54 64 2
52 99 2
63 111 2
57 160 2
72 102 2
85 134 2
81 149 2
109 178 1
105 140 2
27 70 2
49 177 2
61 104 2
77 96 2
106 171 2
81 163 1
37 75 2
61 105 2
66 71 2
42 49 2
71 72 2
7 91 2
25 160 2
23 120 1
25 96 2
1 39 2
103 133 2
54 60 2
48 95 2
90 147 2
89 110 2
21 31 2
43 141 1
19 25 2
26 61 2
11 88 2
30 87 2
28 46 2
34 80 2
71 84 2
27 73 2
2 54 2
43 54 2
34 64 2
61 102 2
19 42 2
81 146 2
44 74 2
10 87 2
5 18 2
20 68 2
19 78 2
74 109 2
9 40 2
60 83 2
43 91 2
12 17 2
20 22 2
110 127 1
5 40 2
28 69 2
27 102 2
26 86 2
72 117 2
22 27 2
71 74 2
63 180 1
84 111 2
76 144 2
73 142 1
54 114 1
6 92 2
43 178 2
57 139 1
10 95 2
30 63 2
48 60 2
32 54 2
31 132 1
29 118 1
23 111 2
8 76 2
5 46 2
16 41 2
57 123 2
51 89 2
97 135 1
14 72 2
3 60 2
53 180 2
30 61 2
70 75 2
2 56 2
44 89 2
78 98 2
10 45 2
38 137 1
39 77 2
28 75 2
32 60 2
42 179 2
71 89 2
43 85 2
33 106 2
42 88 2
60 154 2
9 13 2
100 113 2
74 97 2
20 99 2
3 16 2
17 139 2
106 175 1
3 109 2
95 152 2
24 143 2
14 66 2
75 76 2
11 15 2
31 106 2
25 55 2
29 68 2
1 152 2
0 49 2
50 64 2
24 97 2
25 65 2
104 167 2
84 104 2
15 18 2
1 21 2
64 120 2
57 91 2
22 82 2
32 36 2
46 114 2
2 175 2
45 46 2
83 154 2
5 128 1
82 117 2
59 86 2
4 79 2
20 167 2
60 187 2
40 50 2
31 185 1
1 26 2
10 25 2
74 94 2
61 76 2
21 23 2
100 107 2
19 96 2
42 58 2
66 96 2
5 136 2
58 123 2
48 103 2
62 130 2
13 46 2
77 82 2
17 26 2
2 62 2
49 139 1
7 8 2
25 113 2
48 108 2
82 116 2
66 92 2
25 90 2
2 84 2
10 154 1
39 87 2
51 112 2
78 168 2
38 71 2
73 113 2
13 90 2
25 104 2
48 78 2
9 42 2
75 88 2
8 44 2
54 62 2
61 162 2
15 108 2
67 143 2
61 92 2
6 32 2
63 187 1
15 111 2
43 101 2
11 77 2
3 17 2
45 48 2
15 117 2
6 99 2
28 73 2
19 89 2
15 94 2
44 52 2
24 38 2
66 75 2
14 158 1
9 80 2
15 95 2
65 127 1
7 92 2
12 98 2
27 35 2
61 71 2
30 143 2
47 80 2
101 106 2
0 103 2
58 61 2
36 40 2
62 105 2
31 112 2
56 68 2
48 127 2
77 99 2
14 34 2
9 105 2
106 186 2
38 96 2
38 100 2
13 77 2
33 145 2
7 46 2
1 43 2
13 112 2
4 13 2
12 109 2
67 166 1
94 107 2
25 69 2
41 68 2
26 102 2
65 78 2
60 112 2
81 101 2
67 76 2
15 89 2
99 118 2
51 93 2
12 19 2
47 178 1
23 50 2
10 13 2
24 61 2
31 113 2
21 80 2
112 165 2
68 176 1
59 66 2
72 80 2
42 189 1
96 128 2
20 61 2
15 164 2
61 70 2
13 25 2
51 149 1
15 83 2
3 34 2
0 46 2
24 51 2
28 86 2
52 104 2
62 139 2
1 32 2
9 169 2
12 18 2
94 141 1
18 162 2
6 33 2
14 68 2
29 46 2
1 68 2
12 80 2
45 146 1
55 72 2
53 102 2
34 118 1
33 134 2
36 144 2
68 77 2
27 96 2
65 76 2
10 77 2
31 43 2
48 122 2
14 67 2
15 180 1
74 126 1
95 145 2
91 100 2
88 109 2
36 52 2
67 138 1
10 112 2
88 103 2
23 153 1
35 60 2
73 84 2
4 113 2
32 104 2
108 183 2
13 110 2
73 159 2
13 95 2
80 122 1
9 68 2
66 135 1
101 117 1
5 32 2
26 28 2
0 76 2
24 112 2
25 35 2
2 14 2
47 65 2
64 106 2
19 21 2
64 164 2
8 37 2
7 26 2
0 104 2
49 151 2
16 160 2
46 119 1
52 71 2
75 108 2
77 98 2
10 63 2
57 73 2
25 53 2
21 77 2
16 87 2
9 98 2
110 144 1
5 110 2
1 148 2
23 146 2
17 55 2
28 152 1
74 98 2
113 149 2
89 100 2
28 113 2
46 81 2
12 27 2
8 67 2
0 82 2
85 175 2
34 113 2
5 105 2
34 142 1
23 53 2
28 166 2
110 166 2
61 118 1
35 41 2
93 102 2
6 76 2
12 90 2
48 79 2
21 142 2
40 72 2
36 72 2
63 143 2
39 41 2
60 95 2
42 174 2
0 98 2
68 90 2
15 67 2
4 133 2
14 76 2
69 94 2
73 108 2
70 84 2
54 70 2
95 138 2
17 47 2
60 87 2
40 47 2
2 53 2
82 97 2
72 154 1
42 45 2
34 51 2
12 42 2
62 80 2
62 122 2
85 94 2
108 171 1
67 90 2
14 138 2
47 152 2
66 128 2
37 99 2
35 82 2
32 35 2
97 172 2
66 112 2
26 80 2
87 110 2
25 70 2
112 175 2
27 83 2
30 147 1
66 184 2
79 83 2
4 53 2
21 178 2
81 87 2
6 51 2
67 114 2
51 91 2
88 100 2
4 86 2
34 86 2
52 175 2
65 100 2
25 112 2
65 170 1
89 128 1
23 91 2
18 87 2
87 178 1
3 51 2
65 132 2
64 103 2
68 111 2
49 98 2
29 137 2
7 59 2
75 140 1
46 173 2
59 89 2
24 150 1
54 63 2
96 97 2
54 68 2
24 50 2
8 28 2
67 188 1
13 106 2
34 70 2
106 112 2
97 148 1
73 117 1
32 55 2
42 121 2
95 158 2
20 107 2
51 95 2
39 96 2
88 94 2
1 46 2
30 56 2
17 177 1
100 184 2
62 82 2
50 83 2
43 45 2
69 81 2
63 87 2
4 66 2
113 126 1
32 91 2
74 90 2
22 110 2
47 56 2
26 182 2
0 34 2
51 99 2
25 63 2
46 115 1
33 99 2
51 161 2
53 59 2
17 112 2
35 76 2
16 28 2
15 155 2
39 156 2
41 163 2
18 53 2
63 131 2
2 119 2
29 84 2
22 52 2
53 72 2
35 90 2
39 45 2
89 92 2
110 119 2
97 137 1
6 108 2
3 9 2
32 124 2
73 122 2
36 67 2
32 66 2
61 146 2
83 176 1
24 90 2
0 51 2
14 111 2
89 101 2
110 118 2
112 163 2
72 142 2
54 75 2
58 80 2
25 143 2
66 151 2
23 113 2
43 99 2
35 153 2
9 87 2
71 95 2
64 109 2
14 89 2
20 25 2
7 96 2
85 104 2
46 101 2
14 98 2
14 81 2
24 153 1
1 41 2
45 55 2
90 103 2
57 83 2
69 102 2
8 9 2
39 186 1
47 82 2
24 127 2
18 123 1
27 57 2
107 124 1
75 103 2
43 126 1
54 73 2
100 138 2
36 97 2
109 173 2
16 76 2
26 97 2
12 58 2
33 112 2
84 96 2
67 162 2
71 122 2
11 53 2
0 80 2
108 142 2
73 101 2
7 105 2
61 117 1
32 99 2
112 177 2
2 68 2
85 92 2
14 139 1
35 61 2
2 21 2
10 15 2
9 102 2
94 155 2
31 91 2
25 76 2
66 127 2
21 42 2
10 50 2
39 108 2
31 94 2
50 74 2
101 151 2
36 119 1
102 187 2
14 30 2
71 99 2
37 141 2
37 89 2
0 31 2
108 112 2
20 37 2
100 101 2
18 96 2
109 130 2
41 63 2
49 64 2
7 15 2
33 66 2
107 122 1
40 73 2
46 150 2
45 149 2
38 61 2
29 143 2
1 178 2
35 59 2
79 92 2
74 135 2
28 127 1
14 51 2
29 188 2
44 172 2
61 173 2
55 76 2
64 73 2
31 114 1
46 129 1
26 76 2
17 56 2
62 73 2
52 93 2
53 68 2
62 106 2
39 42 2
45 130 2
13 134 2
17 49 2
22 70 2
3 125 1
95 155 2
17 72 2
105 173 2
69 93 2
11 36 2
5 82 2
23 72 2
93 105 2
51 77 2
34 36 2
1 93 2
2 106 2
52 88 2
8 41 2
46 90 2
35 69 2
100 157 1
76 158 2
80 127 1
92 103 2
66 110 2
36 57 2
10 70 2
59 108 2
54 113 2
62 79 2
44 84 2
43 80 2
7 32 2
69 176 1
4 74 2
112 129 2
73 75 2
26 57 2
17 175 2
109 165 1
15 129 1
5 179 2
16 82 2
59 69 2
66 130 2
26 42 2
10 73 2
47 97 2
17 107 2
48 62 2
2 91 2
46 121 1
57 70 2
26 110 2
32 94 2
37 68 2
12 49 2
95 175 2
96 142 1
18 86 2
8 68 2
86 153 2
111 184 2
31 140 2
107 158 2
86 154 2
10 58 2
10 182 2
64 81 2
61 179 1
37 67 2
44 83 2
15 53 2
23 92 2
60 109 2
26 74 2
6 152 2
73 80 2
14 63 2
6 61 2
80 102 2
32 34 2
102 119 2
56 62 2
16 103 2
11 99 2
36 75 2
33 173 2
76 178 1
20 161 1
42 133 1
63 99 2
71 130 2
35 78 2
13 15 2
0 101 2
92 167 1
38 105 2
24 142 2
91 171 1
19 37 2
59 64 2
79 80 2
6 34 2
47 113 2
44 79 2
46 69 2
28 34 2
0 52 2
37 189 2
84 113 2
1 10 2
2 43 2
23 93 2
32 149 1
17 127 2
48 83 2
100 103 2
36 151 2
23 97 2
19 27 2
52 177 2
39 54 2
22 67 2
109 161 1
5 122 1
4 18 2
71 142 2
10 185 2
51 80 2
41 113 2
15 66 2
6 7 2
18 101 2
62 183 2
26 155 2
33 75 2
22 173 1
22 47 2
17 63 2
86 90 2
11 74 2
52 128 2
24 100 2
58 157 1
43 189 2
98 185 2
19 56 2
32 84 2
50 96 2
21 24 2
97 182 1
75 82 2
21 167 1
77 132 1
78 133 2
14 88 2
62 112 2
92 134 1
47 109 2
54 158 2
36 111 2
97 113 2
37 132 1
7 21 2
11 48 2
13 68 2
15 189 2
31 52 2
3 45 2
2 24 2
72 111 2
109 166 1
37 98 2
31 83 2
85 96 2
3 113 2
47 108 2
13 54 2
53 158 2
64 100 2
101 145 2
41 108 2
17 48 2
26 154 1
86 100 2
22 54 2
11 61 2
93 111 2
50 68 2
30 91 2
68 161 2
48 91 2
10 83 2
36 62 2
61 96 2
93 137 2
8 153 2
82 95 2
33 62 2
50 63 2
109 148 2
6 109 2
28 129 1
29 71 2
19 66 2
57 74 2
42 111 2
27 87 2
26 65 2
37 159 2
53 96 2
62 65 2
52 60 2
6 170 2
34 129 2
82 189 2
55 152 1
35 53 2
5 44 2
31 87 2
43 162 1
10 86 2
27 112 2
26 46 2
4 186 2
15 98 2
56 97 2
48 69 2
76 87 2
1 8 2
7 145 2
43 60 2
18 37 2
19 93 2
28 38 2
70 88 2
13 64 2
75 110 2
85 179 1
13 20 2
20 23 2
34 41 2
63 76 2
112 159 2
52 111 2
94 101 2
29 40 2
67 158 1
79 107 2
2 63 2
71 93 2
57 137 2
7 50 2
38 98 2
18 64 2
14 90 2
11 75 2
95 105 2
64 87 2
27 64 2
64 65 2
33 151 2
75 84 2
23 57 2
6 89 2
52 116 2
82 86 2
11 121 1
2 29 2
20 100 2
57 120 2
79 106 2
30 88 2
6 49 2
59 134 1
40 188 2
1 69 2
72 73 2
5 133 2
48 167 1
28 155 2
37 64 2
21 50 2
37 104 2
71 88 2
36 39 2
19 71 2
18 92 2
68 178 2
9 160 2
19 174 2
61 113 2
56 86 2
75 104 2
27 41 2
65 104 2
93 156 2
70 113 2
83 183 2
2 9 2
11 55 2
23 80 2
108 155 2
13 58 2
73 91 2
22 51 2
8 72 2
13 24 2
94 102 2
64 68 2
98 105 2
27 177 1
39 97 2
17 82 2
90 91 2
7 62 2
35 92 2
18 107 2
109 133 2
55 180 2
29 164 1
73 97 2
14 33 2
87 104 2
47 77 2
68 142 2
70 112 2
67 71 2
20 118 2
81 126 1
87 167 2
74 105 2
49 52 2
36 108 2
7 20 2
23 68 2
13 107 2
25 92 2
1 27 2
77 188 1
12 67 2
48 165 2
16 65 2
61 97 2
0 148 2
94 108 2
103 148 1
35 130 1
30 33 2
49 187 2
5 95 2
14 113 2
5 12 2
11 109 2
25 32 2
38 128 1
46 67 2
15 76 2
99 111 2
86 106 2
48 161 2
50 188 1
25 109 2
46 77 2
112 120 1
1 3 2
49 159 1
49 104 2
76 93 2
4 187 2
29 91 2
61 79 2
2 73 2
90 110 2
34 93 2
27 80 2
109 167 2
104 105 2
18 43 2
88 91 2
5 16 2
50 59 2
23 133 2
66 77 2
3 50 2
65 187 2
40 134 2
9 37 2
29 134 2
10 60 2
11 18 2
53 69 2
101 102 2
9 72 2
43 173 1
20 77 2
39 101 2
37 150 2
26 189 2
35 97 2
12 61 2
14 40 2
10 91 2
108 154 2
13 109 2
15 68 2
10 98 2
14 101 2
55 144 1
50 57 2
74 107 2
19 47 2
26 108 2
81 113 2
29 99 2
65 81 2
25 95 2
13 56 2
69 86 2
2 149 1
20 110 2
11 54 2
53 106 2
33 184 2
50 53 2
45 108 2
98 99 2
25 73 2
37 167 2
85 101 2
29 86 2
80 100 2
68 100 2
24 64 2
81 88 2
56 91 2
68 69 2
5 81 2
23 76 2
41 119 2
61 74 2
31 109 2
4 171 2
5 99 2
5 37 2
64 187 1
84 100 2
8 141 2
68 73 2
22 98 2
2 12 2
56 102 2
34 106 2
33 101 2
47 55 2
2 96 2
57 84 2
42 110 2
66 100 2
50 52 2
82 106 2
21 100 2
104 172 2
20 92 2
5 53 2
7 41 2
18 130 2
32 43 2
28 94 2
2 64 2
55 91 2
62 85 2
13 73 2
4 89 2
21 188 2
8 60 2
69 78 2
5 113 2
61 108 2
2 98 2
47 67 2
3 59 2
19 117 1
60 90 2
99 107 2
33 38 2
12 20 2
42 55 2
24 49 2
26 58 2
22 55 2
41 54 2
9 117 1
17 61 2
1 110 2
67 88 2
40 106 2
23 56 2
39 94 2
22 32 2
68 105 2
54 58 2
95 120 1
29 74 2
41 75 2
103 118 2
65 85 2
4 44 2
106 166 1
104 129 2
10 130 2
15 113 2
51 165 1
22 112 2
28 33 2
49 76 2
58 94 2
83 93 2
56 63 2
0 13 2
80 152 2
5 59 2
29 70 2
91 174 2
10 89 2
16 22 2
76 105 2
21 41 2
0 142 2
41 86 2
78 81 2
7 64 2
54 142 2
55 74 2
102 103 2
6 71 2
91 102 2
1 92 2
21 72 2
59 63 2
83 102 2
46 64 2
39 55 2
15 110 2
102 154 2
24 144 1
6 8 2
9 112 2
9 146 2
59 155 1
19 45 2
23 38 2
0 48 2
90 112 2
29 167 2
88 98 2
44 65 2
23 37 2
10 123 2
0 95 2
78 110 2
24 109 2
29 104 2
9 107 2
39 46 2
112 115 2
42 92 2
14 91 2
104 162 2
53 113 2
43 55 2
9 133 2
79 97 2
62 96 2
26 88 2
54 91 2
36 65 2
25 80 2
88 116 2
27 100 2
88 166 2
42 65 2
4 93 2
5 25 2
59 77 2
39 164 2
59 144 2
55 104 2
90 115 1
74 112 2
77 105 2
97 99 2
95 106 2
1 61 2
20 130 2
8 137 2
42 95 2
13 118 2
18 116 2
10 30 2
15 29 2
13 103 2
19 112 2
87 95 2
12 104 2
33 129 2
26 51 2
51 183 2
2 58 2
81 117 1
61 111 2
51 62 2
46 70 2
2 186 2
104 107 2
73 90 2
34 97 2
3 115 2
18 58 2
29 67 2
13 32 2
22 93 2
69 92 2
11 80 2
79 184 2
108 172 2
4 120 1
22 71 2
93 100 2
109 129 1
26 151 1
112 116 2
17 156 2
16 121 1
19 43 2
86 97 2
31 130 2
22 138 1
3 158 1
52 87 2
27 42 2
11 42 2
38 148 1
11 16 2
39 50 2
92 113 2
108 141 2
70 79 2
44 127 2
24 42 2
51 111 2
21 45 2
94 163 1
5 33 2
13 86 2
42 43 2
56 85 2
47 90 2
1 22 2
1 146 2
42 136 2
60 131 2
75 101 2
31 77 2
7 124 2
69 85 2
7 10 2
0 36 2
99 182 2
32 59 2
19 75 2
5 20 2
88 96 2
84 94 2
20 80 2
15 84 2
23 102 2
111 122 2
48 92 2
9 85 2
65 77 2
58 162 1
3 90 2
15 44 2
65 96 2
46 59 2
76 92 2
29 150 1
18 111 2
18 19 2
32 71 2
60 173 2
21 51 2
28 98 2
71 176 1
44 80 2
93 160 2
64 131 2
6 70 2
84 91 2
5 109 2
77 81 2
97 144 2
3 29 2
25 111 2
52 89 2
48 51 2
21 69 2
42 56 2
31 59 2
38 51 2
22 56 2
32 37 2
88 92 2
41 156 2
23 98 2
104 155 2
63 95 2
38 134 1
39 49 2
46 53 2
21 34 2
31 44 2
37 42 2
15 49 2
34 71 2
38 139 2
48 68 2
10 178 2
56 100 2
41 98 2
0 111 2
5 75 2
42 154 1
17 103 2
42 102 2
42 86 2
11 101 2
0 41 2
60 132 2
20 104 2
8 92 2
65 158 2
47 58 2
49 88 2
97 152 2
39 78 2
71 148 2
45 156 1
4 49 2
18 102 2
45 101 2
84 180 2
19 34 2
7 18 2
50 93 2
31 86 2
6 119 1
9 185 2
2 16 2
62 94 2
87 99 2
69 157 2
11 111 2
13 153 2
1 99 2
23 31 2
96 132 2
25 84 2
47 134 1
17 91 2
40 62 2
49 68 2
101 175 2
48 70 2
66 98 2
3 42 2
45 87 2
49 87 2
10 97 2
75 77 2
13 69 2
24 89 2
50 103 2
45 90 2
49 53 2
21 97 2
14 45 2
1 120 2
59 179 2
27 117 2
2 132 2
30 69 2
72 124 2
55 79 2
47 48 2
31 99 2
41 107 2
99 101 2
46 68 2
8 120 1
101 112 2
22 33 2
64 115 2
25 105 2
49 92 2
3 57 2
7 132 2
31 63 2
12 166 1
44 75 2
98 109 2
60 97 2
102 110 2
12 76 2
16 95 2
19 40 2
18 52 2
41 46 2
101 162 2
56 163 2
22 90 2
62 68 2
17 93 2
57 62 2
7 90 2
10 186 1
76 179 1
96 107 2
53 57 2
98 186 1
30 72 2
41 58 2
105 155 2
62 111 2
2 38 2
1 133 2
11 92 2
71 102 2
63 102 2
47 93 2
2 61 2
5 77 2
103 125 1
38 73 2
18 36 2
39 147 1
30 77 2
15 160 2
41 106 2
63 139 2
63 134 2
35 134 2
6 101 2
73 104 2
12 153 2
15 146 2
62 109 2
60 101 2
109 110 2
60 116 1
48 105 2
49 165 1
87 97 2
61 160 2
23 71 2
70 147 2
88 97 2
8 151 2
5 168 2
29 37 2
86 119 1
22 143 1
6 56 2
86 95 2
5 107 2
20 33 2
7 113 2
1 102 2
46 98 2
58 103 2
83 188 2
37 72 2
64 83 2
37 91 2
95 183 2
3 99 2
107 153 1
61 78 2
104 183 2
47 66 2
77 106 2
76 103 2
55 62 2
82 87 2
23 134 2
49 79 2
69 182 2
14 100 2
30 76 2
91 113 2
1 79 2
1 84 2
56 173 2
7 154 1
96 155 2
27 71 2
50 143 1
60 61 2
25 46 2
16 172 1
32 90 2
49 108 2
53 92 2
58 149 2
3 43 2
72 99 2
4 107 2
44 91 2
18 45 2
80 132 2
65 99 2
80 183 2
35 91 2
27 92 2
34 95 2
12 77 2
64 175 2
6 137 2
21 138 2
18 26 2
19 30 2
80 109 2
13 180 2
19 49 2
50 81 2
97 180 2
45 110 2
19 108 2
15 126 2
76 126 2
56 157 2
43 128 1
8 14 2
2 59 2
37 60 2
79 90 2
22 31 2
43 78 2
35 88 2
19 44 2
38 117 1
55 95 2
35 63 2
26 36 2
0 70 2
73 94 2
20 170 1
27 153 1
1 53 2
14 84 2
90 155 1
34 49 2
20 43 2
90 187 2
1 119 1
25 42 2
45 67 2
9 65 2
48 124 2
65 83 2
39 62 2
52 134 1
6 43 2
4 99 2
20 114 2
66 107 2
35 149 2
29 42 2
41 84 2
2 136 2
35 46 2
12 60 2
9 29 2
23 99 2
29 50 2
74 110 2
15 25 2
62 95 2
98 120 2
9 147 1
27 90 2
47 112 2
62 91 2
25 61 2
20 48 2
19 139 2
14 57 2
3 88 2
11 143 2
15 87 2
41 73 2
26 92 2
17 168 1
29 106 2
5 119 2
63 129 2
68 75 2
43 74 2
53 128 2
29 44 2
18 84 2
33 91 2
76 94 2
13 97 2
13 59 2
35 67 2
43 145 2
44 68 2
48 97 2
17 128 2
51 159 1
12 59 2
77 86 2
74 91 2
7 94 2
6 178 2
38 97 2
71 73 2
37 108 2
39 80 2
26 34 2
56 181 1
73 174 1
36 168 2
66 99 2
8 81 2
32 109 2
21 52 2
23 81 2
45 179 2
68 125 2
4 31 2
24 81 2
30 38 2
34 102 2
12 88 2
35 79 2
26 59 2
34 187 2
19 188 2
32 77 2
12 110 2
47 81 2
76 169 2
23 104 2
12 162 2
62 116 2
64 66 2
84 112 2
67 103 2
65 171 2
70 114 1
15 34 2
45 105 2
39 115 2
88 181 1
5 69 2
40 48 2
65 118 2
100 118 1
3 68 2
90 171 1
8 177 2
46 120 1
89 108 2
18 174 2
52 54 2
7 39 2
36 106 2
78 155 2
42 71 2
1 85 2
7 25 2
81 160 2
10 48 2
80 90 2
103 188 1
40 104 2
25 66 2
5 30 2
54 107 2
28 142 2
71 110 2
82 118 2
83 125 1
20 188 2
61 88 2
44 60 2
25 29 2
44 88 2
7 111 2
2 100 2
14 61 2
5 23 2
94 106 2
78 101 2
52 125 1
22 72 2
91 189 2
37 96 2
6 10 2
30 137 2
0 59 2
94 105 2
70 163 2
7 99 2
40 67 2
18 29 2
11 175 2
0 11 2
9 69 2
23 74 2
49 148 2
16 49 2
65 135 1
77 107 2
24 106 2
88 162 2
21 74 2
24 37 2
52 110 2
55 156 1
20 82 2
20 38 2
1 185 1
81 83 2
51 92 2
41 130 2
57 85 2
27 175 2
32 112 2
28 112 2
102 167 2
75 98 2
101 142 2
26 41 2
14 16 2
23 86 2
31 45 2
8 52 2
13 67 2
58 127 1
41 65 2
32 61 2
57 61 2
13 37 2
45 80 2
12 101 2
43 151 2
51 175 2
52 152 2
32 87 2
54 99 2
48 158 2
23 88 2
13 160 2
112 148 1
34 168 1
57 103 2
46 91 2
17 102 2
26 27 2
36 122 1
98 107 2
14 103 2
10 126 1
44 140 2
47 60 2
44 105 2
97 128 1
76 96 2
20 70 2
16 21 2
53 91 2
11 29 2
51 106 2
31 54 2
79 93 2
71 108 2
37 47 2
30 110 2
24 71 2
4 7 2
13 52 2
26 174 1
42 107 2
69 83 2
43 59 2
30 102 2
5 73 2
44 96 2
81 147 2
12 160 2
87 174 2
20 86 2
1 4 2
92 110 2
26 178 2
97 168 1
23 140 2
18 93 2
40 94 2
22 99 2
10 163 2
32 64 2
2 181 2
51 74 2
79 167 2
33 156 1
53 112 2
105 162 1
44 155 2
34 143 2
42 66 2
25 129 2
10 101 2
7 19 2
59 91 2
11 64 2
107 149 2
55 64 2
0 56 2
48 66 2
40 177 2
66 101 2
101 134 2
2 6 2
35 58 2
85 182 2
11 25 2
103 107 2
87 119 1
99 166 2
8 66 2
44 101 2
48 82 2
55 101 2
103 136 2
68 76 2
13 101 2
4 55 2
84 134 2
20 69 2
21 98 2
99 120 2
52 153 2
70 100 2
93 164 2
11 78 2
56 113 2
42 81 2
46 65 2
38 151 2
71 125 2
21 85 2
102 106 2
46 169 2
71 83 2
24 63 2
59 107 2
20 53 2
0 25 2
70 180 2
15 168 2
67 170 2
11 91 2
61 174 2
33 47 2
6 74 2
54 112 2
19 46 2
1 7 2
85 99 2
47 187 2
57 88 2
44 132 2
34 172 2
14 112 2
31 40 2
12 22 2
59 80 2
0 66 2
32 178 2
104 133 1
19 64 2
19 76 2
32 50 2
89 156 1
13 116 1
102 108 2
10 78 2
17 83 2
29 184 2
41 184 2
70 160 2
38 181 2
77 88 2
31 56 2
72 177 2
9 173 2
2 44 2
23 90 2
96 185 2
57 182 1
39 105 2
39 68 2
27 89 2
55 63 2
25 157 1
5 96 2
43 46 2
107 134 2
4 15 2
0 158 1
49 62 2
15 54 2
18 62 2
62 76 2
42 79 2
53 156 1
43 154 2
22 125 1
12 96 2
61 65 2
36 167 2
3 32 2
81 92 2
34 94 2
100 102 2
2 86 2
74 111 2
97 171 1
91 106 2
33 49 2
12 86 2
78 104 2
1 51 2
25 31 2
83 97 2
21 43 2
5 45 2
28 67 2
47 53 2
34 62 2
11 27 2
68 104 2
51 173 2
38 75 2
33 96 2
2 158 1
2 67 2
14 52 2
59 95 2
46 112 2
44 82 2
10 88 2
88 143 2
22 147 1
4 25 2
8 144 1
101 104 2
28 134 1
26 100 2
84 88 2
18 148 2
21 182 2
50 124 1
13 159 1
55 149 1
41 177 1
67 92 1
37 95 1
0 138 1
61 75 1
2 130 2
19 135 2
17 54 1
80 136 1
28 135 1
14 28 1
23 135 1
63 65 1
8 78 1
46 54 1
5 27 1
73 181 1
30 107 1
69 111 1
34 112 1
11 46 1
86 173 2
32 46 1
