% n=140 p=60 d=0.66 p_blue=0.66
% k=0
9 44 2
81 112 1
14 54 2
59 126 1
26 111 2
11 71 2
29 56 2
23 137 1
67 106 1
50 86 2
59 125 2
28 70 2
11 129 1
9 120 1
35 65 2
7 42 2
23 29 2
73 123 1
42 100 1
18 50 2
18 125 1
25 33 2
5 75 2
31 69 2
64 101 1
3 26 2
3 137 2
15 50 2
59 118 1
24 58 2
19 129 2
5 72 2
76 96 1
74 79 2
76 111 1
12 31 2
9 73 2
66 103 2
6 56 2
2 22 2
15 55 2
0 67 2
35 133 2
44 59 2
22 83 2
71 110 2
10 114 2
10 56 2
10 110 1
57 67 2
36 60 2
81 124 1
64 107 1
4 94 2
50 85 2
52 124 2
16 89 2
2 25 2
12 29 2
44 115 2
29 36 2
45 47 2
36 74 2
25 118 1
72 138 2
31 134 2
34 38 2
35 137 1
30 125 1
71 99 1
17 98 2
40 108 2
23 108 1
42 52 2
71 84 2
63 85 2
14 131 1
6 46 2
10 91 2
34 104 2
26 110 2
1 105 2
42 79 2
52 127 2
47 107 1
22 125 2
60 118 2
61 100 2
47 131 2
14 132 2
38 75 2
70 72 2
17 132 2
6 118 2
35 40 2
45 135 2
29 63 2
0 47 2
74 78 2
33 127 1
54 129 2
52 70 2
65 77 2
27 95 1
15 115 2
45 136 2
22 64 2
56 64 2
78 118 2
63 128 2
10 131 1
1 33 2
54 105 2
58 71 2
51 54 2
48 64 2
59 95 2
47 81 2
52 111 2
45 74 2
25 29 2
79 101 1
41 75 2
70 110 1
32 101 1
0 24 2
46 119 2
75 136 2
24 105 2
26 68 2
35 46 2
52 114 1
75 82 2
37 44 2
40 72 2
54 97 1
5 27 2
36 46 2
16 78 2
32 33 2
1 14 2
9 75 2
54 99 1
16 124 2
45 139 2
14 105 2
62 87 2
48 117 1
45 111 1
22 61 2
40 57 2
27 65 2
35 84 2
60 139 1
20 71 2
6 111 2
8 88 2
79 115 2
20 95 2
13 69 2
47 92 1
64 127 1
14 65 2
38 90 2
80 81 2
39 135 1
11 78 2
68 86 2
60 90 2
64 118 2
14 29 2
32 94 1
29 126 1
39 72 2
18 106 2
54 66 2
40 60 2
50 137 1
2 26 2
34 58 2
5 19 2
2 79 2
32 48 2
76 118 2
8 53 2
63 93 2
50 65 2
68 99 2
37 43 2
16 47 2
10 38 2
69 80 2
35 66 2
15 110 2
15 22 2
10 87 1
10 19 2
40 82 2
48 83 2
12 64 2
11 59 2
7 76 2
37 95 2
17 56 2
20 36 2
15 25 2
18 137 2
28 109 2
9 112 2
39 88 1
8 12 2
40 69 2
50 53 2
35 36 2
17 137 1
8 118 1
46 54 2
21 101 1
5 21 2
13 53 2
31 58 2
18 116 1
6 54 2
78 108 1
4 116 2
72 112 2
42 72 2
4 41 2
7 37 2
23 119 1
61 76 2
73 102 1
50 84 1
65 91 2
7 53 2
21 33 2
38 60 2
79 104 2
36 61 2
49 100 1
54 137 2
1 114 2
56 62 2
1 44 2
31 118 1
17 68 2
5 91 1
1 21 2
57 81 2
62 101 2
55 68 2
6 81 2
54 80 2
16 85 2
4 58 2
8 116 2
55 59 2
35 43 2
18 105 2
27 58 2
50 62 2
45 78 2
15 28 2
2 18 2
37 64 2
45 77 2
4 108 1
25 77 2
75 80 2
64 115 2
10 60 2
2 131 2
35 53 2
15 131 2
3 16 2
59 70 2
65 117 2
41 43 2
12 46 2
26 71 2
27 49 2
0 52 2
78 134 2
6 9 2
23 35 2
43 93 2
1 45 2
53 98 2
52 60 2
72 104 2
25 44 2
11 47 2
54 67 2
30 47 2
52 63 2
29 43 2
47 134 1
51 125 2
11 83 2
82 83 2
23 61 2
24 54 2
73 78 2
19 21 2
74 113 2
25 99 2
29 125 2
33 72 2
59 124 2
0 27 2
37 55 2
35 59 2
5 35 2
28 38 2
20 97 2
79 89 1
45 99 2
54 84 1
32 65 2
14 80 2
55 69 2
3 68 2
55 83 2
14 17 2
17 77 2
4 86 2
49 74 2
26 100 2
59 138 2
41 78 2
7 61 2
7 15 2
9 10 2
8 132 2
20 130 1
71 72 2
15 44 2
45 75 2
82 88 2
70 108 2
9 58 2
53 130 1
6 113 2
49 128 1
6 31 2
74 100 2
24 78 2
38 115 1
51 62 2
21 57 2
10 105 2
10 70 2
45 117 2
62 66 2
32 36 2
39 108 1
53 135 2
52 69 2
22 88 2
47 97 1
28 127 2
62 99 2
40 68 2
43 99 2
61 69 2
36 107 2
34 36 2
36 58 2
8 81 2
3 32 2
47 113 1
50 128 2
16 67 2
5 71 2
29 77 2
71 77 2
76 107 2
3 18 2
12 44 2
29 32 2
36 39 2
4 68 2
62 105 2
41 98 1
6 109 1
42 91 2
49 87 2
25 70 2
11 64 2
66 139 2
49 79 2
39 50 2
46 97 2
54 73 2
61 93 2
72 92 1
10 27 2
8 123 2
39 120 1
37 88 2
78 131 2
3 117 1
48 129 2
68 101 1
52 125 2
49 75 2
51 73 2
43 89 1
5 55 2
37 58 2
26 52 2
49 118 1
57 101 2
32 92 2
37 81 2
28 104 1
24 38 2
42 55 2
27 98 1
13 133 2
21 55 2
1 40 2
18 58 2
8 104 2
9 108 2
13 32 2
13 65 2
4 22 2
2 67 2
36 93 2
1 71 2
12 77 2
46 113 1
3 12 2
21 52 2
5 8 2
18 93 1
15 93 2
52 94 2
18 21 2
81 129 2
32 46 2
32 91 1
19 73 2
55 67 2
34 115 2
21 24 2
42 139 2
64 65 2
16 30 2
22 24 2
10 76 2
80 99 2
33 121 2
60 72 2
50 130 2
45 55 2
2 106 2
2 114 1
3 135 2
57 128 2
22 52 2
37 67 2
2 13 2
21 29 2
12 130 2
24 43 2
19 41 2
44 134 1
39 129 2
51 57 2
19 25 2
43 96 1
25 101 2
29 50 2
39 104 1
81 134 2
27 127 1
3 43 2
73 98 2
74 139 1
12 104 2
45 58 2
9 132 2
63 117 1
35 50 2
71 112 1
1 4 2
23 46 2
36 65 2
8 59 2
2 45 2
53 71 2
81 111 1
36 95 2
17 135 2
6 43 2
37 74 2
39 117 2
41 118 1
3 46 2
64 106 1
9 83 2
50 103 1
5 69 2
29 68 2
58 117 1
3 112 2
17 28 2
27 123 2
2 40 2
38 84 2
40 66 2
64 132 2
44 128 2
58 137 1
20 51 2
3 4 2
48 124 2
45 123 2
51 119 2
1 31 2
33 85 2
35 125 1
30 83 2
73 133 1
36 123 2
42 77 2
5 36 2
10 119 2
50 110 2
44 82 2
39 40 2
81 137 1
64 125 2
55 80 2
31 122 1
48 119 2
16 72 2
40 87 2
48 88 1
64 74 2
19 48 2
1 67 2
26 51 2
44 135 1
65 139 1
18 33 2
9 69 2
6 132 2
0 65 2
63 98 1
46 47 2
75 83 2
11 55 2
62 124 2
13 91 2
15 19 2
5 117 2
48 104 2
4 132 2
47 53 2
3 30 2
6 51 2
27 52 2
22 90 2
26 91 2
5 106 2
34 100 2
50 61 2
13 29 2
37 66 2
8 120 1
68 131 2
43 128 2
33 104 1
60 135 2
20 68 2
11 95 1
17 108 2
3 59 2
51 105 2
67 103 2
22 47 2
23 68 2
64 82 2
57 74 2
72 124 1
8 16 2
7 112 2
54 64 2
17 117 1
55 136 2
71 130 2
75 88 1
38 55 2
16 27 2
63 139 2
19 88 2
22 91 2
49 111 2
1 38 2
23 55 2
14 48 2
68 115 1
42 51 2
27 55 2
58 101 2
66 92 1
35 78 2
0 53 2
11 91 2
21 63 2
2 4 2
74 84 2
38 72 2
78 104 1
20 123 2
81 135 2
77 105 1
51 112 1
54 56 2
68 104 2
10 127 2
23 139 1
78 79 2
71 87 2
5 56 2
13 70 2
67 135 1
12 19 2
8 113 2
31 115 2
13 34 2
14 118 1
57 77 2
43 78 2
48 85 1
43 77 2
18 45 2
24 123 2
4 98 2
19 120 1
7 105 2
72 131 2
9 95 1
6 84 2
63 94 2
10 125 1
0 30 2
16 46 2
45 94 2
83 86 1
74 111 2
43 129 2
49 78 2
4 65 2
10 12 2
22 73 2
55 138 2
41 76 2
36 101 2
83 99 2
29 58 2
76 109 2
51 78 2
40 81 2
35 56 2
37 54 2
50 107 2
42 78 2
22 138 2
73 97 1
1 32 2
21 58 2
51 135 2
38 95 2
39 86 1
47 110 2
12 66 2
61 105 1
70 93 1
31 45 2
28 82 2
76 102 2
28 49 2
72 91 2
14 67 2
53 126 1
29 110 1
20 22 2
19 33 2
36 44 2
33 68 2
65 131 2
26 125 1
1 56 2
3 121 1
27 78 2
33 118 1
8 13 2
9 61 2
62 69 2
21 83 2
6 19 2
42 120 2
33 66 2
31 113 1
33 81 2
49 123 2
83 105 1
39 87 1
53 109 1
82 111 1
29 34 2
6 57 2
7 9 2
74 75 2
10 106 1
22 43 2
39 84 1
75 129 2
31 42 2
50 74 2
21 95 2
25 97 2
19 28 2
4 63 2
8 14 2
14 63 2
32 41 2
6 47 2
15 77 2
64 87 2
8 69 2
27 33 2
19 62 2
1 86 1
7 13 2
17 60 2
0 54 2
25 130 2
5 46 2
38 73 2
1 74 2
57 76 2
20 59 2
4 24 2
49 71 2
77 108 2
7 8 2
6 70 2
4 73 2
64 83 2
41 97 2
66 96 2
14 97 2
68 75 2
37 117 2
52 61 2
1 102 2
23 100 1
12 99 2
15 26 2
36 97 2
25 72 2
54 82 2
59 60 2
52 123 2
48 93 2
40 139 2
59 92 1
65 128 1
69 122 1
30 57 2
58 65 2
29 69 2
76 136 1
68 81 2
26 74 2
21 116 2
26 49 2
62 134 2
14 57 2
2 77 2
33 67 2
1 12 2
37 98 2
59 64 2
17 29 2
53 83 2
1 35 2
17 126 1
23 30 2
25 71 2
30 135 2
56 77 2
67 98 2
7 85 2
61 128 1
44 64 2
27 128 2
61 68 2
36 82 2
1 5 2
34 73 2
40 76 2
69 123 2
31 51 2
24 62 2
55 128 2
18 99 2
32 84 1
43 46 2
40 94 1
29 45 2
32 52 2
4 109 2
44 83 2
62 104 1
81 126 2
1 11 2
43 90 2
49 62 2
55 130 2
20 53 2
1 118 2
36 91 1
28 60 2
18 56 2
5 61 2
0 80 2
36 109 2
64 85 2
21 77 2
22 98 1
7 124 2
43 48 2
26 56 2
60 99 2
45 108 2
63 65 2
23 60 2
65 71 2
9 125 1
20 102 1
32 134 1
9 24 2
7 121 2
0 32 2
7 43 2
19 85 2
14 114 1
12 25 2
6 137 2
10 35 2
10 94 2
60 116 2
77 81 2
65 74 2
60 70 2
14 120 2
33 110 1
40 83 2
7 82 2
18 52 2
34 47 2
50 70 2
53 79 2
25 112 2
5 77 2
72 135 2
30 111 2
70 89 2
7 130 2
60 83 2
17 21 2
3 8 2
7 75 2
19 107 1
81 139 2
11 44 2
25 135 2
80 120 2
39 101 1
29 38 2
72 99 2
64 134 2
67 69 2
39 98 2
4 44 2
75 93 1
33 65 2
14 115 2
16 49 2
15 99 1
11 32 2
63 80 2
23 113 2
39 62 2
69 132 1
18 102 2
6 32 2
36 90 2
46 96 2
75 79 2
29 98 1
22 110 2
39 113 2
11 31 2
34 63 2
54 86 2
37 94 2
17 80 2
82 97 1
21 137 2
5 70 2
5 103 2
19 55 2
50 122 2
49 54 2
18 84 2
4 9 2
27 37 2
73 114 1
61 62 2
71 83 2
32 75 2
70 121 2
55 126 2
58 72 2
16 26 2
80 87 2
22 70 2
9 35 2
57 121 2
25 60 2
53 78 2
0 124 2
76 87 2
10 30 2
11 62 2
79 137 2
73 95 1
61 106 1
69 115 2
79 117 2
66 111 1
54 76 2
11 92 1
37 109 1
17 58 2
31 49 2
53 92 1
36 126 1
18 34 2
18 117 2
7 65 2
23 79 2
60 121 2
21 30 2
7 127 2
54 63 2
36 45 2
26 113 2
18 71 2
50 83 2
75 137 2
12 26 2
7 26 2
67 126 2
7 87 2
18 40 2
65 83 2
0 110 2
34 77 2
0 11 2
9 68 2
8 119 2
30 50 2
15 23 2
24 119 2
76 104 2
46 48 2
76 101 2
11 24 2
55 122 2
40 43 2
3 101 2
64 89 2
35 135 1
32 139 2
78 83 2
27 50 2
18 131 2
60 125 2
40 71 2
44 47 2
38 43 2
11 116 2
14 39 2
21 50 2
50 129 2
64 76 2
22 45 2
9 37 2
10 21 2
25 131 2
49 61 2
62 67 2
38 52 2
8 46 2
0 4 2
44 133 2
46 64 2
23 62 2
39 51 2
83 131 2
72 120 1
35 80 2
14 103 2
19 82 2
4 93 2
18 114 2
53 69 2
2 55 2
38 62 2
38 82 2
52 87 1
13 63 2
60 71 2
16 44 2
64 70 2
3 34 2
81 96 2
30 109 1
46 50 2
10 59 2
30 115 1
22 139 2
15 104 2
20 65 2
57 136 2
8 15 2
8 30 2
28 66 2
26 123 1
12 62 2
38 50 2
30 102 1
64 121 2
9 20 2
22 115 2
31 111 2
17 116 1
55 110 2
34 85 2
40 88 2
33 59 2
30 45 2
5 90 2
47 70 2
0 38 2
10 80 2
12 113 1
4 89 1
69 138 1
16 33 2
21 114 2
61 130 1
25 59 2
74 83 2
13 123 1
36 57 2
0 131 1
11 77 2
83 87 2
9 40 2
40 97 2
2 16 2
9 117 2
78 84 2
4 19 2
12 65 2
66 85 2
8 90 2
17 83 2
28 130 2
38 118 2
27 36 2
74 97 1
19 59 2
69 81 2
50 104 2
34 54 2
30 93 2
79 99 2
80 107 1
59 106 2
45 88 2
37 86 2
29 128 2
25 67 2
68 110 2
2 35 2
44 53 2
77 85 2
61 104 1
77 88 1
38 57 2
32 72 2
83 92 2
65 138 2
21 71 2
30 75 2
13 56 2
51 75 2
57 65 2
43 64 2
10 57 2
82 129 1
48 131 2
48 78 2
49 122 1
34 51 2
75 117 1
38 92 2
78 119 2
33 134 1
49 73 2
54 92 2
36 133 1
20 44 2
47 71 2
19 84 2
27 90 1
35 71 2
27 83 2
54 57 2
42 121 2
77 114 1
17 78 2
28 126 2
18 128 2
18 78 2
56 112 2
80 85 1
46 130 2
36 99 2
27 92 2
83 97 2
31 68 2
61 77 2
23 24 2
61 74 2
56 89 2
19 90 1
57 60 2
74 124 2
69 85 1
17 23 2
15 60 2
79 112 2
29 74 2
0 132 2
31 138 2
25 26 2
25 75 2
48 98 2
1 17 2
36 66 2
18 54 2
8 62 2
61 116 2
22 96 2
34 93 2
9 51 2
27 139 2
29 67 2
1 2 2
83 130 2
83 129 2
35 120 2
12 35 2
10 126 2
26 73 2
55 60 2
24 134 1
1 134 1
15 132 2
47 69 2
6 93 2
55 121 2
13 119 2
32 131 2
60 132 1
50 138 1
73 113 1
21 113 1
17 87 2
5 25 2
26 50 2
22 63 2
26 107 2
0 2 2
38 101 2
26 63 2
15 30 2
7 102 1
37 127 2
49 70 2
25 41 2
68 139 2
18 63 2
1 113 1
24 74 2
15 111 1
3 20 2
18 23 2
28 78 2
38 129 1
39 83 2
24 104 2
79 122 1
11 28 2
51 65 2
53 70 2
67 110 2
57 80 2
33 117 2
61 63 2
47 66 2
45 76 2
19 67 2
16 39 2
30 42 2
58 80 2
10 69 2
26 89 2
43 59 2
53 63 2
8 70 2
29 71 2
26 82 2
62 70 2
81 82 2
18 46 2
65 84 1
82 117 1
26 57 2
10 26 2
39 61 2
52 57 2
42 101 1
60 110 1
13 75 2
57 82 2
70 134 1
41 121 2
83 125 2
34 65 2
16 65 2
31 48 2
6 21 2
81 105 2
14 95 1
24 52 2
30 49 2
15 72 2
38 49 2
12 40 2
59 139 2
70 94 2
60 94 2
12 78 2
73 110 1
14 61 2
26 31 2
63 108 2
69 78 2
12 87 2
12 50 2
62 136 2
32 44 2
34 86 2
34 72 2
9 135 1
56 65 2
55 131 2
78 113 2
60 69 2
76 113 1
39 110 2
3 63 2
58 108 2
53 72 2
81 136 2
40 104 2
48 51 2
45 98 2
2 5 2
39 122 2
22 58 2
10 48 2
66 81 2
48 136 2
72 113 2
44 58 2
42 50 2
17 121 2
2 39 2
3 125 2
27 109 2
63 92 2
2 86 1
3 127 2
29 94 2
20 34 2
0 64 2
41 86 2
83 116 2
37 125 1
24 116 1
32 79 2
74 114 1
54 71 2
69 95 2
60 63 2
20 80 2
82 133 2
5 43 2
12 51 2
33 38 2
7 20 2
11 25 2
33 36 2
74 134 2
29 39 2
26 40 2
56 85 1
13 22 2
31 84 2
46 51 2
46 76 2
10 139 2
20 66 2
51 83 2
58 75 2
49 55 2
6 55 2
38 88 2
25 114 1
72 107 1
28 84 1
62 100 2
53 96 2
4 67 2
9 72 2
5 7 2
5 110 2
10 67 2
43 130 2
22 89 1
44 88 2
22 37 2
37 70 2
61 79 2
20 121 1
6 40 2
28 31 2
21 23 2
5 65 2
40 123 2
17 38 2
39 78 2
30 77 2
3 31 2
27 126 2
39 132 2
17 138 2
53 113 1
21 120 2
34 61 2
62 103 2
11 121 2
70 90 2
32 106 2
17 105 2
45 63 2
55 57 2
41 69 2
70 80 2
23 73 2
47 86 1
11 17 2
6 105 1
2 60 2
16 48 2
77 106 1
39 130 1
39 64 2
2 134 2
1 37 2
31 77 2
30 85 2
7 93 2
40 55 2
25 84 2
33 46 2
41 107 1
82 131 2
1 54 2
22 94 2
3 17 2
40 78 2
13 20 2
29 53 2
18 121 1
27 111 2
26 66 2
41 117 1
11 66 2
19 64 2
2 63 2
16 42 2
4 82 2
4 120 2
34 135 2
58 68 2
33 131 2
30 64 2
18 62 2
55 111 1
49 109 1
66 107 2
63 110 2
64 79 2
27 67 2
38 122 2
8 76 2
9 79 2
18 25 2
11 65 2
21 78 2
16 115 1
33 111 1
13 127 1
48 56 2
60 117 2
8 49 2
36 37 2
57 71 2
44 48 2
35 118 2
9 129 1
10 79 2
16 103 1
29 107 2
19 52 2
13 39 2
75 114 2
8 68 2
32 112 2
32 62 2
82 121 2
9 19 2
28 116 2
46 125 1
23 63 2
1 47 2
23 56 2
83 94 2
8 35 2
39 133 2
36 135 1
46 66 2
53 80 2
18 85 2
71 127 1
51 134 2
45 61 2
58 130 2
16 54 2
15 37 2
14 37 2
24 70 2
9 78 2
31 56 2
29 61 2
36 41 2
13 122 1
0 101 2
69 86 2
12 67 2
24 71 2
16 90 1
79 113 2
40 58 2
21 65 2
35 38 2
10 115 2
44 51 2
15 43 2
70 129 2
15 128 2
41 115 2
7 70 2
58 69 2
65 132 1
24 130 2
17 43 2
3 52 2
3 22 2
13 44 2
15 123 2
36 81 2
67 97 1
24 40 2
76 110 2
13 124 1
20 72 2
58 118 1
3 107 2
19 117 2
58 60 2
19 71 2
19 69 2
49 76 2
8 64 2
78 138 2
8 47 2
56 94 2
22 78 2
51 101 1
49 68 2
7 24 2
21 72 2
23 78 2
80 90 2
81 84 2
63 76 2
2 34 2
3 28 2
74 125 2
17 81 2
72 73 2
44 118 1
3 13 2
36 54 2
26 98 2
47 130 2
16 36 2
50 139 1
8 52 2
20 85 2
78 120 2
2 89 2
69 137 2
20 107 1
22 103 2
33 108 2
16 34 2
60 85 1
31 60 2
34 139 1
50 68 2
21 70 2
8 51 2
46 55 2
33 82 2
51 110 2
57 118 2
46 53 2
11 126 2
70 133 1
58 63 2
27 64 2
80 129 2
24 73 2
16 91 2
17 125 2
28 34 2
54 111 2
21 93 1
30 76 2
2 44 2
34 45 2
56 134 2
46 129 2
51 56 2
21 54 2
6 114 2
69 98 1
7 60 2
10 85 1
1 81 2
55 58 2
50 114 1
54 90 2
28 56 2
19 125 1
72 139 1
15 85 2
18 37 2
49 86 2
43 139 2
55 86 2
11 138 1
20 41 2
15 20 2
31 129 2
50 78 2
15 126 1
65 67 2
28 134 1
25 68 2
37 90 2
63 91 1
46 78 2
12 98 2
75 92 2
1 65 2
14 51 2
0 14 2
22 62 2
13 42 2
64 69 2
45 66 2
31 103 2
8 42 2
17 111 1
72 117 1
17 44 2
35 117 2
74 91 2
19 77 2
52 139 1
32 98 1
33 52 2
7 55 2
68 126 2
2 3 2
56 105 2
9 45 2
8 31 2
61 89 1
61 118 2
49 91 2
8 100 2
9 38 2
28 35 2
12 36 2
67 105 2
63 122 1
2 137 2
4 127 1
3 84 2
0 98 2
3 24 2
67 87 2
42 82 2
79 130 2
36 78 2
40 79 2
29 105 1
48 92 2
10 40 2
22 77 2
34 66 2
38 80 2
20 29 2
0 95 2
37 63 2
83 126 2
12 136 2
27 39 2
82 113 2
1 62 2
7 116 1
45 51 2
49 69 2
40 89 2
16 122 1
19 100 2
11 43 2
55 87 2
69 82 2
55 108 2
40 42 2
42 128 1
11 51 2
7 10 2
56 124 2
11 135 2
67 80 2
68 137 2
50 116 2
2 104 2
52 121 2
51 100 2
16 17 2
31 44 2
19 97 2
16 32 2
40 95 2
4 46 2
9 54 2
3 25 2
23 111 2
2 32 2
15 135 1
27 68 2
10 63 2
30 86 1
31 36 2
64 138 2
24 42 2
51 59 2
52 76 2
21 25 2
4 47 2
41 106 2
2 85 2
40 90 2
14 16 2
59 137 2
76 77 2
77 121 2
22 44 2
31 117 2
59 130 2
7 29 2
73 80 2
0 90 1
34 116 1
48 74 2
23 98 2
46 116 2
21 91 1
11 110 2
58 103 2
33 60 2
6 52 2
15 24 2
11 39 2
27 29 2
1 97 2
0 49 2
50 92 2
1 89 2
22 67 2
78 93 1
47 79 2
8 110 2
69 90 2
39 116 2
30 108 1
15 58 2
0 81 2
47 78 2
21 40 2
68 136 2
5 85 1
78 133 2
13 81 2
61 72 2
0 43 2
74 105 1
77 126 1
2 17 2
16 43 2
25 90 2
61 97 2
73 82 2
16 18 2
4 36 2
15 106 2
68 92 1
9 74 2
19 137 2
25 110 2
5 53 2
14 139 1
74 137 2
19 35 2
63 119 1
40 138 1
41 122 2
5 58 2
28 61 2
24 129 1
7 11 2
62 125 1
18 138 1
43 125 1
34 59 2
39 76 2
5 28 2
62 120 1
76 98 1
19 56 2
25 117 1
41 73 2
47 104 2
18 60 2
36 111 2
49 65 2
30 31 2
9 110 1
31 75 2
50 89 2
12 49 2
8 56 2
58 113 2
41 45 2
56 61 2
32 125 1
1 138 1
61 70 2
73 106 1
58 78 2
53 133 2
18 96 2
79 114 1
12 20 2
4 123 2
14 24 2
53 76 2
50 60 2
49 135 2
46 123 2
77 79 2
74 130 2
21 98 2
60 127 2
17 67 2
17 69 2
2 58 2
78 88 1
16 125 1
3 57 2
2 94 2
56 96 2
73 83 2
76 114 2
37 68 2
45 82 2
33 94 2
54 77 2
34 98 1
31 88 2
6 86 2
11 48 2
5 57 2
49 81 2
33 53 2
16 99 1
0 37 2
75 116 2
15 17 2
40 103 2
24 114 1
6 38 2
4 75 2
48 60 2
13 99 2
33 54 2
15 38 2
13 23 2
34 95 2
9 52 2
10 65 2
50 77 2
54 65 2
10 71 2
7 106 2
37 105 2
40 63 2
0 26 2
61 73 2
62 89 2
49 115 1
8 84 2
31 54 2
16 21 2
25 31 2
62 94 2
32 120 2
41 68 2
6 75 2
26 53 2
60 61 2
77 123 1
82 99 2
74 127 1
81 133 1
61 115 2
65 87 1
21 48 2
5 38 2
4 31 2
27 43 2
28 97 1
20 48 2
35 116 1
50 135 2
55 81 2
10 95 2
75 81 2
25 55 2
19 108 2
57 75 2
41 54 2
53 59 2
6 13 2
60 101 2
44 62 2
22 31 2
12 57 2
19 134 1
51 114 1
3 54 2
68 121 1
4 104 1
69 135 1
5 99 1
43 45 2
33 125 1
6 82 2
42 89 2
73 126 2
53 114 1
70 71 2
48 53 2
54 134 1
1 63 2
5 73 2
17 40 2
26 122 1
13 85 2
74 117 2
37 133 2
21 66 2
31 52 2
29 59 2
4 133 2
66 114 2
8 109 2
35 132 1
28 119 2
5 49 2
0 136 1
65 66 2
19 78 2
24 89 1
17 95 2
5 82 2
10 113 2
24 28 2
63 130 1
7 17 2
43 84 2
1 20 2
12 47 2
6 16 2
4 105 2
34 69 2
33 58 2
32 83 2
63 72 2
6 128 2
6 69 2
5 131 2
19 29 2
52 101 2
27 41 2
3 21 2
8 45 2
80 114 2
72 129 1
14 52 2
40 130 2
13 38 2
62 135 2
32 70 2
44 72 2
37 97 2
50 51 2
14 53 2
72 111 1
26 39 2
53 103 1
67 85 2
76 122 2
55 113 2
6 7 2
10 50 2
41 63 2
23 59 2
6 29 2
10 128 1
29 109 2
16 35 2
74 76 2
25 54 2
12 61 2
33 98 2
31 112 1
20 133 2
5 16 2
35 83 2
56 78 2
17 53 2
23 39 2
36 72 2
1 42 2
41 77 2
27 44 2
9 100 2
10 137 1
48 50 2
4 66 2
46 82 2
30 48 2
31 130 1
22 131 2
40 136 2
16 136 1
38 53 2
12 39 2
36 129 1
25 85 1
10 83 2
10 13 2
11 35 2
76 117 2
76 95 1
55 120 1
16 31 2
25 32 2
3 64 2
31 41 2
75 77 2
25 46 2
43 53 2
54 100 1
62 113 2
81 100 1
20 119 2
56 129 2
36 53 2
20 24 2
42 83 2
33 126 2
22 56 2
4 55 2
39 42 2
32 63 2
22 130 2
66 102 2
7 48 2
23 69 2
17 37 2
9 98 1
46 103 2
81 85 1
4 6 2
30 35 2
12 76 2
12 22 2
3 47 2
18 61 2
63 127 1
1 30 2
35 81 2
67 78 2
6 22 2
78 126 1
25 119 1
44 123 2
48 71 2
31 66 2
39 127 2
1 124 2
14 28 2
66 124 2
68 88 2
30 96 2
26 29 2
12 97 2
16 106 1
10 66 2
1 58 2
2 38 2
19 22 2
0 20 2
39 112 2
25 86 2
67 121 2
41 126 2
49 96 1
48 73 2
29 40 2
11 74 2
3 36 2
19 34 2
18 64 2
49 97 2
64 137 1
21 136 2
26 78 2
18 83 2
43 62 2
9 62 2
61 135 2
1 73 2
24 120 2
30 71 2
51 131 1
11 120 1
0 18 2
33 76 2
16 119 2
60 82 2
45 83 2
15 62 2
3 71 2
51 126 2
15 16 2
29 113 1
55 105 2
29 118 2
35 113 2
20 49 2
3 9 2
2 23 2
35 42 2
10 82 2
81 125 1
28 63 2
18 88 1
12 81 2
36 139 2
40 54 2
1 57 2
14 27 2
4 20 2
73 94 2
57 129 2
58 139 2
3 77 2
44 93 1
55 63 2
39 58 2
6 26 2
9 15 2
82 135 2
16 66 2
15 109 1
22 74 2
29 90 2
56 76 2
41 113 2
40 115 1
39 63 2
41 103 2
2 51 2
68 83 2
10 20 2
2 103 2
38 66 2
7 62 2
36 132 2
36 71 2
4 39 2
82 123 2
9 27 2
61 95 1
60 96 2
24 82 2
56 84 2
29 122 1
28 75 2
57 85 1
26 61 2
68 130 1
24 76 2
36 124 2
51 93 1
41 127 1
53 89 2
15 53 2
65 114 2
28 88 1
8 134 2
6 59 2
17 79 2
77 137 2
23 38 2
40 62 2
12 32 2
62 71 2
66 73 2
27 69 2
41 125 1
41 132 2
39 44 2
54 74 2
9 86 2
20 104 2
13 73 2
77 95 1
28 86 2
26 80 2
2 136 1
23 77 2
6 123 2
64 104 2
27 114 2
77 116 2
16 71 2
37 69 2
3 79 2
45 124 2
36 52 2
28 58 2
17 39 2
7 131 2
71 82 2
19 51 2
33 138 2
13 117 2
56 101 2
82 107 2
34 119 1
72 108 1
54 108 2
79 138 2
37 106 2
19 83 2
41 81 2
14 31 2
52 83 2
6 64 2
38 120 2
37 78 2
67 138 2
26 67 2
46 61 2
25 73 2
30 119 2
65 78 2
11 99 2
48 107 2
48 101 2
65 107 2
37 71 2
76 135 1
34 94 2
79 100 2
17 101 2
24 108 2
17 27 2
31 37 2
45 104 1
42 85 2
16 94 2
40 75 2
13 50 2
68 77 2
71 75 2
34 70 2
35 63 2
51 121 2
72 101 2
44 50 2
27 131 1
22 79 2
24 65 2
48 120 1
20 47 2
0 120 2
59 75 2
50 81 2
52 82 2
52 72 2
45 95 2
16 75 2
27 133 2
66 126 2
72 80 2
16 131 1
12 24 2
56 73 2
50 118 1
19 23 2
67 102 2
62 107 1
9 91 1
78 123 2
41 138 2
19 20 2
30 72 2
15 47 2
26 108 2
57 100 2
48 97 1
13 125 2
27 89 2
54 68 2
5 120 2
26 46 2
62 79 2
24 36 2
55 77 2
49 94 2
60 76 2
65 123 2
65 75 2
54 107 2
16 22 2
18 134 1
40 134 2
55 134 2
0 97 1
37 57 2
30 88 2
41 131 2
76 138 2
61 113 1
55 135 1
6 107 2
24 27 2
66 105 2
20 55 2
52 67 2
58 62 2
7 56 2
15 40 2
0 78 2
20 70 2
15 46 2
78 82 2
35 114 2
20 25 2
15 33 2
62 111 1
71 115 2
25 134 1
16 95 2
56 81 2
0 31 2
14 64 2
51 95 2
54 81 2
79 106 2
13 27 2
41 116 2
33 35 2
43 58 2
39 80 2
17 51 2
23 76 2
66 69 2
24 50 2
45 138 1
37 72 2
21 49 2
79 102 2
12 85 2
44 57 2
57 115 2
12 131 2
45 118 2
0 51 2
73 111 2
29 31 2
71 107 1
3 23 2
76 124 2
32 130 2
27 88 1
27 108 2
52 65 2
31 50 2
58 110 2
10 78 2
5 86 1
32 114 2
8 65 2
66 86 2
49 57 2
33 61 2
0 86 1
80 109 2
29 86 1
41 82 2
10 52 2
66 118 2
11 63 2
47 58 2
34 48 2
63 125 1
83 88 1
11 56 2
1 15 2
7 89 2
21 84 2
9 63 2
30 58 2
67 82 2
18 119 2
1 68 2
21 97 2
14 58 2
12 103 2
1 26 2
41 79 2
27 81 2
54 122 2
44 84 2
56 100 2
21 42 2
4 81 2
3 134 2
5 30 2
33 48 2
8 72 2
12 79 2
53 119 2
43 65 2
29 37 2
1 29 2
59 62 2
24 72 2
81 93 1
28 32 2
29 97 2
74 135 2
36 49 2
54 125 1
7 114 1
22 112 1
27 66 2
52 122 2
6 8 2
9 66 2
37 111 2
52 104 2
9 136 1
19 26 2
14 46 2
33 112 2
33 124 2
5 31 2
50 125 2
18 69 2
6 68 2
31 73 2
79 81 2
22 101 1
28 65 2
3 48 2
18 47 2
53 129 1
45 46 2
32 82 2
54 104 2
47 64 2
36 56 2
11 36 2
70 74 2
1 43 2
8 28 2
8 55 2
65 80 2
37 60 2
1 80 2
52 117 2
19 72 2
6 23 2
66 122 1
81 132 2
49 119 2
81 107 2
10 130 1
7 28 2
43 61 2
79 139 2
46 104 1
40 113 2
21 79 2
29 41 2
23 42 2
25 103 2
64 108 2
53 104 1
31 107 2
43 105 2
1 19 2
40 84 1
16 77 2
21 74 2
20 90 1
32 138 2
46 131 1
35 110 1
52 79 2
38 65 2
46 68 2
62 126 2
69 130 1
10 45 2
22 132 2
42 108 2
27 130 2
12 53 2
12 105 1
2 66 2
18 67 2
40 70 2
17 82 2
11 20 2
21 38 2
10 68 2
5 74 2
41 53 2
2 12 2
51 76 2
20 64 2
30 59 2
26 48 2
71 85 2
33 79 2
80 133 1
13 25 2
60 124 2
79 85 2
19 86 2
25 61 2
73 105 1
69 107 1
19 118 1
19 92 2
11 40 2
14 43 2
30 132 2
2 88 1
27 138 1
63 105 2
4 80 2
79 111 1
20 37 2
21 128 2
4 23 2
46 65 2
32 37 2
71 94 2
35 58 2
9 115 2
75 135 2
69 99 2
29 54 2
30 89 2
46 105 2
20 54 2
26 77 2
51 124 1
41 42 2
14 36 2
25 45 2
62 110 2
30 136 2
55 71 2
56 113 2
38 63 2
48 80 2
47 50 2
73 77 2
23 27 2
8 128 2
30 34 2
8 39 2
13 16 2
39 67 2
22 82 2
26 33 2
3 106 2
74 89 2
48 54 2
14 119 2
48 127 2
33 106 1
23 105 1
29 93 2
24 111 1
3 5 2
4 79 2
19 112 2
4 137 1
21 34 2
31 98 2
28 83 2
23 127 2
44 61 2
55 70 2
20 75 2
64 78 2
26 87 1
18 38 2
74 90 1
60 93 1
59 81 2
47 63 2
15 29 2
41 111 2
23 45 2
17 86 2
63 124 2
14 101 2
55 97 1
31 104 2
24 37 2
44 77 2
15 112 2
60 88 1
17 47 2
61 80 2
3 49 2
14 66 2
26 95 2
17 49 2
2 28 2
0 77 2
30 32 2
44 112 2
2 11 2
36 50 2
53 94 1
39 102 2
14 113 1
13 92 2
72 78 2
63 73 2
64 111 2
13 86 2
17 22 2
6 12 2
3 62 2
59 90 2
58 66 2
17 24 2
59 71 2
48 132 2
33 80 2
77 102 2
63 106 2
42 44 2
20 114 2
16 64 2
13 74 2
68 78 2
50 88 1
22 57 2
33 78 2
73 137 1
15 49 2
27 54 2
43 66 2
57 61 2
71 125 1
79 98 1
70 119 2
71 123 2
19 54 2
34 138 2
13 61 2
24 91 2
24 33 2
7 59 2
9 116 2
68 107 2
83 102 1
5 78 2
15 69 2
60 133 1
51 74 2
33 102 1
13 46 2
71 133 2
34 39 2
30 107 2
28 110 2
18 126 1
7 79 2
63 90 2
38 94 1
51 77 2
11 122 2
35 76 2
63 112 2
62 112 1
35 92 2
18 124 2
72 133 2
40 107 2
15 51 2
38 99 1
39 82 2
16 45 2
30 40 2
56 115 1
1 133 1
51 129 2
35 67 2
35 77 2
15 129 2
18 55 2
30 46 2
69 128 2
30 131 2
55 82 2
6 77 2
2 48 2
79 118 2
18 90 2
59 103 1
71 100 1
22 28 2
66 137 2
67 76 2
49 64 2
54 133 2
29 81 2
7 115 2
78 85 1
69 72 2
7 68 2
9 104 1
81 108 2
19 127 2
58 119 1
60 100 2
21 103 2
65 135 2
30 81 2
34 83 2
16 139 2
18 49 2
83 117 2
21 26 2
46 122 1
20 106 2
9 65 2
39 92 2
0 7 2
8 20 2
41 100 1
13 71 2
11 115 1
57 63 2
81 119 1
7 135 2
41 120 1
1 129 1
47 49 2
3 70 2
60 78 2
71 73 2
67 86 2
16 60 2
4 61 2
0 126 2
27 42 2
4 100 2
82 103 2
0 60 2
63 84 2
42 130 1
49 51 2
37 46 2
5 54 2
12 129 1
53 127 2
72 102 1
35 61 2
15 94 1
14 34 2
43 70 2
48 135 2
39 103 2
26 69 2
8 34 2
47 115 2
62 95 1
15 103 1
42 112 2
80 118 2
53 55 2
45 120 2
28 46 2
42 48 2
36 67 2
1 100 1
11 41 2
11 104 1
46 124 1
29 124 1
36 40 2
32 137 2
58 74 2
20 56 2
6 72 2
21 47 2
9 31 2
51 109 2
2 133 2
47 103 1
25 139 1
10 111 1
63 88 1
42 138 1
70 135 2
39 138 1
57 66 2
47 62 2
20 67 2
37 118 2
61 122 1
51 58 2
38 56 2
68 114 2
49 117 2
41 133 2
73 84 1
58 102 1
39 53 2
32 105 1
71 129 2
28 69 2
10 72 2
41 49 2
2 82 2
70 81 2
15 88 2
7 30 2
59 72 2
27 75 2
24 69 2
81 127 2
12 72 2
44 60 2
6 83 2
28 62 2
21 119 2
18 101 2
0 70 2
14 78 2
22 68 2
83 84 2
0 45 2
7 52 2
77 122 2
2 52 2
8 37 2
39 134 2
69 125 2
64 117 2
4 131 2
54 139 2
20 30 2
70 116 2
57 114 1
17 85 2
4 72 2
5 59 2
50 97 1
21 45 2
10 133 2
1 117 2
16 63 2
69 89 1
73 76 2
31 106 1
6 120 1
55 99 2
40 121 2
61 133 2
4 12 2
45 70 2
14 32 2
33 37 2
80 128 2
45 115 1
7 54 2
14 138 2
14 125 2
11 111 2
28 45 2
39 57 2
83 89 2
7 80 2
29 64 2
22 50 2
51 128 2
33 34 2
39 118 1
0 35 2
24 98 2
10 84 2
5 84 2
53 82 2
35 51 2
48 52 2
54 61 2
75 102 2
44 126 2
76 83 2
54 130 2
16 83 2
8 105 2
53 91 1
74 94 2
22 72 2
0 61 2
42 99 2
5 94 2
26 42 2
51 61 2
78 111 2
53 117 2
20 43 2
17 139 2
2 118 1
38 86 1
39 54 2
81 130 1
8 117 1
60 131 2
37 134 2
10 120 1
27 53 2
14 116 2
62 85 2
9 32 2
77 87 1
9 46 2
39 77 2
12 106 2
2 75 2
65 69 2
34 71 2
7 21 2
6 63 2
21 132 1
17 103 1
0 82 2
28 96 2
6 48 2
58 98 1
73 104 2
9 56 2
46 120 2
72 127 2
2 21 2
12 75 2
26 30 2
31 100 2
80 83 2
56 139 1
19 40 2
26 112 2
37 102 1
17 72 2
21 27 2
83 95 2
0 5 2
4 135 1
10 46 2
44 105 1
19 38 2
40 86 1
81 113 2
63 70 2
13 14 2
75 119 1
62 137 2
29 82 2
28 120 2
44 69 2
23 130 2
10 122 2
41 57 2
37 53 2
45 114 1
33 45 2
49 63 2
74 82 2
44 139 1
21 131 2
7 49 2
41 109 2
48 65 2
48 70 2
34 55 2
12 107 2
36 131 1
12 27 2
24 84 2
26 47 2
3 81 2
58 85 1
7 67 2
20 58 2
32 119 1
61 84 2
14 21 2
55 61 2
63 69 2
15 82 2
19 60 2
3 60 2
74 112 2
33 40 2
69 71 2
4 32 2
25 138 2
2 8 2
41 91 2
56 79 2
19 122 2
61 78 2
20 35 2
10 47 2
75 105 1
21 73 2
49 77 2
10 15 2
54 62 2
47 51 2
1 13 2
59 132 2
20 33 2
50 99 2
16 111 2
37 41 2
28 59 2
44 75 2
13 45 2
63 66 2
12 69 2
16 82 2
19 133 1
11 89 2
25 37 2
62 75 2
83 114 2
23 81 2
15 67 2
60 80 2
12 55 2
70 118 2
11 21 2
6 35 2
6 73 2
19 36 2
26 43 2
4 126 2
3 61 2
3 66 2
8 87 2
9 43 2
24 64 2
27 32 2
10 43 2
11 57 2
26 35 2
78 95 2
48 59 2
29 135 2
60 77 2
47 61 2
31 82 2
31 97 2
32 67 2
71 117 2
48 99 2
19 109 1
58 99 1
31 67 2
50 87 2
24 47 2
13 30 2
5 23 2
2 87 2
11 75 2
10 101 2
40 41 2
54 112 1
1 6 2
6 67 2
0 15 2
3 39 2
21 76 2
35 128 1
14 15 2
21 102 2
62 64 2
41 139 2
11 60 2
38 87 2
42 61 2
18 24 2
32 60 2
15 59 2
41 56 2
8 99 2
70 84 2
5 79 2
15 71 2
46 52 2
2 31 2
44 45 2
27 110 2
4 112 2
39 41 2
47 48 2
65 120 1
23 71 2
18 113 1
49 107 2
57 73 2
67 119 2
21 82 2
35 45 2
32 122 2
33 114 2
45 86 2
69 114 2
13 43 2
0 39 2
43 74 2
33 55 2
37 93 1
56 63 2
17 127 2
32 56 2
41 94 1
52 78 2
27 80 2
35 55 2
20 94 2
38 85 2
13 58 2
19 57 2
47 129 2
59 77 2
36 51 2
21 80 2
1 82 2
51 108 2
54 132 2
14 35 2
13 104 2
43 68 2
13 37 2
31 57 2
15 133 2
5 66 2
45 129 1
43 121 2
83 104 2
29 96 2
19 102 2
25 57 2
16 50 2
6 17 2
21 68 2
34 57 2
37 40 2
28 71 2
47 91 2
9 57 2
29 65 2
65 68 2
62 73 2
52 118 2
26 44 2
35 72 2
46 72 2
10 41 2
65 136 2
19 76 2
22 48 2
62 63 2
22 134 2
60 74 2
35 60 2
42 62 2
50 57 2
38 133 2
13 26 2
30 87 1
57 79 2
49 134 2
78 80 2
28 52 2
39 52 2
62 80 2
47 67 2
74 95 1
69 76 2
27 73 2
57 68 2
28 50 2
53 138 2
11 85 2
74 93 2
52 120 2
0 1 2
1 99 1
31 34 2
49 126 2
79 128 1
9 13 2
63 77 2
45 64 2
63 74 2
23 122 2
54 72 2
42 58 2
60 79 2
11 27 2
33 44 2
6 37 2
52 75 2
21 127 1
70 82 2
7 22 2
57 137 1
14 18 2
2 123 2
7 47 2
18 72 2
9 22 2
4 60 2
11 137 2
0 92 1
20 113 2
37 99 2
32 88 1
23 65 2
56 82 2
64 73 2
68 133 1
70 91 1
50 54 2
59 114 2
80 101 2
23 66 2
32 76 2
39 74 2
4 115 1
0 72 2
31 65 2
0 25 2
32 93 2
50 96 2
0 130 2
18 76 2
77 113 1
83 112 2
75 107 2
57 124 2
13 72 2
71 108 2
61 81 2
21 61 2
16 57 2
20 134 2
77 127 1
41 95 1
36 68 2
59 120 1
37 85 1
5 111 2
75 139 2
5 124 2
62 72 2
51 63 2
50 102 2
2 115 2
8 135 2
2 42 2
43 87 2
78 86 2
20 52 2
44 52 2
5 114 2
29 102 2
79 119 1
59 93 1
25 30 2
74 118 1
47 137 1
43 54 2
21 28 2
34 46 2
0 10 2
39 107 1
42 114 2
70 117 2
21 130 2
28 136 2
18 39 2
1 120 2
30 36 2
31 119 2
39 48 2
82 100 1
33 113 2
6 11 2
23 52 2
50 112 1
45 60 2
54 83 2
2 70 2
28 99 1
32 49 2
17 102 2
16 96 1
66 80 2
74 107 2
65 110 2
59 76 2
42 80 2
0 116 1
6 30 2
27 124 1
1 79 2
28 102 2
52 116 2
24 30 2
43 44 2
66 127 1
38 68 2
3 95 1
76 134 2
49 95 1
13 60 2
21 56 2
47 136 2
0 104 2
83 120 2
50 126 1
25 133 2
73 85 2
43 98 2
59 85 2
1 131 2
72 87 1
51 123 2
77 93 2
80 93 2
29 80 2
12 23 2
42 63 2
46 57 2
83 90 1
18 77 2
31 126 2
3 122 2
21 59 2
8 73 2
68 90 2
77 138 1
27 82 2
31 92 2
51 86 1
17 57 2
63 135 2
35 119 2
20 108 2
52 68 2
61 83 2
12 43 2
46 74 2
36 77 2
49 136 2
3 113 2
69 83 2
14 22 2
35 70 2
13 130 2
14 72 2
48 75 2
13 78 2
12 56 2
39 71 2
17 66 2
52 71 2
0 114 2
70 73 2
40 119 1
34 68 2
2 14 2
32 118 2
42 118 2
11 134 2
16 76 2
21 138 1
23 67 2
68 70 2
69 70 2
7 58 2
5 33 2
37 87 2
45 73 2
3 89 2
1 46 2
19 103 2
32 58 2
9 99 1
26 84 1
0 66 2
6 49 2
11 72 2
42 123 2
49 98 2
35 127 2
18 29 2
70 125 2
62 76 2
70 130 2
62 121 2
10 14 2
38 61 2
72 76 2
11 69 2
43 67 2
22 126 2
69 92 1
26 38 2
58 73 2
26 97 2
79 123 2
33 137 1
23 99 1
17 18 2
56 95 1
15 45 2
12 63 2
20 128 2
19 116 1
43 132 2
2 33 2
15 32 2
31 61 2
27 116 2
19 123 1
13 57 2
31 53 2
65 73 2
17 71 2
23 109 2
67 79 2
6 58 2
13 64 2
52 80 2
55 56 2
11 113 2
70 112 2
22 86 1
41 114 2
16 51 2
47 68 2
12 13 2
53 68 2
56 104 2
62 78 2
34 40 2
76 97 2
0 48 2
9 42 2
75 126 2
15 63 2
39 73 2
23 26 2
37 110 1
78 102 2
30 80 2
59 65 2
4 56 2
7 27 2
41 72 2
50 133 2
56 74 2
1 136 2
6 88 2
10 49 2
8 82 2
65 82 2
70 124 1
0 8 2
24 136 2
35 131 2
20 103 2
32 57 2
5 15 2
58 93 2
51 64 2
8 74 2
3 51 2
45 112 1
7 38 2
28 73 2
3 124 2
65 101 1
70 76 2
3 33 2
67 122 1
25 66 2
37 100 2
27 61 2
76 137 2
13 15 2
1 111 2
22 75 2
36 79 2
60 73 2
27 51 2
35 49 2
8 38 2
18 27 2
25 34 2
2 80 2
36 110 2
38 47 2
47 60 2
25 122 1
13 35 2
35 91 2
49 67 2
18 75 2
6 106 2
22 41 2
10 62 2
60 87 1
5 45 2
43 85 2
17 88 1
50 80 2
29 33 2
10 29 2
18 41 2
66 93 2
56 59 2
8 94 2
80 108 2
46 114 2
24 131 2
3 69 2
29 111 2
53 73 2
49 131 2
34 81 2
0 12 2
3 55 2
71 111 2
32 121 2
83 123 1
32 90 1
42 66 2
28 47 2
56 97 1
26 129 1
32 40 2
9 30 2
41 44 2
27 70 2
17 93 2
28 76 2
13 95 2
64 68 2
15 56 2
56 68 2
24 95 2
3 50 2
21 124 1
30 54 2
26 54 2
82 93 1
16 130 1
4 30 2
31 80 2
6 101 2
11 68 2
9 47 2
4 130 1
27 60 2
46 115 1
34 56 2
34 125 2
47 59 2
29 62 2
54 114 2
78 81 2
7 90 2
38 112 2
10 39 2
2 59 2
44 129 2
18 28 2
36 43 2
79 134 2
77 135 2
52 115 2
16 69 2
25 35 2
24 96 1
30 56 2
68 113 1
9 11 2
16 40 2
33 128 1
52 92 2
47 52 2
76 103 1
16 113 2
12 122 2
10 16 2
30 67 2
30 114 2
7 39 2
4 17 2
27 57 2
46 117 2
38 64 2
72 121 2
27 99 1
53 100 1
11 97 2
3 58 2
11 87 2
22 39 2
66 72 2
40 92 1
20 39 2
38 121 2
50 72 2
1 115 2
13 136 2
38 110 1
48 72 2
7 97 2
32 110 2
23 86 1
36 76 2
28 95 1
8 21 2
28 64 2
21 67 2
30 43 2
30 79 2
61 96 2
23 102 2
5 113 2
25 83 2
27 47 2
37 115 2
1 18 2
67 72 2
53 77 2
37 75 2
0 89 2
58 133 2
15 73 2
38 54 2
53 64 2
9 39 2
66 89 2
26 72 2
11 34 2
15 87 2
5 115 2
15 18 2
14 70 2
53 115 2
28 135 1
82 120 2
14 90 1
61 134 2
69 139 1
8 22 2
33 73 2
69 121 1
8 48 2
80 139 2
8 124 2
10 55 2
4 45 2
48 114 2
75 106 2
49 59 2
63 104 2
0 63 2
20 115 1
57 94 2
30 98 2
19 44 2
15 39 2
48 79 2
43 103 2
69 97 2
65 102 2
74 77 2
70 88 1
57 86 2
19 98 2
70 127 1
63 67 2
41 80 2
9 71 2
50 63 2
65 79 2
0 133 2
49 124 2
48 103 2
79 116 1
83 135 1
42 125 1
27 101 2
11 14 2
20 82 2
44 121 2
17 74 2
69 112 1
73 112 2
42 76 2
60 65 2
3 83 2
68 96 2
29 75 2
16 68 2
70 78 2
11 38 2
12 74 2
46 73 2
56 114 2
46 107 2
30 60 2
28 53 2
42 47 2
4 53 2
19 115 2
10 33 2
52 73 2
56 127 2
68 124 2
43 81 2
50 71 2
23 131 1
16 70 2
13 82 2
24 118 2
33 77 2
82 90 2
15 52 2
18 73 2
6 89 2
21 35 2
4 57 2
14 68 2
50 69 2
15 107 1
20 81 2
69 106 2
30 62 2
58 127 2
68 123 2
40 91 1
65 104 1
38 39 2
2 49 2
2 78 2
45 119 1
68 132 2
0 36 2
18 35 2
69 103 1
70 75 2
21 64 2
8 27 2
13 97 2
27 38 2
18 70 2
49 50 2
18 57 2
12 14 2
41 48 2
21 125 2
48 128 1
73 122 2
7 19 2
33 75 2
70 115 2
60 81 2
41 64 2
54 58 2
17 70 2
24 56 2
7 77 2
71 92 2
32 111 1
12 133 2
8 67 2
34 80 2
51 55 2
39 100 1
59 102 2
34 112 1
6 129 2
17 131 2
44 46 2
41 50 2
36 113 2
45 57 2
30 138 2
4 50 2
27 77 2
0 83 2
1 70 2
81 131 2
39 75 2
66 128 2
23 107 2
49 105 2
14 75 2
23 64 2
35 96 2
47 116 2
25 27 2
25 52 2
55 66 2
0 107 2
28 111 2
61 92 2
10 17 2
24 29 2
62 81 2
57 72 2
12 17 2
51 79 2
44 49 2
25 79 2
70 111 2
58 128 2
53 66 2
22 80 2
11 136 2
71 121 2
34 102 2
30 117 1
37 76 2
37 56 2
32 43 2
47 56 2
15 98 2
39 105 2
80 127 1
79 108 2
26 126 2
17 107 2
1 8 2
25 88 2
2 122 2
14 112 1
25 40 2
60 119 1
58 97 2
4 95 2
2 62 2
68 116 1
20 63 2
50 76 2
14 126 2
39 70 2
5 48 2
7 51 2
1 52 2
61 123 2
9 82 2
60 98 2
74 133 1
8 33 2
55 102 2
20 96 2
23 87 1
11 80 2
68 105 2
7 63 2
58 89 1
19 75 2
55 115 2
37 51 2
8 66 2
14 42 2
68 94 1
29 101 2
20 73 2
63 134 1
22 97 2
37 83 2
54 60 2
22 59 2
13 113 2
47 76 2
57 105 2
33 135 2
15 36 2
15 92 1
43 60 2
2 30 2
38 70 2
46 88 1
73 121 2
12 38 2
25 42 2
0 34 2
20 62 2
32 80 2
0 79 2
51 127 2
75 111 2
45 50 2
10 34 2
76 99 1
74 119 2
26 55 2
12 119 2
64 80 2
16 101 2
52 98 1
68 72 2
32 39 2
27 62 2
35 44 2
22 30 2
13 24 2
36 73 2
43 47 2
65 93 2
22 23 2
39 79 2
74 131 1
62 133 2
35 104 2
18 98 2
10 24 2
40 51 2
4 121 1
76 108 1
5 98 1
18 82 2
79 103 1
69 100 2
77 100 2
3 86 2
64 77 2
12 111 2
58 64 2
68 138 1
43 75 2
62 96 2
69 79 2
47 122 1
4 111 2
31 32 2
30 53 2
49 89 2
67 111 2
9 113 1
27 107 1
81 92 2
25 107 2
33 64 2
31 102 2
35 57 2
17 62 2
12 52 2
24 48 2
53 74 2
38 74 2
29 73 2
44 63 2
1 50 2
9 36 2
51 106 2
33 57 2
27 35 2
29 112 1
80 94 2
55 132 1
71 135 2
25 128 1
26 128 2
19 106 1
38 40 2
10 75 2
45 125 1
13 131 2
56 106 2
3 45 2
6 103 2
12 37 2
11 19 2
33 51 2
26 79 2
14 20 2
24 67 2
21 22 2
59 107 2
50 121 1
54 79 2
40 117 1
11 12 2
27 132 2
2 138 2
5 76 2
14 26 2
21 105 2
5 63 2
9 12 2
83 107 1
12 108 2
48 133 2
29 129 2
44 73 2
0 91 2
37 77 2
27 56 2
13 67 2
61 117 1
13 106 2
3 109 1
77 96 2
78 112 1
67 90 2
0 41 2
31 72 2
57 70 2
55 124 2
29 66 2
11 33 2
1 27 2
42 110 2
31 78 2
68 71 2
11 26 2
54 88 2
36 108 2
8 83 2
10 25 2
7 46 2
69 136 2
31 64 2
11 124 2
47 127 1
3 111 1
19 24 2
11 67 2
54 70 2
20 77 2
20 50 2
23 33 2
37 114 2
23 58 2
26 137 1
13 89 2
63 113 2
34 76 2
13 36 2
55 79 2
24 55 2
2 105 2
14 128 2
72 128 1
37 47 2
33 92 2
1 23 2
4 74 2
77 104 2
75 110 2
36 130 2
37 92 2
22 87 1
78 92 1
36 103 2
46 94 1
27 93 2
29 83 2
25 43 2
54 138 2
6 39 2
66 113 2
24 126 2
2 50 2
51 71 2
61 82 2
64 114 1
33 63 2
35 106 2
20 83 2
77 82 2
11 84 2
53 56 2
15 41 2
49 66 2
77 91 1
2 15 2
77 125 2
23 50 2
13 134 2
11 45 2
40 105 2
0 55 2
14 96 2
60 86 1
46 56 2
54 87 2
46 70 2
14 62 2
68 118 2
30 137 2
36 119 2
44 113 2
0 119 2
79 88 2
8 36 2
13 62 2
21 43 2
17 100 2
51 70 2
56 130 2
32 45 2
3 14 2
39 59 2
15 74 2
70 137 2
2 64 2
40 61 2
72 96 2
19 119 2
64 113 2
17 119 2
7 44 2
11 18 2
68 128 2
42 64 2
69 74 2
5 50 2
58 105 2
13 51 2
7 36 2
31 39 2
71 113 1
50 79 2
55 96 2
3 104 2
31 59 2
10 61 2
77 84 2
81 90 2
44 65 2
6 100 2
22 53 2
57 119 2
2 81 2
5 67 2
29 42 2
66 67 2
29 136 1
76 116 2
48 100 1
80 96 2
28 132 2
11 61 2
12 138 2
62 131 2
45 127 1
45 65 2
31 121 2
18 22 2
2 9 2
19 74 2
20 40 2
35 64 2
30 78 2
12 83 2
2 129 2
11 13 2
11 125 2
29 51 2
15 65 2
81 91 2
28 139 2
49 120 2
40 56 2
12 139 2
29 95 2
48 58 2
28 40 2
37 116 2
57 111 2
36 118 2
28 114 2
34 41 2
8 43 2
21 53 2
9 34 2
34 114 2
42 132 1
6 14 2
41 51 2
37 130 2
30 55 2
4 28 2
27 86 1
32 47 2
8 11 2
18 51 2
81 86 1
28 55 2
47 83 2
56 111 2
24 80 2
56 57 2
6 104 1
36 63 2
41 92 2
24 59 2
22 114 2
69 111 2
75 104 2
47 55 2
47 73 2
39 46 2
13 31 2
7 69 2
20 27 2
39 106 2
21 129 2
54 55 2
29 88 2
1 84 2
34 42 2
17 59 2
14 122 2
20 93 2
1 59 2
26 70 2
23 72 2
57 133 2
22 136 2
1 69 2
0 135 2
1 119 2
44 130 2
76 79 2
35 82 2
49 104 2
5 104 2
5 95 2
5 24 2
13 98 2
64 71 2
45 80 2
15 21 2
16 74 2
50 105 2
76 78 2
1 41 2
57 102 2
26 75 2
64 110 2
6 65 2
44 56 2
43 76 2
29 120 2
16 137 1
31 108 2
37 119 1
1 72 2
14 100 2
43 50 2
52 134 2
0 88 1
9 60 2
7 95 2
34 44 2
1 24 2
82 119 1
49 60 2
57 116 1
47 82 2
36 116 2
42 135 2
36 69 2
34 131 2
8 77 2
8 125 2
56 126 2
51 96 1
23 132 2
43 51 2
4 13 2
19 139 1
37 91 1
16 109 2
42 54 2
14 83 2
37 122 2
14 23 2
63 82 2
1 39 2
69 105 2
48 134 2
42 102 2
74 110 1
36 122 2
7 33 2
41 70 2
31 38 2
35 109 2
59 80 2
29 89 2
53 116 2
37 59 2
22 60 2
22 49 2
0 22 2
15 139 2
53 125 2
78 135 1
36 47 2
48 61 2
58 107 2
83 111 2
2 56 2
44 78 2
45 54 2
71 137 2
44 81 2
68 79 2
51 72 2
20 78 2
4 52 2
51 80 2
4 42 2
29 76 2
4 38 2
10 135 2
19 111 2
32 38 2
63 89 2
36 83 2
14 76 2
7 101 2
48 118 1
18 53 2
82 87 1
42 74 2
42 137 2
75 108 2
75 97 2
65 81 2
40 45 2
8 54 2
27 74 2
2 6 2
56 88 2
10 102 2
4 70 2
16 58 2
6 44 2
28 93 1
3 37 2
35 136 1
40 48 2
30 68 2
58 81 2
4 35 2
31 33 2
24 94 1
42 70 2
32 55 2
5 87 1
15 89 2
62 68 2
12 92 1
38 130 1
6 18 2
27 115 1
44 94 1
41 46 2
72 115 2
20 109 1
49 58 2
32 35 2
31 89 2
52 90 1
32 51 2
8 138 1
8 107 1
17 97 1
24 44 2
72 110 2
14 50 2
7 25 2
2 61 2
31 116 1
10 117 1
3 128 2
4 83 2
47 96 2
24 26 2
12 21 2
27 71 2
4 11 2
4 76 2
37 82 2
39 43 2
24 77 2
24 41 2
41 74 2
61 65 2
27 40 2
38 103 1
3 11 2
52 66 2
45 93 2
4 92 1
27 59 2
25 78 2
21 44 2
25 49 2
24 63 2
0 6 2
23 40 2
41 62 2
33 41 2
55 88 2
2 83 2
20 76 2
67 81 2
20 111 2
1 64 2
16 19 2
70 86 1
13 79 2
37 45 2
33 88 2
0 19 2
58 83 2
7 81 2
27 79 2
12 123 1
28 79 2
14 89 2
16 24 2
19 68 2
70 109 2
12 117 2
17 33 2
24 68 2
54 109 1
7 57 2
1 132 2
32 66 2
62 92 1
13 33 2
47 111 1
10 53 2
68 120 1
18 65 2
16 129 2
38 51 2
48 90 2
19 30 2
2 121 1
73 129 1
80 103 1
52 53 2
67 113 2
63 75 2
63 78 2
34 134 1
18 32 2
71 124 1
81 87 1
24 57 2
40 46 2
2 113 2
42 46 2
53 88 1
35 122 2
13 114 2
34 111 1
15 125 2
17 90 1
9 70 2
10 81 2
30 52 2
31 105 2
45 79 2
36 121 2
43 111 1
23 134 2
50 108 1
31 40 2
23 43 2
28 72 2
11 23 2
30 39 2
51 92 1
17 42 2
63 79 2
44 127 2
14 33 2
59 97 1
78 117 2
26 34 2
49 53 2
6 45 2
34 79 2
32 81 2
56 90 2
4 10 2
63 68 2
36 85 2
1 60 2
61 64 2
8 58 2
6 126 2
76 130 2
23 114 2
13 66 2
68 76 2
28 43 2
7 40 2
1 22 2
33 42 2
12 100 2
42 133 1
76 80 2
33 70 2
7 107 2
58 87 1
45 134 2
1 3 2
81 88 1
55 103 1
55 72 2
60 108 2
13 68 2
56 136 1
5 112 1
79 91 1
30 69 2
72 98 2
38 76 2
27 31 2
53 62 2
58 135 2
63 81 2
44 136 2
39 49 2
45 121 1
72 84 2
80 84 2
43 80 2
77 80 2
73 88 2
11 133 2
15 48 2
38 77 2
9 26 2
11 106 2
8 78 2
73 118 2
40 65 2
51 82 2
25 64 2
56 98 2
13 18 2
5 51 2
9 87 2
77 86 2
9 25 2
0 127 2
25 69 2
34 78 2
64 67 2
18 139 2
17 63 2
65 126 2
18 80 2
47 54 2
46 139 2
10 132 1
0 71 2
64 96 2
4 43 2
41 60 2
38 69 2
47 65 2
34 84 2
24 75 2
7 128 1
66 110 2
21 81 2
71 74 2
13 77 2
66 79 2
6 60 2
67 70 2
42 43 2
13 48 2
18 87 2
25 132 1
62 77 2
34 75 2
64 130 1
24 31 2
71 118 1
41 58 2
48 126 1
32 64 2
51 97 1
35 123 2
47 85 1
13 118 2
47 90 2
25 38 2
12 48 2
2 20 2
44 114 2
30 73 2
80 126 2
40 44 2
19 70 2
11 58 2
30 106 2
52 62 2
12 126 1
52 97 2
20 31 2
81 121 2
7 122 2
10 73 2
8 17 2
3 65 2
64 92 2
64 123 2
14 102 1
31 124 2
68 122 2
42 116 2
31 46 2
34 37 2
11 70 2
61 111 2
1 51 2
53 65 2
59 83 2
65 113 1
16 97 2
46 95 2
17 25 2
10 44 2
16 123 1
9 81 2
58 96 1
1 95 2
15 120 1
14 85 1
41 129 2
15 42 2
33 71 2
26 130 1
48 81 2
8 61 2
28 77 2
28 48 2
20 129 2
66 101 2
37 135 1
9 50 2
59 63 2
68 93 2
3 130 2
15 136 2
14 135 2
34 74 2
48 76 2
14 134 1
60 120 2
11 79 2
2 37 2
17 136 2
49 102 2
43 108 1
79 133 1
48 57 2
28 128 2
39 66 2
32 69 2
46 71 2
35 54 2
23 48 2
8 40 2
57 83 2
36 55 2
58 95 1
0 134 1
12 112 1
48 115 1
6 92 2
80 98 1
29 30 2
27 72 2
36 134 2
12 70 2
13 138 2
28 121 1
25 93 2
80 91 1
40 49 2
0 40 2
75 113 1
7 71 2
4 51 2
46 137 1
63 138 1
59 100 2
43 71 2
54 95 2
79 83 2
16 138 2
46 109 2
56 107 2
37 49 2
4 7 2
3 72 2
13 93 2
36 128 2
39 136 2
43 49 2
14 74 2
54 128 1
0 74 2
56 69 2
37 80 2
48 112 2
37 61 2
75 76 2
13 49 2
66 71 2
26 62 2
48 66 2
2 120 1
58 76 2
0 113 2
21 94 2
22 81 2
70 87 2
15 66 2
36 62 2
48 125 1
5 42 2
47 95 2
38 71 2
54 78 2
58 61 2
22 135 2
10 22 2
42 122 2
12 128 1
48 108 1
67 131 2
4 101 1
28 117 2
74 86 2
68 74 2
23 54 2
29 46 2
28 57 2
6 78 2
7 64 2
24 34 2
42 69 2
12 58 2
53 93 1
14 19 2
27 34 2
74 108 2
46 58 2
70 97 2
16 62 2
54 69 2
14 69 2
33 39 2
23 49 2
38 114 2
57 97 2
19 89 1
60 67 2
9 130 2
66 68 2
59 104 2
21 51 2
66 135 2
4 18 2
80 130 1
35 126 1
58 122 2
31 123 2
67 130 1
12 41 2
24 35 2
18 129 2
8 71 2
14 108 2
73 136 2
66 74 2
72 74 2
48 82 2
23 96 2
65 99 2
23 41 2
65 112 2
63 71 2
3 99 1
38 109 1
82 98 2
33 105 1
30 41 2
43 55 2
47 117 2
46 85 2
22 105 2
4 27 2
5 108 2
38 59 2
10 77 2
20 28 2
16 37 2
68 91 1
62 102 2
59 66 2
23 44 2
15 70 2
40 77 2
72 126 2
6 15 2
17 45 2
28 41 2
58 82 2
22 137 1
16 52 2
44 74 2
12 68 2
75 109 1
25 74 2
10 124 2
5 12 2
32 50 2
45 81 2
10 98 2
36 92 2
59 68 2
47 124 2
52 77 2
19 79 2
78 121 1
46 75 2
40 47 2
9 28 2
67 114 2
18 44 2
19 130 2
60 109 2
10 42 2
18 31 2
64 66 2
4 90 1
33 47 2
60 112 2
45 133 1
41 52 2
56 109 1
34 82 2
16 79 2
49 132 1
2 127 1
47 84 2
68 73 2
1 77 2
54 110 2
26 60 2
45 102 2
43 79 2
47 94 1
13 116 2
48 89 2
53 87 2
25 58 2
18 123 1
2 93 2
16 86 1
42 93 2
60 91 2
7 103 1
71 138 1
6 62 2
14 59 2
25 121 2
2 73 2
19 37 2
6 53 2
56 102 2
4 106 2
79 82 2
82 130 2
46 100 1
5 47 2
75 138 2
8 121 2
29 60 2
59 86 2
45 69 2
35 68 2
17 34 2
31 76 2
70 102 2
66 87 2
9 67 2
59 119 2
40 59 2
22 129 2
3 114 2
28 100 2
18 79 2
47 125 2
12 73 2
19 31 2
22 38 2
43 119 2
5 96 2
70 120 2
75 91 2
15 27 2
71 122 2
53 123 1
32 68 2
14 40 2
70 123 2
49 88 2
4 113 2
20 42 2
11 96 2
49 114 2
70 96 2
2 72 2
12 60 2
28 51 2
18 81 2
9 111 2
2 132 2
17 30 2
16 80 2
5 109 2
25 65 2
38 83 2
20 126 2
65 76 2
44 80 2
40 53 2
43 57 2
52 64 2
32 34 2
60 62 2
50 120 2
26 83 2
44 117 2
73 74 2
68 98 1
1 96 2
3 82 2
38 81 2
2 95 2
53 122 1
50 52 2
17 35 2
80 115 1
9 77 2
12 42 2
8 131 1
12 80 2
18 95 2
18 20 2
1 16 2
30 51 2
16 133 2
44 101 2
25 125 2
13 120 1
40 120 2
20 23 2
4 37 2
42 73 2
16 102 2
0 68 2
75 121 2
5 123 2
1 53 2
21 36 2
13 132 2
46 77 2
67 137 1
18 42 2
3 100 2
0 109 2
17 76 2
14 60 2
4 122 1
57 59 2
8 24 2
37 48 2
5 34 2
25 136 2
0 28 2
38 119 2
28 138 1
11 73 2
0 137 2
35 94 1
59 88 2
58 91 2
56 125 2
75 120 2
47 57 2
65 130 2
18 133 2
50 58 2
23 31 2
15 34 2
71 136 2
13 21 2
49 56 2
66 82 2
4 71 2
11 22 2
17 31 2
58 67 2
34 101 2
6 28 2
38 42 2
81 83 2
9 16 2
50 111 1
53 84 1
8 25 2
10 11 2
50 56 2
29 87 1
6 99 2
75 115 2
23 51 2
57 64 2
29 92 2
22 121 1
40 122 2
38 78 2
28 68 2
30 95 2
7 41 2
17 54 2
68 85 1
13 47 2
6 112 1
57 125 2
4 14 2
9 93 2
7 23 2
50 59 2
67 115 2
63 95 2
19 80 2
63 136 2
59 67 2
42 53 2
37 38 2
4 5 2
23 36 2
22 106 2
47 77 2
15 80 2
64 98 2
57 84 2
4 16 2
7 109 1
68 102 2
73 134 1
53 67 2
5 60 2
2 43 2
8 92 2
71 80 2
17 124 2
16 29 2
76 121 2
7 83 2
23 28 2
6 10 2
73 90 2
62 74 2
77 97 2
83 138 2
20 122 2
46 126 2
61 71 2
11 52 2
14 30 2
6 79 2
17 55 2
83 119 1
24 133 2
19 113 2
6 36 2
46 59 2
16 53 2
32 42 2
8 41 2
26 65 2
19 128 2
61 98 2
81 98 2
59 74 2
24 97 2
0 85 2
0 58 2
81 122 2
41 55 2
12 28 2
18 132 2
57 117 2
80 113 2
0 56 2
52 99 2
6 34 2
16 28 2
7 34 2
30 94 2
5 139 1
8 80 2
15 79 2
35 69 2
73 75 2
61 67 2
39 45 2
4 138 1
4 48 2
42 68 2
38 48 2
16 23 2
71 76 2
10 116 1
55 119 1
64 90 2
22 42 2
28 33 2
61 138 1
20 69 2
48 102 2
23 70 2
80 97 1
44 137 2
55 129 2
22 35 2
16 135 1
30 70 2
29 52 2
48 109 1
3 42 2
30 38 2
7 74 2
8 60 2
5 29 2
16 114 1
11 54 2
76 82 2
0 29 2
17 26 2
66 75 2
6 20 2
31 79 2
54 75 2
16 20 2
31 47 2
43 83 2
19 96 1
3 73 2
8 103 1
20 125 2
57 89 2
56 86 2
33 83 2
3 15 2
54 59 2
77 134 2
41 61 2
34 35 2
32 126 2
52 100 2
31 83 2
30 37 2
20 46 2
26 59 2
60 75 2
9 107 2
18 26 2
1 7 2
5 64 2
17 89 1
69 101 2
2 24 2
6 134 2
62 86 1
0 125 2
17 36 2
49 101 2
9 55 2
26 36 2
3 136 2
53 54 2
41 90 1
37 52 2
4 97 2
25 53 2
7 78 2
19 50 2
50 82 2
67 75 2
21 112 2
53 81 2
5 83 2
48 86 1
60 111 1
40 133 1
23 126 1
11 93 2
11 50 2
57 106 2
44 90 1
28 30 2
80 121 2
21 69 2
72 119 2
32 124 1
82 86 2
59 84 2
6 133 2
16 55 2
36 125 2
8 50 2
18 48 2
0 21 2
39 137 2
35 112 2
1 61 2
45 49 2
1 55 2
28 133 2
32 86 2
21 75 2
16 59 2
11 86 2
47 118 2
68 108 2
7 50 2
17 65 2
4 77 2
53 134 1
53 97 1
14 45 2
27 63 2
45 110 2
79 107 2
75 123 2
41 47 2
56 83 2
57 96 1
2 29 2
81 138 1
33 97 1
40 67 2
5 105 2
68 69 2
25 51 2
42 136 2
5 39 2
18 108 2
40 74 2
54 113 2
21 134 2
11 29 2
51 87 1
50 73 2
0 118 1
9 53 2
36 89 1
51 66 2
20 79 2
30 82 2
1 9 2
5 10 2
54 124 1
70 138 2
40 102 2
12 82 2
22 66 2
26 138 1
2 19 2
4 29 2
33 56 2
12 127 2
22 93 2
43 52 2
79 97 2
70 122 2
24 32 2
59 73 2
59 112 1
49 103 1
29 70 2
11 128 1
28 39 2
19 58 2
29 44 2
34 136 2
70 103 2
35 124 1
3 56 2
67 109 2
72 106 2
45 62 2
80 110 2
20 74 2
19 87 2
3 118 2
50 55 2
20 139 1
39 125 2
53 139 1
12 15 2
26 120 2
33 49 2
4 59 2
55 73 2
8 18 2
6 108 1
12 137 1
39 47 2
29 72 2
62 82 2
50 109 2
23 90 2
22 127 2
34 67 2
42 126 2
2 69 2
48 84 2
23 88 2
72 105 2
45 91 1
32 74 2
6 41 2
72 83 2
4 15 2
14 44 2
0 62 2
5 18 2
5 134 2
6 102 2
52 108 2
77 118 2
37 42 2
63 133 2
74 98 2
56 137 2
53 61 2
29 114 1
23 83 2
69 117 2
2 41 2
80 134 2
25 91 1
15 91 2
36 75 2
83 139 2
16 38 2
44 55 2
23 121 1
57 88 1
31 114 1
44 68 2
49 137 2
62 83 2
70 106 2
20 100 2
55 95 2
10 104 1
10 74 2
51 122 2
0 46 2
17 50 2
55 75 2
46 92 1
8 122 2
17 20 2
41 93 2
3 74 2
66 77 2
64 100 1
62 109 1
74 129 1
51 89 2
1 90 2
2 47 2
16 118 2
8 139 1
71 134 1
61 75 2
53 105 1
83 98 2
59 61 2
65 116 2
53 112 2
61 126 2
62 117 2
32 78 2
3 29 2
2 53 2
14 79 2
10 109 2
0 87 1
57 139 1
0 108 2
54 120 1
46 63 2
70 132 2
61 132 2
46 49 2
69 77 2
7 120 1
9 134 2
80 112 1
37 79 2
42 65 2
4 99 2
2 71 2
66 83 2
44 66 2
61 127 1
9 76 2
2 27 2
3 80 2
10 112 2
11 114 2
17 75 2
78 132 2
67 125 2
26 76 2
2 7 2
19 93 1
67 77 2
54 121 2
1 130 2
66 106 1
1 83 2
19 32 2
13 94 2
26 81 2
51 60 2
3 131 2
59 78 2
26 118 2
32 129 1
74 120 1
63 96 2
43 97 2
14 55 2
33 50 2
15 68 2
24 60 2
37 137 2
4 33 2
30 139 2
46 67 2
82 104 1
75 78 2
27 85 2
16 73 2
24 25 2
22 36 2
44 70 2
45 67 2
45 107 2
22 76 2
7 35 2
21 115 2
76 92 2
49 139 2
59 134 2
7 16 2
17 84 1
26 37 2
20 124 1
16 116 1
32 85 2
0 9 2
68 100 2
32 77 2
42 75 2
57 58 2
47 72 2
66 119 1
43 120 2
70 79 2
39 56 2
31 81 2
59 96 2
13 126 2
42 60 2
27 48 2
70 92 2
20 61 2
37 96 2
18 59 2
0 76 2
11 123 2
40 93 1
50 106 1
50 90 2
34 91 1
20 32 2
3 93 2
17 64 2
19 65 2
72 103 1
16 92 2
2 46 2
71 79 2
53 90 2
13 80 2
28 106 1
80 122 2
0 44 2
78 90 1
2 65 2
48 77 2
37 73 2
3 7 2
65 122 1
9 48 2
3 6 2
3 94 2
32 71 2
46 98 2
5 11 2
49 127 2
35 62 2
38 138 1
79 90 1
22 27 2
9 41 2
34 87 1
38 79 2
81 94 2
12 30 2
79 125 1
31 63 2
36 98 1
2 76 2
30 129 2
31 71 2
57 103 2
13 17 2
59 113 2
79 135 2
53 86 2
83 106 1
73 120 2
36 38 2
71 86 2
50 75 2
30 66 2
1 28 2
3 27 2
13 102 2
38 67 2
58 114 2
28 80 2
45 48 2
34 53 2
4 118 2
35 79 2
67 91 2
11 46 2
9 14 2
59 69 2
58 77 2
10 88 2
8 85 2
34 124 2
63 115 2
68 80 2
29 55 2
38 98 1
37 101 1
24 86 1
82 92 1
0 50 2
18 36 2
51 84 2
25 89 2
43 63 2
13 54 2
7 18 2
52 56 2
7 32 2
22 71 2
75 86 2
34 52 2
42 111 1
9 80 2
69 129 2
75 134 2
82 102 1
1 78 2
26 28 2
1 25 2
67 84 2
40 137 2
76 84 2
83 124 1
42 49 2
57 108 1
20 26 2
19 49 2
34 64 2
36 42 2
1 106 2
7 123 2
13 55 2
58 120 2
3 44 2
25 82 2
55 65 2
52 74 2
36 120 1
53 131 2
15 61 2
1 87 2
3 38 2
25 100 2
7 133 1
83 96 1
19 66 2
5 68 2
4 49 2
12 59 2
75 103 2
34 50 2
35 73 2
8 9 2
4 25 2
36 48 2
4 119 1
46 79 2
82 94 1
0 13 2
57 112 2
61 124 2
19 138 2
64 72 2
46 93 2
19 39 2
48 68 2
76 128 2
42 129 2
59 128 1
55 127 1
59 89 1
50 131 2
5 32 2
12 54 2
46 80 2
64 86 2
30 113 2
10 31 2
18 30 2
20 112 2
53 57 2
56 71 2
27 122 1
37 103 2
31 43 2
53 111 2
6 80 2
80 111 2
8 86 2
24 39 2
16 100 2
29 47 2
56 108 2
41 88 2
51 53 2
14 92 2
37 108 2
28 54 2
26 32 2
72 79 2
3 76 2
37 112 2
58 109 1
10 103 1
53 75 2
48 63 2
0 3 2
9 59 2
70 105 2
40 85 1
49 52 2
21 96 2
52 95 2
69 75 2
66 76 2
66 90 2
5 40 2
79 80 2
57 69 2
22 46 2
19 63 2
12 71 2
6 122 2
15 76 2
52 55 2
64 120 1
51 115 2
9 49 2
17 32 2
67 71 2
3 90 2
45 56 2
11 37 2
28 42 2
42 95 2
16 56 2
71 81 2
22 32 2
34 128 2
49 83 2
46 121 2
21 39 2
36 106 2
69 73 2
62 123 2
21 92 2
7 12 2
22 33 2
60 134 2
61 129 2
11 53 2
10 28 2
12 132 1
2 74 2
8 29 2
63 83 2
66 108 1
33 62 2
7 100 2
37 39 2
17 115 2
46 127 2
10 32 2
16 121 1
70 131 2
17 104 2
43 86 2
81 95 1
13 108 2
24 66 2
65 86 2
62 119 1
33 74 2
26 64 2
24 53 2
82 116 2
13 52 2
38 44 2
39 68 2
53 132 1
36 96 2
28 81 2
66 98 2
16 112 2
72 137 2
42 59 2
8 57 2
46 60 2
26 114 1
34 43 2
19 53 2
25 39 2
23 53 2
9 139 1
7 72 2
61 137 2
10 36 2
5 20 2
12 45 2
39 81 2
32 61 2
0 112 1
21 104 2
74 126 2
52 93 2
30 63 2
56 67 2
41 67 2
0 33 2
18 43 2
12 16 2
31 70 2
31 139 1
9 33 2
4 62 2
6 33 2
12 33 2
19 101 2
48 110 2
8 108 2
48 67 2
46 81 2
35 108 1
69 133 2
6 61 2
77 101 1
35 74 2
20 57 2
34 108 1
41 96 2
82 118 2
9 89 2
34 62 2
47 74 2
10 23 2
48 94 2
26 41 2
0 69 2
36 80 2
51 120 1
59 129 1
5 6 2
75 112 2
28 112 2
71 78 2
4 88 2
7 110 1
16 98 2
15 137 2
30 103 2
48 123 1
35 37 2
21 62 2
36 138 1
57 113 1
27 76 2
17 41 2
14 47 2
42 71 2
73 79 2
15 54 2
35 95 2
80 106 2
0 42 2
7 139 2
19 121 2
39 60 2
39 91 2
73 96 2
58 59 2
61 108 2
23 34 2
63 129 2
63 64 2
57 134 2
44 107 2
51 68 2
9 17 2
34 49 2
28 98 1
50 124 1
71 102 2
56 58 2
53 60 2
22 119 1
1 107 2
35 52 2
58 84 1
70 98 2
33 96 2
27 121 2
61 86 2
38 58 2
61 125 1
28 37 2
57 135 1
66 132 1
26 27 2
23 47 2
22 123 2
64 126 1
56 121 2
32 54 2
69 91 1
52 138 2
49 84 2
10 37 2
44 54 2
24 83 2
30 65 2
34 60 2
47 112 1
14 137 2
27 135 2
23 74 2
64 75 2
0 16 2
14 117 2
40 116 1
28 125 1
17 134 2
73 135 2
4 78 2
22 40 2
2 90 2
74 96 2
39 69 2
19 42 2
59 87 2
38 45 2
21 41 2
14 99 2
65 70 2
14 87 2
66 121 2
8 75 2
43 56 2
15 35 2
61 136 1
16 93 2
40 50 2
1 126 2
78 122 2
7 99 2
11 76 2
18 111 2
44 67 2
13 109 2
40 52 2
26 115 2
31 35 2
45 72 2
24 110 1
51 81 2
72 81 2
67 83 2
25 80 2
52 54 2
8 79 2
20 60 2
23 80 2
60 68 2
12 114 2
31 87 2
25 63 2
28 67 2
2 36 2
47 128 1
30 92 2
28 29 2
1 139 2
0 57 2
25 104 2
15 81 2
78 124 2
82 114 1
25 50 2
41 66 2
17 19 2
21 87 2
56 80 2
33 69 2
22 29 2
72 85 2
67 116 2
75 131 2
74 80 2
60 104 2
59 82 2
65 118 2
27 106 2
15 134 2
8 32 2
79 131 2
45 59 2
23 32 2
36 64 2
39 121 2
42 92 1
3 19 2
35 75 2
43 138 2
3 40 2
21 126 1
3 41 2
14 41 2
2 57 2
30 74 2
51 69 2
4 26 2
21 118 2
48 91 2
18 68 2
69 113 1
19 45 2
44 79 2
57 92 2
56 75 2
15 124 2
11 130 2
25 95 1
41 71 2
20 21 2
66 94 2
22 26 2
36 59 2
48 138 2
17 48 2
44 110 2
30 110 1
45 105 1
16 41 2
3 96 1
23 82 2
1 66 2
38 132 2
19 61 2
34 89 1
66 117 2
72 93 1
28 74 2
35 107 2
38 134 2
55 106 2
13 59 2
53 58 2
11 15 2
29 48 2
19 47 2
26 94 2
65 100 2
45 137 2
52 91 2
50 94 1
2 10 2
5 41 2
58 70 2
54 135 1
61 66 2
9 64 2
0 121 2
42 124 2
42 56 2
1 48 2
65 127 2
70 77 2
23 37 2
28 89 1
23 57 2
22 34 2
7 66 2
29 49 2
26 58 2
53 101 2
13 40 2
16 61 2
57 104 2
32 127 1
0 59 2
25 62 2
24 46 2
39 90 2
7 104 2
68 119 1
56 72 2
72 116 2
37 136 1
14 133 2
6 74 2
10 54 2
66 95 1
11 82 2
40 80 2
16 128 2
38 107 2
77 110 1
12 120 2
14 25 2
38 97 2
5 62 2
47 80 2
40 112 2
23 104 2
32 53 2
18 19 2
55 107 2
25 28 2
72 82 2
42 57 2
20 89 1
51 52 2
41 65 2
62 90 2
40 64 2
39 65 2
22 55 2
83 108 2
4 54 2
75 125 2
9 21 2
62 127 2
41 83 2
14 81 2
41 110 2
9 18 2
56 60 2
22 109 2
22 69 2
55 62 2
5 37 2
26 103 2
16 25 2
80 119 1
52 81 2
83 132 2
14 82 2
16 132 2
33 101 1
50 123 2
67 74 2
71 103 1
1 49 2
17 118 1
24 135 1
31 91 1
5 127 2
67 73 2
21 31 2
24 81 2
56 128 2
81 110 2
81 103 1
26 101 2
81 123 1
5 17 2
56 66 2
14 73 2
18 115 2
29 57 2
77 83 2
8 19 2
68 84 2
8 129 2
48 62 2
52 132 2
12 18 2
6 25 2
5 52 2
24 45 2
45 68 2
69 96 2
44 71 2
6 27 2
25 48 2
71 116 2
77 98 1
13 76 2
56 91 2
23 106 1
8 63 2
1 34 2
73 86 2
2 54 2
55 78 2
27 103 2
51 116 1
29 84 2
73 81 2
15 122 2
64 84 2
57 78 2
46 118 2
0 23 2
25 36 2
46 111 2
22 108 2
2 139 1
24 79 2
31 62 2
67 89 2
5 44 2
8 44 2
50 132 1
30 97 2
0 75 2
78 116 2
22 51 2
15 57 2
45 53 2
14 94 2
3 53 2
76 94 2
35 41 2
21 133 2
21 32 2
4 21 2
69 109 2
1 36 2
44 120 2
34 117 2
4 69 2
27 46 2
15 75 2
43 69 2
29 99 2
20 127 2
47 114 1
63 107 2
57 87 1
15 64 2
19 43 2
49 108 2
21 60 2
4 8 2
57 120 2
16 110 1
51 118 2
6 42 2
3 10 2
62 65 2
37 65 2
45 90 2
55 139 2
76 85 2
28 36 2
72 89 2
10 123 1
25 124 2
5 9 2
55 64 2
57 62 2
53 121 1
76 81 2
5 118 2
25 81 2
38 125 2
7 117 2
29 91 2
50 64 2
24 113 2
59 79 2
26 121 1
3 123 1
10 51 2
3 35 2
42 45 2
43 114 1
65 121 2
15 83 2
15 100 2
3 105 2
11 16 2
0 103 2
33 86 1
23 25 2
6 119 2
11 131 2
67 68 2
82 84 2
32 59 2
16 81 2
23 75 2
1 10 2
21 88 2
6 71 2
43 82 2
61 131 2
52 59 2
29 35 2
57 109 2
42 81 2
30 123 2
51 136 2
35 47 2
56 118 2
40 118 1
68 117 2
1 127 2
81 116 2
24 49 2
62 88 2
6 24 2
5 22 2
73 109 2
12 34 2
11 42 2
22 102 2
41 59 2
8 23 2
24 107 2
38 41 2
78 129 2
60 66 2
35 48 2
7 86 2
43 73 2
78 115 2
49 93 2
59 121 1
7 31 2
24 61 2
83 118 1
71 128 2
6 66 2
37 62 2
21 37 2
15 84 2
63 123 2
7 91 1
37 113 2
52 58 2
48 106 2
43 72 2
20 38 2
58 79 2
65 134 2
40 73 2
22 25 2
78 109 2
10 18 2
48 69 2
44 76 2
51 67 2
30 33 2
26 45 2
50 66 2
59 91 1
46 83 2
66 115 2
17 52 2
11 119 2
33 116 2
45 52 2
7 73 2
22 54 2
42 67 2
79 136 2
66 78 2
49 82 2
19 81 2
27 137 1
5 14 2
45 87 1
57 107 1
27 45 2
50 67 2
29 134 2
68 82 2
60 64 2
13 41 2
73 130 2
73 132 1
43 136 2
28 44 2
30 130 2
25 113 2
45 92 2
70 139 1
44 96 2
39 55 2
1 75 2
46 62 2
14 49 2
25 102 2
77 133 1
10 64 2
61 102 2
47 75 2
18 66 2
75 89 1
17 46 2
34 113 2
30 44 2
39 119 2
11 49 2
5 130 2
4 91 2
32 123 1
53 99 1
61 101 1
23 84 2
25 120 2
66 70 2
15 78 2
14 71 2
14 56 2
12 109 1
77 78 2
31 55 2
63 131 2
27 118 2
7 14 2
30 124 2
30 126 1
31 137 2
24 51 2
2 98 2
78 91 1
25 47 2
49 113 2
5 13 2
72 77 2
78 130 2
24 101 2
32 97 2
79 94 1
15 31 2
7 92 2
6 50 2
1 76 2
70 85 2
80 95 2
80 82 2
63 99 2
13 19 2
10 96 2
38 139 2
6 76 2
25 56 2
55 92 2
36 70 2
29 78 2
80 116 2
17 61 2
55 74 2
5 80 2
64 81 2
31 94 2
22 124 2
35 39 2
18 74 2
72 75 2
9 29 2
32 73 2
55 76 2
34 129 2
63 114 2
52 89 2
19 131 1
67 112 2
38 46 2
25 116 2
22 65 2
13 83 2
79 84 2
18 112 1
10 108 2
13 103 2
46 89 2
14 77 2
65 109 1
11 30 2
33 115 2
48 49 2
70 83 2
27 30 2
45 71 2
58 138 1
46 135 2
8 91 2
58 86 2
31 74 2
83 85 2
13 28 2
29 130 2
16 84 1
0 73 2
10 58 2
78 137 2
63 109 1
44 102 2
2 68 2
9 88 2
75 96 2
37 124 2
11 81 2
64 91 1
14 38 2
43 92 1
7 119 2
56 122 1
5 81 2
45 113 2
30 61 2
4 34 2
51 94 2
5 122 2
64 136 1
4 40 2
27 28 2
70 101 2
48 111 2
65 72 2
9 23 2
81 128 1
52 133 2
42 97 2
3 75 1
8 26 1
17 73 1
4 103 1
19 135 1
49 80 1
3 98 1
62 118 2
19 27 1
27 96 1
8 10 1
108 137 2
3 78 1
106 123 1
25 76 1
29 79 1
94 108 1
21 111 1
0 17 1
42 106 1
3 67 1
46 69 1
21 46 1
68 129 2
111 119 2
48 55 1
