% n=160 p=60 d=0.33 p_blue=0.33
% k=0
67 85 2
6 144 1
20 90 2
34 79 2
12 61 2
93 100 1
40 102 1
48 104 1
24 52 2
31 40 2
41 59 2
1 90 2
12 43 2
56 57 2
46 64 2
47 145 1
41 63 2
31 48 2
86 94 2
12 56 2
18 29 2
3 76 2
36 137 1
8 82 2
48 105 1
8 41 2
25 53 2
63 84 2
11 62 2
20 22 2
30 72 2
5 96 1
60 92 2
25 35 2
67 88 2
0 90 2
59 75 2
2 143 1
25 59 2
63 97 1
45 119 1
27 115 2
24 50 2
1 28 2
46 137 1
53 67 2
39 75 2
23 39 2
2 146 1
11 13 2
72 104 1
91 112 1
19 66 2
66 74 2
14 94 2
25 49 2
21 52 2
42 68 2
8 63 2
92 141 1
48 137 2
82 95 2
91 95 2
62 79 2
23 80 2
0 32 2
51 85 2
9 66 2
35 82 2
94 132 1
56 92 2
5 132 1
66 83 2
30 46 2
63 123 1
24 126 1
23 29 2
50 79 2
20 59 2
56 72 2
80 84 2
51 60 2
46 63 2
71 158 1
63 65 2
17 75 2
54 94 2
1 146 1
77 148 1
5 86 2
2 78 2
46 52 2
30 85 2
43 53 2
49 84 2
15 57 2
36 73 2
47 156 1
25 45 2
28 32 2
47 48 2
30 144 2
23 38 2
7 82 2
17 64 2
22 65 2
37 76 2
70 133 1
28 75 2
31 90 2
3 27 2
48 118 2
64 72 2
21 150 1
8 20 2
23 86 2
10 71 2
33 58 2
28 83 2
26 46 2
45 57 2
6 92 2
37 142 1
44 67 2
0 74 2
30 63 2
18 95 2
46 130 2
28 85 2
32 42 2
12 150 2
49 95 2
0 53 2
13 76 2
19 52 2
4 25 2
13 95 2
73 117 2
49 59 2
0 87 2
39 98 1
73 156 2
82 84 2
93 94 2
40 129 1
69 88 2
76 149 1
47 125 1
45 63 2
34 44 2
92 96 1
20 73 2
36 45 2
75 145 1
60 85 2
49 79 2
29 61 2
47 56 2
52 116 1
32 85 2
26 88 2
23 92 2
33 47 2
21 149 1
90 109 1
51 125 1
53 96 1
75 91 2
40 69 2
26 29 2
35 53 2
26 149 1
0 20 2
2 153 1
17 26 2
58 152 2
83 134 1
54 127 1
64 94 2
93 106 1
20 132 1
11 21 2
1 98 1
18 115 1
40 47 2
11 39 2
7 141 1
21 92 2
6 63 2
84 130 2
57 128 1
23 91 2
48 153 1
45 68 2
36 48 2
32 69 2
0 147 1
12 31 2
68 69 2
56 95 2
63 71 2
31 104 1
67 93 2
89 95 2
62 111 1
23 46 2
35 144 1
9 58 2
6 88 2
22 58 2
17 53 2
45 65 2
1 31 2
28 70 2
6 46 2
10 87 2
11 78 2
27 35 2
82 149 2
59 139 2
11 70 2
65 79 2
39 74 2
79 99 1
2 24 2
64 73 2
57 62 2
12 80 2
64 95 2
88 150 1
27 132 1
33 155 1
51 65 2
45 131 1
69 70 2
20 62 2
37 62 2
20 92 2
45 85 2
34 146 1
6 26 2
2 121 2
8 69 2
74 86 2
30 61 2
67 78 2
20 121 1
40 52 2
25 84 2
49 68 2
46 93 2
38 51 2
15 98 1
70 147 2
39 57 2
16 139 2
71 74 2
24 33 2
7 138 1
90 149 1
17 56 2
6 109 2
7 80 2
75 94 2
61 90 2
68 142 1
21 91 2
0 13 2
16 93 2
47 141 2
82 148 1
35 36 2
46 80 2
6 12 2
12 42 2
31 138 1
22 131 1
73 90 2
1 81 2
22 53 2
69 80 2
54 62 2
7 58 2
55 66 2
32 50 2
27 59 2
1 6 2
1 44 2
72 95 2
84 103 2
88 132 2
22 60 2
11 19 2
37 128 1
5 16 2
56 78 2
30 65 2
49 66 2
91 123 1
38 67 2
17 24 2
69 75 2
51 81 2
22 50 2
80 91 2
7 148 2
94 96 1
17 55 2
22 96 1
41 62 2
94 150 1
33 85 2
87 92 2
73 76 2
29 48 2
17 40 2
11 63 2
17 87 2
90 115 1
82 89 2
9 132 2
8 74 2
26 125 2
40 86 2
66 122 1
52 138 2
5 28 2
20 35 2
22 126 2
5 19 2
19 45 2
2 136 2
49 124 1
35 39 2
8 127 1
22 49 2
58 154 2
78 95 2
18 21 2
20 23 2
38 120 1
46 134 1
11 12 2
11 88 2
2 44 2
92 155 1
0 113 1
9 85 2
50 60 2
31 57 2
44 45 2
73 98 1
12 41 2
3 14 2
71 144 1
60 66 2
50 70 2
35 49 2
37 89 2
71 77 2
53 99 2
43 68 2
4 22 2
11 95 2
32 84 2
36 38 2
58 124 1
22 56 2
24 72 2
73 87 2
44 94 2
75 83 2
93 159 1
51 111 2
13 113 2
4 83 2
91 135 1
11 98 1
27 77 2
60 93 2
1 91 2
25 73 2
5 60 2
59 67 2
74 112 1
79 96 2
3 21 2
54 75 2
58 91 2
16 24 2
33 66 2
67 79 2
15 58 2
34 83 2
14 72 2
45 60 2
20 43 2
53 156 1
91 152 2
5 54 2
14 80 2
14 59 2
29 55 2
69 81 2
6 49 2
46 75 2
8 34 2
2 87 2
44 105 2
29 124 1
81 130 2
22 92 2
26 104 2
41 123 1
13 26 2
13 147 1
2 54 2
23 33 2
22 122 2
13 70 2
25 67 2
48 89 2
60 90 2
42 100 2
13 91 2
68 91 2
14 70 2
27 134 1
4 57 2
29 36 2
16 136 1
47 144 2
85 121 1
24 128 2
76 146 2
92 126 1
6 50 2
20 79 2
61 153 1
74 152 2
61 84 2
13 80 2
41 86 2
83 136 1
13 148 2
6 55 2
60 73 2
5 38 2
47 135 1
50 57 2
4 5 2
3 98 2
19 74 2
13 149 2
55 130 2
25 54 2
23 77 2
35 75 2
55 89 2
0 92 2
42 91 2
11 55 2
22 127 1
37 82 2
70 83 2
19 37 2
31 116 1
72 77 2
36 55 2
38 128 2
27 98 1
68 148 1
6 122 2
82 105 1
7 18 2
59 87 2
35 65 2
35 76 2
42 77 2
65 73 2
49 60 2
30 31 2
26 95 2
59 92 2
13 39 2
25 33 2
16 59 2
36 54 2
72 96 1
42 84 2
9 140 1
58 144 1
83 145 2
56 101 1
34 95 2
15 109 1
19 59 2
68 97 2
74 110 2
72 158 1
28 77 2
46 86 2
72 78 2
35 64 2
30 88 2
34 43 2
10 119 2
3 9 2
3 67 2
36 124 1
24 144 2
20 127 1
16 85 2
41 100 1
63 134 1
58 82 2
18 102 1
20 72 2
14 18 2
48 90 2
18 66 2
72 93 2
20 24 2
47 107 1
8 30 2
32 61 2
14 78 2
17 29 2
16 38 2
18 50 2
52 128 1
13 79 2
43 65 2
62 95 2
28 74 2
17 92 2
49 136 1
3 63 2
92 98 2
29 54 2
11 53 2
59 122 1
23 53 2
55 124 1
59 68 2
27 32 2
19 58 2
39 65 2
11 16 2
78 137 2
50 132 1
84 104 1
68 109 1
53 75 2
4 143 1
74 85 2
40 116 1
2 6 2
18 22 2
52 79 2
27 75 2
64 66 2
39 71 2
7 144 1
29 139 1
3 17 2
39 46 2
24 84 2
31 81 2
1 41 2
55 118 2
67 92 2
7 64 2
38 63 2
3 29 2
45 51 2
42 47 2
13 159 2
58 70 2
56 125 1
25 71 2
12 70 2
7 40 2
45 117 1
7 16 2
3 100 1
27 47 2
37 149 2
12 24 2
50 67 2
35 92 2
34 152 1
25 37 2
39 89 2
51 83 2
47 94 2
7 156 1
27 79 2
12 71 2
65 138 1
41 70 2
63 94 2
9 70 2
27 125 1
33 156 1
76 144 1
38 87 2
0 158 2
10 125 1
38 81 2
95 102 1
0 40 2
15 53 2
57 130 1
0 21 2
27 83 2
8 23 2
24 110 2
84 137 1
65 86 2
33 123 1
17 76 2
41 83 2
79 110 1
16 94 2
83 89 2
92 95 2
40 105 1
31 51 2
9 74 2
53 122 1
25 51 2
2 47 2
65 84 2
53 86 2
82 125 2
88 96 2
18 48 2
16 33 2
72 88 2
7 109 2
6 8 2
13 73 2
0 114 2
48 83 2
17 104 1
76 77 2
21 74 2
66 85 2
53 155 1
84 115 1
54 83 2
43 54 2
50 111 1
17 69 2
3 154 1
24 149 2
13 38 2
17 125 1
65 145 1
73 115 1
28 43 2
88 125 2
42 78 2
9 25 2
3 8 2
30 41 2
22 74 2
54 104 1
0 22 2
57 94 2
41 69 2
40 111 2
10 35 2
51 90 2
71 105 1
6 58 2
21 90 2
46 51 2
59 82 2
7 44 2
33 74 2
32 80 2
8 33 2
10 27 2
38 71 2
10 148 2
52 62 2
59 77 2
7 26 2
46 109 1
9 121 1
77 159 1
19 28 2
16 61 2
27 70 2
0 85 2
69 123 2
14 56 2
17 45 2
51 131 1
66 95 2
15 46 2
63 127 1
20 55 2
0 3 2
65 93 2
27 29 2
1 68 2
81 95 2
23 64 2
11 18 2
59 83 2
56 69 2
30 58 2
23 148 1
33 64 2
7 135 1
25 127 1
59 89 2
59 136 1
50 135 2
47 87 2
73 83 2
35 70 2
0 93 2
92 125 2
21 56 2
39 133 2
25 75 2
9 81 2
1 73 2
10 11 2
57 91 2
5 20 2
41 55 2
23 34 2
20 44 2
7 9 2
16 62 2
72 83 2
0 148 1
66 68 2
57 64 2
6 18 2
38 157 1
85 123 1
60 109 1
56 116 1
48 69 2
78 157 2
70 140 1
1 34 2
83 159 1
86 91 2
26 36 2
17 93 2
12 60 2
25 72 2
17 152 2
27 84 2
30 81 2
35 122 1
7 38 2
2 137 1
44 61 2
77 115 1
3 104 2
18 60 2
81 99 1
31 72 2
45 155 1
58 76 2
10 120 2
78 104 1
29 49 2
19 124 1
29 65 2
12 20 2
37 124 1
4 20 2
6 54 2
87 88 2
13 48 2
12 63 2
14 82 2
22 42 2
17 132 1
13 158 1
34 45 2
88 137 2
58 121 1
5 76 2
26 54 2
1 53 2
46 153 1
40 78 2
34 41 2
30 94 2
36 99 1
45 91 2
12 27 2
19 130 1
58 65 2
71 122 1
36 149 1
33 54 2
5 37 2
58 61 2
25 149 1
19 40 2
9 110 1
27 48 2
24 87 2
61 158 2
0 11 2
28 81 2
24 69 2
21 137 1
7 125 2
15 49 2
59 156 2
37 91 2
90 150 2
7 117 2
37 92 2
19 77 2
43 87 2
56 70 2
30 37 2
46 47 2
13 20 2
8 64 2
24 70 2
50 146 2
47 77 2
38 85 2
32 90 2
10 90 2
6 65 2
26 66 2
3 82 2
52 107 2
0 5 2
64 91 2
44 66 2
19 114 2
49 135 2
18 68 2
4 94 2
48 138 2
20 39 2
33 71 2
40 87 2
69 85 2
30 84 2
52 66 2
58 117 1
13 71 2
43 71 2
3 60 2
83 87 2
72 86 2
9 60 2
43 82 2
48 142 1
1 3 2
39 84 2
64 110 1
6 89 2
20 134 2
9 21 2
63 105 1
45 61 2
61 62 2
41 159 2
36 92 2
66 99 1
12 32 2
11 68 2
34 59 2
0 89 2
27 37 2
75 125 1
46 53 2
33 144 1
20 133 1
7 12 2
69 91 2
7 88 2
40 75 2
65 92 2
90 159 1
19 42 2
60 78 2
9 40 2
60 145 1
12 65 2
50 123 2
9 59 2
6 42 2
70 91 2
20 82 2
0 79 2
29 37 2
65 80 2
61 68 2
30 33 2
6 77 2
23 40 2
1 51 2
50 92 2
11 38 2
70 89 2
47 89 2
4 18 2
10 75 2
11 99 1
81 86 2
17 97 2
13 89 2
5 65 2
8 87 2
25 101 2
64 102 1
9 73 2
38 49 2
49 56 2
12 73 2
16 27 2
72 159 1
64 67 2
40 50 2
24 42 2
14 49 2
13 45 2
89 135 2
74 107 2
10 23 2
45 89 2
58 130 2
3 5 2
38 94 2
14 50 2
51 75 2
14 114 1
56 156 1
10 84 2
30 80 2
64 65 2
1 89 2
90 95 2
16 141 1
45 95 2
49 105 2
61 122 1
30 66 2
56 108 1
58 96 2
2 34 2
27 36 2
51 123 1
12 76 2
41 43 2
35 95 2
30 62 2
43 109 1
29 87 2
50 93 2
79 81 2
51 58 2
14 42 2
64 70 2
11 93 2
62 73 2
24 99 1
45 80 2
73 88 2
56 136 2
12 129 1
40 85 2
71 72 2
0 33 2
85 104 1
52 87 2
11 67 2
73 147 1
50 131 2
46 49 2
21 39 2
18 70 2
53 66 2
22 89 2
79 85 2
7 15 2
43 143 2
21 158 1
4 19 2
89 158 2
0 18 2
78 142 1
55 85 2
13 63 2
95 132 1
0 9 2
35 58 2
40 79 2
12 21 2
34 46 2
7 22 2
43 92 2
70 86 2
10 66 2
18 79 2
9 68 2
16 60 2
27 49 2
59 124 1
29 122 1
27 86 2
6 27 2
39 42 2
61 78 2
33 140 1
80 144 1
73 92 2
54 77 2
60 99 2
5 94 2
17 47 2
27 62 2
58 69 2
85 126 1
10 138 1
48 122 2
43 49 2
28 44 2
0 42 2
39 45 2
44 159 1
7 66 2
88 129 2
5 13 2
48 56 2
13 104 2
1 33 2
9 19 2
0 124 1
61 94 2
65 158 2
36 89 2
15 137 1
25 117 1
19 76 2
85 88 2
6 83 2
15 77 2
25 152 1
40 46 2
82 129 1
62 69 2
42 89 2
1 35 2
13 31 2
31 67 2
27 156 2
9 88 2
15 120 1
67 157 1
39 141 1
13 72 2
7 116 1
57 108 2
46 54 2
9 77 2
43 64 2
15 52 2
65 87 2
75 89 2
75 79 2
33 92 2
65 113 2
16 35 2
81 139 2
8 50 2
73 86 2
44 74 2
1 101 1
4 39 2
45 87 2
23 25 2
74 77 2
11 86 2
35 67 2
42 117 1
36 155 1
45 113 1
71 90 2
49 58 2
23 59 2
1 42 2
92 138 1
2 41 2
70 79 2
84 147 2
12 36 2
42 65 2
66 112 1
35 85 2
8 51 2
27 65 2
30 48 2
22 66 2
0 54 2
18 85 2
11 77 2
45 158 2
86 114 2
32 37 2
11 36 2
86 107 1
25 70 2
18 104 1
72 81 2
74 76 2
54 72 2
53 77 2
16 30 2
77 85 2
21 140 1
31 52 2
63 76 2
27 53 2
25 57 2
39 60 2
43 51 2
50 52 2
15 146 1
55 65 2
2 82 2
52 118 2
64 151 2
35 73 2
3 43 2
5 33 2
47 57 2
48 49 2
2 64 2
74 88 2
45 98 1
40 98 1
21 46 2
26 63 2
62 63 2
81 117 1
36 63 2
21 35 2
63 153 1
91 158 1
1 152 1
13 14 2
93 150 2
38 95 2
52 74 2
24 30 2
86 100 1
31 34 2
12 30 2
32 39 2
10 68 2
19 83 2
4 63 2
40 128 1
24 91 2
30 68 2
32 34 2
52 134 2
15 87 2
81 141 2
4 100 1
22 105 1
32 95 2
89 148 1
19 29 2
71 138 2
40 42 2
87 104 1
14 39 2
58 132 2
32 40 2
27 57 2
95 117 1
13 65 2
37 67 2
3 68 2
34 138 1
14 84 2
68 82 2
17 66 2
16 36 2
3 84 2
69 138 1
42 94 2
15 41 2
0 23 2
76 98 1
41 107 1
13 83 2
43 46 2
21 62 2
17 20 2
1 80 2
8 16 2
59 71 2
40 88 2
18 75 2
25 34 2
48 88 2
38 77 2
22 39 2
82 157 1
26 86 2
19 129 1
53 68 2
53 54 2
28 37 2
70 88 2
19 111 1
70 152 2
21 81 2
45 69 2
12 151 1
40 63 2
2 65 2
78 123 2
74 102 2
14 101 2
14 23 2
34 73 2
71 89 2
78 109 1
15 66 2
43 72 2
75 120 1
2 132 2
68 147 2
32 91 2
33 56 2
33 45 2
59 143 1
66 121 1
27 46 2
4 40 2
6 69 2
51 91 2
14 88 2
36 58 2
40 131 2
48 87 2
0 19 2
2 30 2
8 54 2
29 60 2
14 121 1
45 53 2
22 80 2
69 96 1
41 53 2
13 25 2
25 124 2
31 99 1
0 98 1
28 64 2
5 87 2
0 76 2
23 56 2
56 88 2
17 71 2
49 94 2
59 84 2
10 36 2
6 11 2
53 90 2
60 119 1
71 155 2
9 17 2
6 136 2
8 37 2
83 107 1
28 35 2
56 115 1
4 35 2
2 59 2
37 46 2
44 69 2
9 31 2
47 78 2
7 48 2
42 79 2
38 92 2
81 105 1
19 95 2
5 110 1
49 122 2
22 43 2
54 116 2
18 90 2
1 92 2
9 27 2
9 56 2
24 123 1
57 70 2
57 140 1
40 77 2
38 53 2
34 53 2
7 20 2
16 55 2
51 63 2
8 57 2
14 75 2
8 132 1
31 39 2
5 29 2
38 98 1
13 134 1
24 29 2
4 28 2
0 77 2
63 91 2
43 69 2
53 94 2
87 129 1
57 75 2
34 87 2
55 117 1
82 87 2
10 156 1
19 85 2
64 118 2
41 67 2
11 23 2
4 47 2
37 72 2
22 81 2
40 58 2
18 159 1
44 131 1
1 23 2
83 109 1
59 94 2
55 83 2
15 76 2
3 48 2
51 152 1
30 76 2
35 52 2
14 35 2
40 147 1
68 90 2
35 63 2
17 68 2
53 78 2
10 45 2
67 69 2
7 19 2
50 76 2
3 57 2
53 137 1
26 55 2
31 82 2
19 81 2
55 81 2
45 134 2
47 96 1
5 34 2
78 88 2
22 77 2
33 50 2
66 87 2
2 77 2
89 123 2
21 107 2
36 46 2
81 100 2
23 26 2
15 81 2
86 103 1
20 26 2
13 19 2
17 23 2
31 101 2
68 88 2
25 134 2
1 52 2
37 122 1
29 51 2
57 155 1
6 14 2
22 129 2
41 52 2
54 117 2
90 101 1
72 139 2
53 133 1
65 82 2
17 72 2
66 84 2
1 55 2
11 90 2
14 16 2
62 64 2
56 67 2
9 53 2
34 72 2
91 114 1
75 92 2
31 91 2
2 10 2
1 109 1
15 110 1
94 97 2
18 93 2
26 60 2
5 137 2
72 97 1
17 22 2
53 104 1
63 70 2
33 78 2
93 119 1
59 60 2
74 104 1
64 140 2
3 41 2
21 104 1
32 43 2
4 95 2
15 55 2
31 65 2
28 66 2
79 155 2
24 76 2
29 74 2
21 25 2
10 56 2
62 89 2
20 106 1
21 79 2
63 73 2
26 92 2
64 76 2
3 18 2
79 93 2
2 33 2
12 38 2
28 119 1
49 85 2
23 155 2
44 128 1
18 37 2
10 88 2
6 78 2
43 94 2
13 59 2
10 85 2
75 126 1
60 74 2
66 94 2
36 141 2
12 33 2
88 157 1
26 49 2
18 76 2
35 121 1
94 158 2
19 90 2
73 108 2
18 133 1
46 79 2
45 93 2
3 91 2
30 57 2
47 70 2
79 80 2
64 131 1
19 63 2
5 10 2
40 73 2
54 119 2
41 119 1
27 63 2
30 82 2
30 43 2
69 131 2
7 53 2
22 61 2
53 125 2
66 97 2
52 53 2
2 37 2
9 62 2
27 67 2
49 97 1
14 47 2
8 61 2
33 34 2
42 85 2
29 47 2
26 53 2
2 76 2
21 70 2
13 94 2
30 142 1
50 64 2
84 146 1
59 64 2
29 142 2
73 135 1
30 78 2
33 41 2
33 67 2
1 21 2
8 81 2
70 90 2
49 57 2
62 126 2
81 118 2
39 151 1
17 51 2
78 105 2
59 62 2
9 22 2
43 88 2
72 122 2
62 83 2
44 50 2
12 81 2
32 159 1
2 32 2
43 47 2
69 115 2
42 159 2
55 63 2
61 148 1
20 46 2
66 129 1
53 73 2
15 147 1
42 75 2
39 64 2
6 48 2
26 131 1
38 117 1
53 60 2
22 88 2
12 69 2
30 75 2
24 59 2
45 76 2
55 100 2
81 84 2
26 28 2
80 82 2
44 48 2
35 84 2
11 33 2
45 59 2
5 136 2
62 157 1
16 41 2
55 88 2
61 108 1
36 88 2
11 101 2
8 22 2
43 55 2
57 77 2
31 85 2
16 21 2
56 102 1
12 77 2
72 84 2
78 98 1
9 50 2
8 119 1
22 82 2
0 97 1
15 23 2
40 121 1
10 55 2
84 87 2
4 45 2
7 76 2
9 69 2
84 94 2
74 141 1
27 30 2
69 94 2
40 48 2
11 75 2
71 95 2
5 155 1
24 44 2
6 85 2
41 134 2
37 110 1
43 153 1
83 100 2
76 136 2
14 85 2
10 93 2
28 47 2
39 86 2
64 71 2
56 68 2
10 74 2
74 81 2
48 81 2
5 66 2
66 136 2
2 91 2
0 61 2
21 95 2
9 146 1
46 58 2
70 87 2
1 45 2
2 51 2
21 153 1
35 46 2
10 61 2
17 111 1
15 70 2
33 61 2
6 16 2
30 39 2
25 50 2
20 57 2
19 71 2
14 68 2
6 10 2
35 48 2
14 32 2
74 83 2
9 47 2
12 52 2
39 120 1
33 104 1
13 88 2
46 73 2
2 62 2
62 101 2
28 48 2
11 27 2
23 109 1
32 143 2
5 79 2
75 84 2
18 139 1
48 74 2
88 159 1
87 122 2
26 50 2
5 45 2
6 22 2
61 107 1
59 90 2
43 86 2
52 122 1
1 133 1
23 42 2
33 134 1
16 90 2
17 39 2
49 152 1
29 72 2
66 78 2
38 60 2
50 75 2
89 124 2
18 71 2
65 89 2
68 110 2
20 143 2
0 115 2
94 129 2
23 67 2
63 136 1
20 96 1
41 135 1
54 68 2
14 51 2
17 50 2
36 94 2
82 142 1
0 41 2
88 117 1
7 27 2
44 152 1
37 83 2
9 135 1
56 77 2
5 95 2
83 90 2
40 83 2
34 42 2
86 112 2
9 43 2
9 12 2
61 65 2
14 54 2
79 134 2
51 57 2
24 86 2
3 11 2
0 36 2
64 156 1
28 55 2
95 100 1
25 157 1
8 92 2
72 75 2
15 145 1
4 7 2
1 151 1
24 60 2
24 71 2
17 83 2
1 49 2
54 90 2
29 35 2
53 87 2
36 61 2
9 45 2
48 55 2
44 68 2
24 62 2
30 53 2
34 82 2
23 41 2
19 20 2
44 153 2
49 55 2
55 56 2
76 89 2
46 72 2
12 119 1
26 128 1
51 120 1
20 76 2
5 31 2
88 91 2
22 125 1
25 93 2
73 82 2
85 91 2
32 73 2
13 68 2
38 68 2
17 85 2
10 65 2
7 59 2
9 16 2
12 47 2
7 77 2
1 25 2
17 46 2
8 38 2
92 129 1
14 91 2
18 123 1
70 93 2
37 113 1
8 72 2
78 91 2
34 57 2
47 63 2
76 100 1
54 99 2
26 56 2
19 82 2
36 103 2
20 81 2
11 57 2
13 18 2
52 114 2
20 146 1
21 43 2
37 65 2
26 62 2
14 28 2
36 62 2
23 74 2
26 79 2
6 34 2
55 84 2
44 97 2
68 81 2
70 84 2
15 142 1
30 54 2
55 76 2
8 19 2
24 26 2
55 112 1
3 78 2
37 78 2
62 96 2
64 158 2
2 56 2
58 116 1
26 72 2
7 90 2
31 86 2
42 136 2
17 62 2
37 140 2
31 62 2
45 150 1
20 29 2
59 113 2
9 44 2
51 94 2
77 127 1
4 42 2
31 43 2
74 133 2
19 122 1
88 126 2
20 70 2
52 83 2
74 136 1
22 95 2
2 80 2
10 34 2
27 45 2
64 81 2
69 90 2
3 39 2
45 73 2
0 25 2
41 56 2
43 83 2
86 148 2
17 57 2
21 58 2
15 35 2
28 109 1
60 127 1
16 80 2
23 94 2
36 60 2
45 129 2
24 46 2
1 147 1
39 104 1
10 89 2
39 63 2
29 140 1
91 130 2
5 150 2
76 88 2
66 142 2
26 94 2
20 65 2
41 81 2
7 95 2
0 67 2
19 68 2
19 64 2
40 97 1
2 18 2
24 28 2
51 88 2
76 134 1
10 47 2
24 89 2
14 46 2
42 55 2
63 145 1
4 6 2
82 91 2
73 77 2
55 72 2
13 33 2
82 137 1
40 53 2
10 134 1
47 72 2
7 47 2
9 48 2
18 49 2
14 61 2
58 80 2
21 93 2
42 119 2
13 47 2
56 81 2
46 76 2
20 52 2
24 55 2
17 48 2
63 133 2
79 136 2
42 44 2
67 76 2
18 20 2
18 137 1
51 66 2
8 21 2
20 63 2
0 39 2
34 93 2
36 106 1
47 83 2
37 38 2
6 120 1
13 112 1
2 86 2
53 93 2
33 51 2
83 95 2
44 65 2
81 151 1
11 14 2
86 122 1
26 83 2
27 39 2
46 61 2
45 49 2
16 29 2
74 113 2
15 51 2
24 92 2
44 63 2
26 98 1
25 95 2
83 88 2
39 82 2
21 37 2
9 87 2
10 13 2
52 63 2
4 48 2
37 43 2
2 69 2
53 57 2
61 91 2
50 72 2
50 91 2
72 99 2
9 49 2
16 66 2
42 146 1
30 123 2
39 83 2
45 152 1
3 74 2
70 92 2
10 133 1
20 88 2
35 86 2
35 81 2
4 93 2
47 61 2
6 80 2
16 31 2
89 93 2
4 23 2
58 145 1
23 43 2
16 51 2
42 155 2
6 41 2
35 108 2
42 148 1
14 64 2
38 55 2
43 130 2
48 76 2
47 52 2
91 122 2
24 73 2
35 106 1
66 91 2
6 28 2
58 59 2
49 86 2
33 69 2
37 75 2
4 59 2
9 155 1
23 24 2
58 74 2
2 92 2
21 84 2
53 58 2
24 51 2
5 22 2
15 74 2
68 108 2
13 114 1
34 88 2
95 144 2
8 117 1
14 134 1
63 83 2
35 66 2
29 88 2
1 14 2
8 71 2
30 44 2
38 43 2
25 68 2
58 67 2
27 111 1
33 76 2
7 30 2
88 134 2
92 101 1
82 94 2
19 30 2
27 159 1
36 117 2
65 141 1
33 101 2
11 148 1
49 52 2
3 83 2
48 72 2
64 82 2
24 41 2
32 77 2
36 52 2
58 102 1
41 111 2
52 86 2
38 79 2
5 53 2
35 125 1
5 107 1
31 44 2
35 47 2
21 120 1
77 152 2
79 125 2
25 91 2
26 77 2
36 42 2
28 89 2
91 145 1
32 116 1
42 86 2
44 95 2
28 58 2
84 140 1
31 56 2
75 104 1
63 117 2
7 71 2
16 34 2
28 91 2
63 66 2
64 139 1
17 63 2
48 79 2
36 40 2
27 51 2
18 30 2
34 35 2
58 77 2
44 51 2
21 24 2
6 146 1
82 88 2
33 100 2
32 158 2
2 94 2
5 80 2
52 150 1
18 67 2
18 43 2
14 48 2
17 59 2
34 91 2
84 155 1
2 39 2
0 49 2
40 153 1
6 68 2
14 76 2
2 60 2
75 78 2
58 75 2
41 158 1
25 65 2
53 55 2
2 25 2
63 90 2
50 90 2
93 129 2
6 37 2
55 110 1
28 31 2
24 66 2
10 67 2
36 77 2
24 40 2
35 57 2
38 152 1
71 79 2
41 74 2
28 86 2
46 97 1
4 106 1
8 80 2
33 57 2
6 149 1
6 90 2
58 109 2
21 29 2
52 147 2
32 46 2
49 143 1
42 80 2
54 110 2
81 87 2
16 138 1
21 55 2
37 71 2
36 72 2
40 76 2
92 109 1
94 101 1
63 159 2
11 117 1
16 117 1
16 130 1
58 149 2
69 140 1
32 68 2
41 80 2
80 148 1
12 53 2
27 69 2
18 92 2
50 94 2
39 94 2
14 44 2
0 57 2
57 67 2
41 95 2
73 106 1
44 75 2
13 54 2
23 65 2
38 59 2
48 77 2
76 132 1
28 41 2
1 141 1
18 47 2
35 140 1
38 90 2
28 29 2
19 134 1
94 113 1
26 64 2
39 61 2
1 47 2
83 128 2
46 85 2
79 82 2
44 64 2
83 126 1
44 115 2
37 151 1
60 115 1
21 127 2
16 143 2
85 143 1
78 107 1
24 63 2
80 81 2
12 64 2
15 54 2
12 25 2
90 148 1
25 86 2
16 56 2
12 87 2
73 104 1
20 74 2
13 86 2
4 29 2
68 128 1
62 82 2
34 39 2
32 53 2
43 84 2
27 42 2
38 154 2
23 84 2
25 79 2
51 76 2
22 155 1
11 31 2
40 117 2
40 61 2
41 66 2
51 73 2
10 110 1
30 110 2
16 92 2
36 75 2
47 73 2
32 86 2
57 82 2
46 56 2
62 119 2
2 7 2
40 94 2
1 83 2
77 95 2
6 45 2
5 46 2
20 145 1
19 86 2
48 80 2
28 49 2
50 81 2
53 80 2
8 112 2
38 69 2
52 69 2
68 99 1
18 91 2
52 70 2
14 37 2
32 66 2
18 61 2
20 139 1
44 73 2
46 88 2
22 23 2
38 76 2
42 70 2
5 30 2
89 153 1
80 97 1
18 35 2
16 54 2
5 58 2
77 83 2
41 79 2
82 139 1
33 110 2
62 81 2
45 140 1
14 144 1
17 81 2
84 143 2
58 81 2
32 140 1
14 15 2
10 63 2
35 130 1
25 62 2
60 147 1
26 117 2
54 82 2
51 78 2
8 93 2
88 122 2
63 93 2
7 69 2
39 77 2
17 21 2
14 31 2
5 74 2
43 45 2
23 71 2
57 111 2
57 93 2
45 46 2
47 53 2
28 57 2
4 62 2
8 32 2
26 41 2
15 45 2
79 98 1
14 53 2
58 62 2
41 85 2
67 77 2
3 113 1
33 107 2
91 138 1
47 68 2
24 93 2
14 69 2
24 95 2
49 69 2
63 79 2
64 68 2
57 84 2
5 14 2
10 49 2
25 63 2
62 84 2
37 123 2
41 45 2
16 48 2
2 42 2
28 138 1
24 65 2
76 83 2
86 143 1
59 146 1
17 129 1
60 112 1
73 80 2
16 50 2
43 95 2
54 59 2
5 26 2
74 95 2
34 76 2
4 148 2
39 43 2
5 43 2
21 77 2
2 128 1
49 88 2
38 115 1
25 60 2
57 85 2
6 102 1
12 13 2
7 85 2
69 86 2
84 101 1
62 92 2
18 101 1
7 68 2
78 114 2
32 45 2
7 86 2
27 73 2
18 45 2
28 90 2
49 75 2
27 64 2
52 77 2
32 64 2
83 127 1
79 87 2
64 132 2
7 35 2
16 74 2
49 90 2
35 78 2
48 134 2
17 126 1
75 153 2
5 129 1
1 124 1
45 78 2
57 149 1
10 46 2
44 77 2
5 15 2
4 71 2
27 76 2
10 57 2
58 150 1
55 79 2
24 74 2
22 72 2
60 91 2
21 22 2
37 47 2
0 72 2
15 65 2
40 70 2
81 82 2
13 58 2
37 51 2
79 95 2
19 47 2
48 68 2
23 57 2
73 105 1
33 55 2
29 92 2
13 92 2
14 22 2
86 96 1
38 91 2
46 126 2
9 126 1
86 88 2
20 61 2
64 79 2
77 104 2
23 120 2
16 43 2
3 33 2
16 20 2
5 62 2
39 87 2
78 94 2
50 63 2
24 32 2
7 67 2
95 128 1
26 39 2
36 107 1
87 102 1
16 79 2
10 106 1
7 24 2
9 94 2
72 76 2
64 138 1
31 78 2
29 63 2
54 81 2
29 38 2
26 67 2
33 89 2
21 57 2
73 94 2
38 125 1
12 28 2
9 20 2
26 34 2
3 140 1
68 92 2
7 79 2
12 146 1
89 115 2
44 78 2
88 112 1
36 70 2
8 131 1
31 136 1
80 93 2
17 124 2
33 86 2
54 89 2
21 51 2
31 125 1
49 72 2
60 62 2
3 47 2
61 66 2
22 117 1
66 96 1
15 50 2
16 96 2
33 77 2
6 79 2
4 80 2
10 82 2
9 42 2
33 79 2
38 93 2
36 47 2
78 86 2
39 136 1
77 82 2
26 74 2
11 65 2
29 46 2
34 40 2
55 135 2
15 18 2
1 72 2
65 69 2
49 130 1
0 1 2
13 44 2
68 84 2
25 43 2
37 59 2
12 110 2
44 87 2
43 131 2
61 120 1
15 56 2
61 95 2
23 70 2
25 76 2
27 38 2
4 41 2
20 68 2
2 72 2
78 102 1
39 99 1
21 67 2
57 112 2
30 32 2
0 142 1
7 63 2
27 138 1
69 144 1
39 76 2
55 71 2
0 52 2
19 73 2
18 74 2
0 78 2
78 112 1
40 125 2
65 135 2
25 107 1
66 140 2
28 72 2
36 119 1
34 61 2
35 44 2
37 77 2
20 135 1
27 85 2
48 71 2
22 79 2
20 80 2
3 46 2
90 143 2
2 55 2
72 148 2
18 98 1
63 116 1
21 100 1
0 91 2
67 73 2
25 46 2
71 103 2
40 96 1
27 80 2
18 40 2
17 89 2
85 87 2
12 66 2
6 110 1
12 68 2
69 79 2
84 86 2
19 36 2
20 41 2
11 64 2
70 99 1
30 126 2
37 55 2
9 51 2
38 149 1
66 89 2
76 127 1
47 115 1
37 84 2
11 87 2
15 71 2
70 127 2
4 149 1
5 69 2
21 155 2
10 64 2
30 83 2
10 32 2
58 85 2
32 47 2
5 11 2
51 82 2
9 14 2
61 87 2
68 135 1
0 65 2
81 83 2
43 120 1
32 145 1
57 74 2
19 21 2
57 73 2
26 43 2
42 43 2
80 92 2
41 49 2
26 45 2
44 70 2
39 91 2
43 48 2
15 42 2
77 92 2
62 86 2
44 82 2
23 85 2
62 90 2
37 152 1
5 51 2
31 42 2
40 56 2
40 59 2
0 60 2
15 93 2
43 74 2
42 130 1
53 70 2
13 15 2
6 95 2
47 86 2
14 90 2
33 63 2
10 12 2
9 83 2
28 56 2
30 95 2
26 87 2
20 42 2
12 106 1
6 31 2
79 83 2
55 70 2
56 79 2
23 81 2
5 44 2
72 91 2
6 64 2
11 61 2
44 149 1
14 104 1
29 71 2
26 158 2
47 74 2
22 101 1
3 80 2
12 22 2
13 111 2
25 64 2
9 71 2
44 76 2
58 95 2
2 48 2
86 106 1
30 69 2
89 120 1
7 33 2
36 148 1
70 125 2
18 39 2
64 89 2
19 92 2
74 153 2
13 16 2
3 156 1
73 78 2
50 129 2
19 67 2
41 44 2
14 89 2
16 49 2
49 157 1
45 84 2
42 45 2
40 62 2
30 112 2
62 87 2
15 125 2
84 85 2
39 124 1
7 37 2
56 100 1
32 118 2
47 105 1
69 72 2
43 152 2
57 110 1
18 109 1
95 113 1
13 75 2
16 39 2
29 44 2
44 108 1
0 82 2
24 75 2
62 78 2
22 38 2
51 62 2
8 130 1
69 114 2
51 89 2
18 31 2
36 114 1
5 57 2
9 93 2
27 78 2
6 40 2
16 17 2
29 53 2
49 70 2
41 54 2
14 92 2
25 74 2
53 72 2
22 83 2
63 143 1
9 91 2
81 94 2
60 61 2
13 21 2
19 44 2
20 38 2
5 17 2
15 158 1
64 112 1
16 83 2
46 62 2
49 51 2
54 74 2
40 55 2
42 61 2
85 155 2
8 9 2
0 59 2
15 107 2
0 153 2
2 17 2
3 89 2
57 66 2
11 51 2
9 24 2
0 86 2
46 55 2
9 100 1
58 60 2
70 148 1
31 41 2
21 89 2
1 7 2
0 75 2
23 117 1
32 62 2
5 133 2
86 87 2
18 46 2
42 62 2
0 62 2
52 88 2
33 91 2
27 54 2
70 78 2
17 67 2
7 72 2
42 53 2
12 37 2
33 94 2
21 44 2
17 58 2
36 85 2
66 72 2
66 104 1
42 95 2
81 132 1
21 32 2
45 109 1
2 93 2
70 129 1
48 149 2
58 94 2
59 158 1
93 124 1
18 84 2
14 55 2
10 132 1
22 37 2
17 27 2
66 73 2
19 41 2
38 84 2
26 85 2
18 58 2
74 124 1
5 59 2
86 138 1
24 53 2
14 83 2
31 46 2
15 39 2
9 92 2
1 138 1
20 78 2
14 93 2
8 31 2
77 112 1
33 65 2
12 131 1
18 94 2
46 83 2
35 139 1
54 156 1
50 69 2
40 84 2
67 133 2
6 139 1
1 128 1
46 60 2
56 59 2
18 59 2
12 17 2
15 111 1
27 50 2
10 51 2
27 155 1
41 58 2
1 142 1
18 89 2
76 116 1
75 93 2
25 98 1
75 110 1
10 50 2
14 30 2
10 28 2
24 134 1
60 65 2
58 140 1
19 93 2
26 70 2
60 68 2
27 43 2
23 73 2
25 28 2
69 125 1
53 56 2
13 116 2
69 136 2
70 71 2
0 34 2
1 69 2
88 93 2
13 22 2
41 88 2
44 109 1
3 70 2
11 45 2
35 142 1
75 105 1
15 114 2
25 89 2
47 76 2
68 127 2
75 123 2
56 75 2
27 91 2
12 45 2
21 34 2
36 74 2
21 49 2
2 52 2
74 80 2
51 69 2
75 90 2
42 93 2
34 81 2
86 95 2
86 92 2
8 103 1
65 77 2
3 22 2
8 141 1
55 57 2
66 69 2
17 150 1
9 10 2
82 100 1
78 159 2
31 88 2
12 23 2
3 119 1
48 51 2
32 129 1
5 42 2
30 36 2
2 31 2
10 62 2
46 117 1
10 18 2
43 157 2
2 79 2
51 93 2
29 129 1
72 89 2
24 43 2
55 68 2
87 90 2
4 56 2
64 74 2
17 41 2
44 120 2
53 82 2
76 91 2
40 66 2
30 77 2
52 148 2
44 133 2
22 112 1
9 76 2
29 85 2
63 86 2
67 83 2
23 58 2
5 90 2
80 111 1
54 56 2
56 66 2
43 79 2
14 62 2
0 7 2
2 50 2
1 30 2
18 107 2
23 35 2
18 78 2
33 53 2
60 87 2
54 58 2
76 148 1
19 102 1
25 42 2
42 102 1
6 134 1
59 72 2
9 124 1
41 76 2
40 151 1
38 156 1
31 50 2
48 152 2
69 83 2
48 67 2
20 28 2
15 20 2
28 53 2
58 157 1
43 78 2
52 55 2
11 83 2
51 70 2
18 56 2
24 45 2
83 132 1
50 82 2
26 89 2
1 132 1
28 99 1
5 73 2
25 159 2
74 135 1
63 85 2
66 80 2
45 67 2
13 139 1
89 90 2
78 80 2
68 140 2
59 63 2
21 76 2
18 62 2
2 53 2
36 76 2
88 104 1
55 78 2
49 123 1
40 43 2
58 118 1
50 86 2
46 111 1
15 86 2
59 61 2
82 115 1
41 75 2
11 24 2
2 116 1
7 62 2
3 75 2
16 25 2
17 70 2
16 71 2
9 55 2
14 52 2
37 103 1
41 92 2
19 57 2
95 153 1
56 112 1
59 147 1
43 97 2
74 84 2
23 48 2
26 120 1
22 67 2
62 107 1
29 34 2
20 33 2
12 93 2
31 60 2
62 80 2
93 96 1
53 139 2
34 63 2
1 119 1
2 144 1
2 14 2
23 142 1
0 2 2
45 77 2
29 40 2
65 101 1
4 90 2
25 27 2
36 136 1
2 84 2
39 80 2
32 55 2
94 95 2
62 77 2
67 82 2
77 114 2
70 74 2
3 4 2
60 63 2
1 18 2
84 98 1
31 66 2
29 75 2
22 36 2
3 50 2
31 84 2
52 132 1
19 79 2
3 25 2
28 88 2
91 115 2
18 36 2
16 78 2
16 37 2
76 93 2
1 2 2
70 81 2
52 90 2
37 64 2
51 53 2
42 63 2
16 69 2
14 87 2
45 144 1
3 86 2
36 108 1
62 134 1
14 25 2
3 23 2
31 32 2
78 111 2
71 141 1
59 126 1
69 134 1
17 37 2
28 65 2
36 86 2
50 88 2
47 84 2
82 86 2
19 50 2
84 151 1
27 108 2
7 29 2
25 39 2
7 21 2
6 156 1
59 93 2
0 47 2
72 109 1
24 129 1
82 117 1
26 141 2
0 26 2
3 69 2
6 57 2
35 45 2
62 105 1
50 77 2
15 33 2
22 24 2
29 102 1
23 158 1
9 11 2
10 15 2
71 73 2
13 27 2
70 72 2
83 92 2
73 75 2
15 73 2
14 105 2
74 106 1
39 68 2
46 57 2
80 107 1
67 87 2
48 130 1
13 81 2
63 68 2
83 84 2
54 106 1
44 60 2
36 64 2
15 134 1
62 94 2
15 68 2
36 102 1
19 46 2
8 48 2
18 42 2
71 84 2
56 64 2
20 64 2
82 146 2
41 138 1
95 98 1
4 81 2
1 66 2
42 114 2
67 128 2
1 12 2
56 63 2
9 82 2
66 79 2
27 44 2
18 26 2
24 115 2
34 66 2
83 155 1
41 151 2
37 119 1
16 57 2
63 135 1
72 128 2
41 117 1
86 146 1
52 99 1
24 78 2
87 94 2
89 156 1
64 97 1
59 65 2
1 46 2
13 23 2
11 59 2
77 94 2
1 155 1
5 72 2
31 71 2
24 111 1
20 31 2
84 108 2
28 134 1
8 59 2
2 12 2
57 72 2
17 148 1
61 80 2
20 67 2
25 137 1
48 54 2
27 81 2
39 142 1
45 82 2
54 61 2
22 47 2
39 50 2
63 69 2
16 77 2
11 50 2
5 81 2
36 65 2
73 144 1
5 40 2
48 117 1
93 145 2
28 52 2
39 67 2
41 50 2
6 93 2
63 130 1
85 135 2
53 103 2
57 60 2
75 87 2
56 128 1
52 104 1
7 45 2
2 43 2
17 32 2
86 137 1
37 57 2
34 89 2
16 110 2
86 90 2
76 152 1
88 92 2
10 60 2
56 82 2
28 59 2
60 129 1
54 128 2
17 94 2
28 93 2
41 94 2
78 79 2
10 39 2
0 24 2
10 78 2
31 61 2
65 68 2
51 102 2
56 114 1
22 124 2
32 49 2
42 46 2
8 29 2
80 85 2
17 86 2
32 63 2
52 68 2
13 50 2
58 88 2
47 90 2
32 81 2
0 64 2
80 94 2
39 137 2
49 93 2
13 52 2
95 122 1
2 40 2
0 94 2
1 79 2
26 103 1
85 150 1
20 89 2
6 60 2
46 48 2
32 35 2
53 91 2
5 49 2
10 22 2
65 90 2
23 45 2
55 61 2
28 139 2
45 58 2
74 148 2
22 86 2
23 93 2
70 142 1
13 24 2
46 70 2
60 107 2
47 85 2
54 63 2
48 145 2
30 59 2
42 135 1
23 69 2
17 18 2
54 95 2
49 65 2
56 65 2
70 77 2
64 83 2
35 80 2
78 152 1
0 15 2
71 107 1
70 85 2
31 105 1
46 148 2
0 27 2
48 65 2
28 71 2
45 71 2
33 93 2
11 76 2
13 55 2
46 74 2
95 139 2
82 90 2
55 134 2
82 152 1
57 68 2
57 83 2
72 82 2
59 95 2
47 51 2
78 129 1
28 68 2
15 24 2
52 81 2
69 93 2
3 44 2
34 56 2
56 84 2
93 146 1
30 71 2
57 95 2
74 91 2
40 142 2
17 35 2
48 95 2
7 42 2
49 140 2
15 84 2
5 8 2
91 93 2
39 128 1
37 148 1
0 46 2
25 31 2
38 132 1
88 89 2
72 90 2
29 90 2
21 33 2
80 112 1
70 82 2
33 59 2
83 93 2
34 55 2
60 96 1
2 124 1
21 119 1
16 158 1
3 136 1
70 123 1
34 78 2
93 147 1
1 38 2
13 90 2
61 149 1
79 129 1
1 87 2
20 84 2
5 82 2
11 26 2
54 60 2
4 34 2
2 11 2
12 116 1
42 74 2
53 107 1
57 143 1
16 26 2
85 99 1
62 67 2
22 69 2
67 86 2
65 78 2
30 45 2
21 60 2
80 106 1
58 71 2
27 40 2
30 89 2
19 60 2
80 122 1
66 86 2
38 122 2
21 72 2
68 72 2
13 36 2
1 145 1
8 14 2
42 73 2
24 121 1
83 86 2
72 116 1
1 74 2
27 28 2
75 113 1
11 30 2
9 35 2
58 148 1
1 58 2
38 39 2
11 69 2
54 87 2
8 101 2
10 24 2
12 91 2
4 70 2
54 92 2
11 89 2
27 135 1
39 123 1
4 8 2
71 139 1
53 62 2
80 99 1
35 89 2
26 52 2
94 119 1
33 44 2
17 31 2
55 122 1
85 95 2
4 31 2
87 147 1
48 96 2
90 93 2
75 101 1
20 21 2
33 48 2
11 149 2
18 81 2
27 60 2
6 39 2
39 58 2
63 72 2
40 89 2
50 138 2
60 76 2
0 4 2
0 66 2
15 48 2
34 38 2
75 95 2
7 55 2
34 65 2
49 126 1
73 119 2
3 37 2
20 115 2
47 66 2
22 34 2
82 121 1
28 50 2
22 62 2
28 45 2
0 35 2
28 127 1
16 72 2
59 76 2
13 56 2
44 56 2
81 93 2
50 61 2
30 56 2
49 54 2
21 61 2
30 132 1
23 27 2
17 90 2
7 159 2
25 82 2
82 92 2
9 13 2
40 54 2
11 80 2
69 73 2
1 62 2
15 25 2
48 93 2
67 123 1
76 86 2
58 92 2
73 91 2
78 132 2
0 48 2
53 61 2
80 95 2
60 72 2
63 67 2
43 89 2
3 55 2
13 35 2
34 36 2
64 134 1
14 60 2
13 37 2
76 133 2
6 84 2
58 72 2
19 128 2
10 97 1
11 103 1
33 38 2
2 23 2
51 59 2
35 54 2
44 54 2
53 102 1
65 72 2
20 56 2
55 87 2
1 76 2
43 73 2
85 139 1
61 83 2
12 86 2
3 73 2
2 103 1
44 100 2
17 61 2
65 70 2
55 73 2
12 59 2
50 136 1
54 69 2
62 70 2
19 39 2
21 42 2
46 66 2
29 41 2
22 46 2
30 115 1
11 72 2
15 90 2
14 43 2
37 93 2
83 151 1
40 60 2
22 75 2
69 74 2
51 98 1
83 146 1
14 67 2
6 86 2
21 53 2
46 152 2
62 85 2
67 72 2
9 32 2
51 136 1
56 80 2
49 87 2
35 114 1
14 73 2
10 139 2
65 94 2
18 25 2
71 91 2
16 135 1
42 69 2
70 94 2
4 17 2
66 146 2
12 96 1
21 68 2
34 69 2
89 94 2
4 16 2
6 15 2
4 105 2
40 80 2
6 51 2
58 86 2
31 129 1
10 29 2
69 110 2
38 73 2
18 41 2
76 104 1
23 61 2
77 150 1
85 90 2
64 143 1
60 126 1
18 33 2
42 52 2
13 93 2
18 124 2
48 70 2
68 74 2
20 87 2
43 66 2
24 79 2
35 71 2
67 81 2
93 141 1
87 140 2
47 91 2
26 47 2
8 144 1
63 148 1
21 73 2
19 99 1
7 89 2
29 103 2
24 82 2
10 19 2
61 112 1
78 151 2
87 137 1
24 37 2
72 73 2
28 94 2
20 66 2
0 45 2
30 52 2
65 150 2
57 65 2
5 32 2
3 38 2
43 62 2
20 47 2
15 27 2
60 69 2
79 103 2
37 44 2
26 30 2
64 93 2
73 85 2
16 53 2
70 97 2
6 44 2
57 58 2
43 61 2
89 121 2
80 115 1
1 8 2
84 124 1
20 158 1
31 92 2
29 89 2
32 83 2
20 53 2
2 123 1
12 14 2
10 140 2
11 97 1
8 67 2
3 24 2
76 94 2
95 123 1
8 15 2
89 92 2
57 121 1
1 134 1
29 32 2
24 140 1
54 76 2
88 154 1
5 23 2
67 124 1
88 120 1
64 92 2
6 19 2
22 63 2
34 60 2
69 84 2
49 61 2
4 50 2
33 81 2
38 40 2
30 135 1
21 71 2
19 69 2
10 44 2
59 69 2
33 121 2
91 120 1
68 75 2
43 127 2
11 47 2
66 153 1
2 20 2
70 134 1
13 67 2
90 105 1
7 91 2
26 81 2
4 13 2
52 82 2
61 79 2
65 88 2
22 64 2
20 30 2
3 30 2
27 55 2
42 140 2
29 98 2
11 141 1
61 70 2
58 99 1
52 95 2
42 71 2
36 91 2
18 87 2
1 70 2
29 52 2
14 77 2
39 92 2
22 93 2
31 79 2
28 61 2
0 83 2
41 97 2
15 29 2
78 126 1
39 72 2
46 78 2
65 130 1
3 40 2
41 77 2
12 85 2
27 88 2
39 69 2
5 47 2
5 135 2
41 90 2
3 157 1
7 25 2
77 79 2
17 84 2
13 74 2
7 46 2
2 105 1
75 117 1
54 65 2
31 115 2
36 51 2
18 116 1
69 92 2
32 57 2
45 62 2
19 54 2
64 88 2
39 70 2
39 81 2
34 75 2
20 83 2
64 85 2
9 61 2
48 82 2
1 75 2
73 99 1
18 34 2
0 101 2
16 22 2
37 69 2
11 41 2
22 55 2
2 83 2
28 111 1
70 157 1
42 156 2
78 85 2
57 81 2
36 53 2
6 17 2
28 51 2
26 31 2
28 30 2
32 75 2
9 18 2
14 20 2
37 90 2
13 132 1
57 79 2
4 26 2
30 87 2
63 75 2
89 132 1
54 70 2
74 126 1
12 90 2
56 157 1
38 80 2
49 83 2
36 43 2
2 16 2
39 129 1
77 111 2
34 49 2
4 89 2
11 91 2
4 54 2
36 83 2
4 9 2
93 138 1
57 88 2
15 103 1
13 84 2
48 110 1
58 84 2
13 62 2
86 93 2
73 116 2
94 122 1
1 19 2
26 59 2
27 89 2
22 48 2
4 74 2
95 143 2
16 86 2
1 36 2
19 70 2
0 58 2
63 87 2
22 91 2
69 98 2
34 86 2
81 85 2
67 155 1
8 78 2
18 88 2
63 80 2
1 20 2
60 111 1
59 117 1
8 56 2
53 152 1
11 20 2
14 111 2
57 59 2
71 80 2
35 90 2
34 90 2
72 74 2
31 159 1
4 44 2
4 36 2
5 106 2
42 59 2
34 70 2
24 47 2
5 24 2
54 80 2
21 59 2
32 153 1
8 26 2
87 89 2
38 131 1
29 39 2
29 95 2
52 59 2
50 126 1
34 104 2
34 154 2
52 105 2
19 91 2
36 79 2
25 114 2
37 45 2
33 43 2
41 140 1
66 106 2
9 23 2
44 89 2
1 60 2
49 74 2
37 63 2
4 91 2
28 78 2
26 61 2
21 31 2
9 84 2
4 33 2
88 133 1
40 92 2
44 57 2
54 107 1
65 67 2
42 99 1
18 52 2
50 51 2
18 38 2
37 143 2
75 86 2
39 47 2
60 70 2
52 124 2
0 8 2
30 86 2
8 124 1
21 48 2
12 62 2
3 134 1
58 64 2
46 157 2
3 20 2
27 90 2
32 87 2
55 159 1
67 80 2
23 79 2
92 105 2
93 102 1
17 25 2
6 47 2
32 89 2
35 127 2
34 127 1
10 53 2
34 144 1
66 67 2
60 125 1
32 60 2
21 83 2
9 28 2
3 151 1
73 126 2
11 29 2
31 68 2
69 129 2
52 76 2
31 95 2
1 37 2
1 88 2
66 111 2
26 65 2
30 51 2
61 118 1
0 30 2
19 126 2
39 147 1
15 40 2
3 28 2
12 67 2
17 138 1
30 131 1
16 87 2
91 103 1
4 129 2
7 8 2
4 76 2
76 85 2
24 156 2
60 86 2
37 95 2
33 153 2
16 67 2
61 85 2
4 60 2
64 137 1
46 90 2
9 41 2
85 159 1
37 85 2
73 159 1
41 124 1
47 65 2
37 39 2
25 56 2
20 48 2
49 96 1
60 100 2
71 88 2
19 55 2
67 91 2
54 120 1
95 140 1
44 88 2
44 47 2
6 7 2
6 119 2
66 137 1
26 122 2
41 96 1
37 58 2
70 106 1
10 31 2
55 153 1
80 89 2
55 150 2
7 11 2
23 44 2
0 51 2
3 92 2
88 94 2
65 112 2
19 56 2
33 148 1
58 143 2
68 95 2
93 137 1
6 128 2
5 21 2
58 66 2
1 67 2
89 106 1
41 46 2
51 95 2
90 145 1
39 78 2
43 80 2
36 101 1
52 102 1
7 43 2
34 37 2
22 84 2
20 77 2
58 83 2
15 59 2
82 85 2
2 49 2
9 52 2
46 95 2
22 32 2
33 75 2
71 115 1
36 134 1
27 87 2
60 77 2
52 67 2
58 78 2
77 100 1
57 89 2
13 29 2
64 99 1
55 74 2
4 12 2
56 142 1
41 105 1
33 83 2
31 49 2
5 9 2
20 45 2
24 118 1
63 92 2
2 13 2
22 27 2
7 142 1
0 95 2
44 62 2
17 91 2
15 112 1
31 74 2
62 66 2
66 132 1
22 52 2
30 90 2
19 121 2
23 52 2
90 91 2
46 120 2
24 34 2
40 74 2
94 117 1
26 32 2
65 97 1
12 95 2
25 40 2
7 84 2
36 82 2
22 25 2
14 19 2
18 73 2
16 44 2
11 74 2
25 55 2
67 75 2
86 104 2
19 72 2
2 61 2
34 52 2
7 73 2
64 104 1
3 65 2
77 86 2
14 33 2
50 59 2
60 95 2
28 159 2
57 63 2
51 87 2
33 87 2
19 38 2
23 76 2
4 78 2
12 89 2
38 97 1
62 93 2
28 60 2
38 70 2
21 109 1
31 33 2
50 54 2
89 136 1
73 146 1
29 96 2
12 137 1
61 126 1
42 120 2
39 73 2
15 30 2
75 99 1
11 17 2
88 135 1
41 42 2
18 19 2
45 94 2
30 145 1
47 60 2
17 100 1
42 76 2
47 75 2
11 22 2
43 85 2
40 45 2
25 81 2
2 90 2
53 69 2
88 102 1
54 71 2
23 90 2
37 94 2
42 83 2
18 80 2
24 49 2
84 158 1
10 40 2
50 83 2
66 135 2
14 81 2
46 94 2
22 33 2
20 112 2
19 94 2
35 43 2
40 112 2
22 45 2
32 58 2
8 11 2
34 80 2
57 144 1
1 95 2
56 86 2
14 146 1
45 52 2
19 96 1
16 73 2
5 41 2
22 35 2
43 59 2
75 77 2
55 90 2
20 86 2
83 116 1
22 26 2
31 38 2
76 157 2
60 124 1
25 85 2
95 116 1
4 21 2
29 80 2
31 120 1
30 38 2
71 108 2
4 37 2
14 95 2
51 138 1
54 150 1
10 41 2
43 111 1
65 75 2
22 28 2
16 89 2
30 64 2
33 42 2
38 64 2
13 51 2
60 67 2
47 146 2
57 150 1
1 39 2
5 156 2
10 33 2
23 100 1
56 90 2
33 132 2
14 21 2
60 158 1
46 143 1
78 92 2
40 65 2
1 78 2
88 143 1
92 119 2
25 100 1
25 83 2
42 92 2
18 64 2
90 136 1
35 135 2
67 104 2
55 105 1
3 120 1
16 84 2
58 63 2
16 58 2
8 89 2
27 130 1
32 56 2
32 144 2
19 89 2
60 81 2
1 85 2
78 89 2
18 130 2
4 64 2
18 51 2
31 45 2
33 39 2
57 96 1
42 49 2
81 110 1
90 123 2
37 86 2
11 81 2
2 108 2
15 22 2
63 122 1
27 58 2
7 94 2
63 95 2
5 143 1
90 121 2
0 29 2
43 52 2
84 93 2
39 41 2
41 61 2
48 63 2
4 24 2
5 122 1
55 147 1
83 85 2
8 97 2
6 70 2
2 27 2
7 78 2
37 68 2
37 40 2
72 94 2
50 56 2
86 147 1
9 104 1
49 133 2
23 122 1
21 69 2
59 140 1
43 133 2
48 50 2
14 40 2
17 44 2
34 98 1
29 109 2
11 44 2
48 61 2
52 89 2
76 126 1
95 155 1
15 67 2
57 158 2
24 27 2
14 17 2
17 95 2
29 73 2
5 112 2
2 74 2
53 71 2
34 74 2
22 40 2
3 59 2
57 86 2
20 140 1
56 87 2
12 94 2
69 117 1
20 37 2
38 47 2
65 111 1
12 74 2
54 55 2
76 80 2
39 55 2
40 71 2
26 42 2
20 54 2
44 137 1
59 86 2
64 86 2
66 109 1
23 88 2
10 145 1
17 122 2
3 42 2
25 52 2
84 95 2
83 129 2
49 148 2
49 108 1
0 38 2
79 94 2
63 81 2
12 145 1
61 82 2
19 27 2
20 49 2
32 92 2
13 85 2
13 61 2
47 49 2
19 62 2
52 61 2
25 138 1
23 131 2
34 84 2
37 60 2
87 95 2
34 132 2
3 54 2
17 42 2
6 96 1
28 36 2
18 32 2
46 68 2
1 13 2
26 110 1
8 83 2
66 159 2
5 35 2
19 33 2
66 82 2
82 143 1
27 151 1
29 84 2
58 142 1
57 138 1
14 38 2
35 83 2
1 96 1
2 133 1
53 92 2
77 89 2
91 113 1
21 27 2
4 102 2
30 152 1
66 93 2
28 92 2
38 65 2
48 121 2
40 67 2
47 55 2
37 144 1
6 94 2
51 55 2
39 52 2
10 54 2
52 56 2
36 146 2
71 154 2
7 34 2
3 94 2
70 75 2
57 101 2
30 35 2
36 56 2
28 140 1
94 109 2
92 133 1
5 55 2
8 79 2
44 139 1
47 95 2
56 61 2
9 39 2
78 82 2
36 93 2
15 21 2
10 76 2
79 104 1
6 76 2
11 159 2
6 91 2
36 41 2
8 76 2
3 45 2
6 138 2
67 71 2
48 139 2
34 47 2
39 102 1
55 60 2
44 158 1
34 62 2
65 76 2
29 76 2
24 117 1
1 17 2
80 140 2
53 157 2
89 103 1
15 94 2
20 137 2
31 96 1
55 58 2
39 59 2
10 16 2
68 71 2
44 132 2
11 49 2
16 23 2
29 59 2
45 55 2
61 150 1
51 68 2
47 88 2
50 62 2
45 141 1
88 105 2
69 104 1
15 17 2
3 135 1
21 23 2
50 95 2
38 50 2
62 68 2
78 140 1
0 80 2
29 66 2
26 76 2
44 85 2
27 33 2
22 51 2
13 77 2
24 68 2
76 90 2
32 59 2
43 76 2
32 82 2
22 44 2
44 81 2
9 38 2
18 111 2
12 144 2
8 91 2
41 48 2
17 34 2
38 142 1
25 131 1
40 51 2
78 81 2
35 74 2
34 140 2
58 87 2
44 80 2
15 96 1
6 73 2
70 130 1
50 159 2
25 30 2
54 157 2
2 66 2
73 79 2
52 80 2
1 65 2
1 40 2
15 38 2
72 92 2
4 10 2
55 77 2
48 58 2
7 103 1
26 78 2
28 154 1
16 46 2
37 48 2
1 50 2
53 135 1
2 100 2
8 53 2
36 68 2
14 27 2
39 85 2
1 64 2
74 96 1
32 76 2
6 126 2
1 61 2
30 73 2
39 79 2
24 85 2
45 70 2
45 56 2
11 137 1
57 142 1
15 82 2
31 63 2
83 119 2
87 121 2
63 125 1
65 66 2
14 45 2
92 143 1
3 10 2
31 76 2
68 83 2
5 88 2
29 33 2
29 68 2
58 93 2
49 159 1
79 89 2
14 24 2
3 85 2
2 46 2
57 61 2
41 71 2
7 92 2
71 109 1
69 111 2
32 127 1
68 78 2
81 102 2
9 79 2
54 148 2
1 4 2
34 71 2
50 74 2
2 85 2
56 130 1
25 119 1
40 44 2
89 125 1
73 103 2
8 85 2
32 150 1
53 74 2
50 99 2
82 133 2
1 32 2
0 133 1
65 105 1
32 88 2
7 149 2
3 66 2
58 113 1
10 111 1
15 34 2
31 89 2
50 89 2
4 79 2
9 57 2
86 139 1
3 13 2
67 68 2
67 119 1
12 35 2
8 27 2
55 80 2
89 91 2
38 116 2
19 141 1
28 87 2
7 14 2
69 76 2
57 133 1
9 86 2
6 52 2
29 77 2
5 131 1
90 132 2
46 154 1
24 102 2
70 126 1
78 84 2
36 84 2
26 35 2
71 81 2
21 45 2
44 59 2
34 58 2
41 47 2
8 90 2
8 35 2
92 122 1
60 143 1
5 115 2
56 121 2
37 50 2
20 51 2
69 87 2
37 42 2
12 18 2
11 143 2
90 98 2
28 33 2
65 104 2
24 38 2
4 38 2
46 71 2
85 144 1
61 77 2
23 60 2
13 101 1
77 88 2
17 54 2
80 119 1
42 129 1
12 115 1
73 81 2
5 70 2
31 87 2
5 50 2
92 136 1
45 48 2
21 78 2
45 50 2
9 34 2
35 37 2
74 79 2
31 137 1
44 104 2
14 34 2
28 46 2
66 81 2
18 127 1
19 80 2
0 10 2
31 135 1
25 38 2
23 127 1
30 60 2
44 84 2
26 69 2
31 64 2
76 78 2
58 120 1
35 159 1
13 42 2
11 15 2
89 100 1
85 86 2
25 92 2
58 114 1
19 34 2
58 68 2
6 29 2
48 159 2
15 75 2
2 5 2
28 38 2
48 75 2
13 40 2
15 83 2
2 28 2
18 69 2
44 55 2
19 78 2
80 117 2
17 105 1
40 109 1
17 65 2
36 90 2
14 79 2
69 71 2
1 94 2
5 36 2
74 93 2
73 129 1
25 151 2
36 81 2
51 77 2
15 60 2
38 89 2
85 146 1
22 30 2
44 129 1
13 41 2
63 150 2
40 49 2
51 149 2
56 71 2
35 41 2
53 89 2
91 146 1
21 26 2
37 61 2
56 141 1
33 46 2
21 64 2
23 54 2
14 133 2
88 127 2
71 92 2
35 69 2
22 71 2
51 52 2
71 148 2
10 70 2
60 83 2
13 43 2
79 86 2
42 60 2
65 153 2
1 82 2
58 155 1
44 52 2
21 75 2
69 78 2
11 153 2
35 42 2
11 56 2
57 78 2
0 71 2
26 84 2
4 138 2
94 143 2
22 54 2
4 27 2
93 136 1
71 85 2
84 119 2
0 43 2
11 40 2
26 91 2
45 72 2
34 50 2
72 105 1
18 121 1
65 159 1
63 82 2
24 56 2
22 147 1
42 48 2
49 63 2
22 68 2
50 78 2
74 90 2
53 117 1
16 32 2
31 55 2
55 139 2
82 93 2
21 156 1
41 51 2
12 88 2
9 46 2
35 68 2
26 93 2
18 147 1
90 144 1
6 127 2
56 73 2
30 50 2
65 85 2
1 5 2
54 86 2
9 67 2
76 155 1
21 94 2
64 80 2
67 111 1
84 92 2
53 154 1
81 92 2
2 38 2
42 88 2
85 153 1
32 70 2
40 132 2
37 80 2
61 88 2
34 99 1
44 72 2
34 51 2
18 28 2
50 156 1
33 88 2
57 113 2
55 137 2
72 106 1
4 101 1
51 86 2
31 36 2
68 132 2
65 95 2
15 32 2
63 102 1
36 69 2
64 157 1
50 73 2
57 156 1
40 145 1
51 64 2
66 90 2
23 30 2
38 83 2
25 94 2
55 94 2
31 59 2
82 124 1
7 10 2
23 95 2
6 13 2
25 44 2
53 59 2
5 83 2
41 60 2
17 74 2
3 88 2
21 30 2
36 78 2
50 80 2
38 52 2
3 32 2
69 145 1
76 84 2
20 94 2
16 82 2
23 36 2
65 81 2
62 139 1
95 133 1
64 121 2
33 49 2
46 65 2
66 75 2
29 94 2
2 63 2
66 88 2
91 127 2
4 88 2
40 138 2
2 45 2
14 71 2
51 80 2
35 93 2
31 35 2
27 52 2
40 68 2
3 109 1
24 39 2
62 91 2
24 64 2
19 22 2
41 99 1
75 122 1
7 51 2
58 111 1
38 82 2
78 128 2
29 118 1
20 60 2
5 52 2
15 85 2
42 109 2
53 88 2
30 91 2
23 50 2
82 97 2
90 108 2
23 107 1
36 111 1
48 92 2
60 137 1
6 66 2
58 141 2
64 101 1
12 79 2
1 57 2
18 55 2
6 24 2
44 116 1
82 83 2
11 82 2
39 48 2
46 92 2
36 67 2
72 132 2
29 30 2
19 75 2
23 63 2
62 75 2
68 93 2
61 116 2
40 90 2
1 59 2
21 54 2
56 85 2
49 76 2
24 136 2
35 79 2
52 72 2
64 90 2
28 73 2
42 81 2
52 94 2
48 73 2
44 58 2
94 128 2
69 159 2
77 147 2
63 104 2
17 78 2
1 71 2
6 30 2
23 156 1
22 148 1
3 79 2
34 85 2
13 28 2
20 152 1
68 80 2
41 89 2
2 68 2
78 144 1
48 57 2
59 70 2
29 154 1
14 66 2
13 60 2
33 142 1
22 103 1
49 71 2
46 82 2
11 52 2
43 70 2
5 77 2
24 80 2
1 16 2
53 81 2
33 133 1
9 72 2
68 129 1
2 114 2
7 49 2
77 120 2
63 142 1
11 71 2
1 77 2
46 81 2
15 31 2
29 93 2
8 73 2
7 13 2
23 47 2
51 79 2
26 38 2
21 28 2
94 98 1
7 128 1
19 65 2
49 119 2
44 110 2
45 54 2
25 69 2
87 97 2
32 38 2
2 67 2
12 19 2
57 127 1
37 102 1
59 81 2
50 128 1
55 91 2
27 119 1
25 41 2
37 159 2
27 93 2
3 115 1
64 111 1
84 126 2
38 155 1
8 122 1
92 93 2
2 4 2
22 109 1
91 94 2
0 50 2
45 83 2
7 23 2
52 71 2
24 143 1
12 104 2
67 129 2
3 153 1
38 74 2
8 58 2
3 31 2
79 91 2
92 131 2
84 90 2
1 84 2
2 71 2
12 39 2
5 157 2
34 96 2
9 78 2
63 78 2
19 53 2
37 156 1
24 54 2
38 45 2
19 107 1
75 82 2
23 68 2
52 91 2
4 14 2
47 64 2
3 90 2
16 68 2
3 16 2
55 67 2
0 44 2
48 108 1
31 80 2
26 58 2
9 63 2
8 17 2
92 99 1
43 149 1
13 143 1
13 53 2
29 91 2
52 57 2
80 123 1
32 97 1
55 151 2
90 137 1
38 72 2
19 87 2
5 85 2
4 66 2
15 91 2
16 76 2
83 158 2
23 55 2
49 89 2
7 147 1
75 88 2
75 148 1
67 70 2
19 25 2
25 36 2
38 86 2
16 108 1
32 93 2
42 66 2
65 139 1
70 155 2
54 78 2
4 46 2
33 68 2
57 80 2
41 84 2
19 61 2
28 150 2
37 88 2
5 71 2
6 59 2
4 73 2
38 62 2
29 56 2
33 154 1
10 155 1
5 147 1
43 75 2
76 95 2
55 98 1
58 129 1
32 36 2
9 36 2
41 73 2
25 78 2
35 60 2
24 67 2
30 67 2
17 118 2
20 36 2
53 76 2
20 32 2
63 126 1
26 80 2
2 35 2
23 111 1
12 16 2
69 130 1
72 87 2
5 12 2
5 91 2
28 98 2
71 94 2
51 156 1
6 72 2
72 101 1
78 119 1
52 75 2
11 58 2
7 56 2
28 42 2
15 88 2
16 42 2
6 25 2
36 71 2
58 123 2
19 23 2
47 59 2
49 82 2
16 64 2
23 89 2
1 104 1
13 46 2
48 148 1
29 58 2
78 124 1
47 159 1
0 68 2
53 146 2
30 93 2
93 120 2
31 94 2
19 153 1
57 151 2
29 86 2
35 72 2
11 42 2
15 78 2
25 66 2
80 153 2
43 77 2
3 114 1
95 131 1
73 89 2
8 47 2
30 74 2
15 64 2
18 24 2
58 89 2
36 98 2
33 52 2
51 141 1
5 48 2
92 153 1
3 56 2
58 79 2
11 132 2
48 86 2
60 80 2
5 97 1
89 141 2
27 72 2
41 152 2
95 126 1
25 80 2
88 95 2
22 29 2
52 130 1
24 31 2
40 104 1
29 69 2
45 86 2
61 129 1
20 108 2
3 72 2
11 35 2
59 127 2
49 78 2
72 79 2
8 45 2
21 65 2
23 75 2
39 53 2
1 10 2
38 41 2
28 120 1
9 37 2
44 90 2
57 87 2
9 75 2
52 60 2
17 135 2
2 9 2
62 74 2
34 157 1
64 69 2
4 43 2
6 20 2
33 73 2
32 71 2
83 152 2
74 98 1
65 91 2
28 34 2
95 142 1
14 63 2
42 64 2
21 151 1
66 123 1
8 66 2
9 80 2
46 84 2
40 82 2
35 59 2
84 91 2
18 148 1
36 80 2
12 51 2
20 117 1
47 58 2
55 64 2
42 50 2
40 122 1
34 64 2
64 96 2
12 72 2
67 121 1
42 67 2
38 111 1
9 116 1
75 81 2
1 11 2
16 126 2
49 139 1
1 48 2
60 88 2
17 137 1
15 61 2
22 90 2
17 82 2
37 41 2
3 61 2
18 57 2
48 85 2
71 152 2
71 86 2
16 70 2
40 72 2
8 70 2
0 63 2
6 43 2
56 58 2
67 94 2
26 51 2
35 97 1
68 89 2
4 58 2
1 144 2
20 27 2
17 43 2
5 67 2
24 90 2
25 90 2
56 74 2
68 85 2
47 104 2
84 150 1
15 92 2
62 100 1
69 108 2
50 53 2
47 81 2
18 44 2
19 32 2
61 67 2
91 155 1
32 72 2
15 47 2
46 113 2
45 146 1
4 52 2
24 58 2
62 71 2
28 67 2
28 128 1
29 62 2
35 55 2
41 82 2
46 115 1
44 91 2
54 84 2
23 62 2
89 131 1
12 15 2
85 97 1
56 60 2
1 26 2
75 156 2
0 131 1
6 74 2
10 52 2
0 56 2
4 77 2
6 56 2
10 38 2
1 29 2
26 75 2
44 79 2
6 21 2
31 70 2
36 57 2
20 85 2
45 74 2
26 57 2
59 128 2
33 36 2
31 37 2
18 77 2
54 88 2
80 90 2
36 126 2
23 83 2
0 17 2
32 44 2
16 52 2
60 94 2
8 44 2
86 132 1
14 153 1
3 19 2
87 91 2
39 49 2
83 120 1
3 87 2
46 50 2
92 94 2
63 128 2
69 95 2
36 157 1
80 132 2
45 47 2
75 130 1
12 78 2
31 117 1
39 95 2
38 138 2
3 6 2
32 52 2
46 149 1
12 46 2
73 93 2
13 105 1
56 94 2
26 44 2
60 71 2
55 82 2
3 15 2
48 52 2
10 79 2
74 94 2
52 64 2
86 153 1
38 78 2
45 64 2
32 78 2
32 94 2
36 49 2
77 101 1
63 74 2
1 125 1
18 27 2
11 43 2
4 67 2
36 50 2
66 103 1
71 82 2
66 124 1
14 98 2
14 65 2
24 88 2
67 95 2
13 130 1
2 3 2
50 145 2
2 75 2
71 78 2
20 144 2
39 135 2
68 76 2
75 124 1
43 60 2
61 96 1
47 80 2
62 65 2
18 82 2
79 90 2
32 79 2
54 93 2
41 65 2
16 148 1
24 130 1
33 84 2
42 82 2
60 155 2
93 111 1
14 57 2
88 131 2
63 64 2
26 27 2
47 67 2
23 51 2
43 63 2
50 66 2
29 57 2
46 135 1
91 148 1
74 82 2
44 71 2
39 56 2
21 86 2
59 73 2
0 12 2
38 140 1
30 79 2
15 19 2
68 150 1
61 86 2
67 84 2
65 127 1
18 149 2
37 81 2
27 41 2
6 33 2
46 67 2
33 62 2
22 78 2
90 151 2
70 95 2
12 139 2
11 66 2
51 61 2
80 83 2
20 40 2
39 66 2
51 54 2
51 135 2
37 147 2
8 84 2
16 91 2
29 31 2
49 64 2
50 71 2
13 78 2
22 153 1
76 81 2
33 72 2
78 93 2
57 71 2
23 78 2
44 93 2
76 79 2
4 55 2
49 73 2
52 146 1
37 109 1
49 141 2
25 147 1
66 77 2
25 29 2
11 28 2
21 82 2
37 70 2
24 48 2
17 38 2
0 146 1
3 49 2
77 113 1
0 37 2
21 88 2
2 19 2
38 66 2
82 123 2
87 145 2
4 49 2
7 61 2
0 121 1
10 86 2
27 34 2
9 89 2
12 54 2
12 40 2
41 112 1
0 128 1
65 108 2
57 105 2
30 106 2
9 148 2
30 92 2
61 127 1
2 88 2
13 66 2
6 23 2
56 91 2
7 32 2
21 38 2
86 127 1
8 49 2
67 136 2
37 54 2
54 91 2
49 154 1
32 74 2
76 139 2
18 54 2
57 92 2
3 77 2
25 48 2
9 26 2
95 152 1
51 133 1
2 21 2
53 106 1
36 87 2
49 50 2
38 126 1
16 18 2
25 87 2
26 48 2
2 119 1
48 53 2
75 80 2
59 66 2
91 98 1
13 82 2
43 134 2
8 120 1
4 85 2
10 95 2
6 71 2
35 126 2
60 152 1
45 81 2
16 115 1
88 90 2
4 86 2
33 70 2
28 101 1
17 60 2
15 69 2
84 127 1
47 82 2
21 47 2
4 69 2
79 84 2
51 72 2
3 93 2
8 24 2
39 88 2
41 91 2
10 17 2
37 120 1
8 52 2
72 141 2
27 94 2
42 147 1
33 40 2
15 95 2
29 42 2
42 72 2
32 48 2
69 107 1
94 121 1
4 11 2
64 75 2
5 6 2
45 107 1
51 71 2
3 150 1
39 40 2
50 85 2
14 36 2
61 74 2
19 149 1
6 53 2
17 158 1
17 28 2
59 80 2
20 95 2
4 87 2
37 53 2
53 85 2
75 85 2
3 71 2
7 36 2
20 91 2
44 125 1
16 40 2
24 36 2
0 73 2
44 53 2
17 73 2
47 120 2
34 116 1
39 44 2
42 57 2
32 121 1
47 71 2
12 82 2
73 74 2
8 28 2
10 73 2
36 95 2
64 87 2
1 117 1
16 81 2
37 155 2
23 72 2
12 49 2
13 100 2
20 150 2
8 43 2
8 77 2
75 96 1
10 21 2
51 154 1
6 35 2
73 120 2
26 68 2
50 65 2
32 54 2
16 47 2
42 54 2
4 65 2
72 103 2
8 115 1
37 52 2
63 100 1
40 95 2
46 89 2
77 80 2
3 64 2
93 122 1
62 88 2
28 84 2
61 69 2
34 68 2
68 130 1
55 69 2
31 109 1
20 58 2
33 106 1
58 73 2
67 90 2
80 108 2
30 55 2
10 48 2
12 92 2
36 39 2
33 60 2
57 122 2
16 88 2
43 156 1
37 150 1
10 30 2
1 9 2
55 75 2
33 82 2
16 28 2
20 154 2
27 66 2
7 39 2
9 65 2
86 126 1
34 54 2
7 145 1
2 95 2
53 83 2
41 153 2
20 75 2
43 50 2
5 27 2
18 72 2
55 109 1
11 112 1
31 77 2
93 95 2
73 127 2
56 93 2
60 75 2
84 89 2
57 135 2
16 19 2
95 111 2
5 93 2
77 87 2
10 37 2
43 58 2
5 7 2
48 119 1
55 154 1
28 145 1
28 124 1
81 90 2
24 81 2
25 77 2
12 29 2
21 40 2
35 61 2
26 99 1
13 49 2
13 102 1
28 40 2
85 110 2
52 93 2
0 55 2
15 37 2
43 116 1
9 103 1
22 113 1
87 138 2
16 95 2
24 94 2
0 135 2
94 145 1
78 87 2
18 86 2
5 64 2
48 60 2
92 102 1
85 147 1
59 79 2
59 74 2
29 67 2
91 116 1
48 155 2
40 93 2
32 135 1
85 92 2
68 73 2
23 32 2
15 16 2
14 58 2
4 61 2
37 66 2
1 24 2
91 153 2
64 148 2
54 73 2
79 149 1
23 31 2
7 70 2
3 62 2
9 158 1
31 83 2
72 80 2
47 100 1
73 149 1
88 106 1
17 88 2
59 91 2
5 61 2
53 97 1
36 129 1
1 15 2
66 76 2
24 83 2
23 49 2
74 75 2
39 51 2
62 122 1
36 59 2
5 18 2
48 62 2
35 51 2
3 34 2
1 54 2
46 59 2
29 43 2
48 59 2
25 32 2
19 84 2
62 149 1
75 154 1
29 79 2
84 88 2
43 56 2
54 57 2
34 77 2
68 137 1
71 83 2
28 39 2
8 62 2
51 157 1
63 77 2
2 36 2
61 64 2
7 74 2
52 137 2
68 86 2
92 121 1
32 156 2
22 59 2
41 68 2
57 102 1
42 90 2
4 151 1
26 37 2
59 85 2
91 92 2
74 89 2
87 154 1
43 93 2
54 122 2
7 50 2
73 84 2
69 155 1
16 45 2
95 158 1
55 59 2
0 31 2
20 129 1
8 42 2
93 144 1
30 42 2
63 113 1
71 124 1
2 58 2
7 31 2
35 91 2
10 72 2
12 147 1
15 28 2
77 93 2
7 152 1
60 104 2
26 113 1
33 95 2
10 77 2
25 88 2
32 51 2
35 40 2
48 84 2
2 112 1
3 26 2
25 58 2
40 57 2
7 98 2
26 153 1
31 121 1
23 124 1
57 90 2
7 75 2
15 113 2
59 120 1
34 94 2
80 87 2
66 92 2
7 57 2
25 125 1
26 33 2
59 153 1
15 121 1
92 140 1
17 120 1
30 108 2
6 36 2
29 110 1
70 108 1
23 98 1
44 150 1
84 131 1
35 88 2
49 62 2
21 36 2
71 76 2
91 118 2
14 156 1
68 133 2
27 56 2
18 23 2
36 44 2
3 52 2
40 41 2
77 84 2
60 89 2
19 24 2
17 30 2
65 83 2
38 48 2
63 115 1
27 95 2
3 149 1
3 51 2
0 16 2
80 155 1
95 151 2
2 8 2
2 148 1
37 79 2
27 74 2
2 15 2
63 88 2
74 123 1
22 87 2
68 70 2
50 68 2
14 107 1
11 94 2
12 34 2
67 74 2
53 63 2
10 81 2
5 84 2
52 120 1
28 117 1
74 128 1
62 104 1
21 116 2
30 139 1
47 79 2
33 35 2
6 75 2
19 31 2
31 75 2
35 94 2
6 9 2
44 83 2
60 84 2
27 92 2
87 134 2
32 128 2
18 65 2
9 64 2
53 84 2
19 43 2
19 48 2
8 36 2
12 55 2
58 90 2
10 144 2
31 47 2
28 69 2
13 57 2
32 33 2
42 134 1
75 144 1
37 56 2
82 130 1
65 71 2
42 56 2
17 49 2
24 154 2
22 132 2
39 145 1
75 76 2
61 71 2
79 92 2
4 15 2
5 89 2
22 135 2
29 64 2
61 92 2
39 140 1
45 92 2
24 100 1
59 78 2
73 153 1
50 139 2
60 79 2
64 77 2
19 115 1
81 131 1
71 75 2
56 89 2
33 112 1
90 146 1
63 101 2
62 76 2
6 67 2
23 37 2
35 38 2
79 120 1
60 151 2
7 54 2
55 149 1
12 50 2
17 102 1
65 74 2
31 69 2
28 54 2
15 139 1
58 146 1
32 67 2
12 98 1
61 81 2
4 130 2
91 99 1
17 19 2
81 89 2
28 62 2
11 46 2
43 90 2
50 55 2
53 95 2
25 26 2
10 80 2
5 39 2
19 51 2
18 83 2
46 69 2
66 139 1
1 157 2
23 28 2
20 93 2
6 82 2
65 143 1
7 93 2
14 86 2
69 82 2
63 141 1
32 41 2
69 89 2
8 68 2
0 69 2
21 138 2
61 93 2
74 149 1
50 143 1
17 80 2
31 58 2
43 110 1
86 89 2
44 49 2
79 139 2
52 152 1
4 51 2
11 79 2
1 86 2
28 79 2
39 93 2
9 54 2
40 81 2
78 90 2
23 82 2
61 76 2
87 93 2
25 111 1
11 115 1
70 76 2
62 72 2
49 121 1
31 54 2
10 14 2
14 140 1
42 51 2
18 155 2
12 57 2
36 154 1
77 91 2
69 122 1
0 28 2
83 150 1
61 75 2
58 156 1
51 143 1
19 49 2
51 56 2
39 119 1
15 43 2
49 92 2
78 116 2
13 69 2
36 37 2
49 80 2
53 64 2
81 135 1
27 61 2
52 73 2
57 69 2
19 120 1
91 104 2
43 117 2
42 87 2
0 14 2
83 91 2
43 67 2
4 155 2
13 87 2
34 124 2
53 150 1
22 85 2
15 62 2
4 82 2
7 17 2
81 106 1
93 118 1
28 82 2
3 36 2
68 156 1
51 84 2
5 56 2
4 72 2
52 125 2
28 76 2
71 93 2
37 74 2
38 75 2
90 94 2
11 73 2
70 73 2
78 83 2
56 113 1
33 80 2
41 72 2
69 112 1
54 129 2
35 150 1
60 64 2
28 95 2
12 75 2
52 54 2
49 53 2
15 80 2
29 50 2
55 86 2
12 58 2
72 135 1
87 151 1
27 31 2
8 10 2
31 73 2
48 136 1
68 87 2
7 107 1
52 85 2
51 113 2
65 144 1
91 149 2
54 66 2
64 128 2
48 78 2
70 80 2
0 81 2
28 125 1
14 157 1
51 67 2
78 106 2
7 65 2
80 88 2
56 83 2
5 63 2
9 33 2
36 97 1
80 102 2
39 149 1
18 140 1
4 92 2
68 79 2
90 152 1
22 76 2
21 85 2
21 41 2
27 133 1
33 37 2
11 60 2
61 73 2
61 72 2
41 64 2
28 80 2
64 146 1
61 105 2
51 74 2
7 41 2
10 147 1
14 29 2
83 122 1
77 108 2
68 107 2
55 92 2
15 117 1
19 133 1
8 159 1
15 72 2
85 119 1
46 91 2
81 152 1
20 25 2
90 133 1
28 121 1
20 125 1
13 119 2
36 150 2
21 50 2
74 78 2
47 69 2
7 83 2
45 66 2
7 81 2
86 121 2
89 126 1
71 120 2
19 88 2
7 96 1
60 131 2
46 133 1
47 62 2
0 88 2
32 65 2
42 58 2
12 84 2
29 70 2
88 118 1
3 147 1
10 26 2
2 115 1
8 13 2
77 90 2
12 83 2
38 44 2
4 126 1
3 35 2
2 57 2
22 151 1
48 147 2
38 46 2
41 139 1
16 152 1
76 82 2
65 126 1
40 152 1
52 65 2
15 26 2
47 93 2
14 26 2
32 139 1
15 79 2
39 153 1
20 69 2
61 63 2
64 78 2
41 149 1
84 135 2
36 105 1
9 95 2
1 43 2
67 89 2
52 92 2
0 84 2
17 52 2
30 40 2
67 125 2
16 65 2
45 75 2
12 117 1
76 135 1
67 112 1
5 78 2
21 63 2
73 141 1
68 114 1
10 91 2
14 74 2
76 110 1
60 135 1
27 71 2
6 81 2
4 53 2
39 54 2
61 135 2
16 119 1
49 91 2
30 70 2
50 87 2
76 138 1
15 63 2
21 80 2
1 56 2
5 116 1
32 151 1
52 84 2
17 79 2
62 158 1
43 81 2
56 62 2
3 12 2
56 76 2
66 138 1
87 117 2
34 92 2
2 113 1
59 88 2
46 77 2
2 73 2
68 106 2
38 61 2
24 77 2
84 96 1
93 126 2
39 150 1
1 22 2
19 35 2
51 92 2
13 141 1
46 87 2
71 112 1
6 62 2
84 116 2
1 63 2
43 123 1
67 116 1
10 69 2
8 12 2
66 70 2
0 100 2
45 79 2
14 149 1
31 93 2
54 67 2
13 122 1
20 34 2
52 78 2
60 101 1
7 133 1
76 87 2
6 61 2
66 71 2
66 133 1
21 101 2
48 66 2
29 83 2
32 155 2
8 65 2
66 105 1
81 91 2
18 63 2
18 53 2
77 78 2
35 87 2
50 58 2
32 148 2
8 25 2
27 82 2
12 44 2
47 54 2
9 90 2
13 32 2
72 133 2
27 118 1
6 32 2
33 90 2
13 145 2
47 50 2
85 89 2
38 42 2
32 125 2
8 123 2
68 94 2
5 75 2
2 81 2
11 34 2
62 152 1
29 82 2
3 58 2
14 123 1
26 137 1
47 140 1
68 77 2
45 90 2
8 46 2
26 71 2
11 48 2
34 48 2
25 128 1
4 137 2
90 92 2
8 94 2
44 112 1
72 85 2
32 136 1
11 25 2
83 101 2
22 41 2
54 153 1
13 17 2
6 87 2
48 94 2
54 97 1
8 146 1
19 104 1
17 136 1
51 101 1
41 78 2
91 143 1
4 32 2
74 92 2
24 35 2
11 85 2
93 153 1
54 79 2
22 57 2
25 61 2
1 27 2
23 150 1
80 86 2
37 87 2
36 122 2
5 68 2
89 108 1
8 39 2
4 154 2
74 158 1
49 98 1
39 90 2
77 133 1
23 87 2
35 62 2
61 89 2
10 43 2
12 48 2
39 101 1
10 94 2
45 88 2
86 99 1
17 33 2
77 81 2
3 53 2
15 36 2
74 105 2
30 34 2
74 87 2
69 99 1
95 99 2
38 143 1
5 25 2
72 102 1
34 118 1
66 126 2
87 99 2
83 106 2
60 130 1
30 140 1
4 75 2
15 149 1
84 159 1
50 141 1
49 77 2
89 152 2
37 49 2
89 114 1
9 30 2
35 111 1
41 87 2
62 110 1
17 133 2
13 34 2
11 32 2
57 152 1
3 81 2
11 84 2
66 157 2
44 92 2
1 93 2
22 70 2
70 110 1
22 133 2
2 22 2
8 75 2
52 58 2
92 134 1
73 143 2
12 108 1
10 108 2
37 97 2
57 76 2
44 86 2
50 140 1
16 63 2
91 154 1
64 84 2
11 54 2
38 57 2
2 89 2
72 108 1
50 158 1
2 70 2
71 87 2
49 81 2
2 29 2
29 81 2
10 58 2
10 59 2
15 89 2
53 129 1
4 30 2
81 88 2
13 64 2
41 93 2
60 82 2
26 40 2
4 68 2
38 54 2
8 88 2
10 143 1
17 77 2
6 38 2
30 148 1
61 128 2
26 82 2
34 67 2
14 155 1
0 70 2
41 57 2
25 135 1
27 124 1
24 57 2
95 118 2
18 152 2
30 49 2
35 50 2
8 86 2
53 79 2
16 75 2
12 26 2
8 55 2
85 94 2
43 57 2
17 36 2
21 66 2
54 64 2
22 94 2
29 45 2
35 56 2
11 37 2
47 101 1
85 93 2
43 44 2
47 92 2
68 146 1
78 113 1
39 62 2
26 73 2
11 92 2
72 154 1
21 87 2
31 142 1
74 150 1
10 150 1
20 50 2
82 134 1
4 84 2
55 93 2
3 130 1
75 108 2
7 52 2
22 73 2
77 105 2
23 66 2
9 15 2
31 53 2
14 41 2
40 64 2
95 127 2
56 126 2
7 112 1
49 67 2
3 95 2
0 6 2
76 92 2
62 98 2
50 84 2
24 25 2
73 142 2
50 100 1
34 134 2
8 40 2
31 143 1
36 116 1
35 77 2
5 92 2
28 63 2
27 68 2
63 152 1
89 151 1
15 44 2
48 132 1
10 25 2
38 56 2
43 91 2
60 144 1
92 147 1
3 132 1
76 111 1
22 31 2
25 47 2
14 110 2
74 145 1
54 85 2
8 18 2
13 30 2
27 103 1
48 91 2
29 78 2
10 42 2
10 92 2
10 20 2
12 114 2
78 154 1
55 62 2
19 97 1
2 26 2
30 47 2
7 60 2
3 7 2
26 106 1
24 61 2
38 88 2
20 124 1
27 145 1
10 83 2
82 118 1
48 64 2
26 90 2
55 95 2
73 95 2
68 155 1
9 153 2
67 102 1
33 143 1
26 119 2
17 96 2
69 102 2
53 65 1
102 145 1
8 95 1
50 148 2
8 60 1
79 88 1
75 100 2
75 158 1
37 73 1
54 134 1
40 91 1
7 87 1
