% n=100 p=60 d=0.66 p_blue=0.66
% k=0
19 40 2
39 81 2
37 68 1
35 37 2
10 81 2
23 65 2
11 32 2
10 29 2
16 92 2
1 44 2
31 54 2
33 65 2
41 89 2
16 57 2
20 46 2
7 40 2
16 76 1
1 30 2
4 10 2
10 62 1
2 47 2
2 57 2
11 46 2
16 55 2
54 72 2
21 57 2
46 50 2
1 88 2
11 43 2
2 13 2
10 88 2
14 46 2
29 71 2
0 38 2
33 71 1
22 77 2
56 62 2
38 40 2
16 83 2
7 9 2
33 35 2
21 52 2
24 95 2
35 46 2
9 47 2
2 3 2
35 49 2
17 88 2
49 85 2
39 94 1
41 91 1
13 15 2
12 39 2
40 66 2
19 66 1
6 44 2
7 74 1
28 60 1
42 60 2
46 54 2
6 77 2
36 83 2
7 26 2
15 23 2
7 12 2
58 82 2
2 30 2
36 71 1
22 42 2
14 39 2
43 86 1
26 97 2
9 59 2
18 44 2
33 49 2
14 58 2
50 70 1
43 75 2
11 81 2
1 15 2
35 54 2
38 72 1
25 67 1
19 99 2
43 49 2
32 33 2
38 43 2
10 12 2
39 82 2
3 87 2
59 85 1
18 48 2
49 78 2
30 72 1
51 70 2
17 86 2
12 76 2
38 57 2
36 58 2
14 16 2
5 77 2
20 27 2
15 31 2
28 79 1
7 58 2
11 58 2
11 57 2
43 81 1
45 79 1
2 6 2
1 16 2
3 19 2
36 54 2
18 25 2
6 73 2
9 71 1
43 55 2
19 43 2
12 78 2
13 36 2
12 80 2
6 27 2
2 59 2
4 22 2
45 56 2
20 55 2
31 94 1
42 77 2
12 44 2
13 65 2
23 54 2
25 99 2
19 78 1
12 33 2
52 55 2
15 42 2
42 44 2
10 34 2
14 27 2
4 19 2
57 83 2
5 29 2
12 59 2
9 48 2
1 35 2
22 79 1
7 80 2
13 93 2
49 56 2
16 35 2
13 42 2
28 36 2
25 41 2
50 77 2
5 89 2
13 16 2
42 46 2
5 26 2
29 64 1
23 53 2
38 51 2
16 20 2
14 69 2
20 72 2
5 59 2
9 13 2
33 80 1
31 93 2
16 72 2
49 79 2
33 40 2
1 33 2
52 78 2
15 94 1
6 20 2
30 31 2
16 30 2
16 26 2
13 85 1
58 75 2
20 21 2
54 58 2
20 52 2
14 84 1
14 37 2
2 78 1
48 83 2
2 83 2
58 90 2
3 38 2
47 68 2
37 92 2
30 73 2
29 86 2
44 59 2
59 78 1
33 43 2
1 89 1
29 95 2
10 16 2
23 32 2
23 57 2
22 60 1
12 94 1
39 62 2
18 85 2
15 71 2
10 37 2
11 98 2
35 86 2
15 38 2
13 81 2
44 99 1
18 30 2
42 82 2
25 36 2
49 77 2
53 54 2
13 79 1
47 49 2
10 20 2
32 65 1
21 48 2
19 22 2
23 76 1
8 95 1
3 46 2
34 48 2
1 34 2
19 60 2
31 76 2
0 17 2
11 88 2
52 68 2
31 95 2
9 18 2
15 30 2
32 58 2
3 30 2
6 86 1
8 62 2
33 63 2
55 71 2
37 52 2
22 38 2
26 78 2
30 94 2
56 89 1
21 26 2
48 82 2
16 82 2
38 67 1
43 59 2
9 38 2
27 63 1
24 79 2
20 25 2
39 55 2
39 43 2
2 51 2
11 62 2
9 24 2
52 53 2
40 82 2
6 37 2
49 57 2
6 95 1
36 85 2
33 86 2
12 22 2
13 83 2
53 90 1
3 23 2
6 41 2
51 67 2
24 51 2
16 28 2
46 95 1
8 24 2
0 1 2
18 49 2
5 10 2
8 23 2
37 51 2
32 66 2
10 65 1
19 56 2
12 83 2
28 29 2
48 51 2
45 87 2
48 53 2
9 80 2
25 37 2
17 23 2
3 6 2
13 21 2
25 45 2
49 53 2
53 67 1
29 84 1
25 85 2
12 42 2
49 51 2
13 39 2
47 99 1
38 66 1
0 26 2
34 54 2
30 92 1
38 79 2
17 29 2
0 50 2
47 89 2
1 63 2
4 94 1
9 63 2
23 49 2
28 40 2
41 42 2
23 71 2
2 56 2
7 75 2
51 83 2
11 66 2
5 48 2
44 93 1
7 41 2
22 85 2
56 97 1
19 26 2
53 55 2
26 40 2
31 79 1
44 88 1
41 98 2
26 52 2
53 72 2
21 99 1
9 57 2
59 69 2
7 27 2
46 56 2
31 41 2
47 52 2
15 20 2
27 35 2
38 96 2
25 34 2
18 68 1
11 89 1
29 30 2
50 87 2
9 32 2
27 88 2
20 59 2
17 48 2
37 41 2
10 15 2
21 50 2
33 73 1
51 57 2
52 60 2
11 99 1
17 21 2
44 86 2
24 34 2
9 97 1
13 46 2
28 32 2
51 69 2
33 41 2
24 96 2
34 93 2
26 67 2
22 58 2
17 61 1
23 66 1
34 46 2
4 68 2
5 12 2
47 67 2
10 76 2
12 30 2
7 45 2
15 18 2
54 97 2
44 72 1
18 46 2
21 27 2
2 19 2
13 54 2
4 39 2
45 80 2
17 56 2
3 20 2
24 63 2
6 96 2
27 53 2
27 74 1
45 52 2
23 35 2
1 83 2
49 50 2
3 58 2
23 44 2
1 52 2
49 69 1
52 54 2
0 98 1
13 70 1
33 90 2
37 45 2
11 36 2
38 86 2
37 62 2
1 28 2
23 84 1
18 78 2
10 85 2
33 94 2
28 42 2
44 74 2
38 42 2
42 90 2
0 84 1
29 51 2
50 67 2
31 49 2
17 54 2
44 55 2
3 5 2
52 83 2
17 50 2
24 54 2
36 61 2
41 47 2
43 54 2
15 29 2
33 50 2
37 60 2
0 46 2
25 62 1
54 80 2
5 18 2
10 32 2
43 56 2
23 56 2
24 97 1
15 99 2
59 80 2
48 64 2
21 77 2
8 90 1
43 48 2
0 90 1
13 82 2
57 86 1
6 56 2
19 85 2
4 66 2
7 42 2
33 56 2
33 39 2
6 60 1
8 17 2
23 89 1
16 19 2
36 63 2
16 94 1
11 78 1
38 78 2
44 70 2
52 85 1
31 69 2
13 96 2
33 79 2
29 89 2
41 76 2
14 18 2
0 75 2
1 24 2
18 65 2
13 20 2
48 89 1
6 75 2
41 82 1
53 62 2
12 18 2
42 45 2
14 88 1
34 53 2
37 44 2
51 71 2
53 56 2
25 43 2
44 61 2
37 43 2
27 58 2
10 51 2
16 24 2
48 59 2
50 80 1
12 57 2
3 32 2
14 59 2
1 49 2
9 84 1
18 71 1
32 60 1
22 69 1
53 58 2
10 56 2
21 91 2
24 28 2
58 91 2
27 72 2
36 43 2
42 74 1
12 25 2
38 82 2
6 38 2
2 18 2
3 12 2
12 14 2
9 74 2
14 81 1
52 98 2
0 49 2
22 32 2
36 99 1
9 54 2
4 38 2
2 74 2
11 94 1
8 94 2
14 51 2
40 42 2
54 69 1
54 59 2
32 53 2
49 58 2
3 76 2
9 37 2
6 30 2
20 76 2
4 52 2
4 20 2
17 22 2
53 77 2
26 84 1
13 47 2
49 91 2
32 55 2
30 91 2
28 48 2
12 65 2
10 48 2
47 84 2
26 60 1
52 90 2
15 35 2
19 28 2
23 52 2
6 23 2
25 40 2
33 99 2
28 51 2
33 34 2
2 25 2
40 57 2
19 58 2
13 22 2
22 27 2
42 51 2
41 51 2
6 28 2
17 49 2
36 65 2
43 80 2
27 54 2
50 81 1
18 89 2
12 31 2
21 67 2
3 81 2
46 70 1
14 50 2
43 85 2
18 32 2
20 69 2
41 54 2
6 34 2
14 99 2
15 22 2
31 35 2
21 25 2
9 28 2
45 83 2
0 56 2
19 51 2
8 85 2
8 43 2
12 74 1
8 32 2
4 74 1
58 78 2
30 41 2
40 83 2
51 86 2
47 87 2
4 5 2
20 77 2
57 92 2
6 9 2
37 53 2
30 59 2
56 95 2
36 82 1
22 83 2
19 20 2
14 20 2
3 49 2
7 44 2
55 63 2
15 82 2
47 54 2
24 39 2
48 73 2
50 55 2
56 77 2
21 96 2
21 35 2
34 58 2
52 64 2
53 73 2
28 92 2
45 97 1
49 55 2
10 55 2
2 33 2
57 71 1
22 29 2
32 84 2
15 58 2
17 81 1
13 64 1
41 77 2
35 94 2
9 40 2
4 42 2
10 28 2
8 50 2
17 30 2
32 38 2
2 21 2
7 62 2
5 22 2
26 70 1
23 60 2
25 77 1
45 72 2
34 47 2
57 59 2
26 74 2
27 34 2
23 64 2
31 48 2
6 25 2
14 17 2
28 44 2
18 77 2
48 54 2
19 36 2
5 13 2
7 13 2
18 82 2
57 68 1
22 93 2
54 86 2
29 40 2
11 16 2
16 27 2
15 40 2
3 93 2
41 83 2
22 57 2
30 76 2
29 39 2
25 68 1
30 52 2
25 31 2
32 59 2
52 91 2
33 52 2
12 28 2
26 54 2
32 73 1
22 74 1
5 42 2
8 18 2
36 40 2
57 91 2
8 22 2
10 83 2
19 90 2
6 97 2
48 58 2
18 50 2
19 52 2
18 88 1
18 70 1
37 59 2
27 56 2
31 88 2
13 75 2
13 34 2
23 46 2
11 40 2
25 35 2
14 89 2
22 48 2
24 76 1
27 81 1
3 26 2
22 33 2
11 39 2
19 76 2
19 74 2
0 20 2
42 95 2
11 17 2
21 76 2
0 18 2
5 32 2
57 99 1
43 61 2
2 37 2
1 13 2
24 71 2
35 84 2
59 96 1
33 42 2
8 41 2
53 68 2
37 40 2
57 62 2
28 35 2
39 56 2
8 15 2
38 63 1
32 88 2
6 31 2
22 45 2
46 98 1
40 44 2
47 92 2
37 42 2
34 60 2
13 74 2
0 64 2
39 89 2
3 34 2
18 23 2
35 45 2
21 92 1
35 47 2
24 33 2
28 50 2
41 53 2
32 46 2
40 53 2
43 77 2
53 93 1
45 93 2
10 17 2
28 61 2
20 37 2
18 31 2
33 48 2
28 34 2
5 16 2
37 56 2
32 98 2
57 72 1
31 56 2
12 40 2
13 72 2
50 52 2
28 66 1
3 56 2
28 95 2
54 55 2
8 66 2
44 90 2
5 34 2
26 39 2
20 50 2
20 33 2
44 56 2
34 51 2
44 98 2
10 57 2
49 52 2
2 10 2
8 10 2
42 64 2
10 13 2
3 92 2
53 64 2
20 23 2
19 68 2
42 47 2
19 55 2
35 95 2
26 65 2
11 73 1
53 57 2
5 68 2
46 59 2
2 43 2
30 90 2
54 57 2
0 8 2
35 53 2
32 56 2
2 23 2
19 63 2
16 46 2
16 40 2
25 54 2
13 14 2
12 77 1
32 72 1
58 89 1
1 21 2
2 88 1
25 46 2
33 58 2
0 6 2
45 49 2
10 44 2
43 44 2
5 36 2
53 70 2
0 12 2
22 26 2
7 11 2
49 95 2
22 24 2
15 44 2
16 37 2
19 75 2
50 85 1
56 83 2
5 83 1
59 72 1
14 29 2
12 97 1
20 87 2
50 68 1
44 53 2
36 89 1
32 49 2
19 67 2
44 77 2
38 88 2
28 63 2
2 27 2
9 31 2
45 51 2
23 50 2
39 49 2
48 88 2
49 97 2
3 69 2
43 45 2
30 74 2
7 72 2
17 62 2
26 45 2
53 59 2
30 47 2
5 40 2
25 79 2
25 73 2
51 96 1
56 80 2
12 24 2
9 29 2
36 52 2
14 43 2
18 56 2
5 15 2
21 97 1
5 41 2
7 19 2
47 48 2
2 90 1
7 77 2
29 69 1
3 4 2
56 63 2
45 62 2
8 97 1
4 43 2
14 86 2
56 99 2
20 30 2
49 70 2
57 61 2
13 66 2
3 18 2
45 89 2
17 31 2
24 32 2
28 71 1
16 75 1
7 33 2
40 62 1
22 44 2
24 75 1
41 56 2
38 45 2
56 74 2
11 84 2
23 63 1
33 61 2
38 99 2
11 87 1
27 89 2
18 26 2
4 53 2
6 21 2
22 68 2
52 71 1
16 66 1
35 44 2
27 60 2
13 92 2
50 53 2
4 17 2
51 99 2
52 67 2
3 48 2
12 71 2
52 84 2
29 44 2
13 50 2
6 82 2
58 83 2
20 26 2
52 69 1
23 58 2
20 81 1
38 47 2
17 20 2
57 78 1
55 67 1
39 75 2
42 80 1
42 66 2
49 59 2
5 70 1
2 44 2
8 55 2
6 17 2
45 94 2
7 32 2
15 52 2
52 63 1
36 51 2
13 19 2
12 15 2
4 93 2
23 48 2
13 97 1
4 91 2
19 87 2
20 53 2
17 63 1
35 55 2
4 48 2
15 68 2
0 61 1
59 77 1
33 64 2
20 40 2
25 87 2
42 43 2
50 51 2
0 2 2
20 42 2
3 75 2
1 39 2
13 30 2
22 36 2
40 59 2
0 7 2
46 80 2
35 70 1
9 52 2
31 50 2
25 26 2
24 77 2
32 85 2
3 31 2
8 27 2
30 34 2
4 29 2
46 87 1
26 68 1
57 98 2
13 48 2
45 81 2
56 70 2
5 33 2
32 37 2
6 51 2
18 60 2
3 42 2
28 31 2
52 97 2
3 8 2
16 62 2
34 84 2
48 65 2
9 86 2
3 47 2
10 26 2
27 91 2
18 42 2
26 96 2
36 78 2
43 68 2
6 14 2
43 99 2
5 78 2
31 68 1
54 65 2
18 74 1
8 39 2
48 71 1
42 63 2
34 88 1
43 58 2
39 54 2
11 47 2
42 78 2
22 86 2
17 60 2
31 53 2
14 42 2
6 98 1
27 94 2
48 78 2
41 52 2
25 90 2
4 9 2
2 42 2
49 93 1
0 11 2
29 32 2
1 38 2
27 62 2
46 48 2
29 61 1
28 49 2
35 88 2
29 99 2
11 23 2
17 59 2
29 68 2
23 86 2
19 81 1
12 36 2
32 51 2
37 75 2
7 93 1
45 77 2
49 81 2
2 17 2
26 66 1
10 19 2
20 44 2
51 58 2
39 53 2
27 28 2
43 83 2
44 73 2
55 66 2
18 19 2
6 52 2
31 75 2
4 51 2
50 64 2
31 80 2
53 83 2
24 61 2
35 56 2
8 31 2
33 66 2
19 77 2
6 40 2
51 53 2
36 48 2
0 30 2
27 57 2
8 73 2
10 52 2
21 55 2
32 79 1
23 38 2
23 70 1
31 63 2
12 49 2
16 97 1
7 79 1
34 62 2
29 88 2
1 41 2
22 35 2
18 84 2
30 57 2
1 20 2
15 81 2
52 73 1
17 41 2
5 75 2
21 60 2
5 51 2
38 76 2
20 35 2
15 65 2
6 64 2
33 55 2
23 91 2
22 90 2
26 64 2
16 59 2
27 99 1
27 71 2
43 73 1
10 50 2
23 87 2
29 58 2
27 31 2
1 69 2
19 42 2
34 41 2
7 84 2
12 95 2
24 49 2
22 65 2
11 68 1
17 55 2
31 78 1
43 98 2
48 50 2
42 93 1
12 23 2
0 53 2
12 35 2
33 98 2
30 62 2
32 91 2
58 96 2
29 85 2
26 76 2
7 25 2
10 86 2
5 17 2
9 42 2
49 99 2
23 75 2
44 87 1
48 62 2
21 64 2
16 47 2
27 40 2
9 64 1
1 10 2
30 44 2
29 31 2
54 81 2
24 26 2
37 89 1
3 97 2
3 37 2
53 80 2
30 66 2
55 97 2
12 52 2
6 62 2
24 94 1
32 67 1
47 90 2
35 85 2
1 72 2
16 50 2
40 97 2
37 39 2
48 68 2
5 64 2
43 47 2
10 21 2
18 29 2
11 80 2
23 41 2
34 42 2
6 61 1
24 67 1
42 55 2
15 47 2
8 87 1
51 92 2
48 81 2
10 99 2
25 78 2
14 52 2
34 45 2
0 66 2
1 53 2
3 29 2
39 93 2
21 65 1
18 55 2
51 59 2
20 43 2
44 68 2
15 33 2
2 61 2
0 62 1
2 39 2
4 27 2
47 98 2
4 30 2
4 35 2
31 96 2
56 75 2
31 34 2
31 84 2
54 74 2
5 67 2
40 93 2
57 90 2
19 25 2
18 54 2
30 32 2
8 67 2
21 66 1
28 82 2
1 31 2
12 26 2
34 76 1
27 93 2
58 98 1
8 33 2
2 9 2
5 69 1
31 81 2
28 41 2
39 73 1
31 43 2
41 46 2
33 36 2
17 18 2
44 52 2
16 56 2
33 47 2
4 63 1
17 35 2
41 88 2
50 86 2
29 59 2
4 6 2
14 82 1
13 33 2
8 20 2
9 95 2
6 70 2
23 24 2
38 90 2
0 9 2
53 79 1
1 73 2
7 67 2
16 31 2
23 85 1
37 57 2
4 84 1
43 72 2
38 81 2
14 30 2
2 76 2
51 97 1
39 78 2
0 10 2
9 69 1
25 56 2
39 98 2
16 45 2
27 46 2
30 56 2
3 98 1
12 54 2
0 19 2
45 74 1
50 57 2
25 47 2
35 89 2
21 30 2
40 63 2
34 52 2
11 67 1
1 71 2
40 96 2
14 24 2
34 63 2
24 62 1
1 29 2
53 89 1
36 75 2
15 56 2
36 59 2
5 38 2
39 42 2
19 62 2
7 35 2
9 65 2
8 35 2
23 30 2
19 21 2
2 8 2
53 71 1
2 12 2
13 40 2
11 35 2
9 16 2
26 50 2
13 23 2
24 58 2
12 70 1
27 45 2
50 93 1
25 29 2
6 39 2
57 82 1
11 54 2
28 43 2
29 76 1
10 36 2
46 78 2
43 66 2
6 45 2
8 57 2
25 28 2
3 21 2
6 24 2
27 80 1
7 18 2
56 88 2
31 39 2
9 44 2
40 65 2
31 62 2
32 81 1
25 55 2
21 22 2
12 64 1
8 70 2
34 55 2
4 23 2
37 58 2
33 83 2
40 92 2
14 54 2
13 28 2
4 95 2
24 59 2
56 67 2
23 39 2
12 37 2
24 99 2
9 67 1
2 4 2
30 48 2
24 46 2
13 52 2
54 96 2
9 49 2
53 99 2
39 52 2
36 44 2
33 72 1
55 69 2
12 38 2
14 85 2
16 73 2
13 99 2
5 61 1
20 66 1
25 63 2
30 54 2
59 60 1
6 35 2
9 14 2
46 62 2
52 57 2
0 4 2
16 67 2
30 37 2
21 36 2
2 58 2
47 64 2
17 85 1
1 90 2
32 68 2
11 15 2
14 62 2
12 45 2
17 38 2
3 22 2
21 44 2
37 54 2
36 62 1
53 91 2
23 27 2
23 80 2
32 57 2
52 89 2
30 53 2
16 39 2
47 82 1
22 87 1
26 85 2
15 41 2
36 84 2
15 39 2
31 67 1
55 88 2
55 89 2
29 70 2
34 99 1
13 32 2
42 57 2
42 69 2
9 94 1
10 24 2
2 28 2
57 96 2
36 92 1
21 79 2
20 95 2
9 30 2
44 45 2
13 51 2
1 42 2
15 21 2
29 78 1
47 76 2
28 99 2
48 56 2
36 90 2
47 70 2
23 33 2
17 67 2
8 98 1
17 27 2
38 93 1
35 90 1
10 49 2
3 39 2
4 15 2
29 53 2
25 39 2
34 85 1
12 58 2
8 54 2
5 43 2
41 92 2
20 29 2
37 46 2
11 33 2
44 57 2
18 92 2
54 92 2
15 66 1
11 18 2
16 48 2
17 65 2
12 72 2
3 88 1
32 52 2
56 68 2
6 47 2
27 82 2
11 85 2
0 63 1
8 51 2
45 64 1
32 92 2
30 49 2
43 46 2
23 45 2
44 50 2
11 34 2
38 77 2
14 87 2
20 93 2
54 79 2
32 36 2
3 54 2
26 33 2
14 32 2
25 95 1
33 57 2
19 38 2
5 79 2
39 61 2
38 39 2
6 11 2
29 72 1
9 68 1
0 65 2
39 76 2
37 48 2
27 86 1
33 97 2
6 65 2
55 70 1
22 51 2
31 99 1
21 54 2
39 44 2
12 51 2
20 58 2
3 14 2
29 45 2
11 14 2
44 49 2
17 36 2
2 14 2
51 82 1
20 28 2
10 14 2
5 37 2
16 44 2
10 73 1
20 51 2
59 61 2
37 74 1
47 91 2
48 55 2
25 51 2
3 17 2
2 22 2
10 80 2
10 54 2
12 20 2
34 90 2
54 56 2
25 53 2
47 50 2
12 60 2
27 32 2
35 48 2
58 94 2
10 96 2
16 41 2
10 39 2
18 38 2
17 42 2
57 65 2
40 46 2
13 59 2
59 74 2
48 80 2
3 40 2
29 90 2
25 49 2
0 69 2
40 88 2
19 64 2
0 15 2
9 35 2
32 48 2
7 28 2
34 37 2
24 38 2
8 75 1
8 52 2
14 90 1
10 40 2
9 98 1
13 35 2
3 83 2
57 93 2
6 33 2
41 64 2
18 80 2
30 64 2
56 65 2
16 43 2
3 44 2
7 92 2
40 54 2
15 77 2
24 52 2
22 61 2
44 69 1
4 76 1
24 47 2
24 68 1
29 97 1
51 79 1
38 41 2
41 50 2
4 7 2
35 92 2
6 19 2
42 86 1
10 25 2
25 27 2
25 59 2
2 7 2
2 53 2
1 9 2
22 46 2
16 25 2
55 72 2
12 41 2
7 59 2
45 78 1
14 44 2
43 76 2
44 62 2
4 75 1
41 71 2
0 5 2
6 80 1
0 45 2
8 49 2
1 46 2
16 38 2
1 92 2
22 97 2
27 36 2
1 58 2
8 83 1
24 64 1
11 48 2
2 11 2
29 56 2
44 47 2
27 65 2
31 38 2
28 65 1
11 25 2
6 18 2
19 84 1
51 78 1
44 58 2
49 94 2
53 60 2
27 38 2
0 99 2
2 66 1
0 33 2
49 88 2
17 32 2
36 60 2
27 47 2
34 44 2
13 86 2
26 53 2
24 81 2
18 34 2
16 29 2
28 45 2
11 13 2
26 47 2
13 88 1
20 36 2
54 88 2
38 60 1
5 20 2
27 44 2
25 52 2
26 57 2
39 41 2
6 91 1
24 88 2
43 65 2
4 50 2
52 94 2
58 77 2
6 53 2
14 41 2
35 38 2
40 55 2
18 43 2
2 79 1
5 60 2
31 51 2
0 70 2
20 94 2
9 53 2
5 53 2
34 49 2
51 90 2
39 58 2
8 13 2
58 68 2
9 46 2
35 52 2
11 52 2
20 56 2
14 28 2
32 76 2
30 79 1
1 5 2
26 98 2
11 74 1
10 61 2
30 58 2
12 17 2
45 47 2
8 88 2
29 66 1
6 94 2
57 88 1
5 24 2
37 84 2
5 46 2
40 99 2
2 32 2
19 97 2
14 21 2
22 84 1
36 47 2
29 34 2
54 78 2
1 14 2
13 53 2
19 47 2
37 91 2
26 38 2
27 66 2
29 48 2
16 54 2
47 72 1
52 87 1
2 92 1
1 76 2
3 78 1
14 47 2
37 50 2
18 95 2
19 83 1
49 54 2
6 89 2
2 81 1
50 82 2
35 50 2
39 46 2
2 77 2
28 93 2
7 81 1
18 22 2
2 36 2
49 61 1
15 36 2
5 87 2
9 36 2
40 78 1
22 92 2
48 87 1
31 42 2
26 48 2
40 52 2
0 55 2
58 72 1
42 70 2
31 71 1
7 20 2
58 66 2
41 49 2
19 27 2
26 37 2
33 85 2
15 53 2
24 55 2
0 51 2
6 43 2
38 52 2
54 71 2
58 79 2
16 33 2
11 38 2
0 22 2
35 51 2
15 93 2
16 81 1
43 94 2
37 88 1
11 20 2
21 33 2
14 57 2
27 37 2
32 90 1
39 60 2
44 63 2
4 8 2
33 46 2
50 97 2
15 43 2
33 84 1
1 87 2
36 37 2
4 55 2
36 49 2
24 25 2
13 57 2
8 25 2
16 99 2
1 47 2
35 97 1
40 67 2
14 56 2
51 81 1
3 28 2
50 92 2
32 54 2
10 59 2
20 91 2
25 98 2
14 49 2
47 53 2
51 95 2
10 93 1
4 41 2
43 57 2
19 29 2
11 69 1
3 65 1
57 84 1
16 22 2
20 64 1
31 92 2
7 78 2
20 65 1
11 59 2
18 21 2
23 47 2
3 36 2
24 42 2
30 55 2
28 90 2
11 45 2
20 68 1
35 99 2
44 85 1
36 41 2
9 19 2
20 38 2
48 97 1
29 81 2
47 77 2
24 91 2
38 94 2
27 52 2
8 48 2
1 8 2
32 34 2
2 20 2
9 60 1
7 8 2
42 61 1
41 58 2
57 67 2
48 75 2
30 84 1
16 61 2
0 16 2
41 79 2
42 67 1
47 58 2
30 93 2
44 51 2
15 90 1
37 73 2
19 46 2
18 72 1
0 27 2
5 25 2
55 85 1
9 21 2
31 45 2
6 57 2
16 79 2
23 43 2
41 70 1
8 63 1
1 74 2
3 73 1
50 90 2
54 63 1
2 31 2
24 60 2
27 55 2
2 45 2
30 81 2
44 66 1
38 61 1
24 35 2
31 33 2
0 89 2
18 51 2
5 14 2
35 71 1
19 59 2
40 60 2
17 71 2
9 10 2
1 62 2
35 79 2
38 49 2
5 66 2
1 7 2
10 98 2
14 70 1
59 88 1
12 43 2
5 93 2
4 61 1
17 68 1
30 70 1
19 33 2
35 65 1
30 89 2
13 76 1
47 61 2
1 50 2
19 88 2
17 95 2
16 89 2
5 44 2
23 34 2
30 85 2
37 55 2
1 65 2
4 77 2
31 61 2
1 37 2
39 45 2
3 35 2
11 75 2
25 83 2
48 70 1
5 91 2
28 76 1
7 88 2
1 59 2
34 94 2
34 61 2
26 41 2
19 44 2
15 74 2
7 21 2
3 99 1
31 46 2
6 55 2
29 33 2
44 79 2
45 55 2
23 26 2
13 56 2
15 55 2
8 91 2
15 45 2
37 98 1
7 97 2
4 28 2
4 45 2
53 98 1
3 60 2
40 69 1
11 37 2
58 85 2
12 84 2
18 76 2
51 72 2
5 86 2
1 25 2
8 40 2
13 78 2
29 96 2
14 66 2
42 59 2
8 30 2
14 94 1
46 84 2
50 94 2
10 18 2
49 98 2
14 40 2
7 82 2
49 73 2
18 86 2
8 42 2
43 53 2
1 27 2
6 58 2
2 48 2
35 63 2
32 50 2
11 63 2
43 95 2
38 64 2
2 55 2
8 36 2
50 73 2
53 63 2
18 20 2
51 94 1
34 36 2
0 67 1
33 53 2
13 31 2
0 40 2
23 25 2
30 96 2
7 49 2
25 30 2
0 14 2
3 11 2
51 77 2
32 39 2
9 96 2
29 62 1
26 83 2
5 30 2
45 54 2
18 53 2
44 94 2
6 7 2
3 45 2
7 52 2
44 54 2
8 45 2
15 63 2
22 71 2
4 46 2
22 80 2
11 28 2
40 41 2
33 70 2
44 95 1
17 80 2
26 82 1
15 70 2
41 80 2
46 58 2
54 82 1
24 78 1
46 51 2
40 50 2
45 68 1
0 74 1
13 24 2
14 97 1
5 57 2
26 36 2
12 19 2
9 27 2
24 72 1
11 90 1
9 45 2
25 64 2
59 67 1
6 29 2
2 34 2
17 25 2
19 57 2
51 52 2
52 92 2
21 59 2
15 97 1
0 81 1
16 86 2
4 56 2
11 51 2
11 30 2
22 52 2
7 14 2
11 31 2
34 92 2
56 57 2
12 16 2
45 59 2
17 66 1
30 33 2
23 98 2
26 56 2
12 34 2
31 40 2
47 96 1
24 36 2
40 47 2
26 73 2
48 92 2
27 64 2
8 58 2
23 92 2
29 41 2
6 48 2
26 93 2
19 35 2
16 17 2
1 17 2
9 83 2
2 38 2
24 45 2
42 58 2
34 71 1
47 95 1
22 28 2
27 48 2
10 77 1
30 51 2
5 45 2
58 81 2
46 99 1
18 73 2
27 29 2
56 69 1
4 12 2
29 37 2
14 53 2
7 56 2
40 91 2
7 57 2
26 87 2
15 64 2
9 79 1
32 47 2
2 49 2
56 91 2
31 36 2
30 42 2
5 6 2
23 36 2
18 58 2
35 78 1
25 58 2
5 58 2
28 54 2
13 26 2
36 50 2
45 57 2
34 68 1
43 52 2
10 90 2
40 95 2
5 56 2
7 17 2
51 91 1
26 42 2
4 57 2
56 58 2
14 67 2
31 32 2
34 69 2
31 86 2
12 32 2
8 99 2
15 92 2
3 43 2
25 61 2
26 94 2
55 98 2
9 20 2
6 50 2
7 47 2
15 24 2
39 72 2
53 81 1
8 26 2
20 54 2
33 59 2
50 78 2
26 62 2
6 36 2
1 26 2
36 66 2
19 24 2
10 79 1
42 52 2
21 58 2
37 99 2
48 49 2
4 14 2
20 45 2
26 92 2
23 72 2
10 41 2
41 59 2
25 75 2
0 23 2
23 90 2
46 53 2
5 90 1
26 30 2
59 95 2
53 61 1
42 88 2
4 16 2
15 54 2
8 46 2
21 32 2
29 98 2
20 99 2
24 50 2
11 79 2
4 80 2
2 26 2
56 59 2
20 60 2
17 47 2
49 86 1
32 61 2
7 31 2
38 65 2
34 39 2
19 49 2
33 91 2
43 50 2
12 75 1
25 60 2
35 74 2
28 37 2
1 43 2
12 73 2
44 64 1
3 53 2
55 94 1
55 87 1
1 66 2
29 60 2
33 51 2
28 59 2
5 19 2
15 67 2
29 38 2
24 31 2
42 49 2
13 67 2
33 76 1
14 45 2
14 63 2
5 21 2
50 89 1
19 32 2
32 62 2
15 72 2
34 81 2
3 52 2
13 49 2
42 84 2
15 57 2
3 55 2
40 43 2
45 53 2
27 59 2
2 40 2
34 43 2
24 82 1
22 91 1
57 76 2
15 98 1
9 75 2
46 60 2
39 83 1
45 66 1
15 27 2
22 50 2
2 94 2
23 42 2
58 88 2
9 58 2
5 23 2
40 79 2
14 22 2
58 92 2
43 93 2
32 43 2
20 84 2
20 22 2
15 88 1
37 83 1
25 92 2
48 57 2
34 59 2
10 22 2
39 48 2
23 59 2
3 24 2
29 47 2
11 83 2
16 96 2
8 19 2
53 84 2
35 69 2
26 51 2
16 95 2
12 46 2
24 57 2
10 58 2
36 74 1
1 6 2
47 93 1
21 56 2
30 45 2
21 53 2
12 63 2
36 53 2
7 30 2
13 38 2
25 97 2
41 48 2
4 21 2
21 40 2
43 88 2
40 56 2
22 94 2
33 38 2
3 51 2
37 65 2
10 47 2
1 77 2
50 98 1
17 82 1
15 96 2
8 21 2
45 69 2
10 43 2
24 37 2
20 32 2
28 89 1
18 52 2
36 42 2
23 37 2
14 76 2
54 95 2
38 56 2
51 65 1
46 75 2
0 76 2
52 56 2
1 2 2
25 81 1
5 7 2
13 60 2
48 96 2
39 91 1
0 3 2
18 45 2
28 74 1
45 60 2
24 41 2
33 45 2
34 35 2
4 24 2
27 33 2
49 90 1
10 46 2
25 48 2
30 38 2
6 54 2
53 85 1
35 91 2
8 29 2
41 57 2
34 64 1
24 29 2
47 66 2
3 66 2
1 3 2
21 39 2
58 59 2
3 27 2
50 88 2
41 99 2
18 28 2
26 34 2
29 91 2
13 94 2
17 28 2
32 41 2
17 37 2
31 87 2
36 45 2
18 40 2
21 45 2
28 52 2
49 62 2
25 32 2
10 89 2
12 99 2
29 93 2
46 49 2
4 25 2
15 48 2
59 90 1
38 68 2
10 64 1
51 76 2
42 75 2
7 54 2
9 55 2
17 26 2
4 47 2
5 11 2
1 32 2
35 66 2
44 67 2
51 84 2
11 21 2
30 67 2
18 91 1
14 55 2
28 81 1
18 63 2
5 95 2
2 54 2
3 13 2
8 38 2
16 87 2
3 50 2
10 42 2
4 90 1
0 13 2
55 59 2
25 72 2
42 76 2
39 59 2
33 93 2
7 38 2
50 79 2
22 53 2
37 66 2
15 26 2
1 55 2
21 51 2
55 58 2
12 21 2
28 38 2
2 89 1
26 29 2
7 69 2
17 83 2
27 87 2
31 44 2
26 80 2
37 79 1
21 78 1
51 63 1
55 84 2
2 29 2
22 63 1
42 65 2
11 22 2
33 88 2
23 55 2
10 23 2
11 76 2
17 24 2
16 70 1
8 65 2
8 16 2
14 98 2
29 55 2
50 74 1
40 45 2
25 33 2
33 74 2
4 98 2
4 44 2
34 57 2
14 60 1
8 60 2
11 50 2
1 82 1
35 64 1
36 80 1
32 95 1
21 41 2
42 99 1
6 26 2
1 40 2
21 47 2
47 51 2
2 46 2
7 36 2
17 96 1
28 96 1
13 62 2
4 88 2
19 31 2
40 98 2
24 56 2
49 71 2
11 44 2
49 96 2
41 87 1
37 67 2
43 63 1
4 18 2
11 95 1
29 50 2
8 37 2
22 39 2
11 12 2
29 94 2
3 59 2
15 83 2
25 42 2
49 63 2
46 66 2
22 25 2
21 81 1
4 26 2
45 46 2
3 95 2
13 44 2
28 55 2
57 89 2
42 56 2
10 70 2
4 99 2
46 90 2
42 53 2
46 63 2
43 91 2
1 4 2
30 40 2
16 42 2
28 75 2
7 16 2
22 96 2
38 71 1
32 44 2
0 57 2
6 8 2
30 99 1
53 92 2
7 10 2
59 64 2
59 94 2
23 29 2
9 17 2
25 74 1
47 79 1
17 57 2
37 70 2
3 25 2
12 88 1
28 46 2
7 76 1
18 27 2
39 47 2
48 85 2
50 69 1
53 76 2
24 30 2
39 66 2
52 62 2
21 24 2
18 41 2
42 50 2
46 52 2
20 34 2
36 79 1
37 69 2
26 59 2
22 30 2
16 93 2
2 50 2
23 81 1
13 17 2
35 43 2
6 92 2
1 54 2
51 54 2
12 81 2
34 86 2
17 99 2
55 83 2
9 50 2
8 47 2
30 88 2
39 92 2
47 97 1
40 77 1
35 42 2
58 87 1
50 58 2
12 47 2
35 57 2
15 59 2
12 27 2
36 57 2
19 41 2
19 71 1
27 39 2
17 40 2
9 41 2
19 98 1
4 64 2
10 95 2
44 48 2
15 46 2
46 55 2
33 92 2
30 80 2
13 58 2
1 48 2
4 37 2
27 42 2
4 31 2
7 39 2
9 34 2
5 74 2
0 97 2
53 86 1
0 92 2
37 49 2
3 10 2
14 79 2
57 60 2
22 59 2
1 45 2
30 50 2
35 67 2
24 53 2
38 92 2
52 82 2
12 13 2
42 96 2
29 43 2
28 86 2
8 14 2
1 12 2
37 61 2
30 97 1
31 74 2
36 39 2
3 72 2
4 89 2
55 75 2
25 88 2
0 31 2
14 15 2
44 46 2
33 44 2
21 75 2
8 77 2
20 63 2
58 73 2
41 68 2
27 30 2
10 74 1
24 66 1
55 90 2
21 87 2
13 55 2
14 36 2
9 22 2
37 72 1
38 89 1
55 62 2
5 27 2
17 79 1
0 24 2
5 99 1
9 26 2
59 82 1
1 36 2
26 46 2
56 81 1
33 87 2
10 53 2
13 87 2
40 72 1
22 34 2
28 91 2
37 96 1
23 93 1
27 43 2
13 89 1
0 52 2
26 43 2
19 93 2
25 50 2
3 41 2
23 40 2
11 53 2
29 92 1
18 67 1
27 41 2
41 62 1
24 43 2
38 54 2
38 44 2
15 28 2
28 98 2
27 98 2
4 11 2
21 34 2
33 95 2
57 97 2
18 33 2
27 96 2
24 48 2
24 44 2
32 89 2
32 97 1
14 38 2
0 37 2
9 43 2
4 32 2
2 41 2
28 57 2
6 99 2
37 93 1
40 51 2
35 73 2
14 93 2
1 84 2
0 35 2
30 36 2
43 51 2
40 90 2
7 15 2
13 25 2
42 68 2
39 50 2
33 75 2
3 67 1
20 79 2
45 84 2
31 77 1
20 41 2
13 95 2
7 34 2
17 46 2
34 70 1
37 64 2
22 64 1
21 31 2
6 59 2
12 29 2
5 73 2
6 67 2
36 38 2
0 42 2
16 32 2
2 5 2
29 73 2
9 39 2
47 56 2
35 36 2
27 78 2
5 63 1
26 28 2
23 99 2
12 53 2
3 70 2
7 94 1
29 36 2
27 49 2
12 56 2
22 55 2
59 92 2
22 49 2
40 73 2
20 83 1
8 44 2
7 64 2
21 29 2
15 25 2
59 99 2
2 16 2
36 91 1
13 37 2
2 68 1
41 55 2
7 24 2
31 58 2
7 61 1
46 47 2
31 57 2
19 45 2
25 76 1
0 68 2
9 56 2
19 79 1
10 94 1
39 77 1
22 23 2
4 34 2
12 98 2
18 47 2
10 38 2
2 35 2
29 49 2
0 72 2
24 80 2
12 48 2
5 84 2
38 70 1
48 66 2
18 39 2
32 42 2
15 19 2
9 25 2
50 59 2
10 31 2
0 48 2
19 91 2
52 59 2
38 55 2
31 73 1
19 50 2
2 85 2
0 25 2
10 78 2
52 58 2
8 69 1
36 73 2
51 64 2
13 29 2
18 75 1
41 84 2
46 65 2
28 33 2
42 92 2
14 19 2
32 96 2
0 34 2
50 56 2
38 74 2
17 52 2
26 88 2
10 27 2
45 67 2
25 66 1
34 82 2
28 56 2
41 66 1
30 43 2
39 71 2
14 95 2
35 58 2
19 89 1
26 91 1
27 97 2
5 31 2
46 73 2
29 46 2
19 86 2
32 40 2
38 95 2
12 50 2
32 74 2
11 77 1
6 13 2
17 43 2
24 70 1
42 71 2
24 40 2
35 41 2
27 61 2
53 96 2
9 11 2
2 24 2
28 70 2
25 38 2
6 42 2
46 97 1
21 37 2
20 48 2
57 58 2
19 30 2
15 75 2
0 28 2
59 73 1
12 91 1
51 74 1
14 34 2
16 34 2
41 43 2
54 60 1
9 12 2
29 67 2
11 92 2
0 47 2
0 41 2
10 35 2
54 99 2
9 33 2
0 95 2
32 35 2
28 47 2
39 87 1
42 72 1
35 40 2
14 31 2
32 77 2
22 47 2
23 82 2
18 98 2
35 96 1
9 51 2
39 57 2
44 80 1
46 57 2
22 37 2
22 31 2
21 23 2
16 53 2
57 63 1
10 97 1
2 15 2
43 89 2
23 28 2
34 97 1
12 96 2
28 62 2
46 74 2
11 42 2
23 61 2
35 59 2
8 9 2
7 22 2
17 53 2
18 62 2
8 11 2
3 16 2
38 59 2
20 80 1
5 39 2
16 91 2
13 84 1
7 37 2
39 97 1
7 66 1
31 59 2
1 51 2
20 24 2
17 45 2
19 48 2
26 79 1
54 90 2
9 90 1
22 54 2
26 35 2
41 65 1
18 24 2
44 96 1
21 80 2
17 84 2
6 76 2
4 72 2
34 77 1
31 55 2
28 67 2
45 86 2
28 97 1
53 66 2
58 65 1
11 41 2
7 51 2
14 35 2
32 63 1
26 55 2
40 70 2
4 49 2
8 28 2
29 42 2
0 32 2
20 90 2
15 32 2
18 35 2
21 82 2
57 94 2
11 29 2
33 62 1
58 95 2
47 88 2
36 95 2
58 70 2
14 71 1
37 47 2
6 32 2
35 39 2
38 50 2
28 39 2
5 35 2
17 34 2
49 84 2
0 54 2
5 98 1
9 73 2
1 18 2
5 92 2
45 48 2
19 53 2
30 78 2
1 22 2
5 28 2
7 83 2
11 19 2
19 54 2
17 51 2
34 40 2
13 41 2
31 47 2
14 26 2
36 94 1
1 19 2
20 47 2
18 37 2
10 30 2
6 22 2
16 36 2
39 40 2
20 96 1
29 54 2
40 81 1
43 87 1
41 44 2
58 63 2
15 16 2
36 56 2
16 23 2
8 79 2
1 56 2
4 54 2
38 58 2
15 37 2
16 18 2
4 58 2
24 86 1
58 99 2
21 73 2
17 19 2
10 33 2
19 23 2
25 44 2
8 74 1
13 18 2
18 59 2
51 80 1
47 57 2
14 23 2
7 43 2
29 52 2
1 57 2
26 44 2
8 86 2
12 61 2
16 78 2
26 72 2
14 33 2
39 67 2
31 37 2
29 35 2
0 59 2
34 50 2
24 87 2
48 93 1
6 83 1
11 24 2
8 59 2
11 26 2
16 85 2
43 71 2
14 77 1
11 96 2
6 15 2
42 94 2
6 10 2
37 90 2
51 56 2
21 49 2
53 94 2
0 43 2
16 21 2
18 36 2
56 90 1
32 45 2
8 78 2
54 76 2
0 21 2
29 65 2
23 83 1
54 83 1
7 85 2
5 65 2
11 27 2
42 79 2
13 80 1
56 87 2
0 36 2
3 7 2
8 56 2
22 40 2
48 52 2
19 73 2
7 23 2
40 84 2
4 97 1
7 29 2
5 49 2
10 45 2
22 56 2
59 71 1
7 65 1
2 87 2
36 55 2
13 43 2
27 51 2
6 16 2
3 77 2
41 45 2
15 34 2
17 39 2
10 11 2
59 84 2
59 63 2
51 55 2
4 60 1
2 71 1
26 71 2
13 45 2
8 34 2
46 94 1
38 48 2
0 44 2
49 60 1
38 53 2
40 48 2
22 73 1
59 75 1
28 58 2
56 79 1
4 36 2
4 40 2
5 82 2
40 75 2
15 51 2
57 85 1
41 78 2
55 76 2
34 74 2
20 57 2
5 62 2
23 31 2
21 46 2
56 71 1
31 52 2
6 49 2
41 61 2
0 93 2
27 50 2
45 58 2
7 63 2
12 82 2
17 89 2
5 9 2
42 54 2
22 43 2
55 57 2
10 66 1
46 77 2
48 74 1
47 59 2
45 50 2
8 53 2
17 58 2
40 49 2
5 52 2
21 94 2
10 84 1
11 56 2
16 52 2
34 95 2
6 46 2
18 79 2
26 31 2
1 98 2
29 80 2
55 74 1
55 56 2
8 81 2
11 65 2
59 70 2
1 23 2
7 50 2
42 98 1
0 94 1
37 78 1
37 38 2
26 99 1
4 82 2
20 70 1
3 57 2
0 29 2
24 73 1
37 97 1
24 27 2
16 51 2
30 75 2
26 58 2
6 12 2
23 69 1
56 86 2
35 82 2
3 15 2
10 67 2
6 88 2
0 58 2
0 39 2
47 69 1
21 86 2
31 60 1
21 43 2
9 15 2
45 98 2
4 33 2
24 84 2
2 52 2
5 54 2
39 64 1
30 35 2
18 87 2
15 50 2
6 74 2
17 44 2
30 86 2
34 56 2
4 78 2
16 74 2
59 89 2
56 84 2
2 72 1
25 57 2
49 72 1
1 99 1
47 55 2
26 32 2
3 74 1
20 89 2
32 70 2
38 46 2
45 96 2
7 48 2
16 63 2
21 38 2
3 33 2
5 81 2
19 34 2
53 97 2
43 78 1
23 51 2
7 55 2
29 57 2
36 88 2
59 93 2
7 53 2
48 99 1
22 41 2
39 99 2
19 94 2
34 65 2
44 76 2
50 54 2
5 8 2
8 12 2
31 64 1
3 61 2
16 80 1
36 46 2
27 73 2
34 79 2
15 49 2
19 37 2
36 69 2
36 64 1
4 13 2
30 46 2
34 38 2
26 61 2
21 28 2
4 59 2
16 58 2
21 42 2
2 98 1
18 57 2
3 96 1
20 39 2
26 27 2
11 55 2
52 77 1
7 98 2
14 25 2
44 75 1
28 53 2
25 86 2
58 71 2
55 95 2
10 69 2
36 77 2
7 46 2
19 39 2
17 33 2
20 31 2
0 82 2
23 97 2
42 85 2
48 76 2
37 76 2
5 47 2
15 84 1
57 81 2
46 72 2
6 63 1
5 50 1
48 79 2
3 86 2
17 72 2
40 58 1
6 85 1
33 37 1
12 62 1
20 49 1
9 23 1
70 72 1
71 77 2
44 83 2
20 67 1
42 48 1
30 63 2
15 17 1
92 97 2
72 79 1
40 89 1
3 9 1
