% n=60 p=33 d=0.66 p_blue=0.33
% k=0
1 36 1
12 15 2
3 18 2
1 10 2
16 53 1
13 50 1
15 30 1
3 45 2
9 21 1
18 59 1
11 20 2
14 44 1
13 43 1
6 13 2
18 45 1
12 57 1
8 15 2
3 20 2
5 49 1
9 28 1
13 36 1
2 54 2
6 10 2
14 43 1
1 26 1
9 14 2
15 16 2
0 5 2
6 49 1
8 45 2
19 21 2
2 34 2
3 26 1
6 41 1
15 32 2
9 11 2
1 32 1
8 56 2
7 16 2
0 14 2
19 33 2
6 24 1
16 22 2
6 51 1
3 49 1
1 49 1
14 54 1
6 33 1
1 13 2
2 59 1
19 47 2
4 16 2
2 5 2
7 31 1
14 51 1
2 22 2
5 21 1
11 28 1
8 49 1
8 37 1
6 55 2
6 23 1
10 33 1
11 44 1
10 13 2
8 16 2
1 34 1
4 5 2
1 37 1
14 38 2
17 41 1
12 21 1
17 49 1
14 41 1
6 32 1
3 57 1
5 59 1
16 59 2
8 9 2
16 42 1
13 47 1
15 53 1
8 27 1
7 11 2
17 35 1
10 22 1
0 25 2
5 31 1
2 26 2
8 41 2
0 19 2
17 26 2
14 52 1
13 25 1
3 5 2
13 46 1
16 32 1
5 29 2
11 17 2
7 30 1
0 45 1
6 40 1
18 42 2
15 57 2
14 18 2
1 2 2
8 54 2
8 51 2
13 59 1
2 14 2
0 58 1
11 34 2
2 49 2
11 40 2
15 24 2
18 48 2
5 16 2
19 30 1
14 31 2
13 31 2
19 41 1
5 17 2
12 52 1
3 42 1
15 50 1
14 17 2
5 42 1
6 9 2
3 30 1
4 53 1
10 31 1
17 47 1
9 55 1
12 14 2
10 24 1
14 55 1
15 37 1
1 24 1
10 25 1
18 38 2
13 23 2
19 34 1
3 40 1
8 38 1
17 39 1
3 8 2
19 37 1
8 39 1
0 2 2
13 56 2
1 57 2
17 46 1
15 47 1
10 20 1
19 48 2
5 7 2
4 42 2
1 43 2
12 51 1
3 9 2
19 24 1
11 58 2
2 28 1
14 16 2
13 16 2
2 30 2
11 48 2
6 26 2
4 48 2
10 11 2
2 16 2
2 25 2
7 43 2
18 19 2
3 12 2
17 48 1
7 8 2
0 24 2
18 47 1
11 31 1
10 19 2
18 26 2
11 33 1
18 53 1
4 39 2
13 22 1
2 43 1
7 38 1
11 42 1
5 32 1
16 25 1
18 56 2
4 55 1
2 29 1
7 45 2
3 23 1
5 47 2
1 15 2
2 50 1
13 14 2
5 46 1
11 30 2
4 38 2
4 36 2
4 54 1
0 40 1
2 20 1
4 33 1
8 52 1
8 55 1
9 13 2
3 4 2
16 51 1
6 38 1
0 4 2
11 53 2
13 52 2
7 24 2
8 18 2
11 14 2
13 51 2
19 51 1
1 7 2
7 42 2
12 16 2
6 59 2
1 11 2
9 35 1
3 56 1
5 34 1
7 12 2
0 54 1
15 23 2
19 53 1
19 54 1
18 40 1
0 10 2
17 27 2
16 54 1
13 35 2
18 41 1
12 26 2
5 51 1
3 50 1
15 44 1
11 49 2
1 23 1
4 50 1
5 11 2
3 36 2
3 34 1
3 25 1
15 35 2
7 14 2
14 53 1
18 36 1
3 16 2
5 56 1
0 22 1
0 36 1
19 49 2
1 42 1
11 59 1
18 34 1
0 6 2
4 22 1
1 47 2
3 31 2
9 36 1
10 30 1
12 32 1
15 21 1
4 32 1
8 21 1
3 44 2
3 15 2
8 47 1
4 47 1
13 49 2
7 57 1
18 37 1
11 18 2
1 14 2
7 23 2
9 32 1
15 29 1
7 55 2
10 27 2
3 14 2
14 20 1
16 55 1
9 12 2
3 24 1
10 43 2
9 58 1
8 11 2
0 20 2
4 43 1
12 47 1
10 26 2
4 17 2
2 7 2
0 27 1
0 7 2
14 30 2
3 19 2
6 17 2
6 21 1
6 12 2
12 31 2
7 9 2
12 46 2
14 25 1
1 16 2
15 59 2
7 39 1
10 15 2
9 27 1
4 12 2
8 10 2
15 41 2
14 22 1
15 34 2
16 29 1
4 18 2
18 22 2
12 37 1
5 36 1
6 35 1
0 28 1
4 7 2
10 56 1
2 32 1
0 39 1
2 6 2
9 49 1
4 14 2
15 45 2
16 26 2
19 56 1
9 15 2
11 39 1
1 27 1
7 47 2
13 53 1
6 57 1
1 4 2
10 47 1
13 45 2
11 16 2
6 8 2
12 25 2
8 48 1
15 48 1
12 18 2
0 56 1
1 41 2
1 18 2
5 12 2
16 44 2
6 18 2
12 33 1
8 59 1
4 40 1
0 31 2
11 38 1
19 31 1
5 57 2
15 26 1
0 18 2
15 19 2
3 33 1
0 46 1
18 29 1
16 21 1
0 32 1
6 29 2
5 9 2
8 43 1
6 58 1
16 20 2
8 24 1
6 43 1
7 49 1
1 5 2
19 43 1
2 51 2
5 38 1
10 29 1
6 28 2
6 22 2
12 55 2
12 39 1
11 24 1
10 12 2
16 17 2
19 26 1
16 56 1
11 22 1
19 22 2
11 13 2
10 48 2
10 37 2
8 42 1
12 19 2
8 12 2
12 13 2
10 14 2
7 50 2
15 40 1
9 10 2
7 58 2
11 19 2
15 27 1
19 25 1
11 55 2
6 36 2
9 41 2
10 21 2
19 38 1
9 17 2
9 48 2
6 19 2
1 58 1
18 54 1
14 37 1
19 57 2
14 50 2
8 50 1
8 33 2
14 42 2
4 9 2
1 55 1
12 50 2
14 34 2
16 36 1
0 17 2
14 33 1
15 38 1
0 13 2
6 16 2
1 19 2
3 43 1
6 50 1
1 8 2
13 41 1
13 44 2
13 17 2
9 53 2
17 40 1
7 17 2
2 21 1
10 36 2
12 23 1
10 17 2
18 43 1
7 46 1
11 51 1
11 54 1
18 58 2
0 35 2
2 3 2
2 24 1
18 55 2
0 1 2
13 27 1
2 17 2
5 39 1
9 56 1
19 23 1
5 6 2
5 44 1
12 43 1
18 24 1
11 12 2
0 30 1
10 38 1
4 56 1
10 45 1
11 36 2
9 18 2
17 29 2
16 39 2
17 44 2
3 29 1
3 39 1
7 52 1
12 54 2
6 42 1
4 23 1
13 42 1
8 40 1
5 33 1
12 24 1
1 39 1
5 58 1
1 25 1
9 43 1
13 26 1
7 26 1
16 33 2
2 9 2
16 38 2
1 9 2
2 40 2
8 46 2
2 19 2
7 41 1
15 17 2
0 9 2
4 46 1
13 28 1
3 47 1
13 58 2
5 52 2
13 33 1
13 18 2
0 29 2
19 28 2
10 42 1
4 11 2
9 19 2
5 15 2
5 8 2
5 28 1
2 46 1
7 22 1
17 56 1
9 39 1
4 57 1
3 52 1
8 17 2
13 40 1
5 10 2
12 45 1
12 49 1
8 44 1
12 27 1
18 20 1
3 58 2
0 11 2
12 38 1
14 36 2
0 43 2
16 24 1
4 13 2
15 43 2
0 33 1
5 53 1
3 17 2
7 27 1
2 39 1
7 48 1
10 16 2
6 27 1
8 35 1
8 58 2
8 19 2
3 13 2
17 57 1
7 13 2
7 21 2
8 20 2
10 46 1
1 35 2
15 33 1
18 21 1
2 27 1
12 53 2
0 42 1
17 30 1
7 37 1
3 11 2
14 35 1
17 37 1
10 51 1
13 37 1
9 22 1
15 22 1
16 58 1
7 59 1
2 47 1
6 11 2
3 6 2
4 41 2
6 34 1
10 58 2
5 26 1
14 58 1
17 23 1
16 47 1
19 20 1
6 7 2
1 33 1
0 44 1
0 48 2
6 54 2
14 46 2
4 15 2
2 52 1
4 29 1
16 27 1
17 28 2
10 50 1
9 57 1
14 15 2
3 10 2
0 38 1
9 38 1
8 26 1
3 28 2
6 47 1
1 17 2
2 11 2
9 33 1
14 59 1
1 40 1
7 15 2
0 15 2
4 51 2
19 40 2
1 51 2
14 32 1
16 43 2
12 44 1
17 19 2
6 45 2
2 56 2
11 47 1
7 33 2
5 41 1
17 25 1
18 33 1
11 37 2
2 8 2
5 24 1
15 56 2
14 19 2
2 35 1
8 13 2
2 45 1
17 24 1
1 48 1
9 47 1
10 41 1
4 37 1
4 6 2
12 17 2
7 35 2
8 23 1
17 36 1
1 50 1
17 45 1
19 29 1
6 37 1
17 34 2
4 19 2
2 4 2
16 18 2
0 51 1
9 23 1
16 19 2
4 44 2
1 12 2
3 54 1
9 46 1
2 23 1
5 13 2
18 52 1
0 3 2
17 38 1
13 19 2
4 58 2
5 40 2
7 56 1
4 26 2
13 29 1
4 45 1
12 30 1
9 34 1
19 36 1
8 14 2
0 34 1
2 12 2
4 20 1
13 30 1
17 53 1
13 48 2
12 48 2
16 40 2
2 36 1
7 53 1
4 52 1
36 49 2
9 54 2
5 54 2
7 18 1
8 36 2
41 50 2
1 3 1
5 50 1
21 44 2
10 49 1
19 44 2
5 14 1
2 18 1
7 20 2
2 10 1
7 10 1
18 49 2
20 21 2
0 50 2
13 20 2
7 44 2
0 12 1
5 20 1
17 18 1
1 6 1
18 50 1
20 50 2
8 53 2
4 8 1
4 10 1
20 52 1
11 15 1
3 7 2
5 19 1
16 41 1
7 19 1
19 50 1
0 8 1
19 52 1
12 36 1
10 18 1
14 21 2
10 53 2
2 15 1
13 15 1
2 41 1
6 14 1
