% n=180 p=33 d=0.66 p_blue=0.33
% k=0
32 134 1
44 168 1
13 145 2
26 36 2
29 53 2
40 169 1
37 122 1
22 32 2
33 90 1
58 104 2
24 110 1
45 144 1
2 12 2
17 38 2
25 98 1
58 94 1
26 94 2
36 90 1
2 93 2
3 125 1
54 155 1
34 48 2
1 79 1
13 66 1
0 58 2
31 139 1
17 43 2
18 61 1
34 64 1
25 29 2
30 141 2
49 172 1
12 51 2
39 133 1
8 19 2
32 143 1
40 95 1
12 143 1
17 63 1
54 167 1
51 70 1
33 161 1
21 118 2
25 49 2
7 107 1
53 111 2
22 52 2
10 18 2
26 158 1
11 173 1
38 109 1
36 54 2
40 131 1
44 103 2
16 54 2
51 86 1
15 32 2
23 50 2
58 148 1
53 114 1
5 118 1
4 79 1
13 140 1
6 36 2
43 150 2
59 148 1
27 48 2
5 81 1
8 125 1
40 160 2
29 127 1
12 160 1
53 63 1
4 66 1
42 43 2
18 104 2
43 153 1
37 97 1
44 81 1
6 61 1
24 177 1
1 44 2
54 134 1
7 167 1
4 49 2
3 64 1
5 83 2
4 28 2
16 60 1
3 42 2
52 84 1
25 148 2
49 69 1
27 67 2
1 90 2
47 79 1
16 148 1
2 147 1
44 90 1
37 76 2
1 78 1
40 141 1
42 142 2
37 56 2
28 48 2
12 72 1
47 131 1
9 109 1
11 159 2
50 57 2
20 114 2
12 91 2
37 162 2
50 137 1
47 58 2
39 138 2
12 76 1
13 29 2
56 133 2
58 123 1
29 56 2
21 70 1
13 57 2
5 19 2
2 171 1
3 53 2
11 72 1
41 115 2
3 27 2
26 135 1
3 105 1
52 165 1
0 109 1
41 154 1
42 87 1
31 56 2
28 121 2
12 126 1
32 59 2
43 149 1
50 135 1
32 155 1
37 74 1
9 163 1
2 59 2
28 42 2
9 17 2
30 86 1
2 58 2
31 69 1
9 29 2
32 55 2
25 63 1
22 115 1
51 148 1
48 159 1
30 85 2
17 53 2
10 96 2
52 64 1
38 47 2
5 50 2
29 173 1
50 165 1
55 113 2
8 162 2
38 177 2
10 145 1
12 68 2
47 49 2
26 123 1
3 57 2
15 134 1
0 43 2
6 97 1
42 151 1
59 179 2
0 67 1
5 96 1
29 142 1
0 171 2
7 24 2
18 147 2
36 64 1
41 53 2
16 26 2
0 16 2
43 79 1
5 151 2
29 82 2
10 177 2
53 89 1
15 63 1
43 154 1
21 100 1
17 107 2
44 85 1
35 83 1
23 116 1
28 153 2
0 22 2
11 24 2
26 90 1
17 123 1
12 133 1
45 98 1
52 141 1
7 130 1
24 69 1
52 146 1
36 95 1
30 51 2
34 70 1
37 161 1
27 53 2
54 138 1
9 105 1
39 83 1
1 38 2
39 47 2
9 34 2
56 79 1
56 96 1
31 50 2
36 178 1
3 152 2
35 101 1
23 32 2
33 132 1
52 106 1
2 169 2
21 58 2
18 77 1
47 83 2
7 133 1
41 147 1
27 61 1
4 137 1
15 17 2
28 146 2
16 25 2
17 34 2
44 109 2
57 113 1
14 78 1
25 143 2
36 122 2
0 71 1
9 90 1
17 110 2
31 114 2
2 136 1
21 97 2
8 124 1
27 134 2
55 140 1
22 38 2
19 42 2
19 170 1
44 102 1
5 37 2
46 48 2
52 56 2
9 106 2
30 90 1
19 69 1
1 159 1
26 100 1
29 144 1
31 95 1
44 50 2
0 75 1
11 19 2
41 74 2
44 149 1
2 48 2
49 75 2
37 132 2
4 112 1
25 54 2
58 81 1
51 154 1
44 70 1
45 134 2
40 57 2
31 60 2
4 11 2
54 120 1
28 98 1
13 111 1
14 124 1
22 28 2
29 98 1
24 70 1
41 133 2
10 56 2
2 175 1
28 155 1
52 92 1
42 109 1
10 38 2
39 142 1
55 145 1
12 70 1
51 71 1
43 159 2
29 129 2
1 35 2
58 157 1
9 47 2
50 166 1
7 177 1
24 98 1
27 84 1
0 5 2
30 35 2
25 101 1
17 61 2
6 60 1
20 109 2
4 6 2
21 171 1
43 114 2
17 129 2
49 158 1
44 104 1
25 39 2
36 57 2
11 160 1
33 59 2
49 154 1
40 106 2
8 160 2
18 44 2
28 166 2
20 148 2
0 103 1
51 132 2
14 133 1
11 42 2
37 176 1
28 29 2
23 55 2
32 51 2
13 40 2
9 143 2
52 144 1
32 52 2
58 61 1
12 119 2
35 75 2
23 90 1
12 80 2
15 144 1
19 139 1
0 140 2
27 34 2
19 92 1
8 155 1
29 153 2
13 81 1
14 39 2
18 42 2
25 44 2
14 111 1
4 19 2
7 29 2
2 64 1
13 142 2
24 122 1
28 138 2
20 118 2
47 177 1
58 127 1
48 51 2
8 36 2
21 61 2
40 75 1
35 129 2
58 93 1
51 85 2
16 68 1
58 128 1
8 167 2
10 31 2
19 57 2
26 63 1
4 106 1
42 115 1
56 128 1
23 115 1
12 117 2
0 165 1
34 65 2
11 154 1
21 170 1
41 80 1
10 30 2
54 175 1
10 141 1
50 84 1
22 37 2
56 148 1
28 145 1
45 163 1
6 101 1
9 152 1
3 49 2
3 12 2
32 99 1
24 135 2
40 143 2
28 66 1
38 156 1
49 112 2
44 159 2
14 49 2
25 80 1
46 120 2
29 86 1
12 31 2
44 91 2
23 37 2
45 56 2
30 53 2
0 2 2
40 100 1
25 142 2
25 160 2
4 162 1
36 171 1
27 59 2
1 179 1
22 46 2
17 19 2
24 126 1
49 169 2
0 146 2
18 144 1
5 95 2
24 30 2
57 168 1
32 39 2
47 60 2
1 107 2
26 91 1
0 154 2
17 72 1
2 6 2
5 41 2
15 28 2
35 149 1
8 88 2
42 45 2
42 47 2
14 113 1
3 133 1
1 56 2
24 129 1
29 116 1
44 45 2
40 129 1
20 116 2
29 80 2
19 71 2
5 44 2
6 135 1
9 113 2
8 17 2
51 173 2
16 126 1
38 129 1
32 120 2
28 163 1
18 148 1
43 50 2
40 54 2
26 67 1
30 106 1
1 123 2
46 96 2
24 134 2
8 146 1
14 17 2
0 69 1
24 127 1
16 76 1
5 79 1
12 25 2
2 40 2
38 67 1
45 77 1
1 98 1
51 97 1
8 168 2
51 65 1
23 58 2
21 46 2
18 23 2
14 155 1
39 100 1
7 9 2
31 152 2
47 56 2
57 152 1
43 130 1
6 62 2
15 18 2
49 130 1
48 144 1
24 105 1
46 179 1
33 48 2
17 54 2
32 70 1
48 65 1
31 41 2
34 55 2
18 21 2
31 66 1
40 44 2
35 148 1
7 43 2
54 56 2
33 64 1
18 83 2
59 134 1
10 71 1
8 23 2
2 160 1
26 74 1
38 65 2
14 120 2
59 130 2
20 84 1
26 38 2
30 127 1
8 49 2
8 72 1
53 177 1
34 167 2
43 116 1
11 64 1
10 119 1
22 35 2
18 55 2
35 38 2
8 157 2
41 119 2
53 166 1
29 179 2
18 142 2
35 171 2
45 133 1
2 47 2
1 43 2
41 157 2
47 77 1
17 42 2
17 75 1
13 123 1
16 175 1
35 40 2
44 137 1
27 72 1
53 57 2
6 76 1
48 135 2
14 93 2
15 133 1
27 136 1
53 169 1
22 81 1
34 86 2
24 120 2
55 112 1
29 131 1
34 114 2
30 115 1
47 105 1
1 25 2
47 65 2
20 127 2
32 38 2
13 82 2
29 45 2
42 137 1
55 60 1
18 34 2
23 27 2
20 172 1
39 168 1
5 135 2
34 124 2
16 124 1
22 150 2
36 41 2
0 15 2
13 47 2
53 167 2
20 128 1
51 60 1
31 86 2
44 138 2
25 51 2
2 172 1
57 74 1
20 87 1
26 48 2
35 50 2
29 111 1
40 138 1
35 48 2
57 158 1
19 88 1
38 108 2
14 82 1
46 53 2
21 157 1
50 172 1
33 66 1
24 121 2
46 175 1
28 49 2
36 38 2
53 74 1
9 21 2
33 56 2
4 174 2
45 124 1
24 88 2
35 166 2
26 150 2
28 76 1
47 73 1
51 146 1
12 115 2
50 62 1
26 31 2
29 150 2
13 175 1
43 60 1
55 97 2
55 147 2
10 139 1
57 89 1
6 25 2
18 179 2
42 131 1
13 73 1
6 136 1
54 66 1
3 6 2
9 45 2
5 109 2
30 155 1
44 134 1
57 98 1
21 152 1
10 27 2
59 141 2
59 98 1
59 72 1
11 171 2
55 88 1
37 53 2
8 10 2
25 73 1
51 157 1
24 29 2
8 131 1
12 55 2
31 92 1
48 98 1
29 40 2
52 82 2
23 56 2
4 150 1
9 179 2
16 133 1
45 168 1
46 140 1
54 73 2
30 78 1
5 125 1
38 58 2
25 62 2
5 143 1
18 152 1
37 179 1
25 153 2
37 82 1
45 169 1
43 82 1
44 108 1
29 67 1
0 6 2
26 41 2
34 40 2
47 51 2
53 121 1
14 73 1
53 159 1
51 77 2
26 79 1
48 70 2
46 57 2
8 24 2
34 125 2
4 115 1
17 168 1
44 99 1
30 96 1
40 105 1
6 9 2
38 173 1
18 28 2
8 71 1
28 160 2
30 139 2
55 146 1
18 73 2
14 58 2
11 172 2
24 47 2
16 160 1
4 149 1
15 72 1
41 50 2
4 141 1
40 122 1
7 60 2
26 121 1
4 42 2
8 41 2
16 38 2
15 37 2
55 120 1
16 154 1
25 173 1
1 74 2
15 71 2
40 128 1
28 111 1
43 44 2
1 46 2
25 53 2
46 59 2
45 60 2
5 76 1
56 66 2
43 137 1
11 103 1
2 123 1
19 167 1
24 58 2
16 149 2
3 135 2
59 63 1
14 114 2
45 69 1
2 156 1
49 119 1
5 55 2
2 9 2
40 41 2
51 104 1
45 141 1
12 138 1
34 92 2
23 25 2
43 163 2
16 45 2
57 150 1
29 76 1
5 57 2
21 107 2
28 34 2
33 42 2
9 79 1
7 46 2
7 95 1
31 35 2
4 71 1
9 38 2
34 127 2
23 47 2
23 168 1
24 175 1
43 47 2
54 163 1
7 71 2
50 55 2
1 115 1
10 86 1
37 154 1
53 156 1
29 31 2
59 116 2
14 177 1
6 96 2
57 64 1
5 156 2
6 178 1
13 23 2
36 114 1
43 119 1
46 125 1
58 167 1
6 39 2
47 93 1
45 145 2
7 113 2
15 115 1
48 127 2
25 149 1
1 140 1
21 151 1
0 24 2
18 145 2
49 105 1
14 30 2
44 175 2
57 59 2
1 50 2
23 45 2
46 142 1
31 38 2
56 63 1
8 94 1
46 47 2
53 93 1
30 160 2
44 169 2
59 120 1
51 56 2
58 125 1
43 62 1
40 152 1
12 79 1
13 90 1
4 146 1
34 156 1
31 34 2
20 121 2
22 169 1
17 82 1
40 119 1
6 58 2
54 106 1
17 174 1
39 77 1
8 32 2
16 44 2
5 17 2
47 70 1
2 32 2
24 128 1
47 122 1
26 42 2
44 115 2
8 45 2
8 30 2
59 124 1
4 9 2
10 129 1
11 152 2
17 33 2
53 142 1
31 170 1
52 88 1
50 65 1
21 55 2
23 24 2
58 99 1
53 171 1
17 111 1
6 59 2
46 50 2
8 165 1
37 55 2
28 92 2
34 52 2
31 146 1
12 49 2
9 41 2
7 51 2
23 77 1
42 129 2
2 37 2
38 54 2
22 67 2
23 122 2
32 104 1
14 132 1
56 164 1
34 45 2
38 168 1
15 20 2
41 55 2
6 109 1
55 169 2
6 94 2
14 77 1
5 80 1
37 84 2
0 160 1
8 153 1
6 105 1
4 45 2
44 95 1
27 31 2
2 105 1
7 152 1
46 70 1
25 108 1
30 43 2
44 127 2
25 78 1
40 140 1
9 32 2
40 51 2
8 140 1
5 56 2
59 176 2
12 42 2
10 84 2
33 94 1
11 17 2
26 113 2
55 138 1
17 32 2
21 85 1
43 138 1
36 142 1
6 42 2
19 150 1
12 155 1
35 45 2
39 115 1
32 144 1
15 112 1
46 117 1
17 71 1
12 176 2
1 122 2
2 158 2
13 162 1
18 48 2
36 71 1
26 32 2
11 49 2
16 139 1
48 107 2
31 135 2
48 80 1
40 56 2
47 155 1
6 38 2
46 122 1
28 51 2
3 177 1
20 50 2
29 164 1
19 115 2
11 151 1
52 59 2
45 170 1
37 45 2
9 161 2
25 176 1
44 65 1
29 132 1
46 128 1
9 37 2
7 149 1
10 115 2
30 114 1
3 108 1
11 76 1
12 163 1
7 17 2
33 158 1
9 16 2
12 28 2
33 68 1
45 86 1
28 129 1
57 95 1
49 131 2
6 34 2
58 113 2
22 98 1
23 53 2
0 45 2
41 129 2
21 116 1
6 41 2
29 64 1
4 94 2
19 80 1
17 27 2
53 90 2
25 100 1
8 60 1
13 144 1
32 158 2
46 52 2
28 39 2
54 84 1
3 115 1
29 177 1
22 76 1
6 91 1
14 46 2
29 44 2
19 91 1
0 100 2
20 104 1
1 64 1
47 86 2
30 49 2
15 78 1
3 148 2
3 25 2
46 69 1
2 18 2
46 137 2
17 55 2
28 41 2
35 46 2
12 102 1
0 136 1
2 21 2
5 73 1
33 166 1
36 96 1
8 42 2
46 94 2
59 166 2
34 85 1
33 62 1
32 96 1
16 51 2
22 118 1
53 132 1
10 57 2
31 136 1
32 44 2
15 99 1
14 80 1
28 72 1
44 148 1
2 97 2
5 10 2
11 32 2
18 132 1
8 22 2
25 112 2
10 17 2
24 172 1
49 97 2
51 161 1
41 90 1
46 80 1
19 41 2
38 89 1
1 147 1
1 61 2
40 110 1
27 113 2
28 33 2
38 55 2
14 47 2
59 64 1
30 158 2
14 151 1
4 169 1
4 47 2
29 73 1
49 57 2
0 55 2
44 170 1
36 138 1
36 87 2
5 94 1
0 32 2
14 109 1
27 112 1
2 170 2
57 96 1
48 53 2
24 162 1
49 82 2
11 162 1
56 140 1
18 102 2
38 60 1
25 35 2
18 31 2
0 54 2
3 51 2
46 74 2
48 60 1
33 89 1
30 111 1
18 96 1
35 137 2
53 56 2
59 129 1
0 142 1
9 146 1
49 81 1
51 111 1
7 96 1
33 175 1
1 106 1
20 153 2
1 148 2
45 74 2
19 160 1
57 100 1
30 166 2
49 116 2
16 116 1
27 55 2
19 96 1
42 46 2
9 121 1
3 16 2
35 41 2
49 123 1
41 95 1
50 147 1
39 48 2
0 105 1
13 51 2
40 103 2
39 43 2
0 26 2
38 68 1
5 121 1
29 168 2
56 94 1
16 20 2
1 2 2
50 101 2
7 16 2
51 72 1
52 133 2
35 140 2
54 80 1
35 160 2
50 51 2
23 35 2
32 174 2
7 54 2
27 165 1
10 58 2
3 151 2
21 79 1
33 93 1
17 69 2
54 171 1
3 172 1
25 113 1
23 43 2
12 35 2
45 143 2
51 61 2
33 72 1
9 117 2
54 77 1
55 173 1
17 26 2
9 25 2
33 79 1
23 109 1
36 58 2
21 84 1
18 84 2
37 66 1
42 56 2
41 145 2
54 124 1
53 65 1
0 44 2
46 130 2
34 123 2
59 137 2
46 68 1
47 74 2
19 151 2
16 29 2
3 149 1
1 73 1
28 70 2
57 91 1
31 123 2
47 59 2
29 35 2
26 140 1
47 121 1
18 99 1
7 37 2
3 73 1
1 71 1
14 81 2
20 140 1
44 154 1
16 35 2
23 171 1
25 179 1
31 132 2
17 176 1
55 111 2
42 71 1
48 116 1
22 171 1
25 167 1
3 94 1
59 136 1
33 85 1
41 136 1
40 154 1
2 34 2
49 120 1
39 126 2
3 173 2
22 61 2
32 95 2
36 49 2
1 135 1
22 43 2
14 131 2
17 136 1
14 15 2
28 97 1
15 35 2
42 51 2
7 98 2
4 43 2
38 50 2
35 107 2
55 75 1
15 167 2
47 57 2
2 16 2
3 11 2
0 87 1
19 78 1
47 53 2
27 36 2
4 53 2
16 71 1
13 80 1
4 29 2
20 34 2
12 101 2
14 108 1
34 172 1
42 147 2
31 40 2
29 78 1
22 162 1
17 165 1
25 77 2
48 100 1
40 102 2
35 104 2
5 93 2
7 28 2
42 139 1
30 171 1
19 22 2
51 68 1
33 127 2
49 175 1
49 121 1
40 121 2
17 77 1
4 84 1
3 153 2
7 102 2
26 167 1
20 139 2
38 117 1
1 5 2
38 49 2
3 31 2
45 135 1
52 110 1
21 90 2
23 33 2
20 99 1
32 157 1
43 160 2
48 152 1
3 84 1
8 18 2
36 39 2
0 52 2
53 103 2
14 85 2
33 92 1
18 161 1
5 24 2
42 59 2
7 47 2
7 143 1
37 118 1
21 126 1
18 149 1
19 21 2
20 156 1
9 135 1
46 106 2
53 125 1
20 71 2
16 167 2
2 177 1
0 157 2
19 145 1
36 110 1
55 158 2
6 161 1
16 37 2
23 75 1
13 38 2
55 84 1
21 115 1
56 132 2
37 104 1
41 173 1
17 40 2
25 163 1
40 45 2
32 167 2
21 28 2
54 162 2
42 161 1
57 120 1
9 52 2
38 124 2
34 154 1
27 90 1
3 123 2
12 46 2
10 113 1
59 83 1
34 158 2
34 72 2
32 170 1
17 137 1
7 136 2
46 132 1
50 130 1
23 79 1
31 142 1
3 110 2
50 144 2
45 50 2
11 25 2
49 100 1
11 136 2
20 92 1
52 154 1
9 36 2
1 14 2
20 81 1
37 149 1
16 172 2
59 86 1
26 62 1
0 9 2
36 51 2
44 143 2
35 56 2
41 104 1
20 55 2
28 58 2
30 37 2
9 111 1
48 172 1
33 83 1
22 108 1
24 43 2
9 156 1
58 144 1
47 107 1
0 175 1
14 152 2
56 58 2
31 79 1
16 47 2
31 93 1
4 50 2
30 68 1
13 46 2
16 132 1
4 13 2
11 144 2
23 49 2
38 172 1
14 125 1
37 150 1
3 88 1
12 40 2
7 27 2
42 69 1
59 165 2
54 127 1
34 59 2
2 73 1
1 103 1
52 105 2
26 159 1
10 78 1
14 110 1
3 36 2
12 169 1
23 117 1
57 63 1
1 153 1
5 34 2
20 145 1
32 142 1
6 179 1
11 118 1
22 73 1
20 46 2
16 153 1
39 125 2
58 59 2
24 161 2
47 98 1
6 23 2
49 150 2
57 72 2
8 173 1
11 139 1
52 162 1
34 120 2
4 77 1
40 98 2
1 111 2
6 15 2
21 112 2
34 63 1
53 146 1
49 53 2
11 115 2
7 159 2
54 62 2
42 100 1
24 139 1
11 122 1
33 118 2
15 116 1
23 74 1
30 140 1
29 163 1
58 145 1
26 92 1
11 82 1
26 142 1
14 171 1
59 71 1
58 109 1
18 120 1
31 174 1
7 129 2
6 18 2
27 163 1
8 68 1
2 131 2
17 57 2
28 137 2
12 161 1
36 117 1
54 173 1
23 170 2
1 49 2
58 79 2
32 97 1
18 76 1
8 58 2
5 140 1
6 88 1
58 112 1
14 23 2
2 24 2
30 88 1
33 140 1
33 165 1
0 17 2
49 125 2
52 109 2
13 161 1
13 136 1
11 102 2
48 79 1
59 60 1
46 135 1
55 107 1
49 147 1
17 155 2
0 106 1
46 54 2
48 146 2
52 55 2
36 126 1
11 170 2
8 126 1
25 133 2
21 77 1
15 111 1
0 50 2
27 68 1
58 116 1
30 89 1
17 20 2
6 130 1
9 157 1
53 61 1
51 109 1
45 59 2
31 63 2
8 92 2
24 167 2
56 99 2
24 40 2
26 45 2
2 125 1
8 13 2
29 55 2
27 44 2
30 179 1
49 134 1
57 76 2
54 86 1
50 116 1
23 152 2
9 165 1
21 179 1
13 134 1
29 134 2
33 71 1
14 34 2
25 125 2
29 109 1
46 156 1
11 45 2
19 131 1
1 120 1
11 44 2
59 61 1
25 111 1
45 122 1
44 54 2
29 57 2
43 45 2
37 112 2
6 151 1
43 72 2
41 160 1
12 141 2
32 88 1
9 56 2
34 71 1
2 52 2
10 124 1
47 135 1
15 153 1
13 163 1
6 37 2
33 134 1
28 113 1
40 151 2
20 41 2
13 107 2
26 69 2
5 54 2
13 148 1
1 17 2
36 37 2
48 130 2
22 71 2
39 117 1
40 69 2
30 161 1
35 147 1
15 88 1
37 40 2
21 25 2
59 178 2
58 175 1
51 162 1
55 80 1
43 55 2
43 121 1
22 109 1
46 107 2
35 158 1
55 136 2
53 92 1
39 42 2
35 36 2
12 33 2
5 157 1
48 71 2
39 41 2
48 115 1
5 89 1
2 35 2
35 157 1
54 148 2
47 166 2
50 157 2
3 134 2
52 112 1
37 80 2
42 122 1
29 123 2
12 92 1
17 178 1
17 114 2
1 7 2
16 120 1
34 117 1
29 47 2
10 51 2
15 77 1
21 163 1
22 123 1
19 32 2
42 143 1
56 90 2
34 122 1
42 107 1
12 125 1
9 116 1
52 70 1
14 70 1
36 102 1
56 139 1
20 22 2
28 63 1
35 54 2
18 29 2
39 101 1
5 53 2
22 121 2
2 102 2
1 160 1
11 14 2
31 127 2
58 139 1
0 37 2
45 106 1
22 33 2
33 35 2
22 100 2
13 43 2
55 148 1
57 124 1
32 58 2
1 163 1
2 86 1
35 81 2
12 16 2
20 69 1
56 160 1
41 162 2
11 157 1
9 107 1
24 85 2
29 66 1
5 35 2
11 43 2
10 160 1
27 35 2
17 135 1
13 176 1
14 107 1
9 39 2
7 32 2
57 169 1
11 146 1
7 59 2
37 131 1
58 155 1
21 169 1
29 61 1
40 109 1
9 30 2
6 44 2
52 71 1
11 131 1
39 107 1
43 106 1
28 142 1
27 82 1
29 37 2
47 84 1
9 23 2
5 68 1
14 75 1
53 87 1
10 171 2
41 111 2
4 17 2
2 7 2
2 122 2
49 85 1
16 164 1
27 172 2
49 127 1
13 178 1
13 91 2
34 93 1
6 66 2
12 43 2
11 33 2
23 39 2
11 92 2
9 130 1
36 80 1
13 115 1
29 158 2
59 171 2
20 131 1
39 55 2
30 82 2
44 106 2
29 48 2
44 62 1
54 151 1
1 27 2
51 100 2
58 80 2
35 76 1
0 35 2
48 96 1
32 100 2
5 132 2
35 177 1
6 146 1
8 158 1
18 125 1
13 37 2
4 37 2
0 90 1
35 59 2
23 31 2
54 140 2
55 153 2
24 130 1
18 171 1
35 94 1
59 135 1
39 111 1
22 133 1
42 82 1
21 37 2
4 138 2
20 21 2
11 41 2
12 69 2
49 141 2
22 167 1
18 63 2
27 151 2
44 67 1
15 152 1
11 75 1
21 83 1
50 155 2
13 170 2
26 130 2
2 28 2
14 148 1
4 139 1
14 165 1
58 90 1
41 166 1
28 65 1
19 178 1
26 172 1
50 177 2
6 50 2
26 134 1
15 34 2
18 20 2
3 100 2
3 146 2
19 95 2
23 133 1
8 79 1
4 57 2
50 145 2
25 109 1
13 33 2
23 34 2
45 159 2
10 80 1
41 118 1
38 52 2
3 155 2
23 147 1
3 175 2
20 78 1
54 165 1
13 15 2
31 68 2
43 126 1
59 107 2
1 10 2
5 9 2
15 158 2
33 141 1
57 156 2
41 167 1
56 109 1
6 7 2
35 172 1
54 83 1
22 149 1
40 171 2
35 121 1
31 106 2
11 87 1
17 126 1
3 129 2
7 55 2
17 105 1
5 62 1
40 123 2
50 122 1
17 109 2
58 77 1
42 130 1
55 62 1
4 136 2
5 173 2
53 162 1
48 173 1
39 52 2
50 88 2
22 48 2
44 73 2
42 76 1
4 96 1
9 98 1
0 47 2
41 43 2
17 50 2
48 90 1
18 108 2
26 165 1
2 51 2
52 114 1
3 157 1
11 56 2
31 33 2
47 137 1
51 152 1
7 58 2
47 142 2
22 24 2
34 56 2
33 148 1
40 53 2
36 128 2
8 16 2
7 10 2
7 156 1
5 84 1
13 19 2
30 63 1
7 21 2
16 150 1
33 163 1
7 78 1
59 97 1
15 140 1
11 78 1
26 28 2
5 25 2
44 165 1
25 172 1
46 112 2
0 98 2
48 77 1
20 173 2
44 72 1
50 169 2
3 104 2
31 42 2
36 127 2
1 158 2
5 126 2
21 162 2
56 101 1
20 91 1
57 67 1
20 124 2
30 54 2
48 83 2
51 67 1
34 128 1
10 99 1
3 4 2
5 26 2
29 147 1
35 109 2
25 134 2
49 144 2
36 45 2
57 94 2
45 49 2
18 52 2
5 18 2
2 33 2
37 164 1
2 150 1
12 39 2
8 105 2
41 125 1
8 116 1
58 63 1
24 153 2
21 33 2
27 144 2
0 11 2
24 173 1
52 134 1
6 143 2
23 84 2
16 52 2
35 174 2
48 133 1
17 98 1
2 10 2
12 60 2
19 153 1
1 104 1
22 128 2
11 71 1
42 140 1
18 123 1
30 130 1
21 150 1
13 41 2
7 86 2
42 121 2
38 142 1
11 130 2
34 43 2
27 28 2
6 16 2
31 62 1
15 118 2
17 93 1
15 95 2
57 175 2
2 23 2
27 105 1
34 96 1
5 13 2
14 145 1
7 145 1
9 148 1
9 55 2
26 178 1
37 58 2
19 20 2
50 80 2
52 137 2
33 155 1
3 109 1
40 82 1
13 114 1
15 81 2
32 50 2
6 57 2
56 176 2
17 23 2
33 168 1
4 27 2
30 67 2
31 137 1
8 177 1
45 83 1
5 61 2
6 85 1
44 140 1
17 164 1
38 162 1
22 145 1
11 81 1
4 75 1
52 89 1
10 40 2
44 46 2
25 157 1
45 93 1
30 66 1
5 110 1
8 11 2
45 167 1
33 138 2
40 155 2
53 115 1
36 47 2
19 63 2
24 149 2
32 110 1
1 83 1
45 47 2
1 143 1
13 45 2
21 128 1
23 129 2
8 132 2
0 57 2
59 151 2
11 15 2
28 178 1
21 141 2
54 126 2
1 29 2
32 42 2
51 171 2
29 124 1
12 114 1
30 126 1
12 30 2
12 142 1
41 72 2
27 146 2
11 88 1
44 60 1
33 157 2
4 156 1
38 43 2
6 71 1
9 18 2
37 60 1
35 161 1
49 142 1
2 17 2
36 119 2
3 95 2
43 141 2
9 147 2
28 159 2
49 95 1
7 168 1
10 24 2
28 108 1
55 72 1
15 147 1
36 109 2
58 152 1
20 33 2
40 84 1
49 115 2
48 171 1
58 70 2
2 121 1
23 145 1
55 103 1
54 58 2
13 24 2
5 124 2
43 48 2
57 173 2
18 98 2
4 25 2
18 121 2
29 156 2
47 63 1
7 81 1
30 44 2
22 138 1
21 22 2
37 138 2
28 61 1
19 155 2
26 160 1
21 160 1
41 109 2
17 68 1
12 34 2
35 73 2
20 169 1
53 62 1
52 149 1
39 129 2
10 45 2
20 51 2
22 41 2
51 75 1
40 162 1
51 128 2
29 125 1
28 96 1
28 123 2
29 34 2
52 126 1
48 61 1
22 51 2
27 169 1
21 156 1
9 22 2
14 101 2
32 132 1
44 112 2
42 91 2
43 75 1
41 116 2
35 176 1
18 88 2
50 59 2
41 131 1
22 58 2
43 122 1
16 63 1
19 23 2
21 27 2
27 129 2
47 82 1
12 13 2
31 87 1
57 92 2
41 101 1
23 92 1
9 125 1
28 167 1
18 37 2
3 178 2
35 145 2
52 87 1
52 90 2
16 125 2
53 158 1
58 160 1
56 65 1
56 158 1
38 71 2
43 90 1
18 67 1
45 99 1
47 164 1
5 139 2
26 30 2
6 177 2
1 16 2
35 63 1
11 150 2
16 107 1
46 144 1
54 139 1
18 126 1
1 21 2
53 154 2
57 170 2
32 84 1
4 40 2
15 174 1
32 166 2
29 89 1
41 91 1
47 149 1
16 135 1
20 149 2
56 59 2
11 52 2
10 22 2
50 98 1
7 53 2
26 95 1
26 56 2
23 134 1
48 124 1
55 78 1
13 100 1
12 36 2
15 107 1
7 99 1
2 104 1
29 120 1
4 46 2
38 88 2
14 115 1
1 11 2
0 167 2
45 62 1
37 54 2
21 31 2
52 86 1
7 100 1
19 158 1
37 151 1
15 75 1
38 77 2
14 64 2
31 166 1
43 61 2
0 14 2
18 22 2
2 179 2
35 39 2
43 157 1
14 106 2
44 117 2
33 87 1
9 69 1
5 39 2
0 28 2
2 90 1
23 166 1
1 166 1
27 104 2
34 50 2
20 150 1
49 74 1
32 41 2
10 128 1
38 133 2
52 97 1
13 120 1
19 112 1
52 140 1
50 95 1
38 115 1
18 173 1
41 49 2
22 174 1
46 114 2
34 159 1
55 119 1
6 68 1
46 171 2
15 177 2
29 157 1
35 86 2
37 43 2
14 63 2
15 163 1
41 142 2
21 68 1
1 15 2
46 113 1
4 140 1
22 91 1
51 81 1
7 121 2
54 104 1
25 32 2
6 114 1
15 175 1
15 29 2
37 38 2
30 143 1
21 178 2
13 156 1
21 40 2
31 57 2
24 171 1
16 55 2
0 85 2
41 48 2
53 148 1
51 94 1
5 51 2
46 62 1
1 39 2
32 46 2
4 133 2
24 179 1
34 163 1
22 47 2
34 57 2
24 57 2
6 116 1
31 73 1
5 23 2
17 95 1
16 40 2
35 168 1
57 117 1
10 165 1
28 46 2
36 44 2
39 85 1
32 172 1
45 97 1
3 76 1
37 177 1
29 32 2
32 80 2
59 170 1
29 30 2
22 57 2
23 64 1
13 83 1
15 96 2
3 116 1
41 103 1
37 173 2
7 75 1
56 100 2
25 36 2
37 111 1
11 113 2
10 74 1
21 72 1
4 132 1
40 115 2
45 113 1
13 28 2
9 132 2
45 165 1
33 99 1
9 42 2
23 29 2
17 130 2
31 43 2
3 33 2
29 74 1
12 99 2
6 43 2
31 105 2
7 90 2
36 155 1
33 53 2
16 50 2
24 46 2
57 174 1
30 101 1
18 124 1
38 120 1
7 120 1
11 158 2
27 54 2
55 166 2
1 19 2
20 122 1
54 142 1
27 65 2
45 128 1
31 59 2
38 100 1
7 173 1
41 121 1
6 160 1
57 58 2
43 78 2
6 33 2
20 161 2
10 59 2
38 139 1
33 167 1
38 160 1
23 100 2
10 26 2
10 15 2
7 49 2
53 98 1
56 57 2
18 129 2
17 112 1
27 153 2
55 58 2
3 47 2
51 118 1
33 124 1
48 169 1
28 105 1
28 40 2
30 137 1
54 100 1
17 100 2
18 71 2
20 130 2
36 52 2
36 136 1
16 140 2
37 105 1
42 99 1
30 38 2
39 169 1
5 7 2
48 123 2
44 151 1
31 148 2
5 163 1
10 162 2
7 30 2
7 85 1
29 143 1
50 67 1
43 101 1
13 117 1
3 114 2
12 96 1
23 68 1
7 74 1
14 54 2
23 135 1
13 35 2
59 121 1
37 140 1
30 95 1
24 123 2
7 115 1
47 48 2
16 119 1
30 73 2
37 63 2
37 102 1
35 111 1
13 44 2
23 175 1
57 78 1
3 160 1
45 81 1
3 154 1
43 64 1
25 27 2
30 87 1
25 82 2
46 139 1
46 78 2
17 74 2
2 13 2
38 87 1
30 55 2
12 166 1
14 51 2
30 46 2
50 176 2
37 71 2
10 46 2
44 63 2
23 91 2
58 83 2
5 28 2
32 102 1
44 136 1
40 120 1
1 40 2
31 44 2
29 148 1
43 115 1
4 101 1
29 115 1
2 100 1
5 123 1
34 178 1
42 163 2
38 157 2
15 106 1
25 52 2
2 46 2
49 161 1
9 77 1
23 105 2
13 56 2
4 93 1
23 66 2
25 40 2
5 31 2
47 50 2
13 17 2
1 178 1
29 165 2
30 135 2
59 74 1
1 9 2
11 119 1
35 53 2
49 165 1
51 62 2
8 28 2
58 122 2
19 26 2
46 101 1
38 97 1
53 136 1
58 162 1
21 67 2
3 121 1
40 149 1
39 113 1
29 161 1
16 57 2
41 120 1
12 45 2
16 83 1
41 159 2
9 57 2
41 59 2
37 49 2
25 135 2
6 19 2
15 150 1
45 118 1
46 75 1
11 98 2
41 66 1
22 96 1
53 138 1
21 154 1
13 53 2
49 51 2
45 131 1
44 51 2
50 56 2
36 139 2
11 176 1
42 119 1
43 156 2
27 89 1
50 158 1
30 41 2
28 119 1
48 108 1
5 8 2
41 54 2
40 47 2
42 48 2
54 93 1
33 81 2
49 62 1
42 52 2
5 170 1
33 123 2
7 23 2
24 26 2
3 80 1
53 118 1
17 52 2
11 36 2
39 44 2
27 88 1
26 29 2
32 64 1
36 170 1
58 86 1
15 130 1
23 141 1
17 160 2
19 35 2
14 87 1
29 59 2
4 12 2
41 73 1
57 71 1
27 95 2
23 160 1
35 131 1
24 49 2
11 63 1
27 37 2
58 103 1
14 31 2
1 52 2
24 32 2
56 74 1
14 21 2
10 92 1
23 36 2
11 62 1
35 71 1
39 40 2
9 31 2
48 56 2
3 145 2
50 141 1
8 69 1
59 142 2
13 75 1
23 65 1
38 70 2
16 59 2
16 48 2
7 128 2
48 111 1
35 62 2
6 22 2
45 112 1
44 146 1
32 116 1
21 127 1
35 117 2
12 98 2
15 39 2
37 120 1
24 38 2
3 66 1
1 149 1
13 48 2
3 139 2
13 39 2
6 70 2
14 159 1
4 100 1
12 48 2
8 43 2
13 87 1
27 64 2
27 143 1
2 152 1
2 36 2
45 52 2
52 67 2
50 112 1
54 102 2
6 140 1
24 166 1
12 112 1
52 164 2
3 107 1
38 126 1
7 91 2
27 115 1
29 60 1
8 44 2
45 174 1
26 102 2
8 39 2
39 109 2
16 30 2
8 12 2
20 141 1
42 79 1
29 102 1
57 93 1
8 130 2
25 150 1
52 91 1
46 161 1
13 109 1
0 169 2
18 32 2
8 33 2
45 107 1
10 161 2
35 49 2
49 54 2
21 146 2
19 169 1
57 161 1
21 42 2
27 164 2
7 22 2
42 96 1
15 119 1
19 31 2
8 48 2
13 26 2
21 50 2
17 36 2
13 169 2
12 38 2
36 84 1
55 128 2
23 114 1
26 80 1
12 171 2
15 176 1
39 176 1
42 134 1
21 63 1
26 60 2
40 88 2
27 173 2
26 131 1
54 108 1
27 98 2
4 16 2
44 92 2
3 5 2
45 149 1
2 30 2
35 116 1
16 173 1
52 175 1
20 26 2
28 55 2
4 61 2
14 20 2
46 116 1
0 144 1
52 143 1
43 135 1
38 46 2
11 39 2
10 164 2
33 149 1
21 101 1
39 91 2
28 47 2
4 48 2
16 21 2
31 141 1
0 147 2
24 176 2
39 81 1
11 66 2
5 42 2
17 106 2
58 172 1
37 146 2
36 82 1
18 134 2
18 19 2
16 43 2
36 42 2
7 38 2
7 56 2
1 32 2
30 151 1
28 131 1
43 164 1
44 82 2
32 152 1
24 132 1
29 166 1
57 164 1
14 53 2
32 92 1
36 94 1
43 87 1
23 63 1
51 58 2
25 46 2
50 131 1
47 71 1
10 159 1
43 145 2
17 44 2
25 34 2
8 21 2
42 53 2
6 14 2
52 171 2
54 130 1
2 96 1
44 129 1
36 168 2
2 111 1
12 54 2
13 125 2
7 15 2
43 70 1
3 55 2
34 54 2
11 37 2
19 74 1
54 96 1
12 56 2
5 6 2
2 138 1
7 135 1
30 176 1
8 141 1
15 161 1
22 124 1
2 70 2
32 37 2
37 70 1
9 139 1
6 46 2
3 179 1
0 172 2
25 58 2
20 44 2
22 95 1
31 143 1
59 119 1
36 176 1
11 13 2
58 169 1
0 8 2
23 76 1
28 168 1
38 91 1
13 98 1
48 168 2
42 117 2
4 114 1
42 44 2
15 89 1
33 131 1
40 108 2
16 53 2
11 105 2
20 72 2
41 106 1
21 153 1
14 56 2
2 43 2
26 89 1
3 162 2
41 44 2
53 163 1
32 67 1
4 52 2
13 129 1
51 52 2
8 133 2
6 11 2
37 73 1
54 69 1
25 129 1
10 50 2
18 166 1
44 133 1
37 69 1
33 153 2
27 179 2
57 163 1
55 132 2
2 54 2
39 108 2
12 158 1
59 87 1
50 163 1
2 55 2
54 133 2
33 171 1
48 74 1
19 159 2
33 70 2
1 60 2
43 59 2
8 123 1
16 152 1
13 135 1
42 132 1
27 142 1
1 162 2
19 124 1
37 77 2
30 168 1
55 92 1
8 52 2
35 153 1
10 20 2
52 107 2
23 179 1
7 26 2
24 143 1
43 113 1
5 45 2
3 30 2
0 143 1
58 131 1
40 55 2
25 31 2
19 75 1
26 176 2
31 104 2
15 171 1
3 150 2
47 151 1
46 92 1
19 103 2
48 167 1
55 149 1
24 107 1
32 49 2
21 165 2
12 128 1
1 68 1
35 159 1
2 85 1
6 139 1
25 47 2
12 131 1
39 157 1
14 44 2
22 103 1
20 59 2
21 49 2
24 72 2
26 73 1
14 169 2
36 50 2
16 22 2
25 33 2
38 137 2
10 43 2
28 86 1
56 85 1
12 75 1
50 105 2
26 166 1
11 80 2
47 178 1
26 147 1
34 177 2
7 146 1
3 37 2
12 29 2
26 120 1
50 152 2
10 95 1
13 152 2
33 52 2
53 129 1
20 177 1
32 76 1
52 172 2
24 91 2
31 67 1
8 144 1
34 171 1
50 87 1
49 64 2
21 99 1
21 144 1
1 110 1
45 173 1
32 112 1
47 175 1
45 85 1
2 164 1
35 126 1
10 93 1
21 95 1
34 165 1
15 48 2
28 30 2
9 59 2
12 27 2
13 49 2
0 101 1
11 73 1
24 109 1
37 52 2
17 88 1
44 59 2
8 145 2
52 138 2
22 99 2
50 179 1
50 68 1
23 156 1
19 82 1
3 106 2
25 95 1
47 117 1
52 176 1
2 115 2
44 76 1
19 47 2
57 101 1
2 92 1
38 53 2
50 132 1
22 122 1
28 54 2
48 69 2
17 56 2
11 112 1
37 148 1
21 43 2
1 108 1
14 126 2
27 29 2
19 123 1
5 47 2
40 158 2
9 95 1
23 131 1
50 66 1
8 54 2
46 162 1
36 55 2
53 150 2
18 109 1
25 50 2
55 165 1
55 106 1
34 148 1
39 95 1
45 120 1
11 23 2
16 166 1
34 97 1
18 49 2
9 48 2
41 88 2
16 87 1
59 123 1
39 87 1
57 133 2
9 158 1
7 93 2
30 34 2
37 171 2
46 56 2
42 55 2
18 110 2
15 68 1
35 100 1
57 73 1
32 43 2
16 56 2
34 103 2
28 67 2
11 57 2
52 72 2
48 131 1
30 169 2
20 157 1
18 30 2
41 164 2
12 135 1
24 27 2
36 62 1
0 62 2
33 84 1
43 54 2
48 163 2
55 65 1
6 98 1
55 179 1
33 121 1
31 98 2
53 179 2
16 138 1
47 145 1
30 131 1
16 165 1
13 159 2
33 126 1
58 85 2
38 69 1
17 94 1
11 65 1
8 66 2
34 100 1
41 70 1
16 91 1
12 156 2
6 90 2
27 83 1
31 107 2
40 125 1
3 111 1
57 111 1
12 52 2
40 90 1
0 68 1
17 158 1
20 167 1
11 79 1
9 53 2
31 49 2
3 32 2
20 137 2
2 76 1
56 146 1
42 57 2
52 174 1
53 128 2
24 95 1
6 30 2
15 65 2
2 110 1
56 171 2
24 117 2
13 102 1
28 124 1
1 142 1
4 63 1
3 15 2
55 117 1
6 40 2
18 165 1
43 49 2
34 151 1
29 58 2
39 162 1
28 120 2
20 67 2
48 84 1
4 7 2
21 133 1
16 94 1
22 36 2
42 138 1
42 77 1
41 124 1
29 108 1
15 52 2
20 89 1
10 90 1
27 43 2
11 35 2
9 164 1
58 111 1
32 139 2
57 122 1
31 175 1
25 104 1
14 166 2
3 78 2
52 116 1
9 65 1
49 176 1
9 15 2
19 90 1
57 159 2
1 101 1
33 50 2
16 24 2
55 139 1
56 88 2
22 151 1
36 40 2
42 97 2
10 42 2
31 84 1
36 106 1
25 69 2
2 166 1
57 75 1
37 113 1
38 147 1
13 59 2
32 119 1
31 48 2
15 98 1
38 85 1
48 174 1
15 138 1
6 53 2
17 70 1
17 78 1
24 34 2
13 20 2
17 64 1
55 81 1
20 39 2
0 74 1
8 119 1
17 39 2
22 152 1
27 97 1
48 101 1
43 104 2
15 114 1
32 33 2
4 157 1
57 127 2
5 52 2
9 70 1
5 160 2
0 121 1
12 179 1
17 171 1
37 128 1
33 44 2
19 48 2
53 55 2
25 37 2
8 148 1
15 109 2
40 126 1
45 162 1
6 48 2
17 58 2
9 140 2
15 126 1
3 24 2
3 20 2
49 59 2
56 77 1
11 165 1
55 156 1
8 50 2
36 144 1
4 102 1
29 33 2
10 132 2
22 78 1
35 130 1
23 178 2
21 139 1
6 128 1
43 131 1
33 69 1
21 65 1
43 52 2
22 111 2
41 165 1
7 8 2
56 178 1
51 106 1
55 177 2
57 179 1
15 102 2
41 161 1
35 151 1
17 152 2
46 163 2
57 178 1
26 93 1
16 32 2
0 3 2
13 149 1
7 117 2
12 173 1
19 133 2
1 45 2
4 51 2
57 157 1
12 63 1
12 41 2
54 122 2
5 145 1
50 89 2
33 162 1
4 170 1
32 54 2
34 95 1
11 138 2
23 41 2
24 28 2
32 57 2
10 13 2
17 92 1
1 88 1
27 86 1
11 135 2
58 130 2
19 83 1
23 38 2
33 47 2
30 123 1
48 150 2
12 108 2
46 110 1
39 89 1
10 121 2
12 90 1
24 140 1
14 176 2
25 92 1
19 161 1
22 137 2
26 51 2
24 90 1
57 123 2
45 130 1
7 139 2
23 104 1
42 168 2
21 53 2
15 22 2
32 129 1
27 174 1
15 40 2
8 14 2
14 157 1
43 81 2
46 160 2
21 89 2
57 105 2
10 11 2
29 155 2
6 113 1
8 121 2
10 35 2
57 81 1
29 170 1
50 175 1
5 153 1
14 98 1
28 83 1
8 59 2
7 151 1
24 74 2
2 39 2
24 65 1
10 125 1
49 50 2
2 26 2
39 53 2
38 103 1
24 67 2
1 26 2
11 48 2
16 78 2
46 95 1
16 106 2
36 149 1
17 47 2
31 99 2
5 64 1
4 85 1
2 57 2
57 87 1
10 104 1
46 84 2
43 83 1
30 42 2
6 171 1
1 30 2
25 114 1
47 103 1
2 75 1
8 40 2
47 139 1
48 55 2
3 58 2
13 74 1
24 138 1
9 35 2
30 167 1
34 113 1
13 158 1
19 46 2
51 107 2
32 118 1
33 49 2
20 119 1
20 57 2
3 119 1
6 162 1
35 47 2
40 60 1
32 122 1
25 56 2
24 62 2
4 90 1
55 154 2
41 146 2
48 119 1
7 14 2
3 169 1
35 122 2
37 101 2
6 95 1
20 38 2
18 167 2
56 161 1
14 163 2
38 166 1
17 25 2
12 136 1
34 149 2
46 157 1
12 106 1
0 36 2
35 178 1
57 114 2
38 40 2
46 159 2
7 88 2
8 112 1
5 150 1
30 48 2
4 32 2
29 70 1
4 177 2
14 76 1
25 132 2
43 133 1
50 97 2
32 141 1
13 150 2
46 55 2
39 156 1
22 40 2
7 79 1
58 98 1
16 17 2
52 100 1
13 32 2
32 79 1
46 71 2
39 139 1
57 112 2
7 103 1
23 123 1
43 103 2
11 174 2
28 69 1
2 119 1
5 167 1
31 125 2
22 102 1
47 154 1
18 154 2
20 43 2
23 177 1
15 56 2
22 30 2
30 56 2
51 74 2
27 40 2
1 62 1
28 157 2
22 119 2
5 92 1
0 159 1
2 19 2
4 107 1
45 110 1
55 170 2
9 72 2
45 176 1
4 124 1
0 179 1
9 85 1
19 30 2
40 49 2
7 140 1
57 129 2
30 59 2
23 154 1
50 111 1
27 100 2
36 72 1
10 136 2
18 26 2
57 88 2
29 51 2
33 43 2
54 90 2
14 95 2
33 151 2
37 158 1
47 68 1
13 116 1
12 137 2
11 61 1
16 177 1
38 170 1
37 46 2
22 68 1
20 105 2
36 169 1
50 53 2
35 173 1
29 68 2
49 61 1
59 133 1
59 146 1
34 61 1
8 178 1
30 152 2
20 54 2
3 17 2
12 24 2
22 114 2
41 42 2
56 86 1
13 14 2
32 150 1
39 134 2
0 152 1
30 112 1
16 171 1
21 29 2
7 89 1
3 74 2
59 160 1
30 165 1
19 149 1
10 120 1
39 102 2
58 69 1
4 5 2
28 175 2
5 15 2
19 105 1
43 63 1
39 70 2
47 88 2
56 119 1
33 37 2
38 57 2
24 68 2
13 85 1
9 81 2
2 134 1
13 84 1
59 65 1
51 88 2
24 116 2
5 168 2
12 71 1
3 166 1
5 46 2
11 145 2
56 118 1
35 65 1
51 147 1
23 62 1
57 130 1
47 133 1
14 102 1
16 98 2
41 105 1
15 25 2
39 46 2
43 77 2
47 132 2
1 20 2
38 174 1
7 122 2
14 154 2
20 96 2
44 100 2
9 176 1
51 113 1
17 101 1
23 44 2
58 156 1
34 88 1
17 131 1
40 167 2
37 65 1
32 106 2
56 105 1
54 144 2
51 127 1
37 159 1
16 72 1
10 97 1
36 132 2
39 67 2
39 73 1
5 20 2
50 115 1
11 46 2
21 143 2
37 125 1
1 151 1
49 89 1
53 113 1
47 108 1
15 121 1
36 162 2
20 165 1
44 113 2
35 163 1
27 96 2
31 118 1
51 177 1
42 58 2
54 71 1
38 143 1
28 95 2
6 81 1
21 120 1
45 178 1
10 103 1
42 162 1
22 93 1
50 60 1
42 81 1
40 153 1
19 81 1
19 129 1
24 145 1
7 155 1
36 175 1
14 142 1
55 151 2
23 173 1
37 160 2
2 53 2
1 95 1
8 134 2
15 139 2
1 87 2
36 104 2
23 99 2
55 100 1
26 35 2
17 139 2
53 100 2
56 147 1
48 164 2
8 147 2
39 137 1
36 46 2
25 147 2
37 39 2
14 25 2
42 104 2
2 79 1
14 153 2
18 172 1
17 154 1
37 114 1
50 104 2
57 155 2
26 136 1
53 123 1
3 71 1
48 81 2
8 26 2
54 132 1
51 57 2
21 56 2
14 123 1
39 51 2
51 90 2
10 168 1
0 42 2
9 120 2
26 118 1
3 14 2
9 50 2
31 133 1
8 100 1
20 52 2
31 171 1
3 164 1
23 107 2
11 117 1
15 38 2
33 41 2
27 58 2
42 126 1
14 37 2
54 87 1
27 152 1
51 87 2
35 90 1
32 151 1
34 37 2
36 145 1
26 169 1
36 105 1
29 46 2
41 85 2
2 88 1
19 118 1
9 101 1
34 157 1
17 170 2
12 167 2
20 134 2
49 128 1
44 55 2
46 73 1
36 112 1
4 65 1
52 81 1
43 151 1
51 54 2
29 162 1
44 79 1
19 43 2
44 120 2
58 88 2
32 69 2
20 138 1
4 147 1
0 170 1
20 48 2
31 110 1
37 47 2
15 31 2
9 14 2
38 153 1
54 78 1
56 81 2
7 50 2
51 119 2
8 120 1
47 85 2
55 122 1
7 166 1
5 103 1
8 62 1
42 89 2
8 135 1
47 143 1
36 141 1
26 76 1
38 42 2
6 10 2
6 104 1
26 171 1
38 179 1
49 177 2
19 67 2
34 118 2
12 159 2
33 58 2
30 146 2
13 42 2
38 93 2
49 79 2
44 48 2
16 41 2
41 45 2
33 46 2
7 87 1
53 86 2
53 80 2
1 118 2
15 36 2
10 153 2
27 70 1
18 117 1
45 66 2
1 57 2
1 48 2
35 37 2
22 50 2
9 150 1
52 129 2
53 60 2
35 55 2
1 6 2
21 136 2
35 97 1
39 50 2
19 68 1
15 170 1
1 133 1
35 123 1
4 119 1
16 90 1
48 73 2
1 4 2
57 125 2
3 35 2
29 172 1
28 74 1
11 90 1
37 144 1
14 59 2
0 124 1
26 127 2
37 155 1
57 146 1
13 167 2
47 89 1
17 79 2
21 172 1
15 132 2
23 48 2
29 119 1
32 164 1
26 70 2
24 60 1
32 127 1
33 67 1
40 112 1
24 154 1
12 154 2
23 119 2
32 45 2
3 117 1
1 84 1
7 41 2
35 143 1
32 101 2
57 137 1
2 50 2
9 12 2
34 41 2
3 23 2
42 178 2
47 127 1
4 113 1
4 175 1
23 121 1
12 144 2
50 102 2
4 142 1
1 42 2
20 32 2
17 99 2
55 118 1
33 57 2
27 178 1
5 33 2
36 160 1
27 32 2
3 7 2
15 157 2
19 163 1
0 134 2
18 56 2
2 143 1
9 171 1
11 40 2
0 81 1
36 173 1
10 98 1
54 179 2
59 150 2
6 102 1
1 58 2
15 162 2
46 169 2
34 155 1
36 156 1
58 158 2
48 94 1
33 144 1
6 31 2
27 52 2
9 28 2
23 162 1
16 101 2
42 120 2
3 96 1
4 10 2
1 51 2
25 141 2
14 119 1
16 23 2
14 32 2
14 105 2
48 154 1
16 64 1
55 168 2
48 149 2
12 127 1
28 57 2
45 125 1
54 55 2
15 50 2
37 143 1
2 145 1
43 161 1
35 43 2
10 73 2
1 65 1
52 54 2
20 132 1
29 105 1
51 99 2
20 64 1
38 94 1
7 39 2
28 73 1
36 56 2
13 61 1
26 143 2
27 46 2
14 26 2
54 141 2
4 117 1
1 93 1
33 179 1
54 107 1
42 164 1
58 178 2
58 117 1
27 118 1
45 89 2
51 137 1
24 77 2
21 173 1
0 78 2
4 98 1
44 172 1
3 91 1
21 74 2
5 131 1
44 144 1
10 37 2
22 88 2
2 129 2
12 59 2
2 56 2
11 142 1
22 94 1
29 104 1
24 131 1
42 88 1
50 117 2
53 140 1
8 107 1
9 83 1
45 132 1
32 56 2
41 81 1
2 159 2
26 33 2
9 110 1
53 165 1
52 62 1
13 30 2
10 135 1
14 170 1
49 93 2
45 115 2
57 116 1
53 54 2
28 115 1
45 123 2
13 143 2
53 68 2
49 122 1
3 52 2
5 176 1
12 15 2
24 156 2
28 93 1
24 53 2
50 124 1
45 80 2
30 120 2
52 121 2
59 82 2
24 50 2
23 97 2
27 141 1
50 139 2
26 43 2
5 67 2
18 157 1
6 54 2
17 144 1
24 165 1
40 48 2
38 152 1
4 95 1
9 13 2
33 111 1
54 57 2
33 115 2
11 168 1
46 79 1
32 156 1
11 47 2
23 106 1
10 41 2
0 59 2
43 67 2
57 176 1
42 153 1
39 92 2
34 132 1
20 70 1
37 169 1
50 70 1
57 177 1
49 76 1
53 76 1
3 79 1
14 16 2
12 151 1
17 51 2
8 86 2
42 111 1
12 47 2
33 159 1
17 163 2
11 22 2
11 133 1
48 99 1
19 25 2
16 142 1
24 94 1
30 52 2
9 19 2
38 167 2
3 39 2
31 89 1
33 174 2
12 32 2
50 118 2
5 159 1
0 23 2
47 168 1
2 65 1
44 53 2
18 94 1
9 43 2
54 158 1
23 81 2
19 66 2
7 82 2
55 99 1
17 159 1
16 104 1
40 99 2
27 171 2
11 124 2
48 140 1
28 169 1
16 31 2
51 166 1
7 42 2
1 55 2
56 93 1
38 175 2
19 84 2
12 20 2
35 118 1
27 93 1
44 97 1
28 179 1
56 179 1
43 162 1
57 154 1
10 176 1
28 134 1
28 165 2
52 157 1
38 134 1
50 93 2
1 174 1
48 113 2
31 124 2
44 86 2
39 76 1
36 91 2
17 121 1
19 44 2
20 83 1
44 124 1
35 51 2
33 117 1
0 110 2
53 85 1
6 111 2
18 178 2
46 165 1
26 119 1
42 49 2
3 98 1
17 122 1
49 155 1
16 93 1
38 41 2
51 114 1
46 150 1
17 169 1
0 72 2
39 165 2
18 150 1
36 151 1
30 108 1
52 163 1
52 103 2
13 22 2
55 89 2
6 20 2
32 178 2
49 135 2
53 58 2
30 61 1
12 118 2
32 93 1
43 144 1
4 91 2
27 38 2
45 54 2
16 97 2
16 174 1
2 5 2
47 109 1
21 96 2
44 153 2
44 121 1
34 99 1
19 54 2
5 27 2
7 20 2
47 114 1
29 65 1
41 67 1
5 120 1
36 43 2
32 154 1
15 33 2
2 20 2
25 131 1
54 99 1
14 41 2
29 152 2
20 90 2
20 53 2
19 130 1
55 67 2
15 49 2
0 29 2
12 18 2
19 143 1
52 83 1
42 92 1
49 52 2
35 57 2
11 12 2
22 101 1
57 136 2
42 136 1
35 52 2
49 138 1
49 99 1
53 109 1
37 41 2
16 128 2
11 58 2
28 50 2
42 110 1
44 88 2
33 60 1
10 154 2
5 32 2
34 168 1
57 139 1
21 109 1
16 80 1
26 157 1
36 147 2
0 148 1
15 16 2
54 111 2
2 31 2
1 23 2
43 167 1
54 101 1
26 156 1
12 168 2
17 179 1
34 39 2
7 18 2
0 38 2
14 45 2
16 28 2
4 54 2
40 66 1
55 102 1
21 111 1
38 116 1
10 12 2
55 91 1
23 51 2
4 59 2
48 178 1
28 71 2
52 178 1
47 152 1
18 168 1
39 104 1
32 61 1
6 47 2
21 52 2
36 99 1
29 77 1
12 74 1
8 176 1
6 145 1
24 41 2
50 170 2
9 137 1
13 52 2
13 92 1
16 147 1
4 167 1
56 163 1
15 44 2
3 48 2
53 79 1
56 170 1
46 145 1
38 51 2
28 103 1
18 174 1
53 102 2
8 89 1
3 101 1
14 146 2
39 118 1
34 58 2
19 62 2
3 21 2
24 152 1
21 177 1
9 119 1
39 116 1
36 59 2
53 77 1
9 86 1
8 81 1
12 82 1
58 92 1
29 36 2
56 102 1
15 165 1
9 133 1
22 26 2
11 59 2
12 53 2
32 159 1
26 55 2
48 104 2
56 122 2
45 150 1
47 179 2
16 161 2
10 55 2
9 112 1
21 137 2
37 116 1
22 163 2
11 20 2
53 96 2
22 132 2
29 174 1
42 74 2
24 170 1
31 112 1
42 64 1
30 173 2
44 178 1
0 76 2
41 102 1
14 161 2
59 88 1
59 84 1
19 51 2
21 140 1
5 65 1
29 175 1
14 18 2
18 40 2
25 175 2
26 112 2
18 105 1
19 49 2
31 103 2
51 95 1
51 156 1
44 77 2
24 168 1
13 55 2
7 176 1
27 47 2
21 105 2
22 155 2
28 87 1
5 22 2
25 156 1
16 69 1
20 103 2
56 83 2
51 122 2
58 161 1
28 32 2
16 110 1
2 176 1
35 141 1
47 110 1
45 75 2
0 86 1
22 90 1
1 105 1
49 87 2
12 87 1
40 79 2
57 62 2
58 74 1
44 135 2
23 28 2
11 29 2
53 133 1
50 142 2
38 130 1
41 61 2
20 35 2
14 144 1
0 27 2
19 144 1
36 120 1
35 125 2
16 18 2
39 96 1
28 132 1
11 114 2
47 100 1
35 82 1
38 158 2
21 38 2
24 59 2
35 167 2
1 36 2
39 57 2
38 39 2
30 58 2
1 33 2
50 114 2
23 153 1
1 54 2
6 28 2
43 158 1
6 26 2
11 85 1
36 83 1
58 147 2
18 160 1
3 10 2
4 165 2
35 69 1
10 28 2
57 115 1
24 71 1
13 104 1
34 107 1
18 38 2
29 122 2
26 105 1
39 103 1
37 42 2
7 12 2
10 112 1
44 52 2
0 33 2
3 38 2
10 151 1
25 164 1
29 38 2
41 51 2
58 137 1
2 144 2
1 12 2
16 118 1
19 59 2
35 115 1
41 107 1
18 111 2
38 44 2
20 28 2
15 91 2
39 163 1
51 125 1
15 97 2
15 108 2
50 174 1
29 114 1
17 18 2
54 160 1
19 52 2
8 104 2
15 166 1
24 61 2
21 76 2
28 104 1
44 69 1
58 73 2
44 173 1
24 31 2
42 174 1
26 173 1
22 92 1
8 103 1
37 51 2
53 83 1
0 66 1
15 131 1
34 144 1
23 149 1
11 16 2
16 114 2
7 68 2
49 114 2
47 150 1
32 135 2
40 71 1
56 152 1
33 150 2
31 91 2
3 168 1
44 155 1
14 42 2
20 154 2
14 94 1
26 84 1
59 92 2
47 115 1
14 57 2
16 144 2
58 71 1
7 35 2
0 64 1
32 72 1
0 12 2
26 78 2
49 143 2
46 154 2
13 68 2
5 98 2
17 145 1
49 117 1
19 87 2
12 37 2
53 75 1
22 29 2
46 131 1
13 121 1
28 135 1
54 136 2
3 165 1
43 170 1
38 83 2
44 68 1
42 112 1
41 60 2
7 150 2
32 173 2
53 84 1
28 112 1
57 135 2
55 137 1
19 127 2
46 76 1
40 80 1
4 144 1
53 135 2
11 55 2
0 1 2
23 40 2
13 153 1
25 152 1
58 146 1
1 171 2
37 59 2
36 154 2
50 156 1
24 104 2
54 79 2
19 58 2
34 81 2
27 175 2
8 47 2
16 143 2
33 80 1
41 175 2
18 78 1
35 133 1
24 100 2
15 110 1
53 88 1
57 166 1
14 150 2
41 128 1
33 55 2
11 38 2
53 108 2
2 42 2
56 166 1
44 132 2
21 117 2
55 142 2
59 85 1
26 179 1
33 36 2
39 88 1
52 57 2
9 123 1
4 14 2
39 130 1
0 138 1
26 114 1
28 80 1
0 94 2
43 152 2
23 87 1
4 55 2
29 92 1
7 19 2
32 161 1
6 56 2
32 36 2
22 79 1
11 51 2
2 106 2
49 157 2
37 44 2
38 62 1
54 60 1
28 88 1
53 130 1
46 72 1
18 155 1
10 170 2
9 58 2
42 113 1
8 55 2
10 118 1
35 169 1
16 39 2
12 81 2
19 114 1
17 148 1
10 39 2
50 119 1
7 11 2
54 61 1
1 137 1
28 176 2
6 29 2
24 44 2
29 52 2
33 82 1
12 50 2
56 76 1
18 25 2
11 132 2
4 35 2
47 153 1
53 94 1
34 101 1
13 69 1
28 84 2
35 156 1
27 51 2
26 96 2
1 34 2
40 137 1
48 153 1
31 172 1
37 48 2
26 146 1
49 72 1
11 18 2
36 69 1
41 171 1
55 175 1
32 89 2
5 106 1
12 162 2
28 128 1
52 139 2
2 25 2
1 97 1
6 77 1
5 11 2
3 41 2
40 42 2
5 43 2
23 140 2
27 39 2
32 40 2
10 81 1
5 77 1
59 158 1
17 46 2
48 170 1
32 121 1
26 39 2
51 53 2
3 112 1
54 143 2
47 101 1
14 36 2
25 30 2
38 59 2
13 127 1
0 117 1
57 84 2
15 23 2
59 78 2
55 150 1
17 146 2
19 86 1
54 74 2
54 103 1
49 65 2
41 176 1
20 113 1
3 26 2
44 177 1
38 45 2
37 98 1
3 137 1
39 170 1
27 57 2
9 122 2
9 33 2
49 70 1
53 145 2
8 56 2
7 65 2
48 121 2
29 39 2
4 125 1
29 41 2
57 65 2
58 177 1
0 70 1
54 146 2
59 73 2
37 134 1
31 58 2
47 174 2
11 86 2
0 163 1
25 61 2
41 174 1
21 23 2
19 36 2
8 9 2
22 44 2
3 50 2
10 48 2
0 113 1
33 88 1
32 162 1
40 166 1
0 49 2
20 45 2
8 70 2
49 68 1
48 160 1
31 168 1
28 36 2
36 146 2
22 83 2
21 134 1
24 56 2
8 87 2
28 107 1
0 18 2
5 175 2
0 13 2
11 91 1
51 108 2
20 27 2
13 50 2
13 25 2
22 31 2
33 63 1
8 179 1
51 76 1
34 108 2
54 119 1
51 102 2
13 119 2
26 148 1
27 149 2
12 23 2
0 162 1
3 103 1
25 110 1
19 132 1
9 115 1
59 155 1
0 21 2
40 92 1
36 137 1
33 108 1
31 51 2
41 94 2
51 153 1
19 38 2
47 134 1
18 36 2
44 119 1
22 54 2
17 30 2
36 68 1
27 33 2
22 159 1
26 72 1
58 171 1
11 21 2
42 50 2
13 106 1
39 56 2
59 102 2
14 24 2
38 74 1
41 87 1
8 115 1
10 116 1
29 90 2
8 46 2
14 48 2
4 173 1
20 24 2
12 85 1
13 16 2
19 50 2
7 153 2
35 139 1
9 49 2
24 96 1
52 101 1
38 95 1
13 110 1
14 60 1
31 102 1
34 53 2
13 18 2
7 34 2
41 65 2
9 40 2
43 107 2
37 153 1
33 106 2
34 38 2
33 113 1
50 52 2
7 70 1
5 105 1
21 39 2
43 112 1
22 146 1
17 116 1
6 55 2
5 14 2
23 88 1
30 144 1
17 173 1
18 141 1
30 102 2
9 134 1
25 43 2
13 165 2
22 34 2
33 177 1
52 102 1
38 104 1
18 127 1
15 128 2
3 128 1
12 22 2
39 131 2
6 107 2
27 91 1
25 121 1
56 62 1
58 135 2
23 164 1
24 93 1
33 54 2
20 82 1
1 156 1
4 73 1
45 121 2
25 71 1
59 91 2
25 48 2
31 97 1
41 92 1
41 153 1
31 46 2
45 57 2
29 83 1
51 168 1
25 66 1
14 55 2
18 135 1
20 86 1
2 107 1
7 126 1
33 147 2
27 50 2
17 24 2
5 78 2
13 171 1
36 98 1
27 30 2
20 171 1
15 155 1
29 54 2
15 178 2
28 122 1
27 177 1
9 104 1
48 54 2
23 155 1
20 23 2
19 175 2
47 129 1
14 104 2
18 35 2
20 36 2
59 108 1
5 69 1
51 59 2
42 63 1
30 69 1
19 117 1
17 76 2
32 105 2
26 54 2
7 179 2
14 19 2
16 42 2
32 137 1
43 102 1
56 95 1
11 169 2
58 126 1
51 135 1
29 96 2
9 44 2
5 155 1
18 47 2
11 107 1
5 171 1
55 144 1
46 136 1
44 116 1
52 53 2
30 124 2
7 13 2
15 57 2
10 16 2
21 36 2
6 78 1
27 92 1
55 90 1
18 97 1
6 75 1
21 26 2
34 143 1
36 78 1
4 22 2
14 172 1
42 148 2
7 144 1
0 31 2
13 128 1
41 69 2
36 48 2
2 15 2
33 91 2
29 63 1
14 35 2
7 97 1
1 157 1
9 80 1
34 102 1
2 60 2
16 109 2
0 39 2
19 55 2
0 104 1
13 131 1
20 25 2
9 63 1
36 153 2
12 121 2
16 34 2
21 135 2
42 54 2
17 28 2
50 85 1
25 169 1
36 108 1
36 133 2
41 76 1
21 51 2
6 51 2
45 51 2
42 105 1
12 58 2
4 74 2
16 163 2
15 43 2
39 58 2
15 80 1
4 18 2
19 53 2
57 148 1
12 107 1
19 141 2
52 136 1
23 86 1
59 139 1
47 156 1
10 14 2
50 91 2
55 85 1
0 48 2
23 93 2
43 58 2
6 45 2
22 107 2
7 63 1
34 146 1
5 58 2
47 173 2
25 59 2
8 172 1
32 108 1
39 178 2
48 50 2
26 44 2
6 117 2
17 118 1
31 119 1
46 67 1
28 118 2
28 85 2
0 155 1
43 140 1
50 72 1
35 61 1
9 170 1
4 118 2
25 120 1
17 48 2
26 129 2
51 123 1
51 92 1
17 157 2
50 100 1
31 36 2
57 79 2
14 50 2
10 77 2
10 23 2
52 68 2
38 48 2
28 101 1
53 134 1
38 81 1
0 34 2
22 69 1
49 166 2
30 128 2
2 45 2
43 129 1
4 152 2
11 129 1
54 89 1
22 49 2
32 176 2
5 169 2
37 119 1
4 109 1
1 18 2
6 52 2
12 120 1
41 52 2
31 113 1
29 49 2
47 138 1
1 86 1
23 59 2
33 143 2
20 125 2
39 174 1
25 57 2
6 125 1
36 130 2
18 72 1
46 88 1
11 177 2
12 19 2
5 63 1
35 42 2
43 176 1
2 174 1
22 39 2
56 69 1
41 138 1
11 50 2
18 57 2
29 95 1
3 87 1
54 64 2
46 99 2
31 169 1
39 75 2
50 78 1
53 99 2
37 109 2
20 31 2
21 32 2
29 154 2
27 42 2
49 58 2
30 157 1
55 96 1
21 98 1
29 50 2
21 93 2
23 61 1
55 101 2
7 83 1
49 104 1
15 42 2
19 72 1
51 139 1
12 172 1
39 45 2
13 71 1
10 102 1
59 126 1
22 27 2
45 48 2
38 63 2
26 82 1
51 174 1
37 107 2
0 20 2
4 33 2
17 45 2
44 47 2
22 130 1
41 170 1
15 149 2
37 152 1
38 141 1
5 16 2
19 120 1
20 30 2
20 129 1
43 93 1
3 67 2
48 126 2
13 31 2
52 150 1
1 126 1
0 177 1
3 22 2
20 42 2
55 83 2
28 79 2
3 171 1
4 89 1
41 151 1
8 15 2
48 145 1
5 142 1
33 125 1
18 89 2
22 104 2
0 25 2
17 83 2
54 149 1
26 81 1
40 163 2
26 34 2
2 82 1
59 111 2
7 45 2
20 58 2
27 56 2
28 106 1
11 34 2
29 97 1
30 110 1
2 154 1
18 33 2
13 27 2
33 45 2
1 31 2
52 145 1
36 85 1
8 37 2
10 54 2
41 178 2
11 95 1
8 35 2
16 46 2
2 101 1
24 124 2
15 136 1
19 45 2
26 128 2
12 178 2
1 116 1
32 66 1
59 138 1
45 152 1
34 49 2
30 33 2
53 59 2
1 13 2
35 92 2
35 124 1
2 128 1
3 132 1
38 165 2
21 108 1
59 168 1
52 169 1
19 125 1
19 60 1
4 123 1
1 117 2
24 39 2
7 124 2
36 123 2
23 30 2
49 140 1
50 64 1
41 58 2
45 67 1
11 30 2
39 145 2
48 155 2
40 46 2
1 144 2
24 33 2
21 176 2
18 53 2
40 59 2
7 147 1
24 78 1
30 153 2
4 30 2
56 141 1
45 46 2
24 158 2
31 176 2
24 174 1
55 143 1
54 125 1
39 124 2
49 66 1
49 56 2
6 49 2
31 167 2
56 73 1
43 147 1
47 161 1
44 111 1
24 54 2
48 162 1
18 162 1
23 139 2
20 166 2
25 165 2
46 86 2
16 49 2
55 116 1
48 59 2
43 51 2
12 14 2
48 132 1
45 171 2
6 99 1
37 75 1
18 163 1
30 103 2
1 28 2
17 59 2
34 46 2
12 165 1
59 90 2
25 45 2
12 73 1
35 136 1
14 33 2
4 151 2
9 10 2
24 97 2
50 146 1
3 143 2
14 135 1
30 40 2
4 26 2
29 178 2
3 44 2
3 54 2
38 98 1
27 168 1
21 164 1
55 59 2
43 142 1
49 156 1
49 164 1
31 164 1
48 129 1
6 12 2
47 94 2
56 153 1
50 127 2
23 94 1
23 130 1
24 42 2
3 9 2
14 156 2
0 56 2
32 34 2
52 93 1
23 161 2
36 74 1
23 71 2
3 28 2
9 24 2
2 151 1
6 150 1
20 77 1
5 133 1
10 36 2
17 81 1
35 88 1
15 53 2
19 37 2
2 27 2
23 57 2
6 83 1
5 49 2
11 27 2
32 83 2
51 175 1
15 41 2
3 77 1
44 94 1
46 51 2
39 68 2
18 41 2
42 159 1
42 83 1
18 137 1
10 148 1
58 82 1
0 97 1
15 85 2
22 106 1
30 36 2
31 150 2
4 58 2
48 58 2
17 62 1
34 47 2
37 79 1
43 56 2
10 19 2
23 143 1
10 21 2
14 149 1
32 136 1
25 144 1
36 73 2
4 80 1
22 55 2
15 54 2
4 158 2
39 167 2
14 43 2
15 24 2
58 165 1
12 17 2
3 82 2
2 41 2
4 172 1
5 75 2
10 106 2
33 38 2
38 149 1
14 29 2
29 171 1
21 30 2
39 97 1
59 172 1
24 35 2
4 56 2
25 41 2
42 72 2
38 159 1
35 134 1
56 173 2
4 38 2
39 160 2
15 90 1
39 49 2
55 93 1
43 108 2
1 124 2
0 161 1
26 132 1
28 152 1
2 68 2
54 161 1
38 131 1
33 34 2
9 136 1
32 68 1
3 46 2
14 158 1
33 75 2
2 49 2
31 45 2
48 75 1
48 156 1
6 13 2
3 163 1
34 147 1
9 11 2
53 73 2
34 69 1
5 107 1
10 29 2
38 105 1
57 141 1
15 156 1
48 97 1
8 53 2
26 125 2
10 158 2
18 58 2
28 173 1
34 141 2
25 79 2
25 55 2
21 47 2
15 105 1
3 45 2
51 164 1
28 38 2
17 29 2
24 101 1
41 148 1
43 165 1
46 123 1
27 137 2
29 149 1
14 173 1
22 60 1
41 46 2
46 66 1
33 102 1
55 127 1
20 146 2
51 176 1
15 93 1
16 136 1
30 145 1
19 29 2
4 34 2
53 67 2
31 37 2
33 61 1
30 45 2
21 125 1
33 51 2
42 149 1
9 129 1
47 96 1
20 115 2
49 163 1
2 29 2
32 131 1
55 155 2
41 56 2
51 163 2
14 28 2
36 53 2
51 98 2
34 138 1
17 49 2
54 110 1
39 112 2
33 160 1
20 144 1
18 59 2
25 28 2
14 168 2
30 47 2
48 57 2
7 31 2
56 107 1
52 61 1
5 112 2
11 121 1
35 144 1
9 91 1
14 61 2
45 127 1
38 78 2
36 67 1
33 40 2
59 113 1
43 66 1
34 60 2
6 124 1
42 60 1
4 129 1
16 95 1
32 124 1
40 85 1
6 133 2
5 166 1
38 66 1
20 108 2
52 167 1
37 99 1
44 58 2
9 96 1
1 66 1
52 123 1
12 122 1
25 103 1
7 33 2
9 127 1
43 89 1
3 13 2
13 36 2
13 146 1
55 159 2
31 160 1
33 170 1
1 177 1
5 164 2
6 21 2
19 174 1
14 62 2
23 118 2
35 58 2
8 93 2
21 73 2
5 122 1
2 14 2
16 96 1
10 166 1
39 146 1
43 169 1
47 118 1
17 89 2
34 121 1
10 66 1
38 138 2
16 108 1
54 150 1
6 169 1
39 79 1
7 94 2
6 27 2
31 81 1
16 141 2
14 22 2
36 86 1
54 112 2
45 55 2
55 73 1
0 73 2
16 66 2
6 153 1
16 162 2
19 128 1
21 66 1
12 66 1
8 27 2
48 175 1
7 25 2
32 114 1
59 131 2
56 67 1
18 118 2
51 84 1
37 175 1
33 128 1
50 154 1
47 120 2
21 91 1
41 137 2
12 77 2
12 57 2
34 109 1
26 145 1
54 135 1
5 30 2
17 128 1
44 145 2
46 138 2
28 59 2
7 52 2
11 123 1
2 153 1
24 37 2
0 95 1
43 92 2
0 51 2
50 90 1
57 144 1
34 164 2
16 176 1
10 130 1
1 109 2
3 8 2
31 88 1
9 154 1
6 120 1
49 168 1
26 87 1
53 173 1
15 59 2
7 73 1
0 53 2
2 108 1
10 75 2
21 24 2
5 102 1
20 135 2
48 118 2
46 118 1
45 104 1
2 80 2
45 87 1
6 24 2
58 163 1
32 86 1
32 94 2
33 139 1
32 62 2
32 165 1
38 123 2
8 99 1
57 66 2
6 126 1
46 155 2
25 81 1
10 34 2
6 92 1
46 176 1
27 133 1
26 53 2
48 143 2
5 21 2
21 80 1
43 134 2
40 83 2
58 101 1
3 89 1
38 155 1
6 168 2
18 80 2
58 154 1
58 129 2
16 112 1
7 142 1
50 92 1
1 24 2
30 118 1
0 63 1
41 152 2
13 174 2
59 68 1
2 146 1
51 126 1
55 134 1
22 64 2
27 87 1
47 160 1
19 152 1
19 28 2
54 115 1
35 95 1
11 111 2
16 58 2
56 175 2
26 75 1
59 149 1
19 40 2
45 82 1
20 117 1
20 158 1
35 102 1
45 166 1
5 152 1
19 154 2
45 109 1
3 99 2
52 58 2
0 40 2
5 12 2
51 117 2
15 120 1
44 166 2
22 148 2
6 82 1
18 164 1
44 122 1
1 53 2
18 81 1
29 87 1
7 48 2
8 175 2
30 117 2
13 177 1
16 102 2
15 87 1
29 94 1
59 169 1
2 3 2
23 95 1
13 79 1
2 22 2
12 140 1
55 61 2
2 155 2
5 40 2
0 7 2
21 75 2
58 114 1
22 144 1
6 106 2
13 54 2
50 77 1
32 74 2
24 52 2
52 124 1
16 62 2
45 102 1
14 162 1
37 50 2
47 99 1
52 78 2
28 45 2
0 10 2
24 119 2
11 26 2
58 72 1
49 88 2
43 175 1
52 108 2
19 107 2
2 44 2
55 125 2
46 133 1
16 121 1
31 55 2
0 61 1
44 57 2
14 84 1
7 101 2
10 25 2
13 141 2
44 75 1
35 175 1
33 129 2
3 147 2
10 146 1
40 101 1
17 87 1
58 124 1
45 151 2
9 27 2
46 174 1
6 8 2
37 117 1
37 106 1
49 103 1
34 116 1
26 49 2
30 31 2
42 169 1
15 45 2
56 70 1
28 116 2
31 53 2
59 103 2
25 177 2
6 63 2
43 80 1
7 84 1
21 59 2
39 59 2
42 114 1
24 48 2
31 159 1
22 56 2
55 63 2
7 36 2
11 147 2
31 122 1
56 123 2
26 40 2
38 118 1
29 107 1
51 170 1
24 157 1
9 76 1
37 100 2
39 71 1
24 108 1
7 119 2
9 78 2
26 141 1
50 96 1
49 110 1
46 167 1
31 117 1
17 124 1
15 55 2
55 121 2
28 44 2
17 166 1
15 123 1
47 90 1
15 164 2
47 95 1
25 26 2
11 126 1
25 42 2
36 75 1
31 76 1
18 158 1
34 51 2
15 46 2
8 20 2
4 128 1
47 123 1
32 35 2
46 119 2
44 110 1
33 105 1
30 32 2
56 144 2
5 29 2
46 89 2
33 97 2
7 154 1
50 82 2
47 61 2
57 165 1
41 108 2
4 41 2
41 82 1
15 58 2
51 178 2
42 75 2
36 103 1
26 52 2
58 151 1
18 103 1
23 89 2
6 112 1
57 118 1
49 55 2
27 101 2
27 135 1
57 86 1
39 54 2
45 117 1
22 125 1
23 151 1
4 8 2
3 18 2
18 91 1
1 76 1
5 108 1
6 127 1
14 136 2
9 26 2
10 142 2
44 163 1
10 175 1
32 78 1
19 108 1
10 114 1
42 70 2
0 153 1
51 93 1
51 149 1
25 107 2
6 174 1
22 143 1
8 51 2
54 166 1
18 27 2
54 75 1
25 137 1
11 106 1
55 161 2
57 140 2
20 162 2
9 46 2
21 54 2
53 71 1
7 162 2
33 130 1
53 157 1
35 106 1
38 113 1
41 98 1
27 49 2
23 138 2
15 47 2
19 56 2
28 147 1
14 167 1
20 178 2
35 70 1
30 170 2
45 91 1
15 30 2
11 60 1
41 77 1
28 52 2
35 99 1
32 47 2
12 174 1
40 50 2
24 84 1
17 21 2
31 145 2
28 31 2
25 90 2
52 63 1
7 175 1
12 104 1
53 127 2
50 86 1
30 83 1
12 89 1
59 100 2
34 87 2
40 73 1
39 61 1
25 122 1
37 141 1
8 57 2
30 71 2
4 122 2
46 49 2
45 161 2
3 68 2
16 117 2
2 135 2
54 81 1
23 52 2
1 3 2
19 39 2
3 122 1
34 44 2
4 31 2
38 148 2
19 34 2
0 80 1
2 4 2
27 110 1
0 166 2
28 53 2
47 111 1
18 65 1
50 149 1
1 172 2
54 174 1
5 161 1
47 146 1
20 47 2
24 73 1
1 154 1
40 43 2
34 142 2
21 168 1
27 76 2
4 39 2
2 165 1
53 81 1
37 121 1
20 126 2
17 41 2
27 45 2
32 177 2
7 67 1
41 57 2
20 56 2
34 68 1
24 25 2
15 19 2
27 106 1
43 68 2
16 27 2
20 37 2
13 97 1
28 174 1
5 74 2
21 106 1
12 113 2
40 145 1
21 104 1
8 102 1
23 46 2
9 155 1
2 87 1
1 59 2
33 39 2
36 116 1
19 134 1
5 87 2
26 110 2
1 77 2
46 121 2
5 48 2
34 82 1
26 109 1
5 178 2
28 109 1
26 117 1
59 89 1
8 117 1
44 157 1
40 159 2
24 45 2
10 32 2
27 102 1
34 42 2
31 74 2
57 128 2
31 100 1
49 129 1
4 160 2
56 142 1
36 97 1
24 147 1
1 47 2
19 166 1
12 134 1
10 174 1
4 44 2
11 108 1
32 65 1
55 86 1
41 78 1
1 152 1
8 95 2
53 107 1
13 154 1
29 138 1
15 145 2
40 52 2
27 157 1
16 130 1
53 164 1
51 150 1
20 29 2
55 94 1
6 32 2
49 133 1
56 138 1
27 167 1
15 27 2
10 126 2
37 166 1
6 86 2
1 67 2
26 46 2
20 136 2
25 138 2
9 167 1
8 75 1
50 63 1
0 168 2
55 77 1
55 174 1
10 53 2
53 131 1
46 178 1
50 109 1
12 157 2
7 134 2
26 115 2
27 121 1
4 24 2
34 35 2
15 51 2
22 85 2
55 70 1
22 45 2
47 54 2
21 44 2
23 102 1
7 57 2
30 39 2
42 133 1
50 164 2
30 57 2
14 27 2
19 168 1
23 176 1
50 61 2
7 165 1
37 165 1
37 145 1
10 44 2
11 53 2
19 156 2
17 147 2
17 65 2
27 73 1
22 25 2
37 147 2
9 131 1
28 60 1
43 98 1
58 67 1
24 151 1
19 33 2
56 106 1
29 135 1
46 77 2
49 153 2
49 73 2
27 111 2
20 40 2
46 58 2
9 92 1
30 50 2
32 53 2
16 33 2
52 98 1
34 67 2
2 71 2
52 117 1
15 74 1
51 80 1
9 87 1
39 93 1
30 163 1
17 115 1
48 148 1
36 177 1
23 167 1
43 177 2
8 76 1
43 57 2
49 173 1
45 73 1
18 50 2
4 155 1
46 141 2
7 44 2
40 62 2
42 125 1
8 161 1
7 80 2
25 123 2
10 123 2
35 98 1
24 55 2
5 113 1
43 46 2
1 119 1
18 43 2
12 95 2
9 97 2
16 19 2
47 158 1
45 147 2
2 130 1
8 38 2
21 34 2
32 85 1
41 144 1
17 156 1
6 170 1
43 118 1
10 107 1
23 144 1
47 126 1
30 92 1
41 132 2
23 165 1
55 164 1
22 23 2
21 71 1
18 45 2
33 156 1
39 66 1
51 141 1
13 76 2
0 83 2
49 60 1
4 21 2
5 117 2
53 151 1
1 37 2
10 144 1
30 174 1
40 58 2
45 53 2
19 121 1
25 115 2
14 71 1
7 77 1
4 64 1
50 54 2
29 85 2
25 84 1
33 133 2
10 69 1
21 92 1
7 148 1
25 116 1
17 80 1
40 174 1
32 48 2
52 152 1
58 89 1
54 59 2
1 22 2
9 145 1
33 116 1
43 136 2
11 134 2
14 164 1
25 87 2
33 112 2
9 84 1
4 20 2
51 96 2
55 56 2
8 90 1
44 176 1
53 91 2
28 110 2
36 100 1
6 100 1
18 115 1
20 49 2
16 36 2
46 172 1
15 100 1
43 123 1
8 73 1
12 86 2
41 62 1
8 29 2
26 133 2
13 34 2
14 138 1
2 98 1
6 17 2
40 78 1
10 100 2
26 37 2
41 97 1
29 91 1
11 153 1
54 117 1
11 110 1
4 23 2
41 169 1
22 173 2
28 127 1
48 176 1
10 157 1
27 99 2
22 116 1
48 142 2
44 56 2
17 167 1
48 67 1
59 95 1
4 148 1
9 67 2
32 125 1
28 151 2
44 126 1
36 167 1
54 68 1
55 105 1
21 122 1
56 113 1
54 94 1
7 132 1
6 147 1
19 172 2
7 138 1
42 118 2
18 62 1
48 52 2
52 99 2
44 160 1
48 136 1
10 60 1
26 58 2
59 127 1
5 130 1
14 141 1
32 87 2
0 118 1
12 44 2
18 46 2
50 121 2
51 110 1
47 144 1
27 131 1
24 144 1
28 56 2
20 170 1
51 136 1
55 57 2
2 77 1
44 78 1
55 176 2
34 77 1
31 32 2
38 75 1
21 147 2
19 61 1
2 8 2
0 164 1
18 24 2
31 52 2
28 81 1
39 149 2
7 109 2
40 142 1
13 95 1
10 152 2
43 111 1
39 64 2
55 76 1
43 128 1
38 99 2
8 174 2
26 59 2
17 134 1
57 61 1
0 41 2
6 131 1
33 107 1
0 119 2
23 113 1
3 142 1
6 166 1
28 90 2
3 59 2
43 109 2
32 163 2
39 177 2
23 132 1
19 27 2
54 131 2
50 167 2
17 153 2
36 61 1
17 22 2
55 141 1
3 127 2
45 58 2
13 62 1
42 128 1
25 127 1
47 97 2
18 79 1
44 101 1
38 145 1
49 148 1
25 178 1
14 38 2
20 88 1
53 110 1
58 170 1
35 132 2
18 93 1
4 70 1
22 42 2
26 103 1
8 31 2
43 53 2
2 167 2
23 42 2
0 19 2
6 35 2
6 167 1
3 40 2
16 145 1
44 141 1
40 118 2
23 169 2
22 166 1
47 102 1
3 72 1
46 115 1
45 119 2
2 161 1
54 97 1
28 43 2
55 108 1
44 49 2
48 137 1
36 161 1
27 79 2
45 154 2
18 74 1
19 140 2
2 38 2
23 54 2
10 47 2
34 104 1
41 117 1
46 143 1
31 126 1
6 142 1
53 168 1
48 177 2
36 140 1
31 96 1
57 103 1
37 72 1
26 85 1
42 166 1
21 57 2
4 103 1
6 172 2
28 82 2
50 171 1
29 42 2
31 129 2
8 111 1
17 35 2
16 159 1
40 65 2
50 58 2
11 28 2
9 126 1
18 131 1
46 104 1
25 96 2
0 46 2
8 143 1
6 74 2
27 41 2
3 34 2
4 15 2
33 101 1
59 109 1
50 81 1
58 100 2
27 147 1
6 64 1
44 64 2
9 175 1
39 99 1
38 96 1
4 87 1
16 86 1
35 103 2
44 87 1
52 151 2
24 63 1
13 21 2
18 70 1
10 91 1
42 157 1
50 168 1
46 177 1
14 52 2
46 98 2
12 149 1
3 56 2
11 175 1
16 169 2
26 57 2
10 33 2
16 105 2
34 36 2
40 170 1
22 131 2
48 120 1
38 56 2
22 53 2
31 101 1
27 109 2
59 144 1
31 39 2
31 177 1
12 150 1
47 52 2
8 34 2
24 102 2
13 118 2
28 35 2
19 179 2
14 89 1
35 72 1
24 125 2
38 110 1
41 89 2
4 111 1
21 48 2
0 92 1
7 40 2
21 119 2
17 104 2
10 49 2
47 55 2
39 84 1
42 152 1
2 116 1
32 60 2
51 69 1
11 109 2
29 43 2
52 122 1
41 84 1
11 69 1
35 77 1
3 43 2
37 57 2
40 150 1
58 166 2
52 168 1
3 19 2
0 151 2
29 133 1
9 173 2
12 21 2
12 88 1
22 59 2
15 26 2
35 44 2
35 154 2
5 85 1
5 36 2
0 156 1
8 25 2
4 36 2
52 77 2
17 125 2
12 84 1
40 175 1
14 40 2
1 41 2
20 65 1
21 45 2
26 27 2
39 65 1
35 164 1
47 172 1
39 152 2
5 38 2
49 124 1
6 118 1
6 110 2
57 90 2
3 176 2
2 137 1
7 66 1
15 21 2
8 63 2
25 171 2
18 54 1
42 141 1
20 98 2
57 83 2
0 30 1
36 70 1
40 107 2
84 125 1
11 31 1
50 125 2
44 125 2
9 54 1
70 169 2
26 47 1
5 59 1
13 58 1
110 144 2
31 47 1
14 83 2
78 107 2
1 150 2
23 26 1
34 84 1
28 172 2
2 11 1
12 130 2
24 150 2
1 8 1
