% n=60 p=60 d=0.33 p_blue=0.33
% k=0
25 34 2
29 34 2
12 32 2
1 19 2
24 34 2
25 41 1
10 17 2
22 29 2
25 55 1
12 59 2
21 35 2
9 17 2
15 24 2
12 25 2
5 43 1
8 27 2
34 44 1
2 44 1
30 57 1
7 23 2
16 35 2
13 25 2
14 32 2
15 30 2
20 21 2
10 34 2
0 24 2
34 42 1
7 8 2
6 21 2
1 53 1
26 51 1
9 19 2
15 43 1
0 22 2
9 45 1
19 27 2
23 52 2
28 34 2
5 29 2
35 42 1
34 59 2
4 37 1
18 29 2
21 25 2
23 32 2
14 27 2
5 13 2
1 4 2
1 20 2
12 20 2
14 49 1
10 44 1
31 54 1
27 41 2
23 33 2
3 16 2
32 48 2
14 54 1
15 57 1
9 53 1
9 28 2
9 29 2
4 7 2
0 1 2
3 43 1
4 36 1
1 54 2
8 12 2
32 37 2
33 54 1
20 51 1
7 27 2
24 30 2
32 35 2
18 23 2
12 14 2
28 29 2
2 29 2
4 15 2
7 13 2
4 26 2
23 47 1
1 3 2
27 33 2
16 56 1
7 22 2
19 23 2
13 21 2
10 57 1
0 8 2
4 21 2
13 52 2
16 40 1
18 27 2
25 39 1
34 39 2
20 25 2
16 23 2
12 15 2
5 50 2
16 34 2
9 43 2
22 39 1
28 35 2
21 26 2
13 49 1
2 28 2
8 10 2
3 29 2
30 49 1
6 18 2
27 34 2
7 35 2
2 19 2
19 57 1
14 20 2
19 40 1
7 33 2
15 20 2
1 56 2
16 43 1
30 35 2
14 15 2
17 27 2
3 9 2
34 45 1
6 31 2
1 23 2
20 42 1
25 36 1
17 20 2
17 26 2
10 33 2
32 55 2
34 50 1
17 18 2
12 36 2
16 17 2
12 24 2
17 19 2
14 17 2
31 37 1
28 33 2
17 23 2
18 33 2
21 34 2
23 34 2
35 39 1
6 24 2
1 22 2
15 27 2
10 36 2
17 53 2
4 13 2
24 57 2
16 24 2
9 14 2
8 39 2
15 42 1
12 39 1
26 40 2
17 25 2
9 10 2
3 28 2
16 22 2
13 34 2
14 25 2
4 19 2
26 59 2
19 24 2
11 35 2
0 11 2
15 23 2
11 13 2
3 20 2
4 22 2
33 39 1
2 35 2
16 26 2
2 18 2
27 49 1
1 18 2
5 21 2
21 29 2
6 22 2
21 24 2
19 21 2
10 20 2
15 21 2
28 32 2
5 8 2
13 43 2
8 28 2
0 4 2
16 55 2
3 30 2
4 30 2
0 30 2
24 54 2
4 42 2
6 28 2
23 24 2
9 22 2
2 4 2
8 13 2
14 43 2
11 19 2
17 56 1
20 44 1
7 34 2
32 47 1
3 15 2
3 26 2
14 22 2
10 21 2
4 24 2
17 35 2
4 57 1
6 12 2
31 35 2
25 37 1
6 27 2
21 59 1
9 36 1
19 29 2
6 50 1
24 58 2
32 57 1
0 12 2
10 28 2
6 38 2
1 34 2
5 19 2
8 29 2
6 30 2
8 18 2
10 49 1
18 52 2
19 26 2
8 20 2
3 35 2
29 38 1
2 21 2
4 8 2
1 25 2
10 15 2
2 20 2
27 30 2
7 18 2
8 15 2
3 12 2
21 36 1
16 18 2
5 28 2
0 35 2
5 6 2
4 33 2
6 40 1
15 47 2
25 32 2
12 28 2
19 33 2
18 19 2
12 19 2
11 20 2
15 18 2
2 17 2
24 37 1
8 59 1
33 42 2
0 16 2
9 27 2
18 45 2
5 10 2
6 15 2
1 29 2
7 14 2
1 16 2
7 29 2
13 54 1
23 53 1
5 17 2
15 34 2
35 44 1
18 54 2
10 18 2
0 41 1
24 56 2
11 40 1
11 37 1
18 53 1
13 26 2
21 33 2
25 54 2
24 27 2
4 28 2
35 49 1
9 26 2
29 33 2
14 26 2
35 58 1
25 33 2
28 38 2
16 38 1
35 36 1
25 50 1
33 35 2
12 27 2
18 30 2
3 39 1
12 53 2
12 40 1
13 27 2
13 51 2
0 21 2
27 43 1
18 40 1
26 31 2
24 49 1
11 22 2
7 21 2
6 8 2
7 15 2
9 46 2
11 48 1
5 48 1
2 33 2
35 51 2
3 22 2
1 32 2
14 28 2
22 45 1
16 20 2
27 59 1
12 26 2
31 41 2
6 36 2
11 31 2
17 28 2
5 57 2
16 54 1
1 11 2
1 2 2
34 35 2
12 29 2
22 53 2
23 29 2
21 49 1
31 43 1
8 32 2
22 26 2
19 42 1
23 30 2
31 34 2
6 23 2
9 30 2
9 11 2
10 24 2
0 3 2
13 53 1
24 25 2
12 56 1
1 50 2
19 30 2
7 30 2
11 26 2
21 40 1
22 35 2
13 15 2
0 14 2
9 31 2
6 7 2
7 54 1
24 43 2
6 10 2
0 9 2
14 24 2
20 31 2
8 9 2
12 33 2
31 33 2
7 32 2
7 52 1
29 50 2
19 54 2
29 59 1
32 58 1
0 10 2
6 13 2
5 56 1
9 13 2
3 10 2
20 46 1
25 51 2
12 31 2
5 9 2
0 23 2
18 24 2
1 7 2
26 37 1
24 31 2
13 48 1
5 33 2
5 18 2
0 29 2
5 22 2
25 30 2
32 33 2
24 35 2
2 48 1
14 33 2
11 29 2
12 23 2
3 14 2
4 11 2
11 21 2
3 11 2
33 52 1
22 40 1
2 9 2
8 34 2
1 33 2
2 5 2
4 9 2
4 58 2
21 28 2
2 12 2
15 41 2
10 27 2
35 38 2
0 45 1
8 17 2
31 46 2
0 18 2
7 25 2
35 40 1
4 25 2
1 24 2
12 17 2
13 24 2
10 30 2
23 56 1
15 29 2
5 41 2
11 32 2
2 16 2
14 42 1
4 32 2
26 45 1
21 39 2
9 18 2
27 28 2
20 34 2
14 34 2
10 12 2
11 24 2
4 56 1
3 18 2
14 59 2
1 13 2
12 43 2
8 58 1
15 22 2
11 34 2
31 42 1
10 19 2
24 32 2
23 50 1
28 31 2
33 38 2
16 25 2
20 33 2
4 14 2
18 50 2
17 29 2
7 51 1
8 19 2
30 39 1
3 6 2
34 52 1
19 43 1
1 28 2
17 21 2
33 53 1
17 51 1
32 52 2
14 36 1
5 23 2
21 30 2
0 5 2
4 18 2
21 51 2
18 31 2
34 54 2
2 31 2
15 17 2
6 20 2
14 16 2
15 32 2
0 20 2
1 17 2
6 34 2
6 35 2
14 21 2
13 29 2
13 16 2
22 33 2
6 11 2
3 23 2
22 27 2
25 40 1
0 19 2
8 50 2
2 10 2
27 55 1
8 30 2
2 11 2
14 31 2
0 40 1
15 36 1
20 23 2
4 27 2
17 33 2
16 29 2
2 32 2
12 51 2
11 12 2
2 30 2
5 45 1
3 46 1
2 24 2
1 30 2
2 7 2
19 35 2
22 58 1
11 23 2
18 22 2
13 32 2
26 53 1
20 32 2
27 40 2
0 49 1
0 34 2
30 55 1
11 16 2
13 23 2
11 50 1
12 57 2
30 31 2
5 34 2
17 32 2
3 4 2
4 41 1
1 10 2
22 23 2
26 27 2
18 51 1
20 22 2
7 26 2
1 6 2
8 35 2
10 32 2
18 25 2
26 33 2
26 54 2
16 19 2
15 38 1
22 24 2
31 44 1
0 17 2
2 3 2
19 51 1
31 49 2
14 23 2
24 26 2
4 31 2
0 25 2
27 29 2
3 24 2
4 20 2
2 46 1
1 26 2
18 20 2
16 37 1
12 34 2
17 48 2
6 19 2
29 54 1
7 11 2
5 24 2
33 46 1
4 35 2
5 15 2
9 12 2
5 7 2
0 6 2
10 47 1
19 39 1
5 31 2
11 15 2
17 39 1
18 34 2
2 23 2
21 31 2
30 34 2
10 31 2
29 32 2
15 53 1
26 29 2
8 11 2
32 38 2
11 39 1
14 18 2
22 38 2
5 30 2
4 40 1
3 37 1
31 40 1
27 54 1
4 6 2
13 30 2
3 55 1
11 45 1
6 56 2
2 27 2
12 54 2
5 11 2
2 45 2
27 44 1
7 10 2
6 25 2
11 14 2
4 12 2
10 39 1
19 46 2
10 23 2
16 31 2
16 58 2
3 27 2
5 40 1
0 33 2
0 13 2
8 25 2
10 22 2
19 41 1
20 24 2
13 28 2
19 28 2
4 34 2
11 27 2
1 41 1
14 19 2
14 29 2
29 37 1
6 45 1
16 21 2
5 32 2
7 47 1
10 35 2
11 44 2
30 32 2
21 23 2
3 25 2
27 31 2
5 38 1
8 16 2
19 31 2
27 35 2
24 29 2
24 33 2
25 28 2
3 17 2
30 40 1
15 31 2
10 13 2
31 47 1
2 26 2
17 22 2
3 38 1
22 28 2
5 26 2
22 36 1
25 35 2
0 32 2
9 33 2
6 58 1
22 25 2
11 28 2
28 59 2
3 21 2
21 32 2
15 39 2
11 30 2
3 5 2
0 15 2
1 5 2
10 54 1
3 51 1
0 7 2
3 8 2
13 19 2
35 52 1
13 20 2
8 26 2
9 32 2
2 15 2
16 32 2
18 26 2
9 35 2
24 28 2
4 43 2
30 44 2
21 45 1
8 45 2
3 54 1
26 38 1
4 38 2
8 57 2
29 48 1
2 47 2
10 26 2
4 17 2
20 26 2
34 36 2
26 34 2
9 20 2
18 28 2
12 13 2
17 50 1
28 30 2
31 45 2
6 29 2
15 26 2
20 41 2
35 37 1
0 27 2
17 24 2
23 25 2
26 30 2
13 17 2
25 26 2
30 33 2
9 25 2
16 28 2
18 57 1
18 48 1
3 32 2
8 55 1
29 31 2
11 58 1
7 16 2
13 39 2
3 58 1
22 34 2
20 38 1
28 58 1
20 56 2
9 34 2
18 35 2
2 6 2
6 14 2
19 36 1
11 18 2
4 53 2
17 31 2
20 37 2
16 30 2
19 22 2
25 44 1
5 20 2
5 12 2
0 46 1
32 34 2
22 47 1
1 21 2
19 34 2
10 25 2
15 28 2
22 32 2
31 53 1
6 33 2
30 45 2
7 19 2
9 15 2
8 33 2
18 56 2
19 20 2
29 51 1
10 16 2
20 35 2
1 12 2
15 46 1
8 23 2
9 23 2
2 34 2
7 56 2
4 51 1
5 16 2
22 31 2
0 56 1
15 35 2
7 28 2
23 26 2
21 27 2
18 32 2
7 17 2
11 17 2
4 23 2
22 49 1
31 48 2
14 30 2
7 20 2
12 16 2
2 25 2
1 15 2
6 9 2
7 31 2
10 29 2
1 36 1
29 57 1
6 17 2
3 33 2
11 33 2
4 10 2
5 14 2
17 47 1
12 35 2
22 52 1
1 14 2
3 13 2
18 21 2
14 44 1
1 8 2
13 22 2
12 30 2
6 26 2
21 46 1
31 32 2
23 28 2
1 31 2
16 45 2
33 34 2
1 40 1
3 31 2
9 24 2
3 48 1
3 19 2
8 22 2
2 8 2
7 9 2
25 29 2
29 35 2
6 32 2
1 27 2
15 19 2
27 32 2
8 51 1
16 33 2
23 27 2
22 30 2
17 34 2
32 40 1
3 42 2
9 16 2
13 18 2
13 31 2
2 13 2
15 59 1
7 24 2
0 28 2
15 33 2
2 14 2
2 22 2
6 16 2
3 7 2
4 5 2
5 35 2
23 58 1
17 30 2
13 33 2
3 34 2
9 54 2
0 2 2
23 35 2
26 28 2
19 53 1
12 18 2
1 9 2
8 14 2
7 58 1
23 42 2
10 59 1
28 44 1
8 31 2
20 27 2
20 29 2
8 24 2
10 11 2
13 35 2
9 38 1
19 25 2
0 52 1
31 51 1
12 22 2
15 25 2
27 48 2
34 40 1
30 37 2
6 57 2
12 21 2
7 12 2
29 30 2
29 44 2
26 46 2
25 31 2
14 35 2
5 25 2
0 26 2
20 45 1
1 35 2
26 35 2
30 47 1
15 16 2
14 56 1
20 30 2
0 31 2
13 14 2
21 22 2
16 27 1
5 27 1
14 51 2
0 37 2
10 14 1
21 43 1
8 37 2
20 28 1
4 16 1
23 31 1
25 27 1
4 29 1
2 57 2
10 43 2
