% n=180 p=33 d=0.66 p_blue=0.66
% k=0
10 40 2
16 38 2
6 9 2
33 179 2
32 88 2
46 102 1
40 43 2
25 168 2
29 122 2
59 87 2
40 105 2
56 68 2
15 64 2
9 45 2
48 161 2
46 163 1
38 105 1
34 143 2
49 127 2
39 83 1
10 87 2
15 68 2
32 99 2
5 125 2
14 126 2
5 55 2
54 108 2
35 154 2
42 130 2
36 118 1
45 127 2
49 123 2
36 51 2
8 65 1
26 102 2
14 48 2
55 60 2
40 61 2
55 57 2
5 114 1
38 135 2
15 78 2
1 92 2
4 64 1
54 76 1
28 164 2
3 136 2
35 90 1
18 106 2
12 163 2
4 21 2
53 114 2
2 24 2
11 84 2
33 40 2
40 81 2
24 45 2
54 61 2
32 160 1
12 53 2
22 40 2
13 135 1
5 124 2
9 123 1
49 149 1
57 152 1
38 59 2
6 40 2
16 47 2
10 25 2
16 175 1
2 165 2
12 132 2
4 52 2
24 56 2
9 125 2
39 108 2
52 129 2
8 138 2
46 110 2
17 28 2
6 72 2
45 95 2
35 150 2
23 125 2
9 23 2
48 52 2
17 123 2
12 113 1
29 164 2
57 100 2
12 97 2
7 55 2
42 95 1
15 91 2
25 162 1
42 79 1
48 49 2
21 154 2
23 57 2
2 26 2
58 91 2
0 6 2
15 137 1
31 57 2
5 153 1
44 169 2
34 107 2
40 146 2
21 84 2
0 138 1
27 151 1
10 113 1
1 146 1
42 54 2
14 123 2
6 20 2
20 131 1
36 92 2
35 103 2
11 178 2
57 148 2
18 143 1
44 101 2
10 123 2
50 56 2
8 165 2
40 121 1
21 156 1
6 97 2
11 165 2
56 133 2
6 91 1
6 128 1
59 65 2
31 48 2
37 67 2
3 112 2
31 34 2
46 58 2
52 87 1
27 112 2
40 82 1
7 174 1
41 43 2
9 65 1
23 97 1
2 83 2
35 95 2
51 93 2
21 99 1
10 36 2
37 126 2
50 89 1
44 55 2
34 38 2
26 86 2
6 28 2
27 100 2
23 36 2
16 30 2
45 153 1
15 27 2
30 158 1
37 169 2
34 48 2
23 159 1
17 131 2
37 174 1
24 33 2
3 118 2
7 139 2
19 170 2
2 169 1
33 35 2
5 116 1
45 130 2
32 94 2
22 32 2
12 31 2
22 161 2
16 27 2
43 157 2
23 82 1
3 98 2
40 116 1
20 174 2
56 145 1
59 131 2
41 161 2
5 7 2
29 141 2
46 125 2
52 88 2
35 80 2
6 69 2
1 179 1
45 93 2
4 22 2
44 106 2
7 82 2
30 178 2
55 102 2
38 162 2
20 123 2
37 81 2
4 57 2
34 116 2
9 51 2
30 93 2
37 132 1
42 57 2
32 127 2
24 26 2
40 176 2
57 76 1
52 72 2
9 21 2
10 94 1
40 59 2
7 123 2
36 169 2
21 95 2
11 23 2
0 178 2
8 97 2
26 70 1
7 176 1
27 46 2
58 176 1
1 36 2
30 122 2
17 141 2
45 121 2
18 162 1
34 136 2
51 68 2
55 71 1
15 147 1
36 88 1
11 100 2
13 85 1
37 162 2
5 82 2
22 55 2
46 48 2
46 174 2
2 73 1
35 61 1
37 178 1
21 163 1
13 72 2
32 95 2
20 93 2
3 156 1
3 123 1
13 110 2
17 118 2
34 63 2
47 169 1
0 37 2
47 146 1
33 148 2
20 87 2
27 31 2
47 154 1
1 127 1
21 178 2
36 52 2
24 54 2
59 80 2
10 117 2
0 145 1
43 137 1
28 63 2
5 167 2
2 96 2
22 130 2
46 131 1
15 176 2
8 14 2
3 32 2
29 160 2
1 108 2
46 81 2
12 136 2
11 134 2
24 177 2
27 52 2
49 59 2
28 74 1
59 67 1
9 16 2
27 133 2
31 170 1
21 75 1
39 145 2
36 127 2
27 137 2
6 16 2
1 25 2
13 58 2
11 141 1
46 134 2
4 70 2
4 161 2
56 152 1
29 165 1
28 170 1
31 122 1
20 23 2
3 158 2
1 94 2
56 72 1
9 20 2
43 104 2
8 178 1
41 76 1
5 99 2
13 146 2
47 80 2
52 100 2
56 106 2
33 34 2
45 88 1
27 82 2
24 118 1
24 57 2
26 111 2
29 131 2
24 25 2
3 152 2
3 146 2
0 123 1
43 166 2
53 168 2
1 71 2
35 50 2
9 33 2
23 151 2
8 26 2
13 75 1
3 127 2
32 97 2
9 91 1
5 106 2
23 122 2
28 54 2
19 143 2
58 88 2
7 33 2
45 163 2
2 54 2
3 48 2
21 169 1
13 138 2
13 43 2
29 67 2
44 54 2
33 176 2
29 172 2
36 83 2
58 121 2
5 89 2
27 129 1
11 71 2
29 143 1
21 113 1
1 98 2
44 114 2
20 113 2
43 88 1
3 120 1
46 74 2
8 18 2
41 57 2
30 42 2
23 109 2
51 139 2
14 119 2
49 106 1
41 89 2
58 70 2
37 143 2
19 79 2
4 45 2
35 132 2
26 54 2
58 135 1
53 70 2
39 82 2
23 161 1
26 47 2
27 39 2
22 141 2
14 17 2
15 45 2
42 170 2
7 27 2
30 132 2
1 50 2
15 145 2
6 61 2
27 119 2
1 87 2
31 119 2
10 96 2
9 25 2
2 28 2
28 41 2
24 74 2
54 59 2
33 124 1
40 46 2
52 118 2
14 56 2
2 117 2
10 97 2
58 59 2
30 64 1
56 116 2
12 99 2
33 174 2
11 24 2
10 13 2
48 80 2
53 170 1
27 178 2
16 158 2
20 128 2
54 157 2
9 50 2
4 37 2
3 85 1
35 47 2
3 59 2
19 177 2
34 58 2
34 50 2
11 136 2
31 127 2
43 153 1
43 44 2
9 149 1
21 101 2
25 62 2
28 46 2
56 173 2
49 122 2
46 154 2
9 81 2
49 57 2
6 36 2
1 57 2
0 88 1
12 102 1
48 158 2
32 156 2
36 38 2
51 105 2
30 149 2
31 151 2
5 39 2
33 168 2
8 22 2
24 144 2
34 47 2
36 62 2
30 59 2
58 60 2
37 173 2
47 79 2
4 61 1
39 41 2
4 58 2
39 142 2
9 11 2
29 63 2
59 150 1
23 134 2
8 109 1
57 89 2
5 149 2
14 83 2
58 150 2
22 38 2
27 54 2
13 133 2
27 114 2
0 5 2
28 58 2
39 94 2
24 163 1
41 53 2
10 165 2
22 68 2
56 115 2
52 53 2
30 102 1
12 106 1
59 177 1
15 33 2
29 66 1
22 170 1
1 84 2
7 13 2
40 86 2
39 125 2
32 79 1
34 93 1
9 61 2
5 54 2
1 75 1
10 78 1
21 161 2
1 144 2
3 44 2
48 139 2
32 169 1
13 64 2
3 20 2
36 93 2
59 161 2
4 66 1
27 62 2
49 100 1
34 83 1
14 71 2
10 46 2
4 172 2
38 91 2
8 80 2
58 172 2
15 54 2
19 40 2
33 157 1
40 88 1
58 167 2
58 128 1
24 38 2
53 110 1
17 156 2
40 110 2
12 133 1
40 126 1
7 133 1
11 144 2
11 32 2
58 82 2
13 61 2
22 133 1
57 81 1
48 136 1
43 57 2
9 151 2
30 129 1
50 152 2
19 59 2
58 144 2
33 132 2
45 162 2
12 168 2
57 146 1
34 45 2
46 106 1
31 54 2
24 164 1
50 157 2
13 116 1
56 140 1
35 73 2
29 74 2
25 67 1
13 118 2
31 50 2
50 98 2
45 105 2
11 113 2
33 97 1
55 148 2
32 161 2
10 108 2
35 106 2
21 174 1
48 54 2
40 171 1
13 44 2
20 81 2
20 65 1
34 171 2
12 60 2
10 177 1
43 113 2
14 95 1
24 146 2
16 118 2
52 137 2
21 109 1
32 52 2
51 173 2
24 109 1
58 148 2
20 129 2
59 90 2
22 131 1
41 66 2
39 134 1
30 40 2
1 159 2
11 160 2
34 101 2
20 118 2
25 99 2
7 159 2
7 52 2
26 160 1
11 127 2
32 102 2
0 3 2
27 105 1
37 56 2
38 54 2
29 155 1
16 117 2
24 147 2
55 77 1
25 118 1
52 122 2
33 125 2
3 103 2
30 127 2
24 70 1
53 134 2
10 27 2
21 48 2
2 66 2
38 98 2
8 120 2
2 14 2
11 119 2
28 166 2
18 39 2
49 61 1
30 62 2
23 53 2
25 141 2
18 148 1
18 114 2
18 122 2
48 166 1
10 34 2
14 167 2
52 56 2
19 165 1
36 177 2
26 33 2
50 110 2
2 171 2
15 71 2
37 69 1
13 176 2
29 149 1
53 136 1
16 105 2
28 125 2
52 58 2
16 162 2
55 91 2
13 27 2
27 140 2
12 43 2
27 156 2
28 73 2
30 125 2
13 156 1
37 74 1
37 141 2
58 146 2
59 111 2
10 24 2
29 33 2
25 178 1
41 44 2
57 97 1
47 101 2
3 30 2
13 52 2
1 30 2
27 92 1
40 96 1
38 169 2
40 160 2
35 109 1
5 35 2
33 139 2
0 31 2
19 57 2
52 64 1
33 63 2
16 19 2
22 59 2
19 30 2
19 70 2
16 58 2
24 135 2
34 124 2
10 137 2
48 56 2
15 153 2
4 140 2
3 132 1
55 86 2
54 150 1
17 129 2
23 105 1
10 132 2
17 147 2
16 40 2
27 135 1
20 38 2
47 78 2
23 43 2
0 44 2
23 27 2
11 51 2
5 168 2
10 72 1
31 94 1
22 36 2
42 47 2
46 64 2
8 63 2
17 177 1
36 171 2
5 130 2
50 131 1
24 104 2
5 28 2
46 138 2
40 64 2
13 41 2
8 45 2
16 71 1
3 16 2
24 154 2
21 144 1
32 121 2
24 176 1
27 167 1
52 81 2
22 39 2
31 39 2
56 162 2
30 114 2
31 35 2
48 70 2
18 45 2
33 86 1
29 52 2
42 140 2
24 41 2
33 142 2
50 124 1
3 100 1
32 37 2
0 164 2
9 82 2
36 78 2
34 164 2
8 129 2
13 19 2
15 57 2
7 38 2
11 25 2
40 97 1
58 76 1
54 58 2
4 170 2
54 79 2
29 94 2
31 85 2
52 160 2
4 34 2
18 142 2
23 155 1
46 98 2
4 90 2
5 97 1
53 161 2
11 35 2
9 37 2
22 159 2
18 153 2
46 168 1
5 19 2
46 172 2
39 80 1
29 175 2
44 164 2
23 37 2
25 86 2
37 46 2
41 168 2
56 97 2
5 13 2
37 61 2
25 45 2
33 118 2
22 123 2
2 60 2
28 110 1
35 44 2
43 89 2
0 61 1
21 45 2
45 92 1
9 15 2
6 161 2
52 59 2
2 47 2
4 28 2
43 85 2
8 50 2
23 89 2
46 57 2
39 91 2
41 85 2
7 102 2
39 69 2
15 95 2
21 130 2
19 148 2
36 158 2
21 68 1
8 12 2
55 119 1
45 60 2
30 112 2
5 53 2
42 96 2
21 74 2
18 33 2
29 83 2
40 129 2
25 69 2
25 64 2
38 129 1
28 137 1
14 79 1
52 155 2
10 112 1
5 117 2
17 98 2
20 59 2
26 153 1
32 176 2
18 50 2
34 108 2
49 153 1
43 152 2
27 51 2
12 41 2
59 141 2
30 44 2
14 39 2
1 60 2
20 111 2
36 68 1
35 75 1
17 83 1
19 175 2
3 104 1
32 46 2
33 39 2
2 59 2
31 136 2
41 87 1
15 70 2
19 35 2
12 176 2
44 118 2
20 143 2
4 43 2
29 62 1
49 50 2
21 83 2
14 35 2
12 73 2
30 166 1
53 153 2
20 31 2
56 57 2
16 163 2
0 53 2
13 82 1
28 37 2
35 158 2
22 49 2
22 146 1
12 172 2
14 156 2
18 170 2
21 72 1
12 174 1
28 156 2
23 132 2
30 108 1
25 56 2
41 52 2
44 91 2
14 129 1
20 142 1
3 33 2
13 177 1
51 137 1
49 63 2
46 53 2
20 22 2
12 26 2
2 43 2
50 68 2
26 71 2
44 64 1
0 85 2
21 60 1
55 94 2
3 28 2
32 58 2
11 77 1
53 92 2
46 120 2
26 27 2
6 11 2
54 155 2
6 75 1
41 47 2
2 137 2
49 109 1
7 49 2
0 64 2
13 115 2
17 49 2
4 87 2
46 130 1
22 62 1
16 137 2
36 124 2
7 144 1
52 63 2
40 41 2
24 50 2
35 161 2
34 59 2
17 106 2
45 169 2
33 78 1
11 18 2
32 103 2
59 93 2
16 98 2
4 130 1
4 131 2
9 138 2
1 4 2
7 57 2
3 128 2
41 56 2
49 169 2
58 122 2
11 101 2
5 94 2
43 170 2
6 107 2
0 140 1
28 142 1
45 144 1
23 124 2
55 135 2
54 178 2
51 53 2
36 53 2
26 106 1
13 70 1
44 47 2
31 155 1
31 81 2
21 145 1
8 158 2
26 79 1
11 171 2
1 53 2
14 151 2
55 137 2
29 98 2
26 58 2
35 52 2
17 94 1
28 151 2
5 11 2
12 70 1
54 74 2
7 32 2
41 63 2
39 169 2
54 114 2
11 29 2
8 154 2
49 148 2
28 178 2
17 23 2
19 131 1
31 124 1
39 73 1
38 119 1
35 54 2
23 58 2
18 121 2
30 147 2
5 141 2
33 122 1
26 117 1
24 96 1
27 109 2
18 58 2
43 136 2
27 57 2
31 72 2
16 74 2
54 176 2
0 163 1
17 55 2
25 94 2
13 55 2
53 162 2
46 121 2
43 161 2
30 109 1
15 31 2
32 113 2
46 139 2
3 92 1
9 77 1
17 39 2
23 29 2
40 138 1
10 62 1
19 122 2
0 152 2
15 18 2
40 174 2
18 31 2
46 141 1
3 86 1
1 24 2
38 127 2
30 128 2
13 31 2
29 156 1
57 71 2
56 151 1
56 122 2
16 76 1
28 40 2
21 126 1
58 74 1
24 169 1
38 101 2
28 154 1
17 126 1
2 122 2
52 76 1
27 60 1
1 102 2
36 148 1
50 135 2
10 23 2
25 46 2
5 50 2
4 20 2
15 136 2
29 135 2
9 22 2
30 80 2
40 48 2
18 87 1
18 22 2
19 29 2
37 93 2
53 149 2
21 44 2
21 115 2
8 164 1
23 171 2
8 127 1
14 89 1
29 35 2
55 96 1
33 82 1
38 82 2
56 91 2
14 118 2
2 13 2
17 149 1
17 61 2
19 80 1
15 175 2
8 103 2
32 64 1
2 90 2
14 150 2
57 142 2
24 51 2
41 94 2
0 10 2
36 40 2
17 120 2
12 103 2
13 37 2
46 129 1
27 32 2
12 89 2
39 61 1
53 83 2
47 54 2
24 149 2
57 178 2
33 143 2
25 41 2
48 85 1
44 109 1
33 105 2
36 82 2
52 144 2
9 106 2
3 165 2
59 109 2
6 173 1
34 55 2
14 18 2
6 67 2
8 44 2
46 54 2
12 29 2
32 89 2
39 81 1
49 73 2
22 44 2
28 43 2
5 14 2
46 170 2
14 170 2
51 110 2
5 72 1
20 35 2
35 141 2
39 172 2
45 56 2
25 133 1
56 175 1
14 106 2
4 14 2
39 97 2
49 163 1
7 155 2
57 136 2
55 126 1
20 102 1
17 29 2
14 179 1
0 4 2
11 92 1
47 159 2
40 51 2
4 122 1
2 155 2
45 141 2
19 163 2
26 168 2
7 71 2
43 127 1
4 30 2
27 106 2
17 51 2
43 65 1
40 94 2
4 67 2
54 164 2
57 172 1
12 150 2
19 47 2
7 130 2
1 56 2
28 31 2
10 145 1
51 100 2
13 91 2
23 142 2
42 141 1
39 117 1
5 109 2
16 53 2
33 85 2
47 174 1
16 62 2
25 32 2
27 63 2
47 149 1
16 176 1
32 39 2
49 52 2
22 140 2
26 129 1
34 95 2
55 99 2
5 156 1
26 100 1
29 59 2
23 149 1
26 77 2
17 35 2
21 132 2
24 148 2
15 46 2
31 53 2
52 156 1
19 43 2
11 13 2
13 94 1
1 105 1
10 14 2
19 178 1
11 104 2
5 75 1
13 173 1
7 113 2
30 165 1
53 127 2
10 93 2
55 168 2
12 76 2
53 54 2
1 48 2
10 176 2
7 29 2
2 82 2
50 144 1
28 50 2
27 49 2
27 162 2
57 102 1
48 53 2
3 124 1
9 38 2
55 174 2
2 138 2
10 88 2
0 57 2
52 93 2
14 117 1
16 113 2
9 73 2
45 57 2
34 67 2
8 82 2
4 6 2
48 150 1
20 154 2
8 76 2
18 130 1
59 162 2
32 70 1
19 69 2
46 133 2
3 21 2
35 86 2
24 89 2
36 104 1
44 53 2
41 104 2
13 60 2
22 150 2
43 100 1
4 157 2
8 57 2
53 158 2
3 11 2
4 78 1
38 158 1
58 119 2
28 93 2
57 59 2
38 58 2
10 134 2
59 149 2
31 98 2
14 141 2
44 156 1
43 146 2
39 56 2
35 149 1
29 34 2
16 83 2
21 51 2
26 85 2
56 93 2
35 116 2
54 71 1
40 163 2
17 135 2
32 38 2
6 119 2
12 28 2
43 59 2
22 177 2
20 90 2
12 58 2
46 161 2
25 87 2
18 126 1
17 57 2
38 52 2
48 122 1
25 80 2
43 46 2
25 54 2
22 156 1
22 60 2
42 43 2
14 107 2
36 172 2
7 140 2
15 82 1
30 117 2
57 145 2
31 125 1
4 148 1
11 37 2
16 25 2
25 132 2
43 51 2
8 119 2
38 166 2
57 116 2
19 172 2
48 149 2
29 31 2
37 51 2
54 80 2
12 21 2
47 148 2
15 76 1
4 7 2
48 77 2
31 70 2
30 43 2
8 19 2
51 72 2
26 66 2
6 17 2
26 53 2
15 108 2
2 91 2
40 84 2
24 37 2
55 138 2
33 61 1
12 16 2
2 129 1
15 52 2
51 117 2
56 148 2
53 59 2
35 40 2
2 44 2
55 73 2
10 11 2
26 105 1
18 160 1
24 140 2
2 49 2
57 165 2
50 172 1
30 175 2
6 33 2
48 100 1
0 179 2
0 43 2
30 89 2
14 100 2
6 80 2
28 82 2
48 104 2
12 93 2
37 48 2
53 138 2
39 173 1
48 86 2
2 34 2
15 166 2
33 178 2
51 76 2
51 59 2
59 164 1
2 158 2
45 71 2
13 38 2
14 114 2
41 138 2
32 55 2
52 78 2
34 147 2
22 42 2
8 83 2
54 66 1
42 72 2
18 27 2
11 62 2
19 144 2
4 104 1
47 48 2
2 23 2
14 55 2
0 170 2
30 174 2
3 169 1
22 179 1
33 44 2
44 115 2
45 178 2
39 132 2
36 37 2
18 35 2
32 123 2
20 78 2
26 118 2
25 42 2
37 90 2
57 95 1
4 38 2
37 47 2
5 43 2
57 159 2
56 166 2
35 53 2
39 76 2
15 80 1
13 32 2
19 36 2
13 28 2
23 64 2
13 21 2
32 112 2
29 46 2
36 101 2
26 50 2
1 95 1
28 90 2
56 101 2
38 145 1
39 123 2
58 64 2
29 161 1
49 150 2
25 52 2
10 129 2
24 170 2
28 173 2
1 32 2
59 142 2
56 176 1
5 71 1
50 113 1
6 124 1
52 177 1
7 50 2
59 174 1
34 91 2
48 179 1
58 67 1
24 97 1
32 61 2
40 77 1
0 132 2
40 150 2
14 34 2
27 47 2
38 86 1
29 55 2
11 52 2
1 52 2
17 140 1
3 142 2
45 107 2
25 101 2
57 104 2
11 49 2
30 61 2
7 10 2
35 87 2
29 168 2
18 95 2
21 138 1
7 170 2
18 79 2
20 133 1
31 132 2
56 126 1
20 25 2
19 160 2
47 120 2
28 117 1
17 109 2
8 64 2
12 80 2
15 128 2
1 2 2
15 119 2
10 153 1
21 104 2
1 153 1
26 41 2
4 119 2
52 119 1
42 136 1
8 34 2
25 81 2
48 98 1
9 171 2
36 153 2
42 87 2
16 119 2
27 172 2
19 77 2
12 44 2
35 72 2
4 102 2
1 72 2
37 97 1
34 151 2
24 82 1
20 39 2
5 160 2
57 98 2
9 90 2
23 152 2
32 45 2
12 96 2
0 121 1
36 81 2
19 167 2
53 71 2
33 87 2
18 51 2
21 43 2
4 100 2
5 36 2
0 15 2
14 177 2
8 171 1
30 36 2
6 137 2
52 154 2
21 96 2
56 74 2
26 59 2
50 115 1
26 32 2
44 170 2
23 172 2
47 144 1
44 81 1
5 133 2
17 152 1
37 94 1
10 77 1
35 58 2
40 149 1
4 10 2
33 62 1
4 62 2
1 19 2
22 105 1
7 122 2
0 97 1
13 96 1
39 160 2
2 109 2
52 69 2
49 85 2
0 54 2
8 53 2
30 145 1
13 111 2
23 123 1
58 157 2
59 138 2
10 164 2
11 96 1
27 143 2
48 145 2
2 77 1
16 123 2
14 60 2
42 105 2
6 155 2
22 35 2
41 59 2
32 65 1
35 55 2
19 86 1
48 176 1
37 83 1
7 164 2
10 160 2
22 69 2
32 162 2
0 113 2
0 55 2
36 150 2
49 51 2
23 140 2
4 171 2
32 43 2
10 17 2
8 28 2
17 137 1
53 63 1
58 159 1
10 21 2
24 124 1
15 29 2
35 68 1
1 147 2
10 28 2
46 179 2
57 117 2
57 131 2
2 157 2
33 50 2
20 47 2
43 172 2
19 33 2
6 22 2
7 61 1
37 42 2
47 55 2
1 43 2
17 124 1
10 32 2
6 10 2
45 77 2
17 138 2
57 72 2
42 146 2
25 77 1
49 94 2
3 88 1
40 52 2
29 170 2
16 150 1
16 21 2
14 144 1
10 171 1
40 90 2
4 120 1
42 85 1
1 16 2
23 60 1
8 20 2
42 167 1
33 173 2
41 157 2
15 48 2
39 166 2
50 61 1
39 51 2
41 86 2
0 69 1
15 67 1
37 66 2
14 165 2
59 86 2
33 57 2
58 73 2
29 166 1
26 51 2
5 112 2
17 105 2
7 59 2
59 156 2
27 176 2
43 129 2
20 150 2
29 139 1
12 23 2
44 104 1
32 128 2
24 36 2
27 98 2
22 165 2
10 70 1
56 165 2
15 47 2
6 130 2
12 36 2
8 98 2
3 70 2
42 114 2
57 88 2
58 173 2
47 115 2
30 176 2
38 179 2
12 24 2
9 141 1
49 66 2
37 128 2
1 157 2
51 102 2
38 50 2
8 94 1
27 128 1
0 50 2
18 165 2
50 107 1
43 145 2
14 109 2
21 141 1
20 54 2
38 126 2
16 167 2
7 173 1
40 167 2
45 137 2
8 139 2
25 61 1
44 113 2
47 176 2
4 150 1
6 56 2
52 116 1
15 100 1
48 115 2
58 89 2
36 48 2
5 104 2
12 88 2
1 137 1
22 110 2
9 127 2
4 9 2
59 113 2
38 93 1
22 56 2
9 19 2
11 45 2
0 104 2
46 118 1
54 107 2
15 30 2
8 115 2
0 29 2
44 112 2
29 58 2
39 159 2
11 31 2
9 47 2
5 85 2
27 124 2
1 172 1
35 156 1
41 148 1
58 141 1
54 84 2
38 76 2
50 112 2
12 124 2
23 115 1
15 149 2
48 63 2
29 32 2
36 141 1
0 172 1
25 116 2
7 43 2
45 61 2
24 142 1
0 63 2
51 141 2
54 160 1
39 72 2
28 129 2
58 71 2
6 50 2
30 41 2
30 69 2
47 108 1
23 130 1
1 161 1
6 41 2
38 53 2
55 164 2
35 163 2
40 158 1
12 151 2
44 129 2
27 36 2
2 167 2
6 65 1
9 41 2
2 65 1
20 94 1
38 147 1
25 33 2
16 44 2
53 104 1
14 86 1
53 143 2
32 36 2
54 65 2
31 106 1
2 42 2
8 157 2
11 139 2
38 134 2
19 153 2
15 32 2
22 50 2
15 88 1
8 93 1
39 139 2
35 165 2
42 126 1
47 88 2
25 107 1
11 64 2
33 96 2
34 65 2
1 28 2
34 88 2
17 37 2
4 26 2
25 154 2
26 43 2
6 77 1
38 157 1
34 102 1
2 107 2
21 143 2
59 115 1
45 134 1
20 30 2
55 83 1
56 112 2
34 60 2
8 70 2
58 96 2
31 45 2
32 63 1
54 78 1
59 169 2
18 57 2
20 110 2
7 11 2
42 149 2
12 87 2
44 49 2
1 163 2
23 38 2
7 99 2
59 168 2
11 174 2
51 73 2
14 160 1
52 120 2
1 154 1
29 81 2
13 92 2
5 173 1
3 55 2
39 178 2
7 106 2
50 105 2
43 47 2
45 157 2
8 160 1
36 91 2
17 169 2
27 175 1
48 162 1
30 48 2
15 129 1
40 140 2
58 117 2
37 38 2
11 22 2
21 151 1
31 118 2
13 47 2
54 130 2
9 98 2
34 64 2
18 64 2
42 106 1
16 106 2
13 65 2
15 143 2
30 148 2
22 135 1
47 106 2
46 59 2
20 66 2
32 41 2
2 75 2
0 125 2
29 50 2
10 139 2
27 159 2
3 53 2
4 39 2
23 33 2
35 123 2
16 28 2
24 122 2
30 138 2
9 128 2
44 77 1
15 117 1
22 24 2
56 104 2
49 111 1
2 15 2
55 88 2
52 158 2
27 142 2
10 98 2
25 163 1
32 60 2
51 115 2
5 6 2
3 143 2
35 96 2
43 99 2
51 121 1
46 116 1
38 140 2
51 129 2
25 172 1
38 47 2
42 76 2
12 147 2
29 41 2
12 155 1
53 111 2
38 69 2
50 51 2
31 51 2
40 70 2
14 38 2
36 122 2
8 130 1
31 83 1
2 78 2
14 128 2
25 36 2
58 100 1
1 148 1
57 141 2
51 142 2
55 150 1
30 78 1
29 118 1
16 128 2
11 57 2
26 175 2
23 46 2
19 123 1
28 29 2
58 162 2
23 88 1
25 92 2
10 155 2
18 113 1
47 50 2
59 129 2
24 39 2
58 61 2
19 75 2
36 46 2
46 104 1
33 76 1
13 172 2
54 105 1
4 144 1
47 82 2
4 108 2
38 177 1
13 97 2
10 73 2
3 82 2
33 59 2
35 36 2
51 159 2
4 152 2
45 133 2
42 61 1
54 140 1
7 19 2
47 136 2
57 101 2
13 102 2
42 159 2
19 94 1
39 113 2
7 58 2
50 114 2
12 177 2
11 34 2
45 124 1
37 39 2
16 170 2
4 83 2
36 130 1
30 53 2
29 42 2
6 159 2
49 55 2
19 23 2
46 169 1
11 15 2
37 137 2
30 34 2
53 157 1
14 50 2
34 123 2
57 150 2
29 57 2
22 176 2
5 91 2
52 106 1
34 105 2
42 107 2
3 58 2
52 130 1
56 128 1
35 179 1
31 134 2
10 42 2
47 170 2
41 81 2
36 147 2
3 34 2
20 42 2
21 49 2
22 128 2
30 52 2
9 80 2
31 46 2
51 131 2
51 120 2
54 156 1
40 112 2
21 87 1
32 131 2
15 85 2
44 48 2
14 74 1
45 69 1
29 70 2
59 100 2
0 51 2
16 120 2
54 142 2
11 93 2
4 124 2
8 10 2
22 25 2
54 89 2
35 85 2
10 122 1
56 167 2
7 14 2
15 126 1
40 102 2
22 82 1
42 88 2
33 152 1
12 65 1
31 38 2
0 146 2
24 52 2
20 162 2
16 60 1
37 150 2
3 26 2
49 92 2
27 50 2
21 110 2
6 53 2
9 55 2
0 48 2
2 37 2
5 74 1
51 143 1
9 169 2
7 62 1
28 143 1
47 114 2
18 54 2
28 47 2
28 76 2
48 178 2
2 127 1
51 70 2
0 108 1
6 51 2
13 141 2
38 163 2
43 159 2
11 82 2
4 44 2
24 111 2
27 94 1
51 126 1
1 51 2
17 75 2
39 55 2
55 175 1
32 85 2
34 62 2
34 115 1
35 152 2
51 75 1
26 80 1
19 102 1
13 20 2
41 82 2
27 53 2
13 143 1
26 89 1
43 120 2
15 170 1
1 101 1
3 107 1
44 73 2
8 13 2
56 123 1
18 85 1
36 49 2
51 157 2
10 57 2
36 111 2
37 170 1
29 43 2
40 92 2
57 105 2
42 117 2
18 116 2
23 147 2
57 67 1
45 116 2
3 164 2
35 134 1
29 30 2
6 18 2
5 12 2
4 17 2
24 46 2
27 91 1
38 56 2
4 135 2
11 17 2
22 101 2
22 175 2
39 87 2
3 35 2
11 175 2
44 83 2
4 24 2
40 44 2
22 152 2
23 94 2
52 73 2
21 165 2
55 154 1
35 142 1
18 76 2
12 178 2
35 171 2
10 157 2
4 35 2
29 53 2
37 135 1
35 38 2
9 28 2
12 46 2
40 78 2
25 48 2
22 139 2
5 62 2
50 138 1
9 172 2
4 41 2
15 35 2
48 55 2
0 160 2
37 124 2
15 102 1
27 134 2
58 168 2
3 93 2
59 137 2
5 23 2
45 90 1
41 97 1
48 141 2
50 77 1
37 91 2
31 63 2
45 83 2
4 32 2
1 49 2
5 8 2
23 138 2
16 125 2
38 128 2
45 80 2
33 71 2
42 51 2
37 43 2
47 107 2
15 130 2
54 153 2
2 86 1
39 110 2
25 68 2
46 162 2
27 147 1
10 135 1
42 84 1
51 140 2
27 77 2
7 8 2
18 173 1
49 113 2
58 127 2
28 45 2
12 91 1
18 147 2
3 52 2
26 131 1
32 93 2
5 30 2
8 58 2
42 175 2
3 150 2
39 75 2
45 59 2
18 38 2
37 140 1
12 153 2
23 108 2
56 149 2
41 100 2
3 109 2
46 90 2
24 175 2
14 63 2
22 97 1
31 116 2
16 115 1
1 128 2
42 70 1
51 179 2
30 136 2
41 111 2
19 31 2
5 73 2
44 154 1
3 87 2
5 34 2
9 108 2
14 32 2
34 172 2
45 54 2
2 98 2
37 82 2
36 69 1
56 66 1
52 139 2
47 163 2
13 112 2
2 36 2
35 69 2
34 57 2
18 175 1
16 43 2
42 156 2
52 57 2
48 64 2
13 163 2
40 50 2
4 86 2
21 35 2
6 25 2
15 77 2
37 168 1
22 66 2
33 162 2
12 161 1
16 99 1
45 148 1
32 76 2
10 41 2
14 46 2
20 28 2
9 137 1
24 58 2
28 60 2
43 121 2
46 160 2
4 59 2
3 43 2
14 159 1
18 40 2
39 156 2
14 52 2
44 58 2
53 106 2
22 103 2
31 156 2
42 154 2
34 155 2
43 115 2
45 109 1
16 90 2
13 29 2
27 56 2
6 162 1
29 65 1
35 57 2
42 121 1
35 137 2
22 26 2
50 103 2
27 153 1
48 82 2
19 34 2
20 134 2
36 142 2
57 90 2
28 56 2
30 45 2
33 42 2
57 126 2
23 66 1
53 119 2
15 24 2
11 151 2
1 150 1
29 179 2
43 93 2
40 156 1
6 136 1
28 163 1
38 149 2
46 147 2
0 19 2
6 92 2
40 65 2
22 47 2
42 172 2
34 104 1
5 22 2
32 110 1
4 53 2
26 147 2
24 94 2
8 29 2
31 138 2
46 69 2
19 121 2
59 83 2
12 162 2
8 36 2
32 140 2
29 132 2
50 141 2
38 138 1
20 86 1
38 74 1
17 52 2
32 115 2
22 57 2
49 137 2
49 166 1
39 52 2
8 30 2
46 73 2
35 176 1
1 81 2
9 145 2
19 65 2
26 62 2
40 47 2
58 120 2
47 123 2
50 160 1
56 73 2
3 138 1
0 13 2
1 68 2
36 79 1
26 35 2
12 143 1
29 60 1
58 62 2
47 161 2
6 170 2
1 10 2
14 143 2
39 77 2
37 55 2
20 83 1
27 132 2
13 53 2
27 30 2
14 41 2
58 102 2
18 169 2
34 158 1
54 55 2
34 113 2
56 129 2
20 176 1
40 76 2
52 55 2
42 113 2
41 178 2
9 170 2
6 101 1
31 91 2
50 119 2
38 174 1
4 54 2
47 67 2
35 37 2
48 114 2
17 25 2
6 46 2
47 104 2
21 36 2
9 54 2
17 159 1
13 122 1
46 97 1
3 147 1
50 57 2
20 63 2
16 33 2
23 35 2
18 53 2
37 57 2
25 51 2
44 123 2
28 97 2
36 43 2
18 24 2
7 91 1
45 55 2
39 149 2
57 68 1
10 18 2
19 150 2
24 84 1
2 3 2
46 126 2
19 164 2
48 97 1
41 45 2
0 92 1
6 104 2
55 159 2
16 73 2
32 101 1
23 32 2
23 114 1
16 66 1
18 140 2
53 101 2
40 55 2
5 49 2
14 112 2
29 173 2
53 172 1
1 55 2
30 46 2
34 39 2
45 173 2
4 23 2
39 109 2
49 114 1
38 100 1
17 121 1
55 64 1
33 68 1
12 34 2
25 50 2
17 104 2
38 144 2
0 58 2
6 113 2
13 171 2
14 65 2
44 99 1
15 168 2
20 33 2
48 117 2
54 177 1
29 36 2
45 68 2
30 139 2
7 74 2
17 158 1
15 172 2
14 70 2
13 160 2
47 51 2
18 34 2
16 57 2
48 94 1
52 140 2
31 49 2
38 111 2
54 166 2
55 140 2
25 85 2
1 18 2
49 91 2
0 11 2
5 46 2
9 89 2
21 40 2
7 22 2
9 114 2
44 142 1
45 62 2
14 53 2
28 130 2
57 133 2
4 5 2
27 96 2
33 140 2
47 165 1
52 162 2
37 177 2
14 47 2
34 142 2
41 88 2
16 146 1
24 83 1
4 48 2
29 108 2
27 102 2
13 66 2
26 42 2
22 78 2
47 91 1
4 42 2
47 168 2
45 99 2
6 105 2
30 49 2
5 9 2
47 68 1
51 136 2
0 30 2
12 166 1
16 59 2
18 90 1
58 85 2
39 65 2
14 16 2
45 74 2
7 87 2
26 166 2
36 87 2
56 87 1
32 145 2
34 80 2
35 139 2
19 127 1
24 67 2
33 167 2
19 78 2
6 125 2
33 121 2
44 82 2
18 152 2
28 30 2
24 47 2
52 147 1
39 70 2
59 82 1
24 88 1
27 41 2
25 39 2
52 97 1
41 179 1
4 151 2
39 88 2
12 61 2
25 103 2
5 65 1
43 63 2
48 138 2
20 115 1
22 102 1
25 60 1
53 55 2
25 84 2
32 116 2
16 68 1
23 59 2
24 60 2
58 97 1
29 137 2
42 169 2
10 47 2
50 126 2
23 119 1
0 26 2
5 67 2
20 80 2
52 65 2
0 168 2
18 166 1
18 144 2
52 74 2
51 155 1
20 52 2
14 140 1
21 80 2
9 40 2
31 33 2
50 65 1
26 40 2
18 41 2
31 42 2
58 108 2
43 165 2
57 151 1
32 104 2
31 40 2
38 57 2
10 115 1
6 150 2
43 102 2
26 113 1
3 78 2
22 125 2
25 88 1
21 27 2
3 47 2
47 113 1
26 99 1
41 128 1
11 65 1
41 108 1
59 140 2
58 142 2
14 166 2
11 172 2
41 54 2
28 126 2
45 51 2
17 18 2
32 122 2
36 121 2
59 89 2
20 44 2
41 67 2
41 61 2
29 138 1
49 167 1
16 179 1
24 31 2
27 108 2
4 177 2
20 29 2
19 100 1
25 137 2
14 29 2
11 142 1
23 144 2
21 52 2
48 88 1
10 12 2
53 103 2
37 160 2
32 165 2
9 30 2
30 74 2
49 125 2
28 138 2
33 166 1
6 134 1
50 134 2
30 96 2
18 20 2
43 164 2
0 130 2
11 168 2
7 156 2
18 19 2
9 119 2
12 40 2
42 83 1
1 15 2
45 161 2
35 42 2
52 117 2
23 153 2
59 69 1
9 69 2
7 47 2
40 124 2
4 81 2
25 38 2
6 133 2
0 158 2
22 178 2
55 56 2
33 123 2
13 120 2
12 109 2
46 51 2
40 58 2
12 179 1
15 139 2
53 115 1
57 166 2
42 67 1
52 112 2
5 122 2
4 15 2
34 138 2
8 55 2
22 115 2
31 32 2
42 101 2
11 103 2
41 46 2
1 97 2
42 128 2
46 149 2
23 160 2
38 142 2
36 39 2
29 51 2
39 64 2
0 175 2
15 142 1
49 88 2
7 132 2
0 174 2
2 29 2
59 155 2
43 56 2
24 44 2
59 104 2
3 121 2
33 56 2
18 86 1
11 122 1
50 165 1
38 96 2
27 107 2
35 91 1
12 19 2
22 61 2
34 157 1
23 96 2
10 16 2
4 96 1
10 45 2
45 113 2
10 131 2
15 50 2
41 98 2
5 48 2
19 99 2
25 179 2
32 75 1
7 94 2
43 134 2
29 76 2
12 35 2
57 113 2
46 103 1
20 55 2
22 149 1
2 102 2
0 98 1
5 26 2
43 61 2
4 29 2
6 145 2
57 73 2
12 112 1
50 162 2
17 40 2
5 150 2
9 146 1
6 79 2
3 37 2
23 168 1
3 23 2
9 44 2
21 66 2
8 33 2
27 45 2
18 103 1
5 56 2
12 144 2
41 91 1
18 137 2
57 160 2
18 30 2
9 130 2
27 148 1
14 28 2
0 73 2
44 46 2
8 125 1
37 58 2
46 148 2
21 112 1
19 133 2
17 82 2
23 133 2
10 162 2
50 54 2
17 58 2
41 152 2
0 76 2
0 23 2
33 170 1
59 165 2
39 92 2
59 107 2
34 98 2
29 99 2
17 89 2
46 164 2
44 111 2
21 54 2
54 129 2
27 58 2
2 17 2
3 65 2
44 86 1
15 97 1
38 49 2
24 63 2
43 55 2
54 159 2
27 161 2
35 56 2
31 149 1
0 117 2
7 128 1
14 139 2
58 152 2
39 57 2
41 42 2
50 166 1
49 69 2
1 156 2
10 144 2
47 58 2
25 57 2
50 169 2
24 55 2
23 164 1
56 139 2
50 159 1
19 108 2
11 74 2
12 154 1
28 121 2
20 114 1
6 142 2
28 87 2
7 21 2
24 145 2
14 145 1
5 52 2
52 174 1
20 130 1
50 151 2
17 47 2
14 101 1
54 137 1
5 45 2
54 83 1
52 131 2
35 145 2
38 132 1
0 12 2
17 65 2
46 86 2
39 53 2
26 123 1
15 25 2
41 62 2
20 56 2
50 59 2
40 168 1
22 43 2
52 134 2
16 72 1
31 168 2
53 160 2
47 63 2
54 57 2
32 83 1
19 151 2
30 37 2
3 40 2
30 144 1
3 45 2
18 115 2
3 56 2
55 165 2
4 112 2
51 77 1
41 176 2
52 101 1
55 114 2
42 75 2
17 20 2
55 136 2
9 139 1
53 105 2
38 65 1
32 86 2
54 124 2
33 80 2
27 99 2
37 172 1
57 168 2
7 48 2
57 69 2
50 175 2
28 168 2
6 90 1
14 15 2
52 98 1
25 167 2
44 96 2
57 70 2
47 57 2
53 117 1
1 39 2
58 178 1
38 139 2
46 49 2
1 139 1
53 146 2
40 165 1
14 69 2
24 136 2
55 171 2
21 167 1
6 168 1
38 46 2
15 107 2
10 151 1
3 18 2
12 146 2
33 95 2
50 86 2
7 111 1
41 78 1
16 54 2
21 47 2
13 86 2
1 173 2
1 66 1
41 70 2
44 141 2
37 41 2
40 75 2
46 176 1
36 58 2
43 48 2
11 143 2
41 165 1
1 26 2
13 84 2
33 84 2
18 80 1
28 84 2
1 115 2
16 18 2
42 56 2
49 93 2
56 77 2
13 155 1
51 103 1
39 40 2
40 54 2
54 167 1
4 133 2
26 34 2
8 89 2
54 113 2
15 55 2
7 56 2
30 124 1
18 26 2
18 94 1
55 110 1
46 108 2
20 159 2
1 136 2
11 108 1
59 63 1
24 158 2
55 124 2
58 171 1
59 135 1
33 54 2
17 27 2
52 173 2
54 64 2
52 109 2
30 60 2
48 90 1
37 159 2
43 168 1
5 57 2
1 44 2
40 74 1
55 151 2
6 135 2
31 60 1
49 140 2
44 50 2
27 179 1
41 143 2
42 160 2
31 43 2
27 72 1
6 26 2
40 89 2
12 33 2
32 44 2
44 166 2
9 12 2
33 37 2
50 78 2
7 24 2
58 113 2
4 101 2
42 124 2
37 86 2
42 86 2
25 176 1
31 174 2
37 106 2
1 109 1
53 102 2
5 31 2
31 36 2
17 164 2
10 76 2
0 151 2
31 52 2
51 101 1
52 148 2
53 109 2
12 95 2
28 86 2
32 144 2
9 143 2
36 103 2
10 30 2
58 151 1
3 60 1
13 35 2
25 49 2
39 129 1
4 156 2
30 35 2
29 84 2
46 127 1
34 167 1
45 64 2
7 143 2
49 168 1
39 114 1
38 43 2
33 169 2
6 171 2
1 37 2
1 174 2
55 109 2
6 31 2
47 61 2
22 126 1
22 48 2
18 145 1
54 132 2
46 173 1
59 118 2
40 115 2
11 53 2
46 67 1
42 60 2
5 93 2
0 111 1
7 45 2
4 55 2
12 52 2
20 106 1
48 62 2
0 18 2
3 8 2
1 133 2
50 145 1
11 46 2
18 28 2
18 48 2
28 104 2
19 179 2
21 32 2
10 44 2
41 74 2
39 58 2
10 121 2
51 55 2
54 171 2
49 103 2
26 44 2
5 84 2
46 89 2
32 66 2
8 31 2
14 152 2
56 135 2
29 45 2
32 80 1
43 52 2
23 116 2
47 87 2
32 47 2
54 98 1
28 53 2
39 44 2
15 155 2
14 138 2
31 59 2
57 134 2
4 106 2
50 123 1
32 178 1
16 39 2
46 99 1
44 94 2
1 12 2
49 128 1
40 114 2
13 54 2
57 108 1
26 98 1
33 88 1
10 15 2
42 45 2
36 72 2
38 155 2
9 42 2
10 148 2
41 109 1
55 107 1
0 166 2
29 71 1
10 48 2
18 29 2
23 118 2
34 40 2
40 137 2
53 73 2
36 45 2
27 70 2
29 124 2
25 156 1
19 22 2
46 100 2
11 149 2
9 100 2
17 146 2
10 85 2
15 28 2
16 109 1
2 58 2
9 156 2
36 98 2
27 90 1
22 119 2
4 19 2
17 114 2
17 43 2
51 161 2
15 140 2
42 153 1
17 97 1
15 23 2
31 154 1
49 133 1
38 66 2
27 171 2
27 28 2
20 169 2
0 36 2
44 59 2
19 156 2
18 32 2
3 54 2
37 52 2
13 162 2
11 140 2
1 170 2
11 21 2
54 72 2
52 171 2
16 67 1
21 25 2
11 73 2
1 116 1
9 148 2
43 116 1
36 146 2
7 147 2
22 172 1
15 49 2
15 169 1
11 55 2
22 100 2
0 159 1
7 97 2
19 117 1
51 174 1
29 123 2
46 75 1
8 16 2
44 144 2
19 52 2
44 108 2
49 120 1
46 68 1
48 65 1
39 171 2
16 37 2
16 93 2
21 79 2
2 116 2
58 131 1
10 19 2
1 22 2
8 84 2
56 158 1
33 92 1
44 76 2
53 132 2
23 163 1
25 120 2
0 67 2
44 155 2
35 79 2
8 25 2
43 111 2
15 165 2
58 65 1
8 141 1
21 125 2
31 44 2
15 58 2
3 68 2
19 84 2
14 24 2
35 126 2
28 128 1
52 166 1
7 105 2
0 133 2
50 58 2
46 92 2
17 108 1
4 76 2
40 127 1
39 126 1
59 71 2
16 165 2
28 35 2
29 89 2
15 159 2
31 41 2
1 27 2
3 61 1
28 103 1
8 71 1
52 54 2
24 162 1
33 52 2
19 147 1
3 12 2
15 133 1
26 159 2
36 144 1
47 132 2
9 133 2
21 170 1
18 62 1
34 131 1
44 124 1
0 60 1
17 92 2
36 42 2
22 173 2
19 136 2
52 89 2
49 56 2
33 102 2
1 47 2
9 85 2
22 107 1
32 134 1
14 68 2
43 135 2
49 145 2
46 47 2
20 40 2
41 96 2
39 176 2
3 9 2
28 88 2
45 129 1
4 91 2
6 117 2
22 158 2
46 85 2
34 43 2
9 63 1
39 135 2
16 31 2
44 179 2
25 115 1
8 24 2
25 114 2
34 166 2
47 150 1
43 101 2
17 80 2
4 103 1
23 169 1
17 50 2
4 25 2
31 169 2
17 76 2
53 94 1
43 131 2
9 155 2
49 76 2
2 143 2
18 47 2
2 124 2
22 151 1
59 139 2
28 65 2
35 112 1
27 80 2
41 131 2
21 26 2
44 62 1
20 172 2
14 49 2
6 30 2
19 24 2
37 49 2
2 45 2
34 148 2
33 172 2
2 156 2
6 154 2
30 50 2
2 10 2
46 55 2
50 130 2
1 65 1
18 46 2
34 96 1
24 32 2
9 18 2
28 155 2
16 102 1
0 21 2
30 51 2
31 120 1
52 145 2
43 156 1
21 31 2
7 158 2
30 82 2
15 21 2
57 158 2
22 91 1
10 22 2
50 92 2
18 61 2
49 151 1
13 45 2
36 139 2
17 53 2
24 173 2
6 58 2
11 154 1
47 53 2
7 79 2
37 165 1
27 35 2
35 107 1
3 125 2
40 123 2
21 119 1
46 143 2
34 86 2
21 89 1
33 45 2
5 140 2
25 72 2
31 135 2
50 168 2
0 78 2
17 112 2
5 103 2
31 130 2
51 138 1
27 118 2
37 145 2
15 148 2
38 137 1
37 88 2
11 114 2
39 127 1
40 172 2
23 31 2
42 152 1
40 83 2
49 62 1
14 173 2
36 54 2
44 147 2
48 91 1
26 116 2
2 134 2
27 66 1
40 161 2
34 36 2
52 153 2
40 142 2
26 115 2
18 97 2
25 66 2
26 75 1
34 53 2
41 136 2
16 84 1
14 90 2
13 67 1
15 75 2
16 155 2
12 74 2
20 171 2
14 23 2
27 152 2
28 146 2
39 96 2
43 73 2
34 176 2
40 164 1
16 126 2
11 126 2
22 34 2
54 152 2
17 21 2
41 174 1
46 171 1
28 144 1
26 126 1
38 45 2
56 62 2
29 40 2
48 113 2
56 83 2
37 59 2
29 75 2
28 160 1
6 24 2
29 39 2
22 129 1
15 138 1
3 13 2
14 169 1
47 143 1
20 32 2
21 50 2
13 23 2
35 45 2
22 153 1
21 57 2
12 107 2
13 80 2
50 148 2
25 138 1
47 157 2
4 27 2
58 156 2
50 171 2
29 102 1
19 49 2
26 137 2
26 177 2
34 152 2
51 58 2
21 159 2
58 166 1
5 87 2
16 89 2
11 118 2
8 47 2
33 164 1
32 48 2
18 37 2
38 39 2
22 71 1
12 27 2
57 171 2
19 103 2
43 106 2
45 72 2
26 152 2
22 74 1
36 94 2
22 53 2
13 150 2
8 73 2
4 114 2
35 59 2
12 86 2
2 6 2
56 110 1
48 118 1
22 127 2
36 134 1
9 13 2
22 73 2
5 148 2
58 104 2
6 45 2
29 133 2
22 138 1
12 37 2
25 79 1
17 139 1
47 110 2
43 64 2
7 126 2
23 84 2
54 67 2
25 27 2
26 46 2
21 24 2
27 136 1
38 51 2
41 141 2
30 88 2
32 135 2
45 47 2
11 63 2
41 147 2
22 116 2
52 102 2
16 48 2
23 177 1
56 113 1
13 178 1
8 156 2
27 42 2
50 96 2
33 43 2
16 45 2
30 97 2
17 71 2
42 171 2
38 161 2
21 59 2
23 141 1
48 74 2
37 95 2
1 3 2
46 159 1
4 31 2
47 125 2
42 131 2
17 133 2
32 62 2
21 41 2
0 7 2
34 78 2
7 41 2
14 64 1
5 24 2
47 74 2
28 33 2
53 95 2
10 179 2
1 31 2
23 102 2
36 85 2
13 154 2
2 33 2
45 94 1
24 141 1
11 124 2
8 49 2
30 73 1
8 59 2
55 68 2
47 175 1
13 46 2
45 97 1
5 137 2
1 89 2
4 164 2
19 74 2
7 108 2
16 92 2
41 144 2
32 159 2
37 54 2
38 106 2
5 15 2
1 80 2
48 130 1
12 156 2
30 56 2
42 97 2
24 139 1
27 130 2
20 45 2
58 160 2
15 20 2
48 123 2
0 101 1
39 84 2
2 69 1
17 56 2
5 128 1
40 68 2
7 67 2
0 52 2
8 79 1
54 149 2
18 149 1
42 50 2
15 16 2
57 132 2
51 177 1
18 91 2
0 100 1
38 61 2
54 87 2
1 42 2
21 164 2
51 162 1
11 41 2
29 107 2
38 131 2
1 134 2
1 138 1
25 152 2
32 51 2
39 157 2
32 106 1
2 139 2
1 86 1
21 118 1
1 141 2
19 45 2
0 83 2
24 125 2
23 158 2
47 134 1
19 68 2
13 59 2
8 40 2
56 157 2
6 23 2
21 139 2
14 99 2
48 133 1
55 125 1
43 71 2
15 39 2
49 54 2
50 53 2
29 144 2
3 29 2
26 37 2
15 83 2
26 87 1
3 111 1
10 138 2
12 13 2
6 84 2
8 174 2
19 141 2
50 69 2
6 116 1
2 39 2
59 152 1
14 168 1
18 174 2
7 68 2
23 143 2
13 157 2
15 56 2
52 66 1
7 172 1
34 165 2
4 116 1
9 32 2
27 59 2
35 39 2
44 51 2
34 92 2
32 146 1
52 150 1
17 63 2
14 147 2
8 96 2
1 145 2
59 167 2
55 129 2
31 93 2
34 139 2
28 68 2
16 61 1
17 153 1
7 154 1
36 65 2
51 90 1
6 102 2
21 28 2
25 30 2
5 101 1
36 128 2
19 58 2
1 103 2
54 68 2
49 75 1
23 178 2
57 140 2
58 112 1
48 109 2
55 143 2
45 89 2
6 64 2
4 8 2
8 39 2
0 49 2
34 177 1
15 41 2
30 47 2
46 155 1
57 135 2
29 103 1
36 120 1
24 178 2
29 151 1
54 81 2
41 140 2
48 129 2
53 66 2
6 48 2
7 162 2
47 179 2
22 75 1
37 176 2
19 135 2
45 170 2
8 75 1
28 52 2
18 131 1
34 44 2
23 39 2
10 58 2
13 161 2
2 163 1
7 150 1
34 52 2
28 49 2
59 154 1
14 120 2
7 177 1
45 112 1
42 120 2
29 163 1
59 75 2
38 164 2
32 166 2
23 70 1
11 109 2
7 101 1
56 76 1
23 121 2
10 111 1
0 110 1
22 45 2
44 130 1
8 37 2
47 140 2
19 21 2
39 85 2
0 124 2
42 55 2
17 30 2
43 86 2
33 165 2
42 122 1
32 91 1
35 131 2
0 171 1
11 44 2
27 55 2
55 90 2
15 22 2
17 34 2
34 54 2
11 158 2
13 83 1
29 96 2
18 159 2
51 74 2
41 122 2
41 158 1
3 115 1
56 119 2
46 62 2
17 36 2
36 116 1
26 144 2
1 176 2
3 24 2
14 59 2
42 115 2
14 33 2
53 130 2
27 154 2
20 27 2
1 20 2
44 134 2
38 41 2
19 162 1
19 27 2
10 37 2
29 77 2
31 61 2
54 161 1
36 84 2
47 158 1
27 37 2
35 125 1
33 156 2
11 39 2
19 32 2
50 97 2
9 113 1
11 112 2
26 133 1
14 132 2
28 113 1
30 31 2
0 115 2
0 161 2
24 116 2
56 134 1
25 44 2
38 114 2
16 34 2
12 125 1
42 52 2
50 66 2
10 51 2
44 89 2
12 167 2
54 168 2
50 150 1
36 143 2
40 91 2
26 154 2
46 135 2
9 88 2
10 31 2
45 117 1
20 144 2
7 179 2
31 109 1
48 68 1
31 147 1
46 158 2
1 96 1
6 177 2
11 42 2
0 34 2
30 58 2
13 125 1
7 171 2
34 169 2
52 107 2
18 99 2
33 158 1
0 14 2
28 102 2
52 96 2
33 94 2
6 42 2
3 141 1
14 26 2
12 90 1
19 145 1
20 173 2
18 117 2
43 76 2
54 174 1
18 105 1
19 39 2
9 153 1
47 49 2
36 107 2
18 127 1
47 81 2
54 95 2
9 150 2
21 38 2
36 159 2
28 42 2
21 30 2
35 43 2
33 108 2
45 123 2
44 176 1
41 124 2
39 42 2
1 41 2
20 158 2
16 52 2
36 164 2
11 70 1
17 168 2
37 166 2
24 130 2
6 35 2
29 145 2
31 90 1
11 95 2
0 107 2
5 96 1
0 95 2
39 54 2
11 56 2
58 177 2
25 175 1
51 147 2
24 114 2
44 122 2
39 79 2
55 158 1
45 75 2
36 137 2
54 135 1
13 108 2
42 93 2
13 149 2
15 111 2
14 124 2
24 91 1
32 105 1
26 39 2
1 113 2
50 87 1
41 164 2
48 110 1
43 160 1
20 103 1
50 178 1
41 151 1
49 142 1
27 117 1
23 62 2
48 57 2
37 154 2
0 131 2
41 129 1
28 116 2
22 162 1
54 100 2
16 138 2
18 42 2
25 37 2
25 53 2
1 54 2
22 171 1
45 131 1
50 179 2
10 133 1
1 119 1
30 94 2
21 120 1
45 52 2
0 24 2
8 179 2
55 162 2
19 54 2
27 34 2
9 71 2
28 101 2
22 90 2
49 119 2
8 176 2
34 149 1
15 150 2
9 74 1
21 168 2
35 164 2
31 141 2
49 130 2
25 170 1
15 158 2
34 41 2
24 171 2
54 82 2
45 167 1
25 119 1
35 51 2
13 33 2
41 150 2
10 86 2
18 120 2
23 104 1
33 115 2
12 48 2
6 44 2
2 145 2
56 141 2
40 152 2
17 54 2
29 128 2
52 86 1
51 81 2
6 103 2
54 115 2
36 151 2
28 38 2
2 11 2
17 167 1
17 178 2
13 159 1
18 60 2
26 96 1
21 88 1
0 144 2
6 7 2
14 19 2
6 86 2
12 59 2
5 134 2
33 36 2
0 59 2
13 25 2
43 58 2
21 58 2
6 132 1
19 50 2
51 113 1
32 57 2
12 92 2
26 74 2
51 127 2
43 82 2
34 140 2
26 28 2
30 163 2
11 130 2
0 45 2
57 153 2
5 29 2
14 20 2
40 95 1
37 161 1
8 15 2
57 127 1
7 160 1
25 28 2
45 156 1
7 86 2
5 25 2
10 66 1
24 100 2
5 110 1
34 51 2
6 172 2
32 132 2
26 155 2
54 139 1
39 43 2
5 10 2
41 65 2
46 117 2
20 51 2
9 35 2
30 154 1
53 97 1
19 28 2
7 26 2
48 165 1
40 45 2
45 160 2
59 128 1
11 14 2
27 83 2
7 165 2
1 107 2
48 170 1
48 111 1
17 74 2
25 63 2
7 40 2
29 85 2
48 157 2
8 144 1
28 44 2
5 58 2
22 67 2
41 162 2
37 40 2
40 107 2
14 30 2
14 51 2
0 35 2
53 107 2
39 144 2
15 53 2
44 160 2
9 129 2
11 105 1
7 39 2
51 63 2
2 57 2
52 110 2
25 73 2
36 126 2
50 164 2
5 154 1
52 136 2
20 175 1
29 127 2
15 34 2
17 44 2
14 113 2
20 165 1
37 122 1
18 56 2
8 48 2
31 96 1
50 64 2
45 126 2
24 65 2
51 150 1
35 148 2
58 75 2
43 70 2
6 39 2
52 62 1
0 112 2
22 31 2
2 173 1
4 72 2
8 17 2
32 130 1
7 166 1
46 128 2
33 46 2
25 127 1
11 43 2
58 79 2
52 94 2
11 146 1
54 97 1
10 142 2
8 42 2
12 173 2
11 48 2
52 133 1
7 37 2
47 105 2
2 95 1
20 53 2
37 121 2
49 155 2
7 175 1
23 49 2
42 58 2
26 170 2
54 148 2
12 49 2
21 121 2
43 78 1
8 78 2
27 169 1
54 110 2
13 26 2
33 141 1
14 96 2
58 165 2
38 178 1
8 128 2
2 119 1
4 115 2
41 127 2
8 68 2
12 67 1
45 154 2
41 149 2
46 119 2
45 150 2
59 175 2
57 80 2
8 100 1
27 29 2
4 139 2
2 19 2
32 82 2
37 87 2
41 101 2
14 21 2
50 174 1
56 75 1
33 47 2
19 53 2
17 107 2
45 177 2
37 114 2
12 139 2
0 27 2
16 17 2
26 57 2
23 26 2
4 12 2
18 128 2
52 146 2
15 37 2
1 38 2
28 135 2
10 168 2
53 81 1
1 58 2
52 124 2
17 134 2
55 166 2
23 42 2
31 88 2
22 111 1
13 49 2
35 41 2
25 91 2
3 31 2
16 22 2
55 134 2
19 85 2
38 48 2
27 160 2
17 33 2
33 55 2
51 88 2
45 58 2
23 30 2
4 132 2
40 119 2
7 53 2
0 32 2
17 96 2
56 125 1
24 152 2
12 98 2
45 91 2
55 65 2
32 33 2
28 34 2
51 176 2
20 41 2
56 59 2
13 121 1
51 99 2
56 132 2
44 84 2
19 56 2
58 95 2
20 34 2
13 18 2
47 71 2
8 161 1
37 96 2
41 79 1
19 63 1
20 139 1
24 43 2
48 108 2
33 131 1
12 170 1
19 20 2
6 15 2
5 178 2
41 145 2
33 175 1
12 148 2
36 57 2
32 42 2
24 40 2
56 117 2
19 101 1
40 154 1
8 166 2
57 129 1
42 80 1
33 51 2
24 93 2
21 39 2
34 150 2
4 105 2
0 118 1
51 65 2
59 106 2
27 97 1
9 53 2
53 179 2
51 92 2
57 155 1
10 49 2
29 115 2
56 146 2
3 159 2
39 179 2
42 158 2
32 84 2
43 45 2
42 100 2
2 135 2
29 109 2
49 178 2
9 70 1
3 25 2
21 69 2
26 164 1
49 112 2
49 177 2
17 41 2
42 144 2
49 143 2
6 21 2
43 107 2
21 23 2
54 90 2
17 136 1
59 84 2
18 81 1
51 116 2
45 73 2
25 111 2
22 104 2
1 17 2
51 114 2
38 97 2
30 123 2
5 66 2
41 170 2
46 79 1
54 73 2
45 46 2
50 133 1
24 112 1
38 81 1
26 163 2
22 88 2
2 159 2
16 42 2
20 49 2
9 39 2
55 120 1
59 88 2
4 16 2
34 84 1
14 134 2
10 120 1
51 64 1
50 99 2
34 69 2
34 179 1
5 37 2
42 44 2
20 137 2
44 171 2
51 97 1
1 152 1
48 135 2
35 99 1
6 14 2
22 145 1
56 150 2
38 156 2
3 172 1
28 36 2
5 135 2
51 95 1
25 171 2
55 69 1
51 54 2
19 112 1
32 147 1
33 160 1
36 47 2
53 128 2
28 150 2
21 56 2
4 138 2
8 54 2
40 49 2
26 55 2
54 134 2
29 93 1
57 82 2
56 86 2
12 110 2
32 149 2
24 53 2
56 102 2
35 63 1
4 71 2
50 76 2
53 96 1
12 14 2
18 102 2
53 156 1
18 77 2
30 135 1
20 163 1
36 59 2
3 81 1
45 176 2
53 100 2
28 89 2
14 45 2
8 135 1
18 118 2
19 89 2
53 87 2
44 60 1
26 49 2
40 155 2
27 93 1
53 129 1
48 120 2
30 66 1
55 74 1
4 13 2
30 65 2
50 79 1
15 94 2
28 153 2
7 20 2
14 40 2
0 8 2
26 30 2
37 139 2
17 102 1
26 38 2
24 69 2
14 135 2
11 58 2
17 161 1
19 42 2
29 162 2
24 86 1
53 120 1
9 36 2
6 143 1
2 27 2
54 121 1
12 165 2
52 79 2
23 110 2
55 161 1
26 146 1
10 59 2
0 139 2
15 162 2
2 178 2
15 60 1
52 71 2
43 176 2
55 163 1
53 166 2
42 46 2
6 27 2
0 169 2
14 125 1
1 151 2
16 24 2
2 50 2
8 9 2
1 91 2
55 66 2
3 50 2
21 105 2
18 36 2
43 144 1
7 12 2
42 59 2
11 121 2
1 175 1
59 68 2
44 66 1
27 95 2
5 170 1
28 147 1
49 96 2
10 67 2
13 132 2
11 152 2
40 99 2
57 138 1
27 125 2
58 80 1
5 78 2
4 147 2
16 41 2
35 124 1
48 172 2
59 159 2
31 75 1
23 167 1
49 107 2
8 32 2
52 105 2
55 95 1
55 89 2
21 177 2
1 9 2
6 96 2
12 17 2
49 131 2
45 146 2
36 99 1
24 72 1
31 56 2
8 52 2
15 104 1
2 99 2
2 131 1
16 157 2
44 119 1
50 120 2
35 155 2
35 110 1
12 54 2
39 111 1
53 145 2
40 157 1
12 15 2
24 49 2
51 165 1
0 39 2
42 174 2
37 53 2
43 126 1
5 174 1
49 173 2
38 170 2
12 20 2
37 80 2
4 93 2
56 99 2
14 104 2
16 124 1
4 173 1
23 50 2
17 175 2
8 124 1
0 177 2
55 177 1
1 13 2
21 65 2
43 123 1
59 99 1
17 171 1
6 115 1
1 123 2
3 7 2
9 173 2
52 161 1
35 174 2
37 104 2
45 66 2
43 133 2
12 55 2
47 167 2
27 69 2
52 95 2
48 163 2
19 152 2
28 61 2
3 79 2
24 78 1
50 81 1
12 32 2
33 49 2
2 18 2
23 24 2
16 101 2
59 120 2
13 73 2
35 162 1
12 57 2
20 50 2
31 157 2
10 107 2
17 113 2
42 99 1
3 42 2
38 130 1
41 130 1
1 67 2
3 5 2
42 164 2
11 153 2
29 154 2
15 141 2
1 29 2
16 35 2
2 9 2
26 120 2
44 132 2
48 152 2
6 157 1
7 36 2
22 41 2
35 81 2
2 94 2
29 176 2
7 78 2
43 68 1
30 71 2
19 72 2
0 42 2
23 40 2
42 138 2
9 115 2
11 177 2
53 90 1
7 15 2
55 149 2
8 67 2
39 68 2
56 177 1
4 11 2
11 47 2
10 118 1
0 173 2
25 148 2
8 56 2
11 102 2
16 36 2
40 143 2
16 166 1
20 127 1
40 162 1
29 113 2
43 150 1
27 73 2
55 72 2
3 166 2
11 59 2
55 59 2
21 22 2
45 149 1
18 168 2
23 76 2
40 159 1
2 56 2
25 136 2
44 162 1
13 17 2
31 177 1
58 170 2
12 115 2
25 83 1
24 48 2
19 125 2
13 127 2
39 152 1
40 57 2
6 82 2
24 71 2
39 175 2
28 79 2
55 62 2
50 94 1
18 151 2
33 38 2
48 79 2
2 48 2
53 147 1
6 78 1
40 104 2
45 48 2
19 116 2
37 75 2
0 149 2
28 111 2
20 97 2
25 93 1
51 153 1
28 59 2
3 106 2
27 122 1
53 68 1
31 79 2
45 50 2
25 34 2
47 76 2
3 129 2
13 56 2
34 162 1
19 48 2
45 118 2
2 74 2
2 41 2
39 121 2
36 165 2
42 48 2
11 79 2
10 83 1
30 85 2
39 102 1
7 76 2
25 26 2
36 50 2
9 179 2
20 36 2
2 88 1
35 177 1
6 59 2
48 134 2
13 24 2
18 78 2
6 54 2
42 89 2
37 153 2
53 169 2
24 99 2
0 91 2
13 14 2
44 102 2
36 100 2
13 126 2
56 131 2
20 153 1
9 58 2
42 49 2
25 159 2
4 158 2
54 99 1
38 40 2
9 176 2
17 32 2
44 68 1
27 43 2
40 153 1
23 25 2
7 16 2
19 119 2
54 128 2
26 103 2
56 168 2
11 12 2
39 161 2
49 141 2
3 19 2
15 116 2
47 177 2
57 111 2
7 30 2
14 149 1
21 158 2
1 69 1
56 138 1
49 136 1
59 171 2
11 66 2
56 121 2
52 126 2
40 69 1
11 26 2
39 130 2
42 125 1
19 149 2
38 160 1
11 176 1
1 14 2
39 48 2
49 159 2
16 88 2
10 116 2
8 111 2
19 44 2
48 59 2
32 107 1
50 156 2
39 105 1
42 142 1
19 60 2
48 81 1
11 16 2
50 118 2
40 179 1
35 97 2
53 84 2
7 42 2
58 130 1
47 102 2
14 27 2
20 89 2
0 40 2
56 153 2
52 90 2
42 150 2
18 132 1
12 51 2
23 78 2
5 146 2
40 133 2
34 49 2
24 35 2
20 148 2
4 74 2
30 167 1
10 38 2
17 166 2
46 71 1
20 64 2
9 107 2
30 164 2
41 55 2
26 45 2
46 70 1
30 131 1
1 126 2
24 85 2
58 154 2
6 108 2
39 115 2
44 110 2
25 164 2
2 51 2
52 92 1
51 132 2
44 100 2
56 160 1
9 68 1
36 60 2
7 151 1
32 34 2
30 91 1
2 149 2
20 21 2
4 168 2
58 145 2
17 173 1
37 111 2
36 75 2
35 146 1
41 146 2
12 38 2
19 76 2
43 75 1
48 58 2
56 154 2
12 47 2
34 178 2
20 73 2
30 152 1
45 147 2
6 144 2
11 138 1
2 79 2
39 122 2
3 89 2
53 80 2
46 113 1
5 118 2
13 114 2
3 10 2
58 149 2
18 44 2
25 106 1
40 151 2
31 159 2
6 55 2
34 121 1
48 112 2
31 74 1
27 75 2
12 18 2
14 43 2
46 122 1
11 80 1
47 164 2
22 51 2
11 67 2
36 155 1
39 137 1
8 66 1
59 151 2
42 109 1
34 89 2
37 120 2
58 98 2
7 118 2
9 83 2
12 158 2
42 123 2
0 80 2
9 131 2
17 45 2
14 130 2
24 34 2
1 162 1
35 170 1
58 86 2
48 71 2
13 170 2
18 157 1
25 40 2
30 38 2
19 107 2
15 38 2
59 64 2
32 77 1
9 166 2
29 114 2
16 78 2
37 113 2
17 95 1
25 117 2
3 170 2
13 42 2
0 66 1
39 138 2
27 40 2
48 67 1
3 77 1
16 111 2
54 165 2
22 46 2
47 84 1
54 126 2
32 71 1
7 18 2
38 108 2
3 155 1
37 147 2
3 119 2
11 20 2
45 138 2
2 40 2
45 76 1
4 18 2
26 176 1
32 172 1
2 115 1
54 169 2
38 148 2
4 155 1
33 72 2
3 4 2
3 27 2
42 129 1
6 12 2
58 132 2
36 175 2
42 98 2
49 175 1
12 138 1
21 102 1
56 60 1
15 132 2
37 45 2
20 105 2
53 82 1
6 122 2
49 139 2
1 160 2
17 174 2
10 65 2
56 114 1
24 80 1
31 140 2
53 86 2
57 85 1
31 128 2
16 104 2
9 147 2
37 156 2
29 120 2
1 6 2
24 28 2
52 111 2
59 61 1
18 100 2
30 137 2
36 156 2
56 171 2
46 124 1
42 111 2
13 51 2
25 76 2
44 125 1
16 26 2
52 67 2
50 102 2
38 60 1
17 130 2
45 168 1
55 176 2
30 76 2
55 145 2
4 47 2
26 104 1
16 153 2
22 37 2
50 100 1
7 69 2
22 84 2
47 62 1
41 77 1
54 146 2
21 140 2
23 146 2
3 130 1
44 57 2
13 16 2
38 95 2
56 84 1
39 98 2
28 69 1
59 143 1
52 141 1
24 159 2
43 178 1
16 55 2
9 64 1
9 134 2
31 86 2
7 116 1
31 117 1
35 147 2
32 118 2
19 61 2
6 34 2
17 179 2
15 81 2
15 63 1
58 111 2
20 43 2
10 20 2
53 57 2
24 168 1
15 134 2
17 19 2
2 125 1
8 21 2
33 163 2
40 134 2
26 119 2
21 166 2
16 108 2
32 163 2
9 14 2
59 145 1
48 154 2
40 56 2
37 142 2
51 144 2
18 172 2
2 110 2
35 120 2
55 106 2
24 120 2
8 38 2
19 71 2
3 162 2
51 82 2
47 151 1
21 82 2
45 96 1
8 126 2
3 134 2
1 63 2
57 60 1
3 154 2
28 48 2
23 55 2
3 173 2
47 137 2
32 137 2
3 57 2
37 109 2
14 102 2
18 129 2
16 46 2
36 115 1
24 81 2
55 98 1
2 21 2
48 72 1
18 68 2
9 175 2
52 82 2
53 178 2
18 59 2
13 128 1
53 58 2
59 85 1
15 89 1
45 86 1
50 52 2
12 101 2
48 128 2
1 82 1
18 63 1
1 177 2
18 55 2
34 37 2
15 42 2
37 138 2
31 103 2
10 52 2
43 54 2
58 137 2
27 146 2
29 44 2
56 155 1
23 67 1
38 115 2
32 35 2
30 101 2
22 112 2
6 146 2
38 120 2
9 120 2
18 70 2
31 172 2
2 85 1
46 52 2
5 145 1
0 47 2
55 97 2
8 87 2
47 124 1
33 159 2
0 150 1
57 162 2
43 94 1
57 139 2
0 33 2
39 116 2
40 42 2
23 139 2
10 39 2
32 54 2
51 52 2
8 85 1
8 23 2
7 31 2
1 5 2
24 62 2
10 84 2
27 33 2
33 67 1
28 39 2
23 65 1
56 118 2
15 157 1
0 22 2
13 57 2
25 157 2
6 127 1
1 140 2
10 74 1
44 172 2
33 69 1
6 52 2
20 46 2
9 104 2
34 119 1
31 47 2
21 162 1
11 33 2
8 114 2
41 173 1
9 48 2
47 99 2
29 136 2
23 54 2
3 145 2
3 90 1
16 50 2
12 119 2
53 173 2
41 159 2
7 34 2
9 52 2
24 103 2
25 58 2
18 73 2
2 25 2
14 85 1
11 83 1
39 45 2
12 30 2
49 147 2
20 71 2
2 31 2
11 128 2
24 42 2
20 140 2
46 72 2
5 41 2
1 122 2
56 94 1
39 59 2
43 49 2
45 120 1
2 128 2
22 28 2
8 101 2
55 82 2
30 32 2
2 52 2
37 129 1
3 175 2
7 134 2
48 168 2
11 19 2
3 96 1
17 73 2
44 148 2
49 172 2
29 69 2
10 178 2
15 105 2
41 80 2
47 162 2
47 52 2
11 115 1
37 107 2
28 109 2
22 96 1
20 84 1
35 93 2
41 95 1
7 83 1
7 100 2
27 64 2
58 129 2
55 116 2
0 2 2
6 110 2
22 33 2
8 43 2
4 40 2
2 16 2
5 95 2
14 44 2
55 75 2
15 122 1
5 33 2
47 130 2
27 48 2
26 29 2
34 46 2
11 98 1
34 35 2
43 91 2
48 106 1
43 97 2
50 71 2
52 163 1
6 43 2
34 112 2
26 148 1
1 23 2
21 147 2
8 62 1
7 51 2
28 105 1
15 51 2
5 163 2
4 97 2
8 102 1
28 96 2
29 73 2
20 135 2
0 176 1
32 56 2
18 135 1
57 143 1
48 126 2
43 81 1
16 173 2
19 106 1
38 85 2
17 155 2
0 86 2
1 164 2
31 68 1
16 143 1
26 138 2
5 157 2
29 54 2
51 56 2
15 44 2
7 46 2
3 151 1
17 46 2
1 100 2
10 143 2
23 170 2
40 132 1
53 174 2
21 37 2
3 38 2
36 90 1
25 109 2
40 101 2
38 72 2
32 117 2
1 149 2
1 106 2
2 32 2
40 141 1
1 169 2
54 63 1
13 165 1
2 174 1
26 142 2
4 36 2
25 155 2
1 110 2
21 53 2
43 140 2
8 122 2
19 128 2
45 175 2
4 107 2
26 78 1
0 72 2
19 140 1
2 152 1
12 39 2
22 70 2
55 70 1
10 80 2
35 46 2
48 69 1
10 60 1
29 47 2
54 117 2
43 112 2
6 95 1
26 178 2
49 160 1
11 88 1
22 58 2
8 99 2
47 90 1
33 117 2
26 108 1
4 51 2
42 69 2
41 118 2
21 106 2
14 57 2
4 129 1
4 169 2
49 58 2
20 70 1
13 106 2
36 166 2
22 52 2
53 155 1
9 101 2
21 173 2
23 61 1
7 25 2
29 177 2
23 47 2
0 56 2
8 72 2
34 61 2
13 89 2
21 91 1
11 85 1
14 58 2
19 168 2
33 53 2
55 139 2
13 40 2
47 86 2
49 156 2
5 77 2
13 22 2
35 117 1
9 49 2
45 81 2
13 151 2
40 106 2
13 81 2
24 165 2
3 75 2
3 131 2
17 117 1
32 53 2
9 174 2
9 94 2
27 38 2
11 54 2
11 38 2
4 94 2
10 119 1
54 106 2
49 115 2
20 108 2
53 56 2
55 92 1
25 139 2
14 162 2
58 147 2
13 30 2
42 78 2
37 112 2
58 179 2
19 115 2
17 48 2
43 103 2
8 77 2
27 123 1
52 172 2
10 26 2
23 120 2
22 29 2
8 137 2
13 169 2
16 121 1
10 167 2
12 175 2
14 31 2
28 120 2
12 122 2
58 153 2
27 89 1
0 127 2
43 143 2
44 97 1
51 106 2
28 176 2
59 95 1
23 45 2
55 58 2
2 132 2
39 100 2
25 95 2
58 138 2
1 7 2
48 75 2
15 26 2
2 123 1
3 17 2
14 36 2
16 20 2
20 58 2
51 133 1
19 176 1
21 46 2
34 174 1
0 1 2
14 174 1
53 98 2
18 84 2
54 85 2
12 85 2
32 142 1
0 28 2
10 126 2
16 135 2
21 34 2
47 59 2
39 50 2
47 65 2
20 119 2
39 177 2
20 92 1
20 178 2
9 111 1
31 37 2
2 5 2
36 64 2
56 69 2
16 172 2
14 161 2
30 150 2
33 153 2
41 177 2
46 96 1
31 142 2
7 80 2
32 59 2
41 48 2
52 142 1
10 29 2
1 45 2
39 168 2
25 140 1
36 163 2
2 7 2
19 134 1
23 75 1
36 178 2
26 67 1
5 42 2
3 167 2
30 39 2
10 53 2
3 105 2
42 147 1
13 48 2
43 50 2
5 171 2
3 22 2
56 89 1
44 52 2
1 34 2
5 79 2
43 132 2
37 119 2
15 173 1
1 167 1
34 106 2
39 47 2
56 95 2
6 13 2
9 29 2
15 123 2
6 176 2
28 70 1
45 143 2
12 159 2
35 89 2
25 161 2
23 81 2
45 65 1
17 144 2
11 27 2
41 49 2
26 143 2
7 54 2
38 123 2
16 132 2
44 56 2
39 141 2
37 179 2
41 50 2
49 144 1
44 173 2
16 85 2
32 174 2
38 62 2
39 49 2
0 16 2
15 19 2
9 118 2
57 94 1
19 38 2
21 136 2
52 164 1
31 175 2
0 87 2
25 105 2
58 83 1
35 113 1
12 42 2
37 63 1
50 147 1
33 144 2
46 112 2
21 77 2
2 22 2
19 88 2
18 21 2
11 125 1
53 144 2
33 119 2
44 126 2
34 77 1
46 50 2
47 171 1
18 49 2
51 71 2
11 87 2
39 162 2
2 8 2
53 125 1
25 31 2
4 145 1
32 114 1
56 100 1
5 68 1
30 77 2
57 163 2
30 55 2
52 127 1
39 86 1
59 124 2
5 17 2
0 41 2
25 59 2
5 132 2
39 150 1
30 118 1
18 112 1
6 47 2
0 165 2
49 117 2
42 91 1
46 107 2
3 102 2
21 131 1
19 120 2
47 111 1
5 119 2
12 100 1
15 106 2
19 93 2
10 175 2
1 93 1
44 105 2
51 109 2
39 93 2
51 78 2
32 69 1
5 107 2
50 67 1
30 153 1
39 60 2
53 113 1
5 40 2
28 72 2
16 23 2
33 154 2
10 128 2
23 175 2
4 165 2
44 133 2
25 150 2
43 53 2
42 127 2
17 148 2
3 46 2
29 38 2
31 150 2
6 93 2
36 152 1
27 141 1
28 32 2
9 59 2
48 121 2
48 142 2
27 144 2
0 128 2
34 56 2
19 155 2
53 167 1
17 24 2
16 86 1
20 37 2
30 169 2
53 163 1
36 44 2
44 149 2
10 33 2
12 149 1
37 89 1
26 91 2
44 157 2
19 90 1
19 37 2
35 66 2
40 122 2
28 149 2
50 55 2
20 104 2
7 157 2
9 24 2
23 148 2
4 79 1
0 142 1
0 17 2
19 111 1
18 43 2
5 159 2
12 45 2
41 99 2
4 56 2
3 41 2
32 111 1
17 59 2
29 86 2
1 8 2
15 40 2
29 48 2
54 144 1
26 149 2
46 115 1
49 146 2
53 64 2
17 122 1
30 54 2
22 136 2
41 163 1
30 105 2
5 20 2
48 107 1
11 156 2
44 158 2
19 55 2
2 62 1
4 33 2
13 15 2
17 38 2
12 83 2
4 77 2
47 97 2
57 115 2
46 56 2
26 68 2
2 30 2
0 38 2
59 157 2
49 60 2
44 152 2
54 96 2
5 120 1
13 104 2
57 164 2
8 51 2
23 135 2
33 58 2
29 157 2
26 65 2
41 83 1
19 114 2
30 161 2
18 138 2
17 42 2
9 160 2
54 133 1
47 117 2
14 82 2
35 74 2
22 169 2
57 149 2
6 32 2
51 135 2
47 122 2
3 179 2
5 113 1
29 178 2
18 108 2
5 143 2
52 169 2
30 33 2
26 122 2
54 60 2
45 145 2
31 112 1
8 145 2
14 148 2
46 137 1
48 51 2
27 164 2
44 63 2
56 164 2
44 88 1
23 63 2
35 92 2
58 66 2
47 56 2
49 71 2
55 111 2
58 124 2
0 134 2
57 91 1
5 44 2
7 117 1
11 106 1
23 129 2
21 117 2
42 74 2
22 79 2
53 135 2
9 92 2
10 63 2
0 153 2
9 78 2
13 71 2
40 125 2
45 49 2
47 64 2
6 140 2
15 115 1
37 44 2
40 53 2
49 53 2
38 116 2
45 110 1
58 161 1
45 152 2
43 72 2
43 83 1
35 49 2
15 65 1
27 86 1
38 73 1
13 119 2
36 117 1
30 111 1
16 159 2
35 136 1
14 22 2
53 124 2
42 65 2
29 37 2
24 117 2
34 127 2
12 105 1
59 158 1
10 43 2
39 46 2
16 136 1
37 68 2
3 153 1
34 42 2
18 150 2
36 138 2
43 128 1
45 104 2
17 143 2
14 111 1
24 155 2
44 78 1
48 132 2
51 57 2
6 109 2
4 136 2
20 157 2
48 151 2
5 32 2
9 10 2
38 117 2
43 124 2
10 156 2
28 108 2
52 151 1
21 98 2
0 147 2
8 27 2
45 70 1
5 131 2
14 37 2
25 128 2
33 98 2
33 151 2
59 133 1
35 98 2
8 131 2
24 73 1
42 176 2
59 77 1
30 63 2
12 22 2
36 41 2
22 23 2
47 156 2
53 137 1
10 56 2
5 27 2
31 95 2
59 176 1
3 174 2
20 57 2
41 142 2
43 66 2
26 31 2
18 107 1
33 130 2
9 27 2
5 81 1
38 42 2
42 145 2
50 104 1
31 166 2
57 93 2
24 66 2
34 75 2
1 11 2
11 40 2
38 153 1
30 140 2
26 56 2
31 89 1
14 142 1
12 137 2
22 106 2
16 79 2
42 116 1
21 122 1
45 165 1
52 168 1
18 101 1
29 49 2
20 61 2
43 117 2
37 50 2
24 129 2
59 98 2
50 154 1
52 84 2
51 167 1
23 150 2
16 178 2
21 157 2
0 126 2
13 123 1
22 27 2
41 123 1
16 95 2
19 46 2
34 109 2
9 34 2
34 175 2
34 120 2
15 131 2
23 79 2
56 120 2
49 78 1
53 142 2
33 177 2
42 71 2
50 146 1
33 127 2
28 75 1
23 41 2
18 75 2
50 85 2
20 160 1
23 112 1
35 94 2
40 79 2
26 76 2
2 126 2
53 91 1
31 55 2
9 43 2
51 149 1
28 114 2
57 157 2
16 32 2
35 129 2
11 97 2
14 25 2
44 67 1
7 17 2
44 45 2
51 156 2
22 117 1
9 84 1
37 144 2
3 6 2
28 141 1
43 169 1
52 113 2
18 96 2
39 146 2
45 53 2
28 98 2
37 134 2
17 151 2
26 132 2
23 56 2
55 155 2
36 173 2
31 143 2
31 153 2
31 110 1
43 179 2
27 150 1
0 156 2
9 57 2
38 125 1
33 161 2
17 22 2
41 69 1
27 44 2
1 40 2
32 49 2
9 144 1
44 167 2
45 79 2
36 63 1
16 29 2
34 70 2
57 147 2
52 123 2
33 150 2
51 160 2
5 70 1
33 75 2
7 28 2
11 50 2
16 164 2
30 141 1
25 29 2
5 164 2
10 55 2
10 147 2
28 55 2
1 33 2
47 131 1
32 126 2
32 72 1
23 80 2
5 38 2
3 39 2
48 127 2
51 85 1
22 164 2
34 118 2
42 92 1
0 137 1
9 117 1
19 98 1
8 134 1
3 117 1
6 49 2
27 88 1
11 166 2
14 110 2
4 163 1
17 78 1
57 170 2
52 165 1
2 67 2
48 103 2
6 99 2
7 23 2
45 101 2
14 131 1
59 105 2
12 63 2
0 62 2
43 177 1
35 71 1
42 139 2
42 103 2
2 46 2
23 51 2
30 87 1
9 46 2
1 166 2
50 75 2
17 26 2
13 137 2
26 92 2
7 149 2
24 119 2
11 30 2
19 25 2
24 95 2
36 67 2
10 50 2
38 133 2
12 164 1
11 78 2
32 153 2
6 87 1
23 48 2
15 36 2
14 54 2
19 51 2
9 26 2
11 36 2
13 34 2
4 146 2
38 44 2
22 80 2
46 77 2
29 117 2
0 46 2
23 44 2
45 159 2
53 78 2
22 163 2
25 122 1
2 106 2
9 56 2
18 52 2
4 121 1
58 81 2
20 48 2
33 41 2
13 87 2
22 155 2
2 53 2
47 103 1
31 104 2
12 68 1
51 172 2
6 37 2
21 175 2
27 177 2
14 42 2
54 109 2
2 170 2
33 171 2
50 74 2
38 113 2
24 132 2
25 35 2
19 169 2
21 78 1
25 100 2
12 64 2
21 70 2
44 75 2
20 100 2
4 69 2
20 24 2
20 167 1
16 49 2
12 50 2
29 56 2
43 148 1
31 65 1
57 103 1
27 71 2
3 15 2
21 55 2
26 52 2
29 134 1
57 87 2
26 60 1
39 131 2
32 50 2
8 112 2
7 35 2
23 52 2
52 143 2
41 58 2
1 85 1
13 76 2
37 64 2
25 55 2
22 134 2
23 34 2
21 149 1
19 139 1
44 161 2
53 122 1
15 17 2
39 99 2
20 146 2
36 77 2
37 175 2
45 122 1
18 25 2
14 154 2
2 12 2
28 172 2
42 118 2
28 169 2
11 159 1
14 87 2
8 170 1
23 113 2
15 66 2
40 73 2
15 101 1
24 29 2
4 50 2
2 38 2
23 73 2
40 80 1
28 145 1
31 163 1
0 9 2
14 116 2
9 31 2
33 64 2
42 81 2
46 65 1
27 131 1
1 46 2
15 87 1
2 130 2
18 133 2
44 159 2
23 71 1
26 36 2
24 27 2
46 88 2
7 84 2
1 59 2
2 35 2
50 155 2
9 17 2
17 160 2
56 159 2
21 67 1
21 134 1
47 129 1
15 43 2
4 49 2
13 131 2
26 82 1
32 170 1
44 69 1
15 164 2
57 121 2
21 103 2
11 28 2
8 105 2
33 109 1
32 158 2
43 87 2
49 108 2
15 73 2
38 84 2
25 47 2
28 115 1
33 91 2
44 61 1
23 28 2
35 62 2
17 93 2
33 48 2
2 4 2
1 64 1
3 36 2
17 31 2
12 128 1
17 127 2
14 78 2
21 155 2
54 77 1
6 38 2
42 168 2
49 98 2
25 43 2
29 72 2
30 100 2
44 74 2
28 57 2
14 61 1
54 173 2
22 54 2
5 86 2
36 170 1
32 96 2
25 135 2
22 109 2
28 140 1
12 135 2
2 172 1
12 142 2
8 41 2
5 47 2
24 143 2
57 177 1
55 157 2
13 147 2
13 113 1
5 129 2
40 62 2
28 51 2
53 67 1
6 98 1
31 62 1
29 174 2
59 97 1
41 68 1
35 127 1
8 140 1
36 113 2
21 33 2
2 141 2
41 125 2
55 146 2
27 121 1
53 148 1
1 155 2
31 131 1
22 98 2
47 85 2
46 82 2
22 122 1
40 67 2
5 51 2
35 48 2
46 177 2
38 159 2
21 179 2
39 143 2
6 29 2
47 139 2
1 158 2
59 66 2
13 63 2
1 118 1
13 39 2
18 23 2
56 174 2
7 44 2
3 14 2
2 20 2
13 50 2
12 56 2
31 173 2
1 35 2
58 77 2
32 40 2
47 128 2
0 162 2
22 30 2
36 131 1
54 172 2
26 169 2
10 54 2
10 163 1
5 16 2
49 74 1
20 26 2
24 160 2
7 63 2
58 123 2
4 60 2
8 106 2
17 163 1
0 143 1
12 25 2
36 56 2
16 127 2
22 83 2
48 144 1
34 163 2
11 129 2
58 94 1
0 94 1
12 118 2
4 46 2
19 26 2
48 78 2
23 98 1
25 147 1
24 30 2
31 69 2
50 95 2
53 108 2
5 60 1
1 168 1
15 59 2
26 81 1
6 121 2
13 36 2
21 29 2
10 150 2
1 70 2
48 89 2
31 101 2
26 48 2
5 139 2
38 55 2
16 69 1
16 56 2
5 98 2
59 91 2
36 119 1
7 81 2
32 133 2
24 59 2
8 149 1
41 51 2
56 58 2
54 56 2
6 8 2
10 35 2
32 152 1
3 49 2
56 142 1
57 58 1
50 136 2
52 179 2
1 130 1
102 170 1
29 169 2
48 125 1
5 18 1
2 55 1
158 164 2
58 125 1
130 164 2
126 179 1
1 21 1
48 50 1
65 143 1
68 83 1
65 163 1
31 58 1
16 51 1
28 158 2
127 129 1
42 53 1
5 59 1
152 170 2
48 83 2
8 46 1
51 83 2
3 168 1
28 131 1
52 108 2
5 21 1
143 163 2
26 179 1
3 51 1
5 92 2
32 129 2
14 122 1
30 151 2
50 88 1
21 42 1
19 154 2
67 88 1
20 126 2
19 41 1
30 83 2
8 118 2
21 129 1
0 25 1
23 91 1
8 152 1
11 169 2
0 20 1
7 9 1
