% n=20 p=33 d=0.66 p_blue=0.33
% k=0
2 11 1
2 14 2
2 19 1
1 6 2
6 12 2
2 10 1
5 18 2
6 7 1
3 5 2
1 2 2
1 5 2
4 13 1
4 17 1
1 9 2
2 7 1
4 16 2
2 18 2
3 10 1
1 7 1
0 12 1
5 8 1
4 8 1
1 10 1
6 10 2
5 7 1
2 6 2
3 15 2
2 8 1
2 13 2
5 15 1
2 16 1
3 13 1
0 19 1
1 14 2
4 10 1
3 11 1
3 16 2
6 19 1
0 5 2
0 6 2
1 8 2
3 4 2
3 14 1
3 7 1
3 8 2
0 7 1
1 16 1
0 3 2
6 16 1
2 5 2
4 14 1
1 17 1
5 9 1
2 17 1
4 15 2
5 12 2
0 11 1
4 7 1
6 15 1
2 4 2
3 19 1
1 3 1
0 4 1
1 4 1
3 6 1
4 18 1
3 9 2
9 17 1
0 17 1
9 18 2
0 1 1
3 17 2
4 5 1
4 9 2
17 18 2
6 9 2
