% n=160 p=33 d=0.66 p_blue=0.66
% k=0
5 50 2
48 125 2
13 125 1
23 125 2
26 63 2
24 69 1
22 36 2
4 12 2
26 56 2
5 30 2
45 153 1
19 22 2
10 30 2
41 64 2
18 133 2
9 143 2
4 146 2
11 135 2
14 127 2
38 89 1
48 68 2
34 133 2
18 70 2
26 71 1
3 120 2
41 63 2
3 80 2
5 99 2
32 145 2
52 87 2
47 142 2
6 10 2
24 95 2
32 59 1
4 24 2
14 64 2
12 19 2
24 65 2
27 51 2
5 7 2
18 155 2
3 148 2
15 43 2
26 27 2
2 41 2
15 27 2
3 52 2
9 78 1
6 108 2
52 53 2
3 67 1
17 87 2
33 156 2
32 43 2
42 107 2
42 84 2
37 54 2
34 46 2
18 71 1
13 39 2
52 144 2
27 93 2
41 153 2
33 39 2
29 61 1
26 133 2
24 102 2
23 150 2
3 36 2
24 53 2
48 133 1
12 77 2
31 97 1
50 146 2
12 49 2
47 95 1
24 41 2
13 41 2
48 152 2
18 158 2
33 112 2
40 49 2
7 150 1
16 18 2
33 109 2
16 112 2
15 137 1
44 67 2
39 81 2
25 41 2
39 112 2
14 52 2
47 134 2
20 39 2
36 112 2
40 87 2
47 117 1
40 71 2
28 95 1
4 42 2
46 94 1
30 141 2
18 41 2
10 51 2
25 46 2
51 146 2
22 25 2
2 141 2
4 67 2
21 121 2
47 70 2
11 151 1
19 152 2
41 94 2
9 26 2
8 42 2
46 83 2
47 79 1
9 18 2
1 135 2
16 151 1
5 37 2
1 13 2
2 28 2
12 94 2
4 47 2
16 23 2
34 85 1
11 15 2
10 44 2
50 155 2
7 30 2
37 119 2
12 74 2
44 151 2
2 90 2
39 55 2
28 107 1
51 98 1
2 33 2
15 95 2
38 73 2
23 70 2
52 78 2
30 83 1
13 154 1
31 140 1
26 146 1
27 89 1
11 35 2
11 12 2
49 59 2
30 140 2
29 120 1
8 41 2
32 47 2
39 68 2
52 118 2
7 83 2
20 34 2
38 144 2
34 98 1
32 133 1
17 19 2
16 34 2
11 113 1
17 139 2
33 149 1
52 156 2
17 82 2
48 83 2
7 32 2
13 55 2
28 50 2
34 75 2
17 85 2
12 42 2
11 16 2
22 46 2
2 30 2
17 41 2
39 120 2
52 158 2
9 130 1
3 57 1
15 38 2
18 116 2
0 27 2
27 52 2
52 101 2
14 132 1
7 148 2
31 60 1
2 24 2
24 33 2
7 73 1
31 125 2
27 126 1
20 86 2
33 138 2
12 45 2
4 100 2
0 12 2
36 141 2
36 122 2
39 117 2
39 52 2
38 147 2
13 28 2
15 140 2
27 67 1
47 55 1
38 140 2
44 52 2
12 137 2
29 122 2
10 36 2
4 49 2
33 89 2
9 42 2
23 44 2
18 51 2
49 114 2
16 108 2
2 42 2
14 158 2
43 152 2
27 102 2
1 12 2
52 159 2
42 45 2
29 30 2
12 106 1
37 89 2
41 85 2
22 52 2
13 59 2
11 124 2
21 112 1
18 92 2
41 49 2
43 48 2
29 133 2
9 124 2
18 49 2
31 84 2
33 145 2
6 116 2
24 149 1
44 47 2
30 47 2
40 47 2
5 72 2
9 141 2
8 146 1
0 140 2
2 127 1
21 127 2
37 158 2
12 150 2
21 57 2
30 63 1
2 114 2
21 147 1
27 87 2
33 38 2
6 49 2
42 54 1
3 16 2
50 84 2
9 46 2
37 156 2
43 153 2
9 63 2
27 124 2
36 133 2
0 1 2
22 45 2
40 102 2
4 121 2
17 152 2
23 27 2
46 90 2
2 144 2
10 93 1
16 120 2
49 141 2
30 127 2
16 60 1
30 109 1
0 29 2
26 110 1
7 16 2
31 82 2
12 65 2
50 115 2
41 50 2
48 62 2
21 30 2
36 65 2
19 131 2
41 139 2
52 134 2
1 50 2
38 84 2
48 54 2
3 112 2
17 140 1
14 28 2
32 109 2
51 55 2
16 136 1
26 158 2
33 46 2
47 54 2
20 36 2
13 86 1
29 79 2
19 34 2
27 75 2
37 145 1
21 107 2
38 61 1
0 20 2
2 34 2
7 59 1
16 28 2
2 117 2
30 110 2
16 69 2
10 37 2
14 48 2
9 61 1
47 106 2
18 128 2
28 35 2
6 21 2
17 96 2
26 154 2
51 109 2
7 52 2
33 85 2
37 127 2
20 102 2
45 155 1
28 92 2
27 127 2
38 157 1
44 103 2
16 31 2
7 9 2
16 118 2
50 131 2
50 61 1
6 48 2
20 57 2
6 128 1
36 57 1
14 107 1
30 132 1
38 53 1
28 112 2
49 108 2
31 37 2
38 81 2
7 70 1
5 44 2
7 19 2
34 144 2
33 78 2
1 49 2
12 81 1
11 77 2
13 20 2
26 119 1
52 133 2
29 151 1
9 37 2
34 83 1
9 47 2
14 71 2
21 69 2
22 57 2
41 103 1
27 92 2
15 32 2
10 117 1
5 132 1
41 131 2
14 65 1
34 118 1
12 124 2
40 70 1
21 42 2
16 40 2
31 153 2
52 97 2
39 143 1
24 45 2
2 53 2
36 72 2
15 85 2
8 14 2
2 136 2
27 65 2
17 78 2
26 150 2
20 136 2
50 120 2
21 153 2
39 56 2
11 76 1
10 147 2
3 77 2
31 147 2
6 144 1
6 120 2
47 67 2
31 40 2
39 123 1
26 121 2
17 33 2
46 60 2
6 111 1
44 62 2
21 116 2
23 59 1
17 107 1
40 56 1
16 119 2
7 40 2
7 33 2
23 93 1
38 130 2
1 139 2
29 50 2
11 40 2
24 110 2
21 52 2
51 153 2
49 113 1
45 70 1
9 11 2
1 28 2
17 81 2
37 44 2
15 41 2
49 120 2
34 90 2
46 82 2
43 157 2
5 19 2
25 60 1
31 48 2
18 48 2
6 53 1
27 159 2
4 137 2
17 93 2
9 80 2
32 129 1
13 101 2
48 140 2
14 157 2
3 103 2
51 145 1
27 72 2
35 60 2
46 121 2
38 107 2
27 63 2
13 22 2
11 136 2
27 69 1
2 44 2
7 38 2
34 148 1
36 102 2
3 20 2
14 56 1
9 159 1
24 84 2
27 55 1
21 97 2
35 156 2
29 119 2
50 158 2
13 18 2
33 123 2
24 57 2
40 153 2
40 111 2
19 23 2
35 131 2
8 144 1
30 36 2
1 120 2
12 136 2
10 68 2
37 135 2
8 74 2
41 118 1
6 56 1
10 144 2
14 153 2
40 98 2
11 47 2
21 41 2
34 127 2
22 100 2
6 18 2
22 118 2
48 119 2
11 117 1
16 39 2
0 125 2
7 86 2
46 130 1
36 119 2
4 36 2
33 67 2
7 89 1
6 37 2
20 28 2
45 76 2
32 66 1
26 147 2
27 115 1
10 96 2
18 20 2
2 102 2
7 21 2
29 126 2
34 66 2
19 123 1
39 93 2
33 141 2
1 101 2
14 20 2
33 86 1
28 99 2
36 55 1
4 39 2
2 15 2
37 133 2
32 55 1
36 51 2
13 35 2
10 40 2
12 79 1
28 159 2
13 142 2
21 151 1
36 43 2
29 98 1
51 102 2
25 69 2
8 33 2
13 124 2
32 153 2
6 107 2
15 71 1
2 50 2
20 83 2
10 55 2
52 116 1
11 58 2
45 81 2
42 82 1
27 38 2
6 16 2
2 4 2
4 99 2
6 52 2
1 48 2
29 150 2
8 57 1
18 110 1
3 34 2
45 73 1
21 149 2
12 43 2
15 103 1
20 27 2
12 129 1
13 33 2
31 44 2
38 146 2
3 123 2
30 81 2
39 111 2
24 89 1
5 21 2
1 78 2
16 130 2
31 135 1
42 130 1
44 126 2
8 109 2
36 135 2
30 46 2
50 123 1
4 96 2
23 89 2
5 46 2
16 98 2
52 56 1
6 139 2
17 46 2
39 132 2
47 62 1
20 32 2
49 144 2
20 40 2
30 73 1
39 63 1
31 107 2
27 110 1
10 126 1
12 157 1
11 31 2
51 93 2
20 129 1
36 95 1
27 107 1
1 140 2
25 86 2
8 103 2
48 52 2
21 29 2
7 76 2
34 42 2
5 85 1
15 116 2
47 108 1
5 35 2
4 61 2
28 127 2
20 114 1
25 80 2
31 57 1
6 131 2
23 57 1
12 29 2
23 130 2
31 59 2
3 49 2
44 131 1
16 109 2
52 147 2
30 100 2
22 123 1
25 33 2
46 53 1
4 158 2
47 56 1
50 82 2
37 104 2
26 113 2
33 125 2
1 33 2
7 100 2
7 158 2
26 62 2
45 116 1
30 59 2
25 64 2
4 156 2
19 69 1
17 40 2
24 79 1
43 128 2
23 134 2
33 66 2
32 141 2
12 51 2
16 36 2
34 128 2
44 101 1
37 131 2
21 64 2
31 142 2
43 69 1
4 60 2
2 82 2
45 101 2
2 22 2
49 124 1
10 67 1
8 110 1
18 141 2
7 145 2
18 83 1
3 122 1
26 105 2
41 119 1
30 130 2
24 98 2
6 8 2
10 154 2
11 142 2
13 108 2
18 38 2
23 77 2
24 108 1
21 157 2
12 145 2
22 60 2
3 113 2
1 14 2
23 158 2
2 97 1
29 124 2
6 45 2
42 127 2
21 75 2
12 93 1
24 131 2
19 28 2
7 25 2
40 103 1
16 153 2
39 139 1
46 49 2
33 91 2
32 111 2
40 139 1
12 69 2
11 99 1
9 93 2
36 109 2
0 124 2
20 123 2
29 123 1
48 102 2
25 99 1
38 91 1
1 155 1
8 59 2
41 145 2
39 144 2
13 48 2
26 77 2
35 147 2
5 98 2
48 98 2
15 66 2
9 88 2
48 143 1
14 151 2
43 54 2
11 19 2
14 21 2
0 70 1
25 92 2
38 120 2
41 57 2
0 45 2
15 33 2
8 10 2
25 104 2
5 139 2
10 92 1
34 135 1
6 23 2
10 109 1
25 144 1
13 96 1
50 159 1
8 28 2
6 84 2
26 101 1
14 35 2
23 50 2
42 155 2
15 52 2
9 118 2
44 155 2
15 158 2
49 136 2
39 72 2
18 125 2
37 83 2
4 43 2
12 32 2
16 139 2
27 32 2
40 130 2
50 60 1
35 104 2
11 68 2
26 49 2
43 121 2
14 46 2
42 112 2
7 36 2
30 33 2
14 30 2
13 23 2
35 63 1
18 100 2
37 116 2
35 157 2
26 61 1
35 54 1
27 76 1
38 62 1
40 88 1
23 95 2
18 50 2
41 86 2
19 115 1
15 23 2
5 94 1
11 123 2
23 114 1
42 128 2
6 81 2
13 144 2
17 83 2
25 51 2
25 63 1
32 143 2
8 50 2
9 14 2
7 154 2
21 24 2
27 143 2
2 27 2
37 132 1
8 73 2
25 43 2
26 152 1
36 110 2
0 16 2
22 132 1
2 37 2
50 109 1
34 117 1
17 38 2
15 136 2
6 55 2
22 40 2
4 62 2
36 143 2
36 159 2
35 107 2
52 76 2
0 36 2
12 17 2
22 124 2
51 62 2
40 110 2
4 90 1
41 48 2
27 100 2
47 81 2
35 67 2
32 73 2
36 155 2
46 128 1
6 28 2
23 47 2
24 135 2
30 152 2
27 96 1
43 50 2
31 66 1
22 133 1
43 141 2
0 48 2
2 43 2
10 127 2
23 141 1
35 119 1
36 83 1
5 88 1
4 77 1
24 122 2
47 101 2
5 93 1
14 53 1
22 97 2
40 108 2
19 44 2
48 116 2
9 131 2
22 42 2
10 125 1
8 55 1
23 81 2
37 139 1
19 47 2
15 98 2
16 95 2
11 104 1
14 61 1
46 55 2
30 57 2
22 28 2
38 137 1
12 114 2
49 107 2
30 48 2
29 84 2
2 118 2
35 43 2
45 89 1
10 89 2
23 120 2
39 116 2
43 151 2
33 57 2
28 130 2
14 81 2
32 70 2
22 44 2
11 100 2
19 153 1
12 128 2
46 66 2
14 49 2
49 53 1
15 151 2
36 124 2
14 159 2
16 29 2
1 158 2
18 74 2
34 139 2
1 83 1
43 106 1
21 45 2
5 79 2
14 38 2
2 113 2
18 102 2
13 120 2
11 133 2
12 52 2
1 45 2
46 77 2
11 148 2
36 108 1
11 129 2
22 155 2
15 78 2
7 12 2
12 28 2
0 26 2
23 52 2
23 38 2
33 104 2
25 136 1
33 157 2
29 49 2
39 104 2
14 123 2
50 127 2
22 41 2
29 59 2
0 121 1
32 68 1
4 19 2
39 95 2
46 106 2
21 132 2
29 105 2
43 133 2
21 70 2
12 25 2
26 72 1
19 71 1
0 148 1
52 91 1
31 71 1
36 146 2
0 28 2
2 86 2
14 17 2
9 68 2
32 130 1
40 127 2
40 134 1
0 112 1
29 47 2
10 14 2
8 127 1
6 79 1
32 126 1
31 83 1
44 153 2
31 85 1
6 82 2
35 62 1
26 144 2
9 57 1
41 107 2
3 93 1
0 4 2
35 115 1
21 27 2
41 147 2
9 84 2
51 128 1
10 12 2
33 100 2
8 53 2
15 65 2
19 149 1
44 137 2
23 51 2
13 21 2
27 50 2
47 147 2
26 43 2
22 119 2
31 120 2
42 157 2
17 102 2
12 86 1
17 144 1
6 78 1
19 112 2
11 20 2
50 67 2
8 115 1
42 69 1
12 153 2
24 72 2
4 15 2
48 51 2
41 91 2
26 54 1
48 74 2
45 57 2
21 47 2
25 149 2
18 103 2
9 97 1
24 116 1
29 121 2
42 48 2
16 146 1
44 118 2
26 30 2
18 151 2
50 137 1
40 85 1
37 82 2
17 120 1
19 155 2
7 132 2
8 60 2
50 148 2
48 70 2
5 100 2
11 45 2
0 37 2
37 88 2
52 88 2
48 138 2
1 148 2
14 41 2
6 118 2
1 82 1
4 147 2
49 157 2
7 93 1
33 82 2
14 119 2
4 57 2
48 145 1
9 98 2
23 94 2
13 45 2
0 105 2
46 159 1
17 159 1
25 55 1
20 144 1
33 79 1
46 68 2
25 121 1
23 49 2
46 101 1
9 154 1
20 154 2
20 43 2
17 27 2
50 130 2
27 61 2
28 151 2
17 103 2
25 107 2
36 111 2
38 95 2
3 97 2
16 121 1
35 98 2
49 146 2
27 95 2
37 71 1
35 45 2
17 42 2
1 4 2
1 131 2
31 77 2
39 158 1
31 55 1
44 81 1
17 114 2
50 89 2
19 46 2
38 116 1
29 37 2
40 41 2
12 46 2
4 33 2
24 145 2
13 78 1
51 63 2
46 127 2
17 112 2
25 77 1
11 38 2
1 32 2
7 23 2
45 130 1
13 122 2
28 56 2
5 146 2
39 82 1
47 105 2
38 124 1
38 141 2
2 14 2
0 150 1
42 62 2
44 79 2
10 157 2
30 136 1
17 36 2
41 76 2
3 50 2
12 131 2
21 109 2
46 137 1
20 141 2
5 49 2
9 115 2
15 30 2
4 118 1
18 159 2
34 123 1
41 148 2
10 153 2
36 151 2
3 111 2
20 118 2
44 109 2
9 33 2
23 142 2
14 51 2
10 64 1
34 159 1
24 88 2
48 151 2
2 23 2
12 27 2
29 102 1
33 37 2
19 132 2
6 17 2
10 97 2
31 118 2
43 49 2
48 91 2
11 23 2
35 110 2
6 13 2
22 49 2
36 147 2
32 81 2
8 119 2
42 86 2
19 126 1
44 123 2
2 137 2
20 101 2
21 139 2
36 125 2
37 92 2
48 73 1
10 110 1
7 69 2
8 76 1
31 98 2
23 155 1
14 31 2
23 67 2
6 154 2
36 62 2
40 107 1
27 112 1
33 135 2
28 81 2
37 67 2
15 120 1
9 153 2
9 108 1
6 51 2
42 65 1
16 54 2
17 73 2
2 100 2
35 82 2
50 114 2
2 13 2
13 40 2
5 77 1
11 71 2
5 14 2
38 42 2
22 72 1
3 142 2
34 64 1
27 42 2
8 34 2
37 128 1
52 66 1
32 99 2
2 132 1
46 100 2
51 154 2
30 156 2
39 50 2
16 99 2
26 88 2
13 152 2
20 75 2
2 7 2
45 147 1
33 122 2
3 40 2
24 146 2
38 158 2
15 131 2
18 146 2
4 6 2
14 24 2
37 155 2
24 125 2
6 141 2
31 136 2
0 97 1
13 49 2
21 92 2
35 132 2
10 47 2
9 32 2
25 110 2
15 56 1
3 92 1
30 69 2
2 21 2
3 32 2
1 71 1
52 64 2
4 44 2
28 71 2
37 47 2
2 122 2
18 36 2
5 36 2
43 44 2
1 40 2
39 142 2
29 45 2
11 101 1
13 66 2
2 32 2
15 126 2
41 112 1
16 33 2
42 95 1
3 101 2
49 138 2
13 42 2
14 36 2
25 54 2
27 84 2
31 119 2
31 157 2
34 40 2
29 136 2
9 102 2
8 21 2
0 131 1
18 34 2
0 156 1
2 63 1
12 159 2
1 99 1
10 20 2
18 157 2
48 110 1
25 75 2
19 21 2
11 158 2
33 49 2
43 60 1
0 141 2
38 115 2
50 110 2
24 159 1
30 49 2
1 73 2
19 39 2
6 44 2
15 156 2
11 49 2
17 154 2
13 62 2
20 35 2
33 36 2
44 68 1
26 44 2
44 134 2
3 85 2
17 50 2
52 142 1
1 9 2
16 125 1
24 62 2
0 41 2
13 75 2
50 55 1
40 141 2
52 138 2
15 154 1
19 70 2
30 32 2
7 85 1
4 13 2
7 111 2
39 90 2
7 136 2
18 61 1
8 65 2
10 19 2
35 158 2
14 94 1
51 84 1
9 127 2
52 110 1
4 28 2
48 132 2
34 53 1
38 112 1
0 72 2
34 72 2
17 29 2
9 50 2
41 120 2
48 144 1
48 115 2
1 92 1
29 93 2
46 156 2
24 43 2
52 139 2
11 56 1
11 17 2
11 110 2
3 82 2
18 55 1
5 144 2
27 71 1
8 67 1
20 92 1
9 146 2
48 63 2
4 23 2
34 84 1
13 140 2
4 113 2
44 113 1
8 58 2
46 95 2
49 90 2
49 115 2
35 112 2
22 29 2
7 92 1
2 59 2
30 138 1
20 80 2
31 133 1
43 150 2
25 71 2
11 152 2
35 55 2
36 78 2
42 71 1
25 40 2
8 39 2
2 60 2
47 50 2
0 2 2
48 65 1
52 73 2
25 61 1
28 102 1
23 65 2
28 34 2
31 110 1
0 86 1
26 96 1
24 37 2
19 151 2
28 108 2
50 58 2
6 123 1
41 96 2
47 85 2
19 159 1
19 106 2
22 114 2
21 99 2
38 66 2
29 81 2
25 123 2
17 24 2
10 85 2
28 153 2
10 152 1
17 76 2
36 38 2
9 128 2
2 85 1
44 54 1
27 137 2
4 17 2
24 144 1
4 38 2
26 55 2
37 85 1
48 139 2
28 36 2
1 8 2
5 158 2
40 106 1
19 156 1
44 93 2
31 87 2
10 138 1
10 114 2
31 58 2
16 61 1
44 96 2
32 40 2
33 93 1
15 34 2
40 48 2
46 104 2
2 99 1
42 136 2
16 78 2
9 27 2
36 105 1
45 126 2
25 135 1
6 60 2
8 56 2
8 75 2
24 134 2
23 136 1
5 40 2
17 88 2
23 31 2
4 51 2
15 105 2
0 75 1
8 44 2
24 138 1
17 97 2
30 157 2
40 68 2
6 86 2
8 149 1
37 55 2
35 85 1
26 136 2
5 108 1
19 105 2
18 40 2
25 134 2
51 125 2
12 132 2
13 148 1
50 116 1
1 36 2
38 138 1
8 142 1
37 118 2
34 110 2
7 146 1
5 56 2
11 26 2
35 153 2
1 95 2
22 141 2
32 38 2
20 147 2
50 72 2
20 82 2
6 41 2
14 88 2
28 49 2
41 124 1
36 49 2
16 68 2
3 150 2
35 159 2
47 94 1
17 71 1
5 145 1
47 148 2
5 106 2
44 127 2
18 124 2
5 41 2
15 143 2
35 144 2
13 95 2
15 24 2
6 121 2
5 6 2
25 39 2
28 38 2
32 131 2
39 75 1
2 112 1
27 57 1
48 76 2
26 116 2
14 73 2
2 12 2
6 113 1
16 43 2
11 82 1
40 114 2
2 121 1
12 67 2
12 72 2
21 22 2
6 12 2
3 15 2
6 77 1
44 150 1
50 101 1
39 102 2
28 68 1
29 108 2
15 22 2
22 69 1
43 107 2
11 84 1
1 150 2
5 83 2
5 89 2
47 92 2
2 20 2
39 78 1
25 76 1
28 43 2
42 106 2
32 118 1
28 94 2
19 42 2
21 130 2
44 141 1
43 98 2
23 29 2
35 72 2
23 34 2
20 113 2
8 25 2
10 142 2
6 143 2
48 137 2
39 40 2
26 118 2
27 48 2
40 44 2
27 36 2
43 46 2
33 68 2
13 80 2
25 120 1
29 70 2
20 65 2
7 144 1
44 152 2
37 59 2
38 152 1
2 142 2
20 91 1
33 146 2
19 41 2
7 39 2
35 42 2
51 86 1
14 75 2
5 26 2
23 131 2
20 45 2
21 134 2
23 112 1
20 88 2
31 158 1
15 35 2
31 68 2
30 44 2
0 24 2
50 136 2
10 62 2
19 53 2
11 130 2
30 79 2
13 153 2
15 53 2
8 16 2
8 64 1
34 130 2
12 126 1
24 111 1
0 143 1
5 15 2
7 103 2
45 58 2
13 145 2
12 134 1
10 46 2
14 112 2
37 99 2
38 56 2
6 104 1
45 107 1
14 86 2
16 27 2
20 21 2
6 46 2
29 34 2
1 114 1
14 39 2
20 81 2
26 141 1
13 139 2
39 145 1
3 58 2
14 108 2
38 102 2
20 56 2
23 101 2
29 40 2
37 98 2
37 148 2
39 107 1
36 80 1
16 64 2
23 106 1
44 86 2
28 103 1
22 145 1
52 148 2
35 36 2
49 122 2
10 150 2
3 127 2
16 140 1
17 122 2
14 16 2
8 38 2
41 43 2
36 41 2
8 24 2
15 77 2
3 63 1
43 89 1
21 129 1
13 141 2
18 78 1
5 96 2
7 46 2
39 99 1
9 147 2
42 93 2
14 63 2
20 124 1
51 151 1
31 70 1
45 112 2
33 120 1
22 50 2
16 24 2
48 61 2
12 116 2
35 79 2
25 126 1
16 17 2
47 75 2
25 87 2
11 22 2
25 112 2
46 91 1
7 109 1
10 17 2
10 43 2
34 96 2
43 45 2
6 69 1
52 79 2
25 98 2
46 52 2
52 55 2
23 26 2
18 139 2
0 39 2
17 108 2
19 56 2
1 157 2
45 150 2
9 87 2
45 56 2
2 52 2
38 47 2
0 84 2
25 28 2
18 82 2
23 108 2
26 48 2
49 88 1
50 104 2
19 61 2
17 145 2
48 154 2
3 48 2
36 156 2
30 76 2
28 48 2
32 35 2
15 139 1
39 49 2
44 117 2
24 54 2
29 65 1
9 136 2
11 37 2
1 5 2
40 99 2
19 157 2
29 138 1
3 134 2
14 26 2
7 126 2
42 85 2
4 50 2
6 112 1
42 148 1
47 89 2
19 101 2
16 113 2
26 36 2
18 27 2
28 100 2
4 136 2
19 103 2
27 77 2
9 126 1
49 121 2
2 66 2
4 40 2
21 82 2
15 31 2
45 136 2
9 114 1
49 142 2
8 91 1
29 54 2
4 34 2
27 33 2
19 62 2
50 99 1
41 69 1
27 150 2
22 120 2
3 115 2
8 85 1
43 115 2
9 135 2
1 59 2
13 136 1
17 136 2
40 119 2
20 44 2
16 115 2
32 88 2
46 75 1
25 157 2
42 70 2
20 107 2
18 154 2
11 55 2
40 42 2
15 75 2
47 110 2
38 87 2
41 99 1
1 15 2
37 91 2
32 86 1
52 82 2
9 90 2
6 152 2
19 50 2
46 112 2
22 86 2
50 128 2
24 38 2
42 143 1
51 152 2
19 111 1
20 111 1
13 27 2
26 135 2
24 148 2
11 21 2
46 47 2
22 79 1
41 129 1
19 38 2
26 51 2
19 129 2
37 86 1
38 88 2
38 44 2
32 119 2
1 122 1
32 121 2
20 138 2
25 78 1
18 23 2
17 52 2
3 124 2
32 46 2
3 136 2
21 148 2
5 154 1
26 65 1
6 115 1
9 148 2
16 19 2
47 159 2
23 76 2
34 153 2
1 27 2
25 150 2
46 122 1
8 153 2
34 59 2
42 103 2
23 137 2
37 69 1
15 132 2
19 32 2
16 131 2
33 56 1
50 113 1
24 142 2
6 36 2
22 146 1
51 56 1
21 123 1
4 48 2
41 81 1
2 93 1
1 46 2
35 40 2
11 73 1
42 144 2
37 60 2
29 80 2
7 82 2
11 27 2
3 28 2
28 70 2
24 155 2
7 20 2
48 105 2
9 36 2
10 49 2
14 131 2
10 124 2
8 22 2
17 132 2
19 147 1
49 99 2
31 154 2
17 130 1
15 153 2
11 43 2
32 105 1
21 96 2
5 12 2
42 51 2
22 129 2
30 52 2
10 79 2
31 152 2
12 54 2
16 111 2
1 2 2
25 148 2
3 23 2
3 37 2
51 66 1
36 66 1
21 71 2
30 107 1
2 128 2
44 63 1
20 47 2
51 113 2
21 78 1
33 124 2
39 42 2
14 33 2
19 81 1
3 42 2
12 127 2
18 33 2
3 158 1
51 140 2
12 41 2
5 125 2
9 103 2
50 157 2
0 155 2
37 61 1
43 101 2
47 59 1
24 39 2
25 48 2
9 44 2
7 27 2
42 120 1
9 73 2
8 156 1
33 90 1
38 48 2
37 66 1
6 31 2
24 100 2
18 101 2
0 35 2
1 51 2
39 138 2
43 125 2
6 85 2
14 98 1
1 106 2
12 14 2
28 93 2
43 90 2
1 84 1
25 47 2
25 68 2
20 90 1
45 140 2
13 91 2
18 24 2
33 142 2
13 110 2
26 132 2
33 158 1
34 138 2
25 91 2
45 47 2
17 57 1
15 130 2
38 46 2
50 95 2
2 17 2
1 60 2
30 121 2
27 79 2
24 127 2
28 126 2
4 5 2
52 119 2
11 145 1
39 119 1
10 27 2
1 97 2
45 135 2
17 146 1
31 62 2
18 29 2
31 105 1
19 144 2
2 124 2
47 140 1
34 52 2
52 113 1
28 113 1
48 104 2
44 116 2
17 151 2
29 134 1
14 68 1
35 52 2
26 52 2
42 49 2
17 84 1
1 52 2
41 141 1
3 157 2
36 128 1
17 20 2
12 26 2
21 76 1
12 112 2
40 50 2
9 41 2
36 76 1
12 39 2
23 32 2
45 141 2
24 109 2
49 123 1
50 150 2
36 123 2
5 11 2
27 151 2
29 103 1
34 55 2
14 110 1
11 95 2
8 94 2
18 134 2
7 99 2
21 35 2
6 62 2
46 59 1
8 29 2
4 18 2
16 52 2
40 75 1
7 101 2
49 131 1
7 35 2
0 99 2
34 152 2
4 65 2
19 80 2
27 35 2
24 121 1
2 48 2
18 97 1
40 116 2
25 45 2
2 58 2
10 128 2
22 73 1
5 92 2
1 115 2
11 36 2
8 70 2
5 138 2
31 116 1
36 37 2
21 108 1
1 133 2
32 60 2
18 105 2
10 21 2
42 68 1
45 102 2
46 140 2
34 43 2
2 73 1
6 25 2
37 41 2
11 59 2
17 56 2
28 87 2
3 86 1
29 64 2
17 113 1
35 81 2
13 133 1
1 132 1
31 93 2
15 119 2
37 106 2
34 58 2
39 83 2
45 125 2
24 150 2
48 79 2
14 111 2
42 94 1
36 150 2
27 148 2
50 122 2
27 105 1
17 148 2
0 134 1
0 92 1
50 75 2
18 88 2
3 130 2
26 95 2
9 96 2
4 14 2
50 83 2
30 93 2
0 157 2
35 44 2
16 42 2
52 60 2
13 127 2
10 50 2
49 61 2
49 97 2
35 151 2
50 86 1
14 27 2
26 67 2
48 148 2
13 50 2
6 124 1
6 29 2
39 97 2
51 82 2
32 80 1
27 41 2
34 131 2
0 120 2
7 95 2
39 94 2
0 106 2
25 74 1
33 129 2
16 44 2
38 149 1
22 34 2
13 151 1
49 145 2
37 58 2
18 148 2
12 149 1
50 121 2
39 128 1
42 100 1
23 28 2
10 70 2
3 45 2
14 106 2
48 150 2
17 77 1
19 108 2
0 52 2
21 39 2
1 18 2
28 129 2
2 104 1
13 46 2
4 7 2
34 86 1
36 142 2
4 152 2
5 9 2
5 59 2
33 113 1
16 32 2
8 139 2
11 32 2
42 104 2
12 80 2
34 39 2
42 121 1
26 60 1
6 57 2
1 24 2
8 152 2
38 77 1
29 48 2
6 67 1
9 94 1
30 150 1
17 128 2
45 127 2
12 139 1
31 89 2
2 119 2
29 115 1
0 8 2
9 86 2
35 125 1
34 114 2
11 30 2
25 73 2
6 35 2
15 45 2
48 99 2
26 28 2
43 159 1
23 145 2
11 62 2
2 18 2
33 47 2
14 140 2
1 103 2
35 149 1
15 39 2
32 146 2
42 150 2
41 122 2
6 117 2
1 142 2
2 152 1
4 9 2
41 157 1
4 97 2
47 113 2
45 114 1
28 39 2
22 38 2
3 35 2
22 128 1
33 48 2
29 107 2
29 92 2
5 114 2
42 129 2
7 141 2
10 90 2
36 40 2
51 87 2
8 13 2
17 44 2
31 74 1
19 24 2
19 99 2
46 81 1
8 99 1
31 35 2
30 133 2
16 79 1
21 40 2
23 100 2
32 33 2
30 131 1
1 149 2
51 57 1
0 60 1
36 87 1
14 116 2
24 156 1
16 86 2
20 41 2
43 131 2
35 146 2
2 98 2
19 64 2
26 34 2
0 139 2
20 48 2
45 54 2
48 56 2
30 149 1
45 142 2
41 46 2
29 90 2
28 122 1
11 155 1
28 42 2
52 145 2
8 35 2
49 151 1
1 23 2
29 129 1
7 127 2
17 109 2
37 107 2
41 115 1
1 70 1
46 65 2
5 28 2
29 114 2
48 153 2
42 122 2
13 17 2
43 53 2
27 64 2
3 143 2
17 23 2
6 101 2
14 66 2
23 154 2
12 82 2
29 146 2
45 122 2
9 30 2
6 38 2
7 78 1
42 119 1
19 78 2
0 145 2
40 76 2
13 131 2
4 46 2
24 78 2
47 71 2
29 44 2
12 34 2
31 79 1
34 121 2
44 97 1
10 72 1
43 92 1
2 3 2
12 92 2
28 45 2
13 128 1
37 80 1
8 78 2
2 39 2
49 110 2
51 67 2
29 58 1
2 26 2
24 56 2
18 66 1
27 70 1
22 157 2
4 72 2
23 68 2
5 152 1
44 91 2
46 86 2
29 43 2
33 43 2
52 54 2
21 103 2
9 55 2
36 114 1
5 127 2
42 152 2
5 60 1
11 147 1
5 8 2
40 149 2
20 135 2
19 29 2
33 44 2
41 133 2
19 145 2
44 135 2
42 76 2
36 113 2
13 113 2
22 112 2
32 56 2
8 93 2
7 22 2
49 137 2
1 107 2
4 116 2
35 121 2
27 58 1
52 141 2
7 108 2
26 109 2
8 19 2
48 67 2
36 52 2
36 116 1
2 125 2
13 16 2
9 134 1
18 152 2
2 88 2
36 84 1
5 116 1
23 42 2
5 141 1
21 38 2
4 70 2
44 55 2
13 103 2
7 77 1
15 133 2
10 78 1
9 121 1
14 91 2
49 89 2
15 59 2
28 47 2
21 114 2
17 35 2
3 87 2
37 50 2
5 137 1
7 56 1
8 27 2
19 92 2
9 71 1
35 137 2
41 135 2
20 105 2
14 45 2
20 31 2
9 122 2
45 50 2
13 97 1
47 49 2
10 86 1
51 53 2
5 86 1
11 107 1
3 68 2
28 32 2
17 61 1
2 131 2
31 39 2
1 67 2
17 72 2
23 99 1
18 107 2
6 87 2
15 150 2
32 39 2
9 101 2
44 139 2
29 82 1
16 45 2
23 127 2
6 151 2
49 150 2
3 153 1
20 152 1
0 146 2
51 96 2
5 31 2
40 100 1
4 145 1
12 76 1
16 58 2
27 123 2
41 55 2
28 62 2
48 77 1
31 139 1
29 39 2
39 59 2
26 120 2
27 56 1
35 66 1
2 148 1
20 73 1
29 95 2
23 138 2
27 45 2
24 106 2
24 29 2
11 138 1
40 86 2
32 139 1
12 125 1
3 30 2
12 73 1
34 132 2
46 88 2
22 30 2
24 51 2
42 57 2
42 96 2
22 130 1
48 103 2
13 102 1
23 147 1
28 29 2
23 122 2
10 66 1
12 33 2
24 115 2
11 106 1
25 50 2
16 159 2
1 43 2
35 89 1
33 118 2
33 70 2
44 73 2
15 152 1
32 65 2
21 145 2
2 16 2
5 62 1
40 143 1
5 156 1
23 75 2
41 146 2
31 96 1
18 47 2
49 154 1
12 30 2
24 137 1
4 35 2
20 155 2
20 146 2
6 34 2
21 120 2
26 39 2
21 113 1
22 84 1
33 121 1
23 24 2
3 21 2
24 47 2
50 93 2
29 135 2
52 130 2
35 124 1
51 71 2
7 138 1
8 100 2
35 90 1
10 71 2
18 46 2
47 136 2
35 127 1
24 60 2
2 29 2
1 98 2
34 157 2
4 82 2
35 57 1
18 119 2
9 48 2
37 43 2
30 74 1
13 137 2
36 103 2
30 55 1
43 95 2
28 97 2
14 124 2
47 84 2
14 134 1
51 112 2
18 30 2
24 112 2
41 132 2
7 13 2
26 130 2
1 159 1
45 79 1
14 95 1
26 50 2
8 26 2
16 25 2
2 10 2
23 39 2
21 141 1
38 113 1
21 98 1
46 93 1
44 156 1
30 115 1
24 70 2
18 144 2
51 100 1
35 58 2
31 75 2
7 8 2
3 26 2
38 49 2
7 42 2
6 24 2
24 52 2
39 51 2
4 56 1
10 24 2
12 104 2
42 53 2
47 119 1
26 35 2
30 128 1
6 40 2
18 21 2
46 67 1
51 52 2
40 79 1
17 58 2
6 7 2
18 91 2
21 53 1
9 69 2
15 111 2
23 35 2
4 102 1
8 129 1
10 140 1
30 118 2
23 30 2
5 52 2
41 92 1
8 158 1
4 157 2
45 151 2
46 58 1
47 61 2
34 94 2
1 21 2
47 66 1
0 47 2
21 65 1
11 144 2
26 85 2
47 154 1
47 129 2
47 87 2
16 106 1
6 102 1
17 141 2
41 65 2
47 103 2
50 73 2
9 120 1
31 150 2
36 77 1
22 51 2
37 56 2
0 50 2
28 128 2
19 27 2
4 26 2
9 23 2
0 94 1
46 64 2
6 11 2
2 61 2
25 27 2
40 92 1
30 104 2
2 94 1
32 44 2
42 99 2
20 139 1
19 72 1
16 21 2
12 62 2
0 76 2
42 44 2
28 149 2
33 144 2
23 105 2
1 143 2
39 105 2
43 96 2
18 120 1
4 135 2
46 74 1
33 155 2
11 50 2
24 66 2
43 118 2
29 131 1
27 132 2
27 109 2
33 53 2
38 101 2
0 43 2
52 83 1
45 87 1
16 110 2
35 138 2
3 110 2
9 22 2
45 55 1
29 73 1
10 15 2
18 113 2
13 68 2
8 37 2
23 159 2
5 112 1
10 16 2
44 69 2
21 85 1
20 22 2
22 142 2
35 50 2
14 93 1
33 105 2
18 69 1
19 31 2
14 72 2
34 50 2
3 29 2
7 113 2
25 72 1
20 94 2
4 80 1
42 141 2
1 47 2
14 40 2
42 50 2
38 92 2
11 75 2
45 138 2
27 82 2
44 85 2
17 101 2
14 74 1
2 56 2
8 20 2
21 117 1
51 74 2
25 52 2
2 9 2
26 137 2
7 155 2
7 94 2
25 57 2
45 46 2
24 27 2
4 138 2
23 85 2
18 44 2
29 51 2
32 94 2
34 81 1
10 39 2
52 150 1
35 56 2
16 66 2
10 45 2
22 58 1
37 149 1
21 58 2
4 74 1
45 94 2
2 70 1
35 86 1
29 139 2
3 11 2
34 109 1
27 73 1
50 56 2
32 102 2
27 54 1
17 49 2
24 34 2
0 108 2
17 90 1
50 96 2
34 67 1
25 34 2
12 121 2
10 149 2
48 147 2
11 72 2
31 92 2
36 144 1
1 29 2
20 72 2
15 97 2
20 29 2
12 13 2
8 87 2
20 69 2
14 117 1
14 55 1
9 10 2
19 36 2
6 9 2
14 79 2
49 55 2
10 80 2
41 98 2
7 10 2
37 49 2
5 159 2
40 45 2
6 26 2
11 132 2
50 135 2
16 70 1
33 119 1
32 63 2
49 65 2
28 73 2
33 101 1
28 150 2
3 38 2
13 30 2
2 11 2
18 39 2
52 143 1
46 125 1
20 63 2
22 104 2
26 83 2
10 122 1
41 158 2
26 127 2
0 6 2
21 44 2
11 61 1
46 124 1
40 82 1
46 132 2
26 138 2
19 117 2
9 82 1
37 137 1
1 26 2
31 86 2
4 134 2
8 47 2
12 111 2
51 88 1
11 57 1
6 130 1
18 114 1
19 122 2
35 117 2
3 69 1
9 150 2
16 56 1
46 123 2
9 132 2
45 98 2
38 131 1
7 26 2
50 153 1
23 140 2
31 111 2
2 101 2
16 82 2
45 83 1
33 96 2
28 141 1
43 97 2
30 88 2
35 64 1
32 151 2
49 101 1
45 49 2
1 144 2
15 144 2
37 79 2
32 64 2
33 54 1
14 47 2
10 87 2
43 134 2
6 15 2
7 50 2
13 57 2
17 67 2
52 85 2
16 46 2
27 90 1
28 96 2
13 126 1
46 98 2
19 138 2
31 49 2
27 46 2
0 113 1
26 32 2
48 108 2
47 107 2
40 152 2
43 79 2
27 104 2
24 82 1
5 130 1
20 55 1
29 144 2
42 74 2
1 85 1
39 98 2
27 31 2
46 99 2
2 116 1
47 77 2
41 109 2
47 138 2
0 138 2
27 34 2
14 133 2
7 28 2
18 58 1
0 152 2
11 60 2
35 41 2
37 108 2
1 55 1
1 123 2
32 95 1
32 34 2
10 143 2
21 154 2
5 133 2
15 84 2
23 46 2
52 149 1
1 152 2
26 102 1
32 45 2
35 142 2
3 24 2
10 123 2
18 60 2
11 13 2
49 69 2
27 136 1
31 145 2
43 70 2
38 122 2
24 28 2
50 63 1
3 107 2
30 135 2
0 51 2
37 153 2
51 119 1
39 121 2
1 104 2
36 90 1
43 127 2
14 89 2
0 147 1
26 89 1
50 134 1
18 73 1
15 51 2
41 87 2
14 125 2
52 135 2
24 105 1
41 97 1
43 126 1
16 38 2
51 83 2
31 47 2
34 36 2
4 10 2
18 52 2
11 51 2
14 18 2
2 36 2
13 87 2
50 88 2
32 117 2
2 68 2
0 23 2
17 59 1
18 127 2
50 156 2
50 76 2
11 33 2
38 51 2
6 47 2
7 44 2
6 88 1
31 54 2
23 88 2
48 113 1
4 11 2
11 80 2
17 48 2
31 32 2
7 74 1
31 115 2
16 37 2
0 103 2
23 109 1
31 127 2
12 107 2
32 53 1
16 48 2
34 77 2
43 119 2
13 14 2
8 80 2
23 143 2
16 51 2
12 130 2
29 157 2
35 103 2
20 125 2
41 77 2
0 149 1
37 126 1
37 46 2
10 13 2
23 73 2
31 114 1
47 132 1
17 155 2
11 69 2
17 62 2
43 142 2
9 70 2
5 32 2
1 3 2
3 25 2
12 37 2
33 139 2
34 125 1
43 66 1
21 50 2
5 29 2
19 20 2
8 9 2
0 80 2
15 147 1
29 117 2
18 43 2
32 104 2
15 55 2
0 5 2
49 50 2
1 137 2
24 61 2
1 16 2
43 58 1
23 78 2
41 114 2
0 22 2
10 84 2
8 143 2
42 83 2
52 84 2
7 149 2
25 26 2
6 99 2
42 108 2
21 59 2
4 53 2
10 33 2
34 158 1
16 62 2
47 141 2
4 20 2
21 135 2
37 73 2
0 107 1
3 51 2
10 120 2
40 150 2
44 84 1
36 100 2
22 55 1
4 103 1
7 119 2
19 65 1
31 151 1
24 49 2
7 96 2
34 92 1
46 96 2
17 75 2
51 120 1
39 70 1
8 32 2
25 154 2
37 125 2
47 139 2
24 80 2
29 143 2
50 119 1
15 125 1
32 152 2
26 153 2
33 81 2
45 60 2
13 67 2
21 51 2
12 141 2
5 151 2
41 89 2
1 105 2
47 98 1
46 142 2
23 72 2
20 25 2
48 85 1
23 37 2
40 158 1
41 44 2
45 77 2
31 51 2
33 117 2
44 147 1
16 148 1
2 126 1
6 27 2
36 130 2
2 5 2
44 48 2
23 60 1
26 38 2
4 27 2
25 85 2
20 24 2
10 81 2
0 136 2
0 59 2
8 61 2
41 51 2
2 83 1
8 46 2
4 139 2
39 62 2
0 132 2
50 126 1
23 45 2
29 41 2
3 99 2
9 66 2
1 41 2
35 91 2
9 13 2
17 43 2
12 78 2
24 118 1
25 103 1
22 59 2
26 111 2
50 129 2
14 113 1
26 97 2
9 77 2
16 20 2
16 133 2
45 106 2
8 151 2
25 44 2
49 98 2
23 54 1
51 59 1
30 38 2
44 138 2
9 67 2
30 82 1
1 30 2
51 122 1
16 141 1
2 134 1
31 46 2
49 81 2
30 42 2
38 72 1
19 83 2
16 138 2
26 122 1
38 142 1
11 103 2
2 25 2
17 137 1
44 100 1
28 77 2
13 114 2
51 69 1
39 43 2
48 60 2
51 81 2
40 59 2
31 38 2
14 62 2
22 144 1
45 113 2
45 146 2
16 63 1
43 109 1
33 72 1
5 107 2
14 32 2
1 156 2
11 91 2
39 131 2
46 115 2
38 106 1
14 76 2
6 83 2
7 66 2
30 124 1
9 21 2
24 133 2
33 103 1
10 57 1
8 43 2
22 65 2
50 106 1
51 143 2
32 58 1
6 43 2
19 45 2
19 25 2
1 44 2
29 36 2
43 84 1
6 73 2
47 51 2
6 30 2
21 88 1
34 106 1
0 98 2
33 35 2
0 14 2
14 67 2
44 76 2
36 81 1
29 46 2
3 145 1
39 41 2
34 95 1
10 69 1
26 157 1
0 11 2
44 75 2
3 44 2
27 111 2
51 85 1
28 135 1
20 117 2
25 79 2
5 87 2
30 85 2
3 88 2
27 97 1
51 156 2
18 118 1
15 36 2
15 62 1
38 41 2
25 62 2
33 148 2
35 87 1
1 25 2
35 114 1
0 71 2
23 43 2
39 114 2
34 48 2
45 118 1
51 77 2
21 43 2
15 49 2
34 141 2
10 146 2
32 123 2
40 121 1
17 45 2
42 73 2
0 62 1
27 47 2
34 115 2
10 159 2
29 75 2
28 30 2
10 155 2
22 138 2
30 31 2
48 129 2
52 125 1
0 9 2
48 100 2
14 96 2
9 31 2
3 47 2
16 144 1
49 91 1
29 69 2
18 96 2
39 155 2
43 51 2
30 95 2
27 146 1
32 144 2
30 37 2
36 158 2
9 38 2
10 48 2
5 70 1
10 105 1
19 146 1
4 95 1
36 121 1
40 133 1
49 130 2
38 139 1
9 62 2
6 54 1
27 94 1
8 98 2
1 22 2
15 149 2
50 111 2
33 45 2
11 67 2
10 119 2
12 48 2
10 23 2
3 5 2
38 63 1
28 139 2
9 34 2
11 112 2
18 75 2
8 49 2
7 143 2
19 109 2
31 33 2
19 51 2
13 36 2
7 120 1
25 138 1
11 28 2
28 145 2
38 40 2
15 25 2
21 26 2
34 49 2
16 72 2
51 95 2
1 81 2
0 61 2
4 87 1
16 97 2
42 118 1
13 69 2
15 90 1
15 107 2
5 82 1
22 70 1
29 60 2
21 73 1
29 31 2
40 53 2
5 63 2
35 80 1
27 131 2
6 134 1
20 108 1
39 84 1
39 148 2
28 40 2
6 135 2
36 45 2
4 66 2
41 143 2
17 18 2
4 16 2
50 125 2
16 35 2
19 139 2
37 77 1
43 144 2
24 103 1
8 128 2
45 85 1
11 18 2
49 57 2
19 58 2
31 155 2
32 36 2
41 138 2
3 155 1
24 92 2
28 119 2
24 96 2
2 158 1
10 83 2
44 136 2
1 108 2
30 65 2
42 139 2
31 34 2
24 126 2
0 31 2
34 122 1
44 108 2
32 98 1
41 80 2
27 117 2
30 108 1
20 71 1
31 103 2
3 138 1
5 10 2
9 20 2
36 152 1
0 127 2
11 74 1
13 74 2
20 61 2
1 6 2
19 140 1
7 91 2
43 72 2
22 39 2
15 146 1
12 18 2
32 120 1
48 101 2
36 107 2
25 49 2
22 153 2
2 71 1
37 90 1
44 98 2
4 132 2
35 74 2
14 23 2
1 128 1
4 68 2
51 127 2
11 78 2
50 138 2
1 68 2
30 77 2
6 22 2
40 148 2
47 144 2
38 85 2
7 152 1
28 144 1
45 82 2
18 28 2
15 100 1
22 151 2
7 49 2
12 83 1
5 78 1
9 138 2
7 29 2
21 74 2
23 40 2
14 22 2
47 158 2
39 152 2
4 45 2
25 115 2
21 46 2
23 104 2
7 115 2
1 17 2
13 147 1
33 108 2
23 96 2
49 152 1
12 140 2
21 55 1
45 84 2
42 64 2
30 91 2
11 54 2
34 102 2
26 140 2
36 74 2
19 142 1
45 103 1
8 89 2
30 41 2
35 101 1
34 47 2
31 52 2
24 36 2
11 114 1
10 25 2
46 151 2
38 119 2
31 43 2
26 69 2
30 35 2
19 84 1
11 131 1
41 45 2
25 125 2
38 111 1
34 41 2
0 38 2
32 127 2
46 48 2
17 22 2
26 31 2
49 139 2
7 107 2
48 49 2
10 88 2
24 32 2
46 54 2
2 35 2
6 14 2
37 120 1
16 101 2
47 146 2
19 119 1
50 142 2
24 42 2
4 79 2
1 110 2
16 91 1
49 60 2
8 92 1
19 148 2
9 60 1
45 52 2
22 81 2
15 29 2
13 82 1
21 115 1
20 70 2
21 33 2
45 97 1
51 70 2
35 111 1
21 34 2
43 149 2
21 31 2
22 27 2
8 31 2
45 132 2
3 108 2
38 74 1
26 68 2
7 41 2
0 111 1
47 128 2
43 114 2
20 26 2
47 83 2
19 110 1
5 149 2
15 96 2
23 128 2
50 90 1
13 146 1
16 102 2
35 71 1
13 38 2
44 133 2
50 74 2
48 94 2
20 49 2
28 111 2
11 93 2
40 135 2
11 42 2
20 100 2
18 54 2
13 25 2
19 49 2
43 148 2
6 19 2
12 20 2
48 114 2
48 86 2
7 58 1
40 109 1
7 71 2
17 127 2
25 38 2
15 46 2
4 54 2
9 25 2
14 29 2
46 69 1
21 133 2
18 89 2
50 103 2
9 117 1
8 18 2
45 48 2
47 90 1
40 58 2
24 90 2
25 106 2
35 116 2
31 99 2
19 75 2
24 86 2
38 59 1
15 112 1
24 48 2
8 132 2
26 29 2
17 28 2
10 76 2
31 50 2
14 50 2
35 69 2
13 44 2
21 106 1
51 105 2
41 78 1
41 88 2
3 43 2
11 156 2
5 13 2
1 34 2
46 133 2
25 32 2
4 63 2
6 58 2
5 157 2
8 23 2
37 42 2
13 51 2
2 103 2
7 97 2
6 109 2
6 92 2
1 7 2
9 107 2
18 147 2
28 117 1
51 135 1
34 150 1
9 40 2
10 101 2
11 44 2
21 156 2
6 146 2
22 96 2
22 76 2
50 144 2
8 15 2
21 28 2
47 88 2
6 90 1
24 101 2
8 123 2
32 42 2
0 79 1
3 100 2
23 82 2
37 95 2
17 125 2
10 34 2
30 92 2
51 54 1
34 69 2
26 104 1
48 81 2
48 64 2
26 124 2
8 147 1
2 19 2
28 37 2
12 15 2
35 95 2
6 95 2
0 46 2
12 21 2
10 145 1
25 109 2
52 154 2
20 151 2
7 130 1
23 64 2
34 37 2
44 121 2
44 66 1
9 43 2
10 91 2
22 74 1
37 51 2
37 87 2
16 129 2
14 154 2
35 78 2
11 102 1
39 85 2
16 126 1
33 128 1
25 82 1
9 15 2
14 152 2
2 49 2
1 75 1
28 61 1
40 66 1
13 52 2
22 90 1
8 11 2
41 137 1
27 43 2
42 67 2
37 117 1
10 28 2
38 123 2
52 120 2
6 93 1
49 117 1
21 111 2
38 103 1
5 25 2
34 147 2
19 121 1
48 130 2
22 23 2
4 93 2
15 92 2
34 89 2
21 128 2
41 56 2
19 33 2
19 128 2
31 94 1
7 34 2
7 24 2
46 92 2
12 50 2
11 24 2
39 86 2
11 116 1
51 72 1
6 132 2
3 95 2
22 94 2
8 105 2
43 138 2
1 102 1
30 71 2
44 129 2
21 49 2
27 135 2
10 29 2
33 65 2
16 116 2
3 152 1
10 58 2
42 91 1
17 25 2
48 124 1
4 22 2
19 35 2
31 143 2
21 36 2
3 132 2
18 32 2
8 86 1
46 107 1
48 59 1
43 102 2
19 52 2
16 149 1
3 126 2
34 151 2
1 93 2
40 157 1
43 63 2
18 93 1
49 51 2
4 142 2
15 138 2
50 71 1
52 106 1
12 85 2
15 122 2
50 140 2
43 122 2
4 32 2
36 139 2
52 80 2
3 10 2
8 113 2
0 3 2
29 32 2
1 64 2
45 96 2
9 105 2
30 34 2
5 103 2
12 24 2
37 150 2
9 140 1
27 30 2
44 51 2
51 107 2
35 109 2
44 65 1
2 107 2
0 10 2
17 60 2
36 91 2
49 116 2
46 70 1
42 133 2
1 100 2
11 125 2
16 22 2
5 109 2
7 45 2
35 129 2
3 27 2
31 122 2
22 32 2
30 155 1
13 115 2
23 132 2
51 89 2
30 145 2
15 18 2
27 141 2
14 78 1
6 147 2
28 44 2
41 136 2
42 134 1
32 124 1
26 58 1
42 138 2
6 114 2
28 65 2
5 47 2
7 80 1
41 144 2
38 39 2
3 105 1
0 25 2
6 100 2
45 145 1
38 129 2
37 39 2
0 118 2
19 55 2
40 154 2
13 37 2
13 26 2
10 95 1
14 80 2
29 156 1
46 150 1
2 38 2
11 48 2
31 73 2
13 71 1
33 150 1
3 90 1
7 147 2
42 154 2
11 53 2
49 128 1
22 43 2
0 49 2
51 139 2
28 86 2
1 72 1
10 113 1
20 58 1
11 119 1
36 42 2
7 98 2
47 124 1
0 67 2
45 72 1
22 137 2
49 77 2
31 45 2
37 94 2
39 89 2
21 140 2
8 51 2
26 108 2
22 26 2
32 155 1
1 77 2
28 80 2
3 102 2
30 153 1
3 13 2
29 109 1
23 62 1
10 106 2
3 84 2
47 58 1
3 8 2
45 63 2
3 91 2
20 96 2
5 142 2
28 123 1
26 45 2
34 146 1
22 83 2
11 141 1
36 134 1
24 40 2
25 36 2
9 16 2
23 87 2
34 107 2
49 106 1
15 21 2
0 32 2
3 39 2
13 118 1
46 57 2
17 30 2
29 127 2
8 121 1
3 65 1
29 76 2
41 128 2
2 51 2
29 116 1
24 119 2
12 22 2
47 102 2
9 12 2
14 19 2
9 137 1
47 115 1
3 6 2
7 129 2
41 72 2
37 152 2
31 159 2
52 68 2
20 78 1
17 116 2
45 131 2
2 145 2
36 101 2
49 156 2
6 39 2
9 95 1
24 136 2
22 24 2
43 139 2
37 62 2
30 39 2
42 75 2
17 47 2
4 41 2
13 129 2
20 42 2
25 130 1
40 57 2
6 136 2
34 87 1
21 77 2
46 80 1
13 85 1
25 117 2
42 80 1
15 99 2
43 155 1
16 30 2
46 117 2
11 89 2
42 158 2
49 135 1
45 143 1
25 139 1
13 123 2
42 117 2
5 48 2
28 142 2
28 51 2
12 151 1
0 30 2
25 31 2
8 90 1
7 124 2
30 50 2
45 88 2
28 52 2
47 76 1
16 85 2
18 80 1
44 46 2
37 75 2
49 119 1
3 41 2
22 147 1
47 155 2
47 48 2
39 66 1
42 52 2
49 153 2
14 102 2
34 111 2
30 90 2
14 128 2
52 128 2
9 111 1
11 41 2
0 33 2
33 34 2
47 64 2
12 100 2
51 97 2
16 155 2
17 126 2
19 48 2
17 158 1
8 52 2
4 108 2
31 76 1
9 110 2
10 151 2
15 50 2
12 66 2
24 31 2
33 115 1
27 139 1
38 150 1
20 131 1
44 90 2
9 39 2
7 18 2
17 39 2
40 142 2
0 101 1
21 104 2
0 15 2
29 74 1
20 33 2
28 147 2
2 110 2
39 156 1
48 78 2
43 91 2
41 121 2
49 103 1
41 159 1
23 84 2
21 110 1
15 109 2
24 44 2
19 96 2
33 140 2
36 117 1
12 64 2
40 138 2
0 53 2
31 112 2
42 72 1
42 109 2
44 58 1
4 37 2
38 110 2
51 130 2
44 49 2
42 79 2
24 71 2
48 95 1
36 88 1
9 17 2
25 118 2
28 33 2
5 43 2
0 18 2
17 21 2
12 90 2
41 68 2
22 48 2
5 113 1
27 91 2
51 117 2
13 63 1
40 126 2
22 148 2
12 31 2
4 52 2
27 44 2
46 158 2
50 80 2
19 143 2
5 17 2
15 104 2
5 147 2
10 115 2
22 88 2
10 35 2
1 38 2
39 153 2
25 108 2
17 115 2
6 148 2
48 50 2
34 76 2
12 47 2
33 97 2
8 36 2
28 57 1
11 34 2
41 130 2
27 78 2
22 37 2
21 125 2
23 36 2
20 112 2
28 59 2
51 131 2
23 118 1
8 40 2
24 130 1
50 69 1
37 146 2
15 69 1
26 156 1
37 64 2
33 52 2
0 78 1
38 43 2
18 104 2
24 120 2
32 113 1
20 77 1
26 100 1
21 80 1
15 89 2
18 19 2
7 159 1
12 44 2
25 30 2
0 158 1
41 47 2
11 87 2
49 96 1
5 90 2
42 47 2
13 29 2
23 97 2
27 149 1
15 16 2
24 157 2
8 101 1
15 121 2
33 50 2
22 47 2
48 117 1
3 135 1
51 121 2
3 116 1
42 58 1
17 34 2
38 133 1
4 149 2
49 72 2
19 57 2
0 21 2
32 106 1
15 108 1
37 74 2
39 109 2
41 52 2
39 44 2
44 124 1
28 134 2
7 133 2
13 119 2
4 29 2
2 91 1
33 74 1
17 32 2
3 18 2
41 116 1
4 131 2
13 93 1
48 80 2
34 103 1
5 16 2
16 57 2
20 38 2
18 42 2
23 33 2
35 47 2
30 87 2
8 155 2
14 109 2
1 145 2
44 106 1
32 41 2
50 78 1
46 116 2
6 20 2
29 85 2
28 69 2
3 55 2
9 28 2
5 111 2
20 79 2
34 116 2
39 130 2
44 61 1
49 56 2
40 125 2
23 79 2
41 82 2
51 132 2
1 19 2
41 149 2
45 51 2
40 62 2
43 105 2
52 70 2
37 130 2
22 140 1
39 64 2
4 84 2
15 76 1
5 18 2
3 12 2
48 159 1
36 47 2
32 49 2
20 115 1
12 38 2
49 125 2
26 93 2
18 142 2
12 35 2
10 22 2
24 87 2
13 92 2
52 95 2
34 142 1
33 75 2
38 68 2
15 20 2
18 35 2
31 102 2
23 41 2
39 92 2
9 49 2
32 37 2
50 143 2
33 88 1
0 129 2
2 69 2
27 155 2
47 100 1
16 154 2
46 84 2
4 85 1
35 37 2
38 50 2
4 31 2
6 80 2
11 25 2
3 137 2
9 51 2
21 119 2
32 67 2
40 69 2
12 40 2
0 87 2
46 139 1
33 40 2
49 66 2
13 84 2
25 42 2
35 100 2
8 148 2
16 67 2
45 65 2
30 99 2
32 69 1
12 120 1
25 111 2
7 106 2
52 112 2
11 159 1
50 117 2
4 76 2
17 31 2
19 94 2
7 79 1
36 86 1
17 51 2
22 113 1
52 109 2
22 33 2
29 111 2
15 28 2
3 66 2
45 62 2
37 52 2
48 149 2
34 82 1
13 58 1
13 109 1
43 94 2
4 148 1
39 129 2
41 106 2
14 83 1
29 66 1
1 117 2
44 45 2
52 81 1
28 146 1
3 31 2
37 143 1
3 14 2
40 124 2
48 157 2
10 11 2
13 105 2
33 55 1
39 46 2
39 48 2
42 115 2
40 55 2
31 42 2
26 42 2
11 118 2
39 100 2
1 96 1
13 65 2
38 100 1
33 51 2
41 101 2
32 132 2
7 54 1
2 6 2
46 110 2
43 87 2
27 118 2
13 32 2
38 94 2
12 71 2
5 65 2
40 147 1
9 151 2
0 42 2
15 110 2
39 133 2
20 95 2
31 146 1
50 51 2
19 77 2
15 72 2
38 99 2
28 75 2
48 131 2
8 97 1
52 77 1
17 104 2
38 86 1
41 53 2
14 43 2
44 50 2
13 76 2
29 113 2
15 37 2
24 58 2
14 15 2
21 72 2
36 60 2
10 136 2
23 61 2
4 8 2
26 79 2
36 48 2
4 30 2
47 127 2
38 71 1
40 77 2
7 47 2
17 117 2
26 70 2
30 119 2
36 154 2
29 83 2
14 149 2
17 118 2
34 119 2
34 149 2
11 52 2
10 94 2
44 102 1
50 52 2
1 151 2
22 139 2
11 83 2
15 142 1
15 101 2
47 52 2
29 99 2
37 100 2
30 68 2
32 100 2
22 158 1
34 51 2
0 123 2
45 109 1
50 54 2
4 117 2
0 115 1
15 155 2
46 51 2
3 7 2
21 86 1
5 33 2
15 40 2
21 90 2
37 141 2
52 146 1
5 34 2
6 89 2
3 94 2
16 128 2
32 52 2
25 89 1
9 116 1
46 108 2
0 44 2
1 31 2
44 74 1
41 150 1
12 88 2
15 128 2
1 57 2
37 111 2
1 124 2
15 48 2
46 50 2
2 154 2
41 127 2
5 45 2
12 23 2
24 35 2
10 42 2
6 91 1
2 72 2
47 121 1
23 113 2
37 105 2
11 146 2
18 37 2
7 64 1
17 65 1
19 74 2
20 132 2
22 67 2
39 54 2
7 123 2
9 35 2
16 135 2
48 93 2
48 141 1
36 39 2
20 51 2
24 46 2
19 30 2
32 116 1
46 134 1
29 38 2
0 82 1
3 4 2
11 150 2
15 44 2
1 37 2
47 86 1
18 22 2
39 154 1
38 70 1
10 52 2
8 134 2
15 58 2
3 139 1
0 19 2
22 93 2
19 26 2
26 129 2
6 50 2
43 137 1
26 59 2
7 151 1
21 138 2
43 80 2
2 40 2
10 130 2
26 46 2
36 136 2
48 121 1
30 45 2
11 154 2
16 26 2
21 79 2
1 10 2
51 123 1
52 127 2
21 32 2
23 110 2
12 36 2
0 69 2
29 33 2
27 39 2
10 121 2
20 85 2
35 48 2
16 124 1
15 68 2
19 125 1
5 38 2
25 35 2
51 158 2
7 60 2
17 89 2
18 25 2
14 141 2
13 134 2
32 72 2
34 44 2
28 121 2
19 93 2
13 47 2
33 80 2
10 137 1
49 94 1
45 144 2
10 98 1
13 107 2
37 40 2
14 136 2
22 63 2
40 43 2
40 156 2
16 143 1
7 43 2
47 116 2
40 65 2
21 37 2
10 41 2
2 8 2
21 23 2
6 129 2
43 61 1
13 70 2
4 143 2
16 73 2
41 125 1
52 61 2
25 94 2
7 31 2
8 17 2
26 143 2
22 35 2
43 47 2
13 157 2
26 37 2
2 74 1
49 111 2
29 35 2
10 73 2
29 137 1
5 23 2
15 42 2
32 51 2
29 67 1
32 50 2
49 71 2
35 46 2
6 155 1
42 113 2
2 55 2
37 45 2
31 100 2
30 56 1
36 97 2
11 46 2
52 90 2
24 26 2
8 66 1
3 22 2
17 70 2
39 71 2
2 138 2
47 99 2
0 13 2
14 44 2
4 98 2
2 47 2
33 83 2
43 129 1
1 35 2
39 47 2
22 127 1
46 141 2
50 133 2
28 137 2
36 59 1
43 123 1
0 159 2
38 64 1
52 155 2
5 51 2
43 103 2
7 112 1
15 26 2
0 126 1
26 47 2
42 116 2
8 45 2
6 96 2
17 106 2
28 98 1
5 71 2
5 129 2
8 84 2
26 33 2
7 37 2
2 31 2
41 75 2
18 95 2
32 149 1
24 55 2
0 34 2
40 151 1
18 136 2
39 67 1
27 88 2
16 49 2
31 132 2
5 155 2
44 78 2
12 68 2
9 155 2
32 74 2
46 146 2
49 73 2
48 142 2
10 135 1
39 147 2
48 158 2
3 118 1
20 50 2
21 93 2
18 45 2
30 72 2
0 154 2
21 48 2
34 70 2
6 68 2
18 76 1
49 74 2
36 127 2
37 48 2
40 113 2
38 148 2
36 126 2
1 11 2
46 73 1
46 131 1
27 28 2
26 142 1
34 91 2
20 156 2
35 73 1
2 149 2
21 60 2
3 149 2
32 112 1
15 159 2
35 108 1
19 40 2
42 123 2
3 74 2
7 57 1
18 26 2
51 118 2
15 73 1
17 111 2
22 150 1
23 102 2
36 56 2
35 39 2
28 110 2
12 108 2
1 56 2
40 52 2
43 117 1
16 47 2
0 88 2
9 79 1
38 134 2
29 87 2
29 159 2
10 31 2
34 45 2
29 88 2
6 149 1
17 150 2
7 121 1
19 60 2
27 40 2
0 142 2
28 58 2
32 125 1
35 53 1
22 68 2
9 64 2
40 101 2
34 38 2
20 157 1
28 133 1
34 35 2
40 123 1
20 103 2
3 98 1
45 104 1
28 76 2
14 139 2
26 94 1
8 104 1
32 54 1
18 90 1
23 146 2
9 129 1
1 42 2
49 75 1
9 152 1
43 130 1
5 24 2
35 83 2
10 63 2
42 111 1
24 30 2
42 46 2
40 46 2
25 70 1
17 26 2
52 65 1
43 52 2
29 56 1
15 81 2
29 132 2
36 75 2
27 37 2
25 114 2
0 153 1
5 128 1
47 78 2
22 121 1
20 98 2
22 77 2
22 136 2
9 104 2
1 86 1
11 86 2
34 97 2
38 128 2
0 7 2
18 135 1
39 140 1
25 29 2
44 59 1
23 48 2
13 19 2
25 124 1
36 63 2
35 135 2
40 112 2
11 88 2
5 42 2
40 122 2
8 140 2
42 124 1
0 151 2
10 141 2
13 89 2
9 99 1
22 110 1
34 60 2
30 129 1
13 31 2
38 156 2
1 39 2
8 77 2
35 126 2
38 125 2
20 46 2
7 122 1
7 137 2
26 41 2
44 88 1
34 78 1
34 56 1
0 96 1
21 62 2
17 100 2
41 104 2
8 79 2
19 43 2
2 129 1
4 21 2
16 41 2
15 47 2
7 140 1
35 49 2
8 12 2
12 16 2
51 111 1
33 42 2
10 108 2
27 49 2
3 54 2
21 122 2
1 87 1
0 81 1
5 27 2
39 57 2
26 40 2
15 17 2
19 102 2
41 126 2
15 19 2
16 142 1
1 130 1
24 97 2
30 43 2
14 34 2
11 109 1
32 137 1
7 14 2
4 122 1
24 93 1
5 73 2
5 134 1
19 63 1
44 148 2
3 19 2
4 71 2
28 41 2
19 86 1
8 120 2
40 60 2
33 126 1
35 77 2
28 46 2
43 74 2
7 62 1
7 128 1
22 111 2
32 128 1
25 155 1
29 71 2
16 53 1
7 48 2
4 55 1
0 116 2
20 23 2
4 64 1
14 130 2
43 82 2
38 126 2
40 140 1
28 31 2
43 76 1
22 115 1
2 139 2
16 50 2
25 56 2
27 85 2
42 146 2
7 17 2
37 101 2
32 82 1
9 45 2
52 102 1
21 66 1
15 123 2
41 61 1
44 110 2
32 61 1
3 78 2
14 42 2
26 76 2
20 52 2
38 45 2
34 57 1
0 130 2
51 147 1
11 29 2
5 80 1
48 53 1
48 127 2
26 99 2
38 145 2
9 24 2
28 67 2
2 130 2
50 57 2
29 94 1
50 141 1
24 91 1
1 61 2
5 39 2
50 87 2
50 62 2
8 30 2
4 154 1
14 85 2
20 30 2
51 58 2
21 100 1
35 123 2
45 123 1
7 51 2
17 53 1
11 39 2
32 159 2
0 104 1
36 58 1
21 25 2
45 148 2
18 137 1
20 110 2
29 100 2
46 126 1
27 59 2
23 25 2
3 33 2
34 65 1
0 40 2
52 67 1
7 15 2
19 85 1
13 15 2
7 81 2
25 100 2
21 68 1
29 153 1
36 46 2
39 45 2
46 120 2
40 131 2
51 101 2
43 83 2
35 130 1
8 48 2
29 42 2
41 42 2
6 159 2
41 74 2
15 148 1
17 157 1
11 97 2
4 153 2
43 93 1
4 130 2
13 24 2
19 76 2
4 91 2
12 89 2
49 67 2
17 37 2
33 41 2
2 150 2
6 105 2
16 84 2
28 79 2
14 143 2
26 126 2
13 43 2
36 70 2
32 110 1
45 139 2
5 69 1
43 100 2
42 135 2
35 139 2
24 50 2
8 117 1
25 122 1
7 11 2
22 53 2
2 153 1
42 43 2
23 55 2
3 62 1
35 51 2
1 20 2
6 32 2
44 158 1
48 155 1
2 75 2
32 136 2
10 26 2
2 62 2
33 134 2
0 17 2
14 37 2
44 87 2
3 46 2
12 142 2
8 150 1
3 117 1
42 60 2
44 145 2
8 145 2
44 154 2
14 142 1
28 132 1
38 135 2
21 146 1
35 122 2
8 63 1
31 41 2
37 124 1
41 113 2
39 126 2
16 55 2
45 100 1
40 105 1
16 145 2
7 134 2
35 38 2
44 99 2
25 37 2
9 72 2
51 65 2
29 52 2
20 126 1
31 53 2
11 85 2
20 37 2
2 46 2
41 105 2
3 17 2
4 127 1
46 149 2
12 143 1
28 88 1
37 57 2
10 38 2
6 33 2
44 128 2
7 104 2
39 76 1
14 135 2
81 87 2
9 52 1
32 48 1
44 142 2
9 19 1
49 52 1
32 89 1
61 97 1
24 107 1
1 89 1
17 133 2
11 153 2
48 135 1
10 32 1
81 145 1
17 54 2
54 125 2
13 54 2
49 95 2
0 89 2
47 60 1
94 121 2
17 63 2
11 14 1
13 34 1
50 97 1
127 145 2
145 153 1
89 153 1
23 107 1
50 81 1
33 61 1
36 44 1
34 145 2
6 42 1
54 143 2
38 52 1
42 125 1
