% n=40 p=60 d=0.33 p_blue=0.33
% k=0
19 20 2
11 39 1
13 17 2
17 33 1
15 37 2
15 32 1
12 16 2
9 17 2
16 26 1
2 25 2
1 13 2
14 17 2
9 24 2
10 23 2
18 39 1
15 17 2
3 6 2
1 29 1
8 9 2
19 36 2
13 14 2
1 25 1
5 38 1
1 9 2
1 21 2
4 21 2
3 11 2
2 6 2
4 18 2
1 17 2
1 8 2
19 28 1
6 13 2
3 30 1
8 13 2
5 18 2
4 19 2
7 11 2
2 11 2
9 11 2
5 20 2
0 8 2
6 26 1
22 25 2
9 15 2
5 21 2
16 38 2
14 26 2
7 14 2
10 12 2
8 15 2
6 23 2
0 13 2
7 19 2
13 22 2
21 28 2
0 11 2
9 16 2
10 38 1
11 17 2
4 33 1
9 18 2
14 22 2
12 21 2
7 9 2
1 22 2
21 33 1
3 17 2
23 37 1
1 16 2
4 34 2
0 4 2
8 17 2
19 29 1
9 39 1
14 23 2
10 25 1
9 34 1
4 30 2
10 36 1
11 24 1
5 35 1
12 13 2
15 20 2
1 23 2
2 39 1
16 22 2
0 26 1
3 5 2
2 17 2
2 13 2
22 28 1
21 39 1
12 35 2
1 11 2
0 9 2
2 3 2
6 31 2
8 14 2
3 13 2
16 33 1
1 38 1
4 10 2
4 20 2
0 38 2
12 15 2
17 26 1
10 13 2
12 17 2
13 23 2
11 23 2
10 16 2
6 18 2
12 22 2
5 7 2
3 23 2
8 12 2
3 9 2
6 10 2
20 29 1
5 14 2
7 24 1
2 10 2
0 23 2
3 7 2
7 23 2
3 12 2
13 18 2
11 29 1
12 23 2
20 23 2
5 12 2
10 18 2
12 19 2
5 27 1
18 35 2
8 24 2
12 18 2
6 16 2
17 20 2
9 30 1
19 32 2
15 22 2
3 10 2
14 21 2
21 38 2
12 20 2
8 22 2
14 19 2
4 35 2
7 18 2
2 5 2
6 15 2
6 12 2
15 33 1
10 19 2
11 13 2
7 10 2
2 16 2
4 38 2
1 6 2
8 26 1
12 30 1
9 10 2
3 20 2
6 22 2
5 22 2
17 23 2
11 22 2
8 11 2
6 7 2
10 22 2
0 2 2
0 14 2
3 18 2
20 37 1
18 21 2
7 34 2
4 11 2
5 17 2
22 39 1
13 37 2
9 22 2
22 23 2
0 18 2
8 23 2
2 23 2
14 30 1
11 16 2
6 11 2
16 19 2
10 17 2
11 30 1
15 26 2
4 37 1
20 25 1
7 21 2
1 24 1
1 4 2
8 20 2
14 18 2
1 2 2
1 20 2
21 34 2
3 16 2
1 5 2
17 39 1
7 12 2
7 15 2
4 9 2
2 21 2
6 21 2
9 14 2
5 13 2
10 21 2
21 22 2
13 25 2
4 22 2
17 25 2
10 24 1
12 24 2
3 35 1
2 14 2
6 14 2
6 32 2
7 38 1
13 16 2
9 20 2
0 16 2
8 18 2
10 14 2
8 30 1
2 7 2
1 12 2
0 12 2
23 36 1
21 30 2
22 34 2
13 15 2
21 36 1
4 23 2
15 16 2
0 10 2
4 8 2
0 15 2
22 37 1
2 15 2
5 15 2
8 31 2
3 8 2
15 19 2
4 16 2
16 27 2
16 24 1
19 22 2
9 28 2
2 8 2
14 33 1
6 19 2
14 38 1
1 15 2
21 35 1
13 19 2
8 38 2
0 33 1
7 39 2
6 9 2
11 15 2
2 20 2
5 23 2
8 21 2
4 24 2
0 7 2
2 19 2
19 38 1
3 29 2
22 38 1
16 25 2
18 25 1
4 5 2
1 3 2
4 27 2
11 34 2
3 4 2
12 14 2
7 13 2
6 8 2
10 39 2
10 15 2
3 19 2
4 14 2
2 35 2
7 17 2
7 29 1
20 21 2
7 20 2
5 29 1
0 22 2
10 28 2
14 16 2
14 27 2
15 28 2
8 16 2
14 20 2
2 12 2
3 31 1
2 4 2
11 19 2
0 6 2
9 23 2
13 27 1
16 23 2
7 8 2
2 24 1
9 13 2
4 12 2
1 19 2
13 21 2
17 18 2
2 31 1
1 27 1
6 28 1
7 16 2
8 10 2
19 23 2
11 18 2
1 14 2
10 34 1
5 6 2
5 8 2
3 22 2
19 27 1
4 32 1
0 36 1
23 25 1
16 17 2
2 9 2
18 23 2
6 20 2
18 20 2
20 35 2
1 31 1
20 22 2
1 10 2
0 17 2
9 12 2
17 21 2
4 17 2
9 32 1
0 20 2
7 22 2
15 23 2
9 21 2
5 10 2
0 1 2
0 3 2
18 19 2
11 12 2
2 22 2
3 15 2
16 29 2
18 22 2
19 21 2
11 14 2
5 31 1
11 20 2
5 25 1
16 21 2
10 20 2
13 20 2
4 15 2
11 21 2
15 21 2
9 33 1
0 29 2
2 18 2
18 38 2
16 18 2
4 6 2
9 19 2
8 19 2
1 7 2
15 18 2
17 22 2
5 9 2
4 7 2
21 23 2
16 20 2
0 21 2
1 18 2
6 37 1
3 21 2
6 17 2
5 19 2
1 28 1
11 36 1
11 31 2
0 19 2
10 11 2
6 38 1
12 32 1
6 39 1
2 30 2
17 19 2
4 13 1
13 30 1
5 28 1
3 37 2
16 39 2
14 28 1
20 28 2
28 39 1
