% n=20 p=60 d=0.33 p_blue=0.66
% k=0
10 15 2
6 9 2
2 10 2
3 13 1
3 7 2
9 13 2
4 5 2
5 13 2
1 7 2
3 6 2
1 9 2
6 8 2
0 3 2
2 5 2
1 3 2
7 11 2
1 10 2
0 1 2
3 4 2
0 4 2
6 11 2
9 10 2
2 14 2
2 19 1
6 7 2
5 9 2
0 8 2
3 5 2
5 10 2
4 6 2
6 10 2
7 14 1
8 10 2
9 14 1
0 16 2
5 7 2
0 7 2
9 11 2
7 9 2
1 12 2
4 9 2
8 14 2
7 8 2
5 14 2
0 11 2
8 18 2
0 5 2
4 10 2
2 9 2
2 11 2
0 2 2
8 9 2
4 13 1
0 14 2
10 13 2
4 11 2
0 9 2
3 10 2
6 16 2
2 18 2
10 14 2
1 11 2
5 11 2
10 12 2
0 6 2
5 8 2
10 19 2
1 6 2
10 18 1
2 15 2
3 11 2
2 7 2
10 11 2
1 5 2
8 11 2
4 8 2
3 9 2
1 4 2
5 6 2
1 13 1
2 6 2
9 12 2
9 17 1
2 3 1
7 18 1
15 17 2
5 17 1
1 8 1
3 17 2
1 2 1
4 7 1
3 8 1
2 8 1
0 10 1
7 10 2
