% n=190 p=33 d=0.33 p_blue=0.33
% k=0
25 126 2
45 46 2
2 7 2
1 5 2
25 91 2
44 85 1
4 68 1
51 167 1
53 159 1
24 160 2
23 64 2
4 10 2
59 144 2
25 32 2
12 55 2
15 165 2
2 18 2
47 62 2
14 77 1
1 101 2
17 127 1
45 175 1
40 57 2
22 26 2
57 129 1
4 104 1
39 94 1
12 114 1
2 3 2
53 162 2
27 57 2
18 92 2
22 184 1
4 186 2
54 129 1
39 42 2
29 42 2
27 60 2
37 54 2
52 176 1
49 60 2
1 170 1
49 150 1
6 61 2
52 132 1
22 27 2
20 80 1
9 151 2
36 42 2
4 90 1
5 32 2
26 148 1
50 124 1
21 33 2
2 9 2
51 98 1
45 176 1
55 129 2
4 25 2
16 150 2
20 50 2
17 73 2
55 119 1
58 96 1
34 115 1
32 52 2
15 56 2
0 9 2
10 19 2
21 189 1
26 41 2
0 177 1
50 55 2
34 179 2
14 92 1
41 110 1
41 120 2
7 30 2
39 61 2
9 43 2
29 188 1
22 68 1
9 104 1
3 37 2
2 47 2
7 10 2
21 74 1
46 125 2
44 134 2
18 45 2
30 83 1
9 102 2
17 57 2
13 162 2
30 62 2
56 129 1
43 180 1
30 77 2
13 169 2
13 49 2
18 134 1
42 44 2
55 178 1
20 29 2
4 39 2
2 4 2
14 126 1
62 173 2
32 108 1
23 47 2
14 94 2
39 53 2
26 55 2
5 78 1
17 158 1
36 50 2
53 178 2
17 61 2
15 179 1
16 69 1
44 47 2
52 124 1
21 68 1
4 117 1
10 31 2
31 135 2
9 16 2
6 136 1
55 186 1
7 145 2
28 62 2
10 153 1
48 49 2
46 63 2
15 37 2
2 46 2
47 116 2
11 167 2
47 110 1
54 85 1
1 15 2
10 43 2
9 23 2
23 26 2
31 50 2
5 51 2
7 124 1
55 176 1
34 75 1
56 116 2
30 71 1
6 38 2
61 66 1
12 149 1
8 41 2
49 59 2
3 62 2
27 143 1
49 109 2
4 49 2
22 62 2
20 146 2
52 91 1
22 30 2
35 93 1
11 42 2
54 104 2
1 19 2
16 59 2
50 149 1
25 160 1
39 51 2
2 13 2
40 50 2
33 126 1
2 106 2
18 59 2
13 61 2
8 44 2
5 103 1
59 177 1
17 182 2
25 30 2
28 42 2
7 65 1
58 77 1
58 117 1
27 180 1
31 95 1
17 90 1
11 117 1
21 41 2
8 9 2
34 59 2
35 58 2
55 114 1
25 57 2
12 99 2
24 187 1
37 58 2
11 31 2
22 23 2
32 51 2
42 77 2
50 174 1
4 65 1
39 44 2
32 95 1
17 31 2
27 28 2
43 54 2
32 59 2
7 48 2
30 168 2
13 26 2
47 113 2
38 135 2
49 177 2
30 51 2
5 100 1
6 21 2
9 156 1
20 129 1
20 175 2
6 26 2
47 135 2
0 170 2
4 100 1
13 187 1
24 126 1
34 178 2
39 70 1
6 148 1
20 32 2
9 56 2
50 142 1
17 50 2
36 47 2
25 98 1
58 165 2
12 41 2
54 113 1
38 62 2
15 70 2
54 56 2
51 127 1
30 57 2
45 96 1
37 129 1
21 100 1
3 15 2
51 140 1
31 46 2
26 189 2
15 61 2
40 115 2
1 3 2
10 50 2
31 61 2
61 165 1
53 182 2
17 29 2
54 79 1
40 173 2
5 177 1
54 86 1
0 55 2
57 186 2
20 75 1
62 108 2
20 42 2
36 119 1
53 69 1
39 143 1
56 82 1
18 35 2
31 44 2
43 146 1
51 62 2
24 87 2
10 185 1
41 62 2
47 136 2
25 36 2
11 55 2
21 123 2
48 124 1
26 131 1
22 116 1
17 56 2
53 183 1
38 167 1
15 50 2
0 29 2
42 80 2
7 33 2
9 22 2
0 56 2
24 54 2
7 188 1
13 32 2
25 28 2
34 153 1
47 58 2
23 51 2
9 14 2
9 148 1
42 67 1
55 164 1
30 34 2
61 167 1
24 93 2
19 57 2
18 37 2
28 164 2
26 127 2
50 167 1
39 106 2
1 172 2
42 100 1
46 61 2
14 95 1
58 146 2
11 14 2
7 159 1
43 159 2
26 96 1
28 108 1
28 156 1
0 16 2
27 74 2
35 36 2
0 5 2
7 39 2
38 69 2
44 70 2
18 52 2
20 45 2
36 61 2
9 121 1
39 55 2
18 136 1
2 17 2
3 22 2
25 27 2
46 164 1
24 56 2
57 109 2
34 167 1
38 114 1
43 97 1
23 113 1
22 154 1
26 53 2
40 122 1
8 19 2
55 149 1
54 111 1
30 54 2
15 54 2
5 50 2
48 100 2
51 164 1
3 105 2
34 47 2
50 179 1
50 54 2
43 88 1
28 33 2
9 35 2
47 143 1
9 15 2
8 27 2
4 52 2
28 177 1
9 103 2
13 38 2
46 163 2
9 50 2
14 180 2
19 181 1
62 155 1
23 86 1
17 53 2
32 45 2
43 113 1
14 125 1
39 43 2
18 30 2
2 42 2
12 176 1
5 7 2
12 163 1
51 61 2
12 89 1
23 100 2
31 47 2
54 57 2
18 60 2
58 59 2
36 107 2
19 80 1
48 65 1
18 26 2
38 44 2
1 59 2
42 62 2
15 51 2
19 56 2
11 175 1
2 180 1
9 107 1
54 156 1
45 52 2
18 150 2
34 56 2
57 88 1
25 130 1
21 182 1
16 46 2
60 90 1
30 67 2
61 174 2
29 137 1
0 58 2
20 24 2
55 90 2
34 48 2
45 152 1
42 172 1
57 90 1
41 111 2
24 38 2
15 124 1
4 124 1
3 7 2
30 50 2
0 185 2
29 57 2
26 145 1
27 66 1
21 50 2
40 62 2
24 44 2
7 77 1
50 160 1
27 186 1
12 166 2
16 154 2
35 50 2
4 54 2
12 57 2
53 78 1
1 41 2
8 49 2
33 43 2
57 94 1
24 62 2
4 157 1
8 137 2
13 18 2
48 189 2
23 46 2
20 35 2
6 74 1
15 60 2
21 30 2
61 79 2
62 137 1
18 155 2
21 66 1
46 86 2
47 52 2
17 178 1
16 115 1
49 55 2
12 59 2
61 141 1
41 72 1
2 61 2
40 149 1
1 147 1
37 102 1
10 182 2
55 177 2
27 50 2
25 89 1
47 109 2
31 53 2
25 172 1
58 81 1
40 93 2
22 56 2
62 182 1
31 42 2
12 105 2
17 21 2
60 118 2
24 49 2
17 43 2
17 121 1
44 123 1
1 44 2
40 154 1
3 54 2
22 41 2
51 155 1
0 65 2
45 178 1
53 102 1
2 24 2
9 46 2
42 63 1
16 74 1
26 153 1
32 39 2
31 59 2
6 48 2
28 127 1
35 94 1
4 43 2
13 58 2
32 34 2
15 52 2
5 23 2
48 102 2
30 93 1
12 24 2
52 129 1
22 54 2
14 140 1
7 50 2
0 21 2
46 82 2
43 182 1
11 113 1
33 42 2
5 152 1
31 96 1
60 70 1
40 156 2
23 58 2
21 43 2
41 180 2
27 59 2
20 44 2
35 185 1
32 73 1
29 65 1
22 151 1
4 38 2
10 115 1
23 162 1
42 175 1
8 32 2
45 48 2
11 165 1
3 8 2
18 21 2
46 57 2
23 65 2
2 188 1
15 118 1
10 54 2
4 31 2
14 49 2
26 141 1
9 61 2
3 80 2
44 158 2
9 21 2
1 26 2
14 101 1
29 38 2
38 43 2
6 66 2
5 43 2
12 23 2
6 60 2
4 30 2
41 67 1
41 43 2
59 137 1
15 73 1
60 115 1
51 118 1
17 184 1
19 39 2
19 98 2
32 137 1
35 168 2
27 58 2
2 19 2
57 169 2
3 175 1
29 60 2
23 41 2
32 165 2
8 36 2
0 127 2
57 58 2
14 62 2
46 69 1
60 142 2
30 156 2
59 114 1
0 45 2
50 58 2
53 133 2
16 18 2
45 120 1
5 45 2
18 167 1
23 95 1
32 80 2
21 117 1
59 187 1
51 120 1
6 42 2
3 95 1
29 95 1
42 66 1
43 62 2
28 113 1
33 47 2
47 51 2
16 44 2
5 54 2
6 166 1
47 53 2
10 25 2
4 177 2
9 108 2
50 180 1
25 155 1
21 159 1
51 145 2
1 23 2
28 186 1
29 112 1
4 13 2
13 188 1
34 58 2
0 149 2
42 43 2
20 166 2
58 116 1
51 91 1
61 160 1
4 32 2
41 127 1
55 183 2
3 180 1
27 156 1
17 141 2
8 22 2
55 187 2
36 45 2
53 116 1
11 60 2
16 78 2
30 157 2
31 41 2
55 161 1
5 17 2
46 187 1
46 176 1
7 49 2
57 130 2
22 35 2
4 46 2
45 61 2
31 163 2
21 96 1
34 35 2
11 145 1
60 143 2
34 87 1
46 81 2
4 34 2
9 66 1
62 83 1
62 74 2
36 60 2
16 146 1
5 16 2
58 134 2
23 38 2
4 155 1
47 171 1
45 149 1
47 80 2
2 163 2
12 52 2
2 30 2
47 134 2
4 7 2
55 104 2
46 169 1
6 59 2
58 120 2
37 136 1
0 24 2
27 51 2
38 162 1
41 48 2
61 140 2
30 158 2
0 14 2
35 83 2
19 168 2
57 163 2
18 108 1
32 176 1
43 70 1
29 126 1
45 59 2
34 81 2
8 112 2
5 41 2
19 97 1
7 165 1
23 40 2
21 23 2
10 13 2
5 81 1
8 10 2
8 105 2
50 92 1
27 35 2
38 84 1
21 103 1
24 64 2
30 74 1
24 134 1
21 22 2
6 187 1
10 33 2
30 91 1
59 176 2
12 160 2
40 45 2
39 46 2
20 21 2
56 189 2
41 44 2
31 48 2
1 27 2
30 45 2
15 17 2
4 44 2
61 127 2
9 30 2
24 61 2
46 111 2
18 24 2
60 185 1
8 174 1
24 39 2
0 137 1
41 150 2
22 46 2
30 163 2
4 21 2
15 168 1
2 120 1
54 92 1
19 140 2
14 32 2
44 112 1
26 121 1
33 38 2
0 168 1
12 63 2
19 47 2
43 55 2
6 53 2
40 58 2
46 52 2
27 29 2
36 93 2
7 102 1
29 37 2
36 184 2
16 49 2
46 51 2
15 139 1
27 103 1
59 104 1
18 62 2
1 82 1
28 103 1
42 154 1
4 129 2
16 41 2
1 107 2
22 189 2
56 64 1
31 39 2
17 60 2
20 147 2
5 144 2
49 153 1
18 49 2
46 62 2
25 53 2
24 30 2
37 157 1
19 137 2
2 91 1
9 111 1
25 62 2
10 27 2
21 39 2
39 64 1
50 157 1
56 173 1
35 171 1
13 34 2
11 78 1
0 180 2
17 188 2
8 25 2
51 125 1
34 36 2
5 18 2
18 189 2
3 61 2
39 129 2
35 45 2
14 17 2
34 44 2
36 58 2
51 174 2
10 36 2
7 96 1
43 50 2
39 57 2
53 175 1
56 142 1
50 60 2
53 168 1
17 105 1
49 181 1
29 123 1
29 62 2
12 62 2
41 117 2
54 119 1
12 48 2
37 173 2
42 185 1
5 9 2
30 49 2
20 68 2
17 24 2
10 41 2
33 50 2
4 17 2
10 154 2
41 45 2
23 42 2
27 171 2
26 164 1
23 31 2
4 136 1
12 40 2
49 54 2
7 13 2
43 53 2
19 73 2
9 181 2
9 99 2
8 149 2
16 168 1
19 33 2
41 172 1
10 32 2
22 171 2
27 88 1
39 47 2
41 102 2
5 37 2
20 54 2
2 141 2
10 67 1
12 33 2
50 98 1
7 162 1
14 41 2
34 185 2
53 97 2
23 27 2
16 60 2
12 27 2
23 55 2
58 106 1
37 97 1
1 141 1
40 126 1
3 45 2
6 71 1
9 152 2
3 172 2
62 69 1
46 89 1
43 177 2
32 124 2
6 56 2
42 88 1
6 186 2
37 48 2
28 70 1
28 53 2
48 130 1
10 47 2
6 30 2
31 32 2
37 117 2
45 49 2
21 174 1
22 179 2
9 57 2
26 27 2
44 114 2
29 44 2
21 37 2
5 31 2
18 138 1
10 96 1
14 183 1
48 116 1
50 83 1
59 148 1
20 154 1
8 26 2
32 61 2
15 41 2
61 62 2
19 154 2
21 126 2
5 160 1
60 131 1
8 90 2
21 137 1
7 89 2
33 39 2
48 62 2
42 52 2
36 72 2
44 87 1
12 131 1
24 53 2
8 12 2
18 124 2
53 60 2
36 118 1
2 48 2
23 49 2
29 88 1
1 78 1
25 65 1
43 60 2
56 78 1
15 102 2
10 35 2
53 156 1
49 53 2
45 128 1
0 47 2
18 188 1
10 186 2
2 162 1
18 112 1
39 119 1
5 30 2
11 75 2
40 189 1
3 174 1
7 176 1
6 24 2
6 27 2
28 183 1
14 157 1
11 18 2
22 37 2
23 94 1
33 80 1
4 61 2
11 35 2
57 61 2
2 34 2
56 151 1
14 170 1
16 90 1
26 102 1
21 46 2
4 36 2
16 147 1
9 145 1
50 70 1
54 101 1
44 66 1
43 108 1
30 141 1
32 54 2
41 159 1
13 115 2
20 96 2
53 112 2
61 144 1
2 26 2
62 148 1
2 22 2
21 76 1
48 131 2
8 181 2
33 58 2
25 87 2
8 124 1
6 22 2
25 56 2
12 56 2
1 9 2
10 56 2
39 112 1
55 159 1
29 34 2
21 142 1
20 60 2
38 53 2
9 51 2
42 156 1
47 178 1
45 55 2
10 21 2
45 56 2
30 136 2
11 15 2
32 50 2
25 163 1
13 23 2
55 138 1
8 119 2
2 140 1
25 153 2
43 134 2
7 8 2
14 42 2
45 58 2
6 184 1
5 33 2
37 139 1
7 43 2
8 24 2
49 175 2
48 171 2
1 67 1
5 20 2
11 25 2
13 101 1
51 165 2
8 88 2
28 51 2
41 148 1
9 89 1
15 39 2
28 124 2
23 135 1
3 14 2
60 62 2
42 104 1
41 123 2
1 60 2
31 168 1
23 37 2
39 56 2
36 155 2
2 155 2
25 47 2
1 63 1
39 83 1
39 189 1
27 55 2
37 106 1
10 26 2
13 92 2
28 179 1
8 86 1
59 146 2
37 121 1
22 31 2
55 62 2
21 36 2
8 150 1
49 117 1
13 22 2
30 44 2
34 54 2
44 107 1
4 55 2
8 107 2
4 77 1
34 125 2
62 121 1
36 142 1
25 137 1
61 75 1
25 52 2
57 118 1
2 118 2
6 31 2
4 8 2
15 104 2
0 44 2
10 89 1
33 153 1
53 91 2
48 159 1
30 58 2
6 16 2
18 171 1
17 20 2
13 116 2
7 126 2
44 117 1
0 1 2
17 49 2
6 33 2
35 56 2
53 138 1
16 21 2
9 11 2
34 151 1
47 78 1
56 71 1
36 98 1
57 164 1
45 60 2
34 37 2
34 97 1
31 141 2
1 92 2
42 78 1
23 83 1
46 124 2
42 73 2
18 126 1
32 41 2
53 61 2
16 153 1
49 111 1
11 59 2
27 61 2
42 177 2
49 61 2
7 163 1
34 40 2
8 55 2
4 48 2
33 61 2
16 25 2
28 49 2
29 81 2
18 140 2
43 110 1
27 157 2
22 36 2
20 48 2
2 36 2
29 114 1
17 179 1
25 67 1
20 34 2
23 61 2
16 62 2
27 135 1
53 55 2
12 94 1
10 155 1
16 30 2
38 66 2
32 60 2
2 95 2
3 163 2
54 157 1
21 88 1
62 71 2
2 135 1
11 154 2
51 126 2
24 176 2
16 55 2
4 27 2
2 78 1
48 127 2
47 56 2
22 131 1
26 116 1
27 172 2
28 55 2
7 55 2
21 71 1
31 104 2
16 181 1
49 93 2
23 50 2
3 127 2
14 147 2
6 154 1
14 85 1
15 170 1
21 132 1
20 113 1
52 61 2
26 33 2
9 127 1
3 75 1
8 68 1
11 41 2
58 140 1
18 48 2
51 55 2
52 117 1
43 170 1
58 177 1
0 71 2
27 38 2
32 72 1
2 109 1
10 37 2
23 34 2
34 116 1
22 187 1
13 36 2
36 91 2
53 131 1
37 46 2
53 93 1
58 149 1
9 178 1
19 62 2
44 62 2
57 162 2
34 72 1
46 117 2
44 81 1
5 14 2
49 188 2
9 163 1
5 22 2
5 179 2
34 57 2
5 127 2
10 71 1
41 59 2
43 129 1
3 28 2
25 151 1
15 106 1
31 64 2
30 129 1
42 168 1
44 189 2
58 147 1
19 41 2
9 124 1
1 17 2
41 53 2
16 132 2
12 119 2
35 40 2
17 99 2
62 106 1
7 168 1
15 119 2
7 11 2
37 67 1
33 116 1
37 170 1
24 74 1
29 64 1
13 60 2
38 50 2
9 171 1
47 125 1
41 130 1
19 93 2
2 104 1
50 134 2
15 144 1
28 77 1
48 169 1
17 142 1
14 38 2
58 73 1
4 130 2
16 75 2
45 181 1
4 50 2
17 55 2
5 58 2
14 25 2
13 95 2
50 53 2
38 65 1
45 73 1
2 38 2
0 10 2
39 49 2
17 165 1
1 4 2
53 137 1
58 148 1
32 129 1
39 122 2
51 102 1
39 59 2
44 147 1
4 23 2
9 125 1
50 74 1
62 89 1
28 79 1
19 20 2
0 66 1
16 77 1
44 69 2
2 108 2
35 183 1
21 185 2
2 10 2
36 175 1
3 23 2
42 90 2
39 52 2
0 95 2
6 46 2
53 83 1
50 57 2
4 12 2
56 175 2
60 89 2
17 75 1
33 55 2
50 148 1
53 169 1
62 114 1
34 45 2
7 18 2
2 62 2
44 180 1
59 139 1
51 135 1
2 157 1
17 78 1
42 45 2
30 102 1
48 51 2
1 73 1
0 42 2
55 121 2
28 38 2
58 131 1
25 51 2
32 177 2
8 58 2
51 132 1
17 35 2
3 53 2
5 73 1
0 39 2
0 43 2
19 21 2
27 144 1
59 83 1
23 165 1
40 51 2
1 29 2
19 175 1
1 32 2
2 133 1
10 164 2
8 161 1
51 77 1
36 59 2
44 177 2
59 105 1
54 76 1
61 87 2
18 127 1
53 96 1
25 83 1
5 187 1
48 167 1
4 171 1
27 165 1
29 107 1
37 45 2
18 44 2
46 93 1
9 27 2
19 94 2
48 95 1
25 121 2
61 99 1
52 53 2
35 53 2
59 157 2
19 174 1
26 73 2
50 69 1
33 94 1
19 36 2
45 109 1
12 127 1
33 97 1
3 21 2
51 128 1
3 33 2
49 112 1
22 145 2
15 48 2
2 35 2
34 137 1
35 37 2
27 158 1
2 6 2
9 19 2
23 48 2
21 28 2
42 158 1
58 104 1
10 101 1
14 93 1
61 164 2
4 22 2
5 93 1
42 47 2
16 172 1
34 105 2
14 45 2
58 97 1
20 150 1
8 17 2
38 85 1
38 76 2
23 60 2
46 104 1
24 29 2
10 12 2
46 136 1
5 36 2
15 23 2
3 25 2
26 51 2
31 89 1
37 49 2
39 82 1
19 44 2
44 157 1
46 160 2
23 43 2
9 94 1
3 18 2
59 128 1
46 49 2
4 116 2
3 42 2
17 170 1
14 165 2
21 67 1
33 125 1
44 51 2
35 59 2
61 154 2
7 46 2
5 61 2
59 171 1
42 180 2
33 181 1
0 52 2
44 98 2
13 37 2
0 23 2
46 58 2
33 174 1
13 167 2
26 40 2
45 62 2
4 14 2
40 177 1
0 11 2
43 67 1
55 72 1
30 175 2
20 133 1
11 126 2
42 119 2
58 171 1
28 89 2
0 80 2
24 129 1
29 142 1
52 186 1
41 46 2
46 56 2
31 49 2
14 138 1
46 161 1
47 175 1
20 25 2
18 57 2
19 22 2
61 138 1
57 66 2
40 42 2
39 71 1
40 92 1
7 17 2
1 34 2
8 71 1
37 128 1
22 178 1
1 188 2
34 79 1
21 56 2
9 53 2
44 167 1
62 169 2
30 35 2
25 39 2
7 38 2
52 107 1
57 111 1
43 84 1
4 26 2
39 66 1
1 13 2
35 44 2
36 153 1
6 188 2
3 66 1
4 42 2
25 37 2
40 52 2
47 138 2
19 42 2
34 78 2
49 129 1
31 52 2
26 111 2
21 70 1
12 26 2
34 188 1
29 49 2
2 16 2
27 47 2
11 22 2
44 53 2
33 121 1
44 45 2
15 66 2
1 42 2
59 74 1
6 82 1
11 94 1
58 72 1
60 138 1
1 189 2
49 189 1
3 166 2
27 62 2
59 170 1
34 142 2
4 120 2
10 59 2
17 52 2
57 128 1
43 147 1
2 69 1
4 16 2
18 33 2
2 176 1
48 52 2
36 57 2
42 82 1
58 114 2
8 46 2
15 55 2
42 57 2
37 41 2
12 47 2
38 78 1
8 103 1
3 140 1
51 105 1
1 179 1
31 56 2
44 129 1
27 118 2
55 144 2
47 147 1
47 131 2
28 29 2
58 135 1
26 62 2
62 159 2
20 83 1
26 31 2
31 105 2
21 31 2
27 126 2
53 187 2
15 43 2
9 10 2
41 57 2
1 150 2
1 57 2
21 186 1
29 41 2
12 178 1
14 22 2
62 143 2
1 21 2
24 43 2
13 122 2
47 60 2
23 24 2
50 166 2
58 62 2
57 104 1
19 31 2
12 35 2
28 41 2
5 74 1
23 108 1
58 92 1
4 5 2
49 123 2
38 102 1
37 55 2
50 59 2
54 88 2
28 125 2
39 84 1
17 167 1
7 45 2
48 82 2
21 32 2
11 37 2
16 31 2
42 176 2
32 37 2
29 108 1
27 37 2
5 124 1
39 137 1
12 155 2
48 129 1
7 172 1
35 146 1
3 110 2
20 38 2
57 114 1
58 142 1
34 91 1
21 60 2
39 130 1
42 60 2
26 135 2
28 47 2
49 180 2
39 168 1
19 107 1
17 58 2
47 111 2
2 39 2
3 48 2
47 59 2
18 55 2
1 6 2
52 75 1
49 62 2
12 185 2
27 54 2
53 146 1
2 29 2
30 48 2
20 76 1
14 56 2
52 82 1
36 132 1
37 59 2
36 137 2
2 114 1
31 54 2
12 58 2
20 40 2
21 108 1
32 66 2
44 50 2
10 159 1
42 124 2
36 111 1
50 61 2
4 97 1
11 29 2
52 73 1
57 75 1
3 11 2
43 44 2
44 58 2
49 120 2
35 60 2
15 181 2
62 79 1
3 111 2
19 167 1
19 26 2
24 69 1
5 28 2
40 123 1
16 178 1
8 64 2
3 119 1
34 62 2
22 163 1
7 19 2
31 74 1
53 70 2
36 52 2
19 189 2
18 152 1
41 156 1
37 114 1
57 127 2
30 189 2
30 160 2
17 162 1
2 160 2
21 129 1
6 140 1
5 69 1
1 39 2
55 60 2
34 86 1
18 38 2
14 31 2
60 101 1
47 153 2
24 51 2
22 118 2
51 181 1
62 151 1
4 24 2
19 106 1
4 178 1
21 155 1
16 97 1
24 52 2
6 173 1
38 164 1
3 132 2
10 60 2
29 174 2
31 51 2
51 92 1
26 57 2
3 155 2
22 47 2
7 125 2
3 160 1
57 63 1
60 150 2
55 141 2
46 144 1
8 35 2
24 152 2
54 163 1
9 36 2
24 65 2
40 41 2
44 141 2
22 168 2
16 48 2
19 132 2
16 148 1
21 165 1
7 119 1
10 84 1
16 26 2
62 93 1
2 94 2
38 51 2
43 85 1
36 62 2
34 170 1
45 137 1
15 71 2
32 35 2
49 70 1
13 24 2
5 128 2
12 25 2
28 39 2
32 49 2
42 49 2
20 167 1
31 97 1
35 54 2
22 172 1
22 66 1
16 27 2
36 97 1
24 81 2
29 170 1
61 179 1
1 58 2
2 182 1
9 29 2
47 102 1
21 42 2
6 10 2
19 92 1
40 81 1
40 53 2
8 136 2
31 40 2
32 110 2
6 9 2
1 187 1
20 64 2
39 147 1
52 165 1
9 73 1
40 59 2
17 156 1
35 139 2
23 35 2
5 62 2
8 21 2
10 143 2
56 58 2
61 109 1
49 92 2
19 60 2
2 179 1
33 110 1
13 45 2
26 64 2
43 71 2
0 163 1
3 50 2
13 108 1
40 46 2
10 140 1
55 175 1
12 158 1
56 86 2
27 45 2
7 61 2
62 154 1
9 174 1
61 106 1
31 38 2
27 93 2
13 25 2
31 123 1
15 93 1
58 93 1
13 89 1
11 142 2
27 52 2
26 137 1
18 82 2
17 44 2
32 131 1
36 122 1
0 30 2
39 73 1
5 27 2
51 97 2
56 140 1
54 59 2
26 174 1
29 31 2
27 42 2
3 96 1
17 85 1
26 161 1
2 83 2
52 71 2
18 69 2
57 59 2
6 176 1
46 59 2
16 43 2
58 133 1
52 78 1
27 39 2
62 76 2
18 154 2
17 54 2
21 52 2
21 48 2
33 75 1
9 110 1
25 45 2
14 19 2
39 144 1
24 25 2
21 175 1
45 87 1
6 65 1
12 154 1
35 106 1
41 162 1
42 72 1
21 116 2
24 42 2
42 50 2
46 157 1
8 56 2
16 127 1
3 47 2
16 28 2
27 77 1
36 178 2
18 22 2
39 67 1
19 46 2
23 84 2
11 156 1
4 19 2
61 166 2
40 137 1
1 105 2
32 189 1
61 189 1
30 60 2
30 118 1
35 174 2
44 136 1
9 122 1
58 124 1
14 48 2
15 21 2
33 79 1
21 118 1
20 162 2
28 35 2
18 46 2
54 153 2
3 24 2
55 130 2
18 32 2
36 53 2
0 49 2
37 62 2
25 41 2
8 34 2
17 148 1
12 188 1
11 48 2
21 26 2
62 85 1
15 53 2
0 6 2
24 57 2
0 132 1
12 13 2
19 146 2
61 101 1
10 64 1
33 179 1
6 51 2
28 114 2
24 32 2
36 96 1
24 37 2
56 101 2
39 132 1
17 42 2
4 88 1
8 113 2
36 171 1
35 155 1
38 124 2
36 134 1
4 180 1
20 137 1
11 39 2
28 133 2
10 20 2
62 179 1
28 135 2
24 177 2
17 123 1
17 133 2
11 129 1
5 176 1
36 51 2
13 55 2
8 38 2
39 77 1
44 105 2
57 62 2
26 85 2
14 18 2
1 43 2
29 55 2
33 52 2
30 55 2
11 27 2
34 184 2
50 136 1
14 34 2
61 178 1
18 47 2
20 52 2
3 6 2
23 188 2
11 12 2
1 157 1
51 57 2
25 61 2
49 71 2
1 53 2
12 70 1
2 57 2
31 57 2
31 37 2
62 136 2
56 65 1
30 178 1
4 6 2
38 52 2
4 80 1
8 48 2
18 51 2
19 37 2
1 184 2
21 27 2
24 149 2
39 180 1
9 33 2
21 40 2
16 160 2
16 84 1
2 59 2
22 42 2
54 99 1
33 64 1
49 185 1
54 75 1
1 52 2
30 181 2
9 76 1
53 74 1
34 67 2
39 152 1
12 39 2
29 139 1
32 91 1
57 60 2
6 8 2
33 48 2
1 22 2
61 72 2
18 42 2
44 110 1
11 50 2
21 101 1
3 185 1
10 142 1
10 90 1
54 64 2
51 56 2
17 22 2
20 86 2
46 109 1
0 124 1
12 77 2
15 26 2
44 55 2
0 148 1
35 115 2
37 60 2
17 69 1
2 14 2
22 29 2
2 125 2
46 131 1
59 75 1
28 44 2
55 103 2
30 149 1
36 172 1
27 70 2
16 95 2
7 179 1
60 71 1
7 59 2
44 59 2
53 130 2
43 61 2
0 34 2
23 39 2
33 111 1
6 80 2
20 62 2
24 60 2
56 80 2
33 72 1
31 180 1
36 40 2
13 134 1
36 56 2
61 126 2
12 123 2
55 91 1
32 181 1
18 93 1
24 145 1
24 189 2
12 156 2
51 129 2
9 159 1
12 43 2
58 115 1
27 64 1
45 54 2
1 112 2
16 102 1
5 85 1
53 173 1
57 117 1
0 87 1
13 20 2
3 29 2
59 130 1
62 181 2
24 71 1
24 185 2
38 128 1
16 157 1
27 151 1
13 40 2
8 51 2
13 132 2
33 34 2
27 49 2
3 26 2
16 57 2
9 44 2
1 135 2
12 129 1
14 57 2
31 140 1
14 124 1
26 29 2
41 49 2
40 139 2
43 115 1
7 27 2
54 146 1
48 119 1
5 29 2
55 57 2
50 130 1
5 133 1
47 188 2
19 91 2
19 162 2
1 35 2
38 72 1
41 177 1
39 153 2
44 84 1
9 134 1
56 68 2
31 55 2
42 51 2
6 29 2
48 98 1
12 140 1
40 47 2
49 147 1
7 12 2
45 117 1
20 46 2
61 131 1
36 81 1
21 25 2
14 58 2
60 61 2
32 169 2
27 184 2
46 132 1
34 55 2
29 102 1
2 43 2
56 77 2
53 106 1
56 98 2
9 140 1
43 58 2
42 142 1
43 103 2
46 165 2
62 75 1
19 130 2
16 61 2
22 125 2
7 25 2
33 37 2
32 173 2
30 176 1
29 79 1
50 137 2
9 24 2
30 122 1
2 32 2
35 75 2
1 98 2
1 47 2
56 158 1
16 42 2
48 59 2
4 156 1
51 71 2
44 57 2
45 66 1
53 161 1
2 5 2
42 160 1
27 40 2
6 54 2
34 53 2
10 137 2
49 101 2
3 44 2
27 46 2
0 101 1
12 60 2
7 115 1
35 42 2
6 7 2
59 145 1
38 152 1
26 35 2
27 117 1
38 176 2
2 41 2
24 123 2
38 61 2
4 84 1
59 125 1
20 22 2
25 150 1
42 122 2
58 168 1
30 151 1
54 141 1
25 26 2
14 33 2
14 15 2
16 179 2
47 73 2
27 101 2
12 179 1
9 52 2
25 42 2
40 55 2
43 102 2
46 65 2
0 75 1
5 42 2
52 62 2
35 52 2
25 60 2
33 113 2
34 70 1
37 38 2
20 37 2
10 16 2
14 139 1
4 139 2
42 166 1
40 148 2
0 4 2
41 161 1
21 127 1
6 13 2
17 175 1
30 124 1
44 48 2
18 144 2
10 48 2
34 52 2
20 120 1
30 53 2
34 46 2
38 54 2
19 29 2
47 75 2
0 46 2
38 121 2
46 167 2
61 137 2
26 36 2
55 56 2
13 21 2
0 61 2
12 19 2
37 179 2
23 85 2
22 45 2
26 56 2
39 184 1
19 27 2
40 131 1
30 185 2
28 76 1
22 33 2
6 19 2
22 71 2
35 57 2
0 48 2
31 161 1
42 181 2
35 43 2
17 46 2
56 118 2
26 155 2
4 47 2
61 114 2
20 182 1
14 54 2
44 61 2
55 58 2
35 117 2
11 21 2
58 94 1
14 30 2
11 51 2
56 60 2
50 122 1
23 78 1
23 144 1
8 117 2
48 55 2
50 62 2
12 42 2
6 105 1
32 40 2
8 20 2
51 72 2
32 46 2
16 24 2
4 53 2
11 76 1
29 92 1
2 45 2
37 57 2
17 177 2
15 62 2
35 81 1
40 178 2
0 120 1
8 45 2
49 152 1
20 49 2
33 88 2
20 28 2
1 20 2
32 132 1
11 54 2
29 148 1
37 107 1
30 31 2
52 74 1
23 87 1
29 83 2
6 120 1
20 56 2
7 41 2
15 44 2
33 62 2
45 183 1
44 90 1
23 54 2
48 113 1
48 50 2
56 91 2
26 176 1
11 36 2
10 147 2
28 46 2
16 45 2
43 136 1
35 46 2
2 51 2
37 86 1
29 33 2
32 115 1
39 170 1
43 123 1
7 16 2
61 71 2
12 126 1
15 108 1
25 38 2
20 51 2
51 149 2
22 141 1
25 133 1
17 18 2
42 85 1
37 140 1
1 2 2
24 68 1
26 97 1
32 121 1
5 6 2
21 24 2
36 128 1
9 13 2
1 185 2
10 40 2
45 156 1
3 72 1
14 163 1
14 100 1
58 69 1
9 138 1
54 120 1
14 103 1
10 28 2
35 172 1
34 73 2
18 106 1
55 117 2
52 169 1
12 136 1
49 58 2
60 114 1
37 78 1
40 101 2
38 106 1
17 62 2
2 25 2
39 50 2
47 184 2
35 62 2
43 89 1
12 53 2
50 72 1
52 97 2
16 36 2
5 59 2
34 182 2
1 138 2
35 49 2
27 119 2
28 34 2
53 121 1
37 53 2
19 51 2
6 23 2
29 61 2
47 48 2
30 39 2
50 56 2
8 43 2
44 175 2
43 153 1
19 49 2
13 103 1
4 37 2
6 96 2
38 169 2
40 56 2
1 134 2
36 78 2
0 107 1
10 57 2
38 39 2
27 108 1
16 40 2
25 40 2
22 58 2
61 153 1
45 53 2
29 59 2
20 158 1
5 110 1
37 43 2
21 35 2
45 140 2
30 40 2
7 151 1
25 54 2
29 78 2
15 46 2
14 60 2
39 75 1
31 35 2
29 32 2
9 41 2
59 61 2
59 108 2
47 167 1
27 32 2
16 106 1
22 48 2
36 158 1
0 166 1
33 66 1
8 162 1
24 112 1
11 96 1
11 171 1
43 185 2
18 185 1
59 91 2
41 60 2
58 65 1
29 118 1
8 57 2
10 61 2
51 93 2
27 92 2
29 90 1
42 79 1
25 48 2
4 143 2
29 185 1
54 55 2
50 120 1
3 19 2
44 111 2
56 122 1
13 157 1
12 68 1
2 23 2
28 36 2
42 121 1
27 83 2
56 124 1
24 111 1
54 62 2
31 100 1
52 55 2
15 40 2
8 164 1
42 164 2
34 50 2
31 162 2
29 53 2
10 44 2
8 185 2
39 110 1
17 37 2
15 91 2
16 159 1
49 73 1
23 116 1
0 68 1
60 140 1
55 157 1
15 19 2
18 58 2
56 146 1
9 47 2
1 28 2
22 188 1
38 46 2
42 46 2
59 141 1
30 172 1
47 49 2
0 41 2
8 116 1
16 20 2
32 133 2
19 34 2
39 173 2
43 59 2
0 18 2
61 124 2
24 33 2
56 99 2
0 182 1
35 102 2
16 112 1
7 24 2
43 45 2
23 45 2
31 131 1
26 181 1
40 60 2
38 168 1
48 70 1
11 170 1
4 18 2
17 32 2
15 22 2
25 75 1
32 55 2
5 60 2
22 165 2
56 63 1
7 130 2
13 117 2
54 150 2
16 116 1
3 31 2
13 165 1
1 11 2
50 96 2
45 57 2
20 93 2
42 103 2
39 40 2
15 18 2
18 54 2
3 176 2
8 33 2
37 124 1
34 51 2
61 78 2
36 149 2
38 141 2
26 45 2
28 32 2
6 17 2
5 47 2
11 159 1
0 17 2
35 110 1
6 35 2
8 16 2
31 36 2
10 53 2
29 54 2
46 128 1
12 32 2
59 126 1
4 63 1
11 176 2
37 171 1
1 14 2
3 51 2
61 143 2
5 19 2
25 34 2
5 156 2
48 84 2
6 15 2
14 61 2
48 77 1
1 61 2
31 188 1
15 58 2
17 134 1
4 15 2
10 29 2
23 33 2
34 159 1
53 66 1
46 48 2
39 179 1
8 13 2
24 98 1
41 78 1
13 16 2
26 52 2
7 20 2
53 174 2
5 24 2
44 152 1
9 18 2
43 150 1
1 93 1
15 145 1
55 110 2
12 22 2
7 53 2
50 81 1
1 122 1
29 58 2
20 188 1
13 28 2
18 20 2
43 105 1
62 111 1
6 165 2
13 175 2
22 25 2
20 59 2
41 91 2
23 153 1
29 80 1
6 49 2
0 37 2
2 173 2
8 65 1
8 183 2
16 68 2
48 54 2
29 74 1
2 56 2
53 120 2
61 157 2
42 184 1
10 30 2
39 54 2
26 72 1
57 84 1
46 143 2
5 34 2
41 128 1
18 29 2
14 26 2
59 131 1
18 31 2
48 186 2
37 180 2
12 28 2
10 93 2
19 54 2
49 80 2
43 100 1
3 60 2
5 166 1
1 25 2
11 57 2
28 40 2
6 182 1
27 30 2
1 49 2
44 83 2
0 110 1
37 61 2
38 134 1
33 44 2
19 118 1
5 39 2
52 159 1
5 15 2
20 27 2
52 139 1
29 153 2
57 76 1
49 159 1
44 54 2
58 109 1
43 149 2
11 16 2
0 53 2
14 86 1
27 177 1
17 137 2
25 77 1
8 28 2
52 143 1
40 83 1
15 177 1
3 71 1
59 153 2
59 103 2
29 47 2
15 42 2
6 58 2
7 31 2
8 54 2
8 106 2
17 47 2
52 92 2
16 39 2
53 86 1
41 184 2
49 82 1
5 63 1
8 155 2
62 123 2
37 42 2
24 48 2
13 56 2
3 142 2
54 65 1
18 184 2
11 45 2
33 53 2
31 129 2
14 27 2
19 59 2
19 180 1
45 184 2
7 127 2
21 53 2
42 143 1
4 60 2
45 131 2
53 167 1
34 163 1
11 47 2
21 44 2
23 57 2
24 26 2
6 40 2
6 62 2
50 135 1
0 35 2
9 25 2
22 89 1
0 22 2
32 48 2
7 37 2
41 135 2
40 48 2
54 133 1
38 101 2
3 52 2
0 62 2
35 55 2
19 151 1
2 37 2
3 156 1
37 185 2
22 53 2
20 102 1
33 167 1
6 130 2
8 129 1
26 130 1
30 138 2
41 56 2
40 114 1
44 153 2
38 48 2
2 21 2
46 186 1
24 150 1
16 63 1
34 82 1
60 165 1
8 52 2
2 169 1
47 57 2
56 100 1
43 46 2
9 185 1
40 54 2
13 107 2
12 15 2
16 47 2
34 139 2
40 61 2
39 161 1
19 125 2
15 81 2
29 100 1
5 102 2
49 57 2
13 59 2
34 69 2
45 88 1
7 100 1
30 38 2
14 141 1
32 89 1
2 52 2
15 38 2
11 40 2
62 97 1
16 37 2
36 38 2
11 101 1
5 108 2
56 85 2
27 134 1
3 40 2
27 149 1
19 82 1
57 142 2
3 41 2
33 173 1
25 74 2
36 109 1
54 173 1
13 44 2
9 176 1
9 26 2
47 54 2
20 31 2
2 101 2
20 26 2
12 54 2
18 50 2
58 181 1
50 185 1
2 40 2
59 63 2
53 164 1
55 83 1
3 116 1
27 44 2
13 124 1
4 41 2
5 52 2
33 35 2
21 97 1
53 119 1
29 43 2
30 47 2
8 59 2
10 38 2
37 52 2
56 97 1
32 36 2
37 87 1
10 80 1
19 102 1
16 53 2
28 61 2
9 59 2
25 66 1
6 44 2
21 57 2
25 29 2
13 46 2
52 146 1
12 61 2
3 70 2
15 134 2
29 51 2
20 58 2
22 147 1
50 144 1
0 78 1
48 170 2
43 126 1
49 183 2
36 161 1
3 87 1
5 11 2
54 125 2
8 73 1
25 97 2
18 27 2
55 154 2
12 31 2
13 57 2
8 60 2
62 78 1
6 39 2
8 62 2
39 96 1
22 130 2
13 166 1
15 120 1
37 152 1
60 86 1
12 151 2
52 76 1
58 164 1
48 180 2
21 133 1
17 128 1
53 115 1
4 89 1
5 48 2
46 54 2
22 166 2
33 45 2
36 141 1
7 34 2
57 152 2
20 53 2
55 180 1
11 46 2
5 159 1
32 154 1
0 50 2
17 108 1
52 60 2
15 88 1
19 55 2
42 130 1
53 88 1
7 9 2
3 35 2
29 40 2
5 104 1
37 44 2
57 158 1
57 107 2
13 135 1
22 119 2
54 149 1
42 96 1
5 25 2
60 108 2
27 100 1
33 102 1
20 63 1
49 131 1
53 54 2
13 35 2
23 134 2
8 18 2
11 61 2
4 135 2
19 117 1
32 38 2
45 127 1
61 70 1
55 81 2
13 52 2
9 81 2
22 55 2
11 49 2
54 60 2
24 188 1
13 138 1
17 27 2
11 38 2
18 88 1
59 101 2
1 87 1
56 188 1
42 83 1
17 39 2
59 96 1
22 72 1
11 161 1
24 183 1
37 75 1
4 76 1
61 123 1
19 70 1
4 103 1
12 37 2
48 153 1
19 72 1
31 43 2
14 87 1
22 51 2
26 60 2
3 99 1
17 164 1
39 48 2
14 59 2
7 26 2
19 184 2
10 23 2
44 46 2
34 42 2
23 29 2
27 31 2
38 56 2
9 45 2
26 46 2
6 183 1
2 8 2
10 83 1
49 52 2
23 163 1
25 64 1
56 57 2
3 171 1
22 60 2
49 160 2
41 178 2
34 38 2
1 31 2
3 59 2
61 98 1
51 53 2
58 86 2
27 98 2
18 25 2
12 30 2
1 36 2
24 35 2
8 30 2
12 14 2
43 137 2
3 43 2
1 158 1
38 59 2
21 146 1
42 59 2
19 67 1
28 56 2
31 34 2
17 41 2
24 41 2
18 103 1
35 70 1
1 74 2
44 56 2
49 56 2
7 44 2
31 159 2
33 83 1
13 88 2
50 151 1
10 174 2
18 40 2
37 162 1
10 168 1
1 48 2
13 48 2
7 60 2
24 171 1
6 57 2
11 44 2
22 115 1
26 143 1
36 46 2
3 159 2
14 80 1
58 68 2
54 93 1
41 149 1
16 58 2
9 165 2
49 97 1
5 57 2
24 59 2
30 164 1
15 78 1
43 47 2
53 171 2
62 145 2
1 45 2
21 61 2
60 122 2
29 30 2
26 34 2
15 132 2
0 60 2
45 64 1
24 28 2
4 57 2
41 75 1
27 34 2
19 133 1
15 97 2
40 99 1
51 162 1
17 139 1
53 80 2
49 89 1
29 130 1
23 187 1
20 57 2
32 42 2
61 147 1
42 188 1
55 162 1
41 167 1
6 34 2
19 32 2
20 79 2
40 72 1
38 99 2
4 11 2
0 85 1
10 17 2
46 150 1
25 44 2
41 168 1
9 38 2
17 129 2
16 144 1
53 58 2
52 140 2
15 24 2
33 134 1
15 74 2
25 46 2
1 115 1
21 158 1
33 59 2
19 178 2
6 52 2
10 46 2
24 100 2
13 118 1
23 59 2
14 88 1
53 57 2
6 37 2
14 44 2
11 56 2
31 114 1
22 59 2
7 52 2
21 59 2
2 183 1
62 177 1
29 70 2
41 69 2
0 143 1
33 82 2
59 80 1
4 91 1
10 149 1
43 118 2
3 186 1
49 94 2
7 122 1
18 67 1
22 34 2
30 180 1
0 36 2
51 52 2
29 76 1
42 55 2
55 124 1
6 72 2
45 51 2
20 144 1
14 84 1
43 48 2
23 53 2
43 162 2
37 169 1
13 41 2
16 100 2
36 48 2
29 116 2
14 179 1
13 77 1
1 37 2
16 50 2
25 166 1
56 117 1
0 181 2
52 151 2
50 154 2
19 58 2
17 94 1
24 46 2
28 57 2
7 58 2
21 58 2
26 44 2
22 39 2
15 20 2
21 45 2
4 51 2
19 23 2
52 57 2
48 85 1
5 13 2
8 40 2
60 92 2
10 188 2
29 75 1
45 159 2
15 29 2
16 17 2
32 43 2
10 42 2
33 36 2
25 140 1
30 56 2
38 92 1
53 176 1
24 40 2
30 46 2
4 35 2
8 98 1
16 65 1
24 50 2
19 53 2
5 40 2
42 74 1
15 34 2
36 79 2
17 28 2
1 117 1
42 89 1
24 128 1
5 125 1
8 50 2
0 136 2
0 144 1
29 144 1
47 154 1
6 45 2
9 37 2
25 132 1
19 43 2
33 74 2
31 45 2
13 177 1
46 50 2
4 56 2
8 39 2
5 174 2
36 55 2
9 39 2
8 130 2
1 81 1
3 124 2
20 165 1
54 61 2
40 84 1
7 36 2
48 57 2
26 177 2
49 102 1
54 71 1
43 106 1
22 76 2
39 41 2
57 157 2
0 32 2
35 38 2
10 108 2
21 51 2
12 108 1
3 36 2
21 34 2
21 54 2
22 183 2
57 188 1
31 158 1
30 41 2
19 148 2
18 39 2
2 12 2
7 86 1
9 92 2
57 85 1
19 113 2
26 43 2
60 64 2
6 55 2
43 52 2
22 61 2
27 178 1
21 62 2
6 14 2
61 181 2
23 56 2
13 31 2
37 174 1
24 143 2
39 117 1
33 158 1
2 33 2
7 15 2
19 30 2
58 60 2
6 20 2
4 184 2
36 39 2
16 151 1
57 101 1
16 34 2
3 20 2
25 49 2
43 140 2
25 108 1
28 60 2
21 83 1
8 79 1
57 179 2
46 153 2
35 140 2
45 50 2
11 180 2
3 188 2
35 113 2
56 61 2
43 179 1
52 162 2
59 132 1
45 47 2
19 45 2
60 159 2
47 115 1
26 109 1
20 116 2
43 107 2
16 169 2
12 110 1
24 36 2
8 173 1
17 30 2
29 115 1
3 147 1
15 151 1
27 159 1
8 37 2
10 121 1
29 45 2
17 59 2
27 90 2
4 110 1
25 59 2
0 89 1
60 180 2
30 37 2
6 104 2
29 147 2
48 61 2
36 112 2
3 12 2
36 168 1
30 42 2
20 41 2
50 177 1
49 99 1
4 62 2
4 28 2
34 110 1
48 149 1
15 85 1
36 44 2
1 123 2
40 43 2
41 47 2
13 54 2
29 50 2
39 62 2
24 162 1
20 159 1
24 106 1
35 107 1
23 62 2
48 109 1
31 83 2
28 59 2
29 48 2
2 11 2
25 145 1
1 30 2
56 130 2
27 53 2
10 165 1
42 64 1
47 107 1
28 31 2
41 175 1
20 172 2
0 141 1
22 50 2
26 159 2
49 75 1
25 86 1
18 95 1
18 28 2
10 62 2
41 55 2
22 161 1
5 35 2
5 96 2
57 87 1
49 128 1
8 61 2
51 169 1
3 117 2
2 55 2
42 54 2
26 134 1
17 151 1
5 83 1
20 153 1
14 52 2
40 161 1
45 68 1
43 98 2
50 52 2
36 162 2
16 76 2
35 138 1
28 170 1
22 109 1
25 55 2
41 125 2
53 163 2
11 17 2
33 115 1
57 92 2
27 33 2
6 18 2
19 61 2
51 63 2
26 48 2
7 160 1
17 34 2
8 11 2
10 45 2
38 97 2
30 52 2
48 87 1
48 56 2
3 38 2
46 141 1
26 173 1
38 143 2
52 119 1
53 62 2
11 52 2
11 24 2
7 21 2
27 36 2
22 24 2
52 126 1
3 27 2
10 11 2
13 53 2
61 68 2
23 126 1
0 8 2
41 176 1
7 32 2
52 105 1
30 146 1
12 36 2
51 67 1
12 175 1
23 25 2
28 50 2
12 50 2
45 139 1
30 116 2
9 183 1
7 47 2
41 129 2
21 49 2
51 137 2
3 16 2
46 178 2
33 56 2
1 127 2
34 61 2
5 46 2
46 90 2
38 45 2
55 125 1
42 136 1
20 23 2
8 47 2
25 31 2
5 140 1
2 28 2
11 141 2
37 175 2
38 179 1
62 150 1
48 158 1
25 58 2
9 62 2
15 31 2
12 20 2
11 128 1
51 70 2
7 14 2
31 153 2
22 133 2
35 82 1
38 58 2
30 90 1
28 45 2
43 172 1
22 40 2
36 88 2
28 94 1
31 62 2
29 162 1
16 188 1
49 72 1
35 41 2
21 125 1
10 22 2
0 38 2
31 33 2
15 135 1
37 186 1
48 53 2
14 35 2
10 178 1
15 49 2
8 53 2
41 101 1
50 105 1
33 51 2
21 122 2
46 47 2
8 29 2
13 15 2
60 74 1
42 139 2
9 32 2
0 40 2
45 168 1
52 109 1
18 131 2
35 120 1
41 187 2
14 166 1
34 98 1
11 106 1
20 140 2
20 189 2
19 124 1
15 57 2
18 56 2
56 62 2
37 56 2
15 30 2
42 68 2
26 37 2
41 52 2
6 98 1
62 138 1
30 147 1
51 60 2
36 113 1
36 49 2
17 93 1
5 88 1
32 75 1
34 187 2
24 31 2
11 23 2
0 116 2
35 65 1
29 56 2
9 188 1
30 98 1
37 39 2
6 70 1
46 170 1
9 54 2
16 51 2
42 157 1
28 104 2
52 128 1
19 188 2
23 52 2
0 31 2
7 54 2
13 47 2
22 107 2
11 53 2
19 48 2
51 111 1
56 144 1
50 107 1
22 43 2
13 98 2
1 178 2
38 49 2
53 81 1
31 119 2
4 105 1
28 88 1
36 108 2
17 92 1
31 60 2
7 128 2
1 186 2
8 97 1
9 116 2
29 117 1
7 62 2
14 43 2
6 168 1
25 73 1
11 58 2
22 44 2
57 174 2
3 10 2
37 108 2
51 54 2
10 66 2
17 19 2
8 14 2
53 134 2
39 98 1
14 129 1
54 58 2
5 49 2
25 136 1
22 32 2
43 73 1
10 55 2
45 147 1
6 102 1
33 160 1
56 113 1
45 70 1
42 144 2
24 147 2
27 85 2
13 39 2
6 28 2
14 55 2
59 107 2
0 2 2
33 40 2
62 161 1
15 16 2
56 127 1
26 169 1
55 59 2
3 57 2
3 32 2
57 69 1
61 105 1
15 27 2
56 92 2
36 123 1
46 73 1
47 128 2
30 59 2
16 56 2
12 46 2
30 33 2
31 108 1
13 83 1
16 131 2
15 25 2
45 103 2
25 43 2
28 58 2
32 143 1
10 58 2
31 70 2
11 20 2
12 16 2
58 159 2
12 75 1
34 43 2
21 29 2
37 177 1
49 118 1
16 38 2
30 112 1
35 167 1
17 23 2
55 78 1
53 56 2
28 145 2
33 41 2
14 29 2
56 157 1
29 36 2
47 61 2
12 18 2
50 101 1
3 136 2
27 182 1
21 55 2
9 12 2
5 44 2
45 138 1
11 68 2
17 33 2
32 58 2
42 179 1
29 158 1
11 30 2
46 53 2
20 61 2
3 34 2
30 111 1
58 163 1
41 61 2
0 27 2
54 145 2
0 88 2
15 45 2
30 89 2
13 51 2
37 165 1
12 44 2
37 89 1
36 140 1
7 131 1
24 27 2
2 50 2
9 117 1
7 35 2
54 169 1
23 127 2
54 66 1
14 37 2
8 23 2
3 49 2
48 99 1
30 135 1
14 50 2
40 117 1
52 54 2
13 110 1
3 5 2
10 189 1
23 185 2
38 116 1
29 138 2
60 68 1
26 30 2
44 65 1
16 54 2
30 32 2
40 44 2
36 54 2
15 162 1
50 183 1
28 68 1
26 187 1
35 91 2
26 65 2
45 99 1
1 33 2
41 163 1
25 69 2
4 114 2
44 178 1
7 57 2
33 60 2
11 168 1
26 61 2
3 179 1
10 130 1
40 181 1
44 60 2
44 156 1
43 171 1
34 39 2
42 48 2
45 144 1
50 79 1
55 131 2
2 113 2
13 158 1
10 76 1
7 29 2
28 99 2
61 162 1
38 57 2
0 33 2
3 85 1
28 139 2
49 145 1
34 113 1
6 11 2
5 91 2
14 40 2
37 168 2
51 100 1
51 104 1
33 172 1
3 65 2
7 70 2
41 51 2
54 82 1
11 43 2
9 49 2
14 146 2
26 139 2
9 28 2
6 137 1
5 55 2
62 135 1
16 22 2
23 44 2
38 156 1
19 40 2
48 58 2
10 51 2
51 139 1
34 136 1
45 133 1
42 58 2
21 84 1
9 100 1
60 102 1
20 90 2
5 26 2
16 32 2
46 55 2
59 118 1
50 75 1
52 59 2
11 32 2
7 23 2
25 50 2
10 102 2
46 142 2
32 56 2
9 135 2
3 173 1
39 45 2
37 74 1
18 41 2
39 172 1
1 12 2
2 54 2
2 132 1
53 111 1
49 50 2
32 162 1
22 180 2
13 27 2
38 166 2
14 53 2
29 133 2
32 57 2
28 52 2
62 165 1
0 159 1
19 38 2
16 29 2
44 100 1
59 93 2
14 47 2
12 122 2
12 29 2
43 51 2
9 48 2
7 22 2
61 151 1
9 180 2
13 66 1
49 51 2
10 136 1
18 170 2
53 189 2
16 91 2
24 34 2
4 150 1
53 79 1
12 106 1
28 69 2
35 51 2
30 43 2
33 156 1
18 19 2
36 189 1
24 119 2
26 99 1
55 170 1
29 52 2
14 51 2
38 60 2
42 138 1
54 179 1
52 172 2
27 104 1
2 166 1
44 132 1
51 189 1
35 131 1
16 152 2
32 33 2
26 90 1
39 99 1
1 46 2
30 66 1
11 62 2
47 86 1
25 169 1
21 38 2
38 55 2
0 19 2
23 36 2
35 48 2
26 28 2
9 31 2
2 15 2
14 23 2
18 77 2
26 54 2
25 33 2
19 185 1
10 70 1
50 117 1
8 148 1
37 178 1
54 137 1
13 153 1
21 138 1
28 37 2
31 98 1
8 144 1
52 100 1
23 32 2
11 26 2
11 13 2
13 145 2
47 50 2
4 45 2
3 152 2
7 175 2
42 111 2
32 188 2
12 38 2
38 133 2
20 187 1
54 167 1
12 51 2
41 114 1
9 158 1
17 45 2
50 163 1
17 112 1
20 33 2
15 175 2
17 26 2
44 142 2
45 162 1
4 66 1
16 149 2
38 41 2
25 142 1
13 30 2
56 170 2
11 28 2
18 34 2
3 46 2
1 69 2
37 172 1
19 28 2
54 96 1
26 49 2
40 171 1
24 58 2
48 60 2
37 99 2
4 29 2
59 147 1
7 146 1
30 61 2
33 155 2
15 32 2
2 44 2
40 49 2
43 111 1
5 162 1
4 59 2
27 113 2
2 20 2
25 35 2
29 163 2
6 36 2
18 53 2
26 126 1
18 116 2
9 42 2
2 82 1
26 76 2
24 110 1
16 156 2
53 147 1
9 150 1
23 178 1
22 94 1
10 95 1
44 170 1
17 149 1
24 103 2
28 175 1
9 143 1
24 142 2
29 182 1
48 68 1
5 163 2
30 85 2
4 58 2
31 58 2
32 135 1
41 131 1
0 153 1
41 50 2
38 142 2
4 132 2
43 80 2
51 115 1
32 44 2
51 59 2
47 88 1
13 43 2
6 151 1
1 77 2
3 55 2
34 49 2
14 21 2
16 23 2
2 58 2
16 33 2
4 9 2
26 42 2
26 38 2
22 143 1
34 64 1
19 52 2
6 123 1
0 51 2
6 32 2
56 59 2
45 69 1
33 54 2
39 60 2
48 184 2
3 56 2
1 62 2
4 174 2
16 123 2
3 58 2
51 133 1
36 143 1
14 28 2
3 144 1
20 30 2
12 45 2
6 157 1
5 167 1
1 168 2
15 156 1
26 39 2
41 54 2
5 8 2
10 15 2
7 51 2
21 47 2
12 34 2
22 149 1
2 60 2
3 69 1
16 99 1
57 182 2
48 80 2
11 33 2
15 28 2
12 134 1
35 160 1
17 36 2
6 132 1
20 39 2
12 87 1
9 58 2
19 50 2
6 138 1
24 55 2
13 149 1
40 179 1
14 74 1
1 91 1
56 134 1
57 79 2
40 116 2
12 17 2
55 96 1
6 47 2
61 69 1
28 118 1
9 60 2
35 47 2
57 78 1
10 14 2
0 25 2
6 86 1
25 184 1
18 36 2
11 164 2
41 144 1
52 160 1
33 148 1
2 68 2
22 162 1
15 141 2
35 101 1
0 142 1
44 145 1
14 174 1
43 93 1
10 52 2
14 24 2
27 56 2
47 182 2
25 106 1
1 38 2
13 62 2
0 57 2
37 50 2
38 42 2
25 152 2
24 159 1
30 179 1
45 189 1
18 61 2
39 91 2
43 56 2
53 185 1
22 57 2
6 107 1
14 36 2
14 115 1
26 32 2
52 56 2
46 173 2
22 120 1
28 43 2
3 145 2
28 85 1
1 54 2
47 117 1
1 10 2
4 151 1
6 133 1
53 143 1
0 15 2
11 19 2
3 17 2
44 104 1
25 164 1
13 29 2
44 133 2
28 123 1
3 104 1
27 43 2
36 136 2
0 7 2
46 80 1
47 152 2
13 50 2
36 74 2
28 86 1
31 76 1
14 144 1
3 30 2
59 167 1
1 154 2
54 182 2
17 173 1
18 130 1
37 109 1
2 53 2
36 80 1
17 25 2
32 53 2
28 90 2
27 48 2
22 49 2
33 57 2
36 43 2
54 117 1
30 36 2
55 113 1
41 58 2
56 120 2
52 66 2
12 169 2
49 165 2
42 61 2
10 128 1
5 38 2
1 155 1
23 103 1
8 63 2
48 134 1
59 62 2
40 183 2
14 118 2
43 142 1
18 102 1
55 61 2
5 10 2
17 88 1
20 87 2
8 76 2
38 147 1
22 28 2
33 70 1
61 134 2
9 97 1
20 55 2
17 51 2
6 12 2
3 149 1
19 24 2
6 155 1
6 118 2
35 166 2
21 65 2
44 52 2
57 159 1
18 165 1
23 119 1
4 113 1
56 135 2
50 112 1
44 49 2
16 128 1
29 164 1
13 64 1
33 90 2
23 73 2
47 55 2
23 67 1
20 155 1
9 40 2
30 84 1
28 91 1
3 13 2
29 39 2
15 35 2
25 127 1
32 84 1
19 69 1
8 31 2
13 33 2
35 177 2
52 58 2
52 95 2
51 171 2
61 64 2
62 110 2
46 180 2
59 112 1
42 146 2
22 174 1
32 62 2
1 108 2
20 163 1
1 140 1
53 59 2
7 56 2
0 73 1
19 128 1
34 92 1
26 50 2
36 41 2
19 25 2
9 17 2
51 187 1
16 19 2
19 156 2
12 168 1
32 47 2
42 56 2
28 188 2
43 183 1
1 51 2
31 128 1
19 186 1
15 136 1
58 67 1
1 16 2
4 176 2
0 175 2
15 33 2
8 122 1
13 17 2
62 130 2
19 35 2
39 58 2
9 34 2
45 78 1
7 28 2
49 170 1
62 84 1
2 27 2
22 38 2
4 127 1
17 38 2
30 80 1
26 165 1
15 59 2
3 169 2
35 39 2
7 132 2
14 177 1
16 52 2
46 77 1
23 28 2
5 12 2
10 34 2
40 174 1
14 39 2
29 131 1
14 96 1
24 45 2
9 55 2
39 97 2
42 53 2
42 71 2
12 21 2
5 21 2
22 52 2
43 91 1
13 80 2
31 150 1
5 148 2
7 134 1
37 47 2
48 137 1
49 167 1
9 179 1
26 91 2
3 9 2
1 55 2
27 142 1
25 144 1
0 13 2
5 56 2
3 181 1
14 16 2
11 67 2
55 134 1
43 161 2
18 94 1
40 136 1
0 12 2
1 40 2
12 113 1
56 187 1
5 84 1
35 186 2
36 37 2
15 107 1
59 149 2
50 51 2
47 179 1
12 78 1
49 84 1
26 166 2
7 42 2
44 74 1
47 162 1
9 77 1
35 111 2
5 53 2
43 57 2
17 48 2
35 61 2
26 47 2
12 67 2
2 107 1
59 84 1
1 24 2
14 20 2
17 40 2
24 47 2
59 140 2
51 58 2
0 26 2
38 47 2
5 68 1
10 24 2
52 127 2
58 61 2
1 50 2
1 7 2
0 28 2
11 34 2
42 97 1
40 71 1
20 43 2
38 170 2
6 117 1
34 41 2
3 4 2
56 163 1
44 72 2
6 43 2
39 107 1
60 188 1
13 42 2
0 59 2
0 54 2
26 132 1
14 149 1
16 139 1
37 40 2
7 178 1
39 88 1
6 41 2
28 48 2
10 112 1
45 98 2
10 49 2
50 164 1
29 35 2
3 39 2
13 19 2
27 170 2
9 20 2
24 179 1
44 120 1
28 30 2
61 77 1
15 47 2
59 60 2
20 94 2
19 76 1
8 15 2
14 46 2
0 20 2
34 60 2
0 183 1
30 125 1
15 158 1
62 101 1
10 39 2
26 59 2
33 46 2
61 65 2
23 70 1
38 40 2
48 187 2
25 114 1
4 20 2
4 40 2
54 91 1
40 135 2
28 54 2
4 33 2
41 42 2
0 3 2
37 51 2
2 49 2
35 124 2
49 144 2
53 124 1
6 25 1
4 144 1
93 135 1
10 18 1
29 46 1
36 176 1
7 40 1
124 151 2
30 126 2
20 160 2
27 41 1
5 150 2
43 49 1
1 18 1
60 94 1
51 176 2
77 160 2
94 176 2
59 162 1
20 36 1
27 160 1
96 129 2
46 60 1
12 49 1
64 180 1
13 14 1
92 162 1
39 150 2
16 35 1
2 31 1
15 94 1
