% n=60 p=33 d=0.66 p_blue=0.66
% k=0
16 35 1
15 27 1
14 25 2
0 50 2
12 33 2
3 15 2
4 10 2
15 32 1
0 38 2
15 21 1
13 22 1
3 30 2
3 39 2
15 47 1
19 43 2
14 35 2
8 54 2
18 48 1
18 46 2
8 34 2
13 53 1
15 57 2
9 57 1
13 36 2
1 19 2
9 37 1
16 25 1
7 39 1
9 32 2
12 32 1
1 2 2
1 56 2
10 52 2
2 36 1
5 32 1
3 17 2
1 29 1
8 13 2
18 23 2
4 21 2
8 55 2
5 26 1
11 59 1
11 16 2
9 19 2
18 59 2
0 20 2
5 48 2
10 37 2
10 13 2
4 35 1
2 24 2
19 51 2
10 44 1
10 39 2
12 24 1
17 52 2
5 25 2
2 23 2
9 38 2
10 51 2
4 56 2
5 38 1
6 34 1
1 36 2
10 54 1
7 11 2
12 50 2
8 16 2
6 56 1
10 16 2
11 13 2
7 28 2
5 45 2
1 10 2
4 26 2
16 23 2
13 46 1
12 44 2
5 21 2
19 50 2
7 27 2
5 53 1
13 32 1
14 42 2
12 20 2
6 58 1
14 27 2
16 30 2
7 57 1
16 53 2
2 44 2
5 14 2
6 43 1
14 37 1
3 29 1
9 11 2
17 40 1
13 55 1
12 45 1
10 38 1
6 19 2
17 50 2
7 48 2
9 14 2
8 10 2
13 14 2
1 17 2
3 47 2
4 16 2
1 4 2
13 24 1
4 55 2
4 18 2
11 35 2
4 27 2
1 24 1
5 23 1
10 47 1
2 50 2
2 20 2
19 22 2
14 59 2
8 23 2
18 44 2
14 21 2
18 34 2
14 40 1
0 16 2
1 53 2
11 34 2
8 56 2
18 29 2
0 30 2
18 41 2
16 40 2
19 23 2
12 17 2
2 25 1
17 27 2
10 53 2
1 3 2
10 28 2
14 47 2
1 9 2
12 21 1
3 28 1
6 32 1
14 39 2
8 11 2
16 49 1
9 45 2
9 16 2
7 37 2
4 40 2
8 42 1
8 17 2
4 11 2
0 43 1
7 9 2
3 26 2
10 43 2
3 46 2
19 32 2
3 36 1
13 41 1
10 27 1
4 8 2
11 31 1
0 39 1
12 37 2
19 37 1
17 25 2
17 46 1
5 22 1
15 39 2
5 34 2
13 51 2
12 14 2
12 41 1
7 34 2
1 7 2
4 13 2
18 54 2
5 51 1
3 51 2
15 38 1
10 26 2
7 17 2
0 55 2
3 16 2
5 46 2
8 9 2
10 17 2
13 49 1
1 5 2
11 37 2
17 24 1
18 55 2
8 24 2
0 1 2
0 56 2
9 58 1
6 15 2
8 41 2
11 41 2
9 43 2
10 15 2
3 41 2
18 35 1
2 51 1
0 3 2
12 36 1
14 38 1
12 49 2
4 59 1
15 23 1
9 51 1
5 11 2
17 41 2
5 6 2
2 5 2
6 18 2
12 15 2
3 49 1
6 25 2
9 49 2
19 30 2
15 50 2
9 15 2
13 34 2
17 56 2
14 16 2
6 41 2
15 44 2
13 56 2
18 45 1
0 2 2
18 39 2
4 32 2
13 30 2
13 17 2
7 31 2
8 20 2
15 56 1
10 59 2
15 52 2
19 27 2
4 6 2
5 12 2
19 45 2
15 17 2
10 34 2
14 19 2
4 53 1
9 44 2
14 31 2
10 19 2
6 22 1
6 14 2
12 16 2
8 27 2
4 37 2
19 54 2
0 4 2
13 20 2
2 54 2
2 21 2
7 14 2
6 10 2
10 31 2
15 37 1
18 49 2
2 57 2
2 45 2
14 33 1
1 46 2
3 50 2
12 35 2
7 44 2
5 24 2
12 55 2
1 37 2
10 48 1
10 14 2
12 52 2
1 15 2
7 35 2
16 45 2
7 42 2
19 41 2
4 34 1
16 37 2
0 27 2
4 31 2
7 58 2
16 43 1
7 38 2
2 13 2
9 31 2
0 9 2
17 20 2
1 22 2
1 44 2
0 19 2
6 44 1
11 15 2
2 22 2
11 28 1
19 48 2
7 54 2
9 55 2
2 11 2
12 30 2
17 55 2
3 13 2
4 29 2
19 40 2
11 14 2
18 37 1
13 26 2
1 26 2
14 18 2
17 28 2
0 33 2
3 37 2
11 32 2
11 57 2
8 38 2
1 14 2
3 8 2
8 22 2
0 59 1
3 9 2
9 47 2
0 14 2
1 51 2
15 29 2
12 27 2
7 15 2
14 43 1
14 28 2
9 35 1
3 20 2
7 26 2
15 34 2
10 32 2
11 38 1
5 30 2
15 46 1
2 43 1
8 50 2
4 28 2
12 47 1
2 38 2
16 18 2
9 25 1
16 17 2
13 28 2
15 25 1
1 59 1
18 52 2
12 39 2
2 27 2
3 53 1
16 41 2
4 19 2
12 56 2
4 50 2
2 4 2
2 7 2
14 46 1
13 15 2
16 38 2
9 10 2
8 43 2
11 17 2
0 8 2
11 56 2
0 17 2
7 49 2
11 55 2
11 27 2
11 23 1
11 22 1
10 56 2
18 40 2
18 58 1
0 13 2
14 45 2
19 28 2
1 13 2
0 12 2
7 53 1
6 36 1
14 44 1
2 29 2
19 39 2
5 31 2
2 58 2
2 19 2
12 13 2
11 42 2
3 58 2
3 6 2
12 59 1
10 41 2
14 24 2
10 42 1
2 37 2
15 43 2
2 42 1
3 27 2
3 11 2
16 42 2
4 47 2
1 30 2
15 45 1
8 46 2
5 49 1
0 21 2
3 4 2
6 17 2
19 47 2
14 54 1
15 41 1
9 24 2
8 49 1
9 23 2
5 9 2
6 13 2
13 16 2
12 34 1
13 44 2
0 7 2
0 52 2
16 59 1
5 57 2
3 21 1
2 47 2
11 19 2
4 51 1
3 33 1
1 58 2
10 50 2
4 20 1
7 19 2
5 50 2
13 43 1
3 5 2
19 46 1
0 5 2
15 51 2
3 12 2
6 30 2
9 30 2
8 19 2
4 14 2
7 45 2
7 51 1
15 19 2
1 41 2
3 7 2
14 22 1
0 10 2
8 21 2
5 39 2
8 14 2
4 45 2
15 28 2
10 58 2
1 48 2
4 23 1
7 21 2
13 39 2
9 34 1
15 24 1
9 41 2
9 17 2
1 45 2
10 29 2
6 8 2
6 9 2
5 19 2
0 6 2
15 36 2
2 12 2
8 12 2
18 27 2
13 57 2
12 40 2
14 15 2
6 24 1
19 33 2
16 57 2
4 33 2
6 53 2
5 42 2
4 58 2
4 9 2
7 8 2
6 47 2
5 44 2
14 55 1
1 23 2
11 12 2
17 48 1
19 24 2
1 16 2
19 55 2
9 26 2
11 48 2
5 29 2
13 40 2
17 44 2
11 43 1
2 16 2
6 51 2
5 43 1
13 52 2
0 40 1
4 15 2
17 36 2
17 18 2
9 13 2
9 18 2
4 24 1
9 48 2
12 26 2
17 47 2
9 12 2
0 15 2
18 30 2
2 9 2
8 48 2
13 42 1
16 55 2
6 54 2
6 7 2
3 14 2
15 59 2
14 51 2
2 3 2
14 29 2
4 36 1
10 12 2
4 17 2
11 51 1
8 59 2
5 18 2
0 25 2
16 24 2
19 26 1
16 31 2
2 39 1
0 22 2
18 43 1
18 56 2
11 18 2
18 38 1
15 16 2
14 56 2
16 34 2
7 43 2
0 23 1
15 18 2
12 58 1
4 7 2
1 49 2
10 49 2
5 52 2
16 19 2
11 39 2
18 28 2
4 41 1
3 10 2
2 15 2
4 46 2
17 26 1
5 13 2
7 25 2
17 34 1
18 32 2
10 40 2
7 10 2
17 43 2
12 57 2
8 15 2
0 42 1
7 29 1
2 6 2
6 55 1
0 44 2
8 47 2
8 30 2
0 18 2
16 58 2
5 40 2
7 33 2
14 32 1
2 33 2
2 28 2
12 54 2
14 34 1
2 17 2
17 54 1
0 35 1
9 50 2
3 43 1
9 29 2
11 45 2
7 30 1
0 58 1
4 25 1
10 25 2
8 26 2
4 12 2
6 23 2
4 44 2
12 43 2
18 53 1
18 24 1
6 57 1
10 20 2
16 29 1
2 10 2
11 49 2
0 49 2
13 18 2
17 37 2
8 51 1
18 20 2
15 40 2
3 32 1
12 22 2
11 24 1
17 51 1
19 21 2
8 25 2
2 35 2
4 42 2
7 13 2
1 21 2
6 46 1
2 8 2
3 40 1
0 24 2
15 58 2
9 33 2
3 19 2
7 24 2
15 42 1
10 22 2
0 45 2
2 41 2
0 51 2
15 26 2
12 53 2
0 11 2
7 16 2
5 7 2
7 12 2
1 18 2
17 49 2
12 31 2
5 15 2
1 55 1
11 44 2
17 59 1
6 29 2
5 16 2
8 37 2
0 28 2
8 29 2
6 33 2
1 6 2
12 19 2
6 16 2
8 18 2
12 18 2
8 36 2
2 31 2
4 22 2
0 47 2
7 55 2
7 46 1
8 44 2
2 52 2
2 34 1
1 27 1
11 33 2
3 42 1
7 36 1
14 58 1
0 26 1
5 58 2
5 37 2
1 25 2
13 58 2
5 8 2
6 11 2
19 44 1
13 29 1
9 27 1
7 18 1
14 36 2
19 25 2
4 5 1
13 25 2
1 11 1
27 33 1
14 57 2
18 33 2
6 27 1
11 52 2
9 59 1
2 14 1
33 39 2
33 52 1
18 19 1
6 50 2
15 33 1
1 12 1
19 57 2
13 35 2
16 50 1
4 52 1
10 36 1
16 32 2
1 39 1
16 52 1
3 18 1
