% n=200 p=33 d=0.66 p_blue=0.66
% k=0
52 71 2
29 194 1
41 59 2
11 142 2
12 70 2
32 85 2
38 123 1
31 100 2
24 150 2
1 188 2
4 55 2
10 42 2
9 79 1
55 65 2
9 181 2
47 77 1
34 48 2
12 195 2
27 188 1
26 167 1
32 33 2
39 179 2
5 80 2
22 114 1
64 93 1
43 175 2
31 66 1
19 61 2
43 128 2
53 115 2
10 19 2
9 42 2
32 149 2
38 62 2
7 86 2
49 66 2
1 35 2
22 131 2
46 169 2
4 61 2
16 34 2
46 86 2
46 84 2
23 130 1
21 44 2
39 117 2
7 42 2
40 165 1
24 70 1
6 35 2
32 194 2
6 110 2
23 199 2
15 41 2
17 178 2
17 99 1
14 122 1
55 162 1
64 172 2
39 130 2
43 121 2
19 124 2
21 23 2
61 65 2
21 56 2
42 53 2
9 147 2
29 35 2
12 91 1
40 64 2
9 94 2
55 157 1
54 180 2
57 147 1
60 195 2
19 105 2
38 180 1
38 197 2
5 96 2
28 44 2
19 188 2
13 27 2
53 164 1
11 22 2
34 174 1
1 13 2
6 184 1
15 51 2
9 138 2
34 148 2
64 86 1
37 157 1
4 142 1
16 47 2
26 44 2
25 107 2
45 189 2
47 82 2
2 20 2
10 137 1
17 193 1
8 137 2
42 44 2
33 65 2
17 59 2
5 32 2
20 34 2
22 65 2
32 182 1
38 68 2
2 54 2
11 31 2
50 76 2
3 31 2
10 122 2
10 43 2
38 181 2
64 130 2
55 60 2
44 144 1
15 63 2
16 104 2
61 192 1
11 87 1
14 178 1
19 88 2
9 173 2
40 77 2
58 101 2
18 126 2
9 27 2
62 72 2
33 121 2
6 12 2
58 87 2
45 169 1
21 39 2
35 164 2
32 38 2
12 47 2
9 193 1
39 104 1
50 88 1
55 116 2
10 44 2
58 103 2
46 164 2
4 138 2
36 167 1
41 66 2
39 60 2
56 132 2
12 26 2
28 171 2
28 188 2
21 30 2
21 116 2
49 92 1
40 134 1
42 88 1
29 171 1
47 125 1
3 23 2
3 151 1
63 146 2
25 53 2
19 101 2
35 48 2
24 73 1
5 81 2
36 127 1
64 189 2
2 66 1
62 97 1
49 166 2
11 101 2
19 163 1
45 183 2
35 41 2
29 82 1
23 162 1
41 114 1
62 177 2
56 84 2
33 162 2
12 29 2
6 105 2
55 112 2
31 139 1
47 167 2
5 178 2
45 194 2
3 184 2
39 178 1
58 157 2
51 155 2
49 67 2
8 181 2
31 71 2
2 98 1
1 44 2
2 28 2
17 117 1
46 185 2
55 141 1
47 62 2
36 59 2
32 83 2
4 141 2
17 32 2
6 51 2
38 186 2
19 132 1
15 57 2
22 129 1
55 198 2
60 157 2
49 174 1
42 168 1
38 61 2
48 121 1
8 146 1
4 75 1
26 54 2
12 37 2
35 38 2
22 25 2
56 101 2
17 170 1
17 40 2
19 198 2
51 87 2
45 94 2
61 137 2
55 160 1
45 110 1
35 188 2
14 36 2
27 163 2
24 37 2
31 165 2
8 48 2
45 69 2
33 193 1
62 167 2
41 84 2
1 46 2
63 137 2
57 135 2
25 102 2
2 128 1
41 83 2
55 93 2
52 174 2
4 51 2
1 25 2
34 197 2
21 129 1
27 66 1
26 46 2
43 195 2
13 38 2
12 30 2
19 144 2
52 180 2
30 158 2
35 123 2
18 169 2
26 113 2
40 70 1
2 167 2
1 38 2
49 53 2
17 97 1
14 74 2
12 22 2
10 193 1
24 79 2
6 10 2
15 46 2
63 128 2
65 162 2
35 54 2
54 149 2
28 117 1
8 16 2
54 132 1
45 164 2
24 157 1
24 167 2
37 136 2
7 186 2
8 21 2
14 106 1
63 92 1
45 144 2
65 190 2
60 197 2
8 81 1
47 113 2
33 147 2
52 99 2
12 198 1
18 132 2
64 107 2
53 57 2
58 135 2
38 156 2
5 55 2
33 133 2
38 42 2
48 146 1
1 60 2
50 79 2
56 139 2
20 58 2
53 76 2
37 194 2
32 183 2
9 153 2
24 66 1
60 167 1
31 199 2
54 107 1
9 167 2
7 44 2
2 11 2
24 120 2
56 90 2
45 187 1
22 74 2
18 122 2
61 114 2
64 159 2
2 182 1
48 135 2
17 104 1
19 36 2
31 198 1
39 160 2
16 36 2
60 76 2
12 164 1
47 173 1
22 51 2
4 6 2
8 84 2
4 150 2
4 86 1
7 117 1
38 132 2
10 121 2
10 78 2
16 140 1
7 145 2
3 43 2
13 50 2
0 178 2
37 51 2
33 56 2
43 191 1
25 178 2
41 141 2
32 75 2
59 140 2
19 69 1
59 159 2
55 106 2
13 175 1
34 194 2
41 160 2
63 111 1
55 121 2
23 189 2
3 113 2
11 196 2
27 104 1
34 66 1
1 121 2
52 78 2
8 151 1
64 154 2
15 101 2
20 37 2
57 87 1
19 74 1
38 195 2
32 77 2
22 199 2
44 168 2
4 46 2
13 156 1
26 85 2
27 61 2
51 54 2
1 105 1
18 71 2
5 92 2
9 37 2
39 49 2
17 94 2
51 180 2
56 143 2
29 33 2
15 34 2
44 54 2
46 109 2
46 60 2
24 128 2
3 7 2
1 111 1
24 95 1
13 86 1
2 152 1
45 65 2
26 173 1
29 169 2
31 63 2
8 117 2
5 86 1
28 64 2
15 104 2
11 170 2
3 138 1
25 111 2
38 70 1
57 197 2
46 157 1
18 133 2
28 150 2
21 61 2
32 177 1
34 115 1
51 131 2
35 144 2
47 49 2
35 78 2
42 192 2
35 159 1
52 149 1
20 125 2
3 85 2
10 27 2
36 54 2
18 87 2
58 147 2
36 196 1
6 125 1
13 62 2
42 45 2
58 64 2
32 190 2
65 168 2
51 189 2
24 80 2
59 67 2
3 49 2
59 178 2
33 44 2
8 113 2
14 50 2
48 85 1
33 83 2
12 61 2
30 37 2
34 50 2
28 107 1
21 82 2
14 81 1
51 82 2
7 195 1
18 186 1
65 71 2
50 82 2
16 108 2
63 185 2
1 140 2
15 37 2
4 47 2
27 118 1
15 190 2
26 106 1
36 48 2
42 169 1
4 98 2
48 188 1
52 57 2
30 39 2
3 126 2
24 155 2
50 144 1
3 56 2
37 59 2
8 112 2
33 183 2
39 181 2
30 103 2
63 93 2
28 79 2
18 98 2
5 51 2
58 171 2
17 81 2
35 171 1
37 106 1
42 47 2
63 96 1
7 118 2
65 180 2
21 109 1
0 72 2
12 58 2
26 127 2
57 95 1
57 139 2
21 143 1
10 95 2
2 51 2
25 101 2
14 25 2
25 58 2
28 185 1
55 183 2
28 134 1
63 66 1
18 172 2
54 114 2
44 107 2
55 134 2
34 56 2
24 171 2
37 52 2
45 167 1
12 109 1
52 92 1
24 60 2
5 101 1
9 141 2
58 134 2
48 112 2
10 39 2
19 148 1
55 94 2
9 68 1
3 28 2
48 60 2
14 64 2
4 15 2
65 151 2
52 151 2
6 171 1
62 126 2
42 186 2
6 47 2
48 106 2
9 54 2
23 67 2
6 90 1
8 22 2
46 128 2
8 134 2
29 69 1
12 196 1
62 114 2
7 57 2
15 153 2
59 89 2
28 129 2
20 64 2
24 68 2
7 149 2
24 63 2
22 44 2
14 34 2
0 156 1
10 141 1
3 90 2
17 23 2
46 161 1
43 78 2
63 100 2
10 112 2
11 44 2
55 172 1
48 142 1
33 42 2
47 170 2
55 77 2
9 122 2
58 165 1
57 72 2
24 52 2
16 167 2
3 76 2
2 23 2
26 181 2
49 140 2
2 126 2
5 44 2
27 169 2
23 151 2
4 59 2
38 52 2
19 165 1
14 88 2
6 163 2
1 4 2
41 125 2
31 120 2
65 101 2
35 186 2
60 146 2
13 104 1
43 177 2
13 76 2
23 59 2
15 156 2
4 169 1
40 148 2
33 39 2
23 176 2
30 186 2
46 162 2
18 85 1
20 71 1
9 12 2
26 161 1
27 164 2
6 43 2
37 83 1
53 149 1
48 168 1
38 65 2
28 51 2
7 60 2
40 133 2
53 177 2
4 65 2
27 137 2
35 127 2
54 97 2
45 88 2
8 186 2
63 193 2
62 107 2
27 89 1
25 26 2
34 122 2
34 37 2
15 47 2
36 47 2
2 9 2
22 88 2
4 29 2
17 36 2
26 180 1
34 167 1
11 23 2
42 115 2
2 193 2
20 92 2
57 194 2
47 118 1
57 108 1
59 150 2
18 62 2
35 139 2
56 173 1
50 136 1
30 66 2
32 134 1
2 135 1
21 161 2
2 105 2
65 140 2
54 188 2
53 190 2
56 188 2
25 158 1
17 67 2
28 157 2
13 145 2
11 60 2
11 169 1
0 118 2
33 77 1
45 124 2
28 98 2
52 61 2
0 171 1
40 122 1
19 33 2
53 143 2
23 127 2
18 20 2
65 106 2
30 58 2
36 77 2
24 148 1
51 149 1
56 157 2
2 102 2
40 128 1
35 58 2
57 61 2
64 197 2
28 141 1
15 91 1
4 36 2
32 56 2
6 63 2
54 155 1
4 151 1
16 85 1
57 83 2
33 140 1
53 132 2
62 127 2
19 24 2
19 177 1
37 116 2
16 186 1
29 181 1
58 179 2
60 68 1
53 182 2
27 67 2
54 139 1
47 67 2
51 115 2
3 164 2
50 118 2
0 56 2
20 56 2
10 23 2
60 179 2
64 122 2
30 171 2
15 90 2
27 150 1
40 75 2
30 181 2
31 192 2
35 119 2
64 181 1
29 164 2
48 104 1
26 91 1
26 80 1
36 129 1
26 84 2
52 74 2
2 71 1
12 66 2
43 94 1
7 138 1
7 160 2
7 115 2
4 187 2
27 29 2
0 54 2
16 20 2
57 157 2
18 31 2
32 158 2
2 169 1
3 8 2
23 185 2
44 154 1
12 53 2
61 100 2
18 117 2
63 190 2
44 183 2
30 35 2
44 71 1
47 109 2
6 61 2
49 68 1
4 116 1
10 69 2
2 12 2
3 80 2
29 68 2
44 104 1
57 91 1
12 83 1
41 198 2
12 45 2
58 195 2
24 183 2
33 61 2
6 71 1
65 85 2
31 167 2
59 68 2
4 40 2
10 21 2
1 100 1
28 80 2
0 24 2
21 64 2
9 45 2
38 56 2
37 68 1
27 54 2
52 82 1
24 125 1
48 63 2
11 70 2
47 93 2
9 170 1
27 129 1
54 67 2
33 66 1
33 80 2
17 33 2
23 171 2
59 180 1
60 112 2
36 113 2
29 104 1
58 65 2
39 75 2
15 30 2
5 73 2
31 155 1
44 79 2
21 94 1
19 29 2
17 86 2
39 44 2
38 86 2
10 40 2
31 45 2
45 174 1
58 167 1
21 77 2
1 52 2
18 86 2
30 118 2
12 27 2
15 78 2
22 127 2
57 78 2
55 191 1
4 176 1
58 136 2
51 98 2
3 27 2
17 50 2
40 69 1
22 55 2
62 172 2
22 57 2
23 131 2
40 73 2
1 159 2
31 163 2
56 182 2
1 107 2
25 136 1
15 188 2
55 57 2
59 191 2
65 131 1
50 74 2
30 178 2
3 74 2
30 124 2
16 59 2
54 135 2
40 90 1
34 192 2
15 56 2
23 160 2
35 195 1
16 180 2
37 62 2
56 73 1
35 104 2
9 101 2
49 168 2
40 82 2
2 84 2
64 96 1
28 109 2
2 27 2
51 187 2
24 86 1
26 150 2
1 16 2
20 127 2
61 161 2
10 182 1
52 137 1
51 85 1
39 154 1
25 67 2
37 115 2
21 157 2
20 60 2
16 187 2
23 26 2
65 159 2
0 125 1
38 73 2
9 73 1
31 179 2
25 182 1
3 168 1
13 59 2
33 40 2
1 45 2
32 74 2
1 47 2
0 105 2
10 99 2
7 40 2
22 107 2
2 185 1
15 100 2
6 40 2
15 87 2
13 186 2
63 175 2
27 155 2
34 191 2
7 26 2
47 162 2
7 114 1
22 173 1
14 138 1
11 46 2
6 97 2
56 88 2
64 167 2
50 67 2
64 94 2
23 170 1
46 171 1
24 134 2
30 32 2
12 161 2
62 188 2
51 68 1
7 126 2
38 177 2
31 52 2
41 145 2
20 160 2
18 47 2
21 195 2
50 114 1
41 81 2
0 67 2
3 183 2
8 109 1
45 76 1
19 65 2
43 167 1
13 163 2
16 25 2
5 103 2
11 159 2
65 185 2
25 31 2
53 97 2
3 54 2
39 59 2
18 26 2
14 58 2
23 35 2
57 155 2
18 34 2
36 153 2
56 174 1
21 36 2
28 37 2
57 148 1
26 160 1
30 130 2
13 26 2
31 69 2
29 87 2
13 107 2
14 15 2
14 85 2
2 95 2
5 190 1
63 180 1
6 66 2
15 42 2
61 127 2
64 191 2
13 146 1
26 164 1
20 65 2
5 194 1
27 152 2
53 138 2
17 89 1
56 199 1
46 133 2
23 72 2
49 127 1
46 76 2
21 176 1
24 121 1
22 157 2
23 40 2
11 24 2
44 113 1
49 65 2
34 185 2
15 43 2
56 183 2
40 105 2
12 142 2
29 151 2
47 79 2
30 93 2
4 41 2
27 143 2
34 171 1
1 174 2
33 111 2
7 131 1
18 97 2
23 34 2
48 195 2
49 148 2
33 138 1
29 100 1
20 185 2
24 50 2
19 49 2
30 76 2
44 94 2
13 96 2
17 41 2
42 102 2
35 172 1
65 74 2
20 182 1
17 177 2
9 43 2
6 150 2
34 84 2
17 176 2
19 176 1
29 111 1
20 119 2
54 111 2
7 124 2
4 109 2
59 101 1
47 141 2
54 154 2
56 98 2
39 151 2
0 164 1
2 121 2
9 82 2
32 44 2
60 65 2
10 151 1
48 198 1
18 48 2
56 190 2
42 82 2
20 175 2
29 114 2
57 150 1
28 93 2
41 140 2
35 39 2
51 88 2
32 84 1
8 28 2
58 169 1
21 140 2
48 78 2
26 112 1
2 197 1
2 41 2
46 113 1
62 161 2
40 68 2
35 131 2
12 188 2
27 51 2
9 67 2
37 45 2
12 39 2
0 70 2
38 39 2
58 183 2
7 111 2
43 106 2
44 191 2
31 56 2
2 115 1
27 187 1
13 169 2
34 132 2
46 108 2
41 196 2
40 63 2
32 127 1
12 16 2
51 70 2
52 188 2
37 144 2
61 92 1
27 124 2
34 124 1
29 184 2
22 69 2
21 184 2
20 40 2
29 179 2
16 149 1
41 180 2
52 109 1
25 138 2
65 76 2
55 130 1
22 32 2
1 49 2
58 82 2
24 113 2
53 54 2
39 58 2
30 189 2
14 153 2
46 55 2
42 71 2
11 32 2
17 21 2
3 71 2
45 74 2
30 90 2
13 60 2
56 170 2
4 132 2
20 72 1
2 6 2
49 77 2
42 172 2
19 138 2
61 70 1
23 198 1
63 184 2
6 85 2
39 74 1
34 150 2
17 74 2
18 72 2
32 98 2
62 109 2
63 142 2
42 65 2
7 164 1
55 80 2
2 32 2
20 21 2
5 139 2
22 170 2
10 179 2
47 144 2
54 157 2
46 142 1
23 83 2
37 109 2
26 154 2
53 199 1
57 165 2
23 175 1
17 22 2
17 56 2
58 199 1
44 129 1
51 118 2
5 38 2
29 53 2
2 36 2
11 165 2
45 118 2
36 130 1
29 94 1
51 190 2
6 173 1
43 173 2
45 119 1
58 117 2
12 125 2
19 114 2
20 128 2
5 199 2
39 70 2
58 109 2
47 134 2
62 83 2
59 111 1
38 113 2
36 143 1
3 173 2
15 193 2
35 193 2
50 197 1
34 72 1
45 50 2
45 60 2
62 93 1
55 158 2
21 169 1
15 106 2
0 68 2
5 24 2
5 154 2
34 38 2
42 66 2
17 156 2
13 82 1
61 76 2
8 23 2
33 64 2
1 65 2
43 79 2
51 112 2
25 163 1
28 192 2
24 158 2
51 152 2
21 192 1
43 122 1
1 90 1
22 93 2
20 69 2
29 149 1
1 182 2
30 68 2
37 44 2
2 119 1
33 122 1
39 185 1
16 132 1
44 83 2
36 154 1
64 140 2
5 20 2
18 176 1
7 167 2
37 114 1
0 89 2
3 60 2
53 73 2
31 118 1
31 157 2
4 148 1
7 173 1
29 97 1
6 26 2
34 111 2
22 147 1
10 198 1
44 143 2
33 55 2
14 179 2
18 131 2
64 76 2
40 81 1
27 77 2
34 123 2
46 165 2
2 196 2
12 60 2
11 98 1
33 47 2
37 38 2
53 124 2
4 18 2
29 92 2
2 55 2
8 153 2
28 89 2
16 131 2
46 107 2
4 192 2
19 152 2
51 173 2
54 161 2
17 77 2
58 125 1
1 118 2
56 68 2
19 97 2
44 61 2
30 127 2
39 193 2
9 29 2
49 185 2
13 171 1
22 29 2
20 131 2
4 11 2
13 161 2
37 54 2
37 101 2
23 37 2
60 116 2
12 130 2
5 160 2
25 123 1
42 189 2
18 149 2
8 19 2
38 157 2
34 86 2
43 153 2
63 131 2
31 149 2
62 65 2
53 142 1
50 126 2
16 193 1
8 63 2
44 192 2
39 63 2
11 50 2
7 174 2
4 111 2
35 56 2
2 48 2
4 99 2
58 161 1
0 191 1
50 142 1
33 166 2
3 149 1
8 32 2
3 46 2
34 106 2
20 31 2
33 52 2
58 102 2
44 148 2
41 42 2
37 79 2
42 137 1
17 111 1
41 178 2
0 12 2
42 147 1
45 102 1
20 91 1
13 77 1
0 110 2
12 162 1
40 72 2
23 44 2
18 91 2
36 68 1
27 175 2
30 97 2
13 46 2
44 103 2
2 29 2
10 140 2
10 83 2
29 52 2
43 164 2
10 108 2
37 186 2
36 121 1
53 176 2
27 75 2
9 126 2
39 56 2
10 125 1
48 141 2
27 93 1
10 24 2
14 17 2
52 162 1
24 195 2
3 172 2
22 156 2
63 126 2
65 177 2
22 102 1
51 77 2
49 64 2
29 195 1
45 190 1
62 169 2
6 191 1
43 196 2
49 58 2
49 178 2
65 149 2
47 99 2
9 20 2
37 39 2
24 184 2
0 57 2
51 197 1
37 111 2
15 118 2
11 117 1
57 101 2
3 103 2
42 195 1
23 119 2
37 47 2
40 174 2
23 140 2
36 120 2
23 101 1
53 147 1
1 113 2
40 131 2
59 167 2
44 166 2
18 136 2
28 133 2
53 175 1
5 124 2
36 190 2
21 74 2
62 157 1
24 33 2
6 75 1
49 179 2
57 96 1
2 43 2
6 24 2
20 155 1
1 31 2
25 72 2
12 175 2
55 56 2
12 79 1
49 146 1
56 184 2
31 173 1
21 88 2
9 164 1
20 138 2
17 84 2
39 43 2
21 81 1
22 128 2
0 185 1
22 78 2
9 60 2
22 139 2
12 59 2
20 179 2
16 115 2
38 40 2
7 153 2
8 12 2
20 113 1
31 75 2
27 64 2
50 93 2
55 173 1
39 196 2
5 106 2
60 138 1
25 149 1
58 104 2
44 172 2
27 197 2
33 60 2
64 83 1
22 104 2
5 121 2
51 186 1
4 85 2
43 113 2
20 53 2
10 11 2
26 39 2
34 94 1
55 174 1
61 172 2
30 78 2
27 92 2
59 188 1
24 53 2
16 155 2
49 89 2
25 135 1
24 176 1
45 177 2
39 40 2
2 178 1
48 114 2
15 72 2
8 141 2
7 31 2
6 17 2
45 47 2
9 14 2
27 91 2
65 182 1
55 95 2
61 73 2
32 39 2
28 91 2
14 180 2
20 148 1
61 90 1
48 133 2
37 192 2
13 23 2
16 86 2
39 147 1
8 127 1
2 62 2
48 139 2
28 58 2
43 52 2
17 75 2
5 165 2
19 32 2
4 34 2
54 79 2
58 168 2
16 113 2
26 70 2
7 25 2
62 78 2
16 39 2
12 123 1
62 106 2
48 144 2
33 50 2
22 117 1
51 62 2
31 81 2
48 50 2
65 86 1
56 130 2
20 177 1
29 54 2
17 157 1
62 153 1
8 88 1
36 134 1
1 21 2
0 32 2
21 154 1
52 139 2
40 152 2
24 126 1
47 184 1
0 99 2
48 126 1
8 61 2
51 158 2
44 174 2
58 59 2
13 33 2
20 44 2
10 143 1
17 181 1
7 137 1
45 195 2
38 47 2
60 170 1
12 172 2
12 148 2
8 57 2
6 60 2
0 34 2
30 197 1
58 182 2
9 74 2
23 70 1
46 87 1
34 65 2
6 166 1
34 73 2
32 180 2
34 92 2
62 138 1
48 166 1
26 82 2
19 60 2
28 186 2
31 33 2
6 144 1
36 198 1
27 71 1
45 54 2
43 61 2
51 117 1
47 51 2
65 137 1
29 80 2
48 115 1
59 154 1
39 132 2
43 85 2
60 164 1
17 187 1
40 163 1
49 177 2
44 125 1
59 103 2
13 74 2
43 155 1
61 124 2
18 66 1
61 183 2
12 50 2
14 52 2
37 69 2
23 190 2
6 76 2
13 170 2
21 188 1
13 87 2
29 79 1
17 45 2
38 151 2
16 21 2
25 117 1
35 162 2
6 147 2
42 112 2
27 32 2
8 51 2
2 191 1
0 36 2
57 65 2
55 149 2
48 158 2
20 59 2
5 120 2
1 17 2
4 12 2
63 144 2
39 170 1
6 36 2
37 63 2
49 63 2
40 139 1
5 153 1
63 71 2
8 160 2
60 82 2
8 34 2
50 58 2
52 86 2
35 163 2
10 72 2
45 96 2
19 181 1
21 149 1
33 154 2
53 187 2
41 85 1
30 129 2
17 126 2
27 53 2
56 134 2
11 62 2
42 111 1
33 68 2
34 44 2
16 67 1
11 157 2
61 197 2
45 184 1
41 43 2
63 145 2
5 33 2
26 179 2
8 187 2
36 89 2
31 185 1
6 135 2
51 185 2
17 155 1
50 90 2
1 61 2
38 137 2
5 134 2
40 196 1
10 41 2
7 19 2
48 49 2
17 125 2
60 181 2
50 168 2
57 84 1
39 52 2
3 48 2
33 118 2
38 48 2
52 195 2
15 54 2
45 152 1
3 123 1
7 47 2
51 169 2
8 110 2
1 191 1
39 129 2
6 188 2
35 179 1
65 188 2
1 85 1
20 191 2
6 101 2
47 108 2
39 65 2
57 114 2
12 102 2
64 150 1
22 37 2
59 155 2
1 14 2
29 40 2
17 143 1
60 119 2
12 106 2
33 176 2
33 36 2
59 98 2
29 188 1
64 135 2
27 38 2
63 94 2
15 145 2
43 172 1
42 106 1
32 78 1
45 81 1
34 147 2
8 37 2
31 93 2
34 198 1
16 176 2
33 54 2
35 149 2
31 141 2
65 128 2
28 139 2
25 42 2
40 74 2
53 173 2
28 142 2
11 181 2
44 111 2
6 70 1
20 43 2
25 185 2
43 70 2
7 37 2
40 150 2
15 62 2
40 158 1
4 50 2
36 43 2
27 121 2
55 168 1
3 192 2
34 40 2
47 121 2
53 166 1
58 126 2
55 170 1
16 190 2
7 74 1
26 109 1
9 28 2
13 63 2
62 141 2
36 98 2
36 80 1
48 71 1
30 74 2
18 88 2
0 33 2
57 141 1
18 125 2
54 126 2
8 156 2
55 126 1
10 126 2
51 84 2
62 145 1
41 164 2
37 92 2
41 49 2
55 155 2
13 155 1
5 61 2
9 169 2
34 178 1
61 168 1
14 182 2
39 119 2
56 127 2
16 38 2
34 85 1
29 47 2
46 75 2
20 25 2
13 125 2
31 162 1
50 143 2
5 12 2
51 52 2
27 153 1
61 167 2
10 149 2
4 170 1
27 65 2
57 70 1
44 193 2
50 130 2
0 175 1
31 184 2
49 139 2
37 41 2
24 55 2
51 138 2
0 26 2
39 64 2
45 57 2
38 121 2
43 141 1
16 22 2
11 81 2
5 53 2
0 66 2
17 46 2
12 167 2
28 194 2
62 103 2
0 22 2
24 117 2
39 161 1
61 103 2
38 76 1
44 49 2
48 59 2
8 178 2
48 109 2
4 22 2
58 164 1
12 88 2
2 133 1
1 152 1
48 182 2
35 174 2
43 46 2
10 159 2
58 191 1
4 14 2
16 111 2
45 101 2
36 75 2
23 78 2
35 180 2
9 47 2
32 176 2
11 164 1
21 108 2
0 64 2
27 127 1
3 86 2
31 156 1
0 51 2
37 49 2
36 144 2
4 117 1
38 82 2
27 112 2
22 124 2
6 25 2
25 47 2
17 138 2
58 186 2
1 3 2
38 96 1
62 84 2
0 6 2
44 98 2
33 45 2
7 13 2
14 66 2
27 189 1
20 26 2
15 99 2
34 129 2
8 40 2
61 141 1
35 51 2
44 123 2
58 107 2
9 48 2
24 27 2
49 197 2
11 55 2
40 135 2
5 117 2
38 174 1
25 62 2
17 106 2
28 75 2
0 61 2
15 160 2
17 42 2
19 84 2
18 119 2
17 64 2
56 61 2
35 97 2
49 141 2
7 39 2
27 165 2
36 159 2
65 87 1
28 99 2
5 191 2
43 53 2
17 55 2
63 81 2
10 158 2
49 87 2
60 69 2
54 57 2
2 137 2
0 41 2
60 129 1
64 185 1
65 179 2
31 121 2
25 38 2
41 107 2
19 149 2
47 159 2
22 59 2
29 161 2
45 89 1
61 140 2
53 153 1
49 55 2
10 33 2
47 114 2
23 128 1
2 90 2
5 21 2
22 98 1
12 187 2
9 109 2
18 46 2
8 99 1
15 192 2
16 164 1
11 80 2
13 16 2
42 116 2
26 66 2
5 87 2
15 32 2
24 30 2
4 165 2
0 112 2
47 136 1
19 21 2
41 199 1
30 79 1
58 141 2
44 105 2
56 152 2
54 169 2
33 59 2
31 147 2
34 109 2
3 42 2
22 185 2
30 198 2
64 110 2
12 127 2
10 102 2
44 146 1
1 20 2
28 161 2
9 142 2
39 176 2
26 183 2
30 109 1
26 45 2
40 144 2
63 105 1
35 146 2
8 15 2
2 16 2
16 153 2
46 74 2
58 119 1
32 55 2
64 124 2
12 158 2
37 133 1
46 54 2
2 168 1
41 139 1
22 80 1
46 62 2
64 67 2
29 122 2
33 46 2
34 121 1
6 67 1
9 62 2
42 58 2
1 88 2
34 89 1
59 112 2
23 109 2
25 85 1
23 173 1
43 118 2
8 30 2
63 98 1
45 64 2
46 127 1
9 162 2
4 92 2
21 52 2
10 80 2
20 22 2
30 187 2
56 180 1
41 142 1
33 180 2
27 43 2
28 92 2
14 39 2
14 33 2
28 131 2
4 146 2
22 135 2
39 194 2
31 44 2
42 77 1
58 150 2
27 46 2
22 49 2
20 75 1
34 172 1
0 75 1
40 107 1
50 98 2
8 105 1
39 73 1
47 83 2
41 173 2
25 146 2
31 172 2
62 133 2
27 68 2
49 144 2
8 10 2
21 83 2
1 53 2
32 41 2
4 81 2
13 44 2
17 136 1
40 130 2
20 189 2
8 96 1
15 40 2
24 194 2
65 72 1
34 199 1
58 94 2
33 88 2
62 120 2
40 83 2
7 128 2
65 139 2
34 164 2
38 169 1
33 71 2
13 28 2
47 80 2
40 199 1
3 137 2
2 21 2
28 170 2
58 190 1
21 105 2
8 172 2
36 44 2
17 150 1
61 112 2
46 145 2
52 88 2
18 25 2
27 126 2
21 194 2
45 134 2
45 98 2
20 104 2
47 81 1
55 166 1
5 110 1
0 9 2
31 35 2
8 67 1
3 45 2
50 54 2
15 36 2
43 124 1
12 177 1
57 161 1
55 69 1
65 97 1
49 56 2
25 128 1
35 46 2
46 49 2
25 55 2
39 48 2
46 102 2
8 168 2
8 56 2
51 146 2
38 84 2
40 103 2
26 50 2
41 195 2
30 54 2
14 21 2
54 117 1
8 185 2
15 126 2
65 90 1
1 91 2
39 167 2
20 117 2
17 173 2
42 98 1
2 38 2
58 61 2
36 105 2
1 74 2
23 36 2
41 170 2
32 129 1
38 150 2
59 189 1
57 89 2
19 47 2
7 101 1
24 100 1
9 121 1
31 127 1
23 158 2
50 138 1
48 129 2
14 111 2
14 56 2
51 127 2
35 76 2
9 144 1
52 114 1
15 55 2
12 14 2
59 91 2
63 89 1
13 93 2
38 117 2
33 117 1
2 166 2
40 190 2
42 190 2
9 59 2
24 42 2
55 109 2
36 58 2
37 99 1
62 150 2
8 31 2
13 120 2
59 135 1
6 34 2
59 116 1
0 2 2
7 56 2
43 71 1
63 140 2
1 129 1
63 82 1
8 9 2
12 44 2
59 131 2
28 33 2
18 100 1
9 195 1
39 150 2
25 56 2
40 44 2
44 100 2
11 161 1
49 132 2
14 31 2
1 9 2
49 194 1
47 115 2
62 132 2
65 95 2
57 195 2
23 29 2
20 96 2
22 174 1
36 37 2
13 88 1
25 77 1
30 83 2
15 85 1
65 152 2
26 48 2
43 45 2
8 147 2
29 45 2
11 128 1
20 169 2
59 149 2
36 128 2
24 131 2
61 181 1
1 57 2
15 180 1
59 174 2
22 48 2
27 106 2
25 142 1
61 154 2
18 58 2
9 21 2
15 69 1
12 77 1
16 64 2
1 190 2
8 83 1
2 141 2
44 199 1
62 160 2
59 62 2
3 15 2
50 57 2
46 78 1
15 173 1
63 91 2
0 111 2
32 114 2
50 147 1
45 55 2
45 172 1
47 112 1
65 88 2
32 159 2
53 100 2
17 113 1
26 146 1
50 194 2
6 19 2
21 185 2
32 46 2
28 116 1
16 66 2
41 91 1
32 58 2
58 123 1
29 75 1
62 71 2
20 84 2
19 28 2
3 163 2
59 60 2
37 85 1
64 194 2
15 33 2
14 125 1
5 72 2
3 30 2
48 136 1
17 54 2
39 189 2
51 184 2
54 191 2
2 65 2
18 52 2
36 174 2
5 167 1
63 117 1
53 92 2
25 143 2
7 171 1
20 57 2
27 178 2
54 55 2
34 160 1
9 150 2
7 180 2
10 62 2
60 74 2
10 57 2
6 38 2
16 51 2
6 189 1
33 63 2
19 196 2
11 43 2
13 136 1
15 164 1
3 37 2
10 58 2
26 101 2
12 55 2
26 130 2
5 85 2
0 176 2
24 29 2
60 185 1
7 34 2
2 104 1
40 109 1
40 99 2
14 55 2
8 121 2
50 133 2
40 186 2
37 53 2
7 16 2
1 68 2
26 78 2
18 28 2
30 122 2
24 41 2
20 63 2
42 92 1
21 91 2
1 138 2
12 13 2
65 141 1
46 79 2
63 64 2
29 173 1
40 198 1
21 121 1
50 55 2
3 157 2
18 189 1
13 25 2
42 134 2
56 59 2
19 186 2
54 106 2
51 60 2
46 129 2
7 151 2
19 191 2
56 154 1
48 73 2
57 64 2
31 57 2
17 38 2
50 185 2
49 152 2
23 56 2
58 163 2
25 40 2
6 143 1
3 32 2
20 105 2
50 198 2
56 137 2
39 81 2
57 77 1
47 177 2
9 197 1
38 54 2
18 163 2
59 195 2
49 154 2
4 35 2
54 160 2
1 11 2
31 48 2
19 41 2
61 87 2
29 177 2
27 176 2
17 60 2
10 146 2
30 64 2
40 143 1
1 23 2
29 128 2
60 176 2
6 53 2
50 157 2
4 181 1
40 140 2
16 72 2
19 126 1
0 153 2
23 157 2
8 18 2
20 82 1
4 27 2
50 112 2
20 172 1
55 62 2
30 175 1
5 41 2
43 104 2
10 34 2
47 189 2
3 16 2
20 50 2
38 101 2
20 68 1
15 194 2
37 140 2
16 83 2
36 142 2
23 24 2
46 81 2
2 125 1
25 99 2
6 134 2
13 138 1
54 193 2
56 194 1
44 90 2
47 69 1
13 95 1
16 70 1
10 88 2
23 125 2
29 51 2
3 191 1
6 178 1
17 58 2
32 34 2
49 188 2
10 186 1
38 41 2
4 8 2
40 126 1
64 73 2
35 157 2
22 28 2
8 20 2
15 178 2
2 158 2
36 97 2
0 47 2
13 52 2
35 142 2
17 135 2
16 43 2
18 191 2
0 114 2
9 52 2
36 162 2
8 14 2
33 100 2
16 62 2
24 130 1
34 142 2
30 71 2
37 131 2
25 162 2
27 55 2
8 115 1
47 64 2
48 64 2
52 140 2
1 56 2
44 161 1
1 15 2
57 60 2
3 6 2
5 70 2
16 77 2
13 89 2
0 81 2
22 72 2
28 145 2
11 56 2
15 161 2
1 110 2
17 35 2
30 190 2
37 94 2
57 97 1
25 186 1
6 187 1
40 95 2
3 58 2
58 118 1
43 123 2
28 100 2
48 80 1
25 61 2
34 140 2
16 94 1
64 125 2
49 94 1
36 191 2
44 59 2
48 134 1
4 149 2
2 31 2
2 130 2
23 138 2
36 111 2
43 127 2
15 61 2
14 32 2
52 121 1
32 181 2
5 128 1
24 124 1
57 93 2
38 88 2
59 137 2
62 77 1
7 190 1
26 122 2
25 132 2
57 132 2
58 111 2
24 78 2
20 45 2
53 195 2
2 131 2
51 107 1
47 168 1
25 165 2
36 169 1
30 133 1
28 196 2
12 143 2
53 185 2
61 196 1
54 144 1
37 134 1
24 118 1
17 102 2
26 51 2
27 156 2
7 28 2
13 135 2
17 76 2
45 117 2
38 198 2
28 39 2
21 137 1
16 88 2
51 161 1
13 141 2
61 146 1
56 187 2
36 53 2
3 156 2
43 95 2
42 182 2
19 37 2
47 135 2
27 171 2
2 100 2
11 140 1
52 112 1
45 180 2
34 181 1
26 34 2
18 138 2
60 147 2
49 161 1
45 171 2
4 195 2
1 181 2
23 38 2
28 147 2
58 127 2
10 131 1
7 90 1
50 111 2
14 43 2
9 174 2
35 160 2
64 176 2
49 54 2
64 80 2
44 74 2
18 121 1
44 182 1
35 90 2
49 110 1
16 175 2
33 141 2
32 156 2
17 27 2
6 18 2
59 61 2
41 137 1
37 130 2
42 149 1
59 172 2
21 66 1
23 86 1
5 108 2
20 147 1
43 107 1
34 103 2
25 134 1
26 55 2
24 144 2
26 29 2
5 29 2
6 21 2
6 106 1
62 170 2
41 64 2
26 118 2
44 95 2
7 161 1
40 84 2
37 175 2
26 88 2
30 169 2
64 111 1
39 102 2
40 80 1
24 196 2
9 77 1
16 97 2
9 40 2
8 80 2
11 187 1
8 170 2
22 45 2
10 128 2
24 32 2
27 59 2
41 78 2
29 48 2
34 35 2
9 155 1
0 84 1
9 89 1
52 147 2
50 53 2
36 187 2
1 164 2
25 121 1
0 48 2
11 106 2
54 137 1
19 158 2
34 135 2
50 183 2
17 79 2
25 169 1
40 51 2
61 174 1
36 156 2
13 182 2
8 152 1
56 80 1
25 60 2
50 60 2
7 45 2
9 38 2
31 36 2
19 131 2
21 40 2
53 157 2
22 83 2
52 85 2
37 93 2
11 105 1
20 159 2
41 120 2
57 166 1
15 175 2
25 33 2
5 26 2
7 89 1
54 108 2
40 157 2
18 162 1
31 89 1
2 14 2
42 164 2
19 179 2
11 19 2
29 62 2
41 132 1
55 143 2
60 62 2
58 162 1
14 123 2
58 185 2
0 31 2
24 51 2
15 21 2
17 114 2
1 166 2
51 65 2
23 192 1
14 65 2
10 71 2
35 47 2
3 107 2
6 46 2
37 183 1
65 80 1
12 139 2
21 112 1
42 184 2
12 81 2
35 64 2
2 155 1
55 66 2
6 170 1
12 128 2
41 97 1
1 151 2
61 156 1
58 174 1
58 116 2
5 45 2
30 91 1
41 130 2
51 145 1
23 32 2
32 198 1
36 86 2
60 126 2
10 79 2
19 46 2
54 175 2
2 83 2
61 83 2
14 28 2
31 154 2
51 171 2
34 139 2
6 194 1
56 93 1
52 100 1
4 38 2
36 115 2
4 28 2
0 79 2
12 124 2
10 59 2
22 94 2
0 103 2
63 79 2
37 102 2
26 121 1
54 146 1
14 167 2
17 91 2
31 61 2
29 175 2
65 175 1
14 159 2
51 104 2
51 141 2
4 37 2
30 172 2
41 117 2
17 162 2
17 95 2
59 153 2
50 73 2
12 31 2
65 166 2
50 70 1
43 151 1
52 54 2
24 143 1
65 124 2
13 39 2
64 192 1
52 126 2
43 138 2
3 162 1
52 84 2
13 124 1
10 46 2
34 118 1
13 137 2
42 194 2
18 173 1
24 40 2
17 153 1
18 158 1
29 60 2
4 69 2
22 120 2
15 64 2
39 182 2
3 125 1
16 78 1
19 22 2
9 34 2
33 187 2
13 94 2
18 118 2
26 110 1
24 82 1
18 142 1
42 104 1
51 151 1
47 50 2
60 180 2
10 191 2
37 147 2
17 183 1
3 62 2
25 113 2
16 146 1
22 23 2
4 194 2
7 49 2
43 93 1
15 174 2
30 36 2
29 98 2
30 40 2
11 18 2
30 155 1
12 52 2
27 167 2
3 131 1
20 102 2
16 121 2
16 189 1
7 142 2
33 169 2
59 119 1
48 116 2
35 182 2
45 151 2
54 127 2
39 77 2
10 28 2
35 52 2
18 167 1
21 42 2
13 57 2
33 89 2
37 125 2
30 59 2
25 87 2
13 55 2
25 175 1
33 48 2
16 58 2
55 129 2
4 26 2
5 151 2
53 117 1
42 48 2
5 39 2
36 173 2
50 159 2
19 20 2
18 104 2
8 65 2
0 132 2
51 92 2
20 186 2
11 151 1
9 46 2
25 176 2
17 70 2
45 166 2
24 84 2
30 126 2
34 149 2
38 45 2
5 112 1
62 154 1
43 68 1
28 50 2
21 124 2
57 179 2
34 163 2
1 28 2
29 73 1
57 134 2
30 174 1
25 197 2
38 155 2
8 68 2
29 102 1
55 194 2
59 199 1
12 43 2
4 90 1
13 41 2
40 66 1
41 108 2
1 27 2
7 168 2
6 20 2
3 51 2
65 189 2
15 115 2
48 65 2
34 161 2
13 173 2
35 130 2
8 190 2
35 126 2
3 167 2
27 62 2
19 112 1
3 124 1
29 78 1
64 123 2
8 140 2
34 63 2
34 36 2
59 185 2
32 123 1
46 103 2
2 52 2
28 122 2
60 141 1
15 184 2
17 118 2
25 172 2
5 100 2
41 63 2
54 62 2
18 155 1
8 71 1
46 66 2
19 103 1
43 144 2
21 189 2
10 107 1
49 130 2
35 85 1
65 199 2
3 73 1
1 5 2
52 105 1
10 111 1
60 67 1
32 152 1
31 129 1
43 55 2
19 80 2
14 96 1
40 113 2
28 86 2
57 127 1
9 33 2
28 42 2
4 56 2
13 151 2
33 57 2
11 180 2
11 16 2
55 58 2
12 36 2
18 61 2
1 144 2
4 63 2
14 99 2
34 39 2
7 98 1
52 135 2
9 53 2
5 57 2
28 183 2
26 97 1
51 133 2
4 16 2
23 58 2
54 199 2
2 170 2
7 38 2
58 152 1
18 145 2
2 116 2
28 56 2
27 147 2
3 190 2
58 77 2
34 125 2
1 10 2
64 68 2
32 148 1
47 196 2
56 106 2
5 42 2
34 112 1
54 167 2
22 47 2
38 133 2
38 129 2
43 83 1
10 51 2
47 117 2
17 141 2
44 114 1
38 120 2
37 128 2
41 129 2
28 195 2
32 163 2
46 50 2
44 52 2
31 123 1
19 129 2
44 158 1
62 199 1
24 92 2
24 181 1
19 63 2
21 62 2
43 81 1
37 172 2
17 48 2
50 160 1
2 188 1
25 110 2
36 141 1
59 156 2
13 61 2
19 38 2
36 185 1
56 96 2
32 140 1
39 139 2
22 53 2
1 41 2
56 150 2
0 30 2
42 46 2
23 141 2
0 194 1
41 112 1
4 33 2
9 23 2
63 75 2
54 176 1
10 134 2
25 179 2
19 164 2
6 113 1
60 171 2
58 148 2
7 188 1
0 137 2
29 112 1
3 155 1
8 118 2
57 144 2
15 171 1
19 95 2
6 52 2
41 62 2
10 185 2
40 129 2
28 162 2
16 48 2
33 163 2
11 156 1
44 72 1
31 183 1
21 181 1
31 104 2
21 34 2
14 84 2
22 97 2
15 103 2
0 74 2
17 192 1
34 64 2
60 130 2
58 193 2
9 65 2
23 25 2
50 132 1
21 79 1
28 115 1
37 146 2
62 152 2
63 73 1
3 44 2
5 25 2
26 71 2
65 115 2
54 104 2
6 41 2
33 190 2
26 30 2
38 196 2
24 145 1
51 56 2
14 91 1
52 179 1
43 49 2
49 180 2
16 57 2
1 43 2
12 25 2
25 34 2
34 54 2
49 73 1
9 110 2
0 162 2
37 107 2
44 141 1
11 199 2
5 172 1
41 113 1
3 52 2
40 124 2
22 155 2
38 125 2
29 43 2
4 163 2
14 63 2
47 137 2
54 83 2
64 98 2
58 113 2
48 174 2
56 102 2
22 42 2
2 159 2
40 181 1
11 112 2
9 56 2
13 127 2
17 19 2
32 62 2
52 133 2
39 82 2
25 68 2
51 80 1
50 94 2
18 107 2
7 50 2
13 64 2
65 132 2
62 118 2
11 41 2
22 77 2
57 136 2
21 80 1
53 125 2
27 36 2
62 148 1
63 152 1
4 53 2
7 59 2
16 126 1
21 60 2
37 50 2
60 159 2
52 65 2
32 164 1
22 192 1
65 173 1
25 27 2
43 192 2
60 155 1
64 166 1
28 158 2
2 179 1
65 142 2
9 105 1
45 149 2
19 54 2
14 70 2
14 37 2
18 27 2
15 166 2
9 36 2
44 87 2
23 89 1
65 98 2
11 177 2
49 95 1
3 98 2
7 123 1
30 167 2
1 51 2
25 45 2
15 94 2
33 142 2
27 199 2
52 79 2
15 49 2
53 146 1
16 65 2
13 21 2
21 47 2
59 81 2
15 189 2
65 105 1
20 51 2
0 96 2
39 61 2
10 20 2
52 144 2
28 121 2
29 198 1
37 112 2
5 11 2
41 158 2
17 115 2
30 94 2
47 58 2
50 121 2
10 192 2
55 122 2
46 154 1
7 75 1
61 133 2
44 69 1
24 45 2
0 46 2
48 196 2
29 156 2
64 148 1
22 84 2
29 157 2
35 45 2
33 167 1
32 133 1
15 27 2
36 117 1
62 142 2
41 106 2
61 189 2
34 81 1
11 189 2
26 175 1
2 142 1
12 89 2
60 80 2
36 81 1
11 185 2
30 132 1
38 97 1
51 192 2
28 47 2
22 165 2
16 123 2
8 62 2
23 112 1
42 170 1
29 189 2
42 81 2
58 89 1
37 56 2
19 153 2
36 82 1
50 178 2
19 70 2
57 171 1
52 102 1
35 99 2
29 39 2
18 195 2
61 69 2
1 115 2
49 156 2
25 44 2
25 167 2
18 35 2
6 124 2
0 19 2
3 128 2
50 105 1
43 110 2
26 27 2
57 173 1
27 173 2
14 40 2
33 53 2
25 120 1
18 92 1
44 118 2
13 190 1
29 55 2
29 119 2
36 149 1
62 95 1
20 181 2
61 81 2
5 156 1
16 69 1
18 32 2
52 60 2
63 65 2
25 37 2
33 106 2
27 40 2
14 61 2
62 102 2
0 35 2
45 78 1
22 39 2
56 65 2
61 78 1
5 52 2
50 161 1
45 82 2
18 114 2
30 46 2
8 173 1
7 29 2
12 73 2
24 187 2
7 93 2
12 33 2
6 137 2
36 103 2
0 42 2
25 57 2
16 87 2
28 63 2
53 65 2
52 62 2
62 149 2
25 166 1
37 97 2
64 187 1
5 34 2
37 124 2
1 40 2
32 52 2
57 105 1
16 95 2
30 147 2
27 50 2
13 71 2
2 22 2
4 180 2
7 68 1
55 59 2
28 104 2
31 40 2
63 155 2
35 44 2
54 131 2
33 178 1
56 197 1
12 17 2
32 42 2
14 18 2
16 160 1
35 95 2
32 81 2
6 32 2
35 70 2
58 88 2
59 182 1
4 161 2
43 131 1
56 116 2
9 22 2
52 171 1
32 144 1
15 133 2
6 42 2
46 152 2
22 144 2
32 161 2
6 151 2
46 65 2
22 194 2
0 44 2
47 91 1
56 147 2
5 7 2
1 77 1
8 24 2
3 188 2
38 135 1
49 189 1
34 133 1
26 170 1
37 88 2
23 129 2
21 130 1
26 89 1
43 48 2
8 182 2
11 114 2
14 100 2
47 105 2
53 126 1
33 151 2
11 153 2
11 63 2
39 184 2
37 150 2
31 46 2
61 67 2
57 94 1
55 107 2
44 112 2
25 116 2
3 24 2
14 59 2
43 166 2
26 153 1
18 190 2
54 177 1
23 66 2
53 130 2
42 101 1
53 159 1
40 197 2
26 32 2
52 131 2
16 84 2
17 47 2
18 196 2
14 76 2
9 69 2
55 67 2
26 169 2
23 52 2
53 137 1
9 70 1
49 114 1
33 150 1
6 39 2
50 122 2
32 47 2
43 185 2
31 138 1
11 195 1
17 174 1
22 61 2
30 154 2
46 52 2
59 162 1
47 60 2
35 192 2
61 198 2
0 17 2
62 81 2
41 60 2
48 177 2
30 81 1
47 187 1
12 23 2
39 173 2
48 171 2
0 184 1
31 145 2
65 121 1
9 124 2
46 47 2
4 32 2
50 64 2
43 47 2
20 156 1
1 112 1
40 192 1
64 145 2
4 49 2
48 125 2
59 117 2
53 192 2
10 45 2
64 108 2
35 60 2
43 194 2
6 98 2
9 35 2
28 182 2
39 96 1
51 150 2
0 92 2
24 65 2
5 149 2
8 94 1
17 196 2
40 45 2
54 94 2
55 63 2
57 90 1
39 118 1
57 174 2
3 83 1
58 91 2
4 166 2
2 7 2
8 58 2
53 114 2
24 109 2
58 178 2
44 84 2
65 111 2
30 77 2
28 113 2
0 100 1
54 119 1
18 69 2
14 162 2
43 139 2
65 123 1
6 16 2
0 49 2
2 147 2
56 108 2
4 164 1
21 78 2
5 30 2
46 170 1
29 86 2
15 157 2
0 160 2
24 190 1
12 163 2
16 31 2
19 42 2
30 161 1
64 163 2
55 163 1
22 71 1
6 122 2
8 76 2
16 143 2
27 102 2
9 39 2
19 140 2
35 87 2
65 112 2
62 104 1
8 33 2
3 67 2
28 164 2
37 76 1
21 160 2
19 161 2
18 49 2
60 86 2
37 91 2
50 75 2
21 27 2
26 56 2
34 127 1
30 65 2
37 141 2
3 187 2
18 30 2
36 139 1
63 122 2
38 184 1
34 101 2
17 159 2
17 151 2
40 189 2
35 114 1
49 93 2
46 63 2
10 53 2
18 197 2
60 152 1
16 60 2
11 42 2
50 78 2
3 185 2
12 62 2
20 161 1
52 67 2
9 44 2
36 41 2
23 174 2
26 144 1
18 36 2
36 175 2
51 89 1
42 95 1
2 177 2
48 159 1
22 152 1
19 45 2
9 25 2
47 151 1
0 50 2
22 36 2
53 160 1
7 55 2
53 179 2
25 187 2
54 86 2
58 84 1
53 67 2
27 110 1
63 158 2
28 76 2
12 20 2
61 88 2
9 24 2
10 18 2
4 24 2
59 104 2
65 94 2
27 28 2
16 139 2
46 53 2
53 121 2
31 114 1
23 46 2
36 50 2
45 46 2
26 31 2
53 145 1
21 113 2
59 121 1
4 129 2
34 47 2
42 130 1
21 65 2
32 106 2
7 71 2
36 45 2
16 135 2
41 119 2
44 64 2
29 178 2
34 159 1
19 68 2
28 130 1
25 173 2
10 30 2
25 81 1
28 52 2
33 185 2
18 156 2
53 82 2
19 34 2
48 107 1
17 31 2
31 159 2
43 89 2
34 69 2
42 97 2
40 43 2
20 95 2
58 189 2
11 109 2
24 59 2
39 97 1
15 121 2
39 41 2
35 135 2
11 172 2
41 44 2
27 144 1
0 186 1
46 48 2
10 129 2
12 15 2
30 140 1
51 55 2
2 113 2
35 196 1
32 92 1
18 109 2
59 125 1
13 24 2
18 168 2
50 66 1
26 157 2
43 44 2
16 46 2
19 100 2
27 52 2
49 52 2
2 124 2
36 148 1
10 14 2
0 11 2
3 196 2
9 57 2
53 80 2
62 117 2
1 73 1
21 41 2
11 57 2
21 33 2
7 106 1
29 148 2
28 55 2
30 195 2
49 75 2
37 105 2
21 163 1
40 123 2
40 67 1
27 30 2
22 26 2
58 70 2
14 132 2
45 72 2
2 42 2
29 199 2
39 131 2
57 76 2
11 33 2
62 125 2
14 150 2
42 158 2
52 150 2
59 132 1
53 197 2
42 145 1
47 160 2
26 133 1
55 101 2
21 110 2
12 40 2
5 18 2
41 51 2
29 143 1
1 24 2
55 68 2
61 199 2
46 58 2
13 177 2
5 13 2
24 94 1
18 187 2
49 172 2
5 71 2
20 101 1
43 86 2
10 116 1
21 29 2
14 119 2
14 22 2
22 60 2
33 127 1
4 101 2
60 169 2
6 72 2
9 107 2
34 184 1
45 52 2
2 72 1
54 197 1
9 83 1
26 129 2
27 193 2
12 160 1
3 101 1
52 53 2
23 159 2
59 179 2
8 91 2
18 120 1
42 54 2
51 99 2
13 53 2
45 51 2
47 101 2
10 29 2
64 133 2
29 162 2
19 106 1
0 29 2
29 64 2
29 159 2
50 169 2
47 176 2
58 184 1
57 63 2
26 64 2
41 76 2
40 112 2
62 196 1
1 7 2
64 77 1
23 156 2
37 173 2
27 161 2
23 135 2
3 20 2
41 52 2
18 94 1
11 58 2
29 117 2
4 94 1
48 143 2
60 115 1
5 76 2
19 91 2
56 82 2
61 134 2
1 2 2
48 86 1
21 63 2
45 53 2
3 169 1
18 139 1
32 126 2
36 131 1
63 87 2
47 133 2
30 75 1
38 95 2
34 151 2
22 159 1
22 126 1
24 163 2
29 196 1
11 92 1
19 75 2
27 87 1
52 98 2
37 164 2
34 61 2
25 29 2
6 54 2
13 150 2
35 185 2
0 182 2
8 69 2
6 167 1
31 94 1
6 9 2
56 64 2
9 30 2
3 158 1
35 165 2
43 180 2
8 174 1
19 73 2
30 45 2
1 197 2
7 103 2
62 186 2
18 74 2
9 158 1
3 139 2
33 113 2
25 50 2
9 115 1
3 47 2
35 191 1
22 169 1
35 112 2
57 110 1
31 106 2
54 101 2
4 57 2
49 165 2
27 134 1
40 85 1
23 105 2
25 52 2
15 119 2
57 102 2
18 93 2
21 172 2
39 138 1
21 31 2
60 160 1
16 106 1
43 76 2
16 49 2
44 80 2
26 73 2
15 38 2
7 72 1
58 154 1
18 184 2
33 129 2
46 64 2
53 162 2
42 86 2
35 189 1
4 21 2
28 153 2
18 19 2
31 62 2
14 62 2
25 192 1
61 130 1
63 78 2
56 119 2
24 48 2
29 32 2
25 59 2
21 97 2
27 146 1
13 15 2
13 162 2
21 98 2
37 121 2
63 77 1
3 175 2
9 189 1
58 95 1
12 137 1
0 196 1
20 135 2
43 82 1
11 64 2
51 182 2
54 130 2
9 10 2
8 197 2
23 31 2
9 100 2
41 104 2
11 84 2
20 77 2
7 33 2
32 155 2
51 196 1
3 34 2
19 108 2
27 198 1
2 53 2
42 49 2
18 56 2
21 58 2
26 139 2
40 55 2
45 95 2
44 162 2
37 104 2
9 134 2
37 187 2
1 98 1
39 46 2
27 41 2
37 145 2
5 17 2
33 126 2
37 73 1
49 150 2
40 100 1
17 194 2
65 125 2
50 56 2
12 100 2
20 47 2
51 148 2
52 72 1
42 87 2
38 94 1
4 108 2
65 73 2
64 82 1
28 35 2
20 41 2
4 139 1
4 80 2
32 120 2
64 117 1
17 24 2
44 106 2
63 162 2
3 25 2
45 120 2
62 194 2
25 122 2
58 142 2
53 69 2
30 73 2
61 126 2
28 68 1
16 105 2
24 102 2
17 30 2
14 118 1
3 180 2
54 60 2
35 147 2
43 69 2
3 79 2
18 38 2
8 35 2
40 94 1
31 65 2
0 197 1
4 177 2
16 107 2
15 48 2
62 143 1
17 52 2
31 77 2
61 139 1
15 18 2
56 99 2
0 16 2
17 39 2
2 97 2
40 59 2
50 131 2
21 119 1
58 176 2
41 75 1
8 13 2
9 102 1
3 18 2
2 85 2
42 121 2
54 141 2
6 29 2
8 27 2
20 35 2
62 156 2
16 35 2
23 71 2
35 132 1
46 144 2
45 154 2
48 155 1
39 116 2
53 60 2
15 25 2
15 59 2
51 191 2
16 41 2
36 94 2
27 111 2
31 49 2
3 146 2
2 108 2
30 196 2
24 165 1
25 171 2
45 168 2
8 108 2
36 78 2
23 57 2
63 103 2
26 75 2
14 108 2
11 21 2
30 62 2
3 78 2
59 95 1
65 145 2
2 138 2
47 55 2
11 96 2
29 130 2
44 150 1
20 184 2
43 193 1
21 50 2
57 152 1
46 116 2
32 195 2
4 136 2
64 103 1
52 56 2
8 191 1
27 82 2
4 152 1
51 114 2
9 176 1
8 192 1
25 183 2
16 124 1
3 19 2
47 127 2
46 101 2
17 120 2
3 143 2
37 89 2
2 61 2
9 103 2
25 79 2
51 69 2
53 183 1
33 179 2
8 132 2
0 45 2
53 151 2
29 170 2
10 181 1
23 81 1
24 193 2
21 133 1
29 44 2
58 145 1
0 155 2
41 54 2
5 46 2
29 139 1
9 131 2
41 152 1
44 178 2
38 149 2
15 154 2
33 49 2
45 105 2
16 150 1
17 146 2
24 142 1
48 108 2
3 17 2
30 72 2
35 190 2
53 63 2
18 153 1
62 101 2
3 38 2
44 82 2
13 188 2
47 140 2
32 153 1
21 175 2
5 182 1
17 140 2
14 109 1
32 86 2
30 180 2
21 24 2
18 51 2
44 60 2
47 110 2
60 189 1
20 80 2
39 53 2
41 193 2
35 96 1
0 93 2
52 122 2
29 49 2
59 126 2
61 151 1
32 173 1
52 183 2
6 117 1
24 166 1
19 180 2
25 36 2
28 179 2
9 88 1
13 85 2
61 195 1
27 100 2
50 61 2
3 195 1
38 130 1
22 66 2
45 70 2
8 194 1
52 55 2
51 175 1
23 187 1
10 145 2
48 58 2
48 148 1
62 171 1
16 61 2
3 33 2
32 35 2
15 44 2
15 177 1
55 88 2
24 35 2
27 39 2
40 108 2
55 167 1
64 88 2
25 35 2
44 198 2
17 63 2
38 105 2
60 93 2
8 79 1
1 103 2
60 83 2
52 141 2
12 131 2
20 151 2
35 178 1
31 137 1
0 174 2
8 120 1
42 59 2
64 179 2
45 140 2
14 134 1
22 58 2
56 142 2
37 177 2
2 148 2
53 58 2
6 57 2
2 30 2
53 178 2
57 188 1
2 63 2
58 133 1
13 29 2
51 108 1
30 84 2
18 105 2
16 17 2
37 58 2
38 49 2
15 125 1
22 188 2
4 89 1
9 183 1
46 168 2
52 64 2
41 176 2
10 82 2
40 101 2
63 161 2
7 147 2
63 135 2
38 46 2
5 177 2
1 106 1
0 40 2
27 133 1
2 25 2
62 192 1
29 126 2
17 123 1
12 32 2
62 64 2
10 75 2
1 78 1
22 31 2
49 71 2
19 130 2
31 161 2
6 27 2
11 118 2
7 87 2
10 187 2
24 44 2
47 179 2
50 180 2
31 54 2
54 76 2
35 194 2
14 41 2
64 129 1
50 69 2
27 185 2
43 134 1
32 147 2
28 106 1
12 65 2
42 93 1
40 183 2
62 168 2
3 40 2
4 110 2
59 99 1
38 44 2
56 140 2
46 92 2
33 195 2
28 124 1
26 147 2
20 167 2
63 189 2
23 54 2
63 154 2
30 185 2
35 197 2
62 155 2
31 195 2
14 19 2
50 86 2
14 49 2
6 153 2
13 42 2
17 189 1
7 120 1
56 66 2
62 129 1
3 87 1
23 42 2
1 104 2
45 170 2
42 146 1
6 80 2
42 122 2
12 46 2
60 84 2
45 197 2
36 55 2
2 75 1
35 73 2
46 173 1
15 165 2
42 142 1
53 66 1
11 29 2
59 69 2
64 84 2
54 194 1
54 182 2
30 153 1
62 70 1
50 110 1
31 128 2
5 49 2
13 198 1
0 189 1
54 56 2
6 68 2
20 61 2
23 63 2
49 85 2
6 37 2
63 177 2
4 145 2
29 91 2
16 24 2
45 185 2
13 91 2
16 159 1
8 44 2
46 126 2
41 131 2
1 165 2
63 85 2
11 47 2
5 144 2
36 57 2
17 93 2
40 177 1
51 116 1
18 21 2
46 120 2
47 119 1
40 47 2
42 73 2
14 26 2
65 96 2
42 144 1
24 54 2
47 100 2
16 173 1
39 45 2
39 91 2
18 151 2
6 190 1
4 106 2
41 191 2
0 21 2
52 154 2
56 158 2
22 161 2
19 86 2
59 97 2
41 45 2
8 135 2
11 171 2
62 163 1
42 178 2
56 75 1
47 68 1
19 133 2
18 50 2
13 184 2
57 109 1
26 123 2
3 102 2
59 75 2
38 81 1
11 72 1
24 43 2
47 198 2
62 135 1
5 31 2
5 193 1
57 117 2
14 165 1
31 97 2
56 126 1
60 105 2
25 54 2
22 46 2
14 196 1
2 34 2
21 70 2
57 172 2
31 37 2
31 60 2
61 175 2
60 139 1
58 124 2
44 186 2
5 69 2
33 174 2
31 177 2
29 106 2
6 31 2
41 171 2
49 149 2
6 77 2
3 110 1
41 48 2
17 154 2
39 159 2
22 119 2
42 141 2
56 78 2
54 61 2
43 137 2
17 161 1
14 183 2
23 50 2
49 164 2
2 56 2
40 104 2
41 165 1
36 160 2
52 94 2
10 48 2
25 119 2
15 75 2
20 46 2
10 169 2
65 118 2
30 47 2
14 16 2
62 179 2
18 129 2
17 163 1
35 140 1
19 55 2
1 163 1
44 93 2
37 193 2
32 94 2
43 179 1
23 178 2
0 14 2
5 89 1
59 63 2
55 90 2
4 39 2
54 156 2
6 79 2
17 137 2
23 103 2
13 113 2
4 135 2
61 155 1
41 115 2
11 39 2
43 199 2
27 47 2
18 108 1
7 73 1
25 83 2
49 135 1
54 81 2
37 42 2
44 50 2
59 142 2
15 93 1
38 83 2
2 156 2
38 80 2
26 52 2
1 6 2
8 150 1
18 123 2
46 123 1
53 81 2
4 183 2
21 197 1
18 60 2
31 196 1
4 128 1
48 127 2
12 119 1
2 5 2
28 36 2
34 190 1
12 121 2
32 118 2
11 27 2
41 57 2
3 161 1
19 150 2
3 182 2
27 95 2
60 79 1
22 168 1
7 169 2
59 186 1
13 108 1
18 42 2
1 120 2
44 78 2
5 36 2
3 26 2
26 149 2
13 43 2
35 57 2
27 192 2
24 175 2
43 62 2
6 193 1
32 108 2
9 13 2
2 172 2
0 60 2
13 153 2
3 50 2
34 182 2
23 166 2
10 157 2
28 81 1
28 159 1
27 140 2
22 177 2
3 94 2
51 160 1
1 146 2
32 36 2
23 64 2
10 98 2
56 113 2
7 52 2
8 179 2
50 156 2
24 38 2
65 75 2
50 125 2
12 111 1
15 26 2
4 45 2
37 159 2
31 194 2
29 165 1
36 125 2
6 161 2
47 78 1
64 109 1
53 78 2
39 158 2
5 148 1
4 184 2
63 102 2
30 136 2
48 167 1
26 72 2
36 65 2
20 73 1
22 137 1
4 186 1
26 176 1
7 20 2
26 111 1
38 71 1
60 117 2
1 62 2
26 174 1
11 61 2
32 53 2
11 127 2
27 141 2
6 83 2
28 190 2
3 63 2
56 145 2
0 94 2
3 114 2
45 179 2
49 138 1
45 67 1
65 167 1
42 56 2
42 62 2
0 10 2
7 112 2
26 136 2
6 93 2
24 26 2
31 178 2
50 166 1
25 93 1
2 4 2
25 139 1
43 149 2
65 193 2
48 69 2
18 106 2
18 43 2
22 149 2
6 8 2
23 94 2
2 145 1
32 165 2
39 76 2
11 108 1
10 36 2
43 154 1
11 66 2
3 133 1
0 65 2
27 103 2
40 58 2
62 73 2
26 107 2
17 68 2
3 29 2
30 168 1
31 72 2
58 194 2
51 119 1
61 163 2
57 103 2
26 62 2
31 142 1
1 170 1
5 188 2
50 181 2
13 116 1
23 111 1
37 67 2
15 127 2
4 71 1
20 195 2
60 128 2
23 51 2
48 150 1
6 55 2
55 111 2
39 55 2
3 22 2
5 162 1
19 53 2
56 175 1
6 132 1
17 124 2
38 173 1
10 162 2
22 63 2
35 37 2
42 63 2
59 74 2
60 133 2
47 53 2
20 48 2
4 44 2
40 179 2
21 35 2
15 112 1
0 25 2
33 43 2
55 197 2
4 52 2
22 167 2
6 138 2
9 55 2
26 135 2
23 55 2
3 66 1
5 171 1
26 36 2
36 165 1
62 119 2
38 141 1
17 165 2
26 47 2
45 186 2
65 171 2
1 101 2
55 74 2
13 20 2
18 63 2
7 152 1
11 133 2
15 123 2
19 51 2
23 47 2
8 55 2
33 191 2
25 43 2
4 143 2
62 69 2
10 64 2
34 156 2
43 156 1
33 149 1
13 58 2
17 43 2
18 81 2
27 191 2
15 179 2
34 107 1
35 42 2
35 153 2
3 36 2
9 50 2
10 81 1
4 73 2
32 166 2
52 178 1
43 73 2
51 142 1
56 167 2
0 18 2
11 37 2
10 101 1
21 196 1
8 97 2
57 186 2
41 122 2
15 16 2
45 147 2
18 180 2
10 110 1
0 8 2
6 95 2
56 181 2
28 40 2
4 30 2
51 63 2
49 96 1
47 56 2
56 63 2
36 49 2
16 40 2
39 120 2
2 184 2
41 47 2
10 16 2
29 131 2
37 87 2
55 128 2
30 162 1
32 136 2
55 96 2
16 76 2
15 185 1
45 130 1
50 109 2
29 132 2
60 188 1
14 181 1
13 174 2
17 149 1
19 39 2
36 46 2
0 53 2
34 108 2
13 110 2
14 175 1
5 176 1
48 95 1
36 183 2
13 67 2
46 121 2
24 57 2
37 169 2
17 112 2
42 119 2
62 140 2
8 103 2
42 175 2
13 32 2
20 174 2
10 156 2
48 169 2
42 107 2
22 30 2
22 40 2
29 57 2
64 199 1
43 135 1
58 79 1
38 161 1
52 134 2
10 37 2
47 190 2
48 128 2
36 90 2
57 168 1
32 90 2
32 184 1
9 165 2
64 116 1
37 167 2
16 26 2
22 160 2
27 48 2
40 180 2
57 124 2
35 65 2
65 103 2
34 75 2
9 19 2
20 36 2
14 173 1
23 98 2
52 128 1
2 35 2
4 19 2
30 108 1
8 128 2
61 132 1
34 120 2
47 174 1
44 167 2
47 97 2
56 77 1
29 46 2
35 84 1
2 76 1
60 131 1
20 120 2
6 111 1
19 154 2
2 111 1
56 192 1
23 145 1
28 199 2
13 17 2
44 124 2
2 74 2
48 180 2
14 124 1
50 62 2
24 192 2
56 185 1
46 143 1
21 43 2
2 143 2
34 62 2
30 42 2
38 102 2
53 163 1
12 157 1
19 141 2
35 81 2
8 176 2
64 153 1
6 157 1
41 182 1
1 39 2
28 38 2
30 177 1
18 22 2
18 171 1
24 139 2
5 6 2
10 38 2
42 177 2
19 62 2
54 113 2
21 136 2
49 98 2
37 113 2
64 170 1
11 52 2
60 87 2
45 182 2
12 132 2
43 96 2
56 85 2
18 194 1
2 146 1
32 65 2
61 119 2
13 194 2
18 24 2
12 54 2
52 101 2
5 163 1
5 119 2
56 135 2
28 62 2
57 111 2
0 136 2
44 156 2
4 124 2
61 95 1
37 55 2
56 169 1
58 151 1
41 110 2
5 28 2
29 103 1
7 43 2
9 66 2
62 94 2
25 180 1
0 55 2
18 65 2
24 147 1
20 32 2
33 34 2
55 98 2
5 40 2
56 60 2
32 97 1
48 87 2
57 145 1
49 97 2
65 197 1
37 163 2
8 11 2
45 66 2
32 131 1
24 36 2
0 77 1
59 192 2
19 125 2
35 187 2
44 51 2
18 45 2
11 121 2
7 51 2
23 91 2
59 107 1
15 162 2
52 184 2
40 98 2
1 173 2
1 130 1
30 141 1
8 59 2
60 196 1
34 49 2
65 157 2
1 125 1
20 142 2
26 158 2
5 195 2
26 59 2
27 99 1
7 191 2
40 62 2
34 42 2
16 161 1
2 44 2
11 88 2
40 184 2
61 180 2
27 172 2
17 96 2
9 96 2
0 5 2
49 198 2
36 69 1
14 47 2
23 163 2
35 129 1
63 164 2
60 100 2
7 17 2
54 64 2
9 87 2
65 195 2
54 181 2
20 164 1
47 104 2
28 66 2
23 77 2
64 119 1
29 190 2
3 197 2
38 191 2
64 92 2
60 145 1
37 126 1
37 154 2
36 85 1
45 86 2
43 183 2
54 58 2
5 90 2
42 51 2
43 115 2
16 110 1
14 46 2
10 155 2
10 85 2
6 49 2
8 64 2
10 92 2
17 132 1
16 120 2
64 143 1
65 176 2
30 34 2
42 74 1
15 102 2
31 41 2
41 65 2
48 194 1
2 59 2
17 51 2
5 82 1
26 63 2
17 182 2
19 90 2
12 28 2
32 37 2
30 111 1
54 165 2
13 199 2
44 56 2
6 175 2
17 105 2
62 184 2
32 145 2
42 55 2
19 173 2
21 90 2
29 41 2
23 188 2
10 22 2
4 97 2
27 97 2
30 157 1
36 123 1
1 36 2
4 137 2
3 41 2
54 66 2
2 18 2
39 121 2
5 79 1
34 193 2
42 185 2
43 132 2
23 148 1
40 86 2
4 31 2
26 134 1
5 62 2
9 190 2
41 124 1
19 118 1
36 110 2
12 18 2
5 8 2
1 192 2
16 142 2
20 145 2
39 164 2
50 152 2
19 31 2
55 64 2
0 43 2
23 30 2
53 198 2
30 53 2
31 170 2
35 40 2
31 197 1
14 20 2
26 103 2
24 151 1
46 115 2
1 135 1
32 197 2
12 149 2
10 63 2
20 196 2
21 48 2
60 199 2
31 174 2
40 171 2
14 198 1
13 103 1
24 178 2
19 35 2
50 63 2
46 100 1
29 134 2
4 112 2
15 53 2
24 146 2
50 52 2
20 49 2
18 29 2
44 92 1
7 113 2
29 38 2
18 67 2
63 174 2
35 77 1
3 93 2
0 58 2
2 50 2
56 114 2
31 42 2
31 85 2
30 104 2
58 197 2
46 114 1
52 189 1
53 165 2
39 62 2
14 24 2
41 159 1
0 177 1
5 14 2
33 123 2
54 68 1
29 85 1
14 137 2
19 44 2
56 97 2
58 192 2
46 96 1
54 91 1
42 156 2
25 159 1
49 182 2
1 198 1
4 62 2
18 55 2
63 74 2
14 129 1
42 90 1
2 8 2
55 135 1
39 171 1
9 175 1
23 194 1
47 139 2
14 30 2
41 53 2
9 63 2
9 148 1
65 84 2
49 51 2
9 75 1
30 112 1
5 63 2
1 22 2
35 106 2
36 101 2
45 62 2
6 30 2
2 86 2
44 157 2
23 182 2
51 137 1
61 131 1
48 77 2
10 195 2
39 136 2
61 66 1
15 105 1
5 15 2
5 95 2
14 90 2
21 151 2
22 43 2
57 193 2
28 181 1
5 37 2
33 67 2
26 182 2
0 152 2
18 41 2
28 70 2
25 91 2
2 49 2
15 129 1
16 177 1
23 97 1
4 159 2
55 85 2
59 176 2
27 98 1
32 89 2
57 199 2
23 65 2
40 118 1
50 165 2
12 103 1
43 54 2
2 33 2
38 110 1
62 195 2
17 152 2
11 25 2
22 142 2
10 68 2
46 98 2
58 166 1
44 195 2
34 57 2
8 42 2
43 114 2
52 186 2
5 159 1
6 118 1
1 19 2
21 100 1
56 58 2
53 88 1
3 152 2
36 126 2
9 114 2
22 166 2
58 106 1
15 113 1
39 80 2
3 9 2
2 192 1
4 147 2
16 30 2
51 154 1
11 45 2
8 53 2
29 76 2
38 118 2
15 88 1
14 54 2
3 11 2
28 60 2
54 166 2
35 43 2
10 152 1
24 154 2
19 57 2
25 188 2
4 20 2
3 5 2
10 54 2
21 87 1
18 174 2
11 15 2
63 84 2
29 34 2
49 57 2
18 79 1
21 177 2
6 84 2
43 58 2
37 158 2
7 162 2
49 122 2
29 42 2
61 148 2
62 187 1
13 181 2
16 18 2
30 164 2
21 86 1
62 146 1
53 170 2
64 66 2
42 129 1
49 106 2
48 163 2
12 82 1
31 152 1
34 68 2
27 154 2
53 85 2
2 64 2
24 61 2
30 55 2
27 49 2
16 133 2
30 57 2
0 173 2
65 144 1
34 90 2
45 103 2
33 153 2
62 151 2
46 195 1
7 12 2
9 184 2
55 139 2
35 120 1
19 122 2
13 142 2
24 99 1
15 107 1
31 58 2
40 193 2
21 93 1
23 62 2
38 187 1
27 115 2
8 77 1
35 170 2
35 53 2
18 59 2
22 151 1
34 153 2
15 92 1
41 71 1
24 141 1
6 172 2
58 90 2
37 65 2
65 129 1
30 89 2
24 62 2
21 49 2
34 55 2
43 119 1
23 183 2
63 194 1
24 47 2
31 180 2
33 75 1
63 69 1
53 148 2
16 194 2
9 61 2
6 99 1
22 191 2
26 184 2
8 136 2
22 91 2
12 136 1
56 117 2
26 195 2
50 95 2
58 68 1
17 98 1
54 142 2
28 180 2
32 103 2
49 145 2
59 93 2
60 101 1
8 129 2
61 143 2
1 93 2
46 51 2
60 102 2
31 32 2
14 45 2
37 86 1
31 99 2
60 149 1
58 149 1
30 115 2
6 176 2
38 91 1
46 167 1
10 172 2
65 161 2
48 55 2
48 101 2
59 122 1
25 65 2
2 60 2
26 43 2
40 194 2
65 164 2
45 136 2
31 119 2
0 20 2
39 198 1
9 16 2
58 144 2
55 146 2
58 108 1
2 45 2
42 152 2
11 69 2
49 147 1
38 43 2
54 124 2
20 171 2
8 162 1
29 108 2
33 109 2
46 163 1
35 89 2
33 38 2
13 105 2
61 142 1
40 54 2
49 124 2
19 64 2
40 106 2
39 54 2
27 132 1
26 49 2
31 124 2
14 38 2
44 115 1
43 125 2
9 104 2
48 162 2
43 165 1
18 137 1
36 189 1
41 147 2
18 73 1
4 13 2
36 186 1
15 138 2
65 187 1
38 140 1
64 127 1
28 31 2
45 162 2
3 118 2
63 156 2
58 155 2
11 168 1
27 58 2
45 138 1
5 64 2
5 152 2
14 142 2
38 168 1
51 134 2
12 174 2
41 163 1
1 33 2
19 27 2
14 144 2
47 65 2
16 50 2
3 69 2
37 103 2
12 34 2
63 113 1
13 191 1
46 73 1
32 130 1
40 145 1
6 123 2
17 185 2
6 164 2
17 92 2
15 31 2
16 134 2
57 189 2
54 105 2
41 92 2
21 53 2
52 120 2
31 43 2
35 118 1
26 124 2
53 158 1
47 48 2
30 48 2
4 23 2
35 98 2
14 92 2
52 164 2
44 81 1
0 151 2
21 132 1
46 71 2
8 43 2
2 40 2
51 120 2
15 19 2
45 49 2
42 162 2
53 154 1
22 68 1
13 99 2
60 166 2
6 114 2
9 139 1
40 116 2
48 157 1
25 141 2
2 57 2
52 163 2
30 107 1
41 93 2
7 157 1
58 71 2
45 150 2
40 166 2
4 58 2
45 90 2
58 62 2
6 11 2
60 156 2
11 34 2
43 152 1
21 125 2
32 50 2
57 118 2
4 189 1
10 119 2
7 63 2
7 11 2
24 180 2
12 153 1
27 138 1
27 184 2
42 191 2
52 136 1
4 54 2
46 105 2
39 146 1
5 75 2
51 101 2
62 189 1
36 116 2
13 167 2
51 195 1
62 174 2
6 148 2
52 185 1
7 64 2
10 61 2
55 72 2
36 166 2
43 87 1
52 177 2
3 127 2
15 29 2
5 22 2
20 140 2
3 136 2
20 152 2
47 71 2
34 43 2
31 131 1
23 102 2
23 60 2
35 124 2
42 113 2
12 189 2
47 107 2
13 133 1
23 39 2
2 144 1
22 186 1
0 28 2
63 169 2
59 147 2
6 185 2
43 63 2
50 59 2
1 143 2
5 9 2
27 190 1
52 190 2
27 70 2
36 52 2
26 40 2
30 85 1
3 171 1
20 81 2
24 39 2
3 96 2
2 187 1
30 96 2
41 70 2
39 199 1
55 119 1
21 37 2
43 150 2
20 139 2
38 58 2
60 127 1
45 97 2
46 134 2
22 146 2
8 122 1
30 110 2
29 37 2
33 96 2
21 134 2
61 177 2
56 144 2
62 123 2
58 72 1
42 188 2
2 195 2
46 156 2
8 198 2
2 79 2
19 26 2
65 66 2
28 43 2
27 125 1
56 111 1
64 186 2
34 130 1
25 130 1
46 190 2
46 94 2
41 156 2
51 83 1
38 72 2
8 92 2
36 176 2
40 162 2
12 197 1
8 166 2
28 78 1
36 172 1
26 117 2
8 119 2
17 34 2
61 125 2
11 13 2
4 119 2
64 180 2
42 57 2
13 81 2
11 190 1
9 85 1
55 91 1
13 65 2
3 77 2
3 12 2
6 183 2
52 156 1
17 82 1
55 190 2
50 115 1
47 96 2
20 29 2
20 149 2
43 74 2
34 146 1
62 105 2
43 181 2
36 39 2
63 99 2
32 139 2
30 146 1
42 72 1
48 118 2
12 38 2
20 55 2
44 48 2
59 175 1
53 62 2
28 71 1
44 99 2
23 117 1
6 56 2
11 59 2
63 178 2
13 114 2
42 60 2
57 82 2
34 110 2
9 156 1
14 27 2
41 148 1
49 82 1
7 104 2
28 29 2
48 52 2
13 18 2
38 100 2
9 49 2
2 132 2
20 197 1
35 128 2
43 65 2
60 154 2
14 158 1
19 71 1
8 95 2
16 101 2
43 116 2
27 60 2
24 119 2
0 123 1
16 112 2
22 103 1
29 50 2
35 79 2
9 130 1
39 152 2
42 153 2
65 135 2
62 175 2
13 178 2
36 147 2
32 48 2
61 179 2
2 39 2
6 13 2
21 76 2
14 114 2
31 116 2
43 184 2
13 158 1
42 105 2
49 112 1
39 78 1
7 66 1
53 116 2
50 106 1
1 69 2
15 22 2
38 92 2
31 64 2
29 116 2
10 100 2
24 173 1
60 120 2
51 153 1
34 155 2
29 123 2
41 184 2
15 108 2
17 37 2
28 156 1
3 194 2
12 178 2
37 66 2
40 41 2
47 87 2
3 21 2
9 64 2
10 89 1
37 57 2
51 166 2
28 189 2
23 92 2
55 171 1
9 127 1
41 56 2
36 63 2
40 57 2
3 39 2
36 95 2
17 72 2
8 36 2
9 168 1
31 110 2
43 103 2
13 73 1
1 66 1
47 143 1
11 26 2
30 56 2
35 86 2
29 153 2
41 154 2
63 125 2
45 127 2
19 190 2
44 58 2
51 111 1
57 85 2
24 28 2
9 72 2
65 147 2
50 164 2
10 177 1
10 52 2
11 120 2
5 27 2
27 45 2
0 87 2
48 190 2
42 150 1
3 179 2
22 183 2
4 9 2
63 160 1
21 45 2
33 115 2
9 106 1
6 65 2
32 104 2
1 154 2
28 112 1
50 199 1
16 44 2
27 142 2
6 48 2
25 124 1
16 56 2
49 103 2
33 85 2
8 49 2
36 192 2
1 84 1
35 111 1
6 23 2
14 117 2
19 40 2
39 68 2
13 47 2
27 109 1
63 101 2
61 74 1
55 100 2
55 154 1
8 167 2
60 143 2
21 51 2
6 92 1
31 140 1
2 17 2
47 126 2
59 113 2
53 168 2
32 196 2
36 56 2
13 148 2
0 161 2
58 128 2
36 42 2
12 199 1
58 63 2
4 25 2
14 94 2
20 118 1
10 106 2
16 183 2
45 132 1
51 183 1
33 76 1
51 170 2
15 71 2
19 182 1
6 198 1
54 103 2
60 113 1
55 81 2
59 102 2
21 67 2
11 30 2
31 164 2
5 60 2
17 25 2
34 143 2
52 165 1
52 192 2
6 82 2
13 143 1
38 164 1
60 94 2
40 60 2
7 58 2
41 68 2
5 58 2
30 117 2
7 54 2
19 59 2
13 183 2
32 57 2
53 113 2
20 165 2
11 179 1
58 180 2
53 135 2
53 112 1
5 10 2
29 63 2
14 53 2
15 79 2
51 75 1
11 163 1
27 160 2
61 98 2
25 161 1
1 172 2
63 83 2
46 141 2
8 82 2
48 89 1
54 69 2
43 136 2
10 26 2
56 79 2
46 177 2
2 118 2
38 175 2
0 134 2
38 108 2
13 54 2
18 33 2
21 190 2
48 72 2
28 95 1
52 145 2
35 181 2
38 134 1
57 81 2
26 96 2
13 37 2
45 114 2
6 7 2
8 41 2
14 163 2
27 194 2
48 165 1
54 72 2
1 26 2
43 59 2
21 38 2
9 192 2
38 138 2
27 94 2
59 161 2
36 93 2
49 171 1
9 17 2
12 24 2
20 170 2
6 128 2
41 186 1
20 79 2
26 79 2
60 192 2
22 38 2
54 65 2
17 71 2
36 138 2
50 137 2
19 151 2
47 52 2
55 176 1
10 60 2
0 15 2
10 31 2
29 90 2
52 123 1
60 114 2
14 171 2
15 187 2
1 195 2
5 56 2
12 76 2
49 115 2
11 184 1
61 171 1
56 162 2
31 67 2
27 33 2
0 126 2
34 136 2
56 168 2
26 58 2
1 55 2
13 102 1
37 118 2
55 151 1
7 166 1
52 172 2
63 123 2
47 128 1
8 130 2
34 102 2
7 185 2
38 55 2
6 156 1
17 53 2
31 160 2
63 90 2
1 64 2
35 61 2
28 54 2
24 132 2
28 46 2
38 64 2
2 151 2
14 95 1
29 81 1
0 39 2
3 153 1
40 137 2
4 102 2
61 84 1
28 49 2
59 64 2
65 136 2
2 93 2
5 50 2
29 187 1
1 161 1
5 138 1
45 113 2
40 173 2
23 48 2
58 160 2
10 174 2
14 72 1
10 94 2
18 40 2
13 75 2
42 155 2
54 174 2
25 114 2
40 61 2
19 56 2
36 151 2
36 170 1
7 77 1
0 109 1
53 105 2
47 154 2
40 87 1
48 173 1
36 61 2
32 188 2
48 113 2
23 45 2
6 22 2
43 108 1
45 146 2
8 46 2
25 39 2
18 53 2
8 196 1
20 114 2
49 137 2
62 111 2
26 120 1
13 130 1
47 138 1
39 51 2
0 157 2
27 35 2
39 153 2
5 47 2
25 32 2
17 195 2
22 52 2
64 162 2
23 193 2
54 95 2
22 54 2
52 59 2
36 124 1
14 168 2
61 104 2
58 76 2
18 44 2
48 122 1
33 97 1
23 33 2
51 163 1
21 144 2
28 135 2
58 138 1
15 17 2
9 51 2
59 79 1
34 97 2
3 57 2
32 64 2
15 39 2
65 184 2
42 52 2
34 51 2
33 37 2
3 121 2
32 43 2
57 104 2
60 174 1
16 128 1
44 117 2
57 129 1
13 149 1
28 176 2
28 172 2
64 69 1
24 111 1
26 131 1
42 127 2
52 93 1
17 108 2
6 159 1
11 126 2
12 21 2
40 91 2
25 63 2
12 56 2
44 149 2
64 136 2
16 79 1
28 61 2
31 59 2
35 91 2
62 66 2
55 61 2
10 25 2
24 172 1
15 141 2
10 47 2
8 143 2
49 88 2
0 13 2
61 150 2
25 184 1
46 179 2
25 194 2
42 43 2
31 130 2
20 176 1
18 160 2
7 116 1
43 163 1
22 92 2
43 146 1
23 90 2
10 133 2
11 125 1
5 196 1
14 83 1
12 105 2
49 175 1
9 194 2
10 15 2
42 181 2
18 152 2
19 30 2
33 188 2
53 90 1
19 77 2
7 136 1
26 168 2
10 127 1
11 40 2
2 114 2
7 24 2
3 178 1
13 154 2
11 155 2
15 35 2
2 47 2
32 157 2
13 35 2
38 69 2
0 142 2
20 93 2
1 12 2
56 74 1
5 19 2
41 105 1
42 167 2
16 89 2
14 187 2
45 193 2
36 40 2
14 135 2
43 157 2
25 48 2
40 147 2
15 24 2
56 165 2
22 154 2
7 107 1
42 157 2
15 20 2
15 167 2
23 142 2
52 69 2
36 155 2
5 23 2
64 72 1
20 129 2
40 188 2
37 135 2
43 50 2
39 57 2
36 74 2
23 181 1
63 166 2
29 115 2
34 52 2
58 74 1
10 76 1
18 77 2
52 161 1
6 103 2
25 49 2
28 101 2
7 9 2
27 42 2
12 107 2
37 160 2
5 180 1
22 110 2
62 182 1
37 196 1
12 135 2
28 167 2
25 41 2
2 82 2
11 167 2
4 48 2
40 132 2
15 74 2
15 52 2
13 31 2
33 79 1
8 148 1
48 123 2
28 65 2
7 187 2
10 56 2
35 161 2
24 159 2
3 53 2
46 56 2
14 48 2
46 85 2
61 149 2
19 104 2
38 63 2
47 88 1
57 59 2
11 154 2
45 188 2
5 77 1
7 10 2
13 45 2
51 193 2
23 53 2
55 113 2
7 163 2
64 156 1
4 173 2
61 72 1
49 50 2
16 73 2
14 35 2
7 30 2
28 67 2
57 67 2
46 139 2
16 137 1
11 149 1
15 45 2
55 73 2
46 90 2
32 96 2
59 171 2
57 128 1
5 141 2
33 78 2
38 183 2
29 160 2
38 67 1
7 84 2
22 105 1
47 130 2
21 92 1
35 137 2
46 95 2
14 97 2
13 36 2
17 90 2
41 58 2
42 64 2
30 114 1
47 61 2
5 143 2
44 132 1
32 189 2
20 24 2
47 180 2
19 194 2
30 52 2
38 179 1
40 187 2
27 31 2
65 113 2
48 149 2
37 90 2
11 136 2
24 90 1
59 197 1
15 122 2
12 90 1
18 157 1
18 70 2
39 128 2
33 51 2
22 176 1
62 128 2
28 82 2
43 126 2
26 140 1
12 146 2
16 28 2
16 52 2
62 191 1
45 63 2
61 86 2
57 159 2
58 143 2
32 162 2
53 55 2
0 188 1
45 111 2
65 102 1
25 92 2
63 172 2
42 50 2
16 147 1
12 97 2
35 72 2
12 113 1
57 73 2
47 163 2
18 39 2
17 139 1
8 54 2
59 127 1
25 100 1
39 163 1
42 68 1
10 17 2
22 134 1
4 197 2
32 87 1
36 51 2
20 110 2
60 63 2
11 138 2
43 56 2
6 64 2
1 76 1
18 161 2
1 116 2
28 41 2
65 150 2
29 36 2
8 74 2
6 96 1
4 191 1
20 162 1
24 169 2
3 115 2
44 45 2
29 61 2
12 87 2
29 185 1
54 92 1
50 96 1
45 129 2
10 74 2
6 14 2
6 58 2
16 191 1
16 96 2
44 140 1
22 136 1
33 58 2
26 35 2
34 95 2
49 120 1
20 103 2
0 193 2
28 30 2
26 125 1
48 54 2
13 90 1
23 114 2
11 28 2
2 107 1
21 85 2
26 188 2
21 123 2
32 51 2
44 197 2
58 181 2
21 28 2
2 37 2
18 75 2
35 50 2
23 43 2
7 18 2
43 133 1
22 34 2
6 33 2
6 104 1
8 126 1
12 190 1
25 157 2
4 43 2
30 143 2
64 183 2
22 172 1
24 149 1
13 22 2
65 104 1
61 115 2
38 146 1
29 71 2
45 79 2
54 133 2
37 188 2
37 64 2
22 113 1
61 111 1
28 160 2
22 96 1
21 120 2
53 189 1
9 111 1
64 195 2
23 79 2
6 179 2
56 121 2
50 120 2
7 132 2
28 59 2
53 136 2
0 23 2
17 65 2
42 103 1
17 134 1
30 134 2
53 131 2
13 98 2
51 64 2
51 73 2
42 79 1
52 58 2
17 172 2
26 141 1
4 127 2
0 130 2
24 186 1
11 135 2
6 94 2
32 60 2
49 121 2
41 134 1
63 198 2
2 134 2
30 44 2
30 67 2
34 74 1
51 199 2
21 59 2
30 43 2
24 56 2
28 166 2
26 37 2
21 183 2
22 153 2
59 120 2
1 67 2
1 157 2
18 193 1
63 80 1
3 68 1
52 187 1
52 80 2
14 69 2
12 48 2
29 129 2
20 194 1
23 107 1
3 108 2
13 56 2
55 114 1
25 151 1
17 184 1
8 60 2
24 49 2
60 71 1
60 104 2
15 197 1
15 67 1
39 141 2
14 148 1
61 117 2
24 179 2
13 40 2
7 22 2
41 144 2
21 131 1
59 141 1
21 26 2
41 89 2
25 51 2
48 57 2
32 102 1
25 28 2
7 199 2
42 99 2
22 112 2
40 111 2
16 165 2
5 88 2
30 128 2
52 153 2
29 95 2
21 54 2
32 175 2
53 77 1
0 190 2
65 89 2
40 50 2
4 5 2
14 112 2
6 119 2
38 98 2
29 174 2
33 197 2
38 163 2
2 117 2
42 120 1
44 46 2
27 135 2
3 89 2
58 69 2
45 59 2
59 106 2
19 137 1
58 66 1
30 184 2
53 134 2
10 175 2
38 104 2
35 71 2
31 84 1
18 54 2
24 135 2
19 94 2
29 31 2
30 60 2
54 63 2
2 3 2
30 38 2
39 140 2
20 66 2
43 64 2
45 131 2
41 101 2
47 185 2
8 193 1
50 167 2
16 55 2
30 192 2
39 114 1
2 162 2
2 26 2
23 28 2
5 16 2
51 157 2
59 196 2
0 128 2
48 61 2
47 86 2
1 75 1
19 48 2
45 112 2
23 87 2
2 120 1
15 98 2
3 147 1
9 119 2
51 61 2
20 30 2
22 56 2
22 195 2
61 122 2
16 174 1
12 133 2
15 65 2
40 65 2
38 172 1
59 166 1
57 107 2
40 52 2
8 26 2
38 50 2
11 49 2
4 17 2
54 110 2
26 67 1
29 59 2
52 169 1
41 98 2
32 115 2
23 191 1
29 56 2
50 89 2
54 163 1
57 143 1
0 52 2
53 133 2
7 158 1
32 79 2
12 19 2
55 102 1
31 144 2
40 138 2
37 166 1
33 181 2
0 38 2
13 179 2
49 61 2
48 51 2
64 164 1
21 46 2
18 57 2
37 46 2
35 67 2
16 118 1
0 59 2
40 53 2
3 159 2
60 187 2
44 75 2
44 136 1
2 163 2
4 155 2
2 67 1
4 10 2
65 160 2
56 91 2
13 48 2
52 142 2
30 150 2
1 187 1
54 198 2
30 160 2
16 156 1
7 189 1
47 183 2
65 130 2
33 177 1
51 178 1
10 13 2
25 189 1
38 115 1
15 183 2
37 43 2
2 10 2
11 166 1
19 170 1
61 63 2
15 111 1
21 102 2
20 23 2
19 184 2
25 164 2
60 136 2
8 17 2
16 100 1
60 118 2
47 124 2
20 188 2
8 100 2
4 193 2
0 37 2
48 120 1
61 64 2
23 197 2
38 154 2
48 53 2
5 48 2
33 155 2
62 158 2
29 65 2
29 176 1
56 149 2
30 49 2
6 44 2
0 27 2
56 176 1
16 98 1
9 171 1
57 176 2
40 48 2
51 59 2
4 60 2
2 58 2
48 99 2
2 15 2
19 121 2
44 152 2
47 70 1
27 63 2
59 158 2
26 61 2
52 196 2
27 131 1
38 144 2
47 95 2
65 107 2
37 162 2
13 165 2
5 115 2
25 105 1
4 126 2
60 158 2
51 79 2
50 175 2
16 92 1
37 61 2
35 62 2
51 105 2
61 101 1
57 175 1
30 179 1
31 70 1
50 190 1
36 182 2
38 189 2
4 68 2
61 173 2
59 77 2
11 147 1
12 92 1
12 194 1
57 198 2
25 108 1
3 64 2
27 182 2
58 159 2
12 155 2
43 148 2
52 70 2
42 143 2
30 120 1
32 142 1
3 55 2
59 190 2
31 168 1
63 192 2
51 109 2
10 32 2
36 119 2
61 159 2
30 87 2
20 52 2
19 185 2
4 74 2
28 34 2
65 117 2
8 75 2
10 142 2
30 151 2
13 19 2
19 168 2
28 48 2
52 197 1
12 63 2
4 162 2
47 197 2
26 104 2
35 109 2
47 150 1
9 18 2
31 50 2
19 134 2
50 103 2
26 65 2
30 123 2
36 161 2
49 78 1
29 138 2
41 61 2
48 83 2
11 102 2
57 66 1
55 120 2
14 23 2
24 31 2
26 143 2
47 158 2
42 85 2
60 148 2
63 138 2
25 129 1
4 130 1
53 61 2
6 28 2
58 173 2
13 119 2
43 170 2
12 165 1
58 175 2
65 116 2
24 177 2
48 181 1
36 188 1
13 49 2
5 104 2
11 12 2
38 166 1
57 162 2
11 107 2
17 62 2
53 181 1
13 68 2
42 108 2
27 170 1
7 177 1
48 170 2
5 187 2
39 89 2
11 51 2
28 140 1
38 77 2
19 23 2
47 98 2
54 138 2
50 141 2
9 31 2
21 32 2
20 70 2
22 100 2
56 89 1
35 88 1
31 39 2
35 55 2
32 49 2
61 186 2
48 94 2
4 157 1
53 71 2
60 61 2
51 57 2
22 164 2
60 90 2
6 180 1
44 102 2
16 198 2
18 134 2
13 122 1
42 126 2
51 125 1
1 18 2
44 62 2
39 101 1
16 80 1
40 102 2
63 197 2
6 162 1
23 143 2
47 63 2
28 126 2
24 46 2
14 113 2
56 105 1
64 147 2
24 156 2
33 86 2
35 105 2
52 170 1
19 50 2
18 128 1
16 192 1
4 185 1
56 179 1
22 35 2
38 124 2
37 190 1
16 154 1
61 77 2
61 109 2
39 191 1
46 91 1
52 166 1
8 155 1
6 45 2
29 152 2
26 186 2
7 8 2
26 38 2
13 117 2
52 91 1
18 90 2
34 144 2
46 176 2
54 171 1
35 152 2
50 135 1
23 196 1
31 153 2
44 63 2
2 24 2
30 61 2
32 45 2
43 51 2
6 112 1
21 73 2
10 65 2
21 25 2
32 170 2
43 187 2
24 67 1
24 72 2
9 137 2
42 140 2
17 29 2
13 51 2
14 104 2
10 77 1
12 114 2
33 159 2
24 170 2
54 158 2
2 19 2
16 148 1
34 58 2
26 28 2
34 126 1
56 193 2
40 46 2
8 47 2
2 174 1
61 106 1
22 27 2
9 135 2
43 109 2
36 76 1
27 119 1
40 120 1
19 67 2
8 39 2
48 76 2
34 137 1
62 92 1
15 146 2
26 163 2
34 154 1
44 57 2
40 182 2
50 151 1
0 88 2
44 153 2
51 136 2
7 48 2
26 132 1
0 7 2
0 4 2
23 168 2
25 174 1
17 110 1
48 74 2
48 119 1
28 53 2
11 122 2
16 29 2
27 107 2
61 79 2
63 67 2
51 53 2
1 37 2
61 91 2
5 65 2
10 115 1
62 96 2
7 155 1
62 115 2
45 68 2
22 33 2
20 27 2
45 56 2
18 113 2
38 182 2
27 186 2
41 183 1
1 136 1
8 72 2
5 118 2
55 164 2
52 117 1
48 79 2
55 192 2
11 150 2
31 73 2
34 116 2
61 97 2
14 60 2
48 137 1
1 32 2
18 103 2
51 156 2
6 59 2
24 174 1
35 66 2
26 41 2
57 79 2
32 191 2
2 94 1
63 188 2
3 130 1
55 147 1
25 71 2
54 183 2
22 118 2
20 33 2
64 105 2
17 158 2
26 33 2
60 132 2
20 42 2
34 183 2
62 176 2
11 131 1
63 167 2
49 86 2
59 87 2
48 131 1
28 45 2
26 93 1
15 144 1
7 14 2
18 78 2
36 83 2
49 186 2
29 77 2
6 154 2
14 71 2
16 19 2
24 103 2
12 98 1
19 119 2
30 63 2
12 42 2
42 132 2
15 116 2
55 182 1
41 197 2
24 189 2
49 111 1
6 152 1
20 193 2
7 129 2
64 65 2
37 60 2
25 126 2
20 132 1
56 57 2
11 38 2
41 55 2
4 42 2
65 170 2
18 102 2
49 199 2
44 53 2
48 117 1
20 98 2
21 22 2
7 95 2
56 62 2
16 103 2
30 102 1
53 89 2
27 44 2
10 109 2
9 32 2
19 98 2
8 45 2
1 8 2
53 193 1
3 35 2
31 132 2
37 148 1
0 1 2
31 92 1
17 101 2
0 3 2
0 159 2
35 36 2
39 47 2
54 109 1
56 72 1
49 129 2
44 130 2
19 155 2
10 50 2
61 166 1
2 109 2
31 88 2
11 191 2
46 147 2
35 49 2
10 144 1
29 30 2
63 168 2
60 135 2
41 46 2
12 169 2
10 165 2
39 93 2
33 148 1
3 176 1
23 68 2
11 129 2
33 173 1
54 170 1
4 100 1
7 198 2
9 26 2
25 115 2
59 168 1
20 85 2
2 139 2
60 172 2
54 59 2
24 182 2
3 13 2
27 108 2
45 61 2
45 115 2
7 27 2
13 196 1
64 115 1
43 92 2
40 49 2
51 194 1
8 52 2
1 71 1
1 183 1
64 74 2
0 63 2
39 72 2
51 128 1
26 53 2
0 80 2
48 90 2
25 106 2
33 152 2
47 66 2
41 169 2
54 186 1
44 184 1
13 157 2
7 182 1
49 60 2
6 141 1
35 158 2
0 163 1
10 132 2
20 54 2
32 150 1
7 139 1
41 100 2
17 87 2
21 198 2
30 33 2
55 196 1
5 35 2
45 123 1
18 37 2
29 110 2
57 133 2
49 59 2
29 72 1
2 194 1
48 140 2
23 49 2
7 80 1
7 23 2
35 121 2
8 29 2
27 101 1
5 66 1
61 145 1
64 106 2
64 144 2
28 74 2
63 149 1
5 116 1
33 184 1
47 54 2
11 48 2
44 47 2
34 152 2
45 198 2
54 89 2
59 138 2
17 61 2
32 186 1
56 151 2
33 112 2
36 62 2
60 198 2
36 64 2
46 175 2
48 178 1
45 71 1
44 121 2
12 75 2
10 49 2
19 43 2
47 57 2
39 137 2
49 62 2
40 97 2
52 111 2
32 107 2
50 129 1
51 94 2
38 53 2
12 147 2
10 35 2
2 198 2
38 59 2
46 99 2
32 91 2
47 165 2
31 53 2
7 193 2
22 70 2
23 84 2
55 133 2
30 131 2
11 17 2
43 145 1
37 98 2
16 145 2
65 122 2
50 72 1
49 91 1
30 82 2
32 143 1
22 41 2
2 150 1
45 191 2
12 51 2
32 121 1
22 50 2
26 57 2
46 197 2
7 146 2
40 155 2
59 105 2
1 81 2
49 169 1
17 144 2
7 102 2
46 137 2
9 41 2
4 76 1
46 178 2
50 71 2
20 62 2
9 15 2
12 183 2
53 119 1
43 142 2
16 188 2
58 132 2
7 53 2
50 179 2
7 46 2
58 86 2
47 153 2
24 85 2
56 172 1
17 49 2
21 89 2
49 131 1
64 120 2
60 184 1
56 81 2
28 173 1
13 134 1
44 135 2
12 154 2
24 137 2
32 68 2
58 67 2
54 87 2
27 73 2
57 158 1
25 75 1
60 161 1
21 72 1
15 124 2
38 57 2
44 196 1
65 127 1
39 169 2
30 41 2
12 57 2
55 92 1
35 63 2
34 175 2
53 127 1
50 163 2
0 145 2
2 106 2
34 179 2
59 130 1
55 87 1
22 158 2
16 37 2
53 86 2
59 70 2
43 60 2
7 125 2
57 184 2
39 50 2
2 190 1
44 145 2
20 39 2
57 131 1
20 28 2
40 115 2
52 182 1
55 78 2
7 179 2
24 34 2
62 178 2
20 99 2
28 197 1
12 85 2
20 38 2
47 145 2
14 121 1
60 109 1
38 119 2
37 117 1
36 109 2
39 94 1
58 131 2
10 55 2
24 105 2
59 80 2
63 119 2
18 165 1
22 86 1
41 95 2
17 44 2
5 54 2
47 152 2
25 133 2
17 28 2
31 47 2
46 61 2
6 78 2
58 93 2
60 72 1
31 98 1
12 41 2
37 181 1
2 149 2
56 164 1
13 172 1
36 60 2
62 63 2
22 95 2
18 110 1
48 56 2
61 62 2
37 189 2
65 92 1
52 63 2
29 58 2
14 145 2
21 138 1
17 168 2
32 71 2
61 169 2
16 42 2
4 67 1
11 14 2
56 133 1
7 41 2
46 93 2
9 182 2
39 126 2
53 64 2
52 116 1
54 195 2
33 93 1
42 109 1
41 151 1
39 106 2
42 197 2
42 61 2
49 170 2
41 187 1
23 73 2
19 58 2
16 53 2
14 155 1
39 71 2
63 171 2
46 180 2
19 96 1
31 55 2
12 122 1
17 18 2
21 165 2
15 28 2
44 120 2
32 125 2
7 36 2
7 62 2
12 182 1
6 177 1
17 57 2
7 133 2
2 87 1
9 11 2
15 159 1
33 104 2
21 118 1
22 187 2
27 183 2
50 85 2
24 64 2
45 104 1
27 166 1
41 146 2
31 125 2
60 75 1
10 70 2
22 180 1
2 89 2
27 177 1
32 105 1
19 199 1
1 42 2
64 70 1
24 96 1
33 105 1
55 132 1
53 140 2
36 132 2
41 50 2
6 127 2
19 136 1
34 46 2
30 51 2
30 191 1
63 170 2
40 141 2
53 59 2
26 87 2
48 186 2
24 104 2
27 56 2
15 149 2
60 91 1
7 194 2
34 60 2
34 131 2
9 180 1
18 95 2
36 38 2
8 145 1
8 107 2
38 128 2
3 65 2
8 50 2
3 4 2
62 198 2
45 48 2
1 34 2
15 58 2
63 165 1
16 184 1
48 179 2
62 74 2
27 34 2
6 186 1
18 130 2
12 140 2
15 195 2
21 174 1
27 174 1
59 198 2
30 149 1
58 60 2
19 167 2
38 60 2
31 34 2
38 176 2
24 98 1
1 132 1
63 195 2
61 129 1
23 61 2
32 54 2
53 79 2
34 173 1
38 145 1
20 116 2
38 136 2
12 184 2
7 35 2
16 27 2
38 51 2
25 150 1
56 161 2
48 88 1
12 49 2
39 108 2
20 100 1
11 20 2
9 187 1
29 120 2
30 182 1
24 97 2
13 92 1
14 44 2
1 139 2
30 183 2
53 72 2
28 84 1
11 132 2
14 152 1
34 59 2
65 133 2
40 175 2
60 64 2
8 142 2
65 78 2
2 181 1
40 56 2
11 111 2
6 91 2
65 93 1
29 197 1
40 151 1
57 58 2
3 10 2
57 140 1
5 133 2
1 58 2
9 123 2
11 93 2
27 76 2
34 117 2
14 57 2
7 192 2
33 137 2
57 137 2
30 166 1
27 128 1
22 62 2
3 116 2
37 142 2
12 71 1
16 199 2
28 152 2
22 198 2
40 159 1
15 50 2
18 82 2
16 116 2
42 123 2
8 85 1
49 118 2
5 43 2
50 172 2
50 65 2
57 123 2
38 162 1
7 140 1
36 136 2
4 82 1
55 105 2
44 194 2
44 65 2
42 199 2
57 163 2
12 159 2
4 179 2
57 185 2
23 118 2
16 32 2
0 170 2
8 87 2
18 23 2
43 112 2
25 181 1
16 23 2
11 137 2
49 153 1
24 25 2
10 12 2
4 7 2
1 150 2
36 184 2
1 54 2
56 198 2
50 139 2
24 168 2
2 13 2
55 76 2
11 174 2
58 115 1
36 140 1
30 116 1
15 181 2
51 58 2
17 188 2
1 117 1
22 24 2
10 196 2
24 58 2
63 133 1
15 60 2
8 38 2
46 187 1
30 50 2
0 86 2
11 35 2
13 192 2
42 154 2
53 122 2
7 65 2
58 100 1
34 45 2
60 125 2
42 139 2
44 73 2
25 145 2
3 14 2
64 114 2
47 84 2
15 23 2
14 166 1
61 99 2
19 145 1
24 197 2
35 133 2
13 14 2
9 140 2
7 175 2
32 63 2
25 46 2
26 105 2
35 183 1
16 71 2
33 198 2
42 124 2
61 182 2
56 153 2
43 101 2
9 76 1
19 52 2
25 64 2
43 80 1
23 152 1
12 78 1
17 20 2
33 41 2
14 197 2
19 116 2
62 91 2
51 123 2
51 81 2
6 69 1
53 152 1
12 170 1
21 99 2
5 123 2
22 115 1
24 106 2
49 126 2
31 148 2
1 193 1
1 50 2
0 73 2
11 119 2
7 15 2
2 165 1
56 196 1
59 65 2
17 26 2
63 127 1
14 103 2
28 138 2
24 107 1
40 160 1
52 115 2
27 74 2
13 126 1
40 92 1
47 175 2
32 61 2
12 168 2
25 152 2
40 195 2
34 41 2
9 199 2
22 162 1
14 42 2
51 132 2
37 155 1
9 143 2
14 68 2
37 151 1
61 157 1
36 122 2
19 25 2
41 190 2
1 29 2
12 64 2
1 30 2
27 88 1
17 175 2
31 112 2
31 169 2
23 123 2
35 184 1
2 96 2
14 78 2
26 60 2
16 45 2
47 172 2
19 111 1
55 187 2
31 83 1
28 32 2
9 154 1
16 54 2
37 48 2
65 67 2
3 59 2
57 182 1
16 90 1
51 78 2
35 59 2
26 42 2
23 41 2
0 119 2
21 55 2
46 57 2
32 59 2
23 27 2
38 131 1
56 118 2
9 58 2
51 198 2
18 140 1
48 91 2
10 184 2
1 48 2
11 54 2
60 85 1
46 59 2
61 188 2
27 57 2
43 57 2
32 40 2
62 99 1
34 166 2
44 76 1
21 57 2
3 61 2
46 117 1
0 147 2
0 148 1
52 107 2
48 192 2
60 124 1
24 160 1
38 193 2
13 34 2
18 64 2
38 171 2
25 156 2
10 154 2
41 74 1
21 182 1
31 38 2
62 164 2
42 198 2
0 62 2
59 157 1
37 40 2
31 109 2
53 56 2
63 173 2
22 73 2
63 143 1
1 92 2
13 132 2
20 97 2
32 113 1
11 183 2
33 62 2
5 107 2
50 171 2
63 199 1
37 108 2
19 175 2
14 51 2
33 35 2
29 142 1
57 62 2
22 64 2
46 125 2
58 98 2
27 149 2
7 32 2
57 125 1
51 71 2
8 183 1
64 198 1
40 156 2
29 107 2
45 125 2
14 29 2
45 91 1
21 122 1
12 173 2
16 197 2
44 187 2
65 183 2
48 164 2
31 51 2
37 143 2
30 31 2
53 167 2
53 107 2
39 90 1
17 121 1
40 42 2
1 59 2
46 83 2
6 50 2
46 138 2
16 33 2
32 128 2
50 51 2
47 59 2
0 122 2
12 35 2
5 175 1
59 165 2
24 162 2
53 70 1
31 113 1
7 21 2
15 152 2
1 63 2
57 74 2
36 181 2
16 63 2
59 133 1
59 90 1
5 130 1
56 107 2
55 199 2
52 159 1
7 143 2
42 166 2
11 110 1
34 87 1
39 69 2
44 55 2
19 146 2
47 147 1
6 195 2
34 195 2
13 185 1
25 30 2
16 178 1
52 199 2
37 168 2
62 144 2
39 42 2
6 158 1
14 191 2
5 142 1
12 69 2
4 64 2
17 131 2
6 62 2
2 46 2
61 147 1
0 106 2
28 57 2
45 58 2
58 75 2
44 164 1
7 61 2
48 62 2
71 93 1
4 175 2
71 158 1
11 65 1
65 79 1
51 93 2
1 86 1
13 30 1
64 126 2
3 165 1
8 25 1
77 195 2
61 123 1
158 169 1
7 79 2
27 37 1
76 86 2
5 59 1
