% n=150 p=33 d=0.33 p_blue=0.66
% k=0
15 16 2
29 131 2
14 92 2
6 44 2
29 31 2
6 97 1
11 36 2
49 107 2
1 52 2
20 31 2
0 124 2
12 36 2
20 30 2
37 92 2
17 25 2
30 61 2
2 142 1
8 27 2
37 65 2
47 55 2
13 17 2
20 52 1
32 139 2
23 35 2
8 139 2
17 119 2
11 62 2
28 78 2
36 44 2
3 95 2
7 37 2
21 119 2
6 42 2
17 118 2
18 85 2
11 20 2
31 142 2
21 41 2
1 124 2
11 16 2
23 57 1
16 22 2
3 58 2
1 38 2
3 51 1
27 50 2
24 47 2
28 141 2
39 120 1
20 37 2
2 18 2
27 31 2
15 27 2
6 78 1
33 42 2
2 84 2
29 114 1
48 114 2
14 114 2
9 27 2
24 123 2
37 108 1
5 19 2
26 60 1
31 40 2
9 92 2
29 148 2
44 91 2
2 47 2
11 43 2
38 81 2
38 149 2
34 107 2
15 103 2
7 80 2
4 75 2
26 41 2
23 41 2
17 21 2
33 48 2
42 47 2
32 70 2
17 27 2
38 85 2
16 87 2
0 63 2
0 125 1
10 73 2
46 51 2
1 32 2
15 143 2
34 44 2
25 39 2
19 34 2
8 21 2
10 11 2
8 29 2
35 112 1
24 49 2
6 100 1
15 106 1
28 49 2
44 115 2
10 30 2
47 68 1
32 38 2
43 99 2
16 26 2
38 142 1
14 128 1
9 76 2
22 46 2
8 100 2
16 139 1
42 138 2
22 113 1
10 91 2
22 110 2
32 123 2
38 75 1
13 97 2
6 116 1
3 42 2
10 50 1
5 41 2
46 47 2
33 39 2
15 38 2
16 109 2
15 109 2
0 62 1
32 33 2
36 49 2
17 29 2
0 55 2
2 26 2
20 108 2
25 53 2
3 57 2
9 35 2
9 118 1
36 120 2
41 110 2
20 136 2
8 87 2
3 104 2
7 9 2
15 47 2
35 43 2
1 117 1
6 17 2
44 94 2
36 37 2
20 93 2
33 36 2
27 48 2
26 28 2
40 54 2
32 42 2
8 40 2
22 86 2
19 149 2
6 86 2
13 103 2
5 128 2
40 69 2
9 25 2
24 46 2
11 15 2
24 42 2
34 55 2
31 132 2
16 67 2
24 52 2
13 45 2
39 40 2
13 118 2
8 11 2
11 144 2
28 36 2
31 65 2
21 115 1
22 99 1
10 122 2
6 85 2
23 60 2
15 72 1
40 108 2
30 103 2
9 10 2
15 22 2
11 78 2
17 82 2
28 108 2
3 7 2
12 149 2
24 133 1
6 71 2
20 21 2
1 55 2
17 18 2
20 27 2
23 122 2
0 40 2
31 83 1
43 76 1
5 84 2
7 85 1
8 121 2
41 69 1
49 53 2
26 66 2
5 135 1
21 26 2
35 45 2
27 123 2
41 43 2
23 34 2
16 135 1
42 46 2
35 94 1
3 15 2
33 62 2
8 34 2
1 21 2
21 49 2
10 119 1
19 35 2
32 145 2
18 101 1
6 15 2
36 138 1
30 140 1
18 24 2
22 35 2
24 56 1
12 48 2
2 25 2
23 115 2
8 19 2
26 126 2
14 24 2
13 46 2
45 121 2
40 41 2
33 105 2
8 41 2
31 67 2
17 30 2
33 116 2
17 95 1
13 117 2
38 40 2
13 123 2
34 83 1
1 43 2
23 24 2
46 60 2
46 58 2
1 101 1
25 142 2
19 29 2
45 86 2
29 100 1
32 133 1
36 117 1
26 37 2
3 62 2
38 70 2
48 138 2
40 135 2
2 48 2
0 106 2
32 78 2
26 84 1
32 37 2
33 115 1
0 67 1
33 148 1
17 38 2
13 76 2
4 82 2
10 40 2
10 146 2
23 127 2
49 142 2
23 29 2
23 79 1
26 102 2
35 137 2
21 48 2
5 144 2
34 122 1
36 135 2
23 95 1
23 36 2
12 17 2
10 24 2
24 34 2
2 46 2
12 138 1
31 97 1
13 74 2
28 37 2
14 22 2
9 101 2
19 37 2
43 133 1
2 34 2
30 106 2
47 79 2
38 84 2
41 148 1
18 25 2
0 10 2
35 103 1
26 77 2
8 60 2
25 122 2
1 41 2
38 41 2
2 99 2
41 93 2
16 48 2
1 6 2
22 138 2
31 51 2
16 38 2
37 141 2
24 114 1
31 43 2
29 35 2
8 47 2
11 128 2
25 40 2
18 47 2
15 113 1
0 46 2
21 45 2
14 49 2
23 143 2
39 46 2
48 75 1
35 142 2
14 53 2
1 2 2
14 58 1
17 39 2
33 84 2
13 33 2
43 148 2
22 132 2
26 130 2
26 90 2
27 56 1
48 89 1
24 28 2
44 48 2
8 12 2
18 133 2
4 40 2
6 16 2
0 38 2
1 94 2
0 5 2
31 139 2
47 61 1
1 7 2
25 29 2
11 27 2
39 148 2
7 29 2
31 141 1
26 38 2
22 30 2
42 126 2
22 49 2
28 39 2
31 146 2
3 40 2
49 97 1
49 80 2
13 139 1
19 124 2
18 125 1
12 24 2
12 40 2
19 148 2
40 132 2
3 27 2
30 113 2
3 129 2
48 69 2
15 57 2
1 14 2
35 47 2
5 33 2
18 35 2
30 42 2
35 119 1
22 56 1
4 47 2
23 28 2
18 97 1
0 92 2
3 54 1
26 123 2
45 66 2
49 63 2
21 68 2
9 30 2
40 51 1
9 77 2
14 127 1
13 99 2
9 145 1
8 74 2
20 47 2
3 21 2
27 73 2
49 74 2
21 90 2
16 17 2
21 105 2
10 25 2
10 142 1
22 40 2
36 105 1
48 62 2
4 23 2
28 38 2
3 13 2
12 38 2
20 23 2
11 51 2
26 36 2
46 103 2
20 63 1
6 31 2
20 128 2
1 46 2
30 139 1
6 33 2
34 48 2
4 140 2
41 45 2
24 70 2
16 62 2
20 142 2
40 44 2
20 43 2
39 44 2
4 33 2
43 108 1
5 24 2
10 101 2
15 20 2
17 121 2
10 147 2
15 66 2
6 48 2
42 48 2
45 141 2
26 86 1
18 44 2
15 44 2
2 21 2
7 32 2
36 114 1
37 124 1
34 146 1
40 131 2
19 48 2
37 60 1
26 95 2
35 92 2
43 70 2
1 110 2
45 110 1
11 112 2
28 68 2
42 103 2
35 36 2
32 34 2
21 142 1
16 95 1
0 30 2
11 46 2
13 30 2
49 141 2
0 36 2
43 52 2
2 78 2
30 33 2
1 64 2
29 46 2
8 28 2
47 88 1
12 29 2
2 54 1
23 78 1
24 29 2
1 130 2
36 128 2
39 84 2
45 62 2
31 69 2
3 47 2
16 116 2
3 119 2
25 79 2
16 72 2
6 81 2
40 91 2
17 125 2
14 135 2
0 29 2
28 79 2
11 24 2
40 57 1
23 139 1
41 117 2
38 48 2
32 36 2
3 14 2
3 30 2
1 19 2
11 138 2
5 113 2
7 147 2
28 35 2
30 58 2
12 105 2
4 11 2
4 141 2
18 43 2
30 146 2
17 28 2
23 121 2
20 95 2
20 35 2
7 108 2
33 104 2
15 45 2
28 144 2
12 141 1
4 87 2
18 42 2
12 45 2
27 99 2
27 129 1
4 129 2
29 40 2
35 55 1
7 131 2
10 31 2
16 53 1
7 25 2
5 12 2
11 110 2
6 45 2
16 57 2
27 89 2
4 32 2
2 13 2
0 57 2
38 126 1
37 53 1
11 64 2
27 98 2
1 49 2
38 99 2
5 31 2
48 117 2
39 96 2
3 9 2
37 41 2
20 44 2
7 42 2
14 98 1
27 135 2
27 86 1
11 82 2
13 44 2
48 132 1
7 12 2
12 32 2
27 43 2
29 63 2
22 41 2
18 82 1
31 36 2
5 136 2
13 32 2
34 54 2
37 45 2
9 13 2
4 14 2
27 30 2
25 45 2
0 9 2
0 1 2
4 5 2
18 91 2
11 37 2
4 134 2
13 18 2
2 49 2
25 133 1
48 73 1
39 41 2
27 49 2
25 101 1
16 86 2
38 91 2
30 124 1
0 35 2
40 98 1
26 35 2
29 33 2
4 18 2
12 14 2
40 103 1
49 119 2
0 48 2
9 148 1
21 104 1
2 98 2
43 48 2
12 128 2
40 141 2
29 55 2
19 129 2
41 56 2
0 8 2
4 131 1
2 44 2
18 111 2
7 91 2
37 136 1
10 68 2
9 24 2
1 84 1
23 46 2
4 29 2
24 116 2
36 107 2
28 64 2
26 132 1
24 31 2
1 45 2
48 146 2
22 32 2
10 99 1
42 123 1
14 28 2
23 125 2
25 138 1
14 37 2
32 75 2
43 115 2
46 126 2
13 100 2
21 47 2
44 46 2
11 147 2
14 39 2
10 141 2
44 136 2
2 15 2
11 19 2
11 97 2
40 81 2
8 76 2
39 113 1
25 49 2
23 124 1
36 39 2
13 107 1
5 10 2
2 109 2
33 44 2
45 80 1
2 33 2
21 29 2
28 42 2
30 31 2
9 65 1
0 4 2
47 99 1
20 98 2
1 22 2
36 76 2
20 24 2
3 32 2
2 145 2
13 127 2
0 128 2
25 34 2
29 32 2
28 33 2
9 138 2
2 7 2
28 73 2
7 40 2
35 115 2
34 124 2
9 57 2
42 44 2
16 42 2
19 40 2
28 145 1
24 44 2
1 142 1
30 37 2
14 27 2
33 99 1
22 79 2
18 142 2
10 12 2
33 136 1
4 15 2
7 15 2
26 29 2
35 38 2
8 43 2
12 120 2
17 61 2
16 34 2
45 102 2
42 101 1
7 47 2
9 94 2
36 139 2
37 43 2
23 51 2
23 116 1
40 117 2
2 67 1
15 21 2
0 78 2
18 148 2
31 99 2
32 86 1
11 133 2
8 33 2
5 35 2
37 109 2
22 141 2
20 89 2
1 5 2
28 74 2
22 23 2
19 127 1
5 20 2
13 16 2
48 49 2
9 47 2
12 35 2
31 149 1
20 111 2
30 56 2
27 113 1
10 109 2
21 109 2
41 135 1
15 128 2
46 140 1
44 55 1
25 76 2
5 108 2
33 34 2
12 42 2
41 62 2
21 87 2
4 59 1
21 112 1
2 91 2
21 100 2
5 120 2
25 95 2
15 31 2
9 33 2
34 39 2
3 8 2
2 102 1
11 50 2
8 83 1
18 19 2
24 146 2
9 146 2
46 113 2
41 114 2
19 47 2
0 34 2
10 47 2
13 53 2
21 60 1
13 19 2
49 81 2
2 96 2
49 59 2
4 28 2
29 39 2
3 46 2
24 37 2
45 83 2
13 95 2
1 128 1
5 42 2
42 117 2
31 38 2
15 36 2
20 61 2
11 26 2
23 33 2
5 40 2
12 41 2
10 35 2
5 100 2
7 21 2
3 41 2
31 49 2
7 69 2
4 20 2
0 37 2
34 43 2
4 53 1
35 90 2
22 45 2
21 43 2
45 101 1
45 49 2
36 136 2
17 91 2
17 80 2
27 40 2
9 42 2
3 50 1
21 75 2
18 39 2
2 38 2
22 38 2
17 35 2
31 125 1
4 34 2
7 92 2
47 98 1
25 43 2
5 69 2
18 141 2
17 19 2
13 109 2
34 68 2
14 89 2
48 96 1
10 49 2
44 65 1
35 131 2
48 60 1
9 40 2
3 31 2
20 80 2
20 132 2
20 33 2
16 32 2
14 17 2
1 47 2
0 91 1
38 47 2
30 73 1
22 147 1
5 132 1
39 43 2
3 56 1
6 120 2
14 29 2
38 124 2
10 45 2
44 69 2
3 44 2
20 76 2
14 21 2
43 144 2
8 31 2
18 40 2
9 21 2
22 36 2
18 41 2
21 83 1
1 126 2
11 47 2
11 65 2
6 38 2
23 149 2
27 55 2
35 41 2
36 111 2
17 97 2
16 50 1
27 39 2
47 136 1
36 54 1
5 73 1
45 90 1
0 112 2
0 76 2
35 59 2
16 106 2
18 105 2
20 67 2
7 43 2
2 43 2
25 90 1
25 38 2
39 42 2
26 65 1
11 38 2
19 39 2
18 36 2
24 64 2
27 32 2
22 58 2
36 47 2
4 66 1
6 49 2
14 41 2
8 13 2
1 146 2
5 7 2
5 81 2
13 82 2
0 39 2
13 149 1
29 37 2
18 29 2
23 97 1
17 73 2
0 7 2
47 102 2
44 104 2
23 62 1
19 82 2
16 121 2
41 73 1
25 96 1
16 133 2
36 38 2
9 17 2
31 45 2
10 120 1
33 145 2
33 55 2
32 87 2
9 56 1
14 46 2
13 60 2
5 32 2
21 24 2
44 80 2
13 144 2
44 125 1
21 139 1
24 36 2
43 44 2
9 46 2
14 52 2
3 114 2
26 42 2
34 41 2
34 67 2
19 94 2
43 126 2
6 82 2
4 30 2
29 72 2
5 39 2
35 39 2
4 31 2
1 27 2
0 47 2
27 140 2
25 57 1
8 23 2
32 148 2
27 83 2
27 42 2
20 48 2
45 46 2
12 62 2
7 14 2
14 18 2
16 69 2
32 110 2
9 45 2
36 108 1
23 39 2
7 46 2
8 10 2
3 106 2
47 103 2
4 13 2
7 79 1
0 123 1
19 76 2
48 66 1
42 109 2
11 44 2
19 77 1
11 30 2
21 25 2
5 34 2
11 12 2
11 48 2
24 67 2
31 47 2
22 53 2
40 118 2
11 116 1
12 77 1
39 52 2
29 30 2
1 59 2
9 116 1
42 80 1
2 129 1
14 50 2
1 33 2
34 94 1
25 27 2
6 138 2
41 109 1
12 39 2
26 30 2
36 74 2
3 4 2
4 121 2
38 116 2
7 30 2
0 16 2
1 70 2
3 39 2
42 53 2
2 87 2
1 28 2
15 73 2
5 59 2
4 123 1
29 57 2
7 143 2
26 55 2
34 134 2
33 108 2
27 139 2
6 8 2
30 66 2
33 142 2
10 21 2
7 49 2
2 12 2
8 37 2
24 111 2
3 34 2
27 28 2
32 60 2
26 148 2
1 25 2
2 80 2
0 72 2
34 35 2
22 72 2
45 94 2
34 79 2
26 52 2
33 144 2
18 38 2
3 97 2
13 64 1
25 140 2
5 16 2
17 40 2
35 136 2
33 45 2
7 18 2
5 38 2
24 38 2
36 46 2
37 38 2
6 10 2
2 149 1
14 133 2
17 20 2
24 83 2
31 42 2
23 80 1
9 97 2
14 102 2
38 74 2
13 38 2
21 35 2
29 54 2
11 49 2
38 86 2
17 103 1
44 139 1
3 16 2
16 19 2
7 137 2
0 49 2
34 104 2
10 20 2
2 30 2
11 67 2
10 77 2
28 43 2
48 149 2
21 23 2
46 127 2
8 36 2
21 146 2
29 69 2
8 134 2
36 43 2
33 49 2
30 39 2
15 28 2
35 40 2
6 35 2
23 47 2
4 36 2
28 100 2
24 74 2
25 37 2
26 32 2
13 86 1
8 70 1
21 55 2
31 76 1
2 4 2
15 33 2
33 118 1
22 25 2
14 19 2
20 57 2
29 79 2
10 23 2
43 103 1
10 89 2
10 48 2
44 127 2
4 91 2
6 28 2
22 44 2
12 26 2
5 75 1
19 23 2
1 114 2
24 98 1
15 56 2
39 83 2
6 46 2
41 121 2
0 19 2
19 27 2
5 66 2
44 117 2
1 36 2
16 35 2
49 123 2
19 49 2
33 100 1
11 99 2
39 99 2
13 42 2
21 85 1
13 48 2
21 44 2
27 97 2
7 86 2
12 113 2
37 74 2
37 89 1
6 129 1
19 31 2
7 136 2
12 13 2
5 46 2
3 22 2
22 26 2
24 90 2
21 70 2
41 130 1
40 42 2
25 145 2
33 134 2
6 47 2
17 58 1
47 108 1
6 12 2
49 55 1
16 27 2
27 46 2
37 88 2
11 23 2
35 123 2
0 15 2
11 35 2
48 50 2
15 23 2
28 59 2
16 29 2
21 30 2
15 25 2
3 137 2
0 52 1
16 24 2
36 78 2
13 15 2
23 37 2
44 99 2
17 79 1
45 51 2
4 25 2
40 122 2
42 107 2
0 107 2
15 18 2
28 120 2
27 52 2
46 142 2
1 39 2
11 102 2
13 37 2
44 132 2
28 101 1
15 54 2
19 104 2
23 42 2
22 29 2
10 75 1
7 35 2
27 132 2
4 35 2
20 65 2
3 86 2
28 85 1
41 47 2
38 128 2
16 44 2
12 18 2
2 77 1
15 52 1
11 83 2
16 45 2
37 48 2
35 49 2
45 127 2
20 41 2
21 74 2
34 112 2
26 47 2
31 33 2
35 98 2
11 39 2
21 135 1
37 39 2
38 42 2
6 40 2
48 56 1
6 41 2
10 34 2
7 26 2
18 54 2
46 148 1
28 30 2
11 28 2
27 41 2
23 144 1
25 141 1
5 93 2
6 37 2
23 44 2
16 120 2
28 75 2
31 135 2
42 86 2
44 95 1
44 128 2
32 72 1
21 32 2
4 77 2
27 117 2
26 128 1
16 52 2
23 26 2
18 34 2
21 108 2
0 25 2
16 43 2
3 73 2
7 84 2
25 88 2
6 105 2
2 90 2
8 48 2
2 112 2
48 61 2
41 82 2
10 70 2
6 34 2
1 34 2
37 106 1
17 55 2
18 83 2
44 114 2
26 122 2
15 139 2
36 142 1
34 38 2
3 25 2
25 28 2
4 21 2
8 39 2
47 82 2
39 118 2
15 89 2
8 22 2
36 109 1
19 126 2
4 17 2
19 25 2
33 46 2
28 112 2
17 26 2
15 26 2
20 110 2
31 55 2
1 31 2
29 34 2
48 86 2
36 115 1
5 36 2
48 76 1
16 46 2
12 25 2
7 104 2
22 37 2
13 31 2
8 32 2
26 31 2
35 85 1
19 92 2
36 149 2
15 24 2
21 38 2
42 104 2
46 95 1
11 21 2
10 43 2
5 111 2
35 108 1
10 22 2
4 52 1
33 78 2
16 18 2
30 49 2
2 22 2
36 97 1
1 88 2
4 49 2
37 83 2
10 38 2
36 61 2
18 28 2
7 87 1
24 60 2
46 80 2
6 23 2
2 88 1
24 65 1
35 121 2
35 89 2
48 130 2
16 21 2
6 53 2
2 14 2
20 145 2
27 36 2
4 43 2
16 40 2
31 44 2
11 79 1
2 19 2
23 123 2
12 44 2
21 81 2
12 63 2
6 13 2
10 37 2
5 45 2
32 49 2
44 74 2
24 27 2
37 110 2
9 29 2
28 40 2
35 135 2
41 119 1
22 142 1
38 104 2
2 79 1
4 79 2
45 103 1
27 67 2
43 87 1
12 47 2
10 88 2
45 122 1
12 83 1
14 44 2
7 24 2
3 33 2
4 48 2
6 59 2
31 41 2
15 83 2
22 42 2
37 117 1
31 108 1
22 71 2
18 48 2
18 98 1
27 57 1
18 23 2
27 34 2
32 43 2
35 67 2
3 88 1
27 63 1
44 141 2
32 108 1
2 94 2
4 88 1
18 20 2
44 144 1
2 10 2
17 36 2
27 45 2
9 128 2
20 90 2
10 87 1
22 33 2
32 94 1
16 119 2
12 114 2
47 105 2
32 143 1
9 20 2
21 40 2
23 108 1
7 124 1
11 77 2
13 121 1
24 25 2
34 52 2
5 15 2
37 75 1
21 36 2
8 109 2
32 68 1
15 46 2
46 67 1
20 86 1
40 58 1
15 48 2
20 45 2
42 94 2
48 107 2
7 23 2
26 50 1
17 33 2
1 104 1
3 140 2
17 24 2
40 115 1
30 32 2
16 134 2
25 32 2
21 111 1
5 26 2
15 29 2
33 76 2
3 23 2
37 125 2
18 86 2
14 108 1
32 40 2
5 49 2
27 37 2
29 137 1
9 48 2
17 105 1
11 13 2
18 127 2
2 39 2
43 116 2
10 137 1
0 20 2
30 78 2
44 56 2
7 19 2
1 23 2
0 22 2
11 127 2
41 54 2
38 51 1
39 116 1
13 145 1
18 46 2
30 97 1
17 87 2
17 70 1
15 79 2
6 141 2
5 147 1
25 92 2
12 46 2
30 52 1
23 117 1
26 108 1
13 20 2
23 49 2
28 82 2
32 97 2
0 14 2
1 26 2
42 124 1
34 45 2
1 15 2
9 39 2
21 125 2
38 122 1
41 87 1
45 96 2
45 52 2
14 48 2
3 71 1
43 69 2
29 116 2
36 48 2
26 39 2
41 145 2
43 98 1
15 68 1
5 11 2
27 102 2
19 38 2
7 11 2
43 57 1
39 124 1
25 42 2
49 125 1
27 90 2
26 93 1
4 94 1
20 38 2
4 7 2
1 20 2
32 58 2
25 47 2
26 49 2
20 77 2
47 144 2
29 120 2
31 48 2
4 6 2
8 51 1
41 132 2
2 37 2
39 58 2
20 40 2
0 139 1
4 22 2
24 30 2
15 34 2
8 18 2
10 103 2
47 85 2
11 141 1
6 22 2
15 19 2
36 79 2
29 142 2
40 140 2
14 35 2
19 20 2
7 44 2
29 36 2
1 135 2
20 123 2
14 105 2
41 53 2
33 85 2
36 88 1
15 119 2
20 46 2
28 76 2
44 116 2
1 67 2
12 23 2
8 113 1
21 77 2
1 4 2
11 95 2
45 111 1
41 142 1
36 45 2
1 80 1
14 26 2
19 102 2
38 78 2
6 143 2
3 117 1
3 6 2
8 131 2
35 42 2
46 124 2
12 61 2
11 18 2
21 37 2
0 13 2
22 127 1
31 88 2
20 39 2
18 37 2
41 42 2
5 21 2
18 30 2
35 145 1
21 132 1
46 90 2
14 15 2
20 42 2
26 92 1
7 16 2
23 104 2
48 88 2
34 40 2
16 51 1
30 53 2
12 20 2
17 44 2
31 100 1
41 84 2
10 27 2
13 135 2
19 137 2
24 102 2
39 77 2
6 25 2
20 36 2
34 70 1
20 137 2
25 51 1
2 28 2
46 96 2
2 62 1
30 40 2
17 49 2
13 41 2
18 64 2
41 50 1
7 34 2
14 136 1
27 81 2
1 8 2
10 15 2
18 121 2
10 14 2
22 82 2
44 49 2
24 136 2
42 61 2
49 121 2
19 32 2
8 49 2
30 132 2
18 52 1
32 35 2
4 19 2
44 45 2
13 23 2
14 126 2
17 31 2
23 64 2
42 149 1
30 125 2
41 98 2
32 76 1
24 122 2
45 120 1
9 91 1
39 105 2
25 30 2
47 133 2
21 28 2
14 42 2
1 29 2
3 64 1
1 13 2
12 28 2
38 46 2
13 28 2
7 109 2
5 25 2
4 62 2
0 11 2
30 121 2
5 44 2
16 74 2
37 44 2
2 146 2
22 95 2
25 69 1
7 22 2
48 51 2
7 36 2
33 110 1
35 73 2
18 116 2
24 137 1
23 84 2
47 121 1
28 67 2
5 51 2
47 126 1
38 43 2
16 104 1
18 22 2
19 62 2
23 58 1
23 112 2
31 39 2
1 18 2
24 39 2
25 61 1
20 129 2
29 62 1
44 121 1
28 99 2
35 44 2
10 39 2
11 41 2
17 37 2
3 107 2
47 66 2
4 42 2
2 60 2
14 91 2
24 99 2
33 38 2
12 19 2
28 47 2
47 49 2
11 72 2
13 14 2
31 34 2
30 44 2
3 134 2
41 55 2
41 48 2
5 23 2
35 116 2
5 9 2
8 85 1
12 15 2
14 40 2
21 22 2
29 52 1
47 123 1
33 88 1
12 49 2
18 59 2
9 44 2
5 79 2
11 94 2
43 49 2
21 27 2
23 128 2
6 26 2
40 74 2
6 9 2
47 135 2
8 16 2
26 145 2
23 142 2
8 144 1
30 89 2
34 37 2
22 126 2
14 34 2
41 77 1
17 130 2
12 43 2
3 48 2
4 44 2
3 28 2
10 112 2
9 18 2
49 120 1
47 91 2
28 34 2
49 92 2
18 99 1
40 100 2
14 38 2
0 129 2
35 46 2
11 52 2
33 112 2
7 8 2
9 60 2
0 17 2
21 33 2
13 43 2
16 49 2
36 104 1
28 32 2
0 31 2
26 34 2
15 62 1
15 17 2
11 29 2
8 14 2
10 67 2
11 134 1
23 135 1
9 82 1
11 132 2
14 118 2
43 114 1
2 74 1
23 103 2
39 93 2
32 53 1
28 95 2
32 46 2
20 25 2
40 46 2
1 9 2
17 69 2
7 75 2
2 57 2
0 83 2
2 140 2
5 87 2
20 29 2
21 137 2
8 118 2
4 69 1
49 144 2
44 147 1
7 27 2
27 29 2
9 125 2
28 128 2
15 39 2
44 62 2
12 117 1
35 93 2
8 38 2
10 42 2
18 50 2
27 51 2
45 146 2
0 101 1
39 48 2
8 128 1
14 95 2
7 33 2
39 61 2
49 60 2
33 92 1
16 148 1
39 128 2
14 36 2
4 46 2
1 24 2
25 113 2
38 144 1
31 102 1
43 47 2
1 62 2
9 34 2
40 123 2
11 92 2
38 39 2
42 105 1
20 49 2
0 44 2
38 112 2
17 32 2
1 42 2
43 55 1
18 71 1
3 43 2
27 111 2
43 140 2
25 33 2
46 119 2
16 39 2
6 146 2
4 10 2
15 75 2
44 134 2
24 35 2
30 34 2
48 52 1
5 52 1
5 13 2
9 22 2
9 49 2
22 108 2
36 62 1
24 48 2
40 149 2
49 72 2
17 99 2
42 64 2
34 132 2
38 138 2
32 92 2
4 142 2
26 85 2
0 32 2
29 43 2
3 11 2
36 81 2
5 48 2
34 36 2
26 45 2
16 92 2
35 74 2
22 62 2
17 108 2
42 106 1
25 41 2
46 84 1
12 107 1
3 37 2
16 28 2
11 105 1
30 91 2
23 32 2
6 20 2
11 32 2
30 48 2
3 12 2
49 124 1
6 7 2
25 36 2
16 20 2
12 22 2
22 68 2
23 48 2
38 45 2
32 44 2
8 75 2
4 61 2
20 26 2
11 31 2
20 139 2
0 50 2
32 63 2
10 46 2
39 126 2
16 23 2
22 96 2
3 19 2
6 123 1
2 135 2
29 99 2
15 125 2
2 23 2
2 8 2
34 49 2
9 80 2
16 30 2
2 130 1
42 133 2
22 39 2
46 49 2
6 84 2
2 126 2
7 45 2
32 124 1
28 44 2
13 58 2
40 138 2
19 45 2
12 60 2
48 113 2
0 12 2
2 27 2
0 6 2
13 36 2
44 93 2
24 33 2
34 73 2
11 57 2
42 49 2
40 45 2
34 46 2
31 66 2
22 48 2
5 37 2
26 40 2
39 102 2
3 20 2
11 145 2
26 64 2
10 13 2
36 40 2
6 29 2
17 120 1
31 32 2
3 87 2
10 36 2
24 81 2
7 48 2
16 33 2
17 138 1
38 93 1
33 52 2
0 27 2
47 94 2
37 115 2
32 45 2
3 45 2
19 42 2
6 98 2
14 47 2
35 105 2
38 58 2
20 143 2
3 36 2
47 129 2
47 48 2
20 82 1
19 89 2
32 105 2
32 47 2
39 129 2
25 116 2
8 25 2
8 68 1
19 41 2
45 107 1
21 103 2
17 52 2
10 33 2
22 93 1
22 52 2
8 117 2
48 144 2
17 48 2
5 134 1
43 109 1
4 37 2
45 48 2
6 19 2
0 65 2
40 48 2
7 39 2
40 139 1
2 97 2
10 16 2
5 99 2
39 73 2
16 41 2
12 101 1
39 107 2
5 8 2
43 119 1
0 68 2
5 118 2
14 59 2
12 68 1
28 118 2
6 24 2
16 37 2
49 102 1
35 147 2
32 41 2
5 22 2
10 32 2
14 83 2
9 32 2
2 68 2
13 47 2
6 21 2
5 30 2
6 133 1
37 107 2
30 46 2
40 47 2
48 135 2
19 28 2
10 26 2
12 69 2
1 10 2
46 139 2
33 47 2
4 105 2
49 57 2
42 130 1
47 63 1
16 129 1
4 24 2
33 91 2
26 73 2
6 39 2
14 23 2
22 55 1
3 148 1
39 133 2
1 139 2
21 82 1
49 70 2
34 61 1
12 129 2
9 31 2
39 49 2
15 43 2
27 121 2
9 41 2
44 47 2
4 12 2
23 38 2
3 74 1
42 55 2
24 129 1
18 84 1
3 5 2
16 147 2
47 76 2
13 22 2
38 129 1
18 77 1
0 86 2
17 34 2
10 144 1
22 43 2
9 126 2
38 44 2
42 147 2
3 60 2
5 109 1
0 24 2
7 17 2
47 97 2
33 141 1
28 89 2
6 52 2
17 42 2
10 129 2
14 43 2
17 75 2
12 34 2
2 95 1
9 43 2
2 127 1
1 12 2
4 71 1
21 39 2
14 68 1
2 11 2
4 81 2
12 71 2
8 46 2
49 117 2
4 41 2
8 20 2
25 86 2
36 121 2
19 125 1
16 107 2
14 33 2
11 113 1
22 27 2
49 149 2
22 47 2
45 109 1
5 126 2
10 92 2
39 85 1
30 108 1
2 29 2
24 40 2
22 28 2
42 98 2
5 17 2
9 23 2
13 125 2
4 57 2
5 29 2
0 28 2
35 37 2
35 140 1
1 93 2
25 128 1
14 20 2
10 72 2
25 65 1
26 48 2
19 55 2
25 31 2
1 78 2
10 126 1
17 137 2
23 138 1
40 62 2
10 132 2
8 67 1
9 110 2
34 105 2
37 40 2
35 144 2
7 13 2
38 49 2
20 28 2
2 16 2
19 24 2
2 6 2
23 30 2
5 148 1
16 81 1
29 49 2
12 76 1
46 71 2
4 16 2
2 120 1
18 124 2
35 76 1
4 128 2
19 99 2
40 105 1
29 118 2
8 80 2
13 98 1
31 35 2
49 94 2
2 59 1
43 95 1
1 16 2
42 63 1
11 109 2
33 43 2
12 27 2
25 89 2
26 43 2
5 18 2
26 27 2
28 29 2
42 43 2
40 137 2
3 26 2
2 17 2
28 129 1
31 93 1
1 30 2
36 75 2
2 35 2
7 81 1
12 91 1
21 128 2
19 86 2
48 140 2
0 93 1
0 3 2
0 43 2
3 121 1
4 104 1
14 97 1
11 22 2
40 127 2
0 51 1
12 104 2
39 139 2
48 63 1
34 125 2
32 85 2
20 97 1
5 14 2
6 36 2
9 135 1
12 130 1
19 21 2
17 43 2
29 42 2
2 3 2
48 129 2
32 104 2
15 37 2
0 98 2
10 17 2
33 125 2
20 149 1
29 130 2
21 92 2
32 66 2
10 84 1
44 145 1
28 46 2
23 129 2
11 122 1
4 9 2
20 32 2
39 108 1
35 48 2
26 136 1
33 124 2
3 38 2
19 71 1
23 40 2
49 127 2
11 118 1
11 33 2
42 129 1
37 49 2
49 66 2
0 42 2
29 82 1
38 100 2
26 44 2
2 106 1
15 74 1
26 83 1
13 26 2
9 129 1
6 60 1
10 74 1
23 61 2
37 142 2
39 82 1
42 100 2
18 92 2
37 144 2
6 134 1
37 50 2
19 85 2
23 25 2
8 24 2
26 100 2
33 89 2
29 139 2
30 38 2
9 11 2
25 104 2
35 52 2
8 119 1
14 86 2
14 16 2
39 140 1
45 105 2
35 68 2
45 112 2
13 27 2
7 41 2
31 116 2
3 35 2
13 24 2
39 72 1
49 108 1
28 69 2
47 149 2
41 126 1
39 111 2
17 41 2
12 90 1
37 47 2
8 45 2
9 16 2
42 141 2
24 32 2
12 139 1
34 141 1
5 133 2
1 3 2
49 71 2
40 49 2
42 99 1
26 33 2
8 123 1
41 115 2
10 41 2
8 44 2
47 60 2
28 48 2
38 109 2
12 31 2
30 102 2
22 24 2
37 68 1
6 27 2
2 45 2
22 136 2
15 142 1
42 45 2
12 100 2
16 110 1
48 148 1
9 119 2
36 84 2
15 35 2
1 129 2
37 114 1
9 28 2
35 79 2
7 148 1
13 21 2
5 72 2
27 138 2
9 14 2
0 75 1
14 25 2
44 137 2
23 45 2
47 58 2
7 38 2
41 49 2
47 101 1
42 65 2
17 141 2
30 35 2
9 130 2
6 43 2
22 94 2
22 146 1
12 93 2
43 135 2
48 68 1
27 69 2
17 136 1
4 38 2
45 54 1
4 26 2
15 30 2
17 81 2
15 97 2
47 130 2
28 57 1
17 112 2
41 104 2
29 44 2
41 123 2
23 43 2
46 77 2
21 42 2
46 57 2
4 27 2
29 51 2
4 139 2
18 45 2
25 127 2
10 28 2
22 31 2
7 28 2
13 130 1
3 10 2
36 132 2
26 120 1
3 84 2
5 43 2
23 27 2
33 54 1
39 47 2
19 43 2
3 17 2
18 21 2
20 34 2
3 24 2
38 108 1
47 67 1
32 39 2
32 103 1
1 48 2
28 143 2
8 15 2
27 44 2
22 70 1
4 68 2
18 27 2
21 31 2
29 141 2
41 136 2
29 45 2
24 41 2
37 46 2
18 49 2
25 44 2
46 54 2
23 98 2
25 119 1
15 118 2
2 20 2
3 29 2
24 26 2
19 136 1
16 31 2
36 92 1
44 50 2
13 40 2
4 45 2
8 17 2
3 127 2
9 52 1
19 22 2
33 37 2
42 57 1
0 54 1
42 102 2
14 54 2
31 80 2
14 45 2
36 73 1
47 140 2
2 36 2
31 94 1
25 73 2
14 124 2
45 78 2
40 66 1
25 98 2
49 129 2
39 45 2
31 79 2
30 45 2
8 108 2
19 58 2
2 5 2
18 106 1
33 69 2
26 129 2
17 134 1
12 16 2
33 98 2
32 50 1
20 22 2
36 125 1
28 31 2
5 47 2
30 112 2
7 67 2
34 47 2
34 128 1
33 94 2
0 21 2
48 94 2
6 80 2
21 34 2
9 58 2
3 90 2
49 95 2
2 31 2
9 79 2
47 92 1
35 58 1
2 24 2
47 114 1
10 69 2
1 17 2
8 73 2
27 38 2
24 54 1
11 25 2
0 2 2
27 33 2
3 133 1
29 91 2
17 22 2
13 25 2
7 71 2
24 45 2
5 91 1
5 6 2
43 105 2
15 32 2
11 34 2
3 49 2
14 30 2
31 71 2
19 95 2
19 142 2
12 21 2
30 43 2
11 40 2
17 45 2
6 136 2
22 140 2
49 99 2
32 71 2
9 12 2
18 32 2
4 143 2
11 80 2
20 51 1
28 61 1
24 72 2
49 83 1
26 141 2
41 95 1
28 72 1
22 34 2
43 113 2
44 106 1
45 64 2
9 26 2
2 41 2
34 71 2
1 40 2
1 35 2
22 114 2
14 32 2
42 77 2
11 103 1
11 14 2
28 41 2
43 112 2
33 35 2
34 59 2
24 61 2
29 58 2
32 126 2
7 54 1
30 36 2
27 149 1
36 123 2
6 18 2
7 10 2
37 77 2
19 44 2
24 77 2
18 108 1
42 121 2
46 144 2
12 33 2
6 14 2
0 99 1
35 120 1
9 37 2
39 122 2
10 128 2
19 26 2
31 37 2
44 54 2
16 47 2
2 89 1
9 19 2
15 49 2
2 42 2
30 143 2
27 142 2
0 84 2
40 104 2
9 15 2
18 31 2
18 33 2
17 144 1
18 57 2
31 46 2
25 48 2
26 135 1
12 37 2
17 109 2
32 48 2
37 105 1
33 129 1
37 42 2
2 9 2
5 28 2
6 32 2
3 53 1
49 76 1
30 68 1
10 98 2
44 105 1
6 30 2
25 26 2
31 56 2
22 102 2
9 100 2
6 149 2
1 82 1
28 56 2
25 46 2
33 137 2
18 95 1
29 47 2
31 136 1
7 31 2
15 144 2
0 33 2
29 41 2
31 110 1
23 31 2
29 88 1
36 64 2
19 66 2
27 35 2
0 18 2
16 141 1
19 118 2
6 11 2
43 45 2
19 111 2
15 131 2
17 47 2
15 41 2
34 114 1
24 43 2
25 117 2
34 74 2
2 32 2
10 82 2
15 134 2
24 84 2
17 46 2
31 129 2
11 17 2
13 29 2
30 100 1
11 42 2
41 63 2
44 119 1
18 131 2
17 23 2
36 106 2
45 89 2
1 11 2
37 102 1
47 90 1
5 27 2
36 42 2
22 130 2
14 31 2
37 95 1
28 84 1
35 130 1
10 29 2
46 48 2
13 49 2
42 50 1
33 40 2
4 39 2
28 45 2
3 70 1
41 66 2
15 51 1
13 39 2
3 81 1
4 137 2
23 102 2
13 35 2
7 97 1
48 72 2
8 30 2
23 68 2
5 146 1
8 35 2
1 44 2
29 38 2
34 72 1
16 75 2
2 40 2
3 82 1
15 40 2
19 33 2
48 147 2
9 99 1
33 41 2
38 79 2
46 121 2
16 70 2
10 18 2
38 63 2
1 37 2
22 65 2
4 8 2
27 47 2
15 138 2
15 88 2
8 42 2
44 63 2
12 126 2
34 56 2
33 74 1
38 83 2
22 117 1
39 110 1
2 75 2
40 43 2
36 80 1
19 78 2
9 38 2
19 30 2
15 42 2
0 41 2
13 80 2
0 23 2
46 109 1
11 136 2
36 56 2
16 108 2
8 9 2
20 91 2
34 42 2
42 122 2
16 73 1
7 74 2
17 126 2
49 56 2
12 30 1
11 45 1
16 25 1
41 44 1
22 73 1
10 19 1
3 18 1
7 55 2
8 26 1
3 61 1
19 46 1
45 47 1
12 55 1
26 46 1
49 139 2
52 139 2
114 139 1
6 121 2
11 107 1
107 139 2
38 73 2
48 131 1
81 119 2
26 124 1
0 45 1
47 95 1
43 46 1
0 120 1
26 78 1
9 36 1
139 142 2
47 120 2
119 139 2
30 41 1
0 26 1
61 120 2
25 35 1
16 36 1
33 73 1
6 75 2
9 120 1
52 54 1
49 75 1
9 54 2
41 46 1
10 44 1
