% n=20 p=60 d=0.33 p_blue=0.66
% k=0
3 18 2
3 13 1
3 7 2
9 13 2
4 5 2
5 13 2
3 6 2
1 2 2
0 3 2
7 17 2
1 8 2
7 11 2
1 10 2
0 1 2
6 11 2
2 14 2
2 19 1
6 7 2
0 8 2
4 6 2
7 14 1
8 10 2
9 14 1
0 16 2
5 7 2
0 7 2
9 11 2
7 9 2
1 12 2
4 9 2
8 14 2
7 8 2
5 14 2
0 11 2
0 5 2
2 11 2
4 13 1
0 14 2
10 13 2
4 11 2
3 10 2
6 16 2
10 14 2
6 17 1
1 11 2
5 11 2
10 12 2
0 6 2
10 19 2
1 6 2
3 11 2
10 11 2
8 11 2
5 6 2
1 13 1
2 6 2
9 12 2
1 3 1
3 9 1
2 3 1
10 15 1
2 9 1
6 15 1
8 15 1
6 10 2
2 5 1
4 15 2
0 4 1
4 8 2
9 18 2
9 10 2
3 15 2
4 10 2
1 9 2
0 10 1
3 8 2
0 15 2
0 2 1
2 10 1
8 9 1
2 18 1
1 4 1
7 10 2
0 18 2
1 7 1
