% n=80 p=60 d=0.66 p_blue=0.33
% k=0
12 18 2
22 58 2
0 33 2
24 71 2
18 65 2
38 72 2
45 72 1
16 77 1
7 72 1
17 31 2
23 34 2
18 60 1
35 49 2
42 57 1
12 31 2
32 44 2
22 39 2
35 47 2
34 36 2
23 29 2
1 10 2
35 78 1
39 40 2
23 30 2
37 49 2
7 78 1
31 34 2
23 74 2
13 27 2
14 65 2
21 56 1
8 20 2
1 25 2
22 75 1
7 31 2
29 32 2
20 55 2
7 14 2
41 71 2
8 13 2
27 72 2
45 46 2
13 19 2
15 23 2
9 48 2
18 47 2
37 63 1
27 31 2
31 40 2
2 13 2
7 22 2
32 35 2
6 47 2
16 47 2
35 53 2
17 67 2
25 56 2
34 77 1
39 47 2
14 53 2
2 27 2
14 74 1
16 63 2
7 18 2
17 73 1
38 47 2
24 42 2
13 68 2
14 48 1
18 43 2
12 42 2
46 69 1
21 43 2
9 12 2
15 48 1
10 18 2
37 56 1
2 73 1
11 70 2
23 32 2
45 75 1
25 50 1
24 48 1
14 21 2
26 55 1
15 20 2
47 48 1
7 37 2
21 68 2
23 45 2
44 46 2
5 65 1
39 45 2
10 30 2
12 39 2
26 35 2
14 46 2
25 37 2
1 44 2
2 43 2
1 59 2
22 62 2
10 21 2
43 66 2
19 47 2
14 47 2
35 63 1
11 43 2
29 70 1
42 56 1
12 69 1
28 60 1
46 67 1
34 46 2
37 61 1
22 30 2
4 34 2
6 60 1
1 46 2
25 60 2
2 7 2
8 39 2
23 39 2
46 57 1
24 78 1
26 70 1
34 72 2
22 68 1
33 47 2
35 41 2
5 41 2
14 31 2
7 13 2
2 41 2
5 74 1
4 60 1
27 34 2
27 44 2
19 58 1
41 57 1
2 36 2
6 50 1
42 65 1
8 33 2
46 49 2
19 50 1
15 41 2
36 49 1
37 72 1
22 43 2
41 67 1
45 64 1
24 31 2
12 44 2
3 33 2
28 63 1
10 78 1
34 35 2
9 79 1
19 46 2
27 49 1
13 30 2
3 40 2
10 14 2
11 58 1
13 51 1
5 71 1
18 23 2
13 34 2
17 42 2
41 54 2
2 8 2
41 69 1
44 48 1
36 39 2
25 59 1
5 11 2
18 79 1
16 66 1
5 52 2
41 61 1
20 49 1
2 28 2
19 71 1
2 65 1
25 52 2
25 26 2
34 75 1
19 32 2
33 41 2
29 36 2
30 32 2
23 55 1
15 64 2
2 17 2
5 18 2
36 56 2
6 46 2
11 17 2
39 72 1
16 42 2
33 45 2
46 75 1
34 79 1
27 55 1
43 55 1
0 52 2
34 56 2
23 67 2
12 75 1
0 47 2
15 40 2
9 31 2
16 68 2
5 33 2
21 31 2
14 24 2
10 41 2
32 33 2
16 78 2
14 70 1
10 75 1
40 66 1
3 13 2
7 61 2
16 39 2
23 31 2
2 58 1
15 29 2
23 72 1
19 60 1
12 51 1
21 30 2
12 19 2
17 41 2
0 3 2
1 5 2
45 57 1
24 32 2
30 63 1
3 58 1
23 36 2
41 74 1
28 43 2
15 66 1
36 44 2
33 72 1
5 22 2
15 75 2
38 75 1
5 19 2
44 72 2
40 78 2
0 58 1
17 54 1
14 55 1
17 21 2
28 52 2
8 53 1
9 54 1
26 69 2
26 76 1
14 76 1
33 38 2
28 78 2
4 25 2
40 51 2
21 41 2
18 75 2
1 42 2
15 31 2
37 60 1
3 21 2
18 19 2
26 50 1
34 45 2
31 67 1
26 68 1
11 34 2
35 51 1
22 51 1
26 30 2
26 38 2
37 73 1
8 66 2
8 27 2
19 62 1
30 36 2
1 18 2
41 63 1
11 40 2
23 75 1
20 68 2
20 79 1
17 52 2
37 54 2
14 73 2
17 74 1
0 50 1
24 58 2
40 60 2
10 74 1
16 18 2
27 43 2
46 51 2
42 43 2
19 64 1
3 47 2
13 37 2
15 78 1
10 22 2
16 41 2
8 68 1
16 72 2
4 40 2
16 28 2
29 50 1
13 52 1
17 77 1
29 72 1
29 79 1
11 30 2
34 61 1
0 16 2
24 36 2
33 49 1
22 78 1
28 57 2
16 48 1
47 69 2
14 71 1
12 67 2
41 46 2
21 44 2
18 71 2
23 28 2
7 47 2
7 42 2
45 62 1
15 45 2
9 45 2
46 53 1
24 59 1
10 53 2
20 76 1
4 72 1
10 61 1
23 43 2
17 26 2
11 27 2
7 30 2
2 46 2
1 58 1
13 32 2
26 59 2
10 37 2
3 9 2
6 22 2
22 42 2
42 69 1
6 15 2
0 73 1
27 73 1
1 13 2
12 36 2
22 34 2
7 76 1
11 29 2
36 38 2
8 38 2
38 61 1
17 20 2
12 30 2
6 16 2
23 35 2
15 52 2
6 32 2
6 67 1
9 34 2
14 32 2
31 33 2
6 20 2
0 4 2
13 42 2
47 73 1
11 31 2
35 44 2
14 27 2
10 58 1
19 42 2
39 64 1
17 48 1
20 29 2
21 60 1
12 47 2
35 48 1
30 68 1
15 38 2
20 53 1
4 7 2
5 34 2
14 29 2
38 69 1
10 11 2
29 64 2
42 67 1
38 79 1
29 31 2
32 39 2
32 45 2
0 79 1
47 61 2
30 52 2
17 63 2
40 71 2
27 36 2
10 28 2
22 61 2
22 47 2
40 53 1
12 57 1
6 59 1
16 19 2
42 54 1
29 33 2
31 47 2
8 34 2
3 66 2
45 56 2
12 13 2
31 46 2
35 43 2
24 30 2
3 46 2
4 22 2
6 8 2
4 28 2
21 36 2
22 29 2
32 42 2
28 73 1
13 79 2
14 25 2
21 42 2
21 23 2
17 44 2
17 46 2
12 68 1
38 41 2
36 42 2
4 42 2
30 77 2
5 29 2
41 45 2
22 73 2
36 77 1
2 49 1
3 4 2
21 69 1
0 46 2
23 37 2
12 71 2
27 33 2
40 41 2
2 52 1
20 22 2
31 53 1
2 25 2
17 30 2
16 52 1
5 45 2
12 54 1
11 55 1
23 56 2
26 28 2
31 58 1
44 55 2
10 29 2
26 45 2
16 55 1
15 72 1
12 35 2
19 56 1
5 23 2
7 27 2
19 61 1
9 27 2
18 30 2
39 68 1
34 55 1
30 43 2
13 69 1
42 52 2
33 74 2
3 57 1
30 48 1
38 71 2
0 2 2
18 77 1
36 52 1
14 26 2
7 12 2
7 43 2
7 54 2
12 55 1
6 69 1
33 52 1
16 69 1
36 54 2
31 59 1
13 16 2
13 70 1
29 58 2
15 30 2
32 62 1
4 26 2
40 65 1
19 33 2
14 17 2
32 70 2
28 62 1
9 14 2
30 64 2
8 79 2
13 54 1
42 77 1
15 65 1
22 64 1
8 73 1
8 44 2
11 22 2
31 39 2
8 42 2
4 49 2
4 15 2
13 22 2
39 65 1
17 29 2
25 42 2
14 69 1
0 55 2
18 63 2
32 41 2
15 70 1
4 18 2
16 23 2
15 50 2
19 30 2
6 21 2
29 39 2
23 27 2
0 64 1
16 60 1
25 67 1
20 66 1
25 31 2
13 55 2
8 71 1
38 68 1
1 79 2
15 27 2
40 58 2
5 61 1
33 63 1
1 15 2
34 78 1
21 58 1
35 59 1
1 43 2
11 75 2
29 45 2
25 39 2
28 74 2
19 28 2
26 74 1
12 21 2
21 65 2
19 57 2
41 58 2
28 55 1
39 60 2
6 62 1
31 73 1
14 44 2
12 22 2
15 35 2
7 51 1
9 25 2
33 46 2
22 67 1
11 37 2
1 24 2
16 44 2
3 43 2
30 56 1
33 76 2
7 39 2
0 34 2
40 74 2
39 50 1
44 68 1
12 26 2
33 65 1
6 11 2
9 61 2
1 77 1
41 78 1
6 78 2
45 69 1
45 51 1
36 46 2
1 36 2
41 79 1
12 33 2
17 62 1
41 42 2
14 43 2
6 37 2
22 28 2
37 57 1
11 45 2
41 52 1
5 26 2
31 60 1
35 37 2
2 31 2
0 1 2
23 47 2
18 70 1
5 57 1
34 58 2
15 19 2
8 18 2
27 58 2
41 68 1
13 78 2
27 38 2
42 61 1
15 16 2
23 41 2
37 68 1
26 33 2
28 31 2
40 55 1
33 79 2
3 20 2
22 74 1
0 38 2
34 42 2
18 32 2
24 45 2
24 44 2
31 32 2
28 56 2
19 72 1
2 71 2
25 75 1
13 67 1
8 57 1
6 29 2
3 24 2
1 34 2
10 12 2
24 74 1
22 38 2
37 50 2
19 78 1
12 64 1
4 67 1
9 60 1
0 23 2
3 16 2
0 26 2
2 47 2
36 79 1
12 27 2
29 76 1
12 37 2
2 38 2
8 61 2
31 41 2
44 63 1
13 26 2
0 28 2
31 71 1
18 59 1
8 10 2
0 8 2
16 57 1
25 77 1
45 58 1
40 45 2
8 37 2
1 3 2
38 78 1
14 67 2
15 77 1
32 50 1
2 26 2
7 23 2
43 45 2
46 62 2
9 72 1
2 33 2
27 77 2
25 71 2
16 24 2
2 20 2
11 18 2
5 49 1
30 46 2
37 70 1
5 36 2
24 60 2
20 33 2
6 27 2
40 61 1
18 45 2
9 35 2
8 35 2
37 38 2
16 43 2
20 60 1
19 24 2
30 60 2
0 60 1
32 56 1
14 37 2
3 35 2
26 66 2
25 40 2
20 36 2
2 11 2
5 37 2
47 59 1
20 45 2
3 26 2
37 45 2
36 41 2
13 71 1
30 75 1
24 61 1
19 39 2
7 20 2
15 32 2
14 22 2
24 66 1
11 52 2
46 56 2
16 61 2
8 67 1
20 25 2
29 41 2
3 69 1
38 58 1
8 11 2
8 43 2
18 33 2
34 54 2
38 42 2
37 52 2
26 58 2
33 66 1
10 45 2
44 45 2
44 67 2
38 40 2
1 6 2
23 78 1
16 70 2
1 8 2
14 77 1
4 14 2
26 51 1
7 35 2
3 5 2
4 47 2
5 10 2
0 54 2
4 9 2
16 79 1
17 57 1
40 50 1
29 71 2
42 44 2
40 67 1
11 47 2
27 40 2
2 5 2
25 35 2
2 12 2
4 52 1
28 41 2
44 59 1
16 59 1
7 24 2
3 22 2
9 76 1
20 47 2
29 77 2
4 17 2
8 50 1
7 50 2
11 38 2
47 66 1
4 45 2
15 62 1
30 76 1
43 76 2
22 33 2
36 68 1
23 33 2
22 76 1
7 44 2
19 37 2
3 77 2
38 76 2
0 7 2
5 44 2
32 46 2
25 66 1
0 10 2
27 28 2
21 28 2
8 31 2
13 20 2
13 24 2
0 76 1
7 34 2
45 50 2
4 8 2
21 25 2
42 49 1
2 14 2
0 30 2
26 34 2
1 27 2
20 65 2
16 20 2
0 19 2
19 34 2
42 55 1
1 72 2
24 62 1
14 79 2
27 59 1
6 43 2
4 6 2
8 70 2
9 23 2
2 55 1
29 40 2
5 67 2
4 19 2
9 39 2
33 71 2
41 62 2
30 35 2
2 79 2
1 73 1
25 32 2
33 57 2
11 54 1
4 70 1
20 37 2
0 62 1
28 47 2
28 64 1
25 45 2
27 42 2
8 36 2
0 57 1
1 20 2
46 79 1
2 22 2
9 47 2
11 72 1
11 50 1
35 79 1
33 73 2
35 68 2
18 38 2
44 54 1
13 23 2
42 50 1
7 33 2
10 66 1
7 9 2
36 57 1
31 69 1
26 75 2
29 66 1
4 37 2
23 25 2
22 26 2
8 14 2
25 64 1
9 62 1
41 48 2
0 40 2
26 46 2
8 32 2
45 55 1
31 61 2
18 27 2
2 30 2
28 42 2
22 65 1
46 47 2
20 77 1
4 44 2
1 33 2
21 49 1
23 77 1
23 60 1
4 5 2
18 22 2
0 42 2
1 31 2
24 38 2
15 28 2
24 34 2
15 17 2
16 74 2
35 72 2
27 30 2
42 59 1
39 78 2
4 57 1
24 63 1
17 60 1
21 59 2
8 46 2
14 33 2
5 17 2
35 58 2
37 77 1
0 18 2
18 62 1
26 71 1
16 62 2
3 15 2
33 36 2
7 46 2
5 78 1
3 6 2
20 21 2
34 53 1
9 22 2
37 78 1
11 64 2
29 30 2
19 43 2
9 65 1
12 76 1
36 74 1
9 19 2
44 49 2
3 68 1
13 72 1
23 26 2
1 63 2
41 44 2
4 31 2
13 28 2
33 35 2
26 49 1
31 37 2
26 41 2
2 61 1
6 18 2
11 78 1
34 74 1
8 62 2
24 28 2
14 30 2
11 39 2
24 54 1
8 15 2
30 69 1
5 21 2
19 35 2
12 65 1
0 6 2
7 40 2
14 40 2
14 75 1
29 62 1
11 26 2
46 61 1
34 39 2
33 60 2
10 20 2
38 74 1
19 67 1
5 15 2
47 49 1
14 28 2
47 78 1
34 40 2
4 35 2
8 12 2
10 70 1
31 51 1
4 43 2
14 58 2
16 40 2
32 40 2
9 21 2
24 69 1
8 45 2
5 35 2
5 25 2
10 16 2
35 73 2
16 27 2
18 69 1
15 59 2
25 62 1
24 26 2
41 47 2
5 58 2
20 23 2
0 13 2
17 24 2
28 40 2
6 13 2
28 34 2
10 26 2
30 73 1
16 31 2
16 22 2
21 45 2
2 44 2
3 65 1
38 45 2
7 59 1
3 42 2
31 44 2
5 24 2
46 50 2
28 76 2
17 34 2
33 40 2
25 73 1
12 53 1
32 36 2
32 61 1
11 33 2
15 33 2
21 33 2
28 72 1
4 64 2
37 40 2
20 28 2
15 39 2
3 31 2
12 50 2
16 51 2
5 42 2
5 70 1
6 30 2
23 59 2
4 13 2
1 4 2
5 50 1
17 68 1
6 23 2
2 50 2
11 41 2
43 64 1
20 71 2
10 27 2
26 43 2
0 15 2
25 33 2
32 54 1
19 53 1
14 57 1
6 31 2
18 21 2
47 76 1
3 45 2
9 16 2
0 9 2
9 10 2
7 74 1
6 39 2
24 65 2
40 73 1
14 36 2
16 25 2
34 44 2
2 53 2
10 73 1
30 40 2
41 59 2
25 38 2
8 29 2
40 44 2
0 29 2
35 42 2
9 44 2
16 46 2
26 31 2
31 70 2
34 47 2
21 66 1
23 64 1
11 19 2
27 69 2
4 78 1
36 47 2
45 66 1
45 65 2
20 67 2
3 63 1
21 67 1
7 64 2
5 72 1
21 71 2
0 35 2
6 54 2
12 24 2
4 12 2
26 40 2
4 61 1
6 75 1
47 62 1
10 60 1
1 9 2
38 65 2
3 25 2
10 67 1
34 41 2
38 77 1
2 75 1
14 50 1
29 46 2
13 18 2
1 48 1
9 46 2
16 34 2
35 60 1
46 60 1
2 67 1
32 48 2
42 64 2
25 47 2
2 29 2
28 36 2
32 57 1
29 43 2
1 28 2
11 42 2
24 52 2
11 25 2
45 67 1
43 63 2
9 64 1
13 25 2
10 35 2
15 36 2
19 54 2
11 36 2
38 57 2
41 77 2
10 34 2
5 59 1
33 48 1
18 46 2
13 15 2
25 69 2
5 30 2
30 53 1
12 16 2
28 50 1
47 79 1
8 41 2
19 41 2
36 64 2
18 28 2
2 10 2
38 62 1
7 65 1
3 8 2
6 34 2
1 54 1
22 32 2
44 53 1
39 43 2
8 9 2
29 74 1
29 37 2
44 69 1
7 11 2
0 14 2
24 35 2
29 51 2
24 27 2
8 19 2
3 74 1
16 32 2
18 37 2
33 42 2
25 27 2
21 53 2
12 72 1
26 61 1
21 75 1
30 61 2
20 46 2
7 28 2
36 75 1
19 23 2
4 29 2
37 42 2
6 12 2
4 51 2
17 71 2
37 41 2
3 23 2
2 42 2
24 46 2
39 41 2
39 79 2
17 37 2
44 47 2
47 64 2
5 64 1
28 59 2
13 60 2
23 38 2
28 68 1
26 78 1
39 62 1
5 27 2
42 78 1
11 66 1
45 71 1
10 25 2
30 39 2
21 22 2
26 37 2
19 22 2
43 48 1
14 38 2
24 41 2
47 60 1
24 64 1
16 26 2
45 52 2
11 20 2
36 59 2
11 12 2
9 69 1
4 10 2
34 66 1
37 74 1
27 52 2
24 73 2
8 24 2
34 37 2
34 69 2
45 60 2
44 61 2
3 71 1
15 21 2
41 55 1
20 69 1
45 48 1
35 38 2
4 54 1
0 43 2
6 45 2
28 38 2
28 48 1
10 52 1
20 59 1
39 48 1
40 70 1
30 78 2
4 20 2
0 21 2
17 53 2
44 52 1
29 69 1
13 75 1
38 63 1
2 34 2
15 18 2
15 73 1
42 47 2
26 36 2
37 43 2
24 47 2
19 45 2
1 38 2
46 71 2
20 57 2
37 59 2
27 45 2
47 51 1
37 58 2
19 77 2
11 73 2
42 74 2
47 65 1
29 38 2
20 48 1
28 44 2
13 40 2
8 65 1
39 61 2
30 54 1
4 24 2
27 68 1
11 61 1
1 22 2
14 60 1
45 76 1
28 67 2
4 30 2
24 43 2
46 77 2
7 48 2
40 75 1
26 77 2
8 28 2
37 67 2
0 67 1
22 49 2
3 11 2
16 36 2
20 34 2
8 26 2
11 32 2
23 61 2
21 64 1
1 62 1
11 46 2
47 67 1
22 45 2
0 36 2
1 32 2
16 76 2
18 41 2
17 56 2
1 35 2
0 44 2
5 53 1
25 78 2
20 26 2
6 9 2
6 26 2
3 75 2
20 32 2
26 48 2
11 23 2
22 77 1
1 30 2
13 64 1
42 76 2
8 30 2
17 38 2
20 61 1
5 69 2
2 6 2
5 39 2
13 48 1
6 35 2
1 16 2
22 25 2
38 56 1
19 20 2
9 70 1
18 25 2
6 25 2
16 33 2
42 79 1
9 11 2
44 77 1
7 10 2
13 56 2
40 43 2
0 24 2
40 52 2
35 66 1
18 76 2
0 20 2
20 73 1
31 45 2
29 47 2
18 73 1
15 69 1
44 66 2
6 79 1
15 24 2
31 48 1
45 79 1
21 39 2
14 78 1
41 76 1
26 73 2
15 68 1
18 35 2
25 65 2
24 53 2
37 46 2
39 67 1
9 50 1
0 49 1
15 74 1
22 44 2
5 43 2
12 45 2
27 64 2
10 31 2
39 51 1
14 59 2
9 13 2
34 43 2
26 29 2
38 44 2
2 19 2
16 45 2
4 77 2
10 46 2
22 24 2
10 38 2
40 54 2
36 78 1
33 37 2
9 15 2
9 77 1
28 29 2
15 22 2
19 55 1
24 56 1
3 64 2
34 50 1
23 48 1
2 60 2
21 26 2
17 39 2
5 46 2
6 61 2
4 41 2
7 66 2
14 45 2
3 36 2
16 29 2
0 31 2
18 31 2
27 71 1
1 21 2
9 33 2
22 48 1
6 48 2
43 44 2
12 20 2
27 47 2
31 74 1
25 46 2
12 15 2
10 79 2
19 59 1
13 38 2
10 32 2
21 77 2
16 58 2
18 52 1
3 52 1
38 70 1
10 13 2
27 53 1
5 55 1
6 10 2
13 29 2
32 75 1
31 62 1
0 65 1
11 35 2
5 79 1
8 51 1
1 37 2
25 36 2
3 53 1
11 14 2
11 24 2
42 48 1
3 34 2
33 54 1
39 70 1
6 42 2
46 58 1
14 64 1
4 32 2
47 71 2
16 37 2
29 44 2
24 70 1
1 52 1
45 61 2
31 76 1
30 38 2
10 40 2
3 56 2
11 59 1
28 33 2
29 34 2
19 38 2
20 40 2
47 70 2
4 16 2
35 40 2
15 51 2
22 36 2
20 54 1
41 49 1
35 69 1
9 30 2
6 19 2
28 37 2
7 17 2
4 39 2
12 49 1
3 49 2
8 56 2
0 39 2
30 31 2
39 44 2
5 40 2
0 37 2
25 55 1
5 31 2
13 33 2
22 66 1
17 55 1
35 71 1
33 43 2
21 38 2
2 78 1
9 18 2
5 51 1
26 44 2
27 51 2
5 77 1
29 52 1
39 55 2
20 52 1
30 74 2
24 67 2
22 70 1
7 25 2
1 53 2
40 68 1
47 77 1
39 46 2
14 41 2
29 49 1
15 42 2
26 53 1
10 15 2
32 78 1
11 51 1
29 68 2
15 26 2
25 41 2
10 50 1
1 2 2
38 46 2
6 41 2
30 44 2
3 10 2
17 51 2
8 58 1
35 76 2
1 45 2
27 62 2
12 28 2
3 38 2
45 54 1
35 39 2
6 7 2
6 28 2
15 71 1
17 59 2
38 64 1
9 32 2
24 79 1
8 22 2
10 64 1
7 8 2
42 58 1
20 24 2
9 36 2
6 44 2
43 73 2
19 44 2
9 63 1
38 50 1
6 38 2
26 64 2
7 62 1
9 38 2
27 78 1
21 37 2
7 56 2
13 74 1
25 28 2
22 57 1
2 72 1
36 37 2
45 47 2
2 15 2
43 54 1
18 36 2
27 67 2
23 62 1
18 26 2
21 55 1
41 73 2
47 58 2
34 38 2
21 61 1
7 32 2
13 49 2
0 32 2
26 42 2
35 74 1
28 61 1
2 4 2
23 40 2
18 66 1
21 46 2
27 66 2
24 25 2
17 32 2
13 47 2
22 27 2
5 20 2
18 42 2
27 65 2
3 29 2
30 55 2
46 52 1
25 58 2
1 17 2
47 74 1
17 45 2
15 34 2
20 50 2
0 11 2
26 47 2
41 66 2
6 14 2
33 59 1
24 29 2
30 34 2
15 47 2
19 25 2
31 63 2
42 62 1
14 15 2
10 23 2
42 75 1
10 24 2
19 68 1
41 75 1
5 7 2
10 19 2
15 53 1
22 53 2
16 21 2
27 46 2
9 42 2
33 78 1
8 25 2
3 44 2
2 16 2
2 45 2
1 41 2
32 69 2
23 42 2
42 72 1
32 71 1
12 70 2
19 27 2
5 38 2
27 29 2
15 37 2
34 51 1
10 43 2
13 39 2
11 79 2
31 42 2
40 63 1
35 64 1
31 36 2
21 50 1
4 11 2
6 71 1
30 59 1
44 51 2
30 49 1
13 35 2
1 70 1
26 39 2
32 47 2
19 29 2
13 17 2
38 39 2
6 33 2
3 37 2
24 40 2
6 66 1
29 75 2
1 29 2
43 50 2
41 50 2
28 35 2
10 42 2
16 35 2
36 40 2
36 43 2
8 23 2
10 44 2
36 45 2
35 45 2
28 79 1
32 64 1
12 46 2
2 35 2
20 74 2
20 41 2
2 9 2
23 57 2
16 38 2
30 45 2
2 64 1
9 26 2
24 55 1
23 79 1
8 74 1
21 74 2
2 74 2
21 51 1
22 40 2
11 62 2
14 39 2
38 59 2
23 24 2
40 57 2
12 61 2
10 68 1
17 28 2
34 59 2
9 41 2
13 65 1
28 32 2
40 47 2
10 69 1
4 50 1
22 23 2
18 50 2
8 59 1
27 70 1
25 34 2
17 78 2
31 79 1
35 36 2
28 45 2
5 56 1
18 34 2
29 65 2
20 30 2
5 16 2
31 38 2
4 33 2
0 41 2
3 41 2
18 40 2
43 46 2
12 62 1
42 45 2
18 39 2
26 79 1
8 47 2
3 12 2
33 34 2
19 36 2
27 54 1
1 39 2
14 16 2
20 31 2
12 29 2
8 40 2
40 62 1
30 33 2
32 79 1
45 59 1
27 37 2
0 25 2
32 38 2
36 66 1
31 43 2
31 64 2
13 44 2
30 47 2
11 77 2
41 43 2
41 60 2
16 64 2
17 70 1
20 35 2
31 54 1
5 8 2
22 35 2
1 7 2
22 46 2
25 74 1
39 71 1
33 56 2
26 63 2
15 49 1
3 60 2
15 56 1
0 45 2
17 35 2
2 21 2
21 47 2
3 27 2
2 68 1
36 55 1
10 72 1
28 46 2
11 16 2
5 13 2
11 74 1
1 76 2
12 40 2
6 36 2
19 26 2
18 29 2
43 67 1
10 71 1
4 38 2
12 25 2
15 44 2
19 75 1
19 73 1
22 37 2
4 74 1
23 51 2
36 63 2
39 53 1
27 48 2
39 77 2
5 28 2
12 23 2
29 78 1
43 51 1
40 49 1
30 37 2
1 19 2
7 21 2
37 39 2
12 43 2
21 70 2
3 32 2
27 35 2
17 50 1
19 69 1
7 38 2
3 19 2
7 29 2
10 59 2
3 30 2
12 38 2
7 26 2
15 25 2
16 49 1
46 70 2
9 29 2
37 66 1
11 44 2
14 19 2
4 63 2
17 23 2
4 46 2
26 27 2
25 44 2
21 24 2
43 71 1
43 68 1
13 14 2
37 53 1
46 63 1
9 20 2
0 74 1
3 14 2
25 51 2
1 40 2
7 36 2
29 55 1
30 42 2
12 74 2
29 42 2
32 37 2
13 43 2
1 75 2
33 39 2
21 73 1
19 74 1
42 51 1
20 44 2
7 58 1
18 20 2
42 46 2
5 14 2
39 74 1
37 75 2
3 18 2
34 60 1
9 28 2
27 61 1
27 60 1
39 52 1
24 37 2
25 43 2
29 54 1
33 44 2
3 61 1
24 33 2
21 29 2
42 70 1
10 62 1
7 41 2
41 56 1
13 41 2
6 17 2
25 29 2
32 76 1
1 47 2
42 63 2
14 23 2
4 23 2
13 21 2
4 76 1
4 27 2
10 47 2
3 28 2
27 79 1
1 11 2
20 39 2
17 25 2
5 76 2
35 56 1
19 31 2
17 43 2
17 40 2
13 61 2
11 15 2
0 5 2
10 36 2
47 56 1
14 18 2
12 14 2
11 68 1
21 35 2
6 40 2
17 36 2
15 63 1
9 17 2
39 66 2
17 22 2
23 46 2
23 44 2
17 47 2
29 57 1
1 23 2
20 43 2
33 62 1
16 30 2
24 51 2
38 66 1
8 49 1
2 77 1
19 40 2
28 54 2
2 24 2
42 73 1
32 59 2
0 56 1
2 40 2
22 71 1
7 19 2
43 47 2
21 27 2
17 19 2
5 9 2
45 78 1
27 56 2
1 68 2
14 20 2
33 68 1
5 32 2
17 33 2
12 32 2
36 72 1
15 67 1
0 17 2
39 42 2
38 73 1
5 6 2
10 33 2
18 49 2
20 42 2
13 58 1
0 27 2
41 53 2
17 18 2
9 43 2
15 43 2
8 16 2
13 46 2
21 40 2
5 47 2
30 57 2
4 71 2
36 67 1
4 69 1
31 52 1
38 43 2
2 23 2
25 72 1
3 7 2
16 53 1
46 48 1
14 34 2
18 67 2
9 37 2
12 34 2
15 61 1
1 14 2
47 72 1
30 41 2
47 63 1
9 71 1
32 49 1
32 43 2
17 27 2
25 30 2
7 16 2
22 41 2
13 36 2
7 67 1
30 72 1
21 34 2
10 48 2
7 45 2
13 45 2
21 76 1
34 48 1
44 56 1
27 39 2
25 68 1
12 77 2
40 42 2
14 42 2
8 69 1
22 31 2
35 62 1
14 63 1
23 69 2
1 12 2
5 12 2
21 32 2
17 72 1
43 52 2
11 21 2
1 26 2
27 32 2
11 28 2
36 73 1
2 37 2
10 17 2
31 35 2
25 70 1
3 17 2
8 52 1
23 68 2
28 39 2
18 68 1
31 72 1
12 41 2
17 76 2
16 75 2
11 13 2
8 77 2
8 64 1
12 17 2
6 56 1
23 70 1
37 47 2
3 70 1
28 30 2
29 67 1
8 21 2
15 46 2
10 39 2
0 48 1
4 21 2
44 70 1
18 44 2
22 55 2
27 76 2
4 36 2
22 54 1
8 75 1
5 75 1
0 22 2
16 65 2
36 60 1
6 24 2
0 12 2
7 15 2
26 32 2
43 61 2
11 60 2
19 21 2
17 49 1
13 53 1
44 73 1
2 32 2
28 53 1
14 35 2
29 35 2
2 3 2
20 27 2
35 46 2
32 77 2
31 77 1
8 17 1
24 39 1
32 34 1
40 46 1
23 66 2
20 38 1
2 18 1
