% n=150 p=60 d=0.66 p_blue=0.33
% k=0
48 86 2
22 74 2
67 110 2
18 127 2
5 64 2
44 136 1
68 76 2
54 108 1
8 36 2
22 149 1
14 46 2
13 38 2
46 145 1
9 134 1
65 133 2
86 92 2
51 60 2
15 140 2
22 114 1
63 77 2
11 74 2
10 97 2
12 142 1
69 139 2
78 105 1
12 105 2
14 75 2
60 130 1
21 79 2
61 133 2
33 87 2
17 30 2
23 35 2
86 97 1
16 61 2
74 103 2
16 133 1
30 142 1
15 103 1
3 100 1
6 53 2
62 134 1
46 129 1
52 138 2
40 124 2
24 76 2
12 16 2
56 113 1
16 17 2
51 76 2
22 37 2
69 126 1
40 103 1
21 36 2
10 137 1
38 112 1
14 21 2
56 135 1
68 145 1
36 128 1
83 141 1
12 43 2
45 56 2
15 62 2
34 65 2
5 61 2
74 97 2
11 80 2
11 32 2
81 86 2
46 58 2
5 31 2
57 73 2
12 30 2
79 91 1
3 18 2
82 137 1
65 76 2
9 98 1
12 91 1
64 75 2
38 44 2
57 69 2
58 140 1
63 97 2
67 117 2
47 131 1
78 79 2
17 132 2
72 101 2
15 18 2
16 65 2
5 40 2
4 20 2
60 122 1
8 9 2
5 59 2
4 110 1
55 57 2
45 52 2
86 102 2
10 73 2
37 77 2
82 132 2
43 146 2
61 119 1
15 126 2
72 125 1
86 88 2
44 134 1
13 20 2
12 15 2
14 67 2
39 101 1
57 81 2
40 126 1
37 57 2
32 66 2
9 91 2
19 36 2
2 29 2
4 49 2
74 148 1
61 129 1
16 72 2
29 92 1
50 69 2
32 86 2
44 81 2
9 113 1
23 92 1
6 79 2
72 79 2
2 41 2
84 105 1
86 135 1
64 69 2
36 107 2
7 81 2
44 53 2
16 82 2
34 104 1
33 138 1
49 58 2
48 136 1
29 89 2
44 50 2
1 27 2
51 120 1
45 74 2
81 146 2
18 73 2
75 82 2
14 133 2
7 28 2
4 13 2
7 48 2
30 133 1
9 104 1
52 71 2
56 142 1
50 109 2
7 123 2
65 91 2
8 115 1
16 92 1
37 101 1
43 77 2
3 79 2
23 72 2
89 144 2
43 51 2
46 74 2
6 95 1
37 79 2
73 90 1
67 103 2
56 110 1
15 119 1
78 114 1
79 113 2
28 29 2
25 86 2
80 102 1
36 140 1
88 117 2
27 78 2
19 77 2
19 127 2
66 138 2
30 61 2
32 128 2
32 83 2
37 96 1
22 105 2
50 53 2
40 73 2
73 136 2
28 80 2
42 103 2
30 37 2
76 113 2
34 88 2
15 51 2
62 81 2
25 88 2
1 17 2
73 84 2
37 54 2
35 54 2
38 94 2
0 100 1
34 67 2
26 72 2
70 78 2
29 131 1
9 114 1
10 23 2
14 126 1
3 84 2
12 76 2
48 82 2
43 108 1
80 108 1
4 77 2
14 36 2
24 129 1
65 127 2
48 103 1
57 68 2
52 143 2
27 147 1
23 136 2
15 74 2
26 125 1
16 28 2
50 70 2
8 49 2
80 109 1
37 87 2
7 143 1
30 99 1
27 34 2
18 63 2
41 112 2
29 98 2
62 89 2
4 95 1
76 89 2
39 82 2
30 58 2
15 57 2
82 123 1
0 15 2
40 138 1
70 117 1
75 107 2
56 61 2
48 111 1
73 104 1
37 61 2
21 89 2
47 145 1
3 125 1
46 83 2
13 35 2
24 40 2
74 134 2
76 78 2
76 97 2
66 83 2
67 70 2
12 70 2
13 70 2
25 132 2
2 100 1
14 141 1
7 16 2
74 81 2
16 43 2
12 107 2
16 59 2
86 93 2
27 58 2
20 62 2
49 78 2
28 142 1
53 146 1
85 115 2
59 77 2
4 45 2
18 85 2
21 41 2
6 12 2
78 99 2
27 44 2
5 83 2
17 106 1
5 107 2
52 64 2
28 139 1
51 89 2
18 144 2
1 57 2
36 139 2
20 54 2
49 139 1
21 30 2
33 38 2
62 123 1
33 44 2
72 99 1
52 83 2
19 88 2
78 102 2
31 56 2
52 84 2
8 51 2
16 19 2
29 83 2
30 119 2
37 142 1
67 139 1
70 73 2
37 136 2
27 77 2
29 51 2
58 81 2
6 131 1
45 141 1
16 56 2
8 23 2
28 123 2
68 126 1
22 49 2
59 74 2
11 87 2
50 121 1
3 8 2
3 87 2
2 118 1
75 147 1
6 18 2
47 80 2
25 89 2
25 34 2
49 61 2
66 144 2
39 65 2
66 86 2
76 98 1
8 84 2
66 72 2
79 94 1
5 121 1
11 72 2
59 141 1
49 87 2
68 94 2
76 79 2
25 82 2
51 81 2
5 66 2
70 129 1
40 139 1
19 107 1
85 144 1
48 89 2
59 82 2
67 126 1
51 58 2
67 78 2
58 130 2
36 82 2
6 136 1
12 34 2
51 77 2
45 116 2
43 118 2
8 74 2
83 133 1
2 31 2
50 71 2
13 31 2
33 55 2
59 89 2
16 70 2
61 62 2
48 75 2
53 58 2
45 61 2
21 83 2
10 100 2
77 108 2
35 108 2
12 60 2
60 138 1
14 143 1
31 34 2
0 59 2
26 32 2
10 118 2
24 132 1
43 149 1
42 61 2
43 76 2
41 69 2
29 141 1
42 66 2
17 42 2
30 80 2
10 121 1
74 79 2
12 125 2
40 61 2
42 100 1
59 63 2
70 103 1
84 91 1
66 89 2
29 65 2
15 123 1
44 66 2
38 132 2
1 60 2
33 74 2
44 125 2
25 68 2
88 106 2
51 116 1
24 101 2
29 78 2
10 43 2
0 112 1
22 43 2
8 88 2
11 106 2
75 117 2
49 136 1
85 131 2
8 140 1
33 88 2
10 34 2
37 72 2
7 113 2
48 77 2
8 53 2
71 93 1
49 119 1
59 106 1
59 72 2
49 112 2
43 136 1
87 139 2
11 137 2
77 92 1
54 87 2
15 118 1
33 39 2
11 113 2
74 89 2
6 71 2
28 103 1
67 124 1
8 126 1
2 63 2
21 49 2
89 114 1
0 134 1
6 72 2
27 43 2
24 64 2
29 87 2
36 74 2
63 125 2
18 36 2
37 63 2
59 93 1
23 118 2
68 124 2
46 66 2
52 82 2
83 102 2
23 149 1
5 13 2
23 82 2
8 14 2
39 113 1
86 130 1
33 37 2
27 123 2
87 100 1
28 43 2
1 82 2
51 132 1
66 118 1
5 41 2
10 14 2
6 33 2
21 27 2
58 65 2
21 118 1
1 125 1
27 87 2
10 127 1
8 70 2
54 136 1
31 98 1
78 116 1
43 59 2
29 129 2
39 134 1
19 95 1
73 117 2
35 98 2
8 37 2
28 58 2
73 123 1
27 59 2
36 133 1
34 89 2
29 42 2
69 112 1
52 147 1
7 103 2
7 142 2
78 84 2
34 101 1
22 30 2
72 120 1
58 133 1
21 56 2
15 39 2
39 94 2
8 17 2
71 114 2
17 76 2
11 26 2
57 116 1
12 56 2
28 34 2
6 125 1
16 102 2
89 108 1
51 93 1
5 17 2
18 67 2
36 119 1
28 57 2
14 130 2
27 74 2
17 113 1
57 142 1
42 49 2
6 19 2
31 86 2
69 74 2
12 32 2
44 79 2
82 104 1
23 131 2
10 21 2
14 51 2
18 26 2
40 91 1
22 69 2
10 56 2
66 142 1
82 121 1
79 109 1
41 127 2
27 39 2
48 145 1
44 124 2
11 68 2
41 63 2
55 89 2
79 81 2
19 85 2
69 81 2
17 65 2
2 71 2
82 86 2
8 33 2
42 80 2
23 48 2
24 95 1
32 130 1
28 31 2
26 45 2
88 100 2
73 112 2
26 61 2
10 83 2
38 142 2
0 56 2
46 68 2
5 12 2
18 69 2
11 121 2
9 63 2
9 61 2
60 104 2
48 63 2
71 80 2
16 74 2
44 51 2
9 143 2
87 146 1
61 103 1
45 65 2
80 107 2
38 47 2
2 22 2
64 81 2
33 133 2
17 95 1
52 73 2
18 45 2
19 111 1
84 88 2
39 78 2
44 75 2
54 81 2
61 64 2
69 85 2
26 93 2
66 121 1
46 75 2
64 76 2
58 67 2
7 64 2
59 66 2
8 137 1
76 92 2
8 55 2
34 68 2
54 67 2
80 144 1
9 24 2
32 40 2
42 120 1
26 75 2
22 106 1
52 125 1
83 119 1
81 96 2
24 73 2
23 142 2
17 74 2
0 131 1
7 85 2
41 68 2
89 101 1
24 120 2
50 72 2
87 133 1
38 75 2
65 136 1
7 139 2
39 48 2
33 59 2
33 85 2
15 55 2
87 127 2
0 122 1
69 77 2
31 70 2
5 36 2
46 112 2
15 41 2
26 142 1
14 136 1
74 129 2
2 62 2
41 143 1
26 83 2
82 143 1
31 36 2
24 135 2
62 63 2
82 110 2
41 58 2
61 108 1
51 137 2
89 112 1
81 121 1
10 125 2
81 108 1
20 81 2
10 99 2
21 130 2
14 128 1
78 93 1
59 114 1
53 95 1
79 140 1
64 79 2
37 73 2
43 81 2
67 68 2
65 130 2
45 79 2
85 109 2
11 33 2
56 72 2
26 101 1
60 143 1
25 111 1
12 133 2
10 104 1
65 94 1
14 53 2
27 66 2
36 45 2
33 71 2
16 146 1
10 145 1
11 93 2
19 24 2
23 76 2
35 111 2
26 62 2
81 141 1
12 45 2
35 79 2
38 74 2
0 8 2
19 51 2
4 74 2
60 107 1
6 28 2
2 21 2
40 60 2
32 125 1
15 27 2
53 63 2
64 140 1
45 78 2
50 62 2
1 74 2
8 90 2
56 73 2
7 126 2
33 148 2
43 102 1
45 62 2
19 148 1
0 9 2
60 76 2
37 146 1
78 122 2
14 58 2
59 96 2
72 96 1
20 134 1
84 135 1
14 56 2
29 107 2
15 75 2
17 70 2
0 144 1
50 135 2
9 76 2
59 70 2
45 76 2
14 25 2
56 66 2
0 75 2
67 89 2
1 35 2
25 70 2
49 79 2
53 69 2
46 142 2
45 73 2
3 70 2
6 30 2
26 42 2
3 29 2
15 65 2
57 70 2
39 53 2
79 122 1
15 76 2
50 120 1
67 138 1
38 113 1
8 59 2
22 52 2
24 69 2
39 120 1
9 88 2
3 97 2
26 29 2
5 11 2
28 109 1
75 80 2
31 63 2
26 36 2
18 75 2
7 19 2
49 52 2
4 18 2
32 67 2
17 68 2
28 51 2
47 141 1
71 103 1
37 109 1
19 44 2
73 113 2
13 73 2
28 111 2
83 123 1
82 101 1
4 31 2
83 128 1
31 46 2
33 97 1
57 123 1
31 49 2
59 71 2
14 69 2
84 86 2
52 146 1
31 122 1
11 88 2
18 20 2
24 74 2
18 95 2
5 43 2
67 118 1
72 143 2
5 117 1
13 87 2
9 40 2
28 87 2
7 39 2
84 128 2
38 39 2
58 74 2
57 82 2
10 51 2
83 89 2
58 107 1
26 50 2
76 95 1
42 105 1
31 74 2
1 14 2
47 92 1
13 36 2
0 5 2
53 79 2
82 85 2
13 77 2
16 132 2
31 48 2
44 139 1
55 111 1
53 84 2
60 121 2
81 131 1
27 122 1
69 86 2
86 107 1
33 115 2
72 127 2
23 30 2
52 69 2
87 97 2
13 66 2
74 95 1
35 55 2
59 102 1
29 32 2
1 49 2
54 106 1
72 112 2
72 132 1
74 96 1
27 149 1
49 71 2
14 134 2
69 100 1
35 105 1
9 58 2
72 87 2
69 101 2
17 69 2
9 118 1
29 72 2
27 110 2
37 115 1
9 100 2
45 99 1
31 141 1
38 82 2
33 81 2
59 84 2
24 127 1
9 105 1
21 119 1
17 75 2
25 141 2
3 53 2
39 59 2
35 88 2
25 96 1
13 74 2
35 67 2
79 106 1
75 125 1
4 10 2
88 142 1
11 19 2
16 36 2
8 87 2
21 110 1
19 27 2
65 92 1
46 52 2
12 18 2
35 57 2
53 90 2
81 111 1
12 138 1
29 99 2
43 148 1
46 140 1
5 86 2
74 99 1
41 44 2
72 98 1
23 100 1
82 114 1
1 28 2
38 128 1
1 120 1
70 142 1
36 106 1
9 74 2
24 89 2
17 40 2
27 65 2
31 137 1
30 123 1
8 124 2
20 30 2
8 120 1
9 78 2
77 99 1
25 36 2
10 135 1
60 119 1
23 27 2
68 83 2
79 83 2
23 93 2
63 117 2
25 147 2
8 62 2
10 24 2
53 134 1
71 110 1
1 64 2
24 66 2
88 90 1
47 70 2
44 121 1
79 136 2
15 20 2
26 98 1
54 80 2
5 24 2
43 129 1
39 68 2
36 102 1
88 103 2
39 142 1
28 149 1
49 110 1
13 138 2
57 107 1
15 86 2
6 60 2
79 90 1
23 59 2
68 140 1
80 140 1
23 46 2
42 78 2
11 41 2
20 43 2
23 57 2
61 141 2
16 46 2
63 67 2
26 148 1
62 137 1
15 38 2
49 67 2
28 119 1
65 73 2
9 120 1
73 74 2
42 46 2
50 144 1
77 129 1
12 87 2
35 46 2
53 92 1
72 116 1
35 47 2
17 91 1
7 11 2
0 133 1
43 57 2
22 101 2
30 59 2
18 49 2
61 73 2
30 57 2
15 134 1
74 78 2
20 87 2
14 64 2
11 67 2
27 71 2
42 74 2
37 50 2
77 133 1
24 35 2
17 78 2
16 123 2
57 63 2
84 141 1
20 107 1
38 107 1
18 48 2
24 57 2
74 77 2
46 126 2
22 39 2
4 22 2
41 95 1
82 128 1
35 96 1
69 89 2
7 61 2
43 63 2
45 81 2
49 62 2
85 129 1
22 85 2
14 93 1
3 42 2
38 65 2
20 75 2
16 21 2
52 106 1
57 80 2
82 102 2
63 93 1
49 82 2
0 58 2
3 49 2
5 142 1
9 65 2
55 123 1
38 49 2
18 43 2
16 18 2
21 143 1
52 112 1
52 74 2
42 54 2
48 65 2
5 26 2
34 85 2
52 100 1
1 19 2
56 133 1
34 99 1
76 88 2
49 73 2
75 84 2
35 109 1
26 135 2
65 134 1
6 85 2
55 136 1
20 110 1
53 56 2
55 138 2
33 78 2
6 149 1
72 93 1
44 140 1
87 128 1
44 103 1
7 67 2
45 70 2
75 88 2
5 119 1
40 146 1
58 115 2
22 94 2
58 87 2
39 85 2
5 95 1
3 63 2
58 135 1
3 119 1
86 123 2
33 47 2
73 127 1
35 89 2
82 136 1
42 59 2
38 45 2
16 47 2
71 132 1
36 124 1
78 124 1
56 109 1
12 13 2
85 116 1
58 116 1
18 50 2
47 119 1
29 108 1
7 59 2
30 72 2
17 73 2
1 59 2
22 87 2
13 67 2
78 89 2
16 44 2
23 125 2
56 115 2
8 141 1
32 123 1
11 40 2
3 60 2
7 102 1
33 102 2
45 146 1
68 81 2
57 95 2
2 30 2
87 116 1
1 66 2
63 87 2
57 85 2
2 72 2
22 41 2
42 85 2
66 71 2
58 109 1
22 140 1
50 123 1
10 33 2
15 109 1
81 91 2
74 101 2
83 121 2
50 74 2
60 91 2
21 48 2
74 83 2
84 100 1
28 120 2
3 141 1
1 110 1
51 68 2
46 60 2
19 86 2
50 54 2
2 97 1
25 74 2
5 16 2
18 148 2
31 111 1
83 126 1
8 83 2
4 93 1
69 116 1
31 90 1
9 86 2
1 13 2
56 87 2
49 81 2
47 129 1
73 75 2
33 64 2
32 142 1
41 116 1
0 19 2
48 107 1
21 138 1
34 146 1
8 132 1
40 102 1
47 118 1
29 50 2
6 145 1
69 127 1
32 71 2
40 51 2
11 125 2
22 80 2
23 54 2
7 79 2
83 148 1
19 106 2
5 73 2
31 84 2
62 95 1
47 139 1
31 115 1
25 124 1
40 141 1
19 66 2
11 36 2
35 132 1
3 5 2
83 90 1
6 116 2
3 93 1
14 18 2
52 141 1
30 76 2
55 63 2
11 23 2
24 25 2
49 147 2
77 105 1
38 77 2
42 134 2
65 87 2
10 26 2
31 66 2
60 129 2
13 30 2
9 75 2
24 107 2
27 67 2
89 142 1
63 70 2
45 105 1
52 90 1
4 12 2
20 96 1
40 55 2
42 72 2
26 35 2
4 81 2
81 97 2
60 114 1
58 120 1
29 122 1
66 105 1
18 51 2
4 15 2
3 74 2
66 149 1
77 144 2
25 56 2
22 133 1
19 63 2
22 143 1
81 105 2
14 132 1
49 69 2
20 48 2
11 43 2
31 50 2
6 102 1
47 90 1
22 46 2
58 143 1
16 73 2
5 23 2
43 62 2
53 68 2
79 104 1
36 116 1
89 107 1
17 105 1
49 134 2
56 141 1
20 53 2
82 125 1
25 118 1
1 93 1
5 39 2
32 116 1
71 76 2
26 37 2
7 69 2
73 91 1
28 94 2
7 32 2
46 77 2
5 48 2
54 95 2
70 77 2
28 56 2
39 93 1
52 129 2
22 102 1
32 107 2
3 27 2
70 135 1
45 67 2
73 131 1
15 49 2
2 80 2
17 60 2
47 60 2
30 83 2
40 84 2
18 103 1
8 142 1
1 69 2
37 123 1
3 107 2
61 146 1
40 42 2
54 58 2
37 88 2
2 8 2
50 56 2
79 125 1
20 46 2
62 106 2
6 23 2
77 117 1
22 81 2
28 70 2
4 30 2
28 88 2
36 63 2
35 40 2
44 143 1
25 73 2
24 43 2
24 131 1
33 56 2
10 84 2
50 86 2
56 69 2
39 102 2
74 120 1
53 109 2
16 29 2
66 117 1
57 134 1
87 98 2
44 126 2
59 131 1
26 139 1
63 88 2
26 89 2
0 148 1
17 56 2
31 38 2
79 92 1
26 115 2
9 50 2
56 108 1
10 15 2
70 79 2
81 124 1
50 57 2
41 70 2
0 76 2
15 47 2
70 131 1
46 62 2
32 45 2
47 123 1
50 63 2
49 75 2
26 136 1
29 41 2
72 144 1
17 84 2
87 92 1
5 18 2
3 132 2
11 46 2
64 110 2
64 122 2
12 96 1
35 134 2
46 125 1
8 100 2
37 112 2
28 64 2
75 94 1
89 120 1
36 70 2
16 88 2
9 141 2
5 37 2
36 129 1
5 145 2
75 137 1
7 9 2
38 87 2
49 130 2
3 25 2
54 64 2
13 100 1
49 70 2
39 84 2
81 148 2
85 126 1
60 75 2
12 132 2
84 127 2
72 149 1
4 43 2
80 105 2
89 96 1
54 147 1
10 98 1
64 88 2
12 67 2
19 128 2
54 107 1
49 101 1
4 76 2
55 103 1
10 66 2
16 34 2
40 45 2
53 66 2
34 139 2
34 71 2
43 87 2
14 116 1
63 65 2
28 39 2
23 42 2
38 79 2
72 147 2
42 53 2
5 71 2
4 78 2
19 29 2
38 56 2
1 73 2
56 80 2
2 19 2
25 29 2
59 83 2
2 25 2
21 78 2
11 69 2
27 37 2
48 138 1
3 58 2
39 100 2
0 79 2
12 146 1
38 100 2
32 39 2
37 92 1
79 105 2
39 62 2
71 138 1
36 65 2
21 24 2
16 58 2
53 89 2
1 92 2
64 119 1
12 38 2
67 92 2
72 91 1
70 92 1
42 84 2
5 99 2
2 73 2
18 99 2
31 72 2
43 97 1
42 60 2
2 58 2
13 125 1
11 89 2
43 54 2
71 73 2
0 127 1
70 96 1
87 130 1
18 77 2
0 39 2
10 45 2
14 45 2
56 85 2
16 127 2
75 121 2
5 47 2
25 42 2
66 124 2
42 112 1
33 100 1
44 70 2
1 79 2
70 74 2
51 75 2
43 147 2
71 96 1
5 143 1
0 91 1
41 75 2
36 87 2
6 32 2
14 72 2
1 42 2
5 84 2
13 68 2
3 67 2
57 146 2
20 105 2
85 108 1
62 112 1
62 86 2
73 86 2
43 47 2
36 88 2
37 44 2
36 57 2
43 128 2
12 131 1
87 145 1
15 88 2
5 106 1
1 138 1
2 61 2
20 117 1
26 33 2
2 51 2
35 42 2
30 81 2
4 66 2
79 138 1
43 103 1
63 102 1
31 109 2
14 60 2
85 136 2
30 31 2
57 111 1
0 96 1
52 95 2
29 115 2
41 71 2
82 144 1
7 35 2
29 33 2
65 106 1
15 45 2
53 82 2
83 99 1
85 99 1
67 71 2
50 142 2
31 128 2
43 140 1
69 78 2
20 79 2
16 69 2
24 48 2
18 57 2
74 82 2
21 86 2
43 80 2
51 142 2
88 124 1
7 10 2
37 46 2
16 23 2
56 128 1
75 90 1
26 68 2
42 87 2
66 67 2
60 139 2
0 54 2
2 111 1
11 54 2
20 130 1
68 127 1
64 136 1
47 97 1
9 32 2
21 149 2
55 60 2
10 42 2
0 107 2
36 110 1
65 129 1
20 40 2
33 57 2
40 120 1
2 42 2
18 44 2
11 28 2
55 61 2
59 118 1
9 89 2
1 131 1
85 87 2
43 68 2
44 146 1
36 146 1
34 116 2
23 85 2
33 147 1
29 104 1
37 58 2
57 104 2
6 134 1
49 53 2
5 134 1
26 124 1
4 90 1
16 100 1
38 57 2
8 125 1
28 141 1
52 63 2
15 121 1
0 14 2
51 114 1
0 136 1
68 132 1
15 36 2
23 33 2
36 55 2
62 102 2
30 53 2
82 146 1
32 60 2
21 42 2
33 121 1
5 100 1
45 91 1
44 61 2
30 137 1
27 79 2
21 92 2
16 148 2
2 69 2
77 130 1
83 135 1
44 88 2
39 95 1
3 21 2
43 93 1
48 64 2
48 131 1
2 26 2
37 38 2
53 120 1
34 91 1
40 89 2
66 75 2
1 141 1
43 66 2
12 50 2
37 127 1
58 129 2
15 83 2
27 141 1
17 86 2
22 27 2
80 119 2
43 64 2
31 127 2
36 112 1
20 99 2
17 26 2
54 130 1
67 144 1
8 97 1
42 118 2
53 65 2
43 48 2
21 69 2
86 126 1
66 95 1
88 137 1
32 62 2
2 149 2
53 83 2
45 47 2
38 55 2
29 30 2
78 95 1
29 147 1
60 69 2
59 146 1
42 94 1
2 47 2
42 104 1
14 124 1
6 65 2
55 119 1
76 80 2
85 145 2
8 71 2
27 131 1
38 90 1
28 68 2
35 38 2
7 71 2
52 94 1
66 129 2
38 145 1
46 107 1
49 106 1
16 98 2
19 89 2
60 83 2
7 76 2
82 88 2
25 49 2
38 108 2
27 82 2
17 126 1
44 62 2
12 26 2
49 60 2
33 93 1
35 64 2
23 41 2
28 136 2
52 89 2
46 82 2
26 94 2
38 131 1
72 121 1
68 122 2
78 145 1
6 103 2
11 49 2
10 36 2
86 137 1
60 88 2
54 71 2
81 129 2
3 75 2
23 61 2
41 98 1
31 143 2
23 87 2
32 145 2
30 116 1
60 101 2
13 92 2
3 131 1
29 124 1
50 79 2
15 64 2
13 83 2
12 63 2
34 148 1
80 89 2
30 97 1
8 86 2
76 84 2
26 65 2
58 83 2
27 75 2
12 78 2
15 34 2
29 49 2
0 51 2
55 107 1
18 107 2
55 109 1
65 89 2
55 73 2
55 79 2
11 59 2
29 56 2
23 38 2
32 127 1
16 143 2
5 90 1
28 60 2
43 84 2
65 131 1
18 33 2
89 139 1
68 131 2
44 52 2
34 44 2
7 63 2
53 64 2
4 80 2
76 85 2
38 102 2
47 113 1
23 47 2
48 85 2
17 24 2
50 58 2
3 16 2
31 139 2
6 143 2
76 108 1
21 62 2
10 79 2
54 141 1
43 144 1
60 73 2
24 33 2
12 28 2
21 112 1
72 119 1
78 113 2
25 75 2
11 149 2
31 53 2
60 84 2
46 102 2
18 53 2
1 85 2
4 17 2
23 143 2
4 59 2
19 49 2
55 99 1
28 84 2
27 29 2
29 57 2
89 138 2
89 110 1
86 128 1
16 85 2
9 51 2
44 148 1
84 90 1
7 13 2
6 98 2
14 85 2
5 140 1
88 91 1
74 110 2
76 133 1
41 86 2
3 23 2
15 17 2
9 35 2
69 138 1
58 61 2
70 104 2
18 82 2
35 100 2
37 47 2
45 60 2
1 16 2
9 26 2
25 145 1
27 124 2
27 68 2
43 139 1
62 129 1
3 73 2
71 74 2
53 138 1
78 107 1
27 60 2
9 69 2
40 69 2
20 84 2
8 12 2
5 82 2
33 140 1
88 138 1
86 147 1
55 76 2
26 147 1
62 117 2
2 109 1
25 64 2
55 140 2
10 12 2
16 105 2
36 50 2
51 98 1
46 73 2
51 99 2
26 122 1
9 49 2
30 136 2
18 68 2
4 64 2
17 34 2
81 116 2
85 117 1
7 47 2
36 67 2
51 104 1
53 136 2
27 116 1
25 66 2
10 47 2
25 28 2
71 137 2
14 146 2
40 127 1
65 119 1
72 107 1
19 28 2
32 147 1
14 118 2
19 105 1
19 143 1
23 67 2
19 21 2
26 123 1
22 64 2
23 108 2
11 17 2
29 84 2
32 129 2
2 125 2
67 94 2
51 80 2
24 28 2
46 123 1
17 52 2
25 78 2
82 112 2
70 133 1
1 9 2
13 60 2
19 98 2
18 41 2
18 62 2
88 114 2
57 102 1
74 90 2
20 112 1
13 81 2
58 92 1
25 63 2
2 70 2
19 25 2
25 92 1
38 48 2
17 122 2
82 87 2
24 65 2
34 138 1
5 34 2
23 69 2
40 59 2
68 85 2
13 90 2
20 44 2
85 86 2
23 123 2
28 32 2
36 101 2
23 34 2
14 88 2
71 82 2
0 23 2
67 101 2
31 39 2
72 134 1
83 109 2
32 102 1
70 80 2
18 143 2
62 105 1
35 133 1
33 96 2
7 109 2
51 85 2
59 73 2
47 106 1
68 74 2
65 68 2
21 28 2
0 47 2
73 143 1
29 88 2
53 123 1
63 101 2
28 47 2
0 49 2
87 109 2
12 122 1
77 85 2
31 107 2
38 88 2
41 85 2
70 141 1
15 100 1
54 111 2
8 139 1
4 118 1
16 54 2
0 55 2
21 135 2
60 86 2
23 140 2
66 111 1
64 87 2
28 143 2
5 113 2
65 70 2
68 136 2
21 116 1
66 96 1
18 98 1
87 122 1
81 128 1
58 99 1
1 45 2
5 51 2
4 57 2
11 38 2
57 124 1
2 53 2
12 62 2
35 87 2
22 77 2
31 96 2
52 133 2
23 36 2
35 122 1
19 39 2
79 126 2
23 95 2
49 102 2
18 19 2
6 111 1
10 61 2
65 139 1
20 74 2
11 124 2
44 58 2
21 31 2
25 112 1
11 110 1
17 144 2
36 79 2
31 57 2
3 19 2
56 107 1
43 95 1
39 122 1
27 47 2
20 90 1
8 114 1
51 97 1
79 103 1
1 41 2
42 43 2
73 83 2
2 60 2
35 95 1
39 98 2
41 102 2
49 124 1
84 147 1
63 120 2
28 107 1
1 68 2
74 116 2
3 26 2
60 68 2
22 38 2
22 53 2
42 62 2
15 135 1
14 112 2
27 40 2
54 132 1
33 69 2
5 146 1
31 73 2
84 148 2
69 129 1
8 42 2
2 127 1
20 102 1
14 16 2
60 80 2
71 102 2
9 52 2
28 113 1
7 25 2
8 92 1
12 79 2
52 102 2
50 85 2
82 96 1
45 112 1
62 103 1
61 86 2
77 81 2
69 87 2
45 48 2
11 138 2
71 147 1
18 21 2
23 24 2
28 79 2
51 78 2
9 83 2
36 51 2
44 95 1
4 88 2
25 39 2
3 15 2
61 147 1
3 14 2
78 90 2
89 104 1
6 70 2
52 126 2
10 59 2
61 78 2
17 27 2
57 121 1
61 132 1
18 37 2
35 71 2
76 118 1
19 37 2
80 104 2
88 107 1
11 14 2
19 45 2
55 82 2
1 24 2
42 45 2
30 147 2
46 47 2
37 39 2
26 149 1
70 112 1
3 68 2
20 38 2
6 49 2
52 67 2
72 108 1
55 62 2
29 52 2
15 28 2
7 74 2
88 128 1
0 120 1
16 49 2
27 144 1
19 23 2
1 47 2
35 80 2
41 83 2
41 120 1
43 116 1
33 43 2
61 98 2
39 119 2
7 138 2
87 105 1
27 49 2
13 116 2
17 59 2
39 121 1
7 31 2
87 94 2
39 42 2
56 144 1
44 69 2
70 72 2
44 56 2
2 54 2
89 145 1
47 89 2
83 112 2
27 113 1
33 104 1
20 66 2
31 83 2
61 95 1
0 118 1
6 34 2
34 46 2
4 62 2
15 23 2
78 133 1
60 77 2
50 102 1
24 137 1
53 141 1
78 96 1
49 115 2
58 137 1
27 50 2
57 115 2
78 83 2
21 147 2
24 39 2
37 110 2
22 117 1
65 71 2
80 142 2
33 82 2
16 45 2
65 90 1
23 39 2
3 47 2
55 97 2
3 43 2
20 51 2
45 110 2
46 144 1
27 76 2
7 119 2
79 87 2
22 92 1
20 57 2
57 79 2
82 103 1
20 82 2
9 39 2
10 91 1
32 63 2
1 43 2
22 31 2
73 144 2
51 67 2
1 116 2
36 118 1
8 99 1
60 131 2
55 56 2
32 82 2
22 56 2
55 149 1
2 121 2
52 77 2
44 120 1
41 106 1
17 123 1
3 7 2
29 91 1
69 79 2
20 125 1
81 114 1
61 115 1
14 17 2
57 91 1
85 149 1
43 89 2
14 114 1
28 145 1
8 77 2
61 148 1
0 110 2
49 80 2
14 23 2
24 70 2
52 114 2
49 98 1
72 81 2
36 135 2
54 68 2
47 117 1
50 89 2
12 74 2
12 112 2
19 75 2
2 40 2
6 58 2
17 124 1
7 80 2
48 133 2
82 134 2
25 125 1
43 145 1
47 68 2
60 108 1
10 103 1
0 22 2
40 140 1
84 117 1
1 5 2
51 82 2
20 56 2
13 55 2
82 135 1
0 128 1
76 83 2
6 7 2
42 89 2
59 97 1
60 62 2
32 80 2
33 61 2
34 52 2
22 29 2
25 50 2
8 61 2
6 55 2
59 142 2
55 94 1
11 100 2
20 137 1
29 80 2
8 122 2
47 99 1
6 9 2
12 80 2
35 125 1
25 32 2
11 144 1
1 37 2
38 141 1
31 33 2
32 79 2
25 136 1
23 134 1
24 103 1
57 59 2
2 104 1
89 97 1
42 47 2
21 34 2
6 24 2
49 74 2
31 101 2
14 149 2
76 140 2
9 80 2
6 63 2
70 94 2
74 114 1
56 119 1
15 70 2
74 108 1
13 93 1
86 142 1
32 52 2
42 119 2
17 87 2
19 62 2
82 84 2
13 133 2
0 69 2
30 79 2
24 32 2
25 85 2
62 64 2
55 88 2
2 105 2
50 124 2
6 128 1
5 55 2
41 43 2
80 96 1
52 56 2
37 122 2
40 136 1
48 52 2
35 145 2
28 50 2
3 143 2
32 88 2
34 75 2
48 105 1
75 106 1
6 107 2
48 71 2
15 145 2
5 149 2
56 68 2
39 50 2
83 107 1
59 64 2
15 102 1
22 35 2
22 83 2
48 127 1
77 96 1
51 127 2
25 45 2
29 114 2
24 53 2
37 97 1
45 49 2
26 109 1
40 79 2
42 144 1
45 130 1
7 36 2
32 141 2
64 90 2
12 100 1
31 69 2
69 82 2
80 87 2
18 112 1
39 137 1
48 55 2
75 91 1
15 139 1
40 75 2
57 87 2
34 78 2
59 65 2
23 51 2
60 110 2
43 67 2
29 67 2
53 75 2
56 98 1
51 74 2
11 64 2
87 140 1
4 115 1
57 89 2
20 31 2
68 88 2
13 72 2
39 75 2
49 83 2
30 44 2
84 146 1
14 73 2
63 82 2
34 60 2
20 80 2
65 81 2
22 100 2
35 69 2
86 146 2
47 83 2
17 41 2
8 41 2
44 72 2
41 77 2
37 128 2
42 107 1
18 123 1
63 66 2
14 147 1
25 94 1
72 90 1
35 144 1
9 41 2
16 24 2
31 64 2
42 93 1
35 65 2
44 60 2
60 136 2
3 41 2
70 102 2
16 76 2
26 117 1
32 84 2
22 42 2
17 64 2
7 40 2
20 73 2
4 70 2
4 41 2
23 101 1
20 72 2
2 16 2
42 57 2
0 30 2
86 144 2
24 61 2
71 90 1
4 65 2
31 71 2
23 127 1
59 75 2
13 24 2
28 86 2
1 128 2
6 56 2
1 36 2
60 97 2
31 123 1
71 95 1
8 16 2
2 119 1
3 10 2
37 60 2
63 148 1
17 96 1
12 102 1
37 113 1
9 11 2
27 63 2
30 124 1
21 33 2
13 103 1
15 120 1
78 120 1
6 137 1
23 63 2
31 40 2
37 135 1
11 55 2
10 57 2
0 3 2
11 44 2
18 38 2
67 88 2
19 131 1
42 52 2
33 143 2
34 70 2
77 89 2
9 77 2
1 109 1
13 43 2
6 80 2
67 123 2
41 148 2
11 62 2
21 72 2
4 79 2
45 122 1
8 29 2
77 114 1
1 103 1
13 37 2
7 84 2
2 11 2
27 48 2
19 48 2
33 91 2
29 135 1
22 89 2
58 106 2
41 130 2
42 110 2
40 107 2
47 61 2
41 81 2
39 104 2
40 125 1
58 66 2
54 88 2
58 117 1
4 71 2
9 30 2
53 106 2
58 82 2
13 59 2
64 68 2
16 137 2
53 149 2
46 55 2
49 127 1
69 121 1
5 33 2
80 125 1
33 83 2
34 142 2
46 133 1
9 115 1
5 85 2
13 78 2
74 100 1
71 109 2
42 63 2
34 36 2
8 82 2
17 97 1
49 105 2
34 64 2
27 33 2
28 73 2
18 139 1
1 26 2
20 59 2
41 59 2
29 48 2
50 73 2
75 95 1
29 119 2
41 128 1
77 103 2
8 54 2
1 101 1
69 76 2
6 87 2
2 131 2
82 138 1
51 130 1
17 47 2
62 84 2
37 143 1
2 43 2
3 59 2
37 114 1
45 72 2
28 127 1
10 35 2
11 84 2
5 123 1
13 62 2
18 84 2
39 47 2
38 104 1
70 71 2
46 113 1
68 148 2
79 97 2
32 136 1
46 119 1
51 94 1
45 129 1
79 85 2
88 131 1
54 85 2
58 71 2
9 44 2
44 46 2
54 100 1
69 124 2
30 42 2
29 133 1
7 24 2
30 103 1
25 87 2
34 56 2
23 147 2
24 124 2
8 44 2
64 116 1
27 119 2
4 75 2
22 141 1
51 69 2
15 144 1
54 123 1
57 62 2
4 25 2
47 56 2
48 129 2
2 55 2
38 117 1
49 122 1
88 121 1
61 96 1
19 70 2
53 100 2
0 35 2
29 38 2
9 142 1
60 133 1
29 127 1
15 48 2
46 128 1
33 76 2
71 140 1
16 81 2
22 130 1
8 131 1
80 86 2
17 109 1
9 71 2
73 76 2
33 35 2
24 58 2
22 47 2
17 103 2
62 66 2
59 135 1
49 64 2
58 114 1
25 127 2
9 112 1
28 110 1
3 52 2
15 108 2
13 113 2
16 39 2
45 51 2
0 123 1
11 123 1
12 75 2
4 28 2
28 75 2
29 60 2
34 37 2
85 98 2
85 111 1
38 101 1
87 143 2
2 64 2
79 115 1
46 84 2
66 82 2
37 131 1
18 93 1
12 66 2
78 87 2
26 78 2
12 65 2
3 94 1
45 109 2
33 106 1
16 52 2
11 141 2
15 73 2
3 115 2
5 45 2
40 46 2
1 10 2
14 79 2
0 81 2
82 100 1
2 102 1
16 32 2
34 48 2
17 46 2
71 105 1
85 138 2
53 86 2
21 125 1
21 81 2
3 110 1
3 32 2
41 66 2
35 43 2
35 146 1
44 82 2
1 33 2
10 110 1
4 127 1
34 83 2
83 139 1
27 36 2
89 129 2
72 129 1
12 92 2
27 31 2
6 76 2
6 75 2
24 72 2
32 95 1
71 98 1
4 47 2
32 97 1
57 72 2
43 105 1
89 131 1
71 136 1
45 125 1
6 67 2
65 80 2
40 82 2
13 97 2
3 55 2
29 58 2
82 119 1
0 142 2
5 141 2
49 59 2
6 81 2
58 124 1
61 104 1
79 131 1
31 146 2
9 149 1
12 114 1
40 58 2
53 119 1
57 75 2
10 114 1
25 44 2
54 148 1
25 43 2
54 94 2
35 83 2
46 143 2
57 113 1
11 105 2
29 31 2
88 111 2
33 125 2
38 50 2
80 99 1
58 98 2
27 45 2
33 132 1
18 35 2
77 78 2
28 62 2
62 82 2
48 87 2
4 5 2
52 139 1
14 144 1
47 125 1
4 54 2
10 89 2
49 128 1
41 109 1
26 113 2
64 83 2
32 68 2
24 63 2
28 89 2
15 61 2
32 119 2
29 100 1
0 32 2
47 74 2
45 58 2
13 69 2
3 44 2
3 57 2
34 59 2
15 56 2
26 57 2
62 72 2
32 106 1
20 67 2
47 73 2
72 83 2
13 86 2
55 85 2
22 61 2
25 57 2
41 134 1
22 139 2
60 82 2
28 112 2
3 6 2
10 63 2
14 48 2
23 53 2
87 117 2
38 64 2
31 144 1
45 50 2
28 99 2
86 116 2
15 125 1
13 25 2
3 91 1
54 72 2
58 79 2
3 106 1
43 78 2
0 26 2
30 84 2
44 64 2
6 112 1
15 30 2
84 145 2
57 97 2
59 68 2
37 65 2
2 68 2
70 75 2
17 36 2
13 129 2
64 65 2
82 118 1
11 85 2
1 23 2
42 69 2
32 69 2
75 131 1
4 53 2
42 68 2
28 128 1
65 88 2
16 135 1
25 35 2
21 51 2
5 72 2
46 90 1
7 134 1
14 66 2
38 89 2
20 88 2
11 86 2
68 130 2
56 106 1
61 71 2
18 70 2
30 46 2
15 50 2
35 85 2
84 120 1
88 130 1
28 105 1
13 108 1
10 53 2
71 91 1
19 140 1
27 69 2
28 74 2
56 121 1
75 130 2
26 106 1
51 86 2
30 108 1
81 147 1
12 17 2
27 64 2
51 144 2
7 65 2
39 44 2
16 25 2
36 73 2
0 36 2
7 15 2
41 99 1
79 80 2
54 82 2
68 101 1
88 149 2
56 116 1
59 145 1
15 58 2
27 88 2
75 145 1
78 119 2
68 142 2
39 124 2
23 55 2
4 123 2
64 134 1
65 142 1
46 87 2
5 52 2
45 64 2
71 104 2
52 115 2
71 122 1
30 75 2
23 71 2
45 87 2
22 40 2
16 78 2
82 99 1
84 123 1
21 109 1
13 49 2
21 39 2
84 95 2
76 123 2
12 104 1
20 142 1
34 47 2
37 48 2
26 43 2
84 85 2
2 23 2
28 41 2
4 141 2
36 84 2
18 147 1
4 29 2
3 76 2
57 71 2
89 148 2
7 98 1
21 23 2
44 83 2
26 48 2
23 50 2
12 59 2
24 26 2
0 66 2
63 122 1
58 148 2
51 73 2
6 83 2
56 91 1
20 95 1
47 71 2
60 79 2
27 135 2
17 120 2
13 132 1
34 81 2
85 100 2
53 131 1
42 67 2
70 81 2
60 94 1
73 118 1
8 21 2
12 121 1
0 45 2
49 138 2
85 121 1
75 122 1
10 22 2
23 62 2
30 98 1
58 144 1
19 40 2
70 140 1
49 65 2
26 41 2
66 126 1
52 87 2
28 130 1
33 51 2
0 113 2
45 77 2
6 59 2
39 70 2
17 37 2
82 126 1
19 56 2
63 118 1
54 70 2
32 65 2
17 53 2
65 111 1
68 107 1
66 98 1
27 105 1
49 63 2
10 60 2
3 96 1
17 67 2
12 135 1
56 78 2
63 123 1
10 146 1
14 43 2
32 41 2
77 84 2
50 118 1
30 120 2
77 140 2
45 143 1
5 118 2
82 91 1
53 71 2
6 130 2
29 76 2
44 93 2
74 94 1
26 58 2
0 108 1
50 141 1
1 77 2
34 72 2
46 79 2
8 80 2
75 92 1
84 136 1
71 134 1
30 60 2
53 67 2
82 149 2
13 124 1
21 107 1
79 93 1
4 139 1
55 91 1
9 22 2
42 50 2
39 61 2
9 99 1
0 57 2
33 105 2
65 128 2
15 106 2
10 117 1
8 146 1
6 73 2
18 115 1
62 122 2
59 123 1
22 131 2
62 109 2
62 101 1
56 77 2
32 36 2
68 137 1
36 97 1
55 116 1
23 52 2
40 68 2
53 88 2
61 63 2
77 125 2
8 81 2
29 63 2
7 50 2
74 76 2
20 49 2
42 117 2
3 64 2
35 75 2
22 93 1
2 10 2
37 62 2
54 57 2
74 106 1
85 107 2
74 115 2
14 90 1
39 58 2
51 52 2
11 31 2
17 116 1
9 28 2
84 126 1
34 74 2
38 69 2
41 54 2
9 84 2
7 60 2
74 139 2
46 86 2
53 142 2
85 88 2
47 114 1
80 117 1
43 123 2
41 50 2
37 78 2
32 89 2
47 101 1
6 148 1
81 120 1
52 92 1
65 66 2
9 15 2
20 114 1
52 109 1
33 108 1
87 112 1
1 137 1
2 35 2
83 97 1
65 115 2
79 149 2
80 132 2
84 106 2
48 99 1
61 74 2
55 68 2
12 108 1
10 44 2
84 139 1
37 40 2
1 29 2
24 60 2
13 76 2
83 140 1
0 4 2
35 141 2
1 22 2
59 147 1
35 114 2
24 140 1
20 116 1
26 73 2
36 89 2
14 117 1
62 119 1
28 121 2
8 144 2
65 148 2
19 118 2
40 66 2
60 65 2
19 26 2
73 78 2
17 31 2
50 87 2
13 32 2
12 129 1
41 80 2
9 70 2
62 76 2
24 125 1
28 46 2
5 81 2
45 93 2
66 132 1
70 139 1
51 101 1
49 50 2
71 101 1
20 124 2
29 34 2
7 18 2
38 84 2
77 86 2
4 58 2
62 88 2
84 99 2
75 109 1
23 102 1
28 45 2
4 101 2
52 81 2
80 88 2
13 88 2
14 89 2
11 45 2
66 77 2
0 70 2
23 32 2
59 88 2
13 91 1
53 116 1
35 51 2
37 138 1
37 124 1
74 128 2
45 97 1
37 86 2
10 28 2
29 36 2
51 117 1
41 55 2
61 89 2
65 77 2
74 126 1
52 121 2
53 98 1
32 56 2
22 122 1
50 76 2
25 142 2
4 129 2
65 121 2
16 118 1
10 147 2
3 134 1
35 104 1
34 57 2
34 110 1
42 44 2
77 107 1
11 120 1
52 101 2
86 105 1
19 80 2
57 83 2
54 76 2
33 40 2
57 119 1
78 85 2
86 149 1
15 146 1
45 135 1
58 64 2
1 18 2
50 104 1
52 59 2
11 130 1
33 63 2
0 73 2
52 85 2
24 84 2
18 58 2
41 74 2
57 86 2
37 119 1
39 72 2
88 136 2
8 24 2
60 149 1
23 45 2
9 68 2
20 45 2
58 72 2
35 82 2
9 145 1
49 108 1
52 80 2
31 80 2
9 38 2
3 46 2
38 66 2
12 29 2
44 59 2
21 136 1
78 117 1
1 54 2
61 106 1
61 87 2
41 45 2
35 70 2
49 140 1
7 17 2
16 42 2
8 39 2
12 110 1
1 126 1
44 76 2
83 96 2
7 120 2
38 99 1
25 40 2
35 63 2
4 23 2
30 50 2
36 61 2
21 88 2
72 133 1
20 71 2
10 18 2
46 78 2
43 86 2
25 91 1
61 117 2
49 51 2
64 109 1
25 62 2
0 137 1
33 124 1
57 84 2
68 147 2
3 30 2
15 63 2
3 142 2
56 136 2
22 97 1
21 40 2
85 141 1
56 143 2
14 15 2
2 24 2
1 96 1
9 67 2
26 27 2
56 62 2
15 77 2
54 63 2
44 78 2
3 13 2
41 141 1
75 99 1
54 138 1
37 85 2
9 135 1
32 75 2
44 102 1
69 75 2
47 59 2
50 132 2
25 143 1
2 123 1
49 72 2
60 112 1
33 112 1
13 29 2
60 126 1
24 75 2
23 37 2
77 82 2
37 74 2
50 126 1
61 77 2
27 86 2
62 79 2
75 126 1
28 63 2
53 54 2
17 110 1
26 53 2
45 134 1
42 106 2
64 91 1
32 140 1
58 93 1
2 145 2
73 79 2
33 58 2
51 65 2
1 98 1
41 125 2
66 127 1
20 143 1
73 82 2
88 145 1
19 147 2
75 135 1
5 25 2
9 66 2
58 128 1
24 27 2
17 62 2
61 149 1
5 58 2
3 12 2
15 59 2
21 67 2
46 120 1
60 140 1
54 116 1
84 109 1
4 24 2
11 73 2
59 80 2
14 71 2
81 130 1
24 44 2
37 52 2
66 68 2
20 109 1
53 112 1
0 1 2
26 47 2
69 83 2
32 51 2
1 119 2
51 113 2
51 71 2
4 68 2
62 147 2
81 94 2
66 104 1
56 94 1
23 64 2
2 7 2
4 100 1
87 120 1
33 36 2
58 132 1
62 85 2
2 52 2
28 115 1
17 139 2
35 101 1
25 47 2
67 105 1
26 44 2
85 95 2
34 106 1
0 41 2
8 95 2
48 142 2
10 20 2
54 140 1
30 33 2
65 99 2
76 87 2
1 94 1
70 86 2
18 59 2
48 148 1
52 55 2
49 77 2
21 37 2
47 77 2
46 89 2
11 71 2
24 105 2
10 87 2
9 148 2
73 77 2
43 133 1
25 53 2
40 54 2
16 101 2
23 60 2
31 126 1
64 123 2
23 98 1
40 52 2
0 42 2
43 113 1
50 84 2
47 72 2
36 48 2
11 47 2
39 74 2
51 145 1
27 118 2
19 53 2
78 121 1
47 69 2
61 76 2
38 139 1
45 89 2
62 99 1
18 94 2
62 96 2
56 76 2
64 89 2
19 108 2
44 73 2
19 73 2
0 6 2
48 108 1
38 144 2
18 78 2
63 111 1
67 122 2
56 95 1
36 131 2
61 91 1
43 122 2
56 147 2
37 83 2
35 59 2
16 68 2
19 43 2
30 73 2
52 88 2
70 121 1
88 146 1
29 106 2
67 97 2
41 64 2
70 100 2
59 81 2
32 47 2
45 82 2
18 100 1
30 55 2
55 132 1
12 89 2
76 132 1
20 128 2
24 45 2
28 146 1
32 57 2
8 79 2
62 71 2
41 122 1
6 61 2
9 79 2
40 63 2
54 90 2
31 114 1
50 61 2
35 61 2
19 97 1
5 135 1
84 149 2
28 122 1
7 75 2
55 78 2
47 86 2
44 47 2
41 93 1
38 76 2
54 66 2
85 97 1
17 77 2
20 63 2
70 83 2
71 85 2
19 99 1
24 88 2
16 53 2
77 149 2
20 133 1
28 90 1
4 33 2
15 79 2
4 87 2
39 87 2
48 67 2
31 135 2
78 106 2
34 50 2
33 127 2
22 120 1
19 57 2
36 56 2
2 81 2
66 81 2
5 22 2
56 89 2
61 81 2
1 70 2
41 133 2
16 138 2
24 144 1
73 121 1
10 49 2
1 7 2
29 81 2
20 33 2
64 80 2
36 94 1
16 35 2
4 149 1
51 126 1
12 119 1
24 46 2
70 105 1
23 80 2
86 138 1
38 85 2
57 101 1
2 4 2
2 129 1
74 146 2
81 126 2
18 60 2
74 87 2
31 136 1
1 4 2
14 102 1
24 143 2
6 37 2
11 50 2
49 54 2
83 111 1
12 57 2
48 144 2
33 72 2
10 130 2
16 119 1
14 38 2
8 58 2
62 100 1
88 99 1
37 120 1
62 80 2
28 83 2
61 144 2
7 33 2
0 77 2
1 62 2
34 49 2
28 55 2
2 56 2
36 49 2
66 74 2
3 38 2
35 52 2
54 98 2
35 56 2
83 130 1
7 110 1
15 97 1
38 83 2
12 134 1
67 74 2
86 95 2
32 135 2
67 113 1
4 48 2
8 22 2
32 85 2
44 71 2
44 74 2
61 68 2
30 69 2
17 63 2
3 95 2
37 111 1
48 73 2
20 42 2
64 120 1
73 108 2
50 143 1
53 70 2
10 39 2
14 42 2
18 24 2
35 131 1
63 114 2
86 117 2
72 94 1
9 93 1
88 143 2
53 126 1
6 147 2
4 35 2
17 66 2
7 46 2
62 70 2
48 100 1
32 132 2
30 111 1
50 139 2
25 84 2
78 132 1
47 82 2
35 117 2
28 82 2
49 114 1
31 113 1
20 26 2
19 94 1
7 78 2
16 30 2
78 94 1
6 20 2
63 71 2
35 92 1
78 142 2
40 121 1
25 115 1
0 86 2
7 99 2
30 35 2
14 109 2
12 21 2
23 106 1
40 71 2
55 69 2
36 59 2
53 117 2
64 149 1
79 101 1
5 80 2
1 44 2
12 84 2
2 39 2
6 118 1
0 50 2
14 31 2
54 115 1
9 97 1
7 88 2
24 47 2
22 112 1
51 56 2
26 81 2
48 49 2
66 78 2
31 76 2
56 146 1
21 58 2
25 100 1
47 76 2
13 119 1
45 68 2
27 28 2
1 140 2
23 28 2
11 15 2
5 93 1
48 70 2
49 131 2
63 108 1
59 121 1
69 130 1
34 149 2
7 34 2
49 133 1
70 115 1
84 138 1
21 87 2
16 48 2
4 144 1
15 96 2
70 88 2
23 120 1
57 99 1
48 132 1
54 127 1
16 80 2
52 104 1
60 99 2
43 58 2
71 72 2
11 34 2
40 143 2
35 78 2
62 92 1
75 128 1
17 140 2
60 63 2
41 46 2
59 127 1
12 127 1
43 53 2
28 135 1
1 75 2
21 71 2
26 69 2
8 25 2
3 126 1
16 55 2
53 74 2
44 137 1
4 52 2
81 119 2
12 54 2
29 75 2
38 143 2
2 84 2
67 121 1
5 57 2
43 49 2
13 17 2
57 67 2
31 91 1
8 134 2
10 140 2
8 34 2
45 123 1
59 101 1
46 148 1
65 126 2
28 52 2
4 91 2
49 91 2
25 101 1
78 125 1
20 97 1
32 99 2
6 110 1
4 51 2
5 97 1
13 18 2
36 104 2
14 34 2
75 138 1
6 101 1
44 87 2
80 124 2
58 96 1
13 63 2
9 13 2
40 88 2
14 26 2
16 77 2
61 125 2
12 64 2
12 69 2
5 28 2
66 110 1
75 101 2
18 71 2
5 124 2
87 108 1
84 122 1
13 71 2
22 57 2
21 139 1
61 67 2
30 70 2
88 132 1
26 55 2
0 27 2
26 85 2
15 92 1
47 95 1
9 42 2
31 60 2
9 109 1
29 112 1
67 91 2
52 107 1
28 134 1
3 82 2
34 38 2
29 130 1
6 44 2
44 119 1
12 31 2
67 76 2
32 117 1
5 115 1
68 123 1
83 100 2
22 109 2
0 61 2
14 28 2
15 32 2
62 130 2
45 75 2
5 69 2
3 40 2
70 108 2
63 137 2
2 82 2
7 89 2
18 145 1
29 70 2
32 54 2
80 129 2
60 117 2
29 71 2
51 149 2
22 107 2
46 67 2
56 96 1
12 72 2
21 75 2
7 56 2
10 129 1
31 62 2
29 53 2
15 138 2
26 107 2
47 146 1
59 105 2
47 52 2
9 12 2
4 96 1
49 85 2
28 37 2
10 90 2
41 84 2
29 102 1
68 89 2
17 119 2
8 38 2
0 40 2
23 84 2
6 38 2
23 29 2
15 43 2
82 113 2
48 58 2
35 76 2
14 27 2
14 33 2
12 113 1
31 118 1
49 84 2
10 120 1
26 34 2
24 96 1
18 102 2
4 63 2
13 98 2
25 71 2
36 41 2
2 89 2
68 93 1
77 110 1
33 84 2
31 45 2
8 10 2
73 87 2
48 56 2
19 141 2
76 81 2
6 114 1
67 106 1
15 35 2
9 34 2
47 53 2
68 73 2
49 132 1
12 22 2
42 55 2
27 62 2
16 110 2
35 50 2
85 92 1
52 68 2
19 41 2
11 22 2
2 148 1
57 129 2
30 128 1
34 58 2
32 81 2
83 101 1
17 81 2
79 111 1
4 83 2
79 88 2
67 143 1
18 136 1
63 142 2
67 73 2
4 9 2
44 113 1
8 133 2
57 133 1
15 114 1
33 77 2
15 54 2
33 42 2
65 98 1
14 83 2
24 59 2
4 16 2
85 133 1
17 32 2
26 49 2
3 56 2
56 59 2
51 83 2
1 31 2
65 85 2
62 131 1
31 79 2
49 143 1
53 76 2
20 118 2
58 121 1
86 127 1
40 93 1
24 29 2
74 149 2
8 46 2
81 149 1
26 71 2
53 55 2
20 23 2
39 131 2
39 43 2
24 77 2
4 142 2
64 72 2
44 94 1
59 95 1
25 81 2
21 141 1
13 117 1
18 110 1
30 77 2
67 127 2
73 122 1
12 33 2
29 142 2
14 41 2
67 104 1
2 132 1
54 84 2
28 148 1
27 57 2
6 74 2
62 97 2
25 31 2
9 54 2
29 113 2
8 66 2
28 44 2
84 143 2
78 86 2
10 52 2
14 103 2
69 149 1
38 68 2
60 89 2
25 90 2
32 104 2
1 80 2
56 132 1
46 117 2
77 95 2
38 42 2
2 120 1
20 77 2
10 132 2
4 60 2
24 51 2
78 91 1
30 89 2
24 71 2
8 11 2
2 12 2
57 103 1
83 122 1
12 20 2
56 122 2
56 65 2
65 147 2
11 122 1
13 21 2
21 25 2
2 33 2
31 61 2
25 138 1
89 133 1
46 70 2
15 60 2
6 69 2
26 56 2
54 86 2
2 78 2
35 97 2
22 121 1
26 114 1
6 138 1
20 85 2
16 126 1
27 51 2
29 45 2
55 96 2
81 99 1
4 106 1
81 115 1
28 36 2
7 26 2
77 148 1
18 140 1
14 92 1
9 56 2
54 93 1
19 22 2
11 51 2
63 126 1
5 114 1
45 84 2
5 63 2
67 112 1
64 118 1
39 86 2
38 106 1
59 69 2
3 102 1
41 96 1
63 69 2
69 133 1
22 36 2
25 123 2
41 61 2
0 16 2
79 123 1
70 134 1
18 146 2
40 86 2
66 85 2
22 119 1
39 118 2
57 65 2
6 8 2
5 122 1
57 88 2
36 115 2
12 81 2
6 62 2
60 102 1
85 143 1
47 110 2
41 118 1
18 109 1
25 33 2
38 58 2
12 109 1
71 78 2
55 87 2
20 65 2
6 144 1
26 132 2
86 98 1
69 84 2
28 49 2
50 94 2
28 61 2
32 72 2
10 67 2
8 112 1
39 143 1
46 100 1
24 146 2
48 76 2
17 133 2
38 71 2
57 139 2
23 88 2
3 92 1
42 82 2
82 92 1
56 90 1
8 64 2
11 24 2
81 132 2
89 125 1
79 108 1
39 136 2
44 123 1
34 42 2
24 115 2
18 76 2
53 87 2
4 39 2
46 76 2
62 93 1
19 54 2
75 123 2
2 139 1
60 100 1
11 53 2
30 86 2
38 120 2
53 140 1
36 121 1
21 146 1
60 87 2
15 99 1
42 115 1
20 37 2
80 81 2
42 147 1
38 129 2
1 71 2
35 142 1
19 33 2
14 80 2
22 110 1
50 51 2
45 53 2
18 91 1
49 129 2
5 77 2
43 72 2
16 121 1
23 86 2
5 70 2
73 88 2
18 142 1
76 101 1
67 134 1
15 91 1
18 106 2
62 107 1
41 105 2
62 126 1
37 126 1
32 42 2
65 108 1
68 100 2
53 62 2
35 81 2
71 81 2
36 147 1
37 90 1
6 52 2
70 114 2
18 104 1
38 125 2
67 93 2
21 76 2
56 82 2
0 147 1
48 83 2
69 146 1
59 79 2
60 81 2
7 42 2
80 135 2
72 75 2
25 37 2
33 60 2
22 144 1
10 112 1
24 102 2
39 115 1
9 122 2
53 102 2
27 56 2
16 33 2
34 84 2
39 83 2
37 84 2
0 78 2
59 87 2
75 78 2
33 54 2
41 119 1
52 54 2
62 65 2
24 121 1
7 12 2
55 120 1
38 60 2
15 66 2
20 135 1
25 48 2
51 128 2
3 83 2
83 93 1
0 53 2
1 117 1
35 99 1
46 61 2
77 111 1
4 46 2
73 132 1
3 80 2
76 77 2
30 38 2
21 117 1
33 52 2
10 37 2
11 70 2
45 54 2
41 124 2
67 119 1
28 129 1
6 57 2
77 121 1
74 143 1
55 104 1
53 59 2
14 122 1
72 77 2
50 78 2
15 149 2
11 78 2
45 92 2
6 27 2
47 62 2
15 21 2
67 87 2
88 134 1
30 145 2
22 60 2
24 31 2
42 91 1
58 70 2
52 110 1
24 56 2
68 70 2
34 39 2
69 128 1
75 142 1
40 53 2
41 57 2
5 78 2
15 46 2
24 87 2
4 21 2
57 78 2
66 73 2
78 144 1
12 41 2
73 107 1
63 95 2
5 136 1
68 72 2
36 52 2
6 54 2
68 84 2
19 71 2
83 137 1
14 107 2
15 110 1
24 110 1
18 56 2
11 12 2
19 149 2
63 129 1
2 101 1
56 139 2
67 146 2
47 140 2
36 90 2
64 84 2
76 103 1
89 95 2
63 127 1
25 113 1
23 132 2
87 96 1
56 88 2
42 86 2
22 148 2
33 50 2
68 69 2
25 130 2
5 54 2
14 47 2
78 141 1
44 48 2
50 80 2
70 89 2
52 128 2
34 132 2
49 92 1
52 96 1
33 98 1
18 90 2
48 72 2
89 122 1
24 90 1
65 146 1
2 14 2
42 64 2
30 54 2
38 70 2
78 148 2
88 96 1
44 114 1
69 113 1
33 131 1
29 123 1
22 84 2
44 77 2
41 67 2
86 120 1
35 37 2
21 35 2
27 96 2
50 65 2
40 76 2
37 144 1
31 89 2
38 40 2
25 52 2
4 36 2
22 26 2
43 120 2
68 79 2
9 95 1
85 148 1
46 49 2
8 31 2
40 78 2
40 83 2
15 131 1
27 99 2
4 138 1
13 50 2
11 65 2
57 60 2
80 84 2
40 74 2
25 58 2
75 77 2
4 40 2
58 59 2
27 114 1
16 75 2
46 80 2
34 123 1
56 74 2
51 138 2
80 147 1
24 50 2
8 43 2
5 10 2
28 101 2
84 107 2
31 52 2
56 126 2
37 100 1
54 114 1
57 74 2
73 110 1
68 141 1
3 136 1
20 70 2
19 59 2
41 103 1
60 145 2
17 48 2
39 52 2
3 20 2
7 91 1
29 128 1
49 117 1
9 23 2
60 134 1
34 111 1
39 77 2
9 43 2
36 60 2
33 128 1
34 141 2
49 90 2
14 29 2
71 131 2
3 36 2
1 81 2
8 50 2
47 94 1
34 96 1
2 77 2
35 121 2
60 105 1
1 121 1
83 87 2
73 142 2
53 111 1
82 147 1
41 113 1
4 19 2
30 67 2
13 148 1
62 69 2
18 128 1
2 17 2
47 75 2
56 99 2
26 145 2
49 146 1
56 86 2
48 66 2
9 81 2
57 141 1
32 35 2
13 26 2
77 80 2
13 56 2
39 147 1
87 126 1
58 110 2
86 134 1
69 144 1
10 46 2
33 73 2
51 148 2
6 78 2
5 120 2
27 55 2
16 122 2
74 85 2
7 51 2
54 91 1
24 106 1
19 72 2
16 115 2
85 123 2
1 25 2
22 55 2
45 149 1
10 62 2
47 51 2
24 116 2
57 118 1
34 40 2
35 36 2
4 55 2
22 147 2
11 107 1
38 127 1
27 84 2
34 86 2
7 55 2
27 90 1
13 144 2
25 27 2
64 139 1
76 93 2
86 114 1
26 38 2
2 27 2
30 144 2
42 137 1
60 132 1
1 105 1
71 106 1
13 47 2
16 141 2
45 57 2
82 98 1
6 11 2
24 68 2
17 145 2
45 80 2
31 65 2
14 127 2
22 118 2
36 149 1
9 87 2
5 35 2
37 98 1
15 44 2
20 86 2
22 33 2
81 144 1
16 130 1
17 89 2
40 56 2
12 48 2
8 149 1
58 63 2
10 81 2
71 116 1
23 104 2
2 94 1
18 149 2
29 66 2
38 67 2
68 82 2
15 67 2
58 89 2
0 17 2
29 44 2
55 74 2
69 92 1
17 51 2
43 82 2
5 9 2
64 121 2
3 31 2
0 34 2
38 53 2
60 85 2
32 34 2
77 91 1
36 39 2
47 84 2
4 7 2
15 40 2
89 99 1
72 113 1
43 94 2
50 64 2
72 105 1
20 41 2
24 62 2
13 40 2
7 72 2
51 92 2
42 90 1
35 148 1
14 139 2
75 85 2
86 132 1
69 147 2
27 54 2
23 74 2
50 136 2
7 82 2
28 54 2
0 13 2
57 132 2
6 35 2
62 143 1
81 82 2
5 112 2
1 87 2
45 88 2
26 46 2
27 70 2
56 124 1
41 89 2
75 134 1
8 15 2
6 15 2
36 78 2
13 94 2
34 136 1
28 147 1
47 58 2
67 90 1
64 93 1
1 136 2
11 52 2
18 52 2
85 140 2
75 89 2
83 120 1
36 77 2
48 102 1
56 75 2
13 111 2
20 120 1
72 100 1
41 142 1
32 55 2
59 61 2
76 147 2
22 137 2
56 129 2
79 134 1
0 72 2
20 61 2
11 128 1
36 148 1
12 71 2
53 81 2
31 67 2
24 128 2
29 109 1
59 76 2
62 144 1
74 112 1
81 93 2
11 147 2
43 52 2
27 94 1
4 124 1
74 102 2
25 46 2
58 78 2
4 72 2
54 112 1
65 69 2
38 63 2
14 70 2
1 39 2
60 66 2
3 28 2
87 137 1
12 42 2
32 139 1
16 67 2
33 48 2
18 54 2
25 99 1
67 109 1
41 48 2
46 81 2
21 74 2
64 133 1
58 76 2
48 80 2
69 103 2
5 108 2
15 104 2
7 101 1
18 105 1
55 58 2
8 78 2
25 26 2
3 37 2
29 95 2
51 88 2
42 56 2
71 79 2
18 22 2
7 112 2
14 74 2
21 38 2
10 86 2
31 32 2
6 50 2
71 126 2
14 32 2
7 38 2
9 36 2
21 26 2
21 111 2
6 115 2
65 74 2
15 87 2
10 128 1
44 109 1
66 80 2
24 55 2
3 137 1
87 95 2
54 142 1
28 78 2
81 117 1
55 71 2
4 105 2
41 147 2
22 108 1
29 43 2
43 127 1
7 77 2
5 44 2
34 87 2
4 147 1
44 67 2
21 97 1
16 62 2
79 98 2
68 143 2
86 104 1
2 49 2
32 58 2
34 77 2
50 60 2
44 54 2
79 141 2
44 105 1
35 84 2
16 147 1
15 80 2
26 76 2
31 102 1
87 111 2
19 78 2
78 138 1
43 69 2
54 73 2
19 133 1
27 73 2
1 52 2
59 67 2
45 59 2
65 145 1
64 108 1
84 92 2
40 145 1
83 129 2
56 84 2
8 116 1
12 97 1
1 40 2
40 131 1
10 69 2
71 88 2
32 49 2
22 25 2
59 111 1
33 111 2
52 66 2
50 67 2
65 79 2
79 82 2
58 69 2
17 102 1
80 116 2
38 41 2
53 137 1
32 121 1
9 57 2
18 25 2
59 149 2
6 68 2
46 110 1
40 96 1
19 134 2
5 128 1
7 144 1
11 16 2
40 50 2
30 106 1
6 39 2
89 140 1
45 71 2
1 67 2
4 82 2
85 106 1
63 75 2
45 140 2
11 148 2
11 18 2
23 111 1
41 47 2
58 86 2
41 100 2
11 58 2
8 123 1
26 119 1
69 93 1
54 69 2
58 77 2
56 81 2
73 125 1
49 141 2
49 93 1
27 97 1
80 85 2
4 50 2
10 11 2
73 89 2
60 90 1
42 73 2
42 65 2
81 138 1
64 112 2
62 83 2
49 113 2
16 104 1
33 68 2
77 124 2
21 65 2
44 147 1
32 33 2
13 14 2
43 83 2
13 79 2
21 98 2
36 120 1
14 119 1
44 104 1
36 62 2
2 76 2
15 85 2
75 87 2
17 19 2
21 85 2
65 86 2
34 90 1
17 72 2
17 50 2
20 24 2
9 110 1
13 23 2
68 146 2
52 136 1
37 67 2
14 39 2
48 110 2
89 93 2
84 129 1
1 61 2
3 54 2
69 88 2
15 90 1
37 132 1
1 32 2
30 140 2
58 97 1
47 85 2
65 141 1
10 138 1
3 133 2
61 90 1
52 72 2
1 72 2
11 81 2
13 61 2
66 107 1
39 88 2
15 19 2
15 24 2
86 133 1
70 93 2
42 76 2
33 65 2
4 37 2
33 70 2
9 14 2
41 56 2
28 116 1
6 82 2
28 69 2
53 110 2
53 139 1
3 39 2
4 146 1
4 94 1
1 8 2
19 20 2
14 129 1
15 137 1
77 98 2
15 101 1
39 148 1
65 82 2
71 125 1
76 116 1
44 122 2
51 54 2
41 51 2
4 6 2
33 123 1
55 98 2
5 104 2
9 27 2
19 52 2
42 138 1
56 79 2
21 50 2
18 27 2
50 149 2
8 98 1
23 31 2
6 64 2
0 145 1
42 121 2
68 98 2
14 50 2
37 137 1
76 86 2
33 103 1
52 78 2
61 66 2
35 93 1
13 82 2
32 38 2
72 74 2
1 55 2
61 122 1
6 25 2
5 20 2
54 83 2
45 85 2
24 139 1
30 114 2
86 111 1
5 38 2
10 70 2
35 66 2
1 63 2
64 143 1
28 104 2
19 122 2
61 120 1
20 78 2
25 72 2
58 68 2
85 110 1
6 90 1
23 135 1
79 89 2
34 107 1
5 88 2
70 84 2
8 32 2
29 73 2
6 126 2
36 42 2
60 146 1
52 91 2
58 103 2
14 57 2
15 16 2
84 132 1
10 95 2
67 133 2
46 54 2
1 115 2
1 21 2
54 79 2
10 31 2
60 61 2
62 125 1
57 120 1
77 97 2
27 80 2
30 40 2
27 139 2
34 100 1
40 77 2
12 61 2
77 93 2
27 83 2
10 40 2
18 83 2
81 140 2
34 126 1
16 103 1
51 119 1
2 88 2
55 64 2
17 28 2
25 41 2
50 113 2
55 130 1
1 124 1
48 98 1
30 122 2
64 142 1
16 83 2
20 58 2
15 26 2
41 88 2
50 90 1
2 57 2
57 114 1
42 70 2
12 98 2
85 89 2
47 54 2
17 88 2
10 41 2
51 124 1
45 118 1
16 89 2
15 68 2
39 105 1
23 43 2
63 115 2
52 140 2
27 85 2
21 60 2
17 94 1
20 103 2
14 54 2
52 58 2
18 86 2
23 144 1
9 144 1
57 61 2
41 79 2
16 66 2
20 25 2
86 141 1
10 76 2
35 72 2
40 132 1
54 75 2
63 124 1
43 46 2
24 54 2
10 65 2
24 100 1
69 137 1
67 83 2
3 17 2
68 112 1
75 81 2
41 76 2
32 144 2
44 65 2
45 69 2
81 134 1
25 83 2
21 57 2
11 112 1
27 92 2
7 100 1
48 146 1
12 55 2
4 26 2
67 129 2
17 20 2
24 85 2
5 46 2
73 94 2
57 117 1
4 14 2
37 134 1
83 94 1
19 83 2
75 119 1
15 52 2
89 147 1
34 41 2
11 57 2
23 122 2
39 64 2
32 113 2
9 140 1
31 41 2
35 53 2
15 111 1
47 81 2
28 93 1
32 53 2
28 131 1
67 86 2
10 13 2
9 129 1
20 91 1
46 116 1
8 76 2
63 83 2
50 137 2
30 125 1
34 66 2
20 127 1
7 57 2
67 72 2
68 96 1
0 48 2
24 67 2
21 46 2
86 140 1
36 137 1
56 93 2
68 71 2
17 29 2
23 75 2
45 120 2
79 146 2
3 78 2
62 90 1
67 142 1
24 126 1
45 126 1
11 135 1
33 34 2
34 143 2
64 148 1
14 91 1
15 22 2
47 78 2
51 66 2
18 87 2
11 35 2
46 101 1
57 127 2
36 47 2
14 84 2
54 99 2
72 82 2
1 15 2
31 81 2
11 63 2
36 68 2
75 110 1
16 27 2
40 113 2
69 90 1
18 137 1
47 63 2
57 143 1
8 19 2
66 115 1
54 122 1
11 79 2
4 11 2
7 62 2
84 114 2
5 6 2
70 82 2
3 50 2
3 9 2
46 135 1
37 53 2
67 79 2
14 82 2
41 92 2
39 106 2
22 44 2
19 30 2
16 38 2
17 118 2
74 92 1
56 125 1
80 138 1
11 61 2
5 129 1
47 64 2
5 15 2
48 53 2
46 85 2
12 27 2
88 135 1
4 56 2
20 55 2
19 69 2
55 115 1
11 83 2
10 64 2
8 20 2
36 126 1
5 19 2
27 98 2
44 89 2
12 58 2
33 94 1
82 115 1
29 149 2
28 65 2
27 89 2
22 79 2
42 145 2
5 53 2
43 71 2
31 110 1
19 68 2
50 81 2
10 68 2
8 68 2
54 139 2
80 146 1
23 126 2
27 42 2
13 39 2
26 66 2
16 107 1
59 98 1
51 96 1
45 90 2
13 54 2
52 61 2
65 143 2
27 133 2
11 48 2
63 147 2
6 41 2
29 55 2
7 147 1
55 86 2
12 46 2
15 148 1
33 113 2
26 79 2
58 84 2
24 86 2
63 91 2
63 76 2
22 63 2
69 123 1
87 138 2
36 83 2
23 78 2
16 31 2
61 85 2
44 57 2
85 135 2
33 120 2
77 139 2
3 85 2
13 84 2
18 34 2
18 40 2
58 80 2
31 77 2
39 49 2
21 144 1
50 75 2
26 80 2
69 72 2
30 41 2
13 126 2
51 105 2
16 57 2
79 110 1
77 109 2
24 38 2
18 31 2
12 40 2
66 143 1
74 123 1
84 137 2
63 143 2
47 137 1
16 79 2
80 114 1
48 61 2
41 73 2
29 116 1
52 103 1
81 137 1
21 120 1
48 79 2
8 18 2
36 136 1
7 83 2
29 62 2
16 64 2
36 81 2
50 110 1
61 107 2
8 96 1
35 129 2
72 131 2
53 147 1
19 74 2
20 92 1
74 86 2
68 95 1
32 44 2
58 105 1
28 66 2
19 79 2
4 133 2
14 148 1
19 129 1
42 101 2
21 53 2
31 58 2
13 45 2
77 118 2
86 113 2
85 113 1
66 88 2
61 112 2
63 64 2
40 123 2
10 82 2
32 77 2
61 92 2
48 125 1
24 108 2
2 6 2
63 74 2
75 144 1
20 69 2
26 100 1
31 37 2
62 68 2
89 143 1
18 80 2
36 86 2
69 110 1
52 62 2
83 88 2
6 48 2
82 120 1
70 98 1
53 97 1
30 68 2
63 107 2
28 117 1
46 56 2
6 47 2
16 136 1
37 147 2
24 42 2
59 133 2
73 119 2
61 84 2
35 119 2
58 88 2
18 30 2
46 121 2
74 121 2
33 86 2
57 137 2
89 134 1
83 149 1
17 147 2
13 16 2
5 111 1
27 53 2
30 94 2
38 52 2
50 100 1
37 59 2
20 115 1
38 91 1
30 139 1
17 129 1
39 45 2
88 112 1
38 54 2
0 44 2
14 30 2
6 109 1
51 95 1
32 92 2
19 31 2
20 106 1
4 84 2
30 63 2
31 85 2
13 65 2
34 120 1
9 132 1
18 130 1
19 112 1
27 72 2
89 146 1
50 59 2
26 102 1
76 100 1
19 61 2
27 111 1
16 37 2
11 77 2
17 149 1
50 77 2
79 100 1
32 100 1
85 105 1
9 64 2
13 80 2
3 77 2
18 74 2
34 53 2
66 137 1
80 103 2
4 38 2
34 82 2
34 125 1
87 118 1
5 76 2
80 106 2
58 112 1
81 88 2
39 69 2
9 90 1
46 59 2
61 88 2
3 69 2
55 126 2
76 134 2
40 98 1
65 97 1
31 55 2
5 60 2
3 101 2
67 131 2
39 76 2
26 40 2
83 95 1
79 128 1
60 67 2
35 106 2
18 108 2
22 48 2
5 133 1
6 14 2
72 123 1
17 44 2
47 55 2
20 32 2
51 136 1
22 28 2
65 72 2
38 80 2
88 120 1
71 113 2
4 97 1
32 122 1
2 110 1
82 83 2
14 105 2
21 63 2
3 86 2
7 107 1
76 107 1
1 34 2
65 104 1
29 97 2
26 87 2
43 143 1
18 129 1
26 82 2
10 29 2
9 146 1
56 137 1
83 134 2
18 92 2
0 149 1
44 68 2
49 100 1
12 73 2
21 126 1
63 132 1
47 120 2
27 61 2
68 109 2
89 98 1
81 145 1
2 98 2
14 108 2
19 67 2
81 102 1
82 117 2
62 73 2
41 60 2
14 81 2
2 137 2
43 130 2
61 114 2
84 142 1
30 113 1
33 49 2
40 67 2
83 110 1
86 87 2
22 66 2
12 86 2
0 2 2
7 14 2
89 117 1
37 89 2
40 87 2
61 111 1
8 47 2
5 29 2
16 26 2
84 103 2
7 70 2
77 88 2
22 99 1
43 88 2
0 21 2
7 37 2
40 117 1
22 86 2
16 63 2
9 16 2
67 82 2
47 121 1
16 95 1
1 76 2
3 109 2
29 96 2
30 92 1
2 5 2
83 106 1
30 118 1
83 118 1
76 142 2
61 72 2
30 78 2
79 145 2
54 126 1
43 112 1
1 107 1
7 8 2
39 55 2
1 38 2
17 61 2
58 85 2
82 129 2
11 25 2
39 114 1
28 137 1
0 65 2
3 22 2
28 30 2
63 139 1
72 111 1
53 107 1
20 129 1
45 66 2
55 84 2
76 127 1
11 30 2
7 128 1
0 29 2
60 74 2
68 108 2
7 125 2
81 122 1
29 77 2
32 105 1
3 88 2
63 100 1
84 113 1
42 123 1
81 83 2
28 72 2
46 51 2
48 54 2
30 43 2
82 133 1
48 81 2
32 73 2
24 52 2
29 110 2
1 65 2
71 83 2
41 53 2
3 81 2
71 142 1
78 100 1
1 132 1
36 91 1
57 77 2
6 86 2
48 115 1
42 128 2
78 140 2
39 80 2
35 44 2
2 50 2
76 129 2
4 44 2
11 29 2
75 116 1
40 148 1
5 56 2
31 54 2
35 58 2
3 111 2
19 102 1
17 39 2
78 92 2
64 94 1
44 86 2
20 60 2
7 148 1
28 67 2
76 96 1
16 51 2
50 88 2
55 66 2
58 100 2
40 95 1
11 27 2
60 64 2
14 76 2
20 35 2
25 144 1
17 115 2
40 122 1
41 82 2
80 121 2
24 138 1
12 68 2
9 119 1
39 116 1
39 57 2
68 134 2
87 104 2
56 64 2
39 40 2
2 38 2
19 46 2
18 133 2
61 139 1
14 49 2
86 121 2
10 27 2
39 63 2
48 137 1
57 58 2
29 37 2
40 44 2
37 68 2
22 24 2
41 78 2
51 61 2
15 37 2
3 51 2
51 72 2
34 35 2
7 141 1
24 112 2
75 83 2
60 70 2
32 64 2
0 99 1
27 35 2
70 120 1
47 67 2
17 80 2
11 146 1
25 51 2
64 73 2
59 90 1
31 68 2
23 56 2
47 65 2
11 119 1
1 143 1
35 130 1
69 70 2
87 89 2
16 109 2
33 118 2
30 87 2
14 106 1
21 32 2
88 89 2
18 46 2
65 125 2
26 54 2
54 118 1
14 22 2
2 130 1
0 25 2
71 123 1
0 92 1
28 42 2
10 71 2
66 76 2
12 53 2
47 87 2
17 55 2
61 145 1
47 98 1
0 20 2
39 54 2
62 108 2
39 146 2
78 147 2
54 89 2
20 93 1
2 66 2
40 70 2
47 104 1
27 102 1
79 118 1
14 77 2
10 48 2
37 75 2
63 116 1
73 106 1
66 103 1
5 21 2
62 139 1
8 40 2
73 120 1
20 108 1
37 116 2
18 23 2
21 77 2
30 85 2
5 65 2
42 149 2
49 66 2
25 65 2
20 68 2
41 126 2
44 98 1
8 89 2
2 36 2
57 106 1
34 76 2
16 84 2
2 18 2
48 104 2
14 135 1
65 78 2
34 98 2
20 144 1
21 148 1
53 101 2
9 82 2
36 54 2
12 83 2
3 89 2
77 145 1
63 138 2
22 51 2
17 107 1
50 91 1
60 71 2
7 86 2
15 53 2
86 90 1
80 113 2
8 85 2
17 71 2
71 130 1
12 24 2
51 134 1
29 85 2
30 49 2
30 127 1
26 128 1
82 106 2
29 79 2
9 31 2
33 62 2
35 41 2
37 107 2
0 43 2
13 142 1
0 82 2
51 107 1
9 73 2
4 140 1
53 121 1
38 140 2
6 77 2
38 109 1
1 84 2
10 113 1
67 132 1
52 65 2
84 140 1
21 73 2
27 52 2
3 11 2
77 135 2
6 84 2
80 94 2
50 55 2
26 39 2
89 103 2
26 28 2
86 125 1
71 119 1
8 94 1
5 74 2
88 92 2
40 142 1
40 64 2
64 66 2
13 140 1
65 113 2
63 141 2
2 13 2
22 103 1
7 93 1
6 88 2
13 15 2
20 39 2
39 60 2
0 87 2
62 75 2
48 62 2
55 92 1
73 81 2
56 71 2
41 52 2
2 3 2
1 20 2
9 46 2
18 79 2
9 107 1
62 115 1
21 121 1
27 145 2
36 53 2
4 130 1
66 125 1
50 145 1
66 145 1
34 69 2
64 77 2
39 96 1
50 147 1
77 143 2
81 89 2
22 75 2
7 45 2
0 109 2
70 85 2
4 99 1
6 91 1
51 123 1
68 103 1
46 111 1
65 100 1
27 137 2
5 126 2
10 38 2
28 124 1
6 46 2
72 76 2
10 19 2
24 148 2
6 89 2
69 119 1
61 99 1
10 141 1
7 87 2
34 114 1
45 117 2
19 92 1
89 141 1
5 125 2
9 103 1
37 104 2
31 75 2
0 7 2
57 112 1
59 99 1
37 66 2
67 69 2
53 103 1
37 45 2
36 76 2
20 34 2
39 71 2
72 78 2
64 107 1
8 106 1
40 41 2
24 82 2
61 113 1
9 102 1
14 20 2
42 71 2
31 87 2
82 90 1
33 89 2
58 122 1
61 70 2
65 84 2
53 60 2
62 74 2
41 121 2
61 80 2
35 107 1
14 52 2
41 138 1
24 80 2
48 114 2
58 75 2
54 62 2
79 117 1
81 123 1
24 111 1
71 108 2
13 89 2
19 121 2
48 50 2
19 58 2
25 117 1
9 106 1
43 73 2
63 86 2
46 130 1
5 7 2
5 8 2
51 53 2
32 87 2
44 55 2
53 73 2
31 35 2
40 48 2
35 118 1
45 101 1
22 34 2
16 113 1
38 114 1
56 138 2
13 19 2
48 88 2
23 81 2
26 70 2
43 50 2
0 10 2
17 33 2
66 113 1
11 140 1
51 129 1
62 124 1
27 32 2
23 65 2
40 43 2
52 53 2
4 85 2
2 37 2
68 91 1
41 115 2
17 18 2
51 64 2
35 60 2
52 135 1
66 146 1
25 129 2
10 74 2
36 58 2
44 141 1
81 136 1
51 59 2
70 76 2
10 102 2
74 130 2
51 87 2
44 138 1
57 66 2
17 108 1
15 33 2
47 109 2
38 138 1
54 74 2
78 97 1
11 37 2
32 118 2
50 107 1
72 73 2
76 82 2
36 122 1
36 85 2
42 114 1
10 50 2
2 95 2
26 31 2
59 132 1
21 122 1
28 48 2
11 20 2
1 51 2
61 116 1
83 85 2
79 86 2
2 75 2
19 64 2
25 95 2
12 47 2
76 110 1
75 143 2
2 32 2
55 77 2
27 30 2
1 145 1
2 45 2
0 46 2
6 13 2
84 131 2
43 119 1
10 72 2
28 133 1
5 27 2
43 79 2
45 102 2
13 146 2
3 112 1
85 114 1
16 124 1
29 82 2
63 81 2
43 107 1
80 149 2
59 62 2
27 38 2
63 113 2
6 43 2
24 37 2
27 46 2
35 77 2
27 101 1
5 42 2
37 70 2
11 136 1
8 63 2
30 62 2
55 72 2
12 82 2
87 134 2
16 41 2
4 86 2
68 86 2
75 98 1
70 110 1
35 48 2
7 145 1
13 48 2
68 133 1
88 108 2
71 128 1
17 43 2
23 49 2
1 142 1
22 82 2
26 141 2
12 49 2
12 111 1
21 61 2
10 77 2
28 81 2
28 77 2
10 17 2
34 109 1
36 72 2
8 57 2
31 43 2
33 80 2
42 111 2
57 76 2
43 56 2
23 89 2
63 80 2
59 78 2
5 67 2
20 27 2
21 43 2
33 136 1
54 110 2
73 111 2
78 137 1
46 65 2
72 142 1
33 66 2
40 134 1
9 21 2
13 33 2
80 145 1
9 130 2
15 89 2
9 33 2
31 130 1
78 110 1
6 36 2
54 105 1
23 70 2
18 122 2
29 140 2
15 42 2
79 127 2
56 145 1
23 99 2
23 58 2
12 52 2
5 89 2
48 130 1
59 137 2
17 134 2
18 28 2
46 64 2
19 76 2
48 57 2
7 73 2
74 80 2
46 147 2
46 72 2
44 49 2
40 144 2
28 140 2
1 53 2
81 101 1
31 88 2
29 148 1
2 34 2
4 89 2
27 81 2
60 93 1
1 91 1
24 97 1
21 64 2
20 119 2
32 59 2
75 114 2
31 112 1
20 121 1
56 67 2
75 149 1
10 54 2
30 64 2
35 86 2
67 135 2
47 57 2
75 113 1
39 108 1
55 65 2
60 78 2
52 97 1
23 109 1
78 111 1
30 146 1
1 97 1
53 108 1
85 137 1
16 86 2
12 106 2
5 79 2
5 50 2
47 49 2
44 106 1
34 51 2
27 91 1
6 45 2
62 148 2
5 49 2
40 106 2
27 127 1
84 87 2
7 53 2
29 59 2
69 136 2
69 108 1
6 29 2
13 95 2
0 80 2
70 127 1
51 63 2
1 100 1
64 128 1
0 33 2
67 137 1
55 75 2
30 110 1
52 70 2
3 147 1
16 94 1
42 148 2
79 143 1
44 92 1
26 63 2
21 123 1
16 20 2
40 130 2
41 49 2
13 46 2
68 113 1
9 53 2
31 42 2
40 80 2
34 43 2
68 129 1
62 104 1
80 133 1
12 23 2
23 119 1
18 55 2
43 44 2
76 119 1
51 122 1
41 94 1
38 61 2
46 146 1
30 132 2
2 74 2
50 68 2
8 145 1
64 71 2
29 47 2
46 137 1
73 115 2
18 42 2
2 87 2
61 136 1
56 58 2
25 126 1
66 70 2
37 69 2
48 74 2
20 21 2
8 69 2
72 141 2
63 85 2
62 67 2
26 51 2
8 75 2
5 30 2
1 30 2
17 114 1
55 100 1
89 137 2
68 87 2
64 86 2
7 132 1
26 52 2
71 89 2
53 124 2
37 148 1
36 95 1
15 105 2
66 69 2
51 133 1
37 76 2
61 65 2
22 111 2
33 134 2
0 28 2
35 137 2
2 85 2
67 141 1
49 76 2
8 35 2
70 149 1
79 114 1
2 116 2
27 93 1
6 97 1
54 77 2
42 96 1
13 107 2
43 55 2
2 86 2
89 111 1
2 9 2
9 62 2
36 38 2
38 46 2
33 46 2
80 93 1
37 51 2
37 43 2
68 120 1
1 95 1
5 116 1
45 63 2
12 25 2
39 145 1
21 70 2
6 124 1
35 45 2
35 90 1
10 75 2
1 89 2
27 108 2
81 127 1
1 148 1
28 59 2
54 56 2
63 133 1
47 133 1
48 109 1
21 54 2
66 139 2
31 131 1
29 46 2
28 125 2
67 77 2
32 124 1
20 36 2
10 58 2
18 81 2
45 128 2
55 70 2
53 57 2
15 136 2
22 23 2
19 91 1
9 126 1
31 132 1
8 109 2
29 61 2
40 97 1
0 74 2
47 48 2
58 62 2
49 109 1
22 116 1
28 85 2
76 130 2
54 61 2
58 118 1
11 75 2
28 76 2
3 33 2
59 109 2
9 48 2
9 10 2
54 143 1
89 106 1
71 84 2
39 89 2
64 106 2
64 74 2
42 139 1
32 61 2
80 126 2
34 80 2
27 130 1
6 42 2
23 137 2
69 94 1
12 19 2
44 63 2
78 88 2
39 81 2
46 88 2
38 86 2
17 99 2
0 138 1
69 80 2
81 139 1
23 112 1
30 134 2
22 71 2
30 109 2
7 21 2
73 130 1
43 106 1
33 126 2
89 116 2
7 30 2
56 60 2
55 129 1
67 99 1
20 52 2
33 149 1
47 112 1
34 55 2
31 119 1
4 8 2
43 85 2
5 32 2
64 102 2
51 109 1
53 78 2
66 94 2
50 140 1
13 22 2
26 84 2
78 108 1
71 75 2
67 128 2
36 40 2
11 21 2
34 61 2
44 145 1
53 113 1
33 90 2
13 53 2
6 51 2
22 142 1
19 38 2
5 94 2
88 119 2
83 125 1
39 107 2
48 68 2
29 74 2
22 50 2
24 91 2
73 128 1
0 12 2
44 45 2
66 99 1
25 139 1
13 28 2
13 42 2
23 145 2
23 77 2
35 39 2
46 118 2
13 64 2
13 58 2
75 79 2
19 81 2
59 129 1
48 141 1
39 117 1
42 58 2
55 121 1
32 78 2
35 140 1
14 19 2
0 68 2
8 67 2
48 93 1
15 29 2
40 65 2
1 6 2
7 23 2
68 149 2
37 64 2
42 98 1
64 78 2
37 41 2
12 77 2
50 82 2
23 40 2
26 67 2
8 148 1
53 128 2
61 123 1
48 91 2
37 49 2
14 87 2
2 124 1
76 111 1
72 102 1
8 60 2
50 111 1
17 79 2
60 96 2
17 22 2
2 46 2
68 104 1
22 72 2
21 128 1
2 99 1
12 44 2
63 92 2
28 40 2
53 132 1
18 117 1
10 148 1
22 76 2
82 95 1
9 37 2
18 47 2
49 116 2
37 82 2
15 72 2
63 78 2
75 140 2
29 35 2
59 94 1
31 138 2
19 60 2
68 116 2
51 79 2
14 44 2
16 106 1
1 144 1
24 49 2
12 35 2
44 84 2
22 54 2
60 148 1
16 134 1
29 68 2
8 13 2
30 47 2
34 112 2
37 56 2
40 114 1
83 98 1
14 113 2
46 132 2
30 129 2
71 87 2
42 77 2
55 114 1
13 109 2
14 140 2
64 67 2
3 98 1
23 25 2
71 127 2
46 138 1
25 30 2
44 80 2
7 114 1
22 88 2
12 141 1
54 78 2
50 130 1
13 34 2
68 105 1
13 127 1
48 95 2
52 132 2
30 45 2
11 126 2
22 115 1
19 55 2
17 25 2
19 47 2
29 105 1
54 59 2
50 66 2
4 120 2
39 144 2
21 84 2
39 46 2
75 118 2
84 119 1
68 78 2
6 106 1
45 83 2
37 80 2
2 28 2
49 145 2
44 127 1
61 75 2
9 45 2
81 100 1
7 43 2
29 69 2
16 71 2
8 111 2
7 20 2
53 80 2
3 34 2
11 115 1
12 137 1
26 121 2
0 63 2
7 22 2
89 119 1
24 81 2
52 79 2
49 107 1
15 78 2
73 109 1
14 61 2
25 137 1
49 86 2
75 136 1
22 67 2
34 54 2
56 100 1
66 123 2
52 118 1
7 117 1
38 146 1
49 55 2
20 64 2
26 30 2
77 102 1
19 65 2
68 117 1
26 60 2
31 105 1
77 138 1
15 71 2
81 118 2
47 115 1
14 65 2
15 93 1
20 140 1
58 60 2
26 86 2
10 131 1
9 17 2
22 146 2
0 83 2
41 62 2
63 145 1
0 62 2
45 55 2
51 70 2
0 88 2
16 22 2
48 59 2
68 118 1
39 132 1
10 126 1
83 103 1
26 64 2
9 25 2
12 36 2
12 85 2
18 72 2
71 149 1
68 138 1
31 108 2
30 65 2
33 135 1
10 134 2
14 40 2
89 91 1
23 129 1
73 140 1
39 66 2
34 73 2
71 144 2
7 41 2
1 11 2
60 127 1
19 82 2
69 73 2
17 58 2
7 52 2
55 133 1
17 54 2
36 37 2
0 18 2
72 109 1
24 78 2
47 66 2
78 101 1
19 87 2
54 55 2
35 73 2
19 137 1
7 104 1
13 75 2
62 94 2
0 64 2
77 100 1
48 94 1
55 83 2
80 148 1
85 146 2
23 68 2
36 141 2
53 118 1
29 54 2
9 111 1
78 134 1
35 102 2
17 57 2
16 60 2
66 116 1
64 85 2
3 123 2
22 45 2
17 35 2
50 52 2
41 72 2
32 138 1
54 102 2
87 88 2
33 75 2
63 103 1
30 101 1
59 124 1
67 75 2
0 85 2
20 89 2
14 37 2
65 83 2
38 43 2
20 29 2
23 73 2
17 82 2
17 23 2
4 27 2
22 59 2
22 78 2
12 88 2
38 81 2
69 71 2
71 141 1
58 131 1
65 117 2
2 20 2
42 125 2
11 131 2
32 146 1
74 75 2
80 91 1
70 118 1
78 81 2
43 141 1
40 49 2
88 148 2
68 80 2
42 81 2
36 103 2
44 110 2
39 56 2
8 91 2
38 51 2
8 73 2
49 68 2
4 34 2
36 80 2
56 63 2
37 93 1
3 122 1
71 124 1
7 49 2
18 64 2
8 65 2
69 132 2
42 88 2
72 89 2
72 85 2
38 62 2
21 47 2
70 130 2
49 118 2
68 97 2
31 82 2
36 117 1
72 104 1
40 94 1
7 44 2
38 73 2
26 88 2
78 129 1
29 86 2
18 124 1
5 92 2
14 24 2
29 139 2
35 138 2
0 141 1
9 18 2
0 67 2
23 44 2
55 80 2
82 105 2
34 62 2
61 128 1
5 75 2
55 144 2
4 104 2
38 121 1
78 136 1
8 72 2
63 72 2
0 102 1
71 99 1
6 16 2
10 16 2
73 80 2
30 51 2
37 55 2
28 35 2
63 135 1
83 113 1
16 108 1
42 127 1
47 50 2
2 142 1
9 85 2
36 43 2
48 122 2
39 127 2
18 32 2
52 130 2
16 139 1
5 87 2
14 62 2
36 66 2
73 95 1
39 99 1
79 120 1
36 142 2
5 68 2
63 131 1
6 40 2
24 147 1
74 88 2
16 50 2
75 105 2
0 94 2
20 22 2
39 73 2
1 58 2
19 84 2
21 91 2
63 128 1
23 79 2
19 142 1
12 37 2
81 107 1
69 96 1
4 73 2
32 96 1
12 14 2
20 28 2
3 61 2
12 95 1
63 104 1
46 63 2
25 38 2
77 128 1
35 110 2
62 77 2
48 90 1
19 104 1
53 96 1
18 29 2
3 45 2
50 112 2
10 32 2
65 93 1
54 134 1
32 48 2
45 106 1
3 65 2
56 117 1
51 108 1
9 147 1
72 88 2
74 135 2
47 79 2
11 97 1
36 64 2
15 25 2
2 15 2
46 115 1
39 133 2
72 110 2
30 39 2
5 62 2
61 101 1
40 62 2
58 142 1
49 126 2
75 108 2
58 73 2
50 98 1
65 103 1
23 103 1
16 87 2
36 71 2
22 70 2
75 129 1
54 60 2
74 84 2
3 103 1
33 53 2
56 70 2
83 84 2
19 120 2
48 120 1
87 131 1
16 97 1
14 104 2
4 136 2
53 61 2
21 127 2
0 146 1
87 135 1
1 78 2
21 145 1
69 125 1
10 88 2
25 61 2
59 60 2
13 137 1
31 78 2
21 66 2
85 102 2
85 122 1
52 86 2
88 102 1
59 120 1
6 26 2
41 65 2
17 83 2
77 141 1
56 83 2
36 69 2
6 100 1
12 148 1
51 55 2
80 120 1
77 87 2
80 118 1
87 148 1
11 82 2
1 88 2
8 136 1
47 88 2
48 112 2
35 139 1
76 137 1
64 95 2
46 139 2
51 62 2
26 77 2
79 137 1
10 144 1
60 72 2
17 45 2
23 26 2
64 100 1
0 37 2
13 44 2
52 76 2
3 24 2
57 122 2
63 109 1
17 85 2
71 121 1
55 67 2
16 144 1
32 70 2
30 74 2
32 43 2
36 111 2
69 111 1
23 148 1
14 35 2
49 120 1
15 69 2
1 56 2
39 149 1
75 146 2
50 92 2
76 144 1
30 88 2
23 83 2
21 55 2
77 101 1
46 71 2
89 130 1
46 53 2
25 140 1
79 96 1
21 68 2
21 103 1
44 135 2
32 126 2
37 42 2
31 117 1
4 42 2
2 44 2
9 29 2
49 123 2
45 136 1
52 60 2
49 99 2
25 110 2
30 71 2
22 113 2
0 84 2
18 39 2
64 99 1
63 73 2
71 77 2
58 126 2
28 108 2
7 66 2
68 110 1
51 139 1
25 54 2
7 116 1
68 75 2
21 45 2
53 72 2
24 34 2
8 27 2
87 93 1
10 105 1
13 27 2
41 129 2
64 138 1
3 62 2
54 92 1
89 94 1
25 67 2
80 110 2
28 71 2
9 19 2
17 125 1
71 115 1
44 116 2
42 51 2
43 134 1
41 42 2
85 96 2
43 74 2
40 111 2
0 52 2
39 110 1
20 147 2
55 117 2
21 44 2
35 74 2
58 145 2
33 129 1
81 98 1
3 4 2
60 118 2
67 81 2
52 122 1
30 100 2
38 130 1
22 32 2
21 82 2
46 50 2
52 119 2
9 60 2
7 58 2
59 112 1
38 72 2
32 133 2
0 89 2
81 84 2
9 20 2
63 134 2
24 83 2
29 39 2
34 102 1
76 135 1
29 40 2
15 84 2
2 117 1
30 82 2
48 69 2
66 84 2
54 120 1
59 108 1
67 116 1
7 27 2
88 133 1
77 83 2
32 101 2
10 85 2
11 129 1
28 138 1
31 47 2
2 133 1
45 86 2
11 102 2
33 67 2
86 101 1
20 47 2
8 48 2
72 124 1
19 32 2
71 92 2
27 41 2
1 122 1
26 131 1
1 86 2
62 87 2
4 61 2
55 59 2
30 104 1
13 41 2
40 137 1
72 86 2
16 128 1
36 46 2
52 57 2
28 38 2
33 45 2
88 123 1
30 36 2
30 66 2
5 138 1
29 64 2
63 79 2
79 99 2
4 145 2
34 45 2
26 74 2
32 50 2
18 61 2
46 48 2
88 140 1
22 129 2
48 60 2
63 68 2
66 100 1
43 60 2
25 60 2
3 71 2
74 118 2
54 65 2
0 132 1
55 81 2
78 82 2
0 31 2
2 146 1
55 93 2
13 52 2
69 107 1
7 29 2
0 38 2
35 68 2
67 84 2
38 96 1
23 130 1
88 144 1
0 24 2
2 65 2
44 118 2
89 113 1
63 89 2
69 98 1
48 51 2
24 122 2
13 141 1
10 25 2
76 114 2
28 53 2
11 108 1
89 149 1
2 128 1
42 79 2
28 92 1
73 105 1
4 69 2
64 70 2
81 143 1
19 50 2
18 89 2
47 134 1
20 104 1
35 49 2
63 84 2
32 76 2
66 92 1
31 148 2
77 120 1
53 85 2
39 41 2
25 80 2
33 79 2
11 66 2
1 12 2
12 93 2
84 118 1
39 79 2
14 96 1
3 35 2
39 51 2
3 72 2
18 88 2
50 83 2
3 114 1
60 120 2
19 138 2
14 78 2
0 60 2
33 95 2
43 98 1
48 128 2
5 14 2
11 39 2
22 73 2
13 149 1
6 146 2
38 59 2
4 32 2
20 141 2
2 67 2
8 28 2
21 59 2
80 82 2
34 63 2
68 119 1
64 82 2
68 139 1
41 91 2
19 42 2
20 83 2
9 47 2
64 115 1
21 90 1
77 131 2
67 85 2
24 36 2
6 22 2
67 80 2
47 128 2
79 148 2
25 59 2
9 72 2
49 57 2
61 82 2
36 44 2
23 107 1
86 89 2
18 66 2
2 59 2
65 138 1
81 87 2
60 125 1
37 71 2
59 86 2
6 66 2
80 97 2
27 138 1
17 38 2
47 107 2
38 111 1
7 68 2
22 126 2
88 104 1
45 124 2
72 84 2
59 85 2
28 98 1
2 83 2
43 61 2
83 86 2
66 87 2
11 90 1
87 147 1
32 37 2
77 106 2
13 101 2
0 119 2
44 85 2
6 93 2
40 85 2
27 95 1
17 143 1
33 41 2
52 75 2
83 145 1
26 59 2
6 10 2
39 67 2
12 39 2
8 52 2
32 74 2
45 96 2
8 45 2
48 149 1
57 94 1
15 133 1
11 56 2
20 111 1
43 65 2
15 128 2
1 113 2
11 60 2
63 110 2
28 132 2
79 129 1
65 116 1
33 130 1
79 130 1
11 127 1
6 31 2
0 71 2
23 66 2
25 106 1
16 40 2
29 118 1
40 101 1
57 64 2
6 119 2
10 101 2
60 147 2
42 75 2
15 81 2
54 119 2
61 79 2
84 89 2
78 80 2
26 111 1
1 83 2
13 57 2
30 48 2
86 139 1
46 69 2
10 55 2
9 55 2
82 145 1
14 63 2
51 57 2
58 111 2
1 2 2
26 137 1
23 90 2
49 56 2
80 139 1
68 92 1
33 116 2
57 90 1
72 80 2
68 77 2
7 54 2
42 83 2
3 145 2
81 85 2
25 69 2
78 135 1
32 110 2
15 82 2
10 30 2
22 65 2
65 102 1
56 114 2
8 56 2
80 128 1
66 79 2
8 26 2
24 41 2
24 30 2
14 86 2
20 131 2
1 46 2
63 90 2
37 133 1
38 78 2
17 49 2
46 109 2
48 124 2
3 66 2
30 130 2
18 65 2
38 148 1
19 35 2
49 89 2
61 83 2
55 143 2
46 92 1
51 141 1
31 59 2
4 67 2
72 139 1
6 17 2
2 48 2
71 94 2
14 137 2
73 85 2
85 127 1
24 141 1
62 132 2
21 29 2
7 115 1
63 146 1
41 144 1
2 79 2
36 75 2
19 34 2
45 46 2
37 91 1
86 106 2
51 143 2
14 145 1
10 119 2
31 44 2
2 113 1
80 83 2
8 103 1
22 68 2
25 77 2
26 130 1
21 22 2
41 135 1
43 90 1
22 62 2
51 84 2
15 31 2
43 109 1
13 120 2
9 59 2
49 88 2
53 144 1
75 76 2
48 84 2
68 135 2
51 111 2
37 81 2
20 76 2
21 137 1
15 129 2
58 101 1
40 57 2
23 146 1
65 67 2
48 78 2
77 79 2
28 33 2
30 34 2
62 142 2
5 91 2
25 148 2
65 75 2
16 90 1
11 76 2
50 134 1
30 56 2
40 47 2
53 77 2
14 59 2
22 58 2
65 140 1
8 93 1
11 42 2
6 21 2
76 148 2
82 89 2
14 68 2
76 126 2
0 126 1
14 55 2
40 72 2
10 80 2
31 51 2
13 51 2
11 116 2
70 87 2
1 3 2
75 112 2
35 62 2
24 79 2
34 79 2
18 97 1
87 119 1
30 126 2
61 69 2
46 149 2
76 121 1
3 48 2
73 124 1
8 30 2
2 122 1
2 103 1
26 146 2
8 108 1
7 118 2
25 79 2
37 102 1
27 120 1
18 132 2
30 32 2
62 78 2
30 91 1
75 86 2
25 55 2
69 118 1
5 96 1
20 50 2
79 142 1
67 95 1
30 52 2
21 80 2
0 11 2
43 45 2
1 48 2
54 113 1
11 13 2
40 110 1
45 104 1
26 138 2
10 139 2
79 84 2
1 50 2
19 100 2
71 86 2
25 76 2
14 98 2
21 94 1
52 137 1
13 85 1
21 140 2
5 110 2
97 131 2
32 46 1
110 134 1
21 52 1
11 101 2
12 51 1
82 108 2
1 133 1
10 78 1
105 134 2
43 70 1
93 142 1
113 127 1
21 108 1
13 131 2
14 142 2
21 101 1
