% n=40 p=33 d=0.33 p_blue=0.66
% k=0
4 13 2
0 25 2
5 31 2
7 33 1
0 3 2
8 9 2
2 32 2
9 33 2
11 20 2
7 39 2
7 10 2
10 13 2
0 34 2
0 29 1
1 3 2
5 39 2
3 8 2
2 33 2
9 29 1
2 6 2
7 9 2
6 35 1
0 14 1
8 10 2
0 39 1
3 9 2
11 13 2
0 31 1
9 11 2
0 5 2
12 20 2
13 33 1
1 11 2
1 10 2
4 34 2
2 11 2
6 12 2
13 28 2
8 13 2
4 37 2
0 2 2
10 26 1
0 32 2
8 34 1
1 7 2
6 18 2
7 35 1
2 9 2
5 11 2
4 7 2
11 21 2
12 38 1
10 14 1
2 21 2
7 28 1
11 25 1
2 22 2
12 35 1
11 12 2
6 14 2
4 9 2
4 11 2
3 7 2
8 32 2
1 9 2
2 7 2
4 24 2
6 33 1
4 10 2
9 36 2
5 25 2
4 12 2
1 28 2
9 39 1
4 18 1
8 12 2
1 29 2
10 16 2
11 30 2
5 21 2
11 14 2
0 16 1
13 22 2
1 27 1
1 32 1
9 31 1
2 8 2
0 13 2
7 31 2
9 13 2
0 1 2
7 12 2
5 19 2
1 4 2
13 14 2
11 17 2
3 13 2
12 30 1
4 5 2
11 19 1
9 19 2
2 36 1
1 30 2
6 8 2
0 11 2
10 12 2
5 9 2
11 31 1
2 35 2
4 28 1
5 27 2
5 8 2
10 18 2
8 38 2
6 20 2
0 9 2
4 8 2
6 22 1
2 39 2
6 30 2
0 4 2
3 12 2
2 13 2
1 38 2
9 10 2
1 8 2
1 5 2
0 35 2
7 25 2
8 20 2
3 28 2
1 13 2
1 22 2
4 17 2
7 13 2
10 28 2
10 15 1
5 23 2
3 37 2
0 18 1
4 14 2
6 10 2
10 35 1
1 12 2
5 6 2
12 34 1
8 28 1
10 29 2
6 9 2
1 6 2
3 10 2
2 5 2
6 36 1
13 39 2
4 16 1
7 8 2
5 12 2
2 14 1
1 26 1
13 25 2
4 23 1
6 11 2
13 23 2
0 20 1
3 5 2
2 31 2
2 4 2
0 6 2
4 35 1
6 13 2
7 11 2
3 34 2
4 22 2
3 26 2
0 12 2
10 11 2
3 25 2
9 12 2
3 4 2
7 14 2
9 17 2
4 36 2
6 26 2
3 11 2
2 12 2
5 10 2
5 13 2
3 21 2
7 22 2
2 23 2
4 6 2
7 27 2
3 20 2
6 19 2
7 30 2
9 26 2
2 10 2
12 13 2
9 37 2
7 32 2
1 2 2
5 36 2
0 38 2
6 7 2
0 10 2
2 3 2
8 11 1
0 7 1
5 35 2
