% n=120 p=60 d=0.66 p_blue=0.33
% k=0
19 104 1
39 108 1
27 32 2
21 51 2
21 27 2
32 115 1
23 55 2
17 105 2
1 37 2
48 99 1
9 31 2
36 65 2
0 51 2
38 84 2
0 36 2
55 78 1
37 107 1
8 83 1
31 55 2
19 67 2
6 34 2
22 36 2
64 69 2
61 64 2
47 55 2
46 58 2
67 77 1
3 51 2
17 95 1
33 37 2
7 117 2
57 70 2
57 75 1
19 33 2
62 93 2
56 76 1
65 100 2
13 110 1
19 76 2
7 60 2
8 42 2
0 4 2
45 90 1
40 41 2
10 52 2
49 87 1
21 38 2
53 97 2
47 58 2
29 66 2
19 32 2
39 50 2
31 57 2
9 15 2
7 54 2
2 105 1
22 62 2
34 115 2
50 67 2
30 94 1
59 86 1
19 97 1
12 60 2
36 40 2
30 42 2
50 117 1
23 54 2
7 12 2
4 52 2
39 99 1
58 101 2
7 15 2
5 26 2
4 114 1
0 5 2
22 112 1
54 106 2
22 117 1
46 81 2
35 55 2
0 56 2
16 93 1
28 71 2
26 27 2
5 70 2
14 28 2
29 106 1
54 109 1
41 108 1
22 28 2
10 47 2
30 95 1
38 85 1
31 34 2
26 105 2
32 52 2
4 40 2
23 26 2
8 54 2
67 116 1
12 102 1
2 3 2
53 118 1
25 102 1
22 51 2
2 40 2
66 71 2
4 78 1
9 48 2
19 100 1
16 66 2
57 58 2
2 62 2
6 85 1
2 21 2
46 112 1
18 49 2
63 107 1
28 84 1
59 101 1
26 116 2
56 62 2
10 16 2
59 97 1
25 56 2
11 81 1
53 55 2
31 40 2
69 108 1
42 73 1
58 98 2
8 9 2
43 113 2
48 119 2
26 69 2
56 84 1
12 77 1
10 34 2
18 25 2
58 107 1
1 87 1
56 100 2
69 88 1
19 37 2
28 119 1
45 51 2
35 102 1
8 14 2
7 26 2
2 38 2
50 93 1
9 68 2
30 106 1
44 67 2
56 93 1
14 26 2
64 86 1
38 59 2
34 109 1
59 91 1
14 119 1
60 111 1
59 68 2
44 115 1
40 68 2
13 62 2
31 54 2
68 119 1
47 101 1
58 65 2
66 78 1
12 96 2
60 91 1
35 62 2
36 50 2
68 80 1
43 56 2
0 30 2
32 69 2
51 53 2
62 94 1
6 112 1
17 82 1
29 49 2
12 79 2
15 101 1
1 58 2
31 104 1
18 114 1
48 79 2
3 40 2
45 108 1
59 67 2
57 116 1
30 58 2
8 117 1
44 58 2
10 118 1
9 76 2
35 101 1
70 117 1
32 108 1
18 61 2
46 97 2
9 116 1
4 11 2
7 48 2
34 39 2
63 105 1
68 105 1
48 114 1
56 109 1
34 47 2
37 53 2
24 116 1
29 59 2
12 22 2
34 82 1
29 101 1
10 70 2
19 65 2
35 66 2
1 56 2
39 100 1
12 64 2
54 86 1
26 61 2
60 85 1
5 17 2
16 37 2
39 112 2
33 100 1
51 56 2
47 75 1
66 73 1
2 46 2
1 77 2
1 43 2
21 35 2
14 50 2
0 27 2
14 37 2
42 80 1
46 66 2
21 67 2
26 49 2
23 65 2
2 97 1
12 28 2
9 56 2
3 117 2
48 87 2
50 89 2
40 87 1
55 72 1
59 118 2
56 68 2
39 58 2
51 79 2
63 115 2
37 67 2
41 69 2
21 58 2
28 57 2
10 33 2
7 35 2
42 63 2
63 72 1
2 114 2
44 55 2
23 57 2
45 69 2
45 80 1
60 83 1
13 55 2
29 47 2
32 106 1
19 54 2
68 108 1
28 58 2
63 65 2
39 42 2
54 103 1
52 56 2
53 101 1
11 49 2
4 8 2
7 67 2
57 85 2
52 106 1
4 37 2
1 54 2
41 57 2
29 37 2
4 33 2
49 112 2
62 95 1
41 88 1
56 72 2
32 35 2
24 35 2
39 43 2
4 38 2
17 66 2
33 76 1
18 23 2
5 9 2
63 84 2
62 65 2
69 82 2
9 34 2
2 51 2
13 109 2
8 38 2
58 119 2
20 44 2
59 79 2
27 96 2
12 114 1
9 115 2
34 45 2
13 16 2
70 115 1
37 88 2
14 20 2
1 20 2
66 101 2
20 30 2
41 103 2
8 62 2
1 111 2
51 64 2
25 28 2
26 32 2
25 37 2
34 46 2
62 63 2
17 115 1
57 68 2
19 72 1
44 111 1
22 27 2
11 57 2
45 111 2
15 40 2
14 94 1
58 73 1
56 77 1
57 98 1
12 27 2
4 23 2
8 98 1
42 69 2
7 98 2
14 97 1
4 51 2
59 90 2
1 22 2
26 101 2
20 61 2
5 79 2
34 101 1
15 67 2
19 42 2
5 80 2
29 115 1
8 108 1
29 116 1
55 64 2
21 95 2
7 44 2
45 64 2
21 54 2
11 53 2
38 62 2
11 26 2
8 47 2
3 72 1
6 10 2
6 95 1
11 56 2
15 50 2
13 26 2
2 57 2
16 23 2
24 64 2
3 25 2
64 114 1
6 36 2
0 45 2
32 39 2
10 27 2
21 90 1
15 54 2
14 99 1
22 90 1
5 108 2
10 64 2
14 85 2
54 119 2
11 84 1
23 64 2
28 79 1
38 115 2
12 19 2
40 64 2
29 110 2
1 88 2
40 46 2
48 71 2
18 111 1
6 63 2
46 72 1
1 97 1
8 23 2
6 39 2
16 64 2
26 35 2
23 24 2
21 98 2
45 97 1
70 109 1
52 115 2
39 59 2
5 81 1
60 98 2
52 82 2
25 35 2
7 42 2
29 94 1
38 40 2
37 98 2
3 17 2
39 72 1
31 70 2
49 109 1
9 70 2
3 59 2
25 116 1
71 114 2
51 72 2
53 67 2
43 83 1
2 35 2
3 5 2
33 90 2
11 72 1
48 59 2
20 38 2
37 101 1
22 47 2
0 18 2
31 52 2
47 84 1
5 68 2
60 80 1
1 50 2
71 87 1
12 89 1
23 61 2
13 32 2
46 109 1
3 93 1
45 106 1
1 44 2
26 71 2
42 114 1
61 103 1
29 104 2
1 105 2
53 102 1
11 51 2
31 47 2
48 94 1
43 115 2
37 87 1
22 93 1
50 59 2
60 106 1
44 117 1
65 87 1
45 48 2
13 18 2
8 22 2
54 76 2
12 68 2
29 89 1
27 80 1
15 38 2
58 59 2
63 100 2
43 91 1
14 40 2
29 118 1
8 91 2
35 79 1
14 41 2
60 62 2
1 118 1
38 48 2
10 66 2
26 33 2
71 105 1
15 53 2
0 59 2
23 39 2
36 108 1
9 79 2
50 109 1
50 78 1
45 60 2
9 54 2
48 78 2
8 26 2
31 115 1
45 75 1
33 47 2
64 95 1
6 31 2
30 37 2
29 108 1
18 54 2
0 22 2
3 81 1
22 42 2
28 33 2
22 40 2
10 25 2
5 43 2
68 100 1
55 104 1
28 34 2
7 91 1
52 78 1
41 62 2
6 28 2
44 77 2
13 66 2
26 62 2
63 90 2
32 55 2
1 38 2
33 44 2
40 63 2
47 83 1
44 61 2
31 84 1
25 29 2
19 22 2
13 61 2
24 108 1
2 70 2
13 94 1
14 29 2
71 78 1
32 84 1
24 40 2
29 75 2
64 109 1
25 113 1
1 52 2
20 112 2
0 53 2
46 56 2
20 57 2
31 35 2
50 99 2
39 68 2
11 97 1
2 67 2
18 91 1
7 27 2
40 115 2
38 45 2
42 45 2
7 17 2
11 31 2
69 92 2
45 46 2
9 91 1
47 81 1
17 72 1
60 94 2
57 66 2
32 53 2
40 116 1
19 69 2
43 54 2
22 29 2
16 51 2
6 49 2
26 47 2
5 39 2
9 71 2
3 57 2
66 96 1
16 58 2
12 40 2
53 116 2
10 22 2
64 100 1
7 32 2
37 86 1
17 73 1
5 102 1
20 69 2
34 74 1
35 65 2
5 32 2
1 39 2
15 35 2
16 41 2
13 43 2
29 60 2
2 54 2
61 86 1
16 94 1
24 55 2
1 99 1
68 103 2
16 28 2
36 77 1
7 55 2
36 43 2
12 98 1
18 26 2
44 70 2
65 83 1
47 79 1
16 33 2
59 100 1
39 46 2
48 69 2
3 54 2
37 112 1
4 34 2
44 89 2
3 38 2
45 50 2
13 35 2
35 50 2
4 119 2
42 47 2
1 27 2
32 100 2
58 106 1
26 113 1
40 92 1
33 62 2
29 73 2
71 77 1
3 53 2
41 63 2
36 41 2
2 14 2
60 113 1
31 60 2
36 106 1
32 63 2
32 44 2
28 63 2
19 114 1
22 76 1
1 17 2
17 46 2
16 89 1
23 27 2
21 50 2
6 48 2
39 64 2
6 58 2
29 109 1
34 64 2
31 98 1
51 119 2
15 70 2
17 41 2
19 47 2
21 28 2
24 71 2
11 83 1
15 56 2
17 36 2
30 52 2
24 80 2
31 33 2
12 37 2
11 79 2
7 79 2
19 102 1
6 56 2
25 38 2
25 89 1
31 112 2
24 49 2
28 48 2
13 86 1
4 57 2
25 82 1
16 103 2
2 108 1
15 91 2
57 82 2
25 54 2
31 37 2
12 61 2
70 104 2
19 71 2
20 92 1
0 93 2
27 99 2
47 52 2
5 101 1
24 79 1
27 37 2
3 46 2
6 51 2
61 97 1
60 86 2
58 96 1
18 58 2
25 26 2
51 83 1
54 73 2
12 44 2
46 51 2
28 92 1
31 44 2
71 119 1
18 69 2
20 31 2
17 64 2
3 85 2
40 54 2
22 52 2
30 91 1
21 39 2
29 87 1
22 91 2
31 66 2
45 112 1
36 51 2
36 79 1
4 83 1
28 73 1
4 100 1
20 102 1
42 81 2
3 32 2
17 101 2
70 76 1
20 110 1
5 25 2
60 82 1
15 24 2
29 35 2
70 113 1
29 58 2
13 98 1
10 108 2
12 13 2
7 29 2
48 68 2
29 80 1
25 39 2
55 71 2
37 43 2
31 46 2
17 80 2
12 70 2
3 22 2
0 11 2
12 71 2
11 111 1
64 97 1
38 89 1
67 105 1
17 39 2
4 18 2
44 69 2
57 102 1
2 44 2
10 56 2
51 99 1
0 13 2
13 24 2
22 68 2
37 108 2
7 94 1
23 108 1
21 47 2
66 97 2
41 117 1
5 60 2
61 102 1
14 77 2
7 99 1
68 97 1
29 82 1
16 77 1
45 116 2
33 35 2
59 88 2
64 102 1
49 50 2
42 106 1
36 119 1
27 61 2
24 93 1
6 14 2
19 20 2
6 8 2
44 63 2
57 77 1
35 57 2
15 92 1
50 66 2
16 59 2
30 83 1
17 29 2
11 30 2
35 70 2
21 37 2
62 104 1
15 83 1
61 101 1
35 84 1
25 63 2
64 93 2
55 66 2
61 118 1
18 92 2
0 19 2
49 52 2
19 23 2
5 21 2
31 68 2
26 98 2
45 57 2
40 93 1
21 65 2
41 98 1
32 111 1
5 75 2
52 94 1
62 117 2
11 63 2
26 80 1
32 81 1
21 22 2
13 77 1
3 114 2
8 43 2
54 110 1
21 110 1
9 41 2
53 74 2
36 80 1
36 48 2
61 109 1
25 99 1
8 106 1
69 78 1
62 85 2
3 87 1
6 118 2
70 118 1
8 53 2
18 70 2
0 20 2
16 22 2
27 44 2
63 86 2
14 18 2
46 77 2
22 118 1
8 112 1
47 82 1
26 110 2
16 27 2
21 118 2
40 52 2
20 46 2
17 48 2
25 33 2
53 54 2
11 48 2
54 97 1
17 68 2
3 111 1
54 57 2
2 4 2
6 54 2
50 60 2
33 96 2
10 44 2
33 65 2
59 71 2
41 72 2
37 71 2
49 72 1
35 37 2
2 5 2
9 52 2
5 94 2
33 108 1
25 34 2
40 114 1
7 89 1
63 116 2
31 93 1
40 49 2
32 38 2
57 64 2
43 71 2
4 30 2
61 99 1
51 57 2
9 105 1
65 80 1
43 111 2
31 91 1
63 80 1
55 87 1
14 48 2
4 70 2
65 113 1
17 96 2
1 4 2
4 20 2
3 16 2
7 102 1
30 96 2
55 73 1
6 19 2
52 66 2
36 92 1
6 55 2
26 50 2
30 74 2
12 84 1
17 53 2
16 115 1
59 65 2
31 87 1
16 52 2
24 51 2
12 83 1
27 90 1
23 116 1
46 83 1
60 107 2
15 46 2
43 88 1
1 32 2
29 111 1
6 66 2
43 119 1
30 56 2
3 68 2
53 60 2
6 98 1
22 23 2
24 25 2
9 64 2
43 100 1
71 75 1
17 69 2
21 60 2
17 113 1
10 71 2
18 47 2
47 103 2
37 52 2
33 118 1
31 48 2
1 117 1
36 116 1
41 93 2
40 113 1
20 34 2
24 47 2
52 60 2
12 35 2
14 22 2
15 37 2
16 31 2
8 96 1
7 80 2
38 64 2
35 107 2
42 60 2
7 51 2
7 107 2
25 74 1
11 34 2
28 116 2
56 116 2
71 89 2
2 9 2
43 53 2
49 114 1
18 28 2
41 65 2
33 54 2
18 55 2
32 59 2
32 89 2
62 106 1
63 66 2
0 98 1
30 61 2
33 46 2
18 42 2
17 119 1
58 68 2
31 53 2
24 63 2
57 106 2
2 37 2
59 98 1
37 60 2
13 114 2
28 97 2
31 108 2
30 54 2
24 37 2
54 104 1
24 81 1
47 88 1
1 51 2
16 21 2
38 73 1
32 56 2
55 110 1
9 72 1
49 67 2
34 54 2
39 70 2
22 65 2
14 25 2
27 40 2
8 65 2
56 81 2
25 50 2
30 55 2
15 115 1
8 28 2
57 65 2
10 15 2
10 40 2
12 20 2
5 67 2
11 101 2
31 80 1
55 112 1
52 103 1
36 46 2
71 112 1
15 25 2
58 117 1
2 63 2
16 111 1
8 51 2
1 66 2
47 64 2
4 61 2
6 107 2
3 27 2
2 36 2
9 67 2
51 73 1
34 59 2
48 52 2
49 108 1
6 87 1
17 117 2
19 68 2
69 102 1
67 113 1
46 48 2
20 67 2
29 69 2
8 100 1
18 51 2
53 73 1
14 34 2
10 77 1
25 68 2
11 107 2
33 93 2
50 116 2
71 85 1
25 58 2
18 80 2
58 63 2
8 10 2
0 101 2
11 47 2
46 65 2
71 88 1
15 55 2
26 76 1
11 16 2
19 26 2
59 76 1
18 36 2
17 32 2
13 29 2
54 61 2
0 74 1
37 57 2
12 54 2
10 53 2
62 83 1
3 44 2
53 117 1
1 19 2
35 95 1
34 99 1
37 78 2
0 41 2
20 97 1
19 105 1
49 64 2
1 41 2
48 61 2
45 86 1
69 87 2
69 115 1
40 78 2
10 18 2
2 12 2
15 21 2
47 99 1
40 65 2
25 106 1
52 65 2
16 90 1
25 78 1
40 119 1
27 92 1
43 107 1
27 72 2
18 104 1
0 31 2
28 65 2
14 46 2
45 104 1
41 115 1
14 81 1
20 56 2
46 117 1
11 96 2
9 55 2
16 65 2
52 57 2
51 101 2
24 98 1
58 79 1
39 114 2
28 39 2
38 58 2
0 87 1
66 82 1
34 92 2
9 113 2
2 107 1
37 99 2
7 118 2
48 55 2
32 58 2
42 83 1
44 106 1
17 57 2
46 99 1
38 96 2
3 34 2
27 42 2
40 118 1
14 105 1
15 36 2
11 98 1
46 106 1
46 85 1
40 62 2
3 56 2
65 94 1
29 85 2
5 55 2
35 92 1
4 65 2
3 118 1
37 63 2
57 103 1
53 94 1
15 19 2
22 64 2
41 96 2
17 76 1
8 52 2
17 60 2
24 58 2
70 78 1
45 105 1
70 106 1
55 69 2
13 72 1
31 51 2
0 81 1
23 111 1
37 58 2
45 55 2
15 39 2
46 86 1
5 71 2
0 89 1
12 25 2
7 18 2
32 49 2
20 115 1
19 107 2
17 100 2
59 87 1
22 46 2
52 88 1
46 59 2
33 92 2
26 106 1
6 30 2
57 76 2
19 86 1
59 66 2
34 43 2
48 63 2
43 59 2
40 100 1
33 58 2
7 49 2
17 74 1
28 70 2
27 106 2
5 52 2
24 44 2
46 53 2
38 49 2
0 107 1
45 70 2
5 10 2
32 37 2
29 62 2
63 101 1
24 61 2
67 95 1
64 108 1
16 67 2
4 7 2
0 33 2
4 102 1
25 84 1
50 119 1
13 33 2
43 66 2
68 75 2
8 13 2
13 45 2
33 49 2
71 110 1
40 98 1
56 69 2
23 45 2
11 32 2
22 61 2
49 59 2
1 76 1
30 39 2
3 74 1
12 23 2
8 56 2
47 102 1
55 92 1
31 92 1
4 29 2
24 60 2
56 89 1
41 61 2
14 59 2
45 84 1
70 82 2
41 80 1
46 63 2
59 62 2
70 92 1
24 41 2
28 42 2
12 14 2
63 82 1
6 82 2
16 106 1
60 101 1
32 98 2
62 111 1
7 65 2
7 100 1
30 118 1
32 60 2
35 38 2
23 25 2
11 67 2
13 19 2
35 40 2
39 52 2
14 109 1
25 114 1
54 72 1
33 61 2
29 91 1
27 58 2
7 24 2
40 77 2
4 109 2
22 53 2
10 36 2
3 73 1
60 102 1
25 112 1
13 50 2
58 69 2
12 117 1
14 19 2
8 71 2
6 46 2
50 80 1
33 82 1
20 103 1
22 100 1
29 68 2
24 111 1
0 68 2
12 72 2
41 110 1
26 55 2
31 82 2
3 10 2
30 93 1
65 96 1
19 80 1
26 59 2
47 72 1
5 45 2
42 59 2
16 57 2
18 96 1
13 75 1
1 71 2
13 73 1
2 7 2
62 70 2
0 24 2
29 77 2
3 65 2
21 87 1
12 69 2
26 57 2
45 71 2
14 16 2
26 67 2
44 48 2
28 62 2
5 65 2
21 43 2
7 110 1
12 38 2
31 58 2
9 10 2
21 112 1
19 27 2
64 91 1
37 39 2
16 20 2
38 71 2
38 113 2
19 101 1
40 50 2
9 23 2
23 49 2
24 39 2
9 101 1
17 44 2
55 77 2
13 115 1
3 61 2
49 107 2
36 84 1
43 89 1
55 83 1
13 68 2
9 102 1
5 63 2
6 38 2
43 95 2
32 57 2
9 36 2
62 118 2
5 58 2
8 102 2
44 57 2
26 68 2
16 35 2
5 24 2
12 66 2
14 54 2
25 53 2
18 37 2
61 83 2
35 116 1
53 110 2
45 47 2
69 118 1
18 79 2
29 54 2
13 84 1
54 94 1
49 73 1
46 54 2
13 112 1
2 91 1
9 92 2
66 84 2
37 116 2
5 69 2
53 103 2
10 96 2
2 31 2
8 32 2
7 63 2
29 55 2
3 19 2
39 71 2
16 38 2
29 70 2
1 79 1
65 66 2
21 56 2
15 16 2
62 72 2
42 61 2
8 50 2
43 61 2
68 115 2
36 73 2
22 85 1
5 64 2
29 64 2
18 46 2
23 41 2
11 82 1
19 96 1
21 24 2
58 64 2
48 67 2
36 68 2
32 73 2
9 32 2
10 119 2
51 106 1
5 46 2
21 108 1
52 80 1
58 116 1
2 115 1
27 109 1
22 94 1
29 57 2
41 51 2
55 96 2
31 95 2
61 66 2
35 119 1
27 54 2
71 106 1
26 83 2
20 63 2
15 117 2
65 118 1
40 102 1
5 53 2
3 60 2
47 51 2
44 53 2
41 53 2
23 63 2
27 28 2
31 106 2
49 99 1
17 35 2
18 85 1
4 55 2
53 92 1
48 115 1
16 17 2
4 113 1
18 24 2
42 89 2
41 44 2
41 104 2
47 59 2
10 62 2
65 79 1
28 47 2
16 24 2
36 99 1
5 40 2
27 51 2
4 27 2
22 107 1
49 94 1
12 18 2
8 89 2
37 68 2
53 76 1
4 80 1
30 49 2
1 31 2
30 116 1
35 67 2
13 65 2
35 81 1
8 104 1
15 41 2
12 34 2
11 62 2
15 44 2
9 47 2
18 95 1
53 69 2
31 50 2
2 27 2
10 63 2
25 32 2
70 108 2
24 53 2
16 44 2
2 68 2
23 44 2
2 98 1
40 45 2
40 53 2
5 29 2
2 20 2
3 63 2
68 107 1
44 102 2
22 63 2
43 101 1
54 96 1
1 84 2
39 69 2
32 118 2
2 49 2
18 83 1
50 113 1
19 119 1
69 100 2
32 41 2
28 77 2
35 113 1
4 99 2
51 61 2
18 76 1
48 113 1
2 113 1
2 39 2
1 74 1
17 81 1
26 89 1
39 54 2
37 47 2
33 88 2
32 64 2
66 75 1
13 37 2
26 95 1
68 81 2
20 43 2
3 50 2
59 64 2
59 111 2
55 106 1
62 119 1
26 45 2
33 97 2
3 49 2
24 48 2
1 15 2
8 45 2
17 63 2
22 26 2
55 113 2
57 92 2
26 66 2
8 110 2
2 103 1
23 101 1
28 83 2
37 106 1
37 77 1
6 53 2
27 30 2
4 9 2
48 49 2
32 50 2
13 85 2
30 59 2
42 52 2
39 119 1
37 115 1
39 47 2
5 15 2
67 96 1
32 103 1
14 44 2
14 107 1
63 92 1
36 72 1
15 58 2
11 29 2
46 52 2
17 99 1
16 29 2
59 75 2
47 105 1
62 110 2
13 17 2
8 94 2
15 114 2
30 53 2
7 43 2
34 90 2
55 107 2
23 42 2
11 24 2
19 111 1
56 90 1
2 111 2
34 73 1
42 62 2
22 24 2
1 14 2
3 11 2
11 25 2
35 56 2
34 41 2
1 85 1
6 97 2
63 83 2
23 89 1
30 32 2
45 59 2
0 2 2
50 56 2
30 70 2
64 110 2
53 84 2
31 65 2
62 64 2
64 71 2
3 101 1
20 79 1
54 56 2
43 106 1
5 59 2
49 110 2
26 79 1
23 48 2
46 76 1
40 86 2
42 116 1
39 77 2
29 67 2
63 94 2
17 20 2
10 83 2
7 113 1
52 81 2
70 96 1
48 117 2
22 99 1
33 38 2
6 73 1
22 89 2
22 66 2
23 113 2
2 6 2
27 94 2
66 70 2
6 11 2
26 56 2
54 66 2
7 40 2
24 31 2
44 78 2
30 57 2
54 64 2
16 32 2
18 102 1
69 91 1
30 31 2
31 118 2
69 86 1
24 69 2
14 71 2
66 105 1
28 78 1
0 90 1
26 81 2
34 65 2
2 100 1
7 57 2
28 75 1
38 104 1
1 24 2
48 64 2
21 76 1
46 103 1
39 107 1
44 71 2
65 115 1
13 63 2
30 50 2
36 57 2
46 119 1
10 23 2
69 105 1
53 82 1
66 107 1
27 100 1
3 66 2
6 115 1
11 43 2
19 48 2
14 72 1
43 46 2
60 100 2
65 69 2
22 88 1
36 98 1
19 25 2
29 30 2
7 64 2
62 86 2
22 75 1
14 33 2
19 103 1
18 101 1
7 92 1
8 21 2
45 114 2
19 49 2
11 90 2
57 119 1
26 87 2
26 90 2
30 44 2
46 114 2
35 100 2
68 73 1
28 96 1
38 76 2
47 56 2
18 30 2
35 60 2
13 15 2
41 100 1
29 46 2
35 91 2
16 68 2
67 99 1
12 87 1
44 83 1
0 46 2
24 107 1
36 54 2
23 94 1
9 112 1
31 88 1
11 117 1
15 20 2
36 67 2
46 116 1
4 25 2
37 41 2
27 36 2
56 70 2
6 23 2
15 45 2
59 74 1
38 53 2
1 102 1
31 94 1
55 116 2
40 88 2
16 26 2
4 66 2
38 75 2
17 61 2
11 71 2
47 108 1
27 31 2
43 99 1
43 67 2
8 76 1
58 108 1
40 58 2
31 49 2
52 107 2
64 74 1
10 73 1
14 86 2
28 60 2
16 48 2
69 83 2
60 63 2
13 69 2
43 114 1
47 94 1
39 79 1
4 60 2
50 82 1
68 69 2
31 63 2
31 43 2
16 73 1
2 18 2
18 64 2
43 60 2
31 79 2
8 25 2
3 115 1
26 36 2
39 41 2
15 71 2
49 76 2
51 90 1
16 108 2
28 32 2
50 65 2
33 98 1
16 18 2
39 105 1
0 3 2
40 48 2
43 85 1
35 93 1
4 48 2
7 96 1
52 63 2
8 15 2
2 79 1
32 72 2
30 80 2
6 44 2
12 17 2
16 25 2
11 80 1
31 76 1
2 19 2
28 80 1
56 104 2
38 77 1
50 62 2
51 81 1
15 80 1
27 55 2
22 79 1
31 69 2
10 13 2
40 74 1
39 87 1
23 90 1
41 55 2
39 44 2
66 119 1
31 74 1
50 84 2
10 35 2
21 64 2
55 56 2
23 69 2
27 74 1
63 111 2
69 75 2
14 55 2
65 101 2
14 90 1
31 62 2
21 48 2
40 57 2
30 111 2
32 42 2
5 23 2
52 58 2
61 70 2
4 32 2
57 113 1
34 40 2
32 51 2
42 100 1
19 70 2
61 71 2
60 90 1
64 70 2
50 58 2
46 88 1
7 50 2
9 16 2
28 54 2
28 46 2
6 103 1
64 88 2
50 95 2
20 59 2
29 42 2
44 66 2
62 68 2
67 69 2
13 96 1
58 71 2
63 76 2
62 91 2
35 61 2
29 90 1
38 95 2
49 105 1
56 110 1
28 93 1
12 88 1
53 99 1
28 89 2
8 113 1
61 107 1
59 113 1
1 34 2
29 39 2
0 32 2
71 98 2
15 78 1
28 112 1
20 106 2
53 107 1
18 72 1
41 113 2
22 105 1
50 100 1
19 30 2
6 18 2
3 84 1
25 61 2
67 72 1
5 54 2
11 44 2
17 42 2
27 47 2
14 21 2
42 94 1
13 58 2
41 116 1
37 118 2
8 66 2
5 83 1
60 109 1
33 55 2
16 96 2
26 84 2
56 106 1
3 6 2
10 30 2
23 71 2
41 92 1
9 119 1
32 71 2
57 72 1
29 41 2
70 102 1
17 56 2
0 82 2
3 37 2
0 108 1
35 41 2
11 45 2
28 110 1
5 31 2
30 34 2
7 71 2
39 49 2
8 49 2
11 68 2
22 44 2
13 81 1
14 87 1
55 80 1
16 56 2
11 42 2
46 49 2
2 8 2
6 70 2
30 67 2
67 70 2
10 21 2
38 78 2
52 59 2
12 43 2
25 67 2
42 43 2
4 47 2
8 95 1
35 68 2
33 95 1
7 46 2
27 107 2
3 58 2
26 60 2
4 12 2
10 19 2
44 49 2
15 76 1
23 118 1
28 29 2
39 61 2
14 98 2
23 51 2
24 102 1
56 115 1
13 64 2
24 28 2
56 78 1
43 68 2
39 53 2
39 88 1
5 113 2
22 57 2
41 43 2
53 59 2
48 91 1
69 111 2
8 37 2
15 63 2
18 21 2
51 66 2
65 91 2
51 107 1
28 31 2
54 85 1
52 70 2
70 105 1
50 111 1
30 71 2
68 117 2
27 97 1
11 17 2
63 104 2
58 112 1
51 114 1
54 91 1
14 31 2
33 52 2
14 24 2
66 68 2
13 25 2
10 41 2
54 67 2
2 29 2
51 78 1
37 54 2
12 111 2
7 87 2
1 28 2
21 66 2
55 82 2
34 107 1
64 68 2
11 40 2
52 89 2
32 48 2
26 86 1
48 106 1
42 55 2
43 52 2
8 105 2
12 58 2
55 93 1
23 104 1
9 19 2
45 63 2
3 88 1
30 45 2
17 25 2
48 95 1
12 118 2
9 46 2
45 92 2
22 71 2
30 108 2
0 44 2
36 105 2
43 104 2
62 84 1
64 111 1
54 74 1
22 56 2
29 36 2
35 52 2
31 99 1
38 47 2
62 101 1
5 37 2
17 50 2
38 103 1
69 70 2
0 63 2
19 31 2
15 75 2
33 79 1
0 50 2
11 91 1
54 80 1
1 29 2
36 83 1
46 89 1
3 24 2
39 97 1
60 70 2
18 71 2
29 56 2
21 57 2
14 52 2
57 63 2
7 10 2
36 66 2
66 100 1
9 21 2
34 87 1
49 81 2
56 63 2
6 42 2
5 109 1
6 71 2
34 71 2
29 78 2
62 66 2
5 97 2
30 97 1
38 39 2
20 50 2
9 45 2
20 74 1
63 88 2
5 95 1
20 33 2
21 115 1
36 49 2
40 104 1
5 41 2
49 57 2
27 81 2
27 119 1
10 43 2
44 60 2
33 80 1
44 54 2
46 93 1
24 77 2
33 69 2
21 78 2
19 115 1
69 90 1
26 107 1
7 83 1
35 44 2
5 49 2
40 72 1
26 96 1
66 76 1
47 65 2
31 72 1
31 56 2
54 107 2
60 69 2
10 117 2
2 58 2
61 89 2
2 55 2
51 63 2
31 77 1
22 113 1
33 89 2
71 73 1
38 117 1
14 65 2
59 63 2
38 63 2
51 75 2
33 116 2
5 8 2
18 68 2
22 35 2
5 7 2
46 98 2
49 113 2
0 78 2
57 101 2
22 67 2
47 63 2
24 117 2
5 84 1
26 37 2
10 74 1
4 64 2
55 57 2
70 90 2
37 100 1
69 113 1
48 82 1
51 104 2
9 60 2
12 99 2
65 98 1
64 103 1
52 68 2
48 96 1
8 70 2
8 12 2
7 53 2
19 84 2
70 81 1
21 40 2
40 89 2
63 119 2
15 26 2
4 88 1
34 49 2
41 85 1
9 74 1
12 67 2
49 53 2
22 72 2
0 112 1
55 67 2
23 38 2
55 95 1
22 34 2
27 33 2
14 23 2
10 50 2
2 26 2
14 73 1
16 102 1
23 33 2
27 84 1
43 48 2
50 90 2
33 60 2
57 60 2
30 98 1
26 115 2
15 27 2
60 116 1
7 31 2
60 76 1
64 98 1
15 68 2
24 112 1
57 59 2
43 109 1
54 100 2
69 74 1
69 116 1
18 38 2
20 119 2
57 94 2
42 99 1
33 68 2
18 97 1
48 74 1
4 84 1
38 110 1
1 69 2
19 28 2
27 64 2
40 111 1
16 99 1
19 60 2
28 49 2
70 80 1
23 28 2
51 58 2
35 78 1
46 78 2
12 59 2
71 79 1
22 49 2
52 86 2
24 74 1
32 43 2
5 61 2
27 65 2
55 114 1
32 61 2
4 16 2
23 68 2
20 29 2
21 70 2
11 103 1
53 75 1
16 75 1
49 118 1
13 21 2
11 69 2
63 71 2
36 61 2
16 92 1
9 53 2
51 67 2
54 118 1
21 46 2
70 87 1
49 71 2
17 92 2
19 34 2
34 55 2
70 73 2
33 104 1
33 40 2
9 50 2
61 105 2
9 98 1
32 109 1
34 114 2
59 60 2
23 77 2
50 53 2
13 30 2
57 104 1
55 102 1
44 72 2
26 34 2
17 21 2
60 67 2
36 111 1
20 85 2
11 70 2
36 53 2
9 14 2
13 119 1
7 62 2
6 57 2
44 80 2
60 75 2
56 67 2
17 43 2
46 92 1
65 88 1
20 22 2
23 58 2
26 119 1
34 63 2
23 119 1
58 114 1
24 26 2
13 67 2
58 70 2
11 93 2
58 77 2
12 31 2
5 57 2
64 118 2
44 85 1
39 57 2
39 60 2
24 87 1
9 77 1
49 60 2
27 48 2
58 74 2
27 38 2
34 110 2
5 96 2
15 97 1
25 30 2
13 105 1
9 59 2
49 93 1
0 113 1
56 114 1
10 46 2
19 64 2
38 98 1
19 66 2
14 84 2
56 112 1
1 30 2
45 110 1
37 42 2
21 52 2
11 89 2
4 22 2
2 10 2
4 43 2
31 45 2
29 81 1
20 107 1
34 91 2
70 114 1
29 113 2
32 36 2
25 73 1
36 96 1
56 108 1
3 18 2
7 66 2
66 77 1
69 77 2
60 88 2
4 116 1
66 89 2
5 48 2
7 36 2
9 26 2
7 8 2
2 28 2
1 13 2
4 106 1
0 91 1
1 60 2
37 66 2
27 34 2
27 35 2
59 109 1
31 89 1
46 105 2
45 73 1
4 6 2
58 78 1
17 78 2
6 109 1
18 109 1
9 117 1
52 114 2
7 88 2
42 56 2
34 35 2
2 110 1
57 86 1
10 90 1
57 96 1
43 47 2
0 42 2
22 39 2
28 105 1
21 42 2
65 71 2
59 108 1
21 77 2
56 66 2
2 71 2
36 70 2
50 98 1
45 52 2
45 115 1
14 30 2
44 56 2
33 42 2
27 45 2
46 91 2
22 58 2
7 77 1
48 116 2
0 15 2
23 75 2
31 36 2
14 110 1
54 68 2
58 92 2
14 114 2
9 30 2
0 43 2
15 43 2
28 81 1
45 67 2
0 84 1
25 51 2
27 104 1
61 68 2
4 111 1
59 61 2
49 96 2
3 112 1
26 31 2
28 91 1
21 102 1
28 51 2
29 43 2
51 60 2
64 112 2
24 109 1
5 20 2
52 71 2
28 101 2
36 63 2
33 111 1
42 44 2
26 118 1
35 71 2
18 66 2
49 55 2
39 56 2
25 103 1
48 53 2
38 102 2
11 58 2
53 66 2
16 74 2
1 5 2
11 23 2
40 55 2
16 69 2
18 19 2
10 12 2
2 104 1
49 83 1
25 45 2
63 93 1
1 8 2
71 84 2
65 67 2
13 40 2
8 80 1
12 42 2
26 94 2
7 30 2
52 67 2
67 119 1
32 65 2
12 50 2
38 68 2
63 64 2
61 87 2
41 114 2
52 62 2
37 65 2
50 81 1
25 57 2
11 86 1
27 115 2
19 77 1
48 118 2
62 99 2
0 61 2
46 107 1
12 106 1
3 62 2
19 38 2
63 113 1
8 34 2
1 7 2
31 42 2
2 13 2
42 68 2
48 54 2
62 74 1
18 56 2
25 88 1
66 91 2
40 60 2
40 44 2
21 25 2
19 51 2
1 33 2
37 48 2
55 119 1
16 82 1
19 36 2
29 119 1
34 53 2
4 50 2
13 36 2
57 107 2
35 72 2
17 24 2
8 86 2
12 45 2
14 113 2
11 66 2
65 109 1
24 32 2
24 59 2
35 51 2
39 103 1
3 39 2
34 81 2
54 77 1
16 79 1
52 92 1
9 66 2
35 49 2
26 53 2
0 66 2
48 66 2
37 110 1
30 36 2
6 69 2
34 105 1
35 112 1
31 39 2
27 29 2
19 40 2
9 51 2
69 119 2
14 75 2
12 32 2
48 60 2
39 66 2
5 86 1
33 119 1
35 110 1
2 11 2
49 54 2
65 92 2
28 85 1
64 105 1
52 61 2
52 53 2
64 67 2
65 110 2
16 36 2
51 96 2
14 32 2
36 117 2
31 64 2
33 53 2
13 116 1
64 113 1
20 48 2
9 28 2
4 72 1
48 73 1
43 70 2
42 97 1
58 99 1
25 36 2
0 103 1
12 46 2
42 93 1
41 58 2
34 93 2
17 86 1
5 6 2
36 42 2
34 69 2
32 83 1
21 69 2
25 46 2
22 115 2
32 62 2
0 55 2
30 115 1
40 43 2
34 68 2
25 62 2
6 106 1
12 24 2
39 40 2
25 111 1
38 69 2
47 53 2
15 105 1
41 76 1
26 30 2
66 85 1
68 95 1
8 107 1
29 95 1
32 86 2
44 105 1
31 101 1
25 109 1
67 109 2
35 58 2
22 55 2
60 64 2
0 77 1
3 94 2
41 56 2
25 40 2
12 85 2
60 103 1
14 100 1
67 94 1
7 106 2
61 63 2
11 28 2
35 73 1
10 11 2
6 7 2
42 86 1
20 42 2
9 29 2
8 35 2
10 29 2
17 85 1
29 53 2
50 54 2
8 60 2
17 70 2
11 85 1
49 79 1
70 98 2
56 60 2
27 53 2
54 71 2
51 54 2
57 115 1
36 44 2
63 89 1
11 54 2
42 111 1
15 31 2
33 45 2
24 27 2
8 48 2
3 71 2
63 68 2
68 86 2
24 46 2
15 69 2
15 34 2
13 31 2
49 70 2
12 93 1
2 15 2
10 45 2
43 80 2
3 48 2
1 101 1
11 95 1
39 55 2
56 71 2
4 28 2
52 69 2
4 15 2
36 87 2
0 35 2
1 25 2
39 48 2
59 114 1
0 10 2
6 43 2
11 52 2
22 43 2
37 59 2
58 61 2
7 22 2
59 84 1
14 104 2
21 53 2
9 49 2
21 96 1
20 70 2
27 41 2
6 60 2
7 105 1
62 81 1
38 61 2
24 82 1
17 18 2
13 47 2
2 42 2
41 119 1
55 103 1
7 70 2
32 75 1
10 115 1
28 98 1
3 47 2
30 43 2
14 57 2
42 103 2
33 83 1
27 63 2
32 33 2
14 92 1
18 119 1
30 75 1
24 56 2
27 111 2
2 93 1
24 106 1
47 119 1
6 40 2
48 51 2
18 75 2
13 76 1
9 93 2
3 70 2
36 113 1
15 64 2
0 58 2
62 92 2
60 61 2
22 110 1
51 74 1
12 30 2
26 112 1
11 64 2
57 69 2
10 42 2
18 88 2
49 62 2
3 9 2
29 86 2
15 23 2
60 71 2
8 114 1
54 78 1
46 104 2
1 68 2
34 50 2
71 92 1
12 110 2
15 48 2
49 66 2
4 95 2
0 23 2
20 45 2
6 9 2
16 107 2
3 89 1
39 95 1
28 99 1
8 44 2
63 103 2
5 33 2
27 50 2
18 53 2
4 56 2
4 19 2
9 80 1
10 105 2
6 88 1
46 47 2
55 65 2
8 46 2
52 64 2
21 59 2
5 107 1
19 24 2
19 52 2
63 75 1
40 47 2
54 115 2
69 79 1
50 64 2
29 72 2
24 95 1
33 63 2
29 31 2
18 43 2
12 53 2
1 42 2
17 88 1
48 50 2
6 62 2
67 71 2
18 34 2
69 71 2
16 30 2
0 75 1
7 72 1
15 60 2
19 43 2
20 98 2
69 72 1
9 90 1
20 52 2
19 41 2
24 57 2
11 65 2
46 94 1
69 106 2
55 61 2
18 57 2
19 58 2
46 102 1
14 35 2
36 86 1
26 48 2
12 97 1
54 87 2
37 81 1
70 77 1
2 92 2
18 33 2
30 73 1
34 86 1
6 15 2
33 74 1
17 67 2
20 78 1
69 81 1
25 42 2
8 72 2
38 81 2
38 112 1
58 89 2
10 79 1
0 49 2
24 75 1
47 57 2
26 73 1
16 47 2
7 74 2
0 25 2
28 104 1
37 114 1
28 38 2
31 78 2
2 59 2
0 85 1
32 96 2
0 60 2
26 111 1
0 34 2
18 39 2
47 54 2
34 79 2
38 50 2
19 61 2
33 34 2
23 85 1
65 82 1
44 50 2
13 89 2
67 90 1
10 67 2
9 11 2
41 66 2
37 62 2
42 115 1
11 104 1
20 89 1
36 56 2
18 40 2
11 61 2
21 44 2
13 44 2
1 40 2
44 96 1
17 31 2
2 17 2
43 64 2
66 87 1
8 84 1
39 116 1
66 72 1
42 46 2
15 119 1
16 53 2
27 69 2
50 69 2
4 117 2
60 99 2
68 74 1
21 45 2
24 84 2
30 81 1
52 95 1
57 97 1
38 70 2
9 118 1
33 113 2
47 78 2
14 102 2
5 56 2
60 97 1
37 46 2
27 108 2
5 90 1
23 36 2
10 28 2
5 16 2
37 49 2
18 65 2
62 103 1
44 51 2
22 119 1
61 62 2
46 74 1
1 96 2
13 102 2
33 56 2
32 101 1
3 21 2
14 96 1
38 41 2
41 48 2
5 22 2
39 73 1
33 50 2
64 78 1
0 47 2
64 75 1
50 71 2
34 106 1
12 41 2
42 51 2
3 33 2
20 108 2
63 108 2
0 97 1
51 100 2
45 61 2
71 104 1
59 116 1
19 50 2
11 12 2
1 75 1
43 58 2
45 56 2
68 91 1
27 59 2
16 84 2
28 67 2
28 30 2
0 48 2
28 108 1
30 48 2
6 92 2
50 52 2
16 85 1
18 52 2
20 32 2
6 116 1
55 59 2
22 59 2
22 41 2
27 39 2
64 90 1
55 85 1
64 66 2
28 69 2
20 24 2
28 88 2
44 82 1
37 56 2
22 45 2
25 27 2
64 96 1
5 47 2
19 57 2
29 76 1
0 69 2
17 104 1
24 54 2
35 85 2
64 72 2
11 41 2
25 97 1
40 81 2
65 95 1
8 69 2
0 14 2
26 103 2
13 39 2
30 60 2
34 60 2
13 57 2
3 102 1
48 97 1
55 76 2
13 113 1
1 90 2
71 102 2
60 93 1
9 20 2
0 114 1
32 47 2
22 32 2
2 94 2
25 115 2
25 41 2
1 104 1
11 60 2
24 36 2
11 15 2
16 54 2
29 34 2
48 85 2
9 63 2
26 72 2
53 79 1
26 58 2
56 82 1
40 71 2
25 31 2
7 39 2
35 88 1
0 37 2
59 72 1
16 116 2
68 106 2
0 119 1
3 20 2
4 85 1
32 54 2
15 52 2
51 71 2
7 37 2
26 64 2
11 22 2
17 28 2
35 36 2
23 59 2
20 65 2
28 74 1
1 10 2
21 82 2
23 34 2
19 56 2
39 113 2
0 88 2
62 79 1
25 87 2
21 30 2
6 67 2
11 35 2
63 99 1
10 84 1
12 82 1
32 67 2
1 26 2
58 109 2
69 98 1
38 56 2
3 75 1
59 89 1
10 55 2
14 74 1
41 52 2
55 60 2
22 70 2
66 115 1
30 85 2
53 68 2
9 73 1
28 106 1
56 118 2
66 92 2
9 43 2
21 75 2
14 88 1
47 68 2
14 61 2
18 41 2
54 60 2
22 83 1
44 65 2
70 74 1
63 109 2
2 61 2
68 116 2
30 62 2
61 67 2
43 44 2
1 61 2
13 71 2
16 91 1
0 17 2
53 89 2
23 107 1
30 92 2
38 51 2
16 97 2
2 50 2
49 103 2
4 5 2
18 106 1
1 86 1
23 47 2
40 109 2
6 79 2
3 55 2
7 47 2
8 116 1
30 82 1
55 98 2
36 82 2
58 80 1
60 65 2
24 52 2
53 85 2
20 55 2
45 65 2
2 73 2
11 14 2
62 97 2
63 70 2
47 61 2
59 107 1
61 104 2
9 108 2
41 68 2
5 14 2
29 79 1
61 114 2
41 46 2
3 42 2
31 85 1
69 73 2
22 30 2
37 74 1
43 86 1
67 82 2
63 102 2
21 111 1
22 77 1
4 31 2
0 21 2
8 111 2
5 36 2
53 65 2
1 89 1
20 75 2
14 64 2
17 47 2
23 97 1
17 22 2
33 112 1
50 105 1
0 76 1
29 105 2
38 46 2
58 91 2
28 40 2
37 104 2
63 73 2
41 47 2
63 91 1
5 13 2
6 20 2
36 78 1
46 62 2
36 94 1
12 39 2
1 48 2
16 62 2
24 45 2
71 118 2
71 115 1
7 19 2
33 114 1
2 77 2
48 56 2
6 64 2
37 61 2
57 110 1
3 15 2
7 75 2
65 106 2
1 55 2
43 49 2
38 65 2
61 65 2
14 95 2
6 45 2
11 50 2
28 107 1
40 95 2
45 68 2
6 29 2
53 91 2
68 77 2
37 72 2
64 101 2
3 8 2
26 70 2
40 90 1
2 48 2
23 105 2
8 36 2
23 86 2
1 45 2
35 54 2
66 81 1
30 77 2
20 114 1
56 74 1
17 52 2
69 103 1
41 101 1
14 53 2
22 48 2
8 81 2
20 62 2
9 35 2
25 64 2
21 36 2
70 86 1
56 59 2
9 88 1
7 41 2
37 96 2
64 94 1
3 35 2
12 113 1
56 61 2
40 85 2
8 63 2
21 63 2
3 14 2
25 69 2
34 78 1
46 57 2
10 59 2
26 39 2
22 69 2
45 107 1
0 65 2
10 58 2
21 119 1
45 91 2
37 55 2
16 113 1
65 112 1
4 42 2
70 95 2
22 38 2
40 69 2
24 62 2
21 61 2
66 80 1
66 111 2
56 95 1
29 51 2
9 65 2
65 74 1
68 94 1
59 102 1
54 99 2
53 58 2
16 81 1
18 48 2
9 22 2
23 66 2
17 110 2
2 43 2
8 29 2
26 77 1
15 82 1
25 108 2
45 87 1
8 64 2
38 116 2
38 44 2
9 33 2
12 73 2
7 52 2
4 24 2
12 95 1
1 70 2
59 110 1
10 80 1
67 87 1
10 17 2
21 86 1
38 66 2
15 106 1
10 89 1
46 115 2
51 87 2
5 112 2
27 75 1
21 29 2
30 102 2
1 62 2
11 55 2
69 97 2
12 90 1
20 104 1
22 111 1
11 74 1
3 26 2
67 75 1
42 119 1
41 86 1
5 62 2
5 110 1
18 44 2
65 111 1
13 117 2
2 16 2
14 51 2
2 78 1
41 95 2
13 60 2
44 114 2
33 66 2
10 98 2
49 51 2
42 64 2
36 76 1
38 86 2
13 51 2
39 86 1
2 30 2
50 51 2
11 18 2
20 64 2
3 23 2
66 67 2
45 99 1
28 66 2
44 98 2
6 65 2
7 69 2
26 52 2
43 79 1
9 12 2
47 50 2
26 102 1
19 99 1
59 69 2
48 89 1
35 82 1
44 90 1
70 99 1
67 68 2
16 70 2
57 67 2
64 115 2
9 38 2
11 13 2
26 46 2
47 66 2
17 51 2
52 102 1
29 32 2
30 63 2
53 71 2
54 75 1
4 49 2
10 112 1
65 102 1
43 94 1
32 46 2
38 107 2
19 44 2
39 83 1
45 79 1
7 13 2
24 101 2
4 26 2
30 66 2
23 56 2
68 84 2
32 90 2
41 60 2
2 23 2
5 88 2
27 82 1
14 115 1
25 65 2
19 39 2
34 38 2
10 101 1
16 61 2
8 58 2
0 39 2
22 33 2
35 77 2
55 75 1
43 62 2
11 37 2
48 62 2
18 50 2
68 70 2
47 70 2
53 64 2
14 116 1
12 21 2
12 36 2
14 67 2
59 95 1
23 35 2
22 50 2
67 111 2
2 69 2
2 25 2
18 62 2
41 94 1
35 63 2
7 20 2
41 74 2
2 52 2
57 62 2
26 82 2
24 100 2
0 16 2
28 82 1
26 28 2
50 77 2
4 44 2
17 59 2
37 69 2
36 58 2
47 116 1
20 23 2
1 67 2
40 59 2
17 33 2
27 57 2
4 112 1
8 16 2
1 57 2
27 66 2
47 112 1
28 61 2
24 67 2
18 59 2
62 107 1
20 66 2
3 86 1
38 118 1
35 87 1
28 50 2
41 54 2
20 93 1
24 105 2
30 68 2
30 35 2
16 40 2
23 117 2
39 63 2
14 27 2
23 98 1
10 113 1
30 64 2
61 76 1
4 41 2
2 80 2
5 42 2
46 111 2
24 42 2
13 20 2
14 38 2
56 64 2
8 68 2
10 75 2
9 42 2
6 21 2
25 60 2
12 26 2
43 51 2
54 59 2
65 78 1
20 26 2
6 24 2
16 39 2
12 33 2
3 104 1
42 49 2
23 32 2
49 56 2
51 109 1
51 80 1
70 101 1
8 99 2
36 101 1
9 37 2
47 109 1
10 54 2
24 90 1
66 99 1
39 89 1
11 33 2
49 69 2
0 12 2
10 48 2
41 97 2
17 37 2
44 45 2
50 115 1
21 92 2
28 56 2
21 85 2
34 111 1
34 66 2
14 36 2
24 70 2
47 97 1
42 65 2
34 57 2
11 92 2
31 71 2
47 60 2
64 84 2
37 50 2
4 59 2
45 100 2
57 61 2
38 54 2
22 92 1
31 75 1
31 100 1
28 43 2
1 35 2
1 83 1
39 65 2
2 32 2
29 45 2
22 108 1
66 69 2
30 79 2
67 98 2
17 94 2
51 52 2
4 98 1
45 78 1
32 80 1
62 114 2
7 45 2
51 62 2
15 86 1
44 109 1
30 41 2
39 94 2
11 102 1
16 86 2
21 31 2
56 73 1
67 84 1
29 63 2
20 40 2
20 105 1
8 92 1
29 71 2
16 60 2
54 63 2
18 20 2
33 106 2
29 40 2
20 118 1
2 119 1
39 62 2
2 33 2
51 70 2
42 50 2
35 69 2
13 48 2
51 95 1
58 66 2
8 18 2
17 45 2
12 16 2
43 45 2
47 87 1
34 56 2
58 62 2
1 63 2
41 87 2
0 8 2
4 17 2
42 95 2
45 76 2
9 44 2
59 93 1
22 78 1
38 43 2
22 98 1
43 55 2
3 79 2
15 18 2
19 82 1
23 60 2
20 36 2
4 73 1
11 20 2
17 65 2
25 101 2
26 43 2
30 100 2
7 59 2
56 65 2
57 91 1
10 95 1
53 57 2
44 59 2
62 102 1
54 112 2
55 62 2
30 86 1
54 89 1
58 75 1
7 76 1
54 55 2
10 78 1
48 76 1
9 18 2
33 110 1
40 80 1
12 108 2
33 59 2
25 71 2
3 43 2
12 49 2
10 69 2
38 94 1
18 89 1
49 65 2
48 70 2
38 109 2
11 21 2
6 90 1
34 102 2
68 79 1
4 107 1
17 58 2
15 30 2
33 71 2
41 84 1
19 21 2
3 7 2
54 95 1
42 87 2
38 91 1
46 100 1
28 114 1
10 31 2
10 49 2
55 86 1
5 105 2
54 62 2
28 64 2
55 101 1
6 12 2
46 71 2
26 41 2
55 109 2
49 89 1
59 96 1
9 99 2
17 109 1
2 41 2
19 116 1
26 74 1
18 63 2
18 93 1
47 100 2
10 24 2
11 108 2
48 105 2
65 75 1
66 117 1
1 12 2
6 77 1
32 70 2
24 68 2
10 100 1
47 67 2
10 51 2
15 51 2
60 81 1
29 61 2
5 34 2
7 9 2
53 90 1
4 36 2
58 88 1
5 116 1
19 53 2
30 51 2
3 64 2
2 64 2
55 117 1
47 106 2
14 56 2
9 75 1
14 93 1
47 115 1
17 71 2
6 22 2
0 71 2
55 105 1
2 81 2
21 79 2
62 73 1
5 18 2
3 4 2
63 98 1
12 65 2
41 118 1
37 90 2
2 82 2
37 111 1
14 70 2
13 92 1
64 107 1
39 67 2
7 21 2
13 27 2
61 115 1
7 68 2
25 43 2
8 74 1
71 107 1
45 54 2
58 81 1
32 94 1
34 116 1
29 52 2
30 46 2
62 78 2
18 115 2
68 110 1
1 23 2
45 82 2
35 111 1
16 34 2
8 88 1
44 97 1
1 6 2
20 54 2
6 33 2
2 34 2
36 62 2
19 78 1
13 79 1
66 112 2
7 58 2
7 14 2
19 85 2
48 57 2
5 28 2
11 119 1
23 96 2
39 104 1
33 57 2
11 38 2
36 59 2
4 62 2
57 71 2
15 32 2
14 39 2
13 54 2
13 53 2
54 70 2
1 109 1
3 52 2
21 41 2
8 17 2
13 38 2
37 119 1
51 116 2
52 97 1
31 90 1
18 81 1
46 68 2
42 57 2
7 116 1
27 52 2
40 106 1
4 90 1
23 30 2
34 103 2
35 43 2
20 28 2
49 63 2
20 84 1
10 26 2
4 46 2
6 47 2
0 106 2
37 84 1
4 68 2
27 89 1
16 19 2
4 76 1
41 102 2
33 48 2
17 30 2
7 33 2
7 34 2
49 111 2
52 76 2
27 60 2
28 36 2
20 71 2
44 74 2
28 35 2
5 19 2
54 93 1
0 70 2
34 117 1
66 94 1
1 112 2
30 105 2
52 117 2
4 94 1
30 101 1
32 97 1
49 61 2
35 64 2
8 11 2
10 60 2
36 90 1
55 108 2
50 96 1
3 97 2
51 59 2
36 60 2
41 107 2
69 107 2
12 112 1
50 57 2
26 100 1
39 115 2
18 67 2
8 77 1
17 116 1
16 105 2
22 60 2
31 67 2
10 107 2
35 59 2
0 26 2
10 109 1
6 52 2
69 89 2
7 28 2
9 40 2
25 59 2
4 69 2
26 29 2
42 107 1
17 23 2
35 80 2
7 104 1
45 98 1
42 117 2
28 115 2
50 118 2
3 99 1
46 101 2
54 105 1
35 46 2
34 83 2
4 39 2
1 114 1
13 87 1
68 98 1
43 116 1
16 109 2
41 71 2
30 87 1
14 17 2
10 37 2
8 75 1
60 105 2
60 96 2
38 60 2
27 68 2
20 25 2
53 77 2
42 88 2
25 119 2
3 103 1
8 73 1
43 65 2
63 114 2
33 67 2
56 58 2
14 63 2
43 57 2
38 83 1
16 88 1
23 31 2
65 77 2
55 63 2
17 87 2
2 90 1
28 59 2
50 110 2
4 63 2
5 100 1
26 44 2
61 92 2
56 91 1
13 91 2
62 71 2
23 29 2
23 53 2
37 82 2
14 89 1
29 50 2
1 9 2
14 111 1
0 95 1
2 56 2
34 96 1
2 116 2
66 79 1
8 55 2
24 30 2
8 57 2
13 34 2
9 25 2
1 18 2
24 92 1
20 35 2
10 14 2
13 70 2
70 71 2
16 63 2
45 101 1
70 85 2
0 86 1
27 91 2
45 102 1
36 38 2
2 60 2
30 38 2
50 63 2
38 80 2
69 76 1
47 85 1
70 97 1
12 103 2
12 47 2
61 110 1
20 77 2
7 93 1
3 67 2
22 114 2
46 69 2
17 75 2
61 95 1
26 38 2
48 80 2
45 53 2
17 55 2
11 110 2
42 71 2
32 40 2
51 89 1
3 119 2
30 117 1
44 52 2
15 59 2
27 49 2
55 97 1
4 115 2
17 83 1
57 111 2
42 70 2
22 86 2
32 117 1
32 66 2
7 97 1
3 29 2
21 88 2
67 103 1
34 52 2
17 118 1
19 46 2
6 26 2
47 107 1
24 88 1
18 45 2
18 86 1
43 81 1
54 108 2
21 93 1
30 119 2
19 35 2
4 13 2
20 94 1
48 86 2
10 111 1
5 44 2
37 64 2
11 59 2
38 52 2
6 111 1
25 85 1
41 83 1
4 54 2
19 92 1
17 19 2
54 83 1
10 39 2
44 108 2
1 2 2
28 53 2
31 86 1
42 98 1
1 59 2
19 91 1
38 57 2
16 45 2
55 111 1
20 51 2
45 62 2
9 17 2
69 93 1
5 30 2
26 109 1
25 47 2
42 66 2
28 44 2
25 49 2
65 68 2
4 89 1
23 62 2
35 45 2
64 87 1
28 117 2
34 70 2
35 109 1
23 73 1
33 70 2
40 82 2
24 78 1
14 49 2
5 51 2
33 117 2
37 117 2
64 79 2
21 71 2
54 69 2
23 67 2
13 23 2
33 41 2
40 91 1
68 87 2
4 45 2
6 78 2
55 99 1
1 16 2
23 80 2
17 49 2
53 61 2
38 101 1
27 70 2
69 95 1
13 100 1
53 93 1
4 21 2
46 90 1
13 52 2
9 57 2
44 110 2
13 22 2
38 87 1
40 67 2
40 83 1
46 55 2
3 83 2
33 91 1
67 104 1
41 90 2
38 82 1
25 86 2
24 34 2
14 15 2
14 117 1
41 64 2
33 36 2
12 63 2
27 46 2
33 78 1
15 108 1
4 35 2
10 68 2
64 89 1
39 45 2
20 88 2
38 108 1
36 52 2
15 49 2
25 66 2
10 38 2
17 38 2
24 43 2
0 28 2
42 54 2
41 70 2
28 68 2
14 58 2
58 82 2
58 95 1
41 67 2
19 55 2
5 12 2
53 63 2
17 26 2
1 36 2
15 61 2
19 29 2
60 117 1
33 43 2
28 41 2
6 17 2
50 70 2
46 70 2
44 46 2
9 27 2
15 62 2
24 113 1
30 72 1
36 109 2
19 95 1
19 75 2
36 91 1
38 100 2
65 116 1
25 44 2
3 116 2
47 91 1
33 75 2
6 41 2
52 54 2
40 56 2
37 79 1
69 117 1
43 50 2
67 115 2
51 69 2
39 74 2
14 42 2
16 50 2
13 56 2
29 117 1
58 76 2
9 69 2
42 78 1
6 27 2
16 104 1
34 44 2
71 80 1
23 83 1
35 114 1
20 21 2
52 55 2
35 99 1
0 99 2
25 90 1
61 69 2
46 64 2
13 28 2
44 64 2
8 41 2
18 32 2
54 65 2
45 58 2
18 110 1
60 77 2
4 10 2
36 85 1
14 68 2
30 47 2
21 26 2
14 118 1
58 60 2
25 118 2
22 54 2
2 75 1
40 99 1
34 42 2
3 41 2
69 94 2
34 108 2
31 38 2
68 92 1
9 85 1
71 103 2
20 39 2
3 106 2
15 22 2
0 96 2
53 78 2
10 57 2
36 88 1
63 97 1
5 115 1
1 11 2
37 85 2
20 99 1
36 37 2
35 105 2
24 99 2
39 117 2
55 118 1
63 67 2
47 49 2
41 59 2
44 93 1
6 68 2
0 118 2
66 110 1
42 58 2
64 119 1
26 88 2
9 89 1
12 55 2
37 94 1
63 87 1
29 38 2
58 67 2
39 101 2
7 23 2
21 74 1
35 97 1
68 71 2
9 100 1
53 62 2
40 42 2
13 41 2
2 66 2
49 68 2
46 67 2
18 100 2
26 78 1
23 70 2
17 107 1
40 73 1
42 48 2
32 68 2
23 50 2
10 106 1
11 36 2
11 77 1
51 65 2
53 111 2
35 53 2
2 72 1
4 96 1
4 101 1
46 50 2
6 101 2
3 110 2
8 24 2
1 53 2
34 62 2
36 64 2
24 29 2
14 43 2
66 102 2
25 48 2
34 37 2
12 48 2
5 117 1
41 50 2
47 98 1
15 96 2
50 74 1
24 86 1
35 76 1
63 96 1
40 110 1
42 109 2
19 73 1
34 58 2
19 59 2
2 45 2
25 70 2
33 51 2
15 17 2
55 115 2
23 43 2
3 28 2
45 66 2
50 91 2
15 33 2
0 1 2
23 109 2
64 65 2
45 113 1
11 19 2
9 103 2
18 22 2
6 110 1
36 69 2
20 41 2
30 112 1
45 49 2
7 61 2
60 66 2
41 105 1
56 57 2
30 69 2
1 64 2
66 88 1
2 24 2
13 59 2
71 111 2
7 38 2
26 65 2
63 78 1
50 88 2
18 27 2
41 49 2
14 62 2
41 45 2
23 92 1
62 96 2
28 37 2
56 113 2
24 50 2
9 61 2
48 110 2
9 13 2
35 103 2
31 116 2
23 40 2
33 64 2
43 76 1
55 58 2
59 85 2
11 27 2
22 106 1
41 109 1
37 40 2
51 55 2
15 29 2
15 65 2
24 103 1
19 45 2
21 106 2
39 109 1
24 66 2
30 40 2
23 72 1
14 66 2
42 77 1
54 58 2
13 49 2
53 56 2
29 100 2
1 65 2
5 38 2
16 55 2
49 100 1
50 85 1
71 94 2
38 42 2
6 81 2
6 59 2
67 85 2
21 99 1
28 109 2
1 72 1
63 74 2
29 44 2
1 113 1
13 78 1
18 60 2
21 33 2
30 89 2
15 103 1
3 82 1
70 100 1
22 37 2
32 45 2
4 110 1
36 102 2
19 63 2
3 45 2
0 40 2
18 29 2
12 29 2
0 6 2
31 32 2
37 97 1
1 92 2
39 93 1
71 72 1
35 118 1
25 110 2
0 64 2
62 75 1
1 46 2
20 37 2
42 76 1
4 14 2
15 57 2
49 86 2
43 96 2
3 77 1
3 30 2
13 46 2
62 69 2
10 32 2
51 68 2
16 78 1
37 45 2
1 47 2
48 65 2
51 86 1
5 27 2
42 110 2
43 75 1
12 52 2
8 19 2
38 99 2
9 104 1
35 86 2
35 47 2
23 84 2
3 13 2
46 60 2
2 47 2
2 22 2
21 68 2
38 88 2
30 103 1
37 44 2
0 38 2
36 71 2
58 105 2
8 59 2
55 70 2
21 34 2
6 13 2
7 16 2
4 67 2
0 54 2
6 37 2
4 53 2
16 43 2
15 47 2
16 110 1
71 95 2
43 69 2
6 50 2
31 41 2
23 37 2
8 40 2
26 117 1
62 109 2
44 47 2
70 103 1
25 77 1
40 66 2
28 45 2
38 74 2
26 40 2
35 48 2
9 62 2
11 46 2
4 87 1
50 104 1
8 82 1
49 106 1
43 74 1
5 92 1
16 42 2
3 12 2
4 58 2
4 97 1
57 114 1
27 78 1
37 70 2
7 90 2
34 67 2
18 35 2
50 55 2
7 56 2
44 103 2
67 78 1
21 55 2
44 68 2
27 62 2
9 39 2
6 35 2
50 112 1
70 72 1
10 65 2
14 45 2
17 40 2
52 99 1
16 49 2
25 81 2
1 93 1
31 119 2
63 117 2
40 51 2
49 58 2
4 75 1
25 52 2
70 79 1
67 86 1
15 113 1
0 29 2
36 39 2
12 51 2
67 73 1
7 11 2
15 28 2
34 61 2
21 80 2
47 62 2
52 84 2
16 46 2
9 84 2
8 31 2
24 33 2
27 112 1
8 67 2
3 36 2
62 89 1
10 114 2
37 93 1
8 33 2
47 48 2
59 70 2
39 51 2
18 31 2
34 36 2
30 90 1
44 62 2
33 39 2
61 78 2
12 15 2
35 42 2
51 92 2
20 72 1
62 76 2
27 71 2
31 105 1
51 113 2
40 61 2
35 90 1
38 105 1
48 58 2
31 102 1
10 20 2
56 103 1
5 66 2
34 72 2
20 68 2
54 102 1
50 102 2
67 117 1
15 66 2
68 102 1
16 95 2
17 27 2
51 82 1
50 68 2
20 53 2
14 69 2
68 111 1
62 67 2
21 73 1
17 114 2
0 62 2
26 51 2
52 79 1
38 67 2
60 87 1
12 80 1
31 59 2
12 57 2
27 118 1
65 108 2
64 99 1
36 47 2
47 71 2
58 103 2
65 70 2
16 119 1
41 42 2
4 74 1
20 58 2
21 62 2
9 95 2
0 9 2
55 68 2
16 71 2
5 11 2
39 91 1
28 52 2
29 48 2
11 76 1
23 81 1
21 23 2
17 62 2
8 20 2
51 76 1
8 61 2
11 88 1
5 111 1
14 47 2
37 38 2
67 100 1
15 88 2
20 47 2
26 54 2
48 101 2
23 87 1
37 102 1
25 55 2
37 51 2
7 82 1
3 31 2
32 87 1
16 83 1
34 51 2
51 91 1
0 57 2
19 112 1
27 43 2
13 108 2
22 31 2
0 7 2
31 61 2
14 112 1
38 55 2
1 3 2
22 109 2
71 99 1
31 96 2
47 73 2
32 77 1
11 73 2
27 56 2
3 108 1
6 25 2
13 14 2
10 97 1
29 112 1
40 70 2
46 113 1
40 117 1
1 21 2
60 68 2
8 27 2
29 33 2
37 109 1
67 93 2
59 78 1
1 100 1
25 96 1
10 61 2
20 60 2
14 60 2
36 45 2
32 34 2
47 76 2
62 112 2
21 32 2
1 81 1
8 39 2
11 113 1
38 92 1
42 75 1
26 42 2
58 90 1
68 78 2
34 48 2
15 42 2
23 46 2
10 76 1
36 55 2
25 107 1
27 93 1
16 80 1
19 62 2
20 27 2
1 49 2
28 55 2
8 30 2
60 79 1
64 76 2
24 38 2
48 98 1
0 52 2
13 42 2
20 49 2
24 65 2
12 62 2
33 115 2
6 32 2
53 106 1
58 86 1
68 85 1
2 65 2
54 84 2
9 106 1
33 85 1
56 99 1
3 69 2
38 119 2
6 61 2
11 112 2
6 16 2
30 33 2
59 82 1
56 119 1
4 71 2
17 34 2
46 61 2
2 53 2
27 98 1
22 25 2
29 65 2
47 69 2
19 89 1
21 49 2
43 63 2
61 96 2
46 73 1
0 67 2
42 67 2
30 65 2
66 86 1
11 39 2
19 81 1
64 106 1
53 70 2
5 50 2
50 61 2
9 24 2
42 101 1
5 35 1
65 99 2
63 69 1
59 119 1
11 105 2
12 56 1
6 94 2
5 119 1
26 63 1
27 67 1
35 39 1
