% n=130 p=60 d=0.33 p_blue=0.33
% k=0
3 97 2
45 58 2
77 78 1
71 124 2
65 68 2
64 77 2
76 101 1
4 120 1
46 60 2
39 51 2
43 76 2
11 46 2
8 50 2
61 76 2
21 66 2
68 75 2
59 65 2
3 69 2
44 72 2
23 24 2
17 86 2
0 32 2
68 73 2
9 16 2
35 74 2
1 5 2
28 124 2
9 68 2
72 89 2
7 45 2
30 62 2
20 49 2
11 47 2
44 78 1
56 59 2
27 46 2
15 57 2
21 25 2
18 53 2
32 70 2
21 58 2
17 37 2
29 58 2
5 8 2
34 129 1
9 51 2
12 58 2
54 67 2
48 50 2
12 47 2
42 43 2
28 38 2
9 37 2
31 129 2
15 41 2
2 125 1
35 70 2
13 39 2
2 27 2
60 61 2
6 96 1
37 53 2
29 73 2
22 50 2
38 98 1
6 37 2
31 43 2
29 45 2
75 85 2
12 39 2
32 73 2
34 35 2
7 27 2
47 92 1
75 86 1
31 39 2
67 77 2
74 114 2
3 24 2
33 123 1
20 54 2
48 73 2
19 121 1
32 95 2
45 109 1
0 42 2
59 94 2
20 47 2
65 110 1
64 103 2
29 125 1
34 47 2
16 48 2
51 74 2
23 60 2
48 68 2
19 58 2
49 71 2
5 109 2
32 47 2
24 116 2
28 52 2
45 129 1
29 71 2
35 53 2
18 61 2
43 96 1
19 34 2
33 93 2
38 51 2
18 51 2
3 56 2
58 67 2
65 92 1
38 69 2
9 80 1
4 51 2
37 51 2
10 75 2
35 113 1
36 70 2
1 61 2
24 26 2
52 105 1
28 51 2
67 107 1
28 42 2
50 54 2
41 75 2
46 47 2
13 70 2
4 55 2
53 63 2
31 73 2
17 41 2
16 86 2
2 61 2
2 53 2
43 45 2
72 76 2
13 18 2
12 82 1
48 88 1
16 75 2
53 57 2
16 82 1
4 112 1
2 15 2
8 76 2
14 43 2
53 78 2
7 43 2
48 74 2
46 72 2
65 107 1
34 113 2
27 105 1
12 28 2
49 69 2
56 77 2
42 79 1
31 47 2
22 32 2
1 16 2
17 125 1
10 15 2
52 113 1
71 77 2
7 44 2
40 64 2
61 71 2
25 63 2
2 28 2
66 123 1
11 72 2
16 123 1
6 39 2
0 67 2
5 70 2
37 60 2
1 75 2
30 32 2
52 77 2
29 102 1
5 73 2
23 54 2
37 106 1
25 61 2
44 121 1
45 47 2
24 124 1
74 123 2
67 85 1
15 128 1
4 20 2
67 114 2
13 94 1
42 91 1
77 106 1
3 119 2
16 66 2
6 113 1
55 82 1
25 67 2
12 57 2
40 54 2
51 73 2
52 72 2
14 28 2
72 114 2
3 65 2
71 76 2
11 59 2
58 62 2
64 67 2
55 117 2
64 127 1
2 31 2
57 126 2
60 129 2
71 113 1
12 51 2
18 23 2
34 49 2
17 39 2
34 55 2
55 58 2
59 99 2
46 114 1
33 60 2
8 40 2
5 24 2
55 68 2
14 67 2
74 117 1
39 122 2
6 57 2
63 67 2
11 68 2
33 111 1
42 67 2
1 14 2
11 60 2
72 90 1
15 44 2
44 114 1
20 21 2
48 93 2
32 126 1
28 112 1
31 54 2
18 68 2
72 74 2
63 64 2
5 38 2
9 62 2
58 59 2
4 25 2
22 62 2
70 100 1
1 102 1
42 45 2
9 76 2
17 56 2
69 83 1
2 20 2
57 109 1
33 96 1
21 44 2
1 36 2
57 61 2
54 78 2
33 49 2
4 77 2
21 54 2
5 66 2
38 59 2
12 97 2
18 60 2
52 124 1
4 35 2
72 77 2
50 104 1
66 70 2
29 83 1
2 69 2
61 75 2
22 112 2
68 112 1
23 80 1
19 65 2
21 99 2
42 84 1
32 50 2
16 71 2
0 71 2
4 12 2
4 10 2
7 15 2
32 102 1
73 117 1
4 50 2
57 64 2
10 64 2
40 124 2
15 77 2
41 64 2
10 86 2
58 119 1
47 84 1
14 44 2
31 50 2
27 37 2
15 93 1
2 24 2
30 58 2
53 75 2
58 72 2
58 108 2
50 71 2
0 97 2
55 61 2
21 37 2
72 122 2
19 70 2
59 63 2
42 57 2
15 32 2
45 91 1
75 127 2
37 75 2
8 41 2
46 119 2
28 60 2
41 117 1
33 42 2
14 56 2
45 48 2
20 69 2
18 58 2
41 52 2
45 107 1
27 92 1
3 12 2
25 122 1
3 11 2
46 63 2
27 36 2
45 71 2
32 53 2
22 43 2
11 70 2
36 116 1
34 59 2
54 117 1
59 107 1
25 64 2
37 82 2
4 37 2
73 74 2
53 72 2
53 76 2
5 45 2
49 127 1
45 63 2
38 112 1
31 106 2
20 29 2
19 57 2
21 28 2
36 98 1
76 96 1
39 96 1
41 54 2
42 66 2
24 34 2
12 22 2
77 79 2
15 94 1
1 47 2
5 35 2
39 129 1
9 50 2
4 128 2
11 21 2
59 68 2
7 64 2
36 53 2
6 26 2
6 66 2
21 73 2
0 34 2
64 109 1
17 60 2
66 124 1
4 117 1
18 127 1
23 30 2
39 67 2
17 55 2
18 71 2
13 62 2
29 53 2
41 72 2
18 24 2
0 37 2
12 92 1
27 42 2
10 35 2
71 72 2
26 45 2
1 21 2
33 76 2
71 92 1
44 116 1
60 64 2
20 38 2
4 71 2
47 122 1
1 15 2
30 64 2
2 110 2
72 93 1
25 120 1
7 19 2
11 15 2
1 51 2
10 24 2
58 77 2
26 43 2
37 93 1
41 45 2
3 4 2
8 60 2
4 73 2
59 92 2
49 101 2
13 73 2
48 101 2
4 49 2
7 25 2
16 34 2
56 58 2
5 68 2
51 55 2
22 73 2
46 76 2
73 85 1
13 32 2
45 92 2
19 116 1
44 60 2
4 52 2
20 42 2
6 56 2
27 40 2
41 107 2
21 98 2
74 126 2
38 76 2
19 96 1
60 73 2
29 66 2
43 48 2
33 83 2
27 110 1
2 59 2
23 37 2
57 96 2
59 77 2
5 49 2
54 75 2
25 45 2
11 33 2
31 48 2
9 77 2
21 22 2
24 48 2
2 78 2
25 71 2
13 61 2
5 10 2
66 77 2
6 68 2
62 75 2
4 121 1
38 42 2
49 58 2
45 93 2
55 66 2
14 57 2
6 33 2
35 72 2
17 66 2
54 74 2
15 52 2
16 19 2
35 103 1
68 82 1
34 76 2
28 67 2
45 62 2
44 115 1
7 87 1
76 109 2
19 61 2
15 59 2
5 15 2
66 98 1
40 117 2
25 48 2
50 68 2
8 20 2
15 74 2
72 111 1
12 61 2
48 80 1
38 68 2
34 45 2
19 51 2
23 28 2
17 50 2
1 44 2
77 116 1
6 17 2
33 58 2
1 37 2
6 35 2
38 94 2
31 51 2
13 103 1
32 45 2
65 91 1
20 58 2
20 66 2
69 84 2
51 81 1
53 103 2
42 69 2
31 116 1
25 37 2
30 34 2
10 88 2
40 50 2
10 22 2
26 50 2
60 104 1
36 92 2
58 88 1
46 57 2
13 85 1
37 61 2
52 93 2
30 96 1
35 66 2
19 49 2
45 121 1
39 63 2
4 38 2
40 61 2
68 69 2
43 53 2
46 69 2
67 76 2
6 7 2
77 94 1
69 74 2
67 125 2
39 87 1
8 75 2
33 113 1
7 52 2
35 54 2
63 66 2
17 34 2
8 129 2
3 16 2
8 25 2
62 70 2
19 74 2
33 65 2
36 60 2
46 106 1
20 28 2
68 81 1
32 63 2
17 70 2
8 68 2
40 72 2
42 121 1
36 52 2
31 117 2
6 45 2
2 63 2
24 49 2
74 127 1
51 119 1
6 43 2
9 75 2
14 75 2
10 40 2
11 42 2
13 53 2
11 65 2
75 120 1
36 42 2
21 69 2
16 116 1
0 36 2
2 13 2
41 43 2
60 66 2
7 48 2
40 74 2
24 28 2
24 32 2
30 70 2
25 53 2
2 66 2
4 13 2
34 127 2
18 52 2
45 89 1
14 86 2
56 100 1
42 125 2
18 37 2
19 75 2
56 60 2
8 51 2
36 99 2
39 68 2
6 58 2
38 124 1
3 37 2
15 43 2
0 72 2
23 55 2
37 129 1
5 27 2
6 100 1
23 46 2
32 65 2
26 128 2
21 48 2
41 74 2
55 109 1
26 30 2
37 38 2
12 59 2
4 41 2
22 36 2
73 86 1
29 44 2
11 13 2
1 82 2
60 101 1
69 88 1
42 47 2
51 104 1
20 39 2
53 92 1
38 89 2
5 101 1
24 68 2
23 75 2
4 26 2
58 70 2
2 73 2
48 61 2
17 63 2
47 61 2
74 128 1
29 98 1
50 60 2
61 67 2
27 95 1
23 39 2
12 40 2
71 89 1
64 92 1
49 72 2
46 77 2
76 93 2
14 110 1
25 56 2
14 36 2
50 121 1
30 74 2
16 64 2
27 28 2
72 73 2
33 37 2
15 20 2
49 70 2
61 65 2
9 109 1
23 49 2
33 82 2
31 40 2
14 49 2
37 92 1
6 103 2
49 73 2
38 57 2
6 75 2
24 100 1
9 27 2
26 116 2
28 32 2
51 57 2
32 57 2
28 50 2
13 115 2
0 74 2
0 25 2
19 68 2
23 127 1
15 19 2
25 103 1
28 41 2
4 15 2
19 26 2
29 41 2
23 26 2
74 76 2
14 65 2
22 45 2
16 44 2
26 40 2
20 64 2
24 99 2
56 68 2
49 60 2
23 45 2
49 68 2
56 113 2
34 86 2
40 70 2
10 45 2
19 119 1
2 34 2
8 71 2
34 95 1
14 126 1
58 68 2
68 127 1
53 120 2
53 77 2
61 74 2
16 118 1
24 44 2
53 85 1
15 75 2
12 44 2
4 62 2
32 43 2
9 14 2
19 41 2
13 19 2
9 59 2
10 68 2
45 61 2
1 100 2
18 36 2
16 73 2
61 68 2
42 128 1
23 66 2
3 91 2
30 45 2
13 55 2
60 108 1
37 126 1
31 34 2
35 57 2
18 19 2
19 42 2
3 57 2
44 125 1
38 52 2
2 23 2
35 61 2
38 71 2
6 44 2
19 56 2
12 41 2
9 49 2
64 72 2
20 72 2
76 108 1
42 52 2
6 8 2
45 82 2
8 46 2
63 122 2
24 29 2
19 45 2
68 95 1
11 55 2
62 106 1
0 10 2
39 50 2
26 48 2
36 57 2
7 28 2
1 9 2
5 51 2
1 63 2
0 38 2
42 92 1
41 73 2
73 104 1
38 72 2
2 7 2
50 74 2
55 75 2
9 42 2
2 35 2
20 37 2
31 83 2
36 106 1
35 51 2
8 14 2
68 83 1
25 44 2
27 52 2
0 69 2
2 112 1
37 95 2
24 51 2
5 57 2
40 75 2
2 16 2
43 49 2
12 37 2
13 31 2
25 27 2
44 58 2
34 79 2
22 77 2
15 22 2
23 27 2
50 124 2
37 43 2
7 57 2
31 33 2
69 129 1
0 27 2
69 87 1
6 67 2
0 40 2
5 84 2
31 128 2
22 53 2
41 55 2
61 122 1
30 57 2
43 73 2
37 49 2
30 49 2
32 40 2
60 76 2
57 71 2
42 62 2
37 127 1
13 128 1
62 77 2
58 123 1
52 64 2
3 59 2
77 87 2
47 96 1
40 47 2
43 55 2
1 112 1
31 79 2
51 64 2
35 49 2
6 122 2
3 44 2
0 75 2
23 44 2
8 27 2
20 41 2
19 29 2
69 73 2
14 72 2
12 53 2
24 75 2
41 57 2
5 54 2
42 90 2
31 100 1
21 116 1
15 49 2
9 72 2
29 47 2
0 52 2
21 72 2
10 44 2
48 71 2
14 21 2
7 59 2
46 112 1
3 32 2
15 42 2
67 68 2
0 108 2
12 29 2
7 97 1
40 56 2
6 22 2
13 51 2
26 31 2
29 68 2
24 52 2
32 75 2
4 65 2
5 46 2
29 36 2
52 75 2
37 119 1
43 68 2
72 84 1
36 68 2
65 77 2
2 77 2
22 27 2
16 80 1
5 74 2
51 56 2
11 69 2
21 81 1
26 35 2
22 35 2
12 52 2
23 72 2
34 51 2
56 70 2
22 44 2
1 2 2
14 113 1
14 58 2
47 76 2
32 108 1
25 35 2
49 67 2
48 55 2
74 82 1
26 38 2
25 76 2
49 56 2
28 66 2
28 74 2
33 43 2
13 17 2
3 5 2
29 72 2
3 27 2
1 92 1
37 41 2
44 122 1
4 92 1
28 118 2
39 111 1
52 101 1
26 58 2
51 76 2
54 129 1
3 54 2
5 30 2
47 73 2
1 39 2
6 112 2
11 64 2
8 10 2
34 65 2
9 91 1
32 37 2
49 63 2
1 74 2
11 35 2
31 76 2
53 71 2
1 72 2
40 42 2
44 71 2
14 40 2
25 43 2
16 70 2
2 49 2
50 53 2
34 63 2
34 43 2
44 124 1
1 56 2
49 98 1
12 49 2
31 32 2
64 91 2
4 39 2
11 30 2
29 126 1
70 91 1
8 69 2
41 66 2
58 61 2
64 107 1
34 52 2
12 15 2
11 129 1
28 29 2
54 82 2
5 26 2
0 6 2
57 67 2
9 28 2
31 60 2
23 81 1
8 93 2
10 53 2
9 53 2
13 30 2
4 23 2
4 75 2
0 28 2
10 48 2
6 40 2
2 29 2
29 67 2
31 64 2
57 62 2
48 78 2
32 74 2
39 43 2
24 96 2
6 15 2
22 41 2
12 77 2
41 101 1
61 72 2
23 35 2
45 46 2
57 58 2
23 50 2
15 69 2
62 114 1
7 8 2
54 91 1
21 46 2
50 93 1
54 100 1
14 66 2
15 60 2
22 30 2
19 36 2
43 70 2
61 66 2
25 58 2
60 118 1
20 23 2
11 74 2
3 51 2
21 61 2
43 58 2
0 14 2
44 56 2
10 37 2
37 62 2
10 71 2
34 126 1
55 102 1
1 34 2
13 111 1
52 68 2
61 113 2
8 49 2
32 56 2
59 103 1
42 60 2
14 99 1
50 72 2
70 74 2
12 73 2
71 120 1
8 48 2
39 66 2
68 121 2
16 105 2
46 102 1
8 103 2
24 62 2
53 66 2
6 53 2
5 34 2
21 38 2
56 117 1
41 46 2
60 71 2
44 66 2
67 127 1
25 86 2
7 95 1
18 20 2
49 79 1
23 62 2
11 108 2
11 80 1
44 47 2
21 115 2
19 31 2
2 21 2
32 122 2
7 9 2
32 33 2
25 54 2
13 82 2
1 32 2
2 54 2
34 69 2
26 49 2
44 90 2
33 119 2
27 83 1
53 98 1
12 90 1
75 80 1
51 67 2
50 77 2
48 67 2
66 95 1
23 103 1
0 1 2
7 23 2
51 91 2
1 126 2
33 47 2
69 108 1
45 53 2
70 123 1
15 64 2
20 116 2
6 14 2
10 56 2
57 103 2
34 41 2
70 87 2
22 38 2
44 75 2
39 53 2
1 48 2
9 23 2
9 124 1
71 98 1
0 89 1
8 16 2
17 110 1
2 72 2
27 123 1
18 22 2
55 72 2
57 77 2
44 107 2
14 25 2
30 37 2
10 29 2
13 69 2
65 84 2
67 110 1
6 87 1
13 86 1
27 65 2
50 61 2
28 73 2
23 119 1
42 56 2
29 46 2
30 105 1
61 128 2
51 70 2
61 73 2
21 23 2
35 47 2
12 113 1
7 49 2
28 54 2
6 19 2
47 72 2
8 34 2
70 127 1
51 68 2
25 34 2
47 53 2
21 40 2
22 31 2
14 32 2
5 20 2
65 101 1
20 88 1
26 52 2
50 62 2
48 53 2
30 116 1
1 50 2
60 87 2
12 23 2
23 29 2
39 56 2
3 108 2
14 64 2
5 65 2
39 42 2
30 50 2
71 116 1
18 40 2
24 106 2
19 21 2
21 92 1
24 50 2
33 45 2
45 54 2
39 70 2
6 127 1
57 125 1
24 36 2
39 72 2
3 92 1
24 25 2
56 61 2
6 62 2
24 102 1
6 25 2
9 52 2
23 84 2
46 66 2
60 120 2
9 69 2
23 77 2
28 44 2
70 85 2
54 102 1
19 25 2
33 90 2
3 73 2
17 59 2
5 60 2
11 24 2
64 126 1
1 43 2
20 83 1
67 122 2
4 116 1
2 75 2
76 97 2
0 44 2
20 56 2
2 65 2
31 104 2
0 3 2
36 120 1
13 118 1
41 106 1
19 24 2
29 34 2
76 122 1
2 44 2
77 96 1
7 37 2
7 31 2
51 107 2
12 30 2
11 61 2
17 101 1
52 67 2
37 81 1
50 76 2
76 89 2
25 62 2
21 31 2
42 61 2
6 42 2
8 62 2
23 98 1
23 57 2
33 87 1
53 56 2
50 126 1
10 59 2
48 77 2
8 64 2
77 129 2
17 129 2
46 64 2
9 21 2
37 57 2
22 57 2
51 121 1
8 44 2
45 118 1
56 75 2
67 78 2
12 33 2
26 78 2
36 62 2
22 52 2
33 38 2
68 74 2
35 84 2
22 28 2
38 49 2
41 70 2
46 74 2
46 68 2
29 52 2
8 31 2
50 105 2
33 71 2
31 55 2
57 72 2
7 72 2
75 116 1
33 122 2
20 60 2
36 63 2
39 40 2
54 68 2
2 48 2
10 107 2
13 90 1
1 62 2
37 42 2
9 85 2
1 7 2
7 38 2
22 111 1
1 73 2
39 99 1
48 102 2
39 76 2
50 128 1
24 56 2
12 66 2
46 67 2
44 62 2
41 109 1
31 124 1
42 110 1
5 127 1
26 62 2
31 35 2
3 85 1
1 27 2
16 53 2
25 72 2
26 57 2
64 105 1
41 48 2
30 127 2
51 116 1
26 126 1
47 57 2
48 72 2
16 55 2
10 33 2
44 74 2
24 93 2
4 69 2
3 76 2
16 18 2
19 63 2
47 125 1
71 75 2
40 105 1
37 52 2
4 8 2
58 63 2
8 21 2
65 116 1
13 54 2
9 110 1
6 27 2
67 70 2
54 95 2
5 69 2
3 47 2
17 76 2
24 43 2
73 100 1
58 116 1
3 126 2
8 118 1
45 77 2
21 109 2
1 29 2
27 67 2
20 67 2
72 82 2
26 54 2
41 56 2
20 111 1
47 101 1
64 74 2
16 88 2
11 122 2
16 24 2
36 47 2
77 83 1
23 67 2
12 26 2
1 11 2
0 22 2
28 63 2
23 69 2
20 74 2
50 112 1
3 64 2
54 88 1
42 124 2
56 125 1
0 45 2
28 100 1
5 36 2
52 82 1
53 100 1
15 56 2
6 76 2
60 107 1
21 57 2
60 68 2
29 76 2
30 112 2
2 5 2
34 98 1
33 52 2
48 64 2
26 27 2
13 41 2
14 62 2
14 23 2
63 117 2
12 14 2
10 74 2
18 57 2
10 127 1
4 63 2
4 14 2
3 9 2
22 81 2
14 37 2
0 11 2
59 74 2
25 41 2
10 67 2
4 32 2
26 53 2
21 34 2
8 26 2
59 127 1
59 85 1
36 56 2
4 66 2
77 89 1
42 46 2
5 76 2
47 62 2
30 52 2
47 59 2
53 60 2
43 62 2
25 33 2
17 65 2
9 36 2
38 40 2
26 77 2
22 71 2
15 30 2
51 99 2
4 103 1
31 57 2
73 126 2
15 88 1
50 98 1
3 88 1
2 120 1
42 70 2
57 94 1
36 64 2
15 48 2
31 72 2
11 38 2
41 53 2
27 76 2
36 86 1
44 51 2
10 14 2
52 91 2
11 50 2
7 26 2
33 34 2
24 54 2
22 26 2
11 27 2
59 72 2
30 53 2
14 54 2
13 44 2
5 104 1
44 102 1
27 47 2
9 73 2
14 88 2
74 86 1
40 66 2
1 10 2
25 99 1
0 2 2
55 67 2
68 129 1
43 116 2
11 18 2
32 72 2
60 67 2
47 79 2
11 39 2
28 90 1
0 81 1
6 63 2
29 77 2
2 11 2
36 59 2
25 39 2
36 44 2
46 121 2
54 73 2
31 77 2
14 70 2
30 35 2
14 76 2
23 97 1
22 96 1
60 89 2
25 31 2
10 46 2
2 40 2
15 66 2
17 52 2
31 118 2
0 43 2
46 94 1
16 56 2
51 53 2
74 115 2
61 123 1
61 62 2
1 25 2
31 52 2
36 51 2
34 116 2
27 98 1
24 30 2
40 76 2
39 127 1
44 117 1
26 37 2
4 59 2
2 67 2
2 101 2
54 79 2
18 42 2
33 35 2
6 72 2
30 40 2
60 91 2
25 90 2
16 91 1
1 58 2
33 79 1
17 18 2
42 58 2
9 43 2
25 65 2
10 43 2
40 87 1
11 51 2
21 35 2
17 25 2
3 25 2
24 74 2
21 70 2
40 60 2
38 63 2
7 85 1
39 54 2
38 86 2
18 75 2
25 26 2
29 62 2
43 105 1
20 61 2
18 21 2
9 46 2
18 56 2
33 121 1
19 98 2
35 100 1
13 34 2
2 33 2
43 44 2
12 31 2
50 73 2
47 54 2
35 63 2
25 112 1
27 107 1
38 62 2
76 92 2
29 118 1
45 127 1
41 122 1
36 58 2
44 68 2
21 47 2
43 64 2
32 118 1
33 70 2
47 75 2
49 59 2
64 97 1
15 95 2
5 71 2
2 98 1
76 116 1
29 59 2
50 51 2
19 27 2
57 68 2
47 110 1
16 78 2
9 24 2
38 55 2
3 61 2
50 57 2
14 73 2
51 75 2
15 33 2
40 91 2
14 95 2
18 47 2
20 75 2
49 57 2
1 18 2
15 65 2
49 76 2
66 103 1
63 111 1
62 74 2
36 100 2
48 98 1
49 53 2
2 37 2
23 73 2
26 36 2
13 23 2
14 52 2
66 101 1
3 46 2
67 112 1
47 56 2
50 64 2
27 49 2
8 59 2
2 32 2
56 111 1
26 67 2
69 77 2
2 22 2
31 36 2
20 77 2
56 129 1
3 66 2
18 26 2
3 22 2
35 67 2
24 45 2
36 66 2
52 102 1
7 82 1
56 76 2
40 59 2
33 46 2
17 31 2
24 61 2
49 117 1
59 125 1
7 58 2
30 71 2
15 51 2
33 73 2
12 25 2
77 124 1
25 98 2
20 68 2
5 37 2
68 97 2
18 32 2
16 54 2
54 62 2
35 118 1
2 87 1
13 102 1
18 29 2
23 34 2
41 59 2
39 41 2
1 115 2
1 65 2
7 29 2
26 112 1
11 73 2
45 87 2
32 59 2
28 76 2
30 51 2
60 96 2
8 18 2
30 73 2
75 110 1
24 105 2
11 19 2
46 78 1
24 65 2
34 74 2
2 64 2
20 99 2
9 63 2
16 69 2
15 26 2
35 59 2
36 40 2
14 124 1
51 61 2
38 99 1
33 51 2
61 126 1
53 126 1
33 63 2
10 13 2
40 44 2
32 35 2
19 113 2
39 49 2
7 60 2
14 79 2
27 35 2
26 72 2
57 73 2
41 88 2
28 64 2
46 58 2
1 35 2
18 59 2
23 36 2
24 38 2
0 51 2
34 58 2
53 64 2
57 69 2
9 44 2
64 118 2
31 120 1
32 68 2
45 64 2
13 35 2
23 33 2
8 67 2
21 42 2
42 68 2
5 75 2
0 68 2
40 43 2
0 26 2
11 102 1
17 71 2
39 90 1
14 59 2
59 64 2
37 113 1
15 55 2
66 115 1
10 19 2
18 46 2
5 14 2
8 55 2
51 65 2
57 113 1
17 72 2
67 71 2
20 129 1
64 76 2
39 46 2
13 113 1
10 30 2
54 58 2
60 77 2
38 44 2
1 23 2
15 17 2
11 86 1
40 107 1
4 34 2
48 66 2
2 70 2
6 108 2
29 70 2
41 65 2
21 39 2
23 102 1
27 58 2
32 106 1
40 68 2
36 61 2
4 18 2
38 67 2
6 18 2
24 37 2
46 50 2
2 42 2
67 88 2
0 66 2
24 67 2
1 67 2
66 102 1
8 30 2
16 76 2
30 42 2
12 18 2
41 51 2
76 77 2
67 99 1
19 20 2
54 114 1
42 78 1
40 49 2
0 70 2
35 46 2
52 55 2
11 114 1
10 47 2
47 69 2
6 13 2
6 51 2
6 81 2
6 55 2
35 71 2
12 101 2
14 30 2
60 90 2
47 104 2
48 63 2
20 55 2
72 121 1
68 71 2
43 46 2
54 61 2
68 105 1
5 29 2
47 71 2
26 39 2
50 89 1
4 57 2
30 119 2
31 96 1
1 4 2
3 67 2
54 76 2
46 61 2
9 30 2
21 33 2
37 78 1
29 61 2
13 26 2
22 47 2
25 110 2
12 62 2
32 46 2
77 82 1
22 120 1
45 98 1
17 112 1
12 65 2
22 33 2
44 63 2
23 52 2
17 27 2
7 55 2
74 102 2
17 19 2
63 115 1
36 43 2
42 71 2
0 46 2
40 45 2
36 55 2
3 35 2
16 38 2
26 69 2
70 73 2
3 60 2
21 26 2
3 74 2
30 63 2
58 101 2
33 53 2
11 28 2
29 88 1
72 91 2
5 77 2
72 117 2
76 124 2
7 53 2
34 71 2
50 120 2
58 71 2
73 105 2
42 119 1
1 93 1
2 47 2
58 114 2
4 67 2
19 55 2
63 69 2
2 45 2
47 50 2
32 39 2
4 56 2
61 70 2
2 55 2
31 58 2
43 77 2
8 56 2
23 59 2
54 123 1
16 43 2
7 77 2
19 22 2
46 116 2
48 105 1
40 106 2
7 18 2
64 75 2
16 60 2
19 62 2
4 24 2
35 110 1
17 85 1
50 55 2
4 58 2
2 57 2
25 125 2
14 45 2
24 111 1
3 52 2
20 51 2
29 42 2
54 63 2
51 87 2
44 46 2
22 48 2
5 48 2
7 73 2
4 53 2
15 124 1
41 76 2
25 47 2
34 40 2
8 36 2
11 77 2
14 68 2
62 73 2
3 34 2
0 12 2
10 41 2
72 99 2
35 124 2
53 89 2
33 44 2
67 104 2
35 92 1
55 103 1
6 38 2
0 64 2
39 47 2
40 41 2
25 94 1
33 57 2
13 63 2
53 73 2
5 100 2
34 39 2
39 59 2
32 109 1
32 38 2
36 46 2
55 105 2
39 57 2
74 92 1
61 63 2
13 56 2
66 75 2
58 65 2
52 56 2
52 54 2
12 43 2
1 87 2
43 63 2
52 78 1
4 27 2
43 52 2
45 70 2
48 129 1
47 49 2
28 68 2
1 19 2
75 83 1
37 65 2
22 25 2
67 69 2
29 48 2
10 25 2
3 53 2
40 52 2
18 101 1
19 43 2
61 85 1
21 125 1
60 75 2
75 91 1
73 106 1
30 124 2
5 116 1
26 46 2
3 26 2
74 118 1
37 67 2
1 66 2
7 78 2
38 58 2
1 77 2
16 121 1
24 80 2
30 48 2
15 76 2
11 36 2
26 71 2
45 75 2
46 73 2
3 33 2
45 94 1
38 46 2
1 22 2
31 56 2
32 89 1
2 43 2
36 104 1
30 33 2
0 114 1
60 70 2
7 74 2
23 64 2
59 62 2
24 92 2
39 61 2
73 77 2
37 115 1
15 71 2
56 65 2
27 72 2
12 34 2
44 49 2
21 103 1
13 50 2
26 73 2
40 93 1
28 37 2
49 100 1
57 59 2
34 115 1
12 17 2
9 45 2
20 104 1
3 19 2
30 56 2
18 38 2
21 43 2
38 64 2
1 41 2
16 21 2
10 38 2
2 123 1
42 116 1
59 69 2
38 66 2
3 38 2
47 65 2
68 113 1
37 44 2
43 69 2
0 77 2
75 89 2
63 65 2
18 44 2
35 41 2
24 47 2
44 76 2
53 59 2
60 69 2
34 72 2
3 40 2
52 60 2
73 123 1
17 73 2
23 47 2
71 83 1
13 22 2
37 69 2
4 124 1
4 40 2
29 30 2
31 68 2
38 61 2
40 95 1
70 71 2
34 42 2
33 36 2
10 52 2
43 54 2
74 116 2
33 94 1
28 75 2
0 57 2
48 100 1
75 106 1
30 69 2
69 91 1
41 67 2
51 96 1
10 117 1
8 58 2
39 91 2
13 96 1
5 63 2
14 74 2
33 127 1
62 69 2
14 34 2
3 122 1
42 55 2
25 57 2
26 119 2
45 111 1
28 55 2
49 66 2
38 65 2
72 106 1
22 67 2
60 63 2
41 120 2
36 74 2
24 112 2
31 61 2
24 78 1
25 55 2
25 29 2
59 61 2
9 35 2
46 85 1
29 33 2
64 69 2
49 112 1
13 48 2
23 42 2
17 88 1
54 115 2
66 90 1
73 102 1
32 55 2
42 65 2
43 56 2
62 83 1
13 25 2
15 39 2
16 50 2
25 124 1
15 108 1
17 32 2
5 44 2
40 96 2
13 66 2
47 70 2
18 48 2
11 43 2
33 68 2
14 51 2
16 27 2
45 105 1
13 33 2
7 16 2
30 43 2
13 59 2
27 114 1
9 57 2
33 80 2
18 123 1
26 42 2
36 77 2
25 95 2
37 70 2
48 70 2
8 65 2
25 77 2
59 82 1
9 32 2
21 60 2
2 51 2
52 74 2
56 86 2
28 57 2
49 50 2
2 68 2
41 47 2
69 105 1
58 60 2
70 80 1
29 69 2
16 108 1
67 106 1
4 30 2
38 91 2
61 98 1
28 61 2
9 55 2
48 111 2
0 21 2
13 76 2
37 59 2
52 57 2
12 64 2
12 48 2
31 62 2
43 127 1
33 55 2
63 74 2
31 59 2
66 76 2
1 64 2
44 111 1
50 63 2
51 54 2
7 65 2
12 16 2
52 62 2
40 62 2
6 89 1
35 60 2
17 61 2
27 51 2
47 48 2
4 129 1
13 65 2
11 45 2
43 91 1
17 75 2
17 40 2
9 115 1
30 59 2
31 71 2
3 15 2
33 64 2
0 122 1
0 30 2
65 115 1
46 75 2
68 110 1
6 65 2
4 72 2
72 85 1
46 120 1
14 77 2
2 58 2
21 74 2
51 125 2
28 62 2
37 103 1
53 62 2
26 44 2
16 63 2
61 111 2
35 43 2
18 43 2
30 68 2
9 54 2
34 91 2
37 64 2
39 62 2
20 73 2
6 101 1
62 64 2
1 106 1
43 93 1
36 41 2
77 105 1
13 21 2
36 38 2
18 67 2
51 113 1
42 50 2
0 125 1
64 106 1
34 53 2
53 69 2
51 52 2
60 74 2
3 70 2
35 95 1
74 119 1
23 58 2
12 63 2
10 17 2
28 83 2
52 76 2
38 43 2
10 32 2
23 63 2
0 13 2
21 91 1
45 85 1
35 48 2
9 98 2
26 34 2
53 67 2
6 23 2
71 85 1
29 117 2
49 52 2
35 77 2
55 116 1
6 10 2
53 65 2
27 61 2
7 67 2
30 65 2
39 80 1
64 125 2
52 96 2
65 69 2
9 41 2
17 30 2
60 95 1
27 50 2
17 28 2
69 75 2
7 50 2
32 69 2
62 72 2
60 86 1
37 45 2
32 103 2
48 95 1
71 79 1
70 121 2
21 64 2
40 94 1
37 77 2
7 83 1
24 72 2
1 13 2
16 129 2
36 65 2
44 55 2
12 21 2
11 44 2
15 62 2
31 119 1
32 48 2
22 129 1
13 16 2
0 9 2
26 81 1
43 115 2
15 50 2
58 110 1
65 71 2
69 86 1
76 87 2
10 57 2
50 66 2
25 69 2
23 43 2
31 49 2
48 76 2
15 67 2
63 71 2
45 106 1
58 74 2
21 119 1
74 89 1
7 89 1
11 22 2
49 64 2
14 55 2
30 31 2
68 70 2
70 82 2
11 17 2
25 105 1
26 75 2
40 65 2
30 107 2
70 75 2
41 58 2
22 29 2
16 33 2
32 110 1
5 92 2
20 22 2
35 62 2
64 100 1
5 40 2
66 78 2
43 65 2
39 45 2
26 114 1
23 120 1
0 39 2
18 129 1
34 110 1
23 113 1
14 69 2
72 75 2
24 60 2
31 65 2
23 71 2
5 43 2
51 63 2
3 18 2
1 110 1
42 86 2
54 56 2
39 75 2
63 78 2
0 101 1
37 73 2
3 109 1
10 95 1
69 96 2
3 8 2
38 77 2
11 90 1
22 74 2
12 56 2
19 52 2
31 74 2
37 68 2
36 69 2
12 54 2
27 43 2
8 72 2
32 36 2
34 60 2
12 124 1
37 110 1
6 49 2
12 20 2
5 97 1
32 111 1
32 86 2
39 44 2
6 52 2
33 48 2
28 39 2
4 6 2
22 76 2
16 120 1
10 26 2
23 38 2
16 28 2
24 35 2
59 80 1
42 72 2
13 20 2
64 65 2
17 26 2
19 69 2
77 121 2
10 58 2
8 80 1
55 70 2
7 71 2
21 36 2
5 72 2
32 125 1
36 76 2
37 102 2
62 97 1
48 113 1
76 78 2
42 64 2
51 77 2
24 58 2
25 49 2
9 25 2
43 60 2
6 117 2
20 25 2
32 54 2
18 82 2
36 37 2
0 62 2
33 66 2
61 118 1
8 37 2
8 122 2
38 47 2
63 72 2
0 55 2
52 103 2
73 75 2
32 67 2
32 41 2
10 54 2
2 129 1
66 74 2
10 62 2
43 67 2
15 109 2
46 62 2
46 51 2
15 29 2
8 43 2
2 19 2
41 49 2
45 120 1
9 126 1
34 37 2
56 62 2
12 79 1
17 45 2
49 82 2
12 72 2
66 73 2
24 39 2
3 10 2
62 65 2
5 21 2
1 20 2
12 127 2
20 50 2
14 20 2
19 23 2
27 74 2
53 55 2
7 61 2
66 68 2
6 20 2
4 16 2
14 82 1
41 63 2
48 60 2
10 31 2
22 108 1
42 53 2
26 65 2
28 129 2
5 7 2
41 121 2
18 95 2
34 75 2
5 50 2
56 64 2
1 79 2
41 90 1
60 84 1
51 88 1
52 65 2
52 73 2
35 44 2
28 72 2
13 84 2
29 60 2
13 14 2
55 83 2
69 101 2
5 88 1
8 73 2
27 62 2
57 60 2
16 17 2
32 66 2
35 65 2
47 117 1
48 52 2
34 48 2
55 62 2
73 76 2
33 67 2
38 53 2
29 51 2
0 73 2
11 53 2
46 54 2
20 71 2
1 31 2
35 64 2
17 69 2
49 55 2
18 39 2
47 63 2
39 98 2
35 69 2
52 66 2
67 97 1
35 36 2
38 117 2
30 72 2
14 63 2
71 78 1
57 104 1
26 91 1
72 113 1
21 52 2
74 98 1
66 97 2
20 26 2
55 69 2
16 41 2
39 94 1
18 102 1
12 89 1
30 38 2
17 29 2
2 3 2
21 93 1
68 125 1
35 99 1
28 45 2
65 70 2
53 97 1
55 57 2
1 116 1
27 113 2
54 57 2
30 120 1
68 86 1
35 45 2
21 78 1
6 46 2
14 101 1
51 59 2
13 74 2
52 61 2
46 52 2
48 62 2
17 62 2
48 51 2
6 119 1
16 84 1
0 129 1
72 109 1
4 47 2
37 74 2
6 12 2
45 50 2
22 46 2
74 88 1
30 39 2
33 39 2
12 69 2
21 30 2
7 24 2
65 66 2
1 26 2
66 125 1
5 67 2
71 118 2
20 45 2
54 77 2
15 91 1
62 66 2
0 20 2
31 69 2
7 22 2
57 100 2
36 67 2
8 32 2
30 55 2
17 42 2
1 24 2
20 65 2
36 101 2
12 68 2
8 12 2
10 49 2
19 54 2
24 31 2
33 50 2
1 103 1
37 71 2
31 41 2
12 42 2
36 85 1
24 76 2
12 93 1
39 64 2
69 127 1
27 59 2
59 108 2
48 125 2
10 70 2
27 53 2
59 71 2
13 29 2
7 42 2
13 24 2
28 59 2
6 16 2
2 50 2
19 114 2
41 42 2
18 66 2
21 113 1
51 90 2
12 19 2
11 71 2
1 45 2
7 46 2
34 105 2
64 68 2
76 120 1
3 29 2
3 6 2
47 68 2
43 72 2
15 23 2
67 90 2
28 48 2
11 26 2
1 55 2
17 126 1
2 76 2
65 82 1
26 88 1
35 42 2
5 64 2
39 92 2
18 28 2
15 47 2
13 40 2
23 89 2
35 50 2
42 48 2
38 96 1
57 65 2
74 91 1
31 101 2
36 90 2
31 66 2
55 56 2
13 38 2
38 75 2
74 84 1
23 74 2
2 52 2
32 42 2
19 76 2
51 118 1
13 58 2
24 77 2
38 126 1
9 34 2
40 73 2
3 55 2
37 111 1
22 55 2
28 56 2
5 32 2
6 9 2
2 14 2
18 114 2
44 48 2
45 52 2
17 127 2
55 64 2
69 70 2
22 54 2
76 90 1
24 40 2
43 71 2
58 100 1
2 93 2
59 67 2
19 32 2
28 40 2
35 37 2
71 125 1
73 114 1
47 58 2
42 44 2
11 76 2
63 77 2
62 108 1
20 32 2
49 129 2
41 86 1
32 101 1
57 70 2
21 41 2
6 47 2
51 58 2
56 72 2
28 71 2
29 54 2
0 8 2
0 5 2
11 58 2
0 47 2
3 68 2
19 64 2
12 70 2
50 118 1
74 94 2
14 60 2
55 128 2
47 81 1
44 99 2
74 96 1
22 75 2
48 115 2
12 87 2
8 120 1
0 76 2
31 112 1
8 74 2
26 28 2
12 74 2
45 49 2
55 65 2
3 45 2
64 112 1
75 121 2
54 72 2
44 123 2
20 91 2
57 82 1
26 56 2
50 52 2
58 81 2
60 113 1
13 15 2
37 109 1
0 7 2
48 116 1
36 78 1
24 41 2
62 71 2
2 8 2
14 38 2
19 87 2
52 59 2
18 69 2
0 59 2
22 60 2
63 94 2
23 111 1
13 72 2
59 60 2
38 50 2
45 59 2
29 56 2
13 52 2
27 38 2
8 63 2
17 22 2
57 76 2
32 44 2
11 56 2
29 64 2
19 59 2
68 78 1
45 55 2
7 51 2
63 68 2
75 77 2
8 52 2
7 30 2
1 91 1
43 57 2
70 118 2
50 58 2
57 74 2
11 126 2
27 69 2
26 124 1
11 75 2
25 28 2
37 76 2
43 86 1
31 53 2
16 49 2
4 101 1
29 38 2
28 34 2
12 129 2
29 43 2
41 92 2
30 123 1
41 61 2
71 87 1
28 43 2
3 41 2
18 33 2
9 56 2
8 110 2
26 29 2
21 87 1
23 40 2
41 71 2
31 111 1
40 48 2
22 66 2
22 40 2
11 34 2
38 119 2
18 107 1
31 98 1
58 66 2
6 28 2
7 20 2
33 61 2
31 44 2
16 35 2
14 61 2
33 74 2
47 83 2
68 89 2
3 48 2
29 100 2
18 77 2
57 63 2
7 21 2
64 73 2
70 111 1
11 52 2
54 69 2
2 30 2
10 42 2
10 18 2
56 73 2
13 28 2
48 65 2
38 106 2
61 127 2
25 32 2
37 66 2
4 9 2
9 112 1
34 73 2
50 110 2
32 62 2
25 129 1
0 88 1
69 123 1
21 29 2
4 31 2
50 70 2
56 78 2
35 39 2
71 73 2
40 57 2
27 30 2
10 36 2
47 74 2
23 61 2
21 51 2
60 65 2
10 83 2
40 71 2
60 79 1
24 57 2
19 86 2
38 54 2
27 70 2
19 73 2
36 107 2
4 127 1
7 54 2
13 120 2
52 58 2
26 82 1
56 69 2
36 93 1
53 68 2
28 69 2
30 115 2
66 129 1
31 70 2
4 28 2
40 69 2
16 32 2
50 75 2
33 108 2
16 89 1
70 76 2
49 54 2
47 66 2
60 112 1
45 57 2
0 96 1
16 117 1
18 30 2
6 32 2
52 121 1
2 60 2
16 20 2
47 108 1
32 49 2
10 11 2
32 52 2
39 55 2
8 105 1
32 96 1
41 102 1
17 35 2
14 107 1
2 46 2
36 50 2
44 64 2
23 107 1
28 31 2
44 69 2
9 66 2
9 64 2
18 27 2
4 105 2
64 70 2
51 84 2
12 122 1
21 67 2
0 87 2
38 82 1
73 90 1
3 75 2
31 45 2
22 70 2
8 24 2
0 48 2
8 33 2
9 11 2
26 66 2
45 73 2
55 124 2
22 91 1
11 23 2
0 56 2
44 65 2
37 58 2
10 69 2
50 67 2
66 83 1
56 101 1
31 88 2
28 115 1
0 58 2
51 62 2
3 43 2
45 84 1
37 39 2
24 33 2
36 54 2
56 67 2
22 88 1
50 115 2
39 74 2
18 65 2
5 12 2
10 50 2
25 50 2
0 80 2
59 102 2
10 55 2
38 73 2
2 10 2
27 41 2
16 72 2
18 92 1
55 111 1
10 28 2
51 66 2
27 68 2
62 104 1
6 88 1
51 123 1
49 78 2
21 32 2
74 87 1
11 54 2
34 100 1
21 45 2
46 83 1
14 53 2
14 39 2
11 12 2
11 31 2
4 11 2
20 48 2
41 62 2
6 21 2
49 62 2
67 72 2
24 42 2
10 23 2
9 31 2
47 89 2
3 36 2
21 71 2
58 73 2
9 17 2
15 90 1
14 114 2
27 57 2
41 68 2
38 101 1
27 86 1
68 107 1
16 125 1
32 121 1
53 121 1
1 28 2
64 121 1
37 99 1
61 77 2
54 71 2
6 54 2
5 58 2
2 96 2
17 58 2
1 12 2
9 15 2
61 117 1
52 122 2
28 49 2
7 62 2
20 36 2
13 49 2
53 129 2
15 21 2
17 20 2
53 61 2
7 33 2
45 72 2
28 85 2
66 67 2
65 76 2
19 88 1
19 66 2
34 54 2
10 12 2
13 75 2
47 97 1
25 73 2
2 106 1
38 78 2
14 31 2
22 58 2
2 26 2
21 63 2
32 113 2
16 58 2
30 125 1
58 113 1
13 57 2
64 113 1
38 45 2
11 103 1
15 37 2
65 72 2
4 61 2
38 115 1
15 18 2
14 15 2
58 98 1
21 75 2
21 55 2
62 119 1
14 46 2
5 33 2
4 54 2
52 69 2
52 90 1
0 50 2
35 55 2
5 55 2
51 128 1
69 72 2
68 98 1
18 41 2
14 41 2
23 104 1
55 73 2
30 41 2
20 53 2
17 46 2
47 128 2
43 97 1
33 41 2
31 63 2
20 27 2
40 101 1
40 51 2
3 103 2
21 79 2
49 75 2
44 120 1
5 52 2
1 69 2
42 54 2
35 102 1
52 94 1
74 77 2
7 79 1
1 68 2
45 69 2
4 17 2
32 116 1
22 64 2
1 76 2
18 84 2
6 70 2
54 113 2
68 101 2
47 77 2
56 71 2
38 74 2
37 107 1
51 72 2
71 74 2
65 73 2
12 126 1
61 116 1
58 118 1
20 24 2
24 126 1
5 28 2
35 75 2
4 68 2
30 121 1
6 50 2
22 34 2
18 64 2
27 75 2
21 77 2
2 91 1
17 43 2
1 52 2
44 108 1
7 11 2
65 74 2
28 46 2
64 71 2
15 40 2
31 42 2
14 19 2
26 55 2
23 129 1
8 70 2
54 65 2
17 57 2
49 121 2
26 33 2
11 16 2
10 21 2
9 26 2
35 119 2
75 76 2
1 17 2
11 41 2
12 46 2
22 117 1
69 71 2
7 14 2
61 124 1
5 17 2
10 34 2
26 93 1
41 89 1
2 107 1
2 118 2
53 83 1
7 69 2
18 128 1
27 29 2
45 66 2
12 84 2
34 36 2
36 72 2
7 66 2
2 25 2
16 29 2
0 49 2
39 65 2
65 67 2
15 24 2
70 124 2
9 60 2
23 68 2
17 21 2
8 23 2
20 93 2
23 53 2
26 41 2
10 51 2
20 30 2
55 108 1
19 60 2
25 52 2
5 94 2
45 60 2
27 48 2
42 75 2
23 56 2
14 24 2
38 70 2
7 104 1
69 82 2
39 48 2
41 126 2
10 60 2
31 86 1
24 73 2
27 91 1
12 117 2
35 112 2
14 18 2
25 38 2
26 60 2
49 74 2
24 125 2
11 25 2
15 35 2
62 68 2
27 112 2
19 50 2
65 123 1
12 38 2
17 49 2
53 80 2
34 68 2
7 76 2
7 56 2
37 40 2
27 73 2
70 92 1
22 84 1
39 86 1
51 94 1
34 57 2
54 66 2
4 43 2
1 6 2
7 12 2
2 62 2
29 49 2
6 41 2
9 22 2
10 98 1
5 53 2
12 60 2
18 73 2
27 33 2
17 38 2
42 51 2
62 63 2
22 37 2
9 20 2
1 40 2
0 31 2
29 105 2
41 97 2
9 99 1
47 64 2
16 52 2
2 18 2
23 48 2
27 34 2
33 75 2
28 53 2
8 121 1
49 83 2
1 59 2
38 123 1
18 55 2
7 40 2
4 125 1
46 65 2
41 44 2
0 54 2
10 61 2
24 120 1
8 35 2
40 55 2
55 60 2
34 50 2
54 70 2
52 127 2
7 75 2
26 89 1
2 9 2
50 59 2
22 93 1
22 59 2
64 123 1
0 4 2
27 71 2
42 49 2
16 59 2
2 17 2
3 30 2
18 63 2
24 104 1
1 38 2
10 65 2
1 60 2
52 71 2
15 70 2
75 115 1
58 75 2
3 7 2
13 104 1
15 63 2
11 20 2
17 74 2
39 106 1
62 126 1
20 33 2
37 54 2
27 55 2
10 87 1
17 23 2
38 41 2
49 51 2
19 38 2
11 57 2
35 76 2
39 77 2
17 36 2
25 75 2
43 74 2
20 44 2
6 77 2
59 76 2
15 68 2
48 75 2
42 118 2
45 76 2
9 19 2
30 128 1
11 85 1
8 47 2
16 30 2
27 63 2
14 33 2
19 44 2
59 123 2
53 74 2
3 14 2
26 47 2
8 15 2
5 25 2
9 103 1
26 32 2
27 108 2
26 79 1
27 56 2
68 72 2
10 72 2
35 56 2
47 127 1
5 23 2
21 68 2
39 58 2
43 75 2
5 62 2
37 72 2
9 122 1
38 48 2
67 81 2
75 97 1
6 30 2
67 103 1
17 67 2
6 36 2
2 39 2
0 17 2
1 33 2
9 47 2
19 39 2
10 76 2
6 64 2
61 69 2
27 39 2
47 60 2
30 76 2
6 85 1
54 60 2
18 72 2
32 88 1
2 116 2
45 90 1
54 106 2
0 33 2
47 116 1
71 127 2
72 78 1
46 53 2
64 90 1
6 60 2
23 25 2
8 61 2
40 128 2
30 126 1
69 94 2
32 64 2
3 71 2
27 31 2
33 54 2
35 106 1
54 55 2
57 66 2
21 59 2
6 104 1
18 70 2
11 49 2
14 127 2
38 39 2
20 57 2
17 64 2
44 67 2
4 7 2
55 63 2
35 96 1
27 32 2
36 45 2
63 123 1
7 120 1
35 125 1
15 28 2
15 38 2
8 45 2
0 16 2
12 67 2
32 98 2
20 87 2
17 83 1
47 120 1
28 65 2
4 29 2
39 73 2
18 74 2
50 69 2
13 43 2
0 61 2
43 61 2
9 12 2
48 56 2
5 9 2
16 47 2
43 47 2
6 69 2
57 75 2
24 85 2
1 70 2
5 99 1
14 26 2
2 92 2
0 23 2
32 60 2
3 17 2
45 67 2
19 28 2
24 71 2
30 46 2
68 76 2
51 89 1
23 32 2
25 66 2
16 23 2
0 29 2
16 99 2
53 116 1
16 95 1
13 64 2
0 41 2
36 75 2
19 40 2
17 77 2
29 35 2
34 61 2
14 48 2
64 66 2
46 109 1
4 42 2
42 73 2
24 59 2
21 128 1
5 11 2
0 53 2
24 46 2
10 39 2
18 45 2
5 61 2
60 124 1
29 75 2
25 59 2
10 27 2
25 101 2
15 27 2
4 44 2
16 51 2
13 87 1
0 121 1
9 70 2
8 119 1
19 35 2
42 108 1
59 97 1
63 75 2
37 56 2
12 108 2
68 77 2
40 123 1
9 39 2
56 63 2
65 120 2
20 46 2
22 72 2
24 27 2
63 70 2
8 17 2
54 59 2
2 6 2
13 37 2
28 47 2
30 44 2
25 85 2
39 69 2
7 100 2
46 71 2
0 94 1
5 16 2
31 37 2
35 58 2
8 101 1
0 103 1
53 79 2
30 75 2
16 25 2
25 46 2
73 119 2
9 94 1
22 65 2
74 93 2
77 118 2
42 112 1
21 24 2
15 61 2
10 116 1
4 36 2
16 36 2
24 66 2
30 47 2
10 20 2
44 61 2
30 67 2
54 64 2
4 48 2
14 29 2
4 21 2
66 122 1
28 101 2
13 36 2
9 128 1
13 107 2
34 66 2
11 63 2
25 60 2
32 34 2
22 61 2
5 56 2
17 47 2
18 35 2
12 107 2
6 73 2
21 112 1
53 58 2
46 48 2
42 109 1
7 36 2
3 13 2
19 72 2
3 28 2
21 56 2
6 74 2
4 84 2
9 10 2
5 47 2
7 34 2
48 58 2
12 36 2
17 48 2
48 85 1
34 56 2
16 61 2
59 70 2
18 117 1
56 112 1
63 76 2
22 121 1
16 39 2
25 40 2
20 79 1
2 38 2
28 33 2
43 51 2
12 45 2
32 58 2
30 77 2
42 114 1
14 22 2
22 69 2
41 119 1
42 126 2
58 117 1
9 71 2
14 92 1
37 101 2
33 56 2
29 74 2
16 92 1
29 57 2
17 54 2
40 77 2
19 47 2
39 71 2
62 95 1
74 122 1
46 99 1
49 85 1
13 27 2
30 60 2
74 108 2
41 50 2
2 81 1
17 68 2
12 35 2
5 18 2
11 67 2
76 79 1
6 11 2
30 66 2
11 37 2
55 71 2
0 18 2
39 115 2
33 69 2
16 57 2
31 75 2
3 98 2
28 58 2
19 33 2
44 73 2
55 74 2
18 94 1
16 26 2
61 121 1
25 70 2
8 77 2
7 10 2
28 70 2
49 77 2
18 25 2
55 110 1
7 39 2
5 59 2
20 70 2
52 63 2
42 129 2
35 97 1
61 64 2
8 57 2
15 45 2
32 71 2
14 17 2
44 77 2
29 63 2
57 95 2
32 76 2
44 53 2
19 53 2
5 19 2
48 117 2
5 39 2
22 23 2
46 56 2
16 68 2
8 54 2
20 106 2
11 32 2
69 100 2
4 33 2
7 70 2
61 103 1
60 62 2
17 24 2
62 67 2
5 42 2
77 117 1
31 67 2
44 57 2
48 69 2
4 85 2
5 13 2
9 38 2
6 118 2
44 106 1
51 82 2
24 69 2
25 42 2
15 72 2
13 42 2
67 82 1
36 128 1
37 114 2
72 103 1
51 60 2
42 77 2
0 15 2
29 32 2
12 13 2
47 51 2
57 106 1
34 122 2
22 24 2
16 22 2
24 55 2
64 115 1
19 48 2
23 70 2
44 50 2
45 65 2
38 56 2
10 73 2
44 103 2
26 64 2
10 66 2
34 64 2
49 65 2
2 36 2
36 71 2
9 33 2
53 122 1
19 71 2
18 76 2
8 42 2
2 71 2
26 74 2
4 64 2
6 90 1
15 53 2
19 120 1
44 52 2
6 126 1
23 96 2
4 19 2
36 97 1
29 65 2
53 54 2
44 126 2
55 77 2
8 13 2
30 78 1
58 93 1
43 104 1
15 34 2
3 21 2
15 46 2
40 46 2
65 79 1
19 30 2
58 64 2
47 55 2
25 74 2
11 121 2
4 45 2
20 43 2
71 96 1
36 119 1
0 115 2
6 61 2
47 129 1
16 62 2
3 49 2
28 30 2
24 53 2
70 101 1
11 48 2
45 68 2
11 62 2
11 66 2
1 30 2
2 41 2
29 31 2
24 123 2
25 30 2
16 31 2
3 20 2
3 23 2
35 73 2
2 4 2
77 108 1
52 100 2
6 121 2
42 63 2
16 37 2
10 90 1
28 77 2
7 106 1
17 44 2
43 66 2
57 93 2
42 117 1
6 34 2
20 59 2
59 75 2
8 19 2
24 63 2
59 117 1
44 54 2
27 45 2
76 126 1
24 64 2
47 52 2
6 125 1
6 24 2
52 70 2
3 77 2
1 54 2
0 24 2
34 118 1
33 59 2
33 77 2
27 129 1
39 123 1
36 49 2
26 59 2
40 126 1
11 78 1
59 128 1
26 113 2
22 49 2
66 93 1
50 101 1
60 72 2
57 85 1
42 127 2
3 72 2
8 28 2
7 63 2
56 66 2
37 55 2
18 31 2
55 92 1
4 98 2
20 35 2
6 48 2
37 46 2
32 51 2
68 96 1
58 69 2
52 87 1
17 51 2
21 27 2
70 116 2
21 49 2
28 98 2
4 74 2
21 50 2
8 53 2
36 39 2
18 49 2
26 68 2
23 106 1
3 50 2
29 55 2
41 69 2
29 101 1
5 110 1
42 74 2
30 61 2
42 85 1
13 46 2
25 111 1
21 53 2
13 45 2
20 63 2
4 60 2
15 58 2
20 86 1
54 97 1
66 72 2
9 29 2
73 129 1
35 38 2
39 108 1
7 17 2
18 88 2
2 122 1
73 120 2
8 9 2
26 76 2
35 40 2
35 90 1
74 83 1
2 103 2
39 93 1
18 50 2
16 42 2
36 83 1
43 78 1
55 129 1
13 114 1
28 35 2
8 66 2
69 76 2
15 54 2
26 84 1
8 29 2
45 74 2
24 70 2
8 11 2
11 83 1
45 56 2
34 67 2
12 55 2
23 51 2
36 117 1
4 5 2
30 54 2
1 8 2
13 77 2
55 76 2
48 110 1
12 27 2
5 115 1
37 80 1
38 60 2
26 63 2
8 22 2
46 49 2
32 119 1
12 32 2
9 65 2
3 42 2
12 50 2
34 70 2
30 36 2
29 39 2
23 41 2
34 77 2
40 58 2
5 129 1
56 121 2
39 52 2
16 45 2
18 54 2
70 72 2
7 32 2
6 59 2
3 39 2
32 77 2
39 103 2
70 106 1
11 40 2
2 80 1
48 57 2
9 58 2
10 63 2
76 118 2
77 128 1
27 54 2
30 114 1
38 104 1
22 63 2
45 51 2
39 60 2
50 102 1
5 22 2
3 31 2
30 99 1
14 50 2
50 65 2
48 54 2
42 59 2
62 79 1
50 56 2
19 128 1
48 59 2
19 118 1
1 57 2
16 67 2
29 37 2
50 113 1
22 68 2
10 77 2
20 40 2
68 108 1
70 77 2
19 77 2
33 118 1
3 58 2
46 59 2
9 48 2
19 67 2
23 31 2
35 68 2
56 99 2
68 119 1
45 101 2
9 40 2
74 111 2
62 107 2
69 90 1
36 73 2
40 53 2
5 6 2
23 76 2
10 81 2
16 40 2
21 65 2
10 16 2
50 122 1
7 47 2
13 67 2
27 66 2
9 67 2
40 98 2
66 71 2
31 46 2
1 46 2
9 74 2
6 29 2
56 127 1
1 42 2
46 55 2
44 70 2
3 62 2
10 91 1
0 35 2
27 64 2
42 76 2
70 86 1
62 76 2
4 22 2
48 107 1
11 14 2
41 77 2
37 48 2
11 117 2
75 78 1
13 91 2
17 33 2
12 24 2
40 63 2
26 70 2
41 60 2
14 47 2
14 35 2
67 75 2
16 77 2
75 125 2
35 104 1
1 71 2
20 62 2
26 61 2
58 76 2
9 61 2
48 89 2
49 94 1
46 70 2
75 100 1
65 129 2
56 74 2
51 71 2
3 63 2
32 61 2
37 47 2
68 122 1
63 87 2
7 35 2
63 102 1
14 71 2
49 92 1
4 70 2
53 90 2
43 59 2
9 92 2
67 73 2
20 31 2
25 115 1
74 75 2
6 71 2
22 42 2
14 16 2
47 67 2
23 65 2
36 48 2
52 53 2
69 98 1
75 111 2
53 70 2
27 44 2
49 61 2
18 62 2
65 75 2
15 16 2
34 44 2
26 51 2
17 123 1
2 12 2
14 27 2
12 110 1
23 79 2
55 59 2
48 106 2
12 71 2
62 101 1
7 68 2
41 87 1
22 39 2
1 101 2
43 50 2
33 62 2
59 66 2
20 95 1
11 29 2
44 59 2
1 49 2
51 69 2
4 97 2
48 49 2
35 52 2
70 120 1
77 92 1
19 37 2
28 126 1
0 65 2
37 50 2
9 18 2
54 124 2
27 126 1
21 62 2
56 57 2
65 93 1
33 40 2
72 96 1
34 46 2
8 39 2
27 60 2
44 45 2
4 78 2
66 69 2
67 74 2
25 68 2
0 60 2
60 83 2
22 51 2
13 71 2
5 119 1
12 75 2
33 124 1
72 104 1
46 113 1
15 73 2
35 114 1
22 56 2
16 65 2
4 46 2
67 93 1
0 105 1
10 120 1
9 111 1
9 13 2
19 46 2
20 76 2
15 36 2
1 53 2
25 36 2
7 41 2
75 102 2
35 101 1
37 63 2
31 38 2
13 47 2
15 25 2
2 56 2
20 52 2
0 19 2
36 121 2
29 114 1
8 38 2
14 108 1
34 38 2
18 34 2
4 76 2
60 100 1
15 31 2
29 112 2
40 67 2
77 110 2
15 99 1
12 118 1
2 74 2
17 53 2
15 117 1
117 123 2
28 36 1
34 62 1
77 123 1
6 31 1
63 73 1
29 40 1
7 13 1
37 85 2
53 124 1
25 51 1
1 3 1
75 82 1
27 77 1
30 129 2
29 50 1
66 82 2
69 97 2
12 76 1
