% n=100 p=33 d=0.66 p_blue=0.66
% k=0
10 99 2
24 65 1
29 33 2
19 43 1
31 79 1
5 23 2
32 38 2
32 87 1
28 76 2
11 39 1
31 77 2
32 92 1
13 78 1
13 32 2
1 36 2
11 98 2
22 26 2
4 63 2
13 52 2
7 16 2
25 39 1
32 65 1
18 91 1
18 97 1
5 74 2
10 46 2
29 45 2
3 24 2
27 52 2
32 61 1
20 73 2
7 61 2
10 69 2
7 37 2
5 94 1
6 37 2
2 68 2
11 49 1
15 79 1
8 57 2
9 21 2
29 89 1
31 45 1
14 71 2
6 72 1
4 45 1
15 99 2
23 36 1
17 21 2
15 72 2
28 51 1
15 30 2
14 96 2
7 47 1
2 28 2
32 46 2
14 93 1
9 36 1
21 51 1
6 68 2
22 72 1
21 44 1
1 95 2
19 46 2
0 71 2
10 12 2
20 26 2
7 18 2
1 24 2
16 86 2
11 73 1
17 27 2
23 57 2
4 93 1
12 37 2
6 64 2
25 34 1
3 12 2
24 89 2
10 34 2
15 70 2
4 35 2
30 36 2
32 91 2
14 55 2
16 39 2
30 51 2
12 73 1
24 25 2
12 20 2
32 80 2
21 52 2
5 31 2
25 62 2
12 27 2
29 52 2
0 83 2
25 76 1
23 83 1
13 80 2
30 31 2
6 86 2
16 74 1
31 80 1
0 10 2
13 62 2
23 88 1
11 34 2
7 21 2
1 80 2
18 20 2
4 73 2
1 13 2
17 95 1
20 46 2
4 37 2
25 30 2
7 60 2
26 75 2
3 71 2
5 28 2
8 63 2
14 58 2
7 19 2
27 69 1
27 73 1
23 89 2
6 16 2
1 92 1
6 50 1
27 42 2
18 46 2
23 70 2
13 41 2
23 96 2
24 37 1
14 72 2
20 80 2
14 89 1
8 83 2
16 26 2
26 57 2
3 31 2
13 98 2
10 16 2
27 31 2
9 87 2
28 96 2
0 57 2
5 64 1
9 28 2
9 79 1
21 71 2
8 64 1
2 75 2
25 54 1
24 39 1
22 83 2
6 10 2
29 36 1
6 99 2
15 80 1
11 24 2
18 22 2
20 52 1
29 61 1
32 83 2
17 61 2
4 56 2
20 83 2
28 73 2
4 51 2
0 66 1
13 16 2
17 22 2
9 75 1
22 53 1
11 40 2
14 56 1
24 32 2
18 32 2
5 35 2
16 28 2
18 86 1
0 5 2
2 78 2
25 75 2
20 72 1
7 50 2
7 67 1
14 18 2
10 45 1
1 49 1
25 86 1
31 89 1
8 58 2
21 92 1
26 91 1
12 85 2
9 65 1
26 86 1
32 56 2
3 99 2
22 66 1
28 49 2
19 26 2
18 73 1
2 20 2
14 48 1
22 35 1
6 56 1
22 82 1
14 86 2
7 15 2
10 17 2
5 26 2
17 55 1
13 71 1
4 72 2
17 24 2
22 51 2
20 86 2
8 41 2
25 64 1
15 57 2
21 76 2
23 25 2
10 56 2
6 14 2
1 58 2
9 98 2
6 18 2
24 61 2
32 39 2
7 84 2
24 53 2
7 85 2
18 82 1
0 53 2
10 88 2
26 29 2
10 92 1
18 99 2
4 97 2
21 45 2
12 77 1
4 10 2
16 70 2
28 98 2
25 52 2
31 75 2
29 69 1
3 86 2
5 79 2
21 29 2
6 47 2
3 58 2
7 63 1
5 53 1
0 54 2
21 50 2
22 80 2
32 53 2
3 81 2
3 26 2
15 20 2
8 61 2
12 72 1
28 69 1
25 59 2
24 29 2
10 44 2
8 27 2
21 24 2
17 19 2
3 25 2
26 33 1
12 14 2
4 54 2
2 3 2
12 59 2
4 26 2
20 94 2
8 25 2
30 73 2
17 66 1
28 93 2
19 35 2
2 19 2
4 90 2
1 47 1
13 67 2
7 14 2
8 10 2
16 45 2
23 66 2
2 24 2
15 52 2
32 93 1
29 31 2
13 63 2
19 47 2
24 27 2
6 17 2
0 21 2
8 29 2
12 94 2
31 94 1
22 74 2
16 77 2
7 64 2
6 75 2
0 17 2
4 31 2
6 13 2
31 93 2
18 67 2
5 68 1
28 52 1
17 56 1
0 38 2
25 71 1
5 37 2
27 80 1
18 21 2
8 17 2
21 30 2
19 96 1
28 41 2
28 29 2
28 75 2
28 37 1
22 27 2
31 82 1
20 74 2
18 75 2
13 42 1
7 9 2
7 46 2
1 84 1
4 75 2
7 53 2
30 83 2
12 16 2
16 19 2
17 77 1
32 98 2
1 21 2
3 53 2
2 66 2
11 12 2
27 48 1
12 78 2
20 70 1
2 21 2
9 45 2
30 99 2
11 60 2
14 81 2
2 65 1
7 52 2
32 37 2
5 66 2
4 7 2
26 81 1
16 64 1
7 26 2
14 78 1
0 29 2
2 9 2
22 70 1
18 39 1
23 26 2
0 11 2
8 12 2
3 60 2
1 26 2
21 61 1
22 96 1
4 61 1
1 69 2
14 20 2
24 86 2
10 42 2
5 17 2
20 32 2
3 19 2
19 56 2
6 41 2
9 92 2
13 94 2
23 63 2
16 72 1
29 47 1
0 47 2
8 19 2
23 99 1
16 79 1
19 63 2
25 94 2
16 90 2
31 64 1
2 54 2
23 75 1
31 90 1
13 23 2
24 59 2
26 84 1
28 68 2
7 43 2
15 31 2
17 38 2
7 71 2
8 52 1
12 31 2
20 96 2
12 41 2
15 37 2
22 93 1
30 92 2
17 47 2
5 85 2
7 89 1
3 35 2
14 60 1
12 80 2
11 27 2
27 65 2
12 52 2
28 63 1
28 50 2
0 97 2
29 57 2
21 22 2
5 45 2
14 25 2
0 67 1
25 37 1
4 57 2
28 56 2
12 25 2
20 58 2
21 25 2
8 46 2
30 89 2
3 75 1
31 66 2
11 92 2
32 59 2
4 42 2
27 47 2
5 99 2
25 51 2
18 66 2
14 54 2
20 41 1
29 94 2
7 8 2
16 66 1
1 22 2
5 43 2
10 20 2
26 27 2
11 37 2
27 92 1
0 33 2
2 64 2
11 65 2
25 29 2
24 99 2
27 36 2
24 67 2
25 28 2
14 45 1
10 52 1
17 67 2
2 32 2
25 70 2
4 99 1
14 30 2
7 22 2
17 65 2
15 25 2
21 27 2
19 80 2
15 96 2
31 61 2
29 79 1
11 66 2
4 21 2
9 66 2
5 73 2
21 74 2
7 92 1
10 31 2
2 39 2
22 25 2
6 46 2
5 93 2
1 9 2
7 45 2
4 6 2
26 77 1
28 42 1
3 98 2
14 64 2
12 26 2
9 18 2
29 77 1
3 95 1
8 42 2
21 38 2
22 30 2
13 20 2
22 61 1
5 36 2
8 67 2
4 65 2
32 71 2
9 37 2
4 86 1
2 5 2
16 89 2
7 58 2
11 21 2
6 89 2
6 25 2
31 43 1
25 45 2
23 86 2
13 58 2
27 59 2
28 34 1
4 19 2
22 81 1
14 99 2
18 77 2
11 42 2
8 21 2
17 99 2
13 68 2
13 17 2
7 32 2
0 2 2
21 63 2
3 79 2
11 46 2
27 85 2
10 96 2
5 30 2
9 77 2
7 12 2
16 33 2
8 50 1
0 74 2
18 64 2
13 30 2
11 13 2
28 59 2
3 82 2
9 51 2
3 57 2
21 95 1
13 85 2
32 74 2
18 27 2
4 78 1
3 93 1
7 39 2
11 79 1
18 90 2
1 5 2
11 15 2
15 87 2
27 28 2
11 91 1
19 98 2
24 28 2
10 50 2
18 40 2
23 28 2
31 81 2
8 92 2
0 4 2
15 45 2
0 78 2
0 15 2
31 37 2
20 24 2
17 29 2
0 63 2
9 27 2
31 99 2
28 81 2
12 68 2
1 38 2
3 76 2
6 96 2
28 85 1
3 66 2
13 31 2
1 27 2
14 66 2
28 91 1
5 40 2
0 76 2
29 70 2
5 15 2
13 35 2
30 58 2
3 11 2
4 60 2
7 11 2
30 69 2
3 55 2
26 28 2
22 84 1
0 87 1
3 20 2
10 35 1
19 90 2
0 14 2
4 87 1
24 94 1
18 24 2
7 90 2
32 70 2
3 36 2
27 67 1
16 80 2
28 71 1
23 74 1
8 62 2
15 78 2
28 72 2
29 65 2
15 16 2
3 28 2
5 81 2
2 8 2
8 65 2
8 94 2
25 32 2
30 86 2
8 84 1
31 72 1
20 68 2
9 24 2
0 30 2
16 31 2
5 96 2
23 29 2
22 47 2
9 81 2
31 52 1
32 43 2
16 20 2
6 74 2
5 49 2
29 86 2
6 98 2
2 97 2
3 17 2
9 16 2
31 36 2
6 35 1
1 61 2
18 51 1
14 92 1
1 16 2
2 80 2
10 29 2
12 90 2
29 74 2
2 94 2
0 28 2
13 53 2
17 18 2
16 94 2
21 28 2
6 59 2
20 88 1
19 86 2
0 43 2
19 20 2
29 91 2
2 62 2
20 50 2
20 56 1
19 24 2
9 56 1
9 22 2
5 29 2
6 26 2
27 50 1
16 57 2
32 86 2
21 84 2
2 48 1
14 24 2
15 43 2
31 49 2
3 46 1
28 88 1
0 26 2
22 88 2
3 34 2
18 96 2
23 62 2
23 42 2
11 18 2
18 33 2
29 88 1
20 25 2
6 21 2
22 40 2
11 25 2
1 14 2
21 33 1
28 83 2
8 88 1
0 18 2
26 60 2
20 39 2
7 75 2
22 77 2
24 35 1
31 48 1
1 25 2
22 50 2
23 54 1
11 28 2
10 70 2
4 8 2
24 92 2
15 88 1
12 75 2
30 53 1
18 93 2
15 97 2
8 30 2
4 23 2
15 75 2
6 15 2
25 96 1
23 58 1
20 59 1
17 30 2
2 92 2
17 78 2
1 83 2
0 77 2
24 64 1
2 58 1
13 69 1
9 31 2
8 26 2
22 28 2
29 34 2
30 50 1
25 43 1
1 51 1
23 60 1
4 30 2
4 84 2
8 44 2
29 48 2
32 33 2
13 43 2
26 38 2
28 57 1
24 44 2
0 25 2
22 23 2
2 7 2
22 98 2
0 6 2
3 22 2
5 25 2
30 97 1
2 81 2
32 78 2
9 42 2
17 46 1
5 98 2
22 36 1
7 76 1
27 57 1
17 58 2
32 79 2
7 55 2
30 61 2
25 84 2
22 95 2
8 79 1
25 46 2
0 85 2
5 67 1
9 43 2
13 45 2
0 23 2
24 75 2
1 89 2
21 88 2
8 53 1
8 77 1
4 74 2
11 20 2
17 20 2
13 22 2
9 60 2
25 89 1
13 21 2
2 47 2
17 71 2
10 27 2
26 80 2
14 29 2
18 37 2
13 90 2
7 27 2
16 87 1
25 88 1
1 7 2
12 87 2
28 89 2
27 32 2
3 96 1
18 26 2
5 55 2
6 40 2
10 81 1
16 78 2
4 27 2
23 76 1
6 97 1
8 95 1
16 71 1
32 57 2
6 20 2
1 19 2
3 65 2
8 22 2
26 42 2
9 19 2
26 62 2
13 15 2
9 48 2
4 77 1
31 92 1
6 94 2
11 94 2
29 40 2
30 91 2
28 99 2
13 38 2
25 61 2
24 52 1
1 29 2
13 28 2
19 48 1
12 89 2
8 24 2
13 14 2
18 43 1
8 28 2
14 90 2
30 46 2
9 76 2
22 41 2
10 22 2
31 57 2
25 95 1
29 99 2
6 95 2
15 42 2
26 39 1
10 87 2
25 83 1
14 47 2
0 59 2
12 84 1
11 62 2
13 56 2
21 98 2
21 58 2
5 83 2
23 73 2
0 46 2
12 81 2
4 34 2
16 49 1
11 89 2
23 34 1
7 30 2
31 69 2
19 39 2
0 27 2
28 54 1
2 52 1
4 9 2
15 28 2
30 71 2
28 32 2
8 70 2
3 5 2
13 34 1
27 29 2
9 99 2
18 98 1
23 61 2
4 47 2
13 18 2
0 90 2
0 41 2
11 67 2
7 25 2
1 35 2
16 40 2
10 23 2
15 50 1
19 79 1
14 33 2
4 89 1
9 29 2
2 23 2
21 42 2
9 15 2
27 53 2
0 48 1
28 30 2
31 62 1
5 56 1
21 31 2
17 73 2
19 68 2
22 58 2
6 76 2
21 40 1
20 75 1
29 83 2
2 31 2
6 92 2
26 46 2
14 65 1
17 69 1
8 15 2
2 34 2
2 56 2
3 33 1
2 72 2
15 76 2
16 22 2
14 62 2
25 40 2
0 52 2
5 7 2
12 69 2
16 30 2
10 25 2
22 55 1
6 12 2
8 45 1
31 88 2
3 39 2
14 76 1
10 36 2
27 75 2
19 21 2
3 72 2
21 26 2
5 65 2
21 99 1
13 51 2
19 66 2
8 74 1
29 39 1
14 37 1
21 66 1
30 32 2
0 81 1
8 31 2
12 50 2
32 85 1
30 68 1
10 32 2
5 21 2
10 67 1
26 88 2
7 54 1
13 36 2
8 51 2
9 13 2
23 85 2
2 25 2
5 13 2
22 71 2
2 61 2
5 90 2
3 56 1
8 59 2
6 84 2
27 35 2
5 8 2
1 32 2
1 52 2
5 10 2
5 92 2
17 52 1
20 67 2
30 44 2
2 27 2
9 95 1
14 97 2
26 56 2
30 34 2
2 43 2
11 16 2
15 18 2
14 84 2
1 34 2
18 70 2
11 58 2
29 82 2
3 74 1
0 86 2
20 95 2
18 45 2
24 63 2
5 12 2
1 71 2
1 63 1
18 80 1
9 61 2
1 10 2
32 45 2
3 84 2
4 88 1
17 85 2
11 97 1
26 67 2
29 59 1
21 75 2
2 17 2
5 59 1
28 44 2
15 41 1
7 44 2
27 44 1
2 95 2
20 78 2
32 40 2
15 27 2
2 37 1
5 62 2
4 66 2
11 57 1
29 41 1
20 63 2
1 11 2
18 88 2
23 55 1
15 93 1
26 49 2
1 20 2
15 94 1
19 75 2
8 90 1
14 17 2
22 32 2
1 15 2
3 4 2
28 62 1
27 63 1
7 59 2
15 92 2
8 39 2
23 80 2
11 38 1
30 35 2
20 89 2
23 68 2
8 9 2
31 96 1
11 32 2
14 31 2
5 11 2
17 50 1
9 39 2
0 40 1
19 99 2
9 68 1
26 92 2
10 15 2
1 70 2
31 42 2
13 27 2
29 80 2
28 74 2
3 7 2
2 73 2
0 36 2
0 13 2
28 43 2
31 32 2
31 91 2
14 40 2
23 72 1
20 57 1
13 49 1
0 98 2
1 28 2
19 27 2
4 25 2
26 59 1
12 39 2
18 63 2
3 29 2
1 56 2
22 56 2
8 81 2
23 65 1
24 88 2
6 9 2
5 18 2
25 31 2
27 72 1
6 28 2
6 55 1
10 21 2
29 95 1
15 55 2
26 78 1
7 81 2
11 69 2
3 8 2
18 25 2
6 82 2
1 77 1
16 69 2
31 63 2
29 96 1
10 30 2
16 93 2
8 18 2
8 16 2
10 47 2
6 27 2
9 33 1
12 13 2
19 42 2
8 54 2
9 11 2
28 38 1
23 39 2
3 41 2
0 95 1
4 29 2
26 73 2
0 73 1
0 75 2
16 60 1
12 56 2
8 68 2
23 24 2
3 45 1
22 29 2
2 33 1
3 90 1
14 19 2
12 51 1
6 22 2
2 76 2
23 31 2
26 45 2
3 6 2
18 79 1
6 24 2
27 74 1
13 64 1
29 76 1
19 62 2
12 36 2
8 11 2
25 87 2
3 40 2
12 32 2
26 41 2
0 88 2
9 10 2
20 69 2
1 43 2
11 61 2
2 16 2
31 70 1
11 31 2
2 60 2
12 43 1
23 94 1
20 45 1
5 19 2
4 59 1
31 87 1
13 25 2
4 32 2
30 56 1
10 64 2
15 22 2
24 49 2
12 35 2
22 63 2
3 21 2
26 74 1
1 12 2
7 57 1
26 52 2
10 19 2
4 24 2
7 72 2
1 23 2
21 90 2
5 9 2
11 82 2
9 38 2
1 4 2
20 55 2
10 77 1
23 40 2
30 93 2
8 23 2
4 20 2
0 9 2
2 26 2
8 13 2
13 65 2
21 57 2
17 23 2
18 41 2
7 88 1
21 93 2
10 91 1
1 74 1
2 10 2
26 51 1
14 98 2
31 68 1
2 91 2
30 43 2
8 56 2
7 23 2
0 91 2
4 12 2
6 36 1
11 86 2
23 87 2
12 63 2
14 43 1
30 60 2
27 41 2
7 56 1
9 46 1
14 32 2
20 30 2
1 17 2
3 10 2
5 6 2
9 83 2
6 66 1
14 44 2
16 85 1
14 53 2
31 59 2
23 30 2
22 44 2
17 48 2
8 38 1
9 23 2
18 29 2
0 19 2
5 88 1
6 44 1
10 53 1
15 74 2
24 56 2
6 29 2
18 81 2
1 94 2
2 84 1
5 76 2
10 11 2
10 93 2
30 65 2
0 7 2
31 50 2
11 23 2
19 89 2
31 46 2
15 34 2
17 88 2
32 63 1
1 42 2
4 18 2
19 57 1
16 17 2
17 81 2
24 74 1
18 50 1
3 9 2
10 66 2
18 47 2
21 48 2
18 28 2
13 75 2
0 20 2
15 84 2
18 30 2
8 75 1
3 50 2
20 61 2
0 22 2
3 15 2
1 96 2
15 71 2
13 26 2
19 49 2
13 86 2
0 64 2
12 71 2
7 17 2
16 67 2
28 31 2
26 71 1
28 82 2
17 25 2
24 79 1
13 66 2
0 12 2
16 23 2
9 89 1
24 43 2
6 70 1
18 72 1
19 85 2
20 79 2
2 18 2
4 52 2
8 78 2
22 45 2
14 36 1
2 57 1
8 32 2
17 28 2
32 62 2
3 77 1
25 57 2
17 92 2
6 32 2
3 64 2
19 93 1
11 68 2
13 50 2
3 44 1
4 16 2
10 63 1
1 3 2
12 88 2
12 86 2
17 39 1
9 40 2
15 98 2
11 50 1
1 2 2
13 54 2
14 51 2
15 51 2
9 54 1
13 74 2
23 84 2
8 48 2
27 83 1
11 30 2
4 28 2
27 88 2
10 79 2
31 97 1
1 31 2
14 75 2
2 89 1
15 26 2
11 29 2
20 98 1
8 37 2
9 32 2
1 91 2
26 65 1
19 72 2
10 28 2
4 79 2
31 47 2
23 95 2
32 60 2
0 32 2
10 33 2
30 66 2
30 79 2
9 67 2
23 64 2
1 93 1
0 93 1
11 48 2
5 39 2
24 87 2
25 55 1
2 15 2
13 47 2
14 91 2
25 47 2
1 90 1
2 13 2
19 22 2
27 45 1
14 28 2
17 80 1
28 79 2
21 83 2
29 51 1
18 19 2
2 12 2
12 30 2
15 33 2
4 80 2
21 23 2
2 49 1
30 40 2
22 38 2
6 57 2
25 33 2
14 73 1
14 85 1
2 11 2
20 35 1
15 53 1
12 22 2
14 16 2
31 95 2
21 47 1
18 31 2
25 42 2
24 77 2
30 33 2
20 23 2
19 40 2
30 72 2
18 35 2
16 46 2
17 54 2
25 26 2
32 95 1
2 44 1
21 34 2
16 21 2
13 40 2
14 74 2
20 53 2
4 15 2
0 1 2
15 68 2
10 57 1
13 92 1
29 68 2
16 55 2
26 83 1
11 22 2
17 68 2
7 24 2
2 90 1
21 79 2
5 82 2
0 65 2
4 49 2
17 45 1
2 51 2
12 79 1
5 16 2
18 48 1
29 63 1
3 73 2
19 53 1
17 35 2
6 39 2
0 8 2
16 27 2
2 36 2
3 27 2
21 67 2
2 71 2
5 33 2
8 93 2
12 54 1
20 47 1
19 34 2
17 79 2
6 33 1
22 75 2
18 42 2
10 43 2
6 8 2
5 27 2
24 97 2
25 44 2
29 37 1
5 47 1
27 66 2
26 85 2
7 79 2
3 23 2
19 25 2
23 81 2
10 13 2
4 44 2
5 60 2
10 84 1
0 70 2
2 99 1
8 66 2
15 56 2
15 91 2
19 60 2
28 78 1
5 80 2
23 77 2
5 75 2
20 93 2
28 61 2
1 87 1
32 34 2
17 72 2
26 72 2
22 37 2
5 22 2
28 64 2
4 48 1
18 23 2
1 6 2
20 92 1
27 43 2
14 79 2
16 88 2
15 23 2
9 88 1
7 20 2
12 34 1
14 69 2
11 99 1
15 24 2
14 21 2
14 46 2
15 54 2
15 61 1
30 84 1
19 82 1
32 94 2
11 75 2
15 44 1
26 48 2
6 23 2
8 86 1
25 63 1
30 81 1
14 26 2
9 63 1
30 82 2
19 32 2
8 34 1
29 54 1
10 78 2
24 81 2
27 51 2
32 66 2
6 81 2
29 43 1
29 98 2
3 52 2
26 97 1
11 19 2
7 48 2
5 78 2
21 78 1
5 24 2
1 18 2
13 72 2
32 75 1
3 83 1
4 14 2
17 44 2
9 93 2
13 59 2
8 14 2
22 67 2
3 67 1
14 59 2
29 62 1
12 44 1
9 82 2
0 68 2
14 35 1
16 18 2
25 27 2
1 62 1
4 64 2
5 51 2
7 78 2
6 71 2
16 25 2
0 24 2
4 71 1
9 26 2
7 36 2
17 59 2
29 46 2
22 49 2
10 38 2
21 80 2
0 84 2
27 93 1
2 38 2
12 23 2
17 90 2
11 51 2
30 45 2
4 17 2
17 31 2
15 17 2
19 37 2
8 33 2
3 42 2
32 97 2
22 99 2
26 44 2
21 43 1
0 44 2
13 61 2
27 71 2
11 59 2
14 38 2
7 41 2
22 91 2
2 53 1
11 17 2
29 32 2
30 54 2
5 14 2
13 84 2
0 82 2
3 85 2
13 93 2
23 27 2
12 21 2
30 49 2
11 72 2
29 60 2
5 70 2
9 50 1
28 90 2
31 71 2
15 82 1
18 95 2
12 48 2
25 69 2
7 51 2
6 88 2
24 71 1
9 64 2
16 68 2
19 71 1
19 55 1
14 39 2
30 88 2
5 71 2
3 89 1
22 24 2
2 41 2
2 46 2
13 48 1
30 48 2
12 76 1
27 78 1
30 74 1
32 88 2
24 31 2
13 37 1
1 78 2
24 78 2
11 88 2
1 88 2
20 27 2
21 32 2
12 15 2
15 64 2
6 11 2
29 30 2
5 54 2
12 47 2
19 91 2
12 40 2
32 42 1
21 77 2
24 40 2
22 64 2
12 24 2
30 63 2
30 67 2
5 20 2
19 51 2
20 84 1
30 76 2
27 62 2
2 98 2
0 3 2
2 70 1
0 80 1
26 36 2
6 93 1
15 19 2
24 26 2
17 89 1
9 30 2
20 31 2
12 28 2
4 39 1
1 73 2
6 7 2
14 49 1
11 56 2
10 97 1
2 29 2
10 40 2
7 83 2
24 34 2
3 51 1
32 77 2
25 48 1
17 57 2
24 45 2
13 29 2
15 29 2
14 27 2
21 53 1
16 92 2
21 60 1
12 62 2
15 62 1
31 51 1
3 94 2
20 82 2
13 95 2
10 71 2
10 18 2
24 76 2
26 95 2
20 22 2
6 45 2
10 60 1
2 40 2
7 13 2
20 85 2
9 17 2
1 66 1
7 10 2
23 52 2
24 47 2
27 39 1
19 29 2
24 46 1
3 63 2
31 34 2
9 14 2
23 32 2
0 79 2
14 61 1
3 18 2
20 40 1
12 74 2
26 53 1
7 95 2
14 15 2
14 22 2
26 58 1
9 90 2
30 59 2
9 53 1
4 22 2
30 98 2
0 16 2
10 26 2
1 8 2
17 36 2
26 63 2
12 33 2
12 57 2
4 98 1
12 64 2
17 32 2
23 44 1
20 21 2
11 54 2
10 80 2
3 68 2
0 96 2
4 69 2
12 66 2
25 79 2
20 91 2
5 87 2
9 78 2
22 79 2
2 14 2
17 87 1
0 31 2
27 79 1
7 31 2
24 33 2
10 49 2
31 98 2
15 59 2
24 85 1
12 29 2
21 96 2
25 66 2
21 65 1
28 86 2
3 88 2
9 20 2
28 84 2
26 30 2
16 99 2
4 5 2
5 50 1
15 40 1
31 54 2
10 51 2
31 84 1
10 94 2
22 46 1
13 19 2
17 33 2
29 72 2
19 94 1
29 84 2
4 85 2
17 94 2
9 34 1
8 97 2
8 20 2
16 47 1
17 26 2
2 55 2
1 41 2
18 71 2
15 46 2
20 54 1
32 69 2
3 30 2
30 41 1
0 51 2
13 76 1
23 48 2
26 94 2
3 14 2
0 69 2
13 24 2
16 76 2
7 28 2
6 19 2
19 30 2
10 14 2
9 12 2
13 87 1
15 85 2
18 83 1
6 67 2
12 17 2
29 64 2
5 97 1
16 44 1
18 44 1
5 58 2
22 31 2
1 30 2
32 49 2
14 68 2
0 61 2
14 83 2
9 25 2
16 24 2
21 91 2
16 65 2
20 29 2
21 54 2
27 70 2
11 78 2
28 77 2
13 73 2
26 64 1
3 47 2
26 99 2
3 16 2
25 41 1
7 97 1
27 99 2
6 31 2
2 93 2
1 72 2
6 78 2
0 37 1
19 31 2
18 58 2
18 56 2
18 36 2
10 24 2
2 30 2
7 33 2
11 26 2
6 87 1
11 14 2
15 58 1
28 48 2
4 13 2
28 53 2
27 30 2
1 82 2
19 23 2
6 30 2
3 13 2
11 55 1
4 83 2
27 94 2
12 18 2
24 30 2
6 48 1
24 68 2
23 91 2
14 23 2
28 66 2
27 68 2
0 56 2
6 62 1
16 56 1
2 6 2
2 67 1
1 39 2
1 59 2
20 65 2
18 61 2
21 64 2
16 63 1
6 73 2
37 43 2
16 36 1
20 28 1
16 32 1
36 63 1
26 32 1
8 99 2
37 73 2
24 57 1
2 4 1
1 57 2
76 99 2
20 76 1
13 79 1
32 73 2
73 99 1
25 91 2
12 19 1
7 29 1
19 28 1
26 31 1
18 52 1
16 37 2
