% n=160 p=33 d=0.33 p_blue=0.66
% k=0
36 47 2
44 146 2
13 36 2
18 39 2
5 8 2
2 119 1
35 101 2
6 24 2
27 80 2
18 50 2
7 110 2
28 44 2
51 128 2
44 100 1
1 89 2
8 104 2
1 8 2
1 25 2
21 31 2
29 33 2
14 46 2
9 39 2
38 83 2
30 50 2
3 54 2
15 51 2
14 155 2
11 41 2
48 138 2
28 45 2
33 150 1
2 45 2
34 103 2
35 41 2
17 37 2
37 98 2
45 66 1
5 108 2
52 59 2
33 155 2
12 39 2
1 17 2
50 151 2
8 37 2
47 111 1
22 41 2
15 28 2
24 51 2
34 43 2
9 11 2
7 15 2
38 66 1
20 151 2
18 61 1
40 136 2
34 113 2
0 150 2
5 134 1
19 37 2
23 149 2
15 19 2
50 126 2
3 40 2
33 113 2
28 41 2
9 111 2
40 50 2
20 30 2
15 73 1
33 81 2
33 78 2
4 142 2
31 99 2
21 59 2
48 85 2
17 72 1
9 149 2
17 45 2
17 52 2
34 50 2
29 139 2
17 78 1
26 69 1
2 25 2
36 37 2
18 44 2
30 59 2
3 98 2
2 28 2
52 79 2
9 16 2
36 105 2
12 50 2
30 94 2
7 17 2
8 87 2
21 50 2
45 118 2
48 125 2
20 37 2
19 120 1
39 92 2
43 44 2
38 135 2
23 35 2
1 39 2
7 79 2
18 36 2
18 25 2
49 73 2
14 23 2
17 53 2
34 135 2
16 47 2
26 145 2
20 68 1
32 57 1
46 121 2
25 35 2
16 46 2
30 149 2
49 67 1
12 69 1
0 19 2
32 121 1
12 19 2
11 49 2
34 115 2
46 62 1
14 39 2
38 74 2
11 48 2
34 111 1
35 87 2
16 44 2
43 116 2
45 111 2
35 90 2
19 20 2
1 156 2
9 120 2
45 155 2
9 71 2
11 25 2
35 69 1
21 62 2
51 158 2
32 98 2
49 81 2
6 105 2
0 139 2
41 127 1
34 110 1
35 42 2
14 38 2
24 159 2
25 62 1
32 110 2
0 24 2
26 94 2
36 94 1
25 159 2
7 57 2
33 73 1
51 58 2
10 85 1
49 134 2
12 96 1
32 39 2
38 47 2
44 95 1
8 51 2
33 62 2
42 43 2
0 142 1
27 46 2
15 42 2
4 50 2
48 159 1
35 58 2
0 22 2
22 24 2
4 28 2
10 154 2
24 36 2
5 143 2
3 33 2
21 42 2
30 63 1
30 156 1
1 46 2
37 49 2
39 88 2
22 42 2
18 38 2
11 70 2
32 155 1
29 152 1
39 151 2
39 90 1
2 24 2
39 108 2
10 18 2
4 129 2
0 8 2
7 59 2
47 156 2
40 80 1
44 59 1
38 134 2
27 130 2
23 81 2
36 44 2
5 144 1
17 36 2
3 30 2
31 48 2
8 106 2
11 156 2
19 42 2
24 62 1
31 33 2
6 29 2
27 39 2
16 25 2
11 14 2
32 133 2
13 27 2
46 144 2
50 92 2
31 144 1
9 10 2
25 136 2
1 2 2
44 69 2
30 37 2
5 46 2
48 108 1
45 133 2
50 79 2
6 33 2
3 36 2
33 94 2
29 128 2
2 39 2
31 32 2
9 89 1
45 47 2
21 63 2
33 141 2
22 54 2
15 143 1
47 75 2
19 103 2
27 34 2
32 84 1
41 91 2
18 41 2
27 36 2
18 125 2
15 31 2
33 136 1
34 136 1
1 94 1
4 104 1
36 157 2
6 21 2
32 153 1
38 41 2
42 60 2
1 47 2
20 103 2
35 131 2
15 77 2
48 61 1
43 76 2
21 52 2
28 38 2
44 75 2
33 47 2
50 137 1
31 34 2
46 125 2
8 23 2
3 139 2
36 42 2
42 108 2
43 139 1
17 32 2
32 108 2
34 51 2
49 136 1
11 36 2
43 82 2
30 52 2
14 74 2
21 147 2
36 58 2
23 32 2
2 27 2
34 79 2
41 89 2
19 49 2
23 42 2
34 78 2
25 137 2
11 60 2
5 51 2
37 153 2
23 46 2
15 80 2
36 110 1
8 94 2
14 124 1
6 47 2
18 32 2
3 51 2
31 78 2
4 14 2
40 45 2
31 61 2
6 12 2
45 51 2
35 148 1
8 25 2
11 24 2
36 48 2
23 43 2
34 97 2
38 49 2
47 78 1
8 30 2
2 138 2
11 69 1
31 67 1
37 80 2
31 66 2
11 57 2
25 94 2
52 132 2
19 44 2
42 124 2
27 151 1
3 9 2
41 93 2
1 49 2
24 137 2
7 143 2
11 21 2
28 49 2
36 102 2
4 145 2
35 48 2
44 48 2
51 110 2
2 136 2
18 155 2
14 127 2
23 70 2
21 134 2
9 21 2
25 28 2
16 97 1
47 128 2
44 114 2
11 12 2
33 115 2
7 37 2
46 53 2
7 19 2
7 61 1
2 104 2
18 75 2
28 97 2
16 32 2
14 30 2
52 144 2
13 47 2
44 96 2
23 94 2
15 40 2
27 52 2
22 131 2
34 45 2
38 123 1
9 86 1
4 147 1
18 87 1
36 120 1
38 100 2
10 155 2
43 53 2
18 34 2
3 29 2
39 94 2
30 31 2
47 99 2
38 115 2
11 87 2
14 71 2
8 11 2
14 25 2
25 99 2
33 42 2
5 19 2
11 113 2
32 48 2
7 22 2
51 72 1
10 19 2
27 42 2
22 105 1
46 63 2
29 50 2
18 68 2
21 26 2
43 69 2
21 28 2
16 82 1
48 53 1
5 35 2
1 43 2
33 64 1
13 46 2
10 126 2
20 41 2
36 50 2
20 150 1
45 137 2
31 107 2
25 32 2
19 45 2
6 68 2
12 100 1
13 125 2
45 110 2
14 139 1
12 40 2
23 137 1
42 158 2
9 26 2
4 98 2
16 30 2
2 26 2
4 38 2
3 102 2
14 55 1
49 121 2
30 90 2
31 88 2
39 112 2
49 113 1
23 39 2
19 66 2
22 31 2
14 26 2
5 119 2
12 79 1
12 46 2
17 42 2
20 143 2
8 125 2
25 47 2
48 157 2
40 87 1
30 88 1
22 97 2
24 43 2
26 148 1
2 12 2
13 43 2
41 150 1
6 23 2
4 19 2
5 50 2
47 51 2
52 54 1
3 14 2
0 55 2
24 83 2
2 50 2
49 131 2
44 58 2
35 114 1
20 51 2
3 101 1
21 53 2
49 147 2
15 88 2
35 85 2
26 43 2
11 18 2
12 34 2
19 133 1
37 87 1
15 121 2
9 30 2
41 47 2
2 75 2
5 83 2
4 53 2
25 109 2
12 36 2
0 116 2
35 73 2
34 157 2
9 40 2
6 70 2
24 31 2
6 116 2
42 90 2
24 52 2
31 110 2
35 149 2
39 91 2
18 23 2
33 66 2
27 49 2
21 29 2
9 27 2
11 30 2
15 55 2
3 159 2
23 83 1
16 35 2
1 10 2
25 146 2
5 92 2
19 126 2
15 33 2
6 32 2
29 108 1
4 31 2
29 102 2
8 142 2
29 40 2
27 37 2
43 84 2
6 148 2
17 40 2
3 21 2
8 113 2
2 46 2
1 11 2
30 140 2
22 100 2
50 136 2
4 97 2
38 147 1
2 94 1
2 43 2
20 155 1
11 27 2
14 36 2
38 43 2
20 23 2
18 49 2
47 77 2
5 34 2
31 154 2
36 136 2
43 111 1
34 47 2
21 129 1
0 15 2
4 95 1
49 56 2
11 100 1
2 146 1
13 34 2
7 108 1
16 29 2
1 18 2
30 128 1
27 158 2
4 66 1
4 112 2
34 74 1
5 22 2
23 33 2
31 41 2
7 98 2
24 148 1
17 33 2
37 42 2
52 66 1
43 49 2
27 83 1
30 39 2
1 86 2
46 149 1
50 70 1
2 42 2
11 74 2
47 150 1
52 142 1
13 33 2
45 109 2
24 99 1
19 21 2
25 26 2
34 81 1
51 155 1
35 141 2
11 42 2
1 157 2
1 29 2
1 90 2
9 50 2
24 28 2
9 14 2
52 111 2
34 58 2
3 106 2
17 91 2
27 84 1
1 50 2
15 48 2
13 61 2
12 116 2
27 136 2
32 119 1
17 122 1
18 47 2
48 121 2
17 43 2
13 26 2
40 124 2
2 105 1
33 49 2
13 107 2
31 47 2
26 100 2
13 32 2
6 7 2
25 77 2
7 95 1
33 53 2
4 127 2
6 81 1
8 22 2
42 91 2
45 107 2
33 68 2
4 21 2
36 140 2
35 158 1
8 39 2
6 30 2
15 41 2
51 86 2
29 131 1
21 144 1
8 143 2
23 135 1
45 151 1
34 109 1
28 125 2
1 19 2
0 135 1
32 101 1
10 77 1
19 132 2
33 40 2
34 39 2
22 47 2
35 129 2
26 45 2
10 24 2
50 61 2
0 138 1
1 48 2
36 49 2
33 52 2
33 101 1
35 128 1
18 20 2
1 44 2
1 52 2
9 128 2
26 151 1
26 48 2
11 51 2
15 36 2
12 33 2
12 153 2
13 15 2
33 71 1
38 50 2
29 94 2
3 110 2
45 98 2
44 52 2
45 122 1
4 29 2
9 102 2
28 122 1
3 143 2
26 126 1
47 113 1
2 36 2
13 25 2
16 155 1
24 156 2
51 144 1
36 79 2
0 38 2
28 59 2
46 49 2
8 16 2
19 62 2
38 108 1
49 57 2
3 6 2
32 49 2
15 108 2
7 94 2
37 84 2
3 105 2
49 75 2
14 44 2
28 32 2
5 135 1
10 107 1
14 24 2
41 152 1
4 37 2
30 58 2
31 55 2
30 45 2
5 20 2
11 52 2
12 22 2
25 115 2
3 147 2
11 16 2
30 110 2
8 50 2
15 52 2
1 133 1
20 105 2
38 152 2
34 121 2
2 32 2
37 81 2
41 115 2
26 81 2
37 145 2
26 68 1
1 20 2
37 129 1
33 135 1
0 46 2
41 144 1
6 97 1
13 154 1
35 125 1
9 36 2
16 41 2
1 66 2
14 22 2
42 116 1
3 38 2
10 73 2
38 42 2
1 110 2
45 101 1
13 24 2
7 42 2
22 60 2
16 20 2
31 38 2
0 93 2
13 152 1
16 19 2
15 57 1
28 140 1
3 65 2
13 16 2
24 69 2
32 46 2
16 56 2
22 141 2
42 80 1
17 59 2
47 152 2
34 128 2
36 38 2
2 48 2
12 15 2
21 44 2
23 51 2
27 55 2
46 105 2
21 38 2
30 40 2
49 61 1
38 121 1
6 39 2
18 144 2
41 148 2
27 47 2
0 41 2
9 79 1
42 73 2
28 39 2
44 46 2
18 46 2
6 78 2
12 95 1
7 43 2
5 90 2
23 34 2
23 30 2
42 140 2
12 27 2
13 17 2
48 101 2
34 101 1
6 40 2
37 41 2
4 49 2
35 142 2
38 73 1
25 42 2
4 33 2
11 119 2
5 27 2
4 18 2
27 152 2
21 25 2
29 68 2
21 61 1
8 128 1
4 32 2
25 44 2
37 124 2
11 39 2
44 68 2
43 51 2
18 48 2
18 128 1
11 15 2
32 51 2
4 6 2
10 33 2
34 38 2
29 36 2
19 82 2
33 124 2
22 73 1
32 78 2
13 19 2
40 64 1
3 44 2
14 19 2
10 21 2
51 63 2
2 131 2
20 35 2
29 87 2
20 56 2
30 36 2
0 17 2
1 137 2
13 65 2
6 31 2
23 29 2
25 154 1
27 50 2
25 27 2
19 76 2
21 51 2
7 62 1
15 83 1
13 49 2
3 18 2
47 50 2
3 130 2
9 24 2
0 39 2
51 55 1
0 68 2
18 133 2
15 94 2
21 36 2
47 55 1
32 64 2
48 51 2
37 50 2
12 42 2
0 132 2
7 36 2
44 97 2
22 63 1
19 108 1
12 38 2
0 44 2
46 50 2
5 109 2
10 17 2
51 136 1
2 21 2
9 35 2
8 14 2
2 60 2
47 148 1
34 131 2
2 89 2
24 29 2
34 41 2
8 92 2
11 35 2
21 78 2
11 32 2
26 124 2
32 56 1
0 34 2
31 75 2
33 138 2
12 14 2
1 15 2
32 128 2
5 9 2
29 124 2
10 109 2
0 18 2
32 68 2
3 34 2
16 68 1
8 71 1
19 31 2
10 51 2
1 71 1
21 122 1
21 130 2
9 37 2
1 99 2
6 37 2
4 108 2
1 116 2
39 49 2
21 60 1
17 149 1
30 80 2
37 40 2
36 153 2
34 36 2
24 38 2
1 93 2
16 39 2
20 121 2
0 94 2
6 66 2
38 120 1
18 45 2
5 14 2
27 48 2
22 125 2
25 134 2
4 15 2
4 5 2
36 121 1
47 130 1
15 29 2
28 134 2
31 72 2
51 150 2
12 20 2
23 142 2
1 21 2
24 60 2
33 46 2
15 146 1
19 86 2
27 76 2
50 152 2
36 45 2
22 77 2
10 101 1
4 144 2
0 78 1
13 37 2
17 51 2
25 40 2
14 41 2
3 35 2
11 34 2
32 38 2
3 126 2
47 134 1
6 20 2
14 106 2
2 128 2
23 144 2
7 76 2
16 107 2
43 86 1
4 22 2
6 123 2
41 43 2
37 150 1
25 50 2
11 147 1
8 48 2
9 155 1
6 35 2
22 115 1
29 54 2
14 120 2
19 63 2
5 7 2
40 137 1
5 26 2
8 35 2
48 128 2
51 96 2
20 94 1
30 137 2
12 106 1
16 112 2
4 45 2
3 5 2
22 34 2
4 46 2
38 148 2
1 7 2
39 48 2
28 150 2
6 8 2
29 34 2
9 17 2
50 153 1
29 43 2
42 93 2
4 39 2
3 10 2
19 30 2
20 128 2
43 97 2
31 76 2
38 44 2
5 102 2
46 112 2
24 72 1
10 38 2
38 48 2
18 35 2
15 91 2
12 21 2
10 35 2
36 46 2
13 104 2
16 69 2
26 31 2
9 88 1
35 91 2
7 80 2
9 126 2
6 146 2
8 58 2
1 28 2
13 44 2
16 151 2
31 37 2
42 109 2
28 153 2
20 28 2
19 43 2
7 149 2
42 49 2
21 131 1
15 132 2
51 154 2
6 104 2
21 159 1
10 15 2
1 16 2
32 50 2
4 48 2
5 45 2
14 40 2
7 90 2
48 65 1
28 31 2
22 26 2
12 26 2
36 129 2
43 148 1
11 157 1
32 52 2
29 88 2
23 25 2
13 51 2
37 105 1
14 20 2
47 88 1
51 126 1
20 93 1
6 13 2
41 132 1
5 55 2
30 111 1
31 62 1
11 140 2
39 80 2
4 44 2
38 159 2
47 114 2
26 51 2
24 63 2
34 134 2
10 39 2
24 44 2
46 142 2
6 18 2
29 155 2
40 93 2
18 142 2
1 31 2
16 24 2
18 29 2
30 153 1
47 83 2
30 34 2
13 22 2
21 66 1
15 45 2
0 25 2
49 69 2
30 104 2
39 96 2
0 112 1
22 93 2
22 145 2
47 144 2
3 91 1
12 17 2
35 43 2
1 148 2
30 119 2
34 75 1
3 68 2
30 122 1
9 20 2
19 143 2
4 36 2
29 61 2
5 159 1
51 130 2
12 156 2
3 11 2
28 42 2
5 16 2
22 121 2
8 101 1
35 37 2
41 100 1
21 45 2
6 38 2
29 65 2
14 31 2
14 59 1
9 145 1
24 97 1
2 47 2
4 41 2
36 70 2
0 49 2
13 110 1
12 141 1
31 39 2
11 38 2
16 79 2
7 141 1
3 16 2
21 68 2
7 155 2
38 140 2
51 53 2
52 129 2
48 144 2
51 62 1
4 12 2
23 36 2
7 33 2
33 44 2
49 60 1
7 102 2
6 108 2
20 119 2
31 82 2
0 50 2
32 95 2
14 48 2
1 73 2
26 93 2
37 69 2
10 45 2
10 36 2
28 50 2
45 76 2
36 51 2
20 101 2
0 40 2
37 147 2
42 48 2
15 61 2
24 34 2
33 45 2
48 52 2
4 73 1
49 51 2
5 111 2
31 50 2
37 72 1
22 28 2
47 108 1
18 43 2
43 125 2
24 107 2
39 142 2
24 64 1
43 112 1
12 144 1
17 48 2
23 129 1
4 79 2
38 79 2
26 122 1
10 37 2
26 64 2
17 67 2
43 78 2
40 51 2
36 156 1
46 47 2
24 143 2
35 40 2
35 124 1
32 91 1
14 17 2
50 116 2
3 141 2
10 16 2
12 29 2
18 116 2
22 36 2
31 158 2
6 112 2
38 82 2
12 135 1
39 87 1
11 81 1
45 63 1
25 37 2
16 18 2
12 18 2
35 76 2
14 137 2
30 78 2
17 70 2
20 148 2
28 137 2
45 123 2
31 44 2
47 104 1
29 31 2
11 26 2
14 93 1
38 51 2
5 140 1
35 36 2
23 47 2
26 36 2
30 76 1
19 135 2
28 60 2
12 77 2
20 131 2
40 48 2
47 81 2
20 77 1
7 28 2
20 48 2
2 49 2
0 21 2
0 133 2
11 43 2
14 112 1
9 55 1
6 50 2
30 42 2
28 63 1
41 58 2
36 99 1
35 39 2
44 66 2
9 158 2
1 65 2
25 49 2
12 48 2
1 56 2
51 91 2
28 112 1
22 50 2
29 78 2
41 71 2
10 61 2
12 75 1
21 35 2
47 107 1
36 66 2
49 142 2
4 123 2
27 82 2
40 151 2
10 56 2
33 38 2
23 44 2
29 146 2
3 8 2
16 22 2
2 141 2
38 90 2
17 58 2
24 48 2
48 56 2
29 103 2
42 102 2
8 60 2
38 52 2
24 149 2
4 75 2
0 9 2
10 30 2
5 17 2
29 85 2
31 51 2
36 52 2
38 46 2
47 69 1
41 120 1
42 145 1
12 105 2
14 37 2
33 35 2
13 64 2
16 42 2
30 46 2
1 30 2
15 38 2
14 132 1
33 37 2
24 90 2
33 56 2
2 40 2
15 78 1
19 65 1
43 65 2
2 134 2
13 100 1
47 62 2
9 48 2
31 42 2
2 3 2
29 157 2
21 32 2
33 100 2
48 142 2
41 51 2
11 90 1
26 42 2
33 159 1
7 35 2
45 49 2
18 112 2
7 29 2
3 155 2
13 45 2
32 138 2
7 14 2
36 40 2
12 47 2
7 23 2
43 152 2
15 32 2
1 120 1
18 118 1
32 124 1
7 26 2
13 23 2
6 114 2
11 45 2
12 61 2
48 106 1
31 36 2
3 37 2
18 24 2
1 24 2
2 8 2
21 138 2
40 55 1
8 116 1
24 128 2
12 32 2
2 121 2
1 6 2
22 33 2
22 65 2
43 79 1
38 39 2
37 93 2
39 139 2
9 46 2
47 119 2
0 104 2
39 65 1
3 19 2
33 156 2
29 105 2
1 84 2
51 114 1
15 111 1
14 136 2
32 41 2
13 135 2
21 123 2
38 92 1
29 122 1
17 152 1
35 140 2
28 46 2
0 66 2
44 64 2
4 34 2
23 125 1
13 21 2
0 32 2
35 46 2
47 60 2
33 93 2
23 40 2
4 96 2
24 140 2
26 46 2
6 9 2
43 45 2
6 73 1
8 40 2
18 52 2
35 64 2
19 67 1
4 40 2
29 149 2
43 48 2
27 62 2
28 115 2
40 41 2
8 19 2
46 98 2
4 43 2
22 95 2
23 41 2
6 51 2
26 153 2
49 95 2
31 106 2
15 95 1
52 120 1
49 105 1
2 5 2
5 13 2
25 33 2
1 124 2
43 87 2
16 38 2
9 52 2
13 127 1
8 32 2
52 99 2
42 95 2
41 60 2
43 55 2
4 9 2
19 149 2
31 147 1
4 149 2
0 120 2
24 54 1
21 120 2
8 15 2
4 16 2
33 88 2
1 118 2
40 83 2
29 56 2
18 154 1
40 43 2
25 51 2
49 157 1
3 22 2
47 116 2
40 52 2
22 32 2
10 31 2
26 54 2
1 76 2
10 22 2
21 65 2
9 146 1
10 14 2
17 109 1
0 42 2
20 91 1
6 120 2
10 59 1
21 30 2
39 140 1
41 48 2
21 37 2
46 130 2
49 85 1
50 100 2
10 81 2
1 3 2
29 42 2
26 143 1
2 152 1
22 25 2
21 74 2
2 33 2
42 52 2
19 95 2
48 71 1
52 109 2
45 157 1
40 110 1
43 136 2
13 31 2
24 65 1
6 14 2
2 17 2
0 43 2
42 72 2
9 104 2
4 42 2
2 159 1
42 75 2
17 39 2
1 41 2
16 50 2
52 153 2
8 138 1
8 24 2
19 47 2
24 30 2
30 51 2
49 124 2
38 63 2
15 137 2
10 139 2
17 46 2
5 6 2
21 23 2
20 73 2
32 136 1
28 126 1
24 66 2
34 49 2
13 29 2
2 54 1
29 52 2
6 94 1
31 143 2
34 42 2
20 92 2
4 115 1
19 125 2
21 154 2
24 55 1
19 79 1
11 91 2
2 34 2
17 28 2
52 81 1
3 153 2
16 48 2
1 95 2
27 51 2
21 153 2
16 149 2
21 40 2
36 55 2
28 69 1
24 135 1
43 115 2
1 27 2
29 150 2
26 113 1
27 31 2
41 118 2
24 82 2
10 98 1
4 63 1
26 89 1
15 37 2
40 99 2
20 36 2
44 152 2
40 66 2
8 148 2
13 99 1
34 148 2
7 12 2
25 36 2
43 66 2
4 114 2
5 29 2
2 7 2
11 28 2
3 92 1
21 24 2
0 23 2
52 96 2
20 26 2
0 61 1
29 49 2
37 53 1
8 29 2
28 37 2
5 41 2
19 52 2
0 14 2
46 66 2
7 153 1
13 108 1
1 87 2
10 40 2
6 49 2
8 9 2
26 74 2
10 52 2
0 5 2
2 38 2
45 59 1
21 108 2
28 43 2
24 96 1
2 78 2
52 87 1
7 18 2
23 143 2
34 146 1
48 147 2
52 61 2
50 52 2
0 84 2
31 80 2
7 60 2
3 39 2
8 45 2
21 33 2
12 16 2
7 159 2
9 28 2
0 20 2
9 47 2
12 57 2
40 73 1
30 41 2
24 42 2
39 157 1
0 152 2
37 44 2
17 31 2
43 47 2
23 103 2
32 59 1
22 151 2
3 53 1
46 120 2
12 70 2
16 87 1
13 71 1
14 63 2
8 123 2
45 134 2
10 13 2
12 24 2
48 62 1
14 100 2
23 120 1
6 96 2
6 61 2
10 74 1
0 4 2
44 80 2
23 75 2
28 94 1
1 45 2
15 46 2
47 137 2
2 30 2
23 45 2
14 52 2
44 154 2
34 152 1
30 32 2
34 127 2
15 140 1
21 48 2
46 135 1
30 92 2
45 142 1
24 33 2
32 127 2
15 72 1
18 42 2
32 37 2
26 114 2
26 30 2
2 14 2
0 45 2
1 82 2
26 150 2
39 141 2
20 153 2
8 53 2
10 32 2
9 19 2
11 155 2
36 159 1
27 145 1
5 94 2
0 36 2
5 24 2
29 38 2
2 9 2
13 48 2
34 116 1
9 33 2
16 17 2
30 132 2
15 74 2
30 44 2
52 114 2
29 89 2
39 40 2
13 38 2
15 76 2
49 123 1
15 50 2
1 100 2
34 133 2
45 70 2
28 47 2
47 117 2
31 58 2
33 50 2
26 44 2
15 22 2
21 117 2
8 44 2
16 72 2
30 47 2
38 116 1
20 127 1
21 118 2
26 41 2
38 133 2
40 95 2
4 93 2
0 6 2
50 154 1
8 26 2
43 95 1
19 130 2
6 34 2
0 103 1
8 21 2
13 58 2
23 90 2
8 42 2
27 35 2
52 82 2
48 107 2
14 70 1
43 153 1
14 16 2
27 43 2
19 34 2
35 121 2
0 27 2
35 143 1
29 45 2
17 25 2
20 38 2
2 115 2
51 124 1
21 136 2
27 96 2
2 41 2
16 143 2
0 12 2
50 132 2
44 49 2
25 98 2
5 86 2
41 90 2
10 124 2
22 27 2
30 136 1
17 38 2
44 110 2
3 25 2
45 94 2
38 78 2
50 105 1
10 142 2
39 132 2
32 34 2
7 48 2
45 114 2
11 19 2
15 26 2
14 50 2
33 102 2
25 48 2
39 67 2
16 37 2
49 154 2
48 135 2
3 90 2
32 74 1
33 145 1
40 92 2
7 10 2
3 26 2
20 87 2
32 36 2
29 39 2
11 94 2
24 37 2
3 124 1
7 8 2
9 136 1
35 78 1
17 79 1
30 102 2
35 45 2
19 38 2
9 115 2
45 156 1
17 135 1
12 140 1
27 157 2
27 28 2
39 127 2
20 85 2
45 53 2
32 33 2
6 60 2
38 57 1
31 91 2
38 91 2
38 136 1
19 40 2
48 153 2
48 115 1
3 42 2
8 27 2
22 43 2
29 46 2
18 96 2
39 45 2
27 70 2
12 31 2
13 35 2
12 122 2
2 53 1
9 42 2
43 99 1
12 23 2
21 96 1
17 156 2
18 27 2
34 35 2
3 7 2
29 129 2
7 44 2
3 23 2
11 63 1
18 140 2
7 101 2
8 59 2
17 22 2
27 155 2
39 155 2
43 94 2
48 110 1
45 138 2
25 85 1
36 65 2
17 128 2
21 46 2
39 46 2
30 113 2
2 35 2
6 41 2
4 24 2
38 54 1
6 42 2
37 104 1
9 74 1
47 100 2
18 145 1
35 134 2
36 144 2
16 45 2
48 82 1
15 158 2
43 150 2
13 151 1
19 50 2
19 22 2
51 65 2
0 47 2
9 135 2
10 75 1
35 94 2
8 112 1
13 42 2
5 97 2
16 43 2
7 39 2
40 134 1
7 24 2
6 45 2
31 35 2
25 43 2
1 40 2
42 146 2
52 136 2
18 31 2
17 21 2
22 128 2
20 60 2
12 143 1
7 40 2
8 103 2
23 71 2
15 34 2
25 39 2
20 25 2
46 138 1
30 33 2
0 146 1
15 20 2
38 85 2
3 46 2
51 159 2
36 128 2
6 53 2
21 22 2
1 36 2
34 66 1
38 61 2
18 51 2
3 50 2
37 56 1
1 22 2
37 59 2
20 42 2
28 84 2
46 123 2
41 85 2
25 45 2
1 9 2
34 137 1
7 21 2
4 47 2
41 101 2
5 49 2
40 62 1
15 43 2
50 101 1
7 89 1
38 106 2
34 145 2
7 41 2
11 58 1
35 44 2
21 75 2
4 8 2
36 73 1
16 33 2
17 100 2
29 120 1
41 44 2
18 40 2
44 103 1
13 81 2
5 139 2
4 26 2
38 158 2
52 149 2
49 98 2
37 138 2
26 159 2
26 35 2
12 44 2
33 51 2
14 129 2
7 13 2
20 29 2
13 69 2
12 103 2
26 149 2
48 139 1
11 47 2
16 117 1
1 85 1
20 109 2
50 155 1
48 60 2
35 111 2
40 148 1
37 76 2
27 135 1
43 107 1
23 38 2
14 149 2
15 30 2
2 145 2
19 99 2
6 17 2
17 20 2
44 60 1
40 139 2
2 13 2
39 63 2
17 55 2
12 132 2
48 152 2
49 52 2
28 33 2
8 13 2
12 30 2
40 47 2
44 108 2
19 35 2
19 57 1
36 39 2
20 22 2
30 99 2
29 73 2
3 13 2
4 159 1
4 81 2
40 130 2
16 147 2
50 51 2
1 14 2
35 81 1
38 71 2
30 127 1
17 95 2
23 66 1
11 61 2
2 23 2
9 157 2
41 156 2
28 86 2
49 91 2
49 153 2
40 133 2
3 41 2
52 92 1
4 11 2
30 139 2
35 157 1
27 38 2
24 153 1
24 41 2
22 40 2
22 74 1
1 35 2
40 61 2
3 111 1
21 102 2
7 34 2
44 148 1
24 25 2
1 37 2
31 145 2
6 26 2
20 132 1
15 92 2
40 60 2
26 50 2
42 113 2
45 52 2
30 61 1
26 118 2
26 32 2
13 41 2
17 29 2
39 136 2
24 49 2
48 50 2
19 72 2
50 53 2
0 109 1
20 31 2
48 80 1
2 15 2
37 101 1
31 45 2
26 47 2
40 127 2
15 23 2
33 92 2
13 52 2
23 136 2
13 20 2
40 46 2
33 133 2
48 105 1
16 77 2
27 81 1
9 99 1
5 58 1
18 158 2
42 51 2
39 62 2
5 48 2
35 138 2
29 138 2
20 44 2
19 119 2
24 88 2
33 41 2
8 10 2
7 32 2
16 54 1
37 79 1
12 71 2
20 82 1
43 91 2
45 92 1
6 15 2
13 134 2
4 10 2
3 31 2
14 49 2
36 133 2
39 52 2
4 13 2
47 85 1
31 112 2
21 49 2
44 84 2
21 149 2
39 131 1
30 48 2
46 136 2
29 48 2
2 142 1
23 67 2
21 69 1
1 33 2
12 87 2
25 34 2
7 130 2
35 147 1
42 126 1
27 41 2
8 135 2
16 125 2
36 78 2
27 45 2
15 49 2
44 157 2
33 106 1
34 40 2
35 154 1
1 53 2
37 46 2
6 44 2
21 94 2
23 31 2
6 36 2
11 17 2
2 56 1
39 148 2
5 47 2
13 18 2
16 86 1
1 42 2
4 25 2
3 125 1
7 67 2
11 37 2
9 150 2
39 58 2
13 96 2
9 13 2
11 46 2
50 121 1
16 106 2
8 75 2
41 74 2
9 31 2
3 43 2
15 24 2
52 95 1
8 28 2
13 89 2
17 133 2
14 62 2
28 52 2
24 40 2
11 68 1
7 52 2
15 113 2
14 113 2
23 91 2
34 87 2
22 87 1
51 103 1
41 114 2
36 83 2
32 40 2
11 106 2
2 65 1
0 69 2
18 30 2
34 44 2
2 19 2
19 64 2
40 156 1
37 38 2
11 105 2
22 110 2
5 75 2
23 140 2
2 52 2
6 134 2
0 33 2
45 105 1
50 73 1
5 98 2
15 21 2
52 156 2
16 65 2
51 123 2
18 95 1
26 137 2
11 40 2
7 68 2
11 65 2
2 31 2
5 138 2
23 145 2
33 116 1
0 48 2
17 49 2
6 110 2
19 23 2
5 39 2
46 52 2
16 36 2
1 108 2
29 98 1
4 122 1
33 128 2
6 121 2
14 144 1
25 59 1
5 150 2
16 133 2
24 56 2
26 27 2
23 65 1
8 149 2
25 31 2
3 45 2
7 99 2
35 54 2
23 37 2
11 13 2
38 144 2
8 52 2
14 83 2
49 50 2
10 25 2
12 56 1
23 141 1
14 51 2
22 45 2
6 25 2
25 107 2
28 40 2
16 131 1
5 36 2
48 67 2
5 88 2
1 117 1
9 103 2
13 28 2
42 53 2
12 43 2
25 96 2
25 38 2
4 106 1
10 43 2
2 109 2
20 34 2
23 48 2
26 37 2
13 39 2
10 44 2
13 87 2
7 25 2
6 19 2
50 119 2
34 63 1
13 119 2
20 32 2
41 105 1
34 96 2
3 32 2
2 44 2
32 45 2
12 58 1
43 143 2
38 72 1
13 30 2
43 52 2
38 59 2
29 47 2
33 140 1
20 27 2
17 96 2
6 145 2
30 79 1
11 159 2
17 113 2
6 157 2
14 91 2
13 157 2
4 52 2
31 40 2
41 52 2
15 100 2
8 111 1
49 149 2
43 149 2
16 52 2
7 50 2
39 43 2
3 70 2
21 56 2
13 132 1
26 84 2
35 74 2
38 126 2
21 77 1
20 24 2
20 43 2
19 32 2
3 97 1
39 44 2
13 147 2
48 49 2
21 27 2
28 29 2
32 71 2
0 126 1
14 58 1
22 48 2
26 52 2
37 141 2
3 47 2
25 55 2
16 55 2
50 127 2
46 89 2
51 56 2
17 18 2
22 30 2
20 129 2
19 24 2
16 26 2
2 29 2
36 137 2
18 22 2
16 95 2
28 34 2
9 45 2
25 127 2
31 151 1
8 80 1
17 121 2
30 49 2
19 150 1
39 42 2
50 84 1
41 83 2
40 157 1
9 51 2
10 23 2
0 2 2
16 21 2
0 80 2
25 131 2
11 22 2
32 156 2
8 66 1
27 30 2
44 109 2
44 51 2
25 84 2
19 25 2
19 114 1
15 123 2
8 57 2
35 52 2
37 132 2
15 39 2
2 125 2
1 88 1
22 23 2
27 59 2
3 17 2
32 60 2
51 157 1
41 42 2
40 85 2
9 38 2
50 108 2
31 46 2
27 40 2
18 19 2
6 54 2
0 37 2
14 32 2
0 35 2
18 77 2
27 143 1
7 31 2
25 61 1
10 95 2
25 89 2
8 41 2
8 46 2
37 156 2
49 143 1
0 52 2
8 43 2
14 88 1
2 103 1
34 124 1
23 24 2
7 51 2
26 29 2
25 46 2
36 95 2
47 124 1
50 68 1
11 107 2
42 115 2
17 27 2
45 48 2
12 120 1
14 29 2
4 35 2
5 44 2
8 34 2
14 28 2
29 32 2
28 109 2
33 36 2
51 52 2
46 139 1
44 115 2
2 10 2
23 50 2
21 47 2
0 31 2
22 98 2
26 127 2
8 20 2
14 33 2
19 39 2
6 28 2
6 22 2
39 78 2
15 44 2
21 41 2
45 83 2
50 115 1
2 70 2
40 44 2
40 112 2
0 82 1
47 95 1
34 62 2
24 47 2
20 140 1
1 51 2
46 104 2
9 25 2
43 127 2
8 136 2
51 79 2
31 49 2
4 88 2
28 30 2
21 39 2
6 150 2
17 137 2
0 28 2
38 157 2
24 32 2
38 45 2
13 144 2
12 37 2
9 15 2
34 91 2
0 11 2
15 131 1
23 27 2
42 47 2
25 29 2
36 134 2
3 27 2
23 56 2
19 102 2
9 18 2
0 26 2
30 120 1
7 129 1
20 59 1
4 30 2
11 50 2
10 116 1
15 17 2
30 55 2
5 12 2
17 41 2
37 119 2
5 52 2
41 66 2
13 124 2
19 87 2
37 43 2
24 39 2
16 40 2
37 55 2
16 81 1
51 125 2
1 26 2
2 87 2
44 112 2
37 48 2
45 50 2
31 152 1
39 47 2
46 129 1
40 146 1
27 92 2
22 52 2
25 75 2
19 33 2
28 76 2
43 59 2
15 16 2
38 109 2
7 151 1
32 82 2
15 134 2
40 125 2
2 4 2
17 83 2
0 3 2
20 61 2
37 45 2
17 47 2
10 29 2
41 128 1
19 138 2
25 110 1
36 138 2
43 46 2
22 46 2
32 158 2
48 109 2
4 105 2
5 18 2
46 127 2
27 44 2
27 73 2
45 141 2
5 23 2
7 107 2
15 25 2
36 69 2
32 112 1
39 111 1
16 132 2
33 39 2
46 91 2
33 43 2
41 46 2
27 33 2
12 125 1
5 59 2
7 11 2
52 83 2
16 49 2
20 40 2
6 11 2
26 34 2
6 43 2
19 46 2
20 39 2
33 111 2
30 100 2
35 51 2
22 39 2
20 46 2
19 29 2
20 50 2
2 77 1
18 33 2
17 24 2
22 78 2
21 76 2
26 39 2
7 45 2
1 106 2
5 40 2
18 111 1
10 28 2
13 131 1
40 42 2
17 85 1
9 152 1
51 61 1
4 77 1
16 51 2
6 48 2
19 101 2
10 150 2
28 78 2
45 62 1
43 92 1
10 34 2
24 50 2
8 156 2
41 49 2
11 31 2
20 52 2
10 83 1
52 80 2
22 29 2
12 74 1
14 35 2
28 117 1
20 135 2
7 113 2
12 49 2
11 23 2
23 133 1
2 16 2
20 21 2
49 141 2
23 28 2
47 48 2
17 26 2
7 16 2
25 30 2
36 104 2
30 147 2
35 47 2
52 90 2
39 50 2
1 12 2
4 151 1
16 31 2
33 34 2
40 109 2
21 115 2
30 35 2
2 151 2
44 101 1
10 105 1
5 31 2
9 23 2
31 52 2
5 116 2
49 118 2
30 38 2
33 48 2
6 52 2
41 61 2
19 28 2
34 69 2
8 38 2
35 49 2
47 49 2
5 32 2
7 9 2
9 134 1
0 124 2
35 50 2
45 149 1
25 156 1
31 118 1
5 68 2
11 66 1
36 155 2
24 133 2
22 35 2
36 43 2
20 123 2
42 118 2
26 28 2
1 38 2
36 93 1
8 47 2
3 73 2
39 66 2
4 17 2
22 142 2
29 51 2
36 41 2
18 89 2
37 51 2
0 29 2
49 122 1
13 122 2
6 99 1
2 11 2
31 153 1
12 45 2
48 73 2
12 35 2
32 35 2
29 72 1
6 27 2
12 25 2
7 66 2
14 47 2
28 51 2
20 49 2
28 105 2
32 129 2
42 152 2
39 60 1
11 44 2
14 101 2
32 42 2
29 92 1
13 90 1
17 35 2
19 154 2
10 46 2
11 143 1
34 125 2
0 16 2
48 99 2
41 145 2
7 114 2
26 49 2
50 74 2
34 106 1
5 37 2
12 91 1
35 133 1
18 28 2
3 52 2
4 51 2
48 126 2
26 157 2
41 45 2
3 28 2
6 69 2
10 54 1
22 38 2
9 121 2
24 46 2
44 50 2
5 110 1
14 54 2
24 74 2
29 41 2
27 29 2
13 137 2
50 147 1
6 16 2
7 47 2
34 92 1
32 43 2
31 81 2
34 77 2
45 108 1
46 116 2
31 120 2
15 144 2
3 84 2
29 37 2
10 42 2
47 158 1
9 90 2
8 139 1
0 30 2
9 43 2
14 27 2
4 116 1
28 36 2
15 54 2
41 76 1
28 66 2
1 83 2
21 98 2
12 152 1
16 136 1
5 33 2
46 56 2
10 11 2
29 30 2
44 130 2
9 41 2
3 12 2
24 45 2
45 100 2
5 21 2
48 112 1
1 4 2
10 49 2
27 107 2
24 113 2
45 93 2
16 23 2
7 20 2
14 18 2
48 92 2
6 10 2
2 22 2
16 88 2
7 46 2
27 72 1
52 119 2
40 49 2
46 134 1
31 43 2
15 35 2
12 64 2
10 41 2
8 33 2
5 11 2
4 152 2
10 144 2
44 150 1
19 27 2
29 35 2
15 65 1
22 51 2
15 47 2
17 56 2
47 101 2
9 32 2
43 67 2
26 82 2
9 12 2
0 13 2
44 45 2
46 85 2
3 49 2
36 127 2
42 44 2
26 115 2
51 116 2
50 143 2
11 29 2
2 51 2
5 30 2
29 125 2
49 138 1
22 127 2
47 97 1
4 138 2
36 85 1
17 145 1
16 62 1
48 156 2
35 86 2
14 15 2
24 91 2
23 152 1
12 13 2
8 115 2
5 10 2
47 61 2
46 51 2
18 26 2
20 107 2
11 97 1
15 90 2
33 149 2
12 128 1
3 48 2
34 84 1
21 141 2
25 52 2
5 133 1
28 148 2
42 58 1
49 139 1
4 27 2
20 137 2
16 34 2
15 27 2
1 5 2
10 135 2
33 121 2
22 44 2
5 131 2
26 120 2
52 126 2
9 34 2
49 89 2
34 142 2
8 12 2
14 42 2
24 58 2
34 52 2
41 69 2
10 27 2
23 52 2
36 68 2
32 159 2
41 104 2
31 150 2
51 147 1
27 153 2
8 36 2
30 43 2
37 151 2
26 95 1
40 91 2
7 85 2
41 139 1
24 158 2
2 20 2
34 147 2
1 79 2
41 79 2
21 103 2
9 29 2
42 45 2
24 102 2
5 15 2
0 51 2
17 34 2
31 137 1
21 143 1
44 47 2
12 157 2
14 135 1
41 102 1
27 144 2
17 44 2
24 112 2
21 34 2
18 79 2
17 74 2
5 28 2
44 125 1
42 143 1
35 159 2
5 38 2
1 32 2
13 14 2
16 28 2
39 102 1
42 50 2
44 73 1
4 128 2
11 20 2
3 57 2
47 52 2
7 38 2
33 77 2
37 134 2
45 132 2
12 138 1
2 18 2
9 49 2
21 132 1
26 73 2
32 88 1
16 99 2
14 34 2
10 26 2
19 41 2
9 139 2
20 33 2
17 23 2
47 54 1
46 147 2
18 123 1
8 74 2
39 55 1
7 72 1
50 85 2
45 46 2
25 82 2
43 50 2
2 37 2
40 152 2
39 145 1
8 49 2
21 155 2
38 40 2
5 25 2
12 88 2
50 104 1
14 64 2
26 40 2
18 129 1
5 43 2
5 89 2
31 140 2
10 50 2
4 72 2
17 19 2
12 41 2
52 159 2
23 97 1
5 42 2
29 127 2
12 28 2
18 37 2
9 109 2
15 71 2
39 41 2
21 79 1
26 86 1
9 122 1
28 48 2
22 111 2
38 70 2
18 130 1
41 65 2
22 49 2
21 152 1
9 44 2
17 50 2
32 47 2
2 148 2
6 56 1
6 46 2
19 136 1
50 145 2
28 92 1
7 30 2
52 84 2
41 134 2
24 152 1
13 59 1
51 80 2
39 54 2
0 110 2
1 34 2
25 71 2
12 52 2
29 109 1
21 43 2
11 33 2
20 45 2
43 120 2
1 81 2
13 112 2
37 47 2
8 31 2
4 20 2
1 13 2
26 38 2
16 134 2
24 35 2
0 1 2
45 124 2
14 21 2
27 53 2
37 123 2
32 44 2
10 12 2
18 90 2
26 33 2
48 155 2
45 65 1
31 70 2
18 86 2
14 76 2
3 122 2
19 36 2
17 30 2
5 93 2
34 158 2
20 117 1
52 141 2
46 48 2
3 15 2
9 84 2
46 101 2
7 87 2
41 50 2
14 118 2
30 57 1
34 46 2
27 32 2
39 51 2
42 82 2
19 26 2
15 18 2
6 75 1
51 132 2
36 98 1
51 109 1
34 48 2
4 103 2
4 7 2
24 27 2
42 46 2
9 130 1
29 44 2
24 93 2
0 10 2
41 103 2
22 75 1
10 48 2
26 134 2
15 105 1
24 26 2
14 45 2
2 88 2
22 37 2
13 50 2
5 63 1
3 78 1
8 18 2
25 41 2
41 86 2
32 63 2
8 81 2
3 20 2
16 27 2
43 158 1
0 154 2
33 144 2
3 4 2
1 23 2
30 64 2
30 124 2
23 26 2
20 47 2
10 47 2
19 51 2
12 124 1
16 96 2
18 21 2
11 79 2
7 49 2
41 126 2
35 38 2
4 23 2
51 113 1
38 124 2
3 24 2
7 27 2
9 22 2
6 152 2
21 116 2
28 35 2
34 37 2
13 40 2
12 51 2
13 84 2
37 39 2
23 49 2
2 106 1
40 106 2
2 6 2
0 7 2
11 154 1
46 64 2
6 130 1
25 119 1
18 80 1
19 48 1
10 20 1
37 52 1
14 43 1
54 101 2
