% n=30 p=60 d=0.33 p_blue=0.33
% k=0
1 13 2
5 16 2
2 27 2
5 9 2
7 14 2
2 6 2
4 10 2
4 7 2
0 11 2
12 17 2
2 16 2
2 10 2
14 22 2
4 16 2
5 26 1
7 21 1
13 29 2
7 10 2
7 11 2
8 10 2
0 15 2
8 21 1
6 16 2
10 15 2
5 11 2
2 14 2
16 17 2
2 13 2
2 12 2
9 17 2
5 22 1
1 11 2
7 17 2
2 5 2
3 28 1
4 27 1
3 12 2
5 8 2
1 10 2
0 6 2
8 11 2
10 23 1
7 15 2
6 19 1
7 20 1
14 16 2
10 14 2
0 10 2
15 16 2
3 11 2
0 14 2
7 9 2
1 29 2
8 12 2
4 12 2
5 27 1
4 26 1
0 2 2
3 17 2
17 23 1
14 17 2
3 13 2
8 17 2
1 6 2
6 10 2
0 17 2
5 17 2
17 26 1
11 16 2
3 23 1
4 8 2
14 29 1
9 15 2
5 7 2
0 5 2
5 24 2
17 22 2
0 12 2
0 16 2
12 23 1
2 18 1
5 14 2
1 2 2
7 16 2
11 17 2
9 29 2
10 28 2
6 8 2
3 16 2
1 12 2
4 29 1
16 19 1
15 29 2
13 20 2
0 4 2
8 22 1
1 15 2
2 22 1
5 29 2
9 14 2
13 16 2
15 18 1
2 7 2
2 17 2
13 25 2
16 18 1
7 22 2
3 4 2
1 14 2
12 20 1
2 9 2
0 8 2
6 7 2
4 22 1
0 22 2
0 18 1
6 9 2
15 25 1
8 29 2
11 15 2
11 13 2
13 17 2
9 16 2
16 26 1
3 7 2
2 3 2
12 27 1
4 18 1
0 9 2
12 14 2
13 14 2
13 15 2
7 18 2
16 23 1
9 18 1
9 23 1
4 17 2
1 16 2
1 4 2
5 6 2
7 8 2
8 9 2
5 18 1
10 12 2
4 24 1
3 5 2
14 15 2
5 10 2
1 17 2
0 20 2
1 7 2
2 11 2
0 24 2
6 21 1
9 28 1
0 27 1
3 9 2
10 16 2
2 8 2
3 6 2
0 13 2
5 13 2
9 10 2
5 12 2
6 13 2
6 17 2
2 24 2
7 24 1
2 15 2
0 1 2
6 24 2
0 3 2
6 15 2
16 29 1
8 13 2
1 3 2
10 17 2
7 12 2
1 18 2
3 15 2
10 13 2
3 14 2
9 26 2
12 13 2
11 23 1
14 26 1
12 26 1
12 25 1
4 6 2
4 15 2
8 15 2
4 5 2
3 10 2
3 19 2
1 9 2
13 28 1
17 28 1
11 12 2
6 25 1
2 26 1
3 29 1
5 15 2
6 14 2
1 8 2
13 21 1
4 11 2
8 16 2
4 14 1
14 27 2
8 14 1
12 16 1
6 28 2
9 12 1
0 7 1
