% n=170 p=33 d=0.66 p_blue=0.33
% k=0
10 64 1
34 64 1
0 139 2
2 84 1
37 146 1
38 45 2
37 72 1
3 136 2
5 107 2
14 32 2
34 133 1
38 94 1
38 57 1
25 39 2
11 67 1
15 55 2
0 57 1
18 124 2
1 20 2
54 131 1
10 41 2
48 99 1
42 48 2
34 67 1
17 42 2
51 149 1
55 129 2
41 51 2
51 137 1
44 60 1
53 94 1
45 166 1
37 49 2
26 115 2
44 74 1
3 147 1
35 60 1
51 56 2
14 123 1
26 71 1
31 56 2
30 62 1
50 138 1
12 48 2
17 46 2
5 7 2
23 112 1
44 71 2
55 161 1
46 97 1
21 122 1
21 32 2
32 62 1
32 165 1
50 166 1
23 100 1
19 62 1
46 50 2
45 79 1
41 49 2
21 88 1
38 166 1
1 147 1
49 125 1
9 81 2
1 101 2
40 117 1
48 68 2
15 26 2
46 127 2
1 95 2
32 122 1
8 59 2
25 158 1
8 24 2
27 136 2
28 166 1
46 129 1
15 169 1
36 125 1
11 107 1
44 167 1
52 98 2
42 81 1
4 162 2
48 127 1
50 119 2
4 125 1
41 94 1
33 130 1
1 149 1
37 140 1
24 97 1
36 84 2
39 89 2
42 94 1
31 126 1
48 49 2
37 89 2
14 96 2
14 119 1
38 61 2
8 140 2
0 89 1
23 66 1
54 138 2
39 43 2
4 7 2
9 76 1
4 98 1
40 41 2
41 72 2
5 127 1
43 124 1
38 82 1
1 22 2
18 29 2
19 94 1
15 122 2
20 149 2
8 47 2
32 69 2
11 136 1
32 84 2
23 149 2
32 52 2
23 157 1
28 107 2
17 25 2
33 146 2
18 21 2
22 34 2
10 144 1
34 138 1
3 26 2
6 23 2
32 76 1
56 137 1
8 106 2
0 87 2
27 33 2
12 146 1
53 158 1
0 6 2
32 136 2
53 144 2
29 41 2
3 86 1
47 83 1
46 131 1
14 58 1
33 88 1
6 56 2
14 162 2
5 139 1
28 31 2
44 152 1
4 132 1
32 75 1
1 3 2
46 118 1
51 117 2
19 144 2
24 81 1
23 71 1
38 79 1
45 144 2
32 115 1
25 102 1
45 146 1
18 24 2
44 52 2
26 92 1
14 38 2
18 58 1
1 54 2
3 74 1
7 39 2
52 113 2
13 39 2
38 162 1
2 120 2
24 104 1
15 20 2
50 146 1
2 103 1
45 168 2
56 107 2
5 155 1
27 159 1
45 76 1
7 35 2
43 159 1
35 152 1
44 138 1
46 167 1
4 159 2
34 69 1
46 137 2
5 137 1
13 44 2
47 136 2
51 132 1
15 19 2
0 56 2
0 152 2
30 149 2
20 138 2
56 98 1
51 146 1
38 42 2
42 83 1
1 2 2
41 112 1
3 159 2
39 78 1
31 36 2
2 149 2
33 78 1
6 16 2
32 127 1
21 43 2
42 99 2
22 127 2
6 78 1
53 132 1
50 168 2
19 106 1
24 149 1
50 95 1
24 51 2
52 136 1
18 71 1
42 168 2
16 53 2
26 148 1
36 99 1
47 82 1
31 112 1
35 112 2
29 97 1
4 135 1
31 123 2
27 156 2
8 16 2
29 159 1
49 55 2
53 128 1
31 45 2
11 14 2
9 108 1
43 48 2
46 124 2
20 97 2
0 40 2
53 73 1
1 33 2
11 22 2
41 144 2
26 135 1
29 95 2
15 151 2
47 122 1
3 53 2
5 168 1
36 85 1
30 50 2
11 62 2
16 34 2
52 162 2
13 115 2
22 131 1
41 56 2
53 59 1
5 130 1
50 71 2
33 92 1
11 21 2
5 47 2
7 84 1
36 126 1
34 143 1
6 41 2
4 121 1
39 128 1
27 116 1
32 49 2
13 131 1
15 123 1
16 153 2
50 84 2
7 34 2
29 43 2
15 120 2
26 123 1
33 94 2
17 48 2
56 58 1
20 73 1
40 78 1
2 62 2
8 148 1
9 63 2
11 79 1
50 120 2
12 134 2
24 43 2
24 161 1
20 105 2
16 54 2
5 113 1
40 111 2
9 18 2
3 146 2
23 24 2
1 156 1
8 102 1
14 37 2
36 166 1
35 38 2
19 64 1
9 31 2
55 133 1
14 142 1
21 42 2
56 90 2
31 110 2
8 169 1
6 32 2
40 96 1
47 63 1
30 115 1
21 157 1
39 100 1
49 140 1
0 28 2
16 55 2
18 161 1
36 147 1
1 43 2
2 75 1
9 28 2
18 28 2
36 120 2
1 35 2
56 165 1
18 104 1
6 87 1
23 63 2
54 81 1
21 134 1
55 122 1
5 140 1
19 84 1
34 113 2
46 96 1
7 137 2
31 127 1
49 148 1
4 42 2
19 32 2
10 151 1
1 97 1
36 68 2
9 20 2
29 129 1
4 8 2
36 93 1
2 86 1
24 117 1
16 133 2
51 166 2
10 140 1
24 44 2
17 45 2
33 155 1
2 158 1
45 84 1
7 51 2
42 161 1
53 139 1
1 24 2
1 37 2
28 84 1
8 55 2
7 123 2
33 96 1
55 159 1
24 101 1
0 13 2
25 51 2
11 36 2
27 141 2
8 68 1
11 54 2
21 165 1
35 58 1
4 146 1
26 42 2
15 148 1
4 27 2
42 96 1
7 24 2
50 131 1
1 55 2
1 31 2
2 36 2
31 72 2
29 168 1
33 98 2
14 97 1
26 37 2
26 96 2
48 100 2
30 79 1
49 144 2
20 52 2
4 54 2
56 163 2
33 121 1
27 138 2
7 163 1
3 36 2
27 53 2
46 82 1
3 43 2
16 17 2
43 158 1
4 43 2
5 70 2
24 34 2
11 56 2
10 52 2
23 54 2
17 63 1
3 11 2
13 84 2
27 125 1
3 52 2
11 33 2
7 121 1
11 84 1
8 9 2
46 166 2
29 119 2
8 116 1
5 31 2
38 88 1
9 98 2
34 107 2
31 150 2
42 47 2
53 70 1
41 45 2
10 22 2
5 32 2
45 156 1
22 45 2
6 79 1
16 85 1
39 125 1
14 72 2
28 64 1
48 72 1
5 58 1
16 76 2
52 86 2
37 77 1
0 79 1
51 118 1
46 90 2
29 165 1
5 153 1
8 66 2
50 149 1
18 35 2
13 156 1
8 138 2
21 152 1
20 47 2
13 103 1
39 127 1
38 58 1
2 38 2
15 16 2
27 98 1
34 50 2
40 148 1
38 158 2
9 84 1
16 50 2
15 80 1
26 153 2
34 56 2
12 29 2
17 118 1
8 54 2
10 30 2
14 156 2
48 158 1
22 29 2
36 39 2
4 140 2
28 159 2
1 71 1
8 153 1
22 160 1
47 154 1
27 99 1
1 12 2
10 13 2
12 22 2
35 63 1
4 48 2
19 29 2
25 44 2
52 108 1
29 115 1
39 135 1
27 43 2
33 56 2
31 116 1
25 47 2
45 149 1
22 166 1
34 141 1
26 55 2
35 52 2
56 110 1
35 49 2
11 159 2
9 101 1
0 19 2
2 97 1
18 98 1
44 104 1
34 89 1
16 60 1
33 61 1
24 89 1
5 26 2
28 82 2
16 98 1
41 136 1
41 55 2
8 128 2
0 21 2
24 125 1
50 73 1
0 39 2
8 33 2
31 142 2
22 72 2
24 73 2
17 155 2
48 169 2
33 106 2
34 98 1
32 91 2
31 43 2
27 121 2
40 49 2
4 138 1
28 162 1
12 121 1
8 32 2
14 46 2
5 88 1
13 16 2
45 150 1
29 80 2
34 77 1
11 86 1
50 141 1
8 83 2
40 98 1
8 90 1
33 40 2
37 152 2
19 121 1
18 20 2
29 88 2
39 63 1
38 157 2
49 95 1
10 101 1
41 143 1
50 52 2
49 101 1
24 56 2
37 76 1
25 162 1
14 129 1
22 112 1
37 75 1
43 162 1
36 81 1
13 45 2
18 153 2
13 94 2
22 140 1
47 68 2
46 164 2
7 50 2
8 80 1
42 113 1
7 125 1
56 167 1
32 45 2
15 58 1
50 156 1
10 92 2
25 142 1
17 125 1
19 97 2
1 15 2
19 148 1
41 168 1
5 22 2
4 151 2
22 93 1
55 118 1
23 115 1
22 63 2
5 13 2
2 51 2
14 155 1
26 27 2
45 155 1
36 135 2
22 61 2
8 27 2
30 44 2
7 108 1
6 131 1
24 99 1
39 130 1
40 43 2
5 61 1
32 152 1
29 83 1
43 108 1
12 76 1
14 60 2
18 67 1
38 116 2
47 117 2
6 20 2
32 54 2
2 8 2
23 140 2
37 159 2
14 92 2
16 141 1
34 129 2
49 106 2
2 54 2
32 141 1
2 60 2
38 156 1
9 145 2
20 147 2
28 143 1
41 47 2
35 165 1
35 95 1
28 119 2
25 56 2
38 153 1
43 94 2
23 148 1
3 108 2
4 51 2
26 118 1
29 131 1
41 126 1
13 122 2
0 25 2
13 80 1
17 120 2
33 145 1
49 65 2
21 26 2
19 136 2
3 113 1
53 118 1
17 146 1
19 43 2
12 151 1
33 142 1
5 45 2
45 108 1
42 43 2
19 40 2
47 60 1
43 57 2
29 46 2
43 109 2
18 80 1
31 100 2
17 41 2
48 167 2
0 106 1
18 92 1
29 161 1
35 51 2
40 124 2
4 30 2
10 83 1
17 55 2
54 155 2
17 57 2
43 58 1
36 97 1
53 147 1
21 78 2
9 163 2
26 45 2
31 157 2
53 93 1
41 119 1
27 119 1
20 82 1
25 94 2
55 146 1
19 146 2
24 49 2
25 57 2
9 155 1
6 133 2
4 148 2
23 46 2
34 100 1
14 48 2
52 55 2
13 36 2
26 29 2
24 31 2
15 51 2
13 162 1
9 140 2
4 150 1
11 43 2
16 52 2
7 81 1
26 70 1
3 9 2
25 148 1
49 151 2
25 79 2
15 83 2
4 14 2
27 168 1
25 81 2
38 140 1
2 112 1
5 36 2
42 130 1
25 161 2
9 27 2
50 152 1
37 42 2
17 103 1
26 47 2
40 167 2
30 58 1
30 118 2
33 39 2
46 72 1
9 87 2
1 23 2
8 103 1
56 147 1
31 60 2
50 148 2
32 99 1
23 141 1
47 73 1
21 163 2
15 146 2
28 35 2
38 169 1
21 138 1
52 102 1
13 109 2
10 29 2
17 24 2
16 22 2
44 91 1
3 132 1
28 134 1
23 42 2
39 40 2
10 114 1
37 45 2
11 15 2
40 120 1
43 103 2
18 64 2
32 110 1
20 127 2
22 26 2
14 54 2
2 72 1
13 151 1
0 125 1
13 71 2
0 126 1
1 92 1
40 67 2
0 86 2
18 163 1
17 31 2
46 95 1
21 131 1
29 164 1
16 42 2
20 153 1
1 77 2
9 110 1
6 75 1
2 55 2
4 52 2
3 70 1
3 163 1
34 44 2
49 84 1
19 56 2
36 60 1
10 160 1
9 73 1
21 44 2
19 155 1
1 63 1
17 30 2
24 32 2
21 139 1
37 62 2
4 16 2
22 108 1
13 93 1
3 10 2
33 101 1
26 130 1
24 79 1
50 130 1
36 116 2
15 17 2
42 57 1
33 42 2
21 79 1
14 26 2
2 39 2
47 132 1
38 83 1
45 107 2
28 72 2
16 139 1
47 106 1
5 35 2
17 154 1
50 112 2
19 108 2
50 117 1
18 33 2
35 101 1
13 46 2
25 108 2
36 49 2
28 71 2
22 74 1
0 50 2
41 82 1
42 165 2
5 161 1
44 75 2
10 26 2
52 114 1
49 50 2
10 156 2
32 131 2
9 146 1
50 135 1
38 107 1
53 55 2
34 163 1
35 44 2
28 151 1
49 124 1
23 35 2
41 68 1
43 64 2
55 57 2
21 106 1
6 127 1
10 159 1
48 135 2
36 62 2
17 119 1
19 81 2
51 112 1
22 33 2
8 38 2
21 69 2
6 108 1
18 121 2
50 125 1
8 132 1
26 89 1
32 42 2
20 118 2
21 35 2
47 125 1
1 110 1
5 52 2
56 108 1
52 104 1
13 92 1
11 40 2
51 139 1
50 108 1
32 103 1
3 28 2
35 125 1
8 71 1
31 47 2
31 67 2
43 77 1
5 49 2
20 41 2
2 18 2
38 128 1
52 87 2
54 61 2
51 154 1
24 130 2
27 140 1
19 24 2
53 58 1
4 67 1
37 112 2
28 167 1
50 111 2
5 11 2
29 49 2
51 125 1
3 48 2
42 157 1
18 48 2
14 89 2
42 51 2
14 73 1
22 50 2
6 117 1
16 92 1
45 152 1
14 91 1
53 87 2
53 60 1
35 142 2
50 159 1
10 168 1
7 54 2
14 141 2
28 50 2
47 127 2
24 90 1
3 142 2
9 19 2
30 63 2
42 150 1
53 84 1
12 63 2
24 52 2
17 18 2
41 76 2
16 70 2
55 97 1
37 148 1
5 68 1
33 161 1
29 73 1
0 64 1
50 54 2
44 165 1
9 55 2
10 40 2
38 51 2
43 96 1
36 119 2
55 158 2
8 15 2
25 144 1
43 106 1
38 40 2
47 110 1
9 39 2
14 83 2
26 97 2
1 137 2
29 32 2
46 103 1
17 76 2
36 64 1
28 52 2
25 82 2
34 136 2
6 101 1
9 32 2
19 133 1
50 82 1
35 69 2
36 108 1
22 141 1
25 106 1
1 94 1
36 52 2
20 121 2
40 161 2
41 158 2
42 52 2
9 134 2
10 94 2
7 40 2
7 33 2
10 85 2
31 48 2
18 25 2
32 37 2
28 88 1
29 37 2
28 129 1
42 63 2
29 30 2
9 97 2
1 48 2
48 145 1
31 161 1
17 33 2
42 69 1
11 154 1
0 160 1
39 142 1
44 147 1
49 59 1
29 126 1
52 128 1
47 159 2
52 125 1
48 140 2
42 46 2
38 101 1
10 129 2
41 86 1
10 147 2
15 24 2
1 125 2
10 111 1
45 163 2
23 168 2
2 80 1
6 15 2
41 50 2
44 50 2
48 132 2
15 143 2
52 145 1
51 134 1
18 49 2
12 67 1
26 105 1
18 73 1
25 138 1
39 134 2
2 88 1
16 117 2
41 46 2
15 27 2
13 142 1
2 167 1
25 28 2
1 80 1
27 130 1
47 52 2
20 63 1
24 86 2
8 125 2
23 169 1
35 37 2
55 141 1
2 57 2
20 50 2
35 103 1
22 92 2
53 101 2
28 100 1
7 56 2
40 163 1
41 169 2
14 140 1
46 69 1
50 128 1
16 103 1
13 30 2
29 108 1
20 142 1
19 27 2
16 30 2
8 51 2
54 150 1
15 23 2
1 158 2
20 145 1
4 147 2
11 151 2
3 98 1
9 159 1
41 117 1
40 55 2
56 128 2
53 119 2
14 147 1
47 146 1
18 70 2
32 83 1
19 33 2
31 49 2
12 138 1
52 122 1
52 164 2
43 52 2
3 145 1
7 120 1
12 19 2
23 113 1
50 101 2
8 11 2
10 117 1
37 100 1
45 62 2
48 143 2
18 131 1
2 50 2
24 93 1
27 29 2
51 110 1
21 61 2
33 128 1
32 149 1
15 96 1
40 137 1
10 38 2
3 16 2
48 141 2
30 70 2
48 83 1
52 167 2
16 137 1
28 133 2
46 74 1
12 140 1
29 153 1
23 61 1
4 163 2
25 35 2
6 114 1
34 112 2
17 77 1
22 101 1
5 105 1
32 154 1
4 103 2
4 36 2
12 136 2
17 86 1
28 157 2
13 72 1
31 83 1
12 46 2
50 107 1
34 165 1
40 121 1
15 59 1
33 126 1
9 45 2
47 156 1
1 113 2
29 121 1
5 166 1
53 106 1
26 48 2
43 142 1
8 28 2
16 19 2
31 46 2
20 58 1
34 158 2
23 57 2
19 72 1
3 151 1
35 168 1
54 135 1
2 96 1
51 52 2
10 11 2
35 151 2
7 16 2
14 130 2
8 85 1
44 119 1
20 28 2
53 157 2
18 152 2
9 132 2
4 21 2
41 62 2
13 152 1
40 87 2
38 43 2
0 154 1
41 140 2
33 143 1
39 102 2
28 156 2
18 69 1
43 127 2
17 34 2
45 93 2
26 108 2
20 167 1
1 127 2
20 67 1
16 81 1
42 126 1
16 25 2
41 157 1
17 108 2
5 162 2
53 107 2
30 84 2
43 71 1
14 45 2
52 138 1
41 96 1
38 106 2
43 95 2
15 39 2
37 142 1
41 146 1
11 143 2
45 95 2
8 62 1
45 96 1
22 49 2
13 77 1
39 97 1
14 144 1
28 45 2
27 52 2
55 68 1
1 41 2
15 103 2
30 46 2
39 132 2
33 154 2
46 87 1
25 31 2
2 44 2
32 40 2
0 101 2
9 35 2
25 164 1
12 65 1
37 118 2
45 116 2
33 131 1
48 96 1
47 91 1
53 78 2
46 143 2
33 50 2
33 153 1
2 148 2
13 42 2
28 122 1
48 77 1
34 79 1
7 144 2
20 136 1
28 41 2
19 111 1
26 158 2
21 87 1
12 149 2
31 135 2
28 108 1
27 35 2
56 65 1
22 115 1
47 88 1
47 143 1
36 139 2
9 136 1
19 156 1
33 38 2
18 56 2
47 129 2
7 30 2
21 93 2
2 43 2
9 11 2
47 138 2
43 135 1
18 96 1
10 35 2
6 149 1
36 72 1
4 102 1
11 68 2
3 42 2
40 64 1
40 109 2
17 56 2
55 93 1
54 165 1
48 151 2
10 14 2
7 46 2
34 58 2
0 18 2
13 65 1
9 74 1
4 23 2
1 129 1
26 66 1
29 65 1
29 34 2
15 76 1
40 134 1
40 147 1
34 51 2
20 148 1
4 81 1
19 38 2
23 34 2
13 24 2
47 120 1
9 103 1
11 30 2
34 53 2
50 72 2
42 146 2
41 75 1
44 155 1
7 157 2
11 97 1
24 102 2
44 128 1
32 71 1
33 49 2
12 104 1
4 29 2
21 150 1
7 38 2
20 168 1
44 82 1
25 147 1
32 94 2
46 47 2
46 98 2
49 60 1
27 64 1
48 71 2
19 143 2
6 120 1
3 96 1
4 33 2
20 157 1
47 48 2
25 99 1
54 102 1
11 117 1
35 54 2
51 141 2
10 60 1
52 150 1
26 140 1
4 39 2
17 143 1
47 56 2
35 84 2
20 78 2
1 51 2
49 76 1
1 60 1
11 103 2
43 89 2
17 50 2
26 124 1
50 142 1
51 113 1
22 111 1
10 68 1
0 77 1
33 37 2
50 143 1
36 164 1
4 13 2
16 95 2
23 79 2
2 157 1
6 21 2
16 84 2
20 56 2
40 66 2
29 155 1
5 120 2
29 110 1
41 57 2
24 80 1
36 65 2
40 93 2
5 19 2
40 52 2
34 151 1
48 162 1
14 39 2
19 28 2
44 100 1
14 22 2
38 66 1
37 43 2
35 116 1
34 162 2
8 112 2
4 56 2
5 39 2
52 141 1
26 161 1
18 68 1
47 51 2
27 41 2
34 54 2
49 135 1
37 90 2
24 33 2
27 137 1
26 169 2
31 77 1
12 75 2
29 118 1
15 38 2
28 33 2
49 91 1
44 162 1
10 79 1
10 104 1
30 98 2
1 14 2
7 142 1
27 145 2
23 154 1
12 110 2
7 68 1
53 95 1
8 121 2
39 51 2
49 86 2
7 47 2
48 88 1
7 36 2
31 119 1
15 21 2
11 25 2
22 75 1
3 4 2
36 79 1
16 144 2
49 122 2
16 23 2
15 30 2
56 156 2
45 122 1
20 61 1
34 83 1
44 161 1
22 132 2
29 137 1
9 142 1
16 166 1
7 58 1
30 38 2
4 144 1
20 116 2
45 90 1
13 33 2
42 50 2
22 56 2
5 135 1
41 153 1
25 34 2
18 65 1
27 133 1
3 120 1
46 113 1
44 56 2
26 90 1
1 44 2
7 10 2
38 46 2
30 119 2
46 162 1
51 107 1
45 75 1
27 36 2
17 35 2
37 131 1
8 26 2
15 42 2
13 48 2
44 88 1
10 45 2
30 66 2
42 92 1
0 54 2
52 81 1
28 96 1
10 146 1
5 72 2
16 56 2
9 54 2
15 104 1
9 111 1
16 136 2
52 58 1
36 105 1
30 82 2
16 48 2
2 25 2
37 88 1
33 124 2
4 24 2
8 53 2
11 99 1
49 129 1
47 162 2
41 111 1
30 36 2
18 159 2
52 89 1
49 56 2
41 150 1
38 151 2
47 123 1
20 92 2
16 18 2
1 108 2
40 86 1
25 112 1
43 56 2
43 121 2
51 116 1
14 56 2
51 57 1
24 82 2
21 169 1
50 55 2
31 114 1
48 129 1
41 80 1
15 157 1
15 158 2
39 149 1
39 45 2
27 69 1
15 94 1
12 44 2
13 67 1
0 83 2
28 150 1
7 136 1
28 67 2
6 89 2
42 166 2
21 154 1
11 145 1
52 97 1
48 57 1
19 109 1
13 32 2
13 163 1
30 158 2
11 39 2
0 7 2
31 163 1
2 22 2
38 110 1
10 110 2
0 67 2
0 31 2
1 152 1
41 127 1
40 44 2
27 34 2
6 159 2
56 101 1
18 136 1
47 49 2
40 71 1
3 121 1
39 122 2
55 106 1
27 58 1
52 92 1
16 106 2
5 97 1
38 70 1
54 79 1
14 77 1
20 35 2
3 79 1
20 107 1
1 111 1
3 138 1
0 128 1
56 122 1
19 103 2
25 65 2
20 24 2
45 128 1
9 162 1
49 75 1
27 108 1
38 75 1
30 146 1
2 99 1
22 81 2
25 96 1
2 21 2
22 30 2
39 81 1
41 63 1
49 128 1
17 139 2
38 95 1
55 167 1
40 53 2
46 70 2
45 56 2
48 80 1
10 162 1
36 102 1
22 70 1
54 86 2
33 60 1
55 110 2
26 32 2
16 72 1
9 158 1
7 43 2
7 13 2
23 90 1
9 58 1
24 58 1
38 97 1
9 133 1
22 31 2
51 150 1
3 60 2
9 51 2
14 53 2
4 84 2
1 87 1
9 46 2
40 151 1
14 29 2
26 63 1
32 150 1
5 20 2
10 23 2
19 48 2
40 50 2
28 141 1
27 160 1
42 105 2
9 152 2
22 25 2
55 76 2
18 91 2
26 44 2
56 154 1
0 122 1
9 67 1
30 56 2
6 158 1
33 136 1
30 137 2
20 126 2
5 132 2
33 113 2
7 18 2
4 118 1
17 22 2
15 87 1
2 127 1
9 60 1
1 18 2
26 49 2
52 96 1
26 57 1
4 34 2
48 108 2
51 162 2
34 41 2
17 96 2
23 122 1
56 80 1
42 159 2
33 169 1
22 48 2
45 87 1
6 94 1
22 64 1
3 149 1
29 84 2
44 111 2
11 34 2
18 30 2
13 25 2
15 29 2
47 150 1
37 122 1
51 108 2
17 134 1
42 127 1
19 128 1
20 38 2
39 163 1
3 44 2
9 89 1
8 93 2
8 96 1
28 36 2
33 107 1
36 43 2
39 84 1
55 74 1
7 99 1
2 154 1
40 42 2
31 63 1
36 136 2
56 78 1
38 145 1
8 135 1
55 107 1
21 48 2
43 47 2
16 124 1
6 73 1
23 29 2
12 99 1
47 144 1
36 56 2
54 111 1
25 36 2
27 111 1
7 20 2
54 91 1
40 56 2
44 134 1
1 132 1
3 69 2
29 138 1
6 39 2
46 77 2
0 47 2
3 71 2
22 40 2
7 143 2
53 141 1
50 106 1
3 18 2
32 107 1
9 48 2
46 119 2
33 51 2
22 39 2
56 93 1
54 137 1
45 112 1
53 113 1
1 52 2
4 53 2
32 89 2
22 44 2
10 121 2
14 117 2
31 93 2
11 109 1
40 125 1
7 159 1
34 73 1
5 51 2
10 39 2
5 17 2
4 169 1
49 133 2
17 166 1
38 130 2
48 131 2
12 162 1
7 29 2
39 47 2
7 22 2
38 84 1
10 136 1
24 148 1
45 101 2
11 28 2
52 153 1
33 34 2
23 69 1
53 104 1
14 152 2
25 121 1
50 139 1
6 57 1
55 143 1
4 28 2
29 53 2
44 54 2
19 126 2
43 154 1
3 119 1
0 11 2
48 122 1
6 55 2
17 149 1
38 50 2
54 130 1
1 17 2
13 21 2
13 128 2
26 103 1
1 29 2
31 89 1
14 44 2
10 100 2
26 141 2
18 82 1
28 99 1
1 75 1
24 124 2
52 59 1
29 157 1
33 148 1
39 60 2
3 30 2
17 131 1
30 72 1
9 33 2
9 50 2
37 125 1
39 53 2
15 160 1
28 30 2
11 13 2
55 139 1
33 108 1
30 42 2
9 127 1
8 167 1
25 159 1
45 97 1
31 58 1
34 147 1
48 138 1
30 74 2
11 127 1
15 89 2
8 136 1
11 135 1
22 117 2
12 112 2
30 141 1
0 35 2
23 96 2
9 119 1
12 56 2
0 14 2
11 139 1
38 143 2
55 96 1
51 75 2
18 63 1
8 25 2
28 140 1
19 102 1
11 41 2
5 117 2
46 86 1
44 98 1
9 100 1
3 112 1
4 131 1
4 11 2
43 69 2
45 88 1
15 101 1
20 164 1
3 152 2
47 108 1
4 86 2
34 110 1
25 55 2
52 71 1
4 156 2
8 34 2
11 12 2
51 94 1
11 17 2
24 113 1
45 104 2
20 100 2
18 44 2
22 53 2
24 167 1
14 109 1
19 77 1
10 53 2
24 61 1
36 156 1
8 69 2
44 73 1
48 113 2
32 128 2
39 138 2
39 80 2
7 166 1
28 68 2
42 158 2
11 73 1
43 163 2
2 161 1
36 114 1
24 30 2
32 97 2
43 63 2
4 72 1
7 26 2
1 65 1
34 63 1
4 41 2
36 82 2
8 109 1
17 152 1
16 111 2
52 144 1
7 44 2
5 116 2
19 130 1
43 93 2
43 54 2
8 111 1
44 122 1
35 102 1
28 78 1
19 145 2
46 146 1
45 102 1
4 107 1
10 47 2
13 18 2
40 61 1
56 135 1
21 28 2
10 105 2
10 123 1
4 80 1
19 142 1
12 35 2
7 62 1
43 123 1
28 147 2
40 77 1
53 134 1
48 117 1
25 152 2
50 157 2
31 33 2
14 138 1
3 45 2
0 29 2
27 85 1
13 96 2
3 100 1
38 155 2
25 32 2
11 59 1
44 58 1
7 80 1
43 116 1
29 103 1
4 113 1
18 115 1
10 66 2
23 25 2
5 9 2
17 112 1
1 112 2
30 64 2
2 85 1
1 28 2
50 80 2
4 134 1
42 125 2
37 47 2
15 75 1
10 158 1
41 162 1
17 128 1
47 84 1
7 149 1
29 69 2
13 141 1
22 54 2
20 169 2
10 51 2
46 117 1
8 161 1
53 159 1
32 57 2
2 90 1
0 98 1
0 100 2
34 124 1
22 104 1
8 20 2
38 49 2
56 70 2
4 154 2
36 77 2
2 64 2
6 129 1
39 146 2
27 71 2
55 71 2
31 59 2
29 158 1
13 114 2
49 79 1
5 109 2
33 81 2
34 132 2
46 138 1
44 105 1
25 45 2
8 14 2
5 90 1
9 30 2
54 163 1
0 143 1
42 149 2
4 26 2
52 100 1
10 37 2
26 146 2
6 86 1
24 107 1
35 64 1
2 133 2
18 116 1
3 94 1
18 130 1
4 124 1
47 80 2
0 146 2
46 128 1
6 44 2
30 31 2
26 30 2
15 81 1
0 43 2
38 105 1
2 124 2
31 42 2
16 91 2
40 138 1
27 91 2
11 113 1
5 136 1
45 63 1
54 71 1
15 35 2
46 102 1
10 98 1
52 156 1
45 136 2
19 163 2
22 66 1
3 116 1
2 114 1
4 71 1
39 139 1
35 87 2
2 135 1
43 45 2
22 32 2
21 162 1
19 51 2
25 98 1
33 59 1
56 124 2
28 164 1
51 66 2
10 43 2
7 28 2
31 120 1
28 34 2
44 67 2
19 37 2
56 75 1
50 113 1
7 11 2
17 148 1
20 23 2
29 50 2
25 78 2
10 18 2
39 56 2
31 51 2
28 65 1
21 70 1
7 164 1
1 36 2
9 14 2
5 114 2
53 123 2
4 115 1
54 120 2
3 50 2
19 26 2
36 100 2
16 86 1
34 85 2
4 110 1
25 130 2
53 110 1
40 81 1
15 47 2
9 148 2
56 123 1
37 51 2
44 125 1
14 120 2
5 14 2
26 167 1
38 139 2
35 129 1
7 119 1
20 123 1
35 62 2
2 121 1
47 79 1
14 75 1
52 137 2
3 155 1
36 145 1
9 135 1
18 117 1
8 30 2
8 105 2
7 19 2
50 123 1
31 109 1
41 103 2
1 154 1
41 137 2
53 61 1
22 97 1
25 26 2
46 53 2
21 119 2
15 139 1
52 139 1
31 37 2
35 59 1
29 45 2
56 95 2
13 164 1
11 26 2
4 18 2
40 150 1
41 166 2
56 143 2
42 108 2
54 73 1
10 44 2
24 120 1
53 80 1
24 48 2
40 145 2
34 106 2
36 40 2
24 153 2
41 98 2
35 140 1
22 105 1
9 99 1
19 80 1
15 67 2
8 162 1
43 53 2
28 135 2
2 91 2
9 70 1
3 32 2
36 73 1
54 156 1
14 161 1
5 86 1
14 66 1
15 118 2
21 123 1
43 128 1
25 43 2
2 107 1
4 141 1
9 164 1
14 95 1
36 152 2
23 142 1
51 99 1
50 91 1
6 52 2
42 87 1
24 63 1
30 153 1
17 62 1
56 81 1
15 134 1
20 152 1
16 27 2
23 76 2
45 53 2
4 136 1
31 133 1
36 54 2
41 58 1
35 93 2
6 13 2
12 119 1
6 36 2
14 137 1
50 77 1
18 150 1
56 141 1
50 56 2
22 98 1
0 168 1
42 156 2
21 38 2
1 38 2
32 124 2
37 119 1
14 20 2
38 99 1
53 108 1
37 39 2
1 45 2
31 92 1
46 101 2
52 77 1
10 28 2
34 49 2
15 126 2
34 139 1
33 119 1
42 111 1
47 94 1
46 153 1
38 48 2
8 139 1
5 82 1
51 135 1
22 65 1
6 34 2
10 130 1
47 153 1
43 104 2
54 140 1
13 40 2
35 94 1
48 59 1
21 67 1
19 41 2
18 141 2
32 112 1
6 146 1
50 136 2
15 31 2
49 61 1
13 26 2
43 66 2
14 35 2
5 73 1
23 108 1
6 65 1
13 15 2
16 35 2
53 148 2
3 156 1
50 153 2
28 87 2
10 42 2
49 70 2
28 117 2
12 116 2
3 13 2
47 135 2
11 126 2
38 118 1
31 88 1
21 47 2
41 114 2
1 10 2
24 140 2
27 94 1
31 82 2
13 69 1
12 97 2
5 121 2
15 165 1
41 100 2
41 71 1
26 41 2
16 154 2
13 14 2
32 86 1
23 147 2
20 91 1
37 65 1
52 78 1
50 121 1
36 113 1
48 66 2
3 7 2
33 162 1
34 126 1
46 109 1
30 162 2
18 27 2
42 114 1
19 21 2
1 72 1
20 55 2
7 9 2
27 161 1
20 117 2
9 160 2
37 117 1
10 32 2
50 155 1
11 19 2
19 71 1
27 101 1
52 63 2
29 93 1
1 128 1
22 103 1
38 41 2
39 86 1
41 130 2
44 46 2
32 39 2
34 55 2
15 113 1
4 44 2
17 32 2
2 136 1
29 99 1
51 128 1
44 47 2
50 89 1
5 15 2
18 89 2
48 156 2
49 130 1
6 137 1
54 99 1
55 163 2
29 152 2
40 165 1
15 22 2
39 75 1
43 152 2
13 35 2
29 85 1
39 144 1
3 168 2
12 167 1
19 150 2
1 98 2
14 67 1
16 31 2
9 71 2
55 168 1
8 42 2
15 167 1
23 83 1
3 47 2
22 144 2
43 144 1
15 106 1
23 104 1
11 140 2
5 143 1
54 106 1
0 75 1
4 109 1
0 141 1
53 79 2
48 163 1
39 116 1
13 38 2
37 134 1
27 151 2
1 121 1
31 99 1
24 169 1
2 27 2
28 75 1
21 99 1
32 144 1
9 12 2
46 99 2
53 114 1
19 20 2
27 115 1
55 56 2
14 16 2
23 99 1
26 33 2
35 133 1
18 54 2
0 102 1
12 132 2
38 68 2
27 55 2
12 49 2
15 36 2
49 93 1
37 166 2
17 29 2
6 150 2
16 151 1
4 145 2
37 167 1
21 31 2
52 148 1
36 137 2
38 67 1
5 28 2
55 137 2
51 168 1
53 137 1
38 93 1
22 94 2
28 32 2
0 2 2
12 27 2
19 122 1
53 64 2
12 137 1
14 55 2
7 45 2
47 61 2
48 55 2
38 44 2
46 84 1
40 157 1
33 168 1
24 55 2
12 47 2
14 31 2
17 39 2
10 102 1
18 157 2
39 115 1
16 99 1
38 60 1
0 24 2
17 40 2
21 109 1
23 43 2
51 91 1
34 164 2
24 142 1
25 49 2
11 157 2
4 57 1
12 13 2
40 142 1
22 119 1
20 122 1
21 108 1
27 77 2
3 97 2
40 79 2
38 39 2
2 70 2
26 112 2
23 50 2
36 128 2
55 156 2
3 39 2
37 135 1
42 110 1
8 119 1
9 38 2
53 63 1
18 88 1
41 48 2
29 132 1
39 123 1
33 133 1
56 113 1
12 26 2
5 48 2
18 50 2
2 7 2
8 12 2
53 99 1
41 61 1
44 159 2
22 52 2
18 41 2
5 149 1
31 76 2
19 78 1
10 132 1
24 47 2
53 142 2
50 144 1
10 152 1
27 165 2
16 29 2
23 26 2
45 61 2
23 118 2
40 127 2
42 104 1
24 154 1
27 166 1
0 90 1
33 120 1
6 25 2
15 125 1
30 166 1
17 19 2
49 113 2
35 42 2
19 129 1
56 112 1
38 73 2
4 106 1
26 134 1
34 62 1
14 114 2
4 9 2
19 47 2
49 157 2
55 103 2
9 34 2
21 66 1
22 118 1
35 98 1
39 55 2
1 116 2
7 102 1
27 149 1
49 114 1
5 118 2
3 15 2
45 89 1
17 23 2
1 145 1
25 160 1
4 5 2
48 87 1
1 89 2
12 30 2
6 10 2
46 56 2
20 25 2
30 33 2
36 118 1
36 92 1
8 157 1
42 65 1
6 97 2
41 102 1
24 92 1
50 134 1
17 91 2
16 161 1
25 50 2
8 44 2
39 49 2
23 160 1
17 130 1
46 52 2
37 138 2
10 157 1
2 89 2
11 162 2
35 132 1
2 74 1
41 167 1
23 27 2
29 114 1
16 20 2
17 136 2
14 143 1
43 74 1
46 68 2
11 76 2
45 85 1
28 91 1
21 49 2
11 72 1
16 125 1
15 168 2
25 42 2
6 72 1
16 119 2
9 115 2
46 106 2
46 169 1
20 111 1
32 100 1
54 101 1
37 101 1
36 78 2
29 90 1
55 112 1
13 49 2
56 84 1
53 102 1
41 78 1
30 53 2
13 159 1
20 29 2
4 58 1
49 139 1
54 124 1
23 40 2
27 81 2
39 44 2
45 49 2
14 88 1
18 128 1
19 105 1
8 76 1
24 40 2
27 42 2
16 36 2
24 144 2
16 123 1
39 151 2
10 54 2
6 152 1
39 129 1
55 108 1
12 24 2
54 87 2
1 131 1
9 165 1
38 59 2
17 98 1
55 80 1
43 155 1
14 79 1
31 86 1
8 166 1
41 138 2
38 85 2
40 84 1
37 68 2
21 33 2
35 111 1
47 158 1
44 45 2
33 52 2
16 49 2
10 86 2
26 68 1
19 25 2
32 88 1
0 82 2
1 61 1
1 163 2
46 88 1
28 106 1
32 80 2
18 145 1
12 166 1
35 106 2
20 163 1
28 49 2
17 106 1
33 104 1
1 74 1
35 90 2
2 119 2
12 101 1
27 54 2
46 149 2
1 114 1
34 40 2
19 157 2
45 111 1
1 4 2
29 92 1
1 26 2
16 73 1
52 154 2
18 118 2
48 124 1
38 112 2
8 143 1
2 116 1
9 116 1
36 109 2
39 101 1
15 109 2
13 86 1
55 155 1
32 119 2
11 52 2
54 63 1
27 31 2
49 158 1
34 144 2
32 104 1
21 50 2
10 80 1
11 44 2
44 144 1
47 75 1
3 64 1
27 86 1
15 44 2
36 58 1
22 37 2
54 84 1
53 57 2
32 134 1
10 87 1
37 73 1
20 99 2
5 95 1
25 59 1
9 42 2
29 123 2
2 34 2
9 41 2
4 69 1
15 166 1
2 115 1
0 66 2
54 122 1
29 148 1
6 109 1
13 125 2
54 129 1
22 138 1
50 102 1
0 30 2
27 38 2
6 31 2
4 87 1
36 138 1
24 151 1
30 67 1
19 74 1
12 36 2
3 88 2
40 59 1
12 128 1
56 168 2
40 152 1
23 87 1
43 44 2
17 20 2
19 125 2
33 47 2
34 72 1
56 129 2
52 120 1
29 36 2
24 158 2
27 48 2
14 112 2
14 25 2
3 35 2
7 135 1
8 147 1
53 90 2
23 93 1
21 51 2
39 131 1
11 61 1
27 142 2
33 139 1
47 140 1
10 67 1
22 24 2
38 55 2
0 53 2
15 137 1
49 155 2
0 166 2
40 70 1
37 55 2
39 105 1
18 55 2
31 140 1
20 51 2
24 121 2
35 55 2
27 56 2
19 93 1
44 76 1
46 61 1
3 27 2
45 121 1
30 117 1
53 69 2
27 47 2
6 126 1
16 47 2
22 42 2
44 132 2
5 21 2
0 49 2
17 101 1
3 95 2
50 85 1
19 104 2
36 63 2
27 37 2
24 133 1
10 24 2
51 61 2
15 124 2
33 110 2
28 161 1
19 91 1
39 42 2
31 145 2
37 162 1
56 68 2
3 56 2
0 167 1
29 47 2
21 27 2
53 88 1
50 79 1
12 124 1
39 117 1
42 71 2
8 17 2
42 66 1
27 28 2
11 137 2
43 164 1
25 68 1
12 37 2
4 105 2
51 126 1
40 103 2
43 148 2
11 111 1
28 77 1
32 106 1
2 49 2
9 49 2
47 92 2
44 79 2
19 44 2
25 111 2
1 90 2
4 60 2
49 162 1
38 54 2
33 97 2
46 94 2
3 68 2
22 113 2
16 24 2
52 107 2
15 144 1
29 62 1
23 136 1
21 39 2
18 94 1
34 86 1
28 98 2
3 23 2
45 105 1
54 78 1
5 128 1
30 57 1
13 27 2
5 38 2
7 129 1
8 18 2
36 163 1
5 40 2
25 100 1
26 113 1
26 129 1
29 96 1
50 122 2
6 124 2
56 142 2
18 46 2
5 33 2
4 15 2
29 91 2
54 62 1
45 73 1
39 147 2
42 54 2
0 68 2
5 92 1
51 74 2
48 73 1
30 47 2
14 166 1
0 110 1
29 98 1
17 85 1
9 10 2
0 1 2
13 157 1
10 135 2
1 86 2
13 20 2
2 111 1
5 10 2
30 51 2
51 81 2
11 24 2
32 167 1
20 48 2
3 46 2
0 4 2
48 161 2
29 135 1
31 96 1
30 78 1
49 71 1
15 149 1
22 62 1
17 84 1
17 74 1
20 85 2
16 130 1
26 58 2
44 83 2
31 38 2
37 61 2
12 160 1
27 104 2
20 106 1
15 52 2
20 132 2
18 86 1
7 112 1
56 134 1
9 44 2
48 91 1
32 117 1
0 48 2
25 93 1
19 110 1
52 53 2
56 148 2
35 156 2
10 76 1
11 163 1
31 166 1
21 52 2
20 103 1
50 165 1
28 105 1
33 159 1
8 95 2
6 47 2
54 162 1
55 67 2
31 132 1
29 82 2
13 85 1
30 37 2
34 68 2
27 106 2
49 134 1
8 91 1
15 93 2
36 50 2
30 168 1
4 22 2
17 133 1
51 147 2
4 149 2
41 88 1
30 43 2
49 146 1
3 58 2
44 48 2
30 40 2
45 64 2
10 137 1
41 149 1
40 46 2
30 52 2
29 31 2
31 102 1
50 151 1
35 169 1
19 52 2
7 48 2
6 46 2
49 138 1
5 57 1
50 53 2
24 128 2
23 49 2
27 132 2
41 42 2
13 70 1
48 61 1
30 65 2
44 118 1
45 47 2
48 112 1
31 97 2
13 34 2
2 35 2
56 109 2
55 147 1
1 146 2
35 36 2
5 25 2
9 15 2
20 76 1
11 18 2
8 86 2
29 48 2
4 94 1
5 100 2
0 17 2
4 112 1
29 74 1
34 52 2
55 119 1
45 78 1
48 148 1
32 74 1
54 74 1
52 151 1
9 17 2
13 95 2
5 111 2
32 44 2
4 111 2
56 166 1
18 162 1
35 83 2
8 118 1
34 97 2
30 80 1
39 50 2
15 54 2
6 111 1
10 15 2
0 51 2
35 104 1
7 92 2
23 120 2
12 129 2
28 37 2
24 123 2
44 110 2
15 40 2
31 41 2
34 80 1
14 51 2
14 49 2
52 116 1
18 23 2
53 116 1
42 132 1
11 49 2
17 75 1
34 48 2
9 82 1
18 52 2
6 30 2
0 158 1
4 10 2
44 142 2
37 54 2
36 38 2
39 145 1
23 36 2
40 100 1
0 103 1
1 70 2
55 79 1
54 143 2
54 97 1
38 148 1
2 40 2
39 153 2
7 66 1
4 82 1
35 163 1
21 110 1
37 71 2
33 105 1
27 66 2
20 27 2
15 63 2
50 98 1
55 130 1
26 91 1
10 138 1
20 131 1
1 11 2
3 161 1
35 155 1
2 14 2
0 117 1
28 137 1
35 43 2
38 144 2
37 81 1
37 41 2
36 146 1
16 102 1
55 100 2
54 160 1
31 128 1
54 132 1
24 91 2
14 99 1
11 16 2
50 67 1
16 43 2
31 64 2
49 163 1
32 38 2
2 42 2
5 164 1
20 88 1
26 78 1
16 126 1
50 154 1
26 98 2
55 169 1
22 55 2
23 139 1
5 98 1
37 48 2
10 62 2
24 96 1
41 152 1
7 65 1
9 52 2
38 77 1
12 68 2
23 44 2
40 58 1
9 24 2
25 62 1
31 87 2
55 75 1
2 31 2
32 63 1
35 149 1
6 160 1
3 22 2
1 7 2
3 85 2
13 134 1
46 155 1
30 83 2
34 142 1
26 139 2
27 74 1
4 40 2
44 97 1
51 131 1
15 71 1
4 99 1
11 101 1
10 56 2
39 99 1
16 149 1
37 91 1
30 92 1
46 133 2
25 125 1
2 82 2
54 121 1
36 151 1
6 29 2
30 126 1
25 134 1
10 113 2
43 50 2
45 160 2
2 19 2
25 113 1
32 59 1
52 126 1
40 114 2
21 127 1
20 49 2
33 127 2
5 46 2
23 162 1
24 71 2
44 57 2
42 62 2
38 121 2
2 128 1
4 6 2
45 125 1
15 50 2
27 72 1
7 73 1
31 61 2
12 40 2
6 42 2
2 29 2
0 42 2
8 129 1
10 139 2
56 160 1
37 93 2
46 152 2
10 12 2
2 156 1
3 93 1
23 73 2
11 77 2
17 99 1
29 35 2
46 159 2
6 14 2
44 94 1
31 84 1
45 162 1
50 70 1
39 57 2
31 141 1
23 166 1
22 123 1
3 154 1
12 74 2
38 109 1
39 90 1
35 130 1
19 149 1
8 65 2
31 136 1
36 103 1
31 168 1
49 131 1
10 154 1
43 87 2
41 77 1
40 47 2
44 84 2
0 91 2
18 51 2
11 147 2
25 33 2
2 113 2
30 34 2
40 101 1
2 16 2
53 127 1
20 54 2
8 57 1
4 88 1
10 55 2
47 71 1
32 126 1
39 167 2
41 124 2
5 159 1
25 74 1
32 46 2
3 20 2
7 12 2
3 49 2
51 88 1
28 93 2
52 99 1
2 94 2
56 73 2
29 166 1
0 33 2
41 133 1
15 132 1
9 26 2
24 78 1
0 116 1
48 150 1
42 80 1
2 48 2
6 125 2
43 83 1
53 138 1
0 127 1
2 53 2
6 128 1
27 97 2
9 106 1
13 87 1
0 137 1
35 158 1
11 35 2
34 39 2
22 27 2
7 52 2
26 136 2
23 106 2
33 68 1
0 109 1
53 62 1
41 134 2
54 82 1
0 78 1
11 74 2
24 126 2
55 91 1
47 165 1
18 166 2
12 38 2
15 116 1
23 33 2
17 105 1
2 129 1
45 131 2
55 135 1
9 96 1
50 94 1
14 139 1
40 141 1
39 119 1
17 163 1
18 97 1
33 74 1
41 93 1
55 153 2
30 120 1
11 50 2
30 55 2
8 79 1
3 122 1
3 115 2
35 53 2
0 55 2
29 44 2
18 168 1
10 21 2
11 31 2
23 165 2
40 143 2
46 123 2
32 33 2
42 116 2
51 105 1
32 146 1
10 89 1
5 42 2
4 153 1
44 139 2
9 105 2
14 17 2
45 126 2
1 73 1
47 109 2
12 164 1
22 120 1
34 46 2
17 168 1
0 20 2
3 129 2
9 56 2
32 36 2
13 160 1
37 87 1
25 123 1
33 102 2
4 62 2
24 164 2
38 135 1
10 126 1
6 54 2
8 108 1
45 109 1
23 114 2
41 53 2
14 167 1
1 13 2
24 50 2
56 151 1
12 16 2
4 49 2
21 25 2
11 89 1
37 111 1
42 135 1
26 87 1
35 143 1
49 121 2
2 147 2
31 101 1
52 115 2
4 19 2
13 55 2
45 80 2
5 87 1
32 64 1
1 91 1
32 35 2
4 93 1
37 141 1
19 73 2
35 66 2
12 17 2
13 29 2
2 73 1
25 101 2
51 65 1
27 49 2
7 139 2
49 100 1
56 99 1
56 83 1
14 41 2
48 56 2
40 68 1
10 125 1
36 57 2
24 165 1
42 53 2
33 158 2
22 109 1
19 53 2
32 147 2
20 89 1
17 54 2
21 55 2
46 54 2
19 96 1
13 82 1
55 131 2
18 57 1
41 67 2
3 21 2
42 84 2
12 86 1
20 159 2
54 157 2
18 76 2
44 108 2
1 34 2
2 59 1
5 134 1
40 154 1
7 93 1
29 33 2
12 28 2
15 142 2
28 58 2
40 82 1
48 118 1
40 122 2
2 79 1
18 93 2
56 118 1
33 55 2
42 137 1
42 85 1
21 168 2
13 60 1
17 156 1
0 169 1
3 55 2
32 169 1
5 37 2
11 37 2
39 152 1
41 164 1
52 70 1
14 158 1
40 95 1
8 40 2
19 117 1
18 103 1
49 99 1
17 79 2
52 94 2
4 122 2
41 83 2
55 140 1
2 9 2
13 148 2
24 38 2
54 144 1
35 123 2
46 58 1
49 103 1
48 85 1
55 69 1
1 148 1
38 123 1
42 91 2
28 123 1
12 39 2
12 111 2
14 40 2
25 110 1
12 118 1
26 31 2
29 56 2
17 100 1
38 56 2
38 142 1
12 15 2
5 81 1
51 55 2
54 147 1
30 131 1
40 159 1
30 114 1
36 66 1
31 130 1
50 158 1
12 43 2
37 123 1
29 149 1
36 46 2
29 163 2
30 112 1
30 130 1
6 27 2
54 103 2
47 98 2
55 72 2
32 92 1
23 102 1
46 107 1
14 64 2
35 61 1
29 87 1
24 134 1
28 29 2
26 51 2
12 78 1
2 152 1
43 62 1
6 17 2
36 142 2
4 100 1
9 151 1
16 93 1
34 111 1
1 99 1
32 101 1
43 110 1
6 82 1
11 83 1
3 54 2
55 64 2
7 153 2
20 165 2
0 71 1
16 80 1
7 31 2
7 89 1
40 48 2
23 85 1
3 81 2
6 161 1
28 146 2
6 122 2
0 23 2
18 34 2
28 136 1
32 66 2
28 95 1
19 151 1
19 123 1
26 85 2
7 25 2
36 76 2
0 124 1
48 79 1
37 80 2
26 35 2
6 45 2
20 40 2
7 130 2
31 137 1
37 97 1
8 49 2
45 55 2
25 40 2
21 130 1
20 79 2
43 137 1
47 97 2
10 109 1
27 32 2
6 141 2
7 49 2
54 110 1
11 42 2
0 9 2
44 116 1
45 86 2
52 135 1
31 146 1
12 145 2
23 51 2
25 92 1
28 62 1
35 96 1
14 33 2
43 129 1
13 117 2
1 133 1
22 36 2
40 132 1
48 120 1
3 117 1
9 149 1
3 77 1
17 66 1
18 40 2
13 100 1
25 84 1
33 54 2
33 141 1
15 32 2
10 49 2
21 124 2
20 128 2
21 94 1
53 54 2
27 57 2
11 124 2
32 161 2
28 54 2
12 61 1
1 25 2
54 164 1
21 96 1
13 31 2
12 34 2
44 141 1
5 53 2
13 118 1
4 73 1
0 8 2
10 112 2
7 14 2
12 60 1
48 50 2
26 116 2
8 36 2
54 158 1
11 27 2
17 107 1
45 123 1
35 88 2
1 42 2
18 31 2
38 87 1
25 150 2
54 95 1
26 163 2
32 129 1
8 130 1
7 103 1
12 50 2
24 39 2
15 49 2
53 76 1
3 76 1
28 132 1
1 40 2
22 168 1
25 38 2
5 96 1
30 127 1
21 29 2
12 159 1
20 71 1
54 80 1
30 75 2
55 102 2
1 153 2
10 118 1
32 43 2
17 37 2
8 72 1
24 155 1
27 105 2
55 132 1
26 64 1
36 96 1
56 119 1
53 140 1
4 97 1
16 46 2
18 81 2
0 93 1
8 154 2
16 140 2
40 80 1
34 45 2
33 125 1
7 104 2
21 90 1
26 149 2
1 162 2
9 130 1
47 167 1
11 20 2
5 148 1
28 40 2
12 156 2
43 167 1
5 24 2
15 33 2
26 28 2
6 58 1
6 132 2
51 98 1
3 157 1
25 87 1
39 159 2
44 163 1
20 115 2
45 60 1
28 44 2
6 110 1
25 105 1
13 58 2
23 37 2
38 159 1
24 166 2
33 43 2
14 50 2
42 45 2
0 65 2
38 111 1
54 153 1
51 100 1
14 18 2
50 132 2
33 132 1
21 36 2
43 150 1
6 142 2
26 152 1
35 65 2
33 46 2
36 83 1
31 44 2
28 165 1
10 33 2
23 41 2
31 50 2
15 141 2
42 56 2
43 65 2
34 121 1
11 69 1
56 115 1
8 77 1
3 133 2
17 83 2
2 104 1
44 160 1
42 89 1
37 56 2
20 90 2
6 63 2
31 151 1
21 71 1
11 48 2
26 39 2
3 78 2
42 136 1
33 138 1
23 47 2
29 39 2
17 36 2
44 49 2
44 123 1
9 36 2
31 32 2
21 89 1
14 104 2
11 169 1
5 12 2
14 36 2
17 153 1
19 161 1
10 34 2
49 96 1
10 31 2
45 58 1
12 85 1
3 82 1
23 116 1
19 99 1
44 55 2
44 92 1
17 65 2
15 61 1
14 135 1
2 78 1
52 143 1
9 37 2
22 67 1
5 129 1
27 39 2
1 118 2
55 104 1
10 119 2
37 53 2
54 58 1
49 68 1
16 39 2
18 99 1
21 111 1
7 95 1
39 67 1
43 125 1
22 96 1
5 29 2
15 18 2
7 8 2
48 53 2
14 43 2
11 150 1
36 45 2
18 119 2
15 99 1
6 118 1
13 91 1
36 53 2
40 91 2
14 63 2
27 154 2
30 147 2
14 69 1
20 22 2
37 69 1
14 164 1
16 158 1
32 168 1
14 107 1
6 119 1
28 152 1
12 109 2
7 15 2
13 167 1
15 48 2
51 103 2
32 118 2
7 70 1
37 163 2
8 46 2
20 69 1
54 112 2
49 97 1
18 125 1
27 135 2
2 15 2
11 110 2
31 81 2
18 146 2
45 52 2
37 126 2
27 79 1
17 135 2
35 137 1
20 68 1
7 41 2
36 149 1
52 90 2
43 134 1
32 41 2
0 107 1
3 83 2
27 155 1
56 85 1
31 34 2
23 62 2
10 163 1
43 59 1
45 142 2
49 117 2
20 42 2
13 83 1
53 125 2
30 105 1
20 30 2
40 60 1
0 46 2
36 129 1
11 32 2
24 106 1
23 145 1
39 160 1
18 62 1
38 113 1
1 50 2
34 84 2
9 86 2
8 70 1
55 116 1
24 95 2
0 12 2
4 59 1
24 98 1
10 84 1
7 97 1
8 43 2
54 93 2
21 65 1
19 66 1
0 15 2
12 41 2
24 27 2
15 46 2
56 88 1
28 109 1
11 146 2
54 105 1
31 169 1
24 143 1
17 147 1
0 145 1
19 101 1
2 30 2
24 69 2
3 14 2
0 70 2
36 134 1
34 96 1
7 140 1
17 127 1
4 66 2
2 45 2
22 43 2
51 90 2
49 143 2
8 39 2
0 26 2
16 146 1
15 74 2
38 154 2
36 104 2
26 151 1
33 165 1
10 133 1
9 25 2
35 167 1
35 157 2
47 115 1
9 107 1
3 123 1
41 90 2
18 37 2
24 36 2
20 77 1
13 66 1
52 60 2
6 148 2
37 38 2
13 154 2
25 167 1
3 89 1
1 27 2
39 162 2
25 131 1
42 131 1
54 114 1
37 96 1
9 161 2
16 59 1
13 153 2
5 79 1
44 140 1
33 100 2
25 30 2
25 135 1
52 61 1
13 138 2
28 139 2
24 45 2
43 141 1
20 119 1
12 32 2
0 142 1
27 89 2
42 106 2
42 151 2
28 59 1
28 55 2
12 23 2
15 164 1
20 33 2
53 121 1
41 97 2
13 139 2
20 87 2
1 66 2
13 23 2
2 130 1
39 48 2
3 92 2
30 91 1
7 90 1
30 61 1
54 134 1
35 41 2
0 32 2
43 68 1
47 54 2
47 100 2
8 98 1
2 37 2
24 108 1
1 49 2
45 164 1
46 67 1
18 95 1
37 132 1
43 139 1
32 51 2
32 81 1
50 126 1
42 109 2
55 61 1
5 30 2
31 54 2
29 58 1
53 156 1
0 34 2
14 15 2
6 48 2
5 157 1
54 125 1
4 35 2
42 153 2
18 143 1
6 130 1
24 53 2
45 70 1
48 92 1
38 63 1
51 136 1
1 19 2
4 32 2
23 28 2
18 61 1
25 67 1
40 108 2
34 93 1
2 17 2
12 100 2
47 134 2
19 50 2
43 133 1
19 113 1
39 111 1
26 36 2
16 37 2
10 36 2
1 161 1
41 79 2
3 141 1
50 86 2
1 122 1
0 36 2
35 46 2
34 70 2
15 45 2
28 57 1
6 37 2
28 66 1
20 96 1
8 89 1
6 96 1
5 27 2
14 113 1
10 131 1
47 95 1
49 115 1
11 129 1
53 72 2
17 52 2
9 23 2
7 72 2
21 23 2
11 121 2
12 31 2
56 155 1
33 85 1
13 111 1
6 49 2
10 161 1
44 154 2
33 87 2
5 54 2
19 168 1
13 63 2
14 28 2
21 58 2
31 156 2
29 141 2
49 152 1
49 110 1
35 50 2
2 109 1
3 17 2
12 71 1
47 70 1
25 120 1
22 102 1
54 136 1
0 159 1
20 21 2
11 105 2
15 95 1
9 80 2
21 57 1
35 126 2
13 143 1
44 135 2
1 88 2
0 72 1
49 92 1
8 99 2
36 87 1
44 51 2
14 21 2
41 70 1
36 169 1
14 59 1
4 64 1
55 154 2
53 154 1
21 97 2
26 56 2
7 167 2
52 119 1
5 77 1
12 52 2
7 148 1
8 52 2
17 28 2
41 159 2
20 65 1
22 149 1
29 55 2
21 104 2
15 88 1
29 76 1
12 141 1
20 109 1
54 56 2
38 163 1
3 6 2
21 84 1
18 137 1
6 98 1
15 97 1
14 146 2
19 124 1
30 139 1
18 120 1
49 118 1
21 164 1
22 139 1
43 67 1
31 79 1
40 155 2
29 66 2
16 148 1
25 154 1
51 82 2
41 156 2
19 23 2
3 114 1
50 161 1
1 105 2
47 59 2
4 50 2
26 138 1
15 53 2
12 54 2
24 156 1
28 112 1
32 155 1
14 93 2
37 144 2
48 116 2
38 150 1
34 87 1
6 168 1
29 139 2
44 136 1
9 91 1
25 133 2
18 32 2
35 162 2
25 103 1
41 65 1
26 117 2
23 75 1
9 137 1
52 110 1
8 159 1
43 91 2
51 122 1
1 68 1
27 131 1
23 95 2
15 28 2
4 123 2
34 61 1
32 108 1
6 28 2
21 105 1
52 56 2
17 151 1
4 166 2
52 127 2
52 75 2
13 76 2
4 25 2
3 24 2
17 167 2
12 83 1
17 73 2
16 28 2
26 83 1
20 94 1
51 151 1
30 107 2
28 115 2
18 26 2
10 150 1
0 22 2
21 45 2
37 52 2
11 53 2
33 45 2
1 39 2
19 118 1
22 153 1
31 40 2
3 37 2
39 96 2
17 88 2
53 166 2
50 105 2
18 38 2
6 116 2
38 120 2
9 124 1
40 69 2
37 136 1
18 60 1
13 19 2
45 59 1
9 69 1
13 104 2
2 95 2
3 12 2
24 127 1
53 67 1
28 63 1
52 84 2
28 128 1
8 126 1
52 140 2
44 68 1
30 77 2
35 127 2
48 128 2
32 95 1
27 67 2
20 120 1
51 54 2
24 77 1
16 155 1
28 126 2
20 34 2
5 16 2
2 10 2
46 130 1
2 28 2
45 169 2
55 120 2
2 24 2
0 41 2
56 164 1
28 125 2
46 48 2
19 79 1
51 124 1
6 9 2
46 151 1
1 96 2
12 33 2
26 46 2
29 38 2
19 30 2
22 79 1
4 17 2
43 107 1
0 45 2
3 62 2
7 110 2
9 13 2
12 96 1
18 139 2
14 121 1
10 70 2
43 136 1
48 51 2
13 73 1
10 75 1
46 134 2
32 156 1
18 45 2
6 18 2
37 46 2
20 26 2
19 83 1
18 42 2
5 104 1
20 113 2
1 47 2
35 122 1
32 72 1
0 38 2
32 58 2
12 77 1
7 155 2
22 69 1
53 153 1
13 17 2
7 17 2
23 125 1
41 113 1
11 47 2
7 67 1
34 114 2
41 118 1
49 159 1
25 61 1
30 45 2
23 121 2
42 76 1
1 142 1
46 110 2
16 64 1
18 112 2
34 94 1
11 116 1
32 73 2
37 66 2
36 88 1
47 142 2
0 121 2
19 88 1
4 78 2
12 102 2
18 43 2
36 95 1
17 126 1
11 104 1
24 116 2
50 51 2
19 68 2
53 160 1
50 96 1
42 55 2
47 116 1
40 51 2
48 134 1
36 124 1
13 116 1
28 94 1
5 112 1
46 116 1
1 102 2
12 81 1
32 96 2
17 71 1
10 145 2
11 95 2
45 157 1
39 88 2
20 45 2
5 55 2
2 77 1
46 51 2
38 108 2
43 49 2
19 120 1
19 36 2
36 160 1
10 46 2
36 48 2
53 96 1
6 154 2
7 156 1
24 70 1
6 145 1
13 149 1
12 115 1
3 140 2
16 40 2
8 22 2
11 46 2
29 145 1
1 104 2
23 127 2
2 33 2
21 92 2
8 21 2
12 165 1
55 65 2
3 40 2
51 83 1
44 168 1
46 154 1
44 62 2
26 54 2
12 51 2
51 129 2
27 144 2
26 50 2
15 25 2
38 53 2
1 16 2
7 98 2
40 153 2
26 109 2
16 41 2
17 81 1
0 114 2
30 148 2
0 10 2
43 46 2
36 69 1
52 64 1
9 118 1
39 141 1
25 86 1
6 169 1
10 57 2
3 80 1
5 50 2
26 155 1
46 79 2
0 44 2
5 67 2
40 139 1
19 141 1
13 56 2
48 81 1
6 68 1
20 43 2
41 43 2
26 52 2
15 119 2
23 74 1
47 147 2
12 93 1
4 143 1
15 140 1
37 50 2
26 104 2
42 129 1
6 43 2
42 44 2
23 38 2
48 149 1
5 44 2
49 74 1
9 125 1
11 141 1
27 78 1
18 79 1
27 65 1
44 96 1
50 59 2
54 104 2
13 43 2
1 78 1
22 82 1
17 21 2
52 163 1
38 133 1
23 32 2
52 62 2
27 50 2
47 50 2
44 63 2
5 23 2
1 130 1
4 55 2
8 64 1
47 161 2
25 69 1
49 89 1
16 115 2
47 62 1
47 74 1
26 34 2
39 41 2
9 138 2
0 133 1
17 115 1
3 63 2
34 104 1
18 39 2
3 144 1
56 67 1
29 52 2
16 157 1
11 90 1
4 45 2
28 73 1
39 79 1
46 75 1
18 72 2
30 87 1
34 95 1
43 156 1
32 166 1
2 52 2
12 53 2
6 103 2
39 46 2
54 60 1
30 48 2
12 25 2
39 118 2
44 156 2
27 109 1
37 110 1
54 151 1
29 71 2
55 136 1
47 55 2
3 33 2
46 120 1
16 44 2
16 89 1
33 53 2
48 121 1
22 51 2
2 137 1
10 50 2
33 149 2
22 46 2
27 114 1
6 7 2
1 143 1
3 5 2
24 118 1
27 92 1
25 97 1
49 145 2
18 83 1
48 114 2
11 38 2
17 89 2
48 52 2
44 101 2
14 169 1
32 56 2
41 110 1
22 23 2
20 32 2
27 73 2
5 8 2
26 86 1
49 78 1
24 152 2
43 84 1
3 61 1
56 82 1
42 140 1
28 114 1
12 66 2
36 37 2
19 86 1
4 77 2
27 124 2
51 160 1
10 20 2
12 58 1
1 159 2
30 108 2
48 103 1
30 163 2
8 56 2
45 151 1
54 154 1
6 77 1
19 119 1
24 115 2
36 90 1
35 91 2
3 109 1
47 149 2
11 91 1
1 21 2
4 37 2
51 104 2
12 79 2
13 110 1
30 125 1
22 145 1
5 78 2
14 74 1
0 151 2
30 138 2
12 21 2
18 126 2
38 90 1
34 43 2
13 90 2
33 69 1
39 52 2
33 137 2
12 95 2
33 89 1
55 99 1
43 153 2
47 72 1
34 122 1
39 133 2
37 153 2
18 169 1
49 77 2
12 125 1
38 98 1
36 47 2
6 38 2
14 134 2
50 66 1
43 168 1
56 133 2
50 124 2
28 83 2
6 60 1
37 129 1
28 53 2
1 106 2
13 41 2
54 83 1
51 69 1
18 132 2
37 98 2
29 100 2
8 75 2
2 41 2
1 9 2
43 55 2
41 163 2
44 129 2
9 66 1
20 158 2
52 146 2
51 53 2
55 127 1
51 165 1
56 97 1
15 92 2
20 31 2
3 31 2
43 85 1
7 32 2
40 156 1
34 38 2
1 84 1
22 41 2
13 52 2
49 87 1
26 125 2
27 95 1
46 126 1
46 148 2
34 74 1
8 35 2
2 118 1
28 103 1
36 168 1
6 22 2
21 149 2
35 109 2
21 145 1
23 77 1
55 86 1
33 65 2
47 145 1
8 94 1
17 164 1
43 51 2
39 85 1
46 80 1
11 23 2
53 145 1
49 165 2
55 124 2
19 140 2
28 92 1
23 52 2
24 66 1
45 50 2
29 105 2
19 39 2
28 51 2
25 163 1
22 58 2
2 4 2
12 18 2
27 80 1
47 99 1
48 115 1
26 88 2
22 91 1
31 35 2
48 69 1
17 140 1
15 90 1
20 66 2
43 169 1
50 57 2
36 158 1
17 165 2
6 40 2
33 35 2
26 114 1
35 99 1
47 107 1
43 149 1
24 162 2
44 113 2
24 25 2
16 33 2
14 163 1
28 113 2
13 89 2
40 89 2
48 106 1
25 126 1
26 60 1
17 27 2
8 164 1
42 123 1
22 130 1
46 111 1
12 55 2
52 124 1
28 111 1
28 110 1
28 61 2
13 79 2
6 144 2
35 56 2
45 99 2
12 142 2
37 147 1
51 96 1
6 12 2
44 77 1
1 160 1
33 48 2
12 42 2
24 62 1
15 127 1
31 125 1
10 25 2
49 132 1
9 47 2
5 65 2
46 157 1
24 137 1
43 120 1
49 67 2
24 46 2
2 23 2
23 56 2
7 161 1
21 133 2
45 159 2
40 54 2
41 101 1
2 139 2
7 118 1
48 82 1
51 73 2
36 75 2
35 70 1
3 8 2
16 152 1
34 140 1
21 24 2
26 162 1
31 153 2
41 64 1
44 148 1
7 154 1
41 95 2
7 42 2
1 57 1
3 25 2
31 55 2
55 162 2
32 34 2
13 50 2
39 98 1
16 38 2
19 34 2
37 79 1
5 138 1
22 146 1
34 42 2
5 71 1
33 36 2
3 41 2
10 48 2
25 48 2
11 108 2
2 102 1
3 164 1
21 101 1
16 135 2
55 90 2
22 163 1
55 89 1
14 30 2
32 121 2
24 74 1
39 143 1
23 92 1
24 37 2
34 152 1
9 123 1
29 42 2
41 87 1
49 51 2
37 57 1
21 37 2
48 139 2
30 113 1
25 85 1
27 113 1
26 76 2
23 144 2
15 117 2
42 128 1
44 53 2
11 118 1
10 27 2
32 159 1
20 37 2
25 104 1
52 165 1
45 134 1
8 152 1
21 22 2
33 82 1
27 44 2
17 47 2
12 126 1
2 123 2
2 46 2
4 160 2
15 34 2
36 143 1
54 109 1
45 68 1
5 125 1
50 167 1
51 144 2
37 145 2
25 37 2
20 140 1
3 106 2
35 118 1
10 71 2
55 111 1
15 85 1
36 41 2
30 32 2
39 54 2
50 160 2
23 137 2
2 3 2
40 158 1
3 162 2
42 142 1
51 79 1
6 26 2
28 38 2
44 150 1
16 26 2
25 72 2
52 161 1
14 52 2
49 62 1
16 62 2
13 121 2
3 169 2
19 22 2
6 104 1
42 77 1
37 58 2
23 163 2
26 164 1
30 164 1
29 167 1
17 26 2
2 145 2
10 69 1
22 165 1
6 69 2
16 129 1
43 138 1
45 91 1
5 91 1
7 23 2
22 137 1
22 126 1
15 82 1
7 114 2
18 165 2
2 163 1
34 127 2
15 108 2
33 151 1
45 67 1
9 16 2
13 106 2
53 164 1
38 47 2
22 129 1
47 85 2
22 147 1
48 97 2
28 46 2
18 47 2
51 159 2
47 86 1
11 82 1
34 117 2
38 64 2
8 137 1
22 125 2
2 142 1
42 118 2
7 124 1
33 70 1
55 134 1
12 73 1
28 142 1
22 157 1
23 146 1
30 49 2
21 81 1
34 76 1
39 68 1
14 34 2
14 105 1
35 121 1
32 102 2
10 19 2
8 41 2
47 118 1
8 142 2
35 160 1
5 106 1
38 104 1
40 45 2
1 103 1
26 120 1
56 125 2
35 48 2
7 53 2
9 104 2
2 47 2
12 150 1
56 76 1
9 109 1
7 86 1
40 113 1
48 109 1
23 156 1
6 143 1
45 133 1
36 67 1
29 63 2
21 30 2
6 162 1
25 58 1
51 86 1
41 52 2
17 94 1
53 122 1
16 83 2
29 136 2
36 44 2
46 76 2
42 139 1
16 134 2
12 153 2
2 134 1
30 71 1
34 119 2
14 27 2
46 141 2
41 129 2
2 65 1
4 92 1
29 81 1
0 3 2
12 154 1
28 80 1
34 131 1
3 107 1
20 62 2
26 166 1
8 29 2
25 151 2
53 149 2
29 57 2
35 154 1
54 133 1
28 43 2
17 160 1
48 144 2
2 141 2
10 143 1
37 157 1
46 163 2
47 93 1
1 138 1
47 148 1
13 64 1
46 62 1
2 5 2
10 17 2
23 31 2
42 86 1
28 138 1
19 87 1
47 119 2
17 43 2
12 122 1
45 165 1
46 158 1
46 135 1
45 110 1
56 130 1
41 122 1
10 149 1
2 56 2
30 101 2
30 59 1
26 159 1
9 64 2
8 113 2
31 162 2
48 84 2
43 165 2
19 54 2
1 56 2
31 69 2
38 103 1
7 83 2
7 100 1
6 157 1
33 75 1
8 101 1
7 85 1
37 165 2
30 132 2
47 160 2
20 36 2
51 115 1
56 63 2
1 6 2
8 160 1
37 150 2
19 58 1
47 89 2
39 62 2
25 136 1
56 114 1
52 106 1
17 53 2
45 54 2
23 131 2
2 69 1
32 130 1
9 139 1
50 93 2
35 47 2
21 159 1
47 128 2
13 51 2
52 67 1
4 20 2
32 68 1
51 80 1
11 78 1
6 67 2
15 136 2
7 57 1
47 96 2
1 8 2
3 51 2
15 138 1
23 86 2
49 54 2
29 160 1
55 109 1
21 46 2
7 79 1
9 59 2
14 19 2
25 132 2
48 133 1
26 43 2
11 168 1
21 118 2
36 51 2
31 164 1
40 105 2
21 75 1
37 44 2
49 104 1
56 152 1
29 67 1
15 86 1
49 80 1
0 16 2
39 136 1
55 115 2
3 29 2
28 130 1
14 148 1
53 81 1
4 114 1
22 162 1
54 55 2
50 68 1
24 136 2
31 62 2
50 150 1
19 45 2
56 153 1
43 161 1
4 12 2
50 81 2
55 98 1
19 63 2
44 131 2
11 70 1
0 132 2
42 152 1
6 51 2
8 13 2
31 149 1
21 167 1
32 55 2
27 88 1
7 152 2
50 147 1
36 42 2
42 169 1
51 84 1
16 51 2
1 76 1
50 109 2
29 106 1
47 87 1
5 144 1
24 122 1
27 127 1
54 168 1
4 47 2
29 79 2
45 154 2
10 107 1
33 44 2
7 150 1
5 76 2
5 64 2
32 93 2
43 114 1
17 124 1
17 38 2
52 54 2
41 54 2
27 96 1
13 105 1
17 102 2
26 65 2
52 152 1
21 56 2
2 6 2
2 153 1
5 80 1
51 76 1
27 162 1
26 40 2
34 135 1
18 19 2
55 152 1
49 111 2
5 43 2
49 73 1
25 52 2
32 105 2
21 95 2
35 105 1
8 87 1
11 85 2
27 100 1
13 47 2
25 29 2
52 95 1
18 110 1
30 69 1
53 124 1
18 74 2
52 83 2
43 117 1
56 144 1
30 54 2
1 85 1
32 164 1
29 124 1
38 114 2
5 6 2
0 52 2
8 48 2
48 65 2
48 75 1
16 45 2
14 128 1
18 113 2
53 167 1
33 114 2
20 134 1
36 117 1
36 157 1
15 102 2
16 78 1
26 133 1
14 24 2
40 130 1
11 155 1
4 76 1
34 35 2
2 132 2
9 22 2
54 139 2
49 167 1
30 35 2
50 104 2
9 53 2
49 90 1
28 39 2
22 28 2
2 11 2
11 160 1
26 128 1
41 106 2
16 118 2
38 137 2
28 118 2
16 21 2
17 123 1
12 57 2
28 148 2
1 53 2
54 142 1
30 88 1
2 12 2
33 164 2
27 46 2
25 76 1
47 53 2
19 49 2
56 91 1
45 141 2
27 30 2
27 45 2
15 43 2
31 105 1
24 85 1
29 117 2
7 145 1
4 95 1
33 117 2
12 158 1
9 29 2
48 125 1
16 61 1
31 129 1
18 149 1
22 38 2
18 22 2
22 59 2
56 111 2
2 126 1
36 122 1
31 53 2
45 51 2
46 63 2
29 40 2
6 24 2
30 85 1
36 111 1
36 123 1
37 104 1
11 148 1
12 144 1
4 119 1
51 123 1
30 159 1
11 123 1
28 155 1
45 139 1
31 104 2
51 64 2
39 87 1
22 35 2
33 73 2
14 165 1
34 130 1
21 143 1
41 44 2
9 166 1
22 142 1
45 103 1
11 29 2
7 77 1
28 85 1
52 118 2
44 78 1
43 115 1
14 47 2
6 135 1
56 94 2
42 49 2
39 156 2
27 75 1
47 166 1
28 69 1
50 137 1
16 69 1
2 32 2
44 145 2
24 41 2
36 112 2
42 147 2
1 30 2
46 91 1
33 41 2
8 50 2
20 150 1
13 22 2
14 136 1
14 81 2
9 93 2
54 113 1
14 159 1
43 80 1
17 122 1
39 74 2
35 110 1
47 111 2
0 76 1
56 158 1
33 123 1
25 139 1
18 167 1
30 95 1
53 85 1
55 114 1
25 27 2
53 83 1
1 32 2
33 112 2
7 21 2
5 18 2
3 19 2
37 114 2
21 142 1
31 39 2
36 150 1
29 51 2
18 108 1
13 133 2
48 54 2
6 53 2
15 56 2
45 127 1
24 28 2
46 168 1
48 142 1
25 46 2
7 37 2
48 155 2
56 161 2
6 50 2
39 93 2
23 48 2
44 70 1
26 147 2
27 61 1
30 169 2
19 55 2
44 120 2
6 95 2
18 36 2
6 33 2
4 46 2
37 155 1
19 82 1
28 42 2
33 150 1
39 158 1
53 165 2
36 55 2
3 150 2
27 70 1
34 81 1
38 96 1
53 161 1
24 135 1
0 80 1
45 113 1
8 23 2
14 23 2
3 38 2
14 42 2
31 121 1
18 135 1
24 94 1
12 152 2
7 162 2
17 82 1
5 156 2
2 26 2
19 114 2
11 114 1
39 164 2
7 94 1
8 19 2
28 48 2
3 134 2
21 41 2
6 76 2
47 77 1
26 145 1
20 53 2
32 65 2
48 157 1
45 48 2
47 90 2
33 77 1
25 53 2
12 92 2
55 165 1
37 86 1
48 119 1
12 20 2
56 87 1
27 40 2
0 59 1
26 53 2
49 53 2
1 134 2
54 148 1
17 137 1
53 163 1
3 143 1
33 79 1
1 144 1
39 95 2
5 41 2
51 72 2
24 110 1
7 160 1
19 31 2
11 161 1
23 45 2
28 56 2
8 156 2
21 147 1
53 91 1
11 55 2
6 8 2
20 129 1
24 147 2
45 106 1
1 136 2
31 90 1
18 129 1
35 45 2
29 54 2
2 20 2
0 27 2
1 46 2
28 145 1
0 37 2
22 114 1
50 75 2
5 123 2
35 107 2
48 64 1
44 86 1
2 13 2
8 58 1
23 97 1
16 120 1
24 105 1
6 11 2
17 44 2
0 5 2
3 34 2
28 47 2
49 102 1
51 68 1
23 111 1
50 140 1
50 103 2
10 97 1
22 47 2
24 26 2
9 157 1
19 65 1
1 139 1
8 10 2
3 87 2
32 123 2
25 128 1
41 84 1
36 165 2
44 114 1
3 165 2
15 62 2
9 21 2
27 51 2
0 108 1
23 53 2
49 72 2
50 164 2
48 107 1
48 147 1
15 65 2
36 61 1
13 53 2
45 124 1
8 31 2
4 130 1
8 114 2
53 56 2
9 40 2
15 70 1
4 68 1
21 54 2
52 101 2
23 55 2
12 80 1
24 54 2
40 126 2
35 40 2
46 55 2
14 70 1
33 129 1
9 117 2
17 132 2
27 120 2
17 78 2
26 106 1
15 112 1
31 73 1
55 117 1
23 39 2
1 150 1
54 119 1
40 149 2
34 153 1
46 49 2
10 134 2
50 83 1
9 94 1
24 29 2
38 136 1
45 46 2
42 164 2
39 59 1
19 158 1
20 46 2
34 36 2
48 123 1
8 37 2
19 166 1
46 83 2
51 142 1
6 139 1
33 62 1
50 163 2
37 40 2
26 102 1
47 169 2
19 92 2
52 129 2
12 123 1
48 67 2
43 102 2
21 132 1
43 130 1
9 128 1
25 54 2
23 30 2
19 42 2
52 82 1
52 111 1
32 50 2
47 58 2
55 83 2
15 41 2
20 154 1
50 162 1
23 167 1
51 85 2
42 70 2
32 53 2
35 75 2
20 44 2
20 39 2
22 71 1
36 80 1
50 118 1
25 60 2
23 101 1
2 162 1
13 37 2
23 126 1
0 88 1
32 47 2
23 88 2
9 79 2
55 149 1
38 168 1
52 109 2
17 114 1
37 169 1
30 41 2
5 154 1
9 78 1
55 70 1
33 58 1
6 167 1
24 35 2
21 120 1
1 169 2
5 34 2
33 116 1
44 80 1
33 111 1
21 40 2
14 108 2
32 142 2
21 34 2
13 136 2
19 67 1
35 73 1
0 92 2
6 121 2
27 118 1
4 38 2
37 92 1
34 88 2
31 113 1
21 83 1
25 95 2
31 98 1
0 136 1
5 152 1
12 120 1
15 37 2
51 93 2
40 133 1
8 107 2
49 88 1
2 168 1
18 164 1
27 128 1
21 53 2
31 134 2
30 39 2
5 56 2
6 138 1
10 72 1
11 100 2
7 55 2
43 72 1
27 123 1
34 47 2
1 83 1
35 72 1
25 90 1
23 67 1
12 14 2
8 110 1
26 81 1
49 147 2
49 52 2
14 85 1
13 28 2
7 133 2
11 115 2
25 41 2
33 122 1
4 31 2
54 77 1
23 143 1
42 58 1
6 156 2
25 118 1
38 62 1
16 32 2
33 115 1
32 78 1
19 127 1
54 128 2
26 38 2
10 93 2
7 27 2
4 157 1
18 53 2
14 131 1
20 156 1
18 138 1
56 120 1
8 45 2
19 35 2
45 57 2
12 45 2
36 153 1
39 94 2
17 51 2
53 103 2
3 103 2
11 45 2
31 75 2
22 151 1
5 131 1
55 94 1
26 101 2
17 117 1
53 86 1
16 122 1
26 131 1
19 46 2
18 156 1
40 72 1
40 112 1
8 149 2
6 19 1
11 51 1
10 16 1
9 43 1
23 64 2
60 117 2
24 42 1
45 117 1
51 130 2
1 5 1
16 162 2
29 94 2
37 115 1
97 125 2
122 136 2
44 59 2
115 138 2
34 146 2
62 162 2
22 99 1
13 54 1
34 37 1
4 117 2
56 138 2
17 49 1
54 107 2
3 84 1
6 35 1
26 84 1
32 48 1
