% n=120 p=33 d=0.33 p_blue=0.66
% k=0
35 47 1
1 2 2
34 41 1
2 66 2
19 24 2
8 118 2
8 14 2
8 34 2
13 53 1
29 30 2
24 37 2
10 19 2
11 27 2
5 42 1
29 36 2
9 35 2
13 24 2
15 87 2
26 102 2
10 37 2
14 40 1
12 74 1
11 88 1
38 118 2
21 69 1
4 25 2
6 7 2
9 23 2
28 33 2
36 72 2
19 115 2
25 28 2
13 74 1
17 71 2
28 55 1
9 86 1
22 31 2
33 76 2
0 33 2
16 113 2
1 9 2
5 12 2
22 27 2
12 21 2
7 28 2
11 105 2
39 69 2
38 82 2
5 38 2
11 118 2
2 11 2
27 95 2
6 77 2
39 72 1
10 52 2
4 54 2
31 53 2
22 35 2
20 38 2
30 71 2
5 15 2
17 32 2
34 92 2
34 96 2
14 29 2
21 27 2
5 75 2
39 48 2
4 35 2
10 18 2
20 37 2
7 76 2
35 96 2
9 28 2
37 44 2
2 56 2
2 60 1
26 32 2
21 36 2
6 25 2
3 63 1
2 17 2
13 75 2
6 97 2
37 113 2
14 45 2
30 51 2
11 54 1
15 56 2
24 74 2
14 34 2
14 76 1
19 25 2
19 51 2
36 40 1
35 107 1
15 18 2
8 16 2
4 21 2
21 37 2
4 42 1
30 67 1
24 38 2
32 62 2
2 34 2
17 36 2
9 16 2
19 81 1
1 70 1
15 114 2
31 73 2
35 78 2
8 47 2
1 63 1
30 91 1
14 18 2
6 61 1
28 30 2
3 34 2
25 117 2
20 29 2
1 103 1
12 20 2
9 21 2
6 48 1
29 32 2
34 66 2
18 109 2
6 53 1
8 67 2
36 113 2
16 35 2
14 86 2
24 32 2
14 77 2
5 86 2
14 115 2
18 60 2
15 24 2
13 80 2
4 38 2
24 41 2
22 29 2
24 27 2
10 91 2
10 111 2
6 24 2
13 119 2
13 20 2
15 38 2
34 55 2
38 100 1
17 29 2
2 39 2
7 104 2
19 93 1
10 53 1
7 74 2
12 67 2
38 80 2
14 31 2
5 114 1
3 81 2
3 23 2
8 32 2
13 16 2
39 45 1
10 15 2
13 17 2
8 42 2
22 41 2
1 38 2
9 30 2
17 39 2
33 65 1
11 48 1
32 64 1
9 95 2
13 69 1
30 31 2
32 49 2
11 53 2
1 18 2
31 87 1
9 57 1
5 21 2
14 109 2
21 29 2
29 89 2
22 113 2
19 37 2
11 90 1
5 28 2
31 37 2
32 92 2
10 13 2
25 115 1
23 32 2
12 30 2
7 8 2
17 31 2
2 3 2
15 101 1
26 92 1
3 6 2
32 42 2
5 94 2
7 31 2
7 13 2
31 107 2
34 61 1
37 53 1
11 80 2
12 78 2
18 54 1
38 53 2
12 113 1
0 30 2
22 30 2
2 4 2
15 63 1
11 72 2
27 83 1
11 15 2
30 64 1
29 34 2
12 106 2
21 43 2
16 21 2
2 32 2
26 35 2
6 13 2
27 36 2
15 34 2
19 112 2
6 27 2
15 48 1
28 84 2
14 85 2
27 35 2
14 36 2
25 30 2
9 19 2
23 52 1
1 113 2
10 99 2
17 62 2
2 102 2
32 34 2
21 89 2
20 23 2
0 19 2
6 93 2
0 80 2
6 94 2
3 16 2
21 64 1
15 30 2
23 100 2
25 116 2
9 24 2
3 57 2
3 76 2
8 117 2
0 15 2
34 89 2
1 34 2
24 36 2
31 35 2
13 25 2
11 37 2
26 50 1
7 18 2
37 112 2
10 16 2
0 37 2
35 37 2
6 16 2
10 22 2
13 98 2
4 34 2
7 52 2
6 15 2
17 75 2
5 30 2
14 17 2
10 119 2
24 31 2
3 11 2
1 39 2
12 34 2
39 63 1
18 20 2
30 47 2
10 23 2
14 90 2
39 79 2
26 84 1
11 26 2
1 46 1
4 71 1
36 37 2
4 74 2
16 80 2
6 14 2
12 24 2
32 41 2
20 39 2
33 67 2
10 35 2
9 20 2
17 100 1
0 22 2
14 39 2
11 99 2
26 38 2
9 88 2
13 99 2
27 37 2
6 10 2
3 55 2
9 105 1
17 20 2
23 58 1
16 28 2
19 113 2
27 32 2
6 31 2
0 16 2
10 48 2
22 33 2
21 33 2
33 43 2
35 39 2
5 39 2
18 27 2
22 45 2
24 26 2
15 31 2
8 15 2
5 106 1
20 96 1
37 65 2
19 116 2
31 44 1
4 39 2
30 103 1
21 54 2
2 88 2
5 7 2
8 63 2
10 44 2
17 23 2
26 37 2
2 28 2
13 110 2
31 79 1
8 10 2
32 54 1
5 31 2
7 96 2
6 36 2
3 26 2
8 11 2
10 93 1
7 39 2
14 48 2
17 114 1
6 89 1
12 25 2
23 38 2
10 14 2
7 86 2
17 66 1
26 100 2
38 78 1
15 75 1
28 89 1
13 85 2
18 106 2
11 36 2
3 48 2
3 32 2
36 44 2
18 37 2
25 37 2
24 75 1
12 33 2
35 36 2
14 26 2
3 17 2
20 49 2
39 62 2
30 86 2
3 100 2
33 58 1
16 19 2
12 75 2
16 52 2
16 26 2
3 82 1
24 99 2
13 118 2
23 104 2
39 116 2
4 9 2
5 63 1
16 37 2
14 81 1
14 37 2
31 34 2
32 97 2
2 15 2
5 8 2
4 29 2
15 37 2
38 117 2
30 89 1
16 32 2
10 49 1
34 40 2
16 63 2
5 88 2
13 26 2
31 56 2
34 99 2
13 15 2
20 90 2
20 31 2
24 30 2
35 71 2
20 76 1
19 20 2
32 72 1
7 83 2
8 29 2
7 84 1
11 78 1
3 10 2
9 90 2
5 110 2
29 72 2
18 38 2
25 26 2
3 18 2
4 117 1
4 83 1
23 116 2
2 18 2
8 56 2
19 26 2
1 61 1
8 38 2
19 33 2
21 67 2
10 105 1
10 106 2
16 25 2
30 111 2
39 101 2
24 25 2
17 119 2
23 89 1
37 119 1
0 34 2
6 42 2
10 30 2
2 115 1
8 60 1
13 30 2
15 84 1
5 51 1
6 12 2
31 32 2
12 39 2
36 102 2
33 34 2
11 13 2
15 105 1
8 59 2
24 50 2
17 53 2
22 28 2
20 69 2
10 33 2
29 35 2
30 35 2
31 89 2
18 97 2
21 57 1
0 112 2
23 106 1
2 22 2
38 104 1
15 97 1
11 56 1
4 101 2
2 19 2
15 16 2
18 74 2
16 110 2
3 22 2
2 33 2
4 27 2
31 47 2
4 40 2
30 119 1
16 96 1
21 91 1
30 55 2
2 16 2
3 37 2
0 20 2
19 30 2
16 102 2
2 48 2
20 33 2
11 39 2
17 25 2
29 91 2
29 58 2
33 39 2
20 44 2
10 84 1
11 30 2
25 52 2
6 112 1
1 54 2
0 69 2
15 117 2
6 83 2
25 59 2
39 96 1
3 91 2
39 117 2
15 53 2
28 71 1
25 112 2
17 65 1
20 88 2
28 58 2
35 77 2
1 20 2
36 76 2
18 30 2
39 106 2
10 32 2
11 66 1
30 70 2
30 81 2
38 60 2
18 31 2
23 55 1
6 105 2
33 108 2
28 36 2
14 106 1
13 18 2
7 70 1
20 32 2
11 97 2
9 51 2
25 32 2
4 88 2
5 95 2
1 57 2
26 86 2
13 72 2
5 46 1
5 26 2
12 29 2
32 39 2
35 54 2
7 26 2
24 60 2
5 55 2
10 25 2
35 69 1
22 52 1
36 81 1
17 37 2
0 12 2
0 11 2
11 16 2
2 85 1
11 29 2
18 51 2
31 118 2
2 20 2
37 86 2
7 17 2
2 36 2
10 59 2
4 66 2
36 109 1
35 79 2
26 36 2
2 14 2
31 91 1
7 32 2
38 106 1
6 69 2
37 59 2
1 52 2
15 44 2
8 30 2
3 5 2
14 108 2
35 118 2
9 39 2
19 101 1
32 56 2
26 27 2
9 38 2
25 74 1
15 28 2
29 56 2
9 116 1
36 93 2
38 95 2
39 53 2
5 33 2
6 32 2
30 110 1
18 59 1
19 114 2
7 12 2
21 35 2
15 41 1
26 30 2
35 50 2
23 30 2
4 23 2
0 74 2
21 66 2
7 14 2
38 113 2
14 16 2
35 58 2
3 45 2
0 6 2
7 15 2
25 87 2
13 38 2
7 36 2
36 73 1
13 37 2
3 112 1
7 48 2
2 21 2
12 51 1
0 118 2
35 38 2
22 82 2
22 26 2
16 107 2
7 66 1
39 90 2
5 32 2
14 52 1
9 33 2
33 48 1
19 69 1
22 70 2
19 29 2
7 88 2
20 111 2
30 56 2
8 106 2
3 31 2
23 91 1
25 70 2
24 95 2
31 63 1
19 22 2
23 60 2
9 12 2
2 29 2
8 107 2
13 34 2
34 88 2
10 11 2
35 112 2
24 39 2
14 27 2
21 105 2
11 32 2
12 31 2
3 119 2
8 39 2
8 110 2
8 77 1
12 87 2
28 29 2
17 84 2
2 47 1
8 51 2
21 32 2
12 22 2
24 29 2
37 58 1
17 82 2
6 65 2
1 62 2
36 99 2
4 18 2
27 30 2
38 92 1
17 73 1
17 27 2
16 18 2
16 27 2
14 35 2
16 17 2
30 116 1
9 78 1
1 22 2
38 115 2
16 22 2
22 51 2
23 112 1
33 57 1
31 49 2
18 32 2
27 100 2
10 28 2
20 60 1
11 31 2
20 22 2
4 89 2
32 38 2
17 34 2
22 98 2
3 7 2
15 26 2
15 17 2
33 87 1
5 13 2
17 19 2
24 49 2
12 27 2
31 85 2
12 35 2
25 55 2
34 64 2
38 111 1
37 101 1
20 51 1
3 35 2
34 74 2
23 25 2
25 97 1
28 37 2
26 108 2
19 66 2
0 4 2
21 25 2
5 25 2
0 7 2
15 59 2
6 29 2
12 23 2
15 116 1
3 118 2
8 73 1
13 114 2
32 66 1
6 70 2
26 94 2
0 13 2
17 55 2
9 22 2
39 87 2
20 35 2
1 19 2
10 117 2
31 69 2
26 57 2
20 28 2
13 51 1
12 26 2
12 37 2
39 111 2
19 57 2
27 59 2
3 49 2
19 23 2
20 85 2
10 17 2
23 31 2
13 48 1
0 51 2
2 103 2
11 28 2
13 28 2
10 21 2
23 48 2
21 115 2
36 39 2
26 68 2
16 29 2
0 21 2
8 87 2
18 28 2
35 68 1
22 36 2
22 93 1
1 24 2
25 29 2
28 114 2
0 78 2
18 92 2
20 53 1
17 21 2
8 113 1
27 48 2
1 7 2
16 111 2
16 65 2
35 85 1
37 111 1
21 87 2
2 101 1
27 41 2
7 97 2
3 14 2
4 37 2
3 33 2
26 60 2
5 103 1
38 101 2
0 1 2
14 21 2
26 29 2
3 38 2
9 31 2
32 84 2
1 31 2
6 30 2
21 22 2
29 37 2
14 19 2
3 4 2
15 49 1
1 118 2
1 6 2
22 37 2
3 94 2
21 26 2
3 75 1
7 22 2
18 100 2
23 27 2
21 82 2
0 24 2
13 27 2
33 61 2
10 65 2
18 108 2
39 55 2
38 41 2
0 61 2
16 44 1
11 20 2
2 6 2
20 27 2
21 73 2
4 110 1
19 35 2
36 66 2
3 71 2
8 119 2
23 110 2
24 116 2
0 14 2
22 76 2
20 75 2
36 117 1
15 20 2
33 89 1
11 38 2
31 117 2
19 31 2
28 100 2
23 28 2
5 22 2
4 68 1
17 60 1
2 10 2
31 39 2
9 62 2
31 106 2
32 117 1
4 15 2
14 83 2
17 92 1
9 13 2
0 28 2
11 116 2
39 40 2
14 57 2
0 10 2
3 80 2
14 47 1
13 112 1
35 49 2
13 79 2
27 88 2
19 38 2
26 31 2
29 115 2
15 35 2
1 76 1
13 90 2
5 76 1
4 30 2
13 108 2
28 31 2
16 89 2
30 50 2
18 25 2
1 35 2
23 35 2
4 53 2
1 55 2
12 19 2
8 13 2
5 10 2
34 90 2
10 58 2
9 18 2
9 106 2
23 33 2
34 72 2
6 38 2
10 26 2
22 24 2
25 110 2
23 118 1
18 43 2
36 103 1
0 29 2
12 15 2
34 35 2
12 89 1
13 62 2
37 90 1
10 47 2
13 19 2
1 112 1
0 18 2
18 113 1
27 39 2
9 68 2
2 5 2
29 38 2
5 20 2
4 16 2
10 24 2
25 72 1
31 77 2
4 49 2
12 14 2
16 53 1
29 79 2
9 14 2
1 48 1
9 93 2
11 24 2
2 69 2
7 25 2
19 44 2
3 61 2
5 29 2
12 101 2
0 25 2
32 48 1
13 107 1
25 43 1
29 39 2
31 45 1
10 98 1
2 46 2
21 48 2
3 8 2
4 36 2
1 30 2
13 55 2
34 82 2
39 100 2
11 100 1
8 90 1
37 102 1
12 36 2
27 113 1
4 17 2
27 103 1
9 36 2
33 90 2
21 56 1
33 36 2
18 83 2
8 49 1
22 112 2
15 25 2
17 35 2
9 71 1
11 12 2
8 112 2
33 37 2
25 71 2
28 70 2
36 60 2
21 24 2
23 84 1
3 85 2
35 114 2
18 112 2
37 80 1
2 119 1
25 100 2
3 9 2
4 102 2
32 50 1
6 26 2
7 16 2
24 61 2
11 22 2
17 26 2
32 47 2
6 8 2
30 34 2
1 101 2
18 26 2
6 34 2
11 46 2
5 77 2
25 89 2
13 29 2
36 86 1
0 46 1
22 48 1
2 58 1
16 31 2
4 8 2
35 45 1
12 16 2
13 23 2
15 36 2
25 47 1
22 94 1
19 36 2
4 93 2
35 44 1
5 115 1
30 72 2
12 118 2
14 15 2
15 21 2
38 107 2
33 111 2
21 34 2
12 72 2
14 33 2
27 47 2
6 40 2
22 115 1
18 73 2
1 23 2
34 57 1
1 15 2
28 38 2
39 102 2
1 92 1
36 107 2
21 93 2
8 24 2
23 36 2
22 32 2
4 20 2
32 113 2
37 45 1
18 68 2
11 57 1
31 96 2
39 103 2
2 38 2
30 37 2
23 98 1
5 11 2
11 18 2
8 25 2
3 12 2
33 54 2
8 36 2
4 28 2
1 90 2
21 39 2
29 95 1
21 70 1
14 91 2
2 57 2
39 74 1
29 33 2
0 104 2
24 35 2
19 73 2
9 37 2
2 7 2
13 33 2
9 109 2
3 51 2
29 53 2
6 17 2
1 87 1
26 33 2
15 95 2
18 39 2
25 35 2
15 45 2
24 100 1
22 95 2
28 35 2
27 40 2
16 30 2
31 68 1
1 40 2
18 24 2
21 45 2
17 22 2
29 71 2
28 88 2
33 52 1
21 99 2
20 86 2
17 33 2
31 101 2
7 27 2
13 59 2
12 17 2
4 97 1
33 64 2
22 99 2
3 69 2
17 67 2
10 75 2
6 37 2
15 27 2
18 57 2
1 17 2
20 25 2
38 51 2
5 65 2
27 29 2
1 4 2
16 98 1
9 10 2
5 73 2
19 118 2
1 36 2
16 33 2
18 35 2
34 39 2
22 40 2
24 65 1
39 52 2
3 29 2
13 22 2
21 31 2
6 87 2
28 78 2
16 56 2
0 23 2
4 24 2
12 13 2
20 103 1
16 95 2
10 78 2
30 113 2
27 34 2
20 93 1
8 21 2
2 78 2
2 37 2
18 23 2
14 30 2
38 79 2
30 106 2
31 74 2
32 91 2
0 3 2
20 24 2
11 83 2
9 29 2
2 110 1
18 107 1
9 54 2
11 34 2
3 86 2
30 117 1
9 69 2
31 50 2
32 86 2
25 86 1
10 55 2
14 25 2
24 34 2
24 56 1
6 54 2
24 33 2
22 117 2
11 19 2
35 73 1
21 58 2
35 42 1
16 106 2
12 38 2
16 50 2
28 66 2
19 63 2
36 89 2
14 50 2
0 36 2
5 27 2
2 62 1
1 10 2
13 32 2
18 56 1
32 100 1
34 95 2
16 82 2
21 77 1
31 81 2
9 11 2
5 56 2
7 63 2
10 27 2
8 19 2
11 110 1
27 38 2
33 115 2
15 80 2
22 102 2
4 64 1
14 23 2
14 38 2
19 95 1
33 95 2
2 24 2
10 31 2
29 64 1
23 97 2
10 34 2
14 117 2
18 116 1
12 97 1
11 73 2
15 110 2
20 54 2
1 16 2
3 19 2
32 35 2
30 112 2
11 21 2
10 42 1
1 3 2
38 91 2
12 71 2
26 39 2
21 116 2
28 39 2
17 111 1
33 74 2
17 98 2
29 67 2
12 61 1
7 102 2
7 40 2
11 75 1
1 14 2
4 115 2
32 101 2
21 78 1
3 13 2
9 32 2
4 26 2
15 22 2
32 88 1
0 5 2
32 68 2
0 26 2
1 32 2
11 111 2
1 85 2
36 56 1
30 46 1
21 63 1
27 31 2
16 36 2
38 44 2
20 116 2
23 74 1
8 12 2
27 93 1
6 39 2
9 34 2
5 36 2
16 79 2
2 23 2
22 34 2
11 70 1
3 28 2
22 77 2
18 63 2
34 93 2
8 53 2
33 38 2
15 66 1
35 87 1
1 8 2
4 22 2
5 45 2
17 24 2
23 94 2
36 80 1
4 11 2
34 50 2
23 86 2
38 67 2
18 114 2
23 26 2
4 55 1
39 41 1
17 30 2
18 22 2
0 9 2
1 12 2
17 70 1
4 31 2
22 38 2
5 118 1
31 33 2
8 37 2
26 34 2
26 59 2
4 51 1
6 18 2
8 83 2
6 11 2
4 12 2
29 118 2
23 37 2
28 68 1
4 105 2
15 42 1
14 95 1
31 93 2
4 82 1
14 71 2
29 78 1
21 112 1
6 28 2
9 107 2
25 92 2
7 24 2
23 24 2
6 85 2
1 29 2
8 17 2
2 91 2
15 32 2
22 73 2
4 118 1
1 13 2
31 113 2
0 2 2
24 59 2
3 21 2
34 85 2
2 93 2
27 66 2
36 78 2
0 39 2
17 57 1
30 62 2
7 19 2
18 33 2
20 34 2
5 91 1
26 114 2
26 81 2
3 106 2
8 27 2
30 41 1
21 76 2
13 105 2
19 65 2
30 36 2
37 38 2
32 90 2
32 89 2
35 51 2
34 86 1
21 28 2
30 69 2
23 50 1
16 38 2
16 70 2
0 44 2
5 37 2
38 109 2
4 19 2
34 115 1
5 19 2
7 10 2
37 66 2
18 119 2
20 21 2
30 38 2
24 89 2
6 35 2
7 67 2
4 32 2
30 101 2
23 114 2
29 66 2
1 21 2
8 40 2
30 80 2
6 88 2
21 30 2
23 34 2
19 82 1
11 14 2
3 24 2
1 33 2
12 18 2
13 31 2
21 80 2
23 39 2
4 59 1
11 35 2
17 80 2
36 97 2
1 56 2
23 78 2
9 17 2
25 39 2
16 23 2
37 64 2
5 78 2
13 39 2
22 114 1
32 59 1
3 70 2
27 109 2
1 98 2
0 38 2
9 104 2
13 63 1
25 27 2
31 43 2
33 55 1
30 32 2
15 39 2
29 31 2
13 36 2
15 70 2
23 109 2
1 28 2
11 104 1
1 37 2
17 69 2
11 108 2
32 33 2
12 28 2
33 114 2
4 13 2
7 44 2
6 19 2
8 31 2
25 31 2
24 109 2
25 34 2
0 68 2
0 32 2
4 5 2
19 47 2
35 70 2
21 23 2
24 28 2
16 73 2
3 88 2
25 69 1
19 21 2
31 51 2
7 20 2
20 36 2
15 79 2
4 6 2
31 36 2
8 28 2
29 88 2
15 23 2
7 29 2
5 14 2
18 36 2
38 114 1
10 29 2
7 49 2
12 57 1
1 27 2
20 30 2
28 108 1
34 36 2
16 24 2
12 42 1
13 21 2
34 109 2
1 78 1
27 28 2
34 70 2
15 29 2
28 59 2
21 72 2
4 33 2
15 33 2
25 60 2
39 77 2
19 70 2
9 27 2
34 37 2
28 113 1
28 34 2
31 108 1
0 90 1
9 48 2
2 12 2
7 11 2
16 39 2
7 30 2
22 78 1
6 99 2
8 22 2
25 36 2
29 94 1
2 52 2
39 112 1
21 104 2
36 77 2
5 83 1
31 115 1
6 90 2
5 113 1
22 64 1
14 22 2
37 83 2
0 110 2
6 22 2
8 33 2
26 80 2
22 25 2
5 16 2
36 104 2
2 27 2
8 82 2
10 20 2
8 35 2
11 25 2
17 38 2
26 91 2
9 61 1
13 45 1
2 8 2
7 109 2
7 35 2
9 112 1
20 46 2
14 112 1
7 110 1
11 95 2
30 90 1
35 61 2
39 66 2
21 96 2
3 20 2
9 25 2
13 35 2
5 108 1
29 104 1
14 69 2
5 17 2
3 15 2
9 89 2
34 102 1
25 78 2
18 91 2
15 76 2
39 110 1
4 112 2
21 98 2
0 35 2
23 76 2
32 37 2
19 28 2
26 106 2
29 46 2
17 105 1
22 56 2
31 65 1
7 9 2
11 23 2
7 34 2
12 64 1
14 32 2
2 25 2
19 39 2
10 80 2
0 27 2
31 38 2
5 57 2
39 107 1
21 92 1
6 23 2
11 33 2
34 76 1
33 35 2
22 68 2
11 92 1
3 96 1
26 28 2
18 19 2
6 33 2
36 83 1
8 26 2
27 58 2
27 43 2
1 5 2
36 108 1
25 33 2
17 54 2
1 93 2
5 6 2
9 94 2
22 39 2
4 100 2
8 9 2
30 84 1
20 26 2
4 43 1
11 50 2
30 39 2
19 94 1
3 46 1
10 12 2
22 81 2
15 113 2
6 21 2
32 63 1
6 9 2
23 95 2
39 61 2
8 18 2
15 73 1
9 56 2
1 11 2
3 73 1
28 41 1
25 77 1
17 18 2
0 96 2
5 24 2
10 112 2
24 67 2
23 90 2
30 107 1
5 34 2
14 43 2
22 43 2
11 17 2
30 33 2
25 38 2
4 14 2
20 109 1
19 68 2
15 40 1
7 23 2
34 48 1
4 7 2
0 8 2
16 60 2
10 39 2
14 24 2
30 104 1
5 23 2
20 119 2
15 19 2
33 92 2
2 31 2
5 9 2
16 34 2
7 38 2
13 88 2
13 100 2
1 42 1
16 20 2
0 76 2
28 32 2
18 52 1
21 38 2
14 28 2
39 91 2
28 81 1
22 97 2
21 118 2
25 82 2
18 21 2
29 101 2
8 20 2
10 88 2
37 39 2
39 105 1
3 39 2
31 60 1
30 97 2
13 109 1
13 14 2
22 75 2
34 56 1
7 114 2
32 36 2
21 102 2
2 118 1
20 100 1
2 26 2
34 54 1
4 10 2
3 99 2
12 32 2
36 79 2
7 117 2
16 48 1
5 35 2
1 25 2
3 30 2
34 38 2
24 81 2
28 57 2
23 73 1
2 9 2
19 27 2
2 51 2
3 36 2
33 119 2
3 62 2
2 44 2
10 36 2
2 13 2
2 35 2
7 21 2
27 33 2
1 26 2
7 57 1
14 20 2
29 83 2
31 70 2
0 17 2
21 106 2
6 73 2
10 38 2
19 32 2
6 20 2
23 29 2
27 56 1
5 18 2
7 64 2
39 92 2
38 45 2
14 66 2
7 37 2
32 61 1
7 33 2
38 69 2
17 52 1
19 99 2
19 83 1
17 28 2
38 39 2
33 101 1
33 88 1
26 42 2
0 31 2
29 69 1
18 84 1
22 23 2
35 104 1
20 77 2
9 26 2
36 38 2
23 62 2
24 40 1
18 29 2
2 30 2
34 108 2
38 76 2
3 25 2
3 27 2
22 88 2
33 66 1
20 73 2
8 23 1
38 71 1
35 109 2
62 72 1
8 41 2
21 44 2
23 44 2
18 34 1
19 34 1
12 69 2
40 72 1
10 71 1
