% n=20 p=60 d=0.33 p_blue=0.33
% k=0
0 4 2
3 10 2
10 18 2
6 8 2
6 12 1
0 3 2
2 10 2
3 17 1
4 14 1
10 14 1
6 13 2
1 11 2
3 4 2
11 15 1
7 9 2
11 17 1
1 10 2
11 13 1
8 14 1
6 7 2
1 4 2
5 14 2
1 8 2
4 8 2
9 13 2
2 5 2
0 1 2
5 6 2
1 9 2
0 8 2
6 14 1
5 11 2
1 19 2
0 5 2
2 6 2
1 7 2
5 7 2
0 10 2
2 4 2
5 8 2
3 11 2
4 7 2
8 16 1
4 6 2
4 10 2
0 11 2
7 11 2
1 6 2
1 5 2
11 12 2
0 2 2
9 14 2
3 14 2
6 10 2
1 17 1
2 8 2
3 9 2
3 7 2
0 12 2
3 6 2
2 11 2
9 11 2
8 9 2
5 9 1
7 15 1
7 10 1
6 18 1
7 18 2
8 10 1
0 18 1
2 7 1
2 3 1
2 9 1
3 18 2
6 9 1
15 18 1
4 5 1
0 7 1
1 15 2
0 9 1
3 8 1
3 15 1
0 6 2
