% n=190 p=33 d=0.66 p_blue=0.33
% k=0
20 122 2
7 145 1
12 28 2
44 160 1
49 121 1
43 94 2
18 20 2
44 96 2
9 156 1
21 31 2
50 170 2
1 42 2
18 57 2
58 73 1
17 140 1
14 139 1
16 108 1
21 93 2
14 78 2
61 126 1
49 183 1
54 105 2
20 93 1
10 42 2
26 45 2
42 157 2
29 184 2
25 87 1
22 162 2
61 127 1
26 36 2
30 50 2
19 52 2
62 137 1
36 145 1
35 53 2
16 114 1
0 60 2
54 70 1
24 188 1
3 58 2
56 90 1
55 98 1
5 35 2
33 107 1
36 172 2
48 68 2
30 175 2
21 65 1
23 68 1
43 48 2
50 136 1
33 104 2
24 58 2
43 45 2
26 71 1
8 56 2
5 74 1
38 47 2
20 144 2
13 25 2
9 32 2
46 133 1
28 126 1
3 18 2
0 189 1
21 126 1
46 181 1
54 180 1
3 115 1
25 143 2
34 49 2
31 153 2
35 124 2
58 152 1
11 62 2
9 103 2
26 118 2
25 168 2
20 40 2
12 24 2
14 132 1
44 142 1
7 171 1
1 173 1
7 118 1
12 110 1
42 154 2
13 97 2
9 108 1
21 178 2
24 49 2
13 14 2
1 39 2
11 64 1
54 162 1
56 123 2
19 54 2
28 156 1
26 125 1
12 137 1
51 157 1
44 118 2
2 13 2
38 128 1
35 65 1
40 44 2
12 46 2
4 188 2
41 116 1
52 142 1
23 114 1
49 160 1
11 60 2
28 146 1
21 89 2
37 51 2
4 140 1
1 3 2
19 59 2
12 127 1
55 135 1
14 159 2
41 138 1
26 46 2
55 111 1
19 43 2
21 114 1
18 71 1
32 145 1
24 97 1
9 30 2
56 149 1
47 129 2
62 148 1
39 64 1
59 147 2
27 32 2
57 106 2
1 187 1
37 94 1
34 42 2
51 111 1
45 149 1
0 29 2
13 141 1
2 18 2
9 34 2
42 117 1
0 161 2
25 40 2
9 79 2
10 58 2
25 92 2
57 151 1
11 154 1
10 89 1
58 167 1
20 46 2
56 59 2
11 47 2
19 66 1
25 83 2
25 36 2
14 189 1
18 39 2
8 40 2
59 171 2
22 39 2
7 126 1
26 141 1
51 167 1
47 187 1
4 76 1
2 19 2
57 132 1
25 39 2
34 167 2
6 64 1
2 28 2
17 138 2
0 98 2
15 26 2
23 101 1
34 181 1
0 62 2
49 80 2
4 106 2
31 59 2
17 89 2
20 182 1
46 109 1
60 107 1
0 187 2
57 104 2
21 66 1
28 188 2
4 128 1
31 57 2
51 127 2
45 48 2
55 116 1
17 115 1
21 50 2
0 19 2
18 188 1
22 74 1
57 71 1
35 54 2
31 152 2
52 89 2
6 68 1
46 148 1
46 63 1
18 103 1
14 167 2
6 31 2
9 177 1
19 42 2
10 70 1
1 41 2
8 22 2
39 92 1
45 152 1
39 143 2
22 46 2
18 130 1
43 114 1
28 138 1
56 79 1
13 82 1
51 161 1
47 185 2
2 91 2
29 134 1
37 117 1
23 172 1
39 76 2
50 168 2
17 122 1
12 175 2
18 26 2
42 143 1
48 97 2
31 164 2
9 92 2
11 88 1
44 89 1
38 82 1
49 74 2
28 89 2
18 140 2
2 130 2
10 151 1
6 149 1
21 29 2
2 4 2
38 72 1
35 183 2
41 60 2
21 64 2
22 115 1
59 177 1
34 70 1
31 151 1
32 103 1
56 153 1
24 166 1
14 153 1
34 166 1
16 49 2
46 187 1
32 89 1
7 124 1
42 186 1
0 146 2
4 19 2
50 61 2
56 74 1
30 31 2
48 175 1
22 125 1
8 70 1
4 125 1
19 28 2
2 23 2
51 55 2
32 132 2
17 38 2
49 184 1
35 167 1
27 51 2
31 47 2
48 181 1
1 155 1
19 165 1
44 53 2
6 55 2
57 109 1
9 26 2
28 110 2
4 21 2
41 104 2
10 61 2
3 7 2
48 183 2
25 149 1
23 82 2
62 102 1
62 164 1
30 61 2
56 163 1
29 163 2
5 18 2
14 176 1
42 113 1
3 52 2
29 182 1
37 78 2
27 99 1
55 110 2
56 143 1
45 115 1
32 38 2
60 182 2
30 111 1
18 29 2
19 85 1
39 157 2
24 155 1
55 78 1
4 109 1
42 104 1
23 110 1
36 59 2
12 183 1
0 171 2
8 109 2
3 130 1
11 178 1
16 94 1
24 33 2
5 188 1
22 140 1
2 137 2
50 78 1
13 33 2
31 188 2
33 115 1
22 80 1
40 89 1
4 126 2
19 81 1
34 86 1
47 122 2
2 79 2
5 181 2
13 114 1
13 149 1
56 174 1
43 119 2
40 87 1
28 163 1
5 121 1
58 188 1
7 152 2
40 92 1
30 150 1
6 49 2
17 136 1
33 102 1
35 38 2
49 116 1
36 85 1
23 154 2
57 186 2
21 67 1
37 57 2
43 174 1
41 55 2
53 187 1
2 124 2
53 142 2
19 167 1
3 36 2
19 106 1
40 185 1
57 70 1
16 167 1
20 63 2
34 66 1
48 119 1
46 115 2
27 41 2
14 18 2
33 109 1
1 63 2
11 91 2
52 61 2
46 173 1
47 51 2
19 109 1
7 37 2
36 178 1
56 164 2
1 34 2
56 137 1
28 152 1
25 41 2
23 85 1
37 153 1
35 73 1
5 44 2
17 77 1
24 107 2
24 99 1
21 130 1
26 29 2
19 166 1
38 48 2
2 182 1
59 187 1
24 66 2
38 112 2
35 43 2
51 79 1
44 97 2
43 79 2
34 72 2
11 39 2
16 118 2
33 135 2
59 103 2
45 139 1
22 118 1
58 67 1
61 104 1
0 1 2
3 50 2
55 115 1
22 89 1
13 44 2
26 64 2
25 54 2
42 70 1
44 131 2
30 128 1
15 137 1
11 106 1
9 21 2
20 25 2
15 68 2
47 181 1
50 119 1
33 62 2
23 129 1
34 121 2
62 73 1
16 36 2
9 104 1
46 88 1
46 114 2
39 184 1
59 172 2
9 105 1
39 125 2
48 60 2
33 160 2
18 77 2
36 95 1
45 151 1
10 28 2
10 12 2
37 154 1
23 56 2
42 138 1
58 61 2
29 71 1
37 166 1
4 101 2
9 141 2
35 180 1
48 144 1
53 55 2
1 170 2
6 86 1
53 67 1
29 144 1
38 78 1
14 160 1
12 17 2
32 95 1
43 82 1
40 164 1
28 67 1
27 65 1
6 97 2
31 81 2
41 124 2
27 84 1
51 113 2
20 53 2
3 138 1
55 145 1
56 87 2
4 33 2
49 131 2
4 117 1
2 55 2
25 132 2
35 156 2
57 154 2
43 58 2
31 46 2
47 91 2
55 166 2
26 91 2
5 43 2
15 37 2
25 159 2
18 50 2
42 150 1
38 176 2
30 39 2
5 186 2
5 58 2
8 130 1
0 170 2
24 25 2
49 165 2
23 90 2
33 39 2
40 55 2
9 83 1
32 39 2
54 189 2
34 38 2
38 54 2
44 162 1
19 33 2
5 48 2
1 153 1
18 97 2
54 169 2
48 92 2
14 55 2
7 35 2
36 164 1
30 60 2
26 96 1
23 98 2
29 43 2
42 133 1
40 60 2
4 31 2
8 171 1
60 77 1
7 38 2
51 82 2
44 70 2
30 180 2
30 141 1
10 92 1
26 48 2
14 178 1
25 51 2
45 103 1
9 159 2
1 61 2
38 53 2
35 179 2
27 128 2
17 131 2
42 129 1
39 130 1
30 46 2
11 87 2
23 50 2
22 31 2
22 86 1
27 143 1
45 73 1
36 154 1
13 16 2
5 66 1
33 92 1
32 150 1
30 110 1
45 158 1
5 105 1
15 179 1
39 43 2
33 99 1
24 32 2
43 178 2
16 162 1
58 79 1
28 50 2
46 53 2
11 111 1
50 158 1
15 117 1
4 179 1
20 150 1
61 93 2
52 164 2
27 175 2
31 37 2
10 57 2
51 147 2
18 32 2
35 134 1
4 187 2
49 77 1
43 72 2
12 97 2
56 110 1
48 76 1
9 74 1
7 185 2
47 75 2
42 79 1
35 116 1
5 101 1
34 164 1
10 77 1
46 49 2
47 146 2
20 174 1
18 25 2
5 83 1
28 178 1
20 170 2
16 95 1
29 89 1
1 36 2
58 111 2
13 27 2
48 66 1
35 115 2
29 165 1
43 184 1
52 172 1
22 152 1
31 44 2
37 72 1
36 70 2
48 81 1
34 179 1
20 113 2
8 169 1
6 57 2
2 42 2
15 186 1
32 90 1
43 129 1
11 59 2
48 69 2
15 138 1
10 25 2
44 130 1
55 60 2
3 31 2
9 182 1
45 113 2
37 82 1
33 129 2
1 156 1
30 82 1
55 96 1
35 173 1
40 130 2
49 111 1
12 154 1
10 148 1
33 34 2
36 114 2
43 156 1
56 99 1
3 171 2
14 93 1
6 38 2
43 135 2
52 72 2
23 166 2
2 152 1
16 71 1
4 49 2
19 127 1
10 75 1
18 19 2
21 101 1
30 94 1
14 144 1
59 81 1
33 48 2
62 184 1
36 109 2
2 30 2
21 60 2
13 151 1
22 61 2
0 75 1
28 140 2
53 151 2
16 93 2
38 62 2
27 45 2
34 183 1
24 27 2
35 56 2
41 65 1
1 128 1
16 157 2
7 121 2
49 186 1
56 65 1
33 122 2
28 170 1
14 119 2
4 7 2
10 59 2
15 16 2
38 187 2
34 87 1
10 103 1
9 179 1
22 99 1
35 94 1
25 104 2
32 111 1
57 58 2
15 92 2
28 54 2
49 146 2
48 182 1
9 37 2
49 75 1
15 85 1
3 173 2
7 73 1
4 63 1
47 72 1
4 22 2
6 84 1
40 132 1
15 46 2
31 41 2
14 138 1
23 73 1
61 96 2
2 67 1
38 118 1
29 117 1
37 104 2
39 140 1
42 106 1
62 63 1
57 117 2
15 23 2
56 108 1
27 50 2
48 110 1
22 33 2
1 94 1
23 95 1
55 95 2
3 141 1
58 109 2
55 63 1
21 151 2
2 93 2
40 107 1
43 125 2
61 97 1
22 119 1
0 135 1
1 14 2
44 81 2
25 70 1
30 181 1
48 100 2
19 35 2
5 97 2
50 111 1
42 52 2
30 139 2
2 123 1
7 160 1
5 92 1
30 52 2
18 132 1
11 28 2
22 64 1
14 107 1
62 182 2
2 185 1
17 48 2
46 56 2
24 35 2
1 45 2
50 189 2
60 106 1
57 188 1
1 184 1
21 150 1
57 102 1
16 116 1
23 148 1
13 137 1
19 58 2
58 184 1
58 112 1
57 114 1
39 44 2
51 104 1
6 90 2
36 96 1
20 121 2
51 78 1
27 150 1
14 172 1
56 78 1
26 30 2
15 148 1
56 168 1
50 103 2
27 115 1
5 71 1
13 180 2
3 150 1
19 46 2
14 168 1
21 39 2
47 58 2
62 138 2
41 117 1
35 69 1
1 88 2
16 140 2
60 109 1
62 115 1
58 106 1
8 112 2
40 112 1
28 85 1
43 172 1
22 87 2
25 166 1
3 102 1
13 58 2
38 151 1
2 22 2
36 69 2
17 59 2
27 60 2
33 95 1
1 104 1
2 153 2
37 52 2
44 57 2
24 46 2
1 10 2
35 61 2
44 100 1
40 150 2
13 178 1
51 105 1
40 136 1
12 91 1
50 148 1
42 146 1
1 149 1
6 59 2
27 73 1
9 16 2
0 184 1
18 158 1
30 44 2
7 69 1
13 28 2
17 96 1
13 39 2
62 133 1
22 28 2
18 177 1
45 53 2
43 52 2
2 89 2
6 41 2
37 66 1
48 176 1
31 189 2
31 36 2
17 162 1
56 152 1
23 59 2
21 38 2
11 16 2
32 102 1
58 91 1
31 117 1
60 137 2
21 113 1
55 101 1
13 30 2
48 109 1
44 62 2
43 136 1
20 84 1
14 49 2
21 145 2
15 33 2
26 33 2
22 137 1
58 113 1
14 57 2
33 56 2
55 161 2
15 31 2
38 179 1
29 44 2
9 60 2
28 73 1
9 107 2
16 154 2
49 124 1
24 111 1
52 56 2
47 99 1
24 82 2
21 84 2
54 83 2
48 82 1
49 70 1
8 31 2
16 173 2
27 35 2
23 188 2
39 54 2
10 30 2
55 132 2
43 46 2
23 75 1
25 109 2
46 180 1
52 99 2
22 97 1
4 79 1
43 71 1
33 41 2
5 185 2
33 77 1
16 55 2
40 88 1
5 157 1
22 181 1
25 151 1
31 133 2
56 75 1
7 28 2
33 106 2
36 43 2
52 157 1
26 79 2
6 187 2
23 97 1
34 157 1
54 170 1
41 86 1
44 164 1
9 33 2
46 89 1
26 134 1
48 101 2
12 66 1
15 44 2
59 70 1
4 44 2
52 162 1
14 39 2
62 151 2
42 122 1
10 172 1
38 117 2
36 103 1
23 125 2
55 90 1
60 73 1
29 35 2
3 39 2
8 20 2
24 108 2
42 148 2
28 184 2
44 114 1
41 176 1
3 56 2
16 83 2
15 89 1
61 71 2
21 62 2
44 75 2
39 175 2
31 33 2
10 54 2
42 86 1
20 66 2
0 45 2
51 189 2
4 54 2
18 119 1
20 163 1
25 61 2
43 107 1
55 71 1
38 50 2
0 139 1
5 131 1
42 43 2
43 139 1
16 160 1
48 51 2
8 19 2
0 50 2
13 128 1
21 57 2
27 59 2
15 22 2
31 88 1
2 54 2
32 63 1
45 51 2
17 49 2
35 55 2
50 55 2
40 82 1
60 93 1
12 83 1
2 110 1
30 86 1
48 155 2
59 165 2
17 45 2
31 84 1
16 170 1
44 125 1
6 144 1
18 167 1
54 97 1
7 95 1
30 147 1
9 106 1
55 185 1
7 13 2
6 163 2
23 65 1
28 69 1
13 171 1
8 63 1
49 109 1
61 110 1
11 46 2
18 42 2
0 113 1
55 113 1
2 48 2
36 45 2
29 104 1
5 103 1
1 147 2
36 84 1
30 43 2
7 138 1
29 47 2
3 170 1
30 155 2
17 186 2
10 104 1
42 116 1
32 112 1
26 131 1
31 32 2
49 54 2
0 52 2
24 114 2
52 107 2
52 155 1
37 88 1
26 74 1
33 142 1
38 145 1
45 50 2
6 29 2
33 176 2
10 53 2
50 161 1
49 144 1
12 58 2
59 87 1
46 57 2
14 56 2
40 51 2
39 95 1
1 143 1
53 148 1
44 181 1
6 22 2
40 153 1
31 170 1
51 166 2
6 188 2
11 119 2
48 180 1
18 98 1
25 95 2
6 106 1
29 110 2
25 186 2
13 138 2
38 154 1
49 79 1
15 182 1
39 57 2
49 148 1
14 75 1
21 46 2
13 164 2
1 8 2
10 45 2
45 86 1
16 32 2
13 90 1
24 84 1
8 73 2
11 61 2
28 135 2
41 162 1
2 118 1
43 60 2
7 90 2
42 180 1
27 135 1
4 6 2
10 102 1
19 148 1
21 109 1
27 154 1
32 116 2
59 97 1
19 159 2
14 129 1
9 24 2
20 62 2
18 107 1
45 59 2
22 113 2
20 145 2
8 82 2
14 60 2
4 141 2
10 108 1
3 45 2
21 51 2
35 50 2
27 67 1
26 58 2
36 51 2
29 156 2
29 102 1
44 86 1
4 20 2
51 86 2
29 97 2
17 120 2
19 144 2
43 186 2
20 49 2
24 138 2
48 133 1
34 123 2
20 26 2
60 95 1
16 171 1
41 73 1
21 35 2
56 98 2
13 122 2
0 179 1
7 63 1
4 175 2
19 112 2
45 65 2
17 20 2
4 57 2
11 19 2
36 68 1
53 130 1
57 101 1
1 43 2
48 111 2
26 82 2
59 114 2
7 48 2
46 47 2
47 130 1
45 62 2
17 62 2
29 96 1
4 156 1
52 57 2
0 162 1
38 120 2
27 145 1
31 35 2
14 29 2
57 82 1
2 140 1
6 53 2
20 67 2
49 140 2
26 50 2
2 7 2
4 182 1
17 132 1
2 177 2
3 160 2
19 121 1
37 127 2
43 127 1
9 29 2
23 61 2
56 176 1
25 113 2
6 66 1
44 99 2
62 101 2
56 106 1
23 147 1
7 30 2
25 124 2
9 163 2
59 143 1
31 147 2
3 91 1
30 138 1
29 62 2
35 128 2
50 134 1
36 147 2
28 84 1
2 125 1
11 33 2
14 67 1
19 51 2
62 123 1
5 19 2
27 180 1
11 49 2
9 58 2
9 82 1
13 186 1
12 101 1
5 21 2
4 130 1
27 79 1
5 45 2
8 108 1
12 170 2
60 179 1
8 39 2
4 100 1
34 69 2
24 67 1
18 141 2
17 169 2
27 134 1
21 80 1
9 118 1
23 105 1
24 115 2
26 55 2
7 107 2
5 125 2
49 114 1
27 161 1
30 158 2
42 177 2
44 148 2
33 55 2
2 183 1
26 123 1
11 34 2
11 38 2
15 188 1
8 107 1
1 129 2
21 27 2
0 172 1
11 118 1
40 178 1
19 49 2
9 44 2
31 175 1
38 55 2
5 64 1
9 63 2
45 75 2
36 44 2
14 130 1
62 140 2
16 65 2
5 109 2
20 177 1
44 184 1
8 186 2
34 55 2
0 102 2
49 173 2
26 135 1
3 70 1
48 170 2
57 130 1
40 90 1
15 65 2
25 38 2
2 115 1
11 164 2
31 100 1
8 156 1
23 126 2
57 125 1
56 100 1
58 98 1
24 59 2
39 181 1
53 185 1
21 49 2
37 69 1
19 169 1
22 54 2
51 115 1
21 181 1
12 103 1
28 41 2
46 91 2
53 147 2
51 124 1
50 177 1
5 63 1
6 132 1
25 65 1
59 150 2
48 131 2
56 169 1
26 94 1
62 136 1
33 66 1
16 48 2
24 95 1
55 139 1
7 26 2
51 146 1
22 183 2
56 57 2
17 74 1
45 141 1
38 40 2
51 106 1
35 114 1
34 165 1
38 174 1
20 43 2
28 115 1
40 118 1
47 64 1
4 53 2
40 57 2
7 17 2
4 149 2
15 124 2
42 76 2
21 63 1
61 62 2
7 45 2
39 128 1
2 112 2
30 114 1
23 42 2
3 54 2
32 91 2
0 186 1
44 58 2
15 39 2
10 162 2
11 74 1
46 48 2
57 168 1
53 99 2
42 158 2
36 171 1
0 67 2
41 115 2
37 58 2
19 23 2
54 171 1
33 148 1
32 37 2
29 142 2
36 53 2
45 137 1
12 185 2
42 48 2
25 102 2
45 102 1
6 23 2
42 160 1
54 62 2
53 155 1
39 185 1
6 91 2
6 113 1
16 41 2
46 118 1
53 73 1
30 126 1
8 126 2
34 177 2
11 22 2
10 147 1
40 143 1
0 15 2
44 104 1
17 166 2
33 54 2
38 64 1
7 143 2
40 184 2
53 116 1
52 65 1
5 26 2
18 87 1
51 73 1
51 170 1
49 133 1
54 156 1
61 149 2
39 60 2
3 60 2
19 25 2
38 46 2
23 92 1
27 129 2
59 189 1
6 164 1
1 127 1
19 185 2
8 146 1
25 179 1
1 119 1
12 86 1
32 134 2
22 128 1
3 76 2
35 60 2
23 81 1
58 168 2
60 117 1
47 66 1
10 87 2
10 78 1
60 149 1
48 54 2
10 85 2
33 151 2
6 92 1
59 66 1
4 112 2
15 144 2
59 75 2
10 31 2
26 165 1
6 47 2
55 107 1
22 56 2
61 185 1
50 142 1
53 100 1
20 168 1
53 56 2
30 129 1
20 35 2
44 73 1
30 112 1
31 165 1
62 106 1
42 169 1
25 44 2
26 73 1
26 178 2
0 180 1
45 47 2
21 26 2
3 41 2
29 56 2
32 50 2
24 87 1
54 126 1
21 155 1
32 153 2
54 187 2
37 70 1
49 130 1
41 70 2
45 116 1
18 83 1
28 130 2
48 143 2
5 148 1
11 36 2
10 88 1
0 33 2
31 80 1
12 25 2
28 189 1
30 156 2
51 57 2
6 95 2
25 182 2
30 89 2
3 57 2
62 165 1
58 59 2
31 89 1
11 40 2
30 56 2
14 146 1
1 33 2
38 127 1
36 55 2
32 101 1
31 130 1
46 183 2
7 21 2
24 125 2
43 101 1
25 78 1
56 122 1
36 112 2
43 160 2
44 84 2
0 46 2
49 71 2
47 57 2
55 188 2
47 53 2
11 162 1
6 52 2
1 169 1
30 152 1
17 164 1
6 89 1
26 35 2
0 95 1
7 122 2
14 76 2
52 122 1
47 69 2
20 101 1
20 79 1
5 69 2
43 51 2
5 22 2
49 50 2
8 17 2
12 126 2
35 46 2
32 49 2
62 125 2
36 188 1
42 44 2
16 38 2
28 125 1
62 79 1
58 116 1
23 132 2
17 41 2
47 101 1
5 111 1
4 122 2
45 82 1
29 94 1
26 109 2
51 140 1
51 102 1
39 154 1
17 81 1
10 11 2
40 65 1
41 84 1
46 184 1
40 42 2
31 168 2
56 133 1
51 62 2
21 32 2
36 106 2
5 132 2
15 29 2
22 188 2
5 25 2
17 27 2
14 26 2
2 129 2
1 183 1
61 120 2
46 102 1
23 184 1
14 157 1
21 96 1
30 115 2
51 134 1
16 29 2
55 69 1
8 96 2
22 120 1
61 72 1
23 122 2
48 78 2
10 33 2
21 45 2
46 61 2
10 83 1
2 33 2
18 59 2
4 103 2
52 178 2
22 159 1
9 149 1
2 38 2
10 97 2
35 42 2
7 80 2
15 18 2
57 145 1
56 60 2
7 92 1
7 106 2
62 139 1
14 117 1
20 30 2
12 156 1
19 164 2
59 159 1
53 135 1
43 126 2
52 145 1
18 136 1
21 165 1
32 179 1
5 12 2
46 162 1
23 120 1
17 65 1
10 158 2
10 139 1
6 146 1
54 112 1
35 105 1
48 86 2
52 151 1
8 181 2
61 111 1
37 134 1
45 125 2
13 23 2
61 189 1
50 88 2
43 148 1
56 181 2
8 77 1
11 43 2
36 113 2
13 70 2
42 164 2
38 67 2
30 37 2
60 142 2
34 43 2
12 121 1
48 189 1
48 115 2
44 166 1
43 108 2
45 101 1
30 122 1
9 10 2
33 47 2
9 38 2
17 73 2
2 24 2
51 58 2
34 41 2
5 137 1
56 158 2
43 157 1
21 138 1
42 100 1
18 150 1
11 96 1
35 103 1
40 111 1
46 85 2
55 62 2
50 106 1
21 53 2
5 55 2
59 95 2
16 187 1
17 21 2
26 127 2
34 94 2
53 95 1
29 179 1
37 111 1
4 146 1
16 123 1
42 73 2
8 23 2
6 30 2
58 85 1
55 83 2
15 174 1
1 66 2
22 30 2
46 90 1
27 120 1
23 37 2
44 145 1
39 145 2
39 78 1
50 71 1
15 56 2
54 130 1
47 63 2
35 49 2
56 185 1
40 171 1
35 70 2
12 61 2
52 112 1
15 55 2
6 36 2
25 125 1
18 44 2
50 87 2
37 150 2
0 168 1
17 189 1
3 167 1
1 185 2
51 83 2
20 188 1
27 162 2
10 65 1
29 183 1
43 102 1
9 18 2
26 108 1
57 183 1
31 68 1
37 142 1
6 175 2
3 99 2
41 145 1
31 131 1
9 119 1
4 43 2
7 23 2
10 110 1
43 64 1
19 113 1
18 41 2
4 38 2
57 177 2
59 170 2
30 48 2
53 63 2
59 107 1
13 108 2
37 140 1
54 89 2
6 42 2
48 57 2
55 84 1
7 33 2
36 117 1
32 159 2
39 159 1
47 189 1
13 92 1
27 33 2
38 178 1
50 104 1
44 109 1
9 61 2
45 162 2
20 139 1
26 38 2
33 81 1
13 21 2
12 100 1
14 22 2
2 63 1
19 187 2
62 127 1
36 151 1
5 33 2
53 92 1
11 105 1
29 120 2
45 74 1
2 43 2
8 150 1
15 77 1
28 114 1
34 93 1
55 112 2
9 36 2
62 183 1
32 175 1
61 129 1
20 116 1
29 81 1
37 137 1
34 114 1
6 166 1
52 141 1
26 88 1
6 13 2
60 188 1
48 95 1
57 63 1
18 125 1
41 181 2
16 131 1
5 40 2
32 170 1
24 26 2
13 54 2
60 87 1
3 181 1
28 120 2
39 81 1
55 82 1
7 61 2
29 83 1
31 186 1
23 153 1
30 88 1
52 100 1
16 156 1
13 105 2
19 78 1
40 172 2
20 108 1
14 128 1
0 158 1
34 185 1
41 127 2
31 178 2
59 133 2
24 189 1
22 143 1
3 38 2
11 31 2
9 19 2
26 124 1
52 80 1
26 56 2
43 110 1
4 62 2
45 94 2
32 182 2
21 159 2
51 74 1
24 100 1
3 64 1
61 146 2
7 70 1
28 173 1
6 101 2
32 186 1
49 104 1
3 188 1
5 95 1
60 134 1
17 79 1
20 98 1
27 174 2
1 159 1
59 104 1
60 69 1
19 170 1
26 68 1
14 40 2
28 30 2
27 48 2
3 182 1
53 119 1
29 93 1
14 59 2
33 64 2
13 86 1
52 140 2
5 57 2
15 73 1
7 150 2
43 59 2
32 177 1
35 138 2
26 32 2
14 147 2
15 64 1
47 165 1
33 80 1
22 150 1
31 56 2
32 70 1
39 165 2
3 145 1
31 162 1
10 60 2
5 10 2
60 171 2
56 109 1
47 67 1
10 15 2
43 143 1
6 128 2
9 136 1
8 158 2
11 142 1
56 64 1
57 184 2
24 165 2
46 150 1
53 153 1
35 72 2
7 120 2
9 22 2
30 160 2
47 55 2
31 55 2
31 39 2
20 78 2
54 140 2
8 151 1
29 42 2
15 113 2
54 102 1
14 118 1
48 130 1
45 96 2
61 160 1
5 79 2
16 150 2
1 27 2
13 17 2
49 178 2
47 149 1
33 46 2
19 138 1
27 49 2
30 153 2
57 60 2
28 80 1
41 101 1
29 101 1
23 83 1
11 29 2
46 50 2
1 70 1
5 59 2
21 131 1
10 32 2
12 143 1
61 134 1
27 42 2
6 26 2
2 163 1
39 160 2
14 92 1
1 109 1
32 144 1
46 78 1
0 10 2
31 180 1
50 84 1
57 128 1
12 64 1
60 126 2
21 72 1
33 132 2
15 169 1
22 85 1
29 88 1
47 183 1
62 91 1
5 127 1
26 186 1
31 54 2
48 148 1
8 52 2
10 177 1
33 65 1
46 146 1
61 161 1
45 164 1
37 116 2
29 60 2
24 42 2
55 59 2
13 31 2
43 180 1
29 85 1
23 165 2
56 117 2
50 118 1
5 29 2
43 69 1
22 105 2
43 164 1
24 143 1
12 63 1
46 136 2
13 77 1
2 145 2
14 54 2
24 85 1
45 87 2
7 110 1
13 80 1
5 14 2
16 129 2
33 74 2
50 81 2
1 178 1
40 144 2
9 12 2
62 176 1
22 27 2
47 154 2
29 130 2
3 86 2
42 124 2
50 52 2
8 42 2
52 188 1
6 127 1
0 37 2
23 158 1
41 57 2
17 97 2
11 112 2
53 163 2
23 32 2
32 87 2
11 114 2
36 40 2
32 53 2
9 15 2
33 57 2
0 51 2
2 53 2
10 154 1
41 75 1
34 184 1
4 148 1
38 153 2
14 84 1
50 163 1
20 183 2
6 150 1
59 148 1
3 65 1
25 37 2
34 99 1
13 177 2
37 93 1
8 53 2
28 81 2
45 174 1
32 168 1
35 51 2
30 118 1
26 105 1
7 55 2
5 104 1
17 50 2
35 57 2
53 115 1
2 5 2
25 127 2
47 106 2
7 111 2
12 88 1
31 38 2
26 160 1
7 56 2
52 85 1
46 52 2
13 19 2
23 167 1
32 127 2
17 142 1
3 29 2
49 92 2
44 91 2
34 54 2
0 31 2
44 154 2
45 108 1
32 166 2
22 36 2
44 46 2
16 86 2
49 56 2
15 50 2
30 69 1
54 133 1
30 71 2
19 77 1
35 45 2
10 62 2
31 60 2
8 46 2
37 56 2
8 125 1
28 90 2
38 94 2
40 63 1
56 103 1
24 153 2
43 83 1
45 58 2
27 64 2
2 74 1
1 152 2
40 157 2
11 67 2
37 64 1
14 151 1
5 15 2
6 125 1
32 45 2
28 119 2
26 34 2
16 37 2
55 186 1
7 41 2
44 112 1
60 81 2
13 115 1
21 68 2
4 15 2
21 186 1
31 93 1
34 62 2
26 31 2
16 115 1
55 106 1
21 34 2
3 17 2
6 136 2
0 124 2
53 118 1
53 97 1
15 34 2
37 138 1
15 152 1
16 27 2
49 53 2
1 131 1
41 154 2
8 59 2
11 107 2
19 87 1
0 22 2
41 119 1
14 19 2
40 174 1
26 62 2
6 25 2
14 103 2
43 105 2
57 133 2
16 120 1
24 60 2
33 161 1
60 187 1
27 179 1
44 49 2
13 62 2
31 132 1
9 143 1
1 148 1
56 167 2
13 116 1
40 117 2
54 135 1
20 186 1
21 77 1
49 153 1
27 75 2
8 155 1
62 132 1
58 145 2
26 107 1
56 184 2
7 47 2
8 132 2
41 90 2
44 174 2
27 82 2
29 37 2
13 187 1
15 167 1
48 135 1
45 67 1
56 160 2
51 137 1
21 180 2
40 96 1
15 87 1
6 107 1
10 185 1
17 22 2
29 53 2
4 52 2
21 73 2
11 25 2
41 68 1
27 163 2
26 51 2
46 169 1
5 17 2
37 67 1
4 24 2
12 14 2
23 78 1
53 145 2
38 137 1
53 59 2
30 109 1
27 44 2
3 162 1
7 103 2
8 27 2
54 132 2
59 74 1
3 20 2
8 157 1
60 103 1
42 56 2
23 137 1
5 89 1
26 187 2
15 75 1
13 40 2
36 131 2
9 171 1
40 161 2
6 40 2
10 144 1
30 119 1
4 120 2
60 61 2
1 74 1
17 182 2
50 125 2
50 54 2
2 10 2
25 133 1
0 18 2
58 177 2
61 99 1
49 85 2
58 127 1
3 77 1
23 89 1
39 141 1
6 137 1
33 89 1
51 153 1
10 38 2
3 32 2
40 179 1
57 181 1
29 178 2
15 108 1
6 126 1
37 99 1
45 123 1
14 72 1
18 120 2
23 156 1
18 34 2
5 77 2
47 157 1
62 147 2
21 167 1
22 176 1
45 127 2
5 120 1
43 189 2
6 46 2
9 127 2
38 41 2
8 101 1
29 46 2
42 175 2
5 90 1
25 46 2
18 146 2
48 62 2
31 103 1
50 105 1
21 119 1
10 181 1
57 95 1
0 136 2
30 53 2
54 77 2
39 106 1
13 76 1
20 175 2
1 31 2
12 155 2
47 125 2
11 55 2
12 48 2
37 170 2
45 119 1
5 46 2
6 28 2
21 44 2
21 169 1
8 141 1
14 58 2
62 142 1
27 31 2
22 116 2
15 172 1
15 143 1
19 102 1
37 50 2
4 41 2
29 160 2
12 20 2
49 142 1
7 97 1
26 112 1
19 62 2
41 171 1
1 92 1
49 59 2
3 118 2
15 81 1
33 79 2
46 163 1
55 56 2
32 104 1
29 166 1
58 163 1
35 59 2
60 122 2
18 180 1
15 47 2
60 76 1
8 57 2
1 101 1
31 182 1
15 90 2
1 62 2
18 43 2
30 168 2
33 167 2
13 60 2
5 115 1
10 132 1
13 174 1
12 52 2
2 154 2
39 104 2
39 69 2
24 180 1
56 70 1
37 173 2
2 52 2
25 138 1
2 12 2
25 43 2
5 144 1
8 180 2
48 177 1
11 152 2
15 164 1
48 56 2
41 121 1
20 131 2
21 33 2
8 72 1
14 48 2
13 169 1
24 137 2
53 76 1
6 111 2
0 20 2
37 54 2
48 55 2
4 80 2
47 113 1
3 44 2
25 158 1
3 85 2
51 150 1
6 114 1
24 86 1
9 153 1
37 45 2
53 110 1
5 170 1
56 180 1
50 165 1
54 98 2
53 78 1
30 169 1
19 101 1
0 85 1
21 30 2
22 63 1
35 96 1
40 139 1
18 117 2
4 118 2
53 54 2
16 96 1
61 143 2
42 71 1
40 124 1
7 72 1
27 62 2
39 147 1
1 179 2
2 81 2
55 181 1
42 72 1
48 49 2
8 89 1
26 121 2
45 168 1
10 34 2
1 140 1
10 156 1
51 107 1
9 45 2
23 44 2
56 72 2
30 189 1
39 93 2
43 111 1
61 133 1
23 45 2
40 45 2
18 28 2
40 183 1
8 16 2
58 81 1
3 157 1
34 174 1
15 53 2
3 42 2
25 57 2
34 79 1
4 151 2
3 110 1
17 117 1
14 34 2
9 47 2
35 83 1
59 132 1
21 161 2
3 179 1
47 159 1
44 60 2
23 168 1
19 44 2
34 106 1
54 177 1
10 130 2
53 174 2
23 176 1
30 45 2
41 48 2
31 154 2
36 128 2
9 117 1
19 41 2
18 81 2
22 70 1
19 139 2
59 154 1
11 51 2
60 120 1
22 58 2
41 183 1
31 92 1
54 174 2
34 98 1
14 45 2
7 9 2
20 45 2
58 125 2
24 168 2
20 135 1
13 104 2
42 95 1
12 157 1
54 86 2
59 69 1
35 99 2
20 61 2
44 117 1
16 19 2
31 173 2
54 92 1
60 155 1
32 36 2
60 89 1
7 27 2
22 122 1
19 110 2
20 24 2
53 66 1
17 150 2
0 150 2
10 105 1
3 23 2
56 71 1
27 184 1
18 173 1
38 57 2
57 187 2
29 176 1
49 162 2
23 182 1
27 96 2
0 138 1
27 54 2
53 71 1
17 137 1
18 22 2
59 137 1
24 122 2
43 62 2
53 111 2
33 171 1
31 163 2
9 53 2
6 81 2
24 176 1
27 122 1
34 156 2
51 135 2
25 134 2
12 22 2
24 44 2
58 174 1
4 139 2
32 120 1
1 48 2
1 26 2
26 158 1
2 68 1
9 28 2
3 71 1
16 42 2
38 43 2
7 155 1
39 132 1
8 90 1
39 61 2
19 72 1
24 149 2
33 119 1
46 55 2
1 47 2
52 173 1
19 158 1
22 103 1
48 58 2
7 11 2
4 61 2
28 37 2
57 134 2
17 56 2
5 68 1
20 137 1
36 78 1
58 147 1
41 155 2
35 169 1
1 67 1
46 119 2
16 72 1
16 46 2
50 173 2
13 32 2
53 146 1
1 46 2
32 33 2
1 52 2
35 125 1
51 71 1
21 59 2
17 170 1
40 133 1
12 75 1
43 88 2
17 152 2
29 68 1
19 48 2
30 151 1
17 149 2
7 46 2
24 117 2
61 91 2
46 59 2
15 88 1
21 22 2
51 160 1
13 87 1
13 26 2
55 136 2
52 59 2
17 133 1
1 24 2
26 189 1
0 133 1
38 66 2
15 110 2
8 28 2
22 29 2
25 137 1
19 56 2
9 84 2
40 47 2
17 92 2
50 97 1
6 138 1
58 89 2
47 62 2
53 82 1
28 29 2
36 116 2
54 85 2
7 51 2
5 36 2
7 8 2
27 136 1
1 114 2
35 82 2
44 98 2
42 63 1
6 61 2
32 188 1
23 60 2
38 129 1
16 89 1
12 117 1
32 110 1
33 38 2
58 114 1
33 179 2
0 145 1
32 143 1
11 30 2
19 86 2
14 53 2
32 173 1
46 157 1
37 126 1
56 105 1
27 89 1
3 46 2
33 90 2
35 104 1
21 86 1
36 46 2
11 57 2
43 151 1
3 34 2
40 59 2
6 121 1
49 166 2
10 143 1
13 167 2
24 53 2
28 185 2
13 147 1
3 126 1
41 56 2
9 189 1
1 145 2
40 167 1
28 134 1
14 106 1
28 143 2
12 153 1
39 155 1
26 146 2
41 169 1
0 4 2
41 106 1
0 163 2
53 154 2
29 132 1
59 94 1
2 41 2
34 81 2
49 67 1
48 88 1
49 78 1
15 69 1
10 101 2
53 94 1
30 134 1
10 138 2
58 124 1
6 124 2
52 123 1
49 101 1
38 185 1
18 48 2
5 82 1
5 72 2
3 159 1
43 44 2
32 105 1
1 44 2
28 141 1
21 42 2
20 23 2
18 62 2
51 101 1
5 122 1
55 141 1
19 111 1
24 54 2
42 59 2
12 187 1
33 168 1
40 145 1
42 171 1
17 158 2
1 180 2
49 149 2
47 96 2
52 92 1
30 105 1
56 139 1
0 155 2
15 173 1
7 32 2
41 131 2
8 24 2
26 171 1
40 46 2
38 49 2
57 78 2
62 108 1
39 45 2
34 53 2
34 82 1
7 187 1
13 120 1
4 8 2
35 78 2
54 151 1
51 159 2
50 184 2
30 132 1
3 152 1
36 127 1
26 128 1
47 151 1
3 43 2
24 50 2
11 18 2
20 27 2
21 75 1
19 182 2
30 161 1
18 145 1
2 143 1
9 121 2
8 26 2
41 80 2
9 184 2
6 45 2
47 84 1
36 41 2
5 126 1
51 164 1
7 59 2
52 185 2
5 167 1
43 124 1
29 170 2
38 83 1
51 182 2
4 50 2
39 74 1
41 134 1
46 145 1
12 82 2
47 127 2
32 42 2
37 60 2
58 115 1
52 139 1
47 117 1
33 112 1
59 100 1
34 138 1
20 44 2
46 62 2
20 88 1
49 72 1
45 81 1
55 91 1
34 50 2
20 160 1
47 71 2
7 44 2
52 116 1
4 165 2
22 35 2
44 171 1
33 118 2
6 76 2
21 28 2
5 169 1
60 189 1
25 98 1
33 184 1
11 124 1
17 180 1
20 58 2
12 132 1
7 10 2
2 3 2
17 34 2
7 43 2
20 71 1
20 172 2
11 143 1
5 50 2
8 145 2
48 162 1
48 121 1
23 102 2
28 59 2
29 82 1
16 134 1
22 145 1
0 123 1
54 165 1
3 25 2
19 130 1
54 184 1
8 185 2
16 186 2
45 88 1
5 61 2
4 147 1
48 112 1
1 182 1
42 51 2
41 69 1
6 10 2
45 140 1
0 3 2
35 133 1
26 147 2
48 96 1
7 39 2
36 155 1
45 143 1
4 45 2
34 60 2
29 36 2
30 142 1
8 25 2
10 153 2
1 123 1
45 55 2
35 101 1
4 23 2
48 145 2
57 143 1
50 96 2
24 150 1
18 56 2
5 102 1
20 51 2
13 188 1
52 183 2
47 188 1
7 66 1
13 22 2
31 58 2
44 186 2
15 106 1
50 112 1
52 63 1
48 136 2
10 35 2
12 129 1
56 86 2
15 43 2
10 73 1
52 111 1
28 168 2
28 102 2
13 75 2
11 170 1
61 168 1
44 52 2
3 135 1
62 173 2
31 63 2
11 41 2
25 153 2
19 172 1
25 99 2
24 38 2
10 140 1
27 172 2
23 93 1
43 49 2
8 13 2
56 128 1
18 55 2
58 117 1
37 146 1
42 145 2
19 155 2
52 62 2
16 23 2
61 95 1
53 157 1
24 57 2
33 186 1
13 48 2
27 110 1
33 103 2
11 83 2
8 113 2
18 78 1
28 116 1
48 126 2
47 52 2
8 179 1
37 112 1
10 94 2
51 183 2
27 101 1
5 187 1
53 140 1
55 171 2
35 148 2
9 131 1
1 175 2
34 103 2
3 142 1
17 144 1
58 110 1
5 119 1
26 85 2
29 77 1
3 16 2
40 52 2
43 176 2
30 78 2
7 151 1
14 41 2
60 80 1
18 162 1
0 54 2
13 93 2
12 188 1
33 73 2
3 103 2
48 114 1
18 33 2
38 59 2
19 125 1
5 8 2
34 78 2
9 161 1
18 129 1
29 175 1
60 91 2
62 64 2
15 141 1
37 187 1
0 177 1
35 122 2
21 110 2
6 178 1
36 42 2
26 44 2
25 93 1
2 58 2
2 133 1
19 75 1
58 100 1
56 147 1
42 170 1
55 178 2
0 94 1
45 181 1
23 150 2
25 89 2
43 66 1
36 129 1
52 58 2
48 149 1
38 105 2
44 133 2
44 56 2
18 165 1
55 105 2
60 90 1
20 181 2
30 62 2
12 102 2
2 20 2
33 67 2
53 165 2
16 80 2
24 34 2
54 185 2
26 69 1
37 120 2
60 185 2
9 43 2
55 88 1
19 119 1
34 39 2
20 54 2
41 164 1
37 175 2
9 146 1
35 118 1
1 181 2
18 90 1
20 57 2
17 52 2
29 121 1
28 44 2
59 166 1
9 64 2
7 85 1
38 93 1
18 94 2
5 151 2
10 123 1
45 69 1
56 63 2
14 36 2
11 109 1
28 167 1
24 61 2
7 146 1
48 160 1
49 58 2
49 63 1
15 35 2
37 184 2
40 170 2
0 61 2
4 64 1
48 83 2
0 30 2
33 139 2
8 127 1
18 31 2
62 135 1
3 151 2
59 119 1
43 179 1
25 75 1
35 97 1
7 147 1
2 71 1
34 57 2
28 105 1
56 151 1
14 51 2
4 5 2
39 42 2
21 24 2
11 54 2
59 72 1
19 50 2
21 173 1
13 69 1
0 41 2
45 187 1
10 134 2
20 125 1
49 60 2
61 124 1
48 67 1
44 101 2
27 113 2
3 133 1
34 68 2
15 61 2
25 35 2
47 79 2
27 88 2
52 101 1
41 87 1
56 92 1
17 104 1
59 65 1
3 128 1
49 177 1
28 35 2
20 96 1
14 17 2
54 64 2
43 155 1
22 167 2
19 188 1
25 81 1
2 184 2
17 134 1
6 181 1
31 167 2
6 43 2
44 106 2
43 70 1
11 50 2
48 87 1
34 140 1
4 91 2
6 83 1
12 128 1
49 150 2
12 51 2
20 164 2
51 63 2
12 42 2
10 121 2
8 48 2
38 71 1
54 147 1
32 108 1
25 126 1
21 117 2
33 155 1
62 120 2
26 77 1
9 183 1
31 96 1
44 110 1
17 35 2
49 84 1
52 117 1
20 31 2
17 111 2
50 94 2
7 64 2
50 63 1
46 79 2
6 158 1
52 82 2
54 129 1
13 37 2
57 176 1
39 139 2
8 189 1
23 109 2
17 61 2
41 52 2
22 55 2
2 61 2
12 39 2
48 71 1
29 137 1
0 11 2
13 96 1
39 114 1
53 136 1
29 79 1
46 116 2
4 150 1
3 84 1
37 141 1
10 82 2
53 175 1
6 112 2
54 82 1
15 60 2
51 100 2
34 35 2
11 158 2
10 79 2
46 164 1
49 176 2
39 170 2
32 165 1
7 22 2
18 80 1
27 36 2
23 33 2
56 112 1
16 30 2
20 21 2
38 175 1
12 180 1
12 29 2
4 124 1
10 126 2
14 170 2
30 59 2
6 12 2
4 60 2
22 170 1
10 55 2
52 79 1
21 107 1
22 37 2
8 18 2
55 100 1
47 174 1
54 148 1
47 123 2
23 39 2
21 164 1
50 155 2
55 61 2
7 158 1
0 5 2
52 81 1
22 57 2
28 150 2
18 178 2
39 153 1
22 34 2
28 98 2
6 131 1
11 48 2
49 127 2
14 38 2
25 77 1
14 83 1
54 75 1
45 136 1
58 87 1
6 152 1
12 56 2
59 118 2
46 106 1
26 100 2
21 54 2
16 51 2
38 44 2
0 104 2
4 73 1
39 52 2
48 99 2
51 110 1
15 36 2
25 85 2
14 177 1
19 161 2
24 161 1
44 140 2
24 174 2
38 87 1
35 137 1
11 174 1
13 173 2
25 116 2
26 149 2
17 33 2
16 59 2
61 112 1
54 163 1
32 48 2
55 172 1
59 62 2
39 151 1
61 102 1
21 132 2
17 19 2
50 101 1
2 170 1
30 107 1
51 155 1
39 85 1
0 119 1
28 104 1
49 170 1
53 87 2
2 189 2
19 47 2
45 142 2
24 116 1
50 82 2
51 61 2
21 135 2
0 99 1
0 39 2
44 150 2
28 112 1
38 183 1
49 100 1
52 156 2
16 163 1
59 101 1
39 120 2
10 21 2
38 103 1
24 69 2
33 98 1
14 112 1
10 90 1
0 90 1
22 132 1
47 143 2
6 123 2
7 141 2
12 16 2
56 187 2
44 143 1
18 151 2
41 125 2
41 173 2
44 63 2
51 76 1
36 100 1
58 160 2
5 24 2
57 112 1
29 69 1
57 157 1
8 118 1
29 40 2
43 55 2
28 117 2
33 117 2
29 145 1
5 91 1
47 160 1
19 183 1
15 27 2
26 42 2
9 155 1
8 47 2
52 153 1
59 89 1
25 146 2
14 131 2
42 121 1
33 133 1
14 37 2
31 105 1
0 110 1
36 37 2
4 89 1
55 182 1
19 108 1
42 109 1
27 71 2
15 28 2
38 133 1
25 129 2
41 153 1
8 29 2
20 103 2
23 70 2
61 153 1
10 122 1
37 81 1
12 68 1
1 75 1
50 180 1
57 59 2
23 88 2
15 187 1
30 97 1
25 55 2
18 122 2
59 179 2
0 6 2
2 21 2
29 147 1
6 134 1
29 103 1
43 103 1
3 61 2
17 102 2
12 30 2
30 85 2
26 86 1
60 170 1
34 90 1
50 145 2
2 106 1
51 60 2
54 137 1
43 168 1
33 71 1
18 121 1
11 86 1
35 142 2
19 174 1
30 167 1
25 29 2
7 135 1
26 54 2
3 49 2
2 176 1
0 93 1
44 55 2
24 52 2
49 94 2
22 153 1
8 71 1
17 26 2
30 184 2
11 121 1
52 73 1
7 19 2
25 164 1
54 166 2
59 152 2
26 66 1
35 174 1
44 152 1
10 16 2
29 70 1
25 47 2
27 182 2
6 102 1
19 37 2
25 68 1
19 149 1
12 80 1
61 105 1
34 122 1
47 90 2
19 92 1
16 119 2
41 85 2
1 125 1
39 171 2
47 150 1
33 116 1
13 136 1
4 74 2
12 118 1
51 88 2
51 143 2
27 87 1
38 134 1
43 106 2
31 75 1
36 150 1
48 165 2
20 48 2
21 170 2
45 117 1
25 50 2
1 133 2
15 94 1
5 56 2
41 186 1
43 91 1
0 96 2
34 48 2
9 175 1
12 53 2
47 147 1
3 123 1
61 188 1
1 22 2
49 62 2
14 24 2
10 50 2
13 55 2
10 113 1
42 147 2
38 148 1
39 51 2
29 95 1
3 83 1
49 51 2
61 119 1
36 176 2
17 159 2
33 108 2
15 41 2
2 80 2
4 97 1
44 127 1
3 187 1
13 172 1
11 75 2
2 49 2
24 160 1
43 158 1
9 66 1
33 173 1
55 167 1
17 86 2
41 63 1
49 73 2
10 43 2
9 87 1
11 166 2
35 163 2
1 78 2
59 116 2
51 180 1
26 161 1
0 157 1
40 85 1
4 132 1
31 135 1
49 128 1
44 156 1
52 74 1
32 181 1
23 159 1
38 121 1
62 100 1
32 65 1
10 63 1
62 84 1
14 73 1
15 165 1
49 135 1
5 52 2
61 107 1
30 179 2
49 188 2
55 118 1
6 58 2
9 35 2
50 131 2
60 135 1
60 116 1
37 186 1
46 65 2
47 172 2
50 95 1
4 68 1
11 140 2
23 79 1
25 88 2
6 20 2
44 149 2
44 175 1
32 85 2
43 121 2
28 71 2
6 140 1
51 69 1
19 80 1
7 182 1
2 121 2
51 187 1
61 150 1
35 71 2
34 131 1
9 125 2
14 66 1
17 129 1
0 55 2
54 164 2
0 53 2
16 110 1
34 171 1
49 155 1
22 41 2
62 168 1
50 92 1
16 79 1
10 23 2
25 32 2
34 163 2
15 142 1
25 56 2
25 49 2
52 132 2
21 157 2
14 101 1
0 26 2
43 74 1
11 189 1
7 53 2
46 171 1
27 125 1
30 173 1
23 72 1
22 154 2
19 143 2
56 69 1
33 59 2
35 151 1
0 7 2
12 147 1
26 83 1
8 21 2
19 189 1
18 36 2
10 127 2
57 81 2
9 56 2
32 130 1
3 120 2
9 51 2
27 146 1
29 49 2
18 54 2
9 134 2
15 58 2
56 171 1
29 34 2
15 63 2
49 143 1
18 134 1
9 11 2
45 49 2
2 62 2
30 66 1
60 119 1
23 181 1
42 90 2
28 162 1
62 187 1
16 130 2
22 109 1
37 61 2
11 12 2
35 164 1
58 92 1
18 159 2
8 55 2
10 46 2
55 124 1
20 89 1
36 189 2
23 136 1
36 63 1
8 54 2
56 97 1
18 147 1
49 103 2
15 70 1
9 186 1
51 139 1
20 47 2
44 61 2
46 51 2
0 63 1
32 80 1
10 13 2
7 71 1
0 58 2
20 156 2
40 182 2
55 149 1
54 57 2
16 97 1
35 90 2
50 115 1
3 48 2
49 120 2
8 41 2
26 111 1
4 27 2
6 169 2
37 135 1
6 184 1
28 36 2
41 128 1
34 175 1
60 85 1
17 29 2
5 7 2
14 87 1
43 96 1
13 43 2
1 118 1
14 21 2
4 96 2
31 146 1
8 9 2
34 126 1
24 170 1
46 168 1
41 143 2
37 113 1
53 102 1
24 146 2
22 77 2
11 26 2
29 50 2
8 138 1
24 179 1
21 40 2
18 46 2
7 119 1
44 121 1
59 136 1
31 144 1
25 45 2
20 65 2
1 121 2
35 186 2
12 78 1
38 99 1
57 79 1
62 178 1
3 53 2
62 82 2
51 54 2
8 12 2
25 33 2
16 122 1
11 110 2
49 126 1
61 140 1
23 107 1
3 9 2
6 32 2
16 56 2
5 42 2
55 57 2
48 94 1
33 172 1
37 43 2
53 133 1
10 188 1
25 53 2
8 15 2
26 184 1
25 157 1
32 155 1
61 176 2
47 54 2
5 164 2
41 109 1
57 87 1
1 146 1
27 29 2
16 117 1
31 34 2
34 125 1
38 158 2
5 112 1
25 66 2
35 147 1
2 73 2
5 114 1
2 164 1
23 47 2
39 152 1
38 146 1
5 49 2
20 77 2
34 40 2
4 145 2
49 125 2
6 104 1
18 58 2
40 180 1
10 39 2
17 99 1
49 156 2
47 133 1
2 127 1
29 123 2
1 106 1
30 70 1
10 157 1
53 122 1
18 67 1
55 131 1
15 133 2
4 72 1
3 12 2
22 38 2
20 37 2
14 143 1
21 55 2
46 82 1
54 153 2
54 101 2
36 48 2
25 30 2
23 133 1
2 148 1
45 172 1
47 155 1
53 186 1
59 188 1
21 56 2
17 60 2
49 55 2
1 165 1
42 182 2
2 9 2
8 184 2
2 86 1
31 122 2
48 172 1
23 26 2
23 160 1
32 174 1
57 123 2
27 34 2
12 167 1
25 147 1
40 48 2
12 55 2
45 154 2
18 49 2
0 56 2
13 52 2
23 27 2
12 116 1
14 123 2
21 25 2
7 169 1
44 66 1
22 138 1
14 150 1
26 49 2
19 97 1
34 104 1
28 187 1
47 81 2
43 54 2
13 153 1
27 38 2
15 66 1
49 97 1
40 56 2
24 40 2
4 56 2
0 78 2
54 116 1
50 79 1
36 97 2
57 146 1
47 186 1
10 129 1
9 88 1
50 146 1
10 136 1
40 58 2
0 128 1
13 18 2
33 164 1
55 156 1
42 168 1
9 75 1
44 183 1
15 74 2
45 183 1
35 77 1
58 66 2
1 9 2
30 67 1
20 33 2
11 24 2
30 41 2
34 159 2
13 123 2
22 59 2
37 59 2
37 73 2
30 103 1
29 38 2
13 152 1
40 116 1
38 172 1
26 89 2
62 166 1
46 137 1
60 64 1
22 50 2
22 73 1
30 166 2
52 67 1
2 51 2
61 179 1
49 89 2
53 109 2
28 121 1
4 42 2
20 149 1
28 62 2
49 169 1
43 137 2
59 122 1
7 181 2
9 14 2
43 92 2
10 91 2
13 185 1
8 114 2
48 63 1
22 69 2
32 77 1
53 137 1
32 157 2
8 159 2
1 65 1
18 171 2
30 36 2
5 165 1
39 41 2
18 47 2
43 130 2
6 56 2
52 171 1
6 98 2
25 140 2
30 47 2
5 20 2
46 58 2
12 57 2
28 97 1
54 146 1
59 183 1
1 20 2
11 137 1
44 176 1
45 176 1
3 189 1
11 120 1
53 74 1
39 105 1
1 154 1
26 110 1
33 76 2
52 181 2
58 189 2
15 32 2
22 92 1
2 82 1
44 144 1
12 41 2
9 31 2
27 152 2
5 93 1
31 161 1
5 9 2
14 85 2
6 147 2
34 118 1
28 53 2
18 163 1
14 124 1
21 58 2
21 37 2
20 148 1
28 45 2
16 146 1
35 140 2
29 133 2
26 152 2
32 97 2
4 25 2
8 38 2
7 186 2
28 52 2
57 140 1
45 112 1
51 123 2
22 169 1
37 38 2
15 76 1
50 107 2
21 23 2
37 40 2
23 46 2
8 35 2
40 138 1
46 54 2
27 53 2
52 129 1
53 108 2
41 54 2
14 126 2
44 132 1
54 118 1
5 110 1
9 68 1
17 18 2
27 121 1
24 37 2
47 49 2
50 133 1
9 185 1
60 144 2
7 161 1
44 155 2
25 141 1
26 185 1
61 73 1
47 105 1
36 39 2
32 158 1
46 120 1
53 188 1
52 53 2
25 67 1
10 164 1
26 142 2
23 30 2
46 152 1
11 138 1
28 48 2
22 67 1
25 80 2
14 52 2
8 49 2
57 178 1
35 80 2
21 79 1
9 142 1
54 56 2
16 31 2
13 143 2
0 107 1
50 108 2
23 53 2
51 108 1
57 69 2
33 169 1
13 53 2
36 186 1
56 186 1
18 101 1
37 48 2
11 58 2
36 107 1
0 126 1
61 181 1
26 81 1
27 43 2
23 94 1
19 135 1
8 176 2
3 30 2
21 134 1
45 171 1
2 32 2
62 89 1
59 146 1
56 170 2
7 34 2
15 168 1
30 135 1
34 115 2
19 36 2
58 122 1
15 107 1
4 102 1
54 69 1
60 62 2
35 131 1
17 87 2
19 146 1
56 95 1
17 76 1
48 80 2
49 64 1
48 89 1
38 45 2
14 135 1
26 52 2
16 45 2
53 158 1
51 84 2
20 128 1
0 34 2
56 172 1
32 67 2
14 27 2
40 156 1
45 155 2
18 61 2
38 150 1
26 136 2
33 60 2
4 58 2
29 140 1
25 69 1
12 13 2
54 111 2
45 76 2
16 63 1
4 183 1
62 92 1
11 53 2
38 160 1
42 119 2
45 124 2
37 123 1
6 50 2
61 98 1
43 161 2
38 186 1
9 180 1
25 27 2
28 142 2
3 15 2
37 155 2
33 82 1
19 20 2
5 16 2
57 80 2
54 161 2
27 170 1
8 50 2
13 20 2
36 141 2
3 134 1
11 65 1
23 179 1
26 37 2
9 148 1
56 126 1
36 165 1
24 139 1
11 144 2
20 142 2
22 156 1
24 110 1
6 156 1
55 89 1
16 101 1
37 110 2
53 106 2
32 75 2
58 171 1
23 183 1
38 61 2
26 170 1
20 166 1
41 122 1
11 187 1
21 147 1
13 101 1
5 107 2
56 173 2
18 92 1
25 183 1
11 69 2
53 177 1
22 76 1
18 156 2
8 76 1
15 17 2
51 89 1
60 166 2
14 16 2
2 46 2
38 68 2
4 36 2
4 113 1
40 169 1
19 83 1
38 92 1
3 37 2
34 59 2
2 60 2
57 89 1
43 75 1
29 127 2
3 22 2
37 107 2
15 103 1
60 111 1
23 43 2
10 173 2
19 27 2
18 164 1
45 179 2
45 79 2
12 38 2
41 83 1
17 40 2
9 102 1
4 9 2
2 6 2
61 141 1
51 165 1
22 106 1
45 180 2
9 85 1
8 170 1
17 30 2
44 48 2
18 88 2
14 50 2
2 56 2
18 184 2
0 154 1
50 86 2
62 86 2
11 133 1
5 87 2
19 93 2
26 176 1
36 81 1
16 50 2
13 127 2
45 104 1
5 99 1
53 58 2
23 69 2
8 11 2
15 120 1
49 175 1
23 140 1
40 80 2
11 157 1
8 62 2
25 28 2
26 47 2
9 52 2
16 53 2
21 104 2
6 51 2
35 127 1
1 189 2
54 58 2
8 136 2
42 65 2
11 56 2
15 57 2
41 92 1
13 73 1
17 24 2
28 76 2
6 39 2
23 24 2
10 99 1
58 165 2
44 185 2
48 161 2
16 25 2
60 108 1
11 14 2
29 90 1
12 40 2
56 141 1
4 177 1
25 111 2
44 163 2
31 134 1
60 82 1
32 133 1
20 151 1
27 78 2
9 128 1
32 52 2
17 36 2
29 66 1
16 58 2
16 182 1
52 134 2
11 135 1
60 128 2
39 70 2
56 115 1
55 77 2
41 159 1
39 83 2
56 93 2
32 60 2
26 172 1
0 16 2
56 118 2
15 38 2
7 68 2
40 50 2
59 174 1
15 51 2
47 100 1
4 39 2
35 132 1
39 131 1
13 72 1
34 105 1
46 179 1
35 41 2
38 164 2
9 126 2
8 174 1
37 53 2
30 124 1
6 161 1
60 94 1
20 126 1
54 142 1
26 143 1
8 177 1
17 188 1
16 138 1
34 155 2
14 23 2
10 167 1
52 144 2
14 136 1
36 161 2
14 62 2
41 144 2
5 161 1
32 46 2
0 165 2
34 151 1
41 123 1
21 94 2
23 112 1
50 51 2
36 133 1
14 28 2
7 173 1
1 28 2
50 187 2
26 41 2
29 187 2
3 148 2
47 142 1
21 176 1
26 180 1
26 61 2
33 174 2
16 33 2
28 99 1
22 48 2
6 19 2
39 169 1
0 106 2
28 82 2
26 130 1
58 60 2
22 83 1
40 68 1
42 57 2
3 132 1
58 119 1
11 17 2
36 65 1
36 79 1
62 169 1
15 119 1
5 134 2
29 126 2
26 103 1
35 40 2
0 178 1
39 67 1
6 78 1
32 35 2
35 145 1
13 45 2
59 182 1
24 72 2
42 159 1
44 50 2
0 76 2
27 178 1
28 38 2
38 100 1
16 166 1
9 25 2
34 142 1
35 74 2
53 80 2
13 131 1
15 54 2
29 185 2
61 165 2
39 48 2
20 158 1
30 170 2
36 38 2
55 58 2
44 189 2
36 136 1
57 103 2
26 137 1
35 139 1
54 113 1
36 163 2
28 43 2
8 92 1
6 60 2
5 143 1
46 60 2
55 125 1
39 188 2
19 73 1
46 122 2
50 178 2
2 100 2
11 76 2
6 37 2
25 62 2
41 89 2
14 65 2
15 157 1
35 81 1
8 36 2
23 66 2
9 130 2
50 59 2
55 165 1
50 72 1
39 119 2
28 51 2
34 75 1
35 92 1
24 29 2
5 139 2
60 162 2
42 98 2
16 174 1
14 140 1
18 100 1
54 94 2
36 54 2
5 182 1
4 137 1
10 142 1
52 175 2
35 109 1
27 185 1
16 81 2
1 54 2
34 96 1
12 92 1
34 37 2
32 180 2
55 123 2
48 129 1
31 45 2
36 47 2
37 49 2
16 69 2
11 186 1
37 109 1
41 78 1
43 145 1
57 174 1
17 116 1
7 162 1
31 67 1
1 99 2
33 140 1
22 32 2
61 75 1
31 129 2
28 75 1
41 161 2
22 62 2
15 45 2
2 167 2
57 62 2
28 32 2
28 109 2
11 146 2
27 126 1
4 55 2
35 126 2
43 47 2
22 66 2
57 165 1
26 101 2
29 161 2
51 126 2
2 111 2
42 47 2
47 124 2
52 95 2
58 132 1
59 134 1
14 82 2
39 94 2
51 93 1
27 123 1
62 66 2
58 128 1
7 189 1
55 134 1
23 157 1
62 154 2
42 82 1
16 125 1
61 80 1
36 132 1
28 94 1
23 173 2
29 32 2
35 47 2
62 144 1
47 182 1
23 146 2
47 184 2
62 146 1
0 40 2
1 81 1
60 96 1
9 154 1
31 160 1
37 47 2
1 19 2
41 76 2
27 158 2
9 40 2
3 33 2
36 170 1
21 124 1
39 163 1
3 108 1
30 136 1
40 142 1
34 46 2
33 51 2
41 53 2
40 79 1
54 104 2
17 68 2
24 184 1
1 141 1
11 167 2
58 104 2
39 102 1
4 75 1
58 151 1
55 140 2
0 65 1
0 137 1
59 77 1
10 19 2
0 140 1
12 114 1
19 65 2
12 158 1
17 172 1
30 40 2
31 121 2
8 99 1
43 141 1
51 103 1
19 39 2
51 81 1
52 106 1
21 48 2
33 154 2
16 47 2
27 74 1
0 47 2
57 169 1
21 116 2
8 34 2
26 157 1
13 47 2
20 60 2
21 129 2
36 124 1
8 69 1
22 136 1
5 31 2
9 57 2
16 40 2
12 133 1
51 163 2
28 128 1
53 141 1
3 72 1
51 142 1
11 92 2
16 62 2
2 83 1
5 159 1
55 122 1
62 143 1
20 167 2
18 35 2
7 36 2
9 17 2
19 24 2
16 57 2
1 83 2
0 9 2
33 52 2
6 44 2
24 127 1
1 73 1
39 124 2
8 10 2
7 144 1
42 189 2
42 140 2
59 123 1
54 107 1
50 128 1
54 65 1
0 17 2
18 45 2
11 13 2
11 127 1
34 152 1
1 171 1
51 149 1
43 56 2
41 113 2
30 54 2
60 112 2
25 90 1
58 157 1
32 83 1
30 174 2
19 45 2
7 40 2
34 170 1
10 95 1
38 173 2
24 133 1
59 73 1
40 109 2
32 59 2
8 121 2
53 123 1
17 171 2
11 37 2
4 16 2
12 172 1
18 111 1
36 72 1
42 161 2
25 34 2
20 29 2
6 27 2
60 153 1
12 31 2
44 170 1
50 127 2
62 114 1
32 164 1
47 136 2
24 177 1
26 84 1
46 68 1
22 175 2
18 106 2
10 179 1
59 141 1
60 164 2
54 155 1
38 171 1
18 187 1
54 182 2
59 184 2
22 161 2
32 62 2
50 102 1
58 93 1
39 158 1
54 183 2
35 58 2
12 50 2
17 167 2
38 138 1
35 48 2
47 60 2
22 84 2
7 54 2
38 132 1
5 184 1
57 161 1
4 86 2
13 168 1
42 91 2
0 141 1
28 57 2
23 76 2
41 45 2
3 180 2
53 103 2
14 47 2
43 188 1
33 185 1
32 135 1
4 105 1
27 52 2
48 73 1
34 124 1
12 105 1
13 142 1
9 112 1
11 136 1
50 123 1
45 56 2
10 98 1
18 123 1
2 159 2
3 24 2
8 91 1
14 121 1
59 126 1
37 143 1
16 168 1
11 155 1
41 135 1
29 74 1
58 130 1
54 157 1
42 46 2
19 151 2
41 103 1
0 24 2
41 137 1
30 33 2
12 45 2
20 91 1
48 93 1
10 93 1
0 134 1
7 15 2
26 60 2
22 102 1
39 186 1
28 33 2
41 139 1
34 61 2
2 25 2
61 90 1
28 182 1
22 100 2
57 75 1
3 35 2
7 166 1
54 59 2
5 32 2
8 110 1
24 157 2
6 153 2
54 120 1
25 155 2
34 133 1
40 121 1
47 108 1
35 52 2
19 31 2
57 129 1
32 178 1
8 30 2
12 184 2
1 21 2
19 116 1
16 35 2
45 54 2
2 59 2
33 94 1
36 98 1
3 98 1
1 7 2
39 149 2
3 51 2
5 73 2
10 24 2
4 163 1
25 91 1
6 171 2
62 185 1
41 58 2
5 75 1
12 131 1
7 57 2
9 97 2
13 61 2
44 90 1
57 100 1
52 110 2
19 79 1
57 110 1
3 158 1
54 67 1
36 162 1
32 162 1
1 25 2
51 99 1
14 142 1
35 117 1
56 101 1
17 84 1
60 172 1
25 154 1
11 44 2
53 176 1
58 121 1
30 65 1
15 86 2
25 86 1
4 104 1
23 155 2
38 156 2
31 123 2
57 179 1
48 147 1
22 72 1
19 184 1
12 125 2
19 22 2
25 73 1
33 143 2
46 104 2
57 147 1
0 25 2
57 98 2
48 151 1
12 181 2
1 132 1
35 176 2
6 129 2
42 115 2
40 64 1
41 114 1
17 177 1
19 53 2
19 132 1
11 97 1
15 109 1
58 164 2
44 159 1
62 72 2
40 162 1
4 158 1
9 169 1
24 152 1
37 97 1
58 161 1
0 127 1
34 112 1
24 45 2
31 69 1
51 156 1
47 114 2
29 186 2
16 91 2
20 59 2
8 64 1
33 58 2
16 107 1
43 90 2
7 132 1
5 117 1
10 56 2
62 118 1
17 175 2
49 99 1
57 121 1
27 111 1
6 34 2
56 189 1
60 110 1
32 96 1
61 84 1
9 114 1
15 131 1
30 165 2
13 134 2
2 16 2
10 117 2
18 115 1
27 72 1
3 113 1
42 55 2
47 110 1
52 91 1
16 143 1
24 130 2
23 41 2
18 153 1
18 30 2
2 44 2
7 183 1
9 93 1
41 42 2
17 43 2
3 117 1
48 154 1
15 101 2
28 186 1
42 45 2
50 130 1
2 8 2
22 42 2
27 164 1
17 178 1
20 50 2
50 77 2
13 159 2
44 93 2
19 150 1
8 93 2
23 34 2
62 117 2
23 96 2
42 60 2
38 60 2
43 167 2
54 159 1
32 57 2
9 48 2
38 89 1
21 160 1
32 113 1
8 142 2
39 144 2
32 161 2
51 87 2
8 134 1
12 15 2
61 147 1
5 94 1
25 178 1
23 48 2
13 126 1
28 174 2
59 78 1
4 29 2
33 162 1
36 87 2
4 40 2
0 13 2
59 117 1
7 62 2
36 156 1
15 115 2
56 142 1
18 142 1
61 113 1
7 102 1
11 184 1
37 128 2
38 177 2
1 53 2
37 44 2
11 27 2
6 160 1
21 140 1
2 50 2
11 72 2
7 131 1
2 174 2
41 179 2
38 189 1
14 113 1
7 58 2
36 119 2
32 51 2
59 163 1
10 165 1
8 119 2
46 176 2
2 122 2
44 74 1
24 71 2
0 23 2
41 61 2
30 42 2
3 143 1
36 52 2
27 61 2
9 139 2
4 161 1
59 99 1
22 23 2
6 159 2
23 87 1
39 80 1
56 182 1
32 84 2
42 85 1
3 75 1
6 176 1
42 125 1
29 80 2
15 150 1
55 144 1
9 111 1
56 68 1
53 69 1
17 63 2
7 24 2
26 115 1
59 169 1
16 39 2
10 17 2
4 174 1
26 113 1
43 73 2
28 91 2
55 121 2
29 78 1
44 123 1
60 159 1
1 142 2
57 65 1
8 75 2
39 86 2
6 48 2
51 92 1
22 44 2
49 68 2
16 88 1
37 108 2
54 127 2
54 78 1
30 34 2
10 29 2
38 147 1
22 166 1
27 77 2
52 154 1
25 59 2
52 184 1
56 159 1
9 27 2
37 171 1
7 31 2
20 92 1
9 23 2
15 25 2
5 154 2
0 48 2
13 148 1
27 28 2
39 50 2
27 103 1
32 118 2
57 167 2
28 74 1
17 146 1
39 137 1
1 107 2
47 68 1
53 127 2
12 163 1
53 160 2
28 107 1
27 141 1
21 92 1
7 42 2
33 68 1
13 41 2
57 156 1
47 118 1
45 52 2
13 175 2
62 116 1
20 123 1
53 62 2
61 178 1
31 49 2
46 160 1
15 52 2
3 87 1
10 114 2
12 81 2
41 151 1
31 127 1
11 134 1
6 16 2
1 117 1
9 46 2
18 175 1
3 136 1
57 160 1
13 89 1
20 55 2
46 172 1
49 158 1
2 31 2
4 48 2
17 173 1
28 64 1
36 146 1
31 51 2
12 54 2
1 60 2
32 107 1
28 58 2
9 59 2
52 159 1
25 184 1
44 67 1
43 86 1
15 160 1
22 45 2
30 98 1
15 21 2
46 151 1
50 110 2
6 180 1
1 86 1
31 177 1
19 181 2
10 159 1
22 114 1
42 50 2
33 86 1
12 21 2
10 107 2
19 118 1
34 110 1
22 182 1
57 182 2
19 38 2
55 151 2
19 160 2
17 157 2
24 167 1
1 32 2
43 149 1
33 50 2
36 123 1
28 34 2
18 82 1
0 122 2
21 88 1
46 188 1
25 64 1
6 21 2
50 137 2
16 106 1
58 175 2
36 82 2
3 127 1
38 114 2
32 128 1
26 163 1
34 85 1
18 37 2
5 149 1
62 158 1
37 157 2
10 155 1
61 186 1
36 126 2
22 71 1
21 175 1
45 60 2
13 81 1
60 105 2
26 156 2
33 125 1
6 54 2
4 154 2
21 141 1
26 188 2
38 86 1
1 59 2
28 40 2
62 160 2
42 108 2
11 42 2
13 65 1
16 104 1
12 74 2
34 71 1
9 120 1
53 81 1
34 102 2
20 36 2
15 163 1
51 94 2
4 116 2
35 154 2
40 189 1
34 65 2
12 36 2
20 133 2
6 139 1
1 166 1
3 186 2
7 180 1
4 59 2
39 134 1
3 164 1
0 42 2
10 183 1
12 49 2
22 107 2
52 177 1
51 53 2
47 93 2
11 85 1
12 62 2
1 95 2
43 53 2
31 42 2
39 150 2
0 121 2
33 35 2
10 68 2
18 110 2
18 160 1
31 73 1
17 47 2
23 106 1
50 164 1
51 75 1
30 185 2
55 85 1
18 166 1
46 165 1
53 179 1
2 169 2
39 59 2
4 114 1
47 178 1
57 144 2
7 18 2
0 14 2
31 119 1
37 68 1
32 47 2
8 128 1
33 42 2
2 27 2
28 129 1
20 38 2
31 156 1
46 110 1
61 65 1
4 13 2
0 84 1
11 89 1
62 174 2
15 121 1
25 48 2
47 161 2
49 113 2
19 137 1
31 62 2
38 96 1
22 112 1
53 162 2
3 147 1
5 96 1
13 112 1
20 138 1
28 47 2
61 170 1
28 106 2
9 49 2
0 44 2
25 63 1
59 83 1
14 156 1
44 115 1
32 185 1
43 150 2
13 34 2
13 42 2
24 141 2
40 163 1
1 13 2
24 151 2
21 162 1
24 30 2
40 151 2
42 58 2
53 120 2
37 79 2
4 173 1
17 183 1
0 66 1
49 168 1
7 163 2
9 129 1
36 110 2
9 166 2
10 152 1
51 131 2
7 49 2
45 165 2
39 49 2
13 88 2
55 126 2
23 40 2
19 55 2
58 178 2
60 136 2
60 143 1
7 65 1
47 139 1
38 63 2
1 120 1
41 88 1
31 143 1
16 60 2
17 181 1
33 170 1
43 93 1
46 81 1
25 122 2
11 23 2
29 57 2
16 142 2
4 92 2
16 74 2
51 177 2
9 188 2
35 157 2
56 80 1
17 31 2
13 155 1
18 85 2
53 143 2
7 184 1
9 95 1
27 167 1
32 94 2
5 38 2
34 116 1
45 118 1
35 66 2
12 164 2
36 180 1
51 52 2
34 168 1
27 57 2
2 128 2
43 175 2
3 5 2
22 163 1
48 187 2
50 141 2
44 167 1
36 56 2
36 101 1
40 122 1
1 160 1
4 28 2
32 34 2
0 27 2
48 72 1
17 80 1
16 100 1
35 160 2
40 61 2
51 77 1
45 80 2
57 131 1
44 108 1
22 47 2
26 144 2
53 183 1
0 118 2
7 116 1
23 25 2
4 144 1
16 136 1
30 131 1
18 38 2
4 155 2
53 65 1
10 18 2
15 132 2
17 39 2
51 128 1
19 94 1
55 162 2
26 139 1
60 124 1
22 40 2
10 120 2
55 74 1
19 186 1
19 100 1
23 177 2
43 131 2
60 154 2
51 72 1
41 47 2
33 182 1
48 107 2
20 115 2
30 35 2
1 57 2
40 101 2
44 92 2
23 58 2
54 175 2
8 172 2
16 148 1
29 61 2
23 57 2
3 105 1
33 40 2
25 103 2
10 36 2
18 112 1
49 105 2
16 181 1
36 57 2
56 121 1
54 179 1
40 135 2
36 77 1
11 15 2
43 117 1
21 43 2
33 163 1
2 11 2
39 90 1
13 163 1
10 51 2
33 37 2
12 177 1
0 57 2
4 46 2
37 118 1
5 84 1
39 66 1
40 108 1
11 21 2
20 22 2
18 40 2
31 150 1
30 55 2
31 159 2
13 63 1
48 59 2
56 91 1
18 89 1
14 42 2
15 135 1
18 27 2
3 183 1
44 172 1
39 58 2
24 106 1
50 159 2
59 90 2
34 44 2
5 88 1
25 188 2
43 122 1
13 156 1
23 84 1
15 158 1
12 37 2
30 187 1
4 10 2
14 43 2
46 111 1
9 78 1
44 72 1
26 53 2
52 158 2
42 144 1
59 175 1
41 163 1
16 102 2
13 130 1
45 63 1
9 99 2
22 60 2
57 119 1
14 134 2
42 101 1
52 146 2
39 62 2
51 178 2
56 148 1
2 40 2
3 156 1
51 132 2
25 84 1
6 8 2
62 145 1
8 152 1
15 181 1
47 86 1
46 86 1
25 148 1
48 132 1
1 30 2
8 182 2
23 64 1
7 179 1
28 55 2
51 59 2
1 80 2
12 140 1
50 70 2
30 182 2
52 103 1
56 156 2
47 173 2
11 176 2
52 54 2
12 76 1
21 52 2
33 61 2
20 39 2
13 36 2
37 165 1
47 167 1
3 140 2
31 109 1
25 60 2
19 30 2
34 64 1
48 106 1
51 95 1
31 101 1
12 109 1
56 88 1
13 49 2
4 164 1
23 164 2
15 20 2
50 93 1
36 181 2
56 104 2
42 62 2
20 75 2
6 9 2
11 93 1
17 46 2
28 42 2
49 106 2
33 69 2
31 95 1
24 123 1
48 90 1
7 170 1
0 59 2
47 97 1
43 142 1
41 111 1
1 12 2
0 167 1
50 60 2
42 88 1
15 59 2
61 92 1
44 161 1
54 108 2
51 179 1
0 125 2
17 90 2
29 86 2
18 76 1
39 53 2
24 56 2
13 107 2
52 131 1
42 77 1
8 83 1
34 52 2
9 115 1
35 170 1
46 178 1
7 156 1
42 155 2
49 185 1
0 144 2
19 103 1
6 63 1
37 62 2
38 139 1
47 102 1
41 71 2
49 180 1
2 87 1
19 84 1
49 123 2
1 40 2
27 186 1
18 133 2
31 107 1
18 91 1
10 20 2
4 167 1
45 156 1
11 81 1
27 168 1
34 91 1
52 98 1
38 95 1
48 50 2
8 66 1
0 83 2
28 46 2
24 118 2
42 162 2
4 17 2
31 108 2
13 67 2
47 164 1
49 174 1
27 139 1
36 83 2
1 126 1
3 119 1
51 138 1
25 114 1
9 55 2
17 141 1
43 97 2
53 152 1
24 131 1
27 91 1
19 177 1
42 66 1
9 67 2
30 58 2
10 64 2
1 35 2
17 135 1
9 71 1
23 119 1
14 174 1
28 132 1
2 45 2
3 73 1
8 45 2
22 149 2
58 69 2
16 75 1
16 111 1
17 64 1
50 117 1
27 102 1
36 130 1
53 61 2
47 73 1
43 173 2
22 185 1
13 74 1
54 117 1
6 173 2
19 162 2
53 107 1
52 84 2
2 156 1
34 36 2
23 51 2
30 49 2
33 165 2
3 13 2
59 142 1
19 142 1
37 178 2
4 90 2
57 97 1
49 118 1
8 137 1
4 152 1
15 105 1
40 160 1
52 165 2
59 113 2
49 161 1
52 86 1
18 137 2
40 105 2
37 41 2
2 178 2
24 92 2
61 68 2
34 88 1
54 123 2
24 169 2
27 188 1
21 111 1
38 42 2
46 129 1
10 182 1
24 39 2
18 21 2
55 93 1
22 51 2
40 102 1
27 55 2
38 119 2
26 59 2
4 135 1
5 51 2
6 85 1
59 68 1
19 69 1
17 106 2
42 156 2
52 143 1
4 157 1
3 55 2
46 149 2
27 98 1
55 137 1
18 170 1
47 104 1
60 177 1
12 70 1
40 175 2
33 144 1
48 184 2
36 159 1
50 67 1
5 135 1
41 95 2
26 175 1
16 54 2
47 87 2
9 41 2
45 100 1
49 136 2
42 78 2
10 71 2
59 128 1
60 152 1
38 76 1
39 111 1
16 21 2
20 85 2
62 96 1
50 56 2
44 168 1
61 148 1
24 47 2
11 188 2
41 43 2
18 157 1
17 119 1
5 34 2
24 140 1
7 60 2
14 179 1
54 158 1
57 83 1
13 179 2
46 185 1
35 108 1
48 65 1
50 53 2
23 121 2
6 174 1
38 81 1
6 165 2
38 70 2
45 177 2
19 76 2
59 110 1
25 175 1
1 51 2
49 86 2
53 60 2
42 110 1
34 73 2
60 160 1
16 43 2
18 51 2
32 115 1
40 81 1
32 139 1
36 174 1
37 92 1
6 80 2
58 90 1
51 118 1
12 35 2
26 43 2
60 67 1
48 150 2
39 75 2
44 51 2
18 53 2
15 91 2
16 137 1
26 168 1
47 77 1
3 114 1
13 57 2
46 177 1
11 131 1
12 33 2
38 143 1
4 71 2
12 174 1
38 111 1
41 99 1
48 61 2
24 163 2
58 155 1
28 108 1
9 110 1
25 121 2
52 163 1
45 185 1
35 37 2
45 97 1
60 72 2
1 108 1
2 173 2
2 65 1
41 185 2
41 182 1
12 34 2
12 32 2
4 32 2
2 165 1
42 141 1
19 154 1
38 51 2
31 40 2
11 126 2
28 175 2
16 133 1
42 49 2
2 186 1
14 63 1
5 146 1
62 113 2
32 55 2
17 23 2
38 102 1
30 57 2
8 32 2
25 145 1
9 42 2
17 44 2
54 106 1
3 137 1
50 57 2
5 27 2
59 80 1
51 141 1
32 74 2
20 41 2
56 67 2
46 141 1
38 126 2
39 179 1
16 77 2
11 68 2
5 60 2
27 56 2
52 75 2
47 116 1
9 20 2
45 110 1
6 135 2
62 152 1
6 18 2
15 112 1
13 83 1
23 49 2
43 153 1
27 124 1
44 158 1
50 176 1
29 59 2
37 181 1
8 79 2
36 58 2
14 110 1
51 85 1
16 92 1
24 55 2
45 77 1
37 39 2
8 175 1
3 40 2
53 171 1
20 99 2
60 157 1
52 76 1
50 143 2
13 132 2
61 142 1
14 25 2
54 119 1
46 156 2
36 89 1
14 46 2
44 137 2
22 43 2
34 169 1
20 95 1
21 108 1
15 93 2
38 124 2
12 27 2
39 180 1
15 129 2
50 156 1
28 49 2
31 166 1
0 2 2
50 183 1
46 138 2
3 59 2
10 76 1
6 87 2
41 59 2
58 97 1
58 158 2
34 77 1
55 155 1
21 102 1
9 174 2
48 152 1
54 149 1
38 107 1
16 135 1
16 78 2
7 16 2
32 88 1
35 44 2
1 50 2
5 11 2
11 160 1
10 48 2
61 66 2
12 43 2
36 94 2
52 55 2
31 158 2
0 117 1
19 104 1
7 149 1
37 168 2
21 182 1
47 175 2
6 120 1
5 62 2
49 95 1
3 14 2
34 136 1
3 68 1
51 65 1
0 86 1
31 126 1
44 54 2
48 174 2
32 73 1
5 13 2
38 75 1
2 36 2
1 11 2
6 7 2
0 21 2
41 142 1
11 172 2
18 23 2
14 35 2
31 97 2
19 26 2
33 97 1
34 74 1
11 70 1
34 51 2
39 178 1
17 58 2
40 73 1
30 176 1
1 6 2
12 19 2
7 175 1
46 97 1
5 30 2
19 123 1
34 146 2
2 181 2
38 84 1
24 104 2
1 130 1
18 186 1
40 159 2
4 14 2
8 44 2
26 132 2
19 107 1
46 71 2
27 58 2
51 158 2
36 75 1
24 91 1
33 138 1
22 110 1
18 64 1
20 185 2
47 158 1
27 80 1
60 139 2
5 116 2
52 69 1
14 33 2
38 39 2
39 56 2
44 47 2
16 151 2
49 181 2
13 125 1
22 165 1
42 97 1
31 104 2
20 173 1
5 130 1
15 83 2
7 172 2
26 122 1
14 163 1
32 71 1
36 102 1
41 44 2
62 77 2
0 12 2
31 145 1
42 80 2
31 61 2
57 148 2
49 112 2
3 21 2
33 85 1
32 44 2
60 115 1
32 58 2
50 75 1
24 105 2
3 172 2
0 91 2
15 30 2
51 56 2
41 82 1
5 47 2
5 166 1
34 47 2
38 58 2
43 182 1
61 88 1
22 131 1
15 40 2
47 168 1
56 132 1
8 43 2
40 188 2
12 168 1
43 50 2
47 176 1
60 184 1
24 144 1
38 149 1
1 76 2
57 141 1
0 151 2
59 139 1
44 76 2
45 64 1
19 91 1
24 109 1
9 170 2
7 14 2
55 114 1
59 60 2
52 64 1
23 143 1
2 102 1
46 140 1
31 72 2
53 167 1
39 123 1
14 122 1
48 163 2
41 187 1
48 53 2
35 120 1
30 133 1
38 162 2
7 20 2
1 23 2
25 176 1
40 154 1
27 47 2
31 52 2
36 61 2
36 91 2
41 67 1
17 28 2
31 102 2
53 164 1
23 55 2
47 179 1
1 17 2
13 102 2
55 97 2
13 38 2
36 49 2
55 163 2
30 79 2
2 179 1
46 182 1
22 146 1
19 29 2
18 118 2
23 134 1
27 46 2
16 18 2
43 104 1
40 76 2
25 131 1
3 122 2
21 127 1
22 178 2
52 60 2
16 44 2
24 48 2
1 100 1
61 137 1
9 70 1
17 110 2
28 77 1
12 148 1
5 128 1
28 153 1
0 188 2
18 24 2
28 145 1
1 167 1
29 33 2
11 95 2
36 167 2
10 52 2
46 174 2
24 89 1
37 90 2
6 65 1
45 93 2
58 170 2
50 100 2
51 80 2
60 176 1
33 63 1
21 100 1
22 65 1
0 36 2
24 36 2
61 157 1
0 92 1
36 60 2
2 77 2
49 159 1
62 104 2
61 175 1
32 54 2
39 101 1
2 37 2
62 189 1
33 187 1
0 132 1
16 20 2
23 118 1
62 69 2
50 160 1
8 33 2
42 61 2
2 99 1
46 76 1
37 145 1
23 63 1
9 13 2
44 146 1
62 105 1
24 121 1
29 87 1
17 69 2
21 61 2
14 32 2
50 129 1
16 128 2
19 105 2
55 177 1
44 95 2
17 32 2
29 84 1
16 34 2
52 149 1
54 55 2
52 102 2
52 121 1
19 40 2
13 29 2
8 65 2
31 66 1
17 109 1
30 32 2
27 106 1
21 152 1
53 168 1
4 51 2
34 101 2
33 91 1
31 114 2
10 160 2
1 4 2
52 96 1
3 125 2
21 47 2
11 116 1
30 171 1
32 152 1
6 33 2
59 162 1
31 99 2
30 177 1
41 46 2
25 118 1
6 93 2
2 142 1
60 168 1
13 15 2
10 186 1
6 15 2
40 71 2
55 170 2
9 62 2
36 93 1
45 83 1
32 189 1
5 171 1
35 93 1
35 76 2
61 64 1
11 73 2
42 153 1
19 117 1
51 117 1
43 146 1
12 18 2
14 69 1
7 165 1
2 94 2
47 82 1
0 32 2
0 87 1
55 67 2
35 88 2
8 153 1
1 144 2
26 120 2
1 58 2
41 81 1
8 166 1
40 125 1
50 126 1
18 189 1
49 189 1
38 85 2
6 179 1
12 160 2
20 42 2
33 45 2
14 15 2
47 70 1
31 79 2
17 123 1
37 164 2
3 47 2
22 49 2
42 126 2
12 142 1
37 85 1
31 48 2
3 11 2
0 28 2
2 147 1
6 141 1
4 37 2
49 139 1
36 111 1
2 66 1
49 65 2
44 151 1
53 91 1
17 165 2
43 163 2
10 49 2
7 88 2
43 87 1
11 32 2
42 139 2
6 71 1
33 183 1
32 124 2
29 52 2
4 107 1
59 145 1
4 34 2
25 26 2
54 88 1
10 40 2
2 92 2
20 90 1
30 51 2
25 108 1
1 49 2
4 99 2
28 136 1
55 129 2
48 124 1
0 49 2
57 142 2
22 117 1
0 173 1
35 87 1
1 55 2
4 26 2
23 151 2
50 175 1
2 101 1
18 135 1
19 32 2
24 31 2
25 110 1
20 189 2
17 91 1
17 54 2
35 62 2
45 84 1
52 169 1
11 63 1
7 84 2
54 95 1
26 148 1
17 51 2
26 162 1
4 47 2
13 59 2
40 43 2
12 23 2
52 138 2
3 62 2
40 70 1
18 52 2
8 117 2
45 109 2
23 175 2
15 19 2
34 178 2
8 162 1
58 107 1
54 125 2
34 129 1
45 46 2
0 175 2
46 131 2
46 80 2
40 166 1
29 167 1
17 37 2
50 58 2
29 31 2
12 122 1
31 124 2
49 98 2
23 174 1
0 131 2
47 121 1
11 153 1
6 99 1
31 136 2
4 93 2
39 122 1
50 171 1
23 36 2
40 62 2
34 147 1
50 135 1
40 127 2
17 42 2
55 153 1
47 107 1
20 28 2
37 121 1
10 141 1
40 128 2
6 110 2
62 68 1
9 122 2
0 38 2
59 92 1
57 124 2
10 41 2
60 181 1
10 187 1
13 183 2
23 29 2
45 120 1
36 120 1
2 149 1
45 107 1
38 109 2
62 80 1
59 61 2
58 68 1
54 99 1
62 180 1
26 181 1
54 168 2
15 114 1
55 154 1
42 81 2
15 125 1
42 54 2
46 108 1
11 98 2
2 151 1
39 98 1
24 158 1
9 158 2
60 84 1
1 56 2
62 76 1
37 115 1
1 77 1
6 145 1
43 61 2
19 147 1
16 180 1
14 20 2
4 70 1
60 138 1
5 123 1
9 50 2
38 130 1
60 98 1
6 62 2
16 28 2
5 155 1
8 58 2
37 71 1
20 56 2
5 41 2
1 15 2
24 159 1
8 98 2
2 116 1
0 169 2
43 166 1
53 70 2
23 187 1
37 87 1
0 159 1
46 98 1
30 178 1
26 57 2
18 155 1
21 105 1
6 94 1
25 31 2
25 71 1
22 101 1
7 105 1
43 152 1
52 118 1
45 90 1
27 137 2
51 176 2
29 58 2
42 89 1
58 183 2
28 154 1
42 173 2
10 37 2
17 154 2
1 163 1
7 50 2
4 18 2
16 184 2
50 124 1
10 14 2
47 85 1
35 152 1
45 153 1
51 145 2
37 46 2
7 99 1
11 45 2
9 145 1
16 24 2
27 171 1
12 59 2
0 160 1
56 62 2
48 84 1
60 175 2
32 56 2
37 147 1
5 39 2
56 61 2
5 76 1
39 146 1
17 25 2
12 104 1
28 96 1
27 70 2
48 169 1
49 182 1
29 30 2
49 134 1
9 165 2
22 173 1
62 129 1
45 157 2
26 95 1
48 52 2
24 77 1
11 52 2
14 99 2
52 136 1
37 176 1
46 153 2
47 80 2
26 133 1
42 64 1
60 88 1
2 17 2
5 178 1
45 78 1
42 152 1
14 98 2
47 50 2
33 36 2
20 112 1
6 17 2
20 104 1
16 26 2
62 119 1
36 92 2
18 161 2
15 49 2
15 72 1
35 79 2
36 125 2
56 134 1
62 131 1
47 61 2
11 132 2
11 130 1
37 91 1
55 143 1
26 39 2
3 8 2
6 24 2
28 100 1
33 53 2
62 75 1
56 111 2
37 152 2
3 165 2
58 99 2
3 111 1
14 173 1
49 172 2
33 150 1
53 173 1
15 67 1
28 183 1
54 141 2
0 82 1
7 140 1
7 29 2
62 99 2
56 140 2
15 140 2
49 52 2
44 135 1
42 135 1
59 168 1
40 131 1
32 82 1
5 23 2
18 84 2
62 155 2
24 28 2
34 119 1
56 107 2
9 65 1
51 67 1
52 68 1
40 54 2
16 52 2
24 128 1
12 65 1
41 51 2
30 145 1
25 58 2
60 75 1
60 151 1
37 100 2
14 184 1
11 103 2
8 115 2
57 107 1
3 90 1
47 94 1
37 132 1
8 84 1
56 162 1
49 91 2
21 146 1
31 43 2
38 168 1
28 169 1
11 102 1
15 162 2
49 137 2
40 115 1
19 21 2
25 163 1
35 143 1
21 184 1
57 77 1
27 37 2
58 187 2
62 161 2
22 160 2
57 92 1
40 129 2
21 81 1
16 87 1
40 53 2
53 57 2
1 135 2
8 61 2
19 88 1
2 15 2
9 54 2
55 160 1
20 124 1
14 77 1
32 40 2
59 131 1
52 93 1
56 177 2
28 39 2
54 114 1
41 168 1
17 55 2
49 164 1
9 80 1
1 158 1
15 24 2
51 162 1
2 187 1
19 74 1
18 69 2
62 67 2
38 170 1
31 76 2
5 156 2
57 136 2
42 53 2
62 175 1
44 68 1
41 77 2
32 131 1
61 108 2
14 183 1
10 26 2
47 98 2
11 128 1
13 64 2
18 74 1
52 187 2
0 143 2
54 60 2
11 20 2
4 121 1
29 72 1
29 39 2
22 164 1
59 151 1
60 63 1
5 138 1
34 56 2
31 142 1
61 139 2
7 75 1
59 79 1
18 60 2
5 70 2
17 153 1
38 122 1
56 136 1
35 106 2
12 162 2
42 87 1
9 100 1
44 187 1
45 72 1
18 126 1
36 173 1
50 132 1
1 38 2
21 177 1
30 123 2
39 77 1
58 65 2
11 82 1
57 93 1
3 69 1
50 62 2
45 61 2
13 51 2
0 101 2
13 146 1
0 166 1
6 167 1
4 142 1
45 57 2
48 125 1
38 159 1
3 26 2
53 68 1
49 61 2
54 72 2
11 148 1
6 157 1
41 62 2
2 135 1
27 30 2
37 98 1
36 104 1
58 172 1
16 61 2
34 172 1
40 41 2
22 78 2
30 102 2
47 134 1
50 69 1
21 41 2
35 63 2
27 118 1
56 127 1
25 74 2
22 94 1
38 52 2
34 154 1
60 169 1
22 172 1
12 99 2
48 164 2
39 47 2
21 133 2
13 95 1
11 35 2
2 14 2
13 184 1
2 39 2
39 55 2
35 113 1
41 175 1
16 152 1
60 130 1
45 147 1
4 181 1
60 83 1
37 55 2
38 110 1
40 168 2
38 166 1
8 37 2
27 39 2
12 123 1
25 165 2
26 28 2
61 125 2
21 174 1
37 106 1
9 124 1
57 137 1
52 105 1
29 138 1
24 154 1
22 24 2
57 115 2
53 84 1
57 64 1
36 148 1
9 116 1
55 180 1
23 152 2
6 69 1
33 149 1
4 185 2
54 61 2
1 162 1
35 64 2
24 93 1
15 48 2
15 42 2
43 170 2
20 130 1
35 119 2
41 157 1
10 80 1
33 44 2
12 115 1
3 169 1
12 26 2
40 155 2
7 52 2
60 165 1
1 2 2
54 152 1
5 28 2
31 106 1
15 127 2
8 187 1
20 34 2
38 56 2
10 131 1
24 43 2
30 38 2
12 47 2
42 136 2
7 154 1
44 45 2
55 99 1
39 88 2
7 130 1
37 42 2
20 176 1
31 172 1
49 171 2
28 61 2
25 107 1
27 92 2
37 158 2
39 148 1
32 119 1
22 52 2
58 82 1
21 87 1
55 87 1
31 53 2
1 29 2
33 128 1
22 174 1
31 141 1
40 186 1
35 39 2
44 129 1
10 168 1
1 37 2
27 130 1
2 26 2
6 108 1
14 30 2
29 64 2
48 179 1
23 35 2
45 71 2
4 35 2
2 29 2
7 142 2
49 57 2
12 44 2
56 73 2
30 93 1
52 125 1
15 153 2
33 159 2
62 130 1
25 162 1
16 121 1
6 35 2
5 136 1
3 6 2
58 154 1
19 34 2
18 63 1
17 151 1
23 62 2
21 189 2
43 138 1
26 140 1
6 77 2
50 140 2
10 178 1
39 46 2
21 74 1
21 188 2
52 104 1
58 62 2
8 14 2
14 71 2
23 38 2
24 88 2
9 39 2
23 28 2
29 41 2
19 145 2
24 41 2
5 53 2
43 57 2
44 157 1
53 101 1
27 90 2
20 73 2
37 125 2
24 178 2
2 57 2
12 141 1
61 69 1
31 94 1
58 118 1
31 125 1
54 63 2
32 41 2
24 51 2
8 51 2
16 144 1
7 12 2
58 138 1
16 85 2
48 77 1
17 160 1
60 178 2
44 141 1
3 19 2
16 17 2
2 47 2
24 186 1
10 22 2
2 172 1
12 79 1
24 94 2
34 45 2
5 150 1
1 113 2
26 98 2
47 59 2
2 35 2
62 163 1
29 189 1
45 68 1
56 188 1
49 107 1
31 64 1
42 188 1
34 89 2
62 109 2
5 54 2
23 145 2
18 143 1
20 118 1
44 136 1
32 140 2
5 6 2
29 54 2
1 18 2
6 103 1
20 132 1
50 121 1
14 161 1
8 74 1
15 62 2
54 138 1
42 137 1
37 95 1
37 80 2
57 127 1
40 49 2
54 100 2
17 184 1
9 113 1
28 31 2
29 48 2
46 130 1
44 124 1
23 123 2
46 143 1
48 167 2
21 36 2
20 87 1
2 85 1
6 100 2
40 165 1
41 180 2
22 53 2
62 181 1
12 171 1
3 4 2
12 138 1
46 103 1
0 64 1
3 168 1
30 146 1
46 83 1
27 132 1
37 151 1
0 43 2
0 183 1
43 147 2
33 43 2
60 100 1
14 61 2
11 156 2
4 12 2
60 104 1
42 111 1
47 56 2
13 56 2
0 35 2
4 11 2
21 99 1
61 132 2
28 118 1
21 136 1
47 48 2
47 166 2
3 63 2
26 166 2
52 189 1
28 56 2
23 52 2
26 159 1
46 126 1
57 172 1
43 109 1
46 121 2
20 52 2
14 31 2
22 184 1
39 127 1
28 139 1
41 50 2
6 177 2
7 113 1
55 117 1
14 70 1
59 64 1
6 14 2
4 30 2
31 70 1
50 64 1
48 157 1
22 25 2
10 44 2
25 42 2
17 57 2
45 184 1
44 126 1
39 103 1
60 133 1
51 109 1
3 66 2
40 123 1
14 79 2
46 105 1
50 153 1
33 126 1
10 72 1
9 98 1
33 49 2
15 98 1
10 189 1
12 173 1
12 60 2
49 88 2
42 103 1
25 189 2
11 104 1
36 152 1
6 154 1
32 43 2
17 53 2
42 127 1
15 175 1
57 175 1
43 120 1
5 142 1
29 51 2
9 94 1
13 24 2
52 174 1
20 86 1
3 28 2
8 95 2
2 108 2
18 172 1
29 55 2
8 60 2
6 186 2
2 34 2
15 111 1
24 65 2
19 60 2
1 16 2
26 27 2
10 47 2
40 77 1
19 57 2
4 98 1
13 111 1
48 105 1
27 159 1
38 73 1
12 139 1
0 105 1
22 155 1
1 151 1
54 176 2
49 138 2
44 82 1
5 37 2
19 61 2
41 96 1
3 116 2
46 112 1
17 107 1
3 10 2
59 93 2
2 144 1
22 135 1
41 97 2
43 113 1
32 184 1
3 185 1
22 26 2
28 144 2
8 154 1
57 61 2
27 40 2
57 73 1
13 154 1
62 171 2
23 54 2
57 150 2
26 40 2
51 154 2
61 85 2
62 167 1
40 99 1
29 45 2
31 115 2
47 115 1
27 151 1
48 122 1
10 119 1
13 46 2
1 176 1
1 5 2
57 84 1
51 112 1
22 111 1
34 120 1
49 110 1
24 90 1
54 134 2
13 35 2
56 138 1
6 11 2
59 186 1
28 158 1
58 120 2
52 108 2
20 111 1
61 155 2
4 162 1
17 83 1
7 25 1
16 109 2
61 162 1
39 133 2
20 32 1
26 87 2
3 184 1
32 61 1
25 52 1
14 44 1
36 50 1
10 27 1
64 140 2
37 105 1
35 36 1
13 50 1
16 139 2
23 31 1
87 90 1
58 105 2
94 170 1
56 58 1
68 90 1
16 22 1
27 94 2
9 137 1
6 73 2
47 156 2
39 40 1
16 64 1
41 49 1
50 162 1
57 68 2
90 145 1
31 50 1
140 156 2
