% n=110 p=33 d=0.66 p_blue=0.66
% k=0
19 49 2
10 11 2
29 76 2
11 90 2
30 85 2
10 97 2
2 22 2
21 49 1
2 62 2
25 29 2
4 53 2
24 106 2
13 93 2
7 105 2
0 31 2
18 35 2
32 65 1
10 38 1
35 63 2
0 56 2
7 100 1
18 74 2
0 6 2
26 41 2
11 44 2
8 12 2
8 102 2
20 75 2
23 57 2
24 26 2
26 86 1
34 81 1
9 56 1
21 75 2
24 38 2
36 43 1
0 77 2
28 65 2
13 48 2
22 104 2
14 42 1
36 48 2
24 28 2
27 61 1
1 4 2
17 42 2
17 102 2
7 20 2
15 19 2
16 58 2
3 24 2
21 43 1
23 58 1
25 72 2
6 16 2
32 35 2
13 25 2
32 41 1
8 32 2
14 40 2
3 15 2
6 52 1
4 99 2
4 61 1
10 31 2
11 48 1
8 43 1
5 90 2
13 47 2
3 25 2
0 48 2
8 58 2
7 19 2
20 95 2
23 99 2
11 28 2
25 104 2
18 55 2
25 40 1
28 90 1
3 60 2
13 45 2
12 107 2
22 47 1
4 59 1
7 32 2
15 51 2
21 61 2
2 106 2
2 3 2
36 58 2
15 27 2
24 105 2
23 88 2
22 30 2
27 79 1
23 96 2
5 98 2
14 73 2
9 91 2
4 107 1
6 11 2
8 82 1
28 85 1
33 83 2
32 75 2
0 8 2
36 61 1
13 43 1
13 99 2
10 67 1
29 81 2
18 80 1
12 69 2
33 91 2
29 101 2
0 66 1
8 35 2
28 100 2
36 97 2
35 51 2
20 28 2
27 77 2
11 46 2
2 43 2
7 81 2
8 72 2
17 45 1
20 23 2
6 65 2
28 53 2
2 65 2
35 57 1
31 57 2
27 64 2
4 104 2
3 64 1
18 52 1
6 72 2
1 22 2
20 68 2
27 40 2
35 50 1
33 76 2
30 68 2
28 109 1
33 40 1
13 24 2
21 29 2
13 50 2
35 67 1
23 75 2
0 86 1
9 67 1
33 94 2
22 34 2
23 94 2
6 67 2
5 78 2
18 63 1
4 56 1
14 19 2
16 78 1
33 85 1
35 48 2
10 27 2
31 71 2
17 31 2
15 50 2
2 15 2
10 44 2
16 28 2
7 24 2
13 82 1
17 23 2
22 42 1
36 105 2
27 53 2
10 21 2
2 104 2
0 74 1
32 86 2
2 91 2
30 104 2
0 83 2
4 64 1
17 68 2
23 33 2
4 23 2
35 87 2
7 58 2
27 31 2
16 107 2
4 66 2
1 20 2
18 28 2
4 19 2
34 48 2
12 81 2
35 95 2
5 84 2
27 46 2
30 35 2
14 87 1
19 45 1
20 32 2
17 55 1
5 108 2
35 39 2
4 100 2
6 49 2
31 107 2
22 48 2
19 83 2
3 68 2
26 32 2
27 49 2
8 96 2
7 82 1
1 66 2
30 31 2
9 71 2
7 108 2
24 80 1
35 104 2
18 69 1
28 50 2
10 34 2
11 12 2
34 97 2
27 38 1
36 68 1
4 103 2
35 108 1
36 62 2
3 11 2
29 52 2
5 71 2
31 94 2
13 105 2
1 27 2
10 20 2
8 95 2
24 71 2
31 103 2
8 21 2
30 80 2
28 41 1
8 91 2
29 31 2
13 71 2
14 35 2
33 101 2
11 108 1
12 96 1
14 48 1
17 27 2
17 32 2
14 27 2
13 17 2
13 56 2
24 92 2
36 85 1
3 71 2
8 61 1
7 21 2
16 83 2
17 97 2
0 64 2
5 76 1
13 34 2
26 33 2
8 44 1
25 56 2
6 71 2
34 36 2
0 51 2
5 16 2
26 109 1
21 94 2
25 26 2
11 59 2
3 9 2
20 47 2
17 41 2
7 51 2
12 30 2
16 45 2
33 92 2
1 99 2
11 74 1
11 69 2
11 52 1
18 53 1
3 100 2
29 90 1
3 107 1
18 31 2
5 75 2
1 48 1
22 95 2
23 107 1
20 72 2
25 82 2
24 84 2
32 33 2
36 93 2
15 64 1
1 16 2
1 44 2
7 65 2
4 30 2
3 13 2
34 50 1
2 94 2
14 96 2
16 86 1
13 107 1
10 58 2
19 29 2
17 94 2
12 77 2
1 25 2
10 75 1
20 101 2
26 28 2
32 108 2
2 90 1
8 28 2
2 78 2
5 74 1
30 46 2
35 45 2
25 95 2
10 18 2
18 81 2
33 87 2
12 48 2
33 100 2
1 49 2
25 35 2
22 102 2
0 60 1
14 98 2
1 75 2
30 56 1
20 77 1
35 90 2
15 104 1
1 68 2
6 105 2
22 108 2
23 31 2
8 42 2
22 91 1
14 41 2
10 36 2
5 100 1
20 76 2
16 85 1
29 73 2
15 60 2
4 28 2
0 34 2
32 74 2
20 21 2
7 94 2
18 51 1
13 91 2
16 29 2
30 72 2
30 33 2
27 37 1
21 54 1
31 69 2
5 19 2
4 78 2
6 32 2
9 97 1
15 65 2
16 89 2
3 102 1
0 29 2
24 45 2
15 24 2
34 52 1
10 12 2
17 67 2
35 70 1
18 20 2
0 17 2
16 64 1
25 79 1
14 43 2
31 81 2
27 32 2
26 64 2
19 76 2
31 53 2
19 59 2
32 87 1
7 13 2
29 100 2
17 35 2
20 64 2
19 96 1
32 94 2
3 101 1
1 8 2
7 99 2
19 66 2
12 58 2
29 87 2
5 29 2
12 104 2
24 56 2
5 32 2
2 98 1
2 86 2
26 40 2
23 66 2
7 75 2
21 95 2
16 71 2
9 104 2
25 94 1
32 107 2
24 85 1
36 64 2
36 76 2
34 109 2
12 64 2
1 97 1
28 89 2
0 2 2
0 37 1
31 96 2
24 102 2
22 27 2
33 77 2
20 93 2
21 41 2
34 102 2
13 90 2
30 48 1
3 62 2
32 101 2
35 103 1
27 72 2
35 71 2
15 18 2
15 61 2
36 82 2
15 58 2
6 66 2
6 96 1
6 25 2
33 71 2
19 30 2
19 24 2
2 39 1
0 41 2
18 87 2
11 75 1
1 15 2
4 98 1
2 34 2
17 87 2
16 98 2
26 34 2
10 87 2
22 109 2
17 52 2
4 26 2
7 67 2
33 62 2
28 101 2
23 61 2
6 102 2
9 27 2
1 14 2
3 89 2
26 85 2
4 57 1
0 92 2
12 39 1
6 7 2
2 67 2
27 36 2
2 108 1
14 16 2
28 104 2
19 89 1
31 75 1
15 46 1
23 40 1
27 44 2
19 23 2
11 31 2
12 54 2
33 35 2
6 77 2
8 76 2
9 39 2
20 81 1
27 54 1
20 99 2
31 36 2
5 87 2
27 76 2
26 55 2
1 57 2
13 77 1
7 43 1
4 33 2
13 28 2
18 42 2
20 63 2
1 37 2
24 94 1
34 91 2
10 99 1
14 104 2
9 26 2
25 63 1
3 28 2
10 81 2
35 77 2
28 108 1
12 45 2
6 98 2
2 69 1
3 105 2
2 9 2
12 38 2
19 74 1
20 26 2
13 104 1
28 82 2
28 87 2
11 95 1
2 24 2
17 34 2
15 87 1
20 29 2
2 32 2
15 26 2
8 99 2
0 21 2
2 71 2
15 36 2
22 23 2
23 82 1
1 89 2
20 25 2
27 66 1
23 89 1
17 82 2
32 56 1
32 81 2
28 51 2
17 21 2
0 14 2
13 94 2
27 96 1
8 68 2
20 90 2
13 79 1
5 81 2
32 77 1
18 34 2
31 83 2
3 80 2
31 35 2
12 29 2
2 101 2
12 97 1
13 78 2
19 48 2
33 93 2
29 70 2
9 77 2
13 23 2
7 25 2
6 22 2
4 20 2
2 53 2
16 44 2
10 19 2
20 89 2
20 82 2
25 28 2
0 101 2
30 76 1
6 8 2
6 15 2
29 55 2
17 25 2
19 20 2
25 103 2
4 85 2
21 101 1
23 85 1
35 92 1
12 60 1
0 4 2
34 38 2
34 85 1
8 62 2
27 63 1
27 47 2
4 8 2
6 99 2
35 46 2
4 93 2
21 72 2
25 48 1
3 54 1
16 66 2
0 75 2
30 81 2
18 72 2
5 26 2
31 54 1
19 90 2
33 39 2
26 53 2
17 77 2
10 84 1
27 97 2
6 73 2
19 36 2
3 12 2
30 82 1
7 54 2
24 109 2
31 89 2
17 22 2
3 5 2
29 43 2
36 41 1
2 96 2
28 81 2
31 45 2
1 62 2
19 33 2
0 105 1
6 39 1
15 84 2
11 106 1
30 51 1
13 46 2
26 100 2
2 72 2
11 34 2
30 97 2
17 65 1
9 108 2
4 74 2
13 18 2
10 14 2
13 61 1
24 50 2
4 29 2
11 88 2
18 86 2
29 88 2
0 1 2
5 22 2
0 11 2
17 66 1
2 64 2
6 29 2
4 5 2
2 58 2
6 13 2
12 18 2
6 78 2
31 60 2
15 109 2
15 23 2
8 24 2
0 109 2
29 68 2
17 36 2
14 15 2
9 57 2
25 31 2
26 88 2
33 61 1
3 45 2
16 39 2
2 60 1
32 61 1
21 87 1
1 34 2
0 26 2
18 24 2
16 95 2
1 52 1
13 63 1
5 34 2
6 21 2
12 63 2
22 35 2
16 31 2
1 93 2
5 58 1
8 33 2
5 7 2
32 80 2
10 25 2
26 74 1
30 55 2
28 60 2
36 78 1
23 32 2
13 89 2
10 48 2
22 24 2
13 65 2
28 83 2
30 108 2
28 62 1
16 19 2
31 32 2
2 18 2
7 35 2
35 38 1
8 29 2
21 98 2
24 72 2
10 41 2
17 109 2
16 104 2
14 68 1
11 33 2
33 103 2
33 64 1
7 83 2
16 97 2
14 37 2
0 68 2
19 75 2
4 72 2
7 23 2
34 62 2
4 94 2
29 109 2
10 89 1
23 108 2
6 62 2
11 26 2
8 90 2
25 33 2
35 40 1
21 52 1
28 56 1
10 30 2
31 102 1
16 80 2
34 103 2
30 65 1
3 23 2
33 37 2
15 28 2
17 85 2
19 72 2
2 12 2
7 29 2
25 30 2
24 34 2
1 80 2
2 36 2
9 42 2
6 94 2
23 90 2
17 64 2
16 43 2
7 95 2
24 47 1
5 80 2
5 9 2
15 43 2
18 71 2
7 41 1
27 68 1
14 45 2
1 87 2
12 80 2
4 43 2
32 106 1
21 39 1
11 60 1
26 108 2
19 31 2
22 88 2
9 88 2
36 107 1
9 14 2
26 58 2
15 55 2
30 69 1
5 106 2
12 21 2
0 91 2
36 47 1
22 75 2
4 21 2
13 75 2
31 51 2
12 94 1
18 49 2
11 64 2
21 31 2
18 47 1
4 83 2
20 56 1
24 65 1
7 87 1
11 99 2
21 45 1
34 106 2
13 85 2
29 47 2
1 18 2
21 69 2
9 90 1
32 67 2
14 97 2
3 33 2
30 49 1
35 54 1
10 42 2
20 66 2
5 36 2
11 27 2
26 27 2
6 69 1
1 91 2
10 22 2
5 28 2
4 24 2
15 106 1
29 62 1
9 21 2
19 55 1
31 70 2
29 40 1
3 92 1
23 35 2
4 89 2
21 64 2
0 104 1
1 64 2
18 25 2
24 87 2
9 11 2
12 88 2
22 51 2
13 95 2
14 24 2
6 9 2
26 63 2
26 48 2
32 89 2
14 28 2
16 75 1
34 95 2
9 87 1
15 79 2
21 22 2
0 94 1
12 62 1
26 81 1
16 27 2
8 31 2
36 84 2
8 9 2
5 69 2
19 40 1
21 33 2
11 61 2
32 76 1
36 79 1
10 78 2
36 72 1
15 73 2
12 82 2
22 60 2
12 52 1
17 48 1
36 37 2
3 74 1
13 49 2
14 50 2
16 103 2
11 18 2
14 69 1
10 17 2
14 56 2
32 84 2
11 56 2
1 98 2
34 65 2
30 62 1
2 13 2
30 95 1
5 63 2
19 98 1
22 44 2
31 59 2
8 27 2
9 18 2
34 77 1
20 53 1
21 67 2
36 100 2
25 62 2
2 7 2
12 28 2
35 60 2
27 93 2
0 96 2
6 61 2
20 92 2
7 77 1
2 29 2
20 22 2
5 13 2
35 109 2
3 58 2
26 44 2
35 69 2
4 17 2
19 34 2
3 16 2
23 39 2
13 31 2
35 36 2
2 20 2
7 27 2
6 95 2
6 50 2
18 19 2
20 45 2
0 95 1
10 46 1
5 39 1
12 102 2
10 52 2
4 32 2
29 94 2
12 59 2
4 80 2
0 65 1
32 64 1
1 50 2
34 45 2
3 61 2
8 47 1
23 105 2
35 88 2
27 65 2
3 10 2
3 81 2
27 99 2
10 55 2
26 77 2
15 82 1
19 109 2
7 103 2
21 34 2
13 39 2
25 44 2
28 103 2
12 37 2
15 63 2
36 44 1
5 97 1
0 10 2
27 103 1
11 42 2
27 87 1
22 49 2
13 16 2
23 78 2
22 28 2
29 34 2
31 73 1
12 22 2
18 32 2
13 19 2
18 27 2
8 101 2
14 103 1
7 88 2
16 56 2
35 65 2
19 32 2
1 105 2
30 73 2
35 55 2
15 86 2
28 105 1
3 43 1
24 49 1
28 88 1
18 79 2
28 67 1
25 37 1
3 20 2
20 33 2
7 66 2
18 59 1
27 33 2
8 56 2
5 23 2
25 47 2
5 73 2
12 68 2
22 50 1
14 88 1
14 26 2
32 46 2
11 29 2
36 52 1
29 39 1
6 80 2
28 86 2
14 91 2
10 109 2
21 97 1
4 92 1
7 97 1
9 84 1
3 77 1
15 35 2
32 88 1
9 40 2
12 23 2
10 65 1
18 83 2
9 47 1
0 53 2
10 23 2
12 100 2
33 44 2
23 52 2
29 38 2
7 61 2
20 46 2
29 95 2
20 102 2
8 37 1
9 63 2
5 88 2
8 80 1
21 36 2
18 76 1
26 62 2
11 107 2
0 70 2
10 88 2
17 91 2
21 27 2
15 32 2
24 104 1
28 102 2
13 20 2
21 109 2
21 83 2
10 40 1
12 76 1
26 67 1
5 95 2
16 18 2
0 108 1
25 96 2
16 37 2
23 44 2
24 39 2
33 75 1
15 20 2
14 79 2
17 75 2
14 90 2
14 36 2
16 63 2
19 105 2
11 87 2
2 93 2
3 94 2
32 99 2
20 30 2
23 29 2
12 73 2
1 90 2
7 18 2
11 57 1
33 78 2
3 66 2
29 91 2
18 23 2
11 94 2
28 49 2
29 106 1
13 109 2
14 22 2
14 51 2
9 48 1
17 46 1
16 48 2
23 101 2
31 34 2
2 95 2
7 74 2
1 81 2
20 52 2
30 86 1
27 39 1
27 35 2
35 59 2
5 24 2
3 59 2
34 40 2
32 52 2
32 92 2
21 30 2
16 91 2
7 57 2
1 29 2
13 14 2
32 72 1
23 98 2
11 16 2
4 6 2
17 101 1
2 44 2
34 72 2
1 79 2
27 107 2
18 67 1
25 92 2
30 37 1
36 71 2
35 82 2
29 75 2
18 61 2
16 52 2
8 89 1
19 22 2
15 33 2
24 91 1
1 28 2
4 91 2
5 103 2
12 85 2
24 55 1
14 106 2
11 77 2
12 13 2
21 32 2
7 50 2
20 106 2
31 52 2
19 79 1
15 77 2
7 17 2
29 44 2
8 57 2
0 13 2
5 92 2
23 25 2
10 16 2
28 73 1
2 102 1
12 99 2
27 57 1
3 32 2
11 13 2
4 16 2
35 80 1
8 15 2
35 79 2
12 15 2
8 22 2
6 30 2
10 15 2
0 46 2
22 98 1
9 15 2
9 73 2
1 40 2
11 35 2
18 21 2
22 62 2
32 49 1
4 55 1
2 40 2
19 38 2
15 31 2
11 19 2
34 100 1
16 74 2
18 56 2
15 107 2
8 73 2
1 106 2
5 21 2
2 77 2
1 13 2
30 58 2
0 5 2
14 65 1
10 43 2
34 51 1
12 33 2
26 92 2
34 71 2
13 57 2
0 38 1
9 89 2
15 52 2
12 74 2
22 26 2
26 82 1
12 16 2
14 76 1
24 75 1
5 55 2
18 40 1
25 73 1
25 57 1
2 4 2
16 101 2
4 62 2
23 36 2
18 48 1
18 101 2
8 78 1
27 28 2
25 42 1
12 109 2
7 106 2
36 89 2
28 30 2
34 101 2
24 103 1
32 40 2
22 63 1
1 26 2
17 28 2
10 74 1
13 66 2
24 79 2
25 65 1
28 68 1
10 72 1
8 10 2
15 100 1
35 74 1
36 56 2
24 82 2
27 30 2
12 84 2
22 33 2
27 51 1
7 14 2
19 42 2
16 60 1
23 79 2
2 28 2
12 40 2
19 35 2
32 96 2
29 67 2
7 69 1
8 36 2
20 91 2
18 44 1
13 76 1
36 63 2
28 40 1
15 71 1
3 41 2
9 50 2
0 88 1
1 23 2
20 40 2
4 42 2
6 26 2
19 56 1
23 30 2
6 92 2
16 76 2
33 68 2
10 69 2
30 83 2
9 102 2
6 48 2
14 25 2
32 62 2
15 78 1
9 29 2
7 70 2
29 69 1
4 51 1
19 37 2
28 29 2
4 77 1
23 49 2
6 93 2
7 28 2
8 67 1
29 98 2
9 37 2
20 48 1
16 50 2
7 89 1
29 103 1
27 90 1
31 90 1
4 46 2
0 76 2
11 96 1
11 70 2
6 100 1
3 91 2
11 30 2
17 38 1
12 101 1
6 53 1
20 24 2
0 57 2
12 57 1
25 52 2
7 46 1
1 63 2
6 108 2
17 60 2
10 102 2
27 98 2
35 89 1
31 88 2
21 74 2
22 87 2
8 86 1
13 83 2
20 97 2
3 34 2
9 22 2
10 66 2
0 28 2
13 51 1
7 72 1
12 25 2
32 44 2
19 41 2
21 66 2
14 92 2
24 35 2
33 108 2
6 19 2
0 30 2
6 51 1
17 69 2
19 44 1
2 14 2
9 44 1
12 53 2
0 36 2
10 106 1
4 65 2
13 96 1
18 64 2
8 75 2
7 91 2
14 62 2
8 53 1
33 104 2
18 26 2
30 66 1
8 77 1
23 45 1
30 59 1
20 104 2
21 35 2
12 36 2
24 108 2
9 41 1
20 35 2
18 88 1
6 101 2
34 63 2
1 58 2
2 76 2
1 71 1
24 36 2
24 25 2
9 55 2
14 107 2
28 44 2
7 79 2
11 82 2
10 39 1
2 45 2
6 27 2
3 6 2
12 35 2
6 89 1
19 50 2
12 75 2
10 13 2
9 20 2
2 84 1
25 106 2
7 15 2
15 49 2
8 11 2
7 104 2
31 104 2
8 69 2
32 98 2
13 37 2
27 29 2
3 17 2
1 19 2
35 73 2
7 59 1
11 25 2
18 33 2
9 86 1
25 81 2
20 98 2
1 6 2
22 57 1
16 61 2
27 42 2
21 50 1
28 31 2
30 109 1
17 26 2
5 52 2
25 27 2
6 81 1
19 28 2
21 76 2
20 96 2
0 15 2
25 88 2
27 59 2
29 30 2
14 59 2
24 76 2
16 105 2
13 27 2
18 22 2
10 80 2
5 77 2
36 88 1
3 85 2
17 19 2
9 106 1
10 29 2
25 109 2
15 59 2
33 69 2
8 34 2
26 49 1
11 84 2
32 43 1
3 72 1
3 19 2
24 30 2
28 58 2
2 82 2
21 48 2
12 24 2
23 86 2
36 99 2
24 33 2
25 64 2
6 43 1
15 93 2
15 22 2
12 87 1
7 76 1
21 96 1
8 66 1
14 108 2
29 51 1
12 32 2
17 103 2
23 37 2
14 71 2
1 83 2
6 55 2
7 107 2
25 41 1
7 33 2
29 93 1
13 81 2
0 19 2
8 70 2
7 109 2
0 35 2
32 95 1
32 34 2
15 97 2
7 102 2
22 103 2
27 69 2
11 104 1
15 16 2
13 108 2
29 104 2
3 51 2
11 101 1
4 22 2
24 70 2
32 60 2
13 26 2
12 91 1
26 80 2
19 68 1
33 36 2
1 109 2
36 73 1
9 105 1
35 58 1
19 84 2
1 65 2
15 48 2
15 90 1
33 55 2
24 41 1
31 48 2
19 78 2
2 23 2
28 72 1
29 84 1
21 25 2
18 82 2
11 103 2
21 47 2
4 45 2
1 24 2
34 68 2
21 71 1
20 31 2
23 41 1
26 43 2
29 105 1
27 50 1
35 106 2
14 105 2
27 81 1
28 36 2
21 104 2
33 105 1
6 83 1
29 99 1
36 55 2
8 14 2
3 4 2
34 64 1
31 65 2
34 41 2
4 18 2
13 64 2
35 66 2
17 88 2
24 96 1
1 51 1
14 39 1
31 72 1
25 99 1
15 62 2
21 26 2
10 82 2
2 35 2
25 36 2
25 68 2
36 90 2
11 20 2
0 87 2
18 54 1
24 29 2
5 37 1
34 93 2
23 109 2
26 73 1
9 80 2
1 95 2
23 102 2
6 41 1
5 51 2
32 100 2
11 81 1
15 25 2
6 91 1
1 96 2
8 26 2
3 30 2
7 26 2
11 62 1
5 12 2
5 42 1
12 47 2
20 109 2
2 31 2
12 92 1
0 81 1
28 97 1
15 38 1
10 62 2
13 52 2
34 49 1
3 8 2
15 88 2
1 12 2
5 65 2
2 68 1
26 87 1
7 55 1
13 30 2
10 24 2
25 54 2
28 43 2
13 106 2
9 24 2
22 101 2
16 87 2
19 73 2
16 51 2
23 67 1
25 77 2
33 81 2
22 25 2
12 27 2
32 97 2
5 56 2
10 57 1
2 17 2
29 42 1
6 18 2
9 54 2
12 72 1
5 50 2
18 43 2
12 41 2
29 58 2
8 93 1
23 60 1
2 6 2
10 91 2
36 92 2
25 46 2
15 76 1
12 67 2
9 107 2
9 81 2
9 25 2
9 43 2
32 69 2
21 56 2
12 98 1
19 104 2
26 36 2
9 19 2
19 101 2
23 54 1
15 56 2
6 20 2
22 90 2
17 59 2
12 20 2
2 48 2
7 31 2
30 106 2
36 53 1
36 98 2
18 92 1
3 21 2
10 96 2
26 90 2
36 94 1
35 98 2
20 50 2
0 24 2
30 101 2
27 106 1
15 21 2
31 87 2
24 107 1
33 80 2
0 84 2
23 68 1
22 107 2
14 52 1
16 70 2
5 54 2
13 32 2
4 34 2
11 40 1
22 97 1
35 53 2
8 98 2
6 23 2
1 102 2
15 98 1
4 95 1
5 18 2
31 93 1
27 48 2
8 17 2
22 31 2
31 100 2
21 57 2
9 45 1
33 65 2
8 20 2
7 11 2
10 90 1
36 86 2
8 25 2
11 85 1
11 98 2
15 75 2
25 58 2
5 70 2
2 5 2
25 50 1
6 54 2
17 20 2
6 14 2
5 104 2
25 32 2
14 101 2
10 26 2
8 30 2
10 104 2
5 25 2
32 79 1
34 108 2
1 35 2
4 9 2
13 59 1
11 36 2
16 67 2
7 73 2
1 33 2
0 12 2
11 50 2
29 33 2
16 23 2
20 83 2
25 34 2
0 32 2
8 108 1
1 2 2
12 103 2
2 66 2
29 59 2
11 63 2
26 31 2
22 45 1
11 22 2
12 83 2
17 18 2
0 7 2
35 100 2
36 104 2
36 108 2
2 50 2
26 94 2
1 70 1
9 36 2
16 25 2
19 62 2
29 85 2
16 30 2
4 47 1
8 38 2
24 69 2
13 38 2
15 102 1
11 37 2
28 34 2
24 95 2
23 69 2
18 73 2
7 56 2
29 71 1
8 18 2
15 44 1
34 99 1
16 40 2
29 46 1
9 34 2
0 100 1
23 63 2
16 69 2
19 107 1
14 84 2
21 58 2
17 83 2
27 55 2
23 92 2
23 46 1
17 30 2
32 104 2
26 75 2
6 28 2
16 36 2
34 46 2
10 93 2
5 15 2
7 34 2
36 101 2
35 85 1
11 32 2
7 9 2
19 47 1
30 34 2
9 23 2
1 3 2
31 95 2
23 104 2
33 107 2
6 35 2
2 26 2
1 30 2
3 52 2
29 82 2
30 74 1
23 34 2
9 52 2
30 98 2
14 34 2
18 29 2
30 54 2
30 87 2
13 35 2
17 63 2
10 32 2
17 98 2
5 17 2
5 14 2
9 31 2
7 62 1
17 33 2
23 97 2
10 35 2
16 32 2
27 95 1
19 21 2
36 75 1
1 61 1
28 52 2
18 77 2
22 74 1
2 79 1
4 25 2
27 101 1
24 42 1
2 103 1
8 19 2
1 72 2
25 39 2
28 32 2
3 27 2
30 64 2
3 14 2
18 62 1
24 63 1
0 23 2
5 102 1
29 36 2
26 79 2
20 88 1
13 15 2
1 39 2
4 15 2
13 36 2
21 62 1
14 38 1
34 67 1
28 66 2
2 49 2
3 18 2
34 42 2
32 36 2
22 100 2
11 23 2
2 30 2
19 61 1
29 54 2
7 85 2
1 9 2
9 16 2
25 60 2
23 65 2
13 53 2
28 45 2
28 107 1
19 71 2
19 87 2
8 52 1
21 102 1
33 53 2
30 47 2
33 97 2
14 49 1
0 22 2
27 34 2
9 33 2
1 10 2
1 5 2
8 84 2
33 88 2
16 34 2
0 78 1
33 34 2
32 90 2
35 41 1
19 52 2
2 54 1
20 37 2
22 85 2
18 100 2
1 47 1
2 21 2
5 10 2
0 98 2
19 99 2
14 30 2
8 109 2
8 23 2
6 90 2
9 76 1
11 41 1
24 51 2
21 23 2
1 88 2
8 106 2
24 64 2
17 73 2
4 13 2
11 91 1
16 24 2
23 38 2
14 100 2
18 91 2
8 81 1
19 92 1
8 40 1
9 78 2
30 88 2
2 73 2
24 31 2
23 26 2
11 71 2
12 93 1
34 90 1
33 67 2
0 44 2
9 10 2
1 101 2
17 29 2
6 36 2
15 81 1
28 42 2
33 47 1
28 35 2
17 108 1
2 85 2
11 47 2
15 96 2
4 11 2
2 19 2
17 100 1
2 11 2
9 35 2
12 71 1
19 77 2
14 77 2
8 13 2
22 40 1
13 22 2
33 57 1
2 25 2
20 41 2
16 106 1
32 59 2
9 100 2
12 17 2
26 59 2
35 42 2
2 92 2
25 51 2
15 105 2
9 32 2
14 82 2
8 83 2
2 97 2
16 20 2
29 89 2
5 96 2
21 81 2
26 72 2
32 93 1
23 56 1
16 109 2
20 61 1
22 36 2
22 76 2
7 42 2
17 56 1
14 33 2
34 35 2
29 35 2
3 99 2
28 79 2
24 43 1
20 94 2
24 60 2
21 40 2
24 83 1
24 57 2
11 109 2
15 80 2
0 61 1
0 20 2
31 55 1
0 102 2
1 74 2
16 54 1
22 29 2
4 82 1
1 100 1
4 102 2
26 102 1
2 33 2
3 69 1
22 99 2
0 9 2
5 30 2
16 82 1
33 52 2
8 59 2
32 54 1
10 56 1
18 78 1
35 76 2
13 21 2
7 10 2
11 14 2
27 60 2
33 60 2
24 67 2
6 60 1
31 78 1
28 54 2
29 107 1
8 97 1
12 50 1
5 48 1
15 85 1
10 28 2
4 10 2
4 49 1
22 67 2
9 72 2
12 34 2
14 89 2
21 28 2
19 81 2
18 106 1
24 101 2
15 17 2
10 79 2
33 74 2
28 57 1
17 89 2
20 59 2
11 65 2
18 105 1
1 53 2
19 26 2
20 34 2
0 69 2
16 108 2
12 95 2
17 95 2
1 42 1
22 70 1
24 44 2
7 12 2
15 39 2
33 48 2
14 32 2
2 42 2
13 60 2
13 87 2
14 63 2
25 55 2
9 51 2
28 106 2
19 25 2
3 22 2
16 33 2
31 33 2
21 24 2
29 60 1
7 36 2
16 62 1
29 32 2
1 32 2
16 21 2
12 79 1
30 71 2
14 20 2
12 26 2
13 73 1
12 14 2
12 78 2
17 80 1
30 53 2
20 78 2
24 89 2
0 33 2
19 97 2
34 80 2
31 67 2
22 37 2
4 101 2
0 18 2
18 108 2
21 88 2
7 8 2
16 57 2
35 86 2
8 51 2
16 17 2
31 61 2
26 35 2
13 103 1
20 73 2
3 55 2
0 103 1
8 100 1
4 84 1
24 59 2
5 86 2
1 36 2
20 62 2
7 30 2
7 16 2
20 58 1
2 16 2
29 50 1
20 55 2
4 63 2
5 41 2
24 73 2
14 102 1
14 21 2
34 44 2
12 65 2
8 16 2
27 89 2
4 106 2
34 89 2
32 53 2
35 84 2
4 12 2
2 10 2
2 81 1
17 78 2
36 74 2
7 53 1
13 29 2
18 109 1
6 12 2
20 27 2
28 70 2
0 58 1
26 103 2
28 33 2
16 35 2
4 14 2
17 79 2
9 94 1
9 12 2
9 28 2
23 73 2
35 52 2
4 36 2
34 96 2
10 86 2
4 27 2
4 52 2
7 68 2
17 61 2
30 105 2
24 27 2
33 82 1
30 38 2
30 103 2
3 78 2
14 23 2
14 95 2
11 55 1
10 77 2
32 73 1
32 109 1
3 31 2
0 79 2
8 71 1
6 88 2
24 99 2
11 17 2
0 27 2
12 43 1
5 8 2
24 88 2
31 62 1
22 41 1
0 89 2
5 20 2
20 65 1
24 32 2
21 91 2
33 63 1
18 66 2
22 38 1
3 35 2
21 63 2
16 92 2
5 68 2
5 64 2
14 54 2
10 101 1
3 103 2
18 30 2
6 74 2
24 74 2
36 42 2
30 63 2
3 26 2
36 103 1
21 99 1
10 68 1
18 36 2
5 27 2
14 75 2
3 97 1
6 34 2
11 49 2
6 33 2
12 31 2
3 36 2
19 46 1
9 109 1
16 26 2
14 60 1
15 29 2
27 45 2
3 47 2
22 58 2
14 29 2
17 76 2
31 46 2
23 51 1
36 60 2
10 50 2
13 80 2
14 86 2
22 43 1
36 45 1
21 78 1
36 91 2
15 47 1
17 70 1
32 42 1
6 107 2
0 72 1
31 101 1
5 33 2
2 27 2
4 7 2
4 48 1
11 86 1
7 40 2
16 94 2
30 32 2
1 73 2
35 72 2
29 66 2
9 103 2
26 30 2
1 11 2
5 11 2
29 65 1
7 22 2
5 89 2
22 84 2
1 54 2
21 44 1
9 66 1
35 101 2
5 83 2
15 30 2
6 68 1
6 10 2
18 96 2
10 103 2
29 63 2
0 73 1
31 108 2
3 70 1
6 109 1
36 109 2
9 69 2
9 83 2
14 31 2
18 60 1
16 49 1
24 37 2
34 37 1
12 19 2
15 42 1
26 78 2
6 24 2
28 98 2
32 82 2
21 60 2
11 21 2
24 62 2
16 22 2
8 94 2
17 49 2
26 56 2
13 74 1
20 51 2
16 99 1
20 105 1
2 8 2
17 24 2
19 27 2
11 45 2
3 75 2
5 6 2
14 85 1
27 74 2
25 102 2
36 102 2
9 65 1
25 93 2
3 104 1
26 29 2
4 41 2
11 15 2
1 7 2
1 86 1
7 47 1
20 70 2
33 73 2
4 96 2
3 7 2
27 105 2
36 49 2
25 67 2
22 73 1
5 93 2
19 91 2
19 60 1
18 58 1
1 41 2
22 32 2
4 31 2
25 100 2
9 30 2
6 31 2
28 96 2
13 33 2
11 24 2
17 58 1
27 109 1
22 59 1
14 70 2
20 36 2
28 75 2
2 37 1
14 17 2
14 81 2
18 107 2
27 80 1
4 35 2
9 13 2
25 91 2
35 37 2
34 84 2
33 66 2
10 33 2
0 25 2
35 102 2
30 36 2
1 21 2
26 51 2
18 89 1
23 24 2
8 55 1
11 97 1
8 65 2
10 108 2
17 86 2
27 41 2
14 18 1
0 3 1
36 81 2
26 76 2
34 57 2
5 31 1
0 16 1
3 49 2
5 35 1
11 93 2
6 17 1
35 61 1
