% n=40 p=60 d=0.66 p_blue=0.66
% k=0
5 24 2
0 12 2
14 31 1
0 33 2
11 22 2
11 28 1
8 37 1
10 20 2
0 38 1
10 30 2
2 8 2
17 18 2
22 37 1
20 35 2
18 36 2
11 30 2
5 17 2
18 21 2
22 24 1
9 10 2
19 38 2
4 14 2
18 29 1
2 13 2
15 25 2
7 8 2
10 19 2
4 34 2
20 34 2
5 11 2
7 20 2
10 29 1
10 31 2
22 34 2
21 26 2
5 21 2
6 20 2
15 20 2
19 21 2
0 28 1
0 5 2
2 22 2
15 27 2
4 18 2
7 38 2
17 20 2
16 33 2
6 24 2
8 23 2
21 23 2
15 33 1
21 33 2
11 39 2
17 28 2
4 27 2
7 22 2
2 9 2
22 26 2
1 16 2
0 22 2
3 29 2
16 23 2
5 22 2
19 30 2
1 7 2
8 9 2
9 37 2
9 17 2
13 16 2
9 36 2
8 14 2
10 32 2
21 38 2
6 37 2
18 23 2
2 5 2
18 34 1
1 4 2
11 31 2
1 28 1
2 21 2
14 17 2
4 12 2
8 22 2
11 16 2
8 39 1
0 4 2
16 25 2
8 11 2
1 25 2
4 25 2
17 27 1
3 31 2
14 28 1
7 21 2
5 38 1
12 37 2
1 21 2
3 17 2
13 19 2
12 18 2
2 6 2
23 28 2
9 13 2
1 19 2
14 20 2
1 6 2
13 28 1
4 26 1
8 20 2
0 13 2
4 20 2
0 31 2
14 35 2
18 19 2
15 18 2
10 17 2
12 14 2
2 29 1
1 12 2
13 24 2
15 35 1
0 30 1
11 19 2
4 24 2
0 6 2
17 34 2
16 31 2
15 16 2
8 36 2
8 27 2
0 2 2
21 24 1
17 36 2
5 15 2
11 13 2
12 22 2
6 32 2
13 14 2
15 21 2
19 25 2
22 23 2
13 37 1
10 11 2
15 32 2
10 13 2
2 7 2
4 19 2
15 28 2
4 37 1
5 10 2
11 34 1
7 23 2
4 17 2
11 21 2
6 21 2
21 39 2
2 12 2
0 18 2
3 12 2
3 25 2
15 23 2
20 29 2
1 2 2
2 26 2
7 28 1
13 21 2
3 22 2
0 19 2
16 17 2
7 37 1
13 20 2
20 21 2
19 20 2
5 26 2
6 12 2
21 22 2
12 39 2
14 37 2
3 18 2
6 18 2
1 30 1
23 31 2
5 33 2
16 39 2
7 34 2
9 26 2
17 24 1
17 22 2
15 29 1
22 25 1
17 21 2
10 35 2
12 35 2
12 19 2
2 24 2
2 3 2
6 10 2
3 32 1
3 26 2
4 10 2
21 27 2
11 15 2
9 34 1
11 38 2
3 11 2
3 7 2
3 4 2
13 15 2
8 12 2
14 25 2
9 27 2
16 34 2
23 33 2
15 39 2
0 1 2
10 15 2
15 19 2
2 17 2
2 19 2
2 30 1
6 23 2
4 11 2
9 25 1
22 30 2
4 36 2
1 5 2
6 19 2
1 34 1
10 33 2
20 23 2
21 25 1
6 14 2
19 31 2
17 32 2
8 31 2
9 35 2
8 10 2
5 9 2
1 22 2
1 36 1
9 24 2
13 17 2
14 19 2
9 19 2
4 21 2
6 17 2
5 14 2
3 21 2
9 15 2
6 22 2
0 20 2
18 38 2
23 36 2
8 17 2
18 28 1
3 39 1
22 29 1
18 32 2
12 30 2
11 33 1
5 13 2
0 27 2
7 15 2
8 13 2
4 23 2
23 35 1
5 20 2
18 22 2
7 31 2
2 35 2
0 3 2
5 16 2
1 31 2
18 31 2
18 26 1
4 16 2
4 32 2
1 14 2
8 38 1
20 25 2
14 36 1
18 27 2
7 16 2
19 36 2
15 31 2
20 37 1
12 32 2
23 27 1
10 14 2
4 5 2
9 18 2
12 25 1
16 26 2
8 33 2
14 15 2
5 19 2
16 32 2
3 15 2
23 32 1
4 6 2
2 27 2
3 30 1
18 30 2
1 15 2
12 28 2
3 27 2
0 11 2
7 10 2
14 16 2
15 34 2
19 23 2
8 16 2
14 22 2
10 27 2
16 37 1
6 8 2
8 19 2
10 23 2
0 23 2
8 25 2
14 26 1
4 7 2
23 37 1
2 16 2
12 34 2
11 18 2
15 38 2
0 21 2
2 15 2
6 34 2
0 17 2
20 22 2
13 29 2
6 13 2
6 28 1
0 9 2
4 15 2
5 34 1
4 35 2
11 14 2
11 17 2
13 18 2
3 23 2
1 24 1
12 21 2
0 8 2
1 10 2
15 17 2
3 38 2
22 32 1
3 20 2
1 17 2
9 14 2
23 38 2
1 13 2
1 37 2
10 18 2
3 13 2
0 34 1
10 16 2
16 21 2
7 9 2
16 28 2
19 27 1
4 30 2
5 7 2
21 30 2
4 38 1
3 35 1
19 35 2
12 16 2
2 18 2
6 11 2
16 22 2
6 16 2
5 12 2
18 20 2
16 19 2
4 22 2
10 26 2
6 27 2
14 23 2
22 31 1
0 16 2
22 36 1
6 9 2
5 27 2
17 26 2
0 10 2
11 36 1
6 7 2
7 17 2
19 24 2
23 25 1
5 6 2
7 18 2
6 31 2
12 26 2
16 27 2
9 21 2
7 13 2
6 15 2
5 39 1
14 18 2
2 33 1
10 34 1
10 24 2
7 12 2
20 28 2
9 20 2
19 22 2
12 15 2
12 23 2
13 32 2
6 39 1
3 16 2
17 19 2
19 37 1
7 33 2
5 23 2
17 31 2
14 34 2
4 8 2
15 26 2
2 20 2
1 11 2
9 23 2
17 25 2
1 35 2
11 12 2
13 22 2
2 39 1
18 24 2
13 23 2
1 8 2
10 22 2
7 19 2
5 18 2
3 6 2
7 14 2
8 15 2
2 23 2
8 30 2
4 13 2
2 10 2
1 20 2
3 9 2
10 37 1
23 39 1
15 37 2
1 23 2
8 21 2
2 4 2
8 29 2
9 22 2
3 5 2
14 39 2
21 28 1
12 20 2
1 9 2
12 17 2
9 12 2
16 35 2
1 18 2
20 32 1
5 29 2
22 38 2
5 8 2
17 35 2
4 29 2
1 38 2
12 13 2
6 29 2
10 12 2
19 34 2
0 26 2
14 27 2
11 23 2
7 11 2
9 16 2
16 38 2
7 35 1
11 20 2
9 38 2
0 14 2
14 21 2
10 39 1
9 11 2
3 19 2
2 25 2
8 34 2
20 31 1
23 29 1
9 33 2
22 33 2
10 21 2
2 14 2
11 29 1
13 38 2
11 25 1
8 18 1
6 33 1
16 20 1
17 38 2
18 33 1
1 33 1
11 37 1
10 25 2
17 23 1
11 26 2
15 22 1
0 25 2
13 31 2
