% n=100 p=60 d=0.66 p_blue=0.33
% k=0
5 26 2
38 55 2
38 46 2
10 67 2
5 30 2
53 59 2
36 82 1
36 94 2
37 39 2
16 30 2
20 69 1
8 36 2
34 96 1
15 21 2
43 98 1
17 58 2
33 48 2
14 64 1
5 69 2
58 69 1
14 74 1
7 46 2
50 59 2
27 46 2
47 98 2
31 50 2
39 65 1
34 46 2
5 20 2
21 55 2
42 90 1
19 50 2
6 7 2
13 82 1
5 9 2
57 62 1
59 66 1
58 66 2
19 44 2
26 52 2
56 71 1
49 87 1
14 86 1
5 67 1
11 82 1
46 82 1
25 48 2
38 59 2
24 66 1
41 43 2
27 86 1
17 89 1
26 67 2
29 31 2
28 44 2
24 38 2
29 54 2
10 74 1
42 51 2
35 44 2
50 78 1
10 50 2
17 37 2
52 58 2
49 96 2
54 96 2
18 43 2
35 48 2
26 59 2
37 75 2
38 69 2
17 21 2
1 77 1
29 58 2
31 85 1
31 93 1
29 34 2
9 96 1
5 89 2
35 84 1
16 24 2
32 35 2
15 23 2
27 40 2
15 34 2
16 36 2
46 76 1
6 38 2
11 65 1
42 47 2
10 56 2
17 20 2
36 41 2
5 35 2
20 65 1
58 60 1
3 8 2
47 99 1
34 59 2
36 71 1
0 98 2
48 86 1
16 29 2
13 44 2
22 41 2
35 59 2
1 61 1
0 42 2
41 95 2
57 84 2
23 27 2
36 37 2
9 61 2
31 95 2
2 54 2
15 57 2
22 34 2
37 67 2
23 45 2
35 40 2
39 85 2
43 71 2
53 95 1
29 50 2
41 46 2
59 77 2
38 54 2
25 39 2
20 62 2
42 50 2
28 38 2
6 80 2
1 50 2
54 99 1
13 75 1
21 25 2
33 73 2
10 16 2
15 16 2
23 84 2
47 53 2
2 18 2
3 55 2
6 44 2
7 36 2
25 47 2
32 51 2
23 48 2
19 62 1
13 48 2
46 53 2
11 23 2
18 58 2
33 38 2
45 49 2
8 13 2
0 28 2
11 66 2
7 63 2
9 36 2
9 24 2
8 83 1
19 46 2
10 43 2
22 49 2
2 57 2
57 67 1
23 59 2
20 61 2
23 33 2
18 39 2
45 91 2
1 33 2
4 47 2
7 50 2
7 75 2
12 62 1
2 96 1
0 1 2
38 65 2
40 55 2
20 38 2
11 95 1
20 32 2
5 88 1
11 25 2
22 69 1
32 79 1
12 82 1
10 57 2
36 73 1
14 38 2
28 37 2
27 96 1
40 54 2
59 67 1
40 44 2
49 51 2
2 39 2
19 57 2
0 45 2
14 32 2
41 75 1
47 62 2
9 59 2
19 81 1
42 58 2
25 72 1
15 91 2
5 85 2
19 85 2
41 55 2
36 80 2
48 54 2
0 20 2
28 55 2
5 18 2
8 21 2
19 91 1
30 33 2
17 49 2
3 24 2
18 98 1
4 62 1
11 20 2
16 68 1
29 85 1
16 21 2
9 22 2
2 22 2
6 47 2
8 9 2
18 73 2
30 54 2
43 63 1
30 73 1
32 56 2
4 25 2
28 82 1
5 66 1
10 31 2
26 33 2
17 29 2
8 19 2
40 72 1
7 19 2
26 95 1
27 59 2
41 42 2
14 37 2
52 67 2
6 90 1
57 70 1
16 74 1
27 41 2
36 97 2
49 80 1
21 56 2
47 59 2
32 46 2
38 64 2
40 43 2
24 99 1
5 46 2
31 60 1
31 64 1
40 78 2
1 35 2
8 24 2
13 32 2
51 95 2
13 57 2
31 38 2
35 47 2
1 37 2
43 65 1
26 46 2
26 44 2
5 32 2
36 70 2
44 59 2
8 49 2
56 70 1
58 77 1
4 89 1
29 47 2
15 54 2
52 55 2
3 60 1
5 44 2
3 38 2
16 22 2
20 59 2
36 49 2
30 98 1
53 63 1
7 34 2
24 97 1
14 99 1
7 22 2
0 19 2
3 10 2
42 61 1
28 80 1
8 50 2
0 36 2
49 77 1
59 98 2
1 67 1
13 89 2
10 34 2
32 98 1
5 65 1
25 38 2
25 54 2
4 38 2
30 76 2
29 86 1
24 74 1
53 62 2
48 56 2
11 78 2
46 87 1
8 30 2
28 58 2
0 21 2
9 43 2
2 74 1
55 80 1
4 64 1
18 68 1
5 91 2
18 96 1
13 68 2
9 46 2
58 75 1
43 77 1
51 65 1
23 38 2
20 84 2
34 74 2
19 64 1
17 56 2
5 49 2
29 39 2
11 36 2
4 33 2
14 44 2
8 33 2
54 62 2
9 21 2
57 68 1
28 45 2
50 77 1
16 23 2
4 23 2
43 87 2
1 64 1
26 38 2
10 14 2
7 88 1
0 93 2
2 60 1
38 88 1
43 75 1
19 27 2
9 19 2
45 63 1
9 85 1
12 38 2
58 95 1
19 41 2
45 81 2
21 58 2
15 18 2
17 65 2
38 81 1
39 89 1
47 76 1
0 26 2
44 45 2
30 71 1
18 94 1
7 70 1
30 44 2
9 71 1
16 97 2
18 34 2
51 61 1
56 89 1
4 59 2
1 70 2
11 24 2
46 92 1
34 51 2
16 61 2
49 73 2
22 51 2
53 55 2
19 56 2
54 57 2
7 23 2
4 27 2
26 81 1
59 78 2
6 23 2
53 56 2
34 57 2
47 92 1
59 74 1
48 87 2
8 28 2
47 61 1
40 76 2
33 99 1
0 74 1
3 7 2
7 66 1
6 66 1
47 91 1
6 74 1
35 68 2
2 16 2
15 58 2
11 38 2
28 76 1
26 69 1
52 79 2
43 76 2
50 52 2
1 17 2
22 68 2
8 53 2
48 84 1
8 54 2
30 74 1
45 57 2
30 72 1
32 67 1
2 76 1
9 20 2
51 71 1
38 57 2
21 83 1
41 45 2
17 83 2
29 62 2
24 63 2
50 68 1
58 59 2
45 83 2
16 99 1
31 58 2
11 97 2
27 42 2
14 58 2
45 65 1
23 82 1
11 42 2
55 98 1
51 85 1
23 94 2
51 63 1
29 37 2
25 29 2
24 29 2
47 50 2
3 80 1
35 76 1
1 95 1
18 84 1
39 69 1
23 57 2
23 39 2
33 74 1
16 45 2
51 89 1
27 58 2
18 92 1
11 85 1
36 67 1
46 95 2
16 42 2
43 85 1
18 37 2
3 6 2
13 47 2
45 54 2
41 58 2
56 94 2
23 29 2
6 57 2
45 55 2
20 48 2
31 87 1
30 57 2
35 57 2
23 74 2
23 55 2
5 21 2
27 61 1
21 37 2
5 6 2
1 40 2
17 47 2
19 82 1
8 72 1
21 27 2
27 81 1
1 52 2
13 55 2
15 40 2
14 19 2
45 52 2
2 94 1
39 76 2
13 24 2
52 61 1
8 97 1
46 96 2
33 82 2
37 50 2
5 8 2
10 45 2
10 58 2
34 61 2
21 44 2
23 62 2
28 68 1
1 83 2
14 27 2
49 56 2
29 45 2
56 81 2
52 72 2
27 92 1
11 98 1
0 3 2
11 54 2
56 88 1
11 74 2
33 49 2
4 57 2
2 67 1
31 86 1
23 25 2
38 56 2
52 64 2
37 76 1
33 83 1
10 83 1
35 86 1
32 59 2
38 66 2
39 50 2
38 60 1
8 74 1
10 91 1
29 64 2
25 37 2
18 36 2
36 50 2
44 93 1
56 60 2
38 77 1
31 52 2
46 51 2
26 65 1
14 57 2
29 51 2
10 61 1
22 27 2
29 55 2
10 54 2
6 33 2
31 32 2
6 45 2
10 75 2
42 68 1
53 54 2
56 61 1
6 82 1
16 92 1
30 78 2
23 26 2
11 28 2
31 67 1
28 92 2
42 92 1
41 73 2
17 67 1
6 46 2
19 92 1
30 84 1
11 50 2
1 14 2
15 77 1
34 69 2
0 43 2
13 40 2
42 80 1
20 55 2
54 65 2
8 39 2
1 56 2
6 21 2
5 78 1
11 87 1
7 61 1
27 80 2
28 72 2
0 24 2
34 66 2
43 59 2
48 89 1
42 54 2
14 29 2
1 34 2
0 51 2
22 29 2
3 32 2
24 34 2
12 57 2
23 47 2
21 49 2
10 69 1
21 62 1
36 60 1
23 98 2
47 75 1
1 97 2
8 93 1
44 52 2
16 84 1
29 94 1
30 87 2
5 58 2
14 60 2
6 41 2
17 59 2
23 97 1
2 15 2
11 32 2
29 83 1
12 41 2
53 60 2
24 78 2
30 45 2
22 35 2
18 25 2
12 74 2
22 50 2
22 23 2
32 99 1
22 43 2
6 99 2
46 80 1
11 44 2
13 52 2
38 84 1
22 58 2
45 74 1
27 66 1
19 52 2
32 34 2
40 99 1
9 12 2
49 61 1
21 61 1
27 49 2
59 80 2
9 72 2
38 68 1
14 77 1
18 24 2
6 64 2
30 94 1
42 83 1
32 78 1
42 73 1
44 64 1
17 42 2
34 44 2
22 56 2
32 36 2
24 28 2
47 79 2
20 53 2
34 81 2
8 42 2
28 74 1
5 95 1
24 77 1
32 97 1
24 84 1
47 52 2
3 50 2
44 87 1
3 12 2
14 16 2
13 26 2
3 78 2
7 18 2
30 42 2
38 48 2
31 39 2
57 96 1
20 39 2
7 55 2
15 67 2
12 43 2
51 62 2
17 50 2
53 87 2
6 43 2
17 82 2
31 89 2
33 78 1
6 27 2
21 34 2
37 69 2
21 42 2
58 84 2
16 58 2
24 92 1
37 68 1
29 71 1
37 91 1
9 50 2
6 92 1
46 79 1
15 36 2
5 75 1
21 47 2
30 63 2
20 83 2
2 12 2
33 40 2
50 87 1
10 59 2
0 70 2
52 86 1
29 44 2
9 23 2
23 52 2
28 47 2
42 44 2
39 88 1
59 96 2
2 53 2
25 40 2
22 72 1
39 42 2
13 34 2
21 57 2
53 76 1
34 58 2
41 87 2
0 60 2
15 45 2
24 80 1
10 97 1
42 48 2
6 18 2
1 65 2
20 27 2
26 83 1
31 59 2
45 86 1
19 94 1
17 66 1
25 32 2
56 96 1
23 49 2
4 26 2
35 43 2
17 31 2
42 59 2
30 70 1
9 33 2
32 43 2
34 80 1
6 75 2
41 57 2
17 99 1
25 44 2
3 84 2
21 68 1
1 87 1
58 67 1
10 17 2
35 42 2
12 61 1
28 93 2
43 99 1
36 84 2
53 90 1
27 33 2
21 51 2
36 68 2
3 90 2
19 78 1
40 67 1
3 75 1
2 17 2
2 13 2
47 73 2
2 23 2
45 59 2
8 14 2
59 95 1
27 98 1
44 97 1
3 18 2
30 40 2
57 83 2
13 77 1
36 86 2
46 58 2
25 92 2
10 47 2
13 35 2
4 68 1
12 22 2
47 56 2
38 75 2
20 98 1
7 74 1
5 53 2
9 52 2
37 89 1
28 57 2
28 96 1
33 55 2
18 22 2
13 43 2
44 88 1
44 99 2
24 33 2
19 28 2
46 48 2
51 92 1
14 45 2
33 63 1
47 60 2
36 45 2
25 80 2
17 23 2
20 66 2
42 56 2
51 90 1
52 57 2
56 74 1
30 53 2
43 61 1
2 36 2
27 39 2
2 25 2
39 59 2
27 29 2
35 83 2
34 97 1
52 93 2
16 59 2
13 19 2
46 57 2
9 75 2
28 43 2
38 92 2
26 99 2
8 31 2
3 9 2
37 82 1
34 94 2
2 14 2
40 59 2
4 73 1
27 77 1
52 98 1
0 62 1
38 73 1
11 19 2
10 70 1
19 45 2
4 92 2
1 47 2
3 42 2
41 78 2
34 39 2
9 31 2
35 51 2
13 29 2
6 31 2
16 28 2
9 39 2
13 76 2
18 87 1
52 76 1
7 9 2
13 21 2
20 97 1
7 13 2
30 69 2
27 56 2
7 56 2
50 96 1
14 40 2
44 58 2
11 45 2
31 72 1
12 44 2
54 97 1
20 23 2
23 34 2
11 61 1
44 49 2
22 63 1
18 27 2
6 26 2
10 24 2
34 41 2
30 58 2
22 25 2
31 57 2
26 30 2
0 16 2
25 89 1
0 39 2
46 70 2
7 51 2
25 77 1
5 13 2
40 91 1
27 75 1
4 97 1
53 79 2
17 51 2
10 46 2
2 9 2
26 66 2
32 58 2
59 83 1
16 64 2
9 54 2
15 55 2
11 17 2
14 23 2
7 86 1
3 26 2
8 18 2
3 17 2
24 68 2
40 73 1
2 70 2
7 44 2
5 47 2
11 60 1
23 36 2
38 63 1
19 22 2
4 86 1
6 88 1
9 28 2
26 48 2
39 43 2
12 89 1
4 51 2
5 60 2
13 70 1
12 69 1
3 13 2
6 59 2
35 61 2
0 41 2
28 79 1
4 54 2
17 55 2
30 50 2
16 46 2
31 97 1
26 80 2
51 55 2
49 82 2
20 73 1
28 99 1
23 31 2
0 84 1
6 39 2
37 62 1
12 39 2
44 60 2
18 60 2
55 81 1
22 28 2
0 50 2
36 39 2
16 34 2
10 44 2
0 8 2
4 24 2
46 78 1
37 48 2
24 32 2
26 51 2
39 58 2
48 79 1
25 58 2
35 52 2
4 61 1
11 93 2
41 96 1
9 35 2
22 90 2
39 55 2
20 99 2
13 94 2
29 57 2
16 95 1
14 17 2
47 65 2
11 12 2
39 72 1
41 44 2
33 52 2
21 84 2
25 27 2
14 73 1
18 71 1
19 98 1
21 52 2
4 28 2
30 91 1
15 49 2
19 39 2
23 41 2
21 70 1
38 80 2
1 20 2
23 96 1
36 81 1
16 41 2
58 90 2
30 37 2
32 57 2
12 95 2
43 52 2
10 28 2
43 62 1
49 97 1
25 87 1
4 22 2
2 46 2
51 76 2
33 79 2
52 62 1
37 74 1
17 41 2
40 93 2
9 64 1
3 37 2
14 70 2
32 76 1
13 39 2
46 94 1
2 19 2
27 30 2
6 98 1
22 83 2
53 94 1
15 20 2
55 67 1
44 48 2
5 38 2
7 26 2
2 24 2
5 19 2
10 33 2
49 74 1
15 75 1
4 43 2
27 43 2
31 45 2
59 97 2
0 57 2
17 38 2
43 66 2
44 56 2
31 92 1
9 26 2
34 38 2
3 71 1
33 95 1
5 34 2
58 98 2
15 33 2
23 46 2
0 76 2
14 80 1
12 90 2
49 54 2
38 72 1
30 85 2
28 98 1
46 59 2
3 27 2
1 18 2
48 92 1
56 79 1
27 44 2
43 79 2
10 12 2
19 63 1
6 56 2
1 79 1
7 35 2
52 80 2
36 64 1
8 52 2
36 52 2
14 28 2
15 38 2
2 31 2
55 77 2
32 94 2
36 59 2
40 49 2
36 91 1
5 79 1
7 59 2
4 12 2
7 47 2
55 61 2
31 48 2
1 41 2
44 81 2
14 33 2
26 63 1
1 62 1
7 37 2
39 41 2
31 74 1
2 97 1
52 77 1
6 29 2
38 40 2
29 60 1
59 70 2
29 81 1
15 29 2
15 51 2
33 50 2
2 35 2
19 97 1
55 88 1
21 98 1
3 54 2
11 16 2
4 93 1
22 94 2
24 46 2
3 49 2
14 48 2
16 57 2
8 58 2
58 61 1
12 54 2
5 48 2
47 87 1
38 45 2
20 57 2
1 73 1
31 70 1
10 99 1
15 62 1
6 65 1
15 94 2
47 64 2
5 50 2
3 15 2
30 60 1
28 62 1
45 56 2
49 60 1
15 64 1
40 47 2
34 82 2
1 89 2
28 35 2
24 88 2
39 97 1
25 31 2
26 79 2
2 47 2
9 86 2
30 62 1
15 63 1
10 38 2
51 82 2
13 96 2
2 34 2
29 30 2
53 58 2
13 66 1
3 29 2
20 51 2
27 37 2
34 52 2
9 73 2
7 41 2
55 70 1
2 63 1
18 19 2
20 67 2
50 94 1
41 79 1
15 66 1
4 48 2
7 17 2
5 24 2
23 56 2
23 58 2
31 47 2
46 72 2
44 69 1
51 53 2
57 86 1
19 90 2
22 54 2
26 98 1
38 95 1
16 65 1
53 64 2
17 97 2
36 58 2
16 31 2
27 52 2
14 21 2
1 4 2
37 85 1
23 24 2
18 40 2
14 98 1
10 84 1
6 72 2
16 94 2
53 78 2
28 64 1
47 94 1
17 85 1
21 36 2
54 86 1
20 92 1
12 46 2
2 48 2
1 48 2
13 38 2
57 90 1
22 37 2
7 64 1
22 47 2
36 74 1
14 65 1
12 86 1
29 33 2
1 85 1
41 81 1
24 69 1
34 47 2
34 43 2
17 71 1
42 65 1
31 55 2
4 90 1
19 37 2
15 43 2
0 17 2
16 25 2
50 61 1
23 91 2
24 48 2
18 35 2
9 37 2
4 10 2
32 65 1
45 61 1
27 55 2
5 82 1
21 96 2
10 95 2
0 15 2
8 38 2
49 52 2
4 39 2
49 91 2
34 56 2
50 76 1
1 7 2
25 55 2
39 80 1
24 70 1
45 98 2
25 91 1
6 83 1
51 84 1
6 42 2
12 85 1
14 92 1
24 85 2
0 12 2
42 45 2
55 59 2
23 89 1
58 93 2
18 77 1
3 14 2
4 32 2
22 40 2
54 58 2
53 92 2
16 52 2
0 34 2
5 51 2
26 28 2
11 35 2
22 88 1
14 82 1
38 49 2
44 62 1
43 53 2
10 48 2
0 11 2
50 93 2
31 43 2
44 84 2
52 89 1
21 32 2
22 77 1
25 49 2
57 88 1
21 54 2
0 23 2
6 19 2
42 67 1
36 69 2
43 64 1
27 31 2
34 87 2
27 47 2
16 51 2
10 29 2
29 53 2
15 52 2
26 58 2
40 51 2
40 97 1
15 68 1
4 46 2
1 75 1
39 83 1
9 94 2
13 98 1
30 86 1
9 97 2
11 89 1
0 77 1
31 49 2
8 11 2
19 48 2
15 60 1
54 85 1
2 80 2
26 89 2
0 75 1
17 54 2
0 6 2
52 84 2
1 88 1
33 91 1
5 16 2
19 25 2
13 83 1
44 79 1
48 60 2
6 20 2
27 54 2
22 99 1
7 33 2
2 38 2
32 96 1
23 63 1
24 82 2
3 36 2
20 85 1
32 47 2
3 73 1
2 26 2
4 85 1
38 76 1
40 45 2
18 99 2
44 55 2
3 67 1
49 89 2
13 67 1
18 41 2
31 96 2
38 53 2
40 46 2
54 98 1
0 25 2
11 52 2
31 99 1
29 68 1
14 47 2
49 98 2
6 76 1
11 49 2
38 89 1
32 49 2
48 65 2
52 63 1
48 55 2
11 59 2
18 91 2
44 98 2
59 82 1
1 71 1
35 55 2
30 59 2
5 45 2
51 59 2
14 30 2
4 60 2
44 92 1
23 64 2
46 54 2
11 21 2
19 30 2
48 52 2
1 23 2
11 96 1
47 82 1
7 11 2
9 91 2
52 70 2
4 34 2
23 78 2
0 48 2
48 96 2
19 20 2
29 88 1
10 55 2
5 12 2
12 37 2
26 78 2
22 85 1
25 28 2
44 85 1
12 33 2
41 54 2
35 63 2
46 47 2
2 11 2
42 71 1
1 15 2
6 50 2
40 85 1
2 33 2
59 99 1
0 13 2
19 38 2
6 84 2
1 99 1
36 85 1
41 89 1
48 93 1
4 58 2
23 85 1
32 33 2
30 35 2
4 20 2
21 39 2
6 28 2
15 25 2
14 26 2
46 74 1
18 78 1
37 57 2
24 44 2
15 26 2
37 53 2
54 73 1
4 17 2
52 92 1
50 64 1
32 37 2
0 56 2
47 48 2
38 78 1
39 44 2
16 67 2
12 27 2
36 40 2
28 51 2
33 56 2
0 27 2
25 59 2
33 46 2
43 86 1
7 65 1
37 42 2
8 55 2
10 36 2
29 87 1
32 55 2
0 54 2
15 35 2
21 99 2
27 57 2
51 73 2
7 98 1
22 57 2
3 68 1
24 45 2
20 82 2
33 36 2
22 93 1
2 51 2
17 24 2
18 82 1
12 63 1
36 55 2
1 22 2
41 56 2
17 76 1
31 54 2
28 56 2
1 8 2
17 79 2
32 91 1
17 57 2
52 85 2
0 5 2
11 26 2
12 66 1
47 85 1
9 40 2
32 52 2
40 80 1
18 31 2
29 52 2
18 29 2
12 91 1
18 44 2
2 61 1
47 83 2
54 77 2
24 59 2
2 32 2
29 49 2
14 87 1
45 62 2
36 48 2
25 67 1
9 18 2
31 71 2
6 40 2
23 54 2
21 40 2
28 75 1
25 43 2
33 96 2
5 7 2
12 55 2
21 79 1
28 70 1
31 82 2
57 64 1
36 53 2
3 79 1
50 85 2
1 63 2
28 69 1
2 84 1
45 67 1
45 69 1
59 75 1
44 57 2
22 38 2
39 63 1
2 27 2
41 64 1
1 53 2
22 33 2
44 53 2
16 19 2
41 62 1
6 77 1
53 96 2
33 98 1
14 52 2
5 77 2
48 75 1
1 93 1
21 43 2
57 81 1
2 98 1
24 54 2
0 10 2
4 29 2
28 85 1
46 49 2
57 98 1
37 41 2
10 60 2
15 87 1
0 59 2
54 64 1
27 36 2
26 85 2
36 56 2
31 69 2
57 91 2
31 40 2
55 78 1
16 26 2
34 37 2
40 81 1
22 74 1
45 88 1
5 17 2
24 31 2
4 45 2
6 52 2
5 11 2
36 93 2
32 41 2
42 88 1
45 47 2
23 42 2
40 87 2
11 40 2
1 91 1
5 57 2
2 56 2
6 96 2
12 28 2
57 60 1
10 23 2
39 91 1
49 95 1
4 76 1
45 58 2
1 2 2
46 52 2
20 42 2
19 33 2
48 74 1
20 46 2
21 33 2
53 81 1
40 58 2
8 95 2
11 43 2
32 40 2
44 74 2
26 86 1
6 49 2
3 33 2
27 48 2
1 32 2
54 56 2
5 36 2
10 66 2
54 91 1
7 48 2
34 73 1
37 64 1
51 86 1
30 38 2
20 22 2
31 35 2
6 15 2
1 26 2
22 71 1
2 41 2
30 47 2
1 13 2
22 55 2
11 99 1
16 82 1
4 40 2
15 39 2
1 82 1
26 97 2
41 71 1
5 54 2
19 26 2
46 71 2
20 96 2
21 29 2
39 71 2
13 88 1
11 22 2
8 44 2
32 70 1
35 54 2
1 90 1
0 29 2
14 61 1
29 77 1
38 98 2
13 69 1
19 31 2
35 99 2
52 56 2
38 52 2
7 67 2
57 72 1
38 51 2
6 48 2
57 71 2
50 79 1
30 51 2
55 83 1
0 33 2
4 9 2
38 97 2
14 84 2
3 53 2
10 39 2
20 35 2
3 66 2
1 11 2
26 94 1
20 34 2
9 51 2
18 64 2
24 56 2
22 45 2
51 83 1
15 17 2
13 50 2
39 99 1
16 87 1
51 97 1
4 55 2
4 8 2
22 24 2
4 44 2
50 99 2
0 95 1
34 55 2
55 90 1
7 16 2
31 79 1
23 50 2
55 89 1
1 59 2
38 70 1
59 87 2
46 89 2
45 66 1
28 67 1
11 18 2
4 7 2
25 57 2
37 79 1
34 72 1
57 61 2
10 22 2
55 74 1
13 51 2
55 72 1
9 66 1
57 93 1
57 58 2
1 42 2
48 58 2
24 43 2
8 48 2
24 25 2
41 60 1
14 69 1
20 49 2
50 63 1
59 79 1
44 91 2
15 86 2
42 62 2
41 69 1
2 7 2
18 26 2
5 76 2
55 69 1
39 45 2
17 33 2
47 81 1
9 92 2
5 55 2
17 90 2
31 65 2
0 46 2
43 72 1
42 70 1
42 96 1
10 25 2
2 49 2
4 42 2
19 36 2
36 43 2
8 96 2
10 85 2
52 68 2
12 29 2
26 56 2
15 22 2
43 58 2
43 48 2
2 45 2
3 11 2
8 61 2
10 51 2
8 47 2
38 43 2
2 20 2
36 44 2
9 44 2
55 60 1
12 83 1
11 71 2
40 74 2
18 75 1
25 86 2
37 52 2
42 64 1
5 86 1
12 52 2
12 34 2
39 49 2
5 83 1
18 21 2
8 23 2
45 71 2
34 42 2
44 54 2
21 53 2
16 55 2
36 96 1
10 13 2
30 39 2
48 71 1
7 31 2
0 99 1
11 13 2
21 82 2
37 95 2
49 66 2
13 46 2
27 45 2
3 46 2
41 65 1
28 49 2
34 36 2
19 93 2
59 84 2
44 51 2
9 13 2
58 91 1
46 55 2
7 42 2
15 41 2
16 20 2
14 15 2
4 63 2
22 75 2
22 39 2
3 56 2
19 83 2
18 23 2
26 55 2
47 55 2
0 91 1
16 38 2
11 48 2
33 72 2
52 78 1
1 36 2
46 50 2
3 47 2
57 75 1
53 57 2
8 67 2
44 86 1
11 31 2
33 84 1
2 29 2
17 86 1
9 55 2
55 66 2
38 47 2
28 59 2
9 17 2
13 15 2
17 63 1
15 47 2
47 78 2
19 47 2
25 36 2
55 92 1
50 84 2
3 72 1
12 23 2
35 67 1
0 47 2
14 49 2
44 72 2
20 30 2
31 37 2
48 59 2
16 44 2
31 88 2
36 47 2
26 45 2
4 65 1
39 57 2
15 27 2
20 24 2
12 21 2
27 38 2
2 5 2
3 63 2
10 78 1
34 76 2
22 59 2
43 95 1
44 46 2
2 78 1
4 14 2
41 83 1
43 47 2
36 76 1
15 61 1
43 91 1
3 21 2
15 28 2
25 33 2
47 54 2
12 67 1
3 41 2
15 53 2
33 57 2
2 4 2
0 37 2
19 67 2
21 26 2
9 56 2
1 31 2
28 53 2
4 66 1
1 49 2
56 73 1
50 66 1
36 98 1
39 46 2
39 62 2
43 78 1
7 8 2
38 93 1
20 37 2
7 39 2
2 91 1
56 62 1
12 68 1
53 84 1
47 66 1
21 24 2
55 57 2
5 28 2
50 57 2
12 14 2
55 91 2
48 57 2
49 50 2
12 36 2
43 44 2
7 10 2
26 74 1
18 52 2
14 54 2
23 35 2
51 80 2
2 52 2
12 65 2
9 53 2
26 41 2
27 53 2
40 56 2
0 9 2
8 15 2
14 78 1
7 38 2
12 35 2
20 60 1
20 71 2
8 20 2
20 56 2
11 79 1
21 64 1
13 64 2
13 91 1
15 56 2
6 93 1
8 37 2
16 78 1
7 32 2
20 50 2
17 92 2
26 92 1
17 98 1
30 99 2
28 88 2
0 58 2
2 8 2
17 52 2
29 59 2
11 39 2
0 68 2
12 58 2
2 28 2
34 93 1
41 50 2
43 51 2
31 44 2
27 99 1
21 28 2
4 18 2
25 63 1
49 71 1
17 69 1
3 57 2
30 52 2
40 70 1
10 65 1
23 40 2
39 84 1
28 91 1
13 14 2
46 97 1
12 24 2
58 89 2
26 72 2
22 60 2
4 69 1
27 28 2
25 96 1
35 39 2
48 98 2
30 95 1
14 81 1
9 87 2
55 58 2
12 31 2
4 21 2
33 94 1
31 62 2
5 39 2
3 89 2
39 52 2
50 58 2
31 36 2
15 30 2
34 50 2
27 95 1
6 13 2
33 70 1
40 53 2
57 92 2
25 46 2
2 43 2
10 41 2
35 78 2
14 50 2
50 70 2
33 47 2
1 16 2
1 78 1
23 51 2
24 94 1
30 36 2
46 69 1
53 86 1
16 98 2
30 46 2
22 65 1
53 91 2
4 16 2
9 60 1
41 72 1
35 65 2
12 26 2
30 92 1
41 51 2
13 54 2
43 81 2
6 24 2
40 90 1
51 60 1
9 45 2
51 88 1
19 75 1
34 67 1
10 37 2
43 70 1
31 91 1
16 39 2
59 69 1
20 74 1
23 71 1
32 42 2
7 12 2
39 56 2
31 53 2
51 54 2
27 60 1
55 68 2
9 30 2
20 80 2
11 58 2
39 48 2
17 25 2
52 90 2
6 89 1
26 34 2
16 85 2
56 65 1
58 83 1
16 60 2
50 69 1
2 68 1
47 71 2
59 85 1
26 42 2
31 34 2
7 14 2
8 34 2
28 32 2
43 73 2
6 53 2
17 32 2
16 49 2
30 97 1
27 35 2
57 79 1
52 83 1
8 78 1
4 15 2
50 56 2
13 90 2
32 38 2
47 68 1
1 39 2
30 43 2
50 55 2
42 57 2
26 87 1
22 64 1
47 51 2
9 49 2
32 54 2
1 80 1
7 95 1
22 26 2
4 70 2
0 73 1
9 79 1
26 64 2
45 53 2
28 50 2
12 49 2
2 83 2
14 43 2
54 90 1
36 83 1
4 50 2
12 79 2
42 77 2
0 66 1
33 34 2
16 73 1
39 40 2
6 69 2
9 10 2
31 33 2
35 74 2
9 84 2
30 67 2
13 36 2
15 46 2
32 50 2
50 62 1
34 45 2
3 70 2
52 66 2
53 74 1
20 43 2
42 82 1
4 53 2
52 71 2
36 79 1
37 83 2
20 52 2
34 49 2
37 78 1
53 61 1
30 48 2
52 81 2
53 85 2
12 64 1
5 23 2
18 74 2
37 51 2
30 89 1
14 20 2
12 50 2
10 87 1
22 67 2
3 99 1
52 53 2
37 54 2
0 65 2
22 32 2
32 95 2
35 53 2
1 58 2
0 7 2
22 96 1
53 71 1
3 58 2
9 65 1
47 74 1
1 6 2
3 96 1
26 39 2
59 61 1
28 54 2
44 47 2
40 52 2
53 93 1
30 64 1
28 95 2
37 77 2
43 55 2
29 40 2
51 68 2
5 37 2
38 44 2
17 36 2
20 40 2
46 88 1
1 76 1
4 56 2
18 48 2
1 29 2
17 73 2
31 42 2
33 54 2
12 96 1
37 45 2
1 38 2
26 32 2
54 66 1
21 48 2
47 86 2
19 76 2
18 69 1
39 53 2
44 90 2
48 50 2
12 16 2
14 51 2
11 47 2
17 62 1
13 23 2
4 13 2
26 35 2
25 98 1
21 91 1
3 44 2
9 74 2
23 80 1
34 40 2
10 63 1
13 25 2
15 24 2
8 41 2
17 72 1
6 71 1
17 78 1
49 67 1
21 23 2
40 42 2
5 14 2
8 86 1
9 63 1
12 15 2
7 54 2
28 29 2
11 56 2
9 16 2
28 89 2
29 36 2
15 65 1
10 68 1
7 89 2
9 47 2
22 46 2
4 19 2
53 72 1
40 95 1
0 52 2
1 30 2
40 41 2
35 38 2
42 53 2
17 80 1
20 86 2
8 90 1
15 19 2
52 74 2
8 17 2
15 80 1
35 37 2
3 16 2
25 50 2
12 32 2
37 93 1
11 92 1
45 46 2
5 25 2
32 80 2
49 92 2
22 48 2
36 65 1
29 79 2
13 45 2
17 46 2
8 63 2
3 43 2
20 25 2
26 76 1
19 23 2
6 62 1
5 27 2
16 69 1
36 66 1
23 30 2
50 65 1
27 88 1
25 45 2
19 61 1
32 48 2
3 35 2
24 75 1
8 51 2
12 19 2
1 98 1
39 61 1
24 39 2
8 26 2
4 95 2
16 91 2
7 27 2
11 34 2
5 59 2
9 83 1
10 15 2
10 88 1
33 61 1
11 57 2
45 94 1
8 43 2
13 16 2
53 67 1
28 48 2
9 42 2
7 60 1
36 89 1
45 87 1
3 5 2
58 63 2
8 60 2
16 81 2
37 46 2
17 70 1
10 21 2
24 37 2
7 97 1
25 51 2
39 74 1
19 87 2
35 50 2
10 53 2
51 98 2
19 69 1
51 52 2
22 84 1
49 55 2
51 66 1
38 42 2
10 64 1
24 71 1
5 56 2
23 95 1
17 18 2
47 49 2
46 81 1
26 82 2
8 27 2
20 75 1
43 74 1
10 80 1
11 81 2
16 43 2
22 87 1
35 70 1
50 72 1
49 53 2
28 42 2
43 88 2
41 47 2
13 31 2
1 55 2
21 59 2
14 83 2
49 88 1
12 53 2
5 43 2
58 74 1
13 41 2
32 53 2
11 14 2
49 59 2
20 58 2
6 87 1
58 65 2
21 73 2
55 94 2
43 54 2
14 39 2
55 86 1
26 29 2
37 92 1
9 82 1
30 80 1
54 84 2
23 73 1
12 88 1
18 97 2
18 47 2
30 56 2
9 58 2
4 11 2
48 85 1
0 78 1
24 50 2
6 36 2
1 51 2
37 38 2
47 58 2
5 92 1
11 41 2
14 89 1
13 53 2
57 73 1
6 9 2
52 94 1
9 27 2
40 82 1
20 41 2
35 62 1
56 90 1
22 66 1
47 96 1
2 50 2
37 88 2
14 67 1
4 52 2
26 40 2
6 10 2
16 33 2
34 70 1
20 88 1
39 64 2
36 92 1
3 91 1
36 90 1
53 69 1
27 73 1
27 97 2
17 93 2
14 55 2
16 86 1
17 40 2
45 82 2
8 94 2
41 53 2
16 53 2
45 60 1
17 26 2
10 11 2
23 53 2
24 61 1
36 46 2
6 51 2
0 35 2
34 91 2
3 39 2
2 65 1
9 15 2
13 17 2
22 86 2
15 42 2
6 67 1
17 43 2
37 71 2
26 50 2
28 31 2
17 44 2
54 60 2
20 54 2
22 42 2
9 29 2
9 98 2
21 31 2
5 22 2
40 86 1
33 41 2
0 86 2
40 61 1
51 58 2
20 44 2
21 80 2
13 30 2
26 27 2
15 70 2
29 42 2
45 73 2
37 97 1
13 22 2
22 31 2
18 42 2
12 18 2
16 40 2
39 47 2
42 85 1
33 44 2
44 94 2
8 45 2
41 94 2
41 70 1
34 60 1
17 39 2
35 91 1
20 81 1
0 18 2
7 25 2
22 82 2
0 22 2
37 80 2
55 63 2
23 37 2
21 35 2
19 29 2
11 27 2
35 81 1
22 80 1
28 61 2
4 5 2
2 6 2
15 74 2
35 88 1
28 90 1
10 20 2
32 82 2
42 49 2
38 41 2
24 67 1
25 83 1
17 53 2
11 94 1
10 52 2
20 45 2
42 60 2
37 59 2
19 99 2
51 78 2
6 58 2
56 68 2
5 40 2
44 96 2
50 53 2
2 3 2
42 94 2
24 51 2
26 70 2
45 97 1
19 21 2
12 56 2
19 53 2
15 72 1
21 22 2
19 51 2
33 42 2
26 57 2
27 83 1
1 28 2
11 51 2
15 89 1
18 46 2
43 49 2
51 79 1
53 65 1
16 75 2
39 51 2
11 15 2
1 96 1
3 77 1
42 52 2
11 68 1
3 76 2
8 35 2
54 68 1
33 68 1
17 27 2
16 50 2
20 95 1
28 63 1
40 68 1
36 72 1
1 57 2
2 72 2
2 95 1
30 34 2
6 8 2
25 30 2
49 57 2
37 86 1
54 95 1
2 82 1
4 36 2
1 27 2
10 27 2
41 91 2
42 46 2
1 9 2
52 96 2
33 51 2
18 79 2
34 35 2
45 48 2
40 64 1
30 66 2
54 88 2
51 87 1
56 93 2
22 95 1
48 99 2
19 49 2
22 52 2
20 72 1
6 30 2
37 47 2
40 50 2
3 23 2
11 73 1
22 61 1
37 63 2
33 87 1
4 82 1
48 67 1
10 26 2
1 19 2
13 42 2
26 37 2
13 84 1
30 55 2
15 79 1
42 43 2
8 29 2
4 49 2
7 99 2
21 38 2
24 65 2
23 68 1
8 16 2
29 95 1
47 97 1
8 88 2
53 83 1
9 69 2
12 72 2
48 61 1
45 85 1
30 31 2
11 46 2
21 50 2
21 65 1
20 36 2
14 96 2
50 91 1
47 72 1
33 45 2
43 45 2
29 70 1
33 43 2
8 77 1
30 49 2
12 99 1
7 20 2
9 89 1
34 54 2
48 51 2
9 48 2
14 90 1
40 57 2
10 42 2
27 87 2
40 92 1
21 41 2
7 58 2
43 92 2
14 36 2
6 91 1
0 32 2
32 72 1
5 52 2
24 42 2
23 32 2
18 50 2
44 70 1
21 60 1
30 32 2
35 75 1
0 44 2
57 59 2
33 39 2
4 74 2
43 56 2
1 24 2
3 19 2
25 35 2
2 55 2
7 15 2
41 48 2
9 14 2
29 66 1
56 58 2
15 97 1
20 79 2
49 75 1
24 30 2
8 59 2
18 38 2
34 88 2
11 80 1
18 80 2
27 62 2
12 40 2
19 40 2
22 30 2
16 96 1
21 30 2
18 90 1
56 76 1
25 76 1
11 29 2
13 33 2
33 59 2
18 28 2
24 55 2
28 86 1
28 34 2
10 93 2
17 45 2
2 21 2
34 48 2
41 66 2
40 88 1
1 66 1
31 56 2
8 25 2
12 94 2
5 10 2
0 67 1
50 75 2
28 39 2
49 58 2
24 36 2
30 65 2
28 83 1
57 66 2
11 33 2
5 41 2
20 28 2
7 43 2
0 83 1
3 4 2
46 66 1
15 31 2
48 77 1
14 35 2
36 42 2
59 90 2
32 44 2
44 65 1
0 61 1
28 40 2
16 56 2
16 83 2
17 22 2
5 62 1
31 51 2
59 63 1
6 54 2
8 46 2
0 49 2
46 60 1
13 93 2
42 93 1
3 81 1
31 77 1
7 79 1
48 53 2
16 27 2
23 44 2
50 67 1
18 88 1
10 49 2
3 45 2
29 32 2
5 80 1
37 49 2
41 59 2
35 80 1
27 91 2
2 93 2
8 66 2
47 70 2
36 95 2
41 97 2
35 36 2
13 63 1
8 22 2
12 47 2
29 46 2
58 62 2
6 11 2
9 32 2
41 92 1
35 82 1
43 46 2
18 85 1
25 52 2
22 92 1
45 70 1
7 53 2
59 68 1
0 40 2
5 42 2
2 73 1
36 63 2
46 73 2
33 64 2
18 67 2
44 82 2
21 97 2
12 20 2
0 4 2
31 41 2
7 82 2
10 81 1
47 84 1
25 78 1
40 48 2
55 87 1
2 66 1
5 84 1
7 30 2
9 99 1
48 83 1
50 90 2
21 69 1
14 59 2
6 95 1
43 57 2
16 32 2
57 94 2
27 68 2
9 41 2
3 62 2
3 28 2
29 43 2
24 60 1
46 75 2
1 21 2
12 13 2
19 71 2
16 37 2
25 74 1
43 50 2
13 20 2
44 67 2
38 39 2
28 73 1
29 48 2
10 32 2
14 56 2
19 34 2
37 40 2
2 77 2
4 87 1
9 25 2
33 67 1
0 2 2
31 78 2
33 97 1
5 97 2
28 30 2
26 43 2
18 45 2
31 75 1
42 55 2
15 98 1
35 66 1
19 54 2
24 49 2
21 76 1
6 34 2
53 73 2
56 84 2
29 35 2
42 95 1
20 31 2
21 71 1
55 75 1
23 28 2
9 77 1
24 47 2
21 45 2
34 99 1
8 92 1
2 44 2
18 32 2
45 51 2
58 71 1
9 38 2
24 41 2
4 67 1
19 84 1
36 54 2
24 35 2
25 84 1
33 90 1
25 75 2
32 83 1
10 35 2
15 37 2
24 58 2
18 53 2
19 79 2
8 76 2
30 93 2
25 66 1
3 52 2
33 80 2
42 78 1
50 54 2
45 76 1
33 58 2
50 82 1
48 73 1
10 92 1
39 77 1
31 90 2
37 81 2
13 59 2
38 96 1
1 5 2
38 82 1
33 37 2
26 75 1
34 77 1
36 61 2
4 6 2
44 63 2
18 30 2
0 79 1
25 53 2
35 93 1
35 49 2
45 77 2
5 15 2
19 24 2
20 94 2
54 92 1
14 24 2
37 56 2
41 99 1
1 10 2
14 34 2
14 72 2
24 26 2
28 46 2
6 32 2
19 59 2
7 40 2
58 76 2
6 17 2
26 36 2
22 53 2
29 98 1
13 87 1
18 56 2
12 48 2
18 57 2
22 36 2
53 66 1
13 71 1
11 55 2
54 59 2
14 62 2
1 45 2
28 36 2
2 40 2
41 52 2
14 18 2
8 10 2
12 70 1
2 30 2
25 26 2
8 70 1
6 97 1
59 92 1
0 14 2
51 57 2
3 22 2
35 58 2
24 89 1
59 91 1
55 56 2
56 95 1
56 82 2
26 54 2
31 76 1
48 49 2
56 59 2
27 65 1
11 53 2
36 51 2
47 88 2
12 59 2
0 80 1
9 57 2
24 40 2
43 90 1
19 32 2
47 77 1
28 41 2
13 18 2
17 77 2
40 89 1
10 96 1
25 88 1
10 30 2
46 77 1
42 84 2
4 96 1
12 17 2
52 59 2
38 74 1
57 69 1
26 49 2
29 56 2
18 54 2
15 85 1
29 67 2
7 21 2
58 78 1
52 99 1
9 34 2
3 85 2
12 51 2
17 60 1
16 48 2
50 95 2
12 42 2
16 35 2
48 91 2
45 89 1
3 48 2
39 86 1
29 90 2
8 32 2
8 57 2
35 46 2
4 75 1
14 42 2
38 99 2
53 80 2
0 96 1
14 41 2
58 72 1
25 69 1
19 77 1
54 81 1
20 33 2
14 25 2
10 18 2
49 76 1
56 57 2
14 22 2
3 82 1
32 45 2
48 82 2
52 75 1
13 85 1
0 31 2
19 96 1
13 27 2
7 83 1
28 66 1
25 34 2
12 30 2
24 64 1
0 55 2
32 90 1
37 58 2
56 72 2
10 72 1
38 87 1
44 77 1
28 52 2
27 34 2
55 73 1
6 16 2
3 20 2
36 57 2
41 63 1
17 35 2
30 82 2
35 73 1
55 96 2
47 69 1
11 90 1
15 50 2
0 53 2
27 50 2
16 89 1
35 41 2
11 37 2
6 14 2
10 40 2
23 43 2
7 68 1
7 92 1
21 67 1
38 58 2
15 92 1
14 95 1
17 30 2
3 30 2
8 68 1
42 72 2
40 77 1
37 44 2
15 44 2
47 89 1
20 64 1
1 3 2
25 41 2
38 50 2
27 51 2
5 31 2
36 38 2
21 92 2
26 91 1
19 35 2
19 43 2
7 57 2
14 46 2
41 49 2
30 41 2
25 62 2
18 51 2
12 78 1
29 41 2
19 55 2
11 30 2
8 56 2
38 86 1
56 86 2
32 61 1
29 73 2
8 12 2
43 89 1
15 48 2
7 85 2
12 45 2
43 83 1
21 46 2
44 50 2
16 17 2
45 99 2
42 66 1
35 56 2
34 71 2
25 81 2
4 37 2
18 55 2
46 93 1
16 18 2
1 46 2
1 25 2
48 97 2
45 90 1
4 35 2
13 58 2
25 42 2
47 57 2
16 47 2
20 47 2
39 96 2
25 97 2
38 67 1
2 10 2
32 39 2
13 28 2
56 98 1
7 52 2
32 86 1
15 76 1
15 59 2
57 78 1
40 63 1
3 25 2
37 55 2
6 22 2
4 30 2
55 99 1
56 97 2
3 31 2
26 47 2
54 55 2
16 90 2
21 63 2
2 92 1
6 35 2
6 55 2
1 54 2
36 75 1
24 91 2
0 38 2
41 80 1
2 59 2
28 33 2
19 58 2
34 65 1
24 52 2
3 59 2
33 35 2
2 87 2
27 90 1
7 29 2
18 59 2
2 37 2
57 82 1
0 30 2
4 91 1
52 95 1
42 98 1
8 73 1
17 34 2
23 61 1
23 79 2
3 51 2
24 57 2
18 49 2
4 41 2
5 29 2
20 26 2
27 32 2
13 61 2
26 53 2
21 78 1
29 38 2
14 31 2
9 11 2
13 49 2
17 48 2
7 49 2
11 75 2
55 93 1
9 95 1
54 79 1
4 71 1
52 97 2
33 66 2
19 42 2
39 54 2
13 37 2
13 56 2
6 25 2
1 44 2
7 69 2
50 51 2
22 44 2
35 94 1
14 53 2
18 20 2
24 93 2
26 31 2
12 25 2
41 88 1
17 28 2
35 45 2
33 53 2
40 66 1
3 65 2
12 97 1
48 69 2
7 45 2
9 80 1
3 74 1
18 33 2
37 43 2
45 50 2
6 37 2
10 19 2
7 24 2
19 72 1
24 76 2
20 21 2
46 56 2
21 86 1
24 27 2
2 58 2
1 43 2
6 63 1
17 19 2
34 84 1
4 80 1
8 40 2
7 28 2
2 42 2
39 78 2
36 87 1
3 40 2
24 53 2
15 32 2
25 56 2
39 60 1
14 91 1
11 77 1
51 56 2
5 33 1
34 53 1
32 71 1
52 54 1
1 12 1
