% n=180 p=33 d=0.33 p_blue=0.33
% k=0
5 131 1
32 118 1
49 59 2
9 133 2
24 51 2
18 47 2
43 169 2
26 47 2
52 54 2
25 151 2
2 85 1
8 101 1
51 71 1
14 175 1
22 154 1
50 144 2
2 17 2
40 146 1
0 4 2
32 50 2
49 123 1
8 9 2
40 165 2
20 106 1
5 16 2
19 43 2
29 67 2
37 96 1
22 177 1
15 44 2
36 47 2
4 55 2
13 17 2
32 146 2
36 96 2
22 47 2
4 6 2
15 152 1
2 67 1
31 139 2
5 65 1
13 99 2
55 80 1
20 52 2
1 7 2
5 55 2
53 98 1
12 53 2
11 37 2
21 30 2
18 33 2
55 143 2
14 54 2
8 147 1
26 146 1
44 167 1
35 175 2
55 116 1
45 78 1
45 157 2
22 179 2
29 96 1
1 141 1
4 29 2
2 154 1
52 176 1
49 171 1
4 15 2
30 86 2
8 82 1
18 48 2
33 41 2
15 49 2
28 97 2
22 46 2
12 13 2
7 20 2
43 47 2
56 84 2
8 33 2
28 101 1
21 124 1
6 52 2
20 26 2
7 72 2
4 167 1
15 156 1
37 108 1
47 56 2
51 69 1
40 61 1
41 164 1
40 86 1
23 132 2
52 149 2
34 113 1
45 170 1
14 111 1
27 106 1
28 64 2
5 171 2
22 33 2
3 43 2
4 125 1
47 67 1
22 59 2
11 142 1
6 8 2
5 20 2
29 46 2
20 58 2
43 74 1
15 91 2
9 52 2
8 133 1
24 31 2
4 53 2
28 48 2
20 113 2
38 63 1
3 125 1
0 158 1
20 90 1
53 125 1
42 99 1
28 128 1
23 137 1
44 83 1
7 57 2
36 46 2
9 151 1
56 89 1
28 45 2
17 96 2
39 43 2
38 49 2
45 155 1
21 104 1
23 168 2
10 143 1
45 131 2
14 73 1
26 95 2
26 96 1
6 45 2
8 37 2
50 70 1
36 113 1
37 99 1
11 71 2
17 60 1
38 39 2
17 120 2
20 91 1
47 92 1
8 10 2
9 78 1
45 153 1
7 163 1
33 119 2
17 83 2
42 71 2
18 88 2
32 90 1
56 163 2
27 46 2
44 65 1
55 57 2
23 171 1
42 57 2
33 109 1
2 112 1
30 49 2
2 126 1
7 25 2
46 137 1
14 48 2
46 51 2
27 149 1
14 141 1
12 98 1
12 23 2
15 40 2
34 141 1
27 164 2
38 57 2
57 116 1
42 55 2
5 39 2
28 36 2
0 11 2
2 51 2
30 38 2
9 34 2
5 36 2
10 107 1
34 83 1
30 93 1
37 133 1
2 124 2
54 115 1
48 91 1
39 88 1
21 28 2
35 56 2
16 50 2
23 49 2
6 135 1
32 39 2
5 46 2
5 37 2
44 144 2
0 32 2
41 109 1
49 149 1
4 13 2
53 111 2
41 167 1
23 53 2
4 169 1
6 32 2
13 142 2
27 49 2
3 35 2
16 80 1
46 104 2
34 96 1
53 85 1
0 9 2
55 141 1
49 110 2
25 168 2
34 117 1
14 59 2
51 172 2
7 172 2
18 103 1
3 55 2
11 50 2
45 169 1
6 132 2
27 143 1
15 146 2
51 59 2
26 132 1
0 161 2
26 134 1
26 126 1
11 46 2
28 114 2
11 35 2
27 60 2
0 163 1
25 137 1
6 103 2
46 78 1
17 97 2
25 179 2
4 116 1
19 75 1
9 79 1
4 134 1
13 162 2
34 39 2
21 25 2
11 33 2
7 42 2
32 94 2
37 69 1
2 53 2
16 22 2
18 43 2
42 64 1
5 40 2
1 15 2
25 29 2
15 116 1
5 44 2
23 84 1
6 124 1
1 60 1
0 41 2
47 123 2
52 71 2
40 57 2
53 57 2
16 120 1
57 121 2
25 167 1
36 44 2
11 88 1
4 85 1
14 64 1
18 59 2
11 170 1
8 121 1
23 170 1
1 43 2
36 122 1
0 47 2
53 56 2
8 65 1
22 58 2
11 130 2
33 36 2
10 39 2
28 165 1
55 157 1
8 72 1
19 44 2
43 134 1
47 57 2
9 59 2
41 145 1
10 46 2
24 29 2
4 139 1
26 142 1
42 49 2
13 54 2
2 19 2
28 29 2
44 112 1
33 58 2
24 57 2
27 39 2
15 51 2
50 103 2
53 62 2
28 53 2
17 108 1
29 42 2
25 58 2
28 115 1
22 103 1
48 167 2
40 80 1
36 51 2
7 175 2
27 77 1
27 30 2
50 164 1
39 118 1
10 28 2
13 178 1
2 11 2
15 46 2
54 96 1
12 145 1
49 84 2
40 42 2
19 87 1
2 41 2
7 81 1
41 118 2
3 52 2
31 104 1
5 58 2
2 56 2
43 146 1
1 10 2
7 27 2
49 157 2
7 60 1
47 134 2
58 70 2
8 112 1
37 55 2
54 107 2
4 20 2
8 77 2
28 100 2
24 73 1
15 151 1
36 123 2
54 67 2
58 145 1
24 139 1
52 56 2
56 87 1
48 50 2
27 73 1
37 76 2
20 98 1
4 23 2
4 49 2
44 47 2
1 59 2
11 20 2
14 58 2
11 22 2
5 18 2
0 107 2
9 111 1
13 172 2
18 143 1
50 73 2
31 41 2
48 159 1
10 19 2
30 178 1
21 39 2
18 42 2
21 29 2
24 46 2
4 160 1
2 81 2
8 162 2
13 165 2
52 90 1
45 46 2
39 54 2
42 112 1
16 114 1
58 73 1
32 149 2
18 32 2
18 64 1
40 41 2
53 79 1
51 60 1
56 172 2
26 30 2
4 112 2
19 171 2
42 155 1
5 103 2
55 64 1
25 55 2
28 94 2
9 98 2
14 174 1
14 41 2
50 158 2
30 55 2
46 69 1
57 114 1
52 64 1
0 73 1
8 29 2
16 29 2
4 126 1
13 127 1
34 49 2
34 133 1
0 36 2
20 149 1
59 119 1
12 100 1
59 177 1
26 116 1
36 95 2
27 47 2
0 5 2
54 64 1
33 53 2
2 36 2
22 118 2
10 54 2
36 138 2
18 45 2
31 59 2
19 49 2
4 94 1
42 83 1
38 119 1
16 75 1
20 124 1
58 158 1
43 94 1
6 89 1
10 29 2
2 60 2
39 49 2
31 153 1
1 89 1
5 9 2
42 92 1
50 167 1
20 50 2
5 30 2
15 37 2
49 50 2
59 175 1
33 39 2
34 48 2
30 52 2
13 37 2
32 85 1
20 54 2
7 24 2
19 58 2
2 25 2
10 160 1
19 150 1
21 130 1
27 57 2
7 33 2
24 148 1
9 40 2
30 48 2
53 115 1
32 119 2
34 66 1
27 155 1
8 57 2
9 35 2
3 104 2
12 48 2
52 55 2
0 69 2
16 131 2
23 28 2
18 146 1
9 10 2
16 56 2
41 42 2
30 58 2
27 81 2
46 71 2
22 37 2
48 102 2
51 62 1
50 71 1
11 55 2
45 52 2
29 84 2
42 77 2
19 57 2
10 24 2
19 116 1
0 19 2
6 65 2
6 31 2
19 115 1
25 76 1
39 163 2
8 41 2
23 89 2
22 128 2
41 59 2
1 42 2
34 53 2
31 162 1
36 64 1
4 89 2
59 79 1
12 39 2
50 154 1
39 139 1
30 163 1
30 176 1
9 90 2
12 55 2
17 22 2
13 131 2
41 65 1
22 60 2
26 34 2
29 59 2
32 58 2
35 36 2
28 34 2
11 53 2
2 49 2
45 89 2
32 54 2
7 18 2
26 89 2
13 21 2
10 18 2
45 136 1
52 95 1
23 76 1
19 169 1
32 114 2
47 64 1
24 171 1
15 124 2
29 88 2
44 160 1
4 51 2
3 26 2
15 56 2
44 110 1
0 133 2
7 59 2
4 54 2
37 125 2
20 110 2
2 75 1
16 39 2
11 172 1
16 40 2
31 96 2
28 31 2
44 52 2
20 49 2
4 86 1
44 66 1
31 114 1
32 137 1
46 94 1
44 154 2
14 29 2
33 35 2
16 64 2
23 163 1
21 99 1
13 95 1
14 32 2
10 40 2
13 91 2
21 51 2
1 81 2
1 176 2
23 52 2
19 72 1
21 43 2
16 24 2
37 54 2
7 142 1
39 59 2
49 121 2
0 57 2
14 34 2
53 99 1
43 97 1
31 52 2
39 179 1
43 179 1
42 45 2
14 133 1
21 119 1
59 77 2
0 34 2
0 20 2
19 20 2
57 151 1
50 55 2
0 76 1
1 4 2
14 42 2
24 40 2
26 115 2
21 36 2
23 128 1
1 38 2
17 41 2
53 144 2
41 155 2
13 145 1
50 92 2
8 125 2
29 126 1
58 163 1
7 48 2
10 167 2
4 33 2
17 122 2
43 122 1
19 32 2
8 51 2
48 53 2
2 46 2
1 13 2
52 91 1
6 115 1
17 140 1
41 44 2
27 45 2
14 23 2
16 43 2
12 42 2
15 30 2
0 136 2
38 170 1
49 159 2
53 162 2
19 47 2
41 114 1
35 145 2
54 123 1
6 27 2
58 166 1
26 105 1
22 81 1
7 162 1
27 44 2
31 84 1
26 90 1
42 141 1
6 29 2
21 172 1
41 121 1
6 43 2
54 89 1
47 109 1
24 50 2
16 101 2
5 25 2
11 38 2
39 50 2
18 52 2
21 42 2
2 90 1
20 45 2
6 179 1
30 94 1
4 61 1
31 43 2
52 93 1
21 133 1
40 49 2
44 141 1
37 78 1
4 152 1
3 33 2
12 139 1
17 144 1
26 33 2
55 59 2
57 132 1
35 50 2
24 114 1
35 64 1
14 22 2
5 91 2
54 58 2
28 51 2
36 42 2
23 24 2
4 24 2
7 44 2
20 51 2
30 98 1
13 29 2
1 107 1
49 128 2
9 50 2
7 149 2
50 131 1
29 58 2
45 58 2
7 31 2
18 89 1
1 101 1
7 47 2
17 25 2
36 90 1
22 121 1
57 150 2
38 71 1
4 50 2
2 74 2
27 34 2
41 54 2
41 137 1
29 111 2
33 51 2
14 46 2
31 92 1
35 158 1
43 76 2
38 135 1
46 130 2
9 33 2
14 37 2
36 120 1
15 98 2
49 56 2
21 57 2
5 17 2
51 167 1
19 51 2
17 49 2
27 31 2
20 23 2
42 159 1
57 59 2
26 85 1
20 102 1
53 74 1
24 155 1
32 49 2
29 38 2
3 4 2
11 162 1
7 23 2
6 46 2
21 152 1
17 46 2
5 59 2
1 3 2
36 45 2
19 56 2
21 46 2
5 50 2
15 111 1
16 58 2
10 32 2
19 177 2
39 89 2
41 124 1
10 89 1
21 110 1
44 161 2
56 81 2
21 52 2
11 163 1
6 174 1
33 111 1
53 170 1
4 41 2
1 8 2
34 100 2
25 74 1
44 68 1
42 145 2
31 47 2
15 112 1
33 43 2
42 89 1
21 77 2
43 152 1
48 145 1
3 24 2
2 26 2
43 96 1
0 127 1
23 74 1
22 150 1
49 71 2
13 56 2
4 28 2
33 44 2
22 71 1
0 42 2
5 35 2
40 107 1
36 135 1
57 67 1
39 133 1
44 138 1
43 46 2
9 12 2
41 51 2
41 120 2
14 105 1
48 49 2
47 166 1
3 12 2
4 48 2
45 48 2
40 159 1
23 175 1
5 53 2
48 160 1
55 123 2
43 98 2
22 88 1
32 71 1
39 42 2
25 84 2
22 78 1
5 101 1
55 126 2
43 91 1
26 78 1
12 57 2
38 128 2
4 26 2
12 29 2
3 14 2
38 114 1
25 118 1
17 20 2
12 24 2
32 116 1
24 33 2
48 147 1
27 38 2
36 130 1
5 88 2
27 55 2
11 122 2
29 100 1
54 166 2
35 84 1
9 19 2
2 12 2
59 117 2
51 61 1
29 53 2
10 22 2
21 169 1
17 56 2
33 34 2
39 53 2
28 164 1
28 33 2
53 88 2
28 35 2
50 135 1
52 124 1
5 10 2
33 48 2
42 46 2
31 163 1
4 16 2
25 34 2
34 60 1
43 64 1
59 108 2
55 151 1
33 167 1
31 130 1
48 87 1
39 90 1
49 120 2
28 37 2
6 150 1
8 60 1
24 49 2
25 53 2
30 43 2
8 110 2
26 147 2
37 150 1
35 168 2
0 179 1
48 158 1
16 88 2
2 149 1
56 160 1
17 35 2
1 19 2
41 56 2
46 68 2
53 142 2
25 85 1
49 75 2
16 89 2
7 17 2
57 74 1
27 146 1
39 72 2
41 72 1
13 32 2
21 116 1
10 17 2
25 104 1
14 112 1
45 137 1
19 121 2
2 6 2
20 80 1
42 62 1
17 37 2
39 141 2
31 56 2
35 46 2
47 108 1
43 45 2
48 177 2
54 169 1
21 90 1
2 38 2
15 48 2
0 145 1
8 13 2
10 14 2
31 46 2
8 86 1
43 48 2
18 54 2
5 144 1
9 116 1
56 145 1
0 56 2
0 160 2
4 31 2
11 32 2
17 33 2
42 149 1
9 121 1
20 24 2
15 25 2
4 178 1
37 61 2
2 97 1
47 96 1
6 28 2
43 75 2
25 39 2
35 47 2
14 33 2
40 64 1
23 32 2
50 57 2
21 141 2
38 155 2
7 55 2
13 51 2
54 80 2
5 27 2
38 44 2
13 40 2
44 56 2
3 48 2
28 40 2
21 60 2
12 123 1
13 28 2
44 48 2
7 124 1
6 163 1
31 173 1
25 125 1
16 158 1
10 162 1
5 7 2
23 177 2
24 59 2
26 139 1
32 59 2
50 116 1
5 11 2
3 13 2
22 105 1
43 107 1
11 28 2
33 159 1
56 170 2
17 21 2
22 149 1
56 127 1
40 52 2
30 152 2
11 16 2
2 39 2
51 127 1
5 41 2
38 112 1
6 98 2
3 140 2
3 6 2
52 134 1
11 58 2
27 66 1
13 36 2
46 141 1
0 23 2
9 107 1
43 52 2
52 94 1
59 120 2
32 108 1
16 19 2
56 95 2
48 173 2
33 87 1
29 39 2
0 12 2
48 178 2
1 55 2
9 13 2
47 59 2
56 74 2
4 64 2
34 42 2
24 176 1
14 47 2
1 179 1
18 156 1
21 31 2
15 77 1
24 35 2
8 96 2
42 142 1
3 54 2
8 53 2
4 36 2
2 18 2
25 31 2
43 44 2
57 81 1
46 63 1
39 84 1
30 167 2
3 29 2
51 56 2
4 39 2
12 22 2
5 133 1
18 155 1
40 51 2
28 96 1
51 136 2
32 77 1
2 72 2
18 19 2
2 28 2
2 44 2
46 66 1
20 66 2
33 169 1
3 41 2
4 99 1
8 158 1
15 36 2
7 46 2
30 32 2
36 39 2
48 78 1
2 136 1
0 172 2
6 164 1
1 39 2
25 131 1
12 102 2
47 121 2
47 163 1
17 27 2
45 149 1
23 30 2
1 74 1
35 110 1
32 64 2
1 44 2
18 69 1
18 63 1
27 36 2
32 141 2
55 56 2
23 101 1
44 46 2
36 88 1
56 138 1
15 24 2
1 20 2
16 82 1
56 165 1
1 36 2
24 87 2
34 93 2
9 32 2
57 176 1
39 153 1
19 70 1
4 47 2
21 160 1
33 62 1
11 125 2
35 81 1
42 58 2
16 17 2
0 29 2
2 43 2
10 43 2
14 102 2
51 161 1
26 44 2
33 95 2
39 169 1
18 34 2
39 124 1
40 106 1
15 57 2
58 60 1
11 64 2
40 89 1
38 175 1
14 26 2
9 27 2
11 62 1
22 23 2
17 159 2
4 52 2
50 140 1
7 11 2
59 105 1
54 148 1
6 134 1
40 129 1
26 62 2
6 176 1
28 54 2
26 41 2
0 128 2
28 90 1
42 179 1
58 59 2
22 55 2
57 90 1
35 44 2
38 158 2
49 55 2
24 157 1
7 54 2
25 32 2
55 105 1
32 42 2
50 141 1
8 171 1
55 79 2
38 176 2
37 132 2
52 156 1
14 31 2
7 34 2
40 117 1
14 170 2
13 137 1
55 102 2
28 146 1
33 64 1
40 163 1
42 52 2
13 57 2
45 49 2
11 127 1
1 164 1
12 63 1
57 175 1
17 65 1
47 150 2
24 52 2
11 59 2
29 32 2
46 171 2
1 56 2
24 96 2
9 163 1
25 97 1
50 84 2
33 106 1
45 47 2
55 94 2
3 7 2
30 39 2
0 60 1
30 33 2
38 98 2
34 50 2
52 53 2
56 140 2
8 52 2
6 81 1
0 143 1
59 89 1
2 47 2
2 63 1
32 104 2
19 37 2
1 91 2
39 166 1
11 30 2
26 74 2
9 56 2
26 40 2
14 85 1
15 22 2
11 117 2
20 55 2
7 152 1
9 47 2
27 43 2
16 25 2
9 37 2
6 21 2
48 59 2
40 102 1
16 45 2
12 51 2
5 56 2
45 55 2
23 47 2
7 144 2
35 87 1
35 157 1
13 24 2
30 62 2
37 142 2
8 172 1
9 102 1
2 14 2
9 146 2
42 133 2
38 54 2
33 50 2
38 70 1
56 65 2
44 91 1
8 55 2
2 150 2
37 102 1
1 96 1
6 155 1
35 59 2
0 45 2
41 64 1
52 136 1
13 135 1
6 25 2
4 7 2
40 168 1
13 23 2
17 156 1
8 59 2
38 122 1
10 138 1
59 101 1
20 112 1
34 56 2
11 157 1
21 48 2
48 116 1
27 92 2
25 36 2
56 141 2
16 157 2
36 72 1
8 30 2
29 43 2
9 43 2
6 139 1
23 56 2
16 161 2
28 110 1
50 51 2
35 121 1
44 132 1
44 45 2
50 113 2
49 129 2
18 60 2
38 101 1
36 40 2
50 69 1
35 69 1
3 59 2
5 42 2
50 172 2
40 54 2
6 61 2
5 63 1
40 167 1
26 39 2
33 148 1
23 46 2
32 175 2
58 107 1
8 22 2
25 46 2
34 94 1
35 128 1
1 2 2
31 101 2
9 49 2
16 154 1
23 38 2
18 51 2
22 27 2
53 159 2
30 97 1
29 123 1
2 23 2
2 155 1
16 51 2
40 130 1
31 129 2
47 85 1
34 171 1
13 58 2
41 85 2
9 147 1
11 45 2
40 139 1
56 101 1
51 144 2
38 93 2
15 31 2
48 138 1
26 58 2
37 71 2
42 63 2
16 90 2
12 140 2
46 179 1
22 173 1
15 123 1
20 47 2
13 33 2
33 114 2
27 62 1
16 52 2
1 73 1
28 59 2
4 34 2
35 90 2
8 16 2
47 87 1
47 146 1
24 126 1
6 10 2
18 53 2
25 26 2
3 10 2
39 57 2
13 65 1
57 170 2
10 31 2
4 22 2
12 58 2
33 52 2
9 26 2
38 50 2
10 51 2
59 98 1
35 45 2
52 157 1
32 74 1
3 34 2
49 136 2
14 94 1
58 114 2
55 76 1
4 127 1
3 49 2
38 47 2
28 57 2
53 156 1
12 68 1
23 54 2
28 150 2
31 99 2
42 151 2
3 45 2
42 95 1
7 26 2
34 36 2
9 45 2
54 84 2
10 157 1
10 85 2
40 53 2
38 59 2
44 102 2
8 107 1
15 45 2
21 76 1
18 168 1
31 131 1
20 48 2
40 116 1
26 32 2
3 50 2
51 138 2
18 144 1
25 123 1
15 76 1
16 71 2
23 118 2
6 126 1
25 91 2
34 75 1
57 86 2
47 97 1
7 69 1
48 142 2
8 98 1
42 138 1
14 52 2
23 154 2
15 174 1
11 118 1
4 154 1
1 94 1
32 111 1
34 143 1
11 17 2
8 48 2
48 170 2
10 38 2
36 77 1
50 97 2
36 50 2
22 169 1
4 88 1
22 29 2
37 38 2
22 34 2
18 57 2
5 24 2
24 34 2
18 112 1
3 47 2
29 89 1
51 133 1
28 163 1
3 32 2
45 79 1
6 56 2
44 49 2
3 19 2
10 56 2
46 65 1
1 49 2
34 152 1
20 168 1
57 107 1
0 174 1
3 21 2
50 58 2
2 57 2
53 59 2
29 132 1
33 75 1
6 9 2
57 108 1
25 40 2
1 173 1
3 9 2
40 58 2
37 49 2
23 147 1
52 103 2
16 116 2
36 73 1
47 65 1
34 105 1
26 162 1
7 137 2
11 112 1
22 104 1
26 178 1
22 35 2
9 39 2
27 135 1
10 96 1
39 171 1
50 98 1
21 27 2
29 178 1
48 96 2
25 128 2
14 44 2
7 58 2
0 31 2
26 48 2
26 155 2
1 126 1
2 52 2
3 39 2
23 115 2
22 44 2
36 106 1
17 30 2
37 176 1
50 89 1
59 147 1
55 103 1
45 51 2
59 132 2
43 53 2
25 30 2
49 166 2
19 52 2
30 116 1
8 47 2
36 54 2
30 51 2
21 49 2
5 71 1
4 173 2
5 54 2
35 130 2
7 117 2
18 77 1
56 153 1
49 168 2
32 61 1
35 139 1
39 125 1
7 41 2
14 56 2
51 123 2
0 18 2
18 41 2
9 25 2
11 108 2
43 156 1
47 66 2
0 27 2
1 25 2
7 30 2
22 45 2
15 18 2
42 50 2
46 52 2
58 68 1
26 124 2
35 108 1
1 32 2
12 17 2
18 35 2
17 141 1
4 25 2
55 135 1
17 151 2
20 46 2
11 27 2
41 139 2
16 20 2
13 41 2
25 88 2
56 158 1
1 51 2
12 75 1
48 131 2
22 170 1
50 179 1
44 163 2
50 62 1
43 59 2
3 17 2
27 126 2
6 53 2
37 145 1
36 143 1
6 33 2
36 174 2
3 44 2
48 56 2
41 52 2
40 126 1
46 116 1
12 137 1
16 76 2
59 174 1
41 166 1
59 148 1
10 21 2
10 15 2
49 132 1
38 48 2
17 118 2
19 176 1
7 176 1
35 54 2
9 66 1
42 43 2
0 125 2
15 166 2
30 134 2
4 82 1
4 69 1
30 131 2
42 122 1
47 155 1
54 172 1
40 156 2
23 50 2
26 54 2
21 54 2
11 174 1
37 156 2
41 66 1
42 165 2
1 16 2
18 79 1
30 44 2
11 41 2
48 51 2
25 72 2
25 56 2
20 107 1
11 54 2
48 118 2
19 28 2
3 53 2
44 105 2
26 125 1
48 58 2
31 75 1
0 26 2
19 23 2
5 19 2
16 146 1
17 138 1
34 61 2
18 75 1
13 82 2
6 54 2
25 173 2
1 21 2
11 152 1
24 109 1
22 102 1
23 33 2
23 45 2
47 153 1
3 51 2
43 115 1
47 143 1
10 23 2
35 72 1
41 101 1
8 14 2
47 71 1
29 52 2
10 174 2
2 66 1
7 36 2
16 159 2
16 57 2
9 113 1
42 178 1
39 167 1
3 175 1
38 132 2
14 35 2
16 37 2
11 52 2
30 119 1
22 24 2
55 154 1
23 44 2
19 30 2
45 142 1
34 145 1
47 136 1
20 82 1
15 29 2
27 33 2
40 104 1
31 39 2
0 173 2
47 83 1
18 124 1
4 95 1
58 144 1
5 38 2
13 44 2
17 115 1
57 167 1
19 40 2
2 35 2
24 25 2
29 136 2
9 58 2
22 51 2
43 69 1
2 16 2
17 36 2
18 27 2
19 64 1
14 93 2
15 38 2
25 45 2
31 40 2
21 175 1
47 91 1
26 154 2
41 169 1
41 46 2
1 53 2
13 39 2
41 45 2
7 19 2
46 90 1
10 16 2
7 127 1
11 21 2
2 103 2
33 69 1
20 83 2
36 43 2
32 113 2
1 40 2
20 163 1
14 43 2
19 140 1
21 59 2
22 165 1
9 31 2
20 35 2
41 50 2
50 175 1
28 121 2
11 176 2
0 43 2
50 95 1
5 6 2
12 32 2
18 26 2
2 34 2
34 37 2
31 42 2
2 127 1
9 61 1
3 40 2
23 160 2
2 9 2
5 14 2
10 66 1
14 39 2
11 24 2
12 26 2
10 91 1
23 34 2
50 138 1
25 166 1
24 111 1
12 136 1
52 57 2
23 134 2
17 42 2
10 126 1
21 167 2
9 29 2
4 56 2
10 59 2
22 56 2
19 136 1
49 52 2
15 41 2
43 58 2
48 172 1
2 98 2
22 131 2
0 52 2
38 56 2
9 141 1
25 89 2
17 143 1
26 51 2
44 53 2
27 125 2
36 59 2
49 73 1
17 172 1
21 24 2
4 32 2
30 31 2
51 170 1
14 96 1
15 47 2
51 135 2
57 71 1
10 83 1
8 26 2
24 112 1
1 52 2
34 153 2
6 44 2
20 29 2
5 100 1
15 21 2
10 97 2
56 146 1
41 60 1
22 134 1
37 63 1
59 72 1
25 176 1
37 158 1
56 104 1
12 47 2
25 100 1
27 52 2
59 166 1
15 75 1
2 108 1
4 156 1
7 62 1
32 103 2
17 23 2
19 53 2
0 17 2
0 91 2
6 7 2
35 97 2
25 28 2
56 144 1
39 58 2
15 54 2
54 61 1
35 41 2
20 37 2
43 51 2
52 159 2
45 108 2
8 17 2
57 124 2
6 123 2
57 158 1
13 53 2
34 104 1
14 51 2
50 56 2
17 45 2
37 89 1
55 170 2
30 50 2
0 35 2
1 58 2
21 33 2
32 33 2
9 44 2
7 119 1
16 26 2
1 29 2
2 153 1
35 42 2
38 52 2
3 153 1
50 52 2
54 136 1
28 32 2
21 153 2
38 58 2
39 94 2
19 117 1
20 146 1
45 127 1
37 136 1
4 103 1
28 119 1
41 70 1
11 13 2
1 156 2
19 77 2
44 57 2
20 34 2
8 170 1
34 88 1
21 98 2
28 46 2
49 105 1
24 78 1
41 58 2
24 129 1
7 56 2
46 59 2
46 56 2
6 113 2
34 57 2
28 177 2
16 92 1
30 40 2
2 4 2
2 27 2
7 165 1
39 130 1
3 142 1
10 57 2
53 131 2
5 120 1
13 166 1
30 59 2
29 109 1
3 42 2
44 59 2
29 56 2
54 69 2
6 47 2
5 28 2
58 125 1
22 28 2
4 46 2
9 69 1
0 83 1
24 156 1
50 81 1
19 73 1
49 113 2
51 124 1
16 73 1
28 136 1
44 82 1
18 128 1
0 15 2
24 159 2
35 163 1
5 155 1
47 60 1
47 52 2
5 117 1
37 68 1
36 53 2
8 103 2
21 58 2
7 78 2
23 130 2
27 150 1
9 144 1
0 8 2
34 51 2
27 121 2
30 34 2
1 9 2
0 48 2
50 61 2
22 32 2
25 52 2
20 99 1
23 57 2
40 85 1
26 52 2
46 124 1
7 95 2
53 69 2
23 161 2
22 151 1
30 45 2
36 66 2
5 22 2
36 92 1
15 149 2
28 173 1
42 75 2
40 155 2
28 166 1
20 40 2
29 151 2
31 132 1
3 147 1
57 174 1
29 49 2
18 108 2
1 5 2
56 110 1
26 164 2
4 74 2
16 35 2
45 88 1
16 59 2
50 54 2
25 57 2
22 87 2
28 171 1
52 69 2
42 160 2
56 126 2
51 57 2
21 78 1
3 87 1
17 106 1
18 31 2
11 14 2
9 22 2
21 107 2
55 96 1
1 159 2
48 139 1
36 124 1
3 144 1
41 49 2
28 47 2
39 121 1
11 178 2
37 114 1
51 52 2
40 114 1
25 51 2
31 83 1
16 30 2
21 142 1
47 115 1
13 14 2
38 142 1
39 46 2
0 16 2
21 56 2
19 29 2
18 86 1
40 152 1
6 58 2
28 60 1
7 155 1
28 44 2
40 176 1
5 15 2
42 177 1
16 117 1
4 5 2
34 45 2
12 64 2
55 156 2
49 112 1
51 160 1
3 85 2
54 114 1
15 39 2
19 45 2
37 51 2
9 53 2
52 63 2
59 161 2
37 48 2
14 120 1
25 142 2
7 94 2
0 1 2
28 75 2
3 5 2
37 83 1
1 48 2
59 163 2
23 26 2
47 82 1
4 166 1
0 38 2
24 170 2
5 31 2
49 58 2
6 51 2
16 172 2
44 80 1
29 51 2
2 117 1
25 61 2
3 116 1
11 15 2
12 59 2
4 21 2
31 32 2
6 36 2
4 30 2
21 22 2
41 159 2
3 46 2
3 36 2
39 45 2
18 29 2
36 81 2
11 120 2
12 154 1
51 89 2
12 28 2
59 142 2
24 56 2
21 145 1
12 49 2
0 40 2
22 40 2
9 54 2
5 121 1
23 37 2
16 119 1
10 178 1
16 108 1
18 100 2
26 130 1
22 50 2
16 42 2
42 90 2
13 175 1
30 35 2
41 132 1
4 140 1
55 179 1
19 27 2
28 71 1
10 53 2
43 105 1
3 70 1
14 155 1
26 127 2
47 177 1
47 86 1
57 146 2
7 22 2
10 33 2
46 98 1
42 146 2
12 147 1
23 55 2
45 84 1
23 179 1
29 57 2
19 31 2
26 151 2
35 112 1
6 62 1
19 22 2
14 126 1
1 149 1
11 103 1
3 126 2
36 115 1
26 179 1
56 76 1
8 46 2
4 18 2
50 64 2
10 26 2
22 49 2
13 15 2
34 115 1
2 61 2
38 100 1
47 112 1
18 169 2
36 159 2
55 61 1
22 136 1
2 42 2
16 46 2
51 178 1
2 45 2
15 53 2
57 125 1
20 21 2
35 135 1
12 135 1
6 107 1
11 31 2
10 44 2
17 162 1
5 47 2
39 51 2
58 111 1
31 35 2
54 130 1
53 166 2
11 121 1
2 21 2
12 91 1
32 47 2
23 125 1
23 42 2
20 39 2
23 58 2
28 140 2
8 18 2
14 117 1
36 99 1
3 15 2
26 97 2
6 57 2
49 85 2
26 43 2
13 30 2
12 31 2
49 118 1
17 51 2
14 24 2
11 179 2
17 47 2
52 85 1
11 18 2
55 115 1
42 51 2
40 125 2
5 32 2
10 114 1
30 129 1
4 129 1
46 48 2
0 86 2
3 133 1
9 156 2
25 93 1
10 34 2
28 154 1
12 85 2
1 54 2
11 19 2
39 85 1
46 112 1
50 109 1
49 143 2
8 45 2
34 84 1
9 169 1
19 24 2
9 91 1
25 47 2
9 23 2
51 90 1
51 101 1
52 163 2
29 45 2
8 28 2
4 170 1
33 49 2
41 123 1
41 117 1
15 20 2
15 26 2
2 50 2
18 159 2
46 155 1
33 129 2
36 91 1
11 44 2
58 115 1
43 88 1
14 118 1
40 50 2
20 119 2
15 134 1
50 166 1
13 49 2
12 144 1
23 80 2
35 156 2
21 70 1
20 96 1
23 169 1
35 162 1
25 27 2
20 27 2
14 18 2
12 37 2
19 148 1
20 101 1
32 130 1
52 153 2
16 160 1
45 69 1
10 81 2
20 158 1
24 99 1
1 45 2
8 42 2
19 103 2
1 139 1
17 158 1
48 69 2
55 83 2
29 54 2
37 170 2
1 41 2
20 114 2
3 71 1
35 55 2
29 44 2
1 46 2
19 151 2
41 68 2
18 25 2
30 46 2
51 92 1
32 38 2
48 68 1
59 135 2
2 146 2
19 84 1
42 69 1
24 55 2
27 41 2
31 50 2
27 93 2
19 46 2
27 48 2
2 91 1
9 24 2
27 136 1
28 77 2
43 61 2
12 109 1
24 30 2
51 68 1
45 110 2
31 149 1
22 43 2
5 21 2
20 162 1
13 155 1
0 10 2
46 109 2
21 158 1
37 42 2
40 84 2
26 49 2
17 59 2
8 149 2
13 46 2
46 55 2
33 59 2
12 126 2
3 25 2
27 87 1
53 92 1
49 99 1
24 27 2
15 43 2
53 120 2
50 129 1
29 143 1
32 132 1
12 60 1
25 59 2
10 169 2
51 125 1
55 119 2
30 159 1
31 55 2
16 55 2
33 155 1
49 65 1
6 175 1
26 36 2
19 137 1
4 137 1
52 73 1
18 164 1
36 175 2
12 41 2
12 179 2
55 159 1
6 17 2
41 55 2
28 62 1
19 61 2
32 91 1
10 36 2
35 38 2
12 79 1
28 117 1
25 130 1
26 114 1
12 127 1
27 145 2
34 58 2
7 29 2
34 140 1
31 154 1
52 122 1
30 36 2
24 167 2
1 108 1
2 79 1
46 105 2
0 25 2
22 30 2
3 37 2
17 70 1
18 21 2
40 157 2
37 75 1
21 47 2
5 86 2
6 133 2
58 151 2
25 114 1
12 74 1
46 162 1
49 94 2
16 23 2
39 138 1
6 11 2
25 111 1
11 128 1
36 38 2
12 113 1
17 170 1
29 34 2
43 67 2
4 38 2
4 35 2
44 152 1
12 94 1
7 16 2
22 67 1
45 122 2
34 176 1
5 129 2
9 134 2
20 68 2
17 131 1
7 14 2
32 57 2
31 157 1
31 140 1
9 11 2
46 61 2
7 109 2
36 126 1
4 60 1
47 70 1
48 79 1
18 65 1
9 164 1
46 158 1
19 42 2
47 99 1
53 178 2
51 85 2
37 82 2
44 119 2
19 142 2
18 50 2
17 101 1
14 36 2
31 156 1
12 83 2
13 48 2
11 67 1
32 36 2
3 89 2
8 129 2
23 31 2
46 163 1
14 178 1
19 88 1
21 45 2
7 166 2
14 15 2
7 67 1
42 117 1
17 43 2
40 132 1
32 72 2
38 139 1
30 41 2
8 38 2
47 48 2
34 54 2
55 155 2
27 131 1
11 160 2
33 63 1
14 16 2
7 32 2
42 54 2
37 146 2
24 32 2
15 101 1
44 142 1
37 47 2
12 35 2
32 40 2
17 148 1
17 18 2
17 24 2
34 52 2
41 141 2
51 53 2
54 85 2
5 29 2
16 102 1
33 128 2
6 13 2
33 46 2
16 32 2
54 150 1
25 44 2
16 49 2
11 78 1
36 171 1
42 47 2
1 22 2
43 65 2
22 70 2
19 98 1
7 113 2
38 64 1
37 57 2
1 155 2
59 65 2
23 41 2
59 113 1
16 47 2
12 166 2
15 52 2
33 56 2
39 79 1
19 21 2
26 37 2
40 83 1
54 179 2
17 166 1
42 152 2
29 30 2
5 93 2
29 37 2
39 65 2
35 170 1
21 81 1
29 147 1
27 61 1
50 157 2
1 31 2
59 171 2
5 23 2
41 53 2
47 113 2
20 147 1
0 64 2
48 104 1
27 151 1
18 44 2
59 170 1
13 108 1
20 109 2
5 104 1
38 109 2
22 53 2
3 111 2
37 128 1
8 174 1
1 87 1
10 70 1
56 102 2
5 48 2
32 56 2
0 58 2
17 19 2
19 86 1
41 47 2
24 64 1
6 26 2
20 33 2
7 83 2
24 142 2
29 101 1
18 70 2
23 95 2
13 55 2
44 150 2
31 67 1
39 159 1
58 146 2
15 34 2
23 153 2
56 154 2
43 56 2
41 116 2
13 153 1
49 161 1
46 161 1
17 94 2
14 156 1
14 164 1
30 54 2
0 87 1
39 61 2
5 33 2
52 111 1
58 150 2
8 49 2
18 137 1
54 90 1
6 16 2
34 59 2
33 40 2
10 149 1
49 127 2
31 79 1
12 161 1
29 106 2
58 75 1
19 26 2
21 173 2
38 40 2
58 153 2
45 166 1
33 38 2
13 42 2
18 132 1
13 25 2
15 50 2
6 23 2
23 48 2
12 56 2
3 23 2
13 26 2
33 71 1
4 176 1
42 65 2
1 146 1
22 127 2
42 53 2
19 101 1
1 142 2
4 12 2
56 143 1
9 51 2
37 45 2
32 120 2
16 54 2
27 29 2
38 68 1
9 153 1
2 55 2
33 147 1
40 79 1
11 83 1
19 54 2
32 37 2
53 152 1
1 30 2
2 33 2
8 54 2
53 102 1
42 135 1
35 43 2
7 50 2
16 174 1
12 67 1
57 83 2
22 106 1
7 90 2
31 62 1
19 104 1
57 78 2
54 76 1
1 33 2
12 45 2
28 69 1
4 73 2
27 53 2
10 134 1
1 47 2
7 15 2
7 68 2
23 119 2
9 109 2
2 40 2
50 82 1
21 40 2
41 67 2
56 59 2
48 90 1
51 81 2
1 6 2
9 28 2
10 68 1
17 26 2
39 154 1
16 94 1
1 26 2
18 24 2
1 11 2
25 38 2
12 15 2
27 40 2
30 146 1
35 39 2
10 158 2
26 55 2
17 125 1
6 20 2
3 16 2
11 113 1
9 46 2
25 154 1
26 57 2
37 39 2
23 158 2
56 57 2
12 172 2
18 49 2
24 95 2
37 113 2
32 62 2
15 55 2
31 37 2
59 82 1
48 111 1
33 86 1
16 41 2
40 113 2
12 50 2
49 115 1
26 98 1
29 36 2
10 121 1
20 56 2
11 49 2
48 57 2
53 80 1
31 111 1
45 116 1
17 44 2
5 75 1
6 111 1
39 56 2
0 165 1
13 156 2
45 57 2
34 69 1
50 93 2
44 115 2
56 131 1
3 124 1
57 58 2
19 178 1
28 38 2
48 88 2
48 106 1
39 162 1
43 135 1
53 109 2
41 165 1
46 120 1
40 45 2
59 76 1
12 155 1
17 39 2
56 151 1
31 171 2
52 129 2
23 40 2
12 71 1
41 106 1
21 138 1
38 85 2
10 106 2
25 129 1
12 124 2
8 105 1
44 149 1
44 55 2
54 161 2
33 138 1
19 35 2
2 32 2
13 45 2
43 167 1
56 83 1
43 161 2
6 55 2
35 52 2
12 163 1
4 27 2
47 154 2
8 89 2
32 43 2
37 179 1
42 114 1
23 29 2
7 38 2
33 154 1
12 52 2
58 79 1
42 97 1
44 51 2
3 109 1
23 63 2
27 114 2
5 13 2
23 172 2
25 50 2
31 174 2
19 38 2
47 49 2
42 164 1
57 173 1
20 63 1
51 87 1
45 50 2
43 109 1
30 47 2
41 138 1
31 33 2
30 104 1
28 42 2
12 54 2
30 106 1
20 115 1
49 148 2
12 43 2
34 103 2
41 158 2
25 90 2
5 161 1
52 146 1
17 29 2
38 42 2
42 118 2
11 34 2
27 35 2
0 53 2
15 92 1
13 164 2
45 126 1
28 56 2
54 156 1
4 42 2
23 155 1
23 121 1
30 147 2
28 52 2
19 108 1
7 123 1
17 40 2
43 103 2
12 104 1
1 50 2
34 155 1
8 32 2
29 33 2
5 176 1
50 122 2
10 164 2
23 27 2
12 38 2
16 34 2
24 36 2
17 82 1
37 109 1
40 47 2
24 110 1
0 2 2
16 105 1
8 34 2
27 59 2
3 28 2
26 50 2
34 35 2
48 55 2
26 38 2
42 147 1
7 52 2
25 177 1
15 84 1
37 43 2
52 114 1
18 116 2
17 127 1
38 55 2
23 59 2
16 36 2
4 65 1
0 130 1
39 63 1
16 21 2
6 40 2
35 68 1
13 52 2
53 137 2
55 58 2
58 82 1
11 171 1
27 88 1
8 95 1
46 49 2
50 159 2
3 102 2
43 57 2
5 52 2
19 134 1
11 29 2
7 139 2
14 28 2
34 41 2
10 71 1
53 58 2
34 47 2
17 34 2
40 43 2
57 72 1
13 93 1
49 54 2
25 119 1
44 143 2
44 75 2
49 100 1
29 127 1
10 159 1
46 89 1
54 151 1
17 32 2
1 18 2
13 50 2
44 92 1
44 127 1
8 61 2
59 70 1
49 109 2
25 43 2
46 50 2
57 160 1
42 68 1
29 97 2
0 65 1
43 119 1
50 85 1
27 28 2
2 20 2
3 114 2
18 37 2
6 30 2
24 43 2
12 30 2
23 145 2
23 43 2
52 158 1
46 53 2
50 94 2
37 92 2
37 112 1
34 160 1
26 120 1
41 57 2
8 35 2
26 176 2
26 64 2
9 15 2
15 87 1
11 56 2
41 81 2
26 63 1
16 27 2
26 56 2
45 105 1
32 45 2
8 20 2
1 28 2
1 24 2
36 48 2
23 139 1
22 147 1
7 135 1
34 46 2
10 45 2
10 27 2
11 119 2
48 146 2
42 56 2
15 19 2
55 86 1
26 108 1
9 72 1
7 145 1
19 79 2
24 38 2
25 41 2
6 146 1
1 37 2
19 33 2
2 54 2
10 35 2
54 56 2
53 55 2
55 163 2
9 14 2
6 93 1
11 43 2
10 151 1
37 159 1
52 107 2
26 29 2
36 134 2
36 164 2
24 48 2
8 128 2
35 53 2
37 56 2
47 55 2
14 57 2
41 96 1
6 105 1
31 44 2
50 100 2
13 34 2
11 109 1
55 122 1
8 156 2
26 45 2
27 159 2
41 130 1
18 20 2
6 127 1
3 136 1
0 30 2
39 102 1
22 111 1
58 72 1
33 131 2
17 135 2
10 20 2
34 112 1
42 173 1
40 123 2
0 44 2
9 17 2
34 44 2
30 68 2
31 34 2
9 21 2
10 11 2
42 150 2
40 59 2
7 98 2
8 11 2
13 147 1
0 39 2
15 27 2
1 93 1
6 42 2
38 78 1
25 77 1
19 132 1
28 68 1
22 93 1
40 78 1
48 153 2
40 56 2
51 55 2
1 131 1
45 99 1
4 14 2
36 69 1
15 59 2
54 55 2
9 94 1
0 49 2
24 45 2
17 38 2
7 134 1
6 92 1
22 36 2
40 142 2
5 130 1
32 41 2
7 39 2
49 173 2
1 23 2
48 135 1
19 85 1
5 57 2
56 67 1
19 67 1
21 53 2
40 105 1
12 148 1
12 44 2
56 71 1
5 94 1
52 170 1
12 36 2
5 43 2
32 51 2
36 65 2
54 59 2
20 25 2
7 8 2
7 12 2
42 132 1
57 149 1
21 161 1
4 10 2
8 56 2
9 18 2
16 31 2
37 50 2
8 21 2
9 57 2
42 66 1
42 107 1
35 137 2
17 113 2
3 106 1
37 44 2
10 75 1
51 166 1
39 83 2
18 55 2
27 32 2
5 90 1
34 136 1
10 49 2
44 159 2
15 175 1
15 64 2
11 39 2
22 61 2
33 146 1
0 13 2
8 12 2
17 50 2
58 168 1
53 90 1
6 15 2
35 40 2
34 128 2
4 9 2
18 39 2
6 37 2
4 57 2
17 92 2
21 103 1
41 162 1
35 57 2
53 136 2
42 88 2
12 114 1
20 135 1
26 99 2
14 55 2
44 54 2
39 41 2
51 155 1
15 122 1
57 93 1
8 176 1
56 176 1
12 106 1
9 173 1
25 49 2
6 38 2
6 87 1
3 27 2
1 35 2
17 53 2
55 169 1
16 111 1
17 67 1
20 177 2
15 141 1
12 18 2
38 41 2
1 172 1
50 108 1
9 104 1
52 79 1
37 161 1
9 129 1
18 38 2
27 42 2
28 50 2
17 57 2
10 37 2
7 21 2
35 134 2
27 37 2
18 98 1
20 41 2
57 99 1
34 116 1
4 17 2
0 129 2
8 43 2
7 51 2
23 51 2
19 59 2
19 48 2
47 54 2
55 171 1
18 30 2
24 54 2
20 78 1
42 44 2
5 156 1
11 26 2
22 38 2
7 75 1
40 44 2
13 19 2
48 144 2
24 41 2
26 148 2
43 49 2
44 69 2
34 74 1
37 40 2
26 173 2
30 95 1
44 169 1
21 26 2
20 65 2
43 87 1
57 77 2
35 37 2
6 104 1
5 62 2
46 54 2
50 67 1
0 22 2
21 71 1
10 87 2
9 137 1
14 95 1
28 41 2
0 24 2
7 116 1
6 35 2
11 69 2
15 155 2
36 148 2
21 106 2
16 62 1
14 40 2
13 120 2
35 115 2
27 116 1
6 152 2
14 136 2
8 64 2
9 30 2
2 8 2
17 28 2
28 58 2
27 169 1
45 53 2
32 48 2
25 141 2
7 111 1
6 41 2
14 88 1
29 65 1
24 75 1
43 138 1
21 41 2
28 91 1
43 54 2
2 105 1
40 112 1
18 133 2
31 72 2
13 22 2
2 48 2
40 153 2
0 37 2
38 69 2
48 137 1
3 163 1
7 121 2
50 112 1
12 19 2
8 23 2
25 135 1
12 46 2
40 48 2
39 68 2
14 90 1
25 35 2
16 44 2
45 138 1
3 56 2
39 47 2
18 58 2
2 132 2
2 22 2
58 173 1
37 53 2
43 79 1
40 97 1
20 43 2
40 46 2
20 42 2
51 82 2
3 18 2
32 115 1
14 49 2
5 111 1
21 55 2
3 76 2
24 44 2
22 54 2
55 70 1
24 71 1
21 38 2
55 109 1
45 59 2
35 49 2
22 39 2
54 132 2
45 150 2
24 37 2
45 61 1
19 96 1
39 143 1
13 47 2
40 128 1
27 58 2
50 74 1
14 53 2
25 140 2
34 168 2
3 8 2
22 113 1
39 55 2
10 12 2
26 53 2
10 122 2
36 52 2
42 104 1
8 50 2
36 49 2
33 37 2
21 44 2
41 86 2
33 70 1
37 59 2
41 172 1
45 162 2
42 48 2
16 28 2
27 54 2
14 108 2
38 53 2
30 114 1
10 116 1
6 48 2
13 35 2
31 51 2
10 146 2
3 11 2
26 35 2
16 121 1
32 105 1
31 54 2
45 146 1
11 36 2
39 69 1
45 103 2
3 110 2
31 177 1
12 40 2
21 165 1
0 21 2
33 125 1
20 172 1
24 105 2
25 121 2
20 165 2
21 155 1
2 24 2
51 58 2
0 33 2
52 127 2
30 139 2
43 55 2
44 73 1
9 138 1
6 22 2
28 138 1
31 76 2
36 116 1
19 36 2
41 156 1
36 41 2
2 29 2
52 118 1
11 70 1
0 46 2
25 83 2
47 157 1
26 59 2
16 96 1
50 152 1
44 50 2
23 25 2
58 127 1
26 31 2
2 5 2
20 32 2
32 107 1
13 31 2
49 104 1
10 179 1
58 129 1
25 150 2
29 76 1
28 30 2
14 21 2
37 60 1
54 142 1
27 56 2
50 155 2
36 114 1
44 174 1
24 130 1
0 7 2
51 107 2
1 106 2
29 128 1
35 176 1
43 101 2
22 86 1
6 24 2
15 16 2
2 31 2
38 140 1
21 32 2
46 107 1
19 146 1
28 55 2
13 124 1
16 70 1
40 60 1
5 151 2
3 80 1
7 53 2
10 25 2
54 57 2
56 85 2
30 65 1
10 42 2
3 22 2
44 123 1
50 79 2
35 114 1
10 30 2
26 117 1
49 146 1
22 138 1
24 106 1
7 37 2
47 90 1
27 108 1
39 44 2
39 105 2
12 122 2
12 107 1
7 49 2
20 93 2
54 171 1
2 70 1
33 144 1
14 25 2
12 25 2
18 56 2
7 35 2
40 95 2
26 170 1
32 158 1
13 18 2
34 109 2
15 109 1
23 106 1
11 167 1
5 51 2
35 58 2
27 51 2
36 162 1
18 36 2
42 78 1
4 45 2
4 58 2
15 32 2
37 126 1
18 94 1
29 125 1
58 63 1
2 3 2
19 163 1
36 83 1
11 100 1
8 157 1
8 142 2
13 118 2
22 41 2
41 125 1
13 176 1
50 115 2
1 34 2
22 25 2
50 60 1
46 58 2
9 70 1
13 20 2
3 38 2
15 35 2
3 61 2
12 20 2
20 36 2
59 100 1
50 91 1
29 55 2
31 94 1
2 7 2
19 112 1
7 110 1
22 52 2
50 99 1
8 97 2
12 16 2
32 35 2
35 51 2
27 141 2
28 39 2
24 173 1
0 178 1
3 57 2
12 62 1
26 165 1
20 31 2
1 138 2
11 23 2
20 87 1
25 147 1
50 86 2
49 88 2
46 82 1
17 55 2
9 36 2
6 84 1
53 163 1
12 33 2
16 53 2
14 127 2
27 174 1
5 106 1
20 81 1
29 47 2
30 53 2
18 78 2
31 82 1
30 71 2
19 95 1
10 64 2
30 37 2
0 61 1
49 87 2
48 54 2
56 175 1
31 57 2
3 58 2
14 19 2
40 175 1
14 137 1
33 42 2
38 179 1
2 13 2
5 45 2
24 68 2
45 139 1
21 50 2
4 44 2
12 84 2
1 27 2
59 122 2
58 108 1
28 88 1
3 128 2
28 43 2
14 173 1
6 50 2
47 51 2
54 135 1
1 57 2
54 91 1
0 59 2
28 145 1
20 155 2
14 71 1
12 21 2
33 47 2
13 105 2
8 58 2
0 54 2
11 138 1
33 163 2
8 40 2
22 84 1
10 84 1
48 89 1
58 119 1
35 142 1
48 129 1
50 105 1
55 158 2
28 65 1
39 100 1
0 50 2
25 54 2
7 28 2
14 38 2
1 123 1
34 163 2
40 136 2
9 89 1
59 165 1
28 49 2
24 42 2
55 124 1
11 145 1
8 100 1
46 178 2
4 78 1
26 70 2
46 77 1
46 166 2
0 6 2
10 41 2
5 179 1
37 152 2
12 152 1
19 124 1
20 30 2
36 127 1
23 90 1
57 69 1
57 92 1
24 81 1
36 150 2
25 33 2
3 86 2
4 40 2
29 79 2
7 70 1
17 52 2
27 91 2
35 86 1
18 73 1
27 101 1
36 142 1
39 48 2
32 55 2
2 10 2
10 47 2
31 53 2
38 121 1
54 113 1
38 46 2
3 30 2
17 107 1
57 73 2
29 145 1
37 41 2
36 67 2
35 48 2
46 74 1
4 75 1
22 133 2
40 55 2
56 121 1
38 141 2
41 48 2
36 165 1
29 41 2
44 116 2
18 28 2
37 52 2
18 40 2
14 70 1
46 146 1
27 50 2
12 34 2
8 114 1
48 140 2
4 101 1
55 62 2
9 42 2
0 28 2
26 42 2
53 91 1
28 105 1
46 133 1
7 169 2
44 72 2
19 25 2
13 43 2
14 50 2
27 103 1
34 166 2
7 114 2
7 40 2
15 58 2
12 101 2
0 106 2
13 64 1
53 107 1
50 53 2
8 25 2
0 3 2
52 58 2
3 149 2
22 119 1
0 150 1
22 48 2
11 57 2
57 142 1
46 47 2
23 36 2
57 84 1
29 68 1
49 57 2
5 49 2
20 103 1
22 26 2
4 43 2
38 45 2
34 55 2
18 172 2
52 76 2
11 25 2
25 69 1
15 119 2
32 53 2
6 59 2
49 53 2
53 126 1
31 112 1
15 107 2
26 153 2
4 11 2
39 140 1
40 75 1
14 30 2
21 147 2
25 163 2
28 99 2
0 157 1
52 59 2
4 59 2
27 90 1
24 166 2
11 90 1
33 54 2
56 58 2
3 139 2
11 66 1
37 167 1
26 163 1
28 127 1
12 14 2
24 58 2
19 34 2
32 34 2
2 30 2
24 47 2
25 107 1
8 19 2
4 153 2
35 74 2
12 142 1
53 138 1
19 135 1
13 97 2
6 118 1
15 28 2
0 80 1
43 50 2
45 172 1
48 62 2
20 67 2
17 174 2
6 119 2
8 44 2
3 151 2
14 45 2
31 36 2
18 97 1
26 27 2
33 55 2
50 171 1
14 78 1
43 164 1
21 68 1
31 98 1
5 69 2
13 16 2
9 168 2
27 173 1
1 12 2
18 71 1
17 171 1
28 153 2
37 105 2
18 83 1
9 41 2
53 135 1
34 97 1
45 144 2
18 109 1
47 168 2
58 174 1
50 59 2
13 27 2
9 38 2
6 39 2
40 173 2
18 23 2
15 60 1
21 23 2
41 43 2
2 37 2
5 115 1
20 44 2
8 92 2
50 145 1
10 52 2
20 59 2
35 79 1
25 120 1
5 8 2
47 175 1
8 39 2
31 48 2
20 154 1
20 53 2
6 141 1
25 37 2
10 152 1
35 120 1
31 152 1
3 69 1
3 20 2
6 14 2
36 55 2
18 147 1
49 117 1
6 12 2
4 144 1
31 45 2
30 42 2
35 105 1
49 162 1
15 23 2
37 58 2
14 130 1
42 59 2
8 36 2
51 157 1
7 97 1
20 22 2
15 33 2
9 48 2
47 164 2
44 179 1
15 161 2
2 151 2
41 113 1
29 31 2
59 97 1
16 33 2
33 130 1
41 168 1
47 75 1
11 164 2
42 119 1
24 39 2
40 141 1
23 39 2
22 31 2
17 87 1
1 17 2
42 167 1
21 177 2
5 154 1
23 129 1
30 56 2
19 39 2
46 57 2
0 169 1
27 158 2
55 69 2
34 43 2
11 42 2
0 55 2
29 40 2
38 178 1
49 67 2
2 58 2
37 174 1
17 48 2
14 20 2
22 146 1
39 111 1
5 34 2
0 149 1
58 177 1
13 110 2
8 27 2
17 86 2
34 38 2
51 128 2
22 42 2
56 99 2
13 128 1
13 59 2
11 48 2
37 173 2
38 168 1
10 50 2
19 50 2
15 108 1
16 133 1
36 157 1
55 161 1
33 45 2
9 20 2
13 141 1
20 28 2
42 130 1
35 85 2
16 38 2
0 51 2
55 147 1
16 48 2
47 50 2
53 54 2
19 55 2
8 31 2
10 112 1
14 27 2
32 169 2
38 43 2
56 90 1
36 37 2
36 56 2
5 147 1
25 115 2
7 43 2
9 159 1
32 133 1
6 34 2
22 57 2
33 76 1
4 105 1
11 136 1
30 87 1
15 17 2
11 51 2
4 68 1
40 68 2
30 110 1
31 145 1
33 92 1
28 92 2
52 143 1
4 97 2
2 88 1
59 111 1
56 112 1
58 99 1
56 94 2
32 83 1
6 19 2
9 16 2
30 57 2
11 47 2
8 148 1
5 152 2
6 137 1
51 54 2
15 86 1
35 88 1
51 118 2
24 72 1
5 165 1
7 13 2
31 38 2
34 77 2
38 123 1
12 27 2
54 87 2
24 26 2
52 83 1
6 18 2
38 51 2
47 53 2
32 46 2
39 40 2
55 68 2
31 49 2
15 42 2
39 52 2
32 52 2
3 31 2
10 94 2
36 121 2
1 14 2
1 158 2
20 38 2
8 15 2
17 58 2
8 169 1
7 76 2
33 136 2
19 41 2
11 155 1
30 158 1
11 40 2
14 17 2
21 35 2
43 176 1
6 120 2
13 86 2
1 174 1
59 173 1
5 132 1
15 81 1
7 9 2
36 101 1
7 80 2
36 57 2
3 113 1
19 166 1
26 28 2
22 158 1
24 53 2
32 60 1
12 95 1
26 46 2
5 26 2
3 161 1
58 78 2
29 35 2
50 106 1
41 115 2
48 52 2
7 167 1
21 34 2
4 133 1
4 172 1
50 133 2
36 58 2
36 70 1
45 54 2
1 162 1
2 59 2
0 120 1
29 138 1
0 14 2
44 58 2
7 45 2
43 141 2
33 57 2
10 130 1
55 168 1
16 165 1
39 151 1
48 179 2
31 58 2
10 58 2
11 12 2
24 154 1
58 117 1
10 48 2
13 94 2
4 19 2
12 70 1
23 35 2
31 119 1
20 134 1
52 148 2
34 72 1
7 10 2
32 44 2
17 31 2
33 151 1
8 63 2
25 42 1
49 51 1
9 55 1
43 151 2
39 106 2
34 40 1
2 15 1
33 96 2
27 175 2
5 12 1
47 58 1
11 99 2
4 8 1
29 48 1
24 28 1
106 169 2
44 139 1
26 133 2
13 85 2
21 37 1
96 101 2
2 80 1
17 54 1
80 97 1
33 175 2
