% n=30 p=60 d=0.33 p_blue=0.66
% k=0
4 8 2
2 14 2
6 10 2
4 5 2
5 8 2
4 6 2
0 1 2
10 12 2
2 9 2
11 14 2
3 6 2
4 9 2
5 11 2
0 7 2
6 28 1
12 24 2
6 17 2
3 28 2
6 11 2
11 18 2
10 27 2
4 15 2
8 29 2
6 9 2
14 18 1
7 18 2
8 12 2
3 11 2
12 13 2
12 18 1
8 10 2
7 17 2
5 21 2
10 11 2
4 10 2
4 23 1
0 2 2
14 16 2
6 12 2
9 24 2
14 20 1
4 13 2
7 21 2
13 23 2
10 22 2
16 28 2
6 8 2
11 20 2
1 4 2
4 24 2
14 23 2
12 23 2
0 10 2
3 4 2
5 12 2
1 2 2
16 17 2
2 13 2
3 21 2
15 22 2
9 23 2
8 9 2
15 19 2
5 26 2
14 22 2
2 6 2
3 14 2
17 29 2
3 7 2
11 13 2
0 3 2
8 18 2
11 23 2
8 15 2
0 9 2
9 14 2
6 7 2
7 16 2
12 17 2
2 15 2
1 25 1
17 26 1
7 26 1
8 17 2
13 14 2
2 16 2
11 12 2
1 17 2
9 15 2
0 14 2
11 27 2
9 28 2
10 28 2
1 23 2
6 16 2
15 17 2
8 13 2
5 16 2
5 25 1
16 29 2
3 13 2
15 18 2
1 11 2
2 27 2
1 16 2
3 12 2
14 15 2
0 5 2
3 5 2
2 3 2
16 27 2
13 15 2
1 9 2
6 29 2
2 10 2
12 27 2
11 17 2
12 20 2
4 11 2
12 21 2
4 16 2
9 17 2
5 17 2
0 12 2
2 12 2
9 10 2
3 15 2
1 12 2
3 16 2
8 16 2
3 17 2
15 21 2
12 16 2
8 27 1
5 6 2
0 22 2
9 21 2
7 15 2
1 6 2
2 22 2
8 25 1
6 15 2
1 3 2
10 16 2
6 13 2
11 28 1
1 7 2
16 23 2
5 14 2
1 5 2
1 13 2
2 5 2
2 11 2
3 24 1
12 14 2
8 11 2
17 24 2
15 16 2
2 4 2
11 15 2
3 19 1
14 19 2
12 15 2
3 9 2
13 16 2
16 19 1
0 15 2
9 18 2
8 21 1
4 17 2
1 29 2
3 8 2
7 11 2
0 6 2
0 17 2
17 20 1
14 21 2
2 17 2
7 19 2
17 28 1
8 23 1
9 16 2
4 12 1
0 13 1
24 29 2
11 24 1
9 11 1
4 22 2
0 16 1
13 22 2
5 7 1
7 9 1
7 8 2
0 23 2
1 15 1
13 17 1
5 24 1
5 13 1
7 14 1
0 29 2
28 29 2
7 10 1
5 23 1
9 13 1
0 24 2
1 22 1
10 29 2
13 29 1
11 16 1
7 12 1
10 13 1
0 8 1
10 23 1
14 17 1
5 22 1
0 4 1
4 7 1
7 13 2
5 15 2
2 24 1
12 22 1
