% n=30 p=33 d=0.33 p_blue=0.66
% k=0
7 9 2
1 24 2
1 3 2
2 3 2
1 29 2
1 26 2
0 5 2
7 8 2
0 28 1
5 6 2
6 25 2
7 20 1
3 14 2
1 8 2
0 15 2
5 12 2
4 5 2
3 12 1
2 8 2
4 26 2
1 10 1
4 28 1
6 12 2
0 4 2
2 9 2
9 14 2
2 5 2
9 19 2
5 27 2
0 22 2
6 8 2
8 22 1
0 20 2
1 21 2
3 20 2
7 16 2
3 25 2
8 10 2
5 8 2
4 23 2
7 26 2
4 10 2
4 11 1
3 9 2
0 13 1
6 20 2
9 23 2
5 23 1
4 22 2
4 29 1
3 21 1
0 26 1
6 7 2
7 15 2
0 29 1
3 6 2
2 26 2
0 1 2
4 19 1
6 10 2
1 4 2
0 25 1
3 4 2
8 12 2
4 13 1
0 2 2
5 25 1
1 19 1
5 15 2
2 16 2
1 16 2
6 23 1
8 25 2
4 21 2
3 18 2
7 29 2
7 27 2
0 8 2
2 12 2
4 9 2
6 24 2
8 20 2
8 26 1
5 20 1
2 13 1
8 29 1
1 27 2
2 7 1
0 18 2
6 11 1
4 18 2
1 6 1
0 11 2
4 7 1
2 6 2
8 11 1
3 5 2
2 11 2
0 24 1
4 6 1
9 18 2
8 9 1
1 2 1
8 18 2
18 24 1
3 7 2
0 3 1
0 9 1
1 18 2
7 18 2
6 18 1
