% n=40 p=33 d=0.33 p_blue=0.33
% k=0
3 29 1
1 3 2
7 34 1
3 39 2
5 33 1
11 12 2
8 11 2
4 17 2
2 28 1
3 12 2
1 17 2
1 7 2
4 39 1
9 22 2
1 29 1
4 26 1
2 12 2
4 25 1
4 13 2
5 9 2
8 20 1
6 26 1
5 14 1
1 6 2
0 14 1
4 6 2
5 10 2
0 37 1
3 33 1
11 18 1
6 28 2
6 9 2
5 8 2
4 15 2
10 21 1
11 13 2
9 10 2
13 26 1
12 14 1
10 18 2
9 29 2
6 20 1
13 29 1
0 27 1
10 36 2
0 10 2
11 20 2
5 32 1
7 29 1
8 37 2
2 17 1
13 18 1
3 36 2
11 26 1
8 18 1
1 32 1
8 16 1
12 32 1
1 13 2
5 12 2
1 9 2
10 16 1
0 20 2
10 13 2
5 37 1
1 8 2
10 20 1
12 36 1
12 39 2
4 11 2
12 17 2
1 12 2
7 11 2
8 23 1
9 39 1
11 34 1
4 7 2
8 9 2
11 19 1
3 5 2
6 21 1
2 10 2
2 3 2
2 38 1
1 10 2
10 35 1
9 13 2
6 7 2
1 24 2
2 4 2
0 2 2
8 14 1
10 23 1
3 7 2
4 22 1
3 11 2
5 16 1
0 32 1
0 6 2
11 30 2
5 11 2
0 5 2
6 13 2
13 34 1
4 5 2
3 9 2
1 30 1
8 39 2
8 29 2
1 4 2
1 38 1
13 23 1
9 18 1
5 13 2
11 23 2
2 21 2
11 29 2
12 23 2
11 28 2
10 38 2
5 7 2
8 17 1
0 24 1
9 31 1
2 11 2
5 39 1
6 35 1
0 11 2
12 28 2
0 13 2
3 4 2
2 20 2
6 11 2
7 23 1
0 25 1
10 19 1
0 9 2
3 13 2
6 10 2
9 36 1
1 26 1
0 30 1
0 3 2
3 35 1
1 23 1
1 36 1
12 13 2
13 25 1
5 38 2
11 38 1
4 36 1
10 11 2
2 8 2
4 9 2
13 14 1
2 34 2
6 37 1
4 37 2
8 13 2
3 15 1
8 12 2
6 24 1
7 8 2
7 10 2
9 25 2
11 22 2
0 19 1
7 18 2
0 8 2
7 39 1
0 35 2
10 15 2
5 6 2
13 27 1
9 11 2
1 21 1
2 6 2
6 14 1
5 34 1
1 11 2
12 38 1
6 16 1
11 36 2
4 14 1
3 28 1
2 26 1
8 10 2
13 35 2
6 12 2
7 13 2
6 8 2
10 12 2
4 8 2
9 23 1
1 5 2
10 22 1
8 33 2
2 7 2
3 6 2
2 9 2
3 14 1
9 37 2
11 31 1
2 27 1
10 26 2
5 26 2
12 34 2
6 33 2
7 9 1
21 26 1
7 12 1
9 34 2
0 12 1
3 8 2
2 5 1
9 12 1
5 21 1
8 28 2
0 33 1
4 29 2
