% n=190 p=33 d=0.66 p_blue=0.66
% k=0
29 57 2
26 122 1
38 43 2
52 67 1
61 173 1
54 57 2
31 157 2
25 74 1
20 71 2
7 121 1
4 31 2
57 160 2
22 118 2
48 144 2
36 159 1
55 140 2
3 89 1
6 29 2
49 187 2
46 51 2
1 82 2
54 139 2
8 72 2
51 69 2
12 112 2
51 121 1
17 56 2
6 9 2
49 54 2
60 75 2
36 124 2
3 38 2
48 61 2
28 87 2
15 115 2
52 180 1
35 103 1
41 104 2
48 93 2
31 54 2
24 157 2
32 99 2
36 167 2
5 152 2
27 178 2
22 178 2
53 137 2
5 141 2
22 138 1
8 105 2
21 101 2
27 41 2
51 57 2
1 14 2
10 184 1
21 47 2
49 98 1
47 97 2
24 73 2
51 116 1
3 17 2
6 186 1
2 78 2
44 159 2
51 178 1
34 80 1
9 171 1
47 156 2
30 68 1
22 40 2
34 81 1
17 32 2
22 46 2
28 125 2
41 122 1
51 110 1
30 91 2
2 134 2
53 79 2
1 28 2
49 57 2
39 114 1
16 143 2
0 140 2
0 112 2
3 111 2
44 167 2
44 117 2
10 162 1
3 140 2
3 141 1
43 141 2
44 161 2
8 87 2
11 53 2
56 86 2
50 88 2
3 130 2
18 90 1
57 185 2
38 54 2
11 161 2
5 37 2
51 60 2
60 97 2
45 92 1
54 166 2
23 115 2
19 53 2
52 121 1
23 51 2
0 27 2
45 137 1
33 42 2
30 99 1
34 186 1
30 182 2
39 158 2
27 73 2
5 11 2
28 69 2
20 187 1
4 45 2
50 58 2
46 71 2
34 93 2
36 48 2
24 168 2
12 24 2
6 13 2
53 97 1
62 158 1
37 159 2
42 122 1
0 113 2
0 176 2
12 18 2
35 55 2
0 42 2
14 101 1
54 181 1
36 96 1
38 137 2
50 135 2
17 178 2
33 57 2
21 108 1
35 100 1
14 47 2
56 105 1
36 132 1
52 100 2
37 139 2
45 148 1
11 75 2
29 30 2
38 148 1
8 144 2
47 49 2
46 116 2
48 107 1
13 47 2
10 108 1
40 124 2
24 142 2
30 41 2
57 69 2
12 136 1
33 101 1
45 67 1
12 148 2
46 189 2
57 87 2
12 58 2
44 91 1
8 39 2
11 64 2
2 28 2
31 119 2
26 113 1
45 102 1
4 134 1
0 31 2
3 10 2
56 101 1
4 115 1
0 40 2
25 166 2
27 158 1
22 107 1
32 112 1
11 23 2
13 32 2
6 175 2
28 138 2
14 189 1
36 58 2
11 97 2
12 151 2
6 164 2
4 47 2
31 105 1
13 162 2
35 44 2
35 168 1
28 169 2
49 76 2
45 89 2
18 47 2
54 101 2
0 12 2
9 105 1
3 117 1
12 46 2
49 91 2
30 184 2
41 182 1
56 70 2
14 17 2
9 88 2
22 109 1
44 49 2
24 176 2
10 87 2
2 119 1
24 107 2
7 128 2
23 38 2
56 71 1
61 65 2
27 35 2
20 140 2
3 6 2
12 51 2
39 108 1
48 170 1
48 99 1
43 49 2
29 156 2
12 105 2
29 171 2
19 67 2
45 76 2
1 135 1
55 74 1
48 69 2
21 174 1
4 50 2
17 188 2
37 44 2
34 140 2
40 97 2
3 72 2
55 67 2
20 37 2
20 135 2
16 92 1
42 103 2
11 109 1
15 180 1
26 189 2
9 188 2
37 136 2
2 81 2
30 161 1
52 189 1
56 134 2
3 167 1
21 87 1
22 174 2
50 91 1
17 179 2
13 188 1
33 119 2
27 176 2
3 36 2
47 116 1
61 160 1
62 189 1
15 111 1
32 73 1
33 116 2
30 45 2
28 55 2
30 127 2
34 46 2
19 31 2
46 178 2
45 159 2
33 97 1
27 117 2
48 172 2
33 74 2
13 115 2
59 184 2
20 145 2
19 116 2
18 84 2
22 147 1
11 178 2
59 160 2
2 69 2
23 85 2
3 47 2
24 34 2
51 64 2
55 186 2
29 177 2
25 75 1
21 77 1
60 125 1
47 152 2
15 136 2
9 92 1
50 184 2
18 134 1
41 178 1
11 60 2
8 16 2
36 172 2
44 90 2
6 90 1
29 42 2
32 128 2
5 12 2
37 151 1
38 94 2
15 178 1
56 183 1
35 125 1
2 120 1
29 141 1
4 105 1
26 56 2
33 117 1
2 72 2
30 118 2
33 149 2
0 150 2
26 164 2
30 119 1
47 131 1
43 78 2
31 160 1
23 172 1
4 66 2
20 67 2
46 184 2
6 57 2
25 120 2
9 138 2
12 144 2
35 46 2
31 49 2
11 99 1
7 34 2
43 175 1
5 131 2
10 26 2
37 185 1
26 47 2
43 139 2
31 153 2
42 149 2
47 83 2
55 134 2
20 143 2
36 89 1
48 148 2
29 94 1
46 96 2
28 153 2
19 47 2
50 148 2
59 171 1
23 134 2
47 78 2
14 68 1
24 32 2
60 107 2
18 129 1
37 153 2
33 53 2
4 95 2
43 113 2
61 109 2
0 162 2
12 188 2
38 135 2
62 130 2
22 181 2
46 150 2
16 23 2
49 104 1
1 29 2
52 56 2
35 107 1
53 155 2
11 93 2
47 149 2
38 97 1
0 178 1
52 158 2
40 79 1
25 84 2
35 137 1
11 32 2
20 167 2
6 129 2
29 110 2
36 175 1
50 186 2
0 9 2
7 50 2
18 69 1
57 121 2
32 104 2
35 109 1
39 91 1
12 147 1
9 81 2
27 163 2
21 53 2
22 75 1
23 127 2
4 52 2
12 89 2
17 50 2
40 177 1
4 186 2
56 60 2
40 135 2
34 67 2
56 162 1
53 187 1
43 163 2
16 177 1
31 183 1
62 86 2
6 142 2
38 91 1
16 51 2
56 67 2
38 61 2
33 157 2
12 133 1
12 143 1
40 153 2
32 90 2
30 67 1
22 100 2
1 123 1
44 109 1
62 144 2
53 152 2
14 61 2
22 128 2
18 145 2
62 91 1
32 36 2
26 115 1
0 1 2
21 81 1
9 97 2
7 174 2
60 93 2
24 177 2
8 143 2
25 31 2
57 94 1
9 64 2
57 107 2
20 87 2
18 152 2
25 33 2
1 9 2
46 56 2
30 110 2
53 96 2
20 23 2
10 59 2
25 34 2
24 43 2
54 108 2
42 54 2
40 138 2
8 36 2
9 168 2
0 48 2
46 49 2
60 177 1
7 65 2
30 89 2
25 131 2
25 152 1
47 186 2
11 45 2
35 135 2
4 51 2
36 77 2
31 177 1
7 148 1
41 103 2
20 160 1
59 61 2
20 21 2
20 142 1
51 83 2
14 170 2
2 5 2
59 69 2
32 117 1
17 62 2
23 178 2
34 148 2
18 137 2
0 100 2
2 125 1
27 39 2
13 177 2
25 162 2
62 84 2
25 186 2
56 156 2
14 39 2
0 94 1
10 67 2
42 90 2
16 95 2
58 127 2
37 160 1
7 117 2
4 35 2
57 152 2
18 39 2
11 56 2
21 97 2
27 110 2
1 10 2
13 48 2
27 55 2
9 63 1
3 110 2
46 77 1
32 35 2
6 119 2
39 59 2
14 78 2
6 115 2
47 66 2
30 120 2
3 74 2
38 104 2
49 148 1
2 57 2
56 146 2
59 99 2
8 108 2
15 36 2
27 89 1
18 30 2
9 80 2
52 186 1
36 39 2
62 143 1
38 179 2
17 76 1
12 154 1
9 149 2
61 92 2
44 182 2
24 128 2
48 117 2
29 114 1
46 59 2
23 63 2
10 101 1
53 82 2
1 177 1
0 77 2
1 124 2
25 87 2
45 109 2
2 153 2
35 39 2
42 93 2
2 91 1
38 90 2
31 45 2
47 125 1
19 144 2
10 125 1
51 120 2
42 185 1
58 89 2
19 51 2
13 89 2
18 175 1
17 174 2
42 60 2
26 167 2
31 170 2
37 167 2
15 187 2
38 134 2
11 188 1
50 80 2
39 88 2
13 55 2
51 163 2
58 189 1
34 41 2
32 92 1
12 129 1
39 104 2
59 181 1
5 114 2
37 81 2
49 174 2
47 151 2
39 146 1
38 106 1
38 130 2
28 60 2
42 61 2
61 136 2
20 26 2
23 70 2
5 139 1
60 120 2
35 45 2
21 23 2
45 95 2
6 55 2
18 111 2
23 103 1
49 50 2
27 91 2
39 166 2
14 63 2
24 29 2
9 16 2
0 180 2
51 128 2
33 123 2
34 109 1
49 189 2
40 186 2
24 185 2
53 110 2
61 125 2
21 99 2
24 55 2
15 56 2
38 100 2
22 163 1
4 13 2
26 180 2
5 59 2
56 166 1
26 121 2
43 104 2
17 61 2
26 174 2
22 143 1
5 54 2
25 28 2
61 63 2
48 79 2
61 105 2
55 84 2
11 65 2
9 106 2
56 149 2
36 67 2
47 61 2
28 97 1
1 45 2
8 77 1
46 180 2
55 70 2
3 34 2
47 172 2
62 72 1
25 59 2
17 170 2
18 62 2
38 103 2
14 118 2
22 102 2
27 28 2
31 42 2
1 40 2
3 163 2
39 184 1
19 60 2
58 161 1
50 138 2
40 96 2
38 127 1
36 135 2
28 110 2
38 101 2
10 100 2
56 93 1
7 38 2
10 182 1
7 21 2
9 62 2
37 38 2
22 48 2
55 163 1
19 48 2
43 143 2
50 99 2
33 148 1
41 42 2
32 137 1
8 29 2
33 159 2
34 116 1
18 54 2
7 20 2
5 19 2
45 55 2
20 64 1
17 147 2
22 180 1
21 178 2
38 143 2
14 114 2
25 77 1
42 57 2
41 78 2
26 36 2
3 23 2
4 177 2
5 119 1
43 118 2
28 107 2
40 121 2
38 169 1
13 182 2
60 143 2
57 58 2
44 136 2
6 68 2
29 47 2
51 151 2
56 160 2
4 144 1
45 49 2
49 113 2
16 128 2
13 125 1
41 124 2
25 164 2
4 77 2
10 127 2
20 57 2
19 62 2
1 174 2
13 71 2
50 51 2
25 32 2
52 60 2
17 119 2
62 162 2
14 92 2
44 48 2
61 169 1
42 146 2
22 34 2
60 112 2
9 152 1
46 82 2
1 17 2
20 146 1
48 127 1
29 56 2
9 52 2
18 108 2
12 37 2
58 107 1
8 137 2
53 65 2
58 132 2
19 37 2
6 148 2
50 120 1
4 67 1
37 172 2
7 48 2
19 96 2
45 88 1
1 189 1
11 90 2
20 25 2
51 179 2
41 116 1
54 89 1
13 31 2
56 79 2
22 62 2
27 46 2
5 43 2
17 156 2
42 136 2
43 144 2
30 37 2
5 40 2
55 118 2
1 65 2
10 149 1
25 172 1
36 44 2
16 120 2
21 44 2
18 142 1
44 138 2
38 175 1
4 10 2
26 173 2
41 137 2
13 127 1
32 98 2
14 88 2
40 136 1
46 54 2
3 158 2
31 88 1
45 54 2
52 94 2
31 91 2
21 126 1
42 80 1
0 121 1
29 87 1
27 62 2
3 43 2
6 180 2
9 116 2
9 174 2
1 2 2
42 154 2
22 132 1
47 174 2
23 171 1
32 70 1
11 100 2
49 181 2
10 57 2
44 175 2
5 98 1
33 107 2
39 189 1
26 175 1
43 129 2
34 154 2
35 136 1
57 95 2
51 152 2
24 77 2
57 74 1
50 164 2
0 10 2
39 80 2
27 114 1
17 129 2
4 34 2
26 92 2
40 44 2
20 188 2
16 89 2
59 152 1
4 27 2
37 77 2
12 34 2
32 173 2
55 168 2
18 22 2
36 101 2
13 105 2
14 142 2
22 146 1
20 76 1
5 93 2
42 169 2
29 92 2
29 184 2
54 152 2
9 69 2
44 83 2
11 54 2
2 37 2
34 61 2
29 162 1
4 128 2
59 172 1
59 133 2
44 70 1
5 94 2
33 122 2
3 56 2
41 105 1
19 71 2
4 126 2
20 62 2
40 86 1
21 65 2
59 98 2
36 42 2
5 102 2
11 42 2
39 116 1
12 164 1
39 89 1
8 43 2
52 188 2
19 72 1
48 87 2
60 134 2
0 105 2
57 183 2
17 133 2
21 161 2
4 179 1
20 139 1
62 111 2
22 165 1
57 177 2
8 99 2
27 120 1
3 101 2
54 65 2
13 179 2
39 176 2
40 54 2
19 91 2
47 178 1
19 65 2
27 38 2
43 167 2
20 189 1
21 33 2
13 42 2
18 151 2
40 158 1
5 116 1
25 35 2
7 68 1
21 132 2
59 183 1
51 108 1
8 9 2
55 179 2
6 33 2
20 32 2
54 70 2
18 86 2
36 94 1
53 141 2
27 174 2
42 175 2
18 147 1
62 178 1
49 84 2
18 49 2
51 81 2
53 77 2
18 76 1
57 111 2
41 154 1
0 29 2
28 54 2
0 30 2
5 64 2
2 77 2
61 189 2
25 85 1
10 142 2
36 150 2
36 59 2
2 157 2
28 67 2
11 139 2
7 73 2
31 98 1
37 97 2
55 155 1
18 23 2
1 91 1
16 31 2
14 37 2
41 188 1
47 164 1
56 140 2
46 188 1
4 46 2
25 170 1
34 169 2
29 83 2
61 121 1
61 184 1
30 92 2
38 115 2
59 177 2
55 173 1
29 72 2
10 14 2
10 181 2
19 102 2
3 128 2
49 171 1
34 175 2
18 35 2
2 160 2
36 74 2
46 124 1
42 99 2
18 172 2
61 62 2
13 17 2
22 136 1
42 51 2
4 187 1
10 186 1
50 173 1
36 78 1
37 120 1
44 186 2
53 73 2
10 103 2
22 33 2
16 17 2
57 67 2
52 179 2
42 140 2
0 93 1
57 84 2
16 155 1
38 39 2
17 110 2
20 161 2
12 77 1
8 141 1
0 22 2
39 43 2
8 64 2
46 151 2
47 114 2
24 48 2
45 179 2
50 145 2
22 32 2
7 76 1
2 86 2
29 58 2
62 127 2
29 140 1
60 165 2
2 87 2
11 61 2
8 23 2
20 65 2
14 26 2
51 101 2
37 122 1
48 147 2
1 72 1
53 91 1
24 51 2
11 165 2
59 126 2
16 47 2
6 172 2
61 154 2
41 133 2
37 40 2
5 97 2
5 15 2
5 29 2
60 95 1
58 94 1
17 183 2
40 167 2
24 27 2
30 131 2
11 44 2
22 52 2
17 94 2
34 64 2
40 92 2
56 181 2
26 60 2
41 129 1
30 170 2
30 39 2
35 144 2
59 77 1
1 13 2
20 125 2
9 41 2
21 40 2
0 8 2
29 124 2
50 69 2
4 26 2
52 125 2
4 80 2
19 24 2
33 168 2
13 95 1
45 126 1
23 77 1
34 49 2
8 61 2
4 29 2
6 37 2
35 53 2
8 59 2
0 7 2
28 73 1
19 38 2
43 54 2
22 113 2
0 55 2
49 89 2
19 43 2
58 95 2
5 161 2
55 165 2
51 185 2
57 161 1
21 94 2
5 73 1
25 179 2
48 128 2
14 117 2
24 140 2
26 185 2
22 125 1
15 24 2
3 137 2
7 62 2
37 110 1
10 152 1
10 25 2
58 135 1
27 104 2
16 73 1
2 135 1
2 16 2
28 116 2
0 124 2
3 59 2
11 170 1
2 25 2
10 145 2
20 111 1
3 75 1
26 102 2
57 163 2
52 155 2
4 56 2
45 85 1
61 180 2
21 154 2
46 140 1
6 134 2
2 63 2
38 99 2
10 187 2
3 8 2
41 138 1
4 104 1
41 143 2
29 34 2
51 92 1
28 51 2
17 81 2
6 162 1
27 74 1
21 54 2
35 92 1
3 9 2
24 94 1
53 58 2
29 65 1
7 23 2
52 140 1
20 169 2
50 174 2
19 73 2
45 82 2
7 54 2
21 22 2
6 135 2
19 57 2
20 95 2
12 173 1
27 98 2
40 48 2
41 66 2
61 166 2
39 66 1
17 27 2
29 147 2
21 110 2
31 83 1
36 61 2
28 58 2
57 148 2
24 188 2
19 39 2
17 127 2
14 96 1
44 76 1
11 35 2
16 144 1
23 98 2
14 109 2
31 126 2
40 132 1
13 69 2
29 80 2
38 149 2
56 135 2
15 97 2
13 118 1
26 94 2
23 59 2
38 56 2
22 68 2
1 121 2
55 60 2
22 135 2
0 156 2
18 65 2
26 131 2
50 159 2
29 44 2
31 36 2
40 83 2
19 124 1
54 136 1
39 107 2
40 60 2
58 157 2
28 160 1
33 34 2
48 60 2
60 81 2
23 182 2
7 29 2
30 186 1
35 176 2
17 101 2
53 139 2
14 182 1
7 49 2
25 94 1
23 136 2
55 138 1
0 51 2
13 99 2
20 35 2
20 103 2
12 156 2
30 154 2
40 154 2
37 106 2
60 61 2
21 42 2
10 133 1
62 82 2
47 112 1
37 45 2
20 50 2
33 40 2
21 100 2
27 56 2
12 127 2
42 120 1
46 84 2
23 24 2
17 80 2
39 98 2
30 160 2
34 167 1
22 164 1
43 52 2
34 85 2
5 96 1
32 54 2
20 97 1
33 133 2
10 112 2
52 134 2
46 57 2
25 185 2
58 172 1
39 183 2
17 157 2
40 52 2
13 128 2
46 136 2
8 124 1
9 93 1
46 166 2
25 57 2
30 108 2
51 82 2
25 112 2
4 147 2
53 55 2
18 46 2
45 168 2
33 184 1
30 116 1
2 22 2
0 83 1
10 52 2
18 100 2
20 173 1
44 53 2
18 43 2
31 50 2
30 82 2
27 169 2
16 157 2
4 163 2
13 152 2
3 120 2
38 111 1
36 155 1
55 102 2
16 41 2
36 128 2
29 139 1
18 98 2
51 78 1
8 113 2
33 73 2
38 67 1
15 92 2
9 29 2
20 102 2
32 143 2
35 81 1
21 24 2
14 55 2
54 167 1
24 50 2
15 50 2
4 6 2
17 104 1
35 154 2
26 54 2
44 118 2
29 167 1
14 56 2
10 188 1
6 109 1
44 62 2
29 93 1
21 129 1
58 136 1
7 15 2
13 38 2
36 99 1
39 125 2
43 156 2
13 86 2
8 114 1
54 84 2
24 80 1
43 188 2
10 64 2
33 139 2
57 92 2
29 39 2
62 135 2
21 34 2
52 104 1
20 38 2
29 152 2
34 69 2
53 175 2
53 145 2
41 174 2
14 69 1
5 137 1
10 134 2
13 112 1
35 77 2
19 46 2
6 7 2
10 27 2
22 149 1
54 142 2
1 151 2
57 63 1
43 184 2
15 79 2
56 111 1
28 175 2
11 107 2
10 119 2
14 178 2
35 78 2
9 24 2
57 124 1
9 38 2
59 165 1
61 127 1
35 140 2
15 114 2
58 129 1
26 57 2
1 85 1
10 48 2
15 113 1
44 146 2
16 45 2
4 17 2
16 105 2
58 163 1
18 168 1
28 122 2
42 139 2
57 64 2
34 132 2
53 76 1
32 126 2
30 31 2
34 177 2
8 53 2
0 143 1
25 37 2
18 58 2
18 95 2
52 162 2
9 11 2
37 169 2
18 88 2
41 67 2
57 112 1
55 178 2
3 152 2
60 105 2
12 121 2
16 91 2
51 70 1
41 91 1
24 134 1
62 149 1
48 96 2
12 66 2
22 142 2
33 105 2
2 67 2
41 61 2
8 47 2
49 164 1
46 100 2
41 112 1
19 23 2
52 176 2
2 116 2
2 32 2
55 183 2
50 68 2
35 63 1
29 35 2
4 153 1
24 144 1
23 71 2
30 178 2
19 75 2
15 128 1
35 112 2
8 37 2
32 52 2
5 63 2
7 13 2
12 117 2
4 141 2
9 68 2
52 156 2
27 57 2
44 89 2
56 88 1
61 171 1
46 64 1
17 41 2
16 77 2
40 71 2
50 94 1
40 55 2
7 78 2
11 101 2
44 97 2
60 147 2
61 108 2
35 153 2
7 136 2
21 85 1
18 32 2
9 169 2
28 185 1
1 157 2
44 154 1
22 58 2
3 166 2
19 139 1
9 122 2
22 69 1
58 151 2
44 94 1
15 53 2
41 54 2
37 107 2
52 84 2
29 133 2
21 29 2
3 138 2
6 47 2
8 102 1
30 163 2
36 84 2
10 84 1
62 171 2
12 120 2
37 102 1
17 106 2
49 122 2
3 118 2
22 137 2
44 58 2
52 96 2
17 45 2
9 34 2
53 130 1
19 189 2
38 109 1
17 182 2
5 9 2
57 88 1
26 103 2
36 143 2
25 153 2
24 41 2
59 60 2
47 153 2
6 11 2
58 111 2
54 86 2
55 59 2
57 62 2
26 85 2
54 67 1
51 176 1
8 26 2
4 100 1
52 173 2
61 91 2
41 49 2
33 37 2
57 143 2
31 117 1
12 109 2
29 161 2
41 125 2
21 139 1
18 94 1
9 54 2
26 179 2
47 117 2
19 188 2
6 82 1
54 160 1
50 90 2
1 44 2
0 92 2
28 59 2
5 42 2
10 91 2
39 106 1
20 89 2
44 52 2
3 13 2
28 50 2
29 60 2
17 31 2
61 138 1
3 96 1
27 156 2
58 153 2
8 134 2
42 141 2
25 181 1
41 59 2
39 94 2
12 134 2
11 37 2
45 107 2
28 57 2
36 106 1
15 25 2
53 144 1
60 121 2
19 145 1
50 65 2
4 48 2
49 101 1
37 58 2
25 130 1
12 22 2
1 134 2
56 99 1
62 99 1
32 39 2
38 44 2
50 172 1
31 48 2
57 129 2
18 171 2
10 95 1
18 82 2
48 180 2
14 174 1
54 99 1
40 148 2
43 75 2
55 182 2
21 41 2
3 107 1
48 56 2
42 85 2
4 111 2
17 184 1
61 151 2
42 108 1
31 46 2
2 29 2
24 62 2
43 56 2
2 189 2
30 112 2
13 50 2
56 58 2
48 169 2
56 98 2
13 169 1
39 127 2
43 44 2
18 78 1
54 121 2
2 26 2
21 117 2
41 118 1
11 176 2
35 179 1
26 42 2
54 60 2
5 164 1
43 62 2
55 151 1
19 173 2
7 189 2
62 176 2
56 179 2
4 84 2
57 100 1
19 146 1
47 175 2
43 111 1
25 134 2
0 181 1
33 70 2
2 103 2
17 98 2
22 126 2
6 63 1
40 149 2
47 158 1
20 185 2
13 36 2
49 55 2
27 173 2
59 101 2
51 133 1
45 68 1
24 52 2
61 134 1
44 179 2
6 137 2
48 58 2
24 149 2
12 119 2
16 164 2
5 132 2
6 131 2
12 103 2
17 67 2
14 32 2
8 46 2
7 84 2
7 166 2
41 62 2
11 187 1
24 93 1
61 120 1
30 114 1
15 131 1
45 97 1
40 47 2
24 83 1
46 185 2
7 42 2
0 53 2
12 48 2
26 28 2
57 175 1
27 124 2
60 124 2
49 180 2
7 114 1
44 112 2
52 99 2
17 122 2
41 180 2
17 113 2
36 126 2
55 164 2
2 111 2
37 146 2
41 111 2
21 127 1
6 79 2
52 154 2
12 102 2
18 149 2
19 157 2
12 159 2
48 64 2
56 72 2
37 137 2
51 103 2
52 183 2
24 125 2
13 63 2
35 178 2
27 121 1
26 50 2
11 27 2
10 35 2
57 178 1
4 61 2
60 168 2
33 136 2
12 149 2
1 162 2
22 63 2
32 127 2
15 86 2
25 43 2
10 32 2
6 30 2
56 165 2
0 16 2
29 107 2
54 127 2
53 181 2
16 39 2
1 106 1
33 114 2
1 145 2
3 26 2
24 67 2
60 146 2
56 151 2
51 134 2
1 182 2
40 147 1
26 177 1
46 130 2
16 67 2
21 181 2
7 14 2
31 114 1
12 53 2
62 184 2
6 171 1
56 159 2
14 64 1
62 134 2
43 59 2
12 90 2
33 99 2
1 150 1
0 5 2
60 189 2
5 115 2
62 66 2
44 64 2
46 87 2
47 93 2
35 59 2
29 165 2
60 133 1
51 54 2
28 121 2
3 169 1
57 169 1
7 110 2
2 23 2
3 188 2
52 174 2
40 89 2
59 139 1
36 157 2
45 161 2
37 62 2
39 120 2
8 103 1
35 61 2
8 78 2
42 157 1
0 104 2
25 183 1
15 19 2
49 61 2
11 40 2
5 8 2
0 67 1
18 25 2
18 57 2
43 110 1
18 161 2
53 179 2
13 37 2
39 188 2
58 73 2
33 43 2
13 121 2
43 146 2
37 48 2
49 132 1
20 113 1
35 41 2
41 69 1
36 118 1
6 118 2
1 33 2
3 156 2
9 22 2
14 125 1
52 73 2
10 66 2
0 149 1
27 179 1
1 26 2
3 46 2
25 154 2
21 93 2
11 182 2
1 57 2
51 126 2
23 181 2
45 53 2
62 92 2
6 117 2
10 15 2
5 111 2
11 112 2
9 50 2
18 180 2
34 118 1
8 10 2
6 96 2
56 124 2
17 24 2
39 169 1
2 11 2
42 126 2
1 47 2
51 159 2
48 89 2
26 30 2
62 160 1
51 132 2
41 157 2
31 92 2
17 109 2
59 63 1
28 111 1
31 80 1
21 51 2
24 133 2
50 79 2
18 135 1
59 170 2
59 65 2
33 104 2
21 31 2
61 69 2
54 124 1
47 176 2
32 122 2
16 26 2
3 42 2
50 111 2
23 100 1
60 128 1
49 129 2
47 166 2
43 183 2
7 176 2
23 143 2
41 48 2
1 25 2
61 70 2
15 185 1
17 112 2
60 145 2
31 178 2
4 189 2
56 84 1
2 75 2
1 11 2
30 87 1
50 98 1
25 54 2
31 163 1
37 89 2
29 84 2
58 156 2
31 75 2
44 176 2
39 74 2
7 91 2
61 96 2
4 5 2
25 79 1
48 175 1
32 84 2
57 123 2
16 153 1
8 55 2
12 44 2
45 91 2
28 171 2
21 66 1
25 156 1
2 48 2
51 168 2
39 122 2
58 114 2
57 101 2
11 153 2
16 36 2
52 80 2
2 131 2
54 55 2
61 88 2
0 78 2
38 163 1
29 137 2
40 90 2
34 114 1
17 47 2
59 122 1
51 127 1
35 75 2
36 90 1
43 160 1
47 155 1
59 110 1
33 109 1
52 143 1
7 8 2
35 42 2
10 28 2
62 141 2
9 141 2
27 150 1
11 180 1
14 30 2
45 114 2
52 113 1
36 136 2
5 175 2
17 66 2
41 53 2
53 171 1
22 43 2
2 58 2
6 153 2
21 91 2
25 50 2
40 95 2
27 127 2
51 129 2
14 40 2
8 160 2
12 64 2
15 188 2
20 54 2
47 119 2
2 159 2
52 65 2
34 171 2
55 120 1
16 148 1
58 165 2
2 113 2
41 46 2
57 105 2
19 21 2
28 81 2
37 39 2
48 179 1
31 37 2
1 94 1
60 174 1
8 69 2
11 179 2
27 113 2
6 20 2
18 40 2
34 104 2
41 56 2
3 71 2
55 124 2
41 50 2
29 63 2
7 24 2
5 178 2
4 42 2
31 39 2
33 175 2
3 162 1
14 152 2
16 162 2
54 62 2
31 38 2
1 98 1
6 25 2
36 95 2
20 86 2
12 29 2
7 79 2
34 99 1
33 151 2
15 127 2
23 161 2
4 28 2
53 117 2
50 104 2
25 26 2
9 156 1
14 75 2
23 40 2
56 168 2
26 127 1
33 163 1
61 176 2
43 47 2
15 18 2
50 53 2
19 176 1
7 67 2
24 152 1
8 153 2
61 83 1
4 156 2
47 170 2
43 137 2
16 18 2
24 147 2
22 96 1
38 116 2
49 110 1
49 88 1
58 164 2
26 105 2
45 151 2
22 176 2
20 129 2
60 72 2
23 152 1
61 102 2
18 117 2
16 119 2
39 172 2
19 165 1
27 86 1
19 94 1
55 110 1
3 147 1
56 177 2
54 146 2
38 89 2
25 46 2
13 27 2
7 27 2
61 75 2
6 21 2
59 92 2
18 155 1
9 27 2
0 81 2
22 56 2
30 52 2
46 142 2
35 108 2
51 73 2
39 170 2
47 59 2
40 126 1
62 79 1
38 80 1
9 75 1
49 109 2
25 38 2
27 51 2
31 186 2
9 170 2
57 73 2
31 33 2
27 94 2
41 45 2
50 169 1
7 16 2
19 61 2
52 82 2
20 133 2
25 63 1
19 22 2
42 76 2
20 48 2
17 59 2
18 120 2
33 94 1
21 60 2
6 189 1
10 175 1
39 75 2
32 62 2
34 60 2
26 44 2
21 38 2
18 26 2
48 187 1
16 109 2
4 38 2
29 78 2
31 62 2
28 61 2
37 55 2
21 142 2
40 63 2
32 150 2
14 67 2
48 53 2
30 54 2
55 57 2
24 109 2
0 61 2
43 98 1
40 75 2
13 161 2
4 132 1
46 67 1
6 107 1
41 136 2
24 68 2
19 161 2
1 62 2
22 121 2
37 161 2
33 36 2
46 114 1
60 126 2
39 100 2
35 89 1
14 138 2
62 68 2
18 28 2
34 40 2
4 143 2
41 183 2
36 46 2
24 38 2
39 186 2
18 59 2
11 43 2
14 169 2
33 186 1
19 20 2
58 62 2
59 89 2
1 171 2
55 177 2
10 72 2
24 174 2
42 58 2
28 41 2
34 47 2
13 16 2
29 52 2
57 99 2
20 181 2
1 39 2
42 102 2
15 74 2
34 122 1
34 129 2
33 35 2
51 93 2
32 185 2
13 22 2
35 182 2
26 59 2
26 124 1
59 125 2
5 79 2
5 62 2
36 115 1
41 128 2
13 131 2
12 39 2
0 161 1
3 90 1
44 178 2
21 43 2
3 66 2
37 104 1
27 112 2
34 54 2
27 175 2
38 58 2
5 185 1
32 184 2
10 83 2
27 99 2
16 56 2
23 162 2
38 122 1
2 64 1
32 55 2
21 75 2
16 180 2
29 40 2
55 93 2
45 51 2
10 36 2
54 147 2
61 80 2
0 153 1
36 75 2
50 70 2
4 116 2
4 173 2
17 95 1
46 186 1
30 60 2
41 73 1
31 174 2
0 47 2
26 45 2
15 102 2
57 114 1
19 26 2
3 168 2
6 159 1
32 121 2
45 165 1
21 27 2
33 92 2
14 119 1
34 62 2
12 54 2
0 155 1
41 82 1
5 173 2
6 184 2
17 21 2
31 123 1
26 134 2
56 63 2
43 94 1
11 104 2
24 66 2
2 92 1
57 76 1
23 122 2
6 32 2
15 170 2
2 59 2
50 71 1
4 24 2
2 128 2
1 64 1
59 143 2
37 174 2
42 129 2
9 87 2
3 146 1
37 41 2
16 58 2
0 2 2
35 73 2
8 56 2
30 71 2
29 48 2
21 187 2
38 171 1
12 75 2
21 25 2
4 41 2
7 105 1
60 62 2
30 104 2
0 62 2
1 74 2
37 154 2
36 185 2
2 154 1
33 126 1
8 70 2
1 48 2
58 81 1
15 67 2
9 108 1
46 161 2
61 99 2
24 178 1
19 56 2
60 151 2
27 171 2
26 90 2
22 76 1
13 20 2
36 182 1
34 55 2
8 186 2
8 21 2
4 166 2
38 63 1
47 103 1
27 66 1
32 132 2
2 10 2
28 184 2
18 31 2
20 90 2
23 56 2
7 116 2
11 138 2
43 124 2
18 127 1
46 123 2
43 55 2
5 127 2
34 172 1
5 81 1
35 58 2
36 170 1
62 104 2
52 90 2
33 96 2
21 179 2
3 58 2
13 60 2
60 106 2
26 77 1
0 125 2
17 40 2
47 101 2
19 80 1
15 148 2
19 84 2
54 59 2
19 58 2
48 54 2
49 150 2
31 72 2
25 51 2
62 71 2
58 65 2
43 64 1
25 174 2
14 65 2
3 7 2
57 104 2
30 158 2
30 150 1
40 140 1
13 29 2
55 106 2
23 113 1
20 120 2
7 69 2
22 172 2
48 57 2
24 78 2
21 62 2
16 40 2
49 142 1
58 168 1
38 132 2
40 80 1
35 82 1
2 41 2
16 111 1
46 120 2
56 157 1
0 107 1
14 51 2
26 93 1
17 92 1
9 76 2
16 140 2
7 82 2
33 60 2
0 35 2
0 127 1
37 118 2
50 105 2
1 138 2
35 56 2
49 96 1
38 93 1
46 102 1
0 98 1
3 113 2
33 75 2
51 181 2
34 107 2
34 142 2
5 99 1
45 118 2
57 79 1
17 149 2
7 142 2
56 126 2
29 45 2
5 112 2
47 183 2
59 161 2
28 103 2
47 65 1
23 121 1
53 164 1
55 78 2
29 51 2
29 68 1
7 149 2
39 156 1
38 49 2
5 170 2
34 166 1
6 8 2
57 187 2
37 87 2
51 183 2
4 109 2
45 125 2
61 89 2
40 173 1
60 85 2
9 104 2
4 119 1
32 45 2
30 80 2
17 42 2
60 141 1
25 55 2
39 61 2
42 165 2
14 107 1
16 87 2
39 99 1
20 59 2
25 67 1
16 125 1
41 168 2
25 91 2
13 166 1
14 35 2
53 81 2
14 133 2
13 82 1
37 116 2
27 125 1
2 24 2
8 41 2
53 138 2
9 48 2
62 122 1
27 107 1
16 94 2
15 43 2
58 176 2
29 46 2
1 114 2
47 60 2
32 48 2
6 41 2
5 126 1
3 87 1
22 41 2
0 4 2
26 163 1
14 85 1
15 52 2
34 96 2
23 69 2
45 63 1
20 40 2
45 52 2
9 100 2
27 165 2
17 46 2
19 133 2
27 52 2
46 121 2
32 50 2
30 130 2
27 185 1
20 30 2
23 35 2
15 96 2
38 47 2
2 30 2
13 103 2
27 164 1
32 107 1
28 178 2
52 69 2
28 146 2
30 65 2
31 71 2
47 137 2
2 161 2
20 118 2
51 137 2
40 109 2
12 33 2
27 146 2
10 11 2
11 158 2
7 122 2
36 127 1
23 106 1
6 59 2
24 84 1
21 188 2
10 121 1
26 138 1
26 29 2
23 52 2
11 36 2
8 127 1
8 52 2
13 15 2
51 125 2
18 19 2
58 90 1
8 86 2
13 67 1
15 112 2
23 177 2
8 126 2
58 150 2
27 61 2
22 151 2
23 173 2
29 62 2
9 134 1
50 100 2
30 113 1
56 188 1
15 164 2
46 61 2
26 100 2
7 77 1
14 86 2
53 133 1
22 123 2
23 61 2
43 127 2
9 61 2
5 125 1
18 112 2
22 30 2
48 114 1
59 115 2
20 29 2
14 176 2
58 131 2
60 136 2
50 165 1
6 112 2
18 44 2
23 49 2
47 63 2
32 136 2
4 9 2
1 58 2
44 67 2
4 49 2
27 148 2
60 68 1
49 83 1
61 157 1
36 87 1
6 177 1
33 59 2
8 119 2
32 41 2
26 162 2
39 45 2
46 181 1
39 103 2
12 61 2
57 153 1
47 53 2
5 128 2
52 107 2
48 55 2
19 45 2
37 46 2
21 49 2
40 93 1
37 53 2
10 164 2
51 169 2
60 80 2
24 163 1
12 50 2
40 51 2
50 177 2
8 68 2
40 57 2
4 112 2
60 154 1
34 88 1
45 104 2
53 185 2
10 24 2
15 26 2
58 170 2
30 124 1
24 110 1
45 184 1
60 74 2
8 33 2
32 165 1
23 186 2
49 66 2
17 132 2
35 150 1
35 52 2
53 92 2
19 50 2
7 53 2
19 99 2
28 45 2
40 171 2
31 84 1
50 83 2
42 128 2
11 59 2
39 117 2
38 98 2
7 165 2
57 60 2
7 134 2
58 144 2
31 138 1
15 156 2
14 155 1
34 94 2
34 36 2
59 76 2
24 56 2
33 52 2
14 28 2
26 108 2
28 89 1
50 115 2
19 114 2
39 51 2
23 180 2
60 118 2
58 64 2
13 134 2
9 23 2
34 178 1
11 16 2
26 116 2
21 72 2
41 187 2
48 153 2
40 141 1
36 92 1
7 127 2
52 85 2
44 148 1
9 94 2
43 84 2
22 80 2
58 126 2
5 149 2
14 139 1
30 49 2
43 159 2
31 143 2
47 143 1
23 86 1
9 18 2
48 97 2
43 170 2
9 35 2
28 120 2
14 137 1
49 64 2
18 60 2
6 56 2
20 156 1
17 25 2
12 15 2
35 155 2
7 146 2
30 69 2
7 109 2
44 77 2
14 20 2
29 91 2
29 79 2
18 141 2
20 157 2
5 105 2
51 68 2
45 185 2
18 79 2
2 20 2
13 33 2
62 131 1
30 44 2
32 124 2
9 20 2
22 152 2
23 74 1
9 165 2
29 50 2
61 156 2
34 119 2
34 102 2
32 68 1
11 81 2
18 170 2
58 106 2
49 186 2
8 83 2
30 106 1
47 94 2
50 118 2
15 30 2
45 175 2
58 149 2
44 71 1
16 146 1
61 128 1
17 19 2
2 123 2
19 106 2
25 177 2
42 79 1
24 139 1
25 136 2
35 116 2
37 71 1
28 79 1
44 92 2
16 187 1
7 143 1
32 46 2
5 21 2
8 31 2
55 146 2
40 42 2
29 150 2
53 70 1
7 56 2
16 30 2
61 74 2
7 101 1
23 179 2
56 61 2
23 189 2
51 136 1
5 168 1
16 28 2
23 33 2
9 160 1
52 157 2
17 51 2
31 176 2
24 81 2
47 57 2
2 143 2
4 150 2
17 103 2
61 87 1
37 135 2
14 46 2
14 187 2
21 107 2
48 85 2
30 135 1
11 159 2
41 185 2
5 45 2
46 109 1
12 158 2
57 189 2
17 99 1
55 142 1
39 135 2
30 64 2
15 33 2
25 142 1
13 23 2
1 163 2
52 187 1
15 143 2
33 142 1
27 54 2
52 66 2
24 79 2
58 102 2
24 89 2
60 114 1
21 46 2
8 17 2
2 39 2
35 128 2
17 60 2
2 182 2
28 158 2
55 172 1
39 97 2
23 83 1
57 120 2
15 134 2
19 42 2
49 90 2
8 19 2
28 78 2
3 97 1
2 149 2
22 55 2
31 60 2
19 125 2
18 55 2
60 82 1
0 116 2
13 91 2
31 52 2
46 47 2
22 153 1
61 155 2
29 88 2
12 181 1
36 85 2
14 188 2
10 116 2
35 165 2
40 53 2
20 101 2
34 108 2
12 128 2
38 70 1
38 53 2
30 38 2
49 126 2
59 176 2
25 155 1
5 68 2
25 146 2
39 73 1
29 76 2
19 151 1
39 57 2
11 163 2
19 164 2
33 48 2
26 41 2
43 108 2
28 165 2
46 76 2
38 52 2
12 69 2
28 71 2
8 148 2
25 148 1
48 166 2
21 183 1
59 67 1
44 46 2
33 127 2
5 33 2
50 189 2
36 51 2
9 145 2
43 86 2
37 188 1
20 166 2
37 65 2
26 58 2
19 160 2
11 21 2
28 82 1
18 51 2
35 93 2
53 186 2
6 22 2
50 168 1
16 137 1
24 90 2
1 86 2
26 171 2
8 35 2
27 58 2
4 54 2
37 187 2
61 174 2
4 79 1
5 171 2
1 140 2
19 88 2
4 94 2
15 171 2
50 143 1
32 139 2
42 82 2
15 159 1
3 35 2
33 134 2
33 61 2
8 175 2
42 48 2
31 89 1
6 54 2
16 98 2
15 84 1
54 140 2
31 58 2
2 101 2
38 51 2
17 30 2
13 159 2
33 49 2
37 80 2
23 60 2
8 88 2
25 44 2
23 114 1
37 64 2
23 79 2
45 189 1
44 66 1
35 141 2
0 108 2
20 43 2
16 70 2
15 160 1
50 61 2
19 109 2
16 102 2
0 59 2
5 44 2
27 47 2
6 45 2
44 74 2
7 90 1
23 25 2
24 114 2
15 22 2
7 9 2
37 52 2
56 107 1
31 136 2
38 110 1
58 118 1
53 60 2
1 22 2
37 111 1
47 128 1
46 170 2
41 170 2
10 105 1
49 86 2
1 146 2
20 33 2
9 53 2
0 88 1
46 79 2
46 110 2
0 73 1
5 34 2
44 127 2
22 154 2
0 133 1
9 85 1
34 157 2
62 114 2
9 57 2
57 181 1
30 173 2
60 169 1
23 34 2
56 163 2
62 119 2
41 176 2
15 141 2
2 152 2
18 138 2
19 35 2
22 183 2
3 98 2
38 114 1
11 92 2
55 141 1
39 126 2
10 19 2
4 149 1
61 64 1
60 83 2
42 63 2
48 171 2
60 182 2
20 141 1
35 38 2
5 47 2
1 69 1
33 62 2
6 102 2
13 40 2
35 54 2
46 105 2
38 183 1
6 99 2
7 25 2
44 149 1
58 158 2
57 149 1
32 111 1
1 50 2
15 61 2
13 156 2
51 61 2
24 121 1
0 119 1
36 41 2
13 100 2
27 118 2
26 62 2
4 125 2
13 46 2
6 50 2
10 34 2
47 118 1
28 35 2
24 151 1
27 182 2
0 39 2
2 141 1
62 137 1
2 43 2
43 177 1
36 164 2
35 127 1
34 153 1
26 98 2
36 142 2
10 92 2
34 63 2
13 178 2
3 33 2
61 78 2
35 175 1
11 111 1
52 170 2
35 62 2
54 69 2
23 131 2
55 95 1
2 3 2
11 183 2
25 128 2
37 149 1
10 13 2
52 55 2
62 125 1
59 90 2
8 168 2
55 116 2
41 102 2
4 25 2
25 135 1
28 182 2
10 135 1
36 173 2
38 131 1
3 32 2
18 33 2
3 79 1
36 56 2
0 60 2
45 103 1
49 172 1
36 189 1
45 50 2
13 101 1
0 52 2
37 129 1
2 145 2
38 57 2
31 67 2
2 17 2
19 154 2
35 101 2
28 170 2
25 88 2
9 117 1
19 142 2
15 175 1
5 88 2
29 182 2
15 60 2
62 173 2
18 140 2
53 56 2
42 62 2
62 105 1
28 186 1
28 150 2
53 62 2
38 166 2
47 82 1
29 151 2
30 40 2
58 108 2
55 56 2
29 149 2
54 73 2
58 139 1
39 147 1
19 54 2
3 30 2
41 44 2
51 76 2
10 37 2
45 163 2
38 68 2
25 27 2
5 155 2
3 20 2
25 61 2
39 48 2
50 56 2
19 112 2
12 45 2
25 65 2
58 173 2
38 147 1
37 103 2
31 90 2
8 161 2
0 163 2
61 162 2
48 106 2
28 109 1
25 96 1
24 141 2
11 67 1
62 113 1
48 78 1
39 174 2
53 131 1
12 131 2
15 135 2
25 182 2
55 180 2
22 83 1
19 103 1
29 189 1
4 93 2
2 124 1
7 81 1
33 154 2
51 59 2
49 175 2
60 113 1
52 79 1
1 52 2
57 180 2
24 113 2
59 173 2
5 48 2
29 104 2
41 68 2
47 51 2
3 164 2
55 81 2
1 20 2
28 44 2
5 24 2
24 99 2
53 119 1
12 157 1
3 178 2
42 150 2
57 82 1
47 99 1
43 61 2
62 120 2
48 112 2
34 182 1
32 76 2
43 80 2
32 161 1
5 55 2
18 37 2
22 47 2
46 155 1
43 147 2
30 181 2
2 60 2
25 144 1
48 75 1
30 75 2
35 169 2
14 19 2
56 142 2
2 40 2
55 181 2
15 150 2
9 14 2
7 44 2
56 119 2
32 155 2
3 18 2
3 133 1
4 178 1
26 123 2
3 175 2
40 183 1
19 130 1
23 32 2
25 56 2
34 159 1
36 188 1
13 163 2
17 58 2
39 173 2
14 34 2
23 94 2
22 104 2
21 61 2
0 136 1
1 188 2
6 14 2
55 185 2
56 116 1
35 120 2
23 45 2
16 60 2
8 98 2
53 121 2
36 145 2
52 83 2
12 122 2
59 175 1
39 163 2
21 57 2
46 152 1
61 116 1
49 167 2
9 21 2
23 118 1
32 88 1
59 72 1
34 161 1
18 181 2
23 164 2
9 83 2
2 170 1
44 181 2
2 19 2
10 178 1
45 108 1
45 170 2
49 138 1
3 24 2
16 189 1
55 91 2
23 46 2
36 76 2
40 61 2
15 69 2
59 81 1
52 87 1
8 181 1
41 131 1
49 188 2
31 151 2
56 120 2
7 158 1
17 135 2
18 143 2
43 161 1
27 33 2
22 45 2
40 41 2
7 64 2
59 84 2
56 133 2
16 55 2
40 74 2
23 93 1
14 21 2
52 164 2
17 176 2
40 116 2
1 59 2
3 39 2
24 49 2
8 18 2
0 41 2
27 101 1
10 20 2
38 144 1
37 72 1
8 51 2
44 87 2
56 141 1
59 158 1
34 53 2
50 62 2
47 140 2
3 187 2
23 147 2
3 129 2
52 64 1
33 166 2
45 96 2
17 20 2
21 147 2
19 149 2
9 55 2
42 44 2
51 162 1
1 93 2
30 169 2
44 56 2
11 14 2
37 92 2
2 126 2
42 96 2
33 67 1
4 97 2
4 101 2
36 104 2
39 52 2
11 48 2
47 177 2
6 181 2
18 182 2
10 46 2
47 89 2
12 138 1
43 87 2
44 160 2
32 33 2
56 96 2
27 87 2
54 155 2
43 134 1
36 40 2
41 90 1
17 54 2
14 121 1
37 158 1
0 182 2
59 145 2
14 163 2
9 46 2
11 132 2
50 63 1
19 49 2
44 55 2
19 98 2
14 147 2
46 153 2
60 84 1
21 50 2
59 130 1
28 104 2
50 131 1
46 135 2
54 77 1
57 133 2
1 77 2
30 122 2
0 33 2
53 78 2
17 89 1
42 114 2
17 125 2
16 21 2
1 49 2
61 117 2
33 143 2
25 92 2
14 23 2
6 183 2
43 45 2
3 64 2
20 73 2
11 46 2
22 98 2
35 80 2
49 81 1
20 154 2
48 86 2
3 62 2
30 84 2
17 63 2
51 94 2
24 30 2
9 71 1
43 46 2
19 117 1
0 70 2
62 93 2
21 145 1
29 178 2
50 86 2
36 168 1
50 171 2
48 129 2
45 101 1
62 64 2
22 53 2
4 63 2
33 110 2
9 79 2
31 106 2
28 38 2
18 156 2
17 137 2
46 99 2
45 174 1
10 114 2
22 179 2
56 139 1
7 37 2
62 100 1
10 159 1
14 22 2
27 81 2
44 170 1
3 88 1
8 139 2
60 117 2
30 57 2
24 26 2
18 24 2
28 39 2
7 45 2
6 12 2
16 48 2
25 52 2
47 180 2
34 35 2
29 173 2
19 79 1
13 144 2
24 100 1
21 157 1
12 179 2
0 120 2
31 116 2
17 131 1
24 44 2
26 34 2
14 60 2
29 188 2
13 58 2
40 64 2
19 59 2
13 187 2
50 60 2
0 179 2
30 179 2
50 75 1
60 184 1
41 43 2
8 177 2
36 166 2
19 40 2
8 73 1
4 124 2
24 129 1
21 59 2
38 121 2
21 123 2
12 21 2
54 151 2
35 60 2
57 147 2
50 102 2
40 161 1
49 95 2
34 66 2
16 173 1
55 61 2
17 43 2
35 85 1
18 36 2
31 95 2
0 13 2
21 28 2
6 26 2
3 86 1
37 130 1
44 153 2
35 123 2
38 168 1
32 63 1
11 28 2
47 132 1
48 67 1
27 50 2
8 156 2
9 189 1
60 142 2
31 131 2
25 58 2
58 98 2
8 94 2
1 131 2
29 127 1
50 136 1
5 35 2
54 145 2
12 74 2
31 77 2
5 13 2
17 153 2
13 53 2
4 39 2
49 143 2
40 166 2
0 97 2
40 133 2
2 171 2
26 75 1
42 186 1
33 65 1
36 186 2
35 122 2
47 81 2
40 128 2
7 132 2
16 99 2
41 60 2
60 129 2
26 91 2
29 41 2
27 84 1
59 136 1
47 148 2
17 64 2
17 121 1
27 36 2
27 183 2
39 54 2
2 55 2
7 92 2
5 74 2
35 145 1
58 96 2
30 175 2
45 157 1
18 136 1
22 120 2
13 140 2
16 116 2
27 30 2
53 174 2
48 167 2
12 115 2
31 110 1
6 10 2
10 38 2
31 51 2
53 157 2
61 107 2
29 32 2
13 30 2
20 148 2
36 129 1
46 141 2
29 163 2
3 65 2
9 72 1
2 31 2
9 159 2
55 148 1
15 126 2
60 110 1
56 174 2
56 62 2
34 56 2
60 115 2
22 108 1
9 90 2
42 160 2
6 43 2
16 19 2
3 139 1
50 114 1
54 102 2
49 153 2
58 104 2
35 87 1
11 57 2
15 132 2
14 140 2
46 94 2
28 180 1
0 54 2
48 163 2
10 22 2
45 154 1
18 56 2
8 145 2
33 89 2
26 151 2
35 40 2
12 160 1
30 164 2
23 53 2
7 187 1
16 136 2
12 172 2
52 175 2
43 65 1
56 175 2
48 130 2
45 48 2
34 86 2
1 142 2
21 177 2
23 36 2
43 128 2
39 123 2
27 31 2
53 100 2
16 161 1
60 164 2
39 49 2
37 134 2
17 49 2
5 177 2
14 186 2
50 57 2
12 146 1
2 90 2
14 183 1
6 163 2
22 87 1
38 46 2
42 170 2
38 120 1
24 59 2
17 177 2
58 68 2
35 94 1
6 124 1
55 58 2
16 163 2
60 153 1
22 31 2
36 113 2
22 167 1
49 60 2
25 45 2
52 54 2
9 187 2
30 128 2
31 121 2
35 96 2
30 48 2
16 100 2
27 63 1
24 137 1
14 44 2
3 76 2
46 143 2
4 16 2
10 86 2
0 56 2
29 74 2
1 30 2
48 100 2
23 128 2
18 87 2
17 78 2
55 187 2
8 38 2
60 172 1
5 95 2
17 82 1
15 151 1
12 81 1
17 154 2
54 104 1
24 166 2
28 157 2
32 187 2
13 56 2
1 137 2
20 39 2
35 57 2
56 100 1
36 53 2
2 156 2
50 155 2
39 130 2
33 156 1
50 66 2
13 61 2
34 147 1
8 146 2
20 27 2
47 182 2
7 133 1
49 112 2
48 134 2
16 150 2
8 182 1
6 126 2
40 76 1
32 56 2
44 164 2
60 171 2
29 53 2
55 62 2
3 153 2
16 160 2
41 72 2
20 58 2
47 124 2
17 141 2
10 156 2
56 110 2
20 137 1
33 41 2
58 103 1
25 187 2
27 137 1
24 101 2
40 162 2
8 28 2
50 107 2
53 95 1
12 28 2
47 127 1
48 76 2
18 188 2
31 65 2
8 44 2
3 27 2
11 136 2
5 36 2
47 85 2
60 157 1
29 157 1
32 59 2
9 31 2
21 116 2
6 31 2
6 16 2
7 108 1
17 186 1
8 179 2
28 118 2
19 78 2
53 162 2
44 185 2
32 78 2
27 129 2
23 81 2
22 57 2
37 54 2
13 154 2
12 30 2
45 171 1
41 164 1
45 71 1
31 94 1
43 96 2
48 132 1
5 80 2
43 89 2
25 71 1
8 183 2
17 134 2
57 139 1
4 18 2
62 157 1
45 46 2
45 61 2
41 175 1
31 73 2
41 93 2
43 51 2
45 83 1
54 129 1
9 49 2
17 187 1
25 150 1
2 122 2
21 115 1
24 124 1
50 112 1
0 110 2
15 70 2
5 17 2
3 170 2
21 89 2
26 132 2
8 150 2
23 129 2
30 132 2
7 103 1
12 67 1
50 179 2
46 179 2
57 91 2
0 84 2
34 59 2
61 106 2
38 160 2
26 31 2
6 64 2
41 152 1
34 176 1
33 81 1
49 136 2
19 127 2
39 177 2
46 95 2
15 23 2
58 92 2
29 183 2
12 27 2
0 25 2
2 99 1
43 58 2
25 122 1
42 98 2
22 59 2
20 84 1
51 171 2
58 110 1
59 137 1
20 184 2
25 66 1
14 91 1
26 37 2
23 120 2
9 40 2
7 104 1
30 50 2
39 92 2
51 100 2
26 187 2
30 149 1
7 115 2
0 85 1
2 121 2
8 22 2
46 92 1
19 135 2
53 142 2
49 185 2
47 95 2
22 26 2
3 41 2
9 36 2
0 32 2
19 136 2
7 89 2
20 72 2
13 94 2
24 95 2
15 172 2
3 4 2
28 161 2
15 189 2
4 154 2
14 25 2
15 51 2
6 138 1
9 155 2
31 112 2
30 157 2
12 84 1
0 129 2
39 162 1
51 99 2
8 95 2
18 52 2
41 110 1
36 116 2
9 60 2
47 134 2
19 186 2
1 4 2
26 27 2
31 99 1
26 99 2
0 64 1
22 169 1
51 124 1
27 68 2
49 144 2
1 61 2
28 37 2
15 29 2
5 26 2
35 131 1
47 111 2
19 152 1
9 56 2
49 70 2
46 62 2
35 47 2
23 145 2
0 130 2
27 126 1
57 130 2
15 75 2
43 109 1
19 92 2
14 112 2
24 180 2
62 124 2
15 117 2
54 111 2
49 92 2
55 137 1
57 182 2
28 64 1
33 69 1
48 145 2
15 155 1
27 83 1
21 120 2
47 70 2
33 185 2
36 165 2
7 80 2
2 74 1
47 120 2
18 20 2
10 43 2
27 184 1
24 143 1
34 77 2
36 179 2
51 119 2
20 172 2
27 97 1
11 147 2
30 177 1
58 91 2
38 83 1
51 141 2
0 188 2
20 42 2
52 63 2
1 128 1
20 45 2
3 55 2
6 139 1
53 105 2
56 78 2
40 85 2
34 76 2
7 147 2
18 163 2
33 45 2
10 53 2
2 102 2
48 151 1
13 88 2
0 20 2
35 167 1
24 138 1
22 54 2
14 79 1
7 168 2
53 173 2
2 186 2
35 139 2
14 115 1
36 183 1
6 105 2
37 63 2
52 142 2
53 61 2
31 76 2
28 123 2
61 183 2
34 139 1
26 140 2
43 76 2
16 33 2
20 46 2
54 157 1
44 107 2
22 110 2
10 71 2
31 129 2
0 34 2
23 168 2
44 130 2
53 158 2
2 7 2
51 52 2
6 28 2
15 139 1
1 32 2
5 49 2
4 174 2
7 137 1
47 52 2
40 164 2
61 167 1
33 113 2
16 71 2
27 147 2
54 150 1
62 145 2
46 175 2
3 45 2
21 124 1
36 107 2
18 115 1
38 69 1
53 161 2
2 56 2
23 84 1
35 142 1
42 59 2
20 77 1
57 83 1
51 58 2
43 169 2
56 128 2
30 168 1
10 17 2
1 133 2
36 140 1
18 148 2
35 126 1
55 128 1
3 125 1
61 163 2
19 95 2
19 101 2
22 184 1
21 109 2
46 108 1
58 72 2
34 101 1
7 46 2
3 52 2
5 31 2
5 169 2
57 128 2
10 54 2
2 18 2
15 40 2
16 123 1
16 81 2
44 180 1
53 123 2
34 68 2
8 82 1
42 142 2
45 156 1
37 56 2
40 102 2
12 25 2
17 55 2
53 170 2
52 160 2
2 15 2
58 147 1
12 86 1
4 167 2
43 93 2
52 117 1
52 136 2
55 85 2
15 173 2
32 189 2
41 77 2
9 26 2
33 51 2
1 181 2
56 187 2
7 51 2
59 135 2
20 171 1
31 64 1
52 105 1
40 163 2
21 39 2
12 57 2
39 69 2
56 121 2
61 111 1
14 177 2
17 83 2
31 142 2
0 72 1
25 176 2
37 189 2
38 59 2
8 57 2
16 57 2
59 104 2
0 146 1
22 177 2
38 45 2
23 154 2
21 73 2
3 28 2
15 32 2
17 26 2
49 97 1
10 109 2
46 162 2
43 178 1
17 29 2
5 10 2
23 66 2
61 90 2
0 173 2
42 47 2
5 109 1
51 102 1
29 112 2
16 108 2
39 55 2
18 158 1
58 181 2
61 148 2
40 100 2
37 66 1
58 121 2
28 62 2
15 46 2
5 28 2
29 105 2
24 54 2
2 184 2
12 183 2
38 42 2
28 33 2
4 43 2
3 54 2
39 118 2
60 135 1
51 75 1
40 62 2
51 66 2
30 155 2
30 167 2
12 142 2
0 18 2
18 128 2
36 52 2
27 43 2
41 57 2
41 51 2
18 125 1
24 102 2
52 109 1
58 166 2
49 51 2
46 113 2
49 59 2
30 46 2
9 58 2
34 164 2
51 65 2
55 104 2
57 168 2
30 90 2
23 132 2
26 137 2
10 74 2
46 171 2
49 125 1
31 41 2
31 53 2
17 57 2
41 76 2
51 153 2
40 117 2
30 138 2
19 29 2
41 161 1
0 36 2
55 69 2
30 76 2
1 27 2
20 149 2
7 61 2
17 168 2
59 118 1
25 68 2
14 59 2
36 45 2
13 26 2
53 146 2
32 153 2
37 85 2
10 50 2
43 152 2
28 75 1
44 61 2
25 69 1
1 141 2
50 147 1
52 88 2
8 91 2
6 15 2
58 134 1
49 131 2
53 168 1
33 138 2
6 71 2
13 180 1
19 180 2
50 126 2
25 73 2
1 170 2
3 94 1
17 171 2
35 174 2
15 20 2
5 135 1
16 22 2
2 34 2
45 127 2
21 71 2
33 124 1
11 181 2
59 109 1
15 166 1
58 63 2
47 50 2
0 128 2
54 76 1
37 61 2
61 182 2
33 88 1
35 121 1
62 139 2
47 98 2
59 105 2
10 60 2
1 161 1
57 122 2
50 97 1
2 151 2
24 127 2
46 138 2
17 70 1
48 95 1
13 167 2
44 86 2
25 39 2
5 124 2
26 52 2
6 27 2
58 184 2
59 112 2
33 146 1
3 14 2
25 123 1
22 44 2
31 56 2
48 162 2
45 188 1
51 148 2
47 122 2
19 89 2
48 66 2
53 99 2
42 121 2
59 121 2
60 144 2
8 188 2
59 79 2
33 118 2
47 123 1
62 97 2
27 40 2
35 188 2
3 122 1
25 47 2
36 112 2
58 124 2
17 158 1
14 33 2
36 103 1
13 158 1
25 110 1
47 48 2
8 50 2
1 155 2
24 91 2
22 171 2
14 18 2
43 74 1
1 125 2
4 185 2
59 70 1
29 55 2
52 151 1
11 69 2
39 143 1
10 122 2
19 170 2
12 182 2
30 78 1
44 125 2
59 153 2
1 42 2
62 166 1
1 83 2
24 63 2
38 182 2
62 101 1
12 170 1
3 115 2
2 4 2
9 154 1
5 7 2
6 19 2
35 160 1
60 127 1
20 126 2
28 142 2
1 178 2
20 183 1
21 184 1
16 68 2
49 130 1
10 176 2
13 120 2
23 43 2
15 116 2
11 88 1
13 52 2
7 66 1
32 96 2
24 46 2
24 28 2
59 88 2
28 98 2
8 123 2
52 126 1
22 140 1
39 157 1
29 180 2
30 129 1
3 136 1
6 120 2
46 89 2
3 148 1
12 126 2
31 44 2
19 34 2
1 56 2
53 172 2
19 118 2
16 145 1
35 36 2
60 69 2
23 42 2
49 176 2
59 189 2
5 167 1
62 109 1
37 142 2
13 51 2
4 20 2
8 163 2
7 188 2
22 144 1
15 89 1
4 40 2
59 144 2
12 47 2
49 100 2
27 151 2
10 93 2
51 114 1
11 55 2
48 62 2
23 111 2
0 37 2
22 182 2
43 97 1
16 152 1
37 180 2
20 52 2
44 59 2
21 118 2
44 81 1
44 128 1
22 97 2
21 112 1
18 101 2
28 72 1
15 147 1
26 39 2
36 38 2
14 154 2
16 101 2
7 118 2
54 186 1
7 36 2
36 50 2
41 173 1
31 144 2
17 181 2
39 70 1
35 88 2
27 53 2
14 82 1
10 189 2
59 117 2
49 114 1
16 50 2
42 67 2
16 34 2
60 158 2
55 171 2
14 156 1
7 75 1
2 117 2
21 143 2
4 113 2
2 47 2
31 148 2
8 128 2
40 139 2
37 42 2
56 132 2
5 158 1
45 136 2
0 89 2
22 148 1
21 146 1
56 161 1
21 76 1
44 137 2
18 130 1
62 118 2
25 30 2
27 189 2
38 113 1
19 104 2
56 122 1
49 177 2
4 89 1
10 41 2
7 159 2
52 137 2
30 102 1
20 34 2
26 64 2
6 42 2
57 173 1
30 35 2
39 78 2
0 44 2
13 77 2
51 170 2
2 9 2
44 132 2
49 161 2
20 132 2
53 135 2
11 72 2
61 137 2
26 95 2
13 138 2
49 159 1
1 7 2
18 64 2
10 63 1
22 72 2
28 174 2
19 70 2
15 140 2
3 50 2
14 168 1
47 189 2
36 54 2
2 138 2
44 156 2
5 151 2
56 186 1
9 130 1
58 66 2
4 23 2
16 186 2
29 135 1
26 71 1
40 123 1
1 148 2
33 165 1
46 112 1
20 178 2
3 100 1
59 149 1
47 58 2
22 36 2
39 90 1
15 73 2
19 82 2
6 81 2
9 180 2
21 125 2
12 63 2
24 70 2
46 137 2
20 85 2
49 152 2
39 160 1
0 157 2
3 16 2
53 129 2
18 21 2
16 37 2
11 173 1
18 106 2
10 111 1
59 108 2
16 49 2
1 63 2
26 109 1
48 157 2
37 183 2
16 174 1
31 171 2
35 66 2
30 98 2
21 185 2
48 120 2
41 132 1
53 84 2
60 66 2
15 182 2
13 34 2
24 47 2
9 17 2
27 172 1
3 19 2
29 138 1
61 175 2
16 38 2
32 87 2
21 58 2
42 94 2
7 19 2
35 161 2
15 144 1
11 30 2
0 109 2
59 62 2
28 43 2
7 119 2
1 154 2
24 53 2
3 165 1
9 33 2
37 114 2
38 174 2
26 32 2
9 127 1
4 136 1
47 113 2
19 168 1
45 100 2
9 111 1
24 171 2
8 75 2
9 109 2
4 158 2
18 122 2
37 140 2
40 155 2
15 55 2
25 107 2
32 146 2
37 47 2
6 121 1
45 58 2
17 48 2
45 143 2
61 115 2
59 113 2
10 23 2
12 31 2
37 51 2
8 60 2
59 162 1
37 90 1
16 184 2
48 186 2
19 179 2
29 73 2
41 86 2
42 112 2
17 151 2
40 67 2
32 180 1
55 71 2
17 33 2
42 88 2
42 125 2
14 58 2
10 157 1
14 108 2
28 66 2
36 169 2
16 106 2
52 177 2
33 135 2
57 116 2
36 37 2
43 69 1
13 172 2
2 52 2
21 173 2
55 94 2
12 104 1
31 134 2
15 17 2
50 52 2
27 115 2
48 159 2
46 50 2
10 153 2
35 43 2
52 118 2
34 43 2
49 107 2
18 93 2
33 68 1
1 109 2
53 147 2
22 85 2
18 72 2
14 24 2
41 101 1
5 101 2
30 142 1
19 134 1
9 66 2
16 27 2
4 120 1
39 148 1
8 30 2
44 122 2
11 25 2
4 62 2
1 96 2
50 146 2
20 60 2
55 65 2
50 180 2
6 146 1
50 73 2
34 98 2
27 60 2
0 144 1
8 178 2
19 90 2
25 40 2
29 49 2
52 86 2
18 109 2
0 24 2
59 94 1
22 93 2
32 57 2
44 75 2
2 6 2
49 162 2
2 146 2
60 130 2
7 179 2
6 52 2
51 79 2
4 36 2
61 86 1
26 165 2
9 98 2
48 88 1
8 32 2
8 13 2
13 129 2
40 68 2
27 131 2
6 74 1
57 75 2
7 40 2
52 59 2
14 146 2
30 159 2
51 109 2
42 184 2
36 91 2
24 39 2
11 33 2
35 84 2
62 74 2
59 156 2
4 121 2
23 141 2
52 108 2
24 115 1
26 40 2
4 165 1
32 42 2
60 163 2
20 165 1
39 133 2
37 181 1
1 169 1
18 176 2
14 57 2
4 12 2
49 156 1
27 92 2
8 85 2
24 42 2
2 21 2
20 109 2
6 35 2
35 64 2
0 122 2
3 37 2
26 49 2
23 142 2
40 122 2
54 119 2
40 45 2
19 177 2
44 65 2
6 77 2
23 39 2
55 145 2
15 176 1
48 52 2
39 167 2
27 102 2
6 61 2
12 141 2
44 157 2
32 61 2
3 73 1
50 142 2
58 88 2
18 70 2
40 91 1
44 54 2
29 123 2
20 82 1
6 89 2
47 74 2
60 73 2
2 166 2
60 181 2
7 58 2
38 173 2
37 145 1
33 162 2
7 71 1
28 139 2
54 107 2
29 168 2
27 78 2
15 47 2
33 78 2
13 65 1
25 129 2
12 17 2
9 30 2
1 51 2
51 91 2
55 167 2
48 109 2
0 175 2
45 56 2
17 36 2
41 74 2
34 70 1
17 37 2
27 133 2
30 103 1
5 180 1
39 76 2
31 164 1
43 155 2
14 94 2
42 53 2
57 167 2
25 175 1
3 91 2
9 12 2
36 156 2
10 21 2
8 159 2
39 79 2
54 109 2
45 123 1
8 66 1
0 49 2
2 155 2
13 74 2
2 82 2
39 109 2
54 100 1
38 60 2
58 61 2
40 105 1
47 55 2
19 86 1
12 165 2
32 67 2
21 134 1
37 128 1
34 121 2
48 177 2
3 5 2
11 155 2
14 53 2
41 189 2
41 65 2
13 146 2
36 49 2
54 56 2
1 43 2
30 153 1
55 76 2
33 158 1
28 65 1
51 97 2
17 159 2
21 121 1
25 171 2
43 82 1
13 116 2
15 98 1
29 102 1
43 100 1
50 134 2
2 179 2
45 60 2
19 158 2
52 150 2
2 148 2
14 164 1
62 129 2
30 70 2
20 117 2
18 133 2
2 8 2
60 94 2
26 106 2
53 140 2
31 32 2
13 117 2
32 144 2
4 90 2
1 116 2
53 156 1
5 18 2
39 136 2
31 63 1
11 131 2
35 111 2
9 115 1
61 129 2
41 139 2
31 59 2
61 164 2
62 133 1
25 29 2
34 45 2
2 79 2
26 136 1
60 185 1
40 131 1
22 77 2
48 51 2
32 151 2
0 38 2
6 155 2
10 45 2
16 82 2
61 71 2
39 154 2
23 116 1
25 95 2
58 155 1
29 98 1
38 145 2
57 59 2
32 51 2
9 70 2
30 36 2
21 64 2
44 85 1
57 102 2
53 94 2
62 185 2
58 140 2
14 141 2
21 141 2
24 164 2
1 92 2
17 139 2
21 32 2
25 60 2
45 187 2
0 186 2
13 25 2
33 47 2
62 163 2
33 54 2
7 154 2
32 170 2
0 147 2
47 90 1
15 174 2
42 172 2
5 159 1
31 175 1
15 28 2
62 78 2
0 19 2
7 98 2
16 76 2
59 138 2
2 12 2
25 117 1
21 36 2
43 126 1
2 53 2
3 51 2
1 186 1
4 129 1
8 15 2
19 76 1
42 132 2
2 61 2
4 55 2
0 132 2
10 82 2
31 86 2
23 65 2
15 31 2
20 31 2
31 87 2
4 22 2
33 38 2
40 72 1
16 96 1
37 59 2
39 42 2
56 102 1
54 182 2
48 92 2
52 165 1
8 109 2
12 184 2
47 104 2
23 80 2
40 50 2
21 166 2
26 126 2
39 101 2
1 36 2
11 119 1
39 142 1
6 113 2
11 49 2
25 78 1
60 70 2
29 172 2
19 25 2
3 31 2
54 92 1
24 154 2
3 134 2
26 119 2
14 48 2
40 108 2
32 53 2
53 59 2
9 45 2
19 27 2
15 165 2
3 82 2
15 34 2
25 111 2
51 138 1
13 41 2
20 105 2
50 183 2
4 11 2
37 121 2
53 75 2
32 123 2
20 182 1
32 167 2
9 96 1
60 67 2
35 164 2
1 24 2
50 132 1
39 67 1
21 56 2
1 87 1
25 53 2
58 97 1
1 81 2
35 83 1
41 181 2
54 118 2
30 187 2
44 147 1
45 59 2
51 85 2
11 38 2
8 45 2
54 148 1
47 100 1
28 135 1
51 56 2
10 97 2
7 18 2
38 84 2
32 94 2
27 82 2
3 44 2
20 138 1
21 92 2
30 140 2
43 151 2
0 45 2
38 164 1
49 179 1
24 119 1
32 58 2
11 185 1
22 29 2
9 39 2
6 106 2
39 113 1
11 12 2
27 95 1
41 52 2
39 139 1
43 60 2
34 150 2
0 106 2
55 153 2
20 106 1
48 124 2
6 185 2
48 63 1
38 139 2
58 116 2
14 31 2
8 34 2
14 77 1
12 101 2
7 57 2
25 173 2
24 104 2
11 94 1
20 51 2
4 86 2
25 70 2
61 114 1
2 89 2
3 176 2
39 182 2
15 77 2
25 169 2
0 11 2
2 173 1
39 164 2
37 178 2
2 70 2
23 62 2
17 105 2
50 76 2
11 87 1
8 176 2
47 187 2
5 136 2
45 152 2
41 100 2
37 131 1
57 98 2
43 154 2
19 30 2
11 103 2
35 48 2
36 86 2
34 155 1
28 172 2
1 46 2
13 70 2
25 76 2
12 60 2
5 72 1
21 151 2
60 119 1
19 69 2
43 148 2
48 50 2
25 48 2
37 148 2
23 29 2
12 114 2
42 91 2
1 38 2
52 123 2
11 78 2
6 149 2
24 112 2
49 58 2
59 119 2
36 176 1
44 133 2
13 110 1
21 136 2
6 67 1
34 151 1
59 91 1
18 81 2
22 86 2
30 56 2
29 145 2
47 184 2
21 74 1
8 49 2
35 113 2
17 97 1
18 38 2
43 162 1
28 133 1
56 64 2
56 66 1
14 124 2
17 53 2
44 173 2
14 54 2
9 136 2
24 88 2
20 47 2
11 18 2
19 110 2
54 91 2
28 46 2
46 60 2
22 51 2
28 90 2
29 43 2
47 130 2
23 50 2
27 154 2
23 155 2
41 114 2
17 52 2
10 62 2
13 165 1
51 156 2
1 175 2
51 177 2
30 43 2
27 135 2
21 150 1
34 134 1
30 180 2
38 50 2
16 112 1
35 37 2
15 41 2
4 92 1
58 186 2
28 131 2
47 115 2
39 144 2
56 95 2
23 96 2
4 53 2
50 101 2
35 72 2
7 39 2
32 44 2
38 75 2
47 54 2
34 90 2
62 103 1
32 43 2
22 60 2
10 98 1
18 45 2
5 38 2
39 119 2
3 53 2
18 89 1
58 120 1
62 172 2
3 22 2
23 41 2
29 61 2
37 173 2
20 66 2
27 49 2
54 170 2
32 86 1
2 38 2
9 185 2
40 172 1
51 111 1
8 25 2
48 74 1
46 107 2
15 162 1
13 39 2
5 182 2
4 103 2
38 140 2
60 139 1
37 93 1
2 49 2
8 24 2
37 108 2
38 107 1
33 58 2
10 151 2
56 173 2
15 104 2
10 29 2
39 68 2
40 84 2
19 32 2
44 57 2
2 109 2
2 136 2
18 53 2
36 43 2
9 44 2
3 68 2
31 109 2
28 166 1
59 74 1
51 161 1
28 48 2
17 28 2
11 130 1
30 85 1
20 116 1
56 129 2
51 174 2
62 151 2
26 139 2
31 173 2
8 40 2
28 34 2
0 26 2
61 140 2
20 127 2
36 97 1
7 17 2
13 150 2
44 162 2
44 45 2
19 81 2
10 44 2
30 100 2
6 53 2
4 98 2
38 176 2
23 44 2
36 57 2
28 31 2
40 115 2
26 129 2
1 18 2
11 20 2
20 61 2
14 43 2
38 48 2
34 149 2
51 180 2
1 79 2
20 162 2
37 123 2
32 66 2
36 71 2
6 24 2
17 23 2
7 112 2
10 61 2
14 181 1
1 60 2
11 58 2
14 29 2
60 166 2
14 175 1
62 102 2
6 36 2
8 157 2
39 150 1
1 108 1
32 69 2
48 176 2
22 27 2
1 8 2
7 152 2
51 87 1
57 70 2
25 118 1
11 50 2
31 184 1
12 68 1
20 131 1
15 48 2
11 145 1
56 59 2
46 117 2
13 149 2
12 79 1
13 124 2
4 71 2
19 97 2
33 93 1
50 140 2
5 86 2
10 158 1
15 21 2
27 141 2
13 59 2
13 133 2
45 142 2
42 106 2
36 123 2
7 52 2
16 175 2
12 38 2
30 61 2
0 58 2
52 97 2
32 79 2
6 170 2
22 61 2
15 91 2
34 71 2
22 25 2
1 103 1
1 66 2
11 19 2
1 139 1
45 47 2
18 132 1
5 41 2
49 140 2
56 172 2
30 66 1
31 78 1
54 180 2
22 134 2
24 31 2
24 61 2
45 57 2
41 160 1
48 181 1
6 92 1
28 30 2
15 179 2
61 73 2
19 115 1
57 103 2
32 130 2
39 46 2
1 34 2
11 31 2
38 72 1
48 173 2
37 133 2
24 130 2
24 82 2
8 54 2
12 70 2
36 73 2
7 123 1
33 111 2
21 119 1
15 27 2
21 69 1
19 64 2
6 145 2
45 186 2
40 106 1
61 130 1
54 154 1
6 49 2
55 169 2
39 77 1
16 61 2
46 159 1
22 71 1
34 52 2
11 143 1
32 171 1
44 135 2
9 51 2
61 132 2
36 114 2
42 151 1
49 118 2
30 94 2
59 95 1
54 120 2
0 90 2
21 80 2
1 126 2
12 189 2
25 165 1
53 188 2
55 121 1
57 71 2
11 26 2
35 79 1
29 64 1
23 97 2
44 78 2
40 179 2
4 83 2
45 146 1
19 131 2
48 73 2
44 50 2
52 114 1
2 36 2
53 180 2
42 148 2
9 150 2
52 91 1
61 122 1
25 188 1
14 38 2
12 52 2
27 170 2
56 94 2
8 42 2
8 12 2
49 80 2
3 40 2
3 155 1
0 23 2
30 32 2
46 68 1
19 105 2
23 73 2
4 176 1
20 55 2
24 135 2
40 94 2
47 109 1
51 157 1
26 48 2
17 163 2
49 139 2
13 81 2
40 43 2
0 135 2
13 171 1
22 188 2
34 106 2
4 72 2
33 164 2
14 167 2
33 82 2
53 63 2
43 85 2
16 44 2
39 132 2
39 44 2
8 92 2
40 134 1
19 183 2
18 179 1
30 107 2
26 104 2
55 149 2
24 187 1
20 186 2
16 110 2
16 75 2
62 107 1
41 95 2
49 135 2
60 96 1
26 55 2
46 104 2
10 79 1
52 53 2
11 22 2
17 72 1
53 160 1
14 41 2
33 85 1
56 108 2
7 124 1
42 178 1
37 83 2
18 34 2
53 106 2
15 54 2
22 66 1
22 90 1
41 155 2
17 44 2
9 89 2
19 167 1
15 88 2
19 122 1
12 13 2
33 46 2
29 155 2
11 41 2
31 159 1
3 48 2
23 89 1
53 116 2
25 42 2
18 27 2
51 166 2
19 155 2
15 122 2
57 90 1
50 82 2
40 59 2
15 154 2
38 189 1
61 104 1
48 178 2
6 23 2
5 166 1
30 97 1
13 28 2
7 183 2
16 166 1
50 163 2
12 73 2
26 160 2
27 65 1
18 48 2
39 93 2
21 152 1
30 144 2
5 61 2
62 148 2
5 110 1
3 25 2
8 154 1
55 72 1
24 40 2
5 78 2
2 42 2
61 84 1
19 33 2
28 36 2
1 31 2
5 67 2
57 81 1
10 49 2
47 161 1
0 3 2
4 59 2
32 160 1
42 101 2
27 166 2
48 125 2
41 94 2
52 62 2
50 128 2
16 167 2
28 80 2
40 185 2
47 108 2
12 185 2
33 188 1
39 50 2
51 167 2
39 87 2
62 183 1
29 118 2
42 144 2
59 68 2
20 94 2
59 71 2
15 168 2
6 136 2
54 137 2
32 37 2
4 183 1
6 111 2
22 28 2
39 47 2
27 37 2
33 174 1
5 57 2
7 26 2
28 40 2
15 66 2
5 160 2
58 85 1
10 94 1
20 70 2
8 58 2
43 150 2
60 86 1
51 115 1
32 91 2
44 100 2
21 35 2
3 12 2
22 42 2
15 44 2
32 64 2
35 148 1
43 90 2
41 47 2
0 137 1
44 171 2
44 188 1
6 91 2
19 55 2
17 34 2
2 97 2
21 82 2
61 68 1
53 102 1
18 41 2
34 38 2
14 27 2
35 187 1
28 137 2
5 23 2
48 150 1
31 57 2
39 41 2
24 172 1
42 49 2
62 186 2
46 101 2
22 38 2
60 188 2
17 172 2
46 88 2
2 14 2
2 185 2
4 161 2
37 79 2
45 131 1
9 59 2
4 44 2
28 156 2
44 183 2
7 140 1
8 147 2
22 92 2
6 110 1
15 71 2
57 154 2
53 57 2
17 69 2
38 128 2
23 30 2
36 180 2
9 113 2
32 40 2
32 159 2
17 85 2
36 70 1
56 77 1
28 92 2
8 20 2
31 118 2
44 169 2
7 171 2
4 37 2
13 49 2
20 93 2
59 180 2
47 102 2
16 24 2
62 76 2
28 102 2
20 91 1
39 60 2
27 162 1
18 74 2
19 148 2
5 163 2
1 172 2
6 165 2
28 112 2
9 28 2
17 35 2
36 163 2
36 110 1
38 150 2
10 143 1
14 153 2
15 186 2
10 172 1
12 72 2
43 116 2
41 79 1
32 154 2
35 158 2
18 162 2
43 157 2
54 158 2
14 50 2
22 91 2
46 73 2
15 35 2
32 110 2
33 84 1
41 171 1
36 111 1
2 110 2
30 33 2
21 83 2
48 98 2
30 86 2
15 16 2
15 72 1
42 164 2
51 150 1
11 128 2
48 184 2
20 44 2
43 88 1
23 163 2
28 42 2
24 58 2
37 127 1
15 42 2
0 103 2
11 115 2
44 143 2
40 146 2
44 184 2
9 74 2
16 121 2
13 44 2
60 88 2
35 76 2
0 165 1
20 41 2
59 82 1
52 178 2
23 167 2
26 66 2
62 164 1
57 172 1
10 168 2
34 42 2
32 85 2
29 69 2
15 90 2
50 149 1
28 134 1
31 141 1
39 175 2
55 136 1
14 62 2
8 131 2
50 85 2
40 66 2
14 93 2
48 135 2
5 14 2
30 47 2
62 142 2
3 15 2
26 170 2
62 77 2
23 57 2
43 92 2
25 102 2
11 29 2
60 111 2
7 55 2
40 160 2
33 77 2
17 138 1
6 95 1
51 53 2
17 160 1
14 36 2
44 106 2
5 165 2
11 133 2
27 130 2
15 183 2
58 128 2
32 142 2
52 159 2
53 113 1
5 56 2
24 148 1
15 49 2
42 189 1
9 110 2
7 186 2
0 172 1
4 170 2
13 175 1
30 59 2
1 88 1
9 167 2
38 124 2
54 130 2
60 91 2
42 138 2
6 187 2
23 107 1
23 31 2
4 110 2
9 15 2
4 130 1
37 156 1
20 175 2
29 31 2
56 180 1
8 14 2
49 52 2
0 66 1
30 115 2
2 27 2
16 74 2
21 131 2
8 170 1
16 35 2
53 101 1
45 172 2
0 118 2
38 74 2
61 170 1
9 32 2
57 72 2
13 184 1
7 145 2
8 189 2
43 66 1
12 62 2
41 130 2
62 108 2
34 158 1
42 173 2
52 57 2
22 129 2
58 180 1
1 6 2
8 155 1
11 15 2
2 114 1
55 117 1
9 47 2
44 114 1
2 115 2
29 38 2
3 49 2
36 120 1
21 45 2
12 177 1
17 39 2
35 90 2
26 125 1
56 169 2
16 25 2
23 137 1
2 62 2
4 131 2
23 64 2
47 185 1
42 52 2
42 171 1
13 14 2
7 59 2
12 36 2
23 139 2
14 166 2
31 168 1
1 104 1
0 183 1
46 115 1
43 179 2
28 128 2
43 99 2
60 183 2
21 26 2
5 120 1
44 79 2
46 85 1
3 189 2
7 33 2
17 144 2
12 113 2
8 140 2
4 32 2
20 155 1
3 61 2
60 108 2
49 124 1
36 55 2
18 165 2
9 25 2
34 144 1
42 83 1
19 44 2
10 40 2
26 38 2
18 167 1
51 117 2
47 139 2
22 65 2
29 54 2
7 99 1
42 72 2
33 171 1
23 26 2
4 180 2
8 187 1
1 3 2
61 101 2
20 22 2
5 6 2
34 75 2
51 80 2
49 160 2
12 19 2
39 105 1
29 187 2
53 132 2
13 96 1
37 152 2
18 107 2
3 143 2
21 48 2
56 117 2
5 53 2
23 37 2
5 39 2
26 87 2
42 64 1
60 150 1
12 49 2
1 12 2
19 28 2
10 165 2
54 156 1
54 78 2
13 54 2
24 92 1
49 117 2
37 50 2
30 55 2
18 68 2
23 187 2
42 187 1
5 22 2
47 84 1
51 135 1
26 178 1
21 103 2
38 108 1
44 60 2
59 174 1
25 149 2
2 150 2
37 125 2
10 56 2
21 95 1
10 51 2
13 164 1
7 11 2
11 98 1
8 135 2
1 5 2
29 100 2
58 152 1
8 165 2
14 42 2
52 58 2
48 121 2
22 158 1
35 67 1
45 113 2
60 102 2
16 130 2
11 129 2
59 102 2
15 45 2
5 65 1
53 80 2
11 142 2
50 156 2
49 154 2
32 89 2
0 57 2
12 41 2
35 51 2
26 33 2
0 117 2
57 158 2
38 188 2
5 75 2
2 144 1
16 32 2
24 45 2
4 33 2
30 62 2
40 107 2
30 123 2
47 107 2
25 180 1
9 10 2
39 82 1
11 52 2
61 103 1
38 64 2
16 93 2
12 94 2
19 162 2
31 97 1
20 49 2
47 154 2
46 149 2
34 92 2
13 189 2
24 72 2
9 144 2
50 160 2
23 27 2
14 100 1
20 36 2
13 90 2
6 160 2
52 61 2
14 160 2
31 189 2
31 81 2
38 172 1
11 149 1
8 122 2
44 119 2
27 160 2
28 96 2
51 122 2
24 179 2
52 101 1
6 97 2
43 122 2
0 46 2
21 156 2
21 37 2
26 155 1
11 74 2
1 97 2
36 60 2
50 187 2
59 75 2
0 43 2
37 43 2
6 34 2
12 171 1
10 42 2
1 185 2
31 43 2
21 70 1
49 146 2
54 72 2
60 176 1
14 16 2
43 48 2
46 69 1
46 158 1
57 134 2
45 112 1
36 131 2
21 104 1
48 101 2
45 78 2
5 117 2
14 158 2
38 156 2
2 54 2
42 134 2
2 140 2
33 39 2
45 93 1
18 110 2
2 33 2
51 63 1
21 155 2
53 90 1
41 55 2
5 130 2
4 87 2
3 57 2
17 38 2
10 174 2
19 36 2
55 103 2
6 84 1
51 173 2
54 125 2
62 94 2
35 134 2
53 67 2
57 127 2
20 88 2
53 151 1
10 12 2
12 124 1
23 76 1
28 84 1
7 31 2
27 45 2
2 46 2
1 173 2
29 116 2
44 96 2
12 71 2
47 171 2
22 156 1
61 178 1
60 187 1
48 104 1
11 122 2
11 51 2
56 130 2
43 164 1
29 90 2
31 61 2
8 11 2
58 148 2
46 146 2
34 141 2
42 45 2
42 56 2
19 153 2
13 137 2
12 56 2
29 131 1
9 172 2
11 62 2
39 53 2
8 76 2
51 189 1
3 186 2
48 158 1
23 157 1
12 168 1
9 107 1
31 55 2
31 166 2
50 152 2
59 131 2
61 79 1
32 156 2
15 83 1
60 132 1
11 80 1
45 180 2
3 105 2
48 119 1
61 135 2
8 169 1
34 44 2
31 107 2
6 44 2
51 74 1
26 120 1
50 103 1
45 72 1
47 62 2
55 175 2
15 153 1
24 76 1
50 139 2
7 100 2
21 52 2
35 70 2
42 43 2
6 152 2
47 159 2
4 137 1
42 137 2
15 57 2
55 184 1
36 64 2
3 21 2
26 80 1
11 17 2
32 166 1
1 37 2
33 130 2
55 79 2
34 51 2
1 53 2
38 181 1
48 72 2
10 55 2
46 169 2
37 57 2
32 158 2
40 56 2
29 128 2
19 66 1
48 59 2
4 65 2
6 51 2
32 162 1
1 118 2
6 103 2
13 73 2
39 151 2
11 154 1
12 130 2
33 66 1
25 82 1
11 96 2
28 162 2
52 161 2
40 49 2
1 15 2
35 130 2
58 154 2
2 45 2
48 49 2
18 61 2
40 189 2
20 151 1
12 161 2
28 159 2
1 19 2
31 47 2
62 89 2
35 97 2
11 71 2
7 32 2
45 162 1
8 67 2
0 95 2
20 119 2
12 116 2
3 81 2
21 128 2
23 75 1
40 58 2
28 32 2
11 39 2
6 123 1
50 54 2
17 152 2
28 29 2
12 59 2
56 127 1
13 45 2
49 105 2
19 169 1
6 75 2
41 117 2
17 173 2
28 129 1
57 109 1
58 60 2
28 52 2
41 58 2
24 25 2
36 117 2
20 108 2
0 50 2
58 87 2
33 137 2
22 81 2
39 62 2
0 138 2
38 123 2
18 126 2
5 150 2
9 123 2
35 69 2
53 169 2
0 28 2
42 118 2
45 167 2
9 77 2
3 180 2
27 177 2
17 102 2
52 172 2
6 46 2
34 184 2
41 134 2
49 123 2
44 51 2
5 16 2
14 113 2
13 21 2
58 109 1
56 136 2
7 107 2
4 7 2
54 188 2
21 78 1
27 155 1
39 128 2
59 155 2
31 113 2
32 93 1
3 131 1
37 186 2
40 46 2
35 185 2
6 144 2
4 135 2
26 97 2
54 61 2
5 162 2
38 55 2
6 182 2
10 148 2
31 127 1
59 111 1
5 140 1
45 139 2
25 97 1
3 11 2
29 164 2
26 46 2
4 21 2
32 34 2
12 55 2
4 8 2
3 179 1
30 162 1
33 102 1
11 108 2
31 34 2
1 55 2
32 97 2
22 67 1
7 125 2
56 153 2
43 101 1
23 28 2
8 81 2
15 94 2
61 119 2
13 139 1
10 177 1
0 131 1
5 70 2
46 70 2
29 176 2
50 95 2
46 131 1
14 45 2
0 74 1
54 75 2
61 85 1
49 53 2
19 107 2
24 60 2
18 164 2
25 36 2
56 158 2
30 139 1
56 152 2
40 176 2
12 135 2
52 98 2
17 74 2
10 31 2
4 60 2
5 172 1
31 169 2
42 104 1
38 62 2
18 80 2
11 66 1
1 159 2
11 125 2
18 73 2
28 74 1
14 74 2
37 69 2
36 62 2
15 93 1
22 173 2
52 74 2
12 180 2
26 111 1
53 189 1
43 130 1
27 42 2
7 43 2
59 114 2
56 68 2
14 184 2
7 35 2
7 169 2
42 68 2
27 44 2
62 67 1
11 137 1
53 88 2
39 58 2
35 110 1
56 184 2
54 58 2
61 67 2
3 157 2
5 123 2
20 24 2
2 162 2
49 69 1
34 189 2
14 49 2
12 43 2
53 72 1
28 113 2
21 164 2
58 137 1
35 104 2
9 37 2
41 151 2
46 81 2
7 175 1
45 105 2
23 159 2
21 160 2
52 75 2
50 154 2
29 120 1
29 185 2
27 161 2
1 35 2
27 143 1
53 159 1
48 131 2
42 50 2
2 50 2
7 155 2
10 16 2
9 86 1
6 62 2
3 119 2
16 72 2
55 170 2
32 131 2
46 134 2
48 138 1
2 71 2
6 18 2
47 80 2
42 181 2
7 163 2
23 48 2
47 126 2
48 126 2
8 107 1
32 141 1
10 80 2
28 56 2
4 30 2
12 32 2
44 163 2
2 44 2
16 83 2
29 59 2
5 30 2
9 153 2
9 182 2
26 147 1
36 119 2
24 37 2
35 50 2
16 43 2
33 90 2
57 80 1
34 181 2
4 19 2
48 68 1
32 60 2
27 59 2
33 179 2
52 120 2
1 110 1
18 185 2
38 141 1
44 84 2
25 119 2
31 154 2
46 119 1
16 29 2
7 60 2
42 168 2
59 182 2
35 68 2
4 146 2
31 165 2
40 157 2
30 176 1
54 159 2
13 174 1
30 42 2
40 159 2
5 46 2
7 177 1
35 117 2
28 101 2
42 113 1
43 53 2
35 132 1
3 121 2
23 47 2
40 182 1
61 146 1
37 162 1
15 58 2
33 44 2
55 158 2
41 135 2
39 165 2
56 85 1
38 66 2
56 80 1
25 138 2
1 21 2
41 145 2
7 97 1
6 143 2
8 48 2
37 157 2
29 96 1
57 165 2
11 47 2
27 48 2
14 71 1
13 57 2
61 110 2
31 35 2
10 161 2
6 60 2
61 97 2
13 43 2
51 158 2
12 76 2
34 188 1
3 69 1
54 122 2
50 151 2
21 137 1
0 14 2
32 95 2
58 93 2
43 187 2
57 132 2
40 113 1
61 158 1
44 105 1
25 62 2
59 80 2
23 109 1
16 42 2
6 40 2
48 133 1
36 147 1
62 138 2
11 127 1
62 174 1
34 58 2
27 29 2
20 63 2
20 28 2
49 71 2
10 160 1
43 81 1
14 150 2
17 73 1
39 153 2
15 37 2
38 40 2
36 138 1
51 55 2
55 166 1
3 103 1
13 114 1
21 55 2
32 182 2
37 176 2
15 85 2
24 57 2
30 174 2
16 90 2
41 163 2
27 132 2
13 62 2
15 62 2
23 165 2
7 41 2
10 113 2
62 88 2
4 169 2
14 84 2
30 79 2
62 167 2
4 162 2
58 115 2
32 100 1
33 55 2
24 108 2
36 98 1
8 120 1
5 188 2
24 155 2
7 28 2
9 73 2
34 145 1
42 87 2
23 54 2
26 88 2
39 141 2
34 123 2
62 95 2
61 186 2
2 93 2
54 177 2
14 15 2
37 67 2
16 62 2
12 174 1
8 117 2
44 82 2
33 50 2
50 127 2
38 186 2
8 27 2
53 125 2
15 99 2
29 153 2
50 59 2
54 71 1
58 76 2
12 16 2
58 162 2
41 99 2
28 94 2
54 64 2
11 120 1
28 108 1
60 64 2
38 86 1
10 47 2
29 37 2
47 138 1
8 152 2
24 35 2
33 83 2
9 84 1
22 112 2
41 83 2
39 86 1
54 133 2
6 98 2
9 118 1
11 166 1
45 119 2
10 58 2
30 34 2
45 62 2
42 117 2
8 138 1
27 77 2
28 68 1
10 33 2
16 79 2
56 75 2
33 80 2
29 33 2
20 104 2
33 144 2
43 105 2
59 188 2
44 47 2
5 71 1
20 177 2
5 52 2
33 56 2
5 60 2
53 86 1
4 58 2
22 37 2
23 58 2
31 66 1
13 145 2
22 95 2
2 88 2
23 140 2
11 68 2
40 114 2
3 60 2
50 78 2
41 75 1
22 131 1
45 144 2
12 23 2
55 133 1
2 175 1
9 164 1
46 118 2
46 48 2
33 178 2
39 95 2
0 6 2
16 133 1
61 139 2
47 68 1
43 73 2
9 101 2
3 67 1
8 80 2
51 67 1
41 97 1
36 81 1
25 41 2
22 82 2
41 120 2
43 72 2
4 171 2
28 126 2
9 148 1
10 76 2
46 111 2
13 24 2
13 35 2
28 47 2
30 53 2
5 32 2
22 186 2
15 169 2
1 23 2
60 152 2
41 80 1
57 186 2
54 171 2
59 154 2
26 43 2
20 124 2
56 81 2
13 93 1
49 137 2
59 163 1
22 35 2
4 159 1
14 87 2
6 178 2
30 146 2
28 53 2
53 93 1
3 29 2
30 165 1
29 125 1
26 150 1
14 95 2
22 49 2
44 151 2
42 143 2
1 54 2
1 143 2
18 42 2
16 178 2
2 51 2
3 177 2
6 39 2
22 106 1
34 87 1
52 81 2
7 139 1
7 30 2
4 57 2
2 85 2
23 125 2
62 177 2
2 35 2
7 120 1
6 104 2
41 150 2
55 160 2
52 169 2
12 35 2
16 65 2
10 129 2
16 54 2
1 16 2
22 78 2
19 85 2
9 121 2
45 133 2
41 147 1
32 138 2
7 135 2
38 187 2
62 63 2
54 110 1
7 141 1
36 153 2
29 115 2
59 132 1
24 120 1
20 158 2
46 78 2
5 154 2
11 24 2
24 159 2
59 124 2
46 58 2
12 82 2
21 144 2
15 59 2
22 175 2
8 62 2
47 79 2
27 32 2
62 90 2
28 179 2
37 143 1
18 160 2
57 110 1
44 116 1
60 161 2
29 166 1
25 105 2
51 105 2
34 156 2
9 19 2
24 36 2
4 118 1
19 41 2
30 51 2
53 178 1
10 39 2
5 51 2
27 144 2
23 55 2
0 21 2
22 94 1
26 51 2
14 172 1
18 123 2
43 121 2
37 60 2
7 72 2
25 124 2
33 145 2
33 121 2
57 141 2
5 50 2
13 18 2
32 140 2
5 25 2
59 166 2
26 67 1
36 137 2
61 82 2
54 106 2
50 123 2
31 156 2
58 175 2
37 112 1
48 141 2
49 56 2
35 49 2
25 140 1
51 88 2
32 47 2
24 85 1
55 101 1
52 78 2
9 124 2
42 133 2
39 56 2
35 133 2
10 99 2
58 69 1
6 70 2
50 153 1
31 101 2
38 82 2
18 29 2
14 111 2
42 163 2
15 158 1
25 143 2
55 154 1
32 38 2
11 162 2
52 92 2
44 80 2
4 14 2
12 26 2
12 175 2
54 123 1
21 102 2
51 131 1
21 122 1
12 150 2
28 167 1
60 180 2
37 94 1
28 70 2
55 89 2
45 166 1
19 63 2
9 179 1
20 53 2
31 132 1
54 165 1
41 98 1
42 130 1
48 110 2
58 185 1
38 167 1
31 150 1
1 127 2
26 107 1
58 70 2
19 87 1
42 105 2
55 122 1
39 71 2
8 84 2
21 163 2
19 175 2
12 140 2
16 53 2
10 107 2
54 93 1
1 165 2
26 154 2
7 12 2
13 181 2
28 154 2
22 23 2
32 83 1
27 136 1
17 88 2
37 49 2
43 50 2
14 123 2
17 117 2
0 17 2
9 181 1
49 62 2
41 119 1
58 75 2
40 168 2
27 34 2
12 132 2
58 171 2
12 42 2
22 166 2
34 37 2
32 119 2
7 47 2
24 181 2
24 64 2
10 30 2
22 160 2
57 174 2
29 108 2
15 184 2
45 87 1
57 61 2
42 55 2
2 95 1
16 97 2
40 129 1
21 172 2
22 168 2
1 70 1
48 136 2
29 66 2
17 123 2
25 141 2
42 119 2
59 128 2
48 94 2
30 152 1
26 118 1
16 138 1
46 52 2
46 93 2
30 58 2
16 52 2
26 61 2
46 53 2
59 169 2
11 34 2
16 171 2
36 139 2
26 184 1
7 10 2
46 55 2
24 65 2
35 157 2
20 56 2
48 152 2
43 115 2
54 114 1
17 79 2
9 43 2
45 116 2
16 20 2
8 100 2
35 163 2
23 68 2
34 174 2
13 148 2
46 160 2
6 157 2
10 154 2
48 105 2
27 70 2
29 77 1
13 19 2
44 88 2
14 143 2
32 168 1
3 102 1
26 35 2
9 151 1
32 188 1
56 57 2
56 113 2
50 55 2
31 140 1
42 70 2
26 142 2
16 158 2
28 147 2
33 169 1
39 40 2
49 79 1
6 73 1
11 177 2
34 48 2
5 183 2
58 82 1
46 173 2
53 114 2
60 149 1
18 184 2
36 69 2
58 146 2
5 189 1
13 147 2
62 147 1
5 27 2
26 143 1
19 174 2
18 50 2
18 91 2
10 141 2
15 106 2
25 49 2
18 92 2
24 98 2
9 13 2
17 136 2
56 115 1
29 101 1
5 20 2
52 181 2
21 30 2
38 41 2
59 141 2
54 185 1
10 18 2
0 15 2
4 155 2
52 106 1
21 98 1
53 153 1
6 80 1
6 168 2
48 102 2
22 39 2
44 68 2
25 127 2
31 104 2
54 116 1
55 162 2
15 39 2
31 40 2
16 127 2
15 38 2
18 113 2
2 13 2
27 69 2
30 126 2
41 144 2
13 170 1
17 18 2
42 46 2
29 181 1
11 123 1
7 131 2
6 58 2
1 41 2
26 96 2
16 59 2
13 76 2
24 146 1
3 142 1
10 179 2
51 154 2
47 150 2
26 53 2
43 119 1
47 72 1
22 50 2
0 174 1
16 86 1
23 166 2
14 52 2
4 15 2
6 38 2
19 143 2
45 94 2
3 123 1
6 87 2
31 149 2
34 50 2
43 57 2
1 95 2
60 87 2
31 115 2
5 186 1
30 121 2
23 174 1
1 129 2
42 162 2
60 140 2
23 144 2
5 58 2
21 90 2
46 148 2
6 147 2
51 144 2
37 75 1
54 164 1
6 48 2
19 132 1
33 161 2
31 111 2
19 52 2
59 178 2
19 184 2
4 69 1
58 71 2
17 111 2
3 92 1
38 152 1
3 108 2
22 117 2
20 152 2
8 96 1
44 102 2
15 76 2
41 63 2
56 109 1
41 166 2
46 128 2
43 79 2
40 150 2
4 151 1
58 59 2
5 91 1
42 166 2
28 124 1
20 68 2
16 113 2
42 73 2
50 67 2
59 186 1
51 62 2
55 88 2
8 151 1
12 14 2
16 84 2
12 40 2
61 145 1
4 145 2
34 57 2
7 153 2
22 24 2
42 77 1
41 172 2
9 42 2
6 65 2
41 85 2
24 158 1
48 113 2
16 114 2
49 73 2
17 22 2
1 80 1
9 91 2
10 78 2
11 13 2
37 182 2
0 68 1
29 36 2
46 182 2
15 152 2
39 115 2
32 109 1
38 85 2
16 115 2
10 89 2
7 22 2
2 176 2
53 54 2
28 49 2
60 103 2
47 56 2
10 139 1
78 104 1
12 20 1
17 71 2
114 173 1
118 121 1
24 33 1
