% n=170 p=33 d=0.66 p_blue=0.66
% k=0
33 126 2
20 43 2
7 66 2
2 22 2
33 69 2
7 24 2
24 34 2
16 48 2
23 129 2
28 88 1
33 103 2
21 148 2
9 97 1
3 32 2
37 145 2
24 136 2
30 167 1
28 34 2
0 139 2
40 93 2
4 81 2
55 87 2
1 119 2
0 95 2
44 82 2
35 36 2
41 113 1
12 127 1
52 161 2
43 157 1
52 168 2
14 19 2
44 147 2
28 46 2
7 42 2
10 87 1
35 38 2
1 143 2
0 89 2
44 83 2
28 101 2
35 147 2
9 60 2
13 31 2
11 98 2
50 81 2
42 122 2
30 124 2
7 109 1
34 58 2
31 141 2
50 125 1
9 19 2
22 125 2
1 102 2
21 76 1
53 150 2
12 154 1
21 85 2
9 56 2
15 161 1
15 130 2
34 157 2
8 13 2
16 55 2
30 48 2
19 151 2
6 22 2
50 169 2
41 102 2
39 134 2
53 88 2
27 31 2
2 93 2
15 38 2
7 91 2
50 121 2
40 157 1
4 71 2
42 131 2
5 103 1
34 64 2
31 73 1
38 166 2
1 51 2
20 144 1
43 52 2
52 112 1
38 123 2
35 161 2
0 121 2
50 90 2
27 151 1
12 149 2
10 163 1
53 99 1
26 84 2
0 52 2
8 40 2
9 110 2
45 88 2
29 88 2
23 92 2
10 73 1
45 105 1
1 120 1
31 52 2
30 95 2
30 77 2
2 33 2
10 157 1
17 105 2
8 81 2
25 51 2
51 112 2
9 30 2
55 70 2
30 160 2
41 77 2
52 130 2
29 51 2
2 96 2
28 160 2
47 95 2
43 150 1
10 64 1
45 67 2
47 109 2
26 89 2
17 40 2
8 47 2
34 107 2
17 77 2
38 127 1
19 29 2
11 154 2
16 144 1
26 111 2
42 155 2
38 97 2
29 138 2
14 63 2
6 21 2
37 49 2
26 75 1
2 55 2
43 44 2
8 153 2
6 25 2
9 52 2
2 34 2
16 168 2
13 47 2
31 109 1
32 103 2
32 83 2
18 56 2
30 122 1
8 18 2
8 45 2
31 55 2
20 44 2
45 65 1
44 48 2
8 150 2
52 88 2
24 78 1
33 95 2
32 113 2
5 20 2
13 38 2
9 47 2
53 140 2
2 37 2
27 37 2
36 43 2
47 92 1
10 167 1
7 154 1
50 120 2
35 84 1
23 26 2
21 152 2
21 30 2
11 79 1
38 55 2
6 113 2
24 93 1
26 118 2
3 10 2
14 20 2
6 9 2
17 60 1
47 142 1
40 84 1
10 34 2
16 104 1
30 91 2
21 128 1
20 41 2
22 160 2
34 78 1
27 111 1
34 63 2
42 100 2
26 125 2
6 69 2
44 120 2
30 136 2
50 139 2
55 134 2
27 109 2
34 124 2
16 89 2
16 165 2
27 40 2
36 168 2
20 113 2
23 81 1
38 82 1
55 128 1
17 118 2
32 50 2
26 28 2
1 146 1
48 148 1
45 158 1
1 152 2
7 141 1
9 130 2
17 151 1
54 161 2
26 128 1
15 22 2
28 52 2
52 70 2
28 53 2
53 104 1
27 153 2
5 158 2
3 142 2
50 98 1
35 114 1
21 107 2
16 62 2
39 152 1
18 28 2
29 52 2
20 92 2
38 39 2
5 24 2
9 22 2
14 24 2
7 131 2
0 40 2
28 151 1
33 52 2
13 145 2
48 118 2
3 83 2
3 70 1
17 19 2
9 82 2
40 52 2
19 26 2
45 57 2
26 70 1
4 45 2
1 125 2
15 116 1
2 19 2
3 43 2
46 69 2
39 81 2
2 109 2
11 13 2
0 30 2
28 69 2
7 60 2
0 41 2
47 101 1
46 100 1
21 158 2
50 129 1
49 53 2
23 48 2
27 121 2
20 67 2
7 33 2
25 93 1
18 140 1
37 122 1
20 106 1
24 56 2
2 134 2
52 57 1
6 42 2
17 166 2
23 57 2
8 66 2
51 154 2
7 18 2
19 30 2
31 70 1
51 111 2
35 157 1
3 63 1
4 69 2
54 165 2
15 71 2
40 78 1
49 124 2
51 100 2
4 17 2
39 52 2
14 56 2
28 47 2
50 123 1
15 43 2
16 46 2
18 153 2
49 166 1
17 136 1
24 48 2
42 151 2
0 62 1
37 157 2
0 21 2
2 133 2
56 71 2
42 160 1
52 65 1
15 107 1
43 144 1
23 155 2
26 149 2
35 117 2
27 66 1
41 132 2
48 52 2
43 158 2
6 85 1
19 20 2
35 67 2
21 165 2
23 31 2
25 111 2
9 120 2
16 43 2
26 44 2
43 74 1
44 63 2
17 115 2
39 158 2
49 73 1
5 71 2
46 51 2
17 152 2
18 23 2
22 133 2
55 125 2
35 129 2
20 50 2
16 21 2
24 133 2
15 64 2
34 155 2
46 142 2
15 150 2
3 73 1
51 91 2
38 46 2
4 126 2
6 158 1
41 96 1
17 134 2
24 156 2
47 86 2
18 51 2
2 50 2
35 107 2
0 106 2
14 166 2
22 54 2
45 79 2
32 54 2
28 107 1
41 140 2
17 18 2
30 65 2
33 167 1
6 83 1
25 107 2
7 36 2
0 111 2
2 110 2
28 39 2
39 46 2
45 85 1
49 153 2
34 114 1
33 112 2
23 150 2
5 80 2
29 48 2
50 108 2
11 29 2
37 38 2
20 36 2
2 77 2
12 98 1
32 130 2
23 83 2
37 79 2
45 106 1
37 99 2
23 142 2
32 58 2
23 106 2
4 77 2
23 45 2
38 76 2
21 34 2
5 38 2
2 56 2
45 121 2
6 36 2
9 83 2
31 53 2
35 112 1
8 52 2
8 22 2
23 107 2
7 151 2
14 168 2
5 35 2
16 73 2
37 139 1
25 100 2
28 155 2
9 53 2
5 12 2
24 138 2
50 87 2
21 155 2
12 46 2
33 46 2
22 32 2
51 84 2
32 41 2
13 156 2
54 156 2
1 44 2
27 91 2
6 24 2
25 60 2
20 25 2
13 16 2
31 154 1
46 54 2
43 104 2
15 128 1
2 129 2
18 123 2
39 118 2
31 132 2
37 42 2
0 88 2
18 154 2
40 123 2
52 58 1
47 123 2
51 114 1
25 78 2
21 36 2
10 51 2
47 119 1
12 150 1
6 76 1
40 107 1
24 158 2
45 125 2
49 106 2
13 48 2
44 108 2
14 27 2
15 97 1
50 106 2
36 163 2
52 158 1
53 143 2
51 86 1
2 144 2
41 73 2
3 45 2
14 141 1
56 95 2
45 96 2
6 43 2
24 55 2
28 149 2
14 71 1
14 30 2
31 83 1
15 158 2
49 62 2
20 112 2
11 153 1
3 40 2
14 23 2
0 49 2
49 150 2
11 42 2
16 97 2
0 110 2
19 167 2
24 61 1
38 135 2
0 6 2
25 147 2
41 165 2
39 48 2
23 24 2
5 111 1
14 138 2
25 89 1
28 77 1
8 106 2
41 112 1
1 92 1
10 53 2
53 118 2
0 169 1
45 138 2
8 80 2
22 65 2
55 159 2
11 52 2
1 2 2
52 132 2
37 39 2
27 57 2
32 169 2
43 109 1
21 56 2
45 47 2
11 27 2
9 73 1
42 82 2
30 97 2
53 119 2
39 107 2
49 144 2
9 49 2
1 69 2
25 139 2
13 71 2
53 106 1
21 98 1
50 113 2
24 131 2
53 165 2
36 130 1
49 169 2
21 136 2
32 139 2
5 87 2
50 86 1
2 97 2
24 135 1
0 35 2
49 142 1
3 79 2
52 103 2
11 47 2
52 164 2
9 11 2
4 14 2
11 59 1
54 79 2
36 81 2
32 51 2
16 28 2
27 63 1
35 166 2
3 68 2
28 38 2
25 136 2
19 114 2
33 40 2
3 37 2
28 143 2
23 65 1
4 42 2
24 59 2
4 75 1
39 133 1
24 31 2
10 33 2
32 114 2
30 59 1
4 167 2
34 116 1
39 98 1
56 164 2
11 38 2
12 61 1
7 10 2
48 131 2
32 127 2
13 36 2
18 131 2
37 156 1
13 78 2
56 145 1
37 51 2
16 145 2
37 116 1
9 85 1
1 101 1
46 133 2
8 69 1
33 80 2
46 64 2
18 48 2
19 89 2
0 144 2
25 85 2
14 22 2
22 159 2
43 66 1
10 42 2
28 31 2
6 8 2
51 61 2
30 118 2
12 92 1
41 130 2
48 83 2
49 116 2
40 125 1
24 28 2
25 131 2
40 143 2
26 54 2
4 39 2
45 48 2
32 87 1
15 118 1
51 79 2
46 118 2
26 164 2
0 162 2
0 66 2
55 91 2
15 84 1
30 158 1
6 167 2
21 49 2
17 143 2
49 162 1
29 42 2
30 71 1
43 111 2
44 137 2
27 87 2
47 61 2
13 162 2
37 143 2
51 97 1
4 36 2
26 153 2
9 104 2
42 138 1
19 32 2
27 42 2
56 70 2
21 92 1
49 108 2
0 165 1
34 86 2
22 152 1
44 90 1
27 103 2
32 104 1
13 132 2
42 148 2
0 78 2
18 32 2
1 122 1
24 153 1
47 121 2
32 68 1
38 83 2
11 136 1
17 158 2
8 24 2
3 131 2
40 98 1
55 90 1
21 114 1
48 154 1
38 81 2
17 126 2
20 57 2
34 136 1
20 153 1
30 154 2
28 162 2
28 70 2
26 134 1
36 64 1
52 91 2
21 141 2
53 126 1
29 75 2
38 44 2
6 66 1
37 60 2
9 152 2
40 104 1
30 67 2
40 47 2
28 82 2
6 19 2
24 105 1
56 84 2
18 41 2
52 74 1
4 32 2
5 91 1
12 147 1
56 161 2
9 154 1
38 54 2
15 147 1
6 23 2
35 42 2
56 65 1
8 139 2
18 19 2
4 13 2
23 139 2
43 48 2
2 146 2
11 135 2
31 94 2
1 50 2
7 25 2
37 120 2
34 82 2
23 87 2
20 148 2
40 169 2
10 115 2
5 113 2
36 70 2
28 157 1
42 111 2
9 23 2
16 74 2
18 35 2
17 94 2
0 166 1
16 63 1
20 47 2
36 38 2
38 79 2
2 160 2
16 117 2
16 131 2
17 132 2
26 31 2
36 106 2
29 44 2
34 65 2
1 140 2
4 55 2
0 61 2
24 109 1
31 49 2
9 80 2
11 132 2
12 116 2
44 146 2
44 110 2
42 43 2
50 84 2
26 51 2
19 38 2
51 123 2
14 145 1
7 73 1
50 143 2
52 126 2
10 96 2
50 100 2
19 63 2
3 136 2
29 49 2
42 57 2
9 121 2
10 150 2
7 124 1
20 34 2
11 21 2
21 99 2
13 44 2
31 56 2
22 40 2
5 93 2
4 48 2
29 129 1
46 93 2
31 91 2
16 31 2
11 138 2
54 126 2
34 106 1
10 31 2
53 137 2
53 147 1
7 23 2
32 43 2
19 87 2
56 135 2
52 97 1
33 104 2
22 148 2
50 159 2
28 57 2
13 88 2
10 86 2
4 124 1
29 160 2
23 77 1
50 165 2
30 73 1
50 51 2
48 50 2
40 158 2
20 156 2
16 33 2
23 98 2
28 159 2
38 53 2
43 148 1
35 86 1
2 65 2
50 148 2
41 52 2
31 60 2
16 166 1
2 105 2
3 46 2
43 162 2
42 48 2
12 26 2
4 37 2
8 118 1
12 21 2
36 71 2
15 16 2
37 80 2
4 33 2
20 55 2
7 95 2
3 93 2
25 41 2
13 160 2
43 72 2
3 62 2
15 151 1
14 135 2
22 104 2
16 78 1
23 54 2
21 116 1
7 22 2
33 57 2
44 46 2
26 52 2
13 144 2
55 94 2
15 29 2
16 103 2
54 138 1
26 64 2
5 101 2
14 77 2
25 142 2
39 128 2
16 29 2
52 115 2
18 144 1
5 86 2
29 124 2
20 133 2
44 122 2
27 51 2
32 102 2
55 107 2
1 53 2
39 140 1
10 159 1
21 121 2
56 148 2
49 138 2
5 155 2
4 56 2
37 50 2
10 100 2
25 163 1
14 154 2
3 147 2
2 115 1
27 83 2
19 56 2
35 131 2
28 146 1
48 81 2
16 71 2
21 25 2
6 98 1
0 75 2
33 136 2
24 167 1
17 127 2
50 67 2
31 50 2
2 127 2
33 96 2
14 67 2
30 99 2
28 90 1
28 63 1
23 27 2
19 148 2
31 36 2
48 56 2
21 46 2
33 84 2
32 84 2
4 121 1
2 46 2
8 85 1
17 93 2
6 59 2
20 141 2
36 86 2
14 61 2
21 94 2
22 52 2
2 128 2
48 143 1
9 90 1
17 114 2
15 26 2
22 24 2
8 129 2
12 66 1
44 98 2
24 141 1
22 97 1
14 119 2
20 155 2
27 28 2
51 140 2
34 133 2
47 161 2
37 93 1
18 108 1
56 57 1
14 44 2
26 27 2
36 55 2
20 154 2
34 53 2
4 10 2
24 117 2
56 97 2
6 75 2
27 47 2
44 101 1
46 168 2
16 41 2
18 86 1
23 94 2
0 11 2
21 104 2
20 100 2
12 19 2
12 80 2
4 21 2
5 160 1
42 162 2
0 10 2
13 81 2
0 161 1
29 99 2
6 47 2
2 113 1
50 56 2
22 81 1
40 144 2
10 18 2
22 146 2
10 15 2
37 45 2
35 153 1
53 56 2
34 122 2
33 54 2
26 156 1
11 69 2
41 42 2
9 119 2
5 18 2
27 119 2
23 35 2
45 141 2
3 26 2
6 35 2
22 121 1
28 136 2
48 77 2
52 55 2
26 113 2
55 115 2
36 47 2
38 45 2
2 131 2
44 139 2
19 50 2
56 156 2
0 126 2
47 49 2
25 129 2
55 89 2
12 155 1
34 93 2
8 68 2
17 30 2
54 159 1
18 168 2
9 36 2
16 139 2
16 51 2
20 101 1
25 75 2
3 87 2
17 109 2
49 67 2
30 98 1
22 123 2
44 154 2
1 115 2
32 42 2
13 105 2
40 95 1
13 69 2
30 69 2
21 151 2
15 45 2
34 156 2
33 162 2
4 140 1
30 132 1
48 122 2
35 149 2
7 70 1
24 130 2
13 85 2
13 57 2
49 156 2
33 53 2
21 131 2
29 70 1
45 143 2
42 91 1
51 144 2
50 110 2
32 151 1
20 111 2
26 117 2
12 160 1
52 137 1
27 55 2
1 27 2
54 164 1
17 47 2
44 134 1
26 50 2
43 140 1
23 161 2
18 25 2
40 127 2
11 168 1
26 103 1
11 107 1
41 101 2
1 20 2
43 45 2
21 143 2
16 36 2
1 34 2
33 118 1
46 128 1
2 67 1
9 138 1
5 33 2
6 51 2
15 165 2
14 36 2
33 119 1
28 49 2
33 110 2
13 34 2
4 116 1
37 40 2
5 58 1
22 35 2
51 54 2
21 31 2
0 68 1
24 128 2
31 97 1
35 98 1
47 131 2
2 103 2
39 61 2
42 119 2
41 166 2
53 78 2
55 145 2
3 113 1
4 59 2
27 106 2
19 86 2
9 100 2
52 94 1
1 139 1
10 12 2
12 93 2
19 59 2
38 100 1
1 141 2
25 58 2
18 159 1
43 50 2
50 62 1
32 34 2
19 139 1
23 33 2
27 79 2
0 63 2
53 98 2
10 125 2
53 85 1
26 79 2
32 137 2
3 54 2
12 76 2
28 148 2
42 85 2
38 57 1
39 102 1
44 112 1
53 58 1
0 37 2
33 89 2
41 94 1
41 93 2
42 67 2
10 38 2
36 148 1
15 35 2
56 146 2
22 41 2
26 76 2
19 146 1
23 104 2
2 48 2
19 135 2
41 125 2
45 50 2
33 100 2
31 89 2
2 52 2
17 159 2
28 103 2
54 154 2
46 163 1
17 100 1
52 122 1
20 130 2
31 167 2
26 109 2
16 93 2
26 30 2
44 105 1
33 67 1
37 44 2
1 16 2
49 52 2
24 43 2
13 41 2
33 155 2
42 46 2
2 75 2
15 160 1
45 162 1
43 128 1
39 90 1
37 114 2
23 84 2
5 30 2
21 82 2
49 91 2
53 117 2
18 58 2
52 100 2
50 151 2
24 36 2
27 113 2
12 97 2
9 65 2
14 122 2
20 104 2
37 72 2
4 157 2
47 153 2
10 37 2
30 148 2
52 127 2
36 115 1
0 25 2
39 159 2
13 108 2
19 61 2
54 151 1
22 164 1
4 120 1
24 142 2
23 111 2
56 103 2
2 38 2
29 39 2
44 53 2
21 167 1
5 34 2
45 58 2
4 125 2
13 55 2
8 43 2
1 18 2
26 104 2
33 154 2
43 79 1
21 120 1
23 72 1
31 37 2
40 115 1
29 77 2
42 64 1
9 141 1
4 63 1
42 158 2
20 52 2
38 58 2
42 51 2
9 41 2
22 131 2
23 145 2
35 80 2
10 29 2
44 54 2
45 107 2
12 158 1
32 89 2
7 39 2
22 143 2
3 42 2
55 72 2
33 56 2
35 115 2
42 44 2
35 148 1
54 71 2
27 168 2
31 133 1
23 159 1
44 159 2
45 81 2
36 88 2
3 120 2
33 47 2
37 75 2
23 25 2
26 101 2
0 77 2
46 115 2
41 154 2
30 119 1
30 121 2
16 65 2
55 97 2
55 120 2
44 150 1
21 125 2
49 85 2
18 40 2
43 160 2
36 42 2
14 88 2
23 29 2
54 120 1
8 116 2
46 143 2
20 51 2
5 52 2
4 150 1
44 88 2
44 47 2
3 154 2
43 116 2
19 117 1
17 137 1
13 68 2
10 13 2
48 96 2
49 83 1
36 83 2
9 54 2
31 35 2
48 68 2
9 136 2
23 148 2
16 106 2
8 97 2
44 165 2
44 143 2
29 152 1
48 106 1
39 83 1
39 150 1
35 127 2
7 159 2
4 19 2
17 53 2
52 101 2
10 55 2
38 50 2
26 39 2
8 56 2
45 131 2
27 50 2
39 43 2
2 167 2
24 89 2
34 161 2
55 108 2
41 51 2
36 144 2
18 94 1
19 52 2
0 38 2
54 110 1
11 24 2
1 144 1
26 136 2
41 84 2
2 32 2
24 64 2
23 61 2
44 114 2
51 75 2
13 74 2
12 14 2
41 162 1
20 53 2
47 108 2
14 33 2
25 105 2
24 119 2
29 113 2
13 62 2
25 80 1
56 162 1
26 56 2
45 86 1
4 43 2
20 82 1
51 157 2
3 39 2
30 125 1
12 107 2
33 151 1
1 85 2
45 99 2
32 154 2
55 93 2
34 162 1
53 135 2
11 18 2
54 65 1
39 121 2
27 38 2
39 142 2
1 77 2
35 104 2
2 25 2
15 33 2
4 98 2
18 167 2
1 124 1
54 100 2
12 141 2
37 87 2
25 155 2
42 70 2
29 141 2
56 147 2
19 70 2
31 122 1
50 166 2
52 124 2
51 156 2
41 43 2
44 57 2
22 87 2
47 151 2
29 165 1
14 31 2
50 107 2
26 138 1
16 102 1
28 56 2
23 58 2
18 127 2
8 72 1
22 53 2
52 66 2
19 82 1
46 124 2
33 139 1
54 149 2
46 74 2
0 50 2
47 127 1
16 72 1
39 91 2
50 73 2
31 46 2
31 142 2
6 129 2
13 115 2
32 156 2
11 119 1
31 88 2
13 58 1
8 36 2
2 157 1
36 137 1
40 112 1
1 17 2
8 32 2
19 113 2
33 137 1
50 64 1
15 48 2
15 62 2
20 135 2
7 34 2
42 95 1
26 32 2
31 95 2
29 156 2
18 126 2
14 48 2
2 62 2
8 12 2
31 161 1
4 20 2
43 85 2
1 90 2
24 129 1
1 13 2
32 53 2
24 137 2
56 82 1
54 55 2
40 45 2
32 98 1
13 152 1
30 163 1
21 123 1
30 86 2
17 81 1
17 24 2
3 135 1
33 78 2
55 147 2
13 56 2
26 73 2
31 33 2
47 102 1
4 103 2
26 92 1
34 128 2
56 101 2
9 38 2
16 115 2
44 125 2
36 120 1
41 91 2
38 139 2
41 159 1
42 143 2
36 60 1
9 122 1
33 93 1
2 152 2
2 86 2
26 42 2
11 78 2
15 49 2
14 129 2
19 49 2
0 46 2
5 41 2
18 114 1
27 77 1
16 37 2
31 145 2
28 75 2
25 57 1
2 95 2
25 161 2
49 77 2
54 61 2
32 107 2
23 55 2
16 95 1
9 157 2
9 43 2
18 21 2
21 42 2
39 166 2
40 92 1
52 116 2
28 54 2
34 46 2
38 105 2
20 45 2
47 75 2
53 162 2
20 72 1
49 123 2
6 45 2
42 142 2
7 132 1
6 53 2
53 94 2
39 55 2
51 59 1
35 49 2
6 88 1
26 160 2
56 157 2
36 52 2
36 151 2
43 132 1
24 74 1
25 33 2
20 151 2
28 65 2
23 149 1
0 74 2
8 64 2
37 46 2
55 105 1
25 34 2
3 58 2
17 85 2
49 160 1
38 98 2
48 158 2
28 83 1
2 24 2
25 59 1
29 109 2
11 122 2
28 92 2
40 55 2
36 154 1
16 56 2
38 126 2
52 163 2
37 82 2
46 106 1
28 64 2
11 95 1
40 149 2
24 143 2
12 156 2
48 140 2
5 98 2
32 94 2
23 47 2
27 76 1
16 105 2
24 37 2
28 127 2
51 135 1
1 133 2
10 65 1
29 115 1
16 30 2
36 134 2
44 93 2
34 115 1
23 141 2
35 71 1
6 87 1
38 49 2
17 44 2
8 127 2
5 150 2
12 53 2
46 110 1
29 50 2
45 84 2
3 41 2
55 75 2
14 91 2
30 51 2
36 92 2
50 53 2
20 73 2
7 97 1
5 54 2
24 53 2
2 54 2
37 94 2
12 109 2
18 47 2
36 143 2
42 120 1
36 67 1
52 56 2
21 147 1
41 160 1
7 41 2
34 153 2
49 168 2
15 68 1
18 160 1
28 169 2
7 35 2
11 15 2
2 66 2
47 150 2
25 35 2
7 67 1
21 35 2
32 144 2
8 146 2
52 107 1
41 44 2
24 68 2
46 58 2
16 143 1
24 58 1
34 125 2
51 129 1
25 86 1
13 148 1
47 72 2
47 57 1
35 138 2
10 120 2
39 143 2
18 145 2
3 24 2
19 35 2
25 47 2
10 36 2
7 137 1
7 96 2
33 38 2
7 88 2
21 96 2
11 161 2
31 63 1
33 92 2
52 108 2
14 68 1
17 33 2
43 159 2
54 104 2
40 62 1
37 166 1
43 59 2
2 41 2
2 162 1
39 45 2
22 91 2
45 142 2
7 145 2
6 80 2
14 159 2
7 102 1
7 126 2
3 56 2
37 154 2
46 146 2
47 93 2
6 137 2
51 57 1
4 8 2
53 67 2
25 87 2
9 32 2
30 146 2
29 45 2
1 109 1
23 137 2
35 122 1
11 76 1
12 38 2
32 37 2
43 118 1
2 140 2
4 139 2
56 169 2
21 124 2
11 142 2
47 156 1
0 28 2
39 135 1
10 145 2
12 119 2
56 138 2
16 101 2
11 126 2
9 70 2
48 82 2
5 64 2
35 128 1
35 46 2
52 98 1
21 59 2
15 114 2
2 44 2
0 9 2
4 52 2
55 102 2
7 26 2
26 29 2
25 77 2
23 74 1
42 59 2
22 112 2
43 77 1
36 116 2
46 79 2
5 66 2
3 127 1
14 15 2
8 37 2
32 117 2
7 118 2
49 80 1
16 157 2
47 48 2
31 150 2
38 88 2
1 25 2
16 94 1
17 41 2
22 23 2
0 36 2
12 168 2
27 163 2
41 63 1
22 127 2
5 96 2
11 73 2
9 25 2
34 84 2
8 76 2
24 106 2
28 35 2
26 115 2
32 116 2
24 25 2
34 118 2
36 109 2
6 16 2
28 44 2
23 135 2
20 27 2
30 84 1
33 42 2
3 95 2
5 109 2
1 95 2
12 99 1
51 148 1
34 130 2
12 86 2
52 133 2
15 119 2
38 101 2
15 34 2
41 164 1
24 159 2
40 164 2
27 116 2
25 126 1
12 115 2
26 60 2
26 34 2
25 110 2
3 97 2
0 141 2
16 156 2
5 106 2
56 124 1
29 71 2
0 131 2
34 144 1
29 125 2
49 125 2
4 44 2
18 100 1
13 109 2
6 153 2
17 68 2
29 127 1
36 50 2
13 164 2
48 86 2
3 64 2
1 159 2
27 128 2
0 97 1
37 64 1
1 145 2
39 113 2
52 82 2
20 98 2
24 42 2
36 93 1
8 163 2
4 146 1
47 94 2
41 156 1
6 38 2
12 43 2
23 138 2
3 156 2
24 149 1
37 109 2
20 58 1
14 98 2
12 32 2
17 22 2
9 162 1
30 66 2
21 142 2
12 68 2
37 85 2
40 109 2
9 24 2
4 38 2
34 49 2
0 158 2
18 84 2
17 57 1
3 98 2
30 52 2
19 124 1
18 24 2
6 56 2
3 35 2
5 36 2
26 88 1
11 155 1
45 132 1
51 126 1
10 75 2
3 14 2
21 53 2
44 97 2
50 80 2
36 66 1
35 56 2
16 92 1
24 26 2
7 119 1
51 78 2
28 60 2
34 37 2
14 81 2
11 104 1
50 149 2
25 48 2
24 122 2
0 72 2
37 108 2
10 46 2
6 68 2
47 60 1
19 34 2
33 114 1
39 164 1
56 106 1
1 28 2
50 152 2
35 136 1
39 117 2
18 109 2
38 165 2
4 60 1
12 22 2
34 131 2
17 23 2
9 44 2
18 29 2
5 141 2
3 122 2
20 124 2
54 84 1
30 43 2
40 74 2
44 167 2
50 83 2
0 129 2
45 118 2
38 72 2
26 99 2
48 108 2
34 138 2
12 44 2
23 121 2
44 59 2
40 43 2
7 69 2
28 137 1
25 28 2
38 48 2
46 65 2
2 72 2
7 128 2
56 160 1
17 83 1
7 121 1
14 82 2
14 21 2
0 8 2
4 51 2
27 74 2
35 164 2
55 77 1
1 3 2
16 119 2
17 73 2
21 51 2
14 158 2
48 80 2
45 98 1
20 136 1
41 72 2
43 78 2
45 148 2
11 162 2
4 67 1
40 49 2
51 117 2
9 26 2
5 130 2
12 157 2
30 57 1
21 164 2
7 29 2
35 145 2
40 53 2
45 70 2
52 162 1
36 153 2
36 77 1
46 71 2
9 79 2
37 66 2
5 145 2
21 66 2
19 120 2
47 130 2
54 128 1
51 93 1
29 145 2
43 137 1
19 159 1
14 73 2
5 68 2
42 99 2
24 145 1
50 65 1
17 121 2
26 126 2
28 134 1
46 167 2
38 85 2
52 144 2
21 137 2
45 76 2
43 97 1
39 131 1
11 102 1
49 155 2
10 35 2
50 158 1
5 48 2
45 87 2
29 162 1
0 124 2
7 150 2
21 61 2
3 89 2
48 139 2
16 50 2
14 25 2
9 15 2
47 107 2
27 33 2
13 40 2
2 53 2
52 105 2
27 129 1
8 134 1
35 40 2
22 102 1
22 117 2
28 78 2
48 60 1
14 69 1
6 104 1
0 98 2
7 152 2
11 94 2
40 50 2
6 11 2
1 68 2
32 123 2
31 43 2
38 43 2
47 59 2
53 166 2
20 24 2
1 24 2
34 140 2
17 101 2
35 72 2
28 102 1
45 113 1
45 54 2
22 43 2
12 118 2
5 6 2
19 123 1
52 153 2
25 54 2
37 165 2
6 46 2
32 47 2
39 116 2
43 94 1
1 19 2
37 131 2
25 144 1
40 83 2
39 63 2
27 73 2
31 156 2
13 110 1
15 54 2
27 75 2
52 71 2
4 68 1
52 156 2
13 124 1
38 130 2
16 54 2
44 61 2
56 114 2
50 71 2
6 100 1
4 123 1
16 124 1
22 89 2
13 42 2
27 93 2
15 157 2
18 55 2
5 78 2
25 164 2
4 144 2
1 147 2
28 58 2
50 52 2
44 124 1
42 62 1
36 48 2
43 163 1
26 154 2
17 78 1
42 54 2
9 139 2
36 123 1
27 68 2
15 132 2
2 45 2
11 28 2
36 142 2
1 23 2
7 129 2
13 15 2
36 121 1
40 160 2
5 29 2
49 140 1
55 80 1
3 155 1
5 47 2
29 104 1
27 32 2
11 150 1
33 66 2
31 104 1
19 57 2
15 25 2
30 36 2
22 55 2
26 62 1
21 103 1
32 161 2
48 115 2
15 24 2
33 36 2
14 65 2
36 117 2
2 30 2
26 120 1
28 124 2
56 134 2
34 158 2
24 54 2
28 163 2
39 76 1
21 45 2
14 146 2
16 151 1
11 43 2
10 137 2
26 85 1
36 149 2
10 169 2
17 90 1
12 17 2
12 34 2
37 77 2
0 134 2
1 73 1
4 23 2
54 117 1
2 71 2
9 112 2
30 34 2
56 59 2
53 169 2
39 65 1
19 145 1
39 50 2
14 124 2
56 128 2
45 152 2
29 140 1
40 124 1
53 157 1
4 127 1
6 101 2
37 155 2
50 89 2
7 12 2
41 150 2
56 93 2
6 105 2
14 104 2
24 45 2
22 59 1
30 56 2
18 125 2
42 102 1
34 83 2
23 62 1
1 57 1
54 64 2
35 162 1
10 138 2
33 34 2
28 93 2
49 99 2
37 125 2
44 109 1
50 142 2
16 79 2
47 84 2
30 151 1
3 129 1
42 152 2
51 136 1
48 100 1
51 80 2
54 147 2
40 147 2
16 167 1
56 91 2
4 9 2
46 72 2
31 127 1
15 69 2
39 88 2
7 149 1
45 61 1
30 131 2
47 69 2
9 149 2
56 167 2
5 16 2
27 62 1
16 163 1
18 124 2
25 52 2
36 158 2
27 64 2
24 96 1
25 119 1
10 110 2
19 98 2
8 158 2
16 84 1
24 146 2
40 136 2
17 96 1
19 84 1
21 29 2
43 81 1
11 80 2
27 135 2
22 27 2
45 92 1
30 79 2
9 106 2
31 41 2
48 155 1
29 92 1
24 87 2
16 160 1
6 99 2
23 49 2
11 70 1
29 101 2
40 150 2
13 122 2
1 14 2
21 40 2
11 12 2
27 41 2
43 134 2
15 44 2
26 94 2
0 135 2
18 101 1
32 133 2
41 50 2
14 79 1
12 110 2
4 132 2
3 13 2
7 165 2
22 153 1
8 166 1
8 99 1
23 110 2
5 112 1
13 18 2
7 53 2
52 79 1
4 148 1
13 140 2
7 47 2
40 96 2
45 97 2
18 52 2
0 159 2
43 67 2
9 28 2
36 169 2
30 75 2
27 89 2
40 133 2
16 18 2
46 82 2
13 136 2
0 108 2
12 36 2
52 142 2
20 166 2
0 101 2
33 41 2
38 156 1
34 45 2
14 50 2
34 98 2
14 142 2
24 40 2
38 75 2
41 83 1
45 95 2
11 45 2
17 149 1
44 51 2
42 139 1
13 17 2
41 126 2
24 50 2
10 160 2
43 53 2
23 30 2
3 74 2
22 70 2
7 74 2
12 169 1
0 84 2
50 132 1
15 129 1
49 72 1
18 53 2
10 62 1
44 142 2
34 50 2
30 127 2
24 118 2
30 138 2
8 30 2
52 121 1
15 168 1
34 137 1
1 96 1
24 33 2
17 50 2
5 40 2
10 114 2
5 32 2
16 122 1
12 28 2
17 48 2
25 102 2
11 143 2
29 76 2
53 103 2
53 155 2
37 129 1
46 158 2
1 151 1
37 130 1
36 104 2
15 85 2
7 14 2
56 140 2
0 145 1
35 143 1
31 166 2
43 96 1
42 128 2
21 79 2
29 107 2
25 88 2
0 118 2
19 94 2
40 51 2
6 156 2
43 141 1
6 20 2
50 85 1
13 53 2
29 119 2
14 35 2
31 126 2
32 128 2
18 141 2
22 58 2
43 151 2
22 100 2
21 37 2
10 40 2
15 27 2
25 167 2
29 78 1
22 139 2
33 77 2
35 100 1
33 159 2
0 45 2
22 126 1
9 160 2
40 73 2
4 152 2
36 95 2
8 41 2
30 169 2
18 62 1
55 161 1
18 85 2
16 26 2
34 68 1
19 127 1
8 101 1
26 72 2
4 159 1
52 152 2
15 90 2
41 147 1
49 148 2
28 45 2
1 97 2
43 105 2
27 112 2
9 103 2
1 29 2
42 86 2
35 119 2
25 97 1
15 101 2
16 59 2
51 105 1
26 78 1
12 13 2
49 59 2
33 152 2
53 145 2
46 89 2
21 78 2
22 39 2
24 39 2
6 49 2
39 106 2
55 122 1
35 58 2
1 79 2
23 46 2
9 76 2
25 137 1
26 86 2
37 53 2
10 140 2
26 114 2
27 35 2
32 81 2
11 39 2
41 131 2
18 57 2
15 122 2
12 23 2
1 38 2
55 99 2
34 127 1
51 64 1
48 79 2
31 153 2
13 35 2
35 70 2
19 149 1
7 164 2
10 66 2
34 108 2
14 116 2
55 59 2
13 39 2
5 157 2
27 124 2
10 93 1
45 114 2
13 161 2
14 46 2
0 128 1
54 109 2
2 76 1
34 80 1
29 169 1
18 82 1
54 103 2
18 133 1
14 34 2
37 128 1
53 59 2
2 80 2
28 130 2
7 120 2
51 58 2
23 112 2
1 31 2
6 12 2
11 146 2
12 78 2
49 115 1
23 164 1
28 48 2
0 151 2
14 109 1
21 26 2
11 166 1
43 57 2
16 45 2
4 18 2
26 116 2
23 165 2
51 168 2
2 35 2
42 137 1
16 127 2
31 146 2
34 154 1
14 140 2
9 93 2
55 84 2
31 107 2
0 27 2
28 94 2
31 117 2
43 136 2
44 148 1
35 152 2
3 75 2
36 49 2
31 138 2
54 136 1
18 137 2
6 130 2
15 55 2
19 122 2
41 138 2
40 145 2
17 26 2
23 76 2
38 147 1
45 63 2
29 167 1
30 44 2
19 106 2
16 82 2
44 135 2
7 50 2
45 78 2
26 121 2
44 145 1
52 84 2
52 90 1
55 73 2
8 165 2
54 142 2
22 138 2
17 107 2
15 63 2
48 62 1
30 134 2
25 39 2
41 111 2
55 121 2
25 29 2
46 91 1
29 96 2
27 105 2
0 142 2
44 75 2
38 148 2
21 44 2
38 40 2
13 114 2
46 144 1
10 106 1
39 93 1
35 113 1
56 72 2
29 69 2
29 53 2
31 160 2
14 80 2
41 56 2
47 146 2
40 46 2
9 118 1
32 112 1
5 76 2
6 144 2
6 145 2
13 135 2
42 134 2
41 104 2
11 26 2
33 158 2
13 77 1
16 27 2
8 42 2
29 36 2
13 118 2
39 96 1
16 146 2
42 141 1
0 69 2
12 25 2
56 94 2
13 51 2
15 103 2
37 121 2
27 104 2
45 91 1
40 71 2
23 89 1
20 89 2
5 45 2
5 94 2
11 144 2
28 71 2
6 40 2
5 120 1
24 88 2
31 111 1
39 126 2
51 152 2
0 48 2
11 169 2
48 58 2
15 134 1
22 31 2
29 97 2
38 122 2
27 54 2
27 53 2
16 47 2
48 133 2
30 47 2
38 61 2
0 73 1
16 114 2
36 133 2
19 129 2
49 110 2
18 93 2
12 40 2
4 165 1
10 57 2
24 83 2
49 143 1
12 94 2
6 77 2
45 110 1
18 75 1
41 80 1
6 81 1
20 120 2
0 23 2
15 36 2
41 99 1
1 5 2
17 116 1
3 66 2
42 84 2
8 93 2
7 112 1
30 130 2
26 69 1
9 163 2
38 95 2
18 70 2
5 135 1
40 132 2
30 139 2
21 90 2
36 124 2
26 133 2
27 130 1
2 98 2
7 28 2
56 69 2
39 136 2
6 111 2
33 65 1
45 165 2
5 123 1
46 61 2
18 166 2
19 166 2
55 61 2
26 169 2
56 64 1
13 157 1
3 27 2
12 125 2
17 122 1
4 97 2
9 17 2
2 111 1
51 104 2
41 69 2
5 169 2
48 61 2
51 127 2
34 38 2
28 33 2
47 79 2
20 78 2
6 55 2
1 108 2
27 167 2
24 41 2
50 111 2
26 49 2
23 162 2
7 43 2
37 124 2
56 74 1
7 78 2
48 57 2
39 146 1
41 145 2
29 128 1
53 148 1
7 31 2
13 121 2
9 13 2
4 29 2
52 75 2
21 58 1
18 27 2
10 168 2
43 168 2
22 144 2
40 146 2
22 156 2
44 86 1
53 158 2
46 109 2
2 155 2
46 94 2
5 62 2
52 60 2
15 46 2
14 167 2
14 139 1
34 72 2
37 105 2
43 124 1
54 77 2
22 151 2
0 15 2
21 47 2
15 80 2
27 45 2
6 164 1
13 98 1
26 140 2
17 161 1
16 22 2
14 89 1
16 58 2
52 131 2
28 158 1
28 113 1
12 117 1
54 101 1
9 167 2
55 114 2
50 88 1
45 66 1
33 134 2
19 72 2
54 83 2
0 17 2
20 40 2
22 147 2
35 105 2
16 154 2
53 54 2
7 139 2
20 28 2
40 138 2
29 159 2
16 39 2
10 11 2
48 54 2
21 50 2
31 45 2
2 126 1
21 55 2
22 37 2
19 97 1
23 56 2
16 57 2
33 79 2
44 45 2
21 65 1
5 122 2
33 51 2
4 87 2
32 63 1
5 22 2
10 27 2
16 161 2
18 22 2
14 52 2
30 61 2
9 33 2
4 12 2
9 153 2
4 114 2
12 120 2
25 159 2
2 130 1
53 95 2
1 58 1
51 142 2
1 153 1
15 74 2
33 130 2
33 75 2
23 39 2
20 56 2
5 84 1
6 57 2
32 160 2
30 162 1
42 101 2
6 151 2
5 10 2
41 75 2
11 90 2
7 40 2
46 126 2
52 109 1
14 16 2
27 148 1
28 118 2
40 152 2
22 46 2
4 137 2
12 16 2
29 47 2
3 157 2
31 96 2
35 41 2
6 103 2
17 123 2
14 130 1
17 102 1
9 18 2
44 55 2
14 49 2
44 50 2
14 37 2
46 83 2
6 15 2
46 53 2
49 131 2
32 75 1
11 148 2
55 139 2
40 114 2
2 147 1
8 35 2
21 157 2
2 74 1
12 106 2
46 113 2
55 138 2
47 118 2
6 146 2
5 119 2
24 52 2
17 88 2
25 45 2
8 15 2
13 94 1
4 106 1
36 98 2
23 37 2
35 69 2
14 38 2
44 113 2
35 50 2
49 161 2
17 38 2
51 149 2
13 163 2
27 90 2
54 56 2
1 158 2
2 59 1
56 79 2
8 119 1
37 91 2
31 140 2
10 142 2
2 104 1
17 39 2
26 57 2
46 47 2
21 69 2
50 136 2
43 47 2
31 48 2
26 127 2
19 43 2
7 79 1
51 72 2
4 108 1
0 54 2
28 67 1
15 121 2
42 47 2
0 29 2
29 139 1
12 69 1
4 133 2
1 61 2
51 137 2
17 165 2
30 89 2
1 39 2
8 168 2
9 127 2
49 82 2
0 58 1
20 49 2
8 49 2
27 81 2
22 26 2
31 38 2
24 124 1
44 64 1
32 64 2
10 133 1
25 43 2
41 128 2
27 43 2
30 72 2
13 127 2
5 125 2
44 152 2
21 27 2
53 127 2
8 74 1
36 44 2
4 41 2
36 75 1
41 81 1
12 165 2
46 102 2
22 130 1
28 147 2
29 83 2
25 61 2
0 102 2
25 69 2
20 159 2
8 161 1
15 143 2
51 110 1
18 31 2
7 21 2
10 22 2
11 82 2
35 53 2
14 58 2
10 16 2
13 49 2
2 13 2
18 102 2
40 122 2
14 93 1
8 50 2
40 56 2
20 32 2
19 91 2
48 138 2
38 41 2
46 48 2
3 50 2
17 61 1
7 8 2
44 89 1
39 108 2
2 40 2
19 104 2
24 125 1
3 119 1
5 107 2
50 114 2
12 164 1
33 37 2
54 155 2
10 14 2
30 96 1
10 59 2
3 165 2
13 43 2
3 38 2
4 100 2
5 67 1
53 81 2
32 77 1
17 55 2
13 66 2
26 91 2
19 66 2
54 97 1
9 51 2
2 49 2
18 39 2
11 58 1
10 60 2
45 134 2
10 56 2
45 112 2
19 83 2
53 131 2
16 53 2
28 43 2
39 127 1
20 37 2
7 106 2
39 41 2
10 26 2
34 43 2
4 31 2
1 110 2
28 59 2
56 165 2
28 95 2
24 165 1
18 64 1
29 91 2
10 154 2
37 47 2
32 90 2
17 51 2
8 10 2
25 30 2
20 125 1
18 50 2
26 33 2
40 163 2
49 50 2
5 49 2
6 119 2
32 49 2
47 168 2
3 124 1
19 54 2
51 65 2
43 99 1
49 56 2
24 49 2
16 20 2
39 144 2
31 124 2
19 131 1
18 118 2
48 63 1
50 91 2
47 96 1
40 139 2
35 68 2
10 126 1
39 148 2
18 134 2
11 68 2
24 127 1
45 72 2
3 20 2
3 78 2
40 81 2
25 42 2
31 143 2
29 118 2
8 11 2
5 143 2
30 37 2
22 44 2
4 169 1
6 31 2
51 52 2
34 103 2
21 52 2
41 117 1
11 158 2
21 32 2
49 88 1
48 146 2
5 63 2
45 117 2
30 38 2
46 52 2
10 88 1
49 57 1
29 161 2
42 114 2
7 153 2
15 42 2
3 21 2
39 80 1
45 89 2
55 66 2
17 168 2
31 103 2
11 41 2
13 19 2
22 141 1
10 24 2
4 6 2
13 117 1
47 125 2
56 113 2
17 124 2
23 52 2
14 137 1
35 95 2
12 27 2
27 157 2
42 149 2
35 93 2
38 161 2
39 160 1
47 71 2
15 39 2
44 158 2
3 163 1
55 100 1
11 124 1
26 93 2
46 114 2
44 130 2
13 146 1
4 66 2
53 122 2
4 34 2
22 137 1
13 155 2
4 40 2
52 148 1
35 120 2
2 12 2
15 87 2
27 82 2
56 126 2
13 125 2
17 54 2
17 72 2
5 11 2
25 165 2
12 45 2
39 162 2
6 107 2
10 151 2
1 35 2
13 91 2
0 33 2
41 148 1
5 56 2
6 148 2
14 57 1
6 65 2
9 87 1
54 80 1
17 119 2
39 54 2
51 55 2
36 129 1
18 152 2
24 69 2
44 72 1
6 26 2
6 18 2
8 38 2
17 52 2
55 95 2
52 147 1
45 49 2
24 152 2
55 86 1
31 100 1
10 143 2
33 87 1
7 122 2
5 14 2
28 84 2
51 158 2
10 21 2
24 51 2
12 90 2
51 132 2
21 160 2
51 116 2
36 122 1
7 130 1
32 45 2
32 40 2
49 75 2
18 132 1
6 116 1
54 132 2
37 52 2
6 97 2
34 36 2
21 117 2
12 18 2
8 33 2
28 50 2
9 166 2
46 103 2
49 58 2
40 97 2
32 85 1
4 62 1
49 70 2
16 69 2
26 55 2
12 83 2
37 71 2
1 67 1
19 40 2
7 136 2
37 162 1
16 159 1
9 95 2
33 97 2
9 84 1
42 56 2
40 90 2
45 166 2
7 71 2
38 128 1
5 7 2
24 161 1
31 51 2
35 59 1
22 38 2
36 45 2
36 140 1
43 58 2
41 100 1
15 135 2
18 67 2
40 113 2
19 71 2
47 144 2
2 51 2
41 152 2
34 142 2
50 167 1
3 25 2
24 27 2
25 96 2
2 90 2
10 30 2
8 86 2
34 47 2
46 132 1
35 90 2
19 68 2
26 83 2
21 122 2
26 45 2
56 122 1
1 65 1
18 68 1
8 117 1
0 146 2
35 62 1
17 80 1
22 99 1
1 30 2
4 111 1
19 133 1
33 146 2
51 160 2
35 169 1
0 19 2
10 155 1
29 54 2
51 81 1
39 66 2
14 148 2
35 141 2
25 27 2
5 77 2
24 139 1
51 150 1
56 85 1
27 56 2
1 66 1
48 72 2
11 22 2
2 21 2
24 92 1
19 157 1
40 151 2
8 94 2
32 120 2
19 147 2
3 107 2
52 77 2
35 132 2
19 128 1
43 100 2
37 152 1
5 146 1
45 144 2
40 121 1
45 150 2
8 136 2
43 87 2
6 159 2
6 39 2
43 125 1
35 156 2
1 32 2
20 74 2
9 37 2
19 46 2
38 160 2
5 88 2
12 15 2
34 54 2
7 116 2
21 89 2
49 135 1
7 20 2
42 53 2
28 72 1
29 122 2
5 100 2
28 168 1
50 82 1
27 108 2
28 132 1
22 120 2
54 68 2
9 155 2
14 95 2
24 94 1
14 118 1
22 28 2
2 31 2
42 163 2
8 9 2
15 51 2
3 99 1
39 53 2
0 47 2
10 20 2
13 112 2
35 92 2
28 55 2
39 154 2
25 37 2
6 166 1
48 162 2
3 30 2
17 156 1
11 44 2
34 56 2
10 39 2
36 63 2
52 102 1
12 50 2
43 93 1
31 157 1
45 80 2
35 96 1
3 80 2
15 110 1
53 128 2
32 36 2
28 165 1
2 123 1
35 133 2
5 72 1
15 50 2
40 161 1
45 109 2
7 30 2
2 14 2
38 116 2
3 18 2
55 85 2
18 128 2
4 79 1
22 96 2
6 32 2
19 36 2
6 60 1
17 97 2
22 68 2
20 94 2
53 123 1
29 55 2
51 163 2
22 122 1
37 151 2
30 68 2
35 55 2
55 109 2
47 105 2
9 31 2
9 164 2
49 136 2
34 85 2
41 49 2
5 50 2
11 72 2
35 124 2
37 159 2
17 142 1
38 92 2
47 137 2
5 147 2
14 126 2
7 162 1
23 152 1
48 125 1
3 134 2
10 68 2
36 46 2
45 145 1
42 159 2
8 59 2
9 133 2
31 144 2
21 150 1
27 159 1
6 48 2
7 115 2
11 60 2
39 157 2
40 142 1
11 25 2
44 58 2
20 139 2
1 103 2
5 46 2
35 44 2
11 77 2
54 166 2
42 60 2
29 73 1
54 150 1
15 47 2
50 55 2
20 84 2
3 28 2
8 145 1
52 111 2
8 141 1
42 104 2
3 130 2
0 147 1
23 132 1
37 138 2
27 58 2
17 32 2
38 155 1
54 148 1
1 12 2
46 96 1
3 108 2
34 163 2
29 64 2
47 113 2
22 30 2
49 164 2
5 17 2
8 29 2
14 113 2
52 110 2
20 33 2
46 117 2
14 17 2
3 19 2
5 117 1
45 94 2
14 39 2
3 34 2
47 56 2
49 112 1
52 64 1
9 144 2
12 65 2
16 136 2
46 151 2
3 52 2
25 70 2
50 76 2
47 124 1
42 144 2
4 57 2
54 160 1
37 146 2
3 132 1
28 81 2
27 142 2
30 94 2
3 76 1
29 151 1
32 48 2
4 136 1
29 168 1
1 100 2
29 63 2
9 55 2
18 65 2
43 89 2
14 123 2
13 120 2
13 50 2
45 53 2
52 89 2
53 90 2
0 65 1
37 115 2
45 55 2
39 139 1
41 158 1
50 60 2
3 111 1
28 32 2
6 44 2
15 31 2
32 162 1
32 101 2
24 91 2
0 105 2
10 134 2
16 86 2
44 115 2
26 43 2
34 97 1
18 115 2
12 42 2
17 36 2
3 158 2
11 56 2
12 41 2
12 49 2
23 119 2
3 166 2
26 159 2
18 76 1
29 106 2
31 115 2
1 11 2
47 122 2
41 105 2
21 112 1
4 24 2
23 120 2
7 146 2
5 31 2
25 38 2
20 91 2
0 42 2
37 140 1
55 158 2
2 118 2
52 166 2
16 134 1
2 58 2
20 75 2
6 30 2
26 108 2
43 164 1
32 39 2
41 123 2
37 81 2
50 97 1
55 67 2
18 130 2
2 125 2
7 113 1
7 83 2
24 57 2
37 97 1
39 82 1
5 28 2
51 133 2
14 40 2
55 154 2
53 151 2
7 46 2
42 87 2
27 118 2
54 99 2
24 70 2
1 121 2
1 94 2
26 46 2
46 156 1
32 125 2
47 112 2
55 78 2
22 98 2
47 167 1
17 46 2
20 62 2
28 156 2
7 117 2
1 54 2
27 84 1
29 38 2
21 135 2
19 23 2
7 32 2
51 98 1
33 166 1
24 104 2
20 95 2
23 130 1
29 33 2
40 87 1
10 162 1
15 56 2
35 126 1
1 106 2
5 13 2
30 156 2
43 166 2
32 106 2
54 72 2
7 155 2
16 111 2
10 19 2
40 58 1
1 169 2
17 56 2
25 106 1
27 30 2
8 25 2
28 41 2
41 149 1
19 85 2
20 22 2
19 169 2
50 58 2
10 113 2
34 135 1
18 142 2
3 160 2
8 44 2
12 31 2
8 19 2
38 117 1
55 124 2
26 131 2
9 92 1
48 117 1
43 169 2
9 78 1
27 154 2
39 47 2
15 120 2
2 9 2
40 167 1
25 146 1
41 141 2
38 134 2
16 148 2
52 146 2
30 50 2
47 62 1
35 142 1
3 161 2
15 167 2
53 74 1
17 35 2
55 167 2
23 144 2
2 27 2
53 79 2
37 86 1
41 103 2
32 74 2
4 80 2
32 124 1
29 62 2
7 68 2
25 36 2
21 64 2
53 82 1
44 118 1
50 137 1
41 127 2
13 107 1
9 42 2
2 23 2
32 140 2
25 122 1
6 120 2
0 12 2
39 155 1
49 163 1
34 134 2
38 99 1
17 71 2
25 104 1
32 136 2
8 73 1
37 95 2
20 129 2
17 106 1
36 127 1
30 41 2
22 94 1
51 95 1
19 55 2
8 144 2
25 64 2
1 55 2
13 113 2
13 20 2
36 102 1
37 101 1
24 134 2
55 162 1
11 55 2
37 102 1
14 163 1
9 168 2
21 22 2
52 62 1
43 147 2
53 134 2
8 26 2
26 96 2
48 70 1
22 42 2
15 60 2
9 91 1
22 140 1
24 46 2
40 156 2
55 150 2
3 145 2
12 81 2
23 153 2
50 160 2
3 81 2
20 126 2
48 90 2
6 58 2
10 139 2
11 33 2
16 123 2
45 82 1
25 56 2
2 143 2
11 67 2
40 42 2
32 72 2
38 80 1
50 154 1
4 53 2
23 100 2
3 92 1
23 44 2
11 50 2
15 66 2
3 86 1
18 78 2
15 21 2
43 117 1
25 53 2
37 41 2
8 14 2
24 168 1
56 87 1
30 85 2
16 17 2
50 61 2
21 154 2
7 51 2
1 40 2
13 96 2
0 39 2
39 114 2
51 70 2
33 48 2
40 54 2
54 93 1
5 42 2
11 57 2
17 79 2
19 42 2
40 154 1
2 119 1
32 148 2
48 123 2
42 50 2
43 49 2
49 54 2
0 34 2
36 131 1
29 134 1
11 20 2
20 99 2
7 110 1
47 158 2
31 54 2
39 79 2
5 138 2
3 53 2
20 114 2
52 67 2
14 165 2
7 142 2
0 137 2
32 132 2
15 138 2
49 55 2
5 83 2
30 49 2
3 31 2
38 162 1
26 82 2
49 51 2
11 17 2
34 113 2
35 89 2
7 52 2
28 135 1
21 72 1
44 96 2
48 92 2
4 142 2
6 91 2
55 101 1
3 6 2
18 121 1
3 48 2
13 29 2
48 76 2
14 92 2
2 28 2
41 169 1
50 157 2
29 100 1
41 60 1
27 137 2
23 42 2
47 78 2
34 165 2
28 76 2
37 58 2
31 72 2
13 142 2
3 67 1
29 164 1
6 33 2
47 135 2
37 164 2
2 83 2
51 88 2
51 102 1
17 20 2
21 71 1
24 132 2
19 162 1
13 90 2
4 162 1
27 52 2
26 142 2
43 138 1
11 118 1
49 81 2
20 42 2
35 88 2
56 130 2
14 32 2
33 49 2
44 128 2
0 51 2
15 40 2
19 51 2
53 83 1
29 105 1
25 156 2
24 44 2
33 63 1
20 48 2
6 29 2
55 160 2
44 160 2
34 141 1
49 137 2
30 129 1
54 115 1
50 147 2
37 147 2
23 80 2
6 17 2
29 93 2
11 75 2
28 40 2
31 168 1
50 70 1
3 133 2
46 56 2
12 144 2
18 33 2
21 83 1
25 72 2
27 95 2
43 46 2
39 125 2
33 88 2
1 131 1
41 98 2
43 56 2
37 54 2
41 153 2
18 135 2
19 39 2
1 21 2
0 32 2
2 7 2
11 54 2
53 86 1
46 60 2
10 50 2
4 101 2
18 87 2
3 47 2
45 46 2
43 102 2
32 153 1
16 32 2
5 128 2
4 16 2
42 77 1
45 101 2
27 169 2
48 136 1
4 49 2
4 117 2
17 49 2
1 33 2
36 167 1
8 21 2
23 64 1
1 129 2
39 89 2
29 43 2
1 70 1
15 37 2
10 25 2
48 165 2
43 84 1
4 138 1
12 152 1
37 160 1
30 80 1
19 76 2
3 162 2
7 148 2
52 95 1
26 168 2
46 85 2
22 76 2
11 34 2
43 86 1
32 44 2
52 61 2
8 48 2
53 141 1
30 152 2
22 92 1
55 81 1
19 60 2
31 87 1
19 160 2
3 112 1
49 89 2
43 91 2
35 48 2
8 115 2
20 54 2
17 160 2
12 20 2
54 134 2
27 59 2
9 151 2
3 23 2
2 29 2
41 86 2
16 107 1
33 133 2
20 31 2
3 17 2
23 53 2
18 42 2
40 137 2
19 143 2
36 53 2
10 82 2
34 77 2
52 160 2
44 119 2
17 25 2
17 112 2
45 74 2
12 47 2
23 43 2
55 155 2
53 167 2
13 30 2
55 56 2
41 67 2
25 46 2
47 54 2
12 58 1
4 15 2
39 111 2
47 65 2
47 50 2
11 81 2
38 119 2
18 45 2
26 95 2
6 152 1
27 46 2
7 143 2
13 133 2
45 149 2
12 143 2
3 168 2
37 163 2
14 51 2
30 70 2
20 157 2
50 153 2
28 87 2
13 37 2
50 130 2
1 116 2
19 67 1
31 163 2
29 30 2
23 103 1
13 149 1
51 128 2
56 129 1
49 61 1
5 140 1
46 140 2
54 76 2
7 9 2
53 144 1
31 85 2
15 23 2
0 155 2
12 48 2
29 56 2
6 41 2
5 19 2
31 76 2
34 67 2
5 59 2
39 153 2
16 135 1
6 121 1
20 66 2
56 76 1
45 51 2
53 97 2
50 124 1
9 10 2
44 52 2
36 146 2
0 104 1
48 73 2
12 128 1
10 136 2
27 144 2
51 67 2
45 133 2
7 55 2
5 149 2
22 25 2
49 65 2
20 77 2
37 74 2
35 168 2
10 119 2
53 112 2
44 151 2
11 40 2
8 27 2
8 110 2
42 49 2
52 78 1
26 105 2
35 163 1
8 147 2
42 169 2
4 166 2
24 65 1
24 47 2
4 65 2
10 83 2
8 103 2
28 116 2
2 117 2
35 51 2
20 38 2
17 91 2
26 148 2
20 29 2
39 149 2
7 80 1
33 108 1
9 40 2
3 29 2
31 159 2
23 34 2
23 125 1
11 163 1
49 76 1
19 112 2
19 53 2
0 64 2
19 119 2
11 16 2
7 90 1
2 47 2
14 156 2
6 14 2
19 132 1
23 99 2
22 29 2
28 37 2
34 41 2
51 94 2
51 89 2
12 166 2
11 30 2
39 115 1
33 156 1
36 37 2
52 54 2
11 121 2
6 50 2
17 98 2
30 33 2
46 119 2
34 147 1
36 162 2
13 167 2
47 120 2
46 88 1
38 56 2
31 164 2
43 167 2
12 113 2
0 127 2
12 30 2
43 95 1
30 55 2
15 67 2
43 112 2
53 60 2
54 73 2
26 124 1
0 150 2
36 91 2
5 55 2
42 55 2
25 117 2
19 165 2
49 109 2
38 144 2
31 112 1
31 39 2
56 141 2
44 164 2
26 40 2
52 135 2
38 42 2
7 57 2
49 105 2
19 144 1
48 51 2
53 62 1
10 58 2
13 33 2
20 79 1
16 149 1
8 70 1
12 140 1
49 158 2
19 92 2
9 142 2
56 110 1
1 149 2
32 155 2
12 59 2
24 169 1
21 48 2
13 154 2
52 113 2
40 44 2
3 15 2
0 149 2
8 31 2
16 130 1
17 148 2
34 111 1
43 69 2
31 93 2
42 52 2
1 98 2
14 78 1
41 95 1
2 139 1
2 26 2
47 165 1
0 56 2
44 163 2
37 65 1
32 146 1
3 7 2
15 76 1
12 131 2
11 37 2
1 123 2
29 135 1
46 141 2
46 105 2
45 127 2
19 58 1
39 87 2
3 96 2
37 110 1
17 125 2
10 165 2
24 166 1
34 95 1
56 80 1
55 131 2
2 10 2
21 28 2
9 27 2
36 118 2
31 123 2
20 167 1
51 139 2
23 66 2
15 28 2
32 109 2
40 108 2
15 109 2
4 35 2
42 117 2
19 81 1
49 127 1
32 108 2
43 80 2
14 132 1
33 150 2
18 34 2
8 46 2
8 90 2
1 43 2
54 87 1
13 101 1
28 66 2
26 106 2
0 26 2
37 63 1
14 85 2
21 109 1
1 56 2
48 145 2
4 47 2
33 122 2
9 148 2
9 16 2
3 12 2
31 58 1
2 36 2
24 67 1
19 21 2
13 46 2
13 138 2
35 159 2
38 90 2
14 149 1
8 34 2
44 149 1
29 32 2
15 57 1
4 102 2
7 104 2
38 151 2
5 139 1
21 88 1
15 148 2
1 132 1
7 27 2
29 80 1
43 156 2
8 113 2
2 68 2
10 43 2
41 54 2
32 149 1
22 45 2
48 55 2
51 164 2
41 47 2
18 162 1
26 144 2
21 115 2
23 127 1
4 163 2
19 74 2
42 72 1
22 119 2
11 117 1
6 165 2
10 77 1
0 20 2
14 110 1
22 73 2
49 146 1
25 123 2
14 155 2
10 28 2
37 103 2
21 111 2
39 42 2
0 5 2
6 54 2
9 69 2
7 13 2
30 135 2
18 151 2
28 86 2
27 48 2
34 39 2
44 166 2
24 30 2
15 156 1
7 75 2
8 100 2
28 119 2
12 63 1
6 141 1
5 167 1
47 82 1
54 124 2
4 134 2
28 51 2
27 146 2
11 130 2
11 31 2
41 53 2
51 155 2
6 27 2
24 29 2
38 52 2
10 147 2
20 93 2
17 129 2
11 61 2
20 108 2
15 58 2
2 20 2
21 113 2
45 73 2
22 50 2
16 66 1
41 45 2
13 27 2
3 5 2
30 165 1
14 54 2
20 23 2
22 71 2
15 52 2
50 78 1
23 124 1
2 132 2
41 155 1
18 89 1
22 128 2
45 68 2
3 8 2
44 106 2
36 94 2
46 50 2
47 81 1
2 159 2
23 50 2
11 23 2
12 33 2
10 95 2
29 74 1
45 119 2
54 92 2
47 99 2
49 95 2
47 154 2
25 50 2
35 73 2
19 45 2
39 85 1
45 100 2
56 143 2
27 156 2
37 56 2
0 55 2
5 166 1
10 45 2
30 35 2
10 118 2
30 46 2
6 89 2
54 140 2
34 55 2
1 41 2
48 127 1
6 13 2
35 81 1
23 113 1
29 120 2
33 44 2
3 106 2
39 58 2
6 37 2
24 108 2
37 43 2
0 163 1
47 162 2
52 86 2
34 70 2
29 102 1
0 4 2
5 90 1
0 43 2
7 15 2
20 131 2
40 48 2
46 107 2
14 131 1
30 128 2
41 66 1
52 129 2
44 99 2
16 25 2
7 163 1
10 49 2
47 55 2
46 70 2
54 81 1
24 73 2
9 20 2
36 96 2
41 167 2
2 4 2
47 155 2
44 95 2
15 104 2
1 6 2
6 126 2
52 159 2
54 145 2
27 85 2
56 88 2
34 59 2
8 132 2
1 42 2
6 138 1
11 116 2
17 89 2
33 43 2
13 116 1
8 82 1
0 120 2
52 68 2
34 91 1
3 16 2
20 39 2
51 153 2
40 75 2
27 110 1
14 55 2
22 150 2
56 132 2
26 147 1
1 52 2
44 136 1
5 43 2
11 46 2
5 60 1
9 12 2
3 11 2
16 52 2
28 125 2
1 22 2
53 154 2
10 129 2
17 42 2
38 153 2
41 168 2
42 80 2
39 51 2
29 153 1
29 114 1
38 108 1
13 21 2
15 141 1
5 44 2
55 152 2
11 127 2
12 29 2
9 35 2
3 144 2
49 121 2
1 74 2
8 109 1
54 158 1
33 55 2
41 85 1
27 78 2
6 118 2
41 110 1
46 49 2
19 90 2
44 91 2
48 69 1
43 154 2
11 64 1
39 105 2
21 54 2
28 152 2
15 20 2
21 95 1
25 113 2
31 151 2
30 81 2
5 133 2
49 78 1
38 51 2
44 168 2
10 116 2
22 105 2
33 85 2
45 130 2
17 70 1
56 108 2
47 64 2
43 110 2
51 103 2
17 108 2
21 144 2
5 99 1
42 69 2
18 43 2
47 66 1
14 42 2
4 118 2
41 55 2
17 27 2
12 51 2
6 123 2
19 28 2
10 23 2
51 66 2
34 94 1
42 61 2
38 89 2
56 152 1
36 54 2
39 101 1
25 128 1
23 51 2
40 130 2
40 63 2
10 32 2
18 122 1
29 35 2
18 26 2
35 47 2
30 39 2
3 59 2
25 168 2
1 118 2
45 69 1
3 51 2
55 140 2
26 152 2
51 138 2
19 102 2
5 168 2
5 114 1
25 84 1
7 48 2
19 24 2
13 153 1
49 128 2
15 65 2
49 111 2
19 108 2
25 73 2
33 50 2
21 33 2
21 146 2
0 18 2
34 48 2
50 63 1
46 57 2
8 71 1
22 60 1
15 146 1
43 54 2
38 91 2
20 35 2
41 118 2
47 117 2
1 89 2
12 136 2
17 37 2
38 77 2
16 60 2
46 152 2
53 139 2
12 37 2
17 147 2
46 161 1
20 59 1
51 53 2
42 146 1
30 31 2
52 145 1
8 131 1
35 125 1
4 105 1
0 16 2
22 36 2
9 117 1
47 136 2
25 143 2
28 117 2
8 51 2
2 148 1
15 155 2
30 103 2
41 46 2
41 79 2
54 58 1
25 169 1
6 106 2
42 45 2
5 61 1
11 131 2
0 114 2
0 13 2
19 44 2
13 32 2
19 65 2
3 143 2
49 113 2
26 38 2
35 134 1
14 86 2
52 155 1
33 35 2
53 76 2
50 75 2
34 149 2
51 147 2
16 110 2
34 100 2
29 65 2
33 71 2
53 152 1
14 97 2
42 157 1
18 156 2
31 113 1
36 108 2
3 22 2
35 151 1
15 144 2
50 92 1
35 140 2
56 127 2
15 163 2
25 26 2
13 86 1
6 34 2
5 136 2
9 21 2
27 80 2
11 62 2
55 146 2
56 112 1
0 107 1
53 114 2
5 163 2
47 139 2
5 82 1
35 54 2
8 79 2
21 168 2
9 59 1
5 51 2
47 126 2
33 163 1
9 169 1
28 140 2
33 120 1
18 120 2
31 169 2
52 53 2
15 112 1
29 59 2
17 163 2
17 111 2
5 79 2
23 59 2
29 89 2
32 46 2
1 48 2
15 133 2
25 49 2
27 152 1
7 56 2
30 111 1
46 101 2
51 120 2
14 18 2
11 32 2
47 132 2
11 145 1
1 45 2
12 85 2
29 146 2
48 85 1
0 157 1
13 87 1
15 61 2
56 133 1
15 78 1
18 30 2
34 92 2
31 42 2
41 90 2
25 63 2
5 15 2
37 98 2
32 88 2
16 24 2
22 62 2
39 109 1
45 102 2
7 11 2
35 63 1
21 75 2
33 109 2
14 26 2
39 56 2
15 100 2
20 160 2
46 55 2
54 108 2
52 165 2
52 139 2
20 163 2
18 74 2
23 69 2
4 11 2
25 160 2
51 106 2
47 143 1
46 120 1
4 64 2
13 54 2
50 77 2
5 165 1
18 69 2
0 22 2
33 107 2
51 87 2
15 77 2
35 57 2
36 119 1
6 96 2
48 151 1
15 111 1
49 86 2
9 147 1
8 28 2
4 84 2
40 159 2
8 39 2
27 158 1
37 48 2
15 32 2
47 164 1
26 166 1
22 157 2
38 138 2
35 167 1
4 147 2
18 73 1
1 64 1
52 169 1
14 66 1
28 42 2
53 71 2
29 150 1
0 168 2
16 34 2
23 79 1
28 138 2
22 72 1
53 75 1
23 32 2
4 46 2
4 28 2
18 92 2
11 114 2
27 117 1
7 157 1
7 108 1
36 136 2
40 65 2
54 60 2
1 156 2
40 110 1
35 60 2
22 75 2
16 91 2
9 94 2
27 36 2
27 134 2
31 129 2
50 59 2
53 84 2
53 91 1
42 76 2
16 40 2
40 148 1
44 56 2
19 47 2
24 123 1
55 116 2
12 54 2
4 113 1
17 157 1
51 90 2
22 34 2
45 60 1
47 53 2
15 149 2
49 98 2
35 37 2
24 157 1
17 43 2
3 146 2
34 168 1
22 66 2
52 72 2
21 73 2
13 14 2
43 101 2
33 144 1
14 41 2
39 49 2
17 140 2
8 84 1
42 97 2
32 95 1
1 4 2
1 46 2
37 123 2
13 150 2
17 154 1
53 120 1
7 125 2
48 130 2
12 159 2
7 62 1
33 138 2
5 74 2
5 85 2
47 111 2
42 106 2
9 48 2
3 123 1
0 160 1
8 112 2
2 3 2
38 110 1
8 155 2
28 150 2
42 110 1
32 52 2
7 167 1
14 164 2
2 8 2
25 74 2
9 101 1
10 122 2
1 93 2
2 17 2
30 112 1
52 123 2
11 49 2
36 40 2
30 78 2
37 92 1
28 120 2
43 130 2
23 36 2
45 90 1
50 93 1
7 135 2
49 74 2
25 157 2
3 4 2
43 61 2
15 105 2
4 5 2
20 119 2
51 109 2
54 63 2
8 95 1
21 91 1
19 152 1
51 108 1
2 42 2
3 140 2
43 65 2
43 120 2
30 54 2
11 140 1
14 29 2
26 41 2
10 44 2
13 165 1
19 168 2
1 8 2
12 39 2
25 32 2
49 165 1
45 56 2
10 47 2
40 70 2
13 59 2
14 47 2
27 61 1
12 74 2
54 90 2
38 169 2
6 10 2
26 165 1
21 41 2
1 111 2
28 105 2
8 107 1
30 126 2
5 81 2
35 39 2
44 79 2
54 143 1
9 74 2
13 119 1
30 116 1
4 149 2
52 167 1
8 130 2
4 122 2
37 134 2
0 3 2
2 169 2
35 154 2
33 140 2
21 126 1
30 92 2
51 145 2
5 8 2
55 88 2
11 134 2
55 132 2
18 81 2
23 128 2
21 118 2
29 46 2
51 166 1
32 93 2
3 141 2
20 137 1
48 99 1
48 49 2
26 107 1
24 162 2
56 131 2
17 28 2
2 100 2
40 162 2
40 64 2
11 103 1
45 115 1
39 161 2
15 126 1
2 6 2
26 36 2
39 77 2
30 42 2
48 71 1
47 163 2
24 107 1
31 99 2
1 117 1
16 42 2
6 133 2
10 41 2
29 37 2
23 71 2
4 96 2
6 134 1
34 42 2
20 121 2
46 123 1
27 165 2
16 35 2
56 99 2
22 67 1
8 157 1
34 35 2
11 105 2
24 97 1
7 93 1
24 100 1
11 111 1
26 77 1
2 122 2
10 94 2
56 98 1
1 72 1
38 102 1
24 80 1
5 26 2
29 131 2
46 157 2
8 20 2
37 153 2
55 69 2
30 53 2
14 62 2
11 36 2
32 134 2
35 91 2
49 107 2
33 168 2
0 31 2
44 133 2
50 128 2
14 75 2
7 45 2
0 152 2
41 119 2
30 142 2
30 100 2
20 26 2
2 108 2
35 102 1
2 15 2
9 159 1
0 112 2
5 9 2
22 118 2
16 44 2
17 75 2
20 107 2
52 104 2
9 113 2
40 68 2
7 101 2
51 119 2
15 18 2
9 46 2
16 49 2
28 98 2
15 152 2
44 169 2
23 67 2
13 168 1
13 26 2
11 19 2
5 132 1
43 55 2
9 102 2
14 99 1
4 161 1
17 31 2
35 45 2
38 84 1
55 74 2
42 153 2
48 149 1
30 93 2
20 46 2
26 98 2
35 64 2
9 125 2
40 41 2
23 41 2
44 129 2
17 162 2
21 39 2
36 65 2
53 164 1
29 82 1
8 133 2
46 99 2
32 158 2
30 114 1
14 107 2
45 104 1
21 43 2
2 11 2
27 138 1
41 114 1
20 117 1
54 89 2
3 159 2
13 23 2
15 153 2
25 94 2
6 7 2
42 83 1
25 44 2
24 32 2
27 29 2
45 136 2
49 151 2
50 54 2
10 67 2
9 29 2
53 168 2
17 29 2
55 143 2
48 87 2
50 94 2
16 19 2
41 142 2
18 20 2
5 37 2
8 55 2
0 154 1
8 96 2
4 50 2
52 81 2
47 103 2
40 155 1
32 105 2
18 46 2
43 145 2
21 163 2
43 123 1
27 69 2
5 53 2
35 106 2
9 45 2
15 41 2
8 17 2
20 76 1
36 99 2
33 169 2
14 117 2
39 110 2
56 123 2
49 100 2
46 169 2
17 69 2
5 27 2
13 52 2
0 24 2
9 50 2
14 87 2
54 107 2
47 133 2
19 27 2
14 72 2
8 88 2
56 144 2
12 112 2
39 67 2
47 128 2
12 73 2
5 25 2
49 152 1
18 99 1
31 47 2
38 47 2
29 41 2
48 160 2
19 41 2
45 64 2
36 132 2
54 168 2
30 32 2
7 100 1
35 43 2
56 168 1
33 123 2
20 21 2
48 107 2
37 149 2
3 128 2
23 40 2
15 59 2
11 53 2
12 52 2
26 48 2
11 137 2
22 93 2
49 103 1
42 132 2
32 110 2
2 16 2
6 93 2
12 56 2
16 169 2
16 132 2
17 34 2
3 9 2
25 40 2
34 139 2
3 36 2
34 129 2
25 154 1
19 138 2
49 134 1
28 73 2
4 26 2
49 139 2
19 73 2
44 76 2
15 30 2
3 90 2
16 23 2
26 143 2
18 149 1
11 51 2
22 95 2
21 38 2
38 168 2
9 39 2
34 74 2
12 35 2
3 104 2
44 49 2
21 24 2
37 68 1
3 118 1
16 125 2
51 169 2
43 146 2
10 164 2
22 51 2
17 167 2
29 111 2
1 37 2
7 107 2
50 72 1
18 54 2
28 141 2
7 44 2
19 103 2
34 164 2
47 77 1
18 37 2
9 156 2
24 62 2
9 109 2
15 72 1
8 111 1
19 31 2
8 126 2
47 51 2
43 64 1
43 135 1
36 160 1
7 16 2
20 71 2
19 25 2
10 17 2
5 39 2
50 163 2
33 116 2
22 79 2
20 30 2
20 152 2
21 108 1
10 148 2
23 78 1
35 108 2
35 87 2
55 141 1
47 89 2
9 14 2
11 99 2
19 125 2
44 138 2
27 39 2
13 28 2
4 7 2
1 135 2
4 30 2
12 102 1
20 87 2
9 107 2
0 53 2
53 108 1
22 168 1
35 97 2
7 54 2
1 47 2
38 71 2
52 136 1
38 149 2
10 52 2
42 103 1
39 141 1
13 25 2
47 134 1
41 61 2
24 77 1
20 134 1
41 89 2
29 157 2
52 83 1
21 68 2
14 45 2
25 91 1
18 60 2
11 35 2
28 30 2
22 134 2
43 114 1
53 87 1
41 139 2
17 64 2
26 47 2
8 16 2
38 86 1
46 62 2
23 151 1
25 116 1
36 107 2
36 68 2
15 136 2
12 137 1
28 167 2
9 67 2
12 55 2
49 104 1
6 74 1
43 92 1
23 85 2
33 148 2
3 102 1
43 62 1
27 44 2
17 139 2
0 44 2
3 82 1
12 24 2
22 69 2
2 81 1
16 113 1
4 73 2
42 78 1
48 101 2
17 155 1
27 107 2
31 40 2
40 166 2
56 102 2
1 104 2
45 71 1
11 87 2
13 129 2
0 87 2
51 56 2
16 76 2
22 165 1
4 54 2
25 121 1
17 59 2
22 57 2
13 151 1
1 36 2
22 154 2
25 124 1
17 84 1
0 94 2
2 43 2
30 102 2
8 23 2
51 131 1
36 82 1
14 100 1
2 116 1
49 69 2
51 99 2
53 68 2
16 129 1
7 37 2
17 135 2
6 139 2
24 126 2
54 131 2
38 140 1
22 166 2
48 65 1
5 159 2
21 153 2
31 75 1
8 143 1
6 52 2
2 5 2
14 136 1
8 125 2
53 55 2
26 37 2
5 127 2
36 51 2
28 91 2
51 167 1
22 115 2
1 71 2
52 128 2
47 157 2
4 25 2
0 14 2
11 129 1
40 102 1
6 28 2
18 49 2
28 74 2
39 44 2
7 49 2
21 70 2
20 110 2
21 23 2
11 14 2
31 44 2
6 79 2
1 167 2
29 34 2
43 75 2
22 33 2
15 96 2
33 45 2
19 37 2
56 61 2
23 133 2
11 152 1
33 124 2
11 88 2
3 55 2
12 57 2
13 64 2
54 162 2
40 140 1
5 23 2
42 135 2
8 53 2
44 65 2
51 115 1
17 76 2
42 98 1
54 122 2
18 106 1
11 48 2
8 160 2
43 127 2
43 142 1
13 130 2
50 118 2
56 66 2
11 147 1
8 92 2
13 45 2
54 59 1
31 165 1
15 53 2
24 81 2
32 129 2
22 48 2
36 101 2
8 78 2
28 61 1
48 93 2
3 71 1
0 153 2
56 150 1
9 64 2
1 165 2
19 22 2
7 19 2
54 114 2
53 61 2
43 70 2
3 49 2
52 87 1
26 132 2
50 145 2
32 33 2
34 51 2
52 151 1
41 76 2
42 109 2
32 55 2
32 115 1
18 38 2
5 161 2
31 131 2
26 123 2
55 113 2
19 111 2
15 86 2
46 90 1
9 146 2
19 137 2
8 54 2
47 91 2
31 108 1
29 142 2
34 44 2
3 169 1
30 145 2
9 34 2
46 59 1
1 26 2
15 17 2
16 140 2
16 133 2
23 90 2
54 116 2
49 147 2
25 31 2
7 38 2
24 35 2
30 40 2
1 88 2
20 86 2
18 63 1
29 40 2
7 17 2
45 123 1
2 39 2
15 19 2
36 39 2
42 115 2
49 129 1
32 56 2
31 32 2
49 117 1
45 52 2
53 92 2
10 108 2
41 146 2
56 149 1
45 77 2
24 103 2
33 153 2
39 138 1
22 124 1
56 107 2
20 80 2
0 60 1
26 35 2
3 33 2
1 49 2
2 107 2
47 140 1
32 35 2
44 68 1
48 132 1
19 141 2
29 84 2
31 101 1
25 149 2
5 75 2
45 163 1
36 41 2
23 96 2
2 18 2
19 100 2
48 53 2
27 49 2
16 64 2
53 64 1
51 62 2
19 109 2
4 27 2
22 129 1
44 153 1
16 112 2
50 69 2
44 126 1
50 141 2
20 90 1
20 132 2
23 126 2
53 163 2
7 169 2
1 166 1
15 113 1
9 124 2
10 48 2
18 116 2
31 34 2
10 54 2
22 110 1
42 133 1
35 158 2
55 130 1
1 10 2
24 38 2
3 44 2
54 153 1
17 66 1
31 69 1
12 111 2
29 72 2
17 138 2
3 109 2
47 52 2
40 91 1
54 105 1
30 110 2
41 124 1
12 77 2
27 136 2
1 7 2
32 38 2
23 115 2
14 106 2
50 57 2
22 47 2
43 51 2
29 31 2
56 119 1
33 39 2
37 167 2
29 81 1
17 145 1
6 169 2
56 163 1
18 44 2
34 52 2
54 96 2
22 56 2
34 40 2
0 1 2
14 53 2
31 158 2
13 79 2
46 136 1
18 36 2
35 52 2
22 80 2
10 117 1
22 49 2
11 109 1
8 140 1
19 48 2
5 21 2
24 79 2
12 95 1
39 70 2
13 123 1
25 55 1
29 98 2
52 69 2
84 113 2
66 84 2
87 134 2
0 7 1
23 38 1
31 134 1
93 129 1
39 122 1
6 161 2
3 103 1
35 139 2
37 88 1
69 93 1
134 150 1
30 45 1
41 161 1
39 40 1
23 28 1
31 82 1
42 93 2
12 82 1
32 145 2
23 105 2
20 97 1
14 150 1
26 122 2
17 21 1
17 82 2
93 150 1
40 126 2
20 127 1
52 150 2
56 81 2
36 97 2
36 56 1
16 38 1
127 145 2
53 105 2
19 33 1
52 119 1
