% n=70 p=33 d=0.33 p_blue=0.33
% k=0
0 7 2
14 57 1
0 2 2
14 19 2
0 16 2
0 50 2
5 55 1
5 12 2
12 62 1
13 58 1
19 44 1
7 64 2
9 19 2
1 15 2
0 26 2
14 63 1
8 22 2
10 23 2
17 45 1
6 67 1
0 5 2
4 26 1
6 30 1
3 57 1
4 23 2
9 67 1
22 52 1
10 52 1
23 54 1
21 33 1
11 30 1
0 20 2
10 69 2
5 13 2
0 29 2
7 37 2
4 18 2
16 29 1
22 54 1
19 30 1
14 49 1
2 3 2
10 60 1
15 32 2
23 26 2
18 19 2
13 66 1
6 10 2
2 11 2
16 48 2
7 21 2
16 50 2
1 19 2
7 23 2
12 17 2
22 57 2
5 57 1
6 48 1
4 9 2
14 18 2
19 35 1
0 19 2
1 17 2
4 7 2
3 4 2
6 21 2
17 25 1
8 67 2
10 53 1
1 41 1
12 56 2
2 54 2
3 46 2
11 61 1
6 22 2
6 34 1
21 65 1
19 55 2
17 65 2
17 48 1
2 23 2
13 50 1
14 23 2
10 34 2
15 42 2
1 53 1
1 22 2
11 64 2
21 24 2
8 45 1
1 12 2
3 66 1
2 24 1
10 38 1
11 41 2
1 10 2
12 58 2
6 8 2
16 37 1
0 18 2
1 32 1
7 16 2
9 39 2
13 55 1
9 12 2
12 47 1
3 10 2
8 20 2
1 6 2
5 61 1
3 5 2
8 68 1
15 23 2
8 17 2
5 9 2
23 55 1
20 58 1
20 45 2
20 25 1
2 20 2
9 17 2
10 18 2
0 17 2
17 32 1
12 64 2
12 16 2
11 13 2
19 53 1
4 32 2
19 27 1
3 13 2
17 36 1
14 28 1
7 9 2
20 52 1
10 11 2
8 41 1
12 21 2
2 14 2
3 7 2
16 53 2
3 61 1
14 16 2
16 69 2
12 63 2
12 51 1
7 22 2
10 20 2
11 19 2
19 23 2
2 65 2
0 42 1
17 49 1
13 41 1
10 12 2
10 57 1
12 32 1
9 35 1
13 60 2
16 45 1
9 57 1
15 22 2
3 48 2
2 25 2
13 18 2
13 16 2
9 40 1
9 10 2
8 54 1
10 13 2
13 17 2
4 28 2
13 56 1
5 7 2
5 30 1
10 16 2
9 16 2
4 46 2
0 47 1
6 47 2
13 51 1
14 34 2
1 13 2
3 62 2
15 27 1
1 26 1
23 39 2
20 38 1
13 19 2
15 21 2
23 59 1
8 21 2
20 23 2
3 9 2
9 61 1
16 26 2
21 37 2
7 25 1
9 11 2
8 13 2
16 42 1
1 8 2
6 46 1
11 65 2
5 11 2
2 19 2
21 23 2
13 21 2
21 27 2
11 51 2
11 32 1
14 33 2
7 40 1
23 38 1
2 41 2
5 22 2
15 54 2
1 2 2
5 56 1
10 22 2
3 14 2
12 22 2
17 21 2
7 14 2
4 14 2
7 13 2
20 27 1
11 68 1
1 48 2
7 17 2
2 6 2
12 27 1
2 27 1
15 19 2
0 59 2
5 10 2
0 32 1
12 18 2
0 31 2
10 44 2
23 57 1
11 16 2
2 7 2
13 47 1
3 11 2
13 32 1
0 68 1
5 8 2
6 19 2
15 43 1
3 19 2
14 69 1
8 12 2
5 17 2
0 34 1
9 14 2
0 23 2
17 22 2
3 68 1
4 49 1
16 67 1
22 44 1
8 33 1
22 40 1
8 36 2
0 1 2
12 60 2
17 26 1
2 15 2
11 28 2
14 53 1
0 9 2
14 68 2
2 22 2
5 19 2
2 13 2
11 56 2
7 54 2
3 67 1
7 10 2
1 49 1
6 69 1
6 20 2
13 20 2
4 20 2
9 56 2
20 24 2
2 4 2
1 7 2
1 39 2
10 47 2
11 39 1
4 11 2
1 65 2
16 20 2
7 55 2
6 18 2
19 21 2
6 12 2
5 37 2
14 37 1
20 42 1
2 32 1
15 36 2
12 19 2
0 30 1
0 40 2
3 12 2
5 23 2
0 8 2
10 19 2
13 64 1
17 61 1
18 22 2
8 34 2
4 66 1
0 21 2
22 59 1
3 36 1
12 37 1
18 53 1
7 18 2
11 59 1
6 13 2
9 26 1
3 43 1
18 48 1
11 26 1
15 18 2
11 17 2
13 25 1
4 16 2
18 20 2
22 23 2
7 53 2
3 26 1
16 38 2
9 20 2
1 27 1
21 41 2
9 63 1
11 12 2
6 7 2
17 23 2
19 39 1
3 8 2
17 41 2
2 26 1
5 28 1
9 13 2
13 37 1
4 43 1
21 60 1
17 66 2
2 18 2
6 62 1
23 44 2
23 66 1
19 49 2
6 16 2
6 14 2
21 64 1
7 44 2
11 44 2
23 65 1
23 50 2
2 37 1
9 43 1
4 15 2
4 6 2
2 8 2
18 25 2
23 63 1
3 58 1
5 27 2
16 21 2
0 15 2
15 20 2
2 12 2
20 48 1
7 58 1
0 10 2
8 23 2
11 49 1
2 56 1
5 14 2
17 68 2
18 23 2
5 18 2
20 49 1
4 22 2
3 21 2
11 22 2
5 67 1
8 59 1
18 68 1
0 4 2
2 39 1
8 19 2
23 40 1
1 24 2
12 23 2
15 51 1
11 34 2
12 25 2
18 37 1
6 39 1
5 6 2
10 58 1
4 12 2
12 42 2
17 18 2
15 53 2
13 14 2
13 23 2
20 32 2
7 8 2
11 38 1
22 65 1
2 17 2
23 48 1
11 24 2
19 22 2
6 9 2
2 42 2
16 18 2
8 16 2
2 30 1
14 17 2
18 51 1
14 15 2
6 53 2
10 33 1
9 48 1
18 21 2
16 17 2
3 23 2
13 33 1
2 10 2
16 40 1
8 69 1
6 64 1
0 35 2
9 15 2
0 6 2
14 20 2
11 27 1
6 54 1
19 25 2
1 29 1
12 54 1
18 57 2
16 23 2
17 19 2
2 5 2
15 28 1
9 68 2
23 28 1
7 46 2
14 22 2
3 17 2
1 5 2
11 15 2
7 11 2
22 29 1
4 19 2
2 38 1
14 47 2
14 35 1
8 10 2
16 49 1
13 22 2
7 15 2
2 48 2
10 68 2
5 49 1
4 8 2
5 20 2
3 34 2
15 39 1
0 28 2
8 62 1
4 45 1
3 29 1
1 14 2
0 22 2
3 22 2
12 39 1
17 47 1
16 41 1
8 14 2
13 38 1
12 20 2
5 15 2
8 18 2
8 15 2
10 42 1
9 22 2
23 31 1
11 18 2
15 61 1
12 13 2
15 17 2
15 50 2
2 16 2
0 14 2
9 28 1
7 12 2
19 28 2
14 54 2
10 15 2
10 29 1
3 41 2
23 67 1
3 59 2
12 14 2
1 43 2
10 59 1
2 21 2
0 55 1
10 49 1
9 18 2
4 21 2
19 51 1
17 67 2
3 18 2
12 33 1
0 12 2
7 42 2
4 42 1
20 33 1
4 48 2
3 15 2
11 21 2
5 26 1
1 23 2
18 47 1
21 46 2
17 20 2
23 41 1
21 68 1
0 11 2
6 23 2
20 46 1
9 27 1
11 54 2
14 42 1
23 43 2
15 30 2
6 40 1
0 44 1
4 35 2
5 21 2
6 11 2
0 51 1
2 68 1
10 21 2
9 23 2
13 35 1
12 15 2
2 35 1
16 24 2
9 21 2
14 62 2
20 22 2
19 20 2
3 16 2
16 62 1
16 19 2
4 54 2
20 68 1
13 15 2
18 28 1
1 20 2
8 30 1
13 34 1
0 54 1
7 30 1
15 26 2
14 66 2
6 25 1
9 46 2
12 41 1
15 35 1
6 15 2
5 16 2
21 59 1
4 5 2
1 16 2
12 57 1
1 3 2
12 44 1
1 9 2
2 66 1
3 69 2
10 14 2
18 43 1
4 68 1
17 24 2
18 49 1
15 44 1
17 57 1
17 44 1
30 33 1
7 67 1
21 22 1
33 57 2
11 62 2
8 55 2
8 11 1
16 44 2
2 67 1
13 57 1
16 39 2
0 13 1
0 67 1
11 57 2
14 21 1
30 58 2
19 58 1
0 3 1
6 33 1
4 44 1
4 13 2
18 67 1
23 62 2
7 20 1
20 21 1
4 17 1
21 57 1
17 58 1
18 33 2
0 62 2
14 67 1
8 9 1
2 9 2
39 57 1
