% n=30 p=60 d=0.66 p_blue=0.33
% k=0
2 10 2
1 21 1
1 14 2
1 13 2
16 17 2
4 16 2
6 12 2
0 7 2
1 2 2
5 18 2
9 11 2
8 26 1
2 29 2
13 15 2
10 28 1
4 14 2
4 7 2
5 22 1
3 18 1
2 11 2
4 12 2
7 28 1
7 17 2
9 24 2
1 6 2
0 6 2
9 16 2
3 5 2
3 22 1
1 26 2
16 23 2
12 27 1
5 9 2
13 29 1
9 14 2
7 25 1
4 6 2
3 24 1
14 28 1
2 14 2
4 19 2
0 8 2
6 22 2
7 29 1
6 17 2
3 10 2
3 27 2
6 11 2
1 18 1
12 13 2
9 29 1
4 17 2
8 19 2
3 12 2
15 23 2
0 22 1
16 29 1
16 28 2
10 22 1
2 25 1
5 14 2
17 24 1
6 14 2
2 4 2
1 12 2
0 27 1
10 19 2
16 24 1
5 10 2
2 12 2
6 13 2
17 29 1
11 27 2
15 21 2
0 18 2
11 22 2
15 29 1
9 21 1
1 3 2
8 20 2
9 20 2
9 18 2
5 12 2
3 23 1
4 20 1
0 11 2
4 15 2
1 10 2
11 21 2
11 28 2
10 13 2
14 16 2
5 17 2
7 13 2
12 14 2
8 11 2
7 10 2
0 10 2
4 11 2
11 20 1
13 20 1
5 15 2
0 16 2
16 27 1
15 26 1
11 19 1
11 25 1
11 13 2
2 8 2
3 26 1
5 24 1
2 18 1
9 22 1
7 15 2
2 6 2
1 9 2
1 19 2
2 26 2
0 20 1
9 19 2
11 17 2
3 6 2
13 14 2
11 12 2
17 26 1
14 25 1
1 16 2
0 9 2
14 17 2
14 26 1
6 24 1
3 15 2
14 29 2
1 27 1
6 20 1
0 26 2
8 13 2
0 4 2
13 27 2
13 23 1
7 27 1
9 23 1
1 24 2
7 19 2
4 26 1
6 25 1
17 28 2
2 24 1
2 15 2
2 7 2
1 15 2
3 28 2
15 27 1
16 22 1
8 17 2
16 19 1
7 9 2
0 5 2
9 28 2
15 16 2
3 16 2
1 4 2
4 5 2
2 16 2
12 24 2
15 22 1
10 14 2
0 1 2
11 24 1
0 24 1
4 13 2
3 4 2
17 27 1
10 11 2
7 8 2
5 23 1
4 22 2
6 19 2
3 25 1
12 28 1
14 24 1
3 8 2
6 18 1
6 7 2
4 8 2
9 10 2
7 11 2
6 26 2
4 25 1
1 11 2
2 9 2
9 15 2
1 22 1
7 23 2
15 25 2
0 3 2
1 17 2
0 28 2
8 10 2
16 18 2
17 22 1
8 22 2
10 21 1
10 27 1
10 23 1
6 10 2
1 5 2
8 12 2
0 2 2
15 18 2
8 24 2
12 25 1
3 7 2
8 29 1
7 24 1
4 29 1
13 19 1
6 15 2
9 26 2
0 14 2
12 16 2
11 23 1
10 17 2
4 24 1
13 17 2
7 14 2
17 23 2
13 21 2
8 16 2
15 28 2
0 15 2
5 8 2
17 21 1
7 12 2
10 15 2
4 27 2
2 5 2
5 19 1
3 19 2
9 17 2
14 20 2
16 20 1
8 27 1
12 17 1
11 18 2
2 21 2
15 17 1
16 21 2
0 13 1
13 18 2
6 16 1
0 17 1
8 18 2
8 9 2
4 9 2
13 16 1
12 21 1
4 10 1
3 13 1
7 18 2
0 12 1
11 15 1
8 14 1
6 9 1
1 7 1
12 18 1
5 28 1
2 3 1
5 13 1
1 28 2
11 14 2
3 17 1
11 16 2
14 15 1
8 15 1
9 13 1
10 16 1
2 17 2
17 18 2
9 12 1
5 6 2
