% n=100 p=60 d=0.33 p_blue=0.33
% k=0
10 77 2
11 92 1
21 35 2
16 30 2
47 54 2
3 30 2
2 51 2
35 88 1
14 31 2
7 47 2
31 65 1
11 58 2
17 30 2
11 15 2
51 69 2
54 56 2
2 44 2
2 43 2
37 86 2
28 64 1
0 37 2
7 24 2
42 43 2
6 59 2
14 69 2
10 45 2
33 59 2
58 96 1
6 32 2
35 47 2
19 34 2
25 28 2
54 57 2
47 49 2
18 59 2
58 86 1
32 55 2
18 62 2
10 12 2
15 54 2
43 69 1
56 59 2
8 24 2
44 46 2
3 85 1
11 47 2
58 92 1
24 37 2
1 24 2
7 72 1
41 51 2
12 58 2
17 21 2
6 38 2
58 89 2
10 42 2
51 62 1
59 78 2
41 44 2
54 70 1
5 57 2
19 24 2
41 68 1
31 39 2
22 75 1
56 78 2
2 34 2
24 45 2
13 34 2
3 9 2
5 7 2
15 41 2
6 43 2
12 75 1
42 61 1
43 56 2
21 53 2
40 43 2
42 51 2
10 51 2
36 46 2
7 8 2
19 70 1
13 14 2
27 52 2
47 53 2
26 27 2
25 55 2
1 89 2
36 40 2
22 73 1
27 57 2
7 22 2
27 35 2
20 38 2
49 89 1
29 56 2
31 32 2
27 50 2
23 44 2
14 24 2
4 57 2
18 36 2
6 54 2
13 59 2
51 90 2
23 57 2
24 76 1
22 83 2
28 90 2
38 43 2
2 20 2
38 50 2
10 63 1
45 50 2
24 72 2
17 79 2
56 65 2
6 9 2
21 66 2
46 88 1
20 43 2
6 29 2
13 18 2
10 55 2
0 74 2
0 81 1
10 56 2
26 44 2
28 75 1
34 41 2
26 95 2
21 48 2
52 56 2
13 27 2
20 48 2
38 59 2
45 88 2
53 55 2
17 33 2
42 47 2
34 93 2
5 46 2
28 68 1
40 51 2
3 56 2
35 54 2
13 33 2
42 66 2
18 52 2
12 31 2
21 72 1
4 58 2
42 58 2
4 49 2
1 61 1
53 61 1
17 43 2
0 6 2
39 88 1
8 31 2
21 23 2
18 48 2
28 33 2
0 8 2
27 39 2
28 74 1
1 47 2
33 34 2
10 21 2
17 35 2
42 52 2
36 41 2
7 63 2
8 56 2
0 22 2
19 59 2
25 98 2
15 55 2
8 55 2
14 20 2
47 92 1
17 54 2
24 53 2
12 65 1
17 81 1
25 86 2
6 42 2
10 74 1
15 23 2
19 53 2
24 46 2
4 8 2
7 10 2
0 12 2
24 33 2
30 56 2
5 17 2
33 36 2
33 53 2
21 40 2
20 50 2
57 78 1
10 64 1
0 80 1
36 58 2
24 31 2
14 49 2
31 78 2
14 22 2
1 21 2
6 49 2
1 46 2
27 42 2
4 12 2
38 80 2
23 42 2
18 27 2
9 45 2
13 57 2
10 43 2
28 34 2
26 51 2
34 97 2
38 91 1
36 98 1
21 37 2
8 17 2
26 57 2
0 16 2
25 37 2
20 29 2
15 28 2
9 89 1
58 99 1
6 55 2
8 49 2
5 97 2
21 22 2
24 55 2
8 13 2
48 49 2
22 38 2
38 71 1
58 85 2
41 42 2
4 16 2
22 46 2
20 52 2
43 51 2
43 99 2
56 64 1
1 93 1
5 99 1
10 30 2
19 58 2
4 62 2
6 15 2
9 52 2
31 73 2
10 76 1
45 84 1
36 42 2
24 41 2
35 44 2
7 41 2
53 60 1
31 58 2
17 86 1
3 28 2
3 50 2
5 65 1
35 57 2
29 73 1
42 88 1
54 77 1
38 40 2
40 58 2
28 61 1
55 90 2
12 18 2
4 31 2
6 62 1
17 28 2
23 36 2
27 56 2
31 49 2
15 42 2
3 13 2
12 30 2
2 25 2
45 87 1
31 45 2
14 39 2
5 54 2
22 52 2
1 42 2
4 77 1
10 41 2
0 49 2
14 45 2
13 55 2
11 52 2
15 17 2
34 84 1
29 48 2
27 54 2
55 59 2
44 82 2
22 91 2
17 50 2
26 37 2
7 25 2
53 89 1
41 58 2
45 54 2
10 40 2
12 73 1
29 50 2
8 29 2
1 44 2
44 57 2
2 24 2
41 95 1
6 8 2
25 57 2
8 30 2
46 49 2
14 16 2
20 23 2
7 34 2
7 42 2
12 38 2
20 39 2
21 50 2
24 62 1
12 36 2
23 27 2
27 33 2
42 59 2
2 47 2
38 39 2
36 99 1
38 42 2
1 95 2
40 95 1
31 76 2
17 22 2
20 55 2
0 33 2
54 55 2
57 72 1
49 80 2
2 30 2
44 59 2
14 41 2
33 47 2
2 55 2
37 51 2
24 70 1
53 95 2
38 57 2
27 44 2
46 77 1
8 19 2
20 44 2
56 57 2
27 34 2
12 21 2
26 29 2
41 50 2
36 57 2
47 48 2
7 12 2
11 12 2
59 99 1
7 17 2
3 31 2
44 52 2
22 37 2
32 69 1
33 79 1
29 94 2
12 46 2
11 56 2
6 7 2
6 20 2
4 22 2
17 70 1
9 57 2
23 71 2
47 51 2
57 63 1
17 40 2
40 55 2
18 49 2
41 56 2
27 58 2
6 82 1
9 81 1
0 13 2
15 90 1
50 82 2
17 59 2
16 35 2
37 41 2
42 54 2
21 52 2
23 48 2
43 57 2
8 77 2
41 53 2
55 57 2
8 58 2
7 93 2
43 48 2
55 73 2
6 34 2
29 76 1
32 59 2
46 48 2
7 54 2
21 26 2
28 40 2
3 66 2
9 13 2
27 40 2
40 87 2
53 75 1
28 70 1
44 67 1
4 63 1
43 54 2
2 12 2
17 98 2
7 15 2
24 44 2
9 53 2
22 93 1
12 53 2
35 55 2
16 54 2
53 90 1
6 88 1
29 31 2
27 29 2
52 71 2
8 57 2
22 69 1
6 46 2
4 53 2
50 53 2
10 26 2
6 98 2
5 34 2
14 30 2
26 31 2
22 87 1
3 55 2
17 48 2
39 59 2
41 52 2
0 36 2
39 42 2
24 93 1
38 41 2
16 65 2
14 38 2
35 95 1
5 41 2
24 50 2
5 12 2
8 52 2
14 42 2
24 38 2
3 40 2
12 91 1
38 88 1
24 64 1
19 41 2
30 98 1
11 59 2
20 69 2
21 43 2
32 39 2
39 55 2
5 45 2
27 36 2
58 62 2
36 43 2
57 99 1
1 14 2
30 52 2
19 46 2
41 55 2
33 98 1
54 66 1
43 53 2
7 46 2
0 48 2
35 89 1
12 26 2
22 33 2
4 42 2
1 33 2
22 55 2
34 53 2
25 70 1
18 38 2
41 99 1
46 89 1
15 31 2
8 51 2
19 37 2
14 36 2
28 62 2
0 11 2
27 88 2
52 64 1
9 22 2
35 53 2
37 49 2
12 29 2
55 99 1
14 72 2
47 64 1
51 78 2
9 93 1
5 18 2
1 54 2
14 77 1
29 42 2
35 67 1
17 60 1
23 49 2
15 40 2
9 28 2
29 38 2
52 78 1
4 59 2
36 83 2
13 17 2
54 59 2
59 87 2
10 48 2
42 55 2
8 64 1
10 38 2
26 54 2
25 38 2
18 54 2
46 92 2
3 24 2
13 49 2
13 25 2
23 56 2
56 73 1
44 68 1
1 12 2
20 32 2
53 80 1
19 75 1
3 48 2
15 18 2
7 38 2
7 28 2
48 58 2
31 56 2
40 52 2
9 70 1
0 76 2
0 15 2
49 87 1
30 33 2
5 61 2
24 47 2
58 90 1
33 51 2
26 99 1
4 89 1
1 63 1
22 47 2
18 86 1
4 98 2
57 76 2
6 12 2
1 50 2
28 58 2
37 78 1
36 47 2
39 50 2
5 53 2
5 9 2
0 60 1
33 87 2
52 55 2
1 57 2
40 49 2
24 39 2
34 82 1
55 92 1
41 45 2
22 43 2
18 58 2
25 32 2
3 82 1
46 85 2
23 37 2
12 13 2
50 72 1
0 20 2
44 55 2
14 82 1
26 41 2
2 53 2
14 28 2
50 76 1
43 96 2
17 23 2
10 16 2
14 43 2
50 51 2
26 49 2
53 63 1
4 39 2
9 12 2
23 62 1
22 36 2
34 83 1
4 19 2
21 98 1
8 10 2
44 48 2
29 97 2
15 89 1
38 77 1
12 96 1
2 13 2
4 51 2
32 93 1
40 50 2
12 32 2
41 54 2
23 54 2
5 71 2
15 60 1
6 14 2
11 43 2
8 44 2
28 78 1
3 5 2
36 88 1
20 87 2
13 47 2
21 46 2
10 58 2
0 70 2
15 70 1
29 35 2
1 67 1
25 68 2
49 66 2
26 33 2
1 8 2
1 22 2
20 42 2
21 96 1
8 16 2
16 57 2
12 22 2
3 7 2
8 18 2
28 55 2
11 72 1
31 54 2
52 53 2
47 70 2
37 63 1
21 54 2
38 51 2
4 17 2
0 35 2
26 47 2
37 46 2
3 33 2
8 9 2
11 45 2
0 31 2
29 87 1
7 19 2
58 95 1
29 75 1
57 80 1
6 31 2
28 54 2
21 34 2
6 47 2
23 64 2
47 90 2
6 45 2
41 57 2
11 50 2
7 55 2
35 72 2
27 62 1
34 55 2
33 55 2
12 95 1
7 9 2
25 50 2
16 45 2
22 58 2
13 35 2
9 54 2
3 19 2
4 40 2
28 56 2
30 76 2
23 60 2
5 35 2
13 56 2
42 72 2
47 56 2
37 39 2
4 10 2
41 72 1
29 57 2
0 82 1
20 28 2
22 63 1
0 56 2
11 20 2
33 68 2
44 72 2
18 34 2
14 59 2
10 37 2
1 25 2
35 59 2
47 65 2
6 56 2
4 30 2
38 62 2
29 41 2
7 32 2
39 93 1
9 50 2
2 18 2
15 50 2
23 35 2
22 92 2
16 48 2
5 60 2
4 80 1
22 54 2
58 59 2
45 71 2
11 33 2
2 62 1
35 38 2
27 32 2
33 72 1
23 41 2
5 42 2
11 39 2
13 28 2
6 83 2
44 65 2
29 36 2
22 28 2
53 54 2
36 81 1
0 45 2
6 50 2
23 46 2
25 84 2
24 42 2
17 99 1
13 48 2
32 56 2
22 59 2
27 80 1
0 51 2
8 15 2
17 25 2
49 96 1
9 18 2
28 32 2
22 98 1
57 74 2
0 86 1
4 54 2
4 33 2
11 85 2
33 35 2
2 95 1
35 42 2
25 53 2
4 36 2
22 31 2
21 69 1
6 18 2
19 31 2
14 47 2
32 46 2
4 26 2
47 58 2
14 18 2
4 5 2
23 79 2
59 77 1
11 28 2
2 99 1
7 29 2
40 54 2
43 90 2
40 53 2
32 52 2
19 29 2
5 43 2
16 80 1
22 27 2
40 45 2
22 26 2
19 63 1
18 46 2
3 43 2
43 79 2
2 33 2
48 91 1
58 94 1
13 61 1
16 23 2
32 44 2
25 41 2
32 97 2
57 58 2
5 67 1
21 61 1
16 37 2
33 40 2
20 84 1
19 51 2
4 6 2
10 54 2
41 75 2
55 74 2
1 10 2
46 79 1
17 52 2
15 32 2
38 53 2
34 58 2
1 20 2
19 57 2
19 36 2
28 35 2
1 64 2
37 58 2
17 55 2
42 53 2
12 16 2
0 27 2
8 14 2
26 74 1
0 42 2
12 35 2
4 56 2
24 35 2
13 50 2
12 74 2
22 51 2
6 58 2
16 40 2
38 55 2
10 50 2
55 66 1
47 98 1
57 59 2
48 75 1
52 87 1
0 7 2
30 74 1
50 80 1
40 71 1
14 58 2
1 16 2
37 52 2
26 36 2
5 28 2
16 25 2
51 55 2
6 95 2
55 88 1
2 69 2
6 37 2
11 32 2
6 63 1
0 57 2
23 26 2
6 70 1
34 46 2
38 46 2
5 20 2
4 38 2
7 39 2
8 46 2
16 53 2
25 78 1
11 24 2
50 85 2
29 32 2
0 25 2
12 43 2
49 78 1
19 94 2
39 52 2
0 32 2
11 38 2
16 93 1
41 91 1
0 19 2
30 65 1
4 48 2
50 54 2
0 2 2
23 55 2
18 55 2
2 57 2
9 26 2
43 50 2
12 78 2
1 37 2
56 79 1
21 33 2
4 45 2
2 42 2
37 42 2
4 47 2
21 99 1
30 48 2
14 40 2
1 48 2
11 25 2
32 49 2
32 34 2
12 57 2
34 95 1
6 44 2
34 48 2
24 27 2
4 7 2
44 75 1
15 37 2
10 11 2
57 83 1
35 87 1
2 22 2
4 65 1
9 30 2
50 69 1
54 58 2
2 28 2
34 96 1
19 32 2
19 38 2
28 46 2
2 77 1
16 42 2
30 55 2
8 41 2
19 33 2
39 78 2
5 96 1
32 76 1
39 48 2
16 58 2
0 23 2
14 53 2
18 71 1
20 25 2
12 44 2
39 58 2
58 64 1
35 45 2
6 16 2
28 93 1
29 84 2
38 44 2
7 36 2
45 52 2
31 61 1
6 21 2
13 30 2
56 58 2
16 20 2
43 45 2
36 48 2
56 83 2
19 92 1
11 67 1
55 58 2
33 45 2
21 79 1
13 77 1
8 43 2
0 29 2
17 44 2
31 46 2
12 45 2
3 91 1
3 29 2
57 73 1
43 55 2
10 14 2
1 98 1
3 45 2
16 69 1
36 67 1
16 29 2
28 51 2
50 56 2
25 43 2
21 87 1
5 52 2
24 54 2
43 89 1
19 79 1
36 59 2
33 46 2
45 90 2
6 26 2
50 68 2
25 30 2
24 25 2
27 31 2
34 57 2
42 94 1
6 65 1
9 33 2
22 35 2
19 43 2
0 46 2
13 44 2
31 55 2
18 81 2
43 83 1
2 56 2
15 57 2
12 40 2
1 83 1
29 44 2
35 41 2
15 35 2
7 23 2
36 61 2
16 46 2
33 66 2
38 54 2
17 19 2
47 50 2
4 34 2
4 44 2
58 97 1
40 67 2
25 96 1
30 41 2
24 56 2
21 45 2
9 49 2
4 69 1
37 43 2
12 41 2
13 53 2
10 88 1
22 90 2
13 23 2
1 40 2
1 52 2
40 80 1
12 42 2
14 93 1
16 39 2
40 57 2
1 59 2
3 52 2
48 77 2
34 45 2
28 50 2
16 49 2
43 71 1
11 99 2
42 44 2
38 45 2
9 24 2
5 33 2
31 75 1
16 52 2
33 52 2
2 92 2
27 41 2
27 38 2
2 50 2
41 61 1
21 31 2
4 24 2
36 60 2
19 54 2
3 17 2
40 44 2
39 90 1
12 90 1
41 79 1
16 51 2
19 25 2
19 44 2
21 95 1
6 10 2
20 67 1
51 59 2
36 52 2
7 37 2
37 59 2
19 20 2
19 52 2
13 26 2
16 62 2
3 35 2
34 76 1
15 33 2
32 43 2
26 50 2
6 25 2
19 72 1
7 30 2
45 78 2
57 85 2
9 48 2
1 38 2
19 39 2
15 20 2
0 21 2
10 22 2
22 23 2
45 79 1
33 50 2
33 88 1
7 13 2
7 40 2
7 14 2
0 1 2
9 55 2
18 85 1
2 36 2
33 48 2
3 39 2
30 36 2
43 88 1
9 39 2
16 92 1
2 26 2
11 17 2
35 73 1
3 10 2
11 40 2
10 91 1
18 32 2
30 58 2
35 36 2
0 4 2
1 70 1
13 40 2
12 17 2
46 47 2
44 73 2
41 84 2
0 55 2
1 53 2
22 40 2
58 71 1
1 41 2
51 66 1
47 68 1
40 98 1
7 78 1
5 93 1
26 28 2
3 42 2
26 96 2
14 51 2
12 24 2
2 11 2
24 85 1
26 38 2
49 85 1
37 74 1
34 49 2
9 43 2
10 33 2
47 87 1
7 51 2
1 23 2
7 58 2
8 48 2
4 11 2
36 51 2
29 51 2
56 80 1
3 49 2
10 31 2
50 71 1
11 62 2
15 79 2
14 29 2
22 42 2
13 71 1
25 90 1
35 77 1
13 32 2
5 74 1
39 60 1
4 9 2
20 34 2
48 57 2
3 44 2
51 58 2
13 51 2
12 33 2
52 54 2
15 47 2
27 87 1
48 55 2
11 31 2
37 76 2
1 32 2
30 46 2
28 66 2
22 64 1
34 50 2
0 58 2
13 20 2
18 39 2
30 71 1
5 6 2
17 67 1
20 31 2
22 32 2
0 24 2
13 41 2
27 79 1
10 28 2
9 62 2
30 91 2
12 19 2
13 19 2
45 73 1
1 55 2
7 20 2
38 83 1
3 34 2
18 26 2
5 10 2
16 21 2
22 53 2
59 80 1
53 96 1
46 50 2
3 51 2
35 80 1
18 41 2
2 82 1
18 37 2
10 27 2
10 96 2
33 42 2
13 83 1
14 60 1
11 30 2
50 52 2
24 48 2
28 38 2
21 41 2
2 96 1
41 65 1
46 84 1
2 45 2
27 48 2
9 25 2
52 88 2
15 58 2
4 29 2
10 15 2
41 70 2
35 48 2
49 56 2
14 56 2
18 93 1
9 29 2
2 32 2
20 51 2
22 34 2
34 68 1
33 39 2
21 56 2
6 19 2
34 40 2
13 36 2
23 87 1
21 71 1
25 58 2
47 59 2
23 50 2
32 54 2
38 73 1
16 87 1
10 44 2
26 45 2
10 36 2
11 97 2
13 15 2
18 20 2
1 31 2
10 13 2
3 37 2
45 70 1
17 73 1
6 73 1
8 50 2
37 57 2
27 81 1
1 68 1
13 45 2
8 93 1
0 89 1
24 28 2
40 59 2
18 56 2
10 32 2
8 35 2
9 17 2
44 87 1
28 94 2
10 20 2
16 50 2
10 52 2
42 70 2
49 61 2
16 33 2
5 47 2
28 41 2
15 39 2
44 51 2
34 56 2
51 56 2
6 86 2
15 45 2
5 59 2
23 53 2
18 53 2
12 15 2
20 41 2
23 69 1
0 50 2
3 53 2
34 86 2
31 47 2
9 32 2
17 76 1
11 46 2
47 83 1
16 28 2
4 21 2
35 70 1
53 73 2
30 57 2
31 85 1
22 70 2
54 69 1
15 56 2
46 59 2
50 60 1
18 23 2
17 82 1
20 33 2
17 29 2
48 51 2
1 6 2
25 34 2
39 67 2
5 55 2
52 69 1
23 58 2
47 77 1
27 28 2
31 53 2
8 12 2
44 45 2
54 78 1
39 51 2
11 13 2
43 59 2
49 53 2
40 65 1
42 57 2
7 50 2
4 23 2
2 40 2
2 58 2
44 58 2
15 46 2
25 36 2
29 52 2
14 27 2
32 57 2
8 22 2
39 89 1
14 46 2
5 16 2
37 83 2
49 76 1
21 24 2
31 50 2
3 59 2
34 36 2
8 90 1
34 37 2
39 45 2
3 86 1
17 37 2
21 59 2
29 82 2
9 11 2
10 29 2
10 24 2
0 98 2
8 23 2
38 52 2
15 25 2
23 30 2
22 45 2
12 48 2
36 55 2
46 56 2
5 76 1
7 33 2
20 97 2
8 21 2
11 77 1
1 15 2
7 90 1
59 89 1
24 89 1
27 68 1
4 35 2
23 28 2
15 94 1
54 62 1
10 80 1
0 40 2
43 98 2
9 58 2
26 58 2
9 16 2
37 38 2
55 68 1
48 54 2
40 64 1
28 37 2
11 29 2
44 56 2
5 85 1
2 27 2
9 42 2
30 70 1
29 59 2
6 87 1
20 68 1
12 34 2
3 79 1
27 78 2
8 59 2
45 55 2
25 76 2
29 79 2
50 95 2
12 25 2
10 59 2
37 54 2
41 47 2
45 86 1
16 47 2
18 50 2
28 72 1
34 63 1
28 53 2
3 62 1
33 83 1
11 76 1
27 49 2
9 44 2
27 53 2
11 22 2
2 3 2
9 75 1
32 37 2
4 93 1
22 44 2
20 26 2
26 48 2
37 53 2
6 76 2
15 29 2
1 26 2
18 30 2
14 54 2
48 59 2
9 37 2
17 39 2
23 39 2
46 94 1
2 46 2
3 20 2
17 34 2
56 71 2
5 29 2
17 26 2
58 88 2
44 88 2
30 50 2
15 59 2
28 47 2
18 35 2
0 95 1
29 93 1
4 85 1
19 61 1
35 51 2
5 51 2
39 41 2
38 49 2
49 62 1
23 61 1
14 74 1
36 54 2
19 93 1
39 46 2
24 26 2
56 94 1
14 15 2
30 32 2
15 16 2
12 66 1
29 46 2
25 48 2
9 15 2
17 58 2
6 28 2
39 69 2
33 56 2
16 22 2
9 59 2
10 73 1
37 92 1
19 42 2
5 21 2
14 34 2
5 48 2
6 40 2
12 52 2
12 69 1
9 41 2
9 51 2
40 96 1
15 27 2
5 49 2
20 27 2
21 38 2
7 81 2
10 17 2
23 78 2
35 40 2
3 8 2
3 32 2
7 16 2
2 9 2
22 99 1
17 20 2
11 27 2
29 49 2
3 41 2
3 47 2
26 80 1
9 66 1
47 84 1
13 89 1
45 58 2
17 65 2
28 45 2
49 55 2
2 23 2
3 16 2
6 41 2
19 48 2
18 82 1
6 11 2
18 73 1
41 46 2
39 98 1
17 88 1
12 82 1
3 23 2
29 88 1
32 50 2
15 53 2
17 56 2
23 31 2
19 28 2
51 75 2
18 45 2
8 61 2
24 32 2
31 44 2
12 76 1
1 7 2
21 29 2
37 45 2
58 60 2
6 35 2
14 21 2
14 35 2
10 18 2
42 80 1
44 61 1
10 46 2
21 94 1
19 23 2
1 72 1
7 35 2
13 52 2
32 48 2
50 57 2
20 86 1
22 25 2
11 87 2
16 27 2
11 54 2
0 26 2
12 59 2
5 31 2
22 24 2
27 47 2
32 99 1
41 59 2
27 30 2
51 95 1
54 93 2
56 68 1
12 37 2
28 52 2
1 90 1
35 76 2
43 76 1
26 46 2
1 58 2
28 59 2
2 5 2
35 39 2
21 47 2
27 43 2
6 89 1
18 69 2
40 73 1
34 51 2
8 34 2
2 54 2
17 47 2
24 43 2
8 38 2
5 32 2
2 31 2
49 51 2
11 49 2
20 80 2
4 66 1
29 45 2
34 43 2
39 84 2
3 14 2
25 39 2
31 52 2
37 44 2
23 80 2
53 57 2
1 2 2
39 56 2
36 49 2
27 72 2
51 52 2
16 64 1
17 92 1
22 88 1
11 81 1
38 47 2
18 31 2
57 95 1
31 79 1
0 59 2
44 54 2
19 22 2
32 58 2
39 61 1
1 85 1
51 57 2
39 91 1
9 79 1
0 87 1
39 40 2
45 60 1
25 46 2
12 23 2
2 21 2
15 48 2
20 93 1
7 53 2
9 19 2
13 58 2
43 70 1
1 87 2
55 56 2
15 34 2
17 53 2
15 52 2
3 58 2
8 25 2
24 40 2
20 53 2
11 94 2
15 38 2
28 67 1
46 57 2
18 44 2
32 51 2
14 17 2
56 75 1
20 54 2
46 60 1
30 68 1
45 46 2
23 40 2
40 56 2
6 24 2
36 44 2
11 83 1
0 90 1
51 81 2
24 58 2
55 81 1
27 86 2
13 65 1
39 85 1
28 57 2
48 53 2
10 39 2
36 39 2
1 88 2
43 46 2
26 79 1
58 68 2
26 40 2
34 38 2
20 59 2
17 95 2
49 90 1
5 22 2
0 3 2
33 58 2
31 37 2
6 17 2
26 32 2
19 77 2
10 70 1
20 56 2
55 89 1
21 27 2
2 81 1
36 45 2
35 63 1
12 20 2
8 95 1
30 45 2
4 97 2
40 46 2
0 39 2
1 43 2
28 49 2
37 94 1
0 79 1
9 27 2
31 43 2
11 35 2
30 63 2
16 17 2
53 69 1
25 56 2
32 88 1
7 59 2
12 54 2
11 26 2
32 41 2
25 44 2
37 56 2
17 42 2
19 40 2
7 52 2
44 53 2
46 91 2
11 42 2
12 86 1
25 29 2
23 33 2
21 25 2
33 69 1
24 34 2
24 49 2
10 65 2
5 58 2
25 54 2
28 29 2
32 70 1
5 26 2
23 25 2
47 60 1
17 41 2
7 27 2
15 21 2
40 48 2
16 59 2
57 61 2
56 67 1
23 24 2
3 11 2
2 6 2
30 40 2
20 37 2
16 19 2
14 48 2
0 5 2
53 58 2
40 42 2
15 75 2
39 47 2
51 54 2
13 54 2
1 17 2
26 42 2
25 49 2
21 28 2
49 52 2
15 51 2
36 72 1
4 43 2
7 48 2
20 47 2
3 21 2
1 29 2
20 92 2
16 99 1
16 24 2
8 36 2
3 98 1
12 27 2
18 28 2
27 59 2
11 14 2
2 38 2
23 38 2
5 84 1
25 52 2
0 97 1
31 36 2
45 62 1
28 42 2
10 47 2
35 50 2
0 14 2
13 29 2
1 51 2
35 82 1
54 76 1
31 40 2
29 63 1
22 48 2
7 49 2
48 70 1
44 47 2
32 53 2
47 55 2
8 20 2
42 45 2
16 56 2
26 82 1
9 20 2
42 49 2
31 57 2
28 85 1
24 88 1
3 6 2
59 70 1
21 30 2
33 44 2
5 40 2
16 85 1
22 89 2
45 53 2
59 63 1
25 26 2
15 19 2
16 31 2
30 80 1
39 77 1
10 61 2
13 42 2
47 62 2
8 28 2
25 51 2
42 48 2
30 34 2
35 56 2
36 84 1
7 68 1
28 98 1
14 55 2
9 10 2
20 30 2
22 57 2
50 87 1
35 49 2
0 66 1
1 30 2
1 34 2
53 59 2
16 76 1
32 33 2
58 76 1
27 37 2
1 27 2
1 56 2
14 37 2
2 49 2
44 76 2
5 25 2
18 43 2
36 50 2
16 36 2
8 32 2
48 52 2
8 40 2
8 69 2
49 64 1
19 21 2
25 31 2
49 59 2
33 92 1
9 88 1
21 49 2
16 32 2
22 82 1
2 10 2
46 54 2
4 52 2
41 48 2
37 55 2
8 39 2
33 43 2
54 65 1
29 43 2
13 62 1
32 38 2
3 38 2
39 57 2
18 57 2
1 5 2
43 85 2
45 56 2
13 43 2
6 33 2
19 97 2
1 39 2
2 14 2
20 24 2
25 61 1
6 52 2
47 57 2
54 94 2
15 44 2
29 33 2
23 59 2
17 51 2
19 55 2
46 52 2
16 82 1
51 61 1
0 38 2
32 73 1
53 94 2
38 74 2
0 52 2
26 35 2
53 79 2
0 47 2
14 23 2
47 80 2
15 49 2
37 47 2
52 95 1
19 74 1
8 27 2
24 68 1
31 59 2
3 22 2
21 58 2
22 49 2
41 82 2
44 50 2
12 14 2
4 55 2
14 80 1
10 79 2
14 57 2
33 93 2
38 86 2
44 92 2
17 46 2
30 95 1
57 87 2
20 21 2
8 47 2
51 53 2
30 97 2
8 53 2
2 37 2
29 47 2
38 58 2
47 99 1
46 65 1
6 23 2
30 54 2
21 80 1
0 28 2
27 51 2
27 97 1
29 54 2
48 76 1
34 35 2
41 89 1
23 45 2
11 21 2
40 60 2
4 74 1
54 90 1
30 38 2
2 16 2
48 90 2
48 56 2
9 31 2
43 78 1
3 26 2
16 44 2
21 55 2
28 30 2
31 42 2
14 44 2
26 93 1
31 62 1
12 49 2
21 92 1
1 3 2
36 63 1
44 74 1
17 57 2
22 50 2
40 41 2
6 13 2
29 55 2
17 36 2
19 81 2
3 46 2
5 23 2
27 45 2
2 4 2
3 72 2
2 15 2
20 57 2
26 34 2
7 56 2
28 31 2
9 35 2
58 63 1
33 41 2
1 13 2
9 38 2
1 76 1
21 44 2
21 60 1
55 65 1
20 35 2
36 38 2
36 75 2
19 66 2
25 92 2
30 35 2
29 80 1
2 19 2
11 18 2
49 50 2
20 96 1
25 27 2
52 81 1
30 86 2
0 9 2
33 57 2
2 35 2
0 44 2
4 13 2
54 71 1
30 53 2
27 82 1
6 84 1
2 66 2
3 54 2
35 37 2
3 15 2
6 53 2
21 51 2
59 75 1
26 53 2
42 56 2
15 22 2
14 32 2
10 78 1
23 43 2
8 45 2
12 55 2
25 77 2
2 90 1
18 19 2
49 58 2
13 39 2
19 95 1
23 32 2
19 47 2
30 39 2
4 95 2
7 79 2
43 52 2
10 53 2
30 69 1
1 4 2
13 38 2
33 37 2
18 51 2
19 35 2
37 98 2
14 19 2
18 33 2
4 18 2
36 37 2
20 22 2
6 39 2
3 4 2
16 97 1
41 76 2
37 87 1
32 80 1
5 8 2
48 50 2
4 20 2
35 84 1
28 48 2
24 95 1
32 64 1
5 27 2
23 93 1
30 51 2
19 50 2
35 85 1
47 52 2
55 69 2
23 29 2
29 62 1
5 11 2
21 36 2
31 48 2
4 73 1
9 23 2
37 95 1
24 57 2
45 47 2
21 57 2
19 56 2
9 34 2
10 49 2
18 98 1
30 49 2
30 42 2
6 36 2
32 42 2
1 86 1
26 94 2
13 46 2
46 53 2
21 32 2
6 51 2
34 78 1
0 96 1
19 69 1
1 9 2
42 85 1
22 79 1
29 30 2
34 65 1
15 97 1
21 64 2
39 92 1
31 38 2
31 33 2
0 34 2
21 39 2
52 59 2
9 40 2
32 35 2
16 68 2
26 52 2
51 65 1
9 14 2
0 41 2
37 50 2
49 72 1
28 39 2
20 40 2
19 30 2
36 53 2
9 47 2
42 50 2
37 80 1
29 86 2
2 88 2
31 35 2
5 50 2
19 45 2
17 94 1
19 26 2
46 55 2
8 71 1
34 47 2
11 44 2
22 56 2
6 22 2
29 89 1
18 40 2
13 37 2
0 67 1
54 75 1
21 42 2
39 80 2
32 47 2
47 71 1
28 99 2
6 30 2
39 49 2
0 54 2
11 53 2
17 18 2
32 85 1
9 67 1
4 41 2
3 68 1
29 40 2
11 37 2
31 41 2
44 49 2
54 97 1
10 57 2
42 91 2
42 82 1
31 95 1
13 24 2
38 56 2
1 49 2
28 44 2
16 55 2
5 24 2
4 25 2
44 64 1
26 59 2
9 65 2
34 39 2
18 47 2
3 12 2
59 90 2
8 37 2
35 83 1
16 74 1
52 57 2
14 52 2
5 38 2
5 39 2
52 70 2
40 97 1
25 63 2
46 51 2
34 54 2
29 37 2
36 66 1
7 45 2
34 42 2
14 25 2
30 88 1
19 27 2
31 51 2
21 67 1
18 42 2
51 97 2
27 55 2
0 17 2
43 44 2
1 28 2
35 52 2
25 42 2
16 43 2
5 13 2
10 35 2
1 18 2
26 43 2
11 41 2
25 80 1
7 77 1
44 98 1
16 41 2
5 98 1
13 21 2
12 92 2
29 39 2
20 45 2
7 11 2
16 38 2
41 73 1
35 58 2
32 62 1
17 32 2
12 51 2
2 8 2
29 53 2
25 47 2
17 90 2
50 55 2
9 46 2
12 68 2
31 34 2
17 49 2
17 38 2
48 65 1
11 48 2
35 66 1
4 50 2
13 16 2
40 75 1
45 59 2
7 18 2
46 58 2
32 45 2
10 68 1
33 38 2
43 58 2
18 24 2
45 51 2
33 49 2
15 24 2
41 63 2
11 70 2
1 11 2
50 59 2
1 19 2
36 94 2
4 72 2
18 60 2
51 86 1
20 49 2
50 77 1
10 19 2
6 27 2
12 50 2
12 94 2
15 36 2
4 15 2
23 47 2
43 47 2
7 26 2
22 29 2
4 46 2
9 85 1
4 87 1
32 40 2
51 68 2
13 22 2
4 32 2
24 29 2
0 10 2
25 60 1
10 25 2
1 45 2
29 58 2
12 56 2
20 58 2
41 49 2
48 78 2
5 44 2
16 26 2
11 51 2
7 96 1
15 30 2
4 28 2
7 66 1
39 43 2
21 86 2
15 43 2
25 45 2
37 93 1
12 72 1
17 24 2
43 49 2
28 43 2
24 61 2
5 36 2
25 40 2
29 34 2
18 29 2
3 36 2
5 15 2
17 27 2
53 62 2
52 66 2
14 26 2
39 44 2
14 50 2
42 46 2
15 69 1
2 48 2
6 48 2
7 82 1
32 36 2
9 94 1
4 14 2
37 40 2
35 43 2
2 7 2
45 49 2
8 54 2
19 99 1
17 31 2
53 56 2
23 34 2
27 46 2
5 19 2
8 11 2
25 35 2
16 18 2
49 79 1
14 85 2
2 17 2
13 84 1
41 43 2
0 18 2
2 52 2
3 27 2
34 52 2
18 25 2
2 39 2
12 28 2
3 25 2
9 21 2
11 34 2
11 19 2
30 43 2
8 87 1
30 37 2
5 30 2
45 48 2
33 96 1
54 63 1
33 85 1
36 87 1
8 42 2
10 34 2
22 30 2
11 55 2
23 52 2
22 41 2
49 54 2
11 57 2
42 81 1
20 95 2
9 74 1
7 21 2
13 74 1
5 37 2
24 52 2
25 33 2
24 97 1
48 97 1
25 91 1
14 33 2
15 82 1
7 44 2
13 92 1
35 96 1
25 59 2
22 66 1
34 85 1
20 82 2
7 43 2
10 23 2
5 14 2
50 93 1
30 31 2
11 23 2
55 87 1
1 79 1
29 96 1
20 36 2
23 51 2
20 94 2
28 36 2
4 27 2
37 77 1
16 34 2
33 54 2
37 48 2
26 55 2
31 84 1
8 26 2
18 21 2
11 16 2
18 99 1
22 39 2
33 82 1
0 93 1
19 49 2
39 54 2
5 56 2
49 57 2
2 41 2
26 39 2
0 30 2
24 59 2
50 58 2
36 56 2
30 44 2
15 26 2
7 80 2
39 53 2
22 72 1
7 57 2
38 48 2
30 59 1
3 57 1
14 92 2
9 56 1
16 96 2
13 31 1
45 96 1
1 35 1
30 47 1
3 18 1
52 58 1
4 37 1
24 36 1
40 47 1
2 59 1
6 57 1
24 30 1
12 39 1
