% n=150 p=33 d=0.66 p_blue=0.33
% k=0
31 78 1
27 66 1
21 45 2
8 143 2
9 34 2
3 87 1
18 104 2
24 132 2
6 32 2
4 68 1
32 37 2
0 138 1
47 139 1
37 65 1
10 104 1
46 83 1
37 59 1
16 60 1
6 89 1
2 41 2
21 145 2
12 36 2
6 47 2
23 116 2
40 83 2
11 102 2
14 18 2
10 94 2
45 132 2
30 74 1
1 98 1
24 47 2
36 146 1
38 61 1
26 145 1
23 120 2
18 21 2
6 78 1
31 70 1
17 33 2
22 31 2
42 126 2
13 117 1
45 67 1
40 121 2
40 50 1
2 54 1
42 146 1
15 29 2
2 31 2
22 83 2
19 137 1
21 146 1
4 91 1
32 84 1
19 38 2
26 146 2
47 113 1
11 27 2
8 131 2
25 32 2
7 137 1
6 39 2
11 51 1
22 78 2
40 105 2
34 45 2
28 144 1
14 65 1
26 136 1
40 84 2
22 128 1
31 130 2
29 30 2
16 37 2
13 83 1
31 108 2
12 26 2
14 64 1
33 78 1
22 117 2
8 9 2
19 89 1
26 38 2
28 67 2
23 92 2
23 29 2
30 76 2
19 30 2
39 97 1
3 8 2
44 77 1
39 119 1
6 70 1
5 6 2
32 128 1
26 111 1
30 43 2
15 85 1
16 51 1
32 56 1
2 128 1
0 84 2
5 149 1
37 66 1
8 29 2
25 75 1
23 82 1
18 59 2
36 63 1
20 127 1
15 110 1
5 12 2
20 89 1
33 67 2
31 46 2
23 63 1
18 139 1
43 141 1
31 56 1
16 93 1
8 28 2
31 143 2
49 133 1
5 68 1
17 112 1
13 137 1
36 111 2
2 27 2
38 109 1
27 55 1
40 101 1
28 85 2
32 38 2
35 60 1
13 15 2
3 25 2
22 140 2
38 139 1
49 143 1
40 72 1
40 46 2
28 82 1
7 39 2
40 87 2
12 45 2
45 93 1
6 42 2
47 146 2
8 13 2
14 71 2
27 68 2
2 32 2
3 35 2
7 8 2
5 76 1
37 64 1
9 81 1
25 120 1
36 109 1
11 15 2
24 35 2
20 56 1
5 104 1
27 78 1
6 9 2
19 58 1
8 45 2
46 105 1
6 123 1
15 27 2
4 126 1
0 85 1
41 120 1
49 103 1
37 133 2
0 44 2
33 124 2
9 88 1
9 130 1
26 30 2
17 64 1
28 35 2
19 88 2
13 49 2
11 84 2
30 141 1
19 130 2
5 144 2
27 145 1
10 18 2
27 117 1
18 49 2
32 147 1
0 146 2
34 39 2
20 25 2
19 129 2
20 70 1
43 121 2
38 59 1
49 56 1
44 136 1
8 81 1
0 7 2
21 122 2
20 135 2
37 56 1
47 48 2
3 27 2
11 33 2
44 141 1
33 46 2
22 41 2
30 102 2
49 113 1
25 78 2
46 127 2
47 87 1
14 145 2
13 81 2
16 124 1
28 114 1
29 80 1
6 45 2
20 137 2
5 32 2
2 16 2
17 28 2
23 90 2
49 149 2
6 8 2
23 59 2
0 2 2
28 38 2
25 114 1
8 87 2
39 95 2
28 110 1
20 40 2
1 105 1
17 110 1
5 54 2
16 68 1
27 67 1
48 97 1
42 58 2
22 86 2
4 13 2
35 72 1
4 64 1
23 35 2
32 73 2
25 134 1
17 145 1
0 49 2
3 127 1
49 74 1
25 64 1
31 109 1
12 99 1
16 143 1
44 62 2
5 16 2
10 131 1
32 45 2
19 134 1
28 92 1
39 103 2
27 37 2
7 138 2
0 10 2
7 54 2
17 71 2
14 17 2
5 46 2
11 16 2
8 62 1
44 143 1
10 143 1
39 47 2
24 138 2
17 58 1
10 116 2
1 27 2
2 36 2
21 52 1
27 84 1
35 87 1
1 33 2
11 47 2
6 29 2
13 118 1
1 51 1
32 98 1
23 34 2
39 102 1
18 113 1
37 134 1
39 110 1
13 20 2
16 118 2
2 38 2
27 140 1
19 60 1
6 60 1
49 125 1
48 113 2
30 48 2
38 75 1
4 26 2
22 112 1
10 95 2
39 58 2
26 37 2
20 39 2
26 33 2
29 96 1
17 75 2
38 118 1
32 50 1
45 131 1
43 146 1
19 132 1
19 32 2
13 119 1
42 67 1
1 8 2
14 75 1
14 142 1
38 146 2
22 69 2
6 13 2
37 130 2
22 130 1
6 145 1
25 127 2
18 95 1
24 86 1
20 47 2
45 60 1
14 92 2
38 74 1
10 39 2
13 79 1
16 34 2
15 30 2
21 117 1
37 124 1
40 125 1
36 139 1
28 41 2
41 89 1
2 5 2
36 71 1
12 136 1
43 81 1
10 59 1
20 80 1
21 65 1
38 54 2
35 114 1
15 143 2
18 108 1
37 135 2
39 101 2
4 102 2
8 149 2
21 139 1
4 34 2
35 100 1
30 64 2
19 72 1
41 143 2
40 135 1
45 70 1
39 96 1
11 39 2
6 132 1
15 136 1
11 129 1
21 80 2
29 68 2
11 54 2
4 120 2
8 59 2
38 68 2
31 69 1
13 16 2
1 21 2
13 57 2
33 134 1
12 80 2
9 45 2
30 110 1
42 57 2
1 125 1
15 102 2
24 43 2
21 77 1
32 146 1
32 121 2
24 40 2
38 58 1
46 102 2
0 83 1
6 15 2
6 126 1
35 62 2
39 145 1
28 29 2
16 65 2
14 74 2
12 49 2
14 57 2
15 32 2
11 143 1
20 133 2
4 5 2
18 31 2
44 123 1
12 97 1
28 100 1
10 76 2
7 24 2
42 45 2
44 52 2
18 37 2
42 119 2
26 32 2
19 121 1
43 120 1
23 103 1
6 7 2
32 138 1
46 72 1
49 87 1
4 48 2
30 32 2
28 136 1
39 71 2
22 122 2
6 36 2
17 113 1
7 10 2
16 102 1
39 98 1
15 61 1
48 65 1
29 83 1
43 62 2
45 107 1
29 101 2
28 33 2
21 46 2
17 120 2
33 38 2
14 108 1
8 132 1
48 50 1
41 99 2
11 89 1
38 52 2
24 85 2
34 111 1
12 29 2
31 85 1
43 115 1
38 133 2
6 97 1
27 34 2
23 57 1
15 78 1
11 133 1
1 65 2
31 45 2
8 117 2
38 121 1
37 41 2
45 76 1
18 99 2
1 2 2
7 19 2
36 125 1
26 72 1
8 51 1
3 34 2
30 40 2
39 78 1
44 135 1
1 6 2
17 99 1
1 148 1
4 74 1
27 113 2
49 140 1
16 46 2
31 62 1
30 93 2
12 121 2
40 127 2
8 10 2
27 45 2
16 63 2
18 36 2
13 38 2
47 138 1
31 127 1
4 32 2
7 80 1
0 128 1
28 94 1
6 134 2
27 115 1
15 16 2
26 137 1
22 89 1
34 52 1
47 74 2
5 85 2
7 133 2
46 93 2
12 25 2
30 31 2
15 22 2
29 113 1
27 43 2
27 44 2
45 86 1
8 12 2
43 46 2
12 105 1
10 38 2
38 80 1
42 144 1
20 144 1
14 31 2
44 106 1
14 27 2
30 116 1
43 85 1
38 97 1
41 44 2
16 142 1
47 148 1
38 51 1
47 68 1
9 118 1
4 137 1
27 119 1
15 91 1
24 126 1
11 132 1
46 124 1
18 136 1
47 59 1
25 82 1
11 37 2
24 114 1
37 39 2
22 60 2
20 128 2
5 101 1
17 111 1
26 62 1
32 49 2
12 124 2
32 35 2
23 100 1
15 67 2
0 80 1
40 143 1
11 101 1
14 39 2
0 39 2
27 52 1
15 81 1
37 120 1
14 136 1
7 93 2
34 90 1
33 128 1
9 95 1
42 129 1
27 38 2
31 73 1
20 49 2
32 72 1
26 44 2
36 97 1
21 58 2
41 92 1
31 106 1
36 37 2
2 21 2
28 102 1
35 88 1
0 121 1
33 76 1
33 112 2
42 111 2
7 11 2
18 117 1
48 63 1
11 31 2
16 67 2
11 147 1
27 83 2
45 89 1
3 139 1
49 129 2
49 109 1
26 81 2
0 16 2
1 78 2
4 138 1
43 76 1
28 75 2
48 92 2
18 119 2
43 59 1
16 91 1
19 33 2
13 111 1
32 139 1
1 110 2
22 65 1
13 52 1
16 36 2
42 141 1
48 121 1
16 81 1
11 58 1
6 121 1
12 55 1
33 64 1
37 88 2
7 76 1
25 110 2
4 94 1
32 118 1
47 52 1
7 53 1
38 138 1
2 120 1
10 47 2
29 88 1
2 71 2
45 110 1
9 99 1
43 44 2
32 135 1
0 111 2
10 64 1
16 22 2
5 49 2
21 94 1
25 106 1
10 23 2
11 134 1
8 18 2
16 80 1
18 143 1
1 32 2
36 82 2
38 105 1
0 107 1
16 38 2
17 66 2
47 73 2
38 40 2
0 50 2
17 92 1
0 33 2
14 148 2
26 39 2
19 42 2
16 98 1
44 109 1
11 111 1
27 42 2
20 104 1
2 18 2
41 70 2
0 3 2
11 24 2
4 10 2
26 68 1
18 81 2
8 25 2
5 20 2
20 31 2
23 58 1
11 88 1
9 11 2
20 119 2
18 122 1
38 129 1
5 15 2
1 134 2
30 58 1
11 23 2
2 39 2
40 93 1
26 109 1
22 144 1
22 48 2
39 125 1
17 54 1
33 125 2
10 36 2
8 31 2
45 47 2
19 96 1
15 116 1
44 148 1
40 134 2
28 80 1
13 78 1
42 96 1
20 48 2
31 92 1
6 17 2
15 69 2
1 130 2
42 65 1
7 107 1
7 120 2
4 55 1
6 27 2
31 51 2
43 107 1
33 75 1
49 64 2
40 113 1
40 64 1
44 139 1
27 101 1
28 56 1
3 23 2
17 135 1
3 50 1
49 105 1
9 126 1
35 57 1
25 34 2
38 83 2
25 131 2
24 54 2
3 109 1
47 114 1
20 33 2
45 119 1
9 17 2
18 70 1
36 130 2
8 57 1
7 45 2
25 52 1
15 97 2
25 72 2
18 41 2
18 144 1
0 122 1
1 79 1
5 38 2
14 125 2
14 94 1
2 57 1
17 93 1
9 67 1
34 131 2
14 15 2
1 42 2
2 78 2
19 56 1
22 62 1
26 67 2
28 140 1
29 90 2
3 24 2
6 14 2
20 113 1
31 37 2
17 142 2
31 60 1
12 57 1
28 50 2
9 74 1
46 112 1
39 81 1
35 140 1
3 33 2
41 83 1
10 65 1
40 103 1
42 148 1
12 83 1
40 122 2
32 92 1
28 91 1
39 113 1
34 63 2
41 116 2
5 119 1
35 105 1
4 128 1
29 122 2
33 105 1
28 128 2
24 44 2
1 109 2
25 57 1
18 132 1
24 37 2
47 83 2
12 112 1
2 61 1
17 65 1
27 85 1
9 82 2
7 132 2
27 136 1
47 135 1
29 119 2
39 105 1
29 106 2
46 56 1
48 138 1
5 21 2
10 100 1
24 135 1
2 60 1
8 109 1
33 102 1
42 56 1
10 107 1
20 73 2
42 135 1
48 112 1
43 57 2
22 88 1
45 133 1
5 14 2
45 81 1
4 81 1
37 116 1
16 112 1
8 69 1
38 89 2
9 89 1
40 148 1
44 78 2
17 27 2
11 125 1
39 74 1
30 45 2
11 13 2
27 121 1
1 120 1
12 34 2
17 20 2
8 23 2
8 130 2
47 49 2
8 36 2
24 52 1
1 41 2
13 146 2
10 41 2
44 70 2
35 55 1
33 143 1
1 128 2
7 9 2
19 111 1
42 102 2
10 105 2
6 19 2
31 121 1
16 127 1
49 51 1
34 98 1
7 42 2
3 17 2
21 115 1
5 111 1
9 28 2
8 123 2
21 84 2
26 71 2
0 55 1
22 39 2
36 112 2
27 49 2
5 112 2
47 70 2
44 149 2
23 130 1
2 125 1
5 125 1
31 140 2
48 136 1
18 45 2
35 112 2
2 104 2
0 28 2
10 69 1
29 49 2
47 115 1
3 36 2
2 75 2
10 122 2
40 94 2
24 113 1
20 106 1
9 98 1
12 37 2
8 76 1
38 44 2
25 42 2
1 19 2
3 102 1
32 36 2
25 41 2
1 84 1
33 42 2
48 105 1
41 73 1
40 128 1
25 95 2
39 92 1
33 121 2
14 70 2
17 149 1
8 22 2
38 63 1
22 24 2
18 38 2
30 70 1
49 72 2
4 82 1
11 77 1
1 90 2
44 85 1
1 132 2
31 148 1
40 139 1
26 69 2
5 36 2
49 112 2
14 129 1
17 118 1
8 102 2
28 129 1
14 45 2
31 99 1
32 117 2
26 46 2
10 42 2
2 6 2
32 69 1
21 63 2
16 95 2
4 97 1
18 92 2
11 107 1
30 90 1
35 124 1
46 121 1
16 145 2
6 148 1
18 120 1
38 71 2
22 139 1
3 48 2
6 26 2
38 99 1
42 107 1
29 132 2
49 73 1
6 116 2
45 137 1
28 69 2
14 116 1
41 54 1
5 83 2
41 111 2
16 78 2
17 41 2
15 18 2
2 51 2
14 144 1
11 140 1
0 4 2
30 143 2
8 98 2
29 92 1
48 131 1
32 149 2
4 88 2
20 146 1
8 146 1
13 143 2
13 31 2
1 10 2
27 69 2
33 79 2
10 24 2
42 72 1
0 95 2
44 74 1
20 30 2
37 62 1
31 49 2
17 22 2
14 47 2
35 123 1
31 100 1
24 102 1
12 102 1
36 104 1
17 79 1
30 89 2
11 118 1
8 34 2
44 90 1
24 89 2
8 20 2
29 147 2
38 116 2
4 25 2
14 112 1
25 93 1
32 107 1
2 22 2
16 41 2
33 110 1
49 101 1
32 88 2
16 117 1
7 90 2
9 46 2
17 133 2
15 87 1
22 53 2
13 35 2
37 54 1
35 59 1
10 111 1
0 134 2
45 95 2
14 61 1
29 130 1
5 8 2
8 24 2
37 137 2
0 26 2
4 76 2
6 23 2
23 42 2
9 136 1
14 24 2
22 99 1
16 137 2
3 70 1
12 28 2
31 83 1
9 122 1
1 136 2
8 142 1
8 106 2
42 138 2
21 31 2
8 33 2
42 88 2
47 125 2
6 114 1
4 114 2
9 87 2
14 101 2
8 108 1
47 137 1
18 47 2
9 112 1
30 82 2
30 94 1
1 121 1
19 146 1
46 111 1
39 55 1
34 91 2
15 36 2
17 32 2
4 72 1
7 131 1
14 115 2
6 128 1
3 22 2
1 60 1
8 53 2
19 90 2
35 146 2
39 43 2
24 127 1
21 41 2
8 100 1
29 129 1
26 27 2
17 47 2
24 59 1
7 61 1
8 127 1
16 89 1
0 90 1
11 55 1
3 53 1
15 106 1
8 64 1
23 118 1
10 62 1
5 41 2
38 127 1
35 81 1
25 36 2
26 55 1
16 55 1
20 139 1
25 66 1
18 24 2
47 67 2
32 126 1
14 19 2
17 19 2
4 93 1
29 40 2
45 50 2
19 98 2
33 141 2
13 129 1
25 147 2
5 118 1
23 80 1
45 97 1
28 73 2
7 142 1
35 45 2
43 147 1
17 42 2
37 46 2
41 86 2
34 105 1
48 119 2
19 97 1
6 146 2
10 82 1
41 102 2
3 115 1
13 39 2
3 10 2
37 60 2
9 52 1
13 24 2
45 58 1
0 31 2
39 49 2
46 126 2
4 89 2
25 133 1
31 81 1
32 48 2
12 13 2
15 77 1
36 81 1
10 92 1
41 43 2
31 36 2
3 80 1
27 75 1
33 45 2
48 91 1
49 95 1
2 92 1
20 86 2
17 45 2
36 49 2
44 81 1
29 125 1
41 62 1
0 6 2
23 32 2
14 104 1
2 137 2
22 61 1
34 67 2
22 23 2
19 78 1
21 48 2
30 106 2
2 46 2
41 122 1
15 52 1
13 140 2
19 93 2
9 59 1
1 144 2
20 110 1
11 18 2
16 32 2
38 110 2
17 81 1
34 37 2
49 50 1
1 142 2
24 136 1
9 30 2
48 55 1
4 24 2
28 81 1
42 104 1
11 141 1
26 40 2
1 73 1
7 31 2
39 85 1
17 143 1
21 92 1
4 28 2
23 44 2
44 117 1
48 53 1
21 54 2
4 6 2
7 85 1
33 36 2
20 21 2
20 27 2
15 130 1
4 122 1
7 14 2
23 87 1
40 116 2
6 124 2
8 14 2
8 35 2
41 144 1
33 41 2
43 104 1
40 56 2
25 67 2
3 40 2
30 83 2
14 114 1
1 34 2
3 55 1
32 127 1
7 41 2
34 137 1
4 110 1
29 146 2
13 34 2
17 56 2
30 139 1
33 68 1
28 48 2
44 53 1
31 34 2
35 97 2
45 48 2
9 36 2
12 18 2
22 40 2
1 18 2
21 55 1
4 116 1
10 35 2
10 29 2
5 127 2
24 29 2
44 116 1
24 57 1
21 62 1
37 38 2
11 71 2
28 31 2
42 91 1
0 23 2
12 130 2
42 117 2
44 120 1
31 111 1
29 72 1
5 65 2
44 88 1
23 28 2
39 94 1
29 45 2
14 56 1
16 29 2
8 112 2
3 142 2
1 54 1
2 114 1
1 15 2
31 80 2
11 114 1
13 62 1
47 95 1
13 113 1
35 65 1
1 50 2
28 116 1
26 77 1
0 106 2
21 136 2
8 49 2
36 101 1
37 107 1
27 102 1
22 75 1
43 56 2
42 77 1
34 110 1
13 26 2
31 68 1
49 99 1
5 140 1
20 82 1
40 108 1
29 58 1
25 128 2
0 57 2
1 23 2
15 43 2
6 74 1
18 20 2
17 74 2
11 46 2
44 121 1
26 52 1
2 117 1
25 28 2
10 43 2
42 52 2
24 106 1
9 29 2
48 70 1
8 46 2
14 37 2
27 65 1
0 63 1
4 123 1
0 12 2
11 38 2
34 40 2
11 87 1
49 83 1
0 127 1
13 148 2
2 84 1
39 88 2
5 25 2
11 116 2
13 122 2
11 78 1
32 130 2
38 67 1
22 47 2
34 57 2
1 48 2
22 42 2
6 122 1
10 25 2
14 90 1
0 11 2
26 115 2
13 60 2
2 37 2
10 114 1
13 73 2
34 79 2
29 35 2
22 77 1
4 21 2
45 92 2
10 37 2
45 101 1
27 82 1
19 145 1
18 80 2
3 104 2
32 144 1
14 41 2
27 111 1
22 46 2
29 135 1
42 132 1
12 89 1
40 97 2
24 104 1
37 143 2
39 146 1
45 140 2
15 71 2
42 47 2
48 67 1
23 73 2
33 74 1
16 94 1
31 41 2
11 110 1
7 17 2
48 62 2
8 56 1
49 131 2
46 143 2
12 50 2
34 82 2
26 141 1
18 93 1
10 55 2
27 59 1
42 147 1
11 95 2
21 107 1
13 30 2
25 149 1
20 142 1
23 64 1
36 115 2
39 109 1
1 7 2
32 120 1
36 84 1
21 68 1
46 51 1
27 33 2
42 116 2
5 64 1
35 77 1
15 20 2
6 111 1
44 48 2
15 148 1
29 50 1
33 111 2
28 115 1
18 22 2
38 112 1
15 34 2
12 47 2
12 86 2
4 148 2
21 37 2
48 96 2
36 144 1
25 68 1
30 71 1
7 117 2
1 55 1
21 26 2
13 22 2
32 39 2
39 91 1
3 4 2
16 99 2
1 20 2
35 99 1
19 143 1
29 148 1
31 103 2
8 103 2
43 126 1
20 77 1
4 145 2
35 82 1
34 78 1
33 85 2
14 141 1
38 93 2
41 81 1
49 114 1
27 89 1
10 30 2
19 49 2
19 31 2
14 36 2
1 11 2
6 120 2
4 15 2
5 106 1
38 148 2
21 75 1
33 89 1
48 103 1
45 54 2
5 93 1
14 21 2
49 81 2
1 45 2
14 50 1
28 118 1
1 43 2
15 31 2
27 62 1
31 144 2
28 36 2
36 55 1
0 24 2
47 110 1
39 56 1
35 46 2
15 139 1
8 44 2
31 132 1
28 32 2
25 55 2
13 53 1
11 135 1
10 19 2
16 23 2
46 87 2
16 87 1
5 69 1
1 46 2
35 107 2
14 82 1
47 149 1
2 144 1
42 74 2
22 57 2
1 30 2
7 38 2
28 87 1
15 104 2
37 72 1
44 115 1
35 106 1
9 32 2
42 136 1
25 27 2
2 116 1
24 31 2
25 65 1
5 28 2
10 117 1
7 23 2
15 47 2
42 100 2
37 58 1
7 126 1
17 82 1
34 106 2
20 50 1
47 82 1
1 96 1
2 72 1
32 76 2
28 49 2
10 52 1
33 69 2
41 132 2
36 68 2
36 41 2
42 105 2
40 43 2
47 88 1
6 76 1
36 147 1
17 39 2
27 56 1
42 106 2
6 68 1
1 133 1
38 41 2
6 52 1
49 67 1
10 84 1
47 134 1
15 60 1
41 93 1
17 125 2
37 111 1
8 48 2
31 98 1
29 37 2
16 50 1
46 85 1
2 13 2
26 122 1
5 34 2
49 137 1
26 86 2
35 41 2
27 134 1
27 97 1
21 47 2
10 142 2
20 132 1
1 80 1
20 69 2
3 79 2
22 36 2
33 145 1
20 120 2
31 59 1
2 9 2
2 20 2
34 68 1
32 112 1
28 59 1
27 139 1
18 76 2
41 79 2
40 111 1
43 55 1
12 110 2
3 37 2
21 129 1
48 64 1
26 28 2
20 23 2
46 99 2
5 71 1
47 112 2
26 117 1
20 41 2
45 94 1
18 69 2
5 90 1
42 54 1
34 97 2
47 122 1
8 30 2
45 108 1
4 140 2
49 110 1
30 136 1
8 148 1
33 73 2
3 16 2
4 30 2
16 105 2
48 85 1
31 87 1
32 58 1
33 59 1
0 32 2
11 62 1
34 35 2
39 115 1
13 70 1
40 118 1
17 26 2
29 73 1
2 52 1
14 110 2
23 94 1
12 15 2
0 139 1
0 15 2
12 78 2
13 86 1
38 123 2
2 87 2
10 106 1
40 78 1
18 63 1
8 124 1
3 88 2
1 99 1
36 74 1
3 111 2
8 139 2
37 83 1
45 78 1
41 63 1
31 96 1
2 98 1
22 84 1
9 70 2
21 110 1
11 73 2
9 39 2
31 47 2
24 100 1
9 80 2
19 36 2
3 125 2
29 141 2
40 47 2
36 96 1
10 83 1
25 121 1
24 41 2
23 77 2
11 36 2
3 124 1
9 105 2
25 26 2
46 88 2
34 75 1
27 109 2
16 39 2
30 52 2
17 130 1
6 85 1
17 146 1
28 105 1
20 114 1
37 97 1
6 127 2
8 104 2
14 88 1
23 40 2
11 83 2
44 50 2
13 108 1
0 30 2
0 96 2
43 145 2
21 34 2
27 58 2
30 77 1
46 122 1
14 29 2
37 67 2
46 110 1
25 40 2
25 109 1
6 28 2
48 104 1
19 133 1
39 100 1
27 129 1
1 116 1
5 27 2
33 136 1
41 84 1
30 121 2
46 91 2
7 12 2
9 103 2
19 47 2
3 11 2
21 53 1
30 63 2
6 18 2
3 122 1
22 94 1
21 40 2
4 49 2
39 99 1
46 59 1
20 66 1
44 47 2
29 54 2
18 84 2
23 67 1
12 116 2
42 64 1
2 30 2
5 45 2
19 41 2
14 38 2
22 67 2
0 115 1
19 131 1
33 91 1
40 144 2
49 100 1
19 45 2
16 149 2
33 56 1
48 139 1
34 80 1
33 44 2
27 92 2
33 35 2
32 41 2
42 101 2
49 142 1
38 85 2
16 20 2
22 70 2
42 145 1
46 137 1
31 61 1
38 78 1
11 30 2
9 121 1
41 119 2
24 30 2
33 71 2
13 91 1
40 65 1
12 24 2
26 107 1
30 51 1
41 88 1
47 55 1
13 110 1
3 96 2
36 128 1
34 138 2
1 9 2
1 40 2
6 101 1
12 44 2
17 73 1
47 124 2
13 27 2
14 62 1
9 16 2
26 29 2
7 67 1
16 146 1
29 43 2
38 73 1
13 47 2
13 99 1
39 67 2
7 86 2
6 54 1
19 92 1
20 95 2
6 37 2
17 91 1
29 86 2
25 98 1
47 131 1
24 97 2
15 112 1
19 94 1
29 76 1
7 29 2
6 118 1
12 20 2
4 112 1
5 31 2
31 52 2
10 141 1
17 21 2
13 37 2
6 49 2
24 34 2
45 63 2
3 18 2
41 91 1
30 60 1
26 149 2
38 49 2
29 63 1
6 100 1
41 67 2
49 102 1
14 34 2
18 52 2
43 72 2
0 76 2
41 127 2
16 69 2
32 74 1
46 65 1
10 124 1
19 101 1
38 60 2
27 30 2
4 11 2
48 146 2
48 127 1
26 34 2
17 37 2
23 142 1
35 50 1
22 123 2
39 63 1
10 113 1
0 123 1
15 44 2
0 64 1
34 114 1
18 102 1
3 114 1
14 99 1
1 86 1
47 126 2
40 106 2
26 48 2
26 112 1
21 42 2
38 128 1
45 146 2
49 88 1
21 123 1
26 66 1
15 46 2
30 142 1
3 143 2
2 35 2
20 22 2
44 134 2
37 43 2
44 87 1
33 88 1
9 42 2
12 48 2
1 111 1
28 77 1
45 96 2
26 53 2
0 144 1
10 68 1
2 113 1
6 20 2
49 108 2
10 12 2
33 39 2
45 145 2
23 46 2
7 43 2
13 88 1
22 105 1
21 49 2
7 22 2
15 84 1
35 137 2
41 124 1
44 145 2
36 141 1
8 67 2
25 38 2
8 19 2
3 49 2
22 44 2
35 38 2
6 81 1
19 63 1
23 71 1
23 106 1
4 22 2
37 89 1
18 115 2
1 25 2
0 126 1
24 142 1
30 36 2
17 55 2
22 104 2
42 115 2
27 123 2
7 60 2
31 146 2
10 40 2
3 9 2
37 45 2
43 48 2
40 45 2
23 84 1
20 74 1
24 87 1
5 129 1
8 126 2
0 42 2
28 61 1
24 119 2
5 42 2
36 89 2
15 66 1
44 130 2
0 18 2
10 128 1
2 122 1
21 78 2
35 109 1
4 23 2
27 73 1
3 54 2
38 100 1
26 89 2
27 53 1
36 85 1
41 68 2
23 139 2
9 117 2
28 142 1
31 104 2
19 139 2
13 127 2
5 52 1
23 110 1
33 99 1
40 115 1
41 52 1
10 27 2
34 51 2
40 49 2
5 60 1
15 127 1
6 61 2
40 145 2
16 28 2
25 141 1
30 109 2
23 81 2
1 16 2
36 43 2
9 49 2
24 83 1
31 149 2
3 117 2
44 127 1
36 110 1
35 37 2
16 19 2
14 69 1
10 147 1
24 145 1
19 34 2
12 131 1
11 126 2
45 66 2
46 149 1
15 23 2
31 55 1
30 130 1
8 39 2
22 66 1
38 102 1
36 129 1
46 63 2
37 63 1
45 62 2
28 83 2
2 53 2
4 16 2
23 24 2
34 61 1
19 44 2
20 38 2
36 137 2
34 122 2
46 68 1
2 101 1
30 41 2
21 66 1
0 120 2
43 149 1
30 80 2
36 140 1
49 84 2
9 113 1
4 27 2
23 135 1
49 98 1
15 94 2
19 106 2
36 88 1
2 95 2
33 49 2
10 57 1
0 86 2
35 43 2
9 132 1
20 44 2
43 134 2
42 113 2
10 129 2
35 48 2
9 10 2
31 110 1
22 92 1
2 109 1
2 149 2
14 147 1
6 33 2
37 139 1
28 137 1
12 46 2
10 61 1
36 70 1
38 104 1
14 106 1
38 108 2
4 119 1
3 76 1
15 98 1
9 137 1
9 76 1
24 84 1
41 139 2
8 90 1
38 47 2
29 31 2
0 65 1
34 101 1
2 11 2
12 132 1
21 50 1
34 135 2
34 129 2
2 42 2
0 43 2
20 46 2
26 132 1
2 23 2
23 85 1
8 121 1
48 86 1
7 20 2
6 21 2
32 42 2
20 143 1
5 13 2
42 43 2
47 75 2
8 140 1
10 132 1
12 16 2
19 100 1
31 38 2
2 10 2
29 117 1
42 85 2
46 140 1
1 63 1
47 121 2
33 140 2
37 127 2
23 96 1
35 104 1
43 98 1
19 140 2
19 20 2
24 115 2
27 51 1
32 90 1
27 126 1
43 61 1
42 90 1
45 69 1
1 100 2
49 127 1
33 104 2
3 47 2
13 93 1
6 138 2
3 135 2
7 21 2
45 98 1
17 30 2
48 143 2
29 137 1
5 137 2
15 133 1
13 56 1
10 58 2
6 22 2
39 46 2
4 77 1
32 77 1
42 82 1
6 80 2
43 80 1
0 78 1
28 78 1
47 130 2
24 69 2
30 33 2
4 14 2
29 39 2
19 40 2
5 92 1
16 26 2
42 92 1
23 39 2
15 114 1
30 105 1
13 69 2
35 117 2
21 121 2
19 37 2
13 106 1
30 37 2
16 71 2
21 27 2
30 47 2
24 144 1
48 144 1
24 108 1
33 90 2
34 143 2
39 149 1
23 26 2
30 140 1
32 93 1
5 40 2
46 148 1
25 69 1
30 133 1
0 100 1
36 45 2
33 53 2
20 59 1
7 100 1
21 44 2
15 40 2
26 36 2
48 80 1
29 48 2
26 106 1
27 81 2
15 35 2
47 94 1
37 42 2
13 94 1
49 122 2
7 63 2
20 87 2
5 102 1
35 68 1
1 59 1
8 65 1
36 91 1
26 99 1
33 95 1
48 58 2
8 15 2
41 71 1
36 73 1
11 29 2
45 57 1
18 130 1
33 43 2
27 141 2
29 118 2
21 36 2
43 128 1
13 87 1
33 34 2
8 54 2
24 58 1
39 93 1
33 58 2
1 138 2
42 61 2
21 85 1
2 145 1
36 99 2
4 47 2
27 96 1
42 63 1
2 8 2
10 70 2
0 35 2
23 146 1
11 139 1
1 72 2
20 72 1
18 106 1
1 88 2
12 91 1
22 143 1
4 38 2
9 60 1
22 80 1
13 14 2
38 126 1
20 51 1
0 129 1
49 96 2
12 127 2
40 117 1
19 43 2
20 83 1
44 64 1
35 89 1
42 127 1
26 45 2
12 35 2
39 44 2
5 110 1
37 93 2
24 49 2
26 127 2
5 74 1
41 121 1
34 44 2
28 40 2
28 97 1
19 136 1
32 115 1
44 138 1
20 34 2
8 37 2
6 34 2
28 108 2
13 48 2
2 43 2
27 148 1
48 120 1
25 111 2
10 121 2
6 58 1
48 124 1
16 104 1
35 76 2
10 67 1
7 26 2
15 131 2
20 55 1
3 43 2
29 131 1
48 145 2
36 123 1
9 22 2
11 21 2
43 53 1
28 74 2
9 127 1
48 76 1
31 142 2
46 47 2
24 123 1
9 107 1
41 72 1
9 108 1
9 33 2
16 115 1
27 124 2
34 95 2
15 62 1
41 113 2
0 34 2
12 88 1
7 55 1
3 45 2
24 75 1
48 140 2
8 99 1
29 70 1
9 61 1
22 34 2
17 62 1
22 54 2
4 107 1
39 139 2
13 44 2
5 146 1
21 76 1
8 94 1
5 142 1
3 134 1
13 23 2
27 143 1
0 17 2
31 75 1
32 96 1
23 101 1
37 69 1
23 69 1
43 86 2
13 41 2
6 83 2
3 58 2
7 37 2
34 112 1
16 111 1
33 117 2
10 137 1
10 103 2
2 108 1
35 40 2
8 41 2
17 97 2
15 100 1
36 145 2
31 115 1
3 91 1
34 130 1
26 138 1
36 149 1
2 69 1
37 144 1
31 116 2
5 47 2
46 55 1
17 100 2
14 16 2
1 58 1
36 39 2
24 60 1
6 30 2
21 24 2
18 26 2
24 93 1
18 48 2
14 20 2
44 89 1
7 122 1
3 57 1
34 89 1
12 92 1
27 47 2
21 105 1
22 116 1
28 76 1
40 147 1
10 96 2
43 52 2
39 42 2
26 114 1
1 36 2
2 115 1
38 86 1
23 121 1
14 22 2
46 108 2
30 113 1
48 99 1
2 58 1
45 123 2
45 84 1
6 117 1
38 91 1
39 72 1
9 109 1
25 77 1
41 133 2
5 72 2
45 136 1
9 143 2
3 148 1
32 63 1
5 43 2
46 136 1
37 94 2
45 125 2
33 126 1
10 33 2
7 40 2
8 11 2
22 134 1
25 116 1
44 46 2
13 76 1
46 53 2
34 132 1
17 50 2
16 45 2
15 48 2
27 36 2
3 137 2
20 61 1
45 65 1
29 33 2
0 38 2
11 28 2
12 70 1
2 76 2
26 134 2
12 128 1
10 91 1
37 52 1
2 97 2
16 57 1
19 128 1
33 113 2
3 61 2
44 122 2
12 30 2
33 149 1
27 87 2
29 102 1
49 104 1
19 50 2
12 56 2
23 36 2
14 107 1
43 114 1
15 24 2
41 53 1
39 132 1
44 79 1
8 32 2
38 81 1
20 65 1
21 30 2
8 61 1
37 104 1
33 97 1
34 66 1
4 37 2
31 131 1
46 48 2
13 28 2
12 41 2
9 48 2
7 77 2
0 72 1
7 34 2
31 71 1
32 109 2
4 67 1
35 116 1
22 25 2
19 55 1
13 19 2
40 44 2
30 132 2
38 77 1
21 67 1
34 58 2
29 75 1
33 61 1
32 148 1
19 112 2
3 20 2
9 131 2
27 130 1
35 128 1
19 84 1
0 8 2
47 108 1
34 46 2
41 123 1
3 44 2
24 103 1
14 43 2
38 115 1
3 51 1
38 87 1
26 93 1
35 118 2
13 92 1
20 96 1
1 115 1
23 140 2
39 138 1
6 91 2
48 52 1
3 39 2
38 137 1
13 21 2
44 55 1
12 27 2
24 27 2
25 137 2
6 67 1
9 100 1
12 77 1
9 102 1
35 66 2
9 26 2
6 50 2
5 130 2
14 58 1
31 72 1
5 30 2
42 68 1
20 24 2
39 57 2
40 75 1
19 39 2
43 91 2
33 100 1
12 81 1
4 9 2
41 130 2
1 71 2
2 133 1
24 65 1
47 80 2
35 49 2
40 133 1
4 7 2
42 71 1
23 86 1
12 60 1
8 16 2
13 102 1
4 44 2
49 52 1
20 90 2
11 35 2
15 21 2
9 90 1
28 121 1
7 136 1
14 137 2
32 59 2
40 76 1
0 9 2
2 3 2
24 26 2
11 121 1
5 44 2
28 63 1
28 66 1
19 65 1
7 48 2
38 131 1
17 96 1
24 96 1
16 52 2
12 137 1
14 123 2
30 34 2
9 101 1
43 64 1
28 111 2
36 53 1
31 48 2
23 145 2
46 123 1
12 113 2
44 75 1
37 73 1
29 46 2
6 141 2
41 94 1
42 48 2
1 31 2
10 45 2
2 119 2
16 107 1
11 25 2
32 85 1
29 79 1
40 85 2
13 121 1
36 108 1
30 65 1
22 30 2
33 120 1
19 117 1
4 36 2
19 66 1
28 79 1
23 89 2
21 22 2
33 50 2
18 88 2
49 91 1
17 128 1
8 137 1
49 92 1
26 87 1
14 119 1
49 147 1
32 75 1
20 68 1
9 44 2
20 37 2
45 109 1
3 15 2
43 138 1
36 75 2
3 63 1
25 35 2
35 96 2
46 57 1
37 141 2
15 54 1
46 50 1
16 33 2
13 32 2
17 126 2
49 78 1
13 85 2
47 61 1
14 138 1
25 46 2
18 105 1
31 118 1
35 145 1
21 28 2
27 125 2
43 75 2
11 65 2
40 66 1
28 145 1
48 109 1
22 35 2
1 37 2
3 84 2
24 45 2
31 39 2
28 34 2
30 38 2
25 31 2
1 113 1
5 124 1
23 37 2
38 72 1
32 104 1
31 88 2
2 49 2
17 69 1
40 54 1
23 45 2
11 22 2
13 101 1
12 87 1
1 87 2
38 92 2
35 86 1
10 135 1
11 17 2
26 84 2
34 70 1
6 24 2
15 26 2
41 114 2
46 100 1
31 133 1
0 101 2
13 95 2
26 131 1
19 82 2
38 107 2
28 88 1
25 39 2
25 37 2
40 126 2
4 100 1
3 13 2
20 45 2
0 25 2
26 110 2
19 59 1
39 86 1
1 74 1
13 145 1
14 25 2
27 70 1
43 54 1
48 56 2
34 128 1
21 116 2
36 40 2
36 52 1
25 62 1
9 125 2
38 57 2
1 137 2
17 34 2
10 120 1
2 48 2
26 103 1
3 97 1
2 47 2
25 142 1
14 55 1
4 54 1
27 41 2
13 18 2
11 86 1
46 81 2
13 33 2
26 83 2
48 73 1
9 63 2
19 26 2
13 43 2
21 81 1
7 13 2
15 39 2
22 120 1
15 49 2
20 26 2
33 123 1
33 142 1
28 123 1
5 48 2
22 90 1
32 33 2
36 122 1
49 77 2
32 122 2
0 74 2
6 92 1
38 103 1
6 72 1
41 104 2
20 123 1
35 147 1
45 52 1
44 65 1
32 99 1
10 74 1
27 77 1
40 70 1
45 56 1
20 129 1
9 64 1
5 148 1
20 67 1
18 127 1
4 33 2
8 79 1
48 89 1
47 51 1
20 79 1
21 64 2
27 138 2
7 103 2
34 107 1
22 95 1
16 132 1
23 47 2
33 55 1
17 107 1
18 60 2
4 31 2
23 109 2
0 14 2
44 108 2
24 25 2
7 84 1
43 87 1
23 147 1
21 88 1
46 92 2
48 49 2
16 121 2
35 132 1
22 126 2
40 80 2
4 63 1
17 72 2
2 62 2
1 119 1
49 120 1
22 58 1
22 55 2
13 124 1
41 126 1
22 43 2
49 123 2
7 129 2
0 81 1
6 99 2
19 148 2
13 74 1
19 110 1
30 57 2
40 81 1
27 28 2
45 122 1
5 133 2
46 113 1
5 50 1
7 30 2
7 46 2
28 107 1
31 40 2
18 134 1
9 23 2
22 27 2
26 91 2
9 129 1
23 117 2
11 40 2
29 133 1
2 102 1
8 134 1
2 33 2
30 128 1
3 95 2
6 12 2
16 59 1
14 26 2
10 50 2
8 17 2
19 35 2
38 141 1
26 74 2
35 135 2
43 103 2
9 54 1
38 143 1
40 131 2
21 74 1
43 110 2
5 11 2
37 47 2
30 112 2
37 99 1
19 25 2
39 40 2
8 21 2
8 73 1
39 127 2
36 79 1
25 122 1
7 113 2
36 72 1
16 147 1
3 145 2
2 89 1
32 101 2
19 114 2
34 81 1
37 117 1
42 95 2
3 69 1
32 119 1
6 16 2
3 66 1
1 77 2
24 32 2
5 22 2
27 137 1
17 25 2
13 54 1
11 136 2
6 109 2
26 140 1
3 46 2
16 129 2
40 140 1
24 92 1
1 12 2
5 63 1
22 49 2
7 72 1
0 99 1
21 108 1
2 106 1
41 108 1
16 40 2
12 138 1
24 107 1
9 128 1
23 33 2
8 138 1
8 85 2
44 95 1
31 44 2
14 105 1
48 142 2
10 51 1
32 129 2
28 139 1
25 135 1
31 119 2
9 73 1
3 144 1
38 39 2
28 134 2
33 132 1
32 145 2
19 142 2
27 60 1
7 82 1
30 115 1
46 130 1
27 90 1
7 87 1
16 24 2
17 132 2
13 61 2
3 56 2
22 71 1
15 83 2
40 89 1
6 40 2
23 122 2
40 41 2
15 142 2
47 119 2
46 118 1
9 19 2
45 141 2
8 47 2
16 17 2
28 37 2
8 43 2
32 123 1
34 140 1
9 66 1
24 125 1
27 48 2
39 51 2
41 87 2
10 22 2
26 42 2
37 118 2
20 122 1
15 17 2
8 40 2
43 90 2
14 46 2
22 45 2
6 93 1
16 139 1
9 47 2
13 25 2
9 37 2
32 83 2
30 127 1
7 135 1
7 73 1
47 64 1
20 28 2
25 138 1
6 65 1
21 23 2
45 128 1
31 63 1
11 93 2
46 49 2
12 68 2
27 100 2
16 54 1
33 72 2
1 47 2
49 65 1
6 125 1
19 48 2
3 133 2
14 80 2
38 98 1
30 125 1
36 113 1
26 78 1
33 92 2
42 110 1
15 28 2
7 121 1
12 145 2
34 125 2
33 98 1
10 21 2
18 44 2
39 144 2
11 142 2
4 90 1
15 38 2
3 31 2
11 48 2
23 115 1
28 46 2
2 88 1
24 98 1
24 112 2
21 29 2
49 69 2
6 75 2
2 70 2
30 145 1
2 63 2
0 1 2
12 122 2
41 56 2
7 140 1
10 144 2
40 99 1
18 57 2
28 86 1
35 58 2
3 30 2
29 44 2
48 54 1
40 82 1
31 137 1
14 67 2
20 98 2
33 40 2
32 116 1
13 45 2
15 45 2
45 105 1
4 113 2
25 76 2
12 135 2
34 41 2
47 101 1
1 24 2
29 89 1
29 64 1
16 134 1
9 21 2
49 135 2
31 128 2
47 81 1
37 53 1
12 32 2
10 14 2
23 52 1
35 63 1
22 107 1
8 72 2
46 54 1
10 125 2
32 34 2
42 97 1
4 56 1
41 136 1
7 119 1
27 72 1
9 86 1
29 32 2
5 99 1
45 148 1
15 145 1
2 26 2
9 141 1
46 77 1
2 107 1
31 94 1
40 79 2
0 48 2
5 23 2
32 124 1
10 118 1
25 104 2
22 146 1
18 121 1
34 119 1
30 81 1
45 116 1
11 90 1
11 131 2
47 90 1
46 80 2
14 76 1
42 109 1
21 135 2
7 111 1
26 82 2
42 98 1
0 109 1
34 126 1
7 88 2
23 136 2
40 95 1
42 137 2
14 35 2
8 42 2
15 147 2
21 120 1
18 35 2
0 36 2
42 114 1
23 148 1
11 32 2
29 111 2
29 116 2
40 90 1
14 113 1
17 23 2
46 131 1
42 75 1
47 97 1
8 125 1
23 112 1
10 71 2
6 48 2
12 134 2
15 125 2
35 131 2
43 50 1
2 127 2
41 59 1
5 51 2
36 143 1
21 104 1
2 29 2
32 66 1
11 145 2
21 102 1
28 65 1
13 46 2
17 94 2
6 104 1
3 136 2
15 73 2
16 148 2
20 71 1
3 14 2
43 137 1
2 83 1
15 41 2
37 101 1
49 119 1
23 137 1
21 103 1
40 52 1
1 97 2
16 130 2
21 149 1
20 43 2
4 117 1
49 68 1
9 15 2
27 50 1
23 38 2
6 11 2
7 105 1
12 118 1
18 101 1
4 92 2
32 89 1
32 53 1
41 138 1
5 9 2
27 108 2
22 37 2
14 72 1
11 146 1
12 129 1
3 52 2
4 29 2
4 35 2
17 38 2
5 82 1
9 35 2
37 129 1
37 49 2
28 55 1
43 102 1
6 96 1
16 82 1
39 89 1
15 107 1
36 48 2
5 145 2
18 110 1
5 81 2
8 147 1
21 72 1
27 86 1
18 135 1
21 33 2
6 10 2
17 124 1
27 110 2
36 142 2
47 111 1
24 109 1
37 81 1
30 49 2
3 41 2
45 99 1
22 72 1
7 147 1
5 128 2
39 134 2
20 102 1
19 141 1
22 132 1
26 147 2
10 26 2
25 140 2
18 118 1
18 128 2
0 102 1
1 13 2
24 46 2
7 148 1
36 54 1
15 33 2
5 7 2
9 38 2
11 12 2
1 62 1
4 45 2
40 119 1
5 62 1
29 100 1
2 68 2
46 70 1
22 149 2
32 55 2
10 56 2
12 82 1
0 13 2
44 98 1
23 30 2
32 82 1
38 119 2
44 91 2
25 74 2
16 86 1
42 121 1
31 90 1
37 61 1
1 35 2
14 23 2
20 35 2
28 54 1
20 52 1
14 118 1
18 114 1
26 64 1
5 115 1
17 148 2
34 117 2
46 134 1
22 127 2
0 21 2
3 19 2
19 23 2
9 84 1
30 86 1
4 134 1
12 73 1
27 32 2
39 48 2
46 97 1
29 138 1
10 98 1
4 57 2
35 141 1
13 80 1
32 44 2
48 133 1
22 68 1
24 133 1
7 118 1
15 55 1
23 25 2
43 133 2
12 40 2
29 121 1
4 41 2
18 97 1
16 97 1
0 116 1
16 76 1
40 74 1
13 55 2
15 25 2
36 44 2
38 84 2
35 130 1
39 52 2
48 116 2
10 97 2
12 90 1
10 130 1
34 102 2
19 107 1
25 103 1
4 18 2
27 80 1
37 106 1
31 125 1
22 63 1
1 28 2
31 89 1
25 99 2
16 123 1
10 81 1
29 82 1
5 33 2
6 82 1
27 104 1
1 106 1
11 49 2
30 44 2
20 36 2
4 19 2
31 77 1
34 43 2
5 10 2
47 103 1
5 107 2
22 101 2
33 138 2
29 95 1
13 17 2
25 33 2
23 88 1
13 134 1
19 102 1
1 83 1
32 111 1
1 118 1
25 91 1
3 28 2
11 45 2
24 71 1
40 109 1
3 64 1
30 99 1
3 68 1
42 89 1
9 144 1
44 59 2
40 86 1
16 21 2
29 120 1
6 87 1
17 122 2
37 142 1
15 19 2
0 5 2
21 97 2
44 80 2
47 100 2
43 111 1
9 65 2
0 59 1
12 141 2
46 145 1
3 71 2
44 94 2
46 67 1
43 73 1
40 112 1
25 79 1
9 13 2
45 104 1
41 95 1
15 128 1
29 38 2
48 125 1
44 147 1
25 118 1
23 123 2
27 31 2
28 57 1
26 95 2
27 35 2
14 85 2
13 135 1
1 108 2
10 126 1
24 55 2
15 101 2
2 25 2
15 135 1
13 98 2
3 32 2
30 78 2
14 33 2
4 125 2
43 45 2
18 123 1
23 78 1
15 51 2
2 55 1
20 149 1
43 139 2
26 118 2
20 118 1
8 89 1
42 80 2
16 25 2
35 61 2
20 93 2
36 132 1
30 85 2
1 101 1
31 35 2
26 125 1
37 70 1
1 117 2
0 40 2
0 110 1
18 109 1
24 64 2
39 133 1
8 38 2
18 34 2
32 81 2
23 41 2
27 118 1
38 144 2
6 57 1
37 51 2
18 141 1
34 127 1
10 28 2
38 76 2
36 107 1
47 79 2
36 47 2
1 94 2
8 82 2
37 149 2
46 138 1
36 116 2
32 68 2
0 136 1
6 94 1
26 31 2
30 35 2
19 123 1
22 81 1
41 45 2
18 28 2
31 42 2
28 149 2
47 143 1
39 82 2
40 71 1
21 138 2
25 92 1
2 136 1
17 43 2
10 46 2
11 20 2
39 90 1
34 149 2
23 68 1
43 92 1
47 123 1
12 62 2
16 109 1
18 46 2
5 89 1
33 133 1
13 71 1
21 73 1
17 44 2
4 46 2
18 86 1
17 109 1
29 47 2
3 78 1
17 138 1
42 112 1
28 47 2
20 136 2
19 22 2
16 73 2
4 139 1
4 58 1
27 98 2
11 79 2
26 108 1
36 117 2
39 61 1
15 50 2
49 61 1
4 95 1
35 133 1
21 38 2
13 126 2
5 139 1
28 146 1
35 142 1
49 58 1
24 36 2
15 42 2
44 129 1
9 116 2
1 129 1
12 148 2
9 41 2
46 141 2
4 109 2
29 41 2
19 28 2
22 26 2
29 140 2
41 60 1
34 87 1
21 148 1
35 74 2
25 144 2
24 118 1
13 133 1
32 140 2
4 39 2
1 14 2
36 94 1
35 119 1
7 47 2
46 142 2
39 59 1
25 125 1
25 51 1
0 77 2
34 42 2
39 84 1
4 84 1
21 60 1
41 66 2
3 126 1
42 125 1
47 96 2
16 126 1
17 129 2
17 115 1
11 19 2
38 136 2
0 19 2
9 62 1
2 80 1
0 22 2
18 39 2
35 84 1
16 44 2
9 138 1
16 49 2
24 90 1
13 114 1
48 135 2
20 76 1
2 24 2
48 111 2
7 15 2
48 81 1
32 47 2
9 14 2
1 103 1
41 100 1
26 102 1
11 144 1
41 103 1
1 64 2
0 94 1
22 51 1
13 132 1
46 135 1
26 97 2
23 48 2
16 122 2
34 142 1
0 47 2
5 17 2
2 124 1
44 60 1
11 59 1
7 143 2
44 118 2
27 71 2
40 149 1
19 21 2
5 80 2
40 42 2
8 26 2
0 93 2
22 114 1
20 130 2
11 68 1
1 104 1
37 131 1
21 119 1
18 54 1
38 96 1
41 78 1
8 70 2
33 135 1
43 60 1
7 124 1
12 106 1
8 63 1
27 57 2
9 20 2
21 25 2
3 146 1
23 91 1
43 116 1
40 48 2
41 98 1
6 46 2
7 51 1
12 85 1
45 87 1
48 137 1
39 141 1
16 64 1
9 94 2
46 98 1
25 45 2
36 61 2
1 22 2
23 133 2
31 74 1
3 149 1
34 62 2
1 29 2
21 133 2
7 66 1
40 63 1
41 145 1
0 37 2
11 148 2
25 29 2
9 119 1
27 40 2
17 24 2
33 48 2
15 65 2
4 40 2
26 85 1
0 124 2
49 138 1
30 122 1
24 77 2
33 37 2
43 88 2
36 114 1
11 43 2
24 67 1
11 103 1
35 80 2
39 140 1
14 40 2
25 105 1
0 45 2
28 89 1
0 89 1
5 66 2
10 44 2
29 60 2
31 79 1
28 64 1
20 92 1
8 27 2
26 60 1
40 77 1
47 76 2
35 75 2
12 125 1
38 43 2
7 27 2
23 132 1
16 101 1
24 38 2
31 86 2
22 28 2
36 102 1
20 32 2
18 64 1
26 133 1
13 142 1
1 82 1
34 49 2
31 43 2
21 32 2
2 19 2
3 12 2
3 83 2
8 68 2
13 40 2
16 61 2
48 118 1
15 124 1
13 36 2
9 57 1
24 95 1
10 77 1
2 86 2
30 59 2
26 56 2
15 76 2
3 100 1
22 98 2
38 114 2
8 97 1
18 25 2
11 106 2
26 76 1
29 149 2
12 96 2
27 120 2
49 63 1
23 83 1
31 124 1
39 83 1
31 123 1
17 36 2
30 96 1
17 80 2
24 28 2
30 84 1
44 86 1
47 104 1
41 49 2
39 45 2
40 120 1
44 58 2
32 64 1
7 32 2
25 84 1
22 93 1
49 57 1
14 60 1
30 39 2
17 35 2
9 71 1
35 115 2
13 68 1
27 46 2
9 104 2
0 46 2
45 71 1
41 146 1
15 82 1
7 98 1
36 100 1
49 106 1
4 105 2
34 141 2
2 96 1
46 96 2
0 61 2
13 84 1
26 116 1
12 38 2
22 129 1
28 30 2
17 18 2
26 126 2
5 35 2
39 50 1
32 136 2
31 50 1
27 149 1
8 93 1
25 44 2
19 71 1
41 47 2
22 118 1
41 74 1
2 34 2
11 137 2
35 44 2
2 93 2
13 100 1
34 69 1
2 28 2
37 75 1
2 50 1
41 42 2
35 143 2
10 99 1
31 126 1
0 70 1
40 104 1
0 112 1
47 106 1
1 126 1
24 134 1
6 147 2
5 122 2
14 96 1
1 61 1
33 47 2
17 53 1
2 44 2
44 63 1
39 80 1
20 108 1
37 125 2
48 79 1
35 129 1
44 73 1
21 109 2
10 149 1
29 51 1
17 49 2
11 34 2
1 44 2
47 117 2
31 91 2
11 14 2
28 68 1
35 54 1
14 28 2
45 85 2
43 112 1
31 112 1
17 103 1
24 62 1
7 33 2
18 19 2
35 64 1
15 123 1
17 40 2
34 36 2
48 88 1
12 133 1
12 14 2
25 30 2
3 26 2
17 77 2
29 115 2
10 85 1
7 28 2
5 78 2
48 110 2
1 140 1
2 12 2
48 126 2
38 46 2
40 100 2
33 54 1
1 49 2
6 35 2
42 50 2
4 111 1
4 115 2
9 27 2
12 22 2
16 42 2
14 102 2
23 75 2
27 29 2
6 73 1
46 116 1
9 24 2
38 95 1
32 114 1
14 127 1
44 54 1
33 144 1
16 53 1
21 87 2
13 107 1
27 99 1
32 52 1
45 79 2
19 149 1
8 95 1
42 120 1
35 73 1
9 68 1
47 66 1
40 138 1
35 110 1
14 30 2
45 147 1
36 59 1
23 143 1
29 126 2
12 98 1
6 51 1
38 79 1
31 122 2
43 68 1
14 42 2
34 38 2
7 16 2
12 23 2
7 65 1
4 133 2
8 74 1
34 113 1
20 57 1
1 39 2
27 74 1
28 104 2
12 31 2
25 94 2
18 78 2
44 137 2
14 87 1
15 121 1
4 43 2
35 42 2
37 80 1
13 42 2
9 18 2
11 108 2
10 34 2
49 76 1
36 60 1
48 59 2
16 35 2
37 123 2
11 41 2
24 48 2
42 128 1
27 132 2
9 69 1
6 66 1
16 141 1
22 106 1
28 44 2
26 50 1
47 53 1
19 126 1
9 146 1
29 128 1
1 89 2
31 33 2
29 98 1
7 68 1
2 79 1
24 139 1
45 49 2
32 134 2
13 131 1
20 97 1
4 124 1
29 67 2
44 111 1
31 136 2
35 51 1
14 78 1
13 97 1
32 143 1
22 29 2
26 101 1
18 103 2
26 121 1
40 55 2
7 35 2
14 48 2
3 42 2
16 48 2
0 56 1
39 75 2
22 102 1
17 98 1
40 123 2
16 90 1
22 109 2
11 26 2
9 124 2
40 146 2
9 53 1
12 84 1
28 98 1
15 113 1
21 113 1
45 129 1
5 18 2
49 70 1
39 41 2
20 107 1
0 143 1
5 117 1
7 125 1
5 141 1
36 92 1
44 92 1
24 82 1
12 19 2
0 29 2
12 111 1
36 64 1
46 69 1
44 124 2
12 51 2
10 78 2
15 119 2
19 85 1
29 34 2
5 120 1
21 86 1
23 108 2
23 104 1
22 76 2
21 39 2
41 46 2
15 117 1
34 47 2
2 15 2
9 93 1
18 100 1
14 32 2
15 58 1
40 58 1
4 17 2
7 36 2
30 97 1
27 106 2
14 54 2
17 48 2
45 135 1
0 27 2
22 131 1
41 134 1
24 73 1
35 47 2
8 78 2
41 65 1
20 62 1
27 146 1
4 73 1
12 54 2
6 41 2
2 40 2
2 103 2
43 143 1
47 99 1
23 107 2
23 31 2
41 129 1
19 74 1
43 93 1
29 36 2
17 46 2
39 106 1
26 129 2
10 11 2
19 83 2
49 117 2
30 46 2
29 81 1
17 87 2
36 127 2
34 84 1
17 114 1
41 76 1
36 42 2
2 135 2
1 135 1
37 44 2
25 54 1
8 144 2
26 41 2
23 62 2
5 37 2
28 45 2
1 17 2
28 42 2
37 113 1
16 31 2
17 57 1
6 44 2
24 51 1
46 89 2
19 75 1
1 4 2
37 114 1
7 96 2
12 149 1
18 125 1
7 44 2
32 46 2
48 130 1
31 107 2
1 131 1
22 38 2
34 139 2
23 43 2
38 135 1
45 117 1
49 89 1
1 38 2
0 41 2
4 12 2
34 109 2
1 122 2
29 99 1
42 46 2
43 49 2
41 48 2
25 49 2
25 43 2
9 51 1
29 108 1
12 43 2
43 125 1
25 89 1
18 147 1
6 130 2
26 47 2
24 143 2
47 128 1
4 143 2
10 15 2
34 94 1
18 27 2
39 116 2
32 97 2
15 37 2
7 49 2
42 78 1
3 29 2
12 33 2
6 86 1
12 17 2
40 88 1
16 43 2
49 121 2
5 26 2
30 42 2
30 66 1
18 33 2
20 42 2
48 115 2
10 140 1
24 42 2
37 108 1
38 55 1
18 42 2
42 123 1
44 133 1
38 149 1
10 53 1
27 105 1
12 104 2
35 94 1
39 112 1
2 112 2
7 83 2
20 54 1
2 45 2
10 20 2
9 106 1
2 4 2
41 101 2
36 133 1
38 132 1
4 142 1
14 109 1
29 144 1
18 55 1
3 21 2
35 39 2
9 147 1
4 61 2
7 25 2
33 82 1
2 7 2
26 35 2
3 38 2
18 32 2
2 99 1
49 132 2
6 143 2
9 12 2
48 87 2
11 119 1
17 68 1
7 141 2
16 108 1
0 108 2
25 112 1
16 128 2
16 30 2
9 134 1
49 66 1
0 92 1
20 29 2
10 102 1
6 98 1
2 134 1
40 129 2
18 43 2
2 142 2
12 21 2
20 138 1
10 16 2
10 32 2
9 43 2
19 86 2
5 113 1
18 111 1
5 55 2
29 105 1
39 123 1
41 57 2
4 53 2
33 65 1
36 86 2
37 48 2
21 89 2
4 132 1
42 130 1
26 128 1
1 3 2
42 49 2
19 125 2
29 42 2
2 139 2
24 70 2
44 107 2
18 65 1
7 78 2
38 53 1
21 128 1
35 127 1
17 127 1
42 99 2
35 111 1
28 141 2
0 105 1
11 99 1
15 108 1
21 90 2
11 57 1
36 69 1
45 102 2
24 39 2
12 114 1
7 18 2
10 112 1
19 127 2
5 136 2
28 39 2
45 106 2
2 17 2
38 130 1
44 97 1
0 68 1
48 84 1
32 137 1
26 98 1
10 72 1
29 124 2
4 20 2
20 125 1
7 130 2
5 100 1
23 27 2
43 82 1
22 33 2
35 53 2
19 103 1
12 93 1
24 79 2
14 49 2
34 144 1
8 86 1
29 77 1
4 108 2
12 126 1
44 144 2
13 141 1
37 128 1
31 32 2
14 121 1
8 115 2
11 64 2
41 96 1
13 139 2
45 90 1
12 115 1
29 134 1
18 29 2
8 107 2
49 97 2
36 135 1
36 38 2
6 38 2
18 30 2
28 60 2
49 71 1
24 148 2
15 72 1
43 123 1
34 88 1
37 40 2
16 110 2
5 56 2
7 102 1
21 100 2
22 100 1
34 48 2
13 130 1
46 146 1
30 72 2
17 29 2
21 93 1
20 105 2
35 134 1
25 87 1
25 48 2
12 119 1
45 46 2
39 54 1
21 114 1
47 98 1
28 99 1
46 52 1
17 104 1
48 83 1
31 145 1
2 121 1
28 43 2
10 93 1
47 133 1
2 111 1
32 43 2
2 94 1
23 49 2
22 32 2
22 136 2
40 136 1
11 42 2
43 47 2
10 138 1
43 66 1
20 101 2
17 60 1
2 132 1
45 103 2
0 113 2
7 146 1
16 18 2
30 87 1
24 76 1
46 90 2
32 141 1
8 145 2
4 8 2
47 65 1
23 51 1
32 71 2
7 108 1
23 55 2
23 54 1
46 71 1
6 25 2
33 108 1
9 40 2
3 5 2
34 73 1
8 77 1
4 106 1
43 135 2
38 48 2
13 90 2
22 91 1
16 27 2
11 80 2
21 111 2
31 95 2
16 47 2
32 40 2
29 104 1
5 24 2
6 102 1
38 142 1
11 109 2
19 135 2
6 43 2
42 44 2
10 17 2
47 116 1
30 119 2
20 78 1
17 61 1
2 14 2
34 121 1
6 144 1
36 93 1
39 73 2
32 103 1
35 36 2
49 93 2
14 83 1
10 13 2
34 83 2
13 29 2
35 79 2
45 88 1
29 109 2
4 69 1
41 107 2
14 126 1
19 77 1
9 91 2
6 137 2
6 31 2
46 139 1
18 82 1
44 49 2
9 96 1
6 56 1
28 125 1
10 31 2
4 79 1
26 49 2
44 105 1
25 70 2
18 40 2
10 54 2
8 92 1
3 103 1
23 61 2
9 133 1
37 98 2
3 119 2
14 44 2
21 83 1
11 44 2
19 27 2
22 124 1
27 39 2
21 35 2
39 76 1
24 129 2
20 111 1
19 46 2
43 77 1
42 133 1
28 113 1
5 29 2
43 105 2
5 109 2
35 126 1
1 5 2
5 138 1
23 95 1
2 146 1
19 118 1
47 50 1
39 143 1
43 70 1
21 43 2
3 7 2
24 33 2
42 103 1
15 53 1
28 143 1
36 46 2
41 69 1
28 93 2
16 72 2
9 31 2
29 53 1
13 64 1
4 87 2
5 39 2
16 83 1
18 23 2
31 147 2
9 85 2
18 51 2
12 39 2
10 87 1
44 83 1
9 111 2
19 29 2
5 108 2
7 116 1
32 125 1
2 131 2
13 77 1
0 66 1
21 61 1
19 113 2
6 90 2
46 125 2
19 24 2
18 133 1
45 82 1
14 53 1
26 43 2
10 49 2
38 42 2
12 146 2
41 90 1
28 96 2
14 146 1
21 137 2
0 20 1
104 126 1
3 6 1
133 144 2
68 137 1
4 60 1
3 116 2
83 127 2
9 25 1
18 87 1
39 104 2
22 97 2
16 116 2
126 138 1
12 42 1
25 47 1
