% n=140 p=60 d=0.33 p_blue=0.33
% k=0
54 63 2
22 57 2
39 71 2
4 122 1
53 74 2
1 73 2
17 22 2
13 73 2
25 90 2
17 83 2
41 43 2
21 37 2
76 80 2
10 34 2
67 122 1
27 31 2
34 38 2
39 77 2
58 60 2
22 60 2
71 103 1
29 71 2
79 138 1
46 66 2
18 73 2
32 37 2
6 76 2
43 85 1
19 62 2
12 80 2
55 125 1
6 21 2
47 76 2
80 102 1
3 51 2
58 128 1
71 92 1
54 57 2
1 48 2
41 106 2
77 92 1
8 48 2
37 65 2
56 69 2
15 31 2
63 139 1
5 13 2
19 102 2
25 136 1
8 43 2
55 75 2
49 95 2
3 72 2
46 79 2
7 76 2
25 118 1
7 16 2
41 100 1
31 39 2
0 63 2
68 76 2
5 96 1
8 54 2
9 139 1
9 70 2
8 82 2
20 49 2
24 93 1
24 52 2
16 75 2
2 37 2
19 64 2
11 41 2
42 46 2
42 55 2
49 75 2
1 24 2
33 114 1
76 117 1
34 78 2
46 73 2
55 60 2
52 56 2
6 34 2
14 58 2
7 40 2
23 119 1
24 45 2
20 63 2
7 28 2
22 74 2
28 57 2
44 76 2
18 57 2
7 11 2
14 116 2
65 139 1
6 134 1
48 97 1
27 40 2
51 82 2
60 89 1
43 79 2
38 85 2
58 81 2
32 135 2
48 134 1
20 122 1
3 55 2
75 104 1
79 87 2
38 65 2
15 72 2
50 52 2
10 45 2
46 130 1
10 31 2
56 94 1
3 14 2
12 36 2
30 81 2
20 40 2
23 52 2
30 61 2
8 24 2
17 69 2
12 108 1
33 37 2
12 67 2
3 34 2
3 35 2
78 133 1
7 119 2
22 133 1
0 23 2
4 25 2
62 65 2
26 57 2
28 62 2
68 82 2
52 71 2
26 44 2
43 63 2
9 120 2
3 125 2
8 68 2
29 103 1
0 139 1
57 65 2
9 62 2
13 124 1
47 65 2
63 104 1
34 49 2
7 64 2
42 57 2
8 9 2
69 93 2
31 78 2
46 70 2
27 67 2
29 74 2
65 93 1
14 106 1
55 57 2
16 73 2
32 94 2
15 55 2
34 71 2
31 71 2
57 68 2
44 81 2
24 133 1
48 58 2
19 37 2
51 118 1
3 77 2
23 70 2
47 58 2
15 43 2
42 54 2
17 78 2
25 65 2
16 30 2
19 59 2
4 36 2
33 75 2
21 136 1
56 62 2
38 90 1
51 75 2
79 119 1
35 54 2
18 26 2
52 60 2
55 81 2
0 17 2
21 80 2
28 43 2
61 85 2
40 76 2
2 60 2
32 68 2
30 138 2
34 51 2
59 75 2
37 81 2
8 62 2
66 79 2
82 86 1
10 96 2
41 86 1
62 124 1
49 77 2
10 128 2
24 37 2
17 131 2
39 127 1
6 40 2
68 108 1
60 102 2
31 36 2
50 94 2
34 99 1
53 90 2
6 125 1
57 70 2
4 76 2
1 74 2
2 56 2
4 10 2
5 71 2
47 101 1
22 29 2
45 61 2
60 85 2
24 53 2
45 114 2
15 80 2
53 93 2
31 80 2
3 78 2
18 31 2
32 67 2
44 63 2
49 56 2
35 61 2
41 58 2
10 64 2
37 138 1
45 97 1
8 13 2
20 75 2
32 92 1
59 132 2
39 121 1
33 45 2
66 68 2
10 36 2
43 59 2
46 78 2
69 84 1
24 95 1
1 34 2
16 82 2
16 93 1
60 62 2
57 118 2
45 83 2
35 66 2
8 73 2
31 77 2
1 81 2
38 63 2
9 87 1
24 59 2
53 69 2
38 56 2
58 62 2
31 128 1
49 68 2
65 69 2
28 59 2
42 65 2
83 95 1
58 82 2
7 74 2
10 80 2
17 77 2
35 63 2
36 70 2
41 75 2
9 41 2
49 83 2
36 86 1
44 61 2
51 71 2
5 86 2
34 59 2
45 137 1
49 130 1
56 92 1
44 65 2
23 56 2
41 69 2
18 111 1
81 88 1
6 53 2
5 41 2
1 4 2
24 126 1
38 46 2
22 81 2
21 74 2
71 81 2
42 43 2
10 61 2
4 71 2
7 31 2
13 131 1
37 77 2
36 53 2
0 61 2
73 101 2
44 100 2
5 49 2
34 40 2
17 37 2
58 64 2
22 27 2
33 133 1
52 78 2
26 48 2
22 112 1
12 15 2
64 80 2
19 21 2
14 102 1
48 128 2
50 118 2
22 36 2
14 89 1
73 80 2
7 26 2
22 26 2
12 69 2
21 63 2
27 51 2
16 80 2
40 85 1
27 89 2
15 126 1
52 64 2
24 25 2
26 59 2
12 76 2
2 119 2
17 51 2
25 49 2
46 80 2
25 71 2
42 109 2
79 117 1
64 101 1
62 95 1
23 30 2
6 9 2
24 49 2
11 36 2
61 72 2
9 132 2
34 56 2
0 81 2
70 96 2
8 35 2
13 64 2
15 52 2
34 43 2
13 121 1
39 81 2
5 110 1
23 87 1
47 54 2
34 61 2
38 43 2
19 34 2
19 33 2
62 77 2
23 69 2
11 58 2
8 65 2
26 102 1
64 77 2
32 98 2
19 68 2
52 65 2
62 66 2
28 72 2
20 51 2
41 68 2
76 119 2
3 10 2
64 78 2
31 74 2
18 94 2
52 58 2
49 74 2
47 83 2
12 38 2
38 103 2
19 39 2
77 130 1
35 60 2
22 126 2
17 66 2
50 77 2
61 71 2
15 42 2
9 35 2
26 65 2
39 80 2
40 41 2
12 61 2
34 42 2
8 44 2
21 41 2
35 124 1
5 32 2
33 63 2
52 129 2
22 28 2
14 98 1
75 103 2
23 49 2
43 69 2
26 31 2
26 34 2
58 105 1
39 113 2
23 54 2
11 82 2
1 22 2
41 47 2
1 25 2
3 52 2
17 43 2
40 125 1
24 71 2
0 46 2
2 26 2
31 33 2
12 121 1
18 59 2
24 122 1
20 27 2
11 56 2
44 83 2
22 104 1
58 120 2
32 41 2
54 79 2
10 12 2
1 91 1
3 73 2
67 112 1
24 79 2
39 58 2
19 58 2
26 39 2
37 121 1
13 16 2
20 101 1
31 51 2
10 23 2
41 62 2
45 134 1
32 36 2
40 63 2
53 88 1
26 90 2
31 32 2
36 52 2
29 136 2
64 106 2
59 81 2
64 73 2
24 31 2
71 82 2
37 54 2
4 22 2
5 123 1
16 108 2
11 22 2
40 48 2
31 75 2
48 92 1
10 66 2
33 53 2
21 27 2
16 23 2
47 49 2
24 72 2
39 70 2
51 54 2
54 81 2
2 27 2
46 137 1
40 58 2
50 111 1
55 66 2
30 51 2
2 89 1
2 5 2
48 133 2
49 82 2
77 124 1
57 81 2
27 88 1
54 78 2
9 45 2
60 119 1
36 59 2
16 57 2
68 104 1
28 39 2
15 60 2
30 67 2
50 109 2
6 54 2
71 121 1
66 70 2
37 41 2
7 137 1
12 22 2
4 93 2
28 68 2
36 61 2
76 129 2
55 106 1
44 50 2
23 44 2
32 65 2
52 103 1
19 24 2
15 33 2
34 77 2
15 87 2
9 85 1
35 72 2
76 108 1
43 53 2
0 100 2
12 79 2
40 113 1
33 108 1
41 71 2
53 80 2
9 86 1
17 87 1
41 74 2
8 12 2
52 62 2
35 96 1
19 130 1
42 91 2
9 31 2
32 51 2
4 79 2
13 97 1
41 83 2
69 107 1
48 62 2
38 39 2
36 42 2
7 67 2
22 80 2
10 25 2
75 82 2
46 83 2
7 92 1
25 60 2
33 73 2
2 63 2
25 40 2
79 137 1
18 49 2
3 25 2
79 83 2
47 48 2
77 80 2
36 50 2
26 71 2
76 82 2
46 54 2
2 14 2
39 62 2
35 95 1
41 85 1
47 50 2
1 42 2
25 74 2
23 78 2
61 107 2
45 107 1
63 109 1
7 35 2
1 77 2
0 132 2
17 19 2
28 78 2
64 65 2
5 64 2
23 58 2
34 102 1
1 129 2
54 55 2
55 85 2
4 127 2
11 130 1
16 60 2
38 82 2
50 135 1
6 49 2
38 122 1
0 12 2
57 80 2
18 25 2
18 38 2
37 63 2
30 46 2
52 74 2
62 80 2
66 71 2
20 33 2
26 77 2
8 81 2
46 67 2
0 47 2
15 116 1
7 8 2
17 18 2
54 99 1
63 116 1
25 33 2
20 116 1
34 138 1
18 85 1
11 35 2
27 66 2
9 38 2
59 68 2
43 52 2
14 79 2
1 65 2
35 71 2
41 52 2
23 60 2
27 64 2
32 77 2
50 92 1
18 23 2
38 69 2
27 81 2
33 121 1
66 73 2
31 35 2
19 73 2
40 124 1
31 56 2
5 36 2
35 56 2
83 132 1
34 111 1
4 26 2
66 90 1
63 84 1
65 66 2
41 59 2
24 38 2
16 63 2
9 52 2
53 85 1
19 72 2
13 40 2
66 82 2
35 122 1
55 119 2
44 57 2
59 67 2
25 48 2
5 12 2
0 11 2
7 47 2
11 81 2
27 33 2
5 76 2
1 11 2
52 53 2
13 15 2
40 66 2
27 35 2
42 78 2
32 104 1
18 123 2
23 129 1
68 94 1
39 46 2
21 92 1
3 44 2
51 64 2
73 128 1
42 61 2
7 135 2
8 25 2
0 38 2
77 81 2
37 125 1
23 42 2
50 137 2
31 68 2
77 99 1
35 48 2
6 72 2
73 136 2
45 100 1
41 119 1
13 25 2
27 29 2
52 99 1
0 65 2
73 76 2
5 53 2
9 46 2
70 78 2
26 76 2
51 57 2
21 61 2
52 111 1
15 74 2
22 30 2
16 131 1
54 83 2
57 59 2
50 56 2
40 53 2
23 24 2
3 15 2
17 35 2
26 61 2
0 97 2
10 81 2
46 91 2
5 99 1
11 46 2
29 110 1
1 33 2
14 21 2
9 24 2
12 29 2
42 82 2
14 96 1
23 53 2
28 115 1
38 52 2
12 23 2
24 27 2
39 107 1
20 22 2
20 67 2
24 26 2
8 23 2
0 55 2
56 102 2
81 91 1
30 35 2
32 59 2
50 76 2
49 71 2
40 122 1
2 107 2
0 10 2
39 51 2
17 20 2
29 73 2
9 19 2
15 30 2
59 80 2
31 55 2
27 46 2
67 70 2
82 115 2
72 126 1
35 118 1
10 76 2
3 57 2
0 92 1
68 77 2
22 54 2
61 63 2
29 77 2
15 96 1
23 65 2
13 105 2
8 39 2
39 108 1
29 85 1
40 99 1
28 83 2
58 83 2
34 73 2
15 68 2
60 92 2
5 69 2
38 55 2
73 74 2
38 40 2
21 29 2
6 116 2
11 67 2
11 129 1
45 68 2
2 34 2
14 41 2
45 96 1
31 62 2
31 57 2
15 16 2
9 18 2
2 139 2
25 75 2
42 96 1
3 64 2
29 36 2
48 120 1
15 22 2
26 40 2
11 34 2
4 45 2
83 96 2
70 72 2
29 95 1
7 23 2
72 76 2
48 60 2
36 69 2
65 85 2
44 68 2
40 120 1
23 34 2
53 114 1
18 19 2
20 30 2
16 42 2
1 56 2
63 70 2
3 79 2
27 86 1
75 85 1
30 85 2
14 55 2
49 102 1
35 43 2
68 75 2
70 73 2
5 35 2
42 50 2
44 82 2
29 108 1
38 76 2
61 81 2
37 108 1
37 83 2
37 58 2
24 87 2
8 41 2
45 55 2
66 110 1
45 69 2
27 39 2
49 119 2
36 66 2
41 48 2
12 57 2
29 46 2
37 42 2
6 67 2
23 61 2
18 80 2
75 79 2
62 73 2
39 41 2
32 114 1
11 13 2
6 85 1
46 114 1
6 74 2
7 69 2
71 99 2
66 67 2
43 49 2
20 23 2
62 93 2
15 115 2
3 105 1
58 67 2
15 82 2
1 46 2
11 127 1
32 62 2
36 75 2
4 130 2
15 35 2
12 97 1
73 120 1
16 24 2
40 64 2
38 66 2
83 122 1
33 42 2
8 38 2
22 70 2
47 132 1
5 26 2
7 13 2
19 115 1
35 45 2
30 119 1
76 115 2
69 76 2
67 126 1
14 17 2
80 109 1
45 105 1
21 36 2
39 49 2
5 9 2
31 89 1
75 129 1
81 131 1
54 122 1
35 82 2
0 88 1
75 91 1
10 13 2
21 77 2
77 83 2
63 81 2
83 91 1
31 42 2
54 91 2
32 70 2
49 78 2
19 69 2
5 29 2
63 69 2
64 68 2
20 65 2
51 56 2
10 73 2
13 35 2
25 46 2
53 112 1
17 48 2
18 118 1
21 52 2
45 77 2
23 32 2
71 76 2
18 22 2
14 118 1
80 136 1
4 68 2
7 45 2
70 136 1
42 126 1
18 28 2
23 66 2
59 104 2
4 21 2
35 87 1
28 56 2
0 7 2
38 108 1
61 122 2
16 126 1
3 5 2
67 83 2
27 139 1
9 58 2
2 129 1
48 69 2
43 99 1
1 37 2
70 94 1
58 78 2
43 130 2
32 112 1
29 31 2
22 55 2
14 15 2
21 54 2
51 136 2
10 55 2
51 67 2
19 79 2
24 34 2
46 106 2
70 121 1
2 9 2
3 88 1
30 47 2
14 30 2
18 81 2
83 105 2
7 78 2
9 40 2
29 64 2
58 99 1
46 75 2
55 80 2
18 33 2
68 130 2
29 100 1
7 82 2
61 83 2
74 98 2
52 80 2
67 85 1
15 21 2
5 38 2
7 113 1
70 81 2
6 71 2
16 46 2
21 42 2
2 16 2
44 53 2
6 97 1
60 81 2
5 72 2
6 35 2
51 115 1
45 99 1
14 51 2
4 48 2
16 65 2
67 80 2
81 101 2
49 57 2
72 81 2
14 33 2
3 69 2
17 62 2
45 59 2
47 75 2
7 80 2
71 77 2
78 134 1
16 18 2
65 77 2
13 133 1
5 40 2
44 60 2
4 18 2
13 18 2
15 53 2
69 70 2
35 83 2
2 46 2
45 115 1
65 78 2
16 36 2
64 139 1
4 124 1
19 23 2
80 120 1
14 23 2
76 89 1
1 51 2
69 79 2
10 15 2
26 81 2
1 7 2
21 101 1
23 38 2
54 110 1
18 40 2
5 74 2
33 59 2
27 60 2
16 38 2
15 120 1
4 103 1
5 70 2
24 89 1
28 79 2
64 70 2
9 123 1
17 102 1
63 107 2
54 109 2
15 70 2
46 93 2
59 71 2
45 91 1
35 81 2
71 120 2
38 60 2
5 50 2
20 81 2
32 44 2
32 63 2
20 24 2
6 99 1
26 55 2
73 78 2
12 39 2
41 46 2
83 134 1
42 79 2
66 88 2
5 65 2
27 70 2
42 80 2
22 46 2
63 88 1
72 131 2
73 124 2
12 139 2
1 47 2
45 71 2
34 41 2
23 137 2
9 67 2
34 96 1
59 78 2
42 58 2
14 78 2
32 64 2
6 73 2
16 43 2
46 121 1
75 77 2
32 61 2
12 66 2
16 21 2
79 118 1
17 38 2
56 79 2
79 126 2
19 85 1
24 61 2
24 36 2
62 112 1
60 69 2
16 49 2
11 133 1
5 131 1
41 77 2
21 71 2
49 58 2
41 102 2
50 82 2
41 81 2
2 12 2
76 79 2
26 83 2
72 82 2
37 61 2
69 113 1
22 68 2
16 39 2
3 48 2
68 98 1
32 53 2
46 132 1
11 14 2
10 22 2
1 8 2
19 54 2
29 50 2
79 85 2
57 60 2
76 132 2
56 101 1
38 77 2
13 27 2
23 71 2
24 58 2
1 57 2
13 41 2
28 128 1
40 105 2
69 91 2
56 126 1
4 32 2
22 56 2
6 118 1
13 83 2
33 118 1
47 64 2
45 131 1
52 95 1
70 97 2
28 95 2
20 68 2
26 32 2
31 100 1
15 136 2
11 114 2
35 49 2
83 108 1
48 74 2
4 52 2
28 52 2
59 74 2
15 84 1
59 109 1
36 60 2
20 78 2
39 44 2
56 59 2
17 47 2
11 78 2
44 84 1
34 122 2
3 30 2
0 69 2
54 73 2
74 79 2
38 80 2
48 73 2
41 91 1
32 46 2
53 76 2
37 66 2
64 67 2
4 95 1
41 55 2
48 81 2
41 57 2
36 126 2
42 60 2
77 138 2
14 19 2
11 51 2
65 79 2
14 61 2
9 48 2
20 26 2
21 34 2
19 27 2
71 135 1
57 64 2
8 118 2
70 75 2
70 101 1
55 72 2
30 124 2
10 17 2
17 72 2
21 65 2
19 52 2
62 109 2
71 75 2
5 108 2
27 69 2
8 52 2
2 6 2
43 46 2
0 40 2
52 69 2
47 80 2
20 66 2
3 28 2
43 78 2
17 30 2
61 102 1
36 45 2
4 15 2
74 95 1
61 113 1
26 126 2
83 97 2
6 119 1
18 95 1
57 82 2
1 39 2
1 116 1
75 128 2
1 72 2
9 60 2
70 99 1
17 33 2
21 58 2
0 29 2
30 73 2
19 65 2
29 41 2
26 30 2
23 126 1
45 57 2
57 125 1
40 74 2
78 123 2
12 43 2
35 76 2
25 101 1
17 101 1
56 70 2
12 119 1
79 102 1
10 65 2
1 20 2
15 93 1
34 72 2
33 115 1
38 49 2
35 69 2
52 106 1
13 53 2
33 38 2
5 23 2
50 115 1
56 82 2
15 62 2
3 58 2
0 76 2
34 63 2
7 33 2
39 85 1
21 72 2
37 50 2
57 67 2
36 67 2
3 41 2
11 17 2
20 76 2
6 48 2
53 103 1
8 74 2
41 42 2
22 131 1
5 11 2
78 100 1
50 59 2
17 44 2
44 79 2
54 119 1
22 101 2
55 120 2
24 82 2
14 72 2
39 57 2
66 76 2
56 136 1
61 95 1
55 79 2
62 129 1
75 120 2
3 71 2
79 81 2
36 100 1
57 88 1
9 63 2
27 73 2
53 72 2
78 109 2
44 74 2
10 26 2
50 113 1
48 59 2
42 104 1
6 44 2
11 68 2
58 59 2
29 92 2
57 102 1
0 21 2
35 36 2
29 44 2
26 120 2
22 121 2
5 52 2
23 41 2
68 83 2
58 118 1
1 75 2
17 100 1
44 137 1
10 59 2
45 79 2
1 40 2
32 47 2
49 51 2
52 132 1
36 47 2
27 74 2
53 60 2
24 56 2
42 49 2
20 56 2
23 33 2
65 98 1
9 30 2
45 64 2
15 94 2
11 83 2
75 83 2
40 54 2
16 56 2
5 100 1
5 27 2
4 28 2
52 83 2
31 93 1
18 63 2
12 75 2
35 133 2
12 24 2
2 44 2
1 50 2
31 46 2
4 54 2
28 51 2
62 64 2
37 132 1
44 132 2
5 14 2
2 100 2
10 83 2
10 56 2
45 104 1
56 61 2
77 127 1
2 66 2
0 28 2
2 41 2
30 63 2
34 36 2
39 64 2
65 110 2
5 30 2
68 127 2
48 82 2
31 37 2
25 87 1
14 31 2
78 129 2
69 72 2
41 50 2
78 112 1
51 102 1
8 28 2
32 60 2
24 44 2
11 50 2
77 101 1
20 62 2
32 102 1
32 38 2
40 52 2
38 73 2
15 26 2
35 64 2
32 54 2
9 59 2
10 74 2
71 126 1
0 60 2
32 34 2
82 100 2
43 101 2
24 48 2
23 47 2
45 51 2
1 66 2
1 21 2
26 62 2
25 50 2
39 87 1
70 132 1
48 51 2
34 100 1
1 90 2
5 28 2
19 32 2
0 49 2
61 77 2
38 81 2
1 38 2
24 77 2
14 42 2
9 55 2
55 103 1
72 75 2
59 79 2
23 72 2
6 136 1
10 48 2
11 42 2
34 74 2
77 82 2
3 17 2
59 72 2
83 130 2
6 66 2
8 42 2
42 69 2
6 11 2
14 139 1
51 107 2
10 28 2
11 45 2
6 63 2
0 59 2
56 75 2
8 80 2
29 81 2
20 79 2
37 64 2
54 74 2
31 73 2
25 83 2
0 64 2
4 6 2
13 46 2
55 68 2
35 93 2
15 36 2
40 107 1
9 72 2
32 117 2
10 27 2
15 41 2
11 55 2
43 126 1
30 116 2
53 91 1
41 139 1
4 64 2
42 72 2
28 108 2
75 80 2
39 61 2
59 88 1
61 74 2
7 73 2
12 42 2
41 124 1
53 95 1
39 130 1
70 139 1
0 83 2
6 124 1
27 52 2
39 96 1
40 65 2
16 32 2
44 77 2
40 59 2
68 69 2
25 52 2
5 55 2
30 78 2
2 8 2
17 96 1
8 53 2
51 109 2
53 77 2
45 49 2
63 79 2
35 85 2
38 74 2
65 83 2
40 72 2
37 44 2
65 73 2
68 71 2
22 40 2
16 58 2
16 45 2
39 74 2
35 92 1
7 77 2
14 84 1
45 65 2
32 125 1
12 63 2
71 130 2
23 51 2
56 139 2
50 65 2
15 88 2
38 133 2
28 33 2
64 120 1
25 82 2
34 107 1
17 125 1
56 74 2
12 71 2
18 21 2
71 131 1
51 137 1
65 125 2
12 31 2
51 69 2
0 53 2
50 55 2
19 76 2
45 95 2
36 81 2
33 66 2
16 44 2
1 61 2
31 34 2
55 58 2
21 49 2
20 41 2
5 51 2
50 116 2
28 61 2
58 79 2
24 74 2
37 78 2
54 72 2
12 50 2
21 78 2
11 118 2
30 50 2
68 81 2
7 136 1
9 128 1
12 73 2
29 106 1
25 77 2
66 78 2
5 17 2
16 87 2
27 34 2
69 134 1
53 105 1
4 75 2
18 69 2
3 40 2
26 66 2
2 10 2
26 51 2
29 48 2
61 133 2
41 60 2
14 18 2
30 38 2
14 47 2
7 48 2
51 106 1
25 70 2
76 77 2
37 57 2
43 65 2
17 117 1
4 65 2
16 20 2
38 100 1
64 83 2
1 55 2
26 98 1
1 60 2
29 54 2
12 44 2
28 76 2
19 126 2
0 8 2
13 85 1
52 104 1
62 74 2
54 134 1
22 51 2
68 102 2
71 78 2
60 66 2
7 15 2
4 97 2
9 76 2
2 20 2
27 68 2
34 37 2
37 91 1
64 88 1
9 65 2
10 29 2
24 67 2
13 42 2
28 34 2
5 16 2
78 124 2
33 104 1
82 83 2
9 32 2
14 37 2
10 112 1
52 61 2
68 118 1
0 9 2
40 56 2
10 58 2
14 52 2
25 34 2
22 58 2
56 68 2
24 55 2
49 139 1
2 77 2
6 91 1
32 75 2
3 65 2
29 39 2
30 55 2
26 54 2
50 62 2
45 126 1
43 129 1
3 80 2
59 63 2
42 131 1
32 95 1
79 97 1
0 14 2
34 68 2
17 34 2
23 100 2
1 18 2
43 137 1
49 59 2
24 35 2
3 43 2
11 52 2
46 51 2
12 56 2
79 133 1
7 41 2
10 51 2
51 66 2
38 44 2
20 60 2
12 82 2
3 127 2
1 138 2
7 55 2
7 25 2
29 93 1
41 82 2
36 87 1
23 116 1
52 79 2
56 67 2
23 67 2
2 106 1
61 78 2
25 56 2
2 22 2
59 115 2
42 137 1
59 136 1
56 137 2
8 63 2
74 109 1
38 54 2
24 101 1
15 49 2
11 47 2
25 32 2
26 50 2
46 53 2
31 38 2
50 69 2
4 23 2
73 137 1
20 137 1
78 92 1
11 15 2
74 76 2
11 59 2
6 15 2
36 73 2
11 26 2
10 67 2
1 28 2
20 136 1
35 100 2
43 54 2
40 82 2
21 66 2
14 24 2
25 44 2
27 53 2
58 114 2
11 28 2
25 72 2
53 66 2
18 45 2
42 74 2
10 92 1
23 93 1
56 118 2
31 50 2
49 91 2
41 65 2
8 49 2
40 50 2
20 29 2
76 90 1
19 29 2
26 87 2
18 105 2
50 75 2
6 30 2
53 70 2
11 92 2
4 33 2
8 46 2
14 65 2
29 45 2
19 77 2
83 133 1
4 56 2
32 73 2
49 70 2
23 136 1
57 76 2
23 25 2
8 100 2
22 75 2
0 13 2
29 30 2
14 135 1
65 89 1
82 139 1
48 127 1
39 72 2
17 63 2
52 101 2
14 20 2
11 123 1
72 80 2
21 86 1
56 106 1
3 53 2
37 137 1
5 58 2
25 109 2
5 39 2
12 103 1
59 69 2
1 96 1
27 59 2
56 107 2
47 138 1
51 53 2
42 81 2
37 118 1
1 76 2
35 39 2
70 82 2
8 10 2
7 62 2
23 29 2
2 81 2
19 82 2
57 74 2
11 102 1
23 79 2
17 57 2
47 82 2
63 90 1
65 72 2
25 55 2
83 138 1
77 128 1
34 75 2
72 110 1
50 74 2
20 48 2
29 58 2
13 55 2
43 115 1
80 100 1
51 74 2
7 44 2
65 117 1
44 119 2
31 58 2
3 54 2
8 84 2
29 62 2
0 58 2
32 35 2
47 105 2
2 21 2
13 92 2
21 38 2
12 14 2
0 5 2
20 44 2
21 138 2
2 62 2
10 57 2
31 63 2
23 40 2
7 71 2
1 83 2
30 66 2
47 72 2
16 120 2
12 47 2
4 55 2
1 32 2
10 40 2
28 127 1
5 7 2
16 76 2
72 79 2
83 128 2
0 32 2
37 60 2
75 116 2
64 75 2
42 106 1
8 47 2
38 67 2
35 77 2
36 128 1
30 72 2
1 2 2
60 135 1
77 125 1
8 61 2
71 80 2
2 71 2
16 37 2
54 66 2
31 60 2
35 84 1
73 82 2
56 80 2
33 46 2
14 83 2
66 75 2
54 86 1
3 135 2
7 81 2
19 56 2
52 67 2
2 17 2
39 50 2
13 61 2
0 18 2
45 63 2
76 81 2
78 84 2
34 48 2
40 61 2
29 134 1
31 40 2
42 73 2
50 95 1
72 99 2
41 73 2
40 60 2
11 53 2
19 43 2
23 37 2
3 122 1
40 42 2
59 102 1
58 76 2
29 117 1
58 75 2
21 60 2
4 82 2
27 45 2
83 117 1
19 89 1
20 80 2
17 54 2
53 54 2
10 78 2
14 34 2
33 55 2
22 38 2
22 73 2
63 92 1
37 40 2
40 79 2
17 36 2
27 78 2
33 57 2
53 56 2
42 83 2
19 75 2
43 66 2
59 62 2
14 40 2
24 106 1
61 67 2
32 49 2
43 82 2
42 77 2
36 99 1
15 78 2
17 133 1
18 134 2
21 26 2
34 54 2
46 105 1
65 94 1
28 98 1
55 78 2
8 120 1
50 104 2
8 91 1
12 74 2
18 27 2
36 102 1
26 73 2
27 61 2
25 69 2
38 58 2
21 118 1
59 105 1
49 99 1
75 117 2
17 50 2
43 62 2
61 75 2
24 43 2
23 59 2
72 116 1
25 36 2
49 136 1
6 38 2
21 68 2
12 52 2
4 8 2
29 65 2
6 60 2
12 17 2
1 26 2
31 72 2
48 56 2
22 67 2
33 82 2
42 66 2
3 36 2
37 68 2
20 35 2
18 75 2
33 60 2
4 73 2
76 93 1
12 70 2
51 139 2
8 66 2
46 55 2
45 81 2
64 113 1
9 79 2
52 55 2
48 64 2
24 50 2
72 74 2
27 30 2
3 81 2
61 64 2
1 43 2
8 69 2
10 52 2
30 70 2
47 123 1
19 50 2
12 41 2
3 7 2
3 42 2
42 44 2
40 67 2
14 39 2
32 96 1
7 57 2
31 124 2
75 130 1
21 112 1
27 121 1
2 57 2
22 48 2
15 102 1
14 77 2
51 61 2
30 82 2
80 104 1
20 38 2
8 37 2
33 68 2
13 51 2
28 35 2
34 82 2
40 68 2
31 70 2
72 90 2
49 126 1
24 91 1
10 98 1
14 43 2
58 68 2
11 20 2
18 64 2
5 10 2
51 62 2
12 34 2
50 89 1
32 48 2
8 108 1
5 24 2
21 46 2
1 19 2
11 21 2
55 73 2
27 80 2
31 76 2
47 79 2
51 120 1
37 75 2
4 19 2
13 37 2
29 52 2
8 29 2
16 50 2
2 19 2
58 77 2
30 59 2
2 113 1
2 82 2
74 106 1
13 60 2
27 63 2
31 47 2
24 66 2
35 94 1
39 94 2
13 75 2
17 53 2
33 112 2
63 123 1
27 41 2
53 97 2
3 11 2
76 134 1
52 107 1
27 42 2
16 138 2
56 58 2
4 102 2
36 58 2
24 83 2
75 108 1
38 121 2
54 61 2
34 64 2
37 43 2
19 46 2
11 77 2
20 98 2
21 67 2
45 62 2
47 91 1
9 119 2
18 68 2
77 117 1
16 28 2
17 42 2
15 76 2
49 63 2
17 126 1
60 68 2
45 82 2
68 110 2
58 71 2
37 82 2
20 31 2
4 11 2
25 93 1
40 46 2
81 135 2
9 135 2
53 59 2
51 91 1
46 72 2
19 35 2
22 39 2
6 22 2
44 134 1
57 85 1
54 58 2
24 119 2
15 58 2
2 25 2
22 79 2
51 103 1
65 109 1
48 99 1
21 103 1
20 46 2
0 120 1
14 44 2
33 65 2
26 49 2
24 42 2
63 67 2
14 112 2
6 69 2
69 73 2
80 125 1
63 77 2
3 115 2
38 138 1
16 62 2
6 33 2
15 63 2
60 127 1
26 47 2
48 110 2
37 45 2
27 133 1
74 85 1
17 71 2
70 133 1
18 71 2
43 47 2
26 35 2
62 101 2
0 4 2
21 40 2
54 120 1
2 53 2
68 72 2
55 112 1
2 40 2
41 78 2
1 16 2
46 127 2
77 111 1
61 66 2
14 68 2
76 102 1
41 92 2
51 117 2
62 117 1
44 70 2
35 79 2
0 66 2
2 88 1
63 65 2
51 76 2
37 112 2
21 100 1
82 107 1
25 28 2
56 125 2
9 33 2
6 75 2
59 66 2
7 61 2
43 58 2
16 70 2
0 111 1
40 73 2
22 82 2
66 77 2
48 77 2
39 136 1
4 106 1
23 26 2
47 73 2
33 107 2
14 121 2
13 19 2
2 51 2
56 86 1
27 48 2
23 132 1
4 63 2
44 75 2
0 130 1
39 76 2
20 36 2
42 53 2
40 51 2
19 42 2
38 53 2
16 41 2
43 44 2
36 68 2
38 118 2
8 64 2
64 71 2
66 86 1
63 68 2
2 75 2
1 102 1
23 31 2
23 82 2
48 55 2
61 68 2
0 112 1
33 103 1
16 74 2
60 63 2
71 137 1
4 5 2
78 81 2
54 77 2
35 73 2
19 78 2
6 27 2
10 69 2
15 95 2
1 70 2
7 34 2
63 66 2
15 81 2
40 93 1
22 78 2
28 29 2
43 57 2
2 24 2
67 100 1
14 54 2
28 58 2
13 29 2
30 69 2
18 30 2
9 89 2
33 51 2
0 25 2
29 53 2
15 66 2
5 79 2
78 96 2
30 53 2
55 64 2
53 84 2
54 59 2
14 49 2
54 56 2
5 46 2
30 58 2
51 55 2
74 136 1
4 30 2
23 43 2
32 45 2
32 39 2
10 72 2
1 9 2
10 42 2
74 75 2
15 47 2
36 57 2
29 78 2
21 131 2
59 82 2
68 117 1
23 139 1
67 78 2
48 68 2
4 78 2
15 128 1
16 52 2
82 98 1
47 63 2
72 73 2
11 27 2
37 102 2
42 87 2
18 47 2
5 101 1
10 16 2
1 3 2
65 74 2
34 79 2
7 54 2
33 94 2
49 79 2
62 81 2
32 69 2
0 95 2
28 65 2
63 73 2
2 48 2
1 14 2
20 77 2
48 76 2
4 62 2
28 31 2
7 51 2
56 64 2
3 39 2
35 55 2
60 100 1
49 67 2
65 82 2
60 139 1
82 92 1
18 41 2
8 59 2
62 71 2
9 57 2
36 56 2
64 103 1
36 54 2
16 89 1
25 67 2
16 71 2
11 91 2
24 113 2
30 121 2
67 69 2
83 100 1
64 74 2
58 69 2
9 17 2
4 99 1
44 64 2
45 75 2
37 93 1
38 105 1
53 82 2
41 80 2
60 97 1
75 81 2
37 103 2
71 132 1
16 48 2
30 68 2
63 120 2
48 79 2
33 48 2
32 33 2
2 73 2
18 65 2
11 43 2
27 95 1
49 116 1
27 57 2
44 55 2
18 110 2
38 57 2
71 129 1
21 73 2
7 43 2
63 75 2
2 54 2
0 57 2
34 106 1
1 64 2
29 37 2
35 130 1
4 46 2
19 71 2
2 29 2
35 112 1
68 97 1
51 52 2
42 132 1
0 52 2
63 74 2
17 31 2
39 67 2
20 25 2
14 27 2
9 61 2
3 22 2
59 120 1
26 52 2
40 95 1
8 113 1
9 22 2
17 81 2
18 37 2
66 102 1
58 123 2
39 56 2
3 60 2
58 139 1
4 44 2
35 65 2
81 102 2
2 59 2
81 103 1
47 95 2
11 62 2
31 83 2
34 35 2
12 64 2
54 65 2
31 120 1
83 112 1
45 128 2
62 63 2
37 116 1
34 39 2
25 59 2
5 83 2
9 36 2
8 32 2
75 78 2
78 83 2
22 61 2
24 60 2
64 90 1
17 52 2
47 59 2
11 66 2
11 74 2
60 80 2
46 59 2
4 60 2
31 111 1
49 54 2
34 62 2
66 105 1
35 78 2
60 134 2
17 70 2
22 25 2
33 131 1
22 24 2
60 126 1
2 15 2
6 108 1
46 50 2
0 39 2
45 58 2
5 48 2
5 21 2
37 97 2
44 67 2
60 64 2
71 112 2
24 124 1
38 132 1
0 128 1
47 62 2
25 29 2
1 13 2
3 19 2
0 3 2
56 73 2
13 43 2
59 73 2
29 83 2
53 68 2
41 66 2
43 70 2
27 75 2
34 83 2
0 126 2
12 32 2
35 75 2
23 45 2
17 75 2
9 10 2
0 1 2
10 11 2
83 139 2
7 39 2
45 80 2
19 55 2
41 79 2
5 45 2
2 68 2
9 56 2
37 38 2
39 45 2
14 59 2
7 14 2
29 60 2
11 33 2
24 32 2
18 97 2
4 57 2
0 56 2
57 121 2
18 131 1
23 46 2
15 25 2
11 95 1
17 64 2
4 40 2
5 87 2
4 74 2
16 68 2
59 76 2
2 36 2
39 119 2
33 132 1
43 77 2
29 76 2
23 68 2
32 66 2
73 90 1
35 80 2
40 118 1
1 59 2
34 134 2
66 96 1
82 118 1
37 114 1
23 83 2
3 13 2
63 86 1
28 139 1
19 57 2
6 98 1
65 113 1
22 37 2
23 64 2
41 72 2
42 51 2
21 24 2
11 69 2
71 90 1
18 36 2
54 82 2
61 73 2
59 83 2
30 75 2
22 34 2
4 58 2
15 97 2
58 132 2
46 68 2
46 103 1
52 76 2
14 71 2
64 121 1
44 47 2
15 90 1
24 39 2
47 113 2
57 138 1
4 137 1
32 52 2
5 63 2
19 63 2
2 137 1
6 10 2
21 81 2
27 82 2
43 50 2
5 67 2
29 91 1
14 50 2
7 29 2
13 22 2
34 69 2
5 81 2
42 133 1
5 6 2
82 106 1
47 67 2
11 18 2
14 74 2
52 92 2
1 67 2
20 37 2
22 71 2
33 47 2
8 14 2
8 55 2
72 103 1
14 88 1
8 132 1
60 77 2
63 114 2
8 103 2
22 92 1
2 30 2
2 64 2
63 64 2
26 79 2
60 83 2
37 69 2
47 78 2
6 83 2
81 110 1
53 113 1
80 139 1
11 16 2
58 85 2
19 22 2
4 39 2
55 65 2
28 135 1
41 70 2
37 95 1
13 70 2
61 123 1
56 93 1
36 74 2
27 56 2
78 80 2
53 75 2
13 39 2
18 60 2
7 42 2
22 41 2
20 92 1
45 119 1
2 121 1
6 26 2
3 26 2
51 122 1
25 58 2
7 83 2
22 32 2
62 128 2
20 57 2
67 71 2
33 36 2
60 109 2
12 48 2
60 75 2
21 28 2
32 121 2
18 34 2
20 106 2
60 71 2
27 36 2
13 48 2
22 31 2
9 39 2
22 69 2
25 126 2
43 60 2
4 12 2
2 23 2
26 68 2
70 76 2
6 50 2
39 116 1
35 135 1
7 24 2
7 50 2
6 79 2
29 79 2
76 110 1
22 59 2
33 61 2
6 18 2
14 38 2
14 57 2
36 96 2
74 83 2
47 81 2
17 40 2
44 130 1
30 42 2
11 96 1
23 81 2
1 52 2
3 92 2
37 79 2
6 127 1
11 137 1
75 98 1
70 74 2
37 111 1
16 26 2
41 138 1
67 86 1
25 98 2
52 109 1
17 55 2
15 73 2
14 16 2
57 72 2
10 21 2
33 91 1
69 137 2
49 55 2
67 73 2
6 82 2
19 25 2
13 52 2
69 103 1
28 42 2
16 72 2
27 32 2
9 105 2
68 74 2
30 54 2
40 100 1
10 79 2
52 77 2
68 92 2
69 80 2
15 32 2
36 82 2
15 40 2
63 82 2
2 3 2
16 33 2
66 107 1
45 67 2
21 59 2
17 65 2
28 101 1
15 71 2
0 48 2
66 83 2
71 94 1
29 80 2
24 109 1
34 60 2
0 35 2
28 109 1
43 45 2
29 61 2
16 66 2
52 54 2
33 34 2
2 115 1
72 86 1
25 137 1
21 47 2
67 68 2
26 75 2
34 50 2
36 132 2
60 74 2
44 62 2
6 110 2
5 15 2
4 7 2
0 6 2
6 42 2
13 80 2
19 47 2
51 129 2
17 73 2
12 120 1
39 69 2
1 10 2
37 124 1
14 80 2
23 75 2
77 136 2
26 46 2
64 81 2
27 120 1
45 52 2
3 63 2
3 9 2
28 48 2
59 131 2
23 102 1
34 58 2
1 107 1
2 39 2
60 61 2
2 133 1
31 48 2
1 68 2
22 96 1
26 101 1
28 38 2
52 87 1
17 23 2
43 61 2
8 134 1
11 48 2
3 103 1
16 29 2
9 77 2
3 70 2
24 123 2
79 114 2
36 135 2
72 113 2
46 61 2
33 97 1
15 65 2
1 58 2
27 71 2
0 2 2
0 30 2
0 19 2
20 111 2
28 93 2
32 76 2
10 75 2
13 63 2
27 83 2
22 114 1
48 80 2
58 109 1
8 21 2
4 72 2
24 62 2
55 77 2
11 29 2
0 51 2
8 78 2
17 60 2
13 69 2
32 120 1
26 43 2
14 60 2
62 121 1
18 61 2
46 69 2
14 28 2
13 20 2
0 41 2
70 77 2
9 124 1
20 109 1
32 81 2
25 38 2
36 48 2
7 36 2
28 64 2
34 44 2
39 55 2
7 22 2
10 19 2
32 108 1
47 74 2
82 130 1
52 73 2
16 55 2
6 80 2
39 47 2
4 53 2
79 115 1
62 72 2
63 83 2
16 95 1
73 105 1
41 44 2
44 54 2
57 78 2
1 127 1
66 93 1
17 21 2
28 47 2
20 50 2
60 79 2
54 111 2
68 78 2
48 88 1
46 74 2
63 103 1
13 123 2
69 128 1
8 83 2
12 127 1
73 126 1
36 108 1
9 78 2
61 65 2
24 51 2
36 94 2
53 64 2
4 134 1
73 81 2
0 34 2
0 72 2
67 105 1
45 56 2
14 25 2
21 62 2
1 78 2
15 50 2
11 54 2
11 49 2
62 76 2
36 80 2
81 100 1
13 26 2
7 27 2
21 25 2
41 49 2
3 66 2
39 78 2
6 46 2
9 53 2
26 131 2
46 63 2
15 18 2
24 68 2
5 56 2
16 137 1
16 53 2
47 61 2
21 139 2
6 13 2
30 39 2
71 74 2
42 122 1
21 57 2
1 35 2
53 62 2
37 70 2
22 43 2
5 75 2
35 37 2
5 82 2
1 17 2
9 27 2
9 82 2
35 51 2
10 134 1
69 82 2
83 131 1
81 124 1
20 74 2
5 25 2
18 101 1
40 81 2
57 79 2
12 59 2
4 80 2
43 73 2
2 76 2
47 68 2
81 82 2
4 100 1
20 103 1
24 63 2
76 128 1
67 81 2
2 67 2
8 27 2
59 112 1
72 107 2
10 62 2
2 114 2
19 48 2
26 86 1
35 47 2
5 60 2
56 63 2
6 52 2
4 42 2
10 53 2
57 92 1
50 70 2
79 82 2
7 106 1
21 75 2
8 58 2
12 28 2
33 69 2
10 33 2
29 59 2
37 74 2
33 74 2
28 50 2
21 22 2
21 113 1
20 39 2
15 114 1
28 75 2
49 76 2
54 132 1
4 49 2
19 26 2
50 81 2
0 27 2
7 12 2
1 110 1
27 28 2
46 125 2
74 80 2
31 64 2
20 73 2
35 53 2
57 66 2
10 95 2
9 29 2
6 70 2
8 26 2
3 27 2
21 64 2
55 139 2
9 23 2
61 84 1
4 43 2
41 132 1
39 43 2
48 57 2
16 17 2
6 14 2
42 56 2
9 16 2
18 54 2
36 112 1
56 72 2
18 92 1
13 31 2
61 79 2
14 22 2
15 105 1
67 76 2
24 80 2
11 73 2
4 16 2
15 121 1
59 114 1
13 86 1
23 115 2
8 115 1
26 134 1
26 69 2
21 55 2
30 107 2
34 57 2
32 56 2
7 32 2
51 65 2
74 114 1
12 81 2
82 89 2
31 41 2
72 105 1
11 72 2
1 63 2
38 50 2
62 69 2
4 67 2
3 76 2
20 61 2
18 72 2
47 94 1
58 61 2
0 54 2
10 49 2
23 112 1
43 51 2
34 86 1
28 63 2
73 83 2
59 137 2
12 19 2
26 64 2
48 105 1
60 70 2
81 118 1
64 110 1
70 118 1
40 44 2
32 134 1
6 8 2
79 129 1
67 74 2
44 109 1
25 35 2
68 70 2
28 40 2
12 68 2
5 68 2
75 96 1
36 62 2
60 73 2
26 106 1
13 101 1
38 83 2
43 125 2
40 116 2
56 65 2
54 70 2
9 80 2
66 74 2
3 99 1
11 70 2
42 62 2
21 23 2
0 117 1
6 120 2
30 74 2
2 108 2
65 121 1
15 64 2
3 74 2
21 30 2
30 57 2
18 42 2
45 47 2
40 70 2
21 56 2
73 77 2
27 37 2
52 59 2
12 46 2
5 37 2
71 101 1
6 65 2
68 137 1
29 32 2
38 72 2
47 51 2
9 43 2
9 137 1
35 68 2
8 11 2
74 86 1
42 75 2
32 40 2
67 106 1
75 76 2
9 112 1
2 61 2
69 75 2
38 41 2
15 46 2
44 69 2
2 74 2
8 50 2
66 133 1
36 38 2
66 69 2
29 35 2
29 66 2
60 65 2
45 76 2
23 80 2
32 42 2
18 104 1
39 48 2
72 136 1
5 33 2
35 70 2
74 81 2
18 76 2
50 78 2
12 65 2
67 79 2
4 29 2
51 83 2
14 46 2
53 71 2
18 39 2
37 46 2
21 83 2
69 74 2
18 58 2
1 12 2
81 92 1
15 39 2
32 85 1
54 67 2
28 49 2
16 124 1
6 77 2
19 70 2
79 107 1
68 79 2
11 76 2
40 103 1
17 41 2
47 55 2
70 137 1
30 64 2
1 53 2
72 83 2
49 50 2
44 46 2
43 80 2
9 129 1
15 54 2
81 93 2
1 85 2
29 40 2
50 66 2
9 73 2
46 87 1
4 70 2
21 33 2
40 69 2
37 47 2
22 47 2
12 58 2
38 45 2
6 29 2
7 21 2
55 63 2
0 77 2
14 107 2
10 30 2
22 72 2
36 77 2
51 100 2
16 59 2
30 89 2
35 98 2
21 76 2
24 100 1
10 119 1
25 39 2
51 72 2
48 70 2
37 49 2
1 124 1
63 80 2
34 66 2
42 129 2
31 52 2
28 55 2
24 28 2
24 33 2
11 39 2
25 92 1
9 75 2
61 93 1
28 66 2
75 125 2
9 83 2
30 41 2
13 38 2
57 73 2
58 84 1
15 28 2
11 71 2
14 117 1
46 116 2
18 43 2
9 42 2
17 29 2
39 86 1
46 134 1
28 104 1
78 82 2
10 106 2
3 20 2
73 112 1
20 71 2
19 45 2
13 68 2
69 131 1
10 60 2
22 44 2
9 15 2
55 56 2
14 35 2
46 47 2
52 57 2
17 32 2
24 57 2
37 73 2
4 59 2
2 4 2
11 37 2
4 17 2
10 14 2
42 59 2
55 137 1
76 135 1
73 96 1
33 90 1
16 77 2
32 55 2
39 54 2
3 75 2
19 41 2
6 55 2
20 82 2
19 40 2
28 36 2
43 74 2
18 53 2
30 56 2
13 57 2
30 33 2
58 135 1
43 56 2
14 53 2
19 122 1
10 118 2
17 137 1
6 17 2
5 54 2
14 82 2
12 53 2
44 127 1
16 35 2
17 49 2
56 84 1
9 64 2
12 114 1
7 19 2
25 51 2
9 54 2
3 56 2
19 110 1
52 81 2
57 63 2
16 81 2
7 38 2
25 27 2
64 69 2
43 67 2
42 45 2
36 49 2
74 104 1
66 80 2
77 139 1
24 41 2
30 40 2
47 85 2
76 103 1
51 63 2
25 78 2
77 79 2
34 47 2
25 86 1
3 37 2
6 102 2
36 72 2
1 101 1
12 72 2
51 79 2
33 35 2
56 57 2
0 79 2
49 62 2
28 53 2
22 50 2
29 56 2
39 73 2
35 52 2
71 87 1
48 65 2
20 69 2
65 67 2
37 117 1
45 73 2
33 70 2
9 25 2
15 27 2
36 43 2
40 104 2
31 99 1
48 52 2
31 113 2
50 64 2
43 84 1
26 78 2
79 80 2
10 138 2
4 34 2
3 61 2
45 70 2
20 58 2
19 133 1
12 51 2
19 66 2
73 115 1
18 77 2
55 69 2
59 65 2
11 38 2
16 25 2
31 54 2
3 24 2
29 49 2
38 127 2
2 28 2
9 20 2
62 79 2
23 27 2
34 87 2
10 103 1
67 90 2
22 76 2
30 45 2
38 79 2
57 58 2
30 99 2
52 122 2
48 50 2
40 45 2
35 120 2
2 52 2
83 110 1
30 83 2
13 59 2
14 29 2
30 110 1
21 50 2
36 41 2
4 69 2
58 70 2
40 49 2
69 77 2
6 78 2
36 138 1
54 69 2
22 107 1
42 138 1
36 64 2
64 102 1
13 71 2
4 38 2
54 76 2
53 126 1
61 126 2
45 135 1
44 122 1
56 132 1
11 79 2
5 47 2
63 124 1
58 72 2
29 72 2
82 94 1
44 73 2
49 98 1
31 104 2
55 116 1
34 85 1
44 48 2
32 78 2
15 79 2
7 18 2
16 115 1
5 137 1
4 37 2
47 77 2
67 132 2
8 67 2
45 84 1
73 104 2
39 117 1
13 28 2
33 135 1
40 77 2
28 92 1
25 31 2
44 45 2
37 80 2
26 137 1
2 117 2
42 47 2
36 76 2
29 34 2
19 31 2
58 134 2
51 68 2
28 70 2
21 51 2
79 132 1
71 104 2
9 12 2
22 42 2
27 44 2
45 66 2
34 45 2
17 68 2
19 51 2
29 70 2
7 49 2
3 31 2
0 135 1
1 69 2
17 74 2
21 44 2
49 73 2
47 71 2
14 45 2
8 70 2
11 57 2
18 109 2
31 106 1
63 71 2
15 20 2
6 61 2
26 74 2
55 87 1
29 68 2
61 121 1
7 59 2
10 32 2
18 82 2
46 65 2
76 118 1
1 31 2
22 124 2
20 45 2
10 18 2
13 79 2
13 44 2
65 102 1
38 75 2
53 55 2
4 13 2
10 38 2
36 83 2
45 74 2
51 60 2
70 102 1
8 60 2
32 113 1
17 79 2
78 121 1
19 124 2
4 27 2
6 19 2
9 14 2
13 74 2
18 87 1
68 133 1
25 106 1
19 28 2
20 28 2
17 110 1
42 63 2
4 61 2
1 27 2
6 16 2
3 46 2
7 37 2
20 72 2
69 71 2
26 111 1
40 80 2
58 80 2
51 77 2
78 137 2
14 86 1
7 20 2
61 131 1
52 82 2
42 68 2
24 76 2
68 88 2
13 24 2
7 30 2
31 81 2
30 104 1
17 58 2
20 129 1
5 19 2
33 77 2
66 121 1
12 35 2
25 96 2
68 91 2
13 56 2
18 50 2
6 59 2
10 70 2
31 82 2
36 79 2
66 91 1
44 51 2
60 113 1
17 80 2
2 13 2
1 15 2
80 98 1
22 45 2
0 16 2
66 127 2
6 39 2
53 67 2
51 70 2
7 17 2
19 74 2
12 49 2
39 79 2
41 134 1
43 81 2
35 50 2
52 138 1
10 39 2
25 79 2
41 101 1
34 89 2
50 67 2
56 78 2
54 68 2
44 72 2
20 114 2
12 40 2
72 89 1
58 89 1
4 77 2
9 104 1
37 55 2
44 111 2
2 47 2
80 134 2
46 71 2
50 114 2
22 53 2
67 77 2
41 89 1
58 91 2
43 71 2
36 63 2
48 107 1
16 109 2
36 51 2
57 119 1
5 106 2
10 82 2
31 45 2
16 40 2
31 119 1
63 76 2
30 62 2
19 44 2
1 117 1
10 91 1
24 70 2
30 37 2
74 133 2
62 75 2
25 66 2
5 73 2
59 77 2
34 55 2
51 81 2
61 90 1
0 37 2
35 108 1
51 59 2
54 62 2
46 82 2
4 121 1
23 55 2
68 138 1
70 122 2
52 117 1
55 71 2
59 61 2
80 91 1
32 50 2
35 74 2
8 33 2
3 23 2
80 85 2
48 66 2
12 133 1
14 32 2
30 94 1
40 62 2
33 138 1
12 33 2
36 55 2
55 117 1
4 31 2
70 79 2
52 75 2
46 58 2
55 83 2
43 48 2
4 92 1
7 70 2
29 42 2
49 65 2
74 82 2
61 116 2
17 129 1
14 92 1
20 83 2
55 61 2
8 40 2
43 124 1
66 122 2
54 92 2
3 96 1
10 109 1
0 45 2
38 106 1
8 77 2
47 134 1
18 46 2
18 20 2
11 40 2
28 110 2
58 98 1
48 138 1
45 54 2
15 51 2
37 53 2
17 46 2
8 19 2
45 117 1
18 48 2
5 43 2
41 61 2
13 72 2
44 126 1
53 63 2
71 83 2
18 44 2
7 56 2
35 107 1
7 9 2
62 90 1
50 51 2
13 47 2
26 53 2
33 40 2
0 50 2
39 110 1
82 123 1
19 60 2
45 46 2
12 26 2
7 66 2
13 77 2
30 31 2
69 108 1
2 79 2
73 75 2
10 50 2
33 137 1
33 96 2
74 107 1
13 82 2
23 62 2
68 73 2
22 23 2
79 96 1
31 114 1
12 45 2
4 41 2
72 77 2
10 43 2
73 116 2
50 53 2
55 70 2
35 62 2
17 97 1
3 133 2
23 73 2
23 104 2
48 61 2
12 77 2
13 109 1
25 30 2
61 62 2
1 23 2
53 61 2
6 117 1
31 96 2
7 53 2
5 78 2
65 71 2
31 69 2
34 70 2
37 127 2
31 53 2
28 87 1
23 39 2
31 61 2
37 72 2
62 68 2
11 23 2
7 72 2
12 116 2
18 70 2
34 135 1
40 139 1
12 27 2
70 95 1
11 121 1
64 92 2
17 85 1
52 63 2
45 48 2
19 20 2
48 53 2
21 126 1
15 37 2
46 60 2
18 32 2
63 78 2
38 70 2
44 58 2
27 124 1
35 58 2
31 59 2
46 64 2
15 38 2
2 11 2
48 78 2
47 69 2
53 83 2
11 63 2
14 130 1
22 83 2
74 115 1
51 78 2
12 30 2
40 97 2
33 76 2
80 82 2
38 48 2
15 77 2
82 112 2
8 76 2
59 70 2
8 72 2
24 73 2
6 56 2
53 78 2
1 89 1
43 68 2
22 63 2
66 72 2
15 69 2
15 34 2
21 32 2
29 43 2
56 91 1
28 138 2
48 90 1
36 39 2
74 122 2
9 74 2
53 65 2
1 71 2
6 123 1
29 69 2
26 67 2
4 47 2
2 35 2
28 99 2
40 75 2
56 66 2
0 24 2
3 16 2
14 115 1
3 83 2
53 81 2
23 50 2
47 70 2
8 45 2
3 123 2
66 129 2
46 56 2
48 131 1
6 64 2
19 49 2
39 82 2
4 83 2
28 126 1
77 78 2
32 58 2
74 90 1
61 80 2
0 75 2
9 69 2
43 83 2
48 119 2
58 66 2
54 64 2
26 80 2
78 113 1
2 111 2
24 47 2
5 8 2
14 64 2
39 68 2
3 94 2
15 59 2
2 42 2
12 62 2
74 89 1
18 67 2
45 136 2
57 71 2
62 87 1
12 37 2
26 56 2
62 111 1
44 49 2
17 25 2
66 89 1
21 35 2
13 122 2
81 83 2
72 78 2
27 54 2
49 93 2
6 81 2
14 81 2
33 39 2
70 87 2
0 22 2
38 71 2
48 91 1
78 104 1
18 56 2
25 68 2
0 42 2
13 36 2
23 35 2
30 127 1
39 59 2
8 112 1
38 68 2
48 75 2
14 66 2
3 106 2
13 54 2
3 101 2
17 59 2
47 97 1
21 31 2
51 80 2
4 50 2
32 74 2
30 80 2
50 73 2
71 122 1
44 124 2
60 67 2
3 68 2
31 67 2
50 128 1
53 58 2
59 64 2
69 129 2
9 50 2
49 60 2
53 73 2
21 79 2
15 123 2
27 91 2
8 15 2
10 68 2
4 20 2
8 34 2
15 103 1
32 82 2
62 67 2
46 52 2
35 59 2
54 112 2
46 77 2
66 115 1
8 18 2
46 119 1
39 53 2
15 56 2
33 50 2
27 79 2
33 93 2
59 139 1
44 56 2
25 73 2
50 79 2
66 124 1
17 27 2
13 62 2
26 38 2
76 78 2
14 70 2
5 34 2
61 82 2
3 6 2
7 10 2
2 43 2
38 64 2
47 66 2
36 71 2
8 31 2
14 67 2
79 86 1
57 61 2
43 76 2
14 99 1
25 43 2
17 132 1
27 38 2
28 81 2
55 128 1
79 136 1
6 7 2
21 45 2
11 60 2
62 126 2
6 51 2
39 40 2
11 107 2
11 24 2
50 83 2
3 8 2
70 114 1
76 83 2
39 91 1
47 112 1
37 71 2
37 51 2
10 20 2
19 120 2
26 99 2
19 81 2
1 79 2
9 21 2
16 51 2
68 123 2
36 129 1
35 40 2
67 118 1
54 117 1
83 90 2
58 65 2
33 41 2
6 32 2
58 130 2
65 80 2
49 81 2
39 60 2
43 104 1
1 41 2
33 109 2
56 83 2
14 73 2
3 4 2
15 23 2
10 41 2
5 57 2
6 25 2
45 122 1
30 48 2
5 135 1
6 23 2
36 95 2
8 20 2
13 76 2
21 69 2
25 80 2
60 133 1
81 86 1
20 59 2
13 17 2
28 45 2
56 85 1
42 48 2
63 72 2
26 27 2
15 57 2
56 76 2
1 49 2
13 23 2
16 114 1
16 27 2
23 127 2
2 80 2
24 65 2
77 131 2
45 72 2
3 38 2
31 92 1
42 52 2
62 83 2
33 72 2
21 39 2
50 72 2
66 81 2
39 63 2
18 62 2
16 99 1
49 69 2
37 67 2
65 119 2
1 82 2
66 108 1
42 76 2
6 93 2
7 46 2
16 34 2
11 134 2
36 65 2
15 83 2
30 60 2
46 89 1
8 123 1
58 73 2
13 45 2
60 76 2
33 71 2
7 63 2
15 109 1
35 129 1
10 47 2
16 19 2
2 7 2
49 121 1
70 80 2
6 68 2
10 54 2
29 38 2
19 83 2
0 62 2
30 65 2
0 36 2
34 53 2
26 138 1
16 47 2
2 132 1
33 52 2
32 79 2
3 62 2
33 78 2
24 29 2
0 82 2
59 60 2
24 120 2
49 108 1
20 43 2
44 80 2
61 70 2
40 47 2
48 86 2
9 49 2
35 42 2
39 83 2
16 31 2
38 107 2
54 80 2
80 106 1
20 21 2
3 50 2
15 67 2
29 82 2
12 25 2
0 80 2
42 71 2
25 41 2
80 81 2
57 108 2
33 106 2
35 38 2
17 61 2
22 33 2
26 28 2
22 65 2
69 81 2
12 90 2
50 71 2
13 21 2
21 120 1
70 71 2
48 72 2
14 90 1
16 67 2
38 51 2
28 74 2
11 30 2
55 62 2
53 132 1
23 96 2
16 69 2
26 70 2
26 60 2
9 37 2
73 93 2
11 19 2
59 116 1
21 82 2
11 44 2
25 54 2
23 28 2
27 43 2
42 70 2
81 120 1
19 88 1
70 131 2
67 104 1
9 34 2
5 42 2
65 129 2
56 111 1
11 64 2
46 48 2
14 62 2
58 116 1
20 52 2
36 37 2
56 90 1
39 42 2
14 56 2
37 52 2
74 126 2
36 78 2
28 67 2
67 130 1
39 65 2
34 93 2
9 11 2
40 43 2
6 20 2
83 85 1
13 81 2
23 107 1
27 47 2
33 54 2
37 62 2
19 61 2
36 44 2
57 77 2
25 84 2
8 22 2
24 40 2
13 34 2
73 85 1
33 56 2
18 128 1
1 30 2
34 76 2
28 133 2
52 85 1
6 41 2
1 36 2
2 65 2
37 39 2
27 49 2
62 82 2
12 16 2
57 69 2
67 98 1
17 56 2
56 77 2
12 87 1
40 57 2
31 79 2
33 125 1
33 49 2
25 45 2
48 83 2
8 125 1
33 120 1
20 94 1
51 73 2
2 70 2
36 137 2
1 44 2
9 51 2
6 28 2
28 82 2
62 85 1
30 79 2
22 66 2
30 129 2
26 33 2
27 101 1
32 71 2
27 62 2
5 115 1
22 77 2
8 36 2
54 96 2
30 32 2
24 129 2
61 112 1
34 65 2
32 83 2
2 122 1
37 76 2
33 81 2
27 58 2
47 53 2
23 74 2
49 72 2
1 6 2
71 79 2
79 110 2
31 94 1
13 50 2
17 28 2
48 111 2
61 69 2
13 32 2
24 81 2
4 96 1
25 53 2
63 138 1
6 12 2
15 19 2
65 75 2
75 123 2
37 56 2
71 109 1
8 87 1
10 77 2
5 22 2
73 134 2
4 81 2
14 114 1
14 124 1
13 49 2
42 67 2
49 61 2
14 75 2
11 75 2
12 104 1
35 67 2
3 82 2
24 114 1
31 49 2
11 12 2
29 63 2
0 43 2
2 78 2
27 50 2
13 30 2
67 131 2
4 66 2
37 59 2
9 134 1
19 38 2
34 67 2
6 37 2
33 80 2
30 93 1
43 72 2
17 82 2
20 53 2
5 125 1
5 31 2
2 69 2
43 119 2
24 46 2
2 32 2
39 75 2
35 102 1
13 65 2
10 35 2
9 81 2
34 81 2
0 71 2
47 131 1
2 104 1
41 118 2
6 43 2
69 116 1
52 70 2
3 67 2
25 121 1
9 47 2
20 54 2
1 5 2
54 106 1
11 61 2
39 66 2
51 84 1
38 61 2
7 79 2
14 111 1
31 95 1
31 137 2
11 80 2
67 72 2
41 53 2
55 111 2
13 116 2
48 67 2
42 64 2
18 66 2
35 44 2
30 36 2
33 67 2
41 115 1
9 13 2
2 83 2
59 100 1
14 69 2
0 70 2
60 96 1
7 65 2
15 111 2
51 93 1
50 57 2
62 137 2
57 75 2
12 21 2
67 92 2
65 76 2
32 128 1
26 63 2
0 20 2
8 17 2
27 72 2
69 83 2
34 80 2
58 63 2
10 37 2
74 78 2
44 59 2
61 138 1
38 134 1
0 67 2
3 29 2
24 85 2
81 111 1
40 78 2
32 105 2
53 121 1
43 131 1
6 36 2
20 47 2
11 65 2
83 103 1
68 136 1
56 60 2
3 33 2
13 66 2
55 82 2
80 123 1
4 51 2
2 45 2
27 77 2
4 35 2
46 62 2
52 66 2
34 46 2
43 64 2
77 95 1
4 24 2
50 61 2
8 30 2
30 71 2
29 90 1
22 62 2
45 53 2
32 43 2
47 60 2
20 34 2
28 60 2
28 73 2
0 78 2
74 135 1
56 71 2
56 129 1
12 83 2
50 63 2
57 83 2
37 122 2
40 71 2
61 76 2
3 32 2
35 41 2
3 21 2
28 129 2
7 58 2
26 82 2
29 47 2
0 44 2
5 62 2
9 66 2
54 121 1
30 76 2
33 44 2
36 89 1
19 53 2
25 105 1
57 93 1
38 62 2
26 58 2
24 75 2
80 137 2
5 80 2
16 78 2
5 128 2
3 132 1
20 32 2
8 96 1
9 71 2
5 20 2
37 84 1
60 82 2
63 135 1
18 83 2
64 115 1
27 76 2
23 84 2
47 52 2
20 118 1
65 68 2
6 57 2
23 77 2
20 64 2
35 46 2
53 106 1
32 127 1
82 101 2
2 58 2
54 101 2
20 55 2
3 124 1
21 43 2
51 127 2
15 44 2
29 55 2
21 53 2
64 109 1
49 64 2
31 44 2
67 125 1
35 57 2
33 62 2
0 26 2
22 35 2
70 123 2
28 30 2
49 52 2
18 24 2
31 66 2
14 36 2
46 81 2
5 117 2
28 32 2
10 121 1
17 45 2
54 60 2
16 83 2
70 98 2
3 59 2
23 63 2
0 74 2
8 16 2
28 41 2
18 29 2
24 78 2
25 26 2
41 76 2
48 63 2
82 136 1
33 79 2
10 127 1
6 87 2
46 57 2
22 64 2
82 111 1
28 114 1
60 72 2
20 99 2
25 61 2
51 58 2
44 66 2
55 74 2
42 134 2
81 113 1
2 31 2
21 128 2
24 64 2
16 22 2
74 77 2
33 43 2
5 95 1
43 75 2
12 54 2
25 81 2
34 133 2
11 25 2
41 64 2
29 51 2
49 53 2
64 79 2
47 57 2
41 56 2
74 116 1
29 75 2
68 80 2
28 69 2
17 39 2
0 15 2
15 45 2
14 85 1
46 117 1
9 26 2
21 107 1
7 75 2
26 45 2
28 71 2
13 93 1
48 49 2
50 80 2
10 71 2
31 43 2
4 84 1
29 125 2
65 81 2
2 90 2
25 47 2
56 104 1
71 108 2
57 114 1
18 55 2
20 70 2
70 85 1
17 24 2
4 112 1
22 135 1
28 132 2
50 127 1
50 121 1
27 55 2
8 56 2
23 76 2
69 110 1
46 76 2
40 130 1
12 20 2
18 79 2
45 50 2
54 71 2
44 52 2
12 55 2
45 85 2
11 31 2
9 84 2
19 67 2
53 57 2
0 116 2
5 77 2
22 49 2
28 80 2
62 100 1
20 42 2
69 78 2
21 70 2
23 57 2
8 75 2
13 14 2
6 62 2
81 87 1
15 48 2
25 62 2
21 93 2
62 84 2
27 65 2
52 72 2
22 130 1
67 120 1
10 24 2
29 33 2
3 49 2
3 12 2
56 133 1
49 80 2
81 137 1
28 112 1
27 116 1
0 31 2
40 55 2
77 137 1
64 82 2
26 37 2
18 74 2
18 52 2
54 75 2
30 52 2
6 31 2
50 54 2
22 115 2
25 76 2
66 84 2
64 133 1
21 105 1
8 71 2
45 110 2
49 133 1
29 57 2
67 75 2
56 81 2
1 54 2
6 58 2
73 79 2
5 18 2
10 86 1
3 47 2
39 112 2
59 84 1
75 107 1
1 80 2
63 134 1
14 48 2
25 64 2
28 54 2
70 83 2
34 52 2
16 64 2
6 24 2
40 83 2
32 57 2
46 49 2
38 47 2
8 57 2
46 128 1
77 132 1
20 126 2
7 60 2
13 103 2
68 128 2
1 114 1
38 42 2
4 14 2
29 121 2
25 63 2
30 34 2
43 108 2
24 69 2
2 33 2
16 54 2
20 138 2
8 105 2
48 112 2
39 52 2
38 59 2
13 58 2
38 78 2
19 36 2
57 62 2
14 63 2
15 24 2
41 45 2
78 111 1
31 65 2
25 37 2
14 26 2
5 66 2
4 91 2
45 112 1
0 73 2
47 56 2
76 99 1
45 60 2
60 78 2
3 18 2
55 129 1
40 117 1
22 106 2
12 13 2
28 37 2
55 67 2
30 77 2
44 78 2
2 55 2
18 51 2
52 93 1
19 30 2
9 68 2
48 71 2
77 88 1
2 49 2
29 67 2
1 62 2
5 44 2
43 55 2
53 79 2
26 36 2
28 46 2
71 73 2
12 78 2
71 72 2
45 103 2
78 79 2
50 68 2
77 134 2
67 103 1
28 44 2
55 59 2
0 125 2
64 87 2
47 93 1
80 83 2
32 80 2
23 48 2
9 44 2
48 54 2
57 94 1
33 83 2
57 132 1
32 72 2
64 72 2
6 45 2
15 29 2
41 51 2
20 88 1
5 61 2
69 98 1
21 48 2
19 118 1
24 54 2
19 80 2
62 70 2
58 74 2
31 109 2
64 99 2
17 76 2
13 33 2
18 126 1
77 119 1
50 58 2
61 115 1
25 42 2
30 139 1
39 126 2
36 40 2
47 92 1
15 17 2
12 18 2
69 87 1
12 60 2
10 44 2
33 64 2
10 46 2
6 47 2
75 124 1
10 63 2
15 75 2
49 66 2
8 51 2
73 125 1
36 98 2
73 113 1
41 67 2
7 68 2
13 67 2
43 87 2
7 52 2
45 78 2
25 57 2
5 59 2
9 28 2
26 29 2
41 103 1
11 32 2
24 30 2
3 45 2
1 29 2
30 49 2
22 52 2
46 126 1
57 117 1
24 104 1
40 86 1
48 126 2
2 50 1
16 61 1
41 63 1
86 93 1
23 36 1
80 133 1
47 119 2
42 90 1
41 54 1
2 38 1
26 72 1
15 61 1
47 126 1
55 76 1
17 114 2
12 125 1
1 45 1
67 82 1
4 9 1
