% n=20 p=60 d=0.33 p_blue=0.33
% k=0
0 4 2
8 10 2
4 11 2
1 2 2
6 12 1
0 3 2
3 17 1
4 14 1
10 14 1
6 13 2
5 10 2
3 4 2
11 15 1
11 17 1
1 10 2
11 13 1
8 14 1
6 7 2
1 4 2
5 14 2
9 13 2
0 1 2
6 11 2
6 14 1
5 11 2
1 19 2
0 5 2
1 7 2
5 7 2
0 6 2
9 10 2
2 4 2
3 11 2
4 7 2
4 5 2
8 16 1
4 10 2
7 11 2
1 5 2
11 12 2
0 2 2
0 9 2
9 14 2
8 11 2
2 9 2
3 14 2
1 17 1
3 9 2
3 7 2
0 12 2
3 5 2
3 6 2
2 11 2
9 11 2
7 10 1
4 6 1
4 9 1
5 8 1
2 10 1
2 18 2
3 8 1
6 10 2
9 15 2
0 11 2
1 8 2
1 18 2
10 11 1
5 9 1
8 15 1
1 9 2
2 5 1
5 15 1
0 10 1
3 10 1
5 18 2
4 8 1
4 15 1
4 18 1
2 15 2
