% n=130 p=60 d=0.66 p_blue=0.33
% k=0
63 86 2
53 98 2
70 73 2
6 71 2
7 51 2
23 63 2
29 116 2
22 67 2
48 64 2
59 95 1
0 91 2
38 39 2
8 94 2
32 106 1
23 35 2
11 23 2
9 43 2
5 77 2
29 77 2
36 38 2
2 87 2
23 96 1
0 26 2
30 58 2
48 122 2
7 126 1
71 87 1
5 58 2
40 65 2
10 83 2
39 75 2
30 36 2
3 101 2
45 51 2
1 82 1
26 70 2
4 109 1
49 119 1
22 121 1
5 24 2
36 71 2
26 116 1
77 103 2
2 90 2
25 63 2
24 47 2
58 116 2
30 63 2
12 82 1
27 108 1
14 99 1
4 92 1
13 72 2
27 39 2
8 122 1
46 65 2
17 35 2
57 111 1
11 39 2
3 115 2
12 101 1
16 84 1
34 61 2
10 93 1
26 52 2
15 129 1
25 110 1
17 110 1
67 74 2
44 61 2
20 47 2
28 101 1
68 78 2
2 123 2
3 116 2
1 22 2
61 100 1
12 84 1
34 55 2
60 105 2
1 103 1
14 74 2
47 72 2
43 67 2
77 86 1
17 52 2
5 69 2
12 20 2
40 73 2
67 76 2
35 73 2
29 73 2
49 57 2
0 126 1
54 73 2
63 117 1
46 47 2
60 82 2
60 62 2
12 105 2
12 30 2
14 70 2
37 114 2
1 35 2
70 118 1
13 60 2
12 48 2
4 57 2
36 77 2
1 53 2
53 63 2
62 116 2
62 96 1
67 108 1
71 101 1
67 121 1
65 80 1
27 30 2
62 120 2
34 77 2
12 111 1
2 106 1
67 90 1
35 97 2
27 97 2
69 127 1
43 129 1
66 93 2
31 123 1
12 71 2
14 119 2
38 97 2
12 70 2
66 76 2
48 57 2
7 44 2
8 15 2
60 74 2
42 120 1
63 81 1
32 33 2
11 90 1
58 64 2
48 58 2
11 76 2
14 83 2
30 119 1
19 26 2
77 110 1
8 22 2
45 47 2
56 66 2
37 38 2
28 108 2
11 73 2
8 57 2
33 77 2
71 118 1
34 99 1
59 66 2
34 37 2
34 76 2
34 82 1
21 122 1
72 122 2
73 125 2
43 115 1
15 35 2
4 111 2
72 113 2
7 67 2
14 46 2
28 48 2
46 102 1
13 35 2
63 123 2
26 48 2
56 125 2
56 117 1
40 60 2
27 57 2
7 73 2
26 32 2
27 119 1
36 37 2
48 128 1
33 96 1
2 82 1
7 106 2
3 36 2
72 110 2
12 88 1
2 76 2
11 21 2
52 123 2
48 99 1
20 73 2
1 31 2
71 89 1
27 91 1
45 46 2
15 67 2
54 104 1
15 60 2
52 57 2
36 113 1
70 85 1
30 115 1
5 105 2
8 97 2
47 63 2
2 24 2
18 114 1
7 47 2
8 124 2
36 128 1
6 67 2
66 115 2
6 109 1
12 77 2
20 39 2
3 57 2
41 81 1
39 127 1
44 86 2
6 37 2
3 86 1
44 52 2
65 109 1
35 63 2
26 69 2
56 57 2
7 62 2
63 91 1
0 70 2
39 107 2
74 107 1
10 24 2
1 5 2
72 129 1
37 48 2
3 93 1
55 66 2
58 128 1
26 60 2
31 65 2
50 112 2
42 114 1
3 123 1
39 40 2
18 22 2
34 84 1
48 89 1
28 121 1
34 50 2
56 96 2
26 71 2
71 90 1
62 74 2
53 123 1
23 53 2
36 123 1
4 36 2
46 89 2
8 89 1
37 94 2
18 108 1
4 23 2
16 56 2
2 67 2
1 25 2
33 127 1
3 19 2
66 118 1
14 40 2
11 69 2
12 118 1
14 48 2
42 47 2
48 70 2
29 64 2
34 126 1
10 62 2
41 83 2
60 104 1
18 41 2
25 29 2
20 36 2
67 93 2
53 117 1
27 28 2
19 85 1
0 74 2
49 98 1
8 13 2
68 70 2
10 45 2
14 52 2
24 117 1
23 95 1
41 58 2
69 120 1
32 59 2
33 64 2
22 92 1
39 61 2
9 28 2
30 94 1
47 67 2
17 115 1
23 120 1
42 98 2
25 39 2
1 17 2
67 119 1
1 24 2
45 76 2
31 72 2
3 121 1
10 70 2
62 86 1
25 121 2
12 98 1
22 108 1
66 73 2
52 86 2
28 110 1
14 29 2
23 114 1
11 29 2
23 107 1
16 34 2
7 55 2
62 85 1
22 82 1
0 65 2
11 89 1
6 33 2
52 109 2
10 99 1
77 121 1
1 45 2
1 108 2
54 85 1
11 31 2
73 127 1
40 96 1
26 96 1
74 122 2
32 38 2
13 92 1
34 59 2
50 97 1
45 115 1
8 19 2
39 125 1
22 89 1
53 92 1
51 109 1
1 54 2
46 60 2
4 107 2
45 57 2
30 66 2
43 81 1
25 126 1
26 45 2
54 90 1
35 77 2
21 30 2
64 100 2
49 55 2
14 85 2
43 64 2
38 108 2
40 45 2
50 103 2
32 85 1
25 53 2
62 82 1
40 55 2
44 75 2
20 64 2
23 59 2
13 17 2
38 103 1
25 107 2
19 48 2
11 118 2
13 125 1
50 115 1
42 60 2
45 77 2
47 54 2
12 95 2
20 83 1
12 104 1
18 47 2
7 85 2
18 92 2
63 116 2
70 76 2
35 38 2
12 55 2
65 122 1
13 43 2
15 70 2
24 59 2
59 73 2
40 117 1
18 115 2
30 125 2
6 41 2
22 36 2
13 57 2
1 109 2
57 66 2
20 57 2
22 124 1
24 55 2
29 36 2
10 48 2
53 74 2
74 77 2
74 90 2
13 124 2
3 117 2
13 66 2
5 11 2
66 105 1
58 104 1
27 75 2
27 33 2
10 29 2
7 107 1
62 65 2
41 77 2
41 113 1
31 58 2
60 76 2
7 37 2
23 88 1
53 128 1
62 123 2
46 83 1
19 78 1
34 46 2
43 47 2
56 61 2
58 75 2
74 75 2
46 88 1
76 119 1
3 49 2
1 77 2
23 39 2
34 124 1
2 117 1
39 44 2
0 27 2
54 56 2
53 73 2
24 32 2
16 25 2
11 120 1
72 119 1
70 116 1
0 94 1
15 38 2
0 21 2
5 10 2
50 128 2
25 129 1
23 36 2
28 87 1
67 115 1
7 79 1
27 53 2
51 84 1
31 35 2
51 73 2
69 124 2
71 98 1
45 62 2
65 106 2
46 112 1
42 117 1
9 104 2
44 45 2
3 109 1
71 117 1
33 57 2
31 42 2
2 65 2
2 70 2
14 111 1
7 87 1
55 93 1
15 68 2
55 99 1
51 64 2
38 76 2
29 53 2
39 70 2
3 84 1
45 93 1
26 49 2
61 82 2
17 46 2
11 43 2
6 70 2
72 103 2
39 106 2
27 65 2
36 63 2
19 56 2
15 91 2
5 129 2
21 105 1
59 105 1
49 127 2
22 37 2
6 76 2
6 49 2
20 55 2
22 57 2
16 30 2
61 68 2
44 49 2
13 65 2
11 122 2
43 62 2
50 86 1
73 105 2
51 59 2
63 85 1
12 68 2
12 124 1
18 76 2
51 57 2
6 58 2
2 122 1
54 71 2
5 36 2
7 48 2
24 25 2
51 125 2
46 52 2
74 76 2
17 65 2
31 64 2
17 112 1
18 124 2
46 55 2
1 43 2
49 120 2
29 37 2
56 87 1
3 62 2
20 60 2
36 115 1
6 9 2
5 76 2
31 38 2
32 42 2
13 75 2
68 87 1
53 81 1
18 20 2
18 97 1
20 43 2
41 45 2
49 85 1
31 51 2
2 105 1
5 13 2
40 79 1
22 33 2
8 11 2
10 116 1
22 77 2
15 118 2
11 110 1
15 111 1
35 76 2
26 98 1
61 76 2
25 28 2
57 101 2
41 65 2
35 83 1
15 24 2
1 69 2
19 33 2
67 91 2
48 94 1
17 40 2
48 76 2
43 88 1
76 82 1
14 55 2
42 59 2
52 68 2
19 24 2
8 48 2
58 99 2
5 16 2
60 129 1
12 26 2
2 56 2
48 74 2
11 46 2
62 98 1
73 123 1
7 81 1
21 119 1
26 122 2
19 84 2
30 129 2
24 73 2
5 59 2
39 90 2
74 128 1
33 35 2
9 63 2
28 102 1
65 114 1
16 86 1
40 46 2
22 24 2
31 116 2
21 42 2
77 129 1
74 89 1
49 64 2
21 116 2
44 62 2
44 109 1
55 59 2
63 100 1
60 70 2
34 83 1
22 28 2
54 70 2
5 44 2
63 73 2
0 36 2
26 86 1
0 60 2
28 78 1
7 129 1
24 111 2
65 107 1
69 80 2
0 113 1
12 53 2
55 67 2
43 70 2
62 79 1
22 112 2
29 55 2
2 32 2
7 58 2
5 83 2
26 29 2
27 112 1
11 98 2
41 116 1
66 82 1
37 100 1
3 83 1
16 74 2
7 13 2
65 119 2
20 98 1
43 53 2
28 62 2
2 96 1
30 51 2
15 47 2
50 64 2
64 72 2
15 26 2
2 63 2
15 117 1
9 53 2
16 19 2
25 79 1
6 111 2
19 76 2
10 71 2
18 44 2
15 52 2
30 31 2
51 53 2
71 129 2
0 47 2
46 128 2
15 22 2
60 68 2
42 68 2
0 19 2
49 104 1
4 99 1
25 48 2
9 18 2
46 53 2
19 41 2
21 48 2
32 100 1
42 122 1
52 59 2
12 62 2
41 73 2
74 88 1
75 122 1
66 111 2
68 100 1
12 92 1
40 107 2
47 125 1
31 50 2
70 77 2
15 51 2
17 86 1
8 104 2
21 53 2
45 63 2
30 107 1
41 68 2
51 58 2
50 125 2
56 127 1
56 73 2
68 69 2
33 52 2
7 38 2
25 88 2
43 89 1
70 113 1
33 88 2
39 72 2
51 91 2
68 95 2
29 45 2
0 87 2
36 65 2
53 75 2
13 91 1
1 26 2
10 98 1
42 93 1
42 96 1
29 61 2
33 94 2
32 58 2
0 114 2
36 107 1
68 77 2
75 93 1
45 55 2
8 100 1
24 110 1
21 50 2
45 94 1
1 98 1
27 88 2
8 31 2
36 95 2
14 92 1
3 98 1
35 49 2
14 120 2
4 78 2
59 62 2
16 95 2
11 55 2
17 95 2
12 115 1
36 114 1
6 21 2
37 49 2
23 111 2
34 45 2
17 45 2
40 109 2
8 74 2
21 109 2
52 80 1
41 49 2
28 41 2
13 94 1
21 36 2
10 97 1
39 49 2
33 115 1
73 77 2
66 109 1
14 44 2
36 92 1
22 35 2
20 113 1
45 106 1
41 119 1
7 41 2
31 100 1
27 68 2
60 73 2
13 73 2
37 87 1
59 101 1
6 83 1
8 102 1
65 76 2
27 115 2
6 125 1
66 102 1
41 105 1
52 93 1
18 99 2
43 66 2
3 44 2
22 25 2
18 89 2
55 110 1
29 90 1
14 107 1
1 46 2
26 114 1
22 42 2
25 76 2
20 46 2
23 105 1
72 107 2
30 118 1
37 115 1
64 70 2
20 70 2
20 45 2
7 119 1
0 35 2
57 97 2
71 105 2
43 58 2
43 112 1
62 110 1
16 62 2
16 110 1
12 24 2
64 74 2
24 37 2
20 77 2
13 89 2
67 68 2
14 63 2
30 39 2
48 119 1
19 29 2
20 82 1
1 37 2
77 79 1
9 58 2
19 119 1
18 85 1
17 43 2
19 67 2
19 102 1
50 69 2
42 116 1
62 68 2
12 33 2
9 26 2
75 115 1
33 60 2
46 56 2
15 16 2
22 104 1
44 70 2
5 32 2
17 51 2
15 55 2
29 47 2
1 89 2
62 124 1
42 90 1
8 16 2
74 97 1
30 68 2
33 39 2
5 109 2
16 21 2
54 57 2
47 71 2
32 57 2
50 76 2
6 40 2
46 126 2
1 58 2
20 31 2
19 68 2
29 46 2
15 40 2
21 72 2
26 43 2
32 104 1
11 126 2
4 42 2
43 110 1
6 35 2
73 98 1
74 115 1
39 77 2
8 44 2
69 75 2
39 102 2
29 111 1
58 101 1
49 76 2
3 71 2
1 126 1
17 56 2
30 97 1
24 71 2
18 55 2
39 128 1
31 47 2
42 87 2
50 62 2
23 44 2
24 41 2
38 55 2
0 76 2
11 85 1
25 102 1
54 125 1
20 118 2
53 113 2
47 56 2
42 80 1
15 98 1
19 37 2
15 72 2
36 64 2
23 33 2
23 85 1
19 51 2
37 52 2
24 57 2
25 115 2
19 116 2
52 87 1
49 60 2
62 127 1
22 80 1
60 110 1
35 71 2
25 57 2
2 3 2
22 78 1
32 74 2
59 98 1
20 111 2
6 127 1
10 40 2
20 97 1
28 109 1
18 112 1
5 12 2
56 109 2
18 90 1
21 79 1
25 64 2
55 102 1
22 65 2
35 129 1
17 123 1
37 75 2
66 77 2
54 55 2
8 12 2
25 92 2
45 70 2
31 86 1
48 52 2
51 72 2
40 52 2
74 91 2
15 122 1
27 56 2
41 64 2
53 58 2
23 77 2
8 108 1
30 75 2
72 97 2
5 62 2
11 63 2
8 125 2
0 78 2
40 42 2
40 94 1
46 59 2
41 59 2
33 129 1
28 65 2
24 62 2
54 66 2
60 78 1
37 95 2
18 43 2
39 97 1
6 53 2
5 23 2
4 115 1
32 102 1
24 67 2
22 27 2
38 71 2
22 43 2
77 120 1
31 91 1
39 54 2
69 108 2
39 87 1
38 87 1
38 123 1
17 54 2
22 40 2
19 61 2
9 29 2
2 128 1
63 67 2
7 29 2
40 129 1
2 104 1
16 129 1
11 45 2
37 57 2
10 49 2
12 13 2
44 65 2
29 44 2
55 116 1
17 118 1
12 22 2
34 93 1
45 112 2
56 111 2
13 68 2
64 68 2
63 87 1
58 65 2
8 54 2
23 70 2
58 76 2
28 79 2
27 55 2
47 64 2
37 43 2
18 121 1
20 85 1
57 96 2
36 91 1
3 65 2
18 91 1
13 90 1
52 65 2
20 119 1
20 59 2
13 69 2
39 79 1
13 23 2
76 107 2
68 85 1
9 62 2
3 46 2
35 72 2
4 28 2
10 41 2
4 74 2
20 42 2
31 77 2
61 63 2
12 67 2
39 50 2
37 103 1
0 13 2
54 79 1
15 46 2
29 56 2
49 124 1
43 57 2
54 72 2
76 101 1
66 128 2
13 21 2
23 91 1
3 58 2
18 37 2
5 94 1
25 34 2
20 106 2
46 61 2
41 88 1
31 95 2
43 59 2
3 11 2
21 34 2
4 124 1
14 18 2
43 87 2
1 111 1
7 49 2
73 100 2
0 63 2
64 119 1
37 127 2
17 104 1
36 88 1
63 104 2
60 109 2
23 87 1
1 80 1
64 105 1
49 94 1
24 54 2
9 49 2
7 23 2
39 69 2
21 45 2
70 96 1
77 102 1
51 80 1
50 77 2
3 104 1
54 112 2
60 71 2
19 35 2
2 33 2
7 70 2
34 64 2
50 118 1
67 83 2
29 43 2
62 66 2
15 63 2
12 40 2
9 69 2
10 122 1
62 101 1
68 81 1
31 53 2
60 65 2
28 40 2
24 26 2
38 77 2
56 77 2
27 38 2
43 51 2
45 66 2
26 33 2
32 98 2
27 72 2
73 91 1
18 71 2
5 84 2
19 65 2
7 90 1
48 67 2
30 112 1
11 14 2
56 80 1
11 66 2
28 85 1
37 79 2
31 115 1
16 26 2
71 107 1
18 29 2
61 64 2
62 80 2
57 79 1
72 99 1
68 76 2
42 86 1
39 64 2
15 85 2
33 100 1
9 17 2
4 103 1
28 29 2
69 70 2
62 69 2
32 129 1
4 10 2
57 91 1
38 48 2
5 67 2
57 77 2
2 15 2
48 120 1
12 32 2
2 80 2
13 64 2
40 124 1
5 31 2
59 103 1
20 52 2
72 98 1
34 40 2
66 103 1
59 77 2
17 97 2
36 93 2
26 105 2
3 47 2
35 123 2
6 15 2
27 35 2
1 116 1
7 120 1
34 73 2
58 126 1
12 35 2
48 59 2
10 13 2
7 128 1
6 36 2
55 58 2
27 77 2
29 110 1
27 93 2
5 93 1
75 98 1
19 63 2
48 83 1
33 59 2
43 45 2
17 55 2
64 73 2
6 105 1
10 36 2
44 74 2
12 28 2
21 123 1
45 67 2
41 122 1
21 60 2
5 46 2
47 112 1
58 60 2
4 91 1
9 20 2
40 99 1
10 78 1
0 54 2
2 129 1
49 92 1
49 78 1
74 116 1
52 111 1
27 52 2
17 18 2
62 75 2
42 45 2
8 10 2
72 92 1
24 79 1
9 40 2
23 51 2
55 97 1
77 108 2
32 114 2
37 110 2
55 56 2
49 66 2
26 50 2
43 52 2
2 100 1
55 107 1
22 59 2
11 41 2
9 115 1
26 102 1
0 2 2
40 74 2
48 127 2
12 66 2
12 60 2
23 37 2
46 57 2
49 109 1
25 103 2
23 57 2
9 12 2
64 108 1
0 102 1
9 10 2
4 37 2
72 91 1
42 123 1
16 52 2
33 112 2
0 77 2
33 70 2
15 74 2
30 37 2
29 67 2
8 37 2
1 29 2
46 104 1
8 113 2
68 93 1
53 89 2
50 127 2
17 83 2
76 92 2
4 72 2
24 125 2
17 58 2
25 75 2
25 27 2
14 22 2
47 93 2
68 109 2
3 102 1
41 128 2
4 47 2
14 56 2
34 75 2
6 32 2
6 48 2
27 48 2
30 101 1
46 69 2
29 40 2
16 60 2
13 44 2
33 73 2
10 11 2
36 52 2
26 55 2
63 119 2
45 49 2
12 72 2
3 67 2
18 127 1
45 73 2
23 80 1
42 83 1
59 123 2
72 86 1
14 91 1
30 71 2
17 67 2
44 113 2
52 102 2
10 120 2
3 12 2
18 123 1
33 36 2
34 58 2
33 109 2
51 99 1
50 73 2
8 66 2
67 124 1
76 87 2
36 109 1
29 113 1
60 126 1
14 23 2
61 99 1
8 27 2
10 22 2
5 17 2
47 80 1
27 50 2
9 38 2
54 68 2
29 38 2
64 76 2
65 96 2
38 88 2
38 52 2
3 8 2
15 42 2
0 120 2
29 48 2
5 35 2
12 47 2
26 59 2
37 71 2
34 103 1
74 111 1
33 119 1
64 110 1
29 51 2
43 49 2
43 46 2
41 51 2
18 69 2
16 112 1
27 102 1
7 56 2
26 65 2
8 62 2
4 67 2
51 106 1
34 86 2
7 117 2
28 76 2
28 60 2
9 96 1
31 129 1
75 105 1
19 87 1
1 90 1
32 128 1
55 81 1
31 63 2
40 127 1
46 73 2
20 68 2
69 100 2
18 105 2
7 28 2
65 111 1
4 13 2
7 89 1
2 53 2
75 76 2
17 79 1
71 122 1
9 75 2
54 77 2
29 50 2
6 94 1
42 43 2
71 123 2
7 26 2
19 49 2
1 47 2
8 115 2
75 88 1
34 72 2
69 105 1
12 125 1
47 110 2
32 118 2
49 112 2
12 29 2
32 119 2
71 120 1
8 17 2
6 93 1
9 32 2
52 77 2
30 95 1
9 65 2
22 127 1
11 109 1
69 77 2
14 94 1
38 65 2
75 127 2
52 70 2
17 73 2
58 114 1
13 26 2
25 45 2
69 78 1
69 113 1
4 18 2
21 71 2
40 49 2
24 78 1
32 44 2
4 29 2
33 72 2
5 22 2
29 95 2
12 79 1
26 61 2
32 71 2
15 97 2
12 16 2
0 98 1
35 65 2
19 47 2
12 94 2
2 61 2
53 83 1
43 48 2
55 128 2
58 82 1
58 71 2
2 51 2
64 84 2
68 101 1
69 103 1
59 64 2
66 98 2
74 118 1
53 61 2
20 26 2
73 76 2
44 101 1
35 69 2
50 85 2
25 59 2
5 19 2
59 89 2
25 96 1
5 125 1
24 96 1
8 25 2
16 41 2
39 71 2
71 128 2
43 78 2
55 72 2
28 45 2
36 121 2
50 82 1
29 104 1
10 37 2
25 90 2
1 60 2
5 103 2
60 113 1
37 73 2
74 108 2
58 62 2
21 120 2
26 101 2
45 74 2
49 72 2
77 106 1
56 120 1
28 70 2
12 37 2
46 123 2
0 42 2
25 31 2
73 97 1
62 73 2
18 49 2
62 104 1
0 82 1
49 88 1
23 68 2
13 24 2
66 120 2
60 61 2
21 93 2
22 58 2
15 64 2
21 43 2
44 73 2
21 22 2
48 113 2
54 124 1
66 117 1
40 78 2
18 128 2
62 89 2
61 70 2
36 87 2
3 51 2
58 108 1
48 104 1
59 90 2
4 52 2
38 100 2
19 31 2
41 94 2
60 111 1
40 63 2
42 75 2
17 30 2
74 80 1
15 33 2
26 90 2
16 50 2
61 92 1
5 51 2
23 24 2
33 68 2
65 110 2
9 128 1
0 45 2
52 81 2
18 40 2
13 118 1
3 60 2
7 16 2
14 24 2
32 48 2
34 128 1
21 44 2
11 70 2
29 33 2
44 123 1
64 82 2
6 74 2
48 124 1
16 70 2
34 100 1
46 107 1
11 113 2
2 114 1
13 107 1
61 119 2
39 99 2
36 97 1
38 54 2
9 44 2
18 119 2
6 101 1
17 92 2
8 128 1
15 80 2
72 100 1
35 42 2
54 118 2
47 95 2
21 54 2
25 38 2
25 72 2
60 64 2
28 32 2
31 59 2
8 116 2
51 112 1
4 48 2
5 68 2
38 109 1
73 86 2
51 69 2
65 113 2
54 61 2
18 39 2
58 86 2
56 75 2
44 112 1
1 28 2
2 121 1
58 63 2
40 41 2
45 60 2
22 69 2
39 60 2
3 24 2
32 61 2
1 48 2
15 69 2
49 58 2
38 83 1
22 111 2
61 74 2
41 108 1
13 19 2
32 70 2
4 120 1
76 77 2
13 14 2
74 129 1
44 53 2
63 105 1
4 19 2
18 50 2
52 62 2
59 82 1
3 25 2
48 92 1
21 66 2
51 83 2
46 103 2
39 82 1
12 85 1
16 104 2
23 52 2
69 99 1
10 16 2
64 125 2
73 124 1
32 40 2
6 54 2
55 57 2
42 89 1
8 32 2
52 129 1
54 108 1
29 32 2
38 53 2
30 100 1
11 44 2
51 101 1
6 81 1
8 55 2
61 66 2
73 75 2
16 106 1
39 116 1
14 112 1
59 65 2
33 124 2
26 115 1
0 64 2
0 11 2
22 48 2
50 72 2
37 117 2
53 122 2
20 126 2
44 110 2
3 43 2
76 91 2
58 84 1
35 44 2
40 64 2
21 104 1
34 96 2
11 50 2
54 96 2
72 102 1
16 31 2
42 78 1
9 51 2
53 85 1
13 47 2
47 126 1
65 104 1
2 74 2
74 94 2
9 35 2
54 80 1
59 126 1
1 39 2
24 113 1
46 90 1
16 71 2
7 18 2
17 27 2
56 123 1
33 43 2
46 117 1
0 49 2
58 73 2
63 94 2
70 87 2
42 125 2
7 57 2
16 126 1
0 93 2
49 82 1
70 99 2
44 77 2
11 27 2
16 68 2
10 27 2
15 27 2
11 25 2
53 110 1
7 66 2
68 125 1
36 110 1
1 117 1
22 55 2
20 94 1
3 75 2
12 15 2
4 21 2
30 99 2
30 32 2
29 107 1
21 25 2
24 91 2
22 93 2
65 81 2
12 109 1
34 68 2
52 56 2
26 92 1
4 8 2
23 61 2
74 113 1
57 70 2
15 31 2
22 88 1
14 43 2
35 75 2
59 109 1
5 49 2
2 36 2
4 32 2
47 127 1
14 88 1
3 107 1
11 68 2
43 75 2
42 71 2
17 124 2
17 44 2
68 99 1
10 61 2
77 127 1
21 75 2
2 20 2
77 94 2
26 30 2
41 46 2
68 82 1
30 43 2
32 78 1
10 104 1
37 106 1
65 100 2
7 115 1
4 81 1
5 106 1
35 43 2
44 126 1
45 64 2
2 84 1
35 51 2
3 91 1
45 58 2
68 123 1
22 109 1
74 125 2
3 99 1
20 23 2
8 49 2
52 96 2
19 71 2
12 34 2
16 83 1
71 124 2
25 68 2
0 56 2
12 63 2
18 82 1
50 99 1
0 7 2
63 126 1
22 44 2
4 11 2
41 100 1
23 43 2
1 27 2
64 91 2
7 88 1
25 70 2
22 26 2
3 118 1
72 79 2
37 111 1
65 69 2
13 27 2
17 76 2
40 102 1
61 94 1
56 58 2
17 91 1
69 71 2
31 118 1
28 92 1
23 45 2
45 98 2
36 127 1
75 85 2
13 34 2
0 101 1
15 48 2
26 57 2
41 71 2
30 121 2
33 91 2
30 84 1
26 89 1
9 55 2
35 93 1
23 122 1
27 110 2
48 51 2
28 107 2
11 32 2
25 108 2
42 99 1
29 97 1
50 87 1
2 23 2
63 92 1
31 52 2
0 96 2
31 88 1
35 45 2
28 42 2
32 69 2
47 115 1
53 54 2
45 119 1
16 90 1
10 80 1
29 34 2
4 46 2
0 22 2
0 34 2
19 99 2
4 68 2
26 78 1
0 50 2
58 67 2
17 74 2
19 22 2
36 75 2
59 69 2
76 88 1
1 106 1
58 74 2
71 108 2
7 30 2
3 30 2
10 92 1
5 116 1
2 22 2
24 106 1
47 62 2
49 118 1
19 123 1
2 18 2
53 96 1
54 60 2
32 60 2
75 121 2
29 127 1
27 94 1
61 69 2
12 31 2
6 11 2
30 41 2
10 21 2
0 46 2
12 54 2
30 38 2
64 87 2
16 97 1
77 104 1
53 95 1
55 63 2
15 36 2
48 95 2
6 122 2
30 109 1
52 73 2
0 39 2
20 53 2
40 43 2
5 121 1
50 111 1
61 98 2
41 75 2
28 72 2
70 72 2
29 74 2
39 66 2
71 84 1
38 112 1
45 97 1
66 75 2
8 30 2
37 61 2
24 74 2
75 123 1
67 82 1
22 114 1
9 118 1
22 54 2
36 56 2
7 103 2
18 118 2
19 82 2
2 6 2
75 116 2
44 118 1
34 114 1
28 71 2
30 42 2
22 84 1
53 59 2
18 33 2
23 29 2
63 90 2
31 56 2
1 15 2
73 93 2
20 88 1
46 86 2
15 34 2
20 38 2
34 54 2
9 125 2
72 118 1
52 91 1
28 81 1
16 102 2
3 32 2
70 74 2
21 98 1
16 48 2
10 103 1
37 60 2
55 89 1
0 12 2
11 53 2
30 85 1
38 79 2
7 100 2
19 59 2
1 67 2
74 95 1
46 67 2
30 93 1
8 86 2
19 53 2
20 123 2
32 108 1
57 93 1
1 13 2
49 113 2
3 68 2
53 102 1
36 49 2
30 48 2
0 37 2
15 17 2
51 77 2
63 80 1
36 100 2
47 108 1
57 60 2
38 84 1
75 128 1
24 35 2
11 13 2
9 34 2
34 118 2
32 107 1
73 121 1
60 95 2
48 112 1
11 16 2
16 61 2
9 21 2
0 24 2
37 53 2
38 85 1
29 84 1
6 22 2
2 19 2
48 73 2
44 111 2
16 67 2
36 40 2
77 97 2
15 71 2
18 117 1
5 65 2
16 49 2
72 114 1
40 82 2
5 52 2
2 94 1
61 88 2
17 63 2
35 111 2
75 97 2
5 91 1
0 108 1
15 107 1
73 74 2
25 58 2
11 62 2
0 33 2
7 11 2
52 99 1
16 54 2
7 21 2
31 39 2
23 30 2
61 110 1
33 51 2
58 66 2
23 64 2
46 77 2
64 75 2
7 123 2
20 67 2
36 74 2
65 92 1
46 70 2
43 86 1
50 51 2
4 38 2
28 125 1
67 113 1
28 58 2
23 71 2
21 46 2
71 97 2
42 57 2
2 86 2
5 50 2
24 51 2
21 114 1
29 112 2
72 123 1
35 48 2
27 34 2
71 99 1
27 62 2
9 103 2
25 65 2
60 125 1
2 42 2
67 114 1
42 52 2
30 50 2
60 121 1
54 83 1
0 40 2
12 38 2
20 24 2
39 63 2
47 53 2
8 35 2
73 78 1
16 122 1
46 98 1
31 75 2
48 86 1
29 69 2
74 123 1
19 109 1
56 91 2
17 61 2
64 85 1
22 96 2
76 98 1
26 64 2
45 89 1
42 66 2
59 83 1
48 88 2
43 95 2
18 70 2
0 79 1
11 97 1
0 43 2
8 59 2
34 107 2
34 110 1
16 32 2
47 98 1
14 37 2
10 108 2
56 102 1
56 69 2
69 72 2
24 42 2
8 43 2
59 100 2
37 128 2
53 68 2
38 129 1
38 121 2
41 74 2
17 100 1
4 64 2
68 129 1
3 35 2
10 30 2
30 123 2
47 59 2
29 115 2
4 33 2
38 50 2
15 128 2
22 50 2
63 68 2
31 49 2
19 27 2
59 68 2
23 116 1
60 63 2
42 76 2
1 32 2
13 106 1
0 51 2
43 98 1
16 94 1
3 61 2
27 100 1
14 54 2
21 107 1
10 26 2
59 104 2
0 20 2
51 56 2
37 51 2
21 92 2
64 121 1
66 84 2
69 82 1
62 78 1
46 79 2
37 86 2
2 26 2
41 47 2
2 101 1
9 22 2
13 42 2
31 48 2
2 48 2
16 22 2
13 50 2
59 110 1
12 61 2
13 128 1
14 95 2
52 85 1
65 112 2
22 115 1
54 128 1
3 127 1
21 78 2
66 94 2
1 110 1
6 14 2
75 113 1
53 93 1
25 69 2
23 46 2
22 39 2
8 92 2
35 41 2
28 49 2
49 110 1
22 53 2
53 62 2
2 57 2
23 32 2
44 127 1
11 22 2
39 76 2
15 44 2
75 80 2
21 65 2
14 33 2
41 76 2
21 99 1
27 46 2
22 74 2
44 128 1
76 93 1
29 31 2
69 76 2
29 120 1
32 36 2
20 91 1
44 114 2
27 44 2
40 116 1
36 70 2
29 54 2
24 45 2
30 45 2
25 66 2
4 95 1
15 116 2
21 91 1
6 50 2
17 75 2
40 59 2
32 77 2
10 58 2
10 91 1
41 121 2
22 34 2
2 46 2
7 114 1
26 51 2
4 20 2
73 80 1
12 117 1
41 86 1
7 12 2
52 63 2
10 44 2
14 42 2
37 50 2
13 37 2
48 118 1
38 60 2
2 71 2
46 95 1
21 59 2
74 104 2
54 105 2
8 101 2
49 54 2
25 60 2
12 128 1
9 77 2
38 64 2
7 32 2
17 28 2
10 12 2
47 60 2
39 113 2
9 47 2
52 115 1
13 122 1
17 42 2
67 112 2
71 75 2
35 53 2
23 94 2
18 64 2
61 101 1
35 113 2
30 40 2
73 102 1
0 123 1
53 57 2
62 88 1
12 127 2
39 45 2
7 60 2
13 31 2
35 103 1
17 108 2
50 65 2
29 108 1
67 87 2
14 36 2
37 64 2
12 64 2
38 115 2
20 33 2
26 119 2
48 78 1
62 107 1
40 62 2
61 97 1
30 46 2
10 66 2
19 43 2
75 78 1
37 105 1
32 87 1
31 40 2
36 105 2
14 75 2
3 53 2
11 37 2
14 17 2
4 5 2
57 81 2
59 122 2
34 38 2
5 75 2
20 29 2
50 100 2
53 119 2
17 107 1
52 55 2
15 103 1
33 84 1
23 104 1
39 78 1
14 79 1
70 122 2
26 34 2
2 17 2
35 108 1
61 83 1
5 41 2
69 122 1
0 125 2
0 57 2
62 113 1
7 105 2
73 108 1
23 109 1
2 110 1
14 106 2
46 50 2
75 107 2
12 93 1
26 58 2
13 70 2
53 60 2
71 83 2
45 114 1
34 78 1
19 107 1
10 57 2
11 72 2
23 69 2
36 129 1
18 67 2
43 116 1
32 123 1
1 92 2
22 45 2
7 53 2
68 72 2
21 90 2
47 78 2
39 114 2
20 51 2
1 88 1
17 114 2
63 108 2
40 111 2
35 68 2
56 68 2
67 79 1
33 40 2
3 82 1
18 46 2
33 69 2
29 118 1
1 84 1
36 73 2
62 119 2
45 99 1
27 58 2
59 113 1
23 34 2
4 30 2
41 80 2
60 122 1
4 62 2
30 61 2
29 58 2
12 75 2
6 19 2
49 51 2
44 48 2
19 72 2
9 116 2
47 85 2
18 42 2
5 114 1
47 102 1
58 123 1
40 66 2
21 39 2
15 30 2
29 63 2
0 119 1
49 62 2
35 36 2
57 110 1
30 70 2
41 69 2
10 59 2
35 64 2
32 82 2
39 105 1
3 34 2
16 17 2
5 110 2
69 126 1
10 125 1
10 42 2
39 41 2
5 45 2
20 54 2
17 80 1
13 54 2
13 16 2
36 58 2
33 58 2
1 101 1
56 60 2
49 126 1
0 121 1
64 102 1
28 126 1
7 78 1
6 69 2
41 110 1
56 79 2
25 128 2
55 92 1
51 63 2
2 16 2
47 124 2
5 8 2
21 126 1
31 70 2
28 88 2
42 74 2
4 51 2
4 7 2
43 65 2
27 105 1
38 75 2
18 83 1
18 84 1
4 39 2
77 83 1
51 55 2
10 75 2
10 126 1
19 30 2
19 62 2
0 75 2
16 39 2
13 115 1
72 115 1
40 68 2
76 102 1
37 113 1
5 61 2
62 118 1
70 128 1
29 83 1
4 24 2
22 73 2
51 108 1
68 74 2
4 128 1
34 66 2
29 71 2
39 108 2
32 67 2
19 114 1
65 85 1
9 110 2
56 106 2
32 115 1
49 89 1
22 66 2
23 55 2
44 63 2
0 116 1
8 51 2
62 64 2
10 46 2
13 111 1
13 61 2
69 129 2
16 113 1
30 120 1
4 14 2
61 90 2
38 47 2
68 83 1
13 46 2
10 112 1
27 51 2
33 49 2
19 39 2
18 104 2
34 89 1
47 52 2
65 121 1
69 102 1
57 129 1
5 80 1
60 72 2
43 69 2
0 104 2
62 87 1
64 120 1
14 81 1
14 61 2
17 20 2
1 74 2
63 97 1
44 121 2
72 121 2
31 79 1
73 106 1
72 105 1
65 115 1
24 127 2
46 75 2
38 57 2
25 116 1
11 48 2
5 72 2
6 56 2
16 35 2
39 67 2
58 72 2
59 87 2
22 62 2
8 77 2
39 47 2
29 59 2
36 53 2
21 52 2
39 68 2
52 71 2
72 88 1
10 67 2
38 59 2
25 86 2
7 98 1
1 3 2
35 124 1
36 108 1
30 59 2
37 44 2
9 84 1
16 73 2
49 106 2
49 56 2
42 58 2
13 104 1
10 77 2
15 95 2
21 41 2
1 75 2
63 93 2
4 25 2
48 66 2
72 76 2
21 27 2
43 94 2
15 114 1
39 93 1
46 64 2
3 72 2
5 122 2
26 66 2
37 67 2
72 117 1
35 46 2
29 91 2
0 1 2
69 85 1
56 63 2
19 94 1
3 63 2
7 22 2
76 126 1
62 91 1
8 24 2
27 63 2
16 101 2
64 81 1
44 105 2
50 58 2
33 50 2
28 69 2
12 83 1
12 39 2
46 74 2
48 60 2
31 117 1
56 92 2
7 46 2
2 41 2
39 42 2
72 75 2
8 39 2
5 14 2
18 45 2
53 64 2
45 69 2
22 41 2
47 49 2
37 39 2
8 72 2
0 68 2
22 31 2
2 118 1
38 40 2
33 62 2
2 59 2
1 44 2
39 101 1
61 112 1
17 21 2
52 66 2
31 44 2
19 95 1
52 114 2
20 28 2
19 93 2
6 31 2
43 122 2
42 107 1
54 99 2
44 46 2
41 126 2
0 38 2
52 72 2
64 94 1
24 99 2
64 77 2
36 51 2
71 72 2
30 82 1
12 19 2
20 48 2
74 124 2
13 67 2
18 21 2
13 113 1
37 125 2
11 15 2
51 85 1
73 118 1
43 77 2
2 43 2
63 95 1
65 108 1
48 72 2
71 114 2
59 96 1
33 44 2
36 69 2
43 109 1
30 76 2
43 74 2
47 76 2
65 117 1
5 53 2
1 41 2
55 96 1
26 56 2
11 67 2
24 120 2
32 96 2
27 78 2
65 68 2
41 87 2
63 112 1
28 74 2
15 28 2
51 118 1
24 93 1
29 65 2
75 117 2
0 62 2
46 76 2
8 26 2
13 30 2
1 121 1
64 97 1
20 30 2
4 117 1
22 75 2
20 62 2
28 104 1
47 117 2
62 94 1
43 44 2
17 25 2
14 64 2
26 88 2
14 113 2
53 107 1
61 122 2
41 98 1
65 118 1
50 107 1
16 77 2
20 101 1
26 44 2
31 67 2
44 54 2
22 46 2
53 71 2
54 58 2
15 79 1
26 129 1
8 18 2
46 62 2
37 109 2
47 75 2
3 56 2
1 16 2
36 84 1
32 117 1
50 56 2
8 58 2
28 57 2
50 122 2
18 53 2
18 61 2
28 43 2
38 66 2
3 40 2
53 55 2
60 91 2
13 80 1
25 71 2
47 103 1
16 53 2
68 86 2
20 22 2
73 104 1
41 84 1
57 113 1
3 81 1
50 102 1
4 50 2
38 56 2
28 100 2
14 51 2
30 64 2
57 64 2
28 54 2
44 107 1
39 94 1
37 74 2
36 72 2
4 58 2
23 101 1
29 75 2
53 69 2
1 40 2
6 39 2
31 93 2
75 77 2
7 96 2
69 115 1
9 36 2
55 115 1
65 83 2
1 122 1
14 89 1
13 110 1
9 66 2
32 126 2
10 114 1
3 120 1
30 69 2
16 98 1
2 38 2
24 76 2
18 78 1
0 23 2
1 57 2
52 92 1
76 79 1
27 101 1
47 121 2
24 107 1
49 50 2
69 90 1
71 73 2
49 122 2
41 114 1
55 100 1
51 98 2
31 43 2
63 111 1
20 107 1
20 49 2
14 34 2
55 71 2
59 85 1
26 107 1
38 45 2
21 63 2
29 125 2
40 72 2
66 71 2
48 68 2
59 88 2
49 63 2
16 44 2
18 65 2
34 49 2
4 69 2
72 128 1
40 71 2
57 62 2
15 62 2
73 99 1
19 34 2
0 9 2
48 125 2
44 47 2
25 84 1
21 64 2
54 117 1
36 118 1
8 29 2
7 77 2
38 106 1
46 71 2
45 65 2
50 88 1
34 44 2
10 34 2
25 106 1
39 57 2
37 120 1
2 60 2
34 85 2
24 128 1
46 54 2
30 128 1
5 9 2
68 91 1
18 58 2
11 64 2
7 109 2
28 124 1
21 74 2
35 115 2
15 49 2
10 100 2
4 54 2
14 73 2
54 107 2
35 102 1
7 99 1
3 20 2
14 78 1
24 50 2
17 26 2
16 59 2
26 38 2
67 122 2
74 93 1
10 105 1
33 117 1
18 86 2
14 76 2
0 28 2
19 74 2
75 112 2
54 110 1
74 84 2
31 85 1
0 103 1
58 93 1
38 113 2
20 58 2
44 106 1
45 59 2
58 102 1
58 118 1
12 17 2
27 32 2
67 109 2
45 125 2
15 101 1
13 32 2
16 63 2
52 116 1
57 89 1
36 48 2
45 120 1
0 90 1
43 76 2
51 75 2
42 108 1
36 68 2
58 78 1
61 80 1
21 40 2
1 42 2
34 70 2
47 84 1
24 114 1
17 82 2
63 127 1
21 51 2
66 114 1
34 119 2
19 83 2
67 111 1
32 84 2
13 119 1
66 88 2
6 119 2
15 113 2
33 118 2
77 111 1
55 95 1
23 49 2
45 109 2
32 55 2
9 114 1
55 74 2
2 78 2
19 106 2
19 42 2
37 72 2
19 112 1
37 65 2
23 31 2
20 90 1
3 4 2
6 99 2
55 61 2
10 56 2
31 121 1
37 97 1
28 50 2
25 94 2
55 82 2
21 69 2
25 73 2
12 87 1
7 92 2
61 108 2
23 41 2
17 33 2
66 86 1
3 45 2
47 88 1
6 20 2
15 57 2
27 61 2
47 94 1
6 8 2
67 120 2
8 87 1
27 122 1
47 51 2
2 21 2
72 126 1
7 25 2
6 104 1
10 87 2
43 106 2
40 97 2
14 28 2
1 36 2
51 52 2
1 30 2
23 38 2
5 20 2
33 102 2
9 54 2
4 104 1
67 71 2
59 117 1
3 33 2
76 112 1
24 105 2
6 44 2
8 41 2
38 44 2
23 99 1
53 65 2
21 57 2
2 85 2
10 53 2
56 121 1
31 119 2
71 92 2
39 96 1
65 127 1
55 62 2
45 118 1
69 96 1
45 78 2
19 117 1
3 26 2
54 92 2
23 74 2
30 110 1
2 55 2
18 66 2
55 114 1
27 60 2
57 58 2
0 55 2
6 12 2
13 101 1
14 77 2
29 39 2
20 125 2
28 77 2
14 35 2
55 109 1
47 96 1
2 73 2
11 19 2
13 38 2
18 19 2
0 3 2
29 102 1
38 74 2
5 99 2
15 32 2
69 81 2
70 103 2
36 61 2
30 60 2
1 96 2
20 95 1
40 103 1
36 60 2
74 114 1
53 78 2
53 80 1
17 24 2
9 48 2
5 34 2
31 106 2
21 76 2
24 61 2
50 60 2
57 119 2
34 43 2
70 102 1
40 61 2
45 82 1
18 35 2
75 91 1
2 10 2
53 56 2
71 76 2
51 114 1
9 13 2
36 94 2
3 22 2
42 64 2
21 49 2
69 98 1
66 95 1
23 90 1
6 107 1
12 120 1
27 69 2
54 123 2
1 21 2
44 71 2
29 35 2
13 29 2
2 12 2
14 115 1
31 76 2
58 77 2
72 73 2
26 128 1
5 79 2
3 7 2
5 102 1
60 117 2
30 35 2
6 117 1
38 110 1
12 123 2
15 112 2
15 119 1
37 89 2
37 81 1
31 104 1
29 88 1
45 56 2
2 58 2
64 113 2
18 113 1
4 56 2
22 91 1
60 89 1
10 72 2
59 74 2
70 114 2
45 53 2
30 104 1
76 103 2
41 101 2
5 40 2
32 124 2
73 111 1
46 91 2
4 44 2
16 57 2
0 4 2
52 124 1
23 25 2
4 122 1
1 97 1
42 82 1
35 106 1
47 74 2
70 83 2
50 74 2
6 72 2
10 23 2
43 63 2
9 37 2
18 56 2
72 90 1
33 66 2
73 113 2
32 73 2
24 34 2
25 36 2
48 100 1
49 114 1
19 126 2
7 34 2
52 89 1
35 82 1
6 102 1
25 85 2
9 109 2
26 75 2
27 36 2
72 112 1
9 11 2
11 52 2
17 101 2
25 32 2
28 63 2
35 61 2
32 103 1
14 49 2
33 42 2
29 41 2
0 30 2
49 115 2
41 127 2
50 59 2
21 129 1
48 61 2
61 71 2
14 16 2
57 67 2
4 75 2
63 72 2
67 77 2
68 121 2
32 56 2
6 65 2
27 82 1
39 126 1
18 51 2
39 56 2
18 98 2
72 125 1
3 52 2
72 124 2
51 86 1
57 90 1
44 78 2
34 71 2
1 83 1
77 80 1
24 64 2
39 121 1
22 51 2
8 90 1
33 47 2
1 71 2
16 128 2
49 95 1
64 78 1
0 66 2
19 75 2
23 27 2
31 45 2
32 63 2
27 71 2
11 88 1
8 117 1
53 106 1
55 75 2
7 36 2
21 80 1
34 36 2
29 109 2
55 108 1
52 60 2
26 118 1
44 88 2
48 101 2
59 67 2
26 120 1
40 112 1
12 58 2
14 58 2
60 106 1
40 53 2
64 90 2
11 60 2
3 113 1
44 60 2
58 97 1
1 102 1
14 103 1
20 21 2
63 125 1
6 51 2
76 95 2
45 61 2
4 86 1
15 88 1
27 90 1
33 97 1
67 107 2
38 61 2
48 65 2
70 80 2
15 25 2
53 72 2
48 55 2
58 59 2
61 116 1
62 111 1
1 19 2
2 91 1
42 46 2
46 124 1
44 76 2
15 102 1
45 111 1
2 40 2
26 81 2
53 79 1
29 42 2
23 108 2
38 118 1
59 76 2
1 2 2
11 61 2
34 69 2
8 47 2
40 114 2
20 72 2
34 47 2
51 93 2
50 101 1
25 80 2
13 62 2
65 77 2
9 24 2
28 95 1
5 21 2
8 23 2
10 25 2
9 50 2
6 128 2
21 89 1
66 112 1
41 107 1
48 62 2
64 95 1
10 52 2
58 124 1
39 91 2
4 53 2
2 116 1
2 27 2
7 71 2
57 121 1
41 96 2
14 59 2
23 121 2
61 126 2
49 100 2
13 74 2
37 54 2
25 41 2
11 92 1
57 72 2
56 67 2
6 114 2
27 125 1
17 36 2
44 59 2
44 80 2
57 123 1
11 77 2
66 85 1
24 81 1
51 115 1
13 48 2
51 67 2
27 54 2
66 70 2
74 86 1
57 126 2
51 70 2
22 64 2
34 122 2
7 97 1
28 123 1
5 38 2
58 61 2
61 75 2
20 66 2
20 40 2
18 74 2
64 69 2
48 71 2
34 57 2
11 58 2
35 39 2
41 67 2
59 78 2
51 54 2
21 62 2
54 84 1
6 63 2
49 59 2
39 52 2
32 64 2
75 84 2
37 46 2
77 114 2
0 5 2
77 87 2
31 109 1
70 98 1
14 21 2
22 60 2
71 106 1
49 99 1
54 69 2
33 63 2
62 70 2
0 61 2
48 126 1
5 85 2
21 81 2
69 125 1
6 77 2
2 88 1
59 72 2
20 34 2
21 73 2
26 121 1
44 100 2
35 47 2
45 90 2
9 68 2
11 51 2
27 29 2
57 83 1
14 109 1
65 74 2
27 98 2
19 20 2
54 62 2
50 54 2
2 77 2
9 126 1
44 58 2
49 61 2
53 118 1
38 63 2
31 99 2
39 46 2
9 73 2
66 101 1
30 91 1
11 17 2
76 121 2
3 55 2
16 45 2
5 15 2
27 118 1
50 63 2
0 80 2
14 47 2
15 99 1
28 47 2
42 127 1
34 94 1
69 94 1
5 48 2
11 65 2
69 86 2
9 46 2
55 87 2
43 72 2
8 52 2
3 64 2
49 80 2
74 117 1
40 115 1
49 75 2
41 57 2
26 39 2
20 122 1
55 65 2
44 108 1
10 118 1
36 102 1
40 98 1
25 35 2
11 112 2
7 27 2
2 11 2
48 69 2
1 70 2
19 98 1
47 70 2
3 92 2
23 86 1
5 60 2
7 65 2
37 104 2
14 97 2
43 61 2
9 82 1
64 128 1
49 52 2
38 82 1
30 92 2
3 74 2
3 42 2
15 23 2
29 128 2
41 54 2
34 42 2
0 69 2
44 56 2
60 127 2
32 122 1
42 50 2
28 59 2
12 52 2
63 77 2
30 124 2
5 33 2
57 127 1
20 117 1
22 119 1
34 48 2
18 73 2
58 69 2
49 121 2
26 36 2
37 59 2
50 55 2
1 81 1
20 120 2
31 66 2
21 70 2
31 55 2
5 70 2
57 74 2
33 92 1
36 47 2
1 64 2
20 104 2
52 76 2
6 62 2
44 85 2
37 47 2
53 103 1
26 53 2
4 34 2
50 52 2
42 128 1
67 129 2
57 59 2
46 118 1
22 86 1
51 123 1
59 75 2
3 16 2
6 38 2
46 119 2
28 64 2
57 128 2
44 51 2
13 51 2
65 78 1
33 105 2
65 79 1
15 77 2
72 116 2
60 67 2
22 103 1
59 97 1
12 107 1
50 116 1
11 80 1
66 68 2
73 87 2
4 65 2
13 83 1
57 78 1
54 122 1
68 119 1
75 101 1
9 91 2
12 65 2
46 113 2
33 99 2
46 92 2
14 127 1
10 119 2
50 105 1
32 93 1
11 26 2
36 62 2
11 18 2
1 9 2
0 31 2
52 97 1
22 61 2
17 84 2
54 127 1
6 80 2
39 122 1
29 68 2
13 63 2
16 24 2
60 66 2
22 76 2
43 71 2
9 25 2
8 70 2
70 129 2
9 14 2
76 90 2
65 82 1
26 84 1
22 107 1
1 6 2
7 31 2
74 102 1
35 66 2
58 119 1
24 84 2
43 68 2
7 15 2
33 78 1
11 75 2
59 79 2
31 34 2
8 78 1
61 86 1
60 80 2
62 76 2
77 124 2
51 119 2
48 91 1
2 49 2
40 51 2
49 81 1
25 44 2
38 41 2
52 64 2
20 74 2
47 68 2
52 95 1
8 56 2
44 95 2
7 61 2
45 54 2
25 112 2
43 121 1
4 60 2
67 125 2
54 100 1
31 62 2
2 44 2
27 31 2
26 87 1
41 61 2
13 129 1
23 72 2
71 112 1
19 81 1
74 78 1
20 75 2
23 28 2
0 53 2
52 103 1
13 39 2
33 67 2
68 127 1
30 52 2
16 69 2
28 68 2
66 110 1
16 36 2
16 76 2
17 47 2
5 6 2
10 60 2
41 70 2
31 73 2
21 26 2
24 44 2
49 65 2
72 80 1
59 61 2
37 63 2
68 92 2
24 36 2
16 28 2
26 72 2
14 38 2
24 72 2
15 75 2
50 71 2
33 111 2
12 69 2
41 99 1
19 60 2
63 122 2
63 79 1
2 89 1
40 75 2
54 103 1
23 62 2
28 46 2
14 71 2
30 114 1
49 84 1
14 45 2
30 33 2
54 64 2
42 101 1
2 5 2
47 66 2
55 88 1
14 50 2
67 70 2
4 83 1
1 125 1
56 59 2
17 41 2
62 108 1
11 127 1
9 122 1
28 115 1
17 120 1
55 98 2
33 121 1
52 122 1
36 67 2
48 53 2
66 119 1
73 120 1
2 14 2
55 112 2
6 66 2
60 120 1
62 63 2
59 71 2
71 74 2
46 105 1
25 43 2
34 74 2
1 100 1
1 38 2
10 15 2
42 126 2
40 54 2
30 77 2
19 100 1
9 120 1
12 57 2
48 93 1
11 28 2
17 68 2
19 46 2
19 66 2
20 32 2
39 51 2
5 7 2
41 129 1
11 33 2
34 104 2
69 109 2
15 65 2
2 72 2
6 103 1
8 9 2
0 115 1
37 70 2
11 125 1
16 109 2
26 83 1
17 19 2
2 62 2
2 126 2
27 47 2
19 58 2
23 56 2
16 65 2
44 89 2
15 50 2
9 89 2
16 51 2
20 41 2
73 116 2
28 122 2
0 29 2
17 37 2
20 44 2
49 108 1
77 93 1
3 50 2
1 62 2
52 125 1
61 73 2
16 89 1
21 24 2
32 45 2
17 77 2
47 55 2
8 53 2
12 50 2
7 127 1
71 94 1
44 55 2
49 71 2
34 53 2
26 126 2
64 71 2
70 79 2
44 96 1
54 116 1
16 55 2
65 123 1
36 96 1
61 121 2
6 73 2
47 65 2
5 64 2
8 75 2
12 56 2
6 124 1
59 60 2
44 94 2
32 52 2
63 66 2
22 71 2
18 94 1
15 54 2
46 49 2
29 81 1
7 54 2
61 77 2
46 81 1
50 66 2
14 62 2
3 41 2
59 63 2
1 65 2
42 44 2
58 106 1
2 81 2
48 49 2
67 69 2
11 107 1
34 123 1
1 18 2
32 68 2
6 75 2
28 112 1
16 18 2
23 100 1
68 112 1
64 116 2
42 105 2
14 19 2
75 124 2
2 9 2
51 96 1
33 37 2
66 96 2
8 79 1
42 48 2
16 20 2
48 50 2
71 77 2
26 80 1
27 79 1
14 82 1
22 49 2
9 59 2
19 64 2
29 70 2
71 82 2
5 54 2
15 94 2
15 121 1
7 72 2
7 19 2
35 37 2
24 119 1
76 109 1
30 96 1
39 112 1
50 89 1
3 59 2
28 56 2
26 27 2
12 43 2
36 117 2
55 127 1
47 61 2
58 95 1
22 32 2
61 72 2
38 72 2
20 86 2
54 81 1
9 27 2
56 119 1
71 95 2
25 67 2
32 90 2
34 98 1
68 79 2
18 62 2
57 61 2
9 60 2
22 70 2
23 58 2
14 39 2
14 53 2
51 82 2
8 80 1
51 62 2
39 117 1
25 50 2
36 55 2
16 115 2
15 93 1
31 90 1
51 71 2
8 105 1
47 57 2
47 50 2
44 99 1
20 50 2
71 119 2
9 70 2
15 61 2
36 50 2
57 107 1
3 29 2
51 66 2
27 70 2
24 53 2
35 112 2
71 81 2
18 25 2
40 57 2
68 117 1
4 26 2
35 57 2
23 119 1
65 126 2
3 54 2
23 102 1
7 116 1
10 31 2
6 129 1
53 126 1
56 115 2
60 75 2
26 112 1
6 7 2
0 59 2
2 29 2
45 95 2
24 46 2
13 52 2
15 115 2
6 30 2
9 64 2
64 83 1
36 80 2
63 113 2
13 41 2
27 66 2
62 112 1
32 47 2
24 109 1
22 90 2
0 128 1
13 103 1
17 64 2
14 30 2
38 120 2
16 66 2
77 128 1
26 94 1
43 126 1
4 16 2
37 76 2
29 93 2
66 91 2
62 109 1
12 110 2
52 82 1
54 102 2
43 105 1
3 128 2
13 102 2
56 64 2
6 26 2
9 41 2
73 85 1
67 110 2
51 111 1
60 77 2
76 128 2
70 89 2
19 28 2
51 128 2
6 64 2
40 113 1
9 30 2
39 98 1
0 109 1
31 41 2
47 120 2
28 38 2
67 86 1
11 123 1
58 85 1
22 116 1
61 65 2
35 90 2
32 105 1
18 52 2
10 17 2
61 125 2
75 103 1
32 80 2
30 57 2
70 84 2
18 63 2
66 74 2
10 14 2
14 72 2
34 81 1
59 84 1
8 33 2
28 75 2
65 98 2
40 106 1
0 124 1
38 107 1
30 111 1
25 114 2
26 40 2
21 102 2
46 106 1
19 52 2
63 65 2
32 35 2
57 94 1
10 69 2
76 117 2
32 39 2
33 56 2
35 91 2
36 125 2
4 35 2
69 106 1
6 43 2
9 23 2
22 83 1
10 89 1
14 41 2
50 67 2
56 62 2
17 39 2
3 10 2
51 61 2
37 83 2
2 113 1
48 121 2
0 32 2
28 127 1
10 32 2
25 26 2
7 8 2
1 66 2
18 116 1
68 107 2
10 74 2
16 29 2
43 50 2
17 117 1
22 118 1
3 18 2
28 73 2
16 38 2
16 40 2
49 128 1
30 44 2
17 49 2
12 74 2
32 75 2
56 70 2
59 99 1
13 55 2
48 106 1
53 108 1
71 113 1
70 111 1
21 28 2
53 67 2
17 34 2
13 36 2
25 40 2
2 4 2
48 81 1
24 129 1
42 104 1
38 62 2
27 41 2
53 116 1
33 104 1
11 87 1
48 90 2
29 72 2
5 127 1
6 45 2
12 42 2
58 120 1
10 76 2
31 128 1
61 120 2
45 110 1
13 59 2
13 22 2
64 126 2
34 121 2
45 72 2
27 92 2
36 99 1
51 78 2
12 126 1
39 73 2
25 89 2
19 55 2
14 60 2
21 37 2
21 29 2
24 80 1
46 96 1
61 114 2
24 39 2
70 126 1
59 127 1
7 20 2
22 23 2
36 39 2
8 42 2
22 97 2
6 29 2
9 67 2
31 69 2
12 51 2
26 82 1
19 73 2
32 49 2
63 83 1
28 66 2
6 68 2
47 86 2
21 61 2
21 31 2
24 101 1
23 54 2
37 101 2
6 34 2
1 63 2
9 106 1
61 127 2
30 122 2
28 34 2
67 118 1
18 129 1
61 67 2
49 73 2
55 60 2
67 72 2
63 74 2
1 95 1
0 117 1
23 50 2
33 34 2
23 82 1
24 94 1
76 104 1
6 79 1
1 23 2
23 26 2
52 128 1
17 72 2
24 68 2
45 107 1
23 40 2
24 77 2
36 41 2
51 60 2
38 92 2
41 63 2
17 102 1
2 98 2
51 105 1
16 88 1
50 104 2
40 47 2
28 31 2
62 99 1
20 116 1
38 68 2
4 31 2
2 34 2
1 51 2
37 77 2
42 106 1
10 111 1
15 125 1
77 88 1
15 41 2
45 103 2
56 82 1
55 103 1
14 129 1
37 108 2
28 113 2
16 120 2
35 59 2
7 101 2
26 103 1
54 63 2
32 51 2
65 66 2
65 71 2
57 116 1
41 117 1
60 84 1
63 82 2
25 97 1
15 43 2
16 27 2
27 43 2
15 78 1
16 118 2
33 71 2
18 100 2
51 87 2
37 118 1
76 111 1
46 68 2
48 107 2
18 26 2
34 39 2
3 14 2
3 119 2
34 67 2
57 75 2
28 37 2
21 55 2
45 116 1
55 118 2
32 111 1
12 76 2
37 68 2
46 93 2
63 115 2
28 39 2
7 40 2
49 117 1
47 113 1
9 85 2
7 52 2
20 56 2
71 104 1
1 14 2
40 44 2
50 129 1
64 99 1
4 22 2
6 89 1
32 89 2
54 65 2
8 40 2
15 82 1
7 69 2
19 25 2
9 97 1
23 47 2
5 39 2
4 45 2
50 123 2
4 27 2
19 44 2
12 100 2
36 57 2
48 105 2
19 97 1
5 25 2
8 60 2
37 41 2
25 91 1
66 87 1
30 72 2
17 66 2
14 15 2
66 122 1
24 87 2
62 95 1
27 73 2
24 63 2
50 121 2
16 47 2
6 61 2
13 49 2
56 103 1
69 74 2
43 54 2
37 91 2
47 90 1
27 76 2
17 48 2
31 74 2
16 37 2
44 98 1
32 79 2
12 14 2
75 110 1
50 91 2
54 119 1
58 112 1
41 66 2
35 52 2
7 68 2
33 110 1
67 81 1
27 121 1
41 42 2
3 70 2
21 84 1
14 125 1
0 67 2
9 81 1
37 66 2
5 113 1
70 119 1
55 76 2
25 30 2
8 111 1
56 65 2
17 60 2
18 77 2
5 42 2
45 75 2
8 64 2
55 78 1
36 45 2
10 35 2
32 76 2
69 107 1
77 95 2
4 98 1
52 101 1
23 42 2
36 83 2
19 54 2
72 94 1
19 70 2
24 65 2
56 98 1
31 57 2
39 65 2
24 29 2
17 53 2
1 56 2
15 73 2
7 35 2
56 104 1
44 102 1
10 65 2
38 42 2
36 66 2
40 50 2
18 126 1
3 79 2
74 110 2
10 73 2
66 72 2
58 129 2
1 72 2
73 119 1
3 17 2
35 40 2
68 120 1
75 96 1
1 7 2
23 48 2
28 117 2
15 83 1
10 68 2
7 63 2
1 112 2
56 74 2
8 68 2
35 101 1
14 65 2
20 69 2
5 115 1
52 53 2
9 52 2
12 78 2
19 104 2
41 55 2
26 110 2
24 31 2
50 53 2
5 43 2
72 95 1
12 59 2
33 75 2
24 70 2
28 91 1
65 105 2
59 93 2
34 120 1
50 109 1
8 69 2
21 33 2
45 92 2
14 25 2
36 122 1
53 66 2
6 23 2
41 78 1
17 62 2
34 65 2
20 87 1
13 40 2
31 84 1
2 37 2
42 88 2
60 112 2
36 43 2
12 18 2
40 56 2
19 113 1
10 20 2
37 56 2
11 20 2
11 49 2
12 27 2
9 76 2
43 124 1
70 75 2
34 60 2
11 34 2
17 94 1
36 104 1
75 102 1
32 34 2
16 87 2
39 85 1
2 92 1
44 79 1
16 64 2
0 52 2
3 90 2
1 55 2
10 51 2
72 74 2
3 77 2
31 107 1
49 102 1
65 103 1
10 28 2
11 54 2
5 63 2
45 52 2
15 58 2
6 110 1
14 126 1
14 121 2
65 67 2
13 126 2
57 120 2
24 58 2
6 95 1
23 92 1
27 42 2
41 56 2
22 63 2
30 74 2
7 80 2
18 68 2
52 127 1
18 27 2
26 31 2
28 36 2
2 35 2
13 18 2
7 9 2
15 126 1
4 101 1
77 113 1
43 55 2
21 77 2
43 119 1
43 107 1
58 103 1
60 93 1
23 103 1
2 54 2
1 91 2
52 74 2
56 71 2
9 45 2
3 6 2
67 98 1
57 95 1
25 56 2
37 112 2
2 50 2
68 71 2
60 107 1
40 77 2
12 45 2
28 119 1
32 113 1
22 102 2
54 91 1
31 108 2
6 60 2
11 114 2
18 122 2
9 56 2
39 74 2
0 17 2
54 74 2
71 125 1
28 114 1
9 61 2
28 105 2
35 120 1
19 40 2
57 105 1
20 71 2
0 41 2
55 69 2
57 69 2
31 125 1
32 65 2
44 64 2
37 93 1
71 93 1
9 42 2
55 70 2
40 85 1
2 66 2
1 34 2
43 118 1
24 30 2
22 38 2
14 69 2
31 89 1
3 66 2
63 88 1
20 61 2
56 85 2
40 80 1
31 126 2
22 117 1
8 63 2
22 30 2
41 60 2
45 102 2
17 22 2
43 108 2
77 89 1
58 115 1
17 31 2
1 4 2
14 32 2
17 38 2
52 84 1
40 84 2
49 125 1
15 89 1
66 79 1
46 110 1
26 67 2
61 89 2
18 102 1
42 54 2
6 52 2
30 49 2
47 58 2
23 73 2
37 55 2
6 42 2
15 53 2
14 68 2
6 18 2
34 112 1
31 82 2
67 106 1
8 45 2
3 103 1
30 87 2
15 81 1
19 124 1
38 78 1
64 107 1
0 95 1
46 58 2
17 57 2
54 93 1
33 53 2
50 70 2
60 103 1
74 109 2
5 89 1
52 121 2
8 73 2
75 89 1
9 93 2
76 97 1
1 33 2
45 71 2
38 114 2
54 67 2
47 73 2
40 88 1
2 115 1
71 109 2
54 59 2
2 25 2
42 65 2
65 87 2
25 33 2
37 62 2
2 30 2
4 76 2
57 65 2
77 90 2
10 117 2
5 74 2
0 97 2
2 125 2
55 119 2
6 98 2
35 62 2
49 67 2
1 20 2
71 126 2
3 9 2
20 25 2
32 43 2
53 114 1
3 73 2
12 44 2
5 101 1
50 81 1
34 51 2
2 93 1
61 81 2
26 76 2
9 119 1
12 122 1
30 65 2
41 44 2
0 25 2
21 32 2
68 98 2
14 67 2
15 20 2
75 100 2
8 61 2
30 73 2
64 65 2
36 46 2
8 123 1
52 106 1
55 77 2
44 90 2
18 36 2
25 87 2
15 66 2
6 28 2
52 58 2
11 100 1
3 69 2
17 50 2
24 66 2
0 10 2
18 95 1
7 82 1
47 100 2
57 80 2
38 95 1
67 95 1
74 100 2
44 50 2
25 99 1
60 99 2
38 101 1
64 124 1
28 51 2
9 124 1
7 43 2
1 10 2
3 76 2
23 123 1
0 18 2
26 37 2
77 109 2
43 99 1
24 88 2
76 83 1
27 37 2
42 51 2
44 119 1
12 106 1
25 52 2
14 27 2
44 67 2
38 73 2
60 69 2
31 105 1
54 121 1
12 36 2
52 69 2
46 66 2
77 122 1
42 55 2
54 129 1
39 89 1
8 34 2
18 57 2
50 108 1
74 83 2
24 49 2
9 19 2
18 32 2
38 49 2
5 57 2
74 126 1
22 52 2
17 128 1
22 72 2
0 71 2
57 63 2
20 35 2
14 100 1
28 96 1
33 93 2
7 10 2
18 103 1
51 68 2
17 125 1
41 48 2
39 118 1
18 75 2
63 121 1
24 69 2
77 82 1
11 74 2
51 76 2
21 56 2
38 93 2
3 28 2
7 74 2
38 69 2
5 26 2
9 71 2
58 68 2
67 127 2
43 111 1
68 96 1
24 75 2
37 45 2
52 107 1
58 117 1
57 76 2
4 105 2
0 44 2
30 105 1
5 56 2
29 62 2
42 67 2
37 123 1
43 100 1
34 95 1
45 50 2
35 78 1
18 28 2
42 112 2
7 125 2
13 28 2
57 68 2
3 37 2
40 125 1
37 42 2
30 56 2
50 78 1
36 76 2
41 93 1
5 108 1
27 95 2
13 77 2
62 72 2
3 39 2
31 32 2
57 108 1
58 70 2
11 36 2
26 111 2
4 40 2
0 122 1
41 62 2
5 55 2
41 97 2
26 35 2
29 76 2
10 47 2
21 38 2
11 24 2
15 123 2
29 126 1
14 31 2
41 52 2
47 83 1
52 61 2
62 93 1
45 68 2
9 117 2
17 23 2
4 77 2
46 109 2
38 51 2
4 90 2
19 50 2
36 54 2
11 119 1
48 110 1
40 90 1
42 73 2
11 12 2
25 77 2
20 76 2
28 120 1
33 38 2
23 75 2
1 124 1
62 71 2
73 94 1
8 38 2
56 72 2
60 87 1
56 108 1
34 125 2
9 112 1
1 8 2
39 119 2
17 111 1
16 23 2
7 75 2
30 34 2
44 69 2
1 76 2
8 98 2
13 93 2
21 108 1
22 68 2
11 40 2
15 21 2
13 53 2
65 89 1
35 98 2
13 25 2
37 126 1
24 43 2
6 10 2
76 122 1
44 93 2
40 76 2
16 42 2
18 24 2
18 80 2
24 124 1
22 47 2
46 72 2
32 66 2
4 106 1
29 101 1
51 92 1
33 80 1
51 129 1
37 69 2
1 49 2
5 47 2
10 54 2
15 100 2
44 104 1
17 29 2
2 28 2
54 97 1
3 15 2
36 44 2
33 74 2
4 94 2
28 33 2
62 128 2
30 67 2
59 70 2
52 126 1
35 116 1
29 52 2
48 77 2
29 114 2
4 70 2
11 47 2
4 73 2
36 59 2
56 110 1
3 38 2
64 92 1
73 122 2
32 94 2
28 44 2
13 71 2
7 24 2
28 61 2
7 93 1
73 114 2
4 63 2
5 73 2
33 116 1
68 105 2
9 72 2
15 18 2
12 21 2
49 74 2
77 118 1
43 82 1
22 120 2
26 77 2
38 58 2
30 47 2
7 33 2
35 58 2
31 36 2
37 78 1
27 45 2
8 20 2
35 74 2
3 27 2
61 79 2
31 101 1
2 75 2
37 98 2
35 55 2
27 74 2
43 92 2
27 80 1
26 68 2
27 49 2
4 102 1
1 73 2
61 62 2
45 127 1
12 41 2
43 80 1
13 33 2
42 77 2
19 77 2
20 102 2
6 100 1
64 118 2
62 129 1
19 45 2
33 41 2
75 82 2
7 76 2
22 56 2
7 14 2
58 105 1
27 67 2
67 100 1
1 52 2
15 56 2
4 49 2
31 112 2
29 30 2
5 18 2
11 115 1
39 58 2
10 19 2
13 96 2
38 124 1
17 32 2
33 86 1
42 85 1
47 48 2
39 120 1
29 60 2
65 75 2
2 109 2
1 61 2
35 50 2
34 56 2
25 49 2
35 125 2
60 86 2
26 79 2
42 91 2
4 41 2
73 101 1
33 61 2
77 92 1
6 17 2
73 103 1
54 111 1
1 79 1
61 109 1
10 129 1
8 103 1
8 118 1
17 122 1
1 68 2
30 98 1
28 55 2
73 81 1
15 37 2
29 49 2
57 73 2
14 104 1
7 17 2
22 81 2
6 16 2
31 60 2
55 64 2
3 122 1
17 59 2
9 31 2
35 70 2
52 75 2
6 91 2
6 85 1
58 100 2
6 46 2
5 28 2
67 73 2
8 67 2
28 35 2
61 85 2
6 123 1
68 118 1
51 65 2
3 105 1
51 95 2
27 64 2
50 61 2
25 37 2
58 79 1
36 85 1
4 66 2
45 88 1
10 63 2
37 124 1
53 77 2
32 97 2
0 118 1
9 16 2
4 6 2
61 124 1
69 73 2
34 62 2
45 87 2
46 82 2
10 18 2
68 73 2
42 53 2
1 59 2
10 43 2
6 108 1
33 106 1
11 91 2
42 100 1
4 93 1
39 86 1
18 59 2
74 96 1
6 88 2
16 72 2
31 54 2
64 67 2
51 74 2
4 71 2
0 48 2
21 87 2
4 97 1
5 82 2
16 117 1
43 113 1
30 62 2
41 125 2
28 89 2
25 78 2
44 66 2
21 68 2
12 96 1
0 15 2
31 97 2
68 88 1
9 107 1
11 30 2
26 41 2
18 60 2
49 77 2
40 110 1
9 57 2
6 27 2
4 127 1
5 27 2
21 67 2
4 119 2
59 111 1
19 21 2
24 33 2
30 116 1
23 65 2
26 42 2
2 120 1
50 68 2
60 81 1
58 89 1
25 93 2
34 52 2
68 75 2
18 54 2
18 23 2
25 62 2
32 41 2
0 106 1
49 69 2
34 41 2
36 116 1
24 56 2
2 47 2
23 67 2
72 77 2
12 23 2
32 62 2
38 119 1
74 119 1
8 28 2
76 113 1
17 127 2
38 46 2
34 116 2
33 76 2
40 89 1
5 29 2
19 129 1
24 52 2
8 95 1
42 61 2
31 71 2
43 56 2
54 76 2
33 95 2
48 63 2
62 77 2
2 7 2
29 105 2
17 71 2
28 30 2
27 126 1
27 59 2
1 93 2
48 56 2
5 87 2
12 121 1
25 54 2
47 77 2
14 105 1
3 31 2
47 105 1
24 104 1
63 64 2
25 95 2
30 53 2
62 117 1
71 85 1
73 128 1
22 129 1
16 46 2
15 96 1
12 49 2
7 59 2
10 55 2
0 72 2
9 74 2
51 100 2
15 29 2
26 54 2
51 127 1
5 71 2
8 85 2
3 13 2
36 103 1
22 29 2
3 21 2
11 71 2
76 80 1
40 69 2
42 63 2
65 86 1
69 112 1
55 94 2
41 123 1
22 125 1
52 83 2
31 46 2
8 76 2
42 56 2
31 61 2
25 42 2
46 114 1
8 36 2
12 86 2
21 35 2
64 66 2
2 13 2
13 15 2
53 121 1
52 113 2
7 111 1
17 99 2
8 65 2
65 72 2
11 38 2
23 93 1
18 30 2
4 9 2
66 106 2
4 15 2
44 57 2
15 76 2
57 71 2
67 105 1
65 95 1
5 66 2
25 55 2
53 70 2
19 125 1
11 57 2
2 39 2
17 69 2
2 45 2
8 114 1
35 56 2
45 48 2
14 26 2
24 60 2
35 80 1
44 129 1
34 63 2
21 100 1
18 48 2
37 90 1
13 20 2
20 100 1
8 21 2
50 119 2
14 20 2
76 118 1
72 84 2
65 94 2
6 118 1
69 123 1
72 127 2
43 73 2
8 121 1
45 91 2
25 47 2
6 57 2
67 75 2
40 101 1
65 90 2
35 92 1
25 51 2
9 83 1
5 30 2
5 92 1
24 97 2
7 86 1
11 35 2
55 68 2
0 6 2
21 58 2
27 104 1
64 89 2
25 74 2
32 53 2
18 111 1
29 119 1
17 70 2
65 97 1
63 110 1
55 111 1
20 93 1
49 123 1
14 66 2
16 75 2
15 39 2
23 76 2
23 60 2
13 84 1
7 64 2
76 89 1
16 105 1
43 60 2
46 48 2
49 97 1
41 82 1
65 102 1
60 114 2
32 50 2
63 106 1
60 108 2
41 43 2
39 53 2
26 62 2
42 70 2
15 59 2
19 69 2
0 73 2
42 62 2
42 115 1
62 114 1
36 90 1
63 71 2
18 72 2
49 68 2
0 8 2
58 92 1
55 73 2
37 58 2
33 54 2
23 66 2
54 95 2
9 33 2
18 38 2
6 55 2
28 53 2
42 72 2
64 79 1
51 102 2
19 96 1
36 42 2
70 95 2
32 127 1
28 67 2
74 81 2
72 85 2
34 35 2
20 105 1
4 17 2
77 78 1
18 34 2
0 58 2
6 25 2
35 54 2
7 39 2
12 46 2
45 128 2
65 120 1
8 109 2
8 127 1
44 68 2
27 84 1
62 100 1
54 75 2
24 123 1
30 54 2
42 79 1
7 83 1
0 88 1
2 52 2
77 117 1
75 99 2
22 106 1
42 69 2
10 128 1
9 15 2
20 112 1
43 104 1
65 70 2
6 13 2
68 124 1
39 59 2
31 33 2
33 114 2
32 46 2
35 122 1
52 67 2
46 51 2
9 98 1
20 63 2
21 47 2
33 113 1
20 65 2
14 101 1
37 84 1
44 97 1
42 49 2
34 88 1
52 105 1
31 37 2
59 124 1
10 113 1
27 106 1
35 86 1
2 68 2
64 86 1
3 48 2
18 101 2
46 111 2
33 65 2
26 73 2
68 116 1
24 38 2
19 32 2
52 54 2
38 67 2
13 45 2
42 113 1
20 27 2
16 43 2
31 68 2
29 79 1
1 50 2
26 46 2
49 79 1
0 16 2
13 58 2
2 79 1
40 123 1
38 43 2
41 72 2
43 125 1
5 37 2
39 62 2
56 84 2
1 85 1
2 31 2
29 96 1
55 86 1
73 96 1
66 69 2
68 84 1
8 106 1
35 60 2
71 80 1
13 56 2
25 61 2
13 123 2
6 47 2
46 127 1
20 115 1
21 94 2
0 111 2
50 84 1
63 69 2
25 46 2
76 78 1
7 45 2
22 113 1
2 69 2
63 70 2
40 126 1
62 126 1
18 31 2
68 122 1
38 111 1
71 121 1
46 63 2
37 80 1
64 117 1
28 93 1
6 120 2
50 75 2
35 67 2
63 129 1
53 124 1
10 33 2
25 119 2
4 61 2
45 126 2
12 25 2
52 117 1
15 45 2
4 43 2
67 117 1
25 83 1
39 55 2
54 98 2
65 101 1
75 92 1
27 123 2
47 69 2
7 118 1
20 108 1
37 122 1
44 92 2
48 102 2
76 116 1
25 127 1
3 23 2
53 100 1
64 122 1
1 12 2
28 84 1
41 50 2
49 53 2
32 37 2
43 90 1
19 111 1
19 57 2
9 100 2
20 37 2
40 70 2
26 74 2
32 54 2
11 102 1
21 23 2
65 73 2
21 103 2
63 76 2
50 57 2
53 76 2
37 102 1
6 59 2
1 120 2
24 86 2
14 57 2
40 67 2
73 84 2
11 56 2
46 121 2
7 84 1
8 14 2
46 115 1
20 99 2
33 55 2
29 87 1
10 82 1
8 46 2
61 95 1
24 100 2
7 42 2
8 50 2
63 75 2
41 85 2
53 94 2
4 59 2
40 58 2
66 89 2
22 94 1
2 64 2
23 98 1
58 96 1
74 101 1
56 76 2
16 114 1
41 53 2
18 109 2
9 101 2
17 87 1
9 39 2
4 55 2
56 94 1
55 79 1
64 104 2
55 121 1
19 23 2
39 48 2
27 40 2
25 101 2
41 118 2
16 58 2
66 67 2
49 107 2
53 125 1
19 36 2
29 57 2
6 24 2
32 110 2
28 52 2
1 11 2
4 110 1
46 87 1
36 111 2
28 90 1
54 82 1
37 40 2
16 33 2
77 119 2
20 84 1
26 63 2
48 54 2
56 78 1
24 48 2
10 64 2
39 43 2
4 12 2
29 66 2
15 19 2
68 113 2
24 40 2
34 97 1
44 72 2
44 84 1
19 38 2
11 59 2
26 47 2
24 28 2
48 123 1
12 73 2
70 100 1
42 81 1
60 90 2
77 84 1
9 129 2
8 71 2
40 120 1
77 105 1
10 90 2
48 75 2
40 48 2
45 81 2
47 87 1
33 48 2
32 72 2
45 100 1
0 14 2
33 45 2
24 27 2
13 76 2
46 100 1
31 94 1
32 92 1
38 70 2
11 86 1
49 70 2
15 104 1
28 97 1
3 5 2
70 71 2
17 119 2
83 112 2
94 112 2
7 50 1
33 46 1
10 38 1
11 42 1
10 39 1
