% n=110 p=33 d=0.33 p_blue=0.33
% k=0
15 27 2
15 40 1
12 25 2
7 62 1
9 18 2
26 32 2
20 107 1
9 20 2
17 25 2
30 92 1
1 10 2
20 51 2
35 36 2
9 24 2
13 57 1
14 15 2
23 100 1
11 26 2
28 65 2
2 25 2
15 64 2
17 81 2
5 14 2
17 42 2
10 24 2
1 96 2
14 22 2
8 89 1
8 9 2
5 18 2
13 18 2
15 67 2
13 63 1
28 103 2
35 55 2
0 11 2
9 73 1
29 86 1
4 39 1
12 70 1
2 104 1
10 89 2
6 28 2
7 98 1
3 65 1
2 73 1
8 96 1
30 44 1
35 38 1
2 3 2
7 70 1
1 95 1
20 103 1
29 54 2
31 85 2
15 104 1
21 79 1
8 82 1
2 22 2
28 78 2
16 103 1
17 73 1
15 20 2
15 103 1
9 100 1
35 52 1
10 48 2
4 45 1
8 28 2
8 84 1
2 28 2
14 39 1
34 98 1
33 43 1
23 73 1
4 67 1
4 48 1
10 18 2
2 96 1
29 92 1
20 104 1
11 78 2
32 38 1
11 14 2
17 58 1
22 98 1
4 50 1
23 28 2
6 29 2
35 108 2
34 35 2
23 66 1
27 76 1
4 27 2
24 26 2
12 26 2
32 91 2
12 52 1
19 84 1
0 68 1
23 96 1
22 23 2
5 95 1
1 4 2
21 34 2
19 63 1
8 21 2
34 42 1
2 7 2
1 33 2
4 13 2
23 80 2
5 11 2
15 26 2
28 35 2
33 34 2
13 92 1
32 66 2
30 38 1
20 88 2
12 18 2
7 78 1
21 44 2
17 28 2
8 29 2
16 17 2
4 97 1
36 99 1
17 102 1
7 27 2
8 56 1
23 94 1
4 20 2
22 80 2
10 11 2
14 16 2
18 26 2
13 53 2
25 28 2
32 90 1
24 99 2
25 34 2
16 31 2
26 88 1
21 82 1
26 27 2
28 66 2
2 67 1
30 41 1
21 85 1
13 96 1
6 26 2
17 35 2
11 59 1
2 99 1
0 89 2
14 60 1
26 35 2
10 27 2
17 29 2
0 29 2
12 28 2
17 21 2
3 72 1
3 28 2
28 29 2
1 31 2
3 60 1
26 34 2
26 80 2
8 31 2
32 99 1
1 15 2
28 85 1
19 89 1
19 31 2
15 41 1
25 26 2
18 23 2
28 58 1
34 59 2
26 29 2
36 45 2
20 67 1
2 31 2
36 73 2
6 27 2
1 97 1
12 86 1
5 51 1
20 57 1
35 51 2
4 17 2
3 18 2
7 9 2
5 80 2
14 58 1
31 66 1
21 56 2
27 88 1
29 32 2
13 22 2
1 58 2
27 34 2
9 19 2
16 36 2
34 40 1
30 79 2
12 16 2
25 30 2
36 46 2
13 77 2
12 69 1
27 31 2
10 38 1
17 109 2
4 18 2
34 92 1
9 10 2
3 67 1
6 104 2
35 65 2
0 34 2
14 103 1
6 54 1
28 106 1
30 103 2
16 95 1
16 104 1
10 20 2
18 31 2
2 24 2
33 79 2
2 29 2
13 60 1
3 87 1
16 44 2
35 47 1
2 50 1
14 95 2
3 69 1
7 13 2
0 9 2
15 99 1
31 93 2
11 38 1
4 100 1
0 21 2
11 20 2
25 85 1
13 25 2
0 36 2
11 85 1
1 28 2
10 22 2
2 83 1
26 90 2
4 92 1
36 54 1
1 41 1
3 17 2
3 96 1
9 40 1
17 27 2
12 36 2
15 70 1
18 32 2
5 33 2
5 26 2
9 80 2
5 29 2
13 15 2
25 104 2
14 86 1
4 106 1
12 105 1
22 29 2
16 51 1
13 86 2
5 24 2
12 23 2
25 95 2
34 50 2
1 6 2
13 23 2
13 24 2
6 75 2
13 61 1
3 97 1
31 51 1
19 68 1
9 71 1
7 97 2
0 50 2
19 86 1
19 98 2
16 27 2
18 44 1
30 32 2
14 35 2
4 102 1
30 63 1
20 34 2
5 13 2
17 22 2
22 33 2
4 9 2
34 67 1
5 10 2
2 11 2
31 48 1
15 95 2
0 74 2
11 80 1
10 26 2
12 99 2
1 27 2
11 24 2
5 96 1
3 29 2
1 29 2
16 18 2
11 30 2
28 81 1
3 26 2
1 13 2
29 60 1
14 96 1
16 23 2
10 14 2
10 63 1
25 36 2
18 56 1
9 32 2
16 77 1
11 22 2
36 107 1
26 52 1
1 9 2
24 87 1
17 87 2
21 24 2
0 22 2
18 28 2
2 34 2
8 97 1
12 33 2
16 42 1
2 80 1
27 55 1
4 33 2
15 16 2
5 56 2
29 35 2
20 40 1
24 66 2
35 97 1
32 76 1
15 33 2
15 30 2
34 75 1
10 74 2
4 6 2
17 101 1
0 101 1
23 102 1
20 97 1
11 32 2
25 62 2
3 105 1
5 19 2
12 20 2
12 106 1
10 23 2
26 54 1
19 66 2
2 18 2
5 77 1
12 29 2
26 79 2
8 43 1
5 100 2
32 96 2
30 104 2
28 47 1
24 79 2
27 40 2
9 21 2
28 63 1
0 14 2
28 30 2
31 55 1
13 27 2
18 67 1
13 47 1
18 54 2
8 35 2
35 43 1
9 55 1
14 109 1
7 26 2
9 26 2
0 41 1
14 41 1
25 37 1
27 70 1
6 102 2
18 29 2
33 86 1
20 64 2
28 92 2
1 3 2
13 99 1
12 24 2
18 22 2
31 106 1
18 101 1
18 24 2
8 36 2
19 25 2
2 95 1
1 14 2
16 69 1
2 26 2
15 97 1
16 25 2
9 17 2
17 80 2
23 50 1
3 22 2
8 102 2
12 31 2
26 48 2
13 59 2
29 30 2
26 87 1
12 17 2
20 91 1
7 17 2
30 109 1
2 71 1
6 48 2
36 97 1
29 66 2
10 31 2
3 6 2
29 33 2
32 107 1
22 26 2
36 100 1
13 94 1
1 12 2
14 94 1
2 36 2
7 33 2
19 30 2
36 94 1
17 37 1
35 89 1
19 23 2
16 28 2
23 41 1
30 36 2
27 99 1
2 54 1
27 66 1
24 58 2
30 43 2
4 23 2
21 39 1
6 14 2
33 35 2
7 34 2
30 56 1
0 53 2
3 48 1
8 47 1
9 16 2
1 64 1
10 99 1
0 37 2
26 59 1
22 108 1
8 24 2
28 33 2
5 69 2
13 45 1
4 22 2
20 47 2
7 11 2
11 76 1
33 82 1
4 34 2
35 106 2
8 68 1
3 23 2
32 35 2
8 91 2
6 24 2
25 70 2
10 16 2
6 77 1
8 72 1
0 1 2
3 38 1
12 27 2
1 103 2
15 98 1
10 94 2
0 20 2
1 7 2
7 64 1
6 9 2
8 33 2
25 92 1
6 18 2
36 74 2
8 22 2
29 90 1
24 52 1
26 68 2
34 37 1
16 24 2
2 8 2
8 57 1
3 36 2
2 5 2
6 66 1
33 66 2
25 27 2
6 84 1
14 62 1
13 42 2
20 35 2
17 52 2
11 41 1
11 29 2
26 78 2
17 43 2
6 89 1
19 29 2
16 29 2
15 23 2
14 21 2
24 74 1
21 33 2
9 63 1
17 95 1
15 92 1
13 28 2
0 72 2
10 41 1
26 66 1
14 46 1
18 20 2
25 56 1
0 107 2
0 30 2
19 83 1
30 95 1
14 88 1
1 34 2
0 40 1
9 15 2
24 71 2
19 107 1
6 34 2
0 5 2
33 40 1
11 19 2
21 28 2
31 43 1
28 95 1
30 98 1
1 44 2
19 34 2
12 45 1
31 104 1
2 16 2
8 30 2
3 58 1
5 108 2
15 25 2
9 77 1
20 86 2
1 80 1
10 100 1
21 47 2
13 21 2
15 32 2
34 104 1
9 54 2
6 7 2
19 21 2
20 32 2
12 64 1
30 35 2
21 31 2
22 24 2
1 24 2
27 32 2
6 86 1
13 16 2
4 57 1
21 25 2
7 84 2
24 53 1
30 31 2
0 18 2
2 14 2
16 33 2
19 26 2
29 78 1
31 54 1
21 90 1
3 7 2
7 18 2
14 25 2
26 99 1
1 19 2
26 96 2
10 25 2
28 99 1
24 68 2
12 78 1
2 84 2
1 30 2
4 51 2
31 33 2
13 73 2
2 9 2
8 12 2
25 86 1
24 83 2
4 19 2
3 8 2
22 44 1
9 13 2
12 22 2
7 36 2
11 31 2
4 15 2
28 31 2
20 39 1
4 12 2
21 97 1
8 81 1
18 97 1
22 39 1
17 26 2
0 76 2
4 28 2
33 94 2
14 27 2
3 10 2
16 67 1
5 53 2
16 20 2
31 32 2
18 61 1
18 25 2
23 48 2
18 63 2
33 97 1
18 52 1
23 32 2
3 4 2
3 35 2
13 26 2
3 13 2
24 49 1
15 53 1
12 89 2
4 38 2
5 105 1
13 36 2
26 72 1
25 49 2
27 33 2
21 26 2
21 93 1
12 56 1
14 106 2
5 81 1
12 82 2
27 101 2
16 79 2
8 27 2
6 39 1
9 35 2
13 76 2
34 38 1
16 65 2
9 61 1
7 20 2
10 28 2
12 34 2
15 24 2
36 109 2
13 67 1
31 36 2
36 80 1
3 30 2
14 43 1
13 14 2
3 27 2
23 101 2
15 80 1
19 36 2
17 55 1
32 41 1
6 13 2
19 72 2
30 71 1
0 25 2
4 36 2
22 42 1
3 21 2
32 85 1
5 45 1
6 21 2
11 17 2
4 104 1
31 58 1
14 17 2
36 108 1
12 68 2
3 70 1
11 23 2
16 60 2
0 28 2
1 54 2
5 97 1
26 81 1
4 5 2
0 93 2
11 18 2
6 31 2
19 22 2
18 82 1
15 35 2
15 55 1
16 80 1
8 23 2
7 56 1
9 65 1
2 23 2
8 19 2
17 65 2
2 33 2
16 107 1
6 17 2
15 102 1
5 17 2
27 80 1
9 31 2
3 20 2
7 76 1
9 34 2
0 10 2
7 106 1
0 4 2
31 83 1
15 21 2
24 60 1
31 34 2
7 16 2
17 50 1
7 29 2
11 53 1
31 92 1
10 104 1
4 87 2
3 80 1
3 11 2
7 19 2
19 52 2
8 76 1
7 75 1
2 20 2
21 105 2
22 35 2
20 74 1
5 12 2
4 21 2
14 70 2
34 55 1
6 33 2
36 60 2
20 65 1
13 90 1
3 104 1
1 23 2
3 19 2
23 26 2
36 86 1
6 23 2
29 57 1
36 106 1
25 90 1
5 67 1
32 40 1
27 82 1
11 67 2
3 31 2
14 76 1
19 78 2
5 8 2
7 21 2
12 48 2
15 52 1
11 12 2
32 109 2
27 29 2
3 46 1
5 34 2
35 41 1
26 30 2
10 91 2
23 33 2
31 99 1
14 26 2
6 15 2
1 5 2
19 92 2
33 50 2
6 8 2
24 40 1
9 58 1
17 47 1
23 31 2
6 35 2
10 29 2
9 25 2
20 31 2
2 58 1
10 57 1
14 29 2
28 64 1
3 25 2
2 27 2
12 55 1
7 8 2
3 45 1
22 89 1
7 103 1
27 38 2
24 106 2
15 94 1
33 71 1
19 39 2
27 69 2
12 59 2
28 86 1
11 16 2
19 99 1
25 80 2
22 32 2
4 14 2
0 13 2
0 12 2
21 35 2
28 55 1
5 32 2
33 39 2
32 45 1
13 29 2
4 49 1
24 28 2
6 105 1
4 10 2
18 84 1
23 86 2
0 39 1
1 16 2
15 76 2
27 67 2
1 93 1
10 19 2
25 45 1
19 74 2
3 16 2
27 28 2
27 73 1
31 61 1
18 33 2
9 14 2
15 29 2
29 56 2
0 63 2
8 18 2
21 103 1
34 68 1
0 24 2
24 94 1
2 30 2
8 26 2
5 20 2
0 78 1
31 94 1
9 36 2
9 47 1
25 84 1
21 102 2
21 51 1
33 48 2
25 58 1
20 22 2
26 98 2
18 46 1
1 43 1
3 12 2
32 56 1
5 102 1
4 29 2
26 36 2
36 53 1
31 39 2
0 27 2
13 31 2
28 68 1
23 25 2
22 63 2
5 94 1
4 26 2
22 93 1
4 77 1
16 90 2
24 93 1
5 36 2
0 75 1
23 71 2
9 27 2
32 73 2
0 35 2
23 40 1
13 97 1
11 27 2
11 48 1
22 75 1
23 52 1
5 68 1
7 54 2
29 53 1
5 90 1
24 54 1
25 32 2
9 29 2
13 44 1
13 56 1
22 85 2
15 28 2
14 20 2
4 30 2
36 101 1
22 83 1
12 67 2
24 82 2
1 67 1
22 58 2
16 34 2
6 60 1
27 87 1
23 24 2
25 69 1
29 46 2
21 22 2
29 37 1
16 22 2
4 41 2
33 55 1
24 32 2
13 66 1
21 32 2
6 19 2
6 58 2
17 91 2
24 78 2
32 34 2
15 37 2
29 85 1
2 19 2
16 52 1
0 31 2
12 54 1
12 53 1
11 92 1
28 34 2
36 87 1
5 104 1
2 12 2
30 39 1
1 18 2
31 37 1
14 36 2
13 20 2
14 38 1
12 19 2
24 59 2
22 61 1
2 4 2
9 33 2
29 76 2
22 69 1
7 69 1
14 42 1
6 69 1
31 103 2
8 100 1
15 22 2
28 36 2
24 36 2
32 42 1
8 39 1
3 95 1
16 102 1
20 29 2
33 77 2
0 17 2
25 29 2
10 21 2
31 35 2
19 57 1
36 58 2
10 30 2
27 42 2
25 87 2
9 79 2
30 83 2
5 101 1
5 16 2
8 11 2
8 46 2
35 62 1
17 34 2
28 107 1
5 9 2
11 21 2
6 25 2
18 30 2
8 25 2
0 2 2
10 72 1
5 98 1
14 52 1
24 90 1
24 77 1
9 66 1
32 97 1
2 93 1
25 98 1
21 23 2
10 32 2
8 92 1
26 28 2
21 91 1
21 29 2
29 41 1
2 10 2
16 45 1
4 8 2
24 37 1
27 77 1
24 27 2
16 21 2
31 53 2
8 13 2
20 21 2
31 89 1
7 32 2
3 54 1
9 62 2
10 34 2
16 39 1
26 89 1
0 32 2
17 107 2
18 35 2
14 24 2
26 56 1
2 17 2
11 64 1
11 35 2
14 34 2
31 76 1
18 57 1
5 25 2
7 12 2
4 31 2
11 28 2
18 70 1
10 12 2
8 107 1
28 54 1
15 17 2
1 2 2
1 26 2
8 94 1
27 75 1
26 44 1
22 71 1
30 68 1
36 66 1
7 23 2
10 40 2
10 17 2
22 34 2
1 21 2
10 88 2
3 24 2
18 34 2
14 19 2
23 27 2
4 68 2
23 37 1
14 32 2
26 31 2
26 33 2
33 56 1
22 25 2
17 41 2
7 38 2
34 63 2
12 74 2
2 47 1
7 83 1
22 28 2
2 6 2
6 94 1
9 82 1
11 34 2
35 76 2
7 28 2
5 23 2
0 92 1
13 32 2
31 79 1
34 44 1
3 107 2
34 86 2
14 54 1
4 69 1
6 61 1
23 30 2
17 36 2
0 26 2
11 36 2
1 22 2
26 108 1
9 44 2
35 61 2
1 20 2
7 24 2
12 13 2
35 95 1
32 69 1
30 60 2
7 14 2
8 85 1
27 100 2
11 15 2
23 29 2
2 13 2
28 32 2
33 69 1
16 92 1
14 33 2
3 61 1
25 108 1
10 56 2
25 43 1
20 82 1
22 68 2
29 109 1
29 84 1
18 49 1
32 36 2
6 32 2
30 85 1
34 71 1
21 61 1
31 88 1
12 21 2
9 97 1
8 98 1
3 5 2
16 53 2
18 19 2
29 48 1
22 27 2
20 63 1
16 49 1
1 38 1
0 19 2
20 25 2
7 22 2
23 45 2
3 32 2
18 27 2
14 57 1
9 60 1
27 102 1
36 59 2
33 106 1
23 104 1
19 28 2
12 71 1
24 85 1
4 11 2
1 17 2
4 35 2
12 35 2
19 64 2
3 33 2
5 21 2
22 70 1
16 32 2
12 65 1
1 8 2
33 73 1
12 30 2
0 97 1
17 20 2
14 69 1
7 77 2
35 72 2
2 21 2
1 55 1
1 81 2
14 28 2
22 52 1
14 31 2
13 88 1
6 11 2
22 30 2
8 34 2
27 39 1
8 10 2
2 35 2
10 36 2
20 105 2
7 25 2
30 34 2
8 51 2
15 36 2
36 102 1
24 97 1
31 82 2
21 27 2
23 83 1
5 92 1
25 33 2
19 59 1
31 49 1
34 56 1
8 32 2
8 16 2
25 66 1
3 100 2
21 107 1
30 80 1
12 15 2
15 90 2
19 33 2
34 70 2
15 56 1
18 41 1
12 73 1
5 79 1
14 30 2
1 25 2
29 68 1
35 75 1
32 39 2
30 65 1
31 70 2
12 66 2
36 77 1
17 30 2
6 20 2
13 48 1
23 35 2
29 61 2
35 84 1
7 15 2
8 17 2
12 41 2
1 11 2
26 61 1
3 41 2
20 68 1
16 74 1
31 41 2
36 103 2
18 36 2
9 12 2
14 99 1
25 76 1
7 41 1
20 26 2
6 97 2
20 33 2
9 28 2
20 36 2
20 28 2
22 84 1
19 27 2
23 78 1
15 72 2
10 45 1
5 93 2
7 35 2
24 88 1
24 34 2
16 97 2
13 33 2
33 83 2
29 100 1
27 37 1
25 35 2
2 61 1
4 58 1
18 98 2
29 93 1
36 85 1
16 35 2
32 106 1
17 19 2
27 36 2
16 38 2
30 55 1
6 79 1
19 61 2
17 76 1
0 23 2
20 77 1
20 24 2
2 32 2
22 36 2
33 36 2
16 81 1
8 15 2
34 72 1
36 90 1
32 87 1
16 82 1
2 103 1
15 19 2
8 74 1
31 67 1
22 76 1
7 48 2
7 65 1
32 101 2
22 31 2
24 41 1
4 24 2
23 72 2
11 73 1
1 47 2
24 43 1
28 53 1
14 93 1
5 7 2
0 6 2
6 10 2
24 84 1
14 18 2
7 30 2
16 19 2
29 31 2
29 74 1
16 98 1
34 36 2
9 30 2
5 28 2
7 31 2
5 27 2
29 94 2
8 20 2
22 46 2
6 12 2
3 9 2
35 109 1
11 58 1
33 42 1
27 53 1
17 32 2
11 44 1
5 6 2
29 108 1
31 57 1
10 59 1
22 100 2
29 91 2
19 35 2
8 83 1
33 41 2
20 30 2
6 63 1
0 85 1
17 68 1
32 104 1
8 78 1
31 75 1
1 35 2
14 23 2
34 54 1
32 33 2
17 72 1
31 45 2
13 30 2
22 43 2
17 48 2
16 50 1
3 15 2
29 34 2
8 40 1
21 42 1
11 33 2
1 40 1
21 48 1
0 16 2
17 33 2
15 54 1
33 64 1
15 31 2
25 31 2
24 102 2
5 22 2
0 65 1
21 36 2
10 13 2
13 17 2
7 61 1
0 15 2
6 30 2
23 106 2
27 71 1
21 43 1
29 104 1
34 91 1
16 93 2
17 24 2
9 23 2
2 39 1
4 25 2
5 58 1
16 30 2
0 79 1
1 32 2
18 80 1
19 20 2
4 7 2
19 32 2
9 43 2
5 15 2
24 25 2
25 106 1
31 105 2
12 63 1
11 45 1
17 23 2
10 33 2
4 16 2
3 74 2
8 14 2
23 51 1
7 91 1
3 34 2
30 96 1
13 35 2
24 35 2
32 80 2
23 43 1
31 59 1
35 45 2
18 55 1
36 88 1
3 93 1
23 108 1
19 70 2
5 35 2
5 31 2
29 44 2
30 86 1
7 71 1
6 36 2
15 42 1
0 33 2
25 77 2
5 30 2
12 93 1
28 57 1
9 22 2
26 42 1
18 71 2
0 67 1
24 47 2
12 14 2
16 26 2
24 31 2
29 80 1
24 29 2
14 50 1
11 61 1
4 80 2
18 94 1
33 107 1
4 37 1
3 14 2
26 85 1
6 22 2
6 16 2
9 48 1
24 33 2
2 37 2
18 103 1
10 97 1
7 10 2
18 77 1
15 87 2
20 23 2
27 30 2
21 87 1
19 24 1
84 89 2
33 92 1
3 39 1
23 57 1
62 81 1
62 65 1
28 89 2
16 43 2
62 89 2
2 15 1
3 86 2
27 79 2
24 81 2
84 92 1
17 57 1
15 34 1
18 100 1
85 107 1
32 62 1
11 25 1
2 62 1
17 98 2
32 81 2
7 85 1
11 39 2
0 3 1
19 62 1
12 43 2
65 103 2
24 98 1
2 98 1
19 79 2
18 81 2
15 18 1
2 81 1
65 85 2
13 19 2
81 89 1
22 81 2
9 11 1
23 36 1
