% n=140 p=33 d=0.66 p_blue=0.33
% k=0
42 119 2
39 134 1
33 108 2
38 42 2
15 57 2
2 38 2
32 44 2
41 102 2
39 107 1
45 100 1
44 118 1
20 134 2
24 96 1
45 95 2
38 123 1
4 67 1
15 31 2
20 119 1
40 99 2
45 69 2
0 134 1
27 100 1
26 98 1
34 46 2
13 17 2
5 15 2
20 63 1
37 94 1
7 19 2
18 111 2
41 124 2
32 73 1
9 70 1
8 92 1
34 74 1
23 62 1
28 101 1
8 20 2
18 27 2
3 48 2
27 97 1
37 99 2
3 74 2
24 135 1
36 82 1
6 74 2
22 40 2
4 44 2
8 116 1
29 118 2
33 105 1
41 109 2
9 67 1
10 89 2
9 57 2
15 77 2
16 32 2
25 92 1
14 17 2
27 93 1
24 77 1
10 103 2
7 131 1
40 89 1
9 19 2
46 106 1
39 139 1
14 62 1
23 27 2
7 21 2
33 80 1
11 60 1
4 95 2
16 83 1
14 59 2
7 124 1
5 66 2
14 63 1
3 130 1
22 29 2
4 31 2
16 44 2
43 76 2
2 40 2
4 74 1
3 86 2
18 117 1
33 42 2
24 26 2
5 49 1
11 121 2
18 85 1
42 73 1
26 27 2
33 137 2
35 64 1
5 77 1
6 135 1
23 36 2
11 51 1
5 62 1
31 46 2
37 93 1
27 95 1
46 88 1
23 115 2
9 94 2
30 40 2
2 119 1
1 34 2
6 54 1
20 34 2
41 122 1
31 112 1
6 35 2
24 44 2
43 65 1
27 121 1
14 132 1
39 57 1
31 32 2
34 36 2
8 70 1
18 68 2
13 39 2
26 135 1
8 60 1
42 127 2
7 96 1
34 35 2
28 104 1
4 37 2
31 45 2
27 72 2
26 42 2
46 70 2
38 113 2
42 91 1
11 13 2
8 62 2
25 72 1
0 57 1
29 98 1
38 72 1
20 31 2
4 22 2
36 132 1
42 106 1
11 122 2
38 106 1
44 117 1
3 46 2
19 137 1
25 107 1
9 131 2
36 71 1
22 112 1
12 46 2
19 28 2
23 125 1
15 39 2
7 62 1
17 54 2
18 33 2
14 80 1
9 116 2
33 66 2
3 57 1
36 62 1
39 93 1
36 38 2
2 21 2
17 81 1
15 107 1
44 69 1
27 123 1
31 36 2
15 114 2
5 25 2
8 48 1
42 95 2
23 26 2
7 94 2
14 21 2
0 5 2
27 136 1
17 61 1
26 34 2
19 67 1
28 50 1
2 44 2
10 96 1
24 81 2
26 29 2
29 124 1
1 113 1
25 100 2
11 70 1
1 127 1
7 88 1
33 57 2
43 94 2
4 137 1
6 94 2
18 76 2
41 134 1
17 31 2
37 98 1
14 29 2
36 60 1
29 121 2
13 45 2
36 96 1
41 85 1
42 120 1
7 15 2
13 125 1
38 133 1
11 69 2
32 99 2
27 82 1
11 40 2
12 44 2
18 36 2
15 91 1
12 80 2
8 80 1
38 103 1
37 114 1
22 68 1
6 131 1
3 43 2
10 27 2
31 53 1
6 46 2
9 11 2
22 43 2
23 44 2
12 60 2
21 126 1
27 37 2
37 40 2
38 40 2
10 127 2
1 2 2
38 59 1
42 87 1
10 14 2
37 134 2
1 28 2
14 121 2
13 43 2
42 137 2
22 38 2
4 108 1
11 107 1
28 97 2
7 137 1
46 57 1
3 100 1
10 95 1
21 37 2
34 128 2
45 136 1
41 47 1
40 69 1
15 48 1
18 128 2
1 42 2
31 51 2
5 28 2
32 78 1
11 73 2
30 95 1
10 100 1
10 58 1
9 40 2
40 61 2
33 40 2
15 105 1
12 64 1
8 77 1
5 131 1
4 69 2
18 65 1
34 107 1
18 110 1
3 118 1
15 24 2
29 80 2
39 61 2
18 95 2
23 85 2
36 114 1
25 99 2
3 93 1
0 86 2
4 20 2
37 53 1
11 102 2
12 26 2
37 63 2
11 91 2
23 121 1
44 67 2
19 45 2
22 25 2
42 84 1
14 93 1
11 36 2
6 118 2
37 69 2
33 97 2
19 44 2
1 111 1
12 53 1
6 73 2
17 118 1
23 60 1
32 46 2
42 94 1
2 31 2
30 73 1
14 108 2
6 91 1
26 123 1
45 96 1
9 13 2
20 42 2
12 90 2
41 76 2
19 93 1
16 28 2
12 66 2
10 17 2
31 72 2
11 127 2
21 60 2
5 17 2
38 71 1
17 47 2
44 103 2
41 81 1
9 62 2
12 42 2
11 90 1
14 41 2
11 82 1
17 74 1
29 37 2
36 76 1
23 24 2
37 43 2
15 73 1
10 83 1
2 106 2
3 36 2
32 108 1
40 83 1
37 121 1
24 115 1
35 128 2
11 59 1
1 24 2
24 112 1
39 47 2
19 121 1
46 69 1
44 128 2
8 126 1
22 39 2
38 111 1
15 33 2
0 44 2
1 101 1
12 91 1
15 30 2
21 90 1
8 56 2
4 63 2
29 89 1
7 42 2
20 104 2
11 94 1
31 117 2
1 85 1
41 86 1
18 38 2
5 43 2
14 94 1
31 98 1
1 97 1
14 58 1
25 46 2
3 102 2
3 18 2
12 116 1
6 39 2
1 129 2
24 114 1
15 131 1
27 63 1
3 79 2
24 98 2
14 47 1
45 139 1
27 53 2
40 85 1
23 111 2
21 58 2
42 79 1
10 31 2
10 120 1
25 55 1
20 103 1
4 42 2
16 60 1
4 89 1
11 67 2
31 118 1
14 28 2
17 113 1
0 79 1
9 22 2
36 122 2
25 49 1
34 98 1
33 99 1
1 110 2
3 32 2
3 30 2
17 38 2
15 85 2
43 44 2
30 77 1
36 133 2
17 20 2
3 15 2
9 130 1
16 98 2
38 64 2
33 37 2
5 7 2
15 86 1
21 75 1
0 50 1
31 107 1
17 105 1
24 45 2
22 35 2
6 122 1
3 24 2
22 62 1
32 100 2
14 18 2
41 42 2
0 78 1
27 58 2
20 131 1
17 22 2
17 126 1
7 22 2
45 97 1
12 33 2
24 121 1
15 98 1
36 102 2
30 45 2
24 36 2
30 46 2
32 114 2
9 25 2
1 15 2
18 30 2
12 81 1
34 120 1
11 120 1
26 31 2
11 41 2
40 59 1
8 11 2
0 131 1
6 134 1
1 52 1
2 131 2
37 132 2
26 41 2
32 86 1
38 55 1
15 130 2
18 25 2
4 10 2
33 67 1
12 24 2
20 90 1
9 120 1
36 51 1
17 72 1
25 30 2
19 136 1
29 51 1
26 134 2
0 95 1
4 24 2
42 89 1
27 91 1
10 38 2
34 101 1
6 124 1
30 104 1
34 43 2
41 127 1
26 107 2
45 104 1
5 132 1
20 38 2
28 41 2
19 56 1
12 40 2
12 127 1
7 129 2
22 96 2
41 123 2
4 47 1
36 48 1
26 71 2
32 126 1
8 38 2
30 125 2
21 131 1
42 64 1
38 51 2
7 132 2
44 101 1
13 30 2
16 40 2
17 28 2
26 28 2
43 101 1
7 114 2
36 80 1
10 46 2
6 133 2
3 20 2
25 103 1
43 91 1
15 46 2
8 30 2
18 133 1
17 123 2
23 70 1
7 126 1
28 59 2
12 136 2
39 43 2
14 53 1
21 27 2
32 105 2
16 123 1
33 100 1
12 21 2
31 74 1
10 90 1
23 102 2
41 65 1
16 22 2
16 106 1
10 34 2
5 107 2
30 59 1
16 31 2
25 31 2
19 30 2
19 111 1
1 56 2
15 101 1
4 99 1
6 121 1
5 48 2
23 126 1
33 138 1
17 26 2
16 21 2
11 32 2
28 102 2
29 128 1
9 124 1
14 40 2
13 103 1
45 114 1
23 95 2
35 61 2
30 130 1
34 82 1
9 86 1
27 106 2
25 118 1
22 121 2
19 64 2
37 127 1
12 56 1
21 25 2
13 16 2
24 25 2
30 131 2
8 76 1
25 97 2
46 110 2
43 104 1
29 33 2
25 58 1
11 58 1
35 56 1
40 119 2
27 129 2
17 95 1
17 45 2
21 89 1
28 103 1
16 131 1
19 96 1
32 127 1
4 68 1
19 54 2
0 68 1
22 127 1
13 77 2
42 135 2
23 31 2
16 99 2
23 127 1
16 116 2
19 123 1
19 24 2
0 46 2
9 43 2
37 48 2
25 80 1
14 134 1
41 125 1
24 72 1
27 40 2
3 120 1
12 32 2
27 39 2
8 97 2
34 62 1
21 51 1
38 96 1
26 78 2
34 52 1
3 65 2
0 108 1
12 104 2
3 96 1
39 130 1
46 64 1
31 121 1
10 73 2
4 115 1
42 75 1
19 42 2
42 122 1
13 62 1
3 115 2
3 21 2
20 72 1
10 13 2
24 35 2
46 130 1
16 48 2
8 135 2
3 49 1
15 64 2
25 134 1
44 88 1
1 5 2
22 99 2
20 86 2
15 82 1
13 68 2
28 131 2
26 74 1
31 110 1
20 49 1
9 30 2
11 19 2
46 89 2
15 19 2
0 77 1
39 116 1
30 105 2
34 75 2
2 32 2
2 7 2
4 33 2
28 87 1
17 48 1
16 130 1
33 115 2
41 54 2
40 95 1
38 56 1
35 124 1
39 63 2
1 66 1
30 38 2
3 11 2
13 15 2
16 125 1
23 81 1
34 66 2
31 47 1
1 23 2
32 106 1
2 112 1
18 77 2
19 36 2
15 88 1
40 60 2
4 26 2
42 105 1
40 127 2
9 34 2
4 138 1
29 65 2
4 78 1
41 135 1
19 63 1
29 107 1
29 82 1
18 19 2
46 72 1
42 116 2
35 89 1
17 83 1
2 78 2
5 95 1
8 121 1
46 63 2
9 23 2
18 31 2
0 4 2
21 123 2
5 14 2
28 53 1
22 126 2
6 22 2
19 59 1
34 129 1
18 86 2
11 124 1
15 37 2
30 79 1
29 99 1
3 9 2
12 34 2
5 114 1
41 44 2
9 118 2
6 136 2
20 48 1
6 15 2
44 78 1
39 110 2
7 17 2
7 44 2
36 106 2
42 63 2
20 83 1
19 21 2
37 64 2
2 123 2
17 87 1
13 35 2
31 67 1
29 119 1
2 136 2
43 60 2
43 75 1
6 137 2
37 77 1
38 107 2
3 58 1
42 70 1
14 129 1
8 55 1
39 135 2
26 76 1
39 105 1
6 114 2
33 107 2
45 106 2
45 55 1
14 19 2
0 81 1
18 103 2
22 26 2
3 27 2
35 130 1
19 135 1
13 100 2
4 14 2
40 131 1
1 40 2
44 127 2
5 89 1
25 57 1
10 49 1
1 116 2
14 133 1
21 63 1
2 76 1
9 84 1
13 123 1
42 133 2
38 87 1
2 98 1
25 125 2
9 81 1
19 118 1
22 31 2
22 46 2
25 105 1
4 117 1
13 89 1
41 70 2
5 8 2
36 118 2
22 89 1
5 27 2
10 29 2
7 43 2
22 70 2
36 87 1
2 62 1
13 81 2
26 117 1
34 114 1
32 58 1
8 33 2
27 64 1
19 51 2
3 126 1
32 103 1
13 24 2
46 67 1
45 115 1
12 36 2
39 78 1
36 54 2
17 99 1
30 137 1
12 35 2
12 72 1
3 122 1
19 29 2
28 82 1
22 59 2
23 38 2
14 91 1
34 40 2
27 112 1
43 55 1
23 94 2
40 104 2
28 31 2
0 75 1
0 136 1
5 18 2
28 106 1
41 116 1
5 57 1
23 128 1
25 104 1
28 134 2
11 23 2
35 67 1
43 121 1
30 80 1
13 114 1
6 50 1
18 20 2
29 38 2
27 34 2
28 130 1
36 52 1
4 62 2
3 92 1
12 28 2
12 121 1
33 118 2
18 94 1
21 71 1
6 126 1
8 127 1
31 66 2
30 135 1
39 52 1
14 82 1
24 76 1
37 92 1
12 87 1
14 33 2
36 47 1
6 31 2
9 87 1
37 47 1
0 37 2
29 95 1
39 51 1
25 43 2
4 125 2
20 122 1
7 18 2
13 132 1
27 104 1
45 71 2
5 113 1
25 133 2
21 39 2
46 56 2
18 131 1
11 20 2
6 79 1
23 46 2
25 121 2
33 89 2
26 83 1
33 131 1
11 109 2
18 101 2
28 83 1
10 84 1
33 75 1
39 112 1
25 27 2
46 128 1
46 115 1
45 137 1
16 103 1
23 97 1
42 107 1
9 14 2
8 14 2
24 93 1
35 73 1
21 86 1
29 123 2
26 33 2
13 134 1
13 34 2
17 82 2
30 120 1
42 125 1
25 60 1
2 10 2
6 85 1
9 90 1
20 139 1
21 82 1
23 98 1
39 96 2
1 35 2
34 97 1
10 102 1
0 11 2
2 66 1
15 51 1
39 85 2
5 126 1
5 84 1
7 14 2
8 84 1
34 56 2
26 44 2
32 64 1
19 33 2
26 106 2
17 77 2
29 71 1
22 63 1
34 58 1
20 111 1
39 70 1
46 79 1
44 55 2
14 124 1
7 61 2
35 72 1
45 73 2
40 117 2
41 132 1
7 83 2
29 85 1
29 117 1
5 54 1
42 46 2
20 22 2
45 133 1
27 55 1
28 75 1
24 125 1
44 110 1
36 73 1
24 119 1
30 96 1
8 16 2
17 40 2
16 112 1
44 71 2
36 134 1
1 90 1
24 54 2
33 134 2
36 92 1
8 43 2
4 7 2
45 92 1
38 54 1
11 15 2
24 101 1
14 20 2
28 36 2
27 33 2
26 136 2
38 134 1
0 2 2
41 83 2
1 31 2
41 58 1
45 88 1
32 72 1
10 85 2
30 115 2
9 60 2
24 51 1
9 102 2
28 38 2
17 94 1
15 102 2
22 105 1
10 28 2
22 136 1
6 111 1
18 90 1
10 40 2
27 76 1
43 62 1
0 123 2
40 58 1
6 34 2
5 69 1
17 50 2
30 39 2
8 69 1
4 34 2
7 70 1
35 127 1
39 46 2
46 73 1
16 120 1
10 33 2
26 120 1
13 19 2
7 127 1
0 8 2
8 23 2
38 79 1
29 35 2
8 73 1
34 48 1
36 41 2
3 26 2
2 49 2
35 90 1
24 34 2
29 120 1
33 41 2
37 74 1
45 86 2
29 96 1
38 135 1
21 46 2
5 11 2
4 112 1
44 75 2
26 137 1
40 110 1
45 63 1
28 45 2
4 84 1
33 70 1
3 13 2
40 42 2
15 136 2
33 36 2
12 115 1
19 49 1
33 50 2
40 135 2
38 45 2
4 17 2
4 71 2
17 84 1
1 112 2
21 33 2
3 52 1
8 18 2
3 104 1
6 38 2
24 129 2
7 113 2
15 72 1
16 42 2
18 49 2
6 7 2
41 62 1
10 54 1
7 41 2
12 37 2
29 101 1
12 45 2
13 37 2
44 108 1
45 91 2
30 32 2
20 46 2
19 132 1
33 68 1
9 115 1
37 139 2
5 32 2
44 115 1
11 28 2
45 66 1
14 89 1
44 111 1
7 87 1
9 52 1
13 46 2
17 139 2
3 116 1
0 24 2
1 18 2
2 11 2
3 76 2
13 130 2
33 87 2
41 110 2
26 58 1
7 36 2
1 11 2
24 29 2
46 132 2
19 61 1
18 64 1
9 137 2
31 88 1
42 49 1
18 21 2
27 28 2
0 113 2
20 112 2
31 85 1
31 48 1
4 135 2
45 68 2
27 137 1
7 23 2
18 129 1
11 22 2
6 51 1
21 76 1
12 73 1
40 52 1
26 97 2
36 97 2
37 38 2
0 110 1
16 27 2
32 49 1
30 113 2
2 43 2
25 66 1
9 26 2
22 106 1
38 41 2
31 60 2
18 99 1
31 135 1
20 126 1
30 43 2
27 43 2
9 125 2
32 109 1
10 136 2
23 59 1
17 25 2
39 55 1
30 132 1
14 128 1
11 84 1
7 74 1
11 38 2
13 113 1
34 115 1
32 95 1
26 55 1
2 8 2
5 106 1
0 58 1
39 128 1
44 72 2
26 101 2
0 109 1
40 123 1
9 12 2
2 45 2
30 118 1
10 20 2
38 98 1
25 54 1
24 123 1
8 45 2
30 71 2
27 135 2
17 35 2
8 24 2
20 117 2
21 59 1
13 50 2
15 111 1
26 104 1
18 121 1
24 30 2
36 75 1
7 86 1
30 94 1
42 134 2
39 121 1
30 83 1
6 19 2
4 106 1
34 135 2
9 44 2
13 80 2
28 126 1
1 27 2
13 117 1
41 119 1
43 70 2
24 85 1
18 43 2
25 115 2
4 15 2
8 9 2
39 91 1
3 33 2
45 126 2
6 125 1
8 52 1
2 20 2
17 90 2
36 103 2
7 81 1
43 46 2
28 107 2
1 45 2
27 116 2
11 92 1
2 102 1
42 68 1
41 87 2
21 110 2
2 50 2
20 69 1
16 114 1
23 92 1
8 15 2
18 42 2
17 89 2
14 118 1
8 95 1
35 77 2
32 42 2
12 128 1
45 94 1
38 83 2
1 136 2
8 40 2
24 80 1
36 46 2
17 129 1
7 59 1
33 91 1
46 60 2
35 40 2
45 85 2
2 19 2
29 44 2
1 33 2
39 113 1
46 77 1
32 59 1
29 30 2
42 74 1
37 56 2
36 126 1
28 121 2
0 138 1
19 72 1
28 84 2
1 22 2
0 73 1
4 36 2
16 82 1
4 8 2
9 27 2
43 99 2
24 52 2
41 93 2
23 118 1
11 111 1
13 14 2
19 71 2
38 52 1
22 42 2
1 12 2
16 67 2
24 82 1
30 36 2
19 31 2
43 53 2
1 16 2
25 96 1
18 28 2
30 42 2
2 80 2
7 31 2
40 79 1
15 22 2
12 98 1
30 102 1
22 34 2
9 33 2
27 68 1
30 53 2
9 42 2
31 129 1
3 84 1
8 89 1
14 45 2
18 78 1
15 133 2
4 43 2
35 112 2
7 48 1
30 54 1
38 80 1
1 133 1
1 67 1
29 81 1
20 113 1
23 134 2
6 127 1
18 134 1
15 100 2
17 112 1
6 65 1
13 73 1
35 86 2
21 32 2
40 57 1
17 119 2
21 106 2
7 117 1
30 122 2
15 92 1
3 40 2
0 36 2
6 84 1
1 36 2
4 9 2
27 133 1
11 72 1
24 137 2
35 111 1
4 35 2
7 128 1
14 115 1
12 27 2
3 137 1
45 83 1
37 104 1
6 83 1
32 69 2
4 87 1
12 85 2
14 50 1
20 102 2
23 25 2
2 23 2
30 78 2
9 50 2
27 62 2
34 45 2
4 123 2
0 32 2
10 81 1
36 125 2
31 50 1
21 61 1
29 72 1
46 100 2
0 69 2
2 87 1
10 104 1
33 61 1
2 86 1
24 131 2
16 118 1
26 125 2
25 35 2
16 94 2
46 54 2
21 68 1
43 72 2
34 57 2
17 19 2
31 101 1
3 5 2
35 103 1
9 35 2
38 94 1
16 33 2
9 69 1
22 45 2
31 127 2
31 128 2
13 27 2
18 66 2
40 54 2
34 72 1
15 40 2
15 129 1
16 74 1
18 120 1
29 127 1
33 133 1
19 43 2
25 76 1
32 50 2
12 48 1
31 61 1
44 102 2
39 67 1
13 32 2
30 81 1
25 131 2
21 137 1
35 126 1
5 117 2
29 39 2
26 87 1
17 32 2
36 66 1
27 118 2
29 54 2
33 113 1
14 83 2
19 41 2
2 85 2
2 12 2
34 131 1
30 101 1
1 83 1
37 123 2
6 99 1
17 100 1
11 108 1
19 88 2
14 96 2
5 137 1
2 46 2
46 62 2
20 79 2
2 51 1
37 41 2
20 45 2
1 32 2
46 133 2
34 77 2
9 39 2
29 42 2
0 20 2
29 36 2
1 25 2
8 63 1
5 41 2
43 117 1
10 105 2
1 4 2
2 59 1
16 89 1
0 38 2
35 65 1
20 137 1
10 77 2
21 88 1
11 57 1
7 134 1
34 93 2
10 68 2
10 126 2
0 91 1
21 133 1
36 70 1
10 88 1
37 68 1
13 36 2
3 16 2
25 128 1
25 77 1
45 93 1
5 56 2
31 116 1
24 83 1
8 109 2
8 128 1
39 54 1
22 44 2
40 82 1
3 81 1
33 72 1
42 124 2
28 110 2
18 124 1
42 61 2
29 112 1
10 11 2
15 28 2
5 103 2
36 129 1
37 133 2
8 67 1
31 37 2
35 82 1
9 18 2
32 52 2
10 32 2
16 104 1
43 127 2
34 124 1
35 134 1
38 90 2
2 128 1
19 105 2
23 116 1
6 132 1
42 77 2
28 79 2
13 25 2
27 99 1
46 51 1
28 127 1
38 65 1
3 17 2
34 49 1
26 75 1
25 45 2
11 43 2
46 118 2
35 135 1
10 139 1
12 75 1
4 103 2
11 68 1
9 45 2
15 137 1
16 135 1
43 112 1
46 113 1
23 39 2
26 132 1
24 100 1
15 44 2
10 43 2
21 52 1
14 122 2
46 108 2
14 106 1
46 101 1
23 103 1
1 50 1
46 109 1
28 100 2
27 54 2
6 42 2
13 120 2
27 86 1
30 57 2
12 102 2
7 26 2
30 31 2
0 25 2
31 96 1
22 37 2
30 124 1
11 76 2
29 32 2
43 81 1
35 79 2
14 107 2
26 133 1
24 27 2
2 5 2
42 48 2
46 50 2
0 101 1
23 78 1
4 90 1
6 96 1
6 75 2
1 96 1
30 67 2
9 41 2
41 92 2
12 39 2
30 128 2
31 55 2
2 30 2
26 38 2
35 137 2
15 27 2
2 61 1
44 47 1
9 88 1
0 34 2
42 114 2
8 59 2
16 26 2
34 126 1
17 18 2
16 75 1
23 56 1
22 77 1
6 14 2
41 45 2
21 44 2
19 50 2
6 30 2
22 71 2
36 81 1
15 18 2
2 125 1
20 59 2
31 42 2
18 100 1
16 18 2
27 42 2
0 43 2
19 104 1
25 67 1
7 8 2
29 70 1
32 68 2
31 49 1
21 47 2
10 12 2
39 127 2
24 99 2
6 113 1
40 43 2
26 131 2
29 83 1
8 102 1
13 44 2
10 21 2
4 97 1
46 53 2
27 96 2
6 116 2
25 29 2
41 111 1
13 109 1
19 57 1
29 55 1
40 47 1
12 15 2
23 49 1
27 125 2
3 134 2
37 116 1
19 40 2
43 131 1
19 128 2
33 116 1
26 65 2
4 50 2
26 50 1
43 114 2
13 107 1
29 43 2
3 67 2
22 73 2
31 132 1
41 121 2
3 41 2
20 85 2
11 44 2
16 107 1
5 82 1
20 123 1
0 94 2
33 51 1
16 24 2
46 93 1
13 82 1
2 138 1
7 97 1
0 115 1
16 30 2
35 87 1
8 133 1
24 111 1
41 126 2
10 130 1
21 125 2
31 111 1
30 62 2
11 33 2
5 118 1
17 21 2
34 136 1
31 83 2
16 36 2
26 92 2
42 98 1
40 92 1
35 63 2
13 29 2
29 56 1
26 47 1
24 66 2
25 48 1
29 77 2
4 25 2
44 105 1
5 44 2
43 110 1
19 38 2
16 115 2
36 94 1
0 10 2
21 56 2
12 86 1
2 70 2
24 79 1
28 129 1
7 72 2
11 100 2
15 21 2
20 84 1
16 78 1
10 119 2
42 93 1
14 66 1
8 13 2
40 53 1
11 55 2
12 18 2
6 108 1
2 126 1
3 82 1
12 25 2
19 102 1
0 88 1
12 108 1
7 115 1
33 35 2
1 120 2
0 6 2
3 45 2
21 99 1
30 68 1
25 75 2
37 87 1
9 55 2
2 113 1
18 139 1
18 24 2
20 41 2
41 105 1
13 97 1
29 122 1
10 44 2
13 40 2
20 67 2
3 111 2
33 69 2
19 46 2
5 13 2
7 73 1
0 12 2
9 21 2
29 109 1
26 124 1
26 45 2
35 97 2
16 117 1
34 55 1
33 45 2
6 139 1
10 69 2
16 65 1
20 99 2
41 71 2
23 42 2
24 32 2
39 98 2
3 31 2
23 29 2
5 40 2
26 91 1
43 126 1
0 54 1
22 51 2
41 46 2
24 110 2
8 36 2
9 32 2
34 50 1
12 17 2
37 111 2
32 98 1
20 106 1
1 63 1
28 39 2
14 68 1
28 91 2
25 120 1
37 137 1
6 23 2
36 119 1
1 82 1
19 62 2
33 126 2
42 44 2
33 111 1
38 39 2
42 71 2
16 55 2
21 45 2
2 48 2
16 19 2
24 69 1
41 103 2
12 16 2
11 126 1
4 77 2
35 43 2
31 119 2
3 125 2
15 62 2
2 29 2
28 114 2
1 109 1
20 92 1
15 113 2
28 32 2
16 38 2
5 50 1
11 12 2
16 132 1
14 73 1
35 58 2
46 52 1
32 37 2
10 36 2
40 136 2
34 51 1
44 104 1
29 90 2
1 10 2
34 41 2
24 28 2
0 61 1
2 129 1
40 125 1
8 107 1
15 67 1
0 100 1
39 50 2
4 93 2
7 57 1
10 78 1
46 61 1
19 23 2
14 42 2
3 23 2
23 83 1
18 34 2
21 72 1
0 30 2
27 44 2
32 66 2
41 52 1
14 104 1
6 64 2
23 79 1
34 87 1
27 41 2
43 73 1
10 16 2
27 32 2
32 118 1
16 53 1
44 45 2
11 98 1
17 116 2
16 108 1
5 58 1
1 41 2
24 42 2
16 54 1
5 90 1
4 100 1
25 74 1
31 68 1
3 72 1
39 41 2
4 6 2
7 51 1
16 35 2
4 92 2
18 74 1
22 60 1
28 80 1
17 34 2
11 125 1
35 98 2
7 58 2
34 85 1
4 114 1
24 128 2
14 34 2
41 129 2
9 98 1
11 105 1
25 41 2
19 22 2
2 104 1
40 122 1
40 102 1
2 60 1
6 66 1
8 19 2
7 49 1
27 115 1
26 69 1
16 100 1
12 122 1
26 49 1
20 62 2
25 64 1
18 62 1
46 85 1
18 39 2
45 128 1
40 66 1
24 106 1
24 62 1
22 115 1
18 79 1
22 91 1
11 37 2
15 123 1
42 108 1
1 20 2
27 84 1
4 118 2
38 116 1
23 109 2
15 41 2
45 118 1
21 74 2
8 34 2
7 30 2
38 48 1
42 47 1
5 136 1
43 119 1
28 67 1
24 88 1
0 84 1
41 59 1
21 40 2
40 44 2
27 134 2
19 99 1
39 122 1
35 44 2
14 123 1
35 37 2
25 34 2
7 78 1
29 66 1
22 110 1
34 59 1
23 89 1
9 111 1
36 127 1
34 37 2
22 123 1
16 133 1
8 44 2
35 92 1
28 30 2
30 116 2
2 15 2
27 35 2
45 129 1
7 29 2
4 53 2
41 108 1
14 84 1
15 128 1
0 130 1
7 38 2
28 81 1
19 27 2
37 81 1
28 135 1
34 38 2
11 18 2
28 76 2
39 74 1
22 88 2
40 68 1
1 37 2
45 90 2
21 43 2
31 114 2
0 26 2
17 41 2
30 110 2
14 119 1
4 32 2
16 101 1
4 13 2
32 54 2
4 104 1
2 116 1
14 25 2
5 116 2
37 51 1
10 107 2
14 114 1
46 94 2
40 100 1
14 77 2
2 107 2
1 121 1
9 126 2
13 48 2
18 113 1
3 8 2
45 117 2
10 125 1
5 120 1
30 114 1
13 61 1
0 59 1
21 22 2
14 135 1
7 65 1
7 75 1
34 96 1
27 127 1
13 86 2
30 91 1
18 98 1
19 32 2
2 90 1
1 102 1
0 35 2
28 137 1
15 135 2
7 13 2
9 114 2
36 64 1
16 69 1
31 44 2
35 38 2
9 109 1
4 120 1
31 137 2
28 132 2
28 33 2
33 39 2
38 139 1
41 84 1
39 77 2
7 20 2
19 97 1
40 120 2
34 127 1
32 101 2
15 69 1
5 124 1
15 32 2
29 105 1
31 131 1
6 70 2
44 83 1
10 55 1
46 71 1
29 103 2
24 127 1
34 91 2
9 65 2
13 26 2
0 62 2
38 138 1
14 71 2
4 116 1
22 48 1
0 55 1
10 91 1
1 44 2
20 65 1
20 61 1
6 52 1
31 65 1
41 51 1
20 124 1
35 68 2
3 106 1
46 136 1
5 45 2
43 57 2
3 61 1
25 91 1
9 105 2
10 50 1
9 74 2
39 81 2
9 51 2
4 27 2
39 119 2
22 124 2
22 47 1
22 114 1
21 138 1
25 87 1
1 84 1
42 100 2
2 36 2
4 139 1
32 121 1
25 33 2
3 110 1
14 24 2
20 101 2
4 86 1
17 80 1
29 84 1
6 9 2
6 77 2
39 109 1
16 45 2
17 104 1
25 53 1
35 36 2
11 87 1
9 132 1
5 123 1
35 51 2
12 13 2
27 130 1
26 36 2
2 3 2
44 130 1
19 78 1
18 41 2
35 93 1
17 68 2
3 6 2
45 61 2
9 95 1
5 31 2
8 25 2
7 138 2
42 104 1
20 91 2
39 106 1
14 105 1
43 59 2
41 136 1
22 119 2
35 41 2
10 134 1
10 22 2
6 102 1
18 114 1
15 81 1
3 25 2
26 118 1
6 40 2
33 54 2
45 119 1
38 130 1
12 106 2
4 72 1
14 15 2
6 32 2
8 105 2
11 78 1
9 37 2
15 56 1
33 43 2
8 42 2
29 50 1
12 19 2
37 128 2
22 56 1
2 14 2
29 31 2
0 116 1
20 55 2
30 103 1
22 64 1
10 39 2
15 36 2
26 68 1
18 63 1
25 88 2
11 132 2
42 101 1
30 138 1
1 13 2
1 39 2
37 45 2
2 17 2
12 30 2
37 72 1
37 65 2
29 125 2
8 85 1
5 23 2
30 51 2
17 49 1
4 127 2
45 65 1
2 105 2
20 39 2
4 133 1
39 136 1
40 124 2
3 63 1
38 97 1
28 73 2
5 73 1
33 56 1
3 28 2
38 124 1
9 97 2
14 37 2
10 24 2
32 96 2
0 74 1
30 86 2
34 138 1
23 54 1
19 115 2
16 76 2
4 126 2
9 103 1
33 47 1
1 43 2
0 98 1
44 73 1
46 123 2
3 64 1
6 44 2
10 57 2
44 50 1
4 21 2
20 114 2
11 116 1
11 34 2
17 103 1
21 102 1
43 82 1
23 73 2
2 130 1
14 57 1
30 49 2
18 130 1
5 26 2
8 74 1
36 43 2
3 56 1
35 83 1
37 42 2
15 74 1
5 22 2
13 124 1
21 66 1
27 94 1
13 127 1
34 110 1
41 61 1
23 88 1
5 121 1
8 136 2
6 92 1
5 12 2
32 122 2
14 116 1
45 132 1
5 19 2
37 59 1
10 45 2
11 112 2
34 39 2
19 109 1
27 108 1
24 46 2
20 43 2
26 54 1
22 33 2
11 74 1
7 33 2
36 58 2
20 118 1
5 115 1
39 42 2
23 113 1
26 40 2
23 45 2
28 42 2
28 43 2
16 134 1
13 78 1
26 129 2
4 30 2
14 88 1
29 87 1
0 31 2
28 44 2
1 106 2
8 54 1
23 86 2
14 79 1
30 133 1
29 61 1
10 82 1
21 29 2
37 101 1
32 88 1
2 95 1
18 93 1
16 87 1
27 89 1
9 54 2
45 120 1
15 66 1
6 59 1
41 56 1
10 79 1
35 96 1
29 34 2
39 102 1
4 12 2
0 14 2
8 78 1
27 66 1
5 46 2
19 119 1
2 33 2
43 98 1
28 123 1
8 138 1
39 44 2
42 55 2
15 23 2
12 88 1
35 132 2
14 55 1
27 49 1
46 125 2
30 112 2
2 42 2
18 37 2
5 127 1
11 88 1
1 3 2
34 112 1
3 60 1
22 100 2
22 84 1
25 127 1
7 84 1
24 40 2
19 81 1
12 31 2
4 46 2
26 77 2
21 42 2
22 75 1
1 61 1
20 80 2
12 76 2
39 65 1
44 136 1
4 57 1
6 101 2
44 96 1
9 107 2
16 43 2
44 85 1
23 82 1
36 57 2
32 80 1
40 62 2
22 108 1
2 117 1
28 29 2
15 25 2
43 128 1
18 22 2
27 74 2
20 74 1
34 71 1
19 53 2
32 84 1
33 65 2
33 84 2
16 81 2
44 100 1
43 89 1
21 135 1
33 121 1
19 122 1
22 61 1
38 43 2
32 81 1
0 56 1
29 138 1
18 67 1
8 47 1
17 24 2
8 35 2
46 58 2
5 79 2
10 25 2
14 97 1
6 10 2
42 66 1
42 65 1
41 90 1
27 83 1
10 70 2
37 96 2
26 30 2
24 102 1
32 82 1
16 41 2
7 11 2
26 90 1
34 92 1
19 85 1
14 69 1
14 43 2
17 67 2
19 101 2
39 59 1
37 73 1
10 51 2
2 122 1
39 69 1
17 120 2
11 77 1
28 108 1
14 102 1
32 33 2
9 17 2
21 30 2
11 135 1
33 46 2
5 24 2
24 107 1
5 9 2
0 47 1
11 17 2
2 103 2
23 123 1
10 98 2
31 104 1
36 63 2
32 110 1
15 97 1
42 117 1
21 101 1
24 49 2
35 62 1
14 16 2
21 104 1
7 16 2
9 76 1
13 42 2
26 96 1
20 110 1
2 139 1
26 51 2
28 77 1
30 52 1
31 138 2
2 35 2
28 93 1
23 114 1
25 86 2
17 58 1
1 38 2
43 134 1
20 132 1
8 131 1
11 39 2
41 49 2
0 93 1
30 41 2
1 70 2
46 111 2
19 139 2
19 94 1
3 114 2
35 113 1
20 37 2
30 121 1
19 47 1
26 46 2
41 118 1
11 65 1
3 34 2
45 99 2
38 137 1
33 62 1
11 27 2
5 98 2
45 58 2
17 69 1
28 40 2
6 60 1
14 22 2
15 60 1
10 30 2
0 114 2
28 34 2
30 64 1
44 74 1
46 104 2
18 32 2
7 98 1
35 123 2
34 61 1
5 88 1
4 109 1
1 98 1
6 37 2
31 108 1
36 93 1
16 23 2
15 50 2
42 52 2
35 101 2
15 26 2
14 35 2
44 133 1
2 6 2
10 35 2
12 63 1
4 107 1
18 60 1
15 45 2
20 21 2
18 40 2
18 35 2
4 88 1
23 120 1
46 103 1
4 96 2
12 110 1
5 111 1
16 96 2
16 111 2
18 75 2
21 62 2
0 85 2
41 64 1
22 132 1
21 28 2
33 38 2
24 61 1
25 89 1
15 121 1
5 20 2
31 109 2
16 119 2
23 35 2
10 41 2
8 50 2
1 14 2
34 47 1
46 74 2
26 139 1
9 20 2
8 17 2
42 136 1
17 137 2
22 23 2
13 52 1
18 46 2
10 15 2
4 128 2
20 70 2
15 53 1
13 22 2
27 85 1
34 130 1
5 37 2
7 106 1
2 41 2
15 93 1
12 99 1
43 122 1
35 52 1
36 116 1
12 95 1
17 106 1
24 136 1
7 32 2
37 52 1
25 61 1
34 90 2
11 26 2
10 110 2
5 33 2
32 123 2
43 92 2
9 119 2
40 46 2
31 38 2
23 131 1
46 90 1
16 25 2
33 74 1
38 110 1
20 44 2
2 37 2
8 134 1
0 122 1
9 36 2
39 95 1
7 45 2
17 44 2
1 46 2
8 22 2
10 101 1
26 85 1
1 30 2
21 115 1
11 29 2
24 37 2
41 79 1
8 46 2
12 54 1
24 116 1
24 132 1
11 134 1
12 41 2
18 105 1
26 39 2
45 109 1
7 105 2
9 104 1
40 111 1
2 13 2
46 121 2
2 65 1
18 104 2
44 58 2
26 81 2
44 116 2
29 97 2
5 102 1
36 115 1
42 53 1
24 122 2
31 40 2
34 104 1
12 107 1
33 114 1
33 127 2
1 124 1
0 39 2
2 27 2
1 57 1
22 30 2
36 53 2
7 34 2
1 17 2
35 78 1
18 115 1
7 120 1
14 27 2
5 60 1
45 54 1
7 12 2
39 40 2
17 75 1
42 97 1
35 102 1
20 105 1
22 57 1
25 44 2
6 18 2
3 109 1
30 65 1
0 15 2
15 70 1
32 55 1
30 84 1
25 93 1
26 37 2
22 72 1
9 10 2
6 138 1
41 104 1
24 108 1
10 137 1
31 125 2
44 89 1
0 3 2
7 60 2
23 90 1
19 113 1
0 102 1
32 107 1
12 50 1
10 116 1
35 59 1
11 89 1
34 103 1
29 79 1
16 47 2
38 66 1
12 135 1
46 81 1
17 115 1
46 129 1
40 72 1
33 34 2
0 89 1
45 113 1
45 116 2
9 91 1
28 113 1
24 59 1
20 116 2
8 82 2
44 86 2
14 44 2
20 27 2
35 99 2
10 37 2
5 39 2
14 56 1
19 103 1
23 72 2
15 35 2
34 64 1
32 120 1
15 34 2
27 29 2
12 47 2
39 45 2
6 20 2
1 21 2
26 59 1
9 61 2
10 114 1
8 27 2
6 17 2
3 75 1
1 108 2
9 63 1
14 32 2
25 113 1
33 98 1
33 88 1
5 68 1
28 72 2
17 53 1
30 69 1
0 105 1
11 14 2
17 117 2
18 125 1
46 76 2
19 125 1
5 29 2
5 21 2
35 66 1
42 72 2
5 30 2
25 32 2
12 65 1
28 118 1
27 110 1
21 121 1
6 45 2
25 68 1
6 100 1
30 82 1
44 137 2
32 39 2
31 41 2
29 108 1
29 78 2
31 84 2
4 81 1
17 86 1
8 91 1
17 60 2
0 139 1
38 132 2
31 136 1
44 63 1
19 89 1
0 107 1
23 65 1
40 45 2
23 133 2
21 117 1
6 67 1
30 61 2
28 105 1
7 118 1
28 60 1
27 45 2
45 51 1
5 133 2
39 66 2
21 96 1
7 103 1
1 26 2
2 39 2
36 105 1
2 25 2
32 133 1
20 128 2
26 84 1
7 101 1
11 104 1
44 46 2
33 117 2
19 79 1
23 119 2
38 76 2
29 115 2
42 43 2
44 90 1
11 45 2
3 10 2
23 61 1
2 9 2
7 139 1
29 116 1
2 64 2
45 46 2
45 138 1
15 126 2
5 63 1
37 109 1
21 41 2
38 125 1
32 102 2
17 43 2
30 87 1
12 129 2
4 56 1
2 16 2
16 63 1
25 82 1
27 61 1
20 77 1
41 43 2
30 44 2
3 88 2
16 20 2
22 78 1
32 45 2
0 9 2
34 139 1
8 120 1
30 37 2
9 110 1
16 121 2
16 97 1
21 57 1
0 13 2
17 29 2
42 85 2
22 41 2
35 100 1
18 88 2
34 53 1
22 32 2
37 61 2
36 40 2
8 87 1
0 41 2
28 122 2
2 34 2
41 113 2
34 137 2
44 114 2
32 60 1
13 136 1
8 49 1
3 105 1
39 60 1
0 119 2
17 23 2
21 53 2
35 108 1
43 77 1
35 81 1
41 75 1
22 50 1
15 17 2
21 109 2
17 91 2
43 123 1
15 84 1
13 94 1
23 130 1
5 64 1
41 114 1
20 25 2
40 63 1
25 40 2
20 23 2
5 36 2
1 64 2
41 68 1
37 103 2
26 114 2
25 119 1
39 103 2
37 71 1
32 134 1
25 130 1
36 65 1
22 66 1
29 40 2
5 6 2
37 75 2
17 37 2
10 132 1
24 43 2
2 134 1
2 68 1
38 91 2
2 121 2
16 50 1
26 67 1
45 75 1
6 26 2
41 112 1
3 113 1
22 24 2
34 116 2
42 80 1
4 70 2
7 122 1
15 95 1
4 48 1
0 40 2
7 28 2
10 121 1
24 38 2
8 139 1
7 104 1
11 47 1
40 97 1
34 106 1
23 28 2
25 110 2
28 68 1
37 88 1
40 67 1
27 90 1
0 64 1
36 113 1
28 66 1
4 28 2
42 50 1
16 86 1
45 123 1
1 125 1
8 112 1
0 70 1
11 21 2
36 74 1
10 23 2
24 33 2
12 57 1
11 115 1
13 112 2
5 94 1
14 92 1
5 119 1
29 129 1
27 109 1
24 117 2
30 35 2
30 126 1
18 89 1
6 47 2
17 46 2
19 134 1
4 101 2
20 33 2
15 42 2
9 113 1
41 106 1
29 45 2
29 62 1
6 24 2
37 70 1
0 65 1
45 48 1
1 89 1
42 88 1
21 124 1
39 90 2
29 139 1
1 29 2
40 128 1
2 28 2
6 36 2
22 36 2
28 124 1
38 69 2
19 117 1
41 69 2
6 56 1
35 46 2
15 43 2
0 45 2
21 34 2
29 91 2
7 10 2
36 135 2
9 108 2
32 97 1
12 138 1
8 12 2
37 54 1
37 44 2
9 128 1
8 113 1
6 107 2
44 51 1
30 50 1
31 39 2
34 84 1
7 47 1
8 39 2
44 134 1
7 116 1
16 126 1
32 70 2
26 115 1
13 20 2
28 35 2
18 106 2
17 39 2
45 122 1
45 80 1
2 114 1
39 86 1
5 47 1
45 121 1
28 86 1
8 117 2
19 25 2
37 117 1
21 119 1
35 39 2
28 37 2
28 70 2
37 100 1
4 11 2
24 103 1
4 18 2
3 29 2
36 131 1
46 124 1
33 78 1
42 62 1
15 83 1
45 79 1
1 105 2
40 77 1
2 91 1
21 54 2
41 57 2
27 31 2
13 85 2
24 75 1
17 96 1
43 108 1
33 86 2
29 53 1
6 97 1
0 22 2
26 57 2
42 129 2
3 42 2
24 67 2
12 77 2
44 49 2
12 20 2
3 12 2
4 16 2
37 125 2
6 104 1
31 92 1
31 33 2
37 79 1
29 114 1
28 139 2
2 58 1
38 57 2
13 69 2
13 84 1
32 131 2
16 17 2
3 19 2
7 40 2
9 83 1
2 96 2
4 130 1
39 88 2
34 132 1
13 23 2
27 103 2
40 90 1
28 138 2
4 23 2
42 45 2
36 100 2
28 94 1
21 91 1
0 63 1
22 53 2
6 41 2
0 7 2
15 124 1
23 43 2
16 139 1
12 58 1
42 115 1
11 62 1
21 31 2
43 138 1
37 86 1
7 52 1
26 82 1
40 71 1
0 1 2
29 74 2
33 93 1
28 48 1
4 65 1
0 19 2
2 57 2
13 51 2
44 76 1
37 90 2
6 120 1
16 51 2
36 98 1
17 136 1
21 127 2
31 94 1
15 99 1
26 121 1
22 92 1
26 138 1
13 31 2
3 62 1
7 9 2
41 55 1
7 27 2
11 138 1
44 121 1
13 49 1
32 76 1
6 128 2
18 126 1
0 18 2
32 128 1
33 83 1
35 125 2
13 93 1
1 131 2
1 74 1
26 43 2
38 126 1
22 28 2
22 98 1
8 137 2
32 41 2
8 68 1
20 30 2
27 67 2
45 72 1
37 115 2
14 30 2
4 5 2
3 138 1
9 89 1
21 136 1
20 47 1
7 109 1
27 102 1
33 76 2
14 111 2
35 57 1
36 37 2
6 29 2
19 116 1
7 112 1
6 55 1
11 25 2
8 72 2
32 117 1
2 109 1
17 78 1
17 76 1
19 37 2
19 66 1
10 92 1
9 93 1
10 87 1
36 45 2
13 139 1
13 21 2
6 8 2
2 115 1
26 113 1
43 51 2
21 55 1
43 83 1
30 34 2
24 31 2
17 33 2
20 26 2
23 117 1
44 122 2
41 115 1
21 69 2
9 117 1
2 118 1
27 73 2
35 48 2
45 49 1
11 30 2
46 105 2
4 61 2
34 80 2
35 107 2
38 128 2
16 37 2
29 68 2
22 129 1
0 29 2
8 61 1
5 128 1
33 129 1
35 42 2
28 128 1
44 62 1
11 131 1
4 45 2
37 76 2
22 58 1
28 55 2
41 100 1
5 65 1
28 115 2
34 113 2
38 84 1
12 69 1
18 59 2
31 100 2
45 52 1
23 67 1
16 109 2
14 36 2
20 121 1
36 77 2
8 104 1
22 130 1
45 53 1
3 123 2
29 134 2
31 57 1
3 35 2
26 93 2
27 119 2
36 109 2
16 137 1
3 131 1
30 85 1
38 68 1
24 47 2
5 108 1
46 99 1
40 137 2
12 119 1
12 94 1
39 71 1
21 24 2
15 96 2
37 83 1
40 64 1
32 116 2
40 70 1
10 26 2
9 123 2
13 33 2
0 16 2
20 138 1
46 47 2
7 35 2
40 87 1
8 81 2
10 47 1
42 121 1
3 121 2
41 97 1
29 46 2
20 53 2
12 49 2
31 90 1
6 98 2
43 137 1
46 120 1
13 88 1
40 108 2
32 40 2
12 111 1
23 68 1
12 43 2
22 81 1
12 82 1
30 88 2
36 111 1
45 112 1
15 58 1
37 119 1
12 59 1
37 105 1
11 46 2
32 35 2
7 53 2
43 64 1
13 71 1
25 36 2
32 36 2
17 57 1
2 18 2
31 81 2
16 46 2
41 89 1
25 102 1
9 121 1
42 139 1
17 93 1
31 34 2
24 97 1
39 73 2
23 53 2
7 46 2
28 117 1
21 50 2
44 98 1
38 44 2
28 51 1
8 115 1
14 125 2
9 31 2
3 7 2
17 27 2
32 136 2
23 41 2
12 130 1
25 37 2
23 105 2
44 70 1
35 133 1
1 60 1
26 105 1
9 38 2
37 46 2
38 120 1
31 43 2
16 29 2
45 60 1
24 55 2
1 73 2
24 73 1
4 49 1
14 49 1
6 119 1
19 34 2
3 83 1
15 134 1
31 130 1
40 130 1
0 17 2
24 109 1
19 130 1
18 138 2
31 56 1
17 107 1
9 96 2
36 95 2
41 91 1
22 90 1
31 79 1
8 26 2
43 135 2
44 125 1
42 69 2
19 35 2
22 95 2
18 123 2
12 139 1
40 78 1
37 82 1
27 101 2
2 74 1
6 25 2
10 117 1
11 130 1
44 59 1
27 51 1
8 37 2
19 20 2
14 23 2
10 93 1
8 28 2
1 130 1
30 136 2
17 97 1
10 42 2
25 47 1
13 126 1
4 113 1
11 16 2
8 10 2
34 134 1
31 69 1
3 38 2
0 51 2
10 118 1
34 109 1
13 121 1
17 108 2
44 56 2
36 44 2
45 98 1
25 42 2
43 48 2
29 104 2
38 61 1
39 92 1
2 26 2
2 82 1
20 115 1
14 39 2
42 54 2
39 129 2
19 65 1
24 48 1
12 109 1
34 133 1
20 76 1
39 49 1
40 41 2
11 81 1
33 96 2
19 39 2
29 60 1
7 25 2
24 41 2
7 37 2
24 104 1
0 42 2
4 38 2
45 135 1
10 71 1
10 53 1
33 95 1
11 53 1
24 94 1
17 110 1
28 95 1
22 138 1
37 106 1
14 31 2
18 26 2
45 111 2
21 36 2
2 69 2
18 29 2
3 112 1
13 133 2
3 129 2
1 62 1
4 54 1
5 97 2
12 118 1
5 104 1
6 87 2
46 131 1
10 67 1
6 21 2
30 123 1
30 63 1
27 60 2
16 39 2
35 114 1
13 92 2
36 130 2
33 77 2
3 47 2
9 135 1
21 73 1
46 82 1
16 91 1
10 65 2
4 29 2
25 112 2
24 113 1
20 127 1
33 44 2
27 38 2
18 44 2
24 39 2
14 138 1
13 28 2
18 71 1
9 15 2
7 55 2
0 71 2
0 21 2
12 133 2
38 105 2
36 136 1
25 139 1
14 131 2
17 71 1
16 110 1
43 136 2
18 118 2
40 50 1
10 75 1
0 23 2
5 93 2
31 115 2
34 42 2
23 40 2
27 57 1
21 79 1
15 16 2
12 29 2
34 100 2
18 55 1
5 34 2
33 122 2
22 86 2
16 85 1
15 59 1
11 31 2
8 66 2
2 89 1
18 58 1
22 82 1
37 91 1
9 78 1
20 40 2
15 120 1
15 78 1
22 94 1
6 63 1
39 137 1
18 135 1
10 106 2
39 125 1
31 95 1
33 71 1
26 80 1
38 122 1
23 48 1
44 64 1
32 47 1
30 90 1
11 24 2
14 130 1
4 19 2
33 125 1
43 45 2
33 139 1
45 89 2
0 80 2
1 7 2
42 90 1
12 14 2
0 120 1
6 33 2
42 96 2
27 111 1
46 98 1
16 56 2
39 126 2
7 135 1
8 31 2
20 24 2
3 37 2
14 46 2
11 42 2
11 61 1
37 80 2
25 38 2
1 19 2
45 78 1
7 107 1
27 46 2
15 106 2
12 52 1
21 108 1
43 111 1
23 52 1
10 19 2
5 10 2
29 69 1
35 70 2
4 79 1
40 129 2
33 64 2
3 90 2
2 97 1
34 108 1
25 114 1
16 129 1
15 119 1
25 39 2
35 106 2
12 23 2
29 93 1
8 41 2
40 48 1
18 23 2
36 117 1
11 117 2
36 42 2
32 112 2
36 39 2
12 113 1
13 98 1
6 16 2
40 101 2
6 28 2
13 72 1
22 134 1
3 39 2
13 38 2
31 71 1
5 134 1
0 28 2
4 40 2
3 50 1
1 9 2
15 104 2
0 33 2
17 135 1
39 120 1
0 76 2
5 76 1
17 55 1
35 54 1
10 52 1
42 126 1
23 33 2
14 67 1
6 53 1
41 138 1
32 43 2
11 52 2
30 107 2
12 22 2
44 66 1
46 138 1
6 13 2
3 87 1
17 65 2
20 54 2
10 112 1
35 55 2
19 55 2
7 24 2
32 53 1
10 129 1
19 133 2
29 47 1
32 137 2
10 123 2
4 52 1
40 96 1
34 125 1
9 16 2
36 72 1
30 109 1
27 59 1
0 112 2
33 130 1
19 74 2
32 94 1
34 60 1
32 89 2
15 138 1
15 38 2
1 8 2
23 71 1
11 71 1
2 132 2
18 45 2
23 132 1
13 122 2
20 28 2
14 26 2
25 122 1
30 55 2
25 26 2
2 24 2
40 86 1
27 78 2
9 129 1
4 39 2
33 52 2
4 41 2
11 35 2
44 132 1
21 35 2
43 61 1
1 49 2
22 103 1
21 100 1
23 37 2
26 48 1
0 27 2
18 97 1
3 14 2
34 119 2
12 83 2
9 80 1
14 75 1
8 21 2
1 54 1
37 102 1
2 4 2
0 87 1
36 69 2
28 63 1
1 114 1
26 52 2
35 49 1
46 80 2
13 18 2
6 43 2
9 134 1
45 50 1
5 35 2
6 95 2
13 75 1
33 110 1
25 109 1
25 126 1
7 100 1
44 113 2
39 104 2
26 61 1
12 62 1
43 116 2
15 29 2
42 132 1
18 54 1
25 28 2
23 129 1
4 132 1
44 123 2
44 65 2
46 91 2
34 44 2
20 29 2
13 116 1
16 34 2
5 42 2
3 73 1
42 130 1
38 112 1
37 126 1
15 55 1
10 97 2
3 124 1
46 135 1
19 76 1
1 122 1
4 105 1
41 73 1
45 105 1
29 137 1
42 67 1
15 20 2
14 38 2
29 133 1
26 63 1
21 23 2
3 4 2
9 46 2
7 39 2
26 32 2
46 59 1
10 63 1
32 38 2
30 134 1
30 33 2
27 120 1
29 41 2
16 66 1
21 26 2
6 58 1
41 80 2
34 73 1
16 77 1
3 44 2
17 42 2
6 27 2
28 136 1
24 53 1
6 81 1
6 117 1
22 139 1
33 109 2
37 135 1
10 18 2
17 36 2
27 36 2
33 136 1
37 58 1
0 104 2
7 108 1
3 22 2
7 71 1
7 85 1
13 41 2
35 76 1
40 133 1
36 61 2
8 96 1
17 109 1
22 67 1
9 138 2
22 79 1
34 86 1
27 30 2
37 113 2
2 22 2
4 122 2
82 102 1
17 92 1
17 30 1
31 35 1
4 76 1
42 60 2
9 29 1
1 134 2
14 76 1
20 108 2
1 6 1
32 34 1
7 92 1
22 27 1
31 64 2
74 102 1
34 99 1
76 82 2
23 34 1
9 24 1
76 102 1
16 92 2
38 46 1
37 39 1
5 38 1
38 70 2
28 89 2
19 70 1
38 74 1
74 101 2
48 108 2
31 99 2
20 35 1
46 134 2
4 119 1
12 38 1
4 102 2
31 62 2
26 35 1
19 26 1
23 32 1
20 32 1
92 111 1
38 99 1
44 57 2
