% n=200 p=60 d=0.33 p_blue=0.66
% k=0
18 160 2
7 119 2
42 162 1
18 29 2
119 125 1
67 129 1
28 186 1
45 75 2
64 85 2
71 136 2
21 27 2
3 150 1
77 110 2
70 95 2
9 49 2
56 159 1
26 150 1
84 111 2
8 150 2
95 116 2
30 110 2
48 52 2
8 14 2
87 127 1
110 160 2
11 116 2
14 50 2
25 54 2
46 49 2
4 33 2
68 158 2
115 179 2
19 32 2
14 120 2
91 103 2
76 107 2
36 66 2
6 136 1
86 99 2
61 108 2
30 188 2
8 38 2
12 48 2
2 46 2
2 84 2
87 185 1
17 68 2
51 97 2
14 84 2
62 84 2
31 173 2
81 106 2
17 129 1
17 99 2
65 145 2
22 118 2
64 110 2
73 141 2
70 90 2
70 195 1
74 115 2
85 187 2
6 70 2
49 108 2
105 118 2
65 86 2
102 103 2
75 141 2
51 159 2
18 82 2
10 153 2
93 187 2
5 79 2
22 122 2
49 98 2
53 111 2
10 17 2
38 77 2
80 81 2
82 107 2
64 82 2
20 116 2
44 90 2
69 183 1
101 138 1
3 11 2
34 69 2
66 100 2
111 181 1
117 184 2
15 99 2
0 106 2
100 119 2
0 62 2
78 85 2
56 98 2
26 116 2
53 170 2
22 176 2
21 41 2
94 155 2
42 98 2
84 152 1
13 16 2
60 120 2
21 193 2
42 88 2
63 168 1
7 42 2
53 116 2
20 188 1
78 102 2
58 74 2
0 35 2
10 93 2
30 54 2
18 99 2
56 81 2
11 75 2
66 93 2
88 192 2
6 80 2
40 96 2
94 191 2
66 194 1
44 145 1
118 181 2
33 44 2
3 21 2
2 16 2
59 92 2
73 103 2
1 159 2
24 170 2
14 133 1
58 144 2
29 105 2
1 69 2
37 40 2
82 90 2
78 119 2
20 28 2
103 163 2
87 116 2
53 91 2
105 119 2
15 150 2
48 57 2
13 117 2
19 49 2
112 149 2
87 161 2
102 112 2
4 193 2
36 89 2
29 116 2
3 7 2
9 15 2
34 70 2
104 110 2
27 106 2
35 74 2
115 131 2
106 112 2
5 137 2
60 134 1
66 83 2
31 158 2
106 114 2
11 32 2
58 124 1
6 107 2
6 17 2
93 127 2
28 35 2
25 58 2
99 104 2
59 77 2
7 59 2
27 151 2
23 56 2
13 103 2
6 152 1
29 53 2
107 165 1
66 167 1
45 190 2
26 97 2
64 155 2
21 65 2
98 139 1
48 67 2
32 97 2
8 64 2
99 161 1
11 113 2
92 162 2
37 97 2
19 61 2
1 56 2
15 22 2
11 78 2
18 141 1
16 80 2
6 85 2
60 176 2
86 110 2
1 132 2
46 53 2
36 52 2
14 39 2
81 124 2
33 112 2
55 68 2
46 179 1
4 68 2
23 92 2
68 71 2
91 160 2
42 140 2
25 77 2
43 172 2
60 136 2
8 118 2
27 92 2
25 118 2
27 65 2
58 159 2
71 101 2
75 99 2
51 108 2
59 102 2
85 179 2
19 47 2
109 148 2
65 80 2
78 109 2
101 119 2
47 59 2
13 57 2
22 34 2
4 78 2
22 105 2
21 66 2
15 178 1
48 139 2
3 115 2
23 102 2
22 113 2
35 49 2
57 61 2
113 169 2
5 81 2
36 51 2
10 23 2
13 142 2
82 92 2
95 163 2
84 96 2
45 126 2
25 110 2
27 76 2
56 57 2
22 81 2
48 71 2
66 192 1
58 85 2
1 52 2
31 106 2
33 102 2
34 54 2
24 62 2
5 143 2
87 120 1
10 18 2
111 199 1
53 62 2
38 94 2
77 177 1
4 45 2
42 143 2
19 141 2
43 58 2
74 107 2
30 42 2
65 122 2
76 191 1
67 195 1
47 190 2
47 151 2
62 100 2
112 115 2
28 105 2
80 84 2
75 119 2
100 114 2
1 8 2
16 68 2
23 94 2
37 146 1
58 89 2
20 150 2
116 199 1
23 91 2
47 84 2
63 94 2
72 130 2
0 39 2
13 54 2
89 140 2
38 88 2
28 58 2
7 192 2
36 98 2
56 144 2
110 153 2
106 187 2
32 42 2
28 66 2
9 62 2
115 142 1
48 134 1
22 186 2
47 73 2
104 141 2
36 177 2
83 100 2
45 195 2
0 8 2
5 25 2
29 45 2
44 85 2
38 103 2
76 113 2
89 176 2
57 189 2
3 61 2
22 120 2
105 122 2
80 170 2
61 104 2
1 118 2
43 178 1
69 185 1
19 24 2
22 106 2
79 192 2
40 196 2
6 40 2
19 84 2
24 69 2
3 17 2
46 172 2
57 134 2
83 86 2
2 132 2
72 189 1
39 116 2
82 165 1
26 65 2
96 110 2
23 158 2
39 66 2
93 118 2
8 66 2
61 92 2
13 24 2
32 58 2
84 173 2
20 63 2
105 167 2
28 111 2
55 119 2
57 75 2
55 99 2
60 66 2
13 39 2
59 118 2
15 145 2
114 120 2
35 112 2
17 97 2
9 73 2
92 134 1
15 33 2
101 107 2
66 91 2
34 101 2
0 77 2
1 11 2
75 93 2
22 197 1
19 71 2
87 97 2
15 69 2
54 167 2
33 87 2
4 103 2
62 150 2
36 63 2
51 69 2
89 180 1
32 46 2
110 116 2
2 110 2
76 143 2
62 114 2
70 71 2
34 76 2
21 70 2
61 98 2
35 71 2
46 55 2
27 141 2
1 93 2
66 176 1
32 132 1
27 51 2
46 99 2
19 35 2
69 176 1
24 195 2
73 155 2
46 54 2
14 75 2
33 173 2
43 121 1
26 68 2
26 55 2
57 140 2
36 40 2
19 58 2
76 159 2
25 86 2
13 63 2
31 56 2
102 179 1
60 80 2
9 98 2
46 147 1
70 135 2
38 70 2
93 96 2
55 122 1
14 93 2
57 108 2
7 154 1
49 179 1
40 111 2
3 44 2
0 64 2
24 47 2
52 108 2
7 89 2
78 145 1
40 120 2
102 138 2
78 189 2
23 96 2
44 115 2
1 63 2
53 143 2
2 61 2
51 91 2
103 115 2
76 131 2
58 68 2
54 149 2
39 73 2
57 86 2
49 62 2
4 57 2
28 50 2
14 190 2
20 101 2
51 118 2
84 98 2
94 104 2
33 53 2
25 100 2
23 97 2
104 198 2
27 104 2
5 88 2
8 18 2
55 107 2
28 40 2
87 89 2
9 84 2
18 53 2
28 46 2
98 193 2
17 185 2
1 10 2
27 33 2
100 118 2
25 52 2
26 115 2
4 198 1
38 149 2
67 116 2
51 60 2
14 148 2
45 79 2
41 75 2
118 182 2
10 69 2
33 73 2
72 73 2
0 68 2
52 164 1
107 118 2
83 105 2
0 15 2
5 27 2
20 117 2
117 156 1
49 196 1
0 76 2
55 111 2
94 115 2
26 66 2
77 97 2
84 150 2
23 39 2
42 92 2
8 107 2
98 170 2
5 68 2
19 164 2
38 99 2
43 90 2
32 166 2
8 104 2
2 11 2
70 112 2
42 62 2
26 109 2
68 114 2
109 178 1
29 134 2
15 186 1
42 128 1
37 185 2
61 116 2
38 44 2
22 87 2
52 79 2
14 145 2
47 70 2
38 118 2
14 36 2
113 123 1
12 20 2
33 97 2
38 59 2
112 119 2
56 67 2
60 83 2
43 67 2
19 112 2
18 95 2
118 196 1
13 162 2
47 118 2
27 36 2
12 177 2
97 154 2
28 129 2
9 28 2
43 119 2
64 132 2
12 82 2
29 78 2
18 109 2
39 56 2
3 107 2
65 87 2
82 189 2
50 116 2
5 62 2
42 95 2
43 77 2
106 194 1
53 82 2
7 133 2
34 50 2
16 166 2
103 166 2
67 139 2
68 73 2
74 86 2
8 23 2
47 157 1
44 60 2
36 157 1
34 94 2
119 136 1
74 123 2
80 127 2
16 118 2
41 157 2
2 98 2
21 96 2
80 194 2
20 80 2
29 74 2
101 187 2
38 120 1
65 89 2
65 130 2
62 82 2
66 118 2
30 83 2
0 41 2
14 48 2
9 18 2
11 80 2
37 88 2
19 83 2
48 114 2
46 97 2
2 51 2
33 167 2
108 159 1
48 107 2
6 21 2
27 45 2
1 164 1
61 96 2
14 51 2
102 115 2
7 19 2
47 96 2
34 84 2
16 69 2
74 178 2
81 114 2
36 111 2
51 105 2
24 76 2
101 110 2
35 131 2
83 170 1
2 87 2
31 84 2
40 109 2
53 81 2
53 195 2
101 129 2
74 119 2
79 119 2
33 186 2
11 167 2
8 31 2
32 134 2
73 105 2
60 65 2
89 90 2
22 61 2
40 132 1
32 35 2
79 103 2
69 99 2
58 132 2
91 101 2
54 86 2
51 160 2
105 158 2
13 76 2
112 174 2
7 34 2
17 93 2
48 74 2
109 131 2
45 74 2
20 106 2
1 175 2
41 77 2
22 30 2
68 193 2
37 154 2
4 93 2
41 80 2
36 107 2
6 37 2
48 60 2
0 162 2
5 95 2
104 195 2
113 118 2
23 27 2
10 118 2
79 127 2
104 107 2
80 87 2
72 96 2
22 115 2
24 78 2
56 102 2
14 87 2
75 115 2
105 177 1
53 108 2
12 87 2
113 192 2
3 23 2
46 58 2
8 43 2
85 101 2
100 117 2
87 95 2
21 33 2
52 140 2
58 192 2
57 105 2
24 57 2
104 109 2
14 130 2
19 70 2
9 67 2
96 166 2
12 89 2
53 68 2
5 183 1
67 88 2
33 107 2
114 132 1
94 117 2
4 65 2
109 126 2
94 106 2
0 2 2
16 17 2
90 129 2
23 29 2
24 98 2
22 193 2
90 101 2
46 98 2
43 95 2
70 76 2
13 90 2
31 33 2
15 152 1
96 97 2
26 147 1
15 25 2
95 102 2
66 107 2
78 82 2
104 180 1
2 53 2
51 100 2
20 97 2
101 196 1
35 69 2
96 115 2
42 85 2
58 79 2
72 78 2
0 43 2
47 198 1
7 84 2
115 159 2
7 108 2
39 53 2
68 77 2
97 141 2
65 90 2
50 153 2
39 76 2
19 124 1
12 67 2
16 101 2
31 194 2
53 63 2
37 189 2
97 118 2
98 112 2
19 75 2
85 159 2
60 102 2
69 82 2
32 60 2
21 52 2
107 117 2
17 110 2
82 87 2
72 104 2
14 41 2
42 104 2
1 28 2
83 94 2
37 98 2
8 162 2
28 72 2
3 68 2
70 157 2
98 194 2
73 193 2
67 136 2
78 115 2
36 113 2
2 180 2
65 169 2
90 110 2
57 122 1
57 138 1
14 37 2
19 87 2
29 38 2
29 30 2
8 41 2
16 109 2
35 171 1
51 59 2
50 199 2
12 81 2
119 126 2
10 20 2
25 106 2
19 99 2
92 183 2
31 43 2
37 77 2
83 117 2
41 76 2
25 83 2
91 138 2
40 118 2
29 42 2
6 20 2
24 139 1
49 119 2
110 192 1
35 42 2
98 116 2
33 58 2
4 81 2
31 41 2
5 43 2
0 95 2
108 193 2
22 139 2
112 137 2
99 115 2
17 105 2
17 96 2
84 117 2
20 86 2
44 160 2
107 134 2
8 193 2
10 67 2
31 108 2
23 165 2
42 103 2
4 6 2
28 183 1
46 96 2
5 29 2
106 169 2
20 124 1
3 125 2
92 98 2
63 78 2
51 119 2
75 144 2
10 40 2
56 72 2
99 147 2
84 87 2
31 113 2
23 54 2
99 125 2
11 139 1
118 189 2
118 190 2
50 93 2
0 52 2
40 116 2
73 109 2
95 100 2
5 70 2
17 31 2
41 105 2
40 127 2
58 173 1
31 51 2
33 46 2
50 52 2
85 116 2
34 96 2
73 88 2
17 151 2
98 107 2
14 43 2
107 180 2
91 93 2
69 155 1
2 156 2
38 90 2
84 112 2
5 23 2
112 113 2
5 24 2
22 180 2
91 113 2
27 57 2
58 108 2
58 81 2
16 58 2
70 92 2
34 189 1
18 20 2
25 85 2
22 95 2
15 48 2
29 179 1
35 75 2
78 101 2
28 71 2
87 96 2
46 143 2
57 72 2
21 49 2
12 42 2
14 169 2
68 118 2
25 76 2
11 86 2
104 112 2
20 51 2
86 156 1
97 158 1
1 82 2
72 90 2
77 143 2
80 118 2
0 141 2
23 149 2
22 25 2
108 195 2
79 115 2
103 134 1
84 164 2
57 58 2
44 74 2
66 101 2
42 186 2
92 120 2
11 76 2
43 163 2
5 20 2
30 67 2
42 109 2
67 83 2
8 186 1
19 56 2
5 114 2
30 41 2
11 106 2
33 74 2
41 191 1
52 119 2
9 65 2
54 196 2
39 68 2
84 175 1
79 194 2
16 84 2
36 85 2
35 111 2
30 50 2
54 90 2
106 154 2
113 117 2
13 37 2
17 45 2
57 148 1
30 51 2
77 117 2
84 191 2
47 85 2
109 114 2
6 23 2
5 11 2
10 159 2
3 96 2
9 58 2
1 78 2
76 150 2
6 147 2
58 151 2
80 93 2
101 155 1
10 196 1
54 181 2
46 77 2
98 186 1
64 116 2
32 118 2
28 104 2
27 35 2
61 133 2
3 78 2
57 129 2
1 33 2
105 111 2
57 139 2
12 36 2
68 197 2
3 97 2
33 199 2
71 193 2
60 148 2
31 63 2
107 160 2
36 71 2
87 102 2
24 102 2
113 173 1
21 99 2
71 100 2
43 109 2
95 138 2
116 147 1
67 89 2
18 78 2
43 75 2
36 77 2
70 130 2
4 109 2
61 86 2
19 193 1
14 159 1
47 65 2
13 109 2
0 117 2
12 175 2
34 67 2
45 88 2
13 190 1
7 8 2
66 111 2
37 39 2
1 27 2
18 39 2
62 130 2
26 47 2
26 161 2
16 40 2
85 98 2
10 114 2
22 76 2
48 193 2
38 53 2
59 131 2
14 176 2
7 16 2
41 68 2
59 64 2
48 104 2
50 108 2
31 115 2
8 99 2
104 125 1
87 111 2
96 182 1
31 98 2
20 33 2
30 153 1
15 27 2
103 150 1
37 46 2
3 51 2
47 57 2
51 53 2
40 64 2
72 99 2
90 102 2
44 84 2
20 37 2
104 184 2
80 153 1
20 95 2
75 175 1
67 77 2
8 44 2
82 101 2
55 127 2
19 43 2
40 184 2
26 34 2
68 93 2
26 80 2
34 62 2
42 47 2
66 190 2
57 165 2
36 41 2
32 172 1
25 74 2
31 156 2
25 158 2
19 119 2
66 104 2
50 56 2
14 53 2
17 30 2
73 122 1
0 105 2
65 73 2
15 34 2
4 151 2
2 41 2
50 62 2
27 99 2
75 148 1
68 102 2
23 188 2
58 59 2
42 100 2
67 124 1
2 195 2
16 176 1
53 176 2
36 124 1
12 18 2
29 31 2
48 76 2
15 16 2
63 67 2
22 164 2
100 132 2
87 106 2
106 175 2
57 95 2
37 45 2
24 153 2
25 38 2
70 88 2
25 62 2
55 93 2
45 110 2
7 123 2
34 39 2
78 177 2
5 117 2
109 167 2
46 88 2
68 111 2
78 92 2
69 95 2
78 100 2
49 89 2
73 113 2
17 106 2
28 77 2
116 182 1
10 91 2
41 87 2
49 72 2
76 84 2
105 126 2
113 174 2
4 47 2
76 106 2
27 58 2
15 120 2
11 90 2
29 49 2
92 135 2
76 88 2
29 34 2
8 37 2
49 97 2
68 108 2
47 87 2
69 143 2
9 20 2
31 71 2
49 113 2
66 78 2
17 33 2
103 177 1
30 76 2
27 85 2
21 101 2
63 117 2
85 102 2
54 56 2
6 118 2
46 109 2
65 167 2
83 91 2
101 132 1
20 174 2
26 54 2
49 189 2
16 18 2
41 43 2
50 55 2
10 97 2
7 40 2
83 84 2
19 100 2
118 184 2
4 34 2
11 53 2
23 32 2
64 70 2
11 55 2
38 79 2
15 109 2
113 197 1
16 170 1
54 58 2
79 122 1
11 48 2
69 162 2
105 184 2
73 173 1
29 103 2
90 186 2
7 87 2
51 86 2
7 51 2
108 111 2
112 123 2
77 89 2
44 62 2
6 119 2
1 122 2
67 95 2
32 114 2
16 74 2
14 114 2
25 108 2
69 73 2
78 107 2
67 74 2
8 112 2
18 114 2
27 79 2
30 190 1
15 32 2
100 178 2
94 119 2
54 76 2
5 53 2
30 56 2
97 99 2
81 184 2
69 116 2
56 75 2
68 146 2
74 169 1
39 119 2
22 173 2
40 133 2
110 163 2
119 153 2
44 103 2
24 105 2
58 61 2
16 146 1
19 64 2
27 72 2
68 69 2
9 34 2
21 143 2
59 119 2
26 39 2
55 77 2
49 188 1
9 96 2
77 141 2
58 78 2
25 102 2
86 152 2
7 106 2
56 71 2
63 91 2
12 69 2
21 133 1
94 158 2
22 112 2
98 128 2
80 88 2
39 69 2
11 30 2
53 188 1
50 51 2
88 178 1
112 184 2
35 109 2
77 169 2
43 192 2
82 83 2
23 79 2
42 76 2
61 188 2
92 93 2
72 124 2
15 113 2
62 105 2
29 107 2
41 95 2
62 85 2
3 160 2
20 26 2
49 103 2
23 41 2
100 112 2
103 104 2
6 76 2
1 99 2
48 78 2
107 123 1
36 53 2
29 43 2
93 106 2
94 111 2
23 89 2
35 106 2
3 108 2
47 145 2
16 39 2
41 152 1
110 150 2
13 159 2
20 65 2
19 130 2
8 51 2
6 104 2
16 112 2
61 165 2
8 59 2
3 26 2
97 115 2
83 113 2
46 75 2
63 87 2
65 136 2
57 103 2
96 181 1
2 178 1
30 174 1
45 135 1
33 172 1
16 45 2
2 106 2
30 189 2
5 110 2
45 109 2
32 139 2
13 36 2
39 59 2
92 197 1
33 165 1
15 63 2
112 135 2
71 89 2
25 109 2
58 90 2
29 106 2
47 56 2
98 135 2
17 95 2
41 187 2
29 99 2
109 111 2
22 68 2
35 88 2
60 79 2
12 76 2
28 29 2
32 101 2
97 119 2
65 99 2
80 85 2
114 137 2
77 145 1
31 42 2
87 114 2
89 141 2
7 68 2
19 116 2
48 105 2
41 57 2
76 98 2
18 46 2
99 173 2
11 109 2
62 67 2
41 56 2
59 193 2
8 70 2
30 37 2
0 65 2
37 142 2
18 24 2
104 146 2
37 66 2
30 64 2
23 63 2
35 76 2
13 62 2
52 53 2
58 161 2
23 53 2
68 117 2
63 82 2
52 169 2
10 59 2
43 115 2
78 197 2
98 103 2
10 44 2
1 5 2
15 71 2
63 85 2
6 71 2
11 17 2
42 112 2
10 90 2
83 98 2
53 75 2
3 34 2
85 86 2
44 54 2
77 91 2
86 154 1
21 30 2
42 63 2
3 30 2
15 141 2
75 91 2
46 64 2
77 115 2
0 109 2
88 106 2
36 129 2
14 97 2
3 53 2
4 74 2
4 90 2
65 199 2
57 65 2
1 20 2
26 43 2
70 84 2
21 58 2
98 149 2
37 82 2
23 30 2
1 136 2
46 112 2
45 89 2
41 122 2
43 183 2
84 116 2
54 135 2
40 107 2
40 91 2
18 118 2
49 50 2
3 169 1
109 175 1
15 90 2
71 107 2
43 146 2
68 75 2
104 171 2
2 3 2
37 112 2
89 109 2
32 94 2
17 92 2
79 121 2
26 107 2
6 47 2
7 77 2
63 188 2
29 48 2
47 99 2
46 108 2
29 157 2
104 111 2
30 74 2
72 111 2
69 173 2
60 96 2
57 145 1
23 35 2
70 86 2
69 92 2
12 33 2
82 104 2
0 101 2
79 97 2
13 99 2
96 168 2
78 106 2
1 100 2
2 116 2
35 110 2
23 46 2
17 34 2
44 80 2
105 113 2
33 108 2
43 120 1
43 89 2
35 108 2
41 119 2
6 68 2
118 198 1
40 131 1
66 164 1
34 149 1
19 25 2
58 106 2
1 32 2
85 94 2
12 26 2
29 87 2
34 43 2
47 95 2
36 114 2
91 116 2
84 174 1
50 59 2
4 125 1
97 181 2
74 79 2
26 51 2
39 75 2
15 36 2
13 66 2
35 98 2
73 176 2
32 150 2
73 99 2
76 87 2
27 124 2
87 194 2
31 152 1
102 111 2
13 111 2
39 166 2
22 82 2
102 186 2
32 57 2
50 95 2
47 116 2
14 154 1
74 93 2
1 94 2
65 189 2
43 164 1
29 52 2
100 116 2
27 80 2
28 88 2
85 88 2
76 142 2
1 38 2
41 47 2
40 41 2
33 148 2
77 170 1
0 5 2
21 178 2
42 58 2
45 177 2
1 41 2
39 40 2
66 77 2
43 63 2
15 81 2
36 78 2
32 156 2
6 120 1
50 107 2
37 78 2
60 70 2
17 54 2
26 175 1
90 109 2
49 104 2
99 118 2
59 99 2
27 160 2
3 14 2
45 59 2
21 32 2
66 67 2
66 165 2
5 14 2
14 69 2
73 104 2
21 83 2
22 66 2
86 116 2
44 109 2
64 112 2
86 115 2
11 38 2
49 69 2
42 146 2
42 198 1
1 4 2
29 46 2
31 38 2
88 167 1
48 93 2
44 111 2
47 98 2
45 106 2
43 71 2
14 71 2
54 109 2
40 123 2
99 158 2
81 115 2
4 76 2
24 49 2
22 129 1
91 109 2
46 71 2
87 198 2
86 146 1
51 88 2
38 109 2
41 102 2
107 127 2
27 178 2
97 191 2
56 76 2
7 10 2
22 43 2
82 89 2
44 114 2
17 153 2
6 8 2
56 112 2
25 172 2
29 59 2
17 87 2
37 64 2
64 77 2
77 98 2
93 183 2
47 61 2
65 72 2
24 116 2
47 165 2
36 115 2
12 176 1
7 45 2
70 191 1
80 196 2
12 53 2
100 123 2
86 139 2
50 80 2
93 130 1
95 127 1
41 59 2
82 125 1
20 38 2
30 119 2
84 129 2
89 131 2
102 114 2
19 42 2
55 113 2
61 91 2
52 147 2
103 140 1
50 162 2
48 155 2
72 116 2
21 98 2
60 189 2
64 183 2
21 110 2
26 60 2
81 151 2
50 172 1
7 170 1
20 120 1
54 116 2
25 36 2
100 108 2
59 137 2
70 143 2
21 50 2
61 154 1
104 105 2
35 101 2
21 31 2
33 119 2
115 172 1
9 21 2
80 143 1
70 91 2
12 49 2
62 91 2
47 126 1
46 93 2
94 148 1
36 145 2
79 108 2
63 156 1
16 175 2
38 114 2
81 147 2
43 125 2
15 184 1
108 110 2
39 111 2
43 74 2
4 31 2
17 152 2
46 167 2
66 84 2
97 147 2
88 163 1
48 106 2
51 113 2
81 85 2
80 89 2
14 183 1
108 119 2
90 100 2
83 96 2
17 38 2
1 113 2
21 188 2
11 29 2
22 70 2
47 170 2
44 88 2
1 114 2
20 103 2
6 53 2
15 86 2
108 169 2
26 114 2
73 93 2
2 9 2
75 80 2
48 116 2
40 155 2
23 194 2
93 199 2
28 36 2
52 94 2
87 112 2
15 79 2
26 182 2
48 64 2
46 140 1
77 106 2
99 154 1
21 95 2
59 128 2
100 168 1
17 98 2
106 107 2
8 91 2
23 137 2
2 96 2
25 37 2
81 99 2
29 61 2
24 63 2
13 56 2
14 45 2
22 83 2
28 100 2
80 92 2
33 183 2
45 111 2
12 92 2
63 98 2
80 139 2
52 95 2
112 118 2
93 172 1
8 96 2
28 124 1
83 104 2
17 186 2
119 159 2
68 97 2
97 104 2
50 110 2
26 59 2
34 95 2
104 106 2
27 60 2
13 48 2
57 126 2
17 18 2
64 96 2
38 144 2
23 43 2
13 58 2
49 90 2
52 102 2
36 139 2
3 5 2
49 81 2
98 104 2
57 80 2
48 58 2
6 83 2
105 152 2
102 106 2
106 185 2
73 102 2
30 45 2
27 62 2
8 84 2
95 137 1
117 118 2
70 146 2
2 100 2
21 81 2
18 40 2
68 88 2
4 48 2
54 114 2
11 143 2
83 150 2
65 71 2
8 102 2
30 118 2
67 119 2
8 76 2
7 117 2
59 104 2
84 122 2
102 124 1
66 149 2
88 148 2
36 55 2
27 78 2
66 168 2
13 43 2
27 137 1
34 87 2
43 47 2
39 86 2
47 69 2
67 150 1
81 83 2
55 128 2
4 180 2
15 194 1
21 51 2
83 95 2
7 73 2
15 161 2
32 78 2
109 120 1
4 9 2
0 96 2
85 182 1
29 178 2
64 105 2
16 188 1
21 169 1
35 94 2
30 63 2
89 93 2
83 110 2
16 106 2
51 156 2
57 66 2
51 157 2
112 198 1
72 118 2
0 92 2
57 98 2
25 136 2
20 29 2
87 184 2
55 71 2
75 78 2
11 67 2
32 47 2
116 122 1
17 189 2
54 75 2
29 104 2
75 81 2
6 50 2
107 188 2
91 99 2
17 40 2
5 17 2
41 94 2
25 27 2
48 111 2
96 119 2
28 65 2
62 73 2
12 195 2
33 169 2
24 156 2
24 27 2
58 114 2
46 51 2
1 133 1
67 81 2
41 69 2
75 108 2
2 15 2
86 101 2
56 106 2
9 119 2
89 114 2
11 101 2
55 168 2
32 66 2
56 191 2
1 162 2
66 142 2
41 81 2
75 160 2
96 124 2
10 45 2
22 172 1
10 83 2
20 56 2
76 79 2
46 78 2
36 69 2
31 104 2
4 87 2
18 62 2
113 180 2
110 136 2
96 137 1
80 95 2
16 57 2
18 34 2
106 109 2
23 103 2
8 80 2
54 69 2
62 78 2
51 107 2
23 98 2
47 174 1
99 196 1
100 104 2
18 186 1
26 44 2
29 40 2
19 26 2
55 94 2
110 198 2
16 91 2
94 190 2
99 197 1
66 184 1
24 35 2
89 161 2
2 99 2
74 187 2
41 172 2
56 117 2
68 172 1
60 110 2
23 172 2
94 122 2
11 24 2
42 77 2
30 53 2
13 26 2
2 8 2
12 32 2
12 108 2
55 184 2
69 77 2
46 173 2
90 94 2
19 118 2
46 127 1
31 32 2
60 188 1
88 125 2
104 119 2
13 105 2
54 66 2
94 103 2
27 168 2
4 55 2
2 119 2
16 97 2
68 115 2
18 88 2
87 190 2
8 12 2
41 109 2
93 100 2
42 55 2
64 190 2
22 98 2
12 28 2
4 27 2
56 114 2
59 66 2
76 110 2
31 77 2
87 152 1
52 74 2
64 89 2
0 153 2
38 47 2
113 161 2
10 60 2
18 169 2
17 65 2
50 198 1
38 102 2
113 139 1
13 50 2
72 100 2
30 78 2
41 174 1
8 60 2
90 113 2
74 174 1
19 50 2
41 84 2
21 114 2
87 113 2
74 103 2
19 27 2
81 166 2
27 86 2
45 93 2
58 88 2
87 88 2
48 154 2
93 188 1
37 71 2
84 108 2
62 179 2
34 112 2
16 23 2
14 28 2
15 57 2
48 119 2
42 73 2
5 46 2
59 182 2
60 113 2
60 86 2
11 41 2
6 42 2
33 190 1
46 105 2
32 153 2
18 43 2
40 110 2
83 112 2
86 175 2
64 139 1
2 60 2
11 15 2
79 81 2
47 107 2
24 42 2
34 40 2
4 30 2
70 108 2
19 198 1
33 89 2
91 114 2
91 95 2
58 107 2
38 112 2
107 186 2
14 195 2
2 39 2
26 74 2
19 92 2
29 113 2
33 90 2
51 110 2
21 88 2
11 20 2
11 112 2
43 55 2
45 84 2
1 40 2
79 176 1
36 62 2
58 71 2
30 160 2
24 173 2
39 129 1
23 28 2
101 158 1
100 177 2
34 71 2
62 193 2
10 52 2
25 132 2
5 8 2
75 96 2
26 93 2
12 25 2
17 64 2
64 87 2
58 62 2
106 113 2
64 108 2
27 95 2
17 109 2
113 199 2
18 175 2
26 78 2
96 176 2
78 97 2
55 108 2
59 95 2
47 101 2
59 156 2
68 113 2
5 44 2
73 111 2
36 65 2
19 104 2
44 94 2
40 63 2
48 79 2
22 71 2
20 113 2
24 166 2
74 116 2
92 137 2
5 168 1
93 119 2
72 113 2
69 126 1
107 144 2
0 23 2
101 108 2
72 194 2
28 99 2
89 194 2
71 135 1
97 188 2
8 56 2
88 186 2
39 78 2
94 167 2
69 189 2
53 112 2
43 97 2
14 60 2
78 162 2
44 75 2
23 182 1
17 194 2
97 152 1
70 89 2
30 156 2
26 105 2
18 28 2
64 94 2
4 42 2
68 84 2
10 89 2
1 92 2
25 105 2
39 105 2
1 75 2
88 179 1
80 165 2
40 103 2
3 77 2
71 83 2
13 25 2
89 116 2
64 159 1
28 121 2
1 84 2
0 36 2
78 84 2
78 81 2
40 49 2
15 73 2
5 42 2
40 157 2
90 118 2
28 92 2
35 192 2
7 80 2
12 99 2
25 146 2
7 107 2
29 98 2
13 120 2
53 113 2
6 121 2
20 155 1
115 123 2
9 161 2
25 114 2
56 86 2
85 100 2
29 66 2
9 183 2
51 78 2
16 72 2
5 60 2
32 159 2
14 70 2
76 115 2
49 143 2
8 154 2
100 107 2
55 146 2
52 155 1
66 68 2
28 37 2
38 45 2
87 90 2
14 19 2
28 170 2
10 108 2
71 144 2
35 136 2
58 69 2
47 180 2
59 84 2
10 14 2
11 61 2
50 115 2
58 136 1
32 81 2
8 19 2
98 105 2
90 152 1
9 29 2
35 43 2
94 96 2
16 92 2
95 104 2
31 36 2
70 105 2
36 151 1
89 148 1
60 95 2
52 63 2
94 172 1
78 111 2
19 106 2
53 164 1
102 108 2
38 46 2
110 193 2
5 69 2
115 126 2
55 170 2
27 40 2
38 107 2
48 112 2
72 106 2
41 82 2
8 109 2
18 90 2
27 70 2
5 55 2
29 124 2
1 19 2
18 71 2
60 181 1
21 189 2
32 100 2
81 110 2
108 132 2
38 66 2
9 19 2
96 118 2
32 53 2
10 24 2
20 42 2
9 77 2
103 111 2
6 90 2
65 184 1
66 85 2
0 187 2
108 160 2
36 94 2
26 30 2
20 157 1
64 168 2
72 83 2
11 13 2
54 62 2
61 198 2
23 51 2
88 90 2
14 111 2
77 79 2
0 48 2
90 98 2
57 107 2
1 34 2
79 134 2
5 72 2
52 91 2
72 97 2
76 89 2
21 39 2
29 110 2
43 101 2
19 110 2
45 151 1
27 123 2
34 104 2
102 116 2
43 111 2
3 67 2
22 53 2
32 92 2
50 63 2
67 108 2
21 151 1
23 86 2
112 114 2
56 89 2
65 79 2
0 79 2
6 163 2
72 75 2
21 196 1
3 45 2
25 33 2
60 156 2
35 133 1
1 48 2
111 128 1
56 77 2
33 88 2
7 64 2
57 88 2
58 83 2
20 43 2
8 108 2
33 70 2
88 101 2
52 186 2
111 162 2
30 179 1
104 144 1
64 99 2
63 143 2
95 145 2
17 69 2
106 162 2
34 119 2
58 183 2
114 163 1
62 93 2
6 112 2
119 165 1
49 91 2
42 87 2
108 122 2
103 126 2
17 28 2
97 178 1
12 189 2
72 98 2
37 173 2
9 93 2
26 98 2
32 148 2
52 57 2
4 8 2
24 110 2
77 101 2
37 127 2
2 4 2
21 76 2
37 83 2
8 103 2
35 159 2
33 48 2
16 32 2
51 120 1
24 186 2
2 80 2
2 58 2
6 82 2
4 170 2
17 37 2
5 103 2
91 123 2
26 113 2
32 98 2
47 177 2
73 116 2
14 83 2
3 106 2
91 104 2
5 115 2
23 48 2
40 130 2
16 53 2
3 35 2
43 93 2
28 61 2
96 165 2
38 72 2
14 61 2
18 117 2
47 58 2
71 91 2
63 101 2
41 73 2
14 20 2
31 88 2
13 85 2
16 77 2
35 52 2
48 103 2
20 164 1
37 103 2
54 199 2
22 72 2
78 181 2
115 165 1
68 94 2
9 90 2
75 76 2
64 113 2
24 25 2
8 145 2
10 154 1
34 156 2
11 97 2
83 92 2
22 84 2
37 43 2
14 21 2
6 74 2
106 160 2
92 195 1
3 41 2
7 60 2
87 162 2
15 30 2
83 116 2
45 98 2
50 104 2
46 162 2
13 51 2
102 119 2
16 75 2
88 159 1
114 134 2
4 83 2
37 100 2
3 55 2
62 102 2
21 86 2
45 94 2
59 147 2
76 174 2
115 139 2
55 118 2
52 85 2
67 72 2
36 140 1
2 76 2
24 115 2
43 135 2
61 87 2
1 147 1
5 50 2
40 128 1
114 187 1
17 20 2
48 73 2
45 140 2
98 172 1
56 70 2
94 112 2
25 82 2
5 35 2
6 149 2
38 153 2
42 46 2
29 93 2
19 69 2
74 82 2
52 70 2
69 89 2
13 33 2
19 33 2
7 62 2
38 62 2
83 118 2
33 35 2
80 159 2
10 55 2
13 125 2
84 139 2
98 110 2
10 167 2
39 51 2
108 109 2
14 131 2
40 112 2
85 113 2
61 134 2
23 33 2
33 179 2
20 67 2
53 115 2
58 84 2
70 137 2
15 104 2
32 85 2
60 190 2
75 118 2
81 191 2
51 84 2
11 28 2
30 152 1
14 143 2
44 61 2
38 76 2
34 143 1
78 176 2
51 70 2
62 66 2
48 149 2
52 75 2
29 85 2
10 32 2
8 63 2
75 101 2
103 143 2
69 195 1
49 58 2
22 37 2
5 40 2
25 115 2
18 50 2
17 172 2
98 113 2
50 74 2
67 87 2
19 174 2
26 28 2
39 94 2
61 138 1
11 145 2
100 141 2
55 102 2
45 57 2
46 111 2
54 74 2
7 53 2
33 105 2
48 121 2
68 76 2
16 62 2
13 133 2
88 95 2
49 162 1
34 91 2
34 37 2
40 82 2
88 93 2
109 110 2
72 101 2
5 87 2
50 89 2
38 64 2
67 188 2
0 78 2
47 108 2
78 139 2
20 76 2
113 182 1
65 105 2
52 135 1
29 170 1
0 110 2
10 68 2
22 108 2
115 143 2
19 67 2
56 96 2
108 117 2
13 19 2
33 79 2
18 49 2
50 100 2
22 143 2
49 59 2
30 85 2
50 60 2
29 139 2
96 171 1
20 90 2
86 199 2
48 109 2
2 72 2
67 78 2
36 88 2
56 62 2
47 132 2
39 155 1
52 83 2
28 83 2
48 90 2
62 137 2
40 53 2
92 114 2
2 191 2
30 65 2
64 86 2
89 104 2
17 100 2
52 111 2
9 109 2
97 109 2
33 49 2
28 93 2
32 126 2
10 126 2
23 34 2
20 71 2
80 111 2
12 21 2
98 125 2
118 141 1
44 132 2
81 113 2
16 145 2
11 81 2
63 93 2
77 105 2
66 186 1
33 111 2
66 117 2
42 96 2
6 117 2
85 161 1
12 23 2
72 112 2
77 104 2
117 189 1
88 109 2
40 72 2
33 36 2
66 182 1
115 127 2
6 180 1
59 141 2
76 93 2
30 40 2
49 88 2
54 81 2
21 53 2
9 117 2
20 87 2
32 38 2
43 118 2
24 103 2
83 119 2
111 121 2
51 66 2
57 76 2
20 45 2
15 196 2
3 128 1
28 117 2
63 110 2
31 95 2
27 67 2
36 74 2
29 111 2
43 88 2
19 133 1
16 102 2
7 27 2
6 19 2
99 128 2
118 119 2
3 49 2
53 168 1
23 75 2
7 90 2
97 142 2
7 47 2
75 100 2
105 120 2
26 84 2
94 110 2
31 76 2
46 52 2
3 88 2
42 182 2
35 170 2
108 148 2
12 35 2
82 114 2
73 85 2
19 156 2
100 127 1
43 100 2
55 96 2
41 50 2
54 92 2
105 110 2
104 156 2
92 158 1
83 87 2
54 177 2
10 102 2
38 73 2
45 136 2
44 57 2
48 98 2
74 146 2
67 92 2
19 103 2
3 69 2
114 160 1
38 43 2
48 113 2
64 111 2
4 46 2
117 126 2
1 104 2
62 117 2
5 82 2
6 7 2
51 99 2
27 108 2
117 149 2
33 110 2
42 45 2
42 65 2
1 30 2
86 93 2
26 122 2
53 96 2
12 128 2
113 159 1
14 155 1
26 96 2
12 113 2
59 75 2
20 88 2
27 96 2
1 88 2
117 187 2
61 66 2
9 101 2
23 67 2
0 27 2
37 102 2
95 103 2
69 114 2
0 12 2
2 103 2
70 75 2
63 109 2
21 102 2
17 57 2
10 62 2
108 191 2
110 112 2
111 186 1
68 112 2
35 126 2
10 15 2
1 90 2
43 107 2
15 179 2
38 192 2
20 105 2
15 68 2
37 74 2
70 124 1
44 162 2
24 73 2
19 157 2
47 49 2
52 81 2
97 102 2
5 181 1
117 119 2
33 37 2
96 104 2
36 127 2
85 91 2
31 112 2
50 111 2
30 109 2
92 196 2
54 148 2
6 65 2
60 114 2
95 119 2
34 92 2
43 102 2
32 76 2
21 91 2
88 114 2
0 71 2
42 142 2
31 177 2
35 56 2
46 103 2
77 111 2
4 50 2
25 57 2
113 178 2
45 105 2
3 111 2
47 88 2
84 153 2
26 87 2
92 111 2
15 23 2
89 118 2
91 98 2
71 88 2
25 28 2
112 183 1
34 56 2
62 148 2
88 168 2
86 171 2
106 110 2
40 159 2
41 54 2
10 96 2
57 78 2
12 64 2
33 138 1
27 119 2
21 63 2
70 80 2
18 76 2
55 101 2
57 110 2
78 86 2
36 38 2
71 102 2
29 138 2
98 171 2
15 102 2
24 143 2
14 73 2
11 91 2
13 17 2
30 52 2
95 117 2
0 97 2
84 90 2
28 64 2
27 139 2
3 27 2
32 90 2
89 184 2
41 48 2
46 66 2
38 80 2
5 61 2
37 63 2
98 161 1
58 86 2
32 72 2
23 112 2
17 26 2
90 187 1
17 141 2
18 103 2
94 193 2
31 110 2
61 80 2
99 187 1
19 68 2
17 91 2
51 61 2
6 13 2
2 146 2
49 56 2
7 105 2
39 106 2
4 11 2
44 96 2
76 101 2
102 176 2
27 54 2
36 102 2
109 159 2
45 114 2
9 100 2
110 145 1
37 90 2
15 156 1
12 116 2
46 50 2
34 83 2
36 116 2
0 20 2
11 115 2
73 161 2
96 147 2
56 69 2
84 100 2
70 179 2
47 81 2
16 54 2
23 100 2
119 189 1
6 51 2
58 72 2
46 81 2
85 87 2
1 50 2
21 122 1
15 172 1
75 112 2
7 110 2
31 147 2
10 111 2
10 82 2
1 39 2
28 56 2
62 72 2
23 52 2
62 107 2
42 145 2
14 56 2
13 42 2
64 80 2
74 110 2
5 21 2
80 100 2
70 183 2
108 162 1
43 48 2
87 103 2
19 60 2
29 35 2
36 103 2
103 196 2
4 104 2
15 20 2
6 14 2
107 112 2
63 102 2
21 116 2
117 125 2
70 102 2
10 66 2
52 145 1
11 77 2
55 66 2
64 74 2
63 104 2
32 180 2
6 69 2
27 48 2
16 26 2
34 190 2
24 96 2
9 75 2
62 119 2
60 117 2
25 112 2
67 183 1
57 115 2
39 139 2
13 115 2
12 45 2
99 135 2
12 47 2
8 157 1
53 67 2
71 99 2
102 196 2
37 119 2
115 188 1
51 143 2
16 82 2
87 138 2
106 176 2
9 10 2
14 68 2
13 55 2
41 104 2
77 87 2
45 152 1
7 139 2
82 134 1
34 35 2
7 149 1
39 65 2
2 113 2
58 60 2
40 92 2
66 81 2
93 116 2
36 87 2
28 101 2
62 104 2
27 114 2
39 84 2
36 49 2
16 193 2
14 24 2
82 155 1
24 46 2
86 104 2
72 82 2
94 114 2
13 27 2
107 175 2
32 52 2
31 94 2
80 101 2
115 190 1
62 110 2
62 90 2
76 180 1
38 71 2
1 25 2
28 30 2
46 82 2
32 49 2
68 148 2
78 134 1
60 108 2
100 159 1
63 99 2
2 86 2
39 108 2
48 77 2
99 168 2
1 154 2
95 112 2
19 38 2
38 50 2
108 147 1
10 198 2
60 94 2
55 177 2
93 101 2
6 108 2
74 168 2
6 162 2
3 179 2
19 190 2
36 76 2
85 131 2
67 184 2
59 113 2
70 72 2
69 160 1
67 85 2
26 106 2
77 193 1
33 78 2
53 58 2
14 67 2
6 36 2
24 66 2
22 90 2
31 44 2
52 157 1
79 128 1
90 140 2
13 32 2
55 72 2
68 89 2
98 109 2
59 116 2
7 72 2
21 82 2
40 47 2
68 136 2
1 47 2
2 33 2
40 54 2
102 181 2
85 120 1
48 199 2
33 93 2
17 86 2
9 174 2
14 15 2
94 147 2
79 109 2
4 5 2
39 102 2
49 115 2
0 102 2
112 125 2
108 150 1
20 52 2
4 63 2
36 79 2
104 133 2
107 138 1
11 54 2
49 54 2
53 56 2
91 168 2
64 103 2
73 95 2
45 72 2
8 61 2
6 113 2
50 78 2
8 131 2
32 56 2
30 176 1
43 151 1
0 75 2
66 198 2
75 107 2
48 133 2
48 49 2
52 110 2
16 65 2
28 107 2
46 190 2
116 159 1
16 38 2
34 38 2
36 39 2
71 95 2
6 159 1
18 69 2
18 101 2
3 64 2
19 111 2
34 178 1
47 109 2
24 72 2
42 49 2
56 137 1
33 85 2
107 198 2
58 94 2
20 55 2
65 111 2
51 80 2
58 104 2
53 71 2
13 167 2
11 122 2
14 107 2
9 33 2
16 59 2
48 110 2
57 112 2
46 115 2
50 65 2
37 38 2
77 99 2
0 83 2
69 158 1
49 165 2
110 114 2
12 79 2
75 169 2
39 42 2
57 113 2
23 104 2
91 173 1
31 59 2
116 118 2
91 102 2
2 109 2
72 94 2
39 55 2
32 108 2
5 52 2
16 116 2
5 49 2
95 97 2
22 119 2
44 49 2
3 33 2
48 101 2
67 97 2
15 117 2
13 97 2
43 81 2
11 111 2
105 114 2
15 107 2
35 48 2
85 125 2
114 183 2
99 101 2
11 180 2
8 34 2
54 115 2
1 183 2
3 59 2
7 54 2
36 158 1
18 87 2
7 28 2
54 67 2
22 100 2
8 77 2
103 121 1
5 178 2
41 173 1
27 89 2
41 115 2
7 65 2
10 88 2
73 149 2
0 86 2
82 86 2
29 185 1
34 65 2
62 74 2
9 94 2
34 163 2
31 46 2
26 185 2
69 119 2
23 176 2
84 102 2
90 179 2
8 29 2
38 170 2
25 95 2
16 51 2
3 87 2
101 109 2
16 25 2
48 145 2
37 59 2
100 113 2
21 67 2
33 67 2
87 117 2
96 196 2
6 97 2
19 29 2
61 117 2
4 21 2
32 133 1
57 173 2
19 79 2
12 171 2
74 97 2
31 93 2
14 66 2
25 40 2
19 199 2
4 130 2
15 75 2
61 78 2
10 105 2
115 154 2
26 29 2
40 52 2
64 109 2
41 52 2
74 96 2
25 90 2
20 68 2
55 144 1
36 164 1
47 196 2
41 51 2
62 161 2
26 100 2
7 46 2
86 92 2
29 94 2
29 136 2
28 73 2
79 169 1
26 108 2
19 94 2
42 78 2
10 71 2
9 116 2
36 58 2
12 19 2
4 95 2
11 95 2
0 49 2
61 181 1
93 115 2
14 96 2
69 76 2
97 100 2
3 119 2
30 36 2
11 58 2
50 73 2
45 49 2
78 94 2
95 106 2
52 54 2
75 98 2
108 197 2
118 199 1
17 146 2
57 93 2
78 98 2
59 114 2
54 126 2
6 49 2
94 146 1
24 44 2
30 171 1
6 62 2
20 34 2
69 122 2
54 59 2
58 196 1
55 116 2
43 69 2
35 55 2
110 191 1
17 39 2
52 98 2
27 42 2
39 92 2
98 134 2
77 102 2
59 112 2
44 119 2
11 156 2
24 147 2
3 74 2
20 84 2
6 84 2
36 101 2
64 193 1
102 168 1
13 61 2
14 151 1
12 38 2
67 189 2
0 112 2
18 79 2
74 76 2
4 18 2
99 108 2
6 41 2
63 76 2
12 31 2
4 115 2
95 187 1
28 34 2
74 111 2
28 95 2
92 152 1
19 81 2
0 98 2
76 103 2
41 103 2
5 54 2
61 130 1
3 81 2
79 100 2
16 98 2
59 91 2
37 79 2
59 61 2
76 152 2
34 85 2
14 128 2
48 87 2
32 33 2
5 66 2
80 90 2
6 18 2
101 165 2
13 69 2
53 146 2
6 64 2
90 176 2
32 157 2
83 107 2
96 167 2
23 24 2
12 122 2
22 54 2
24 164 2
47 110 2
3 40 2
25 35 2
6 59 2
21 107 2
18 83 2
8 52 2
49 94 2
93 196 1
8 116 2
8 13 2
29 33 2
72 179 1
82 117 2
92 112 2
67 115 2
46 67 2
32 91 2
17 35 2
3 174 2
9 171 1
27 103 2
0 56 2
60 126 1
58 111 2
14 63 2
106 157 2
28 41 2
5 7 2
74 184 1
84 168 2
16 86 2
23 106 2
31 73 2
86 111 2
25 87 2
32 117 2
28 79 2
79 106 2
20 111 2
63 116 2
27 43 2
93 108 2
12 34 2
54 87 2
88 91 2
17 134 1
106 199 2
116 134 2
104 164 2
6 94 2
12 77 2
70 85 2
87 150 2
32 73 2
47 86 2
45 46 2
70 73 2
1 64 2
61 167 2
29 36 2
92 107 2
15 88 2
92 119 2
28 163 2
44 82 2
50 106 2
82 143 1
33 131 1
58 64 2
0 179 2
23 101 2
27 158 2
22 152 1
3 86 2
56 90 2
2 67 2
118 151 1
2 32 2
53 180 1
57 196 2
106 167 2
48 63 2
22 96 2
19 85 2
43 96 2
12 88 2
70 153 2
17 84 2
0 13 2
30 46 2
23 65 2
0 46 2
43 189 1
97 105 2
39 185 2
80 96 2
52 117 2
42 108 2
55 91 2
95 167 2
9 151 1
84 145 2
85 107 2
28 38 2
34 48 2
37 42 2
20 48 2
17 127 2
24 79 2
39 50 2
84 121 1
118 160 2
18 52 2
13 136 2
77 136 2
0 6 2
6 10 2
2 40 2
35 118 2
2 97 2
58 175 2
11 96 2
12 110 2
3 146 2
34 108 2
24 180 2
49 76 2
48 99 2
74 77 2
97 189 2
50 119 2
29 112 2
9 47 2
84 171 2
66 130 2
35 119 2
77 192 2
80 109 2
27 73 2
66 72 2
97 169 2
56 156 2
96 125 2
5 56 2
36 54 2
39 170 1
89 183 1
4 58 2
57 70 2
101 140 2
70 165 1
10 92 2
95 159 2
17 150 2
53 118 2
30 73 2
16 52 2
1 86 2
35 163 1
74 108 2
50 109 2
27 110 2
22 29 2
91 110 2
24 37 2
33 62 2
64 76 2
15 91 2
8 74 2
30 184 2
109 188 1
35 77 2
32 67 2
111 147 2
41 148 2
13 152 1
71 114 2
119 167 2
26 101 2
5 94 2
93 120 2
13 79 2
42 116 2
67 104 2
85 105 2
75 83 2
113 186 2
22 99 2
80 198 2
82 113 2
24 84 2
39 93 2
9 185 2
44 104 2
5 10 2
76 86 2
53 61 2
101 111 2
21 25 2
26 70 2
47 119 2
23 49 2
60 170 2
59 115 2
19 98 2
18 66 2
48 75 2
39 110 2
17 59 2
50 185 2
73 115 2
24 59 2
25 63 2
80 117 2
90 135 2
87 110 2
6 166 1
66 103 2
1 60 2
29 163 1
35 40 2
69 91 2
83 182 2
94 144 1
105 107 2
86 108 2
34 63 2
19 28 2
8 20 2
58 119 2
100 106 2
30 34 2
84 97 2
30 79 2
105 150 1
68 95 2
1 37 2
101 106 2
109 169 2
6 106 2
4 32 2
89 119 2
43 51 2
16 107 2
15 114 2
53 98 2
16 197 2
32 103 2
21 45 2
33 50 2
57 154 1
68 109 2
40 56 2
85 90 2
13 74 2
90 116 2
48 68 2
0 10 2
12 117 2
32 71 2
11 118 2
31 65 2
87 105 2
83 111 2
9 138 1
118 167 2
31 184 1
32 44 2
17 94 2
33 39 2
24 177 2
104 116 2
80 123 1
82 124 1
30 39 2
98 190 2
43 70 2
5 84 2
30 48 2
68 80 2
65 118 2
59 70 2
53 60 2
34 47 2
116 192 2
11 94 2
14 110 2
3 94 2
53 76 2
101 117 2
22 184 1
12 17 2
26 33 2
13 169 2
6 187 2
66 94 2
41 140 1
31 48 2
61 109 2
33 154 2
9 63 2
3 24 2
9 166 2
66 90 2
71 122 2
41 110 2
39 187 1
118 155 2
68 92 2
89 136 2
56 130 1
55 117 2
108 155 2
7 32 2
78 175 2
59 101 2
46 118 2
12 27 2
5 36 2
85 89 2
17 46 2
91 172 1
49 136 2
95 168 1
69 106 2
53 64 2
60 160 2
55 92 2
97 180 2
31 45 2
7 11 2
31 82 2
16 71 2
45 156 1
14 77 2
41 141 1
86 98 2
40 88 2
18 179 2
37 47 2
67 90 2
74 153 1
39 67 2
24 184 2
43 54 2
41 100 2
56 192 2
62 65 2
45 48 2
1 146 2
32 39 2
13 30 2
35 99 2
71 118 2
34 132 2
9 184 2
8 110 2
26 158 2
105 124 2
54 107 2
62 118 2
14 49 2
20 149 2
59 86 2
42 71 2
64 71 2
27 94 2
47 76 2
59 188 1
99 117 2
78 89 2
20 119 2
67 69 2
107 116 2
104 162 2
1 97 2
100 109 2
44 169 2
69 86 2
75 109 2
24 30 2
51 64 2
74 124 1
2 56 2
13 98 2
19 191 2
63 150 1
65 137 2
58 197 2
90 114 2
2 12 2
3 70 2
31 165 2
47 156 1
74 114 2
41 138 2
9 30 2
45 61 2
61 118 2
20 163 2
75 130 2
17 75 2
6 79 2
44 99 2
41 64 2
26 85 2
52 118 2
33 150 2
2 13 2
75 164 2
32 50 2
107 148 1
10 184 1
103 116 2
80 136 2
2 123 2
72 109 2
14 40 2
25 70 2
44 81 2
22 170 1
94 192 1
21 26 2
19 170 2
98 111 2
106 134 2
101 195 1
72 127 2
70 74 2
47 54 2
53 59 2
38 82 2
6 114 2
17 50 2
96 101 2
39 160 2
51 75 2
33 99 2
77 194 2
96 102 2
63 145 2
52 104 2
88 164 2
19 76 2
77 81 2
19 45 2
44 113 2
79 87 2
10 58 2
38 121 1
19 109 2
81 170 2
5 59 2
13 18 2
30 167 2
50 168 2
6 127 1
58 80 2
16 108 2
69 98 2
14 57 2
54 118 2
85 99 2
4 64 2
2 108 2
7 20 2
54 94 2
32 99 2
88 105 2
15 60 2
38 135 1
70 194 1
61 68 2
3 72 2
15 94 2
116 139 2
8 100 2
61 63 2
114 156 2
31 89 2
18 51 2
67 146 2
32 96 2
36 48 2
21 154 1
13 72 2
22 141 2
24 88 2
9 152 2
5 26 2
20 53 2
56 123 1
17 88 2
11 103 2
25 101 2
34 81 2
80 106 2
87 92 2
12 101 2
30 101 2
0 24 2
14 26 2
7 95 2
16 125 2
49 64 2
37 56 2
42 125 2
24 101 2
55 103 2
44 91 2
0 38 2
56 108 2
5 169 2
16 110 2
14 124 2
9 59 2
10 112 2
84 114 2
93 177 2
87 126 2
73 79 2
6 81 2
58 92 2
4 36 2
61 100 2
44 87 2
84 134 2
46 113 2
6 87 2
14 32 2
40 58 2
31 81 2
89 103 2
16 93 2
57 111 2
2 107 2
5 80 2
54 71 2
42 43 2
72 93 2
87 100 2
70 111 2
62 71 2
60 77 2
18 67 2
6 24 2
20 135 2
30 60 2
55 165 2
1 180 2
2 79 2
43 60 2
58 63 2
44 108 2
12 54 2
46 119 2
90 103 2
64 107 2
80 108 2
5 86 2
54 173 2
102 147 1
88 144 2
43 130 2
16 42 2
21 69 2
18 145 1
79 89 2
6 116 2
43 84 2
10 106 2
30 49 2
85 155 1
61 158 1
36 104 2
97 116 2
54 55 2
2 37 2
0 40 2
19 183 1
43 131 2
7 37 2
70 83 2
91 132 2
3 123 2
80 115 2
3 82 2
39 52 2
22 27 2
20 54 2
100 101 2
27 109 2
96 133 2
37 81 2
61 178 1
22 36 2
40 78 2
97 197 2
65 66 2
109 118 2
17 80 2
19 194 1
97 107 2
0 74 2
46 63 2
52 128 1
50 84 2
40 44 2
28 154 2
51 96 2
34 52 2
67 82 2
10 141 2
62 70 2
13 181 1
20 81 2
23 110 2
75 103 2
60 107 2
27 192 1
79 98 2
44 59 2
24 68 2
118 150 2
106 164 1
36 93 2
56 128 1
86 102 2
43 103 2
58 97 2
32 125 1
54 158 1
51 103 2
20 50 2
76 193 2
6 165 1
47 166 2
44 118 2
74 88 2
91 137 1
15 62 2
69 186 2
116 119 2
94 98 2
91 134 1
26 83 2
17 199 1
116 149 2
99 114 2
1 68 2
1 29 2
67 118 2
104 120 1
0 16 2
58 152 2
18 58 2
109 113 2
109 117 2
31 119 2
61 81 2
10 57 2
81 86 2
20 187 2
116 125 1
25 67 2
117 188 1
55 73 2
64 195 2
44 177 1
66 89 2
20 83 2
11 93 2
15 89 2
9 17 2
105 112 2
94 108 2
26 75 2
111 160 1
45 99 2
44 46 2
25 26 2
39 97 2
7 23 2
7 71 2
86 87 2
15 92 2
71 132 2
97 128 1
34 102 2
49 171 2
39 57 2
37 163 1
30 95 2
76 183 2
52 114 2
75 82 2
31 87 2
100 149 2
38 48 2
97 163 1
50 64 2
44 105 2
118 173 2
35 117 2
0 94 2
46 171 2
98 179 1
3 32 2
74 193 2
14 153 1
74 154 1
21 24 2
0 69 2
18 178 1
48 178 2
85 96 2
13 83 2
54 117 2
43 99 2
71 108 2
67 109 2
10 116 2
60 62 2
34 36 2
10 28 2
37 181 1
92 176 2
107 187 1
67 186 1
0 90 2
11 59 2
60 142 1
4 39 2
3 48 2
20 194 1
5 78 2
16 150 2
69 71 2
98 119 2
84 128 1
117 129 2
54 100 2
64 91 2
59 76 2
47 97 2
25 150 2
3 92 2
68 122 1
21 90 2
119 158 2
34 111 2
20 109 2
42 70 2
10 72 2
4 67 2
57 68 2
61 168 1
10 73 2
93 157 1
28 32 2
90 159 1
0 63 2
15 55 2
22 138 1
8 57 2
58 169 1
54 106 2
8 15 2
20 47 2
10 56 2
30 84 2
3 73 2
64 75 2
26 58 2
70 101 2
17 101 2
44 164 2
22 78 2
17 32 2
17 113 2
84 107 2
0 113 2
19 91 2
40 148 2
47 114 2
33 68 2
41 62 2
0 85 2
60 104 2
69 93 2
8 9 2
16 78 2
79 92 2
21 35 2
92 117 2
88 111 2
14 103 2
12 198 2
1 65 2
14 79 2
46 168 1
97 150 2
19 90 2
5 28 2
34 118 2
46 102 2
20 171 1
52 112 2
36 90 2
27 75 2
73 119 2
31 144 2
83 89 2
114 143 1
99 165 1
4 187 2
12 106 2
0 104 2
37 58 2
52 137 2
6 34 2
2 120 2
43 108 2
113 156 2
30 82 2
78 88 2
96 185 1
46 152 2
21 28 2
59 69 2
102 110 2
55 85 2
48 171 2
50 61 2
25 30 2
60 93 2
77 198 2
60 132 2
65 190 1
85 119 2
24 82 2
75 79 2
69 175 2
29 68 2
24 90 2
29 126 1
5 90 2
63 197 2
17 47 2
26 41 2
79 162 2
110 113 2
51 102 2
80 192 1
52 168 1
63 138 2
53 85 2
35 68 2
13 132 2
24 48 2
26 128 2
64 83 2
9 108 2
7 101 2
27 37 2
99 123 2
5 63 2
1 165 2
29 47 2
23 105 2
114 198 2
106 115 2
4 22 2
30 35 2
59 94 2
14 101 2
6 26 2
107 110 2
10 19 2
69 117 2
16 111 2
30 115 2
60 106 2
26 40 2
22 140 2
32 160 1
8 73 2
40 68 2
28 116 2
15 43 2
45 182 1
13 53 2
29 60 2
22 104 2
13 80 2
18 102 2
22 26 2
37 105 2
15 37 2
70 98 2
34 147 2
23 93 2
80 91 2
25 107 2
73 107 2
61 177 1
38 61 2
90 161 2
68 81 2
95 107 2
17 43 2
64 65 2
3 85 2
36 108 2
24 77 2
8 79 2
12 60 2
110 118 2
1 155 2
45 97 2
52 89 2
24 51 2
27 59 2
86 114 2
34 146 2
52 170 2
117 170 1
94 149 2
41 189 2
56 110 2
69 83 2
21 166 1
53 55 2
53 104 2
72 110 2
21 108 2
70 118 2
78 152 1
50 103 2
7 55 2
33 57 2
90 112 2
99 138 2
85 149 2
0 18 2
49 79 2
19 88 2
31 154 2
40 50 2
5 98 2
90 115 2
31 68 2
115 192 2
73 106 2
29 115 2
99 198 2
34 90 2
8 142 2
6 111 2
67 101 2
15 17 2
32 69 2
2 95 2
45 76 2
9 46 2
27 66 2
79 90 2
50 82 2
71 77 2
0 54 2
7 115 2
42 90 2
70 103 2
24 113 2
0 173 2
20 24 2
36 46 2
15 116 2
61 72 2
35 80 2
42 91 2
1 193 2
23 115 2
86 163 2
5 108 2
45 103 2
73 92 2
78 87 2
13 145 2
17 24 2
35 120 1
50 134 1
58 154 2
11 34 2
79 83 2
93 140 2
61 160 2
33 152 2
64 104 2
59 71 2
29 172 1
22 102 2
34 179 1
2 83 2
69 113 2
63 141 2
24 45 2
38 108 2
68 171 2
71 189 2
15 142 1
85 95 2
96 99 2
11 60 2
39 71 2
0 32 2
14 58 2
29 84 2
45 125 2
34 182 2
11 68 2
65 148 1
39 90 2
113 195 2
78 96 2
92 172 2
69 72 2
60 71 2
92 124 2
48 72 2
30 107 2
64 117 2
2 34 2
3 166 2
85 108 2
46 95 2
30 147 1
7 67 2
39 70 2
34 89 2
1 53 2
38 147 2
19 108 2
11 21 2
99 116 2
47 50 2
49 86 2
32 104 2
55 193 1
30 105 2
39 72 2
43 112 2
96 106 2
22 117 2
6 186 1
117 131 2
21 61 2
95 108 2
53 83 2
12 78 2
27 107 2
60 88 2
45 95 2
41 106 2
24 117 2
113 163 2
77 161 1
27 118 2
98 147 2
117 128 2
94 97 2
64 95 2
29 50 2
24 95 2
43 62 2
108 113 2
75 157 2
11 191 2
114 188 2
1 54 2
15 58 2
29 196 2
33 65 2
46 73 2
92 199 1
15 106 2
96 127 2
97 114 2
19 59 2
48 118 2
27 84 2
92 194 2
46 60 2
56 83 2
15 41 2
72 102 2
2 102 2
64 119 2
73 170 2
109 147 2
48 82 2
70 115 2
68 110 2
97 156 2
61 110 2
18 106 2
16 79 2
35 82 2
11 16 2
42 185 2
33 80 2
111 134 2
1 17 2
1 101 2
41 74 2
49 61 2
105 136 2
53 99 2
2 74 2
60 85 2
13 88 2
72 183 2
57 87 2
43 150 2
72 125 2
98 118 2
96 151 2
59 110 2
84 151 2
18 111 2
49 77 2
0 28 2
20 77 2
43 59 2
25 92 2
9 106 2
2 17 2
111 113 2
54 57 2
16 33 2
19 73 2
46 47 2
113 196 2
113 114 2
57 183 2
71 84 2
56 175 1
112 159 2
102 151 2
52 68 2
70 82 2
68 119 2
0 171 2
36 43 2
39 142 2
15 118 2
8 101 2
47 103 2
26 69 2
31 105 2
13 35 2
47 179 2
0 45 2
119 196 2
11 82 2
45 55 2
69 101 2
114 116 2
10 164 2
92 105 2
54 64 2
84 89 2
4 80 2
7 138 2
110 157 2
61 94 2
18 197 2
101 113 2
20 31 2
54 132 2
29 67 2
10 16 2
100 105 2
30 89 2
108 112 2
56 111 2
81 118 2
31 74 2
62 170 2
13 131 2
8 48 2
1 74 2
21 73 2
29 144 1
13 113 2
92 165 2
12 57 2
21 152 2
13 60 2
69 74 2
37 70 2
4 71 2
19 74 2
23 90 2
37 197 1
48 192 1
60 67 2
19 161 1
12 123 2
56 186 1
21 123 1
69 105 2
22 93 2
106 108 2
114 144 1
53 165 2
43 110 2
73 87 2
0 31 2
52 99 2
92 99 2
77 92 2
63 107 2
11 57 2
88 153 2
46 153 2
33 115 2
26 63 2
4 35 2
40 183 2
103 112 2
88 97 2
103 131 2
57 89 2
83 103 2
55 159 2
31 128 2
93 112 2
48 100 2
90 150 2
9 160 1
32 127 2
59 97 2
112 117 2
16 47 2
1 71 2
80 99 2
67 68 2
30 141 1
46 94 2
35 92 2
47 142 2
63 173 2
0 34 2
48 164 2
26 50 2
27 97 2
12 74 2
64 186 2
21 93 2
104 115 2
42 105 2
4 86 2
107 185 2
8 129 2
22 32 2
43 46 2
115 128 1
27 117 2
111 192 2
78 105 2
85 186 2
67 157 2
54 91 2
41 99 2
90 190 2
6 56 2
1 87 2
108 187 2
29 79 2
20 144 2
96 121 2
40 71 2
70 99 2
71 127 2
71 125 2
30 94 2
19 55 2
51 116 2
9 102 2
27 100 2
14 74 2
111 119 2
70 149 2
29 129 2
30 117 2
26 102 2
89 102 2
93 144 2
49 51 2
5 30 2
63 115 2
103 119 2
32 48 2
46 92 2
31 86 2
23 108 2
45 58 2
24 176 1
13 71 2
36 73 2
55 115 2
10 11 2
11 79 2
36 84 2
1 7 2
104 114 2
34 177 2
0 25 2
58 112 2
66 76 2
15 119 2
14 91 2
48 189 2
10 160 2
83 108 2
45 56 2
24 52 2
12 112 2
57 143 1
106 118 2
17 165 2
84 154 2
15 103 2
50 112 2
61 190 1
47 124 2
12 39 2
21 29 2
92 102 2
35 61 2
45 144 2
30 133 1
21 77 2
6 77 2
1 14 2
42 86 2
13 31 2
26 156 2
17 102 2
33 84 2
21 79 2
68 105 2
36 95 2
21 62 2
50 88 2
35 161 2
11 89 2
35 65 2
101 159 1
84 109 2
67 143 2
6 129 2
13 100 2
109 119 2
0 9 2
115 150 2
83 114 2
41 86 2
22 89 2
23 109 2
44 116 2
41 96 2
73 86 2
32 83 2
34 133 2
51 93 2
11 22 2
49 96 2
75 132 2
81 104 2
3 145 1
0 80 2
24 127 2
77 195 1
89 142 2
115 124 2
102 191 1
33 38 2
25 69 2
1 108 2
54 195 1
39 157 1
111 133 2
100 153 2
50 87 2
62 97 2
36 57 2
62 89 2
65 95 2
39 60 2
22 181 2
32 113 2
26 38 2
68 90 2
0 89 2
27 102 2
0 149 2
46 91 2
49 84 2
47 55 2
106 111 2
51 62 2
85 121 2
51 72 2
36 75 2
87 130 1
36 81 2
5 118 2
0 42 2
34 109 2
8 50 2
48 51 2
30 103 2
51 115 2
7 181 2
23 150 2
56 194 2
61 62 2
68 165 1
25 113 2
44 71 2
62 116 2
4 154 1
62 113 2
5 93 2
67 80 2
32 89 2
72 163 2
14 59 2
76 80 2
10 47 2
59 78 2
53 74 2
17 53 2
46 106 2
63 114 2
19 158 1
23 76 2
102 165 1
12 95 2
26 99 2
38 130 2
6 45 2
87 195 2
64 174 2
74 75 2
84 198 2
90 111 2
82 111 2
9 86 2
41 111 2
68 87 2
35 181 2
40 42 2
33 72 2
85 184 2
44 86 2
37 141 2
4 89 2
24 40 2
84 101 2
25 66 2
99 129 1
20 36 2
39 99 2
7 74 2
32 112 2
81 149 2
38 52 2
88 193 2
21 144 1
38 145 1
94 99 2
2 82 2
71 86 2
48 165 1
23 44 2
54 60 2
2 47 2
77 185 2
38 69 2
75 116 2
25 94 2
7 63 2
65 112 2
76 104 2
56 63 2
11 87 2
17 117 2
18 113 2
59 197 1
115 147 2
102 155 2
15 77 2
62 115 2
58 100 2
35 79 2
28 57 2
53 103 2
10 163 2
95 188 1
49 155 1
114 181 2
28 110 2
5 73 2
10 77 2
7 85 2
93 133 2
117 197 2
9 127 2
71 93 2
2 138 2
9 54 2
9 124 2
56 65 2
49 125 1
99 186 2
37 52 2
47 62 2
64 97 2
57 91 2
23 77 2
7 94 2
38 63 2
76 182 1
45 147 2
3 157 2
6 128 1
77 114 2
88 110 2
47 71 2
54 192 2
51 54 2
47 117 2
38 86 2
77 181 1
26 130 2
10 84 2
72 91 2
54 88 2
7 14 2
93 113 2
39 81 2
46 137 2
57 85 2
16 73 2
102 172 1
52 105 2
19 44 2
40 143 1
75 166 1
18 73 2
27 31 2
40 113 2
71 124 2
9 95 2
5 174 2
77 116 2
100 111 2
111 175 2
97 117 2
51 68 2
35 70 2
37 107 2
81 97 2
93 94 2
4 16 2
51 98 2
71 161 2
67 106 2
95 189 2
60 174 2
61 114 2
12 58 2
1 112 2
2 66 2
81 109 2
5 113 2
35 46 2
0 120 1
69 88 2
26 110 2
35 73 2
5 140 1
6 11 2
74 148 2
2 48 2
61 139 2
46 174 2
37 116 2
20 110 2
9 85 2
23 95 2
85 115 2
102 145 2
40 146 2
7 135 2
4 75 2
1 124 2
113 152 2
29 73 2
26 91 2
58 199 2
73 123 1
94 154 2
36 92 2
15 108 2
94 101 2
2 18 2
6 38 2
1 61 2
8 46 2
106 119 2
75 137 1
57 99 2
34 73 2
38 65 2
113 168 1
7 96 2
8 45 2
8 119 2
42 122 2
97 129 1
18 97 2
15 190 1
48 95 2
80 197 1
40 156 2
0 118 2
95 153 1
49 174 2
8 68 2
42 56 2
82 110 2
90 169 2
49 99 2
20 94 2
88 99 2
88 146 1
9 41 2
35 169 2
32 109 2
111 140 2
11 102 2
66 75 2
59 111 2
51 147 1
14 98 2
12 66 2
19 120 1
39 80 2
25 151 2
11 62 2
64 73 2
40 57 2
119 147 1
111 112 2
50 167 1
68 85 2
23 25 2
31 100 2
43 132 1
109 122 1
51 168 2
61 95 2
115 116 2
5 134 1
14 16 2
95 110 2
33 170 2
55 69 2
36 82 2
6 91 2
49 100 2
8 117 2
54 108 2
18 138 2
22 52 2
36 198 1
10 123 2
47 60 2
11 73 2
2 52 2
8 55 2
101 160 2
58 75 2
2 49 2
45 108 2
21 44 2
69 182 2
112 142 1
9 44 2
58 118 2
52 56 2
9 36 2
68 198 2
44 159 1
6 12 2
14 115 2
38 138 2
13 114 2
86 178 2
4 17 2
61 144 2
80 113 2
21 106 2
67 175 2
25 121 2
29 32 2
20 60 2
0 70 2
33 55 2
99 169 1
3 84 2
8 136 1
16 50 2
72 139 2
96 180 2
65 158 2
58 73 2
65 97 2
104 118 2
51 63 2
73 128 1
66 106 2
18 31 2
44 67 2
110 111 2
61 102 2
61 143 1
29 132 2
107 149 2
21 104 2
46 72 2
30 88 2
15 40 2
12 129 2
4 168 2
102 185 2
13 112 2
93 110 2
8 106 2
22 80 2
18 42 2
69 111 2
10 180 2
90 106 2
7 29 2
71 74 2
83 115 2
9 71 2
7 52 2
118 154 2
11 43 2
92 97 2
1 77 2
46 57 2
69 87 2
69 142 2
29 72 2
75 89 2
21 47 2
38 177 2
90 107 2
0 22 2
55 63 2
57 83 2
44 52 2
2 112 2
33 34 2
81 142 1
7 57 2
33 43 2
40 169 1
52 103 2
57 194 2
55 199 2
34 117 2
28 33 2
1 79 2
31 121 1
74 131 1
51 52 2
6 172 2
115 149 2
35 114 2
13 192 2
34 68 2
31 101 2
52 196 2
114 180 1
9 64 2
96 163 2
65 77 2
46 80 2
45 47 2
3 28 2
81 88 2
21 54 2
88 117 2
22 40 2
53 110 2
18 70 2
16 44 2
25 99 2
40 60 2
6 89 2
12 134 2
34 77 2
14 81 2
23 80 2
67 93 2
24 53 2
38 51 2
11 178 1
89 110 2
13 89 2
72 136 1
74 92 2
107 152 2
95 99 2
71 90 2
20 40 2
17 62 2
84 86 2
52 87 2
10 95 2
68 91 2
34 46 2
73 94 2
20 69 2
73 117 2
110 139 2
23 61 2
27 112 2
29 95 2
117 173 1
8 180 1
52 96 2
18 122 2
91 92 2
38 111 2
63 181 2
94 118 2
56 107 2
32 142 2
39 41 2
5 31 2
23 38 2
61 115 2
46 141 2
38 75 2
47 48 2
68 126 2
77 96 2
98 174 2
24 111 2
13 34 2
27 156 2
3 98 2
84 146 1
45 51 2
49 101 2
27 28 2
19 37 2
80 116 2
103 114 2
71 111 2
103 199 2
55 98 2
65 135 2
12 44 2
34 105 2
119 124 2
24 34 2
112 167 2
57 60 2
91 155 1
18 105 2
17 77 2
31 55 2
84 160 1
41 120 2
63 86 2
51 58 2
11 117 2
15 95 2
64 90 2
39 145 2
54 143 1
25 72 2
90 108 2
115 118 2
23 81 2
47 106 2
54 97 2
41 88 2
71 170 2
119 132 2
83 109 2
2 14 2
24 168 2
31 176 2
51 192 2
19 65 2
63 113 2
47 89 2
35 175 2
38 42 2
34 103 2
4 144 2
1 103 2
87 163 1
29 96 2
62 75 2
45 53 2
90 194 1
51 90 2
88 92 2
20 191 2
32 55 2
25 134 2
62 76 2
0 7 2
41 58 2
89 189 2
1 106 2
101 105 2
40 106 2
72 103 2
12 185 1
109 187 1
57 81 2
90 149 1
45 96 2
27 91 2
96 103 2
27 175 1
11 19 2
50 79 2
38 104 2
30 86 2
1 66 2
9 11 2
91 108 2
119 143 1
23 111 2
23 99 2
74 101 2
7 176 2
37 49 2
59 89 2
18 77 2
51 171 2
102 107 2
38 92 2
30 92 2
26 62 2
20 64 2
55 65 2
37 157 2
19 41 2
16 64 2
34 42 2
77 94 2
14 116 2
19 97 2
69 157 2
2 70 2
0 108 2
117 186 2
10 29 2
31 197 2
21 129 2
58 93 2
16 90 2
66 170 2
0 84 2
8 72 2
3 31 2
63 66 2
55 57 2
25 41 2
47 53 2
63 195 2
58 101 2
52 116 2
26 67 2
87 141 2
38 55 2
13 173 2
13 171 2
37 114 2
60 81 2
24 71 2
42 118 2
40 55 2
24 58 2
11 99 2
2 115 2
15 100 2
77 108 2
35 141 1
37 104 2
38 158 2
85 118 2
9 89 2
68 175 1
29 82 2
30 90 2
44 56 2
37 57 2
34 122 2
15 140 2
52 60 2
3 52 2
67 114 2
77 78 2
72 92 2
78 93 2
66 177 1
11 18 2
11 192 1
31 70 2
0 99 2
46 193 2
57 118 2
113 116 2
37 53 2
92 101 2
18 48 2
18 60 2
25 51 2
21 89 2
88 166 2
75 143 2
92 146 1
23 151 2
31 67 2
9 32 2
28 160 2
20 59 2
28 185 1
20 99 2
111 154 1
70 126 1
8 87 2
25 89 2
35 97 2
112 138 2
13 46 2
48 66 2
0 93 2
107 173 2
59 144 2
77 100 2
0 14 2
36 110 2
51 57 2
99 120 2
38 83 2
9 99 2
15 98 2
7 36 2
99 183 2
8 90 2
95 149 1
52 55 2
82 100 2
38 173 2
26 79 2
43 191 2
60 138 2
12 94 2
34 80 2
61 119 2
83 88 2
48 179 1
41 53 2
9 68 2
67 99 2
41 55 2
58 165 2
7 140 2
15 143 2
52 182 2
28 75 2
96 98 2
90 144 2
49 87 2
100 103 2
54 98 2
14 27 2
64 102 2
21 162 2
24 109 2
75 151 1
69 112 2
21 180 1
118 191 1
55 123 1
93 99 2
43 57 2
13 23 2
27 130 1
77 122 1
23 82 2
81 188 2
6 98 2
25 31 2
14 34 2
64 68 2
116 184 1
8 82 2
22 85 2
5 142 2
31 114 2
16 142 1
66 110 2
46 122 2
72 117 2
54 124 2
78 95 2
40 46 2
12 50 2
28 147 2
1 18 2
19 93 2
82 91 2
118 133 2
74 87 2
57 102 2
26 37 2
66 122 2
25 64 2
9 80 2
4 111 2
30 71 2
14 65 2
51 77 2
11 196 1
1 95 2
30 129 2
19 36 2
16 70 2
95 146 2
49 141 2
3 79 2
39 64 2
10 64 2
53 84 2
73 96 2
72 86 2
72 147 2
21 100 2
63 65 2
38 110 2
45 121 1
63 69 2
52 154 2
18 19 2
92 100 2
54 175 2
61 182 1
80 176 2
9 110 2
71 92 2
52 188 2
11 136 2
102 134 2
45 71 2
60 75 2
81 111 2
41 79 2
77 118 2
67 71 2
33 101 2
30 181 1
90 131 2
65 102 2
100 115 2
93 197 1
95 101 2
34 194 2
83 106 2
61 113 2
44 79 2
9 23 2
67 178 2
13 122 2
21 48 2
32 59 2
1 85 2
11 50 2
51 154 2
22 51 2
21 72 2
40 180 2
56 79 2
37 180 2
35 89 2
88 183 2
52 62 2
38 106 2
115 153 1
0 11 2
10 63 2
6 92 2
26 111 2
35 138 1
25 48 2
12 133 2
49 102 2
72 133 1
4 100 2
21 97 2
83 181 2
73 110 2
72 107 2
7 56 2
51 55 2
20 89 2
76 154 2
77 162 2
3 25 2
93 103 2
34 57 2
32 54 2
23 84 2
26 64 2
12 105 2
64 72 2
116 174 2
4 101 2
30 72 2
6 28 2
61 69 2
10 85 2
29 44 2
44 76 2
54 160 1
62 108 2
40 105 2
58 158 1
59 83 2
10 37 2
28 42 2
25 32 2
37 48 2
88 113 2
27 105 2
27 169 1
42 81 2
55 86 2
5 106 2
13 179 2
2 35 2
61 101 2
28 62 2
4 44 2
13 108 2
100 129 1
7 103 2
45 54 2
48 94 2
111 117 2
18 137 2
53 65 2
78 83 2
26 57 2
2 91 2
31 69 2
78 151 1
77 83 2
64 144 2
15 76 2
30 80 2
84 141 2
49 80 2
92 109 2
33 98 2
74 78 2
12 61 2
17 60 2
7 48 2
1 35 2
65 101 2
26 32 2
38 89 2
28 91 2
54 99 2
73 118 2
2 148 2
64 67 2
65 85 2
44 89 2
53 117 2
40 43 2
32 64 2
85 176 1
65 83 2
41 71 2
67 112 2
82 115 2
101 151 1
16 76 2
61 79 2
28 178 1
24 107 2
9 115 2
112 170 2
24 104 2
96 107 2
9 113 2
76 144 1
97 108 2
102 139 2
101 116 2
110 132 1
5 105 2
75 77 2
87 118 2
118 171 2
7 15 2
22 149 2
7 102 2
3 135 2
40 115 2
7 88 2
50 71 2
40 119 2
38 117 2
99 132 2
64 131 2
31 52 2
15 96 2
116 138 1
15 110 2
77 119 2
36 80 2
84 104 2
57 109 2
13 52 2
25 59 2
74 83 2
21 71 2
24 119 2
57 92 2
27 164 2
9 13 2
84 106 2
82 94 2
52 101 2
10 115 2
75 134 2
12 103 2
112 156 2
66 97 2
62 79 2
70 96 2
44 83 2
23 58 2
109 143 1
1 23 2
53 73 2
81 89 2
37 41 2
25 117 2
93 139 2
0 81 2
85 153 2
71 197 2
39 109 2
79 99 2
22 109 2
83 172 2
28 119 2
26 133 1
40 185 2
26 104 2
99 137 1
31 58 2
66 70 2
33 52 2
28 118 2
53 66 2
25 53 2
33 66 2
111 165 1
29 109 2
55 70 2
21 46 2
18 98 2
101 121 1
2 75 2
13 28 2
74 105 2
45 145 2
21 75 2
5 100 2
54 112 2
14 118 2
12 86 2
70 114 2
60 118 2
24 41 2
3 36 2
12 159 2
88 196 2
97 146 2
60 87 2
44 133 2
5 34 2
6 115 2
57 62 2
102 180 1
0 57 2
4 85 2
81 95 2
32 37 2
35 63 2
48 56 2
40 95 2
31 79 2
71 123 1
66 188 1
60 91 2
39 117 2
3 8 2
28 168 2
51 76 2
85 93 2
5 85 2
4 10 2
40 45 2
60 133 2
13 47 2
17 90 2
72 114 2
39 164 2
72 84 2
40 84 2
53 97 2
105 187 2
46 110 2
67 196 1
102 122 2
15 51 2
20 27 2
42 97 2
69 146 2
87 166 1
46 79 2
30 195 2
3 60 2
9 128 1
65 177 1
5 104 2
4 62 2
65 107 2
20 91 2
107 199 1
53 106 2
82 103 2
2 94 2
118 158 2
59 108 2
31 72 2
41 44 2
35 60 2
16 138 2
18 157 2
8 97 2
88 127 1
23 159 2
15 83 2
12 115 2
28 103 2
107 179 2
64 92 2
56 84 2
76 121 1
47 102 2
93 109 2
30 135 2
24 60 2
53 78 2
29 81 2
23 50 2
89 187 1
3 95 2
81 98 2
118 136 1
14 182 2
83 167 1
43 83 2
112 132 2
42 66 2
36 117 2
16 99 2
59 88 2
58 105 2
29 41 2
81 91 2
15 74 2
7 9 2
23 113 2
36 96 2
60 89 2
27 125 2
91 133 1
54 105 2
21 60 2
55 59 2
9 88 2
11 74 2
106 150 1
25 192 2
20 92 2
56 103 2
41 107 2
6 124 2
27 132 1
87 179 2
13 130 2
53 109 2
31 61 2
16 66 2
10 38 2
85 127 1
13 175 2
65 98 2
13 157 2
56 136 2
2 62 2
84 103 2
2 25 2
49 109 2
28 108 2
55 80 2
29 76 2
18 27 2
44 66 2
72 81 2
117 175 2
115 185 2
69 161 2
101 191 2
24 31 2
30 182 1
57 177 1
48 70 2
29 120 2
54 72 2
86 100 2
62 111 2
43 53 2
65 159 2
29 117 2
7 86 2
53 89 2
55 100 2
11 37 2
60 82 2
7 83 2
80 94 2
83 193 2
49 140 2
33 61 2
61 107 2
5 45 2
63 77 2
44 70 2
5 99 2
86 105 2
9 14 2
48 85 2
38 187 2
51 92 2
69 78 2
32 70 2
43 116 2
51 95 2
21 190 2
3 58 2
40 94 2
90 99 2
98 114 2
58 67 2
55 58 2
12 37 2
20 78 2
40 74 2
50 97 2
37 110 2
54 63 2
98 142 1
12 62 2
37 67 2
86 192 1
7 111 2
58 91 2
81 92 2
59 177 1
96 194 2
35 191 1
7 49 2
36 97 2
24 64 2
62 106 2
112 190 2
2 78 2
20 58 2
65 84 2
1 73 2
45 102 2
20 170 1
27 143 2
19 95 2
57 96 2
81 144 1
5 147 2
110 176 1
15 50 2
44 55 2
106 141 1
0 3 2
80 172 2
46 56 2
17 76 2
1 36 2
73 108 2
81 129 1
45 52 2
9 35 2
14 82 2
35 116 2
62 81 2
23 122 2
96 105 2
117 166 1
30 96 2
99 136 1
33 47 2
95 190 2
9 48 2
37 99 2
35 83 2
25 29 2
115 195 2
115 169 2
53 70 2
43 160 1
9 52 2
109 134 2
43 85 2
31 196 1
16 19 2
17 49 2
9 37 2
18 30 2
11 14 2
15 35 2
71 80 2
2 59 2
82 190 2
68 133 2
62 182 1
5 33 2
4 197 2
45 173 1
26 172 2
8 65 2
43 128 1
48 151 1
3 47 2
25 93 2
56 152 1
1 21 2
34 171 2
5 171 2
65 109 2
40 117 2
25 119 2
7 39 2
21 115 2
101 149 2
13 22 2
29 75 2
33 96 2
12 30 2
26 181 2
1 80 2
12 63 2
17 148 1
0 60 2
43 155 1
57 73 2
13 102 2
54 138 2
32 82 2
9 172 1
32 123 2
84 176 2
26 121 1
31 62 2
80 141 2
12 14 2
29 62 2
81 105 2
35 47 2
34 44 2
66 74 2
8 165 1
73 160 1
37 44 2
105 123 1
116 121 2
2 45 2
2 111 2
40 77 2
14 105 2
0 176 1
3 54 2
99 188 1
65 115 2
78 108 2
51 127 1
25 161 2
20 73 2
8 83 2
101 104 2
66 125 2
51 71 2
47 80 2
51 196 1
37 177 2
15 166 2
47 68 2
49 110 2
20 85 2
70 107 2
51 56 2
81 87 2
49 83 2
78 146 2
26 73 2
22 88 2
71 76 2
103 110 2
42 83 2
28 115 2
32 105 2
57 100 2
39 43 2
75 94 2
81 119 2
3 37 2
73 91 2
4 107 2
82 164 2
65 82 2
52 82 2
11 35 2
23 87 2
32 62 2
50 72 2
26 76 2
10 27 2
64 79 2
93 107 2
42 52 2
21 112 2
16 103 2
43 98 2
79 118 2
84 85 2
34 97 2
55 60 2
4 70 2
67 76 2
21 113 2
55 134 2
53 167 1
63 105 2
105 127 2
30 161 1
34 78 2
81 108 2
70 187 1
77 88 2
42 67 2
32 79 2
44 100 2
113 136 2
61 136 2
2 64 2
110 188 2
34 113 2
27 39 2
28 98 2
9 83 2
22 154 2
79 102 2
70 122 2
8 98 2
13 87 2
87 98 2
27 50 2
0 115 2
22 28 2
111 166 1
82 96 2
22 123 1
17 89 2
7 109 2
12 98 2
17 121 2
29 119 2
36 47 2
13 49 2
73 83 2
119 198 2
81 172 2
65 74 2
89 167 2
6 61 2
56 197 2
35 67 2
40 73 2
95 96 2
109 129 2
30 44 2
58 149 2
34 58 2
18 94 2
119 192 2
113 164 2
42 80 2
30 104 2
45 68 2
101 127 1
51 134 2
83 102 2
9 24 2
83 199 2
9 51 2
12 150 2
95 113 2
33 51 2
10 13 2
38 139 2
80 82 2
4 66 2
1 45 2
40 99 2
30 32 2
98 160 2
64 150 2
90 93 2
26 191 1
82 118 2
21 87 2
53 173 2
108 166 1
34 106 2
63 68 2
21 84 2
48 167 1
5 150 2
26 35 2
108 179 2
82 137 2
18 112 2
54 120 2
25 116 2
8 194 1
40 168 1
66 128 2
38 68 2
45 191 1
22 69 2
2 117 2
74 90 2
1 13 2
56 66 2
45 107 2
48 97 2
72 122 2
26 138 1
24 141 2
17 63 2
86 106 2
62 122 1
36 91 2
56 68 2
35 102 2
66 99 2
43 149 1
106 117 2
84 115 2
7 25 2
85 138 1
85 112 2
20 129 2
70 106 2
15 72 2
88 150 2
96 100 2
107 189 2
29 108 2
63 95 2
74 109 2
46 161 1
27 69 2
94 166 2
33 155 2
51 112 2
16 24 2
9 104 2
102 105 2
5 156 2
57 123 2
14 54 2
12 114 2
81 90 2
76 118 2
65 160 1
83 183 2
90 96 2
62 167 2
17 83 2
29 57 2
3 113 2
16 174 2
17 21 2
67 174 1
40 114 2
72 88 2
87 99 2
60 69 2
66 154 2
64 81 2
46 65 2
86 151 2
32 74 2
81 167 2
76 119 2
89 99 2
68 72 2
78 163 2
56 82 2
60 100 2
116 123 1
35 58 2
15 67 2
81 182 2
118 144 2
68 79 2
10 101 2
71 142 1
26 56 2
4 60 2
77 85 2
14 177 2
21 74 2
18 44 2
51 106 2
6 110 2
37 54 2
3 71 2
12 96 2
66 80 2
86 89 2
39 82 2
22 134 1
0 181 1
61 179 2
12 102 2
56 182 2
12 71 2
20 22 2
2 57 2
37 87 2
30 59 2
3 57 2
51 79 2
35 103 2
0 127 2
66 71 2
11 190 2
35 91 2
59 121 1
17 112 2
71 98 2
27 185 1
71 72 2
90 92 2
2 92 2
1 116 2
104 192 2
32 68 2
5 48 2
110 151 1
2 31 2
12 80 2
56 85 2
52 129 2
51 193 2
20 107 2
49 67 2
7 116 2
28 173 2
75 156 2
41 67 2
16 89 2
43 44 2
118 174 1
98 121 2
88 115 2
32 119 2
41 60 2
23 37 2
11 52 2
25 144 2
34 138 2
103 105 2
109 112 2
27 161 2
45 60 2
74 120 2
67 103 2
54 170 1
45 119 2
29 54 2
2 69 2
75 196 1
9 70 2
116 164 2
107 111 2
76 186 1
27 44 2
50 130 2
44 78 2
3 80 2
11 98 2
69 104 2
13 104 2
29 181 2
33 77 2
75 86 2
68 121 1
76 82 2
38 57 2
86 193 2
81 94 2
57 174 1
13 116 2
94 105 2
31 117 2
108 157 2
78 118 2
42 93 2
48 123 2
59 159 2
60 98 2
46 70 2
9 194 2
42 94 2
54 104 2
62 64 2
21 80 2
79 164 2
53 151 2
16 21 2
104 117 2
23 45 2
34 82 2
44 45 2
76 112 2
13 70 2
71 175 2
40 62 2
5 91 2
22 136 2
114 166 1
28 174 2
95 105 2
7 122 1
19 51 2
51 189 1
56 113 2
19 40 2
20 112 2
35 90 2
8 42 2
73 186 1
47 94 2
18 25 2
99 113 2
11 114 2
11 39 2
74 106 2
119 161 1
76 109 2
16 56 2
31 107 2
12 85 2
78 80 2
109 133 2
10 81 2
25 98 2
51 191 2
74 98 2
42 169 2
41 63 2
25 73 2
3 109 2
23 64 2
44 95 2
47 141 2
13 199 1
38 115 2
50 57 2
66 143 2
24 100 2
88 197 1
34 120 2
61 97 2
85 103 2
57 69 2
19 136 2
23 147 1
17 61 2
35 62 2
60 173 2
97 101 2
79 117 2
55 112 2
46 192 2
72 95 2
75 191 2
6 109 2
52 86 2
56 93 2
7 26 2
12 169 1
114 117 2
17 159 2
56 91 2
33 114 2
8 105 2
98 102 2
116 154 2
32 167 2
113 115 2
39 47 2
50 98 2
97 187 2
22 62 2
79 132 2
6 100 2
38 124 2
27 55 2
59 124 1
29 91 2
39 103 2
5 107 2
57 67 2
15 80 2
3 75 2
88 107 2
28 142 2
22 55 2
3 194 2
72 105 2
2 26 2
7 75 2
103 135 1
92 141 2
59 81 2
90 117 2
61 70 2
84 113 2
59 100 2
6 57 2
84 99 2
33 100 2
82 176 1
22 185 2
30 97 2
3 168 2
13 77 2
13 176 1
45 153 2
6 32 2
35 105 2
22 45 2
39 122 2
10 117 2
118 183 2
55 82 2
77 107 2
52 61 2
28 39 2
37 55 2
26 119 2
72 140 1
117 148 2
8 28 2
12 97 2
77 103 2
91 197 1
117 169 2
61 84 2
65 70 2
108 188 2
81 82 2
56 99 2
1 128 2
91 94 2
15 139 2
39 61 2
55 190 2
10 26 2
25 43 2
2 65 2
7 193 2
82 88 2
13 185 1
6 27 2
75 145 2
80 171 1
33 104 2
6 60 2
3 195 2
71 195 1
58 103 2
85 162 2
13 106 2
35 57 2
3 46 2
44 68 2
107 126 2
91 152 1
6 72 2
47 51 2
52 67 2
28 51 2
57 64 2
74 188 1
28 113 2
2 93 2
2 63 2
11 51 2
67 102 2
65 88 2
3 13 2
20 198 2
5 47 2
9 92 2
68 160 2
88 116 2
23 118 2
20 21 2
40 108 2
60 109 2
61 121 2
90 128 2
27 87 2
68 180 2
57 77 2
11 166 1
83 101 2
4 38 2
43 94 2
84 190 2
18 45 2
9 198 2
115 181 2
39 146 1
42 102 2
9 45 2
7 33 2
28 82 2
24 54 2
57 180 2
67 79 2
47 83 2
10 31 2
69 123 2
24 124 1
36 184 1
14 109 2
11 65 2
58 77 2
1 195 2
45 101 2
117 144 2
10 43 2
11 185 1
61 169 2
25 103 2
99 176 1
0 44 2
72 76 2
19 77 2
61 128 2
5 32 2
37 80 2
26 36 2
60 146 2
92 116 2
84 184 2
73 74 2
20 74 2
76 137 1
93 98 2
14 186 1
5 39 2
41 97 2
50 118 2
92 113 2
64 123 2
3 112 2
14 85 2
15 56 2
57 176 1
38 67 2
39 179 1
25 71 2
73 80 2
30 68 2
13 154 1
32 177 2
91 106 2
17 139 2
61 127 2
60 84 2
68 174 2
75 139 2
62 88 2
56 129 1
63 97 2
103 109 2
2 5 2
89 98 2
45 64 2
24 181 2
39 196 2
95 191 1
57 156 1
31 80 2
39 91 2
49 55 2
44 65 2
80 183 2
0 111 2
39 63 2
7 13 2
5 67 2
99 121 1
17 52 2
4 119 2
105 106 2
32 182 2
75 88 2
37 86 2
11 26 2
21 125 2
77 176 2
51 170 1
64 121 2
47 74 2
47 77 2
23 132 2
40 48 2
73 98 2
68 99 2
0 87 2
107 114 2
17 78 2
23 40 2
93 154 1
20 32 2
15 26 2
59 146 2
52 73 2
107 132 1
63 139 1
10 12 2
27 49 2
108 139 1
51 117 2
9 188 2
111 129 1
85 97 2
48 65 2
2 88 2
1 2 2
83 165 1
43 186 2
49 169 1
78 113 2
71 187 1
61 132 1
65 149 1
90 95 2
63 108 2
19 48 2
58 99 2
28 109 2
63 71 2
65 187 2
18 194 2
16 115 2
118 125 2
109 145 2
61 75 2
4 54 2
40 86 2
18 132 1
67 107 2
64 66 2
68 134 2
93 194 2
25 175 2
37 150 2
20 118 2
62 157 2
81 107 2
12 65 2
35 100 2
79 86 2
80 105 2
37 50 2
4 113 2
57 175 2
81 122 2
13 40 2
17 119 2
35 93 2
15 45 2
8 151 1
7 76 2
35 41 2
74 89 2
58 177 1
16 36 2
23 31 2
98 99 2
74 141 1
12 46 2
49 75 2
71 112 2
38 84 2
19 62 2
46 59 2
3 10 2
17 67 2
95 115 2
16 135 1
66 175 1
62 95 2
54 194 2
65 161 1
93 141 2
9 118 2
65 113 2
57 117 2
92 129 1
50 76 2
24 26 2
20 100 2
56 196 2
78 104 2
81 102 2
3 76 2
33 60 2
75 92 2
24 114 2
3 43 2
8 24 2
53 126 1
20 152 2
30 81 2
55 81 2
19 140 2
5 97 2
82 98 2
5 152 1
45 87 2
3 18 2
116 146 2
23 129 2
21 111 2
26 27 2
0 91 2
57 159 1
31 60 2
21 57 2
42 113 2
11 64 2
67 121 2
15 82 2
2 124 2
68 78 2
21 78 2
17 85 2
28 48 2
27 46 2
66 95 2
39 83 2
27 194 2
2 42 2
50 92 2
38 78 2
39 138 1
95 114 2
58 70 2
4 112 2
75 149 1
78 79 2
59 82 2
16 67 2
114 115 2
30 57 2
54 70 2
3 102 2
8 114 2
11 108 2
52 59 2
68 82 2
20 168 2
54 159 1
10 177 1
46 68 2
51 172 2
18 85 2
50 86 2
7 21 2
17 71 2
36 67 2
88 118 2
55 156 1
111 189 2
22 38 2
57 63 2
97 196 2
11 70 2
0 150 1
102 162 1
35 59 2
74 113 2
15 97 2
116 178 2
73 124 2
9 42 2
8 39 2
35 36 2
76 114 2
22 179 2
55 95 2
25 50 2
110 117 2
30 93 2
101 103 2
98 156 1
96 112 2
4 25 2
92 115 2
14 106 2
52 97 2
22 74 2
37 101 2
90 123 2
21 121 1
0 126 1
51 199 2
56 178 2
75 106 2
60 152 1
8 140 1
114 179 2
69 102 2
73 192 2
36 86 2
29 65 2
3 22 2
53 69 2
70 94 2
73 131 2
75 114 2
46 117 2
4 19 2
28 74 2
87 93 2
31 39 2
114 119 2
88 169 2
27 93 2
84 105 2
31 175 2
0 123 2
103 106 2
35 38 2
47 160 1
59 87 2
86 95 2
62 94 2
6 137 1
56 58 2
2 101 2
53 133 2
79 112 2
111 191 2
6 175 2
64 101 2
81 164 2
49 68 2
53 94 2
14 64 2
56 64 2
77 187 1
115 177 1
17 42 2
93 186 2
49 135 2
40 104 2
42 106 2
26 160 2
56 104 2
58 122 2
40 178 2
70 93 2
56 78 2
90 196 1
91 100 2
14 18 2
110 123 2
9 16 2
101 183 2
23 152 1
8 86 2
54 89 2
92 169 2
81 93 2
24 83 2
111 188 2
74 190 2
73 78 2
90 132 2
34 116 2
20 177 1
29 100 2
38 95 2
88 155 2
41 98 2
60 103 2
98 138 1
28 86 2
47 75 2
12 73 2
34 53 2
9 107 2
14 42 2
12 93 2
68 167 2
50 117 2
27 83 2
7 161 2
20 57 2
85 170 1
73 147 2
11 181 2
4 99 2
14 44 2
77 188 2
7 118 2
93 104 2
8 75 2
79 80 2
17 72 2
13 81 2
17 74 2
1 24 2
83 99 2
103 176 2
19 53 2
107 115 2
45 116 2
3 16 2
25 185 1
73 194 2
78 117 2
16 46 2
116 160 2
27 113 2
33 69 2
59 67 2
7 58 2
82 169 2
37 62 2
116 150 1
46 144 2
90 182 1
24 94 2
29 64 2
70 145 2
37 109 2
31 57 2
52 115 2
43 68 2
60 154 2
66 88 2
72 85 2
4 110 2
37 111 2
29 135 1
44 98 2
77 130 2
48 173 1
20 49 2
83 90 2
60 99 2
47 112 2
2 55 2
85 114 2
12 164 2
34 107 2
85 104 2
41 85 2
33 81 2
49 116 2
4 98 2
17 51 2
88 103 2
33 83 2
38 93 2
11 107 2
40 101 2
9 97 2
6 66 2
17 115 2
5 101 2
73 100 2
0 50 2
6 35 2
31 47 2
32 107 2
28 197 2
62 172 2
27 68 2
93 97 2
69 147 1
60 72 2
44 77 2
56 193 2
40 85 2
26 199 1
22 41 2
18 193 1
73 75 2
44 102 2
0 166 2
16 199 2
32 95 2
63 64 2
3 148 1
23 116 2
68 138 2
23 47 2
76 111 2
50 102 2
66 86 2
5 15 2
46 175 2
20 41 2
27 88 2
86 109 2
81 173 2
50 165 2
9 12 2
36 118 2
46 136 2
16 186 2
42 74 2
30 193 2
0 67 2
110 122 2
20 66 2
67 111 2
23 181 1
106 126 2
58 180 2
79 95 2
13 75 2
63 73 2
7 35 2
66 146 2
71 81 2
3 20 2
50 69 2
74 151 2
17 158 2
37 92 2
37 68 2
49 118 2
118 128 2
47 113 2
40 142 2
99 190 2
62 132 1
25 111 2
56 73 2
2 21 2
43 104 2
39 137 1
60 119 2
92 108 2
25 34 2
27 101 2
7 178 2
11 105 2
6 44 2
78 188 1
116 162 2
1 135 1
49 93 2
118 130 2
105 115 2
20 75 2
49 85 2
18 54 2
33 54 2
12 52 2
30 113 2
67 158 2
106 121 2
3 178 2
24 142 2
8 71 2
81 133 1
60 116 2
28 87 2
2 27 2
4 7 2
1 46 2
55 87 2
25 91 2
74 85 2
63 79 2
11 12 2
50 143 2
18 23 2
12 184 2
10 104 2
7 69 2
7 12 2
31 50 2
9 39 2
39 131 1
21 198 1
36 133 1
88 94 2
22 23 2
31 111 2
41 65 2
36 168 2
0 114 2
11 33 2
22 63 2
3 191 2
20 72 2
79 175 2
82 136 1
9 25 2
37 94 2
15 111 2
63 165 2
20 197 1
104 132 2
3 39 2
29 101 2
56 95 2
65 106 2
35 44 2
10 61 2
49 106 2
29 77 2
25 47 2
41 116 2
103 108 2
43 72 2
113 119 2
65 76 2
4 12 2
38 81 2
61 88 2
16 28 2
0 58 2
49 129 1
4 134 2
4 72 2
2 192 2
90 164 2
97 111 2
17 55 2
33 75 2
32 115 2
50 53 2
29 199 2
5 77 2
82 168 2
42 194 2
96 117 2
63 170 2
14 89 2
70 116 2
0 100 2
58 65 2
116 181 1
16 49 2
38 40 2
55 106 2
38 176 1
28 59 2
89 111 2
16 63 2
10 35 2
101 112 2
59 60 2
6 105 2
74 118 2
10 119 2
79 135 2
91 96 2
12 75 2
57 137 2
2 43 2
15 101 2
4 108 2
0 72 2
84 91 2
59 107 2
115 130 1
38 98 2
102 117 2
55 75 2
36 106 2
1 26 2
50 158 2
66 119 2
112 121 2
34 72 2
47 171 2
60 92 2
18 126 1
79 101 2
63 74 2
23 195 2
54 111 2
9 186 1
16 122 2
111 114 2
103 117 2
24 70 2
106 133 1
52 66 2
54 146 2
91 194 2
52 100 2
55 104 2
11 174 2
79 105 2
62 99 2
57 82 2
30 66 2
0 19 2
54 77 2
14 92 2
108 118 2
110 137 2
52 64 2
26 42 2
11 40 2
17 19 2
104 194 2
52 72 2
45 131 1
84 110 2
27 74 2
42 117 2
68 140 2
99 131 2
6 99 2
82 112 2
68 106 2
105 140 2
0 116 2
0 82 2
3 104 2
26 94 2
50 152 1
24 97 2
39 95 2
72 87 2
89 105 2
14 78 2
40 67 2
36 37 2
76 90 2
6 25 2
66 96 2
14 46 2
30 102 2
55 114 2
73 82 2
9 78 2
11 184 2
8 35 2
79 113 2
37 136 2
18 63 2
40 89 2
98 199 2
61 103 2
64 88 2
51 87 2
9 74 2
103 197 1
28 81 2
46 188 1
91 115 2
82 108 2
50 145 1
14 30 2
49 82 2
108 114 2
87 119 2
88 154 2
30 116 2
27 131 2
18 156 2
14 80 2
45 70 2
7 43 2
104 169 2
37 118 2
5 112 2
22 60 2
21 68 2
16 43 2
48 96 2
94 107 2
77 86 2
20 145 2
46 100 2
73 126 2
19 54 2
65 78 2
0 124 2
19 179 2
82 106 2
91 111 2
47 137 2
56 88 2
101 163 2
19 105 2
50 54 2
103 118 2
35 85 2
89 175 2
94 139 2
90 158 1
87 144 2
53 101 2
66 136 2
66 153 2
111 118 2
17 22 2
49 63 2
6 168 1
64 114 2
81 116 2
83 97 2
74 152 2
30 77 2
25 45 2
49 60 2
2 162 1
12 191 2
5 83 2
69 120 1
60 124 1
56 60 2
10 51 2
35 95 2
25 61 2
106 170 2
5 75 2
71 140 2
42 82 2
57 74 2
67 100 2
10 41 2
63 111 2
23 186 1
17 81 2
106 116 2
97 151 2
3 153 2
21 43 2
45 112 2
88 104 2
54 93 2
18 147 2
24 118 2
22 33 2
95 161 2
59 74 2
14 55 2
71 85 2
15 70 2
108 145 1
13 29 2
70 87 2
45 120 2
12 84 2
65 100 2
89 107 2
63 83 2
30 143 2
56 165 2
6 153 1
24 74 2
27 115 2
27 90 2
15 38 2
42 54 2
53 114 2
11 154 1
3 50 2
16 83 2
31 102 2
19 123 2
7 99 2
71 181 2
34 59 2
64 154 2
23 60 2
47 66 2
5 12 2
34 150 2
29 37 2
78 180 2
31 162 2
53 199 2
56 101 2
37 130 2
119 129 1
9 61 2
22 107 2
45 104 2
8 69 2
0 33 2
51 126 1
5 57 2
47 100 2
12 22 2
91 107 2
63 81 2
45 183 2
26 188 1
69 115 2
62 174 2
76 117 2
3 163 1
33 42 2
113 165 1
8 94 2
30 127 1
15 115 2
5 58 2
69 80 2
96 173 2
114 177 2
1 12 2
31 116 2
22 97 2
80 83 2
83 137 1
41 90 2
53 54 2
39 101 2
56 109 2
62 80 2
18 84 2
92 179 1
73 89 2
50 173 2
24 144 2
106 155 2
79 96 2
15 65 2
14 52 2
8 93 2
80 155 1
80 97 2
45 69 2
25 55 2
4 131 1
75 90 2
72 155 2
19 101 2
54 80 2
67 117 2
0 47 2
104 179 2
59 181 2
51 114 2
19 96 2
42 61 2
62 86 2
9 66 2
113 194 2
8 141 2
101 175 1
58 139 1
67 160 2
10 100 2
1 16 2
7 180 2
84 95 2
47 111 2
76 95 2
66 109 2
1 91 2
1 22 2
95 118 2
62 103 2
22 47 2
50 113 2
39 96 2
0 53 2
62 87 2
13 21 2
56 119 2
75 155 1
93 134 1
42 99 2
24 99 2
46 86 2
56 59 2
15 105 2
61 77 2
8 36 2
117 122 1
6 96 2
89 117 2
27 32 2
63 84 2
61 184 2
12 16 2
4 49 2
79 107 2
13 84 2
22 42 2
17 177 2
60 111 2
16 88 2
102 156 1
66 108 2
68 98 2
8 115 2
72 89 2
53 150 2
47 82 2
15 176 2
62 77 2
41 112 2
84 93 2
46 107 2
97 123 2
22 57 2
16 48 2
33 40 2
7 78 2
16 130 1
22 116 2
79 155 2
94 100 2
6 9 2
99 111 2
16 165 2
16 22 2
101 166 1
87 159 2
52 80 2
4 105 2
75 177 2
48 152 2
18 108 2
22 65 2
15 64 2
9 81 2
18 110 2
17 114 2
28 133 1
96 108 2
8 26 2
17 48 2
81 100 2
49 78 2
88 119 2
29 182 1
1 119 2
31 192 2
101 153 2
77 184 2
33 116 2
66 98 2
38 56 2
70 97 2
85 136 1
12 107 2
44 106 2
75 146 2
1 102 2
24 158 2
42 135 1
106 139 2
61 89 2
11 36 2
102 113 2
12 70 2
76 155 1
26 143 1
50 151 2
8 30 2
52 92 2
29 83 2
6 102 2
33 59 2
69 118 2
59 150 2
16 105 2
30 55 2
44 174 2
51 121 2
22 94 2
35 158 1
32 194 2
60 151 2
28 52 2
11 71 2
24 50 2
6 33 2
9 158 2
54 121 2
12 148 2
111 190 2
53 86 2
13 38 2
68 152 2
27 38 2
37 106 2
74 158 2
21 37 2
108 180 2
22 110 2
69 84 2
55 61 2
61 112 2
117 179 1
22 24 2
63 129 1
18 59 2
35 66 2
119 174 2
75 95 2
7 79 2
16 182 2
6 169 1
35 53 2
1 15 2
83 186 1
71 82 2
62 152 1
34 183 2
54 96 2
71 119 2
87 142 2
36 61 2
26 52 2
1 83 2
18 41 2
28 67 2
11 27 2
1 96 2
11 83 2
39 112 2
34 86 2
89 108 2
54 103 2
51 83 2
39 89 2
33 113 2
23 171 2
18 93 2
49 117 2
115 164 2
23 135 2
60 171 2
36 109 2
6 95 2
35 96 2
49 92 2
32 111 2
16 85 2
102 159 1
19 115 2
11 160 2
21 56 2
64 106 2
43 114 2
33 118 2
70 113 2
18 56 2
25 56 2
45 115 2
27 61 2
78 153 1
53 198 2
17 29 2
4 79 2
21 55 2
3 114 2
38 60 2
19 30 2
61 111 2
0 132 1
34 66 2
83 161 1
98 191 2
10 103 2
82 102 2
78 116 2
7 98 2
71 103 2
49 195 1
74 126 2
99 100 2
54 73 2
3 100 2
16 195 2
8 159 2
26 81 2
28 164 2
51 111 2
0 55 2
25 49 2
65 162 2
19 114 2
34 61 2
44 72 2
68 185 2
66 151 1
6 55 2
17 190 1
80 112 2
31 99 2
88 100 2
40 150 1
82 119 2
2 184 2
69 109 2
71 106 2
50 83 2
20 196 1
43 52 2
32 188 2
34 79 2
0 157 1
45 91 2
8 67 2
67 91 2
74 91 2
115 174 2
98 106 2
118 131 2
42 48 2
0 103 2
66 139 1
62 109 2
2 105 2
3 9 2
75 105 2
99 109 2
101 114 2
86 133 2
66 92 2
18 140 2
57 119 2
6 39 2
39 98 2
96 114 2
84 118 2
16 96 2
4 92 2
20 30 2
79 178 2
26 149 2
21 23 2
47 129 2
18 72 2
27 30 2
14 175 1
66 126 1
23 83 2
44 53 2
49 57 2
71 113 2
22 103 2
45 90 2
104 108 2
34 121 2
112 194 1
30 91 2
30 122 2
46 101 2
38 165 1
19 107 2
32 77 2
57 114 2
5 38 2
10 36 2
52 88 2
31 130 2
32 41 2
116 117 2
40 51 2
46 197 2
20 61 2
2 50 2
60 101 2
33 92 2
83 124 2
76 108 2
59 96 2
97 110 2
3 62 2
25 88 2
83 135 1
70 104 2
70 169 1
36 56 2
26 89 2
36 72 2
48 50 2
15 61 2
7 41 2
79 82 2
36 64 2
32 196 2
22 145 2
109 116 2
52 69 2
0 51 2
22 111 2
54 152 2
84 167 1
0 4 2
4 53 2
81 96 2
70 152 1
88 89 2
59 62 2
33 139 2
102 157 2
10 49 2
61 195 2
22 58 2
79 85 2
95 176 2
64 173 2
107 119 2
96 193 2
32 106 2
7 168 2
40 76 2
20 102 2
71 163 2
1 6 2
60 115 2
45 92 2
92 181 1
24 91 2
8 54 2
85 92 2
37 117 2
36 50 2
76 194 2
14 29 2
24 28 2
25 46 2
21 94 2
100 110 2
36 44 2
43 82 2
71 110 2
67 133 2
12 118 2
53 190 1
21 130 1
56 94 2
65 117 2
29 56 2
56 80 2
49 66 2
47 64 2
59 85 2
56 87 2
116 152 2
57 106 2
53 72 2
43 105 2
69 125 2
32 65 2
61 65 2
87 188 1
71 97 2
13 91 2
102 109 2
54 113 2
54 85 2
40 79 2
50 75 2
26 95 2
4 15 2
107 109 2
32 93 2
80 142 1
8 27 2
44 170 2
17 197 2
98 108 2
20 153 2
27 134 1
46 170 2
53 107 2
17 187 1
87 107 2
25 153 2
6 30 2
40 93 2
12 56 2
36 99 2
79 93 2
4 117 2
86 103 2
5 6 2
13 118 2
39 85 2
5 9 2
98 117 2
81 101 2
43 181 2
98 157 1
51 135 2
99 144 1
32 75 2
44 63 2
18 89 2
45 118 2
34 99 2
93 131 1
63 103 2
23 42 2
74 95 2
3 165 1
12 119 2
14 90 2
55 109 2
92 96 2
37 84 2
82 194 2
23 185 1
31 118 2
64 93 2
18 35 2
111 148 1
94 109 2
14 25 2
86 191 1
25 68 2
60 97 2
22 67 2
16 179 2
111 164 2
5 198 2
21 36 2
21 85 2
52 107 2
27 82 2
24 151 1
38 41 2
81 157 2
1 109 2
23 36 2
61 82 2
12 40 2
71 96 2
67 155 2
8 17 2
69 97 2
75 133 2
55 79 2
71 78 2
80 114 2
4 56 2
31 161 2
86 96 2
92 177 2
46 134 1
7 141 2
9 82 2
98 166 2
22 44 2
104 183 2
5 197 2
60 150 1
106 173 2
58 146 1
2 169 1
40 165 2
26 184 2
70 77 2
91 159 1
99 103 2
35 51 2
27 116 2
19 72 2
16 196 2
109 132 1
39 45 2
41 118 2
73 97 2
2 24 2
4 94 2
46 89 2
70 81 2
28 153 2
105 138 2
0 59 2
69 70 2
57 135 1
104 158 2
76 135 2
91 167 1
27 98 2
17 166 1
32 61 2
31 49 2
13 96 2
51 176 1
80 110 2
47 78 2
69 107 2
72 119 2
44 152 2
5 102 2
48 55 2
18 92 2
42 59 2
92 103 2
5 89 2
16 27 2
46 69 2
22 101 2
87 160 1
90 119 2
25 42 2
106 180 1
19 66 2
76 83 2
11 173 2
56 61 2
28 47 2
49 152 2
49 70 2
50 114 2
10 30 2
3 38 2
28 76 2
93 192 2
67 86 2
10 144 2
53 175 2
40 90 2
25 96 2
29 80 2
10 183 2
23 163 2
48 62 2
1 107 2
57 181 1
47 158 2
114 145 2
101 115 2
22 75 2
31 37 2
85 191 2
19 21 2
23 74 2
23 178 1
11 69 2
23 62 2
5 109 2
24 194 1
30 114 2
82 116 2
110 182 2
96 113 2
18 57 2
48 83 2
3 42 2
50 156 2
12 104 2
27 53 2
29 63 2
29 146 2
19 34 2
1 44 2
42 181 2
65 110 2
58 129 1
26 118 2
22 114 2
17 137 2
4 14 2
23 70 2
91 122 2
19 31 2
2 135 1
37 113 2
79 165 2
30 128 1
18 68 2
39 188 2
45 78 2
11 49 2
99 112 2
40 83 2
67 70 2
11 66 2
4 118 2
30 70 2
46 74 2
29 70 2
24 65 2
38 49 2
22 175 1
66 73 2
25 44 2
46 62 2
92 170 1
90 104 2
43 106 2
73 77 2
13 82 2
42 115 2
22 142 2
54 78 2
65 186 2
35 144 1
9 87 2
27 77 2
74 94 2
16 55 2
56 118 2
66 115 2
102 142 2
73 129 1
42 53 2
5 179 2
95 109 2
5 22 2
54 110 2
25 80 2
14 38 2
70 142 1
55 97 2
9 31 2
8 49 2
68 130 1
71 104 2
9 26 2
41 133 1
45 138 2
5 199 2
21 22 2
67 182 1
24 61 2
52 197 2
67 98 2
11 100 2
32 40 2
4 59 2
42 107 2
42 84 2
18 75 2
70 160 2
14 72 2
79 91 2
5 16 2
15 112 2
12 111 2
54 190 2
10 46 2
22 77 2
58 117 2
29 55 2
36 42 2
17 195 2
33 153 2
62 123 1
85 132 2
36 60 2
113 143 2
67 73 2
19 63 2
56 198 1
91 119 2
9 139 2
20 93 2
24 29 2
42 51 2
24 196 2
103 190 2
34 88 2
46 121 2
110 164 2
15 138 1
79 199 2
119 140 1
15 18 2
60 68 2
72 149 1
7 134 2
20 25 2
41 49 2
14 102 2
108 164 2
67 110 2
2 28 2
55 78 2
39 153 2
63 177 2
6 54 2
1 76 2
4 142 1
74 102 2
10 25 2
23 119 2
65 129 2
101 118 2
75 198 2
76 97 2
32 34 2
2 44 2
70 78 2
44 123 1
9 53 2
107 164 2
82 163 2
49 111 2
6 88 2
31 35 2
35 115 2
50 58 2
38 97 2
54 102 2
1 110 2
53 80 2
96 109 2
80 161 2
29 192 2
29 58 2
85 195 2
43 56 2
8 89 2
76 85 2
20 35 2
29 39 2
75 183 1
14 31 2
45 100 2
63 88 2
9 114 2
44 73 2
16 113 2
76 102 2
12 83 2
104 160 1
94 113 2
48 81 2
40 175 2
88 129 1
40 81 2
11 31 2
72 80 2
42 79 2
59 139 2
41 108 2
31 195 1
96 116 2
4 69 2
7 31 2
45 65 2
99 119 2
68 186 2
61 83 2
72 152 2
57 90 2
84 92 2
4 26 2
62 98 2
14 119 2
14 88 2
104 157 1
118 147 2
84 162 2
93 117 2
16 119 2
26 88 2
31 199 2
71 105 2
116 193 2
69 94 2
74 100 2
15 28 2
9 27 2
2 71 2
73 90 2
83 85 2
6 15 2
63 72 2
26 49 2
35 84 2
17 66 2
75 159 1
24 199 1
66 114 2
10 188 2
1 72 2
54 61 2
29 118 2
43 117 2
50 99 2
72 115 2
4 97 2
43 92 2
22 91 2
49 192 2
3 118 2
30 111 2
3 90 2
102 164 2
26 103 2
15 85 2
55 83 2
50 101 2
68 155 2
55 194 2
79 120 2
26 77 2
79 104 2
10 113 2
58 115 2
51 82 2
15 173 1
30 99 2
89 97 2
0 119 2
17 82 2
16 20 2
34 49 2
18 152 1
17 118 2
61 71 2
38 100 2
66 156 2
86 117 2
86 118 2
11 63 2
10 50 2
13 20 2
2 38 2
89 94 2
43 73 2
44 171 1
37 51 2
73 101 2
66 145 1
55 76 2
39 46 2
28 89 2
77 190 2
87 115 2
22 79 2
77 113 2
0 1 2
40 69 2
44 130 1
92 110 2
86 107 2
7 82 2
41 78 2
20 79 2
49 65 2
82 97 2
55 56 2
52 130 1
20 39 2
7 18 2
39 79 2
74 136 2
4 102 2
51 81 2
57 79 2
4 77 2
79 156 1
86 119 2
88 120 1
69 151 1
15 24 2
2 36 2
13 94 2
7 91 2
87 109 2
75 85 2
86 195 2
92 118 2
28 85 2
19 86 2
19 23 2
14 62 2
42 111 2
44 155 2
13 59 2
85 192 1
22 59 2
50 144 1
118 146 1
48 92 2
5 41 2
15 19 2
41 61 2
24 89 2
32 63 2
4 178 1
47 72 2
58 66 2
106 137 2
20 98 2
46 90 2
44 134 2
82 99 2
3 83 2
18 38 2
11 46 2
75 142 2
12 29 2
8 58 2
12 170 1
15 44 2
90 167 2
47 188 2
59 103 2
38 74 2
16 148 1
31 92 2
44 69 2
5 13 2
83 129 1
59 120 2
114 147 2
50 175 2
93 105 2
68 86 2
56 74 2
24 43 2
98 188 2
4 24 2
31 90 2
33 117 2
28 96 2
65 103 2
40 199 2
2 90 2
83 93 2
17 56 2
13 119 2
45 73 2
13 95 2
6 16 2
2 81 2
55 64 2
9 155 2
92 95 2
96 126 2
29 130 2
53 95 2
59 158 2
48 168 1
9 50 2
27 29 2
41 170 1
45 80 2
3 15 2
43 139 2
89 96 2
85 117 2
9 91 2
5 119 2
29 92 2
51 173 2
37 93 2
32 86 2
5 92 2
33 91 2
59 72 2
1 70 2
76 130 1
91 140 2
116 180 2
32 110 2
48 54 2
52 90 2
47 120 1
8 113 2
23 26 2
87 104 2
13 14 2
48 108 2
54 65 2
40 70 2
76 94 2
83 144 2
71 73 2
10 190 2
18 86 2
43 61 2
77 112 2
107 155 2
22 50 2
53 156 2
41 92 2
65 104 2
78 173 2
77 168 2
47 182 2
36 59 2
78 90 2
41 89 2
6 31 2
44 148 2
15 54 2
77 95 2
43 78 2
35 104 2
10 109 2
100 126 2
64 84 2
4 43 2
42 110 2
42 119 2
15 46 2
81 117 2
84 182 1
59 117 2
14 117 2
1 43 2
35 113 2
87 171 2
3 196 1
52 78 2
18 80 2
90 163 1
42 44 2
69 100 2
63 90 2
2 155 2
111 178 2
79 111 2
1 51 2
52 113 2
95 129 2
21 38 2
104 113 2
19 102 2
73 165 2
4 194 2
28 199 1
65 127 1
4 106 2
7 44 2
8 78 2
20 108 2
76 147 2
18 100 2
32 102 2
67 113 2
62 166 2
7 167 2
109 146 2
6 52 2
20 114 2
92 94 2
8 111 2
30 69 2
45 50 2
68 166 2
15 177 1
9 76 2
116 148 1
21 109 2
9 105 2
108 144 2
69 110 2
18 91 2
39 74 2
7 93 2
13 191 2
111 171 1
32 88 2
44 197 1
67 96 2
54 83 2
114 169 2
50 179 2
42 89 2
82 144 2
1 31 2
61 64 2
8 47 2
16 94 2
34 93 2
18 64 2
29 89 2
110 190 1
9 69 2
7 30 2
4 128 1
5 71 2
45 113 2
7 173 2
20 70 2
117 137 2
40 100 2
74 81 2
16 61 2
15 39 2
83 190 2
23 134 2
41 163 2
31 64 2
35 107 2
65 67 2
26 31 2
75 87 2
97 112 2
1 42 2
106 125 1
87 125 2
53 122 2
36 119 2
112 120 2
65 92 2
37 65 2
76 199 2
6 63 2
6 154 1
89 106 2
9 157 2
69 81 2
5 65 2
3 63 2
25 79 2
33 64 2
58 82 2
17 58 2
68 104 2
22 35 2
15 21 2
44 149 2
43 76 2
18 81 2
17 138 2
53 100 2
10 98 2
49 52 2
75 111 2
41 46 2
34 100 2
117 124 2
46 76 2
20 115 2
8 11 2
78 142 2
49 168 2
13 15 2
87 91 2
108 115 2
15 59 2
22 31 2
24 67 2
67 171 2
91 185 2
53 93 2
65 133 2
23 78 2
60 63 2
62 92 2
38 113 2
22 73 2
46 189 1
79 110 2
14 94 2
35 142 2
16 41 2
78 187 2
30 38 2
26 169 1
90 105 2
7 24 2
65 119 2
47 52 2
44 117 2
52 172 1
39 113 2
44 93 2
64 118 2
3 65 2
75 163 1
58 76 2
62 151 2
45 77 2
29 88 2
107 124 1
12 90 2
97 103 2
4 164 2
27 111 2
76 77 2
34 60 2
2 85 2
28 54 2
24 134 2
93 114 2
24 36 2
84 187 2
23 59 2
40 97 2
31 34 2
17 120 2
19 82 2
84 119 2
50 91 2
102 187 2
72 185 1
0 192 2
41 70 2
48 115 2
100 198 2
41 45 2
33 109 2
91 117 2
29 122 2
12 59 2
74 167 2
54 82 2
3 110 2
15 78 2
67 75 2
22 64 2
80 119 2
68 181 2
89 100 2
93 95 2
55 110 2
44 92 2
55 88 2
25 97 2
26 117 2
52 184 2
64 157 1
17 107 2
4 88 2
0 66 2
112 116 2
28 112 2
41 167 1
44 150 2
22 147 1
35 54 2
84 120 1
39 115 2
2 130 1
107 194 2
24 32 2
8 62 2
43 49 2
92 106 2
8 187 2
71 153 2
47 91 2
14 22 2
75 104 2
14 95 2
39 77 2
70 100 2
4 41 2
109 197 2
32 87 2
38 151 1
16 31 2
26 53 2
76 100 2
18 119 2
58 98 2
52 93 2
51 178 2
24 85 2
49 73 2
0 37 2
54 125 2
37 91 2
32 51 2
3 117 2
1 49 2
86 94 2
10 33 2
10 34 2
23 85 2
99 156 1
12 13 2
12 51 2
13 110 2
57 172 1
97 106 2
17 116 2
4 172 2
105 109 2
7 187 2
2 152 2
1 62 2
70 196 2
88 108 2
38 175 2
35 78 2
9 43 2
35 81 2
48 69 2
33 103 2
80 180 2
70 117 2
13 86 2
54 68 2
115 168 2
12 72 2
4 40 2
18 47 2
65 94 2
57 71 2
116 163 2
66 87 2
4 73 2
36 142 2
12 109 2
65 178 1
38 39 2
50 197 2
26 46 2
50 70 2
36 153 2
24 92 2
14 17 2
15 171 2
18 36 2
23 73 2
59 136 2
80 102 2
45 85 2
6 67 2
94 116 2
84 148 2
118 197 2
41 72 2
115 183 1
30 98 2
52 65 2
30 47 2
114 149 1
42 72 2
55 74 2
87 193 2
112 175 2
54 130 2
17 103 2
43 190 1
75 197 2
59 68 2
88 112 2
13 64 2
31 54 2
2 89 2
12 55 2
118 148 2
82 174 2
52 76 2
87 108 2
59 98 2
18 22 2
45 157 2
55 153 2
8 189 2
62 68 2
21 40 2
12 68 2
8 92 2
84 197 2
80 86 2
28 53 2
1 105 2
73 178 2
79 88 2
66 82 2
62 135 2
6 46 2
34 196 2
67 94 2
28 43 2
5 176 2
42 150 2
29 71 2
52 198 1
28 78 2
74 84 2
76 105 2
23 69 2
1 3 2
101 184 1
91 198 2
69 108 2
82 109 2
17 191 2
0 107 2
16 34 2
17 104 2
10 22 2
110 115 2
37 60 2
9 56 2
66 112 2
24 80 2
87 131 2
53 88 2
5 51 2
59 106 2
29 69 2
11 44 2
39 88 2
14 47 2
12 91 2
30 61 2
21 64 2
25 75 2
34 51 2
72 170 2
15 29 2
67 84 2
58 87 2
34 142 2
27 63 2
76 140 1
13 44 2
87 177 1
42 57 2
50 94 2
22 46 2
16 169 2
33 95 2
0 17 2
28 69 2
0 29 2
7 17 2
28 44 2
91 97 2
8 10 2
10 79 2
0 30 2
0 21 2
57 84 2
63 100 2
70 159 2
37 89 2
26 90 2
13 101 2
42 69 2
115 184 2
44 156 2
50 90 2
7 81 2
4 82 2
73 159 2
10 70 2
105 173 1
7 66 2
21 105 2
76 139 2
94 102 2
43 184 1
60 76 2
80 177 2
68 74 2
108 120 2
68 83 2
9 72 2
5 18 2
53 87 2
37 72 2
95 165 1
84 166 2
55 90 2
52 109 2
65 151 1
49 53 2
38 186 2
26 48 2
111 116 2
68 151 1
42 60 2
24 33 2
11 56 2
3 12 2
105 108 2
79 114 2
12 41 2
47 136 2
3 4 2
52 175 1
68 103 2
5 64 2
71 116 2
81 84 2
65 154 2
31 78 2
34 115 2
20 104 2
3 66 2
6 86 2
83 160 2
25 195 2
98 169 2
56 169 2
54 79 2
18 96 2
27 52 2
57 97 2
113 188 2
1 98 2
57 170 2
18 199 1
33 171 1
65 75 2
19 113 2
14 23 2
43 50 2
6 73 2
39 136 1
76 96 2
31 157 1
7 50 2
53 105 2
110 135 2
6 75 2
6 141 2
38 105 2
77 154 1
89 101 2
82 95 2
36 112 2
48 86 2
85 171 2
60 74 2
102 184 1
9 111 2
36 83 2
10 65 2
30 108 2
110 129 2
13 107 2
62 195 2
98 101 2
81 112 2
45 81 2
81 171 2
86 90 2
115 157 1
12 180 1
47 93 2
10 53 2
28 84 2
17 173 2
64 136 2
32 84 2
86 88 2
32 163 1
88 98 2
3 89 2
42 68 2
18 61 2
97 126 2
8 85 2
80 104 2
37 115 2
40 121 1
38 155 1
82 139 1
84 186 1
20 122 2
108 196 2
56 97 2
61 73 2
62 112 2
22 86 2
25 84 2
18 107 2
3 29 2
6 177 1
93 111 2
100 102 2
86 112 2
98 189 1
85 165 2
28 49 2
7 144 2
10 39 2
70 188 1
39 44 2
3 158 1
43 79 2
23 107 2
54 84 2
63 106 2
58 194 1
114 118 2
37 69 2
50 68 2
13 93 2
47 181 1
66 79 2
58 102 2
1 126 1
7 92 2
109 186 1
17 136 2
68 70 2
43 91 2
60 131 1
89 113 2
24 75 2
102 173 2
77 90 2
2 20 2
72 187 2
89 95 2
73 163 2
17 111 2
39 190 2
90 193 2
13 45 2
9 38 2
86 173 2
42 50 2
33 158 1
44 107 2
66 113 2
18 55 2
65 68 2
47 92 2
103 113 2
22 130 1
33 41 2
78 110 2
72 77 2
2 77 2
51 104 2
76 91 2
90 136 2
24 38 2
5 74 2
98 100 2
10 110 2
30 87 2
8 53 2
2 118 2
60 175 2
9 103 2
38 54 2
42 120 1
26 112 2
105 156 2
68 100 2
16 30 2
6 101 2
73 84 2
33 106 2
31 96 2
43 196 2
11 104 2
28 68 2
117 167 2
38 85 2
61 105 2
4 84 2
28 97 2
71 115 2
10 75 2
1 89 2
103 130 1
77 109 2
26 61 2
23 117 2
97 132 1
11 85 2
47 105 2
46 87 2
5 96 2
45 82 2
18 37 2
16 60 2
61 93 2
23 68 2
4 13 2
83 171 1
30 33 2
37 96 2
87 189 1
30 100 2
36 68 2
41 145 1
13 65 2
11 119 2
6 22 2
26 45 2
44 112 2
103 129 1
53 79 2
28 31 2
9 181 2
8 95 2
80 98 2
80 103 2
17 36 2
27 71 2
33 63 2
77 191 2
8 33 2
1 55 2
30 112 2
31 97 2
73 81 2
82 105 2
55 158 2
49 95 2
61 76 2
38 91 2
56 141 2
42 75 2
71 191 2
39 62 2
104 165 1
10 99 2
10 80 2
47 104 2
5 76 2
9 22 2
61 99 2
20 44 2
30 62 2
9 112 2
65 116 2
22 56 2
53 181 1
89 115 2
11 110 2
42 101 2
2 54 2
88 128 2
103 153 2
0 61 2
104 168 2
1 148 1
61 129 2
45 86 2
34 114 2
49 112 2
57 124 1
1 115 2
56 92 2
31 53 2
29 133 2
25 78 2
22 92 2
30 43 2
107 158 2
55 154 2
75 165 1
15 127 2
55 105 2
21 176 1
53 193 1
0 143 2
10 21 2
5 37 2
60 105 2
33 86 2
45 176 2
23 55 2
20 46 2
40 167 1
37 61 2
104 186 2
34 64 2
48 84 2
109 180 1
24 87 2
31 123 1
30 150 2
33 56 2
0 88 2
43 66 2
54 119 2
91 190 1
37 85 2
84 169 2
16 95 2
15 191 2
48 175 1
43 45 2
2 10 2
13 67 2
60 192 2
59 93 2
53 119 2
2 68 2
76 81 2
23 66 2
43 145 2
8 25 2
15 47 2
57 94 2
0 73 2
7 97 2
22 49 2
41 101 2
4 37 2
59 73 2
117 147 2
60 78 2
65 198 2
59 80 2
3 6 2
86 132 2
61 85 2
85 109 2
13 139 2
79 84 2
46 61 2
20 96 2
3 99 2
30 58 2
53 57 2
1 59 2
69 96 2
10 86 2
28 106 2
50 77 2
51 85 2
89 122 1
14 33 2
46 114 2
7 61 2
50 105 2
8 88 2
56 116 2
40 190 1
51 101 2
23 71 2
65 108 2
35 64 2
108 116 2
84 192 1
9 57 2
12 24 2
2 23 2
3 56 2
110 131 2
101 102 2
8 81 2
75 84 2
114 140 2
19 39 2
20 23 2
42 192 2
54 101 2
49 71 2
31 83 2
79 94 2
26 178 1
40 75 2
30 120 2
12 100 2
53 102 2
64 69 2
2 73 2
51 67 2
55 84 2
8 22 2
66 116 2
39 58 2
53 125 2
45 134 1
52 77 2
65 81 2
19 89 2
89 146 2
17 79 2
17 108 2
10 87 2
89 91 2
11 23 2
21 103 2
84 136 2
10 122 2
22 39 2
46 48 2
1 129 2
80 191 2
63 179 2
87 101 2
4 96 2
0 161 1
18 74 2
3 93 2
21 92 2
71 79 2
99 175 2
97 122 1
3 161 2
19 52 2
13 73 2
99 105 2
3 103 2
21 170 2
46 116 2
94 95 2
52 106 2
77 167 1
117 194 2
74 117 2
33 94 2
76 92 2
29 156 1
33 162 1
48 61 2
63 75 2
2 19 2
59 65 2
39 87 2
57 133 2
65 139 1
76 120 1
52 71 2
19 22 2
39 48 2
59 105 2
69 139 2
26 92 2
4 20 2
59 109 2
47 63 2
32 36 2
11 88 2
1 158 1
50 67 2
25 177 1
16 81 2
51 153 2
24 56 2
62 96 2
107 161 2
111 115 2
4 114 2
72 108 2
69 90 2
36 189 1
36 141 1
68 101 2
62 69 2
68 199 2
52 158 1
21 117 2
63 190 1
47 150 2
23 57 2
19 117 2
42 141 1
2 7 2
63 92 2
70 177 2
53 155 2
28 114 2
1 67 2
105 116 2
28 63 2
45 62 2
76 116 2
10 128 2
12 186 2
93 170 2
43 86 2
31 141 1
15 53 2
85 111 2
25 60 2
96 111 2
34 166 2
41 127 1
96 195 2
71 87 2
26 173 2
15 52 2
63 70 2
86 120 2
64 100 2
78 112 2
36 105 2
71 166 2
38 87 2
76 136 2
70 110 2
33 76 2
19 57 2
61 67 2
99 110 2
55 89 2
28 45 2
44 50 2
57 191 1
72 79 2
79 116 2
24 81 2
8 190 2
51 109 2
4 140 1
62 101 2
31 155 1
5 164 2
41 184 2
47 79 2
77 82 2
112 181 1
97 170 2
18 65 2
16 87 2
11 47 2
28 94 2
23 197 2
88 96 2
90 91 2
40 141 2
81 103 2
69 75 2
72 199 2
21 59 2
63 128 2
34 55 2
25 81 2
103 125 2
71 94 2
0 26 2
55 169 2
55 62 2
72 74 2
50 96 2
40 65 2
34 110 2
68 163 2
5 111 2
89 121 1
49 107 2
83 156 2
56 115 2
68 116 2
59 90 2
14 113 2
24 138 1
98 150 2
62 63 2
64 115 2
29 51 2
71 117 2
63 89 2
39 49 2
30 138 1
21 34 2
107 108 2
61 106 2
63 112 2
109 163 2
77 84 2
63 96 2
42 114 2
44 101 2
26 72 2
17 41 2
78 170 1
2 104 2
109 171 2
98 173 2
75 110 2
109 127 2
90 97 2
52 84 2
19 80 2
11 84 2
86 158 1
63 161 1
31 85 2
41 113 2
99 102 2
35 149 2
66 159 2
78 171 2
78 193 1
13 92 2
16 104 2
88 102 2
86 97 2
20 82 2
29 90 2
115 117 2
119 155 2
35 87 2
44 110 2
112 146 2
95 111 2
6 103 2
70 156 2
46 104 2
6 43 2
16 37 2
31 109 2
115 162 1
33 82 2
63 80 2
86 91 2
78 114 2
82 120 1
4 61 2
17 73 2
60 182 2
59 165 2
49 114 2
69 85 2
1 58 2
60 64 2
20 62 2
41 150 2
94 136 2
31 40 2
10 42 2
19 78 2
75 102 2
47 90 2
1 9 2
101 139 2
11 42 2
112 196 2
57 104 2
50 196 2
46 84 2
53 90 2
14 104 2
88 134 2
5 190 2
43 87 2
47 146 2
113 141 2
45 67 2
47 67 2
51 89 2
84 88 2
14 99 2
74 99 2
40 102 2
37 75 2
87 175 2
53 184 2
34 45 2
85 188 2
45 83 2
65 114 2
33 45 2
91 105 2
110 155 1
66 102 2
119 170 1
76 99 2
2 30 2
60 73 2
55 67 2
9 40 2
35 45 2
22 48 2
60 90 2
57 59 2
47 115 2
5 163 2
39 107 2
99 106 2
29 114 2
17 156 2
37 159 1
10 107 2
46 85 2
88 180 1
1 187 2
4 185 2
7 38 2
85 160 2
46 83 2
35 37 2
107 133 2
78 103 2
57 116 2
82 84 2
114 125 1
55 197 1
50 66 2
1 140 2
70 125 1
21 42 2
49 74 2
58 148 2
50 85 2
18 33 2
28 146 2
20 186 1
40 61 2
58 113 2
31 91 2
63 118 2
87 173 2
6 58 2
70 79 2
27 56 2
110 149 1
10 78 2
29 86 2
31 185 2
35 72 2
11 25 2
1 111 2
107 154 2
1 57 2
21 119 2
41 83 2
24 39 2
99 167 2
50 81 2
95 98 2
34 74 2
43 80 2
53 77 2
35 39 2
4 116 2
8 21 2
4 29 2
36 100 2
26 86 2
85 199 1
33 129 2
36 45 2
30 106 2
28 90 2
48 91 2
36 190 2
110 119 2
61 90 2
45 66 2
91 118 2
9 177 2
12 15 2
18 116 2
95 172 2
16 35 2
40 80 2
68 150 1
74 80 2
104 121 2
25 65 2
0 163 2
34 41 2
67 105 2
56 100 2
6 48 2
14 100 2
110 165 1
29 102 2
16 190 2
35 50 2
11 45 2
105 117 2
97 192 2
51 94 2
14 35 2
45 117 2
25 104 2
102 163 1
82 156 2
38 96 2
90 134 2
48 59 2
9 176 2
27 41 2
107 113 2
82 85 2
97 113 2
10 142 1
113 125 2
48 102 2
45 63 2
118 169 1
17 70 2
19 20 2
4 52 2
27 64 2
59 175 1
99 182 2
81 189 2
101 192 2
32 43 2
8 125 2
29 167 2
114 128 2
2 114 2
63 127 2
96 189 2
87 94 2
48 88 2
8 199 2
18 104 2
85 166 2
97 98 2
36 70 2
66 105 2
18 115 2
55 174 1
36 160 1
77 80 2
69 79 2
44 51 2
72 166 1
28 102 2
24 106 2
73 114 2
33 140 2
47 164 1
23 160 1
6 78 2
2 22 2
103 147 1
70 119 2
27 163 1
106 177 2
15 42 2
61 125 1
14 86 2
28 70 2
8 40 2
87 165 1
24 93 2
10 94 2
32 168 1
102 118 2
31 103 2
15 31 2
75 113 2
65 69 2
48 80 2
77 93 2
24 112 2
57 147 2
61 74 2
65 93 2
52 58 2
43 65 2
8 167 1
89 135 2
8 16 2
7 113 2
102 104 2
64 78 2
28 192 2
58 95 2
34 98 2
91 112 2
109 115 2
51 74 2
7 70 2
3 19 2
72 144 1
36 181 1
94 121 1
75 97 2
18 153 2
63 119 2
28 55 2
73 125 1
38 116 2
119 152 2
52 181 1
3 91 2
53 141 2
16 114 2
43 113 2
23 88 2
85 140 1
71 75 2
6 93 2
10 74 2
65 96 2
4 133 1
41 114 2
13 68 2
14 108 2
37 152 2
65 91 2
15 183 2
6 29 2
7 22 2
4 23 2
38 101 2
27 173 2
34 172 2
5 19 2
66 69 2
48 117 2
24 55 2
62 83 2
40 59 2
20 151 1
67 122 2
98 120 1
67 181 2
60 61 2
117 150 1
44 48 2
18 21 2
38 119 2
73 112 2
28 80 2
40 87 2
59 79 2
26 71 2
115 119 2
9 79 2
95 135 2
2 166 1
54 95 2
26 82 2
48 89 2
34 75 2
15 87 2
16 100 2
4 91 2
11 126 1
11 72 2
51 65 2
27 47 2
32 116 2
41 66 2
30 31 2
2 29 2
86 177 1
51 73 2
7 100 2
64 170 1
89 112 2
84 94 2
31 66 2
63 132 1
107 142 2
40 125 2
92 104 2
9 55 2
30 75 2
73 142 2
8 32 2
54 187 2
40 66 2
41 93 2
39 54 2
11 92 2
27 81 2
4 51 2
58 109 2
33 121 1
70 109 2
7 114 2
32 45 2
10 76 2
41 42 2
99 107 2
103 107 2
18 26 2
14 112 2
24 108 2
49 161 1
23 114 2
44 47 2
25 186 2
14 76 2
93 155 2
60 112 2
68 107 2
39 114 2
80 107 2
35 121 2
1 117 2
16 117 2
17 44 2
37 76 2
9 159 1
3 167 2
7 112 2
56 105 2
59 198 2
79 141 1
64 165 1
39 124 1
82 93 2
119 185 2
41 117 2
45 141 2
32 80 2
63 184 1
89 92 2
59 138 2
64 98 2
39 118 2
49 156 2
5 116 2
47 167 1
21 118 2
48 53 2
71 109 2
78 91 2
76 78 2
50 169 2
53 92 2
35 86 2
58 116 2
100 135 1
9 60 2
10 54 2
25 163 2
74 104 2
49 105 2
13 78 2
17 23 2
27 34 2
89 145 2
69 103 2
75 180 2
85 110 2
10 48 2
75 117 2
15 84 2
31 75 2
17 27 2
98 115 2
24 178 2
86 168 2
78 99 2
71 133 2
29 97 2
86 113 2
33 71 2
42 64 2
15 181 2
7 104 2
37 73 2
57 160 2
40 98 2
26 135 2
15 93 2
19 46 2
50 180 2
38 58 2
12 43 2
43 64 2
44 161 2
15 49 2
56 121 1
35 143 2
24 120 1
3 101 2
56 124 2
44 58 2
58 96 2
13 41 2
17 188 1
16 29 2
22 194 1
25 39 2
28 60 2
85 106 2
1 81 2
93 102 2
4 28 2
15 66 2
74 112 2
44 64 2
37 95 2
54 145 2
23 72 2
105 143 2
68 96 2
113 140 2
2 6 2
37 108 2
25 162 2
88 143 2
73 76 2
39 104 2
18 32 2
59 63 2
159 173 1
57 101 1
43 187 2
58 110 1
100 136 1
39 100 1
