% n=110 p=33 d=0.66 p_blue=0.33
% k=0
35 104 1
29 86 1
34 84 1
5 54 1
3 66 1
12 80 1
29 67 2
20 34 2
18 26 2
24 87 2
5 78 1
12 37 1
15 75 2
26 36 2
21 64 1
17 34 2
2 76 1
9 68 1
6 50 1
22 36 2
7 51 1
9 18 2
0 82 1
22 53 2
28 82 1
5 59 1
18 85 1
32 96 1
35 108 2
10 108 1
25 72 1
0 108 1
10 42 1
18 98 1
32 67 2
23 24 2
3 12 2
23 67 2
18 31 2
5 68 1
14 92 1
30 43 2
31 78 1
30 109 1
15 31 2
20 86 1
17 32 2
7 24 2
8 19 2
24 63 1
19 48 1
31 37 1
22 58 1
19 22 2
7 99 1
10 49 1
26 46 2
34 37 1
32 66 1
28 57 1
22 40 2
8 27 2
8 43 2
35 105 1
26 56 1
13 18 2
14 50 1
17 42 1
26 73 1
8 24 2
18 66 2
11 64 1
7 33 2
15 100 1
12 60 2
15 27 2
11 26 2
23 75 1
5 17 2
11 73 1
13 30 2
17 23 2
29 31 2
5 74 1
4 60 1
23 44 2
7 36 2
15 88 2
13 23 2
16 51 1
33 69 1
6 63 1
29 108 1
22 72 1
12 69 1
22 51 1
13 73 2
18 49 1
8 88 2
18 94 2
19 31 2
26 108 1
32 47 2
7 75 2
23 46 2
35 84 2
29 34 2
19 61 1
28 46 1
4 101 1
4 20 2
15 20 2
3 15 2
33 103 1
32 49 1
14 23 2
30 45 2
18 44 1
23 29 2
14 82 2
7 58 2
4 19 2
13 93 1
17 97 2
16 108 1
8 53 2
19 60 1
16 95 2
30 72 2
23 42 1
31 55 1
16 46 2
9 60 2
35 99 1
9 92 2
30 47 1
16 86 1
1 30 2
2 105 2
31 85 1
13 67 1
30 65 1
10 90 1
24 52 2
34 109 1
2 109 2
1 83 2
26 93 1
26 49 1
11 25 2
8 23 2
27 39 1
9 48 1
22 29 2
10 12 2
20 72 1
26 92 1
23 99 1
27 66 2
0 23 2
27 83 1
21 105 2
9 33 2
15 83 1
33 49 1
5 100 2
7 91 2
10 55 1
28 52 1
28 96 2
8 84 2
19 101 1
9 81 1
18 84 1
7 65 1
6 29 2
18 20 2
1 70 1
29 33 2
29 32 2
24 78 2
32 80 1
0 20 2
12 66 1
13 14 2
33 100 1
14 102 2
23 72 1
34 39 1
7 40 2
23 103 2
18 45 1
25 69 2
8 99 2
10 28 2
34 96 1
10 63 2
2 64 2
29 30 2
22 100 2
1 58 1
18 35 2
7 10 2
15 29 2
10 30 2
8 40 2
24 96 1
0 60 2
1 11 2
14 48 2
20 27 2
13 91 1
19 35 2
10 68 1
18 27 2
24 75 1
10 97 1
22 78 1
25 79 2
15 17 2
12 15 2
13 40 1
0 68 1
24 46 1
14 59 1
22 97 1
7 17 2
5 22 2
23 101 1
21 62 2
30 69 1
4 50 1
6 78 1
5 8 2
31 46 2
4 21 2
1 107 2
34 41 2
10 24 2
25 70 1
27 95 2
36 97 2
20 33 2
29 40 1
17 50 1
28 95 1
2 5 2
10 13 2
15 78 1
9 16 2
24 57 1
24 83 1
34 108 2
20 69 2
11 21 2
18 86 2
1 47 1
21 35 2
4 78 2
15 22 2
18 33 2
1 43 1
8 14 2
35 61 2
11 53 1
10 11 2
14 63 1
3 26 2
11 103 1
36 46 1
23 25 2
6 11 2
25 68 1
6 48 1
27 46 1
2 30 2
9 55 1
32 100 1
0 63 1
26 100 2
11 84 2
3 65 1
4 14 2
7 20 2
35 56 2
4 99 2
7 57 1
0 3 2
14 49 1
36 81 1
22 101 1
3 54 1
9 23 2
27 100 1
31 41 1
32 94 2
2 92 1
15 82 1
25 100 2
23 53 1
24 70 2
29 81 2
15 26 2
4 96 1
5 53 2
28 90 1
0 18 2
7 61 1
26 48 1
36 47 2
20 74 1
11 18 2
3 23 2
17 26 2
0 99 2
20 83 2
11 81 1
0 89 1
21 31 2
25 101 2
4 100 1
9 12 2
28 43 2
21 23 2
18 41 1
16 78 1
5 14 2
32 34 2
29 105 1
1 9 2
26 94 1
3 20 2
21 42 1
1 25 2
19 95 1
8 90 1
5 85 1
21 30 2
36 66 2
2 67 1
22 26 2
4 55 1
30 74 2
18 96 1
24 47 2
27 94 1
23 86 1
4 27 2
13 26 2
2 17 2
30 58 1
22 52 1
1 99 1
9 32 2
34 101 1
31 68 1
22 109 1
17 20 2
28 80 1
29 90 2
30 86 1
22 25 2
18 58 1
30 78 2
2 78 1
2 87 1
2 13 2
1 32 2
35 86 1
27 73 1
23 38 1
9 107 1
8 85 1
19 25 2
27 40 1
19 20 2
31 96 2
11 76 1
1 73 1
2 28 2
4 28 2
9 14 2
24 32 2
22 63 1
2 75 1
22 95 1
9 56 2
23 28 2
28 81 1
23 77 1
26 33 2
8 56 1
30 31 2
36 68 1
11 14 2
16 38 2
20 57 2
7 100 1
6 42 1
28 79 2
24 101 2
22 102 1
25 37 1
10 50 2
19 30 2
3 87 1
25 43 1
4 54 2
29 83 2
21 89 1
34 107 1
2 44 2
15 25 2
2 86 1
15 85 2
25 80 2
21 97 2
1 69 1
13 64 1
19 82 1
3 78 1
21 50 1
33 88 2
33 36 2
11 50 1
7 42 1
27 68 2
18 21 2
5 10 2
0 34 2
24 54 2
23 104 1
23 91 1
3 14 2
2 15 2
14 16 2
22 107 1
6 68 2
29 56 2
15 55 2
21 32 2
10 88 2
0 15 2
2 60 2
27 51 2
3 21 2
27 38 2
22 108 1
29 78 1
31 49 1
19 57 1
14 65 2
20 109 1
24 88 2
31 52 1
13 84 1
14 26 2
20 56 1
1 49 1
20 76 1
25 49 2
14 19 2
8 21 2
18 70 1
20 71 2
7 30 2
1 106 1
6 71 1
19 83 1
7 8 2
33 59 1
8 104 1
3 6 2
21 91 1
6 27 2
31 57 1
5 73 1
0 58 1
5 12 2
22 98 1
36 59 2
30 97 2
30 87 2
18 100 1
12 59 2
0 96 1
21 80 1
1 42 2
13 87 1
5 104 2
9 85 1
33 55 1
19 85 1
7 90 1
2 58 1
22 35 2
15 73 2
1 12 2
31 64 2
12 25 2
35 51 1
14 99 2
1 24 2
26 43 2
9 61 1
15 84 1
33 68 1
26 97 1
33 72 2
13 46 1
8 63 2
9 21 2
36 88 1
4 45 1
34 94 1
35 90 2
14 54 1
26 38 1
5 20 2
27 65 1
11 63 1
8 72 2
18 104 2
18 28 2
29 75 1
2 89 1
3 30 2
36 86 2
35 69 1
32 88 2
23 90 2
24 72 1
5 108 1
23 71 1
11 107 2
11 77 1
20 68 1
16 92 1
21 73 2
9 30 2
21 43 1
36 84 1
13 80 2
10 32 2
8 36 2
2 29 2
24 30 2
15 103 1
4 103 1
15 71 1
26 104 2
5 63 1
20 90 1
23 57 1
22 66 1
2 51 2
36 67 2
16 29 2
23 100 1
25 27 2
12 106 1
33 66 2
33 82 1
1 80 1
18 29 2
36 49 1
29 93 2
5 96 1
35 57 2
21 74 2
26 103 1
0 8 2
2 68 1
13 63 2
12 67 2
3 28 2
26 50 2
17 19 2
19 78 1
4 46 2
16 42 2
28 33 2
6 82 1
21 24 2
11 33 2
21 34 2
33 39 1
34 103 1
21 92 1
29 72 1
16 40 1
35 36 2
4 76 2
14 83 1
8 17 2
8 32 2
1 7 2
3 5 2
0 78 1
27 75 2
18 19 2
21 37 2
11 80 1
1 92 1
21 44 2
27 105 2
5 18 2
34 65 1
10 86 2
14 107 2
1 60 1
0 6 2
15 19 2
26 65 2
6 77 1
27 48 1
8 109 1
5 24 2
22 23 2
1 14 2
5 67 2
14 29 2
1 86 2
20 38 1
1 91 1
2 7 2
21 79 1
11 35 2
31 77 1
22 103 2
2 82 2
30 42 1
2 34 2
0 98 1
27 32 2
9 83 1
23 79 2
24 56 1
12 78 2
32 55 1
24 82 1
21 108 1
9 99 2
26 77 1
33 84 1
24 45 1
28 105 2
20 36 2
12 19 2
30 59 1
9 53 2
22 50 1
3 64 1
7 109 1
17 22 2
10 17 2
30 94 1
7 35 2
24 34 2
21 87 1
28 64 2
3 104 2
24 29 2
32 65 2
14 85 1
11 94 1
33 64 1
28 30 2
6 36 2
2 25 2
10 66 2
35 72 1
15 104 1
17 90 1
10 72 1
29 55 2
20 101 1
9 62 2
10 33 2
0 71 2
32 68 1
23 51 2
20 63 2
16 80 1
33 52 1
30 38 1
16 75 1
14 22 2
0 33 2
20 108 1
34 64 1
10 94 1
33 105 1
15 58 1
2 57 2
33 54 1
6 17 2
20 32 2
32 90 1
1 18 2
23 76 2
23 64 2
35 94 2
31 90 1
0 38 2
14 62 2
9 97 2
35 102 2
34 80 1
16 30 2
3 29 2
29 71 1
23 34 2
16 24 2
0 76 2
30 57 1
12 21 2
12 50 1
2 52 2
29 46 2
1 2 2
13 16 2
6 15 2
36 91 1
12 43 2
36 40 2
0 37 2
29 50 1
28 78 1
28 60 2
3 11 2
22 105 1
31 72 1
7 89 1
10 73 1
19 59 1
10 65 2
35 80 1
36 45 2
3 24 2
16 99 1
19 76 1
5 66 1
4 81 1
18 22 2
21 48 1
1 84 1
1 98 1
26 30 2
9 78 1
4 7 2
13 21 2
26 84 2
2 80 1
17 89 1
26 29 2
11 83 1
14 66 1
24 39 1
9 93 1
25 103 1
12 16 2
7 85 1
11 22 2
17 78 2
33 44 1
20 89 1
16 91 1
35 54 1
25 107 1
24 104 1
25 104 1
20 41 1
22 104 2
17 30 2
29 53 1
21 93 1
5 52 2
17 58 1
24 100 1
4 34 2
8 83 2
26 88 2
14 52 1
14 106 1
16 33 2
16 32 2
13 53 1
10 84 1
10 82 1
27 88 1
30 34 2
14 55 1
9 25 2
15 28 2
24 55 1
21 95 1
11 17 2
31 45 1
17 75 1
18 108 1
22 99 1
7 39 1
4 85 2
35 68 1
2 33 2
29 44 2
6 109 1
7 16 2
26 78 2
16 100 1
8 31 2
9 34 2
6 83 2
3 95 2
34 83 1
12 31 2
33 94 1
23 58 2
20 61 1
22 60 2
30 82 1
0 29 2
5 95 1
10 20 2
32 62 1
8 70 2
11 12 2
18 48 2
16 27 2
0 9 2
25 87 2
12 20 2
26 68 1
3 67 1
16 37 2
21 45 1
13 32 2
2 4 2
28 93 1
12 85 2
13 20 2
3 92 1
12 108 2
2 79 1
12 95 2
8 93 1
14 33 2
17 18 2
20 26 2
0 12 2
1 23 2
33 98 1
13 96 1
2 16 2
27 61 1
9 43 2
0 30 2
32 83 1
5 70 2
30 89 1
5 36 2
17 100 1
26 67 1
26 35 2
29 99 1
15 33 2
35 76 1
30 41 2
21 96 1
17 105 1
20 24 2
17 29 2
12 28 2
36 76 1
28 55 1
31 94 1
17 31 2
1 74 1
27 89 2
31 101 1
3 22 2
20 51 1
4 58 1
8 48 1
25 26 2
21 106 1
35 46 1
7 46 2
3 61 1
30 90 2
28 34 2
27 44 1
22 27 2
16 84 1
14 56 2
10 54 1
20 58 1
3 109 1
13 102 2
2 73 1
29 80 1
18 46 1
18 32 2
3 19 2
26 27 2
10 87 2
2 54 2
10 41 1
18 72 1
28 53 2
11 74 1
12 33 2
13 95 1
0 106 2
15 32 2
2 14 2
4 8 2
8 95 1
18 68 1
2 40 1
4 41 1
2 31 2
0 10 2
30 35 2
18 36 2
8 11 2
10 57 1
4 90 1
1 66 1
7 108 1
7 63 1
22 74 2
6 10 2
29 76 2
10 34 2
9 28 2
32 74 1
11 65 2
4 43 1
29 87 1
31 35 2
30 52 1
36 83 1
0 49 2
23 63 1
9 91 1
29 36 2
5 40 2
18 75 1
24 60 2
34 35 2
3 46 1
10 100 1
33 63 1
24 86 2
2 72 2
21 49 2
31 87 1
20 93 1
26 57 1
16 79 1
35 101 1
35 98 1
16 20 2
21 101 2
23 97 1
5 105 2
9 26 2
32 36 2
36 103 2
15 81 2
20 42 1
12 76 1
34 88 1
21 28 2
34 54 2
5 55 1
31 33 2
20 31 2
21 29 2
12 22 2
33 78 1
19 58 2
34 56 1
2 63 1
7 77 1
30 91 1
28 45 1
13 82 1
25 105 2
30 106 1
24 41 2
2 53 2
9 94 2
14 47 1
35 82 1
19 81 2
33 95 1
28 74 2
14 15 2
24 42 1
13 105 1
18 51 1
20 82 1
17 52 1
33 35 2
20 102 2
20 54 1
8 60 1
19 97 1
25 93 1
16 90 2
17 21 2
35 52 1
35 71 2
29 74 1
12 74 1
13 15 2
17 60 1
9 29 2
12 71 1
2 102 1
35 87 1
13 86 1
33 38 1
14 79 1
30 71 1
9 17 2
21 85 1
20 25 2
14 93 1
6 22 2
3 31 2
25 39 2
0 66 1
6 70 1
30 61 1
9 84 2
3 9 2
18 57 2
0 43 1
8 102 1
5 56 1
0 95 1
32 39 1
15 86 1
20 29 2
8 44 1
0 88 1
36 101 2
14 71 2
5 101 1
13 25 2
16 83 1
12 62 2
14 21 2
26 75 1
6 23 2
7 12 2
15 57 2
13 35 2
10 39 1
31 103 1
16 19 2
6 31 2
27 106 2
27 43 1
15 89 2
13 33 2
6 13 2
14 95 1
27 80 1
18 103 1
6 21 2
23 102 1
19 43 1
24 36 2
20 94 1
8 65 1
19 108 1
4 17 2
4 23 2
0 36 2
13 103 1
13 83 1
19 33 2
10 21 2
16 28 2
26 80 1
6 96 1
16 21 2
4 24 2
24 44 1
0 74 1
10 16 2
12 92 1
11 58 1
5 13 2
0 51 2
22 34 2
36 69 1
32 43 2
30 100 1
25 32 2
5 39 1
16 26 2
8 71 2
23 35 2
24 28 2
0 21 2
7 96 2
32 72 1
32 78 2
12 86 1
18 69 2
35 64 2
3 91 1
28 32 2
6 92 1
24 48 2
23 69 1
10 23 2
23 88 2
13 58 1
9 74 1
25 34 2
17 109 1
21 77 1
27 30 2
25 95 2
4 69 1
7 53 2
16 69 2
0 73 1
28 108 1
23 74 1
0 59 2
34 78 2
17 63 2
18 74 1
18 63 2
26 71 2
31 74 2
0 19 2
10 77 2
2 65 1
1 28 2
14 87 2
0 87 1
2 84 2
11 31 2
22 30 2
30 75 1
20 67 1
27 71 2
1 4 2
17 96 1
17 73 1
2 3 2
5 9 2
32 57 1
4 82 1
10 71 1
7 107 2
33 86 2
2 61 2
30 62 2
16 39 2
9 89 1
36 50 1
4 52 1
27 81 1
9 19 2
2 22 2
0 28 2
22 55 2
32 82 2
24 94 2
34 85 1
7 102 1
6 60 1
2 93 2
33 81 1
9 65 1
27 77 2
17 40 1
25 61 2
30 44 2
19 88 2
16 22 2
4 11 2
12 17 2
16 72 2
11 29 2
1 48 1
8 22 2
35 42 2
6 30 2
17 51 2
3 49 1
6 75 1
5 81 1
12 107 1
11 15 2
0 4 2
30 101 2
16 18 2
21 71 2
32 106 2
0 45 1
3 58 1
1 26 2
29 82 1
25 99 1
23 98 2
24 71 2
19 96 1
3 17 2
31 95 1
17 45 1
2 103 2
31 40 1
17 87 1
11 27 2
8 9 2
7 9 2
19 47 2
27 31 2
21 27 2
10 70 1
0 25 2
12 89 2
34 97 1
7 103 1
17 33 2
14 73 1
1 104 1
8 35 2
33 108 1
11 90 1
13 94 2
1 56 1
14 39 1
3 88 2
17 54 2
35 75 1
1 101 1
14 80 2
3 107 1
21 76 1
7 11 2
32 38 1
35 60 1
2 12 2
19 77 2
32 53 2
36 99 1
12 32 2
13 69 2
12 24 2
16 17 2
22 86 1
25 86 1
17 53 1
31 43 1
7 32 2
25 82 1
24 31 2
2 19 2
21 40 1
21 88 1
5 19 2
10 93 1
31 105 2
24 91 1
32 84 2
19 28 2
29 43 1
33 80 1
7 15 2
25 78 2
22 41 2
36 60 2
32 54 2
5 15 2
3 105 1
3 63 1
21 65 2
5 51 2
9 42 1
23 26 2
3 38 2
34 45 1
25 83 1
20 78 1
6 49 1
0 7 2
17 69 1
5 44 1
1 8 2
6 19 2
18 81 1
12 70 1
27 87 2
21 54 2
19 91 1
20 35 2
22 38 1
3 57 2
5 89 1
6 44 1
19 54 1
28 63 1
18 77 1
1 77 1
13 24 2
17 103 2
8 101 2
17 24 2
18 87 1
36 48 1
19 24 2
30 49 1
4 36 2
33 73 1
0 2 2
28 49 1
16 70 1
22 33 2
14 67 1
3 60 1
24 53 1
36 56 1
15 23 2
20 45 1
11 23 2
2 20 2
36 44 2
22 96 1
31 44 1
30 32 2
13 43 1
29 38 1
13 97 2
8 29 2
17 41 2
3 96 1
7 82 1
13 31 2
17 71 1
34 49 2
6 8 2
0 26 2
35 95 1
22 83 1
35 44 1
12 75 2
30 54 1
15 64 1
11 42 1
12 77 2
10 27 2
23 36 2
15 92 2
0 40 1
20 60 2
21 69 1
24 99 1
17 61 1
32 86 1
2 9 2
36 41 2
35 48 1
20 103 1
4 16 2
36 73 2
24 102 2
11 66 1
33 48 2
23 73 1
10 45 1
7 83 2
3 43 1
24 38 2
36 74 1
11 30 2
3 7 2
4 71 1
9 63 2
21 82 2
6 7 2
3 85 1
23 81 2
1 100 1
14 57 1
25 42 1
5 47 2
16 67 2
20 43 2
18 102 1
23 84 1
23 31 2
16 56 1
21 46 1
15 30 2
20 48 1
34 69 2
4 25 2
35 49 1
5 31 2
3 81 1
8 107 2
22 82 2
35 55 1
26 101 1
18 47 1
4 9 2
5 23 2
19 41 1
15 69 2
6 102 1
2 48 2
6 12 2
5 99 2
9 49 1
14 27 2
1 31 2
11 98 2
14 17 2
11 89 1
26 98 2
2 23 2
10 36 2
15 95 2
26 76 1
24 79 1
11 38 1
4 13 2
12 99 2
7 93 2
7 52 1
11 28 2
6 95 1
14 30 2
11 34 2
9 27 2
34 71 1
14 25 2
16 45 1
27 42 2
28 107 1
18 109 1
12 47 2
1 6 2
30 55 1
15 49 1
31 34 2
13 27 2
35 78 1
21 26 2
7 27 2
17 79 2
15 80 1
25 30 2
20 49 1
7 31 2
5 25 2
15 87 1
5 30 2
5 64 2
30 108 1
25 96 1
19 37 1
6 41 1
20 107 1
32 95 1
0 86 2
3 93 2
36 78 1
7 38 1
7 23 2
29 64 1
26 51 1
27 67 2
11 48 1
25 81 1
35 45 2
13 71 2
25 36 2
35 43 1
31 75 1
29 68 1
7 22 2
7 21 2
7 68 2
25 84 1
6 34 2
15 70 1
0 55 2
28 94 1
20 85 1
33 109 1
25 74 1
1 16 2
8 91 1
28 106 2
25 106 1
5 84 2
0 17 2
5 32 2
20 79 1
29 94 2
10 95 1
36 93 2
19 64 1
24 77 1
27 85 2
17 56 1
0 101 1
15 96 2
31 54 1
6 28 2
2 32 2
13 61 2
18 67 2
15 107 2
18 61 2
9 38 1
4 57 1
31 99 1
10 25 2
8 34 2
36 63 2
5 69 2
34 57 1
8 38 1
32 79 1
2 88 2
22 28 2
17 81 1
17 44 1
5 103 2
7 34 2
18 80 1
27 72 1
4 104 1
4 22 2
26 54 1
1 20 2
15 108 2
35 92 1
24 67 2
36 82 1
1 81 2
22 47 1
11 20 2
23 48 2
9 22 2
34 92 1
27 99 2
24 93 1
7 25 2
8 94 2
27 86 1
16 76 1
32 92 1
21 22 2
0 44 1
31 83 1
3 36 2
34 60 1
5 28 2
20 91 2
25 109 2
33 93 1
29 88 1
20 65 1
18 55 1
35 59 2
18 99 1
22 67 2
31 32 2
12 84 1
18 38 1
29 47 2
3 73 1
11 71 1
8 30 2
17 95 1
4 5 2
22 87 1
7 95 1
7 29 2
16 73 2
22 92 2
16 50 2
18 79 2
5 6 2
11 32 2
20 37 2
19 36 2
23 55 1
1 41 1
9 35 2
12 23 2
3 108 1
9 98 1
24 40 1
15 21 2
32 97 1
26 28 2
5 62 1
20 21 2
6 61 1
0 54 2
22 24 2
15 63 2
16 52 2
20 50 1
8 96 1
32 44 2
24 58 1
1 27 2
4 6 2
10 78 1
19 34 2
15 76 1
21 33 2
24 109 2
17 27 2
30 76 1
28 101 1
34 50 1
20 23 2
13 39 2
14 75 1
28 97 1
3 8 2
3 74 1
6 81 1
13 88 1
7 60 1
27 37 1
26 74 1
9 31 2
10 53 2
22 46 1
12 56 1
31 58 1
35 106 1
1 97 1
18 24 2
26 66 1
21 59 1
1 17 2
27 92 2
33 92 1
2 6 2
22 48 1
10 31 2
27 62 1
3 69 1
22 32 2
6 56 1
13 28 2
0 61 2
1 89 1
12 94 2
8 55 1
2 98 2
21 98 1
25 85 2
22 61 1
7 19 2
13 74 1
3 53 2
23 49 1
9 79 1
28 68 1
21 70 2
11 93 1
33 34 2
36 107 1
3 80 1
18 50 1
28 66 2
25 53 2
9 45 1
7 37 1
32 63 1
1 35 2
30 67 1
8 41 1
18 88 2
25 94 2
11 40 1
20 97 2
9 44 1
13 45 1
25 62 1
0 31 2
27 56 1
3 4 2
36 72 1
16 23 2
10 35 2
11 101 2
17 59 1
15 34 2
19 21 2
14 98 1
3 90 2
19 86 2
6 67 1
8 28 2
16 107 1
19 50 1
18 78 2
27 82 2
15 101 1
30 92 1
19 51 1
32 103 2
20 52 1
1 33 2
35 66 1
14 53 1
8 86 1
30 37 1
33 61 2
0 13 2
31 97 1
0 94 2
24 85 1
8 81 2
1 37 1
29 96 1
10 18 2
1 22 2
6 46 1
21 90 1
2 95 1
0 5 2
26 32 2
36 80 1
33 42 2
16 88 2
33 47 1
26 42 1
22 73 1
27 96 1
13 59 2
13 65 1
9 36 2
3 10 2
4 29 2
15 59 1
23 40 1
15 109 1
17 47 1
29 106 1
13 79 2
7 101 1
7 66 1
15 54 1
15 74 1
16 74 1
12 73 1
12 88 1
19 75 2
7 56 1
20 39 1
30 66 1
17 39 1
19 100 1
31 100 2
4 53 2
22 71 1
18 92 1
15 47 2
25 46 1
27 74 1
36 37 2
17 35 2
28 83 2
21 94 1
8 13 2
4 35 2
18 54 2
35 103 1
1 10 2
5 33 2
16 25 2
28 70 1
17 28 2
15 44 2
32 33 2
13 90 1
19 52 1
22 77 2
1 21 2
6 24 2
11 41 1
8 12 2
12 27 2
10 104 1
14 32 2
1 61 1
0 92 1
20 47 1
4 12 2
5 77 2
33 71 2
3 39 2
27 49 2
26 40 1
11 86 1
18 95 1
14 20 2
15 67 1
15 97 1
33 87 2
6 64 1
0 97 1
18 82 1
24 35 2
24 59 1
15 48 2
31 98 2
23 70 1
23 56 1
10 99 1
29 79 1
5 94 1
31 86 1
35 37 2
7 48 2
25 33 2
4 47 2
21 52 1
1 85 2
10 22 2
24 106 1
3 89 1
15 60 1
0 65 1
14 43 1
1 94 2
8 33 2
27 52 1
29 61 1
12 68 1
4 105 1
7 47 1
15 61 2
6 14 2
27 50 1
17 25 2
26 34 2
16 57 1
28 51 2
25 48 1
1 44 1
3 77 1
1 19 2
24 92 1
12 98 2
8 79 1
4 65 1
0 64 1
27 33 2
15 90 2
35 40 1
34 86 2
10 58 2
6 47 2
18 76 1
11 67 1
3 33 2
3 13 2
34 36 2
30 77 1
14 74 1
5 27 2
22 70 1
9 10 2
8 39 1
2 8 2
29 41 2
5 91 1
1 65 1
8 15 2
14 35 2
12 96 1
33 101 1
13 60 1
32 42 1
12 109 2
10 15 2
25 41 2
7 92 1
19 26 2
31 80 1
32 81 1
4 66 2
7 72 2
18 101 2
34 66 1
0 16 2
7 104 2
24 51 1
28 29 2
5 93 1
14 28 2
35 38 1
27 53 2
13 68 1
24 37 2
35 50 2
8 54 2
7 26 2
2 27 2
32 48 1
20 104 1
22 31 2
10 67 1
13 100 1
19 66 1
28 75 1
25 51 2
5 65 2
14 69 1
4 87 1
6 91 2
4 109 1
4 37 1
33 96 2
14 18 2
32 45 2
24 84 2
4 40 1
26 63 1
7 105 1
14 104 2
8 106 1
30 36 2
33 45 2
29 66 2
16 31 2
13 81 2
23 30 2
28 72 1
19 89 2
10 14 2
25 77 1
6 33 2
34 76 1
15 105 1
36 61 1
17 66 1
31 51 1
12 55 2
16 94 1
7 13 2
26 31 2
8 68 2
16 48 1
7 18 2
16 35 2
20 28 2
15 99 1
22 64 1
8 16 2
27 28 2
27 91 2
9 24 2
7 69 1
11 59 2
27 36 2
3 35 2
11 39 1
8 69 1
13 77 2
21 53 1
5 11 2
6 9 2
13 34 2
0 50 1
18 34 2
34 102 1
9 20 2
33 91 2
30 80 1
6 25 2
27 47 2
11 36 2
20 98 2
10 19 2
18 23 2
10 56 2
20 22 2
35 88 2
7 62 1
20 70 1
19 42 1
11 19 2
0 109 2
14 81 1
19 104 2
21 104 1
31 63 1
17 38 2
7 44 1
4 67 2
19 46 1
3 34 2
33 56 2
5 7 2
3 27 2
2 26 2
16 89 2
1 108 1
11 108 1
28 40 2
6 51 1
23 33 2
14 24 2
8 46 2
4 61 2
28 84 1
4 33 2
34 81 2
6 55 2
5 58 2
13 54 1
23 39 1
19 65 1
14 34 2
33 37 1
0 27 2
13 17 2
24 50 2
19 27 2
25 60 1
13 52 2
26 47 2
6 99 1
3 100 1
33 75 1
35 67 1
2 74 1
34 43 1
33 50 2
3 48 2
6 16 2
30 60 1
23 87 1
19 67 1
30 96 2
10 29 2
5 98 1
6 107 2
10 47 1
13 56 2
31 84 1
28 35 2
9 13 2
35 97 2
27 76 1
7 49 1
36 87 1
20 66 1
19 39 2
15 66 1
21 36 2
21 58 1
15 18 2
2 107 1
28 50 2
4 10 2
6 100 2
26 62 1
22 79 2
30 33 2
23 60 1
4 44 2
27 64 2
11 105 1
8 58 1
20 40 1
34 61 1
36 70 1
6 93 1
9 15 2
22 75 1
23 32 2
9 100 2
34 53 2
28 65 2
23 109 1
17 57 1
19 107 2
9 101 2
9 66 2
10 37 2
26 52 1
29 39 1
23 66 1
14 91 1
27 35 2
5 34 2
28 109 2
15 16 2
1 13 2
4 48 1
13 22 2
0 11 2
34 98 1
31 47 2
0 83 1
2 21 2
11 57 1
23 27 2
6 84 2
3 32 2
29 54 1
4 62 1
19 93 1
26 59 1
16 68 1
29 101 1
12 26 2
24 26 2
27 69 1
10 75 1
0 1 2
2 71 1
6 45 1
12 30 2
6 20 2
19 29 2
36 51 2
32 108 1
2 94 2
34 74 2
16 34 2
25 59 1
9 95 2
13 50 1
4 84 2
29 59 1
2 18 2
15 35 2
6 26 2
19 53 1
13 36 2
4 51 2
1 71 1
19 74 2
6 53 2
31 93 2
32 52 1
20 53 1
14 78 1
14 36 2
3 98 2
0 14 2
12 41 2
23 61 2
23 89 1
33 79 1
1 38 1
32 51 2
3 102 1
4 74 1
19 109 2
1 5 2
4 18 2
12 13 2
33 58 1
25 28 2
13 78 2
28 36 2
32 101 1
17 76 1
10 81 2
24 27 2
30 107 2
22 43 1
15 24 2
36 102 1
6 101 1
4 79 1
16 82 1
0 24 2
24 68 1
3 82 1
28 31 2
24 89 2
6 94 2
31 36 2
16 65 2
25 35 2
22 45 1
4 15 2
22 62 2
9 72 1
16 58 2
18 90 1
6 32 2
0 32 2
9 109 1
11 51 1
4 30 2
23 93 1
8 92 1
15 93 1
13 49 1
7 55 1
27 54 1
33 43 1
2 35 2
2 36 2
11 88 1
20 55 2
28 76 1
8 87 1
14 96 1
0 81 1
22 80 1
12 18 2
33 89 2
34 105 1
14 97 1
18 37 1
1 36 2
30 46 1
1 102 1
13 101 1
1 52 1
0 46 1
15 56 1
21 25 2
1 96 1
13 48 2
4 95 1
10 92 1
22 81 1
21 38 2
15 43 1
29 35 2
18 30 2
0 84 1
24 25 2
31 56 2
33 70 2
5 57 2
30 73 1
14 46 2
31 73 2
5 86 1
17 36 2
26 89 2
0 93 1
9 58 2
35 89 1
26 90 1
34 59 2
11 16 2
8 10 2
34 51 2
33 83 1
5 45 2
8 108 1
8 25 2
25 31 2
9 80 1
24 103 1
36 90 1
29 73 1
6 18 2
9 11 2
31 62 2
6 89 1
28 91 1
16 104 1
12 87 2
3 18 2
27 97 2
5 102 2
3 47 2
28 67 1
1 34 2
35 81 2
19 102 2
15 52 1
25 92 2
33 106 1
33 90 1
7 98 1
1 50 1
7 79 2
14 31 2
15 36 2
29 100 1
32 35 2
27 84 1
32 58 1
25 29 2
1 29 2
16 93 2
29 52 1
24 98 2
18 25 2
14 105 1
13 85 1
25 67 1
24 33 2
26 55 2
21 84 1
2 106 1
11 52 1
25 90 1
13 19 2
12 36 2
22 44 2
6 105 1
9 47 1
11 24 2
27 29 2
11 47 1
19 71 1
2 45 1
3 52 1
20 87 1
1 3 2
5 90 1
6 58 1
0 39 1
11 43 1
25 108 1
8 18 2
13 89 1
4 26 2
28 59 1
2 38 2
19 49 1
12 57 2
18 43 1
19 32 2
16 36 2
5 92 1
4 32 2
28 56 1
20 106 1
14 89 1
15 65 1
36 53 1
24 76 2
11 56 1
36 57 1
6 37 2
1 59 1
2 11 2
22 37 2
5 35 2
29 48 1
22 56 2
12 97 1
16 87 1
3 25 2
25 102 1
30 79 1
13 29 2
29 77 2
6 35 2
30 88 2
4 98 1
8 97 1
30 105 2
19 23 2
35 79 1
14 94 1
2 10 2
32 61 2
1 68 1
31 81 1
7 64 1
27 102 1
34 106 1
3 44 1
18 52 1
8 26 2
34 44 2
8 20 2
8 57 1
10 26 2
27 109 1
20 30 2
2 24 2
3 16 2
0 35 2
36 43 1
13 104 1
4 31 2
5 29 2
28 85 1
7 81 2
11 13 2
16 66 1
31 76 2
32 77 1
5 26 2
5 38 1
4 68 2
8 66 2
24 90 1
0 42 2
22 54 2
5 16 2
9 90 1
34 58 1
20 64 2
3 103 1
36 39 1
6 80 1
7 28 2
4 88 1
1 88 1
36 95 2
15 68 2
27 34 2
26 64 1
16 55 1
32 87 2
30 40 1
16 60 1
54 75 1
12 29 1
7 14 1
92 104 2
1 15 1
0 104 2
12 14 1
12 35 1
10 69 1
28 86 2
54 84 2
31 92 1
72 82 2
12 34 1
23 78 1
34 82 1
17 80 2
26 86 2
