% n=160 p=33 d=0.66 p_blue=0.33
% k=0
0 67 1
41 83 2
35 104 1
45 75 1
4 46 2
2 48 2
22 58 1
12 45 2
8 76 1
35 112 1
22 136 1
14 133 2
10 38 2
25 136 2
47 119 1
11 84 2
46 55 1
47 114 1
12 142 1
38 97 1
4 54 1
52 78 1
28 120 1
28 101 1
2 146 2
34 71 1
4 10 2
5 28 2
42 67 1
32 117 1
38 98 1
21 150 2
28 89 1
2 54 2
13 125 2
6 30 2
35 152 2
38 110 1
30 95 1
30 45 2
52 122 2
1 136 1
37 157 1
23 44 2
29 47 2
10 112 2
0 22 2
50 118 2
30 77 2
33 113 2
29 39 2
31 121 1
3 52 2
16 119 1
45 112 2
1 147 2
9 14 2
28 115 1
43 52 2
5 48 2
44 47 2
36 86 2
52 114 1
11 144 1
48 130 1
3 30 2
28 129 1
2 117 1
15 119 2
22 89 2
23 54 2
41 155 1
43 65 1
6 25 2
25 155 2
17 122 1
26 108 1
7 42 2
34 61 2
3 19 2
7 154 2
11 12 2
34 79 1
19 123 1
43 105 2
8 153 1
11 73 1
33 84 1
23 85 2
26 65 2
47 106 1
13 159 1
31 103 1
22 52 2
19 154 2
36 149 1
28 47 2
7 114 1
20 112 2
34 81 1
8 91 1
37 59 2
7 38 2
7 102 1
31 45 2
28 127 1
24 141 2
10 68 1
10 16 2
7 92 1
16 49 2
2 76 2
30 155 1
13 33 2
16 89 2
17 120 1
50 120 1
12 76 1
23 145 1
48 113 2
23 158 2
15 74 1
22 103 1
43 138 1
11 13 2
21 45 2
1 8 2
29 41 2
19 28 2
13 101 1
45 121 2
3 79 2
3 123 1
13 111 2
4 137 2
7 29 2
21 93 2
28 132 1
0 5 2
20 136 1
18 76 1
52 54 1
30 71 1
10 47 2
35 147 2
30 43 2
40 127 1
14 136 1
10 11 2
10 69 2
4 43 2
1 153 1
18 101 1
48 80 1
34 156 2
6 85 1
38 41 2
4 136 2
45 132 1
9 60 1
34 45 2
4 103 1
20 118 1
0 112 2
5 39 2
0 134 1
40 42 2
4 57 1
4 40 2
51 94 1
49 149 1
16 37 2
20 54 1
18 61 1
24 85 2
25 76 1
33 78 1
17 56 1
18 100 1
11 41 2
27 137 1
10 142 2
6 158 1
32 55 1
28 118 2
18 38 2
28 131 2
1 30 2
15 102 1
3 62 2
8 59 2
15 77 1
26 35 2
31 96 1
22 129 1
11 95 1
36 56 1
15 38 2
17 48 2
13 23 2
3 151 1
29 64 1
6 144 1
37 90 1
51 114 2
41 118 1
38 43 2
15 27 2
17 38 2
16 76 1
34 82 1
19 20 2
24 51 2
45 80 1
49 121 2
8 124 1
4 132 1
50 143 1
11 24 2
16 114 1
17 101 1
30 139 2
45 110 1
24 87 2
47 73 1
8 13 2
33 110 1
9 52 2
39 45 2
34 76 1
27 73 1
20 150 2
13 22 2
12 41 2
16 103 1
50 126 1
34 134 1
42 45 2
35 128 1
30 114 1
29 73 1
7 98 2
10 122 1
46 115 1
38 66 1
39 95 1
25 131 1
19 68 1
21 124 1
43 145 1
21 63 1
3 140 1
13 31 2
51 106 1
41 64 2
30 52 2
26 79 2
8 107 1
37 151 1
28 75 2
18 109 1
2 26 2
41 140 1
6 147 1
26 98 1
1 59 2
21 49 2
31 110 1
30 67 2
40 78 2
52 104 1
20 130 1
9 12 2
2 118 1
47 80 2
20 128 2
21 52 2
48 82 1
17 116 2
16 62 2
23 38 2
7 23 2
7 89 1
24 49 2
2 116 1
21 36 2
22 95 1
40 90 1
24 34 2
5 43 2
6 113 1
5 143 2
22 38 2
52 66 1
11 121 1
8 102 1
26 32 2
25 96 1
40 51 2
50 133 2
1 51 2
8 127 1
24 61 1
48 86 1
14 125 1
18 88 1
31 132 1
49 66 2
5 23 2
40 135 2
4 145 1
0 55 1
22 99 2
13 98 2
37 103 2
19 71 1
39 96 2
33 72 1
29 45 2
14 135 1
27 51 2
19 27 2
15 57 2
9 65 1
50 117 2
26 33 2
51 96 1
23 95 2
17 82 1
37 142 2
22 82 2
12 64 1
37 75 1
47 132 2
3 149 1
52 136 1
47 135 2
22 85 1
15 158 2
43 120 2
1 98 1
46 65 1
0 93 2
33 42 2
2 28 2
39 154 2
38 113 2
7 126 2
14 157 1
16 38 2
28 38 2
20 50 2
29 155 1
23 150 1
49 54 1
20 34 2
10 89 2
39 44 2
28 158 1
24 38 2
8 27 2
47 134 1
47 111 1
29 36 2
11 90 1
30 34 2
44 66 1
14 73 2
9 156 2
36 146 1
22 62 2
49 138 1
32 56 1
43 91 1
52 97 1
26 28 2
12 22 2
8 157 1
40 134 1
29 107 1
38 89 1
35 130 1
41 144 1
26 37 2
34 65 1
5 56 1
48 100 1
40 93 2
5 93 2
19 149 1
52 63 1
6 120 2
23 104 1
19 34 2
41 63 2
29 125 1
0 9 2
37 119 1
20 66 1
6 55 2
17 27 2
4 91 1
49 127 2
32 145 2
3 28 2
0 135 1
18 130 1
24 129 2
41 159 2
45 143 1
4 78 2
2 61 1
19 126 1
41 96 2
39 142 1
50 115 2
35 44 2
20 145 1
34 102 1
33 128 1
3 17 2
20 138 2
19 92 1
21 81 1
6 21 2
16 26 2
1 78 1
33 74 1
19 115 2
1 118 1
19 29 2
23 34 2
46 93 1
50 151 1
6 80 1
51 136 1
45 51 2
25 159 2
2 68 1
13 106 1
9 21 2
29 101 2
31 101 1
40 144 1
21 24 2
1 22 2
16 92 1
13 15 2
19 84 1
19 64 1
2 31 2
0 48 2
5 138 1
7 75 1
34 150 1
10 121 2
30 37 2
35 100 1
1 68 1
0 51 2
13 120 1
25 55 1
34 101 1
18 59 1
39 122 1
52 137 2
45 63 1
7 121 2
30 118 2
25 86 2
25 88 2
26 133 1
7 17 2
21 92 1
0 107 1
49 80 1
43 116 2
5 159 1
1 29 2
6 64 1
5 114 1
3 26 2
15 67 2
1 121 1
27 119 1
22 40 2
38 137 2
48 93 1
14 35 2
11 159 1
13 45 2
7 19 2
38 49 2
39 129 1
3 8 2
24 93 2
2 12 2
13 28 2
41 154 1
29 84 1
12 14 2
25 33 2
12 39 2
44 148 2
3 14 2
30 151 2
23 69 1
1 104 2
3 83 1
23 49 2
18 82 1
17 144 2
38 130 1
46 103 2
12 13 2
35 56 2
16 27 2
14 130 2
24 82 1
21 110 1
1 142 1
29 117 2
33 92 1
24 42 2
34 108 2
32 158 1
32 40 2
41 133 1
41 49 2
29 110 2
30 46 2
12 26 2
47 78 1
21 37 2
50 98 1
3 46 2
32 110 1
10 60 1
6 76 1
10 146 1
50 144 2
24 152 1
38 158 2
40 147 1
44 145 2
26 129 1
41 153 2
14 109 2
3 67 2
4 85 1
27 29 2
28 141 2
14 149 1
30 97 2
23 90 2
10 75 2
34 126 1
23 96 1
34 91 1
16 144 1
38 150 2
47 55 1
4 144 1
25 90 1
28 69 2
18 142 1
46 53 1
14 32 2
15 101 1
39 138 1
36 144 1
18 95 1
4 100 1
5 148 1
49 55 2
13 72 1
31 56 1
29 88 1
12 121 1
6 43 2
3 11 2
38 60 1
11 133 2
31 115 1
12 67 2
13 158 2
14 152 1
5 91 1
8 24 2
30 126 1
17 115 2
37 79 1
27 118 1
1 46 2
46 68 1
44 108 1
28 125 1
17 22 2
10 72 1
30 78 1
45 115 1
16 85 1
34 52 2
0 87 2
13 143 2
3 49 2
49 135 2
3 53 1
28 58 1
52 154 1
13 117 1
36 99 2
42 56 2
4 26 2
44 95 1
9 31 2
5 63 1
16 95 1
38 157 1
25 64 1
28 122 2
8 65 1
9 127 1
17 74 1
39 145 1
17 146 1
34 42 2
44 45 2
22 96 2
42 95 1
18 105 2
1 57 1
44 97 1
23 99 1
36 61 2
0 26 2
2 137 1
30 47 2
6 41 2
37 88 1
0 40 2
0 13 2
14 40 2
36 70 2
6 36 2
1 107 1
29 46 2
48 157 2
33 143 2
27 108 2
32 52 2
17 100 1
12 149 2
31 133 1
46 156 1
37 66 1
17 57 1
43 115 2
9 64 2
9 30 2
16 41 2
40 43 2
31 68 1
5 119 1
21 64 2
42 52 2
18 118 1
32 150 1
21 33 2
36 52 2
12 16 2
11 33 2
26 100 1
33 144 2
33 41 2
4 90 2
13 46 2
30 130 1
46 83 1
41 50 2
20 100 1
9 25 2
41 117 1
22 106 2
51 63 1
19 31 2
44 119 1
40 77 2
1 117 1
37 145 1
6 139 1
39 131 2
7 85 2
22 28 2
3 94 1
46 97 2
16 56 1
23 52 2
0 116 1
40 53 1
5 79 2
26 136 2
33 145 2
6 89 1
13 27 2
8 28 2
44 83 2
24 31 2
4 48 2
52 107 1
0 72 1
26 140 1
27 93 2
25 140 1
26 30 2
8 149 1
32 99 2
2 56 1
10 73 2
46 88 2
45 116 1
50 55 1
47 49 2
24 32 2
20 23 2
2 3 2
33 108 2
25 80 2
10 156 1
11 52 2
3 16 2
12 72 1
32 61 2
14 83 1
10 21 2
16 115 1
28 126 1
38 104 1
48 99 2
38 134 1
1 129 1
23 135 2
2 152 1
13 49 2
10 140 1
45 149 2
44 131 1
0 88 1
39 60 1
7 125 1
21 22 2
12 15 2
29 136 2
52 92 2
34 35 2
50 70 2
41 47 2
36 121 2
49 82 1
26 48 2
30 82 1
43 90 1
15 28 2
28 142 2
28 95 1
13 138 1
7 22 2
4 59 1
45 49 2
1 67 1
12 96 1
2 27 2
17 37 2
31 93 2
13 86 2
36 114 1
45 47 2
7 11 2
37 129 2
40 63 1
21 137 1
13 41 2
0 148 1
33 130 1
9 84 2
3 89 1
22 50 2
1 82 2
37 70 1
17 52 2
25 117 2
5 80 1
20 142 2
25 157 2
36 118 1
39 97 1
43 136 1
5 157 1
42 130 2
4 119 1
11 18 2
35 79 1
36 147 2
0 158 2
17 44 2
15 131 1
1 159 1
9 111 2
21 60 1
13 35 2
15 26 2
27 45 2
31 88 1
38 101 2
46 134 1
52 135 2
47 126 2
6 148 1
29 44 2
11 154 1
35 151 2
44 56 1
2 15 2
38 118 2
0 141 2
15 58 1
34 46 2
6 69 2
48 78 1
50 73 1
18 122 1
11 150 1
20 131 1
50 65 1
31 99 1
43 159 1
5 24 2
42 124 2
4 105 1
32 75 1
34 85 1
31 141 2
39 114 1
37 105 1
17 149 1
40 104 1
30 119 1
20 123 2
30 132 2
49 151 1
48 89 2
36 116 1
42 62 1
7 9 2
43 48 2
15 98 2
4 37 2
19 138 1
21 68 1
35 119 2
6 8 2
5 107 2
18 74 1
45 55 1
19 59 1
1 44 2
36 46 2
24 46 2
18 19 2
47 82 1
5 145 1
49 143 1
16 128 1
9 74 1
8 98 1
24 123 2
27 43 2
11 100 1
38 145 1
40 123 2
20 24 2
13 85 2
43 68 1
26 107 1
19 45 2
46 77 1
11 31 2
14 41 2
15 31 2
51 153 2
30 41 2
40 84 2
2 30 2
50 99 2
35 60 2
31 77 1
28 93 2
19 30 2
3 4 2
0 86 1
9 80 2
26 85 1
0 57 2
3 18 2
20 69 2
20 25 2
26 132 1
5 42 2
48 53 1
14 15 2
16 69 1
44 46 2
31 125 1
6 48 2
31 105 2
13 139 1
0 109 1
46 61 1
45 100 1
17 107 2
7 72 1
39 118 1
34 49 2
2 8 2
3 22 2
0 37 2
15 73 2
42 108 2
12 65 1
33 37 2
35 108 2
18 68 1
0 29 2
28 151 1
26 57 2
26 72 1
10 43 2
35 111 2
0 77 1
48 145 1
43 63 1
36 105 2
16 63 1
8 48 2
24 36 2
47 57 2
24 48 2
10 95 1
5 89 1
10 71 1
3 106 2
35 94 2
12 87 2
9 131 1
7 91 1
3 125 1
43 79 2
48 116 1
5 82 1
24 45 2
52 71 1
9 43 2
32 130 2
25 75 2
24 122 2
38 109 2
49 125 2
11 55 1
23 152 1
34 136 2
23 42 2
42 49 2
9 56 2
30 50 2
38 64 2
11 136 2
47 129 2
43 109 1
12 130 1
19 56 1
35 84 1
18 155 1
3 134 1
2 89 1
9 69 1
10 84 1
26 27 2
38 58 1
3 27 2
21 143 1
38 117 1
26 36 2
13 157 1
43 45 2
30 137 1
35 92 1
19 157 2
32 48 2
48 83 2
3 55 1
35 148 1
1 103 1
21 43 2
42 103 1
29 102 1
20 45 2
36 72 2
8 62 1
26 45 2
41 110 1
32 135 1
10 125 1
40 57 1
4 86 2
2 58 1
12 141 1
4 52 2
16 88 1
51 97 1
4 110 1
30 106 1
34 73 1
16 54 1
44 104 1
19 41 2
32 136 1
14 108 1
18 125 2
0 59 1
25 115 2
25 48 2
5 99 1
18 123 2
10 135 1
19 101 1
14 17 2
21 130 1
1 33 2
6 102 1
23 51 2
13 65 1
50 81 1
37 64 1
35 50 2
41 52 2
40 44 2
1 52 2
47 156 1
0 153 2
22 137 2
8 63 1
20 93 2
16 131 1
43 108 1
31 140 1
27 28 2
39 86 2
37 106 2
14 107 1
17 127 2
5 13 2
23 86 1
32 134 1
48 155 1
2 113 2
7 136 1
26 50 2
0 58 1
36 115 1
39 73 2
40 117 2
21 154 2
43 152 1
11 38 2
1 17 2
18 144 1
46 135 1
34 43 2
24 52 2
32 64 1
47 148 1
24 65 2
28 50 2
42 73 2
1 100 1
17 154 1
28 43 2
3 86 2
20 99 1
49 74 1
25 81 2
7 155 1
41 43 2
23 117 2
46 145 1
3 9 2
7 40 2
46 49 2
14 102 1
19 52 2
13 51 2
0 3 2
26 106 1
18 48 2
36 109 1
5 40 2
20 84 1
10 54 1
34 130 1
22 119 2
25 99 2
44 122 1
6 17 2
29 37 2
24 115 2
22 26 2
33 107 1
26 51 2
7 84 2
1 108 1
15 85 2
30 133 2
9 112 1
45 103 1
27 114 1
40 115 1
11 130 2
21 83 2
17 76 1
15 46 2
26 84 1
29 71 1
35 95 1
23 66 1
24 144 1
49 65 1
7 61 2
35 139 1
39 148 1
22 100 1
6 122 2
36 150 1
40 145 2
40 102 1
34 77 1
11 69 1
18 136 1
44 141 1
30 90 1
8 121 2
44 142 2
39 137 1
33 38 2
50 93 1
32 50 2
10 90 1
47 93 1
16 142 2
44 94 1
34 129 2
37 136 2
10 97 1
25 144 2
39 116 2
5 67 1
45 66 1
41 115 2
30 152 1
7 47 2
41 72 2
26 156 1
28 37 2
13 40 2
39 75 2
0 63 1
17 129 1
13 43 2
31 51 2
21 133 1
20 82 2
0 99 1
52 72 1
25 101 1
52 113 1
19 88 1
15 148 1
4 32 2
2 7 2
17 99 2
16 94 1
43 129 2
13 88 1
32 83 1
15 51 2
28 55 2
42 156 1
31 33 2
7 64 1
32 129 1
38 103 2
14 51 2
42 151 1
27 94 1
11 23 2
48 125 1
26 153 2
8 46 2
27 156 1
21 117 1
28 99 1
2 108 2
13 146 2
15 112 1
23 146 2
44 149 2
29 61 2
14 71 1
24 96 1
39 48 2
0 35 2
49 93 1
32 45 2
46 125 1
17 80 2
14 67 2
15 151 2
36 65 1
37 62 1
51 155 1
37 154 1
50 89 1
24 135 1
5 122 1
3 50 2
8 39 2
52 108 1
11 67 2
1 66 2
9 35 2
2 13 2
2 40 2
12 81 1
7 18 2
0 36 2
49 111 2
22 45 2
5 14 2
2 60 1
4 140 1
3 35 2
42 81 2
49 94 1
30 48 2
18 114 1
11 92 1
21 116 1
28 147 1
12 46 2
49 83 2
40 69 2
20 95 1
12 40 2
40 85 2
4 143 1
39 77 1
28 83 1
2 45 2
18 27 2
11 122 1
1 15 2
19 40 2
27 91 1
45 140 1
22 113 2
42 55 2
41 132 2
3 51 2
17 92 2
3 100 1
46 51 2
2 94 2
20 73 1
26 88 1
45 62 1
10 127 1
0 128 2
20 140 1
0 133 1
17 18 2
23 131 1
16 55 1
35 140 1
42 65 1
18 134 2
47 143 1
18 32 2
18 45 2
40 99 2
0 49 2
12 127 1
39 119 2
6 33 2
11 49 2
30 62 1
17 28 2
17 77 1
21 100 1
15 129 1
17 31 2
33 139 1
18 33 2
13 34 2
17 63 1
37 132 2
27 47 2
45 71 1
43 84 2
15 111 1
37 124 2
28 49 2
52 151 1
34 64 1
31 73 2
5 46 2
44 110 1
13 78 2
5 6 2
17 30 2
22 36 2
52 125 1
39 128 1
49 107 1
52 159 1
0 53 1
0 15 2
51 68 1
21 25 2
36 68 2
9 91 1
2 18 2
42 146 2
32 79 1
20 47 2
25 119 2
26 78 2
21 40 2
16 73 1
10 116 2
31 74 1
35 99 1
30 131 1
33 49 2
36 76 2
52 94 1
11 137 1
22 39 2
31 35 2
37 158 2
12 110 1
51 98 2
31 135 2
48 111 1
44 60 1
50 157 1
23 84 1
30 65 1
14 25 2
5 41 2
27 70 1
2 78 1
37 130 1
12 42 2
32 114 1
31 151 1
32 153 1
42 128 1
51 103 2
0 38 2
1 25 2
22 48 2
27 92 1
28 114 2
35 45 2
24 154 1
18 85 2
29 50 2
34 68 2
37 98 2
27 41 2
10 153 1
7 71 1
10 148 1
52 96 2
7 83 1
43 57 2
17 51 2
13 62 1
4 111 1
18 107 1
13 105 1
19 116 1
38 87 2
51 76 1
46 67 1
5 92 1
28 100 1
24 76 2
1 28 2
37 113 2
9 125 2
33 70 1
4 5 2
25 107 1
39 155 1
30 123 1
47 64 1
7 49 2
10 33 2
20 39 2
14 137 1
44 103 2
28 104 2
34 106 2
1 89 2
11 152 1
3 34 2
1 76 1
28 62 1
21 146 1
40 68 1
21 101 2
13 47 2
26 42 2
19 90 2
21 44 2
28 123 2
29 140 2
47 116 1
4 18 2
8 38 2
47 128 1
22 92 1
13 93 2
39 59 1
33 57 1
4 60 1
24 83 1
12 156 2
52 115 1
24 130 2
11 110 1
5 100 1
24 113 2
22 71 2
12 101 2
35 75 1
8 35 2
1 151 2
5 132 1
25 63 1
9 16 2
28 107 2
7 109 2
38 116 1
10 102 2
29 52 2
12 44 2
9 82 1
19 110 2
9 155 1
0 155 2
2 32 2
24 71 2
2 65 2
28 68 2
18 96 1
43 113 2
39 147 1
1 150 1
35 122 2
3 69 1
10 32 2
12 103 1
33 125 1
44 87 1
36 91 1
23 78 1
13 130 1
45 156 2
9 27 2
10 41 2
25 26 2
14 21 2
12 59 2
2 29 2
22 23 2
12 68 2
48 49 2
0 71 1
5 29 2
2 83 1
9 106 2
2 129 2
40 158 2
50 53 2
16 83 2
36 85 1
44 72 2
40 107 1
36 42 2
25 105 1
7 69 1
49 113 1
50 159 1
1 32 2
6 94 1
30 64 1
18 112 1
22 32 2
29 68 1
6 73 1
48 103 1
34 117 1
30 134 1
4 27 2
32 57 1
25 58 2
18 157 1
5 52 2
37 55 1
36 112 1
15 97 2
46 152 1
1 132 1
18 46 2
40 65 2
32 148 2
0 79 1
48 135 1
9 146 2
5 113 1
42 89 1
39 81 1
0 98 1
35 77 2
41 135 1
2 125 1
38 106 1
40 121 2
30 51 2
31 81 1
45 157 1
33 34 2
26 62 2
3 58 1
52 65 2
48 92 1
7 110 1
40 88 2
27 40 2
33 129 2
0 10 2
12 158 1
44 96 1
14 148 1
30 154 2
8 50 2
21 65 1
27 142 1
16 67 1
40 126 1
2 79 1
23 154 1
46 144 1
37 100 1
8 141 2
52 93 1
35 157 2
0 30 2
32 109 1
32 70 1
9 51 2
12 126 1
8 115 2
11 64 1
23 134 1
22 91 2
13 60 2
39 101 1
39 133 2
9 42 2
36 44 2
33 98 2
52 80 1
35 97 1
32 126 2
24 37 2
48 104 2
17 50 2
37 155 1
22 130 1
20 154 2
11 36 2
20 110 1
12 109 1
24 60 1
2 37 2
21 140 1
3 120 1
46 76 1
17 150 1
14 94 1
10 65 2
37 38 2
15 41 2
41 58 1
0 19 2
29 143 1
48 128 1
22 147 1
35 137 1
50 83 1
26 77 2
7 10 2
39 150 1
11 63 1
9 107 1
16 96 1
31 78 2
38 83 1
48 91 2
48 153 2
37 143 1
18 36 2
17 61 1
3 74 2
1 124 1
33 77 1
52 82 2
11 65 1
7 36 2
26 110 2
8 75 1
1 158 1
1 131 1
24 44 2
8 49 2
23 75 1
21 66 2
43 153 1
9 66 2
17 29 2
9 53 2
0 52 2
32 96 1
16 19 2
23 45 2
7 78 2
43 76 1
20 62 1
39 41 2
10 128 1
47 123 1
12 37 2
23 40 2
23 27 2
16 105 2
8 57 1
38 112 2
31 34 2
3 7 2
18 35 2
4 92 2
7 147 1
37 141 2
37 107 2
10 44 2
25 98 1
51 91 1
14 50 2
9 55 1
49 146 1
24 74 2
6 58 1
22 41 2
5 146 1
6 135 1
41 138 1
33 96 2
26 159 1
21 50 2
7 57 2
47 141 1
8 18 2
5 158 1
8 29 2
33 119 1
44 81 1
50 135 1
42 97 2
20 33 2
17 81 1
0 119 1
43 112 1
14 37 2
49 103 1
52 128 2
46 116 1
49 153 1
8 17 2
40 103 1
33 61 2
44 137 2
10 29 2
41 89 1
8 113 1
20 26 2
31 64 2
23 65 2
27 127 1
29 121 2
1 4 2
39 54 2
37 80 2
14 79 1
17 136 1
3 142 1
10 136 1
22 84 1
27 35 2
3 39 2
20 107 2
34 83 1
31 106 1
9 94 1
31 65 1
43 100 2
24 145 1
32 85 1
1 35 2
7 134 1
12 71 2
16 32 2
17 142 2
16 20 2
40 141 1
18 77 1
0 33 2
24 134 1
32 100 1
29 86 1
37 85 2
25 124 1
37 114 1
33 39 2
23 31 2
17 25 2
2 51 2
11 27 2
19 109 1
25 62 2
24 62 1
24 30 2
32 159 1
9 73 1
27 123 1
33 111 1
16 68 1
27 31 2
18 102 2
52 57 1
3 54 1
19 83 2
52 88 1
45 64 1
32 44 2
40 131 2
9 24 2
9 23 2
27 90 1
24 35 2
9 46 2
49 70 2
15 93 1
18 135 2
23 112 1
6 27 2
5 104 1
3 87 1
19 78 2
39 146 2
52 119 1
48 140 1
24 136 1
32 157 1
17 64 1
4 49 2
14 156 2
23 110 1
29 144 2
3 155 2
47 144 2
25 69 1
48 50 2
40 139 2
6 141 2
7 130 1
24 150 2
26 47 2
38 81 1
44 63 2
21 135 2
3 99 1
43 95 1
40 89 1
1 125 1
52 56 1
15 40 2
33 138 2
9 58 1
5 111 1
17 152 2
29 78 1
43 78 2
11 34 2
27 30 2
1 12 2
1 61 1
13 148 1
21 30 2
10 49 2
6 51 2
45 137 1
5 26 2
50 100 1
2 19 2
47 50 2
23 119 1
51 95 1
8 16 2
27 62 1
1 48 2
43 151 1
40 86 2
37 148 2
38 100 1
26 66 1
38 108 1
38 68 1
39 85 1
43 62 1
45 89 2
1 65 1
8 111 2
27 33 2
51 86 1
11 135 2
1 119 1
50 104 2
37 72 2
15 156 1
5 65 2
16 52 2
21 69 1
41 150 2
34 142 1
40 142 1
40 130 1
1 97 1
47 133 1
17 60 1
40 72 2
35 114 1
28 135 1
1 40 2
32 34 2
6 52 2
5 127 1
21 34 2
2 141 1
33 67 1
19 97 1
19 117 2
49 106 1
38 121 1
13 97 1
18 153 2
41 75 2
27 103 2
18 147 2
3 45 2
20 122 1
24 132 2
49 58 1
7 113 2
38 127 1
12 159 2
2 149 2
20 144 2
10 124 1
12 133 2
1 148 1
24 43 2
8 33 2
39 123 1
0 56 1
28 52 2
27 53 1
22 29 2
31 52 2
18 145 2
10 87 1
15 149 1
4 45 2
14 88 2
21 29 2
11 87 1
47 51 2
41 51 2
4 30 2
50 64 1
5 115 2
46 82 2
0 76 1
19 113 1
52 59 1
23 29 2
44 76 1
18 44 2
28 30 2
46 48 2
20 135 1
0 92 1
33 40 2
33 109 2
28 44 2
22 120 1
46 126 1
3 128 1
40 54 2
23 53 2
26 128 1
29 149 2
37 99 1
5 36 2
26 145 1
12 139 1
13 149 1
35 146 2
3 40 2
44 118 1
28 92 1
12 33 2
26 34 2
4 42 2
6 146 1
8 9 2
22 76 2
37 121 1
18 50 2
28 51 2
36 47 2
43 149 2
11 104 1
26 89 1
12 36 2
16 123 1
1 74 1
29 127 1
48 90 1
7 50 2
46 71 1
1 27 2
13 144 1
11 142 1
40 75 1
51 75 1
34 84 1
16 120 1
20 61 1
6 56 1
5 37 2
24 39 2
26 105 1
6 111 2
4 11 2
19 46 2
50 145 1
7 53 1
11 17 2
21 157 1
23 89 1
21 47 2
16 50 2
47 99 1
41 97 1
28 144 2
51 56 2
51 128 2
20 152 1
20 143 1
2 82 1
4 19 2
11 146 1
8 22 2
2 34 2
10 42 2
43 82 1
32 73 1
40 97 1
23 74 1
36 111 2
39 132 2
35 68 1
48 52 2
41 45 2
45 50 2
49 155 1
29 156 1
22 49 2
23 156 2
39 58 2
1 37 2
15 37 2
27 38 2
4 71 1
30 99 2
10 159 1
37 44 2
14 139 2
26 63 1
3 135 1
35 91 2
40 46 2
9 148 1
23 63 1
10 35 2
5 47 2
12 91 2
5 139 1
24 91 2
32 120 1
13 69 1
33 153 2
24 156 1
51 62 2
26 149 1
28 78 2
50 75 1
6 74 2
29 79 2
47 75 1
10 133 1
24 114 1
13 119 1
33 58 2
3 41 2
21 35 2
30 117 2
5 21 2
30 32 2
51 149 1
7 35 2
7 62 1
48 139 1
34 115 2
4 73 1
23 79 1
36 139 1
15 69 2
26 46 2
33 66 2
2 73 1
51 125 1
42 51 2
34 131 2
42 148 1
2 22 2
40 153 1
10 79 2
41 57 1
34 44 2
11 22 2
32 151 1
42 59 2
7 25 2
27 149 1
22 33 2
43 123 1
42 126 2
48 65 2
10 143 1
1 24 2
41 88 2
12 75 2
23 159 1
3 6 2
43 157 1
37 47 2
28 48 2
33 140 1
19 43 2
19 72 1
3 113 2
26 94 1
44 59 2
14 106 2
6 44 2
0 24 2
22 80 1
12 150 2
29 159 2
0 127 1
51 127 1
8 101 1
51 54 1
2 85 1
23 94 2
13 18 2
33 71 2
9 44 2
48 79 2
49 77 1
49 156 1
8 106 1
27 61 1
35 107 1
40 111 2
24 70 1
29 85 1
2 52 2
38 76 1
32 144 1
12 153 2
32 53 1
46 105 1
38 67 2
45 74 2
11 61 1
50 154 2
39 153 2
49 64 2
11 156 2
44 67 1
1 3 2
19 79 1
8 47 2
44 115 1
45 134 1
35 81 1
17 113 1
1 58 1
17 159 1
25 54 2
22 123 2
41 59 1
12 48 2
2 107 1
37 82 1
35 149 1
35 63 1
20 49 2
23 47 2
7 77 1
4 148 1
14 18 2
5 144 1
17 45 2
13 99 2
3 57 1
13 70 2
3 32 2
20 124 1
15 36 2
6 62 1
50 74 1
8 30 2
42 74 1
3 85 2
35 69 1
7 150 1
7 37 2
27 146 1
25 151 2
22 122 2
6 149 1
37 50 2
24 118 2
49 51 2
8 148 2
0 45 2
23 122 1
23 37 2
21 53 1
18 131 1
5 33 2
5 61 2
3 31 2
36 78 1
47 53 1
16 18 2
8 135 1
46 85 2
45 109 1
48 149 1
33 104 1
9 79 1
32 125 1
16 149 1
22 121 1
27 32 2
15 17 2
34 51 2
12 145 1
40 50 2
51 66 1
26 71 1
25 137 2
27 100 2
9 153 1
43 128 1
6 143 1
14 54 2
2 41 2
23 87 1
39 62 1
36 141 1
8 118 1
44 75 1
23 24 2
2 98 1
0 131 1
17 145 1
10 46 2
28 82 1
30 149 2
26 123 1
9 108 1
30 39 2
3 98 1
14 39 2
1 5 2
49 119 2
26 109 1
44 143 2
37 40 2
38 154 2
47 90 1
1 19 2
43 54 1
30 84 2
43 47 2
49 141 2
20 90 1
4 13 2
47 109 1
40 49 2
12 35 2
5 20 2
27 116 1
51 119 1
17 69 2
22 154 1
40 82 2
4 107 2
47 79 1
4 81 2
13 58 2
2 75 2
7 34 2
0 136 2
17 93 2
31 142 1
1 134 1
29 72 1
16 82 1
14 74 1
33 134 1
31 92 2
44 52 2
19 106 2
34 75 1
7 99 1
20 28 2
32 59 1
5 7 2
44 57 1
38 74 1
28 113 1
18 49 2
45 105 2
44 151 1
29 126 1
12 20 2
49 159 2
6 155 1
52 143 1
29 54 2
28 134 1
11 149 1
9 124 2
7 44 2
46 59 2
48 158 2
4 80 2
18 25 2
39 57 1
38 111 1
4 35 2
49 88 2
31 108 1
4 25 2
21 74 1
9 32 2
17 138 1
29 137 1
42 116 2
9 116 2
33 60 1
32 42 2
22 131 2
37 137 1
22 44 2
36 132 1
31 42 2
27 155 1
36 39 2
0 121 2
23 147 1
31 40 2
12 155 1
38 73 1
26 146 2
18 51 2
25 141 2
28 71 2
4 83 2
29 111 1
33 116 1
45 145 1
15 113 2
50 71 2
12 135 1
22 35 2
1 77 1
34 113 1
6 15 2
33 148 2
40 66 1
6 93 1
29 116 1
32 54 1
3 112 2
46 66 2
5 22 2
14 36 2
27 154 1
42 100 2
31 38 2
5 68 1
20 38 2
40 113 2
14 58 1
5 101 2
50 122 1
45 97 2
22 65 1
39 74 1
41 146 2
2 155 2
18 43 2
51 79 2
23 140 1
3 24 2
40 45 2
14 158 2
21 46 2
48 156 1
40 105 2
17 40 2
21 144 2
8 10 2
38 40 2
48 72 1
11 94 2
52 60 1
48 70 1
10 31 2
32 47 2
1 38 2
52 132 2
23 111 2
2 21 2
31 154 1
8 77 1
46 57 1
36 117 2
34 159 2
15 110 2
11 59 1
27 48 2
12 115 1
10 120 1
41 81 2
33 44 2
4 16 2
34 140 2
14 123 1
2 14 2
10 123 2
34 78 1
35 155 2
6 136 1
16 77 2
51 73 1
42 44 2
20 41 2
19 158 2
43 110 2
39 149 1
12 92 2
15 65 1
6 42 2
51 105 1
7 13 2
16 86 1
27 144 2
13 131 1
15 20 2
21 71 1
49 85 1
1 16 2
2 106 2
7 135 2
19 70 2
52 146 1
32 102 2
10 15 2
8 83 2
40 74 2
36 104 2
36 92 2
35 58 1
28 143 1
34 60 1
37 159 2
49 144 1
52 73 1
16 33 2
2 114 1
0 65 2
34 58 1
13 134 1
31 149 1
43 66 2
13 19 2
14 45 2
31 54 1
3 119 1
4 34 2
28 45 2
50 131 2
49 117 2
10 150 2
49 108 1
21 126 2
48 115 1
17 35 2
46 47 2
46 140 1
47 113 1
0 44 2
23 88 1
48 107 1
47 88 1
5 136 1
41 101 1
46 114 1
14 142 1
15 116 1
17 118 2
52 124 1
45 53 1
37 49 2
6 34 2
9 33 2
23 91 1
0 154 1
40 70 1
15 103 1
3 5 2
12 19 2
0 54 2
11 132 1
52 118 2
4 50 2
1 85 2
16 75 2
9 13 2
43 107 1
46 72 1
16 22 2
16 44 2
16 116 2
27 39 2
30 81 2
30 122 2
3 68 1
27 102 1
25 74 2
31 59 1
27 147 2
43 50 2
39 51 2
47 65 1
16 124 1
4 133 1
30 113 1
0 42 2
48 95 1
26 82 2
48 54 2
4 51 2
42 63 1
33 120 1
26 64 1
38 71 2
22 102 2
48 110 1
15 100 1
29 43 2
23 80 1
37 96 2
26 54 2
18 115 1
18 81 1
38 119 1
21 78 2
7 156 1
10 137 1
46 60 1
46 139 1
27 112 1
24 125 1
36 57 2
51 139 1
23 25 2
42 129 1
30 70 2
17 43 2
18 86 1
29 83 1
31 137 1
40 101 1
27 63 2
15 62 2
28 41 2
48 129 1
37 39 2
51 122 2
35 51 2
6 67 1
20 91 1
2 115 1
7 116 2
20 32 2
6 50 2
25 116 1
5 9 2
12 50 2
32 69 2
0 12 2
32 81 1
38 39 2
50 138 1
25 42 2
40 112 2
24 137 2
3 29 2
31 123 2
31 57 1
3 124 1
15 35 2
29 70 2
40 64 1
51 85 1
45 78 1
3 59 1
24 117 1
14 128 1
30 31 2
21 55 2
11 70 2
50 152 2
15 30 2
21 158 2
12 114 1
18 73 1
1 140 2
32 115 1
2 43 2
6 23 2
9 129 2
19 26 2
2 96 1
45 83 1
21 114 1
44 49 2
43 61 1
34 37 2
20 27 2
22 64 1
42 142 1
20 67 1
50 119 1
19 93 1
19 37 2
26 144 1
45 77 1
33 136 2
19 148 1
51 110 1
38 143 1
12 80 1
18 92 1
12 34 2
9 142 1
47 102 1
20 141 1
1 152 2
6 20 2
31 63 2
1 157 1
12 18 2
34 41 2
38 153 2
45 48 2
16 158 1
46 117 1
15 29 2
38 148 2
37 89 1
29 93 1
35 109 1
20 44 2
19 144 1
27 88 2
1 135 1
6 28 2
1 21 2
51 101 1
8 105 1
36 43 2
20 21 2
1 7 2
23 36 2
13 79 2
28 130 1
36 45 2
3 115 2
42 64 1
16 71 1
18 83 1
22 73 1
17 33 2
36 106 2
14 23 2
28 72 2
21 72 1
50 158 1
19 120 1
14 92 2
30 35 2
36 66 1
17 94 1
27 49 2
15 87 1
29 97 1
50 52 2
37 42 2
28 128 1
44 70 2
2 147 1
5 152 2
20 29 2
11 50 2
17 105 2
3 63 1
17 85 2
6 45 2
2 44 2
20 36 2
48 97 1
14 131 2
8 158 1
13 103 1
50 67 2
6 32 2
24 143 1
19 86 1
21 26 2
15 49 2
39 102 1
25 43 2
17 79 1
9 39 2
52 103 2
37 45 2
36 55 2
6 47 2
14 38 2
27 120 1
40 109 2
49 123 1
29 128 2
14 43 2
24 149 1
12 85 1
18 24 2
14 126 1
30 103 1
6 101 1
8 128 2
39 83 1
0 6 2
12 128 1
8 53 1
19 141 1
42 99 1
32 122 1
50 58 1
31 80 2
13 87 1
2 42 2
25 118 1
16 97 1
43 119 1
8 126 1
52 130 2
45 59 2
39 46 2
4 12 2
11 151 1
4 158 2
6 103 1
19 48 2
4 129 1
11 78 2
39 78 1
42 47 2
20 83 2
24 78 1
4 41 2
35 39 2
33 86 2
42 137 1
1 72 1
49 158 1
4 157 1
14 112 1
25 83 1
27 124 2
3 23 2
7 142 1
41 147 1
51 109 1
46 104 2
12 49 2
47 70 1
7 30 2
13 16 2
22 108 1
13 147 1
12 21 2
45 148 1
0 132 1
10 26 2
41 126 2
38 138 1
39 79 1
18 104 1
43 51 2
31 85 1
16 108 2
50 51 2
10 39 2
40 148 1
13 92 1
10 52 2
9 68 2
1 109 1
38 93 1
7 15 2
0 50 2
43 44 2
9 104 2
16 152 1
7 8 2
25 158 1
1 45 2
39 152 2
12 52 2
4 113 1
12 30 2
32 66 1
12 144 1
41 99 2
33 137 2
32 68 1
25 66 1
21 31 2
37 48 2
5 128 2
14 87 1
39 127 1
9 130 1
26 115 2
9 126 2
41 143 1
5 44 2
19 38 2
36 80 1
6 152 1
24 90 1
39 90 1
32 92 1
13 17 2
13 54 2
29 82 1
44 140 2
25 27 2
15 44 2
8 99 1
13 137 2
8 146 1
22 60 1
3 84 1
10 63 1
47 68 1
14 22 2
2 36 2
29 33 2
15 60 1
35 87 1
37 86 1
1 34 2
22 54 2
29 92 2
22 128 1
50 128 1
27 78 1
25 37 2
25 128 2
35 36 2
47 149 2
15 24 2
33 95 2
25 134 1
32 147 1
3 56 1
41 107 2
13 63 1
33 35 2
47 140 1
43 56 1
27 135 2
32 123 2
16 153 1
34 135 1
19 133 2
19 39 2
26 52 2
24 79 1
51 84 1
1 106 1
10 45 2
13 36 2
51 145 1
9 87 2
17 47 2
0 32 2
2 47 2
16 40 2
49 52 2
11 56 1
13 102 2
13 127 2
32 139 1
40 58 1
52 77 1
33 51 2
46 64 1
29 48 2
24 33 2
26 31 2
29 95 1
32 119 1
19 129 2
9 92 1
15 142 1
22 72 1
43 98 1
9 22 2
45 104 1
2 101 2
20 56 1
7 63 2
47 98 1
5 70 2
0 125 1
5 81 1
19 125 1
51 116 1
13 123 1
30 158 2
35 43 2
27 68 1
19 152 1
3 78 1
46 148 2
33 91 1
52 100 1
4 96 1
32 105 1
0 28 2
12 47 2
8 15 2
11 80 1
49 142 1
18 41 2
11 134 1
37 94 2
1 31 2
13 122 1
2 5 2
26 55 1
30 129 2
9 37 2
16 43 2
9 10 2
5 86 1
6 9 2
51 148 1
18 143 1
3 139 1
11 39 2
49 154 1
22 25 2
9 138 1
29 40 2
1 50 2
30 127 1
14 154 2
18 84 1
5 16 2
2 99 1
40 114 1
37 149 1
12 120 1
6 24 2
16 138 1
28 63 1
9 20 2
8 36 2
9 113 1
16 90 1
9 149 2
13 56 1
8 109 1
9 19 2
28 94 2
4 38 2
48 69 1
24 159 2
12 38 2
28 97 1
15 25 2
4 47 2
37 131 1
4 31 2
9 141 2
19 66 1
38 95 1
28 138 2
23 114 1
35 40 2
16 47 2
6 12 2
22 159 1
9 137 1
8 80 1
31 111 2
48 137 1
10 50 2
42 122 1
17 26 2
6 46 2
8 12 2
16 157 1
11 77 2
24 41 2
9 154 1
4 79 1
15 64 1
6 100 1
23 120 1
26 96 1
44 154 1
51 150 1
28 124 2
27 46 2
52 70 2
16 139 1
41 141 1
12 62 1
22 104 2
6 77 1
37 76 1
47 110 2
27 121 2
49 112 2
50 56 1
21 142 1
7 132 1
2 16 2
24 133 1
49 84 2
23 109 1
35 93 1
12 134 2
10 25 2
26 70 1
8 155 1
18 66 2
6 26 2
52 68 1
19 65 2
27 83 1
36 75 2
25 67 1
23 83 1
23 157 1
41 100 1
50 97 1
8 119 1
27 110 1
25 52 2
23 148 1
4 29 2
20 79 1
27 98 2
23 97 1
37 127 1
10 105 2
1 41 2
49 148 1
17 109 2
33 150 1
0 130 2
10 91 2
19 75 2
23 76 2
4 150 1
29 141 1
27 42 2
10 37 2
46 141 1
38 88 2
23 105 2
14 52 2
19 36 2
49 81 2
11 29 2
9 72 1
45 61 1
19 61 1
42 111 1
27 75 1
42 77 1
10 20 2
22 24 2
27 151 1
14 145 1
9 143 1
12 51 2
17 141 2
43 60 1
47 154 1
32 49 2
18 146 1
25 108 2
7 128 1
32 80 1
23 155 2
41 91 1
33 73 1
14 46 2
6 83 2
52 111 1
23 61 2
15 99 1
19 53 2
3 42 2
5 32 2
25 129 2
7 149 2
31 39 2
31 126 2
17 42 2
25 110 1
30 91 2
14 105 1
2 127 1
42 46 2
3 102 2
13 90 1
2 128 2
48 60 2
6 29 2
30 142 2
3 129 2
35 115 2
43 141 1
23 26 2
9 90 1
8 81 1
13 52 2
38 45 2
18 20 2
10 152 1
16 66 1
44 146 1
9 140 1
20 46 2
15 52 2
44 129 1
40 138 1
39 43 2
12 29 2
19 140 1
19 58 1
20 70 1
35 153 1
17 34 2
8 96 1
10 86 1
9 103 1
11 139 1
22 133 1
18 110 1
10 13 2
13 39 2
0 43 2
22 156 1
48 136 2
24 40 2
9 28 2
46 80 2
46 54 2
1 47 2
7 45 2
33 123 1
6 90 2
2 90 2
5 34 2
52 156 1
11 148 2
30 76 2
25 36 2
4 104 1
4 64 1
46 149 1
14 77 1
6 96 1
25 34 2
46 153 1
13 121 2
16 23 2
16 84 1
8 123 2
4 53 2
14 31 2
32 51 2
29 134 1
43 150 2
41 158 1
13 24 2
10 144 2
37 41 2
21 147 2
47 58 1
15 144 2
48 66 1
10 126 1
2 59 1
21 27 2
17 125 1
51 123 1
24 109 1
15 42 2
16 45 2
30 57 2
17 133 1
34 147 2
41 71 1
22 107 2
23 108 1
30 44 2
8 23 2
4 125 1
32 89 1
0 118 1
30 66 2
34 146 1
49 59 1
12 17 2
21 141 1
11 51 2
14 119 1
30 79 2
42 136 1
9 97 2
32 37 2
27 52 2
25 120 1
48 106 1
9 38 2
21 153 1
34 153 2
4 142 1
31 79 1
19 103 1
45 91 1
32 41 2
41 108 1
45 108 1
18 79 1
3 159 1
11 30 2
26 90 1
45 85 1
24 153 2
4 44 2
40 47 2
17 19 2
9 75 1
36 122 1
25 29 2
41 121 1
37 104 2
24 26 2
19 69 1
44 48 2
9 105 1
25 78 1
2 6 2
15 117 1
33 43 2
2 53 1
13 57 1
44 93 1
42 93 2
49 120 2
45 87 2
51 69 1
27 74 2
42 72 2
7 159 2
15 19 2
11 45 2
10 67 2
7 46 2
31 49 2
27 64 1
22 116 1
10 36 2
49 50 2
21 132 1
21 42 2
0 96 2
13 71 2
5 75 1
24 111 1
49 122 1
13 75 2
6 66 2
39 157 1
9 41 2
34 72 1
41 129 2
33 117 2
3 33 2
11 35 2
9 85 2
4 151 1
8 67 1
11 85 1
19 96 2
37 112 1
0 80 1
20 119 2
17 32 2
30 96 1
37 122 1
0 108 1
28 77 2
49 67 1
29 62 2
0 81 1
15 154 1
19 50 2
50 108 2
44 116 2
33 133 2
4 75 1
44 117 1
14 127 2
37 58 2
1 69 1
40 96 2
25 104 2
34 87 1
32 46 2
50 139 1
7 58 1
20 146 2
0 31 2
52 110 1
35 53 1
7 28 2
40 87 2
36 83 1
26 152 2
12 24 2
8 73 2
23 107 1
38 124 1
30 69 1
6 18 2
9 45 2
17 121 2
34 40 2
18 154 2
7 73 1
36 88 1
10 78 2
45 98 1
3 90 1
6 22 2
40 125 1
6 150 1
32 97 2
28 60 1
11 28 2
44 130 1
39 158 1
28 46 2
9 18 2
7 20 2
5 142 1
26 113 1
27 89 1
37 78 1
17 58 1
41 69 1
27 59 1
14 19 2
36 38 2
2 57 1
10 141 1
3 105 1
17 62 1
31 148 2
22 31 2
1 145 1
34 39 2
28 146 1
39 108 2
3 153 2
5 25 2
47 155 1
6 57 1
41 151 1
12 102 2
1 53 1
38 94 1
8 120 1
12 105 1
36 74 1
44 68 1
47 124 2
45 81 1
22 87 1
8 69 1
49 100 2
6 87 2
34 120 1
4 138 2
8 41 2
45 141 1
11 66 2
22 37 2
31 67 2
45 54 1
0 4 2
15 18 2
7 123 2
18 53 2
42 114 1
12 53 1
0 41 2
27 158 2
5 134 2
18 140 1
33 53 2
0 27 2
7 67 1
11 16 2
47 159 1
8 89 1
9 86 1
16 57 1
21 51 2
9 26 2
36 128 2
15 47 2
14 86 2
41 94 1
9 47 2
42 54 1
14 111 1
9 157 2
10 51 2
25 56 1
12 123 1
40 59 1
2 145 2
48 152 2
32 131 2
1 130 1
25 87 2
17 49 2
37 60 2
9 70 1
27 133 2
8 152 1
44 79 1
11 106 2
26 143 1
14 48 2
15 128 1
34 133 2
4 127 2
3 110 1
8 26 2
6 37 2
0 73 2
16 28 2
39 151 1
34 132 1
10 24 2
10 139 1
50 137 2
10 85 1
15 123 2
17 41 2
18 62 2
14 34 2
24 50 2
0 140 1
3 10 2
13 48 2
7 141 1
40 155 2
48 147 1
29 58 1
34 145 1
27 148 1
15 133 1
50 92 2
13 61 1
41 137 1
8 108 2
30 92 1
22 110 1
26 103 1
43 133 1
28 33 2
15 94 2
26 74 1
26 151 1
29 157 1
1 138 2
28 116 2
34 97 1
6 134 2
48 133 1
41 139 2
48 154 1
47 153 1
43 72 1
2 154 1
42 50 2
16 109 1
12 74 1
29 49 2
28 159 2
24 55 1
42 139 1
39 135 1
23 57 1
46 123 1
2 103 2
5 87 1
17 130 2
23 70 1
20 137 2
31 53 1
26 114 1
25 92 1
31 144 1
20 77 1
8 37 2
45 146 2
37 56 2
39 103 1
24 59 1
27 37 2
4 93 1
9 128 2
38 132 2
34 69 1
42 91 1
24 142 1
46 133 2
47 131 1
10 22 2
41 84 2
19 24 2
42 144 2
41 46 2
45 124 1
50 94 1
13 55 1
38 80 1
6 10 2
17 134 1
47 121 1
35 90 2
45 131 1
51 147 1
26 49 2
51 52 2
9 77 1
19 25 2
31 37 2
14 115 2
47 69 1
13 50 2
2 123 1
2 69 2
51 135 1
5 156 1
30 36 2
39 121 1
52 55 1
22 144 1
13 14 2
0 8 2
18 54 1
28 137 1
22 140 1
10 154 1
3 44 2
27 44 2
5 73 1
12 78 1
46 136 1
21 105 1
9 151 2
5 150 1
31 129 1
27 113 1
37 108 1
15 23 2
10 113 1
14 159 1
33 155 1
45 120 2
8 116 1
6 108 1
2 124 1
22 43 2
5 58 1
36 155 1
21 156 1
12 56 2
45 126 1
13 29 2
31 83 1
11 145 2
19 49 2
8 147 2
23 100 1
0 90 1
39 88 1
14 76 1
22 53 2
42 83 2
18 113 1
21 90 1
1 141 2
36 87 1
46 70 1
34 56 1
14 95 2
28 136 1
52 155 2
16 106 1
25 39 2
38 142 1
20 155 2
32 143 2
18 37 2
31 84 2
27 141 1
10 117 1
36 49 2
11 86 1
17 112 1
46 111 2
7 54 2
51 141 2
1 14 2
37 46 2
14 44 2
52 158 2
10 119 1
26 122 2
34 148 1
31 61 2
9 50 2
20 156 1
2 87 1
20 60 1
49 102 1
2 131 1
52 141 1
16 101 1
12 93 1
25 59 1
42 78 1
7 14 2
27 86 1
7 94 2
6 117 1
41 55 1
10 62 1
19 82 2
13 152 2
10 23 2
10 158 1
48 51 2
15 88 1
1 137 1
9 88 1
9 49 2
26 97 1
42 134 2
40 41 2
44 144 1
23 118 1
11 44 2
28 66 1
30 109 2
22 112 1
38 75 1
1 11 2
43 132 1
33 88 1
17 104 2
4 76 1
33 50 2
49 89 1
16 29 2
14 20 2
23 98 2
48 71 1
44 106 1
34 99 1
34 124 2
26 44 2
1 2 2
28 112 1
48 148 1
18 34 2
4 33 2
5 133 1
15 153 1
21 106 1
41 111 1
4 23 2
19 128 1
45 102 1
13 26 2
8 43 2
51 81 2
27 97 2
45 93 1
9 158 2
19 51 2
16 135 1
38 120 1
30 115 1
32 128 1
16 46 2
38 50 2
6 110 2
11 140 1
39 71 2
15 79 2
0 1 2
7 52 2
5 49 2
25 132 2
12 118 1
7 111 2
25 60 2
21 148 1
20 126 1
37 73 1
24 102 1
9 57 1
36 101 2
33 106 1
33 45 2
35 126 1
22 132 1
33 46 2
15 48 2
39 91 1
28 39 2
27 87 1
0 61 1
15 56 2
28 34 2
43 83 1
19 98 2
39 117 2
20 87 2
50 136 1
6 14 2
44 65 1
18 52 2
6 35 2
35 143 1
36 151 1
31 158 1
44 51 2
42 147 2
5 10 2
24 47 2
17 24 2
8 143 2
39 125 1
34 93 2
16 118 1
35 42 2
51 151 1
21 59 2
14 134 1
38 72 1
14 117 2
42 110 2
19 32 2
9 15 2
20 111 1
0 159 1
3 133 1
36 156 2
5 35 2
33 100 1
27 56 2
48 138 2
3 43 2
41 53 2
15 33 2
11 128 1
3 38 2
7 139 2
22 124 1
45 150 1
21 102 1
25 50 2
3 80 1
48 61 1
33 90 2
16 24 2
25 93 1
20 129 2
32 101 1
15 45 2
23 56 2
9 36 2
26 61 1
7 31 2
6 88 2
15 159 2
40 56 1
37 102 2
50 69 1
49 86 1
45 99 1
41 102 1
20 151 1
30 138 1
10 118 1
23 50 2
1 83 1
26 81 1
29 154 2
10 34 2
11 58 2
48 64 1
9 61 1
10 40 2
44 135 1
17 21 2
24 108 1
24 28 2
3 25 2
10 108 1
31 102 2
17 84 2
16 130 1
50 90 2
32 107 1
12 58 1
43 46 2
27 67 1
11 21 2
7 140 1
18 23 2
38 42 2
48 119 2
20 133 1
16 61 2
4 118 2
16 34 2
23 30 2
5 38 2
42 58 1
35 38 2
5 17 2
11 48 2
4 116 1
14 47 2
47 107 1
33 105 1
1 128 1
31 118 1
13 53 1
14 61 2
4 24 2
39 124 2
31 134 1
5 94 2
4 9 2
45 117 1
49 98 1
50 85 1
20 37 2
38 47 2
24 73 1
11 62 1
20 35 2
6 125 1
28 152 1
9 40 2
6 39 2
11 15 2
47 101 1
9 48 2
28 105 1
33 93 1
47 84 2
16 64 1
45 119 2
18 89 2
7 100 2
13 32 2
34 116 1
15 147 1
30 105 1
45 90 2
45 76 1
28 148 1
18 39 2
51 107 1
16 42 2
4 17 2
10 57 1
8 52 2
33 55 2
43 126 2
40 52 2
28 32 2
1 56 1
24 56 2
34 80 2
23 106 2
2 23 2
13 155 1
26 73 1
36 81 2
46 50 2
49 57 1
6 16 2
35 48 2
10 27 2
45 151 2
27 136 2
28 86 1
49 76 1
2 158 1
11 125 1
22 155 1
34 109 2
12 31 2
42 106 1
18 94 1
41 42 2
13 136 1
2 126 1
29 91 1
45 65 1
0 47 2
35 131 1
38 54 1
47 66 2
34 110 1
9 89 1
35 65 2
51 130 1
39 130 1
25 82 2
13 135 1
34 63 1
14 81 1
4 159 1
51 129 2
21 97 2
28 156 1
32 43 2
49 139 1
42 133 1
15 78 1
27 153 1
25 135 1
14 132 2
11 113 1
7 39 2
29 99 1
20 75 1
2 66 1
20 40 2
45 73 2
17 70 1
18 72 1
14 113 1
3 154 1
26 29 2
16 36 2
29 130 1
23 123 1
44 62 1
25 28 2
10 14 2
11 25 2
14 24 2
26 93 1
18 40 2
15 109 1
16 99 2
3 76 1
36 97 2
30 55 1
29 148 1
5 110 1
43 80 1
38 48 2
7 70 1
27 60 1
19 130 2
48 127 1
42 61 1
32 74 2
43 69 2
15 43 2
43 71 1
29 90 1
30 74 1
13 21 2
29 142 2
24 72 2
9 81 1
44 58 1
52 85 1
30 159 1
0 69 1
48 122 1
19 77 1
25 31 2
19 89 1
9 102 1
36 131 1
9 133 1
39 42 2
3 13 2
24 126 1
23 48 2
6 13 2
43 58 2
22 27 2
49 126 1
37 87 1
4 61 1
19 21 2
35 132 1
4 22 2
6 132 1
44 55 1
36 54 1
6 119 1
31 32 2
12 23 2
31 46 2
51 55 2
45 72 1
9 121 1
23 82 1
13 132 1
20 120 1
1 92 1
3 36 2
16 117 1
27 84 1
40 140 1
11 101 1
30 112 1
29 118 1
40 95 2
49 68 1
1 95 1
0 11 2
26 40 2
7 48 2
38 147 2
33 75 1
21 38 2
9 59 1
16 53 1
7 43 2
42 120 1
35 123 1
19 80 2
16 35 2
39 134 1
49 136 1
48 55 1
10 100 1
25 44 2
29 35 2
34 47 2
23 28 2
15 66 1
21 128 1
28 90 1
1 43 2
39 55 1
17 123 1
29 31 2
11 42 2
41 90 2
4 155 2
20 96 1
41 85 2
15 84 1
28 35 2
0 34 2
11 138 1
2 20 2
51 92 1
25 85 1
17 132 1
16 65 1
14 30 2
16 151 2
13 38 2
29 51 2
35 66 1
8 42 2
10 94 1
47 138 1
0 2 2
6 104 2
28 61 2
51 82 1
30 136 1
18 137 2
34 86 2
30 80 1
12 32 2
16 133 2
21 119 1
44 153 2
34 92 2
24 94 2
14 16 2
47 139 1
5 30 2
13 91 1
5 123 1
25 51 2
35 158 1
9 11 2
40 129 1
45 142 2
2 138 1
5 151 1
2 97 1
0 156 1
8 136 1
23 113 1
27 50 2
14 121 1
15 134 2
16 39 2
38 152 2
49 130 1
6 40 2
14 144 1
4 7 2
35 73 1
35 47 2
39 87 2
25 71 2
32 36 2
51 88 1
27 131 1
44 80 1
0 39 2
4 20 2
25 143 1
15 146 1
33 80 2
5 84 2
31 47 2
4 94 1
47 54 1
38 126 1
37 43 2
49 62 1
16 159 1
35 136 2
46 63 1
15 71 1
28 76 2
25 150 1
13 37 2
36 137 2
30 49 2
28 31 2
32 104 1
39 49 2
47 67 1
49 60 1
11 43 2
32 154 1
14 28 2
1 90 1
25 148 1
18 98 1
18 99 1
35 83 2
44 91 1
21 87 1
48 74 1
15 50 2
43 125 1
39 156 1
41 152 1
25 61 1
47 63 1
42 98 1
18 103 1
25 121 2
37 133 1
32 38 2
39 52 2
42 96 1
21 28 2
16 122 2
47 137 2
15 118 1
23 136 1
47 127 2
32 84 1
20 116 1
45 94 1
34 154 1
35 113 1
7 32 2
19 91 1
3 147 1
29 129 2
25 49 2
45 57 1
30 147 1
13 30 2
18 152 1
32 141 1
19 124 2
41 48 2
38 44 2
32 108 2
4 39 2
19 22 2
3 108 2
15 141 1
50 130 1
0 14 2
46 75 1
44 54 2
38 114 2
37 135 1
41 44 2
0 20 2
37 53 1
24 103 1
22 88 1
18 58 1
6 19 2
7 33 2
4 134 1
20 94 1
6 82 1
8 151 1
6 31 2
10 138 2
15 83 1
12 28 2
13 44 2
8 40 2
21 122 1
2 49 2
8 19 2
9 98 2
39 84 2
0 138 1
2 4 2
7 56 1
42 48 2
42 94 2
25 145 1
51 111 2
47 87 1
8 20 2
3 82 1
25 152 1
45 96 2
41 104 1
33 48 2
33 147 1
40 80 2
6 137 1
18 71 1
52 79 1
21 48 2
25 45 2
15 63 1
18 80 2
28 110 1
41 109 2
48 142 1
4 149 1
41 131 1
24 92 1
35 41 2
18 28 2
34 70 1
0 142 1
50 149 2
18 56 1
43 53 1
50 127 1
17 53 1
8 138 2
38 63 1
23 121 1
43 86 1
46 86 1
20 139 1
11 118 1
7 80 1
27 145 1
0 17 2
8 82 2
20 52 2
32 39 2
4 139 2
41 114 2
1 62 1
13 82 2
27 72 1
12 140 2
2 148 1
20 59 2
27 57 1
25 125 1
20 22 2
37 67 1
52 145 2
11 107 1
11 68 2
37 115 1
1 10 2
18 90 2
46 151 1
1 20 2
3 20 2
50 86 1
15 32 2
23 46 2
13 66 1
30 146 2
16 145 1
46 98 1
9 101 1
27 128 1
52 144 1
47 71 2
32 33 2
6 11 2
21 107 1
19 153 2
23 32 2
22 158 1
18 22 2
11 76 2
20 30 2
48 73 1
7 41 2
4 97 1
26 67 2
51 158 2
14 29 2
31 48 2
17 39 2
3 157 2
39 112 1
27 79 1
40 108 2
14 57 1
29 124 1
14 49 2
1 18 2
8 25 2
20 147 2
47 52 2
34 144 1
1 36 2
15 122 1
35 86 1
35 71 1
28 81 1
30 68 2
32 140 2
36 100 1
18 42 2
29 104 1
30 61 1
15 130 1
7 120 1
23 35 2
28 42 2
9 67 2
44 92 1
29 55 1
43 127 1
10 151 2
27 134 1
17 23 2
13 20 2
8 144 1
18 31 2
7 143 1
49 134 1
20 109 1
49 109 1
49 97 1
22 34 2
28 29 2
37 134 2
45 46 2
50 125 1
50 110 1
17 148 1
10 145 1
5 124 2
31 72 1
21 99 2
37 54 2
16 72 1
23 81 2
4 55 1
31 128 1
3 64 2
44 98 1
11 47 2
15 34 2
49 78 1
23 130 1
16 107 2
48 85 1
10 106 2
41 76 1
36 48 2
16 104 1
5 57 2
25 40 2
48 109 1
8 70 2
21 32 2
1 39 2
29 59 2
1 13 2
5 15 2
2 38 2
24 27 2
3 136 2
4 114 1
20 51 2
10 12 2
40 132 1
32 91 1
14 124 2
16 25 2
51 152 1
36 142 2
39 98 1
7 26 2
15 107 1
26 135 1
10 56 1
21 95 1
1 49 2
35 76 1
19 47 2
22 42 2
46 110 1
21 39 2
32 63 2
51 131 1
2 33 2
45 52 2
44 138 2
9 152 1
34 50 2
28 84 1
36 82 1
42 88 2
4 15 2
2 24 2
12 57 2
45 95 1
34 67 2
8 86 1
20 132 1
42 118 1
12 25 2
10 93 1
42 131 1
17 36 2
31 91 1
37 125 1
8 58 1
51 74 1
47 74 1
51 146 1
47 142 1
50 76 1
5 85 1
13 153 1
29 56 1
22 149 1
13 114 1
46 73 1
10 83 2
11 81 1
1 26 2
41 130 2
42 60 1
8 21 2
33 68 1
6 151 2
2 11 2
19 147 1
36 40 2
50 60 2
39 50 2
37 61 1
33 36 2
27 125 2
3 47 2
24 63 2
36 130 2
31 138 2
50 91 1
13 94 2
25 32 2
0 84 2
43 77 2
17 139 1
8 34 2
44 64 1
29 30 2
25 89 2
2 9 2
24 157 1
24 105 1
8 31 2
25 139 2
49 137 2
3 48 2
50 107 1
48 118 1
32 111 2
38 156 1
50 114 1
40 48 2
25 154 2
49 105 1
11 40 2
38 52 2
44 152 2
31 155 1
6 38 2
27 95 2
15 22 2
1 122 1
25 35 2
25 47 2
23 144 1
5 31 2
29 32 2
18 21 2
16 91 1
31 60 2
40 83 2
27 82 1
0 25 2
34 103 1
11 37 2
1 110 1
42 68 1
18 151 1
36 79 1
35 46 2
41 70 2
28 119 1
36 127 1
8 103 2
7 122 1
43 55 1
1 87 1
6 68 2
2 70 1
27 117 2
39 82 1
11 98 2
33 47 2
42 82 1
26 119 1
27 140 1
18 97 2
18 116 1
23 132 1
18 149 1
3 60 1
34 155 2
51 154 2
51 71 1
4 102 1
30 56 1
14 93 2
43 49 2
19 121 1
12 27 2
11 91 2
44 73 2
2 17 2
0 21 2
35 37 2
9 118 1
23 71 2
51 140 2
18 67 2
31 44 2
8 134 1
10 66 1
21 151 1
13 42 2
11 46 2
29 38 2
52 98 1
43 75 1
39 139 2
34 111 1
48 62 2
7 119 1
31 98 1
1 70 1
30 128 2
9 17 2
26 111 1
51 157 1
11 124 1
9 96 1
35 127 2
34 128 2
8 14 2
44 127 1
4 123 2
17 106 2
28 154 2
23 124 1
41 87 2
39 47 2
47 61 1
18 117 2
28 155 1
7 21 2
2 71 1
39 69 2
12 108 1
13 25 2
4 28 2
8 55 1
43 114 1
51 61 1
8 44 2
15 16 2
7 152 1
46 94 1
33 85 2
16 156 2
19 42 2
12 43 2
22 101 1
41 136 1
33 158 1
30 33 2
49 72 1
13 59 2
5 54 2
14 42 2
16 17 2
3 93 1
22 46 2
10 17 2
21 41 2
2 39 2
29 106 1
0 18 2
6 92 1
20 53 1
14 118 1
35 49 2
37 51 2
7 12 2
28 117 1
14 89 2
3 122 1
30 38 2
3 12 2
24 64 1
42 123 2
25 153 2
25 30 2
36 51 2
45 113 1
20 43 2
24 68 2
46 130 1
28 157 2
32 35 2
44 101 1
44 124 1
8 159 1
25 38 2
46 154 1
27 132 2
51 65 1
26 99 1
24 29 2
22 141 2
41 127 2
5 51 2
35 57 2
27 80 1
11 32 2
19 23 2
10 155 1
40 62 1
43 137 1
21 115 1
22 51 2
28 98 1
17 46 2
29 109 1
36 152 1
39 141 1
38 51 2
7 145 1
30 58 1
22 47 2
3 156 1
51 77 2
8 45 2
29 76 1
14 65 1
17 114 1
9 34 2
22 59 2
18 29 2
12 100 1
31 109 2
34 157 2
5 19 2
18 63 2
14 122 1
23 64 1
33 101 1
16 148 1
22 30 2
7 88 2
48 77 1
48 105 1
15 82 1
6 49 2
8 60 2
41 103 2
38 139 1
50 129 2
4 21 2
12 124 1
50 153 2
52 91 1
4 14 2
42 157 1
6 81 2
51 117 2
49 150 1
42 154 1
32 98 1
46 52 2
41 120 2
28 88 1
37 52 2
21 152 1
8 84 2
9 29 2
2 132 1
35 101 2
43 67 1
19 99 1
14 33 2
52 86 1
48 84 1
5 59 1
20 42 2
3 21 2
3 71 2
25 72 1
9 139 2
2 72 2
8 61 1
50 148 1
36 110 1
36 73 2
4 108 2
5 27 2
5 45 2
14 151 1
35 110 1
26 125 1
14 98 1
30 40 2
4 8 2
5 11 2
23 143 1
49 56 1
8 95 2
48 123 1
14 97 1
2 144 1
31 50 2
11 26 2
44 50 2
42 140 1
7 131 1
29 150 1
4 77 1
33 122 1
19 33 2
0 114 2
1 126 1
43 121 1
10 28 2
36 41 2
50 112 2
10 130 2
33 115 1
20 97 1
4 36 2
9 145 1
34 38 2
29 42 2
51 89 1
5 8 2
5 109 2
46 100 1
8 142 1
27 159 2
47 147 1
50 77 1
1 9 2
43 156 1
52 148 1
2 46 2
34 138 2
31 157 1
20 148 2
52 121 2
5 50 2
18 60 1
11 111 1
41 122 1
8 92 2
48 114 2
50 156 1
11 93 1
31 36 2
35 82 1
4 146 1
22 111 1
36 63 1
39 76 2
6 112 1
19 55 1
45 111 2
27 81 1
21 58 2
50 109 1
51 124 1
46 113 1
4 120 1
36 125 2
14 110 1
52 147 1
14 27 2
5 12 2
44 113 1
2 10 2
30 98 1
20 86 2
51 93 1
2 35 2
14 26 2
11 82 1
16 51 2
47 130 1
9 63 2
30 93 2
8 97 2
15 92 1
1 60 2
41 77 1
35 125 2
24 128 2
17 155 1
26 41 2
31 116 2
46 90 1
15 21 2
23 33 2
25 46 2
35 52 2
26 39 2
12 131 1
48 131 1
13 110 1
0 46 2
28 149 1
22 70 1
19 87 1
9 119 2
19 142 2
45 139 1
19 156 1
44 134 1
2 25 2
9 54 2
5 18 2
26 104 2
29 147 2
43 117 1
19 54 1
12 98 2
6 7 2
29 80 2
20 88 2
6 131 2
8 154 1
24 107 1
19 102 1
28 36 2
4 66 2
13 83 1
47 76 1
44 77 1
52 142 1
31 124 1
16 21 2
18 156 1
21 125 2
10 82 2
36 64 1
43 130 1
50 142 1
39 66 1
23 39 2
0 143 2
0 139 1
39 40 2
12 69 1
42 43 2
24 119 1
30 156 1
12 116 1
8 74 2
3 37 2
14 104 1
0 16 2
32 65 2
48 150 2
1 133 1
30 107 2
49 152 2
11 14 2
23 67 2
3 145 2
14 150 1
32 155 1
45 58 2
3 114 1
11 60 2
37 139 1
29 139 1
11 123 1
18 30 2
36 37 2
18 26 2
10 109 2
37 109 2
0 147 2
11 20 2
20 48 2
0 123 2
31 66 1
36 133 2
33 141 2
41 66 2
52 116 1
6 106 1
36 89 1
26 142 1
25 41 2
31 41 2
39 113 1
46 78 1
52 74 2
7 68 2
46 120 2
14 63 2
15 39 2
15 105 2
31 150 1
33 52 2
10 58 1
13 150 1
33 118 1
5 71 2
14 114 2
44 121 1
10 30 2
17 147 1
0 74 2
4 6 2
1 23 2
19 44 2
46 69 2
40 116 2
22 109 2
24 97 1
2 110 1
10 18 2
44 74 1
35 120 1
7 27 2
52 105 1
37 116 2
5 117 1
4 128 2
47 96 2
20 149 1
38 115 2
19 112 1
27 36 2
0 7 2
0 111 1
10 115 2
44 109 2
22 146 1
36 143 1
19 136 1
20 31 2
42 159 2
24 101 2
13 95 1
11 88 1
8 66 1
23 41 2
36 135 1
11 19 2
18 111 1
16 31 2
35 64 1
8 71 2
18 120 2
6 97 1
11 83 1
29 65 1
19 100 2
52 101 1
1 115 1
34 48 2
10 103 1
28 70 2
44 120 2
11 143 1
25 147 2
8 88 1
16 48 2
50 132 2
20 134 2
8 140 1
13 74 1
24 158 1
19 35 2
7 124 2
2 64 1
7 107 2
39 115 1
22 135 2
28 40 2
16 80 1
23 62 1
40 120 1
30 53 2
49 115 1
48 68 1
20 89 2
7 51 2
23 60 1
13 128 1
27 34 2
23 103 1
50 57 1
26 43 2
42 117 2
3 91 1
17 68 1
34 36 2
24 25 1
26 75 1
7 112 2
47 48 1
9 78 1
10 104 2
12 113 2
31 43 1
1 120 2
34 94 1
76 124 1
36 124 2
76 157 2
18 150 1
15 121 2
4 122 1
119 149 1
40 149 2
2 50 1
1 6 1
124 125 1
25 122 2
15 127 2
4 58 2
46 122 2
76 112 1
122 150 2
58 125 2
44 71 1
3 141 2
83 120 1
118 157 2
0 122 1
1 42 1
21 120 2
31 112 1
0 23 1
16 30 1
