% n=20 p=60 d=0.66 p_blue=0.66
% k=0
0 10 2
2 4 2
10 11 2
2 8 2
9 18 2
4 17 2
2 18 2
1 6 2
5 16 2
0 3 2
0 15 2
7 10 2
2 9 2
8 12 2
1 15 1
6 17 1
10 13 2
6 12 1
7 17 1
6 10 2
3 8 2
2 6 2
2 13 2
7 15 2
3 13 1
9 10 2
9 11 2
2 7 2
0 13 2
4 16 2
7 12 1
8 14 1
11 18 1
3 14 1
1 7 2
0 1 2
1 8 2
11 14 2
5 11 2
0 2 2
1 17 2
3 10 2
1 14 2
2 3 2
5 18 1
2 15 1
1 2 2
7 11 2
4 11 2
9 12 2
7 16 2
11 13 2
4 8 2
2 11 2
0 9 2
1 13 2
4 12 2
5 10 2
3 18 2
6 13 2
0 8 2
4 18 2
3 4 2
3 7 2
8 10 2
2 19 1
9 13 2
10 18 2
11 17 2
8 16 1
0 6 2
8 17 2
8 9 2
10 12 2
2 12 2
10 14 1
4 7 2
4 13 2
1 12 2
1 5 2
1 9 2
7 8 2
8 19 2
0 5 2
6 18 2
5 9 2
0 14 2
1 3 2
7 13 2
3 12 2
5 12 1
6 7 2
2 5 2
0 17 2
3 6 1
6 15 2
2 10 1
6 8 1
4 10 2
1 19 2
5 7 1
16 19 2
15 19 2
11 15 1
10 19 1
10 16 1
4 6 1
6 16 2
1 4 1
11 19 2
0 11 1
6 11 2
7 19 1
4 15 1
0 19 1
5 15 1
15 16 1
1 16 1
4 9 1
0 16 2
9 19 1
11 16 1
