% n=20 p=60 d=0.66 p_blue=0.33
% k=0
1 14 1
4 9 2
4 18 1
2 13 1
1 4 2
9 10 2
2 8 2
10 13 1
5 18 2
11 17 2
8 19 1
4 10 2
1 12 1
5 7 2
4 7 2
0 1 2
3 5 2
3 8 2
3 14 2
4 5 2
9 15 1
10 11 2
5 6 2
2 3 2
8 12 2
10 17 1
1 15 2
5 19 1
11 18 1
9 14 2
3 16 2
8 14 2
2 4 2
3 15 1
0 5 2
9 18 2
7 10 2
0 4 2
8 9 2
10 18 1
6 12 1
3 13 1
1 17 2
10 15 1
6 11 2
6 16 1
6 15 1
3 11 2
2 16 2
6 10 2
7 18 1
11 19 2
1 7 2
5 8 2
4 19 2
7 11 2
5 11 2
9 13 2
2 15 1
0 10 2
9 16 1
10 16 1
8 18 2
6 8 2
7 9 2
1 3 2
9 17 1
0 3 2
4 11 2
1 16 2
7 19 1
8 11 2
3 19 1
4 17 1
1 10 2
3 4 2
0 13 1
6 7 2
2 7 2
0 7 2
1 18 1
0 16 1
9 12 1
3 6 2
3 7 2
0 9 2
1 6 2
7 15 2
4 14 1
5 15 1
2 11 2
1 2 2
4 8 2
0 6 2
11 16 1
2 18 2
8 17 1
2 5 1
5 12 2
0 11 1
12 19 1
1 5 1
0 19 2
7 13 2
5 10 1
2 17 2
1 19 1
0 8 1
2 9 1
5 13 2
7 8 1
1 9 2
2 12 2
13 19 2
4 13 1
0 14 1
3 12 2
8 10 1
2 6 1
5 17 1
8 13 2
