% n=200 p=33 d=0.33 p_blue=0.33
% k=0
12 29 2
47 199 1
4 22 2
55 73 1
44 181 1
59 99 1
41 109 1
0 35 2
24 161 2
15 26 2
12 153 1
38 75 1
18 46 2
55 178 1
24 41 2
9 17 2
39 176 2
35 79 1
1 94 2
45 165 1
33 101 1
9 59 2
56 154 1
53 90 1
12 63 2
11 171 1
4 148 1
49 62 2
9 155 1
5 63 2
37 163 1
38 39 2
10 96 1
37 55 2
3 124 1
49 73 1
38 199 1
55 165 1
48 107 1
10 190 1
2 48 2
49 138 2
3 38 2
53 161 2
6 68 1
53 197 2
28 196 1
55 76 1
2 47 2
27 133 1
11 51 2
45 191 1
30 127 1
30 148 2
7 56 2
36 37 2
48 135 2
6 17 2
21 84 2
59 189 1
2 36 2
62 102 1
3 136 2
55 60 2
26 50 2
44 141 2
28 49 2
15 198 1
21 31 2
10 178 1
12 39 2
48 152 1
22 190 1
8 48 2
28 195 1
2 62 2
30 137 1
52 140 2
16 95 1
33 76 1
34 57 2
13 36 2
25 58 2
15 136 1
5 28 2
45 146 1
44 123 1
1 29 2
26 28 2
0 11 2
62 150 1
33 124 1
43 80 1
53 67 1
43 63 2
12 104 1
40 136 1
25 45 2
45 110 2
54 178 2
32 108 1
7 177 2
5 9 2
49 63 2
26 45 2
4 199 1
14 44 2
17 154 1
19 63 2
36 61 2
46 90 1
4 28 2
18 127 1
25 52 2
65 164 1
13 98 1
64 73 1
23 32 2
16 153 2
49 64 2
44 139 1
41 125 1
47 48 2
13 65 2
21 45 2
21 29 2
20 41 2
38 48 2
9 81 1
35 80 1
24 106 1
7 63 2
44 51 2
58 164 1
32 154 1
14 136 1
48 165 1
48 111 1
48 62 2
15 38 2
13 38 2
31 58 2
52 129 2
31 39 2
21 64 2
40 148 1
65 82 2
4 77 1
14 77 2
49 176 2
9 182 2
61 95 1
23 115 2
2 144 2
54 193 2
37 116 1
19 33 2
4 92 1
44 65 2
42 74 1
44 190 1
25 26 2
21 46 2
53 172 2
63 163 2
15 39 2
3 71 1
20 96 1
54 98 1
5 40 2
1 111 2
20 57 2
61 146 1
12 102 1
44 121 1
50 191 1
6 50 2
11 35 2
42 174 2
13 17 2
3 93 1
18 167 1
2 69 2
6 63 2
59 62 2
1 7 2
5 39 2
23 79 1
43 167 2
43 61 2
7 115 2
44 54 2
9 149 1
26 78 1
27 98 1
0 57 2
51 58 2
18 35 2
34 158 2
8 59 2
10 42 2
52 55 2
51 143 1
16 32 2
45 172 1
45 53 2
18 180 1
44 197 2
25 32 2
19 62 2
26 65 2
8 116 1
43 139 1
47 98 1
48 95 1
13 46 2
28 59 2
64 186 2
10 149 1
3 89 1
18 134 2
24 188 1
63 173 1
29 184 1
22 158 2
8 61 2
15 177 2
37 114 1
19 118 1
38 108 2
12 83 1
45 64 2
12 42 2
60 65 2
37 152 1
48 182 1
1 60 2
26 54 2
7 171 1
19 27 2
31 144 2
21 42 2
28 45 2
15 77 1
7 9 2
3 175 1
60 61 2
15 144 1
62 132 2
25 54 2
45 131 1
44 165 2
40 113 2
47 149 1
56 171 1
43 46 2
20 160 1
14 52 2
13 168 1
0 46 2
64 157 1
9 37 2
10 56 2
47 165 1
37 177 1
3 135 1
35 41 2
17 116 1
40 103 1
5 58 2
11 33 2
11 62 2
58 184 2
21 30 2
63 83 1
45 186 2
7 64 2
10 21 2
55 168 1
54 64 2
1 38 2
50 82 2
2 129 1
7 112 1
33 34 2
8 85 1
48 169 2
21 114 2
13 51 2
23 62 2
46 62 2
52 133 1
0 64 2
10 124 1
29 72 1
65 177 1
54 153 2
12 32 2
0 23 2
15 40 2
40 54 2
19 31 2
56 190 1
9 70 1
51 135 1
27 46 2
31 65 2
61 184 2
38 63 2
18 147 2
20 133 1
7 108 1
12 182 2
45 69 1
12 54 2
23 43 2
4 53 2
8 194 1
25 55 2
11 27 2
6 175 1
65 97 2
23 170 1
13 52 2
13 31 2
14 110 1
37 149 2
55 91 1
31 101 2
35 65 2
50 117 2
15 47 2
60 82 1
14 48 2
60 62 2
21 24 2
62 163 1
37 141 1
31 73 2
58 125 1
38 84 2
35 175 1
2 104 1
6 133 1
54 148 1
62 171 1
57 144 1
17 43 2
24 61 2
60 183 1
43 65 2
47 61 2
23 120 2
35 44 2
65 88 2
3 122 1
25 65 2
48 179 1
50 96 2
30 102 1
50 186 1
30 159 1
45 124 1
44 56 2
45 89 1
1 32 2
14 51 2
30 55 2
23 180 1
5 14 2
25 137 1
16 20 2
5 175 1
32 55 2
6 198 1
50 185 1
6 64 2
8 80 2
12 31 2
36 62 2
0 9 2
42 53 2
39 143 1
20 40 2
15 131 1
49 125 2
24 187 2
25 186 1
17 55 2
18 19 2
59 180 2
21 155 1
16 55 2
15 178 1
45 185 1
32 48 2
27 75 1
27 59 2
55 57 2
6 49 2
2 159 1
22 172 2
35 53 2
39 102 1
50 59 2
14 191 2
49 139 1
44 150 2
10 177 2
19 132 1
17 61 2
14 20 2
14 99 1
65 163 1
34 54 2
50 57 2
51 164 1
29 57 2
56 79 1
36 100 1
38 45 2
31 62 2
54 160 1
16 103 1
62 88 1
14 21 2
38 153 1
34 37 2
18 168 2
34 66 1
29 68 1
53 56 2
7 170 1
29 31 2
32 61 2
19 96 1
24 179 1
14 42 2
6 185 1
33 63 2
23 26 2
28 51 2
42 160 1
15 35 2
29 99 2
57 162 1
27 114 2
11 111 2
43 58 2
20 36 2
37 132 1
44 185 1
9 117 1
31 189 1
2 125 1
62 133 2
49 156 2
37 158 2
7 163 2
27 110 1
52 138 1
15 121 2
55 68 1
42 55 2
3 21 2
25 107 1
58 165 1
13 48 2
65 159 2
10 63 2
20 42 2
44 81 1
46 102 1
55 189 1
64 163 2
44 98 1
23 38 2
15 91 1
37 65 2
11 63 2
22 58 2
56 70 1
21 71 1
18 172 2
17 51 2
59 123 2
26 56 2
30 46 2
52 64 2
58 152 1
59 132 2
55 105 1
27 43 2
1 30 2
41 106 1
28 72 2
9 151 1
37 73 1
8 40 2
14 142 1
2 114 1
30 144 1
48 53 2
18 65 2
15 33 2
18 64 2
15 52 2
40 64 2
26 61 2
43 53 2
51 199 1
58 64 2
43 88 2
57 65 2
46 60 2
13 59 2
36 122 1
8 26 2
19 41 2
52 83 1
11 77 1
12 130 1
29 33 2
47 192 2
14 27 2
48 125 1
32 51 2
20 189 2
22 64 2
10 52 2
30 134 1
58 151 2
32 115 1
26 32 2
7 55 2
8 62 2
39 45 2
16 64 2
47 143 1
20 35 2
58 83 2
20 85 2
57 147 2
1 18 2
41 77 1
25 41 2
27 134 2
64 134 1
43 125 1
23 31 2
41 147 1
20 63 2
50 142 1
65 91 2
37 45 2
50 71 1
3 20 2
34 99 1
18 47 2
11 24 2
34 163 2
24 152 1
42 169 1
19 59 2
52 164 1
51 146 2
40 102 1
60 116 1
51 115 1
9 183 1
58 68 2
1 13 2
6 103 1
56 129 1
55 148 1
23 35 2
49 77 1
29 116 1
6 36 2
26 195 1
27 64 2
46 63 2
1 64 2
55 62 2
0 126 1
24 191 1
18 169 2
64 171 2
21 41 2
32 36 2
23 81 1
3 55 2
0 6 2
22 26 2
11 20 2
38 52 2
25 175 1
65 83 1
11 55 2
2 72 1
33 163 1
63 103 1
16 62 2
12 135 1
29 125 2
3 6 2
55 146 2
7 52 2
10 11 2
24 82 1
37 128 2
0 145 1
43 115 2
25 56 2
6 7 2
5 26 2
44 57 2
22 80 1
29 182 2
42 136 1
36 133 2
19 119 1
48 112 2
44 120 1
7 28 2
53 121 1
54 113 2
52 124 1
58 195 2
40 95 2
49 111 1
30 54 2
46 80 2
15 28 2
45 47 2
62 195 2
63 171 1
30 34 2
26 38 2
26 41 2
53 54 2
48 49 2
4 167 1
10 43 2
65 68 1
9 19 2
31 74 1
63 67 2
22 186 1
0 118 2
16 199 1
51 150 2
19 166 2
20 107 1
19 106 1
33 131 1
45 56 2
14 62 2
40 51 2
58 123 1
60 110 1
16 61 2
8 89 1
64 113 1
20 132 2
49 103 1
56 161 2
65 94 1
5 24 2
55 58 2
50 55 2
23 53 2
17 28 2
0 30 2
58 63 2
4 19 2
54 124 1
23 126 1
23 187 1
12 68 2
3 86 2
42 51 2
47 193 1
18 178 1
0 70 2
0 170 2
54 186 1
8 49 2
24 198 1
35 120 2
33 43 2
54 195 2
26 64 2
32 157 2
9 113 1
20 159 1
18 61 2
25 132 2
65 191 1
53 176 1
12 40 2
37 61 2
23 44 2
53 130 2
22 53 2
30 59 2
11 49 2
6 60 2
39 168 1
1 23 2
10 36 2
3 171 2
29 73 2
22 38 2
62 161 2
16 23 2
28 50 2
37 60 2
56 186 2
39 149 2
37 122 1
42 131 2
10 79 1
52 132 1
57 188 1
4 59 2
18 31 2
3 77 2
21 38 2
9 43 2
22 48 2
8 57 2
34 51 2
15 193 2
64 142 2
33 65 2
12 55 2
2 14 2
19 148 1
6 30 2
41 198 1
14 19 2
38 62 2
15 45 2
29 149 2
2 180 2
21 144 2
25 68 1
17 25 2
64 135 2
64 83 1
32 44 2
29 180 2
19 174 1
14 56 2
56 173 2
16 94 2
9 103 1
57 183 2
17 30 2
23 94 2
46 50 2
58 88 2
16 77 1
41 52 2
31 52 2
38 65 2
64 162 2
9 106 1
41 42 2
19 75 1
33 137 1
9 23 2
44 52 2
0 5 2
52 98 1
41 53 2
37 63 2
40 182 2
48 197 1
35 169 2
25 127 1
31 43 2
18 158 2
4 10 2
8 120 1
19 38 2
51 60 2
59 169 1
7 97 1
57 157 1
14 17 2
41 164 2
27 118 1
14 85 1
1 65 2
52 54 2
43 60 2
65 137 1
2 167 1
2 58 2
5 94 1
2 46 2
20 192 2
58 121 2
52 144 1
51 105 1
28 146 1
38 76 1
55 65 2
61 198 1
4 55 2
20 62 2
37 129 2
45 59 2
46 140 1
59 117 1
17 135 1
20 27 2
1 21 2
8 20 2
0 4 2
9 53 2
14 58 2
58 122 1
17 24 2
52 80 2
39 51 2
45 70 1
16 60 2
35 174 1
41 48 2
51 151 1
39 77 1
19 64 2
1 52 2
0 43 2
59 66 1
41 46 2
53 136 1
41 168 1
58 65 2
34 41 2
10 69 2
22 96 1
21 66 2
10 152 1
54 144 1
57 76 1
8 63 2
15 18 2
15 158 2
10 47 2
46 123 1
4 29 2
58 128 1
3 73 1
43 171 1
3 44 2
12 173 1
5 116 1
13 178 1
16 83 2
33 36 2
56 63 2
43 192 2
5 29 2
49 127 1
55 64 2
16 65 2
27 138 1
50 150 1
15 36 2
23 39 2
0 40 2
32 37 2
12 114 2
62 118 1
20 193 1
56 128 1
20 45 2
16 105 1
50 189 1
23 28 2
23 139 1
24 32 2
52 69 1
16 76 1
57 109 1
5 32 2
26 49 2
11 13 2
26 44 2
13 58 2
43 183 1
56 119 1
13 24 2
5 162 1
39 128 2
55 193 2
5 8 2
41 169 1
28 132 1
36 190 2
1 22 2
17 119 1
42 177 2
15 168 1
61 125 1
16 35 2
52 199 1
48 161 1
6 53 2
61 72 1
3 11 2
35 151 2
29 41 2
8 146 1
4 139 2
27 87 2
13 170 1
44 148 1
61 109 1
57 185 1
23 48 2
54 114 1
2 199 1
20 31 2
62 99 2
30 53 2
24 50 2
38 57 2
9 54 2
23 58 2
0 29 2
0 115 1
50 171 2
37 38 2
0 193 2
54 62 2
48 124 1
9 162 1
4 111 1
22 49 2
20 52 2
7 144 1
47 184 1
41 167 1
6 14 2
46 58 2
3 40 2
63 139 1
19 183 1
5 139 1
1 185 1
19 170 2
53 64 2
12 27 2
49 157 1
57 113 1
30 58 2
44 50 2
34 110 2
14 185 2
2 124 2
36 186 2
20 34 2
33 126 1
18 48 2
43 44 2
22 191 1
5 106 1
19 20 2
29 100 1
61 63 2
50 100 1
4 8 2
60 71 1
0 167 2
38 50 2
4 14 2
59 86 1
9 123 1
37 41 2
12 18 2
11 85 2
19 165 1
10 19 2
27 52 2
7 16 2
59 98 2
59 89 1
2 51 2
5 147 2
61 186 2
57 125 1
42 65 2
31 33 2
36 43 2
35 39 2
18 163 2
4 67 1
13 82 1
63 71 1
55 99 1
26 57 2
60 93 1
25 142 1
27 113 2
44 92 1
39 42 2
28 136 1
14 65 2
15 48 2
26 140 1
6 62 2
12 189 1
50 168 1
65 105 1
5 16 2
34 44 2
6 22 2
19 179 1
27 55 2
12 14 2
63 65 2
40 154 1
45 145 1
0 38 2
58 85 1
26 152 1
17 67 1
40 117 1
51 65 2
29 123 1
39 92 1
20 185 1
3 170 2
18 78 2
38 158 2
3 17 2
22 34 2
18 21 2
23 108 1
16 128 2
18 115 1
42 59 2
6 145 2
13 18 2
21 48 2
4 121 1
30 42 2
10 170 1
2 15 2
52 167 1
10 180 1
14 143 1
30 185 1
16 38 2
7 40 2
42 86 2
16 54 2
42 122 1
3 137 1
18 138 1
38 149 1
52 125 2
44 68 1
9 45 2
43 98 1
60 66 2
20 151 1
20 155 2
12 115 1
40 63 2
4 40 2
8 184 1
33 50 2
9 22 2
42 44 2
19 134 2
15 190 1
56 168 1
34 86 1
16 102 1
44 61 2
64 121 1
48 98 1
2 22 2
43 137 2
46 98 2
32 199 1
13 62 2
51 198 1
56 133 1
45 122 2
63 198 2
18 34 2
3 56 2
6 33 2
27 178 1
59 110 1
5 38 2
28 62 2
35 180 2
22 32 2
33 149 1
43 146 1
0 123 1
22 39 2
64 146 2
29 167 1
38 146 1
37 50 2
33 52 2
11 30 2
39 120 1
15 54 2
11 12 2
36 113 1
58 118 1
12 44 2
23 84 1
42 45 2
49 69 2
11 23 2
32 65 2
18 100 1
27 181 2
13 41 2
22 65 2
54 106 1
10 64 2
15 138 1
18 130 1
5 178 1
1 17 2
45 65 2
54 151 1
3 104 2
34 87 1
17 54 2
6 9 2
63 169 1
7 10 2
16 100 1
5 53 2
22 132 1
39 109 1
3 95 1
41 66 1
42 149 2
32 47 2
27 107 1
40 99 2
48 64 2
11 72 1
24 28 2
35 38 2
29 197 2
9 61 2
11 120 2
18 56 2
9 104 2
30 38 2
13 35 2
60 80 1
14 25 2
6 186 1
31 34 2
41 58 2
49 152 2
29 168 2
21 40 2
65 195 1
11 59 2
0 42 2
14 35 2
6 15 2
11 16 2
64 86 1
9 46 2
43 73 2
9 29 2
42 153 1
63 167 1
44 198 1
21 57 2
1 90 1
46 54 2
62 63 2
36 109 2
44 45 2
53 182 1
25 53 2
52 63 2
14 116 2
17 80 1
27 144 1
25 36 2
10 38 2
15 58 2
13 19 2
29 60 2
17 112 1
30 62 2
4 26 2
25 125 2
28 88 1
7 17 2
34 75 2
46 142 2
54 63 2
0 110 2
21 169 1
3 143 2
26 48 2
2 60 2
32 62 2
42 63 2
34 36 2
16 159 1
6 177 1
57 88 2
27 129 2
55 93 1
15 57 2
10 83 1
29 76 2
18 188 2
33 57 2
43 96 1
29 104 2
30 174 2
45 151 1
57 111 2
13 30 2
33 109 1
39 55 2
55 130 2
0 120 1
21 59 2
29 155 1
29 79 2
0 49 2
49 126 2
47 160 1
21 131 2
21 109 1
62 90 1
64 187 1
47 189 1
34 43 2
10 40 2
38 55 2
42 156 1
4 163 1
8 158 1
42 77 2
62 80 2
40 42 2
25 28 2
13 87 1
3 35 2
30 195 1
2 177 2
1 122 1
13 29 2
46 68 1
18 118 1
11 28 2
38 122 2
28 58 2
27 61 2
27 111 1
31 46 2
40 53 2
40 41 2
12 34 2
1 20 2
21 170 1
37 57 2
33 99 1
22 45 2
2 21 2
44 49 2
3 39 2
18 105 1
35 75 2
29 42 2
19 77 1
13 154 1
63 126 1
64 180 1
37 64 2
7 72 1
4 180 1
1 44 2
40 119 1
52 74 1
28 35 2
29 38 2
20 24 2
65 107 1
24 73 2
8 113 1
15 162 1
18 91 1
45 190 1
45 116 2
35 96 2
23 41 2
6 57 2
44 64 2
0 7 2
40 157 2
48 52 2
4 135 1
23 136 2
26 63 2
17 47 2
46 188 1
58 116 2
23 86 2
34 64 2
25 29 2
19 187 1
45 55 2
9 78 1
62 87 2
65 172 1
36 137 2
2 31 2
58 75 1
27 36 2
57 146 1
13 143 1
8 21 2
23 33 2
3 23 2
53 147 1
42 137 2
11 126 1
1 135 1
36 38 2
43 69 1
28 36 2
30 32 2
2 190 1
21 147 1
0 36 2
4 136 1
41 86 1
16 29 2
44 146 1
2 55 2
4 144 1
13 61 2
58 99 2
15 31 2
61 65 2
61 122 1
12 59 2
30 69 1
46 147 2
30 77 1
46 158 1
6 61 2
22 101 1
16 175 2
28 135 1
36 116 1
45 101 1
58 86 2
63 197 1
46 85 1
1 39 2
38 125 1
12 87 1
0 12 2
4 21 2
31 44 2
4 16 2
9 49 2
18 149 2
41 49 2
34 127 2
9 65 2
64 85 1
49 172 1
42 168 1
17 62 2
46 152 1
15 145 1
35 72 1
7 120 1
0 106 1
35 137 1
7 41 2
32 59 2
61 87 2
35 77 2
8 28 2
6 181 2
28 178 2
34 178 1
3 169 1
13 123 1
29 43 2
56 81 2
19 23 2
11 38 2
1 83 1
59 67 1
4 45 2
61 132 1
44 74 1
26 91 1
39 148 2
56 104 1
37 191 2
22 146 2
60 105 1
33 44 2
40 48 2
19 22 2
4 32 2
35 59 2
12 43 2
61 106 1
9 41 2
31 181 1
12 60 2
45 62 2
11 136 2
65 101 1
35 111 2
51 55 2
6 24 2
13 42 2
1 53 2
33 95 1
46 52 2
30 179 1
4 63 2
62 173 1
4 60 2
29 161 1
33 181 1
7 12 2
45 109 1
41 184 1
18 154 1
49 166 1
22 59 2
22 75 1
17 44 2
41 73 2
56 144 2
34 190 1
57 165 1
31 37 2
39 56 2
58 96 2
14 80 1
11 81 2
10 51 2
24 65 2
39 50 2
38 49 2
35 58 2
3 32 2
32 85 1
4 166 1
20 61 2
12 19 2
9 47 2
51 75 1
34 39 2
9 129 1
29 188 1
62 179 1
11 79 2
41 93 2
2 26 2
62 94 1
24 29 2
9 18 2
45 108 1
23 47 2
27 28 2
16 142 1
3 25 2
5 167 1
8 15 2
47 134 2
61 153 1
2 108 2
10 50 2
64 112 1
0 179 1
26 34 2
0 19 2
19 124 2
42 151 1
19 43 2
35 171 1
22 36 2
57 151 2
58 91 2
4 52 2
63 87 1
13 60 2
38 179 1
1 26 2
11 14 2
39 153 1
16 58 2
4 37 2
30 70 1
59 182 2
0 47 2
64 191 1
3 54 2
24 53 2
30 160 1
47 54 2
48 113 1
34 153 1
45 63 2
6 114 1
56 196 1
30 182 1
34 179 1
9 139 1
8 94 2
6 166 2
32 88 2
43 170 1
5 126 2
29 144 1
54 126 1
43 85 1
20 135 1
31 60 2
22 77 1
37 101 1
27 99 1
10 62 2
54 142 2
53 98 2
5 59 2
63 113 2
16 111 1
7 26 2
17 57 2
12 53 2
20 38 2
42 56 2
37 59 2
47 170 2
22 41 2
51 136 2
36 41 2
22 69 1
5 22 2
16 30 2
39 83 2
62 92 1
39 52 2
7 42 2
18 45 2
29 91 2
43 159 1
17 56 2
57 136 2
51 156 1
58 194 2
37 102 1
38 46 2
23 57 2
11 57 2
0 48 2
28 89 1
41 64 2
22 56 2
16 49 2
53 85 1
61 142 1
9 16 2
4 27 2
2 54 2
35 42 2
47 185 1
55 61 2
47 107 2
8 18 2
53 62 2
19 129 2
14 137 1
16 22 2
14 41 2
27 174 1
52 96 1
8 33 2
54 147 1
15 151 1
55 102 1
8 27 2
7 162 1
39 48 2
50 180 1
7 59 2
4 41 2
54 187 1
46 133 1
46 71 1
20 23 2
21 47 2
6 47 2
10 17 2
3 160 1
63 158 1
10 58 2
28 65 2
48 60 2
51 184 2
27 158 1
17 36 2
39 64 2
18 28 2
54 99 2
4 178 1
38 195 1
59 76 1
37 95 1
65 185 1
26 31 2
23 186 1
48 61 2
1 51 2
8 12 2
46 164 2
37 71 1
12 120 2
0 184 2
56 194 1
34 141 1
37 110 1
26 60 2
51 132 1
45 113 2
40 139 1
49 181 1
39 157 2
1 50 2
11 170 1
25 30 2
9 116 2
14 61 2
19 53 2
39 118 1
54 86 1
59 151 2
63 101 1
10 107 1
33 81 2
5 7 2
53 151 1
27 163 2
4 54 2
64 93 2
11 153 1
63 72 2
18 131 2
8 86 2
30 151 1
55 139 2
30 197 1
17 35 2
20 112 2
33 116 2
60 86 1
14 180 1
1 24 2
31 83 2
1 63 2
33 37 2
19 24 2
8 14 2
28 44 2
29 39 2
30 186 1
29 156 1
52 75 2
28 60 2
2 184 2
7 79 2
55 188 1
55 123 2
34 126 1
42 138 1
1 35 2
43 55 2
37 46 2
2 146 2
29 54 2
8 17 2
26 130 1
15 41 2
45 164 2
42 120 1
61 166 1
1 42 2
43 106 1
14 59 2
30 142 2
31 66 2
40 110 1
15 146 2
15 22 2
43 51 2
59 107 1
27 41 2
19 194 2
38 104 2
18 23 2
62 170 1
16 187 1
15 55 2
33 72 1
7 46 2
15 184 2
22 171 1
36 145 1
28 103 1
24 59 2
10 82 1
15 80 1
4 20 2
0 14 2
4 13 2
13 90 2
42 118 1
49 153 1
23 54 2
4 23 2
5 44 2
35 89 2
18 107 1
22 33 2
7 58 2
30 31 2
0 45 2
27 62 2
57 77 2
0 60 2
12 64 2
3 13 2
37 140 1
26 35 2
23 52 2
25 27 2
12 21 2
15 23 2
41 129 2
57 128 2
61 91 1
14 194 2
48 195 1
2 5 2
41 117 1
45 189 1
42 49 2
42 166 1
17 108 2
8 117 1
33 157 1
13 33 2
49 135 1
28 177 1
57 161 2
46 181 1
65 73 1
30 80 1
61 147 1
20 114 1
19 68 1
36 93 1
61 185 1
35 54 2
30 130 1
21 135 2
0 133 2
12 188 1
11 18 2
29 173 1
10 61 2
6 119 1
56 98 1
0 108 1
35 56 2
5 163 2
6 134 2
17 128 1
25 42 2
13 116 2
44 117 1
2 196 2
30 44 2
60 95 2
36 71 1
24 197 1
21 173 1
62 165 1
36 56 2
46 175 1
45 52 2
16 181 1
51 53 2
21 23 2
52 62 2
58 146 1
6 149 2
12 81 2
2 97 1
0 1 2
12 179 1
18 150 1
49 188 2
0 18 2
10 57 2
53 162 2
1 75 1
63 143 2
33 58 2
8 32 2
25 75 1
15 27 2
28 189 1
56 114 1
19 21 2
33 51 2
16 27 2
30 48 2
5 197 2
12 98 2
40 87 2
5 50 2
16 53 2
30 50 2
18 54 2
57 117 1
2 52 2
3 125 1
39 93 1
7 35 2
53 59 2
43 67 1
39 46 2
1 167 1
38 150 1
37 195 1
27 193 1
18 86 2
3 8 2
47 65 2
10 24 2
14 155 2
11 22 2
3 22 2
22 127 2
19 56 2
27 30 2
8 54 2
28 43 2
3 94 1
14 36 2
4 34 2
55 59 2
63 181 1
14 37 2
8 74 2
26 58 2
23 37 2
51 158 1
4 47 2
0 137 1
6 125 1
47 64 2
42 52 2
33 56 2
21 189 1
38 171 1
30 141 1
17 189 1
5 52 2
62 196 2
46 57 2
62 114 1
6 194 1
31 49 2
13 27 2
27 53 2
36 50 2
0 128 1
43 78 1
2 9 2
50 81 1
27 151 1
13 142 1
37 165 1
25 128 2
12 50 2
13 96 2
21 127 2
19 34 2
4 156 2
31 127 1
7 11 2
19 73 2
35 52 2
5 104 1
53 55 2
37 112 2
39 61 2
13 107 2
16 122 1
11 58 2
16 118 1
9 84 1
3 29 2
27 37 2
44 179 1
12 30 2
7 198 1
11 127 2
11 61 2
37 169 1
28 95 1
44 187 1
40 65 2
53 57 2
48 121 2
51 144 1
64 153 2
44 78 1
4 112 1
14 49 2
51 107 1
17 39 2
7 14 2
7 150 1
51 96 1
54 110 2
62 140 1
7 134 1
9 174 1
14 125 1
5 49 2
38 192 2
51 109 1
47 56 2
2 7 2
44 194 1
27 196 2
32 124 2
27 45 2
13 109 1
11 45 2
59 87 1
64 123 1
31 161 2
16 44 2
19 143 1
0 63 2
6 72 1
18 80 1
14 26 2
13 102 2
41 87 1
0 3 2
22 42 2
9 44 2
47 51 2
1 31 2
54 59 2
61 192 1
18 42 2
29 101 1
59 118 2
30 61 2
18 193 2
17 65 2
61 151 1
0 144 1
44 184 1
24 94 2
36 58 2
43 130 2
17 45 2
6 113 1
18 49 2
3 191 2
59 61 2
0 59 2
48 56 2
49 131 2
4 58 2
56 185 2
1 74 1
47 90 1
55 133 1
22 192 2
7 65 2
5 156 1
62 184 1
11 185 1
59 129 2
17 50 2
14 73 2
35 49 2
18 32 2
47 122 1
22 44 2
22 57 2
38 119 1
31 41 2
63 108 1
7 24 2
5 84 1
45 137 2
20 161 1
18 179 2
28 53 2
15 82 1
10 12 2
49 198 1
0 102 1
30 184 2
53 155 2
34 150 2
40 80 1
20 29 2
55 174 1
61 175 2
41 103 1
33 94 1
5 166 2
35 84 1
29 65 2
33 145 1
5 155 1
9 57 2
44 140 2
33 68 1
65 113 1
36 94 2
10 163 1
9 50 2
54 112 1
39 185 2
3 102 2
9 24 2
23 107 1
57 167 1
49 50 2
24 116 2
24 26 2
46 64 2
13 26 2
31 50 2
24 131 2
35 64 2
23 174 2
22 62 2
57 81 2
26 37 2
2 39 2
56 108 1
10 29 2
49 93 1
54 61 2
3 31 2
16 129 1
18 186 1
39 101 1
8 65 2
41 133 1
30 41 2
54 65 2
58 170 1
22 129 2
3 78 1
50 172 1
7 45 2
39 70 2
2 59 2
29 55 2
0 27 2
4 48 2
36 72 1
2 42 2
5 55 2
42 54 2
22 24 2
30 105 2
5 31 2
59 136 2
13 91 1
6 42 2
57 129 2
5 54 2
0 166 1
38 120 2
15 62 2
28 127 1
7 20 2
34 125 2
38 83 1
5 64 2
46 191 1
50 66 2
29 61 2
56 58 2
51 63 2
2 143 2
49 128 1
23 103 1
8 9 2
27 166 1
49 134 2
6 21 2
4 17 2
13 152 1
26 122 1
2 50 2
31 56 2
52 178 2
56 187 1
38 155 1
36 166 2
7 146 2
13 139 1
18 146 1
10 98 1
33 96 2
9 175 1
23 191 1
46 145 1
15 21 2
15 199 1
10 55 2
10 156 1
0 44 2
5 27 2
8 82 2
1 2 2
28 48 2
9 88 1
35 135 1
8 147 1
19 44 2
18 68 1
24 34 2
10 108 1
65 131 1
54 56 2
59 160 1
28 39 2
37 62 2
59 188 1
1 54 2
39 126 2
38 175 1
13 93 2
56 96 1
24 126 1
65 152 1
62 162 1
61 62 2
8 188 2
25 64 2
55 134 1
36 39 2
22 29 2
0 114 1
10 35 2
54 169 1
46 65 2
64 81 1
53 106 1
5 56 2
11 93 1
2 57 2
15 37 2
49 83 1
6 121 1
7 27 2
42 115 2
39 179 2
58 124 2
11 99 1
7 158 2
3 58 2
32 180 1
35 126 1
52 88 1
28 37 2
9 56 2
55 127 1
1 107 2
29 64 2
2 4 2
36 64 2
46 114 1
41 139 2
23 138 1
52 78 2
1 106 1
3 47 2
24 156 1
21 61 2
48 93 1
36 173 2
31 115 1
60 64 2
48 178 1
19 135 1
58 110 1
14 175 2
15 135 1
45 130 1
26 51 2
51 82 2
9 97 1
36 49 2
35 182 2
40 46 2
61 187 2
16 26 2
28 64 2
27 60 2
65 143 2
29 189 1
5 65 2
2 160 1
21 54 2
27 39 2
24 38 2
1 155 1
20 65 2
34 52 2
59 77 1
5 146 1
55 70 1
56 87 1
8 114 1
47 59 2
42 159 2
7 135 1
26 135 2
7 43 2
3 37 2
25 171 1
19 72 1
58 120 1
11 32 2
30 93 2
49 148 1
6 117 1
19 39 2
5 161 1
16 107 1
39 41 2
37 79 1
31 45 2
39 114 2
12 86 2
6 139 1
2 3 2
1 166 2
44 95 2
20 59 2
4 7 2
24 88 2
6 55 2
49 190 1
33 198 1
60 126 1
53 160 1
23 110 1
34 194 1
44 55 2
41 85 2
52 188 2
0 32 2
42 50 2
60 177 1
30 64 2
54 79 1
50 51 2
11 17 2
9 34 2
29 48 2
29 35 2
8 22 2
19 47 2
25 73 2
16 84 2
28 102 2
22 63 2
10 28 2
31 38 2
0 20 2
18 59 2
52 172 2
54 190 1
24 86 2
8 134 2
22 60 2
16 56 2
33 83 1
25 147 2
19 58 2
37 99 1
59 194 1
8 180 1
5 159 2
26 184 1
2 194 2
49 168 1
61 92 2
7 18 2
60 106 2
28 129 2
6 59 2
3 127 1
27 49 2
16 40 2
14 50 2
19 181 1
23 34 2
22 54 2
19 48 2
3 27 2
37 181 1
9 79 1
27 123 2
33 54 2
36 45 2
65 134 2
46 170 2
5 191 1
16 166 1
39 88 2
60 120 1
10 196 1
26 107 1
9 32 2
37 135 2
11 44 2
32 70 1
44 136 2
31 54 2
16 45 2
60 158 1
49 161 1
32 39 2
54 57 2
1 45 2
1 5 2
57 93 2
0 178 2
9 35 2
53 100 1
14 53 2
23 63 2
24 129 2
20 32 2
8 42 2
29 34 2
8 71 1
28 41 2
58 185 1
50 184 2
2 74 1
9 52 2
30 57 2
6 58 2
56 163 2
59 141 1
11 43 2
55 82 2
5 140 1
55 190 1
50 56 2
14 106 1
41 45 2
25 153 1
13 105 1
58 137 1
41 157 2
61 71 2
44 131 2
24 193 1
6 46 2
26 29 2
46 48 2
53 134 2
1 41 2
25 51 2
34 167 1
19 163 1
50 99 1
44 116 2
26 191 1
39 86 1
41 146 1
28 123 2
3 62 2
2 191 2
24 30 2
8 162 2
17 58 2
34 47 2
46 88 1
59 126 1
4 141 2
12 17 2
39 139 1
8 55 2
56 109 1
28 82 2
5 17 2
18 63 2
6 34 2
7 22 2
17 176 1
46 159 2
60 178 2
33 48 2
7 62 2
20 60 2
45 179 1
7 152 1
0 77 2
63 84 1
17 41 2
55 77 2
36 51 2
65 139 1
56 64 2
56 160 1
17 71 1
8 64 2
16 18 2
2 81 2
20 22 2
23 49 2
6 43 2
39 69 1
6 108 2
8 13 2
56 59 2
11 52 2
6 131 2
7 129 1
6 16 2
39 57 2
65 169 1
4 6 2
23 29 2
35 87 1
26 53 2
26 100 1
7 182 1
23 30 2
8 164 2
4 24 2
13 151 2
38 54 2
17 31 2
19 133 2
31 114 1
32 155 1
23 60 2
31 47 2
52 95 1
52 189 2
15 59 2
65 102 1
43 68 1
30 120 1
28 80 2
8 193 1
61 143 1
8 160 2
12 49 2
39 58 2
33 49 2
19 195 1
3 142 1
62 175 1
10 128 2
23 25 2
22 82 1
4 107 1
31 32 2
33 61 2
3 61 2
8 142 2
1 81 1
5 127 1
40 50 2
29 44 2
8 110 1
16 69 1
30 43 2
24 48 2
18 148 1
37 193 2
1 8 2
60 124 2
5 41 2
29 152 1
9 158 2
24 35 2
33 45 2
32 38 2
44 77 1
16 98 1
9 136 1
45 99 1
28 31 2
50 101 1
59 78 1
36 191 1
43 100 1
52 141 1
15 113 1
28 47 2
37 47 2
0 58 2
3 164 1
51 121 1
46 118 1
35 61 2
43 185 1
10 34 2
8 19 2
56 183 2
17 48 2
39 47 2
28 32 2
37 58 2
60 96 1
60 107 2
57 60 2
36 184 2
8 60 2
14 76 1
44 66 1
52 65 2
23 55 2
39 144 2
7 47 2
12 170 2
24 136 1
27 48 2
38 194 1
49 108 1
20 172 1
4 31 2
65 170 1
57 63 2
60 195 1
27 50 2
17 53 2
65 189 1
2 134 1
24 44 2
47 62 2
31 59 2
57 98 2
18 184 1
26 118 1
37 180 2
57 112 2
7 68 2
24 49 2
6 142 1
35 50 2
38 134 1
49 56 2
39 60 2
20 186 1
9 30 2
65 78 1
32 64 2
24 97 1
25 46 2
23 64 2
22 137 2
30 100 1
38 137 2
38 95 1
43 57 2
10 23 2
4 9 2
55 63 2
13 40 2
48 143 2
46 53 2
2 17 2
2 23 2
55 56 2
57 62 2
49 174 2
35 177 2
11 48 2
56 71 1
13 94 2
47 53 2
4 33 2
59 130 2
32 172 1
43 59 2
15 99 1
37 42 2
19 150 1
59 187 1
12 143 2
3 88 1
5 13 2
59 124 2
12 176 2
59 113 1
18 55 2
12 13 2
39 49 2
16 163 1
39 140 2
16 41 2
63 129 1
8 185 1
25 35 2
22 28 2
43 135 1
40 167 2
40 58 2
16 46 2
15 61 2
13 124 2
32 74 1
50 102 2
47 76 1
50 63 2
0 85 1
7 31 2
5 90 1
13 57 2
5 123 1
65 75 1
56 195 1
43 107 1
0 186 1
37 115 2
21 120 2
0 88 1
7 48 2
62 91 2
58 160 2
8 53 2
3 81 1
51 52 2
15 65 2
11 39 2
8 37 2
24 142 2
7 33 2
11 104 2
9 15 2
6 8 2
23 42 2
22 148 1
9 63 2
2 45 2
30 45 2
36 180 2
0 26 2
26 39 2
22 164 1
47 164 1
29 37 2
4 50 2
24 25 2
59 64 2
34 61 2
7 39 2
10 148 1
60 114 2
24 160 1
20 92 1
25 101 1
0 39 2
13 100 2
25 43 2
0 31 2
10 25 2
0 41 2
31 109 1
10 68 1
51 134 1
1 49 2
8 16 2
4 194 2
26 106 2
5 46 2
27 195 1
3 33 2
25 48 2
13 136 1
32 46 2
11 154 1
19 29 2
7 61 2
30 181 1
52 111 1
24 108 1
12 174 1
18 53 2
6 167 1
3 67 1
23 185 2
62 95 1
27 76 2
18 43 2
10 14 2
25 47 2
31 175 1
37 106 2
8 56 2
49 61 2
1 78 1
14 39 2
41 194 2
12 142 1
7 148 1
4 195 1
28 54 2
50 143 1
1 85 2
40 111 1
22 27 2
10 15 2
19 189 1
26 40 2
25 39 2
13 23 2
9 62 2
33 197 2
35 94 1
11 25 2
26 36 2
4 35 2
13 32 2
28 104 1
1 159 1
0 156 1
23 46 2
2 19 2
50 64 2
33 38 2
7 136 1
19 137 2
34 50 2
10 88 2
46 186 2
47 96 2
15 32 2
58 101 1
7 161 1
5 174 2
50 121 1
46 168 1
18 52 2
31 110 1
15 141 1
47 124 1
33 155 1
59 65 2
2 183 1
48 148 1
4 186 1
44 60 2
60 176 1
2 25 2
36 144 1
15 20 2
12 61 2
49 60 2
10 166 1
47 166 1
55 186 1
28 70 1
24 46 2
20 21 2
3 4 2
49 121 1
0 2 2
28 98 2
32 33 2
42 178 1
24 63 2
42 60 2
15 104 1
51 93 2
6 127 1
25 38 2
8 166 1
42 183 1
3 24 2
53 97 1
33 168 2
3 51 2
7 174 1
57 163 2
36 188 1
29 46 2
34 196 1
27 47 2
42 135 1
7 13 2
28 151 2
63 64 2
6 129 1
30 37 2
35 86 2
25 168 1
43 45 2
10 191 2
60 91 2
30 75 1
1 116 1
55 150 1
38 44 2
26 179 1
3 43 2
14 121 2
46 55 2
11 31 2
44 73 1
4 134 1
5 186 2
56 62 2
11 151 2
12 23 2
3 10 2
22 124 1
1 3 2
56 137 2
51 139 2
1 9 2
27 96 1
6 191 1
29 198 1
50 61 2
1 165 2
13 173 1
23 90 1
50 199 1
36 55 2
38 126 1
37 44 2
42 43 2
27 33 2
33 104 1
0 56 2
25 57 2
17 52 2
19 40 2
27 102 1
28 55 2
54 90 1
25 131 2
5 47 2
39 199 1
1 187 1
33 35 2
39 117 2
17 77 2
51 128 2
9 178 2
49 68 2
31 117 2
60 99 1
26 198 1
14 46 2
3 105 1
29 193 1
11 42 2
40 45 2
19 160 2
62 167 1
14 60 2
15 29 2
12 79 1
28 193 2
61 84 1
3 161 1
14 29 2
14 45 2
52 193 1
50 98 2
26 153 2
17 168 1
24 55 2
48 150 2
64 129 1
0 112 1
46 185 2
50 165 2
13 177 1
45 136 1
60 182 1
3 64 2
13 45 2
3 59 2
5 42 2
52 84 1
4 11 2
49 163 1
6 179 2
7 191 2
62 111 1
8 39 2
2 33 2
1 129 1
35 45 2
2 29 2
23 36 2
15 19 2
13 47 2
53 175 1
47 132 1
24 51 2
45 51 2
40 98 1
25 96 2
6 52 2
65 89 2
0 24 2
44 149 2
22 165 1
6 13 2
0 13 2
1 11 2
49 54 2
38 173 2
14 83 1
27 122 1
57 180 1
1 62 2
0 138 1
2 10 2
21 58 2
43 173 1
14 18 2
5 86 1
31 86 1
62 176 1
8 68 1
15 73 1
33 154 1
48 50 2
18 62 2
43 148 2
42 194 1
32 42 2
8 199 2
43 190 1
9 27 2
13 83 1
6 65 2
20 105 2
38 185 2
14 40 2
61 180 1
24 56 2
2 132 1
9 40 2
19 169 1
22 40 2
62 137 1
61 73 1
57 86 1
37 199 2
32 40 2
6 40 2
14 78 1
37 145 1
45 61 2
7 30 2
38 51 2
32 80 2
32 56 2
17 97 1
34 35 2
2 63 2
43 48 2
5 57 2
1 12 2
20 95 1
29 58 2
24 92 1
23 129 1
16 169 2
6 187 1
0 147 1
0 159 1
24 111 1
31 36 2
61 64 2
50 167 2
34 63 2
21 35 2
22 162 1
19 36 2
13 108 1
14 28 2
9 42 2
51 61 2
10 16 2
34 46 2
51 165 1
7 53 2
12 25 2
9 141 1
38 193 1
6 84 2
35 47 2
17 64 2
12 89 1
35 93 1
11 26 2
7 51 2
32 52 2
25 109 1
11 172 2
15 72 2
13 132 1
39 59 2
34 155 1
46 93 1
10 20 2
42 46 2
4 15 2
31 177 1
23 51 2
18 37 2
29 86 2
1 40 2
20 25 2
18 123 2
58 191 1
17 63 2
17 49 2
38 154 2
4 46 2
40 60 2
9 26 2
44 118 1
59 84 2
34 120 1
14 81 2
41 55 2
5 125 1
40 76 1
10 81 2
20 39 2
62 110 1
13 196 1
24 27 2
18 85 1
44 138 1
10 198 1
4 85 1
21 36 2
62 177 2
64 84 1
12 51 2
38 42 2
9 39 2
21 32 2
4 157 2
15 60 2
39 62 2
35 55 2
57 64 2
1 61 2
18 164 2
43 94 1
51 62 2
65 184 1
13 53 2
26 167 1
41 88 2
56 68 2
35 90 1
29 36 2
9 77 1
64 75 2
21 186 2
7 37 2
40 47 2
9 51 2
21 164 1
36 149 1
37 82 2
39 178 1
46 49 2
51 67 2
1 128 1
48 96 2
42 132 2
21 51 2
55 80 1
32 143 1
52 177 1
1 46 2
12 33 2
0 52 2
53 119 1
4 51 2
4 62 2
26 47 2
40 52 2
15 53 2
47 178 2
25 31 2
39 198 1
18 24 2
15 156 1
23 95 2
36 47 2
13 84 1
41 43 2
47 129 1
2 84 1
22 145 1
18 22 2
1 10 2
16 119 1
50 183 1
2 61 2
17 197 2
64 189 2
58 106 1
20 156 1
16 59 2
5 15 2
41 126 1
51 99 1
4 65 2
2 28 2
1 95 1
27 85 2
20 33 2
11 84 2
41 70 1
17 156 1
13 141 2
4 57 2
41 120 1
12 185 1
39 100 1
13 15 2
32 134 2
15 191 2
46 59 2
32 139 1
39 123 2
32 188 1
33 188 1
15 51 2
37 105 1
55 142 2
16 184 1
56 138 1
17 103 1
27 167 1
14 145 1
10 22 2
8 45 2
30 170 2
20 113 2
26 62 2
27 44 2
39 158 2
27 31 2
28 116 2
46 51 2
26 33 2
17 42 2
25 63 2
9 10 2
63 116 2
42 62 2
29 135 1
30 90 2
41 50 2
36 91 1
60 137 1
47 50 2
22 23 2
16 67 2
10 161 1
63 98 1
8 44 2
5 18 2
33 41 2
35 63 2
61 179 1
45 132 2
32 34 2
3 45 2
63 85 1
45 46 2
13 34 2
40 56 2
46 131 1
36 42 2
39 63 2
44 103 1
21 80 1
9 101 2
3 5 2
4 88 1
33 108 2
30 168 2
11 123 1
36 169 2
40 83 1
24 159 1
48 63 2
10 80 2
61 144 2
16 48 2
53 133 1
53 115 2
47 109 2
29 51 2
24 58 2
20 168 1
7 84 1
58 84 1
48 55 2
18 92 1
57 124 2
6 26 2
13 134 2
36 80 1
50 123 1
8 24 2
10 193 1
62 112 1
5 6 2
9 171 1
31 108 2
62 191 1
1 104 2
60 70 1
23 59 2
15 120 1
10 136 1
50 190 1
31 51 2
4 61 2
26 96 1
2 38 2
21 177 1
36 52 2
14 32 2
2 12 2
12 181 1
7 54 2
37 51 2
0 127 1
2 49 2
43 64 2
16 34 2
48 91 1
15 161 1
4 39 2
30 63 2
17 60 2
25 67 1
13 64 2
60 167 2
48 92 1
34 198 1
29 52 2
28 139 1
12 191 1
3 16 2
53 157 2
6 41 2
56 60 2
12 45 2
58 61 2
49 118 2
48 188 1
16 144 1
4 150 1
50 62 2
12 199 1
3 41 2
33 82 1
6 161 1
38 142 1
47 99 1
5 48 2
13 163 1
46 115 1
0 51 2
8 31 2
27 117 2
5 118 1
7 133 2
27 92 1
12 41 2
29 164 2
12 26 2
29 32 2
30 163 1
7 44 2
33 178 2
10 18 2
49 119 1
0 15 2
2 16 2
25 37 2
49 95 1
30 39 2
53 185 2
34 56 2
35 148 2
9 12 2
2 41 2
32 130 1
43 199 1
39 172 2
35 99 1
56 199 2
14 98 1
11 199 2
43 54 2
6 10 2
57 122 1
29 82 1
22 51 2
59 144 2
40 165 1
18 44 2
4 36 2
44 46 2
3 138 1
1 91 1
24 47 2
32 182 1
39 107 2
9 48 2
11 100 1
14 16 2
16 138 1
36 90 1
36 81 1
52 146 1
21 175 2
63 82 2
28 61 2
32 35 2
58 97 2
58 192 1
15 68 1
53 183 2
30 40 2
3 36 2
43 90 2
54 72 2
57 193 2
4 12 2
25 91 1
8 149 2
35 68 1
61 148 1
64 160 2
5 30 2
42 73 1
36 65 2
45 58 2
52 197 1
45 85 2
14 152 1
47 182 1
22 55 2
40 132 1
6 160 1
9 60 2
7 180 1
41 122 1
12 58 2
54 58 2
2 40 2
30 193 1
12 82 1
2 107 2
51 120 2
40 151 1
63 184 1
19 60 2
13 54 2
38 115 1
29 166 2
22 43 2
34 67 2
56 164 1
47 57 2
25 194 1
7 187 1
16 186 1
17 40 2
11 162 2
4 138 2
35 101 1
43 52 2
41 60 2
17 87 2
3 15 2
45 198 2
24 83 1
41 149 1
58 189 1
49 140 2
26 74 1
37 53 2
17 129 1
22 25 2
55 117 1
14 64 2
64 168 1
7 85 2
23 65 2
2 86 2
44 47 2
15 44 2
28 42 2
61 162 1
11 64 2
14 97 1
40 55 2
44 151 1
31 64 2
20 58 2
35 60 2
5 11 2
10 171 1
30 52 2
3 7 2
45 162 2
18 157 2
26 120 1
19 42 2
51 85 2
41 61 2
32 149 2
32 165 1
56 84 2
29 63 2
44 62 2
45 182 1
39 75 2
0 65 2
65 183 1
2 37 2
48 68 1
12 198 2
34 89 1
5 99 1
2 27 2
65 155 1
17 89 2
6 20 2
26 111 1
54 71 2
7 50 2
15 140 1
33 47 2
10 53 2
12 46 2
59 73 1
21 27 2
5 180 1
43 56 2
43 182 1
47 52 2
6 66 1
26 112 1
21 105 1
7 157 1
54 152 2
25 33 2
1 59 2
39 182 1
63 75 1
21 26 2
19 51 2
8 47 2
49 173 2
29 47 2
46 107 2
5 61 2
6 178 2
3 193 1
16 173 1
33 55 2
20 53 2
9 172 1
3 28 2
4 30 2
10 41 2
26 59 2
26 42 2
43 75 2
31 165 2
11 76 1
33 113 1
53 152 1
42 76 1
42 68 1
38 58 2
20 26 2
56 83 1
56 92 1
58 179 1
42 78 1
14 156 2
62 76 1
58 79 2
55 176 1
32 69 2
27 65 2
63 90 2
32 41 2
61 157 1
21 63 2
3 48 2
12 52 2
16 36 2
30 149 2
38 167 1
45 54 2
41 54 2
15 122 1
6 138 1
54 55 2
54 150 2
3 52 2
36 57 2
64 196 1
39 135 1
16 39 2
63 100 1
11 54 2
35 62 2
47 101 1
34 117 1
16 191 2
22 133 1
0 34 2
4 42 2
52 119 2
33 84 1
5 43 2
6 29 2
51 111 1
5 51 2
4 140 2
10 45 2
16 51 2
52 182 1
57 190 1
11 56 2
2 20 2
16 73 2
17 26 2
35 131 1
7 25 2
51 59 2
19 28 2
46 92 1
33 60 2
43 50 2
10 13 2
17 32 2
59 174 1
7 194 1
1 6 2
33 138 1
58 171 2
31 35 2
21 134 1
36 150 1
21 28 2
28 111 1
36 63 2
37 111 2
10 49 2
39 142 1
20 37 2
47 128 1
36 99 1
2 34 2
28 109 2
16 168 2
34 135 1
35 188 2
63 138 1
49 59 2
22 37 2
37 136 1
3 197 1
41 67 1
48 158 2
1 58 2
11 119 1
19 65 2
57 121 1
21 72 2
28 52 2
1 112 1
60 97 2
57 156 1
7 8 2
10 48 2
16 140 1
3 42 2
40 199 1
50 160 1
8 41 2
16 63 2
14 43 2
12 15 2
44 53 2
7 36 2
19 49 2
41 65 2
32 175 2
60 166 2
5 62 2
58 197 1
17 21 2
35 73 2
62 182 1
21 49 2
44 155 1
8 121 2
0 134 2
52 145 2
0 8 2
31 53 2
1 4 2
1 15 2
39 72 2
3 26 2
12 36 2
53 58 2
64 96 1
11 124 2
43 166 1
39 197 1
50 144 1
3 19 2
38 47 2
41 107 1
14 103 2
42 116 1
5 12 2
22 152 1
25 49 2
56 106 1
61 118 1
29 45 2
20 55 2
25 95 1
16 106 1
2 172 2
28 99 1
22 30 2
15 87 1
64 101 1
16 33 2
48 155 2
20 46 2
24 69 1
7 172 1
20 134 1
54 67 1
0 79 1
35 76 1
46 125 2
51 57 2
45 49 2
48 122 1
48 58 2
53 65 2
18 50 2
56 80 1
5 34 2
12 108 1
61 90 1
57 107 1
12 110 2
19 61 2
27 95 2
4 5 2
12 76 2
49 117 2
62 153 1
48 128 1
1 131 1
27 40 2
0 54 2
14 31 2
1 25 2
39 65 2
39 44 2
6 32 2
53 80 1
48 123 2
65 85 1
1 16 2
21 22 2
12 67 1
50 58 2
48 183 1
7 175 2
30 128 1
22 161 1
24 176 2
22 170 1
37 54 2
34 48 2
39 53 2
45 78 1
30 65 2
20 148 2
30 51 2
7 130 1
6 146 1
46 130 1
39 94 1
30 189 2
53 63 2
17 155 1
11 94 1
10 147 2
32 66 1
44 144 1
0 25 2
58 158 1
19 46 2
21 52 2
44 58 2
35 103 1
24 87 2
0 62 2
50 75 2
63 153 1
25 166 1
13 126 1
33 70 1
12 24 2
52 61 2
2 13 2
22 61 2
15 56 2
65 130 1
52 104 2
29 194 2
40 43 2
22 159 1
27 54 2
9 36 2
47 161 2
28 63 2
3 14 2
25 90 1
49 81 1
50 60 2
17 38 2
37 91 2
7 49 2
43 92 1
24 43 2
57 168 1
35 67 2
37 179 2
28 34 2
53 75 1
23 61 2
10 46 2
56 61 2
48 144 1
22 50 2
30 56 2
58 136 2
1 28 2
59 60 2
19 35 2
53 122 1
35 46 2
2 85 1
34 45 2
32 43 2
13 22 2
50 170 2
24 40 2
13 166 2
10 151 1
4 175 1
21 125 2
27 126 2
17 20 2
35 51 2
27 38 2
52 66 1
58 102 1
53 60 2
9 20 2
38 87 2
65 173 1
52 131 2
18 120 2
37 160 2
2 169 2
41 57 2
37 49 2
6 27 2
4 44 2
3 163 1
18 41 2
11 168 1
65 148 1
6 39 2
33 174 2
21 62 2
17 185 1
34 53 2
36 143 2
44 142 1
44 100 1
55 167 2
15 69 2
25 162 1
50 68 1
35 57 2
0 50 2
44 169 1
52 58 2
46 143 1
4 147 1
21 39 2
36 92 1
0 17 2
58 93 2
17 37 2
27 51 2
37 144 1
13 43 2
41 148 2
9 85 1
41 56 2
43 62 2
48 118 1
3 9 2
23 159 2
20 56 2
18 142 1
64 132 2
14 15 2
49 51 2
62 160 2
31 128 1
21 65 2
1 57 2
19 25 2
0 61 2
23 68 2
42 64 2
62 142 1
34 181 1
48 88 1
2 93 1
25 50 2
56 77 1
28 46 2
8 25 2
61 199 1
41 79 1
41 127 2
15 182 2
24 144 1
29 50 2
24 173 1
60 190 1
38 43 2
9 96 2
18 89 2
18 177 2
7 117 1
10 111 1
55 197 1
1 139 1
26 187 1
23 56 2
43 97 1
35 125 1
45 157 1
11 82 2
63 68 2
0 190 1
57 58 2
11 65 2
7 132 1
13 140 1
0 16 2
15 46 2
12 37 2
27 136 1
27 58 2
24 113 1
31 63 2
12 16 2
51 192 1
44 199 1
20 43 2
12 65 2
7 57 2
48 70 1
6 189 2
9 58 2
4 93 2
0 74 1
63 124 1
17 194 2
39 43 2
24 72 2
12 28 2
47 195 1
7 143 2
35 191 1
10 132 1
26 43 2
8 58 2
17 18 2
3 76 1
17 59 2
6 38 2
11 19 2
13 44 2
33 64 2
56 65 2
32 57 2
34 95 2
62 186 2
5 117 1
13 28 2
16 96 1
37 52 2
24 177 1
20 51 2
38 53 2
12 56 2
24 36 2
24 62 2
19 114 1
15 49 2
4 190 1
5 23 2
28 122 2
57 184 1
35 43 2
30 133 2
30 36 2
19 26 2
22 31 2
42 148 1
27 29 2
3 18 2
43 47 2
1 56 2
16 57 2
18 84 2
32 45 2
37 66 1
4 64 2
23 127 2
26 27 2
30 188 1
16 52 2
13 20 2
32 83 1
37 43 2
33 59 2
5 165 2
20 122 1
27 35 2
28 185 1
21 55 2
19 141 2
47 190 1
59 152 2
16 154 1
4 104 1
11 130 2
11 101 2
31 137 2
13 25 2
18 20 2
35 40 2
8 35 2
41 192 1
4 18 2
49 57 2
14 139 1
23 50 2
14 133 1
38 59 2
36 46 2
14 33 2
23 184 1
17 92 2
3 53 2
26 46 2
32 194 1
31 42 2
16 179 2
63 110 1
34 58 2
15 43 2
6 75 1
1 69 1
7 181 1
1 79 1
42 47 2
35 146 1
4 177 1
52 112 1
51 159 2
30 35 2
50 195 2
54 60 2
12 164 1
4 165 1
11 21 2
55 89 1
1 27 2
4 49 2
1 71 2
23 24 2
41 63 2
16 24 2
49 106 1
64 161 1
10 192 2
2 80 1
40 61 2
50 52 2
46 120 2
2 64 2
30 85 1
62 130 1
15 30 2
34 105 1
20 47 2
4 131 1
47 60 2
36 98 1
39 113 2
59 119 2
10 110 1
17 81 1
58 186 1
45 60 2
15 88 2
60 180 2
0 92 1
17 72 1
40 106 1
1 55 2
31 118 1
6 109 1
10 145 1
22 35 2
30 173 1
18 192 2
8 23 2
34 98 1
62 106 1
52 109 1
11 46 2
30 33 2
5 35 2
11 29 2
24 37 2
62 134 2
18 70 1
15 42 2
38 188 1
21 77 1
65 79 1
56 179 1
8 46 2
55 109 1
18 165 2
61 168 1
52 147 1
13 149 1
61 124 2
0 175 1
15 24 2
64 127 1
34 49 2
19 109 1
57 105 1
10 27 2
10 59 2
1 124 1
13 55 2
21 88 2
43 49 2
38 64 2
38 101 2
13 88 1
7 156 1
35 37 2
11 37 2
2 6 2
57 176 1
15 154 2
23 45 2
49 145 2
41 62 2
24 127 1
54 115 2
40 162 1
24 115 2
25 117 2
36 53 2
3 63 2
31 48 2
50 54 2
55 103 2
41 102 2
43 126 2
8 124 1
55 184 2
24 85 2
55 84 1
29 56 2
41 110 1
27 63 2
28 145 1
6 18 2
37 175 1
46 199 2
23 27 2
38 117 2
5 107 1
40 62 2
57 61 2
6 31 2
17 184 1
28 56 2
34 38 2
43 177 2
45 48 2
9 55 2
18 38 2
13 161 1
43 120 1
56 140 2
5 45 2
51 162 1
28 158 1
50 65 2
58 113 1
19 54 2
15 17 2
40 90 1
23 93 1
49 179 1
14 55 2
18 36 2
29 40 2
51 54 2
47 121 1
4 25 2
42 165 1
40 188 1
13 49 2
47 69 1
40 57 2
15 94 2
6 51 2
37 39 2
20 49 2
49 86 1
35 149 2
3 130 1
56 86 1
19 93 1
45 98 1
13 156 1
16 17 2
48 101 1
7 60 2
14 92 2
56 57 2
17 163 1
8 131 1
26 190 2
32 54 2
41 59 2
25 59 2
38 56 2
38 182 1
54 197 1
10 72 2
7 116 2
1 48 2
15 64 2
47 188 1
1 180 1
44 137 2
55 124 1
5 21 2
17 101 1
2 56 2
59 74 2
20 64 2
15 16 2
65 154 2
10 65 2
7 34 2
11 103 1
47 115 1
18 60 2
47 82 1
65 181 1
45 133 2
64 149 1
7 19 2
12 172 1
36 48 2
10 106 1
50 67 1
65 87 1
51 66 1
32 49 2
17 22 2
3 119 1
10 31 2
5 112 1
19 45 2
33 162 1
47 162 1
6 11 2
10 44 2
62 147 1
19 191 2
16 157 2
26 138 2
20 157 1
18 160 1
30 109 1
37 40 2
51 56 2
14 57 2
7 138 1
12 192 2
8 84 1
5 25 2
18 101 1
3 60 2
21 44 2
65 126 2
13 50 2
32 195 1
1 47 2
33 103 1
43 184 1
35 36 2
9 33 2
25 79 2
31 55 2
5 91 1
2 32 2
18 51 2
26 52 2
15 119 2
2 11 2
59 111 1
7 21 2
43 77 2
21 166 2
1 19 2
15 101 2
9 72 1
49 58 2
35 108 1
63 88 1
19 127 2
48 147 1
5 36 2
28 128 1
18 139 2
24 54 2
5 149 1
29 106 1
60 111 1
3 49 2
33 40 2
64 148 1
48 54 2
31 174 1
56 146 2
31 139 1
60 139 1
44 166 2
3 30 2
8 50 2
52 56 2
60 127 2
40 78 2
6 23 2
35 122 2
8 103 1
58 188 1
7 101 1
38 40 2
17 23 2
34 114 1
61 103 1
60 113 2
63 187 1
5 33 2
21 60 2
35 83 1
29 59 2
28 163 1
3 109 1
4 38 2
6 28 2
21 37 2
5 19 2
32 53 2
57 174 1
14 84 1
27 57 2
7 38 2
16 160 1
37 56 2
12 62 2
0 196 1
32 50 2
0 111 1
29 89 2
1 36 2
29 183 1
32 162 2
8 34 2
50 53 2
24 178 1
42 48 2
18 57 2
9 21 2
16 130 1
65 190 2
24 57 2
63 70 1
14 157 1
24 42 2
53 169 1
15 34 2
44 48 2
63 161 1
1 43 2
34 55 2
5 10 2
38 180 2
50 107 2
29 109 1
1 34 2
25 60 2
48 59 2
37 76 2
18 40 2
64 104 2
42 124 1
10 126 2
7 23 2
35 132 2
60 63 2
4 56 2
13 171 2
36 176 1
17 34 2
12 158 2
3 65 2
8 52 2
8 51 2
16 28 2
40 131 1
5 20 2
65 151 1
57 179 1
47 58 2
58 90 2
53 117 2
14 68 1
3 46 2
12 47 2
21 117 2
24 33 2
16 50 2
37 123 2
23 137 2
48 175 2
6 141 1
51 123 2
36 44 2
31 178 2
33 79 2
35 167 2
20 54 2
43 123 1
28 29 2
22 97 1
52 59 2
15 50 2
3 144 1
64 144 1
33 87 2
42 150 1
52 154 1
36 88 2
25 199 1
39 161 2
27 42 2
6 54 2
54 82 2
29 131 1
34 62 2
44 70 1
31 76 1
3 57 2
42 101 1
63 69 2
60 143 1
39 162 1
6 92 2
48 57 2
21 43 2
14 47 2
6 148 2
8 102 1
8 168 1
59 116 1
2 30 2
33 140 2
27 56 2
31 57 2
54 136 2
52 72 1
34 165 1
14 30 2
24 45 2
23 40 2
19 74 1
31 95 1
31 40 2
9 14 2
19 37 2
5 143 1
8 38 2
19 30 2
25 62 2
19 144 1
3 80 1
20 44 2
18 58 2
10 33 2
2 195 1
13 63 2
3 167 2
64 65 2
6 45 2
26 30 2
23 80 1
25 94 1
3 68 1
0 37 2
6 12 2
62 187 1
27 100 1
18 87 1
21 53 2
33 39 2
45 138 2
14 181 1
9 110 1
24 140 2
40 44 2
22 110 1
45 102 2
44 101 1
2 122 1
10 26 2
16 25 2
11 50 2
27 116 1
9 11 2
56 115 2
36 60 2
25 34 2
18 29 2
6 35 2
53 82 1
52 102 1
13 56 2
20 176 1
1 133 1
20 50 2
34 128 1
9 38 2
9 64 2
12 38 2
36 121 1
27 139 2
26 55 2
37 98 2
37 148 1
6 48 2
65 109 2
51 97 1
20 178 2
62 64 2
60 152 1
36 117 2
31 61 2
17 46 2
33 192 1
61 194 2
54 181 1
21 56 2
33 46 2
37 48 2
16 92 2
10 85 1
54 120 1
53 140 2
8 30 2
49 65 2
40 85 1
24 64 2
13 21 2
2 53 2
6 96 2
30 47 2
39 138 1
44 59 2
30 49 2
22 130 2
27 132 1
46 47 2
22 47 2
53 86 1
47 67 2
22 179 1
9 28 2
32 91 1
62 145 1
4 43 2
28 199 1
42 57 2
8 10 2
34 65 2
16 42 2
19 153 1
20 115 1
13 92 1
42 185 1
17 33 2
43 164 1
18 153 2
42 80 1
27 147 1
0 141 1
8 105 1
33 179 1
39 150 1
8 29 2
8 43 2
36 89 1
16 75 1
36 95 1
55 169 1
21 136 1
0 22 2
49 52 2
33 119 2
3 34 2
0 158 1
21 160 1
16 37 2
11 34 2
18 30 2
46 116 1
51 157 1
18 137 2
2 24 2
63 91 2
8 140 1
12 159 1
1 191 2
22 52 2
1 87 2
16 19 2
2 43 2
38 187 2
14 168 1
41 47 2
0 104 1
13 112 1
20 141 1
8 189 1
64 120 1
9 161 2
28 57 2
24 31 2
20 28 2
14 113 2
41 44 2
15 63 2
60 179 1
20 48 2
21 192 1
29 49 2
11 36 2
46 61 2
64 145 1
17 27 2
18 27 2
29 187 2
3 114 2
59 101 2
22 184 2
4 66 2
40 59 2
46 56 2
22 126 2
28 113 2
3 72 1
21 128 1
58 117 1
15 25 2
58 156 1
57 115 2
30 147 1
36 59 2
3 120 1
20 30 2
31 100 1
32 63 2
6 37 2
30 60 2
46 137 2
42 139 2
14 23 2
28 40 2
17 104 1
51 161 1
52 53 2
2 130 1
38 111 1
18 166 1
44 63 2
42 195 2
5 109 1
44 111 2
28 108 1
51 116 2
23 123 1
48 65 2
36 40 2
25 93 1
51 175 1
22 46 2
30 172 1
19 57 2
27 146 2
13 16 2
35 48 2
1 33 2
35 152 2
65 144 1
11 169 2
11 47 2
45 86 1
29 196 1
48 51 2
28 38 2
12 22 2
2 18 2
58 140 2
65 141 2
13 182 1
28 137 1
60 73 1
58 127 1
2 35 2
9 31 2
34 59 2
25 190 1
0 100 1
58 60 2
54 133 2
26 194 2
2 8 2
11 98 1
30 97 1
42 144 1
7 29 2
20 91 1
19 50 2
30 99 1
35 118 1
40 73 2
33 129 1
43 165 2
29 93 1
49 55 2
58 74 1
14 161 1
16 126 2
6 151 2
39 40 2
58 119 1
35 161 1
29 165 1
20 194 1
5 192 2
44 106 2
34 42 2
45 197 1
28 30 2
16 110 1
14 63 2
5 101 2
27 80 1
53 194 1
20 175 2
24 132 1
43 104 1
33 42 2
10 97 1
55 196 1
3 12 2
14 54 2
10 54 2
23 188 1
33 169 1
38 41 2
29 75 1
53 118 1
34 122 1
33 93 1
30 88 1
54 81 1
12 20 2
61 191 1
34 97 2
31 106 1
31 119 1
16 43 2
24 52 2
21 197 1
64 147 1
47 123 1
19 55 2
47 191 1
16 112 1
26 98 1
21 150 2
22 89 1
11 41 2
13 39 2
61 163 2
7 126 1
13 86 1
6 44 2
11 60 2
29 30 2
36 132 1
32 60 2
17 188 2
36 54 2
3 50 2
6 25 2
41 118 1
57 138 1
6 19 2
0 131 2
13 73 1
24 186 1
14 24 2
62 82 1
51 64 2
9 25 2
16 21 2
62 152 2
33 53 2
12 48 2
47 49 2
63 160 1
59 131 1
32 58 2
35 105 1
39 54 2
21 34 2
10 30 2
25 44 2
19 32 2
45 50 2
55 128 1
29 53 2
10 189 1
17 29 2
9 180 1
13 14 2
63 178 2
24 60 2
26 121 2
1 37 2
11 149 1
35 100 1
48 168 2
45 57 2
5 60 2
13 37 2
52 82 1
29 81 2
34 40 2
18 39 2
10 32 2
5 102 1
9 13 2
7 32 2
65 96 1
49 102 2
14 69 2
65 70 2
24 39 2
22 143 2
28 142 1
16 31 2
10 37 2
65 112 1
39 141 1
53 144 2
48 72 1
40 49 2
34 60 2
4 68 1
2 65 2
37 92 2
6 56 2
52 60 2
27 32 2
41 51 2
46 110 1
47 63 2
57 59 2
39 136 2
48 154 1
15 98 2
10 39 2
11 40 2
22 150 1
29 62 2
47 55 2
46 136 1
16 108 1
46 154 2
18 25 2
33 62 2
64 124 1
36 123 1
28 33 2
13 197 1
5 37 2
21 25 2
46 127 1
45 163 1
0 21 2
0 53 2
58 132 1
19 52 2
54 122 2
44 83 2
53 163 2
18 33 1
80 108 1
8 101 1
0 199 2
30 161 1
34 109 2
25 61 1
52 171 2
55 90 1
9 80 2
2 181 2
75 161 1
8 36 1
41 99 2
40 140 2
58 62 1
49 53 1
101 127 1
44 124 1
12 57 1
11 96 2
18 26 1
41 96 2
62 65 1
140 165 2
109 165 2
14 38 1
42 58 1
23 178 1
0 55 1
14 199 2
8 11 1
38 61 1
57 80 1
1 176 1
39 108 1
11 15 1
7 15 1
42 61 1
2 44 1
10 60 1
27 34 1
12 124 1
34 90 1
0 28 1
50 140 2
61 136 2
107 109 2
