% n=40 p=33 d=0.66 p_blue=0.66
% k=0
11 12 2
7 37 2
10 30 2
10 22 1
7 18 2
1 36 2
1 31 2
4 32 1
8 31 2
9 23 2
8 20 2
1 32 1
7 9 2
0 39 2
1 25 2
1 34 2
11 35 1
3 10 2
6 7 2
5 20 2
13 14 2
0 2 2
10 32 1
9 17 2
13 28 1
8 11 2
0 7 2
13 37 2
5 21 2
11 14 1
11 23 2
10 33 2
1 13 2
2 27 1
2 4 2
1 19 2
2 32 2
10 26 1
0 1 2
7 30 2
7 8 2
1 23 1
11 16 2
13 16 2
1 8 2
2 34 2
12 17 2
9 16 1
1 37 2
3 6 2
13 15 1
7 15 2
7 25 2
1 9 2
11 15 2
8 19 1
4 7 2
5 38 1
9 34 2
1 29 2
2 14 1
3 26 1
0 30 1
0 38 1
2 26 1
4 6 2
7 29 2
9 24 2
12 31 2
3 12 2
8 32 1
5 9 2
1 30 2
8 35 2
4 36 1
11 38 2
0 21 2
6 27 1
0 9 2
9 32 2
5 10 2
10 39 2
2 12 2
9 15 1
6 10 2
6 9 2
2 13 2
5 31 1
5 16 2
8 22 2
7 24 2
4 24 2
6 32 2
0 34 1
2 6 2
3 22 1
1 24 1
7 16 2
6 24 2
6 12 2
6 17 2
13 17 2
12 27 1
6 39 2
2 31 2
1 27 2
0 26 2
9 29 1
9 14 2
3 31 1
0 20 1
6 35 1
13 25 2
7 35 1
8 23 2
6 38 2
9 38 2
0 27 2
3 17 2
13 32 2
3 33 2
6 34 2
7 36 1
11 28 1
8 18 1
0 24 2
4 39 1
2 35 1
5 35 2
13 38 2
12 16 2
7 14 1
13 18 1
7 12 2
1 35 2
0 37 2
3 19 1
5 34 1
3 14 2
3 8 2
6 19 2
5 24 1
2 17 1
2 36 1
2 37 2
13 33 1
10 28 2
12 25 2
6 37 1
3 21 2
3 29 1
12 18 1
12 22 1
8 36 2
4 16 2
0 35 2
13 31 1
3 28 2
0 33 1
9 37 2
4 15 2
3 9 2
0 8 2
0 10 2
5 30 2
6 20 1
0 5 2
2 24 1
12 24 1
3 37 2
7 17 2
0 32 1
6 28 2
9 25 2
9 18 2
1 3 2
6 36 1
0 11 2
9 27 2
9 33 2
8 26 2
11 31 2
6 33 1
0 19 1
1 16 2
2 39 2
7 11 2
2 23 2
10 13 2
4 35 2
5 17 2
2 28 2
7 28 2
10 16 2
6 23 2
6 26 2
9 31 1
5 6 2
6 31 2
5 7 2
0 14 1
2 25 1
3 20 1
3 7 2
11 13 2
7 20 1
4 10 2
11 37 1
8 30 1
10 37 2
10 34 2
1 26 1
9 26 1
5 8 2
12 32 1
7 10 2
2 9 2
6 21 2
5 12 2
8 10 2
3 4 2
1 5 2
8 9 2
11 19 2
9 12 2
5 23 2
13 27 1
1 33 1
4 28 2
2 38 2
3 24 2
0 13 2
10 17 2
1 11 2
0 12 2
7 19 1
4 23 1
1 4 2
3 15 2
7 31 2
1 18 1
11 32 1
7 13 2
12 28 2
10 12 2
13 34 2
13 36 1
2 11 2
10 11 2
1 38 2
5 29 2
1 7 2
1 22 2
13 39 1
8 17 2
4 38 1
10 15 2
2 16 2
10 21 2
9 11 2
8 34 2
7 34 2
4 12 2
13 29 2
0 18 2
12 26 2
4 25 2
2 19 1
3 13 2
11 20 2
3 5 2
0 29 2
3 35 1
9 13 2
0 28 2
7 32 2
1 10 2
1 2 2
5 13 2
13 21 2
7 33 2
8 33 1
8 16 2
0 15 1
10 38 2
6 11 2
10 25 1
3 16 2
4 9 2
5 22 1
0 4 2
12 23 2
11 17 1
4 34 2
12 36 2
2 7 2
10 27 2
4 5 2
8 27 2
7 39 2
10 29 1
2 8 2
1 12 1
6 14 1
14 31 1
12 37 2
4 8 1
0 6 1
3 36 2
3 39 2
10 23 1
5 11 1
3 30 1
2 18 1
4 13 1
5 37 1
11 18 1
2 3 1
14 37 2
7 23 1
15 39 1
3 23 1
6 8 1
9 10 1
6 13 1
1 15 1
5 15 2
8 12 1
12 15 2
1 14 2
11 30 2
15 18 2
30 36 1
36 37 1
