% n=30 p=33 d=0.33 p_blue=0.33
% k=0
7 20 2
3 11 1
2 28 1
1 7 2
9 19 1
7 12 1
0 1 2
1 2 2
0 13 1
4 26 1
1 12 1
0 15 2
9 25 1
8 23 1
7 8 2
3 7 2
6 27 1
9 21 2
4 5 2
9 11 2
6 9 2
5 20 1
8 20 1
1 4 2
5 18 2
4 29 1
7 11 1
8 28 1
0 8 2
1 5 2
8 9 2
9 22 1
5 27 1
4 9 2
7 19 1
2 7 2
8 11 1
3 29 1
5 8 2
1 19 2
4 15 1
0 20 1
5 9 2
7 15 1
1 6 2
6 29 1
2 4 2
1 9 2
4 13 1
8 22 1
8 24 1
8 25 1
8 27 1
5 6 2
0 21 1
0 9 2
5 29 1
0 22 1
1 10 1
0 7 2
0 5 2
4 7 2
2 6 2
0 6 2
3 9 2
7 10 2
4 6 2
9 23 2
2 14 1
9 13 1
2 3 2
7 14 1
4 8 2
8 16 1
7 22 1
0 4 2
2 8 2
6 12 2
3 8 2
2 10 1
5 13 2
6 13 1
4 11 2
3 20 1
6 11 1
15 18 1
2 5 1
3 6 1
19 26 1
4 19 2
6 23 2
18 24 1
11 26 1
6 8 1
1 8 1
6 15 2
3 26 2
20 23 2
6 18 2
1 18 1
15 26 2
24 26 2
23 24 1
0 19 2
1 24 1
3 4 1
15 24 1
9 15 1
4 23 2
11 23 1
2 24 1
6 26 2
7 18 1
11 24 2
7 26 2
6 7 2
9 18 1
5 19 1
0 26 2
6 20 2
1 23 2
4 24 2
1 15 2
