% n=90 p=33 d=0.66 p_blue=0.33
% k=0
12 34 2
18 34 2
20 22 2
11 82 2
14 52 1
28 55 1
26 48 2
23 74 1
2 35 1
4 19 2
18 72 2
11 14 2
0 35 2
21 51 1
15 22 2
26 72 1
3 17 2
7 82 1
25 89 1
9 20 2
4 14 2
0 12 2
29 33 1
19 26 2
13 89 2
6 26 2
1 25 2
13 55 2
12 33 1
24 52 1
2 52 2
0 84 1
4 38 1
21 23 2
25 27 2
8 52 1
15 17 2
28 82 2
26 76 1
14 24 2
2 61 1
8 20 2
19 56 1
10 14 2
9 34 1
0 4 2
8 72 1
5 87 2
6 25 2
14 43 1
29 51 1
17 18 2
14 49 2
28 70 1
15 68 2
18 51 1
9 67 1
7 71 1
29 64 1
9 71 2
1 54 2
16 23 2
0 81 1
22 48 1
7 13 2
13 67 1
15 51 2
20 68 1
11 37 1
10 75 1
0 23 2
24 62 1
16 75 2
16 80 1
12 59 2
11 53 2
17 79 1
16 60 1
2 81 1
20 36 2
20 79 1
12 71 2
12 19 2
18 37 1
16 72 1
10 44 1
5 82 1
18 41 1
3 27 2
5 57 2
11 54 1
0 58 2
13 39 1
5 77 1
5 76 1
1 12 2
10 69 1
1 24 2
23 63 1
7 81 1
25 46 1
29 37 1
1 37 1
5 60 1
0 51 1
6 15 2
9 55 1
2 62 2
22 72 1
16 48 1
10 21 2
11 16 2
2 17 2
12 22 2
19 20 2
10 32 1
9 35 2
2 66 2
16 30 2
7 37 2
17 63 2
0 30 1
23 45 1
10 22 2
12 80 1
6 23 2
5 36 1
0 78 2
1 8 2
13 27 2
16 36 1
8 54 1
17 87 1
2 28 2
15 45 1
11 81 1
12 83 2
7 46 1
18 19 2
2 26 2
4 11 2
15 52 2
1 27 2
19 89 1
15 65 1
2 23 2
26 71 1
9 87 1
6 17 2
9 12 2
29 58 2
5 72 1
1 10 2
0 86 1
10 40 1
21 78 1
27 36 1
7 15 2
6 12 2
0 31 2
7 56 2
29 82 1
3 26 2
9 21 2
0 59 1
21 26 2
24 43 2
4 49 2
22 35 1
7 51 2
20 54 2
23 72 1
12 89 1
23 24 2
23 84 2
2 47 2
16 25 2
15 70 1
23 46 1
17 31 1
1 11 2
24 71 1
11 67 1
25 36 1
7 79 2
14 51 1
17 66 2
25 63 2
9 68 1
13 57 1
18 62 2
10 16 2
2 34 1
13 54 1
4 27 2
10 51 1
6 27 2
22 58 1
15 32 1
18 74 2
11 89 2
22 23 2
6 8 2
13 75 2
16 40 2
24 83 2
9 11 2
6 52 1
25 68 2
16 20 2
3 46 1
0 9 2
7 19 2
23 29 2
23 54 2
15 60 1
4 43 1
3 75 2
22 74 2
14 17 2
5 35 1
14 44 2
12 60 2
19 79 1
27 61 1
25 57 1
5 15 2
15 41 1
13 60 1
26 40 2
3 6 2
6 21 2
14 40 1
29 73 1
4 21 2
12 69 1
16 51 1
0 22 2
19 60 1
8 38 2
25 48 2
13 25 2
25 59 2
3 8 2
24 31 1
19 65 1
6 80 2
5 41 1
25 30 2
5 42 2
26 79 1
5 84 1
21 61 2
10 65 2
29 74 2
13 72 1
5 52 1
8 13 2
0 21 2
10 27 2
27 37 1
4 76 1
3 9 2
24 76 1
8 78 1
6 70 1
1 43 2
10 26 2
18 85 1
6 58 1
15 24 2
7 21 2
2 31 1
0 67 2
6 61 1
19 48 1
17 37 1
18 89 2
14 80 2
4 51 2
18 86 1
11 49 1
3 22 2
2 27 2
4 64 2
21 39 1
15 89 1
16 52 2
13 82 1
9 56 2
14 77 1
1 6 2
1 14 2
1 7 2
20 25 2
13 41 1
16 53 1
5 56 1
4 16 2
19 85 1
10 89 1
12 87 1
3 71 2
21 71 1
19 64 1
24 79 1
12 25 2
1 62 1
18 42 1
1 83 2
23 36 1
27 29 2
7 48 1
20 28 2
0 18 2
20 39 1
2 14 2
11 42 1
20 76 1
14 60 1
4 32 2
9 64 1
13 86 1
12 86 1
14 84 2
3 44 1
18 21 2
25 83 2
26 55 1
19 24 2
21 60 2
19 51 1
9 83 1
3 12 2
3 62 1
26 52 1
29 57 1
0 37 1
12 42 1
13 28 2
29 32 1
1 32 2
13 42 1
13 15 2
13 88 1
2 46 1
3 19 2
19 52 1
21 37 1
29 61 1
27 49 2
24 74 1
21 83 1
10 64 2
8 22 2
13 37 1
29 45 1
29 46 2
9 26 2
17 25 2
28 84 1
10 53 1
5 34 2
1 40 1
24 75 1
17 24 2
18 70 1
11 60 2
4 7 2
23 85 1
14 19 2
4 29 2
26 66 1
18 76 2
22 34 1
2 87 1
3 82 1
8 69 1
9 37 1
13 29 2
6 30 1
2 11 2
1 5 2
24 70 2
16 78 1
25 58 2
11 25 2
6 39 1
1 3 2
22 80 1
22 71 2
6 78 1
10 17 2
1 51 1
2 24 2
21 68 1
10 15 2
26 31 1
1 53 1
22 60 1
12 14 2
9 22 2
9 18 2
11 58 1
3 23 2
15 19 2
5 51 1
22 64 1
26 87 1
1 75 1
1 88 1
22 56 1
24 45 1
28 48 1
8 16 2
25 60 1
28 30 2
26 54 2
16 38 1
5 64 1
17 27 2
4 28 2
11 80 1
27 40 2
24 85 1
26 43 1
17 75 1
16 69 1
4 30 2
25 39 1
7 28 2
6 63 2
10 43 2
21 47 2
5 6 2
23 68 1
3 81 1
11 44 2
8 80 1
13 21 2
13 45 1
8 15 2
4 56 2
2 40 1
27 28 2
7 11 2
9 28 2
27 73 2
3 13 2
2 51 2
17 22 2
13 61 1
25 70 1
26 33 1
25 37 1
17 83 1
21 72 1
3 79 1
20 73 1
1 45 1
28 66 1
8 40 2
12 53 1
19 81 2
19 44 1
6 69 2
15 79 1
22 69 2
13 73 1
0 27 2
6 28 2
19 27 2
10 29 2
23 86 1
22 46 2
0 75 1
27 79 1
10 72 2
15 82 1
2 13 2
19 62 1
27 63 1
14 21 2
27 45 1
7 88 1
2 30 1
19 21 2
16 22 2
2 7 2
20 23 2
11 13 2
22 25 2
4 62 1
12 28 2
4 20 2
21 24 2
5 45 1
2 84 2
5 89 2
4 82 1
5 25 2
11 23 2
24 68 1
5 83 1
6 62 1
9 72 1
13 69 1
6 89 1
10 24 2
15 85 1
8 61 1
25 42 2
3 16 2
12 57 2
1 81 2
15 86 1
27 42 1
25 71 2
29 69 1
27 51 2
3 69 2
14 23 2
12 75 1
0 55 1
4 5 2
18 45 1
4 44 2
21 64 1
26 60 1
20 78 1
10 50 1
5 74 1
17 42 1
0 29 2
2 22 2
20 86 1
23 57 1
20 52 1
24 29 2
16 70 1
2 43 2
3 31 1
10 81 2
15 21 2
25 32 2
4 50 2
4 83 2
4 86 1
12 15 2
11 71 2
18 40 1
24 41 2
14 46 1
8 75 1
26 42 1
3 84 1
8 27 2
7 74 2
17 70 1
1 47 1
16 86 2
5 8 2
24 56 1
1 87 1
8 28 2
7 20 2
7 23 2
20 27 2
8 58 2
8 60 1
2 42 1
11 79 1
3 30 2
26 32 1
13 80 2
21 22 2
20 41 1
23 83 2
7 17 2
13 85 1
23 89 1
18 43 1
23 33 1
11 65 1
11 19 2
27 38 1
24 39 2
3 59 1
1 9 2
19 37 2
27 46 2
27 34 1
18 65 1
22 82 2
15 87 2
2 18 2
8 34 1
16 39 2
19 68 2
3 77 2
15 50 2
7 54 2
16 18 2
25 49 2
8 64 1
18 50 2
11 36 1
2 49 1
7 36 1
17 21 2
11 47 1
3 66 1
10 63 1
28 67 1
6 66 2
19 39 1
1 4 2
9 10 2
21 53 2
14 35 1
29 85 1
19 63 1
24 55 1
24 61 2
5 44 1
18 36 1
8 33 1
5 38 2
10 59 1
5 55 1
5 67 1
6 11 2
3 5 2
14 55 1
20 38 2
27 67 2
17 77 1
22 44 1
10 34 1
15 76 1
8 59 1
11 41 1
2 4 2
12 36 2
11 17 2
9 77 2
7 47 2
29 72 2
18 28 2
29 52 2
2 82 1
23 43 1
23 42 1
10 19 2
15 38 1
4 57 1
6 7 2
18 29 2
8 19 2
9 17 2
19 61 1
20 42 1
8 66 1
28 39 2
4 55 1
9 75 1
23 73 1
15 31 2
16 43 1
15 54 1
2 20 2
0 65 1
16 88 2
17 33 1
6 59 1
10 28 2
15 35 1
15 20 2
26 58 1
11 61 2
1 68 1
23 88 1
18 77 1
12 23 2
9 30 1
8 53 2
21 77 2
20 56 1
17 60 1
19 78 1
11 27 2
16 31 2
2 50 2
17 23 2
13 33 2
24 81 1
7 8 2
9 76 1
19 41 2
16 49 1
4 12 2
5 85 1
16 65 1
1 57 1
11 34 1
16 28 2
19 42 1
24 78 2
16 85 2
20 21 2
8 9 2
21 48 1
7 87 1
14 67 1
6 14 2
2 3 2
18 22 2
27 76 2
20 69 1
25 86 1
28 83 1
0 24 2
7 24 2
27 70 1
7 80 1
2 29 2
24 64 1
11 30 2
5 59 1
1 13 2
2 45 2
20 83 1
20 84 1
4 58 1
0 74 1
10 37 1
22 70 1
18 83 2
4 42 2
7 72 1
4 66 1
18 23 2
14 37 1
17 35 1
10 13 2
16 73 1
11 21 2
4 37 2
9 51 2
4 72 2
4 52 1
14 81 2
8 26 2
2 6 2
9 62 1
26 46 1
8 12 2
28 41 1
19 49 2
9 86 1
17 54 1
4 18 2
22 31 2
13 71 2
21 65 1
13 20 2
4 63 1
22 66 2
8 35 2
5 26 2
15 16 2
6 20 2
6 18 2
27 57 1
7 61 2
20 50 1
17 39 1
0 73 2
29 42 1
17 46 2
9 79 1
13 23 2
5 43 1
8 83 2
27 66 1
11 26 2
29 50 1
6 81 2
15 55 1
12 82 1
20 30 1
24 25 2
10 57 1
7 31 2
9 39 1
27 69 2
12 52 1
7 22 2
10 88 2
21 84 1
12 72 1
28 53 2
29 84 1
18 78 1
26 35 2
5 27 2
25 73 1
1 41 1
27 39 1
1 76 1
12 78 1
3 52 1
10 79 1
3 15 2
0 36 2
29 60 1
1 72 2
3 29 2
2 83 1
3 73 1
27 54 2
2 73 1
9 40 1
16 81 1
13 50 1
7 85 1
13 24 2
13 22 2
24 35 2
2 48 1
12 85 1
13 48 1
22 57 2
25 87 1
9 85 1
12 30 1
3 60 1
10 87 1
2 70 2
2 59 1
4 68 2
25 82 2
28 81 1
12 46 1
17 86 1
0 7 2
12 56 1
5 58 2
2 60 1
14 70 1
7 14 2
25 40 1
1 85 1
6 16 2
1 30 2
13 59 1
6 10 2
18 35 1
0 50 1
7 38 1
21 40 1
15 83 1
0 5 2
11 72 1
12 26 2
14 82 1
1 61 1
2 8 2
13 18 2
3 41 2
14 66 2
15 43 1
29 31 1
19 77 2
28 60 2
19 25 2
10 25 2
14 39 1
3 4 2
22 86 1
16 17 2
9 41 1
14 20 2
24 88 1
5 18 2
17 29 2
5 54 1
8 74 1
22 40 1
25 77 1
25 35 2
15 26 2
6 54 2
1 28 2
16 59 1
10 41 1
28 85 2
1 86 1
24 27 2
16 76 1
1 19 2
6 79 1
11 85 1
7 89 2
25 29 2
23 62 1
12 51 2
16 47 1
0 26 2
23 26 2
4 24 2
2 69 2
1 64 1
7 43 2
5 9 2
21 52 1
27 59 2
4 22 2
6 44 1
29 86 2
26 45 1
14 88 1
23 25 2
19 38 1
5 17 2
0 6 2
11 76 1
4 73 1
5 63 2
22 27 2
27 87 2
24 48 2
5 11 2
22 75 2
8 36 1
7 84 2
2 88 2
18 49 1
22 41 1
0 10 2
27 77 2
14 18 2
4 17 2
3 68 1
11 18 2
25 66 2
8 82 1
28 45 1
20 53 2
2 15 2
8 46 2
10 85 1
0 16 2
0 64 1
16 67 2
0 13 2
3 18 2
21 33 2
17 65 2
5 24 2
11 68 2
9 15 2
5 20 2
27 68 2
5 40 1
9 61 2
7 83 2
8 86 2
10 20 2
20 82 1
17 49 1
18 68 1
29 38 1
28 52 2
18 56 1
23 28 2
28 38 1
25 38 1
6 50 1
0 28 2
24 33 1
2 21 2
11 43 1
4 77 1
3 83 1
3 64 1
1 26 2
19 35 1
18 52 1
21 57 1
14 64 2
23 48 1
12 17 2
0 25 2
26 64 1
11 63 1
7 10 2
1 52 1
23 27 2
6 84 1
27 82 1
19 36 1
24 58 1
19 75 1
6 40 1
5 66 1
16 57 1
6 87 1
26 29 2
7 44 1
19 76 2
10 36 2
2 32 2
14 61 1
14 27 2
7 52 2
17 53 1
0 85 2
17 20 2
19 23 2
18 26 2
3 67 1
22 76 1
13 78 1
15 25 2
6 46 1
8 21 2
7 12 2
27 65 1
18 88 1
4 46 1
5 31 1
8 30 1
11 29 2
5 47 2
9 82 1
13 68 1
4 45 1
12 55 1
20 71 2
25 78 1
1 63 1
17 89 2
6 72 1
1 35 1
2 67 2
24 77 1
1 73 1
25 80 2
6 13 2
4 59 2
11 66 2
4 65 2
4 6 2
27 35 1
28 40 1
20 24 2
26 27 2
5 78 1
23 65 1
26 30 2
24 82 1
14 15 2
3 28 2
24 30 1
29 83 2
29 80 1
12 32 1
29 40 1
23 37 1
3 36 1
26 28 2
29 59 1
16 34 1
15 66 2
21 69 1
3 70 2
5 70 1
21 86 1
12 16 2
11 57 1
26 68 2
8 18 2
2 19 2
13 19 2
17 71 1
22 68 1
27 47 1
15 53 1
18 20 2
7 59 1
29 66 1
20 26 2
0 20 2
16 44 2
28 36 2
16 68 2
21 89 1
2 76 1
1 18 2
8 10 2
5 33 1
14 30 1
2 36 1
13 76 1
18 47 1
22 39 2
14 86 1
2 10 2
2 25 2
2 63 1
0 15 2
14 16 2
2 44 1
26 88 2
25 43 1
24 49 2
28 76 1
27 85 2
7 49 1
14 29 2
19 22 2
19 50 1
18 63 1
9 63 2
21 76 1
21 73 1
4 36 1
12 43 1
14 87 2
0 62 2
20 81 2
1 84 1
14 33 1
15 18 2
26 49 2
11 74 1
16 66 2
15 61 1
5 39 1
2 38 1
28 37 1
29 87 1
25 84 1
12 13 2
26 89 2
10 18 2
25 26 2
5 14 2
5 49 1
19 73 1
7 18 2
1 70 1
8 79 1
21 79 2
20 64 1
13 56 2
7 29 2
0 89 1
6 49 1
23 76 1
15 29 2
27 56 1
4 9 2
16 35 1
15 62 1
29 81 1
9 13 2
7 67 1
19 28 2
12 77 2
4 13 2
1 39 1
4 8 2
12 29 2
12 31 2
0 52 1
21 58 1
3 34 1
24 38 1
28 29 2
13 38 1
9 29 2
19 53 1
0 76 1
5 23 2
9 36 1
22 88 2
6 19 2
2 89 2
3 32 1
8 81 2
20 74 1
16 29 2
5 10 2
29 44 2
10 31 1
1 15 2
20 87 1
25 74 2
23 81 1
24 46 2
18 24 2
1 77 2
7 27 2
15 44 2
15 58 1
6 33 1
29 47 1
12 66 1
3 48 2
10 66 1
9 14 2
1 23 2
4 60 1
6 45 1
7 58 1
9 45 1
15 67 1
6 83 2
14 26 2
8 32 1
28 32 1
25 28 2
14 89 2
9 42 2
16 21 2
27 32 1
16 56 1
29 62 1
3 21 2
3 47 1
2 12 2
27 33 1
27 62 1
5 81 2
6 37 1
12 61 1
8 17 2
9 78 1
11 39 2
18 87 1
3 20 2
1 22 2
20 72 2
7 68 2
18 81 1
14 57 1
27 50 1
26 61 1
15 36 1
9 25 2
20 49 1
24 65 2
13 49 1
19 58 2
17 81 1
6 48 1
10 55 1
8 24 2
5 21 2
13 17 2
27 88 1
26 36 1
1 49 2
1 17 2
8 67 1
24 57 1
15 59 1
15 23 2
17 48 2
1 20 2
16 24 2
9 59 2
0 45 2
28 80 1
4 10 2
2 5 2
18 25 2
7 65 1
21 55 1
9 70 1
17 30 1
23 34 1
25 88 1
17 36 2
9 74 2
0 1 2
3 89 1
18 82 1
3 10 2
1 36 2
0 3 2
4 31 2
9 48 1
15 57 2
12 27 2
6 24 2
6 38 1
23 82 1
8 85 2
21 31 2
4 25 2
20 35 2
20 44 1
22 29 2
2 54 2
2 41 1
1 2 2
8 29 2
3 72 1
23 39 2
18 64 2
11 62 1
29 68 2
17 41 1
25 69 1
11 28 2
12 48 2
17 28 2
12 81 2
0 61 1
18 55 1
8 23 2
16 19 2
19 83 1
20 63 1
17 56 1
22 28 2
7 26 2
25 44 2
20 43 1
17 32 2
19 67 2
19 87 1
7 55 1
8 44 1
29 78 2
28 77 1
0 88 1
22 54 2
0 41 2
5 46 2
25 75 1
28 86 1
3 50 1
5 68 2
6 9 2
10 47 1
23 61 1
12 54 1
12 88 1
24 36 1
6 47 2
9 66 1
8 43 2
23 71 1
15 63 2
0 8 2
27 86 1
2 79 1
17 19 2
6 56 2
15 48 1
28 57 1
16 63 2
0 43 2
9 58 1
28 46 1
20 47 2
15 27 2
24 28 2
9 19 2
9 73 1
15 30 1
7 73 2
26 86 1
20 58 1
20 85 2
5 71 1
12 20 2
21 56 2
9 89 1
1 59 1
9 44 2
12 18 2
28 47 1
14 45 2
28 58 2
23 53 1
9 60 2
5 22 2
21 62 2
21 42 1
24 59 2
0 57 1
14 41 2
13 14 2
22 51 1
22 62 1
15 34 2
10 39 1
10 46 1
8 49 2
5 30 2
6 65 1
17 26 2
19 33 1
0 14 2
1 78 2
8 47 1
7 32 2
0 11 2
13 74 1
14 28 2
19 59 2
3 14 2
7 78 1
11 48 1
9 27 2
4 89 2
17 82 2
22 49 1
22 53 1
3 7 2
4 69 1
26 39 2
11 77 1
13 64 1
15 37 1
21 27 2
14 59 1
23 49 1
5 7 2
15 73 1
2 16 2
13 52 1
3 11 2
26 38 2
3 37 1
1 29 2
20 46 1
2 64 2
5 19 2
17 38 2
19 30 1
19 54 2
12 62 1
22 87 2
22 84 2
9 24 2
21 29 2
5 12 2
6 22 2
3 38 2
28 88 2
21 59 2
11 45 2
8 25 2
21 25 2
8 51 1
12 76 2
29 67 2
11 24 2
12 49 2
27 52 1
2 56 1
9 53 2
0 54 2
0 42 1
14 72 1
1 21 2
4 54 1
7 9 2
5 16 2
2 9 2
16 26 2
0 44 1
18 58 1
12 44 1
0 63 2
6 29 2
14 76 1
14 42 1
9 69 1
26 75 2
15 80 1
8 11 2
14 75 2
3 61 1
3 57 2
4 88 1
18 53 2
12 24 2
14 56 1
3 55 2
5 61 1
7 16 2
14 25 2
28 62 1
24 26 2
9 81 1
11 78 2
4 23 2
6 36 2
27 31 1
12 70 1
0 19 2
2 80 1
4 26 2
2 65 1
5 13 2
26 34 1
20 65 2
12 84 1
7 33 1
8 14 2
20 80 1
13 83 1
24 60 2
4 67 1
8 42 1
22 55 1
7 53 2
22 42 2
2 68 1
27 60 1
29 41 1
13 70 1
20 67 1
26 69 1
26 41 2
14 71 1
19 29 2
4 15 2
20 55 1
24 37 1
12 47 1
11 86 1
7 25 2
28 65 1
5 37 2
5 32 2
27 75 1
5 62 2
6 88 1
16 27 2
21 28 2
13 16 2
25 64 1
16 45 1
22 83 1
22 65 2
24 89 1
16 41 1
7 42 1
1 33 1
23 47 2
4 81 1
0 71 1
6 75 1
25 51 1
20 66 1
4 85 1
16 54 1
5 29 2
10 12 2
14 22 2
11 83 1
19 46 2
25 85 1
11 22 2
3 85 1
13 65 1
14 63 2
0 2 2
21 82 2
29 65 1
8 45 1
19 80 1
1 16 2
25 55 2
20 75 1
25 47 2
18 30 1
3 54 2
13 32 1
22 26 2
18 33 1
1 34 2
16 32 1
17 69 2
27 43 1
6 41 1
7 35 1
8 84 1
3 25 2
19 43 1
9 16 2
13 30 1
11 15 2
17 55 1
18 54 1
1 66 1
20 29 2
17 34 2
11 64 1
14 65 2
23 31 2
10 49 2
15 77 1
15 28 2
15 75 2
11 20 2
25 53 1
24 44 2
17 40 1
14 68 2
26 51 1
6 73 1
14 50 1
19 86 2
14 48 1
11 12 2
22 24 2
26 65 1
13 26 2
9 23 2
6 51 2
20 33 1
3 24 2
10 23 2
0 38 2
18 27 2
11 88 1
3 76 1
10 61 1
0 17 2
22 85 1
19 70 1
12 21 2
51 87 2
27 89 2
29 48 1
1 48 2
28 89 1
27 55 2
16 87 1
5 28 1
22 89 2
