% n=100 p=33 d=0.33 p_blue=0.33
% k=0
21 69 1
12 33 1
31 85 1
24 57 1
26 31 2
15 28 2
2 70 2
9 86 1
14 32 2
4 93 1
17 22 2
17 96 2
23 28 2
21 74 1
25 91 1
3 14 2
5 26 2
2 3 2
14 33 2
8 9 2
31 71 1
4 68 1
17 38 1
30 52 2
5 17 2
1 12 2
22 84 2
32 51 2
26 72 1
7 26 2
24 32 2
4 18 2
11 24 2
9 15 2
25 77 1
2 17 2
2 47 1
4 94 2
18 25 2
8 21 2
11 80 1
13 20 2
1 10 2
9 21 2
28 56 2
28 29 2
9 29 2
4 5 2
5 13 2
2 41 1
7 21 2
1 81 1
11 23 2
18 75 2
18 93 1
19 23 2
24 78 1
31 73 1
13 69 1
10 44 1
7 80 1
21 66 1
28 67 1
25 30 2
17 95 2
18 23 2
20 40 1
2 15 2
0 52 1
12 30 2
30 61 2
6 12 2
11 16 2
7 11 2
11 49 1
14 94 2
7 91 1
28 48 1
3 10 2
6 66 1
8 24 2
7 15 2
18 29 2
29 34 1
17 23 2
17 48 1
22 32 2
7 50 2
13 19 2
11 67 1
14 97 1
0 55 1
1 30 2
29 62 2
20 41 2
3 70 1
18 31 2
28 78 1
9 82 1
26 90 1
20 45 1
9 47 1
19 26 2
15 24 2
12 68 1
2 45 1
11 18 2
31 82 2
29 53 1
17 43 2
32 61 1
9 11 2
10 86 2
25 87 1
28 73 1
3 11 2
1 68 1
9 99 1
0 22 2
19 51 2
20 76 1
2 25 2
7 16 2
6 61 1
13 31 2
25 72 1
28 31 2
15 30 2
1 25 2
30 32 2
0 60 1
23 36 1
19 84 1
5 75 1
14 16 2
26 48 1
7 23 2
7 30 2
29 85 2
24 95 1
19 97 1
21 37 1
21 73 1
18 66 2
7 31 2
14 47 2
17 89 1
4 75 1
7 8 2
16 88 1
27 68 1
32 45 2
18 21 2
21 87 2
29 75 2
15 23 2
26 41 1
7 96 2
2 76 1
18 59 1
2 20 2
3 37 1
10 56 1
32 41 1
13 14 2
20 21 2
18 67 2
3 96 1
10 16 2
26 55 2
15 26 2
6 64 1
0 73 2
14 25 2
6 18 2
28 37 1
5 87 1
7 57 1
13 88 2
29 78 1
0 62 2
0 71 1
15 48 2
17 27 2
6 41 2
26 30 2
23 86 1
7 72 1
2 67 1
4 28 2
15 39 1
7 27 2
24 68 1
2 11 2
2 19 2
6 22 2
2 39 1
19 47 1
0 37 1
1 71 2
21 89 1
3 16 2
14 67 1
22 85 2
5 61 2
4 22 2
11 43 1
25 69 1
9 91 1
12 34 1
23 93 2
12 13 2
7 20 2
13 32 2
3 60 1
9 93 1
15 22 2
9 30 2
3 19 2
8 29 2
23 89 1
6 20 2
9 19 2
10 85 2
13 29 2
3 12 2
8 98 1
28 32 2
4 39 1
0 33 1
8 44 2
8 30 2
21 77 1
21 27 2
13 99 1
7 32 2
27 80 2
12 31 2
1 59 2
13 59 1
2 55 1
7 81 1
19 20 2
12 29 2
27 92 2
18 19 2
4 36 1
10 19 2
1 69 1
2 62 2
16 41 2
27 54 2
4 25 2
28 75 2
25 29 2
27 31 2
27 45 2
31 97 1
24 92 2
17 42 1
11 26 2
5 43 1
25 28 2
32 36 1
19 42 1
16 79 1
26 93 1
9 70 2
16 63 1
30 42 1
7 33 1
15 25 2
23 24 2
3 32 2
25 71 1
20 97 2
19 25 2
9 23 2
30 87 1
7 34 1
15 90 2
20 99 2
7 12 2
2 95 1
19 38 2
14 43 1
19 24 2
3 8 2
31 87 1
25 88 2
26 86 1
14 59 1
21 90 1
21 29 2
8 32 2
3 28 2
29 88 2
14 30 2
18 36 1
12 15 2
30 58 1
15 74 2
8 18 2
4 41 1
15 53 1
2 31 2
18 51 1
18 73 1
19 96 2
13 61 1
32 48 2
10 29 2
10 38 1
30 44 2
19 79 2
22 88 1
1 41 2
3 9 2
2 24 2
19 30 2
20 43 1
17 31 2
16 34 1
24 87 1
19 65 2
11 65 1
11 46 2
11 31 2
5 15 2
12 82 1
7 83 1
1 26 2
29 39 1
20 75 1
25 73 2
0 68 2
9 71 1
27 72 1
5 25 2
8 11 2
12 74 1
24 64 2
17 67 1
6 29 2
7 14 2
13 53 1
8 23 2
9 32 2
20 51 2
6 84 1
5 30 2
17 29 2
16 72 1
30 71 1
17 76 1
8 93 1
31 91 2
13 21 2
12 49 1
1 18 2
9 10 2
7 13 2
22 31 2
32 68 2
28 80 2
13 28 2
5 95 1
9 16 2
19 22 2
27 91 1
23 63 2
2 50 2
1 28 2
32 56 1
32 54 2
8 13 2
12 32 2
10 50 2
9 84 1
20 24 2
29 89 1
10 36 1
3 4 2
19 59 1
10 20 2
3 17 2
0 58 1
14 61 1
6 30 2
3 31 2
12 54 2
11 51 1
10 21 2
12 27 2
19 89 2
14 48 2
20 64 1
6 7 2
31 96 1
5 28 2
20 32 2
15 31 2
2 23 2
25 75 1
26 28 2
15 21 2
10 31 2
11 60 1
9 55 2
4 29 2
5 29 2
2 28 2
1 63 1
4 91 2
11 61 1
29 32 2
0 29 2
8 54 1
3 47 1
0 35 2
18 94 1
18 76 1
2 34 1
1 53 1
15 58 2
28 38 2
21 64 2
8 91 2
15 73 1
0 32 2
14 77 1
3 95 1
27 59 1
7 10 2
6 10 2
16 33 1
5 90 1
11 30 2
8 64 1
23 25 2
2 90 2
20 86 1
8 58 2
15 97 1
12 22 2
11 35 2
1 39 1
9 57 1
30 62 1
16 25 2
17 19 2
12 50 2
9 59 1
12 44 2
22 33 1
10 28 2
8 28 2
20 78 2
7 28 2
4 23 2
4 59 1
32 98 2
16 68 1
2 60 2
21 28 2
26 92 2
29 31 2
8 17 2
7 25 2
10 63 1
32 99 2
17 32 2
8 14 2
12 84 1
15 36 1
9 83 1
14 31 2
18 53 1
18 99 1
15 64 1
14 95 2
0 10 2
15 29 2
27 36 2
10 14 2
13 51 1
26 52 1
28 33 1
32 78 1
2 37 1
13 25 2
2 22 2
27 48 1
6 87 1
15 59 1
6 82 1
20 71 2
29 98 2
16 27 2
28 91 2
11 25 2
11 87 1
23 95 2
27 41 2
11 59 1
27 90 1
19 93 1
18 72 1
2 16 2
3 5 2
0 31 2
22 40 1
11 62 2
6 9 2
22 92 1
27 37 2
16 84 2
18 20 2
10 32 2
1 5 2
1 78 2
0 72 1
13 82 2
12 16 2
10 17 2
21 59 1
21 53 2
21 86 2
23 60 1
3 23 2
1 51 1
25 27 2
27 50 2
11 15 2
2 7 2
1 72 1
6 32 2
26 56 1
32 84 1
8 46 1
21 55 2
2 10 2
10 13 2
10 43 1
25 54 2
5 11 2
13 18 2
4 11 2
8 34 1
4 49 1
0 40 1
1 48 1
19 32 2
4 24 2
0 6 2
9 98 1
1 23 2
20 27 2
19 31 2
15 47 1
26 33 2
11 69 1
16 26 2
6 86 1
2 93 2
9 46 1
12 28 2
10 87 2
29 59 1
26 98 2
8 83 1
17 49 1
24 94 1
11 14 2
10 25 2
27 29 2
14 60 1
13 94 2
20 28 2
32 95 1
14 37 1
7 18 2
27 32 2
18 38 1
9 94 1
9 26 2
28 46 1
0 97 2
24 35 2
21 68 1
7 64 1
21 33 1
28 70 1
13 17 2
32 67 2
32 66 2
5 21 2
24 31 2
4 86 2
8 16 2
6 24 2
21 38 2
15 32 2
24 40 1
22 98 1
17 21 2
5 8 2
3 56 1
12 55 1
14 71 1
4 30 2
9 73 1
8 12 2
1 9 2
19 67 1
21 23 2
13 30 2
3 64 1
15 17 2
9 12 2
5 12 2
4 90 1
32 82 1
2 6 2
7 17 2
4 32 2
9 25 2
0 30 2
1 99 1
31 48 1
6 75 2
9 61 1
17 26 2
2 98 1
29 93 1
5 84 1
10 99 2
22 26 2
5 14 2
6 33 1
30 91 1
32 44 1
16 23 2
22 29 2
22 43 1
5 6 2
2 58 2
29 30 2
4 31 2
14 28 2
9 24 2
0 26 2
32 43 2
3 58 1
29 54 1
23 80 1
21 26 2
28 35 1
14 27 2
15 69 2
8 52 1
23 29 2
19 28 2
11 21 2
25 49 1
7 29 2
11 52 1
27 39 1
5 54 1
9 97 2
0 39 2
24 93 2
20 49 2
3 48 1
7 24 2
2 5 2
28 60 1
11 64 1
28 30 2
21 31 2
3 72 2
8 41 1
8 25 2
0 23 2
3 89 1
25 46 1
4 17 2
14 69 1
3 26 2
13 79 2
12 39 1
24 96 1
27 93 1
29 44 1
16 85 1
3 13 2
26 32 2
2 92 2
19 66 1
5 27 2
4 9 2
31 74 2
26 95 1
17 57 2
12 61 2
12 65 1
30 90 1
9 44 1
6 16 2
16 45 2
6 17 2
17 86 2
2 52 1
2 82 1
9 28 2
13 40 2
4 7 2
21 22 2
1 89 2
14 18 2
31 95 1
23 62 2
19 29 2
1 17 2
24 49 1
14 65 2
0 80 2
4 8 2
18 24 2
0 84 1
3 90 2
31 35 2
16 30 2
6 80 2
2 26 2
20 80 1
12 64 1
11 28 2
13 98 1
11 32 2
15 96 1
14 26 2
1 90 2
0 1 2
31 45 2
4 16 2
29 46 1
4 14 2
24 74 1
1 3 2
11 12 2
6 31 2
16 19 2
9 31 2
6 62 2
6 13 2
0 13 2
5 50 1
12 24 2
32 87 2
18 32 2
27 51 1
1 7 2
31 66 2
25 74 2
12 69 1
21 94 1
17 83 1
22 23 2
31 59 1
23 26 2
12 21 2
32 53 2
20 59 2
14 54 1
23 31 2
8 20 2
8 92 1
10 12 2
25 79 1
2 83 2
1 15 2
2 29 2
18 22 2
19 57 1
9 63 1
20 87 1
10 98 2
23 30 2
24 26 2
15 99 1
5 59 1
12 26 2
0 28 2
15 75 2
26 40 1
13 23 2
12 95 2
3 69 1
16 65 1
28 90 2
10 37 1
12 18 2
13 64 1
11 81 1
2 30 2
1 93 2
8 19 2
32 69 1
21 82 1
24 28 2
14 24 2
29 67 2
30 66 2
0 2 2
12 42 1
11 13 2
7 19 2
1 73 1
6 43 1
15 19 2
8 62 2
1 8 2
1 82 2
29 94 2
3 15 2
17 28 2
20 58 1
1 16 2
6 19 2
26 91 2
3 22 2
16 96 1
22 65 1
16 21 2
1 27 2
21 24 2
23 37 2
25 93 1
3 20 2
23 39 2
12 79 2
26 44 1
7 85 1
30 94 1
17 64 1
13 49 1
6 15 2
14 82 1
22 27 2
0 5 2
1 20 2
16 29 2
11 20 2
1 43 2
10 15 2
18 26 2
23 38 1
16 48 1
0 7 2
21 36 2
6 8 2
0 86 2
30 56 1
17 50 1
31 69 1
0 25 2
6 83 2
1 32 2
2 12 2
8 42 2
11 97 1
6 36 2
26 76 1
7 9 2
8 77 1
24 98 1
21 54 2
3 35 2
3 30 2
10 58 1
29 63 1
2 9 2
2 51 2
6 25 2
17 82 1
10 73 1
9 18 2
19 61 1
16 69 2
21 32 2
11 29 2
29 76 1
16 32 2
0 4 2
0 24 2
6 23 2
16 24 2
24 48 1
14 22 2
5 32 2
22 99 1
1 31 2
12 62 2
0 49 1
27 67 2
31 49 2
16 31 2
0 64 2
1 80 1
10 23 2
2 14 2
22 48 1
9 27 2
13 37 1
17 63 1
6 27 2
31 32 2
5 24 2
14 21 2
6 38 1
3 81 1
4 48 1
0 34 1
31 63 1
10 74 1
22 47 1
6 14 2
18 28 2
23 72 2
0 81 2
4 50 1
20 29 2
32 92 1
22 30 2
11 40 2
17 65 2
2 84 1
16 20 2
1 6 2
9 13 2
2 74 1
0 14 2
11 45 2
6 28 2
5 7 2
8 10 2
17 30 2
30 65 1
7 42 1
4 52 1
8 15 2
1 52 1
6 54 2
22 25 2
2 49 1
29 40 1
11 63 1
24 29 2
15 34 1
23 70 1
1 38 1
23 74 1
17 36 1
19 49 1
10 60 1
25 64 1
13 24 2
14 87 1
4 21 2
21 81 1
4 27 2
15 46 2
0 11 2
16 18 2
23 58 1
12 76 2
7 36 2
8 27 2
2 8 2
14 98 2
11 17 2
9 14 2
20 30 2
12 78 2
32 86 2
24 54 2
19 21 2
26 27 2
3 40 2
16 55 2
18 27 2
6 11 2
1 14 2
3 6 2
21 51 1
2 99 1
26 29 2
32 49 1
15 51 2
20 25 2
15 20 2
3 7 2
32 60 2
24 27 2
21 30 2
24 45 1
7 66 1
18 39 1
27 81 2
11 27 2
12 90 2
2 13 2
12 25 2
15 27 2
2 73 1
1 24 2
11 86 1
16 94 1
0 20 2
4 77 2
24 30 2
7 68 1
21 25 2
30 55 1
4 15 2
31 79 2
5 62 1
28 52 2
10 27 2
20 53 1
28 47 1
30 31 2
27 83 2
12 41 2
13 86 2
13 26 2
24 25 2
21 99 1
4 6 2
5 16 2
2 96 1
16 60 1
3 41 1
11 22 2
9 81 2
2 21 2
6 63 2
20 26 2
24 43 1
18 30 2
8 90 1
13 89 1
5 10 2
13 42 1
14 17 2
17 81 2
3 63 1
1 2 2
10 24 2
26 71 2
22 73 1
32 96 1
3 61 1
5 73 1
27 64 1
24 47 2
20 98 1
12 20 2
21 97 2
17 24 2
2 53 1
14 50 2
20 72 2
2 18 2
3 74 1
14 89 1
4 19 2
3 21 2
4 10 2
23 42 1
0 17 2
9 20 2
1 19 2
3 94 1
1 76 1
5 76 2
28 68 1
28 49 2
0 12 2
0 3 2
0 18 2
14 15 2
17 56 1
14 55 1
2 32 2
5 22 2
4 69 2
16 75 1
1 29 2
27 99 1
26 79 1
27 34 2
2 42 1
16 58 2
0 99 2
10 18 2
22 28 2
0 16 2
1 33 2
18 70 1
12 23 2
4 96 1
15 16 2
30 37 2
15 86 2
17 61 1
7 47 1
0 27 2
22 24 2
18 68 1
2 4 2
5 45 1
20 23 2
30 64 2
23 49 2
23 71 1
0 8 2
30 67 1
7 58 1
5 19 2
27 94 1
4 95 1
5 51 1
13 34 1
17 25 2
1 13 2
25 26 2
2 27 2
3 29 2
17 20 2
16 28 2
1 79 1
4 44 1
9 48 1
4 26 2
24 88 2
6 21 2
31 62 2
16 74 1
22 95 1
13 15 2
10 11 2
16 22 2
30 72 1
30 60 1
15 18 2
18 84 1
20 31 2
3 18 2
12 48 1
29 95 1
7 22 2
4 58 1
29 74 1
16 44 2
14 79 1
3 45 1
6 48 1
22 86 2
0 65 1
6 42 1
7 65 1
12 14 2
13 27 2
16 57 1
5 65 1
32 34 1
13 90 2
24 70 1
1 21 2
1 44 2
22 81 1
1 4 2
12 73 2
19 27 2
0 96 1
2 33 1
14 19 2
0 9 2
6 47 1
8 31 2
6 58 2
1 11 2
23 33 1
9 85 1
23 99 2
20 22 2
4 33 2
5 23 2
17 87 1
13 46 1
32 39 2
10 22 2
26 51 2
17 78 2
4 20 2
9 22 2
15 44 1
12 19 1
70 93 2
8 22 1
1 22 1
11 85 2
0 15 1
3 25 1
12 70 1
20 44 2
14 68 2
13 16 1
4 88 1
69 91 1
5 9 1
25 31 1
4 12 1
11 44 2
23 27 1
52 69 1
3 27 1
22 68 2
30 68 2
9 17 1
16 91 2
27 28 1
13 22 1
2 44 1
23 32 1
0 21 1
1 88 2
13 44 1
85 88 1
28 69 2
10 30 2
26 88 1
34 69 2
19 70 1
