% n=140 p=33 d=0.33 p_blue=0.33
% k=0
38 61 2
7 8 2
22 58 1
9 26 2
17 34 2
34 44 2
8 73 1
32 40 2
28 131 1
24 39 2
43 49 1
33 45 2
27 90 1
18 75 1
1 100 1
13 33 2
24 43 2
35 63 1
5 107 2
30 99 2
8 12 2
10 56 1
39 43 2
29 89 2
20 29 2
22 44 2
4 43 2
35 120 1
35 102 1
35 79 1
40 124 1
7 19 2
27 50 1
31 37 2
2 7 2
26 108 2
10 19 2
24 45 2
1 3 2
31 69 1
0 12 2
15 18 2
3 36 2
41 113 2
10 91 1
6 27 2
10 47 1
0 29 2
25 39 2
37 111 2
2 103 1
20 25 2
44 116 1
28 72 1
6 68 1
24 69 2
41 133 2
40 44 2
44 52 1
10 78 1
32 76 2
16 60 2
9 87 1
3 65 1
37 85 1
38 92 1
18 38 2
34 138 1
2 11 2
17 41 2
13 45 2
37 67 1
31 71 1
36 37 2
36 56 2
6 134 1
4 49 1
30 65 2
26 81 1
0 62 1
16 54 1
26 55 1
9 21 2
38 115 1
45 109 1
30 48 1
22 29 2
0 67 1
26 125 1
0 26 2
4 40 2
42 43 2
24 37 2
6 101 2
14 19 2
39 42 2
23 82 1
24 36 2
7 46 2
35 124 1
38 77 1
10 107 1
0 99 2
19 62 1
30 131 1
20 36 2
29 35 2
3 23 2
1 8 2
20 38 2
15 20 2
37 54 1
39 92 2
1 4 2
20 21 2
18 39 2
28 35 2
24 77 1
26 57 1
45 88 2
10 98 1
1 72 1
30 31 2
9 127 1
19 139 1
39 41 2
10 11 2
1 22 2
10 13 2
31 75 1
26 60 1
42 71 1
20 61 1
24 26 2
38 42 2
1 41 2
42 45 2
24 120 2
31 126 1
32 47 1
17 30 2
36 59 1
44 51 1
26 31 2
20 24 2
24 114 1
35 43 2
38 47 1
2 41 2
21 68 2
32 130 1
35 60 1
16 81 2
45 130 1
11 127 1
11 131 2
16 98 1
36 46 2
42 131 1
41 62 1
10 21 2
27 41 2
21 66 2
11 113 1
10 97 1
20 41 2
1 30 2
42 111 2
10 30 2
7 22 2
18 48 1
9 25 2
2 99 2
15 98 2
10 20 2
10 28 2
3 13 2
30 36 2
35 56 1
2 33 2
46 64 1
22 122 1
4 13 2
6 45 2
1 31 2
28 117 1
30 104 1
31 90 1
7 45 2
9 50 1
41 134 1
1 5 2
24 46 2
9 84 1
22 120 1
46 80 2
18 29 2
26 115 1
25 46 2
5 24 2
8 30 2
8 28 2
12 46 2
9 130 2
33 36 2
18 22 2
29 45 2
42 46 2
8 27 2
2 12 2
41 63 1
0 11 2
1 12 2
46 100 1
25 44 2
15 25 2
39 67 1
38 119 1
13 124 1
44 127 1
3 100 1
0 15 2
19 30 2
33 125 2
42 114 1
42 64 1
6 34 2
6 62 1
21 78 2
41 68 1
40 94 1
21 105 1
15 30 2
4 35 2
14 113 1
37 82 2
9 27 2
14 21 2
19 23 2
38 46 2
15 122 1
15 21 2
31 51 1
4 36 2
27 38 2
12 93 1
4 76 1
1 56 2
14 29 2
24 103 2
22 42 2
36 91 1
23 71 1
20 35 2
7 37 2
6 26 2
17 36 2
37 105 2
21 53 2
23 33 2
27 107 1
0 95 1
13 129 2
22 126 1
13 84 2
15 78 2
22 32 2
11 129 2
10 39 2
15 133 1
3 93 1
3 122 2
16 19 2
15 35 2
25 36 2
39 65 2
19 44 2
0 30 2
0 33 2
6 9 2
18 121 1
21 54 1
7 85 1
3 20 2
11 136 2
9 39 2
6 136 1
19 39 2
1 45 2
23 26 2
30 66 1
16 45 2
2 122 2
32 36 2
29 38 2
38 64 2
35 86 2
17 136 1
26 139 1
7 25 2
35 81 1
2 78 1
16 76 1
25 29 2
17 72 1
13 16 2
4 41 2
13 26 2
22 92 1
0 27 2
41 102 1
40 137 2
13 120 2
0 116 1
21 37 2
9 111 1
26 78 2
0 3 2
39 87 2
32 45 2
4 24 2
27 44 2
15 101 1
22 67 2
24 101 1
19 58 1
10 101 1
9 103 1
28 105 2
13 27 2
16 37 2
37 95 2
7 111 2
4 19 2
6 21 2
21 130 2
7 36 2
26 70 2
23 42 2
13 35 2
16 28 2
21 23 2
1 42 2
22 109 1
33 131 1
42 120 1
5 41 2
37 41 2
46 52 1
30 37 2
2 29 2
11 137 1
36 41 2
24 52 1
9 22 2
37 101 1
1 2 2
32 46 2
7 107 2
33 39 2
36 39 2
18 59 1
26 69 1
26 86 1
40 97 2
41 71 1
8 32 2
44 98 2
45 90 2
10 38 2
11 44 2
43 117 1
11 22 2
7 34 2
1 44 2
3 35 2
1 92 1
38 55 2
43 130 1
1 29 2
40 110 2
31 84 1
36 99 1
43 104 1
45 134 1
5 79 1
1 14 2
32 131 2
24 84 2
20 84 2
18 136 1
5 7 2
29 83 2
3 128 1
1 78 1
18 19 2
6 67 1
3 16 2
7 10 2
15 19 2
22 90 1
1 62 1
15 33 2
17 18 2
22 128 1
10 116 1
30 43 2
22 43 2
10 43 2
7 31 2
7 29 2
26 138 1
5 32 2
14 38 2
8 40 2
12 105 2
20 115 1
21 40 2
14 103 1
29 37 2
32 83 1
1 76 1
3 27 2
12 124 2
1 104 2
8 136 2
4 120 1
5 96 1
20 104 2
24 124 1
24 40 2
15 83 2
11 35 2
12 63 1
22 100 2
24 73 1
4 31 2
3 44 2
8 60 1
38 120 1
6 53 1
24 31 2
0 37 2
39 60 1
10 112 1
36 44 2
20 46 2
16 17 2
40 64 1
10 23 2
35 38 2
1 84 2
32 37 2
14 30 2
15 17 2
10 81 1
2 17 2
6 123 1
33 114 2
16 44 2
10 127 2
1 126 1
1 21 2
9 128 1
27 78 2
23 119 1
7 43 2
30 67 1
21 29 2
0 25 2
28 30 2
16 138 1
4 8 2
15 22 2
7 17 2
12 17 2
13 79 2
0 23 2
15 31 2
45 83 1
38 40 2
7 94 1
16 39 2
2 39 2
22 27 2
26 129 1
34 125 1
18 44 2
4 25 2
27 83 1
35 95 1
3 32 2
24 44 2
19 88 2
4 42 2
35 37 2
7 67 2
5 36 2
1 103 1
41 137 1
16 104 1
16 139 1
33 51 1
20 133 2
43 91 1
10 87 2
19 36 2
21 88 2
2 45 2
20 28 2
22 84 2
8 41 2
6 19 2
5 21 2
15 27 2
3 56 1
25 38 2
16 63 1
29 42 2
22 38 2
30 125 1
30 42 2
22 115 1
0 101 2
26 133 1
7 18 2
38 80 2
7 116 1
10 40 2
44 77 1
11 20 2
14 34 2
10 138 1
12 67 1
31 41 2
0 102 1
2 34 2
28 42 2
7 52 2
0 7 2
14 127 1
13 53 1
18 97 1
27 130 1
18 110 1
1 18 2
19 25 2
2 20 2
38 103 1
13 39 2
23 32 2
12 79 2
24 41 2
15 50 1
8 10 2
7 33 2
30 118 1
1 125 1
9 134 1
41 45 2
25 47 1
4 7 2
45 133 2
37 93 2
30 97 1
2 112 2
27 84 1
40 48 1
12 122 1
26 40 2
30 35 2
14 68 2
4 58 1
32 90 1
27 36 2
25 33 2
45 95 2
6 7 2
1 43 2
18 27 2
12 29 2
27 79 2
1 19 2
7 133 1
6 40 2
41 73 2
19 84 2
21 24 2
3 43 2
18 31 2
5 20 2
12 38 2
39 132 1
34 45 2
13 14 2
5 13 2
2 35 2
42 44 2
0 32 2
26 45 2
33 46 2
14 35 2
36 117 1
22 138 1
11 29 2
21 39 2
18 115 2
15 100 2
17 44 2
1 6 2
3 112 1
7 42 2
8 29 2
23 133 1
18 23 2
22 113 1
22 40 2
2 10 2
43 113 2
2 88 1
36 87 2
37 129 1
15 56 1
3 68 1
10 17 2
46 76 1
21 74 1
1 26 2
3 64 2
43 119 1
25 139 1
15 80 2
11 37 2
3 17 2
15 36 2
32 105 1
19 27 2
13 17 2
0 138 1
12 16 2
26 98 1
28 38 2
0 21 2
23 117 2
21 22 2
38 60 2
35 116 2
5 10 2
23 27 2
13 22 2
30 117 2
3 129 1
7 40 2
11 38 2
11 62 1
10 45 2
20 33 2
15 86 1
34 137 1
35 104 1
3 59 2
28 48 2
9 99 1
22 60 1
4 107 2
22 73 2
29 133 1
0 46 2
27 35 2
25 102 1
6 100 2
24 83 1
35 91 2
45 47 1
9 18 2
11 16 2
35 134 1
8 117 2
38 108 2
45 98 1
12 48 1
39 109 2
3 138 2
42 68 2
3 132 1
28 32 2
10 108 2
6 42 2
13 43 2
17 35 2
28 98 1
21 35 2
22 70 1
33 75 1
5 35 2
19 26 2
40 50 2
45 84 1
9 106 1
28 75 2
23 104 1
3 29 2
26 104 1
37 60 2
4 56 2
4 12 2
27 28 2
27 132 1
5 108 1
35 41 2
28 93 2
12 32 2
45 138 2
13 94 1
6 39 2
1 34 2
3 31 2
3 116 1
18 26 2
39 118 2
0 79 2
12 131 1
18 32 2
25 97 1
27 33 2
17 39 2
10 77 1
16 50 1
37 43 2
37 103 1
12 23 2
39 46 2
4 37 2
38 73 1
9 44 2
5 113 2
26 101 1
31 94 2
41 138 1
27 63 1
15 37 2
39 111 2
15 24 2
13 29 2
24 88 1
13 69 2
35 110 2
8 11 2
6 30 2
4 44 2
46 123 1
1 107 2
46 129 2
15 40 2
37 63 1
3 86 1
32 42 2
3 22 2
16 74 1
33 117 2
8 9 2
25 45 2
10 22 2
42 83 1
13 21 2
3 26 2
39 119 1
1 24 2
7 125 1
39 63 1
39 78 1
42 122 1
32 56 1
6 20 2
0 28 2
16 88 1
6 117 1
27 34 2
18 88 1
1 113 1
17 28 2
36 71 1
45 46 2
33 88 1
10 60 1
5 22 2
40 114 1
12 27 2
40 125 1
22 82 2
17 43 2
36 67 1
2 111 1
36 45 2
20 30 2
26 54 1
20 89 1
23 49 1
8 45 2
3 41 2
13 114 2
8 36 2
10 66 2
39 94 2
40 74 1
10 68 1
21 38 2
36 43 2
44 108 1
13 28 2
11 58 2
13 44 2
31 102 1
45 96 1
17 114 2
5 37 2
22 50 1
1 23 2
33 69 2
8 72 1
6 44 2
37 120 1
28 47 1
43 120 1
38 105 1
35 36 2
2 49 2
5 69 1
3 28 2
5 25 2
12 21 2
21 111 2
35 40 2
9 37 2
16 87 1
17 119 2
11 98 2
3 5 2
22 24 2
3 9 2
25 137 1
21 102 1
34 117 2
24 48 2
17 38 2
42 66 1
17 40 2
15 138 1
21 30 2
14 22 2
36 115 1
2 125 1
16 26 2
0 39 2
13 18 2
26 56 2
12 87 1
0 129 2
42 78 1
39 114 1
0 77 2
10 79 1
7 44 2
2 46 2
34 95 1
36 123 1
40 130 1
21 41 2
29 67 1
19 41 2
27 124 1
28 119 2
4 119 2
29 30 2
16 18 2
41 127 1
33 127 2
8 33 2
16 133 1
7 81 1
38 133 1
26 52 1
34 39 2
4 27 2
9 10 2
28 37 2
32 33 2
43 88 1
11 23 2
28 73 1
23 28 2
15 113 1
4 10 2
10 102 1
39 125 2
14 26 2
5 112 1
44 55 2
4 98 1
9 35 2
2 104 2
19 51 1
28 44 2
1 37 2
9 32 2
14 92 2
21 59 1
15 114 1
18 76 2
2 110 2
39 64 1
14 55 1
31 45 2
9 76 2
7 41 2
42 79 1
31 52 1
29 84 2
22 35 2
22 64 1
1 114 1
23 50 2
2 40 2
4 9 2
14 27 2
43 99 1
27 45 2
7 38 2
8 46 2
26 111 2
45 52 1
39 54 1
33 48 1
31 36 2
11 70 2
37 84 2
7 114 2
7 28 2
3 18 2
3 7 2
25 105 2
27 56 1
7 70 1
18 117 1
14 98 1
9 24 2
24 33 2
1 121 2
12 13 2
6 23 2
45 113 1
7 88 2
8 16 2
28 96 1
6 24 2
10 27 2
5 26 2
34 61 2
2 26 2
13 64 1
10 44 2
24 32 2
19 42 2
22 94 1
6 133 2
22 68 2
22 98 2
9 129 2
0 34 2
30 59 2
0 14 2
1 16 2
27 131 1
23 30 2
19 69 2
37 69 1
37 38 2
10 34 2
23 109 1
5 123 2
41 80 1
2 42 2
18 85 1
28 137 1
21 100 1
23 24 2
43 54 1
34 72 1
9 59 2
16 38 2
30 112 2
30 78 1
1 10 2
21 95 1
0 35 2
41 119 2
19 32 2
9 109 2
41 84 2
14 124 2
15 39 2
0 137 1
40 106 2
0 57 1
42 75 2
40 43 2
22 72 2
15 32 2
8 42 2
16 124 1
41 120 2
31 46 2
37 44 2
33 93 1
12 24 2
17 118 2
14 18 2
32 61 2
2 117 2
27 138 2
35 45 2
29 39 2
37 114 1
14 42 2
32 39 2
11 15 2
36 40 2
36 116 2
1 106 1
17 83 1
7 24 2
36 78 1
28 109 1
6 29 2
2 32 2
16 32 2
39 134 1
17 24 2
40 70 1
30 41 2
35 49 1
9 107 1
1 46 2
21 52 1
29 139 2
39 106 1
20 45 2
33 43 2
42 50 1
25 99 2
2 30 2
11 24 2
16 33 2
4 22 2
18 116 1
0 56 2
13 52 1
29 119 2
14 71 1
10 31 2
38 44 2
33 92 2
37 97 2
4 116 1
9 28 2
31 125 2
43 60 2
37 83 2
33 57 1
36 129 1
39 70 1
8 132 1
2 129 2
9 12 2
0 73 1
7 14 2
6 36 2
32 132 2
26 75 1
37 64 1
19 43 2
7 30 2
18 62 2
31 77 1
12 127 1
33 121 1
6 35 2
10 37 2
44 134 1
8 18 2
24 85 1
39 66 2
14 43 2
6 12 2
23 73 1
30 113 1
17 31 2
4 14 2
16 34 2
7 35 2
0 5 2
18 82 1
17 60 1
36 81 1
2 92 1
20 113 1
29 33 2
10 14 2
37 42 2
37 127 1
41 135 1
11 33 2
34 55 2
5 39 2
24 35 2
2 96 2
41 75 2
26 100 2
8 25 2
4 46 2
18 67 1
21 34 2
22 23 2
14 66 1
27 123 1
4 39 2
21 50 2
11 34 2
20 44 2
15 117 1
0 131 2
34 121 1
0 40 2
23 128 2
8 38 2
0 4 2
11 111 1
37 47 1
33 81 2
36 102 2
28 57 2
38 97 1
16 29 2
27 59 2
8 82 1
11 92 2
6 37 2
40 49 1
2 87 2
6 110 1
14 139 1
20 49 1
23 40 2
11 68 1
20 124 2
38 107 2
45 111 1
5 8 2
43 98 1
7 65 1
17 26 2
2 18 2
36 42 2
18 30 2
12 28 2
4 45 2
43 45 2
5 43 2
22 34 2
20 32 2
13 40 2
4 34 2
39 44 2
16 110 1
8 59 2
10 109 1
7 136 1
30 90 1
11 138 2
1 87 1
14 123 1
29 32 2
43 50 1
29 85 2
29 31 2
3 39 2
8 131 1
0 17 2
44 138 1
2 15 2
12 20 2
28 36 2
6 28 2
33 64 1
15 45 2
44 109 1
17 19 2
23 74 2
6 89 1
19 78 1
26 50 2
16 51 1
4 103 2
1 27 2
5 46 2
11 36 2
5 29 2
31 38 2
2 24 2
19 135 1
25 26 2
15 92 1
29 138 2
18 47 1
23 36 2
8 20 2
26 84 2
45 81 2
6 64 1
17 124 1
8 98 2
10 24 2
7 39 2
33 41 2
33 40 2
19 90 1
39 120 1
12 88 2
7 91 2
20 42 2
29 106 1
13 96 1
43 118 2
40 45 2
16 70 2
21 45 2
25 135 1
4 64 2
14 15 2
10 25 2
12 26 2
26 41 2
43 97 1
3 25 2
38 127 2
38 121 1
12 18 2
19 107 2
12 19 2
44 63 2
12 100 2
3 21 2
32 103 1
17 64 1
17 25 2
19 20 2
33 122 1
33 37 2
14 17 2
33 72 1
34 41 2
11 26 2
0 74 1
0 24 2
23 116 1
35 51 1
20 71 1
29 46 2
23 46 2
23 31 2
24 38 2
1 133 2
21 80 2
33 139 1
44 118 2
21 83 2
0 6 2
25 125 1
14 33 2
41 46 2
7 23 2
3 74 1
37 104 1
14 122 2
31 73 1
44 59 1
6 8 2
32 44 2
40 62 1
19 24 2
29 43 2
2 8 2
12 43 2
32 34 2
9 66 1
31 82 1
22 127 2
28 107 2
11 21 2
40 123 1
18 20 2
2 37 2
10 129 2
35 46 2
31 57 1
10 36 2
43 62 1
45 126 1
30 75 1
2 21 2
27 39 2
5 44 2
43 137 2
0 8 2
42 139 2
8 130 1
16 35 2
9 43 2
2 126 1
0 50 1
11 12 2
25 30 2
23 34 2
12 25 2
27 76 1
14 16 2
21 36 2
1 15 2
23 39 2
6 18 2
0 16 2
14 129 2
28 43 2
6 121 1
30 40 2
8 123 2
14 131 2
44 53 2
21 25 2
12 14 2
29 50 1
15 105 2
3 4 2
5 67 1
39 51 1
2 43 2
20 47 2
20 95 1
29 44 2
15 77 1
8 15 2
38 53 2
20 31 2
13 51 1
4 21 2
44 124 1
18 107 1
11 42 2
12 22 2
13 105 2
16 40 2
4 129 1
8 53 1
2 38 2
45 61 1
12 66 1
17 45 2
31 66 1
25 37 2
9 36 2
2 58 1
15 34 2
0 118 1
0 64 1
25 27 2
43 79 2
5 6 2
20 26 2
12 54 1
3 47 1
32 98 2
12 80 1
41 42 2
43 59 1
44 45 2
13 34 2
1 51 1
1 59 2
33 136 2
9 125 2
3 119 2
26 32 2
15 94 1
19 28 2
19 37 2
44 67 1
21 46 2
11 25 2
15 42 2
27 128 1
31 67 1
4 112 1
18 132 1
36 122 1
36 69 1
3 40 2
31 34 2
35 66 1
16 89 1
21 27 2
1 9 2
27 114 1
40 83 1
27 61 1
30 83 2
16 69 2
12 30 2
0 38 2
4 105 1
9 15 2
24 67 1
44 133 2
14 46 2
26 39 2
5 18 2
37 87 2
16 111 1
27 86 1
0 20 2
32 124 1
19 21 2
14 95 2
6 41 2
21 33 2
41 65 1
5 74 1
24 25 2
4 30 2
9 38 2
8 112 2
25 28 2
12 40 2
28 41 2
16 73 1
19 102 1
41 82 2
0 58 2
8 88 2
22 33 2
32 129 1
6 83 2
29 64 1
33 95 1
44 86 1
27 105 1
4 17 2
7 32 2
18 28 2
19 38 2
15 52 2
19 70 2
7 53 2
9 13 2
5 78 2
17 111 1
14 74 1
16 95 2
3 42 2
4 33 2
24 121 1
11 90 1
25 114 2
5 106 2
8 115 2
14 45 2
15 81 2
41 132 1
46 120 2
9 41 2
28 108 1
11 64 1
31 93 1
2 3 2
10 89 1
5 47 1
15 23 2
16 23 2
28 113 2
36 139 2
11 18 2
7 130 1
2 23 2
38 88 1
18 33 2
18 113 1
25 72 1
18 54 1
31 78 1
8 13 2
33 74 2
2 14 2
30 39 2
28 40 2
13 90 1
40 103 2
31 35 2
41 122 1
16 122 1
34 105 2
12 44 2
25 41 2
34 46 2
4 55 1
43 124 2
23 60 2
31 101 1
33 61 2
40 42 2
4 38 2
18 138 2
23 56 2
43 125 1
24 30 2
20 69 1
45 54 1
40 89 1
26 29 2
8 95 1
41 108 2
1 35 2
42 119 2
11 19 2
12 41 2
10 64 2
20 86 1
15 130 1
35 71 1
43 127 2
9 114 2
43 68 2
17 86 1
18 86 1
33 138 1
0 72 1
4 16 2
2 9 2
25 31 2
9 52 1
4 52 1
26 65 2
44 75 1
28 31 2
7 9 2
19 31 2
13 128 1
45 74 1
18 43 2
27 68 2
19 35 2
44 122 2
3 82 1
24 107 2
9 121 2
3 90 1
10 33 2
26 109 1
2 123 1
5 9 2
33 35 2
6 111 2
1 50 1
10 62 1
2 36 2
9 29 2
4 69 1
27 42 2
28 34 2
12 73 2
38 45 2
1 89 1
24 138 1
9 20 2
9 33 2
0 10 2
35 83 1
2 61 1
3 8 2
3 30 2
28 139 1
30 130 2
19 126 2
10 104 2
26 35 2
0 19 2
38 79 2
4 131 1
2 85 2
34 63 2
5 17 2
16 31 2
29 98 1
37 96 1
25 64 2
14 41 2
21 129 1
7 27 2
30 47 1
31 131 1
25 127 1
7 57 1
30 44 2
32 91 1
17 70 1
35 105 2
23 134 1
43 89 2
1 40 2
40 67 2
12 84 1
5 45 2
16 71 1
22 26 2
4 18 2
6 54 2
15 41 2
11 118 2
18 41 2
18 127 1
22 93 2
31 136 1
13 46 2
12 45 2
38 48 2
7 121 1
22 30 2
12 121 1
29 63 1
42 70 2
11 57 1
6 16 2
30 109 2
23 98 1
38 39 2
35 130 1
27 125 1
30 95 2
9 89 2
1 11 2
3 95 1
31 50 1
20 80 2
5 31 2
21 31 2
4 94 1
27 120 1
41 128 2
23 44 2
12 39 2
3 38 2
6 14 2
33 134 2
1 7 2
15 120 1
26 27 2
19 29 2
15 79 2
10 54 2
29 41 2
22 52 1
6 115 2
19 40 2
45 49 2
21 44 2
3 92 1
25 50 1
7 11 2
9 133 1
7 83 1
27 109 1
15 135 1
5 28 2
19 101 1
0 18 2
3 24 2
28 78 2
37 53 1
32 41 2
13 24 2
4 75 1
18 21 2
6 32 2
30 94 2
25 34 2
20 92 1
0 42 2
3 51 1
36 111 1
14 31 2
19 123 1
23 45 2
11 40 2
35 133 2
27 99 1
34 35 2
44 90 1
1 28 2
46 112 2
46 51 1
4 11 2
13 70 1
14 25 2
0 100 1
46 137 2
44 137 1
17 58 1
26 38 2
22 124 2
15 38 2
25 101 1
4 20 2
2 115 2
41 67 2
12 125 1
6 69 2
39 50 1
34 36 2
8 64 2
10 26 2
7 63 2
16 25 2
46 128 1
18 40 2
5 129 1
9 14 2
37 91 1
15 87 2
11 32 2
0 48 2
8 43 2
23 129 2
26 44 2
14 37 2
13 32 2
16 102 1
12 31 2
37 135 1
32 35 2
26 79 1
27 70 1
31 42 2
26 126 2
43 135 2
26 33 2
29 95 1
34 71 1
13 89 1
4 100 1
11 121 1
2 13 2
13 88 2
6 22 2
25 54 1
44 107 2
32 63 2
38 57 1
9 17 2
24 128 1
2 5 2
19 109 2
6 105 2
33 63 1
4 26 2
37 57 1
22 46 2
1 32 2
11 114 2
32 68 1
1 94 1
42 121 1
41 43 2
45 51 1
13 119 2
31 33 2
24 110 1
10 94 1
39 81 2
23 126 1
44 61 1
2 120 2
18 66 1
44 65 1
19 77 1
27 29 2
44 104 2
8 44 2
5 40 2
46 85 1
22 135 1
15 26 2
5 33 2
24 27 2
32 95 1
31 54 1
8 17 2
34 101 2
44 103 1
41 117 1
32 94 2
33 137 1
6 11 2
3 139 2
30 45 2
15 47 1
4 122 1
10 29 2
31 127 2
13 25 2
34 114 2
29 93 1
16 43 2
4 29 2
11 41 2
11 39 2
29 92 1
29 34 2
8 37 2
24 127 2
33 86 2
20 139 1
7 13 2
38 43 2
27 30 2
10 115 2
19 34 2
9 30 2
21 117 2
42 104 1
39 79 2
25 133 1
41 44 2
45 68 1
23 92 1
40 85 1
9 31 2
34 43 2
23 29 2
25 60 1
10 134 1
34 84 2
13 19 2
35 111 2
27 117 1
34 78 2
11 27 2
12 134 1
42 65 1
18 51 2
16 106 1
40 65 1
5 120 1
14 87 2
10 114 2
32 133 1
8 24 2
0 9 2
16 121 1
3 15 2
3 62 1
27 81 2
20 51 1
30 38 2
15 89 1
42 59 1
30 81 1
27 88 1
1 58 1
27 92 2
31 130 1
39 100 2
8 19 2
37 121 2
42 132 1
8 39 2
16 21 2
8 34 2
45 107 1
28 46 2
6 13 2
8 93 1
22 36 2
40 60 2
14 135 1
36 60 1
44 97 2
2 27 2
24 28 2
20 98 1
45 124 1
3 11 2
43 84 1
39 84 2
15 55 2
4 71 2
3 91 1
37 102 2
8 23 2
19 94 2
4 92 2
45 127 1
28 115 2
9 16 2
36 133 1
20 43 2
36 118 1
7 15 2
38 117 2
16 92 1
35 136 1
9 23 2
27 93 1
34 42 2
21 72 1
3 19 2
8 35 2
14 107 1
11 135 2
14 20 2
14 23 2
13 62 2
25 35 2
5 117 1
27 80 1
1 17 2
13 38 2
31 97 1
38 139 1
22 133 1
25 109 1
24 108 2
17 77 2
33 124 1
14 94 1
28 85 1
42 95 1
11 112 2
17 63 1
25 43 2
40 76 1
27 115 1
37 108 1
12 33 2
20 39 2
0 112 1
28 88 1
11 139 2
2 25 2
33 52 2
22 83 1
25 76 1
22 37 2
37 46 2
27 46 2
0 109 2
22 48 1
5 11 2
8 114 1
33 44 2
32 59 2
21 61 1
5 42 2
0 134 1
45 75 1
38 76 1
9 19 2
7 61 2
43 46 2
20 34 2
25 104 1
4 15 2
3 124 1
27 75 1
41 72 2
4 50 2
23 66 1
8 22 2
17 135 2
33 105 1
12 42 2
33 42 2
12 101 1
46 82 1
19 45 2
42 126 1
7 20 2
19 74 1
1 86 1
37 115 2
40 71 2
18 79 1
9 46 2
34 124 1
1 25 2
11 30 2
26 37 2
30 32 2
16 115 1
3 45 2
38 131 2
25 32 2
27 137 1
14 28 2
0 43 2
17 32 2
2 95 1
9 124 2
36 127 1
15 106 1
28 62 1
6 75 2
18 72 2
1 20 2
10 15 2
35 87 2
20 96 1
21 42 2
38 71 2
26 47 2
44 120 1
14 40 2
40 131 2
19 116 2
39 89 1
31 39 2
1 111 1
35 44 2
29 66 1
25 132 2
5 70 1
1 36 2
9 42 2
7 16 2
17 46 2
2 22 2
13 23 2
12 128 1
13 102 1
8 121 1
21 107 1
26 36 2
41 97 2
18 36 2
19 86 1
13 36 2
22 31 2
46 89 1
3 10 2
42 80 1
29 49 2
42 48 1
16 84 1
16 24 2
26 46 2
44 135 1
2 19 2
15 88 2
35 42 2
45 85 1
36 53 1
29 40 2
40 73 2
5 19 2
10 12 2
10 133 2
21 92 1
23 86 1
7 109 2
29 131 1
25 40 2
2 6 2
4 23 2
42 96 1
28 79 1
24 29 2
45 67 1
17 27 2
3 110 1
6 25 2
23 55 2
39 68 1
31 137 1
12 70 1
11 134 1
32 62 2
23 37 2
5 133 1
17 20 2
1 122 1
29 105 2
23 108 1
35 114 1
9 45 2
38 67 2
34 89 2
18 99 2
1 90 2
36 58 1
38 94 2
15 29 2
22 41 2
34 126 2
8 105 2
15 66 1
33 130 2
5 53 2
17 23 2
31 40 2
12 51 2
1 80 1
33 34 2
16 42 2
29 36 2
13 58 1
2 44 2
3 33 2
3 76 1
24 42 2
14 39 2
12 37 2
15 28 2
17 29 2
7 106 1
26 43 2
14 109 1
9 118 1
33 100 1
44 96 2
26 28 2
13 30 2
17 82 2
19 81 1
9 11 2
38 110 2
17 37 2
17 42 2
2 4 2
24 125 2
35 39 2
4 47 2
20 22 2
6 84 1
4 32 2
0 22 2
22 25 2
3 37 2
17 137 1
11 76 2
33 115 2
37 40 2
12 137 2
0 124 1
46 49 1
15 116 1
13 42 2
24 34 2
16 27 2
31 32 2
13 132 2
31 88 1
16 20 2
22 107 2
20 23 2
6 17 2
10 46 2
34 37 2
10 41 2
28 106 1
0 41 2
15 124 1
11 43 2
25 98 1
37 45 2
23 65 1
9 96 2
33 97 2
17 75 1
20 64 1
38 125 1
46 70 2
40 117 1
2 67 2
33 77 2
7 102 1
16 36 2
0 52 1
23 69 1
18 135 2
4 28 2
42 110 1
11 13 2
36 48 1
30 46 2
43 133 1
16 22 2
4 6 2
2 53 1
8 14 2
28 29 2
15 44 2
41 50 1
23 43 2
21 43 2
8 31 2
16 46 2
11 31 2
18 25 2
7 103 1
15 127 1
43 44 2
20 53 1
46 135 1
43 76 1
8 26 2
38 132 1
17 125 2
43 110 1
40 46 2
18 93 2
21 99 1
21 133 2
12 34 2
39 127 1
1 53 2
38 136 1
1 65 2
30 34 2
7 131 2
14 44 2
1 93 1
0 55 1
9 105 1
33 38 2
27 74 1
46 131 2
20 126 1
17 113 1
12 15 2
5 30 2
45 92 2
45 55 1
19 22 2
7 139 1
34 129 1
30 33 2
3 134 2
28 33 2
35 127 1
3 69 1
42 57 1
0 2 2
6 31 2
9 132 1
18 84 1
0 63 2
0 106 2
28 39 2
0 119 1
14 24 2
5 99 1
33 111 1
44 136 1
35 68 1
46 97 2
46 139 2
21 137 2
11 46 2
10 73 1
34 38 2
4 109 1
2 28 2
23 35 2
35 92 1
15 43 2
13 31 2
44 57 1
10 69 2
8 89 2
0 44 2
3 46 2
10 32 2
6 119 1
0 1 2
17 33 2
39 133 2
9 34 2
21 108 2
25 77 1
42 113 2
5 16 2
36 65 1
8 80 1
17 98 1
21 26 2
18 45 2
28 94 1
46 104 2
34 113 1
27 82 2
5 38 2
25 95 1
3 14 2
41 114 1
37 39 2
20 121 1
24 96 2
38 41 2
12 138 1
23 105 1
36 38 2
6 43 2
31 74 2
18 35 2
23 38 2
15 99 1
14 119 1
26 42 2
32 43 2
21 32 2
33 79 1
23 25 2
34 110 1
10 110 2
36 110 2
25 106 1
1 38 2
5 12 2
2 106 1
44 48 1
39 40 2
6 46 2
7 12 2
17 112 2
3 79 1
14 51 1
5 15 2
22 39 2
30 85 2
29 94 1
27 40 2
16 30 2
34 60 1
3 60 2
39 110 2
22 49 2
20 27 2
11 28 2
32 104 1
22 87 1
26 71 1
10 35 2
32 119 1
1 33 2
26 34 2
20 37 2
45 119 1
26 87 2
4 5 2
18 37 2
41 136 1
15 46 2
25 131 1
12 36 2
19 46 2
11 74 1
16 41 2
2 70 1
40 41 2
8 21 2
0 13 2
1 39 2
12 47 2
23 64 2
24 49 1
44 89 1
30 86 1
44 99 1
3 6 2
13 37 2
11 88 2
33 103 1
22 105 1
43 63 1
42 129 2
25 103 1
3 105 1
18 46 2
16 53 1
8 110 1
11 96 1
9 40 2
15 74 1
6 38 2
7 93 2
11 125 2
46 110 1
31 44 2
18 24 2
22 45 2
6 33 2
23 41 2
10 105 1
40 72 1
14 36 2
43 102 2
14 32 2
42 112 2
11 17 2
1 110 1
36 93 2
23 77 1
35 67 1
16 91 1
18 71 2
11 14 2
31 43 2
1 13 2
13 15 2
6 15 2
32 138 1
34 100 1
21 90 2
7 21 2
27 37 2
10 42 2
11 45 2
21 65 2
41 58 1
39 45 2
34 92 1
17 22 2
17 55 1
22 28 2
14 89 2
27 31 2
5 23 2
5 14 2
31 121 1
10 85 1
21 132 1
7 73 1
20 40 2
23 91 1
15 75 1
28 58 2
3 61 2
28 87 2
9 70 1
18 68 1
41 74 1
6 10 2
13 41 2
25 42 2
4 85 2
21 28 2
30 133 1
27 32 2
7 105 1
29 58 1
10 16 2
39 58 1
26 89 1
0 87 1
35 121 1
31 107 1
5 34 2
24 90 2
6 106 1
24 76 2
19 33 2
8 84 2
0 36 2
3 12 2
33 108 2
39 53 1
8 137 1
23 135 2
44 46 2
0 45 2
27 43 2
1 136 1
14 59 2
13 20 2
12 35 2
5 27 2
9 90 1
49 63 1
26 30 1
24 82 2
14 56 1
28 45 1
36 68 2
0 31 1
3 34 1
58 116 1
7 26 1
63 100 1
18 42 1
21 56 1
19 113 1
9 49 2
10 18 1
64 90 2
32 113 2
36 75 2
15 16 1
113 127 1
16 61 1
23 107 2
28 60 1
7 56 2
49 58 2
30 68 2
2 31 1
11 99 1
