% n=100 p=33 d=0.66 p_blue=0.33
% k=0
21 60 1
18 79 2
6 61 1
8 60 2
5 74 1
28 32 2
20 82 1
27 66 2
19 85 1
12 42 1
20 46 2
17 35 2
6 69 1
13 78 2
23 41 2
18 51 1
10 75 1
22 35 2
11 25 2
14 46 2
17 66 2
8 22 2
4 95 2
6 71 1
14 58 1
10 32 2
14 34 2
27 56 2
27 53 1
10 44 1
22 27 2
1 50 1
24 39 2
28 98 2
2 99 1
14 71 2
15 77 1
30 53 2
13 22 2
11 30 2
12 77 2
6 81 2
20 85 2
27 97 1
5 11 2
17 24 2
22 52 1
8 34 1
21 97 2
15 20 2
1 69 1
17 97 1
11 92 2
10 89 1
0 35 1
21 98 1
17 21 2
8 16 2
1 82 1
14 35 2
26 55 1
28 51 2
25 97 2
1 83 2
9 92 1
32 59 1
2 57 1
1 64 2
1 54 2
1 91 1
1 96 1
30 58 1
4 83 1
18 59 2
9 23 2
7 78 1
3 69 1
22 89 1
18 49 1
4 86 2
8 43 1
6 22 2
2 77 2
5 85 1
30 71 1
31 41 2
5 17 2
5 62 1
4 28 2
2 67 1
10 17 2
11 65 1
32 45 1
6 12 2
27 43 1
26 66 2
2 9 2
13 94 2
21 28 2
5 88 1
12 34 2
17 99 1
3 49 1
15 59 2
9 26 2
18 35 2
5 56 1
18 53 1
26 38 1
1 95 2
16 50 1
8 9 2
23 32 2
13 74 1
20 64 2
1 31 2
6 10 2
31 62 2
7 31 2
5 24 2
14 74 1
1 6 2
27 67 1
29 31 2
21 90 1
20 41 2
4 7 2
6 27 2
8 15 2
31 43 1
6 38 1
20 75 1
16 84 2
28 52 2
9 30 2
22 24 2
29 91 2
14 15 2
23 88 1
10 69 1
10 31 2
23 26 2
7 77 1
28 67 1
13 36 1
7 60 2
18 84 2
5 83 2
15 87 2
31 55 1
26 75 1
15 94 1
28 75 1
4 17 2
27 48 1
12 63 2
11 62 1
3 4 2
7 70 1
7 43 1
0 86 1
24 62 1
17 92 1
16 53 2
15 35 2
2 12 2
14 62 1
14 22 2
3 87 1
22 56 1
15 83 1
31 35 1
21 58 1
14 42 1
2 81 2
8 19 2
5 53 1
4 5 2
6 66 2
5 57 2
15 82 1
18 64 1
10 26 2
30 31 2
18 70 1
15 84 1
16 36 1
26 47 1
17 27 2
22 30 2
22 69 1
8 53 2
1 10 2
3 71 2
13 75 1
19 48 1
24 95 1
10 30 2
21 31 2
1 28 2
15 86 2
2 24 2
24 73 2
20 48 2
6 98 2
22 42 1
4 25 2
18 89 1
28 62 1
15 27 2
8 30 2
5 16 2
23 24 2
24 71 1
32 81 1
2 35 1
4 18 2
32 61 2
16 72 1
13 47 2
10 18 2
2 44 1
13 92 1
24 60 1
16 83 1
9 57 1
7 75 1
9 17 2
29 92 2
28 47 1
31 59 1
12 99 1
20 62 1
30 90 1
24 41 1
4 63 2
29 95 1
11 97 2
31 95 1
14 72 2
0 24 2
19 82 1
26 28 2
0 85 1
7 63 1
18 46 2
32 55 1
1 33 2
6 17 2
20 65 1
19 89 1
5 70 2
1 5 2
29 44 1
32 83 1
12 85 1
17 38 1
31 58 1
6 94 2
14 94 1
10 87 2
0 34 2
30 36 2
19 84 2
17 88 1
11 12 2
1 93 1
18 69 1
13 95 1
28 49 1
9 11 2
5 48 2
11 70 1
8 58 1
30 94 1
9 36 1
16 38 1
0 95 2
13 29 2
25 61 1
0 20 2
30 97 1
23 58 1
13 32 2
23 54 1
20 88 2
8 28 2
16 63 1
6 95 1
30 80 1
9 28 2
5 18 2
27 41 1
3 54 1
3 40 1
27 74 2
15 75 1
12 52 2
5 43 1
25 83 1
17 50 1
11 22 2
23 56 1
8 69 2
13 68 1
11 66 1
13 52 1
3 6 2
31 42 1
12 90 1
15 33 1
30 96 2
25 79 1
4 68 1
32 58 1
15 95 2
6 50 2
4 6 2
14 27 2
28 96 1
3 79 2
31 93 1
8 35 1
12 53 1
8 92 2
20 91 2
15 80 2
4 30 2
0 31 2
28 38 2
23 53 1
11 23 2
31 68 1
16 23 2
22 77 1
1 51 1
20 49 2
22 83 2
9 65 1
2 40 1
20 57 2
6 13 2
2 49 2
3 14 2
15 68 2
9 99 2
19 29 2
13 80 2
5 97 1
29 88 2
14 67 1
21 37 1
2 97 1
29 35 1
3 68 1
24 89 1
21 53 1
23 61 1
3 19 2
29 97 2
17 37 1
3 91 1
17 46 1
5 92 1
16 32 2
15 40 2
0 91 2
17 83 1
20 30 2
24 75 1
5 67 1
12 19 2
11 72 1
17 39 1
5 82 1
8 32 2
6 57 1
12 21 2
26 32 2
7 50 1
19 28 2
10 46 2
6 40 1
31 74 1
6 26 2
15 23 2
0 87 1
12 61 1
28 91 2
15 53 1
11 67 1
26 27 2
4 24 2
18 31 2
6 82 2
9 16 2
31 72 1
5 75 1
13 14 2
30 87 2
22 65 1
11 98 2
9 93 1
19 43 2
10 41 1
0 26 2
3 65 1
7 71 1
18 20 2
7 42 1
0 5 2
4 23 2
23 30 2
21 41 1
6 93 1
24 98 1
2 10 2
28 77 2
6 62 1
18 62 1
8 21 2
14 17 2
24 50 1
9 70 2
2 60 1
15 63 1
24 34 2
2 14 2
18 29 2
19 40 1
3 10 2
29 48 1
28 74 2
25 38 2
10 64 1
32 77 1
23 87 2
16 61 1
19 23 2
26 74 1
26 71 2
27 95 1
2 58 1
16 18 2
4 10 2
14 16 2
26 46 1
32 57 1
31 78 1
4 55 2
13 67 2
24 93 2
16 52 2
14 54 1
2 21 2
13 27 2
16 85 2
11 71 1
7 88 2
1 38 2
2 15 2
10 19 2
3 30 2
8 26 2
22 25 2
2 86 1
9 79 2
9 10 2
31 69 1
3 55 1
32 50 1
6 46 2
2 51 1
32 53 1
26 50 2
5 78 1
18 99 1
8 79 1
31 73 1
20 80 1
30 88 1
6 75 2
11 85 2
10 91 1
15 76 1
8 83 1
3 89 1
8 68 2
1 32 2
1 42 1
2 54 2
22 88 1
26 91 1
14 52 1
15 17 2
18 45 1
4 32 2
3 75 2
28 46 1
14 66 2
21 74 1
18 82 2
26 53 1
16 37 1
23 70 1
16 31 2
14 88 1
25 45 1
5 30 2
25 27 2
13 51 2
0 2 2
9 42 1
15 67 2
19 86 1
1 7 2
8 76 1
8 29 2
2 3 2
15 81 1
27 30 2
5 21 2
29 61 1
1 25 2
16 65 1
21 49 1
11 82 1
16 81 2
11 53 1
30 59 1
28 82 1
5 36 2
32 90 1
11 18 2
12 73 1
4 69 1
4 39 2
25 84 1
32 48 2
8 42 1
26 89 1
19 33 1
5 54 1
18 22 2
21 44 1
0 25 2
22 36 2
23 62 1
5 94 2
3 72 1
6 8 2
4 71 2
14 28 2
22 29 2
27 96 1
11 84 1
28 45 1
4 93 1
1 77 2
21 42 1
4 19 2
8 41 2
4 67 1
29 64 1
16 96 1
4 76 1
26 72 1
24 99 2
10 12 2
4 79 1
22 57 1
16 90 1
14 86 2
0 97 1
5 89 2
23 76 1
18 47 1
3 24 2
0 48 2
17 32 2
5 20 2
28 89 1
4 77 1
14 49 1
6 32 2
16 24 2
32 51 1
19 31 2
12 41 2
1 41 2
0 71 2
16 30 2
7 52 1
17 48 2
15 92 1
24 33 2
21 85 1
15 65 1
7 32 2
20 34 2
21 40 1
7 24 2
23 94 1
5 23 2
30 35 1
9 33 2
7 84 2
15 73 1
10 55 2
18 86 2
0 21 2
32 95 2
15 97 1
28 59 1
14 20 2
19 22 2
5 95 1
9 22 2
19 61 1
26 57 2
4 31 2
25 66 2
8 31 2
23 73 1
11 52 1
31 80 2
23 35 1
22 63 2
11 47 1
19 26 2
16 21 2
1 43 2
4 44 1
7 89 1
3 17 2
29 37 1
12 13 2
2 8 2
2 7 2
30 74 2
10 94 1
24 61 1
7 9 2
26 29 2
1 61 2
23 89 1
31 63 1
7 14 2
7 15 2
32 86 1
27 94 1
15 29 2
10 45 1
29 51 1
24 44 1
0 78 1
10 34 1
9 77 2
6 74 1
30 70 1
31 98 1
27 59 2
15 78 1
9 40 1
20 28 2
27 50 2
22 45 2
21 69 2
11 31 2
4 88 2
21 24 2
12 66 2
4 41 2
31 82 1
8 33 1
23 78 2
19 64 1
10 43 1
14 77 2
9 29 2
16 99 1
24 91 2
16 27 2
1 67 1
6 77 1
14 25 2
5 76 1
28 33 1
15 47 2
6 84 1
15 31 2
15 56 1
11 48 1
25 41 1
1 24 2
6 55 1
3 58 1
19 36 1
16 64 1
6 18 2
2 79 1
10 48 1
13 34 1
25 37 2
17 59 2
29 33 2
31 38 1
1 37 2
19 78 2
11 14 2
20 43 2
3 20 2
10 57 1
5 41 1
19 20 2
22 75 2
3 27 2
22 98 1
11 57 1
17 96 1
30 63 1
21 30 2
15 34 1
10 79 1
11 56 1
30 39 1
7 81 1
1 60 1
24 90 2
3 5 2
13 89 2
3 33 2
10 52 1
6 21 2
24 76 1
4 92 1
17 44 2
27 82 1
0 46 1
21 51 2
9 91 1
7 87 1
8 64 1
26 31 2
4 12 2
22 74 2
18 85 1
32 79 2
23 71 1
6 72 1
9 24 2
11 86 1
23 37 1
30 86 1
21 68 1
14 81 1
14 60 2
1 87 2
30 98 1
24 40 1
13 97 2
16 51 1
17 62 1
18 24 2
19 55 1
2 5 2
18 23 2
17 53 2
2 36 1
10 11 2
18 60 2
17 80 1
21 99 1
17 43 2
15 45 1
17 20 2
21 45 1
19 94 2
23 47 2
15 37 2
28 78 1
13 83 1
32 74 2
2 71 1
12 76 2
3 59 1
12 95 1
12 97 1
21 39 1
12 81 1
28 50 1
12 14 2
21 71 1
11 55 2
2 27 2
25 53 1
29 57 1
18 91 2
8 39 2
3 64 2
24 31 2
3 48 2
18 32 2
15 70 2
20 96 2
30 99 1
5 47 2
3 16 2
13 16 2
2 25 2
2 94 1
27 29 2
10 40 1
15 49 1
7 27 2
10 36 1
6 79 1
18 65 1
30 41 1
7 11 2
4 33 2
8 13 2
8 23 2
8 55 1
2 50 1
16 62 2
3 11 2
12 46 2
30 48 1
12 78 1
13 19 2
20 71 1
26 79 2
30 65 1
27 76 1
8 66 2
10 76 1
27 33 1
28 99 2
11 41 2
0 52 2
9 20 2
4 99 1
21 93 2
19 49 2
0 10 2
1 12 2
23 31 2
21 82 1
27 89 1
16 95 1
31 85 2
21 25 2
18 33 2
16 25 2
13 64 2
13 28 2
11 54 1
5 86 1
4 29 2
14 36 1
13 53 1
2 63 1
26 76 1
2 20 2
25 36 1
24 53 2
15 44 1
19 96 1
8 81 2
12 29 2
23 90 1
1 53 2
2 85 1
0 27 2
26 86 1
2 18 2
29 54 1
20 99 2
5 12 2
4 37 2
17 28 2
17 58 1
11 78 2
9 83 1
18 73 1
12 16 2
13 61 1
0 40 1
19 51 1
5 98 1
5 40 1
12 40 2
3 7 2
15 41 1
25 59 2
13 37 1
25 31 2
0 96 2
13 66 1
0 70 1
17 85 2
19 27 2
20 87 2
10 23 2
1 39 1
16 76 1
28 64 1
5 37 1
9 71 1
3 63 2
20 66 1
2 92 1
7 26 2
9 12 2
25 71 1
24 29 2
1 99 1
7 73 1
7 64 2
6 15 2
4 13 2
23 43 1
21 73 1
4 27 2
9 66 2
3 38 1
19 98 1
7 55 1
27 84 1
17 23 2
10 59 1
0 84 1
13 18 2
24 28 2
9 97 2
32 49 1
19 25 2
4 64 2
3 52 1
5 80 1
1 92 1
26 56 1
12 47 1
2 4 2
29 32 2
12 26 2
10 70 1
0 23 2
5 29 2
1 11 2
3 78 1
0 99 2
25 85 2
14 56 1
3 98 1
28 34 1
17 45 1
15 25 2
1 15 2
8 82 2
9 52 1
26 94 1
19 69 2
9 13 2
10 66 1
30 75 2
16 92 1
32 37 2
29 30 2
24 56 2
7 54 1
27 52 1
16 45 1
13 30 2
9 62 1
9 48 1
10 58 1
23 33 2
8 98 2
27 31 2
11 93 2
1 73 1
25 65 2
29 62 2
0 16 2
6 44 2
12 82 1
27 55 1
26 45 1
23 60 2
2 31 2
14 31 2
18 19 2
1 30 2
11 27 2
20 26 2
12 31 2
7 19 2
3 99 1
13 77 1
31 84 1
32 66 1
8 73 1
24 47 2
27 42 1
4 49 1
8 50 1
14 84 1
30 82 1
21 75 2
11 61 1
20 83 2
5 33 1
20 47 2
29 98 2
25 46 1
10 90 2
11 76 1
21 62 1
32 40 1
21 50 1
12 89 2
11 60 1
28 71 1
12 86 2
3 96 2
9 50 1
7 97 1
2 11 2
2 80 1
1 13 2
24 63 1
27 64 1
18 66 1
5 26 2
14 80 2
19 65 1
1 74 2
8 47 1
3 32 2
16 54 2
1 49 1
14 61 1
32 34 1
27 57 2
21 63 1
22 38 1
29 80 1
16 44 1
24 84 1
31 81 2
21 54 1
3 82 1
11 45 1
0 80 1
24 48 2
7 20 2
11 26 2
26 60 2
4 45 1
21 65 1
31 87 2
32 72 1
11 83 1
18 21 2
7 33 1
6 42 2
22 70 1
28 43 1
0 30 2
24 64 1
14 30 2
19 81 2
6 43 1
2 82 2
4 43 2
0 32 2
19 75 2
9 87 1
27 72 2
10 67 1
5 15 2
30 46 1
18 75 1
6 70 2
2 76 1
22 31 2
14 37 2
22 48 1
25 28 2
7 93 2
31 96 2
8 37 2
19 30 2
26 81 1
32 65 1
21 27 2
16 49 1
17 68 1
24 69 1
7 48 1
4 90 1
24 74 2
17 74 1
1 63 2
32 94 2
6 58 1
4 8 2
31 67 2
27 61 1
8 17 2
31 79 2
1 23 2
17 81 1
9 38 2
14 75 1
6 97 2
0 13 2
17 72 2
28 84 1
0 17 2
7 96 1
20 81 1
13 54 2
21 59 1
32 64 1
13 31 2
14 70 1
15 98 1
22 28 2
19 53 1
0 38 2
16 60 2
26 63 1
21 26 2
13 25 2
29 82 1
10 54 1
1 22 2
31 60 2
22 66 2
6 73 1
8 20 2
19 24 2
23 69 1
1 9 2
18 28 2
14 39 1
20 74 1
3 53 1
15 71 1
23 34 2
21 80 2
0 12 2
24 36 2
20 73 1
12 33 1
24 58 2
7 68 1
29 56 1
8 94 2
11 43 1
20 51 1
1 70 1
23 81 1
16 59 1
29 74 1
0 39 2
23 25 2
5 63 1
5 79 1
16 47 1
17 65 2
2 65 1
14 24 2
8 57 2
32 38 1
5 77 1
10 28 2
9 64 1
22 60 1
7 99 1
4 54 2
29 94 2
14 90 1
1 72 1
21 55 1
2 96 1
10 80 2
6 34 1
5 39 2
1 89 2
11 49 2
24 43 1
16 71 2
16 55 1
3 25 2
6 39 2
9 82 1
31 94 1
2 91 1
1 2 2
2 16 2
28 90 2
7 76 1
14 29 2
19 44 2
15 22 2
3 66 1
18 27 2
5 90 1
17 25 2
15 72 1
24 25 2
29 47 1
22 47 1
17 93 2
18 25 2
9 85 1
9 18 2
8 18 2
5 10 2
20 86 2
12 17 2
18 76 1
3 39 2
24 96 2
17 71 1
1 84 2
3 77 1
2 32 2
8 70 1
27 78 2
4 26 2
30 43 1
24 85 2
4 38 1
26 39 1
31 47 1
18 30 2
16 77 2
28 81 1
15 32 2
10 74 1
0 57 2
9 60 1
9 27 2
9 15 2
0 14 2
15 48 1
31 90 1
17 94 2
6 63 2
21 89 1
5 9 2
13 99 2
1 35 1
0 8 2
29 66 1
2 19 2
5 31 2
5 27 2
16 41 1
10 99 2
4 81 1
20 37 1
21 33 2
29 38 1
17 61 1
10 16 2
1 68 1
21 34 1
13 70 1
6 48 2
22 95 1
26 78 2
3 9 2
15 58 1
26 30 2
25 73 1
31 61 1
32 73 1
9 84 1
0 76 1
14 92 1
26 58 2
26 35 1
25 56 2
14 48 1
6 29 2
0 4 2
30 52 1
9 32 2
3 37 1
7 12 2
7 95 1
26 93 2
1 47 1
15 28 2
0 28 2
7 94 2
18 71 2
15 74 1
25 72 1
2 30 2
6 31 2
27 28 2
8 56 1
26 87 2
22 85 1
32 78 1
4 73 2
29 55 1
21 38 2
10 35 1
30 68 2
2 75 1
32 69 1
30 91 1
26 97 2
14 53 2
5 13 2
11 99 1
11 87 1
23 44 1
16 40 1
16 26 2
25 52 2
9 41 2
21 92 2
23 98 1
22 50 1
24 26 2
29 68 2
11 77 2
11 20 2
16 78 2
24 35 1
28 53 1
21 91 2
12 15 2
9 43 1
22 71 2
3 8 2
27 88 2
18 56 2
3 18 2
3 90 1
3 97 1
2 52 1
27 32 2
22 90 2
4 62 1
25 50 1
22 76 1
2 98 2
12 23 2
27 47 1
25 92 2
25 60 1
6 9 2
30 73 1
9 19 2
19 50 1
25 78 1
22 32 2
11 94 1
8 85 1
25 89 1
20 50 1
12 25 2
5 69 2
11 40 1
20 77 1
26 98 2
22 55 2
6 92 1
4 61 1
14 47 1
13 72 1
24 45 2
1 79 1
0 75 2
16 80 1
24 51 1
4 85 2
3 73 1
21 57 1
17 60 1
27 70 1
1 21 2
7 18 2
10 29 2
12 87 1
14 43 1
31 88 2
4 82 2
5 91 2
4 96 2
16 22 2
17 52 1
19 71 2
23 63 1
4 66 1
30 45 1
5 61 1
17 30 2
6 56 1
20 24 2
4 20 2
13 46 1
10 20 2
6 45 2
5 14 2
15 19 2
19 93 1
20 40 1
32 56 1
5 96 1
7 98 1
20 78 1
6 89 1
21 86 2
21 78 1
30 78 1
6 7 2
8 80 1
31 97 1
25 47 2
30 69 2
1 8 2
32 46 2
1 20 2
10 65 1
28 29 2
16 29 2
16 28 2
21 22 2
23 72 2
32 47 1
15 46 1
1 34 2
12 43 1
23 57 2
17 56 1
5 72 2
25 67 2
26 51 1
2 26 2
21 83 1
4 11 2
12 65 1
11 89 1
21 35 1
21 88 1
7 83 1
10 97 1
4 84 2
16 48 2
24 65 1
1 57 1
25 88 1
15 42 1
15 91 1
1 16 2
6 11 2
29 50 1
16 20 2
7 39 1
29 60 1
5 22 2
0 41 1
9 46 1
21 76 1
8 52 2
11 44 1
0 22 2
21 84 2
30 84 1
23 97 1
26 88 1
5 8 2
0 63 1
27 65 1
24 81 1
3 94 2
25 74 2
9 81 1
7 56 1
19 79 1
6 53 1
8 74 1
4 56 2
27 92 1
0 3 2
19 34 1
19 21 2
23 29 2
1 81 2
15 57 1
2 17 2
23 42 1
8 62 1
29 59 1
13 17 2
1 62 2
26 42 2
7 25 2
13 24 2
10 95 1
29 81 1
7 51 2
4 9 2
2 73 2
9 39 1
28 60 1
11 51 2
1 40 1
29 76 1
28 92 1
28 87 1
7 44 1
9 55 2
31 57 1
13 69 1
4 15 2
21 36 2
20 23 2
27 63 1
8 65 1
7 65 1
16 88 1
5 32 2
15 18 2
20 56 1
28 36 1
29 70 1
7 13 2
21 52 2
9 14 2
13 81 1
32 71 2
6 33 1
8 78 1
30 55 1
14 64 1
3 31 2
0 65 2
20 32 2
0 81 1
18 83 1
15 55 1
14 82 2
12 59 1
10 82 2
10 78 1
20 27 2
8 14 2
22 68 1
27 51 1
21 32 2
5 87 2
26 41 2
13 90 1
24 55 1
17 22 2
2 90 1
18 63 2
16 57 1
26 85 1
25 30 2
14 57 1
30 77 2
0 83 2
9 21 2
24 68 1
22 92 1
6 99 2
23 95 1
31 89 1
18 98 2
17 87 1
3 13 2
27 38 1
3 29 2
5 68 1
13 23 2
22 26 2
25 70 1
4 42 2
9 59 1
17 40 1
13 26 2
3 21 2
16 73 1
6 28 2
8 72 2
26 36 2
1 26 2
19 35 1
32 91 1
18 36 2
24 49 1
0 94 2
14 26 2
15 50 2
21 43 1
24 86 1
29 52 1
25 81 1
30 57 2
12 72 1
23 77 1
1 4 2
9 25 2
0 6 2
20 21 2
7 23 2
13 42 2
16 43 1
30 72 1
21 56 1
29 83 1
20 97 1
7 10 2
31 34 1
10 25 2
18 43 1
23 52 1
29 58 1
3 92 1
24 54 1
14 32 2
18 37 2
2 84 1
11 15 2
16 79 2
0 11 2
0 88 2
25 98 1
0 7 2
3 46 1
24 30 2
7 49 1
10 13 2
29 93 1
2 48 1
10 39 1
16 98 2
18 95 1
4 47 2
14 96 1
6 35 1
21 47 2
23 28 2
0 79 2
12 22 2
3 28 2
17 73 1
29 79 2
2 56 1
6 64 1
12 49 2
7 58 1
0 1 2
24 32 2
3 22 2
8 25 2
17 26 2
14 63 1
24 82 1
26 77 2
24 27 2
9 44 1
10 72 1
15 99 1
15 38 2
28 65 1
1 58 1
0 15 2
8 51 2
8 11 2
16 66 1
15 69 1
22 97 1
13 45 2
2 29 2
20 84 1
15 96 2
10 83 1
11 88 1
4 74 1
5 19 2
14 44 1
17 64 1
18 40 1
28 69 2
23 38 1
31 32 2
14 23 2
9 47 1
0 9 2
11 79 2
13 91 1
6 23 2
18 61 1
3 36 1
24 80 1
17 29 2
18 74 2
18 94 2
0 29 2
20 42 1
10 77 2
1 29 2
1 46 1
22 54 1
30 83 2
16 17 2
10 61 1
4 58 1
11 17 2
13 57 1
3 45 2
11 24 2
20 98 1
28 39 1
6 30 2
7 28 2
30 76 1
18 42 2
23 86 2
31 37 2
2 88 1
0 82 1
20 25 2
29 67 2
19 99 2
7 29 2
18 38 2
13 15 2
26 52 2
26 67 1
21 29 2
23 59 1
1 14 2
5 34 1
16 75 1
27 73 1
9 76 1
5 25 2
6 65 2
13 63 1
1 45 2
23 66 2
10 47 2
14 19 2
1 27 2
0 55 1
29 39 1
32 43 1
13 79 2
6 51 2
32 42 1
31 54 2
6 87 1
14 51 2
9 95 1
25 90 2
32 52 1
30 34 1
23 84 1
26 95 2
12 32 2
21 94 1
10 37 1
26 84 1
14 45 1
2 69 1
29 53 1
15 30 2
14 85 1
2 13 2
7 40 1
8 49 1
26 62 2
20 33 1
7 22 2
23 99 2
14 33 2
19 62 1
1 80 1
7 17 2
9 53 2
27 60 1
30 66 2
25 29 2
2 72 1
10 22 2
21 77 1
1 86 2
24 83 1
26 49 1
8 95 2
28 30 2
25 32 2
6 19 2
6 49 1
3 15 2
7 8 2
0 62 1
11 96 1
27 80 1
10 84 1
7 36 1
17 82 1
3 23 2
13 84 2
20 79 1
21 46 2
8 27 2
12 68 1
1 19 2
12 24 2
27 46 1
0 61 1
25 42 2
28 80 2
23 93 1
2 23 2
12 56 1
20 29 2
20 22 2
7 53 1
13 21 2
25 39 2
4 22 2
25 35 1
10 27 2
15 16 2
4 21 2
25 87 1
10 14 2
5 46 2
11 19 2
22 53 1
12 18 2
29 77 1
18 34 1
6 16 2
14 50 1
31 70 1
6 14 2
22 59 1
13 43 1
14 95 1
15 26 2
27 75 1
25 54 1
23 50 2
19 67 1
3 62 1
24 66 2
22 23 2
17 18 2
11 32 2
16 97 2
5 28 2
2 33 1
3 26 2
10 50 1
3 34 2
26 83 1
3 12 2
2 28 2
2 22 2
26 99 1
18 26 2
25 80 1
6 25 2
27 87 2
10 38 1
32 93 1
13 65 2
13 33 1
11 46 1
32 60 2
7 41 2
8 90 1
12 30 2
31 83 1
12 45 1
3 76 1
14 21 2
11 28 2
8 91 2
6 41 1
21 79 2
8 10 2
10 24 2
17 54 1
18 80 1
3 51 1
7 21 2
28 42 1
29 90 1
4 16 2
27 37 2
20 59 2
31 52 1
24 78 1
27 91 1
32 80 2
9 67 1
12 51 1
10 21 2
17 78 1
18 88 1
19 90 1
6 20 2
24 79 1
20 55 1
21 61 1
8 12 2
25 68 1
1 3 2
13 50 1
9 51 2
32 87 1
22 40 2
8 84 1
23 27 2
32 75 2
11 13 2
7 30 2
12 28 2
4 70 1
27 79 1
13 59 2
0 92 1
0 69 1
17 36 1
17 98 1
32 35 1
28 95 2
4 53 1
4 72 2
30 47 1
15 54 1
14 18 2
10 15 2
4 14 2
0 93 1
19 66 1
7 47 1
23 39 1
11 21 2
17 31 2
23 82 1
1 18 2
19 72 1
9 72 1
6 24 2
32 67 1
28 93 2
9 90 1
8 24 2
28 31 2
28 63 1
1 17 2
25 44 1
25 51 2
31 51 1
3 50 1
15 93 2
2 38 1
7 61 1
11 91 2
27 98 1
28 66 1
1 55 2
12 94 1
0 66 1
30 85 2
11 29 2
23 79 2
8 45 2
0 56 2
26 37 2
13 20 2
7 16 2
16 39 1
20 36 2
4 59 1
2 6 2
19 41 1
9 34 2
30 54 2
23 48 1
28 55 1
9 73 2
19 32 2
12 20 2
5 65 1
5 60 1
7 67 1
15 24 2
3 95 1
3 84 1
30 64 1
30 89 2
15 90 1
32 99 2
0 19 2
5 7 2
13 62 2
6 52 2
25 86 1
6 54 1
17 19 2
4 60 1
10 62 2
16 19 2
8 88 2
15 21 2
0 44 1
7 80 2
2 64 1
21 23 2
23 74 1
18 97 2
27 34 1
20 72 1
14 91 2
13 98 1
30 62 2
2 95 1
5 49 1
23 46 1
9 37 1
11 16 2
25 26 2
23 64 1
18 87 1
30 60 1
29 99 1
20 31 2
14 98 2
22 46 1
28 35 1
11 63 2
16 91 2
25 64 1
10 68 1
30 32 2
7 74 1
0 59 1
60 66 1
12 50 2
12 27 1
9 31 1
