% n=50 p=33 d=0.66 p_blue=0.66
% k=0
15 16 2
2 27 2
13 14 2
13 38 2
0 3 2
5 6 2
10 29 2
12 47 2
13 44 2
11 14 2
2 7 2
13 21 2
0 49 1
0 20 1
1 33 2
0 11 2
8 47 2
7 42 1
16 20 2
6 10 2
10 38 2
4 24 2
10 44 2
12 36 2
13 35 1
14 39 1
7 25 1
3 11 2
6 14 2
8 25 1
4 35 1
13 39 1
5 14 2
11 20 2
4 22 2
15 21 1
12 30 1
6 34 1
0 41 1
11 45 2
1 3 2
6 12 2
11 30 2
14 35 1
2 49 2
4 11 2
9 27 2
2 19 1
7 14 2
0 25 1
8 29 2
6 29 1
15 47 2
1 25 2
6 26 2
0 1 2
11 40 2
11 47 1
5 18 1
1 39 1
5 39 2
16 25 2
7 38 1
16 26 2
11 41 2
11 23 2
6 20 2
6 45 1
2 35 2
3 43 1
0 36 2
3 5 2
13 29 2
16 43 1
3 13 2
15 29 2
12 15 2
12 17 1
5 16 2
3 19 2
3 47 1
5 27 2
0 14 2
7 41 2
15 36 1
1 19 1
3 9 2
9 26 2
0 34 1
3 12 2
15 22 1
10 24 2
7 37 1
16 31 2
7 48 1
1 18 2
0 26 2
14 31 1
1 31 2
4 23 2
3 21 2
14 44 1
10 49 1
5 28 2
6 11 2
6 24 1
7 34 2
13 32 2
9 33 1
16 30 2
7 28 1
1 40 2
3 7 2
1 15 2
14 43 2
1 5 2
12 27 2
16 32 2
0 10 2
7 11 2
9 40 2
0 46 2
0 17 2
1 13 2
3 37 2
3 8 2
5 44 2
6 7 2
10 32 1
12 23 2
7 17 2
4 47 1
13 20 1
7 8 2
14 47 2
11 27 2
3 35 1
15 42 2
10 25 2
16 44 2
11 25 1
8 11 2
11 22 2
3 16 2
5 29 2
16 40 2
4 12 2
16 38 2
0 27 1
7 40 2
0 40 2
1 37 1
10 37 1
3 36 2
6 32 2
14 16 2
1 9 2
6 38 2
11 36 2
1 4 2
14 24 1
4 44 1
11 18 1
9 30 2
3 4 2
3 23 2
3 34 2
9 21 2
10 23 2
1 44 1
9 20 2
0 2 2
14 22 2
5 41 1
5 13 2
2 9 2
0 31 1
11 37 2
7 13 2
6 42 2
0 48 2
1 27 1
8 12 2
3 15 2
4 15 2
4 14 2
4 32 2
0 37 1
6 28 2
5 7 2
7 9 2
0 4 2
2 16 2
14 45 2
2 36 2
9 49 1
10 48 2
16 28 1
3 17 1
4 21 2
3 26 1
4 9 2
11 44 2
4 34 2
8 38 1
14 30 1
6 27 2
5 12 2
10 33 2
15 30 2
13 34 2
13 23 1
8 45 2
15 44 1
10 17 1
2 6 2
12 25 2
2 11 2
15 31 1
8 35 2
6 17 1
5 8 2
11 12 2
15 19 1
7 47 1
13 45 1
13 25 1
3 41 2
11 17 2
14 29 2
0 33 2
10 31 2
9 12 2
8 9 2
9 43 2
9 17 2
9 10 2
6 21 2
0 47 1
4 36 1
0 16 2
12 34 2
12 13 2
3 6 2
1 6 2
2 13 2
5 15 2
10 28 1
3 48 1
0 8 2
6 48 2
12 21 2
2 5 2
16 29 2
15 37 1
13 24 2
13 27 2
3 28 2
9 38 1
1 11 2
3 42 2
11 43 2
0 15 2
2 44 1
13 48 2
1 8 2
9 37 1
8 20 2
6 25 1
14 21 2
12 29 1
2 12 2
8 23 2
16 19 1
0 45 2
15 46 2
6 15 2
7 46 2
7 30 1
0 21 2
15 40 2
2 4 2
15 18 2
2 15 2
9 16 2
13 41 1
5 10 2
9 45 2
3 32 2
5 31 2
13 16 2
1 14 2
2 37 2
16 22 2
8 10 2
6 30 2
7 29 1
10 40 2
16 47 2
15 27 2
7 39 2
11 15 2
4 48 1
8 32 2
3 27 2
2 31 2
0 28 2
4 29 1
16 39 2
6 23 2
0 24 2
7 16 2
4 17 1
1 43 2
4 20 2
4 10 2
2 48 2
6 8 2
10 36 1
13 15 2
13 46 2
3 22 2
0 13 2
14 33 2
9 14 2
2 46 1
4 40 2
13 18 2
5 49 2
8 19 2
6 41 1
9 11 2
7 23 2
7 49 2
10 46 2
1 10 2
10 21 2
0 7 2
1 30 2
8 15 2
10 18 2
9 29 2
4 26 1
10 16 2
10 15 2
0 23 2
10 30 2
12 46 2
1 42 1
12 48 1
7 45 2
10 12 2
12 49 2
4 39 1
1 2 2
3 49 2
6 31 2
15 45 2
5 21 1
16 17 1
12 39 2
5 17 2
4 8 2
10 13 2
5 22 2
1 46 1
5 32 2
1 16 2
11 32 1
8 44 2
10 47 2
6 44 2
16 23 2
14 25 1
11 16 2
0 9 2
0 44 1
4 19 1
11 39 2
9 36 2
14 28 2
2 40 1
6 18 1
4 41 1
2 34 1
9 13 2
4 30 2
6 40 1
0 12 2
0 43 2
8 14 2
0 22 2
8 13 2
4 16 2
8 17 1
4 38 2
0 42 1
10 27 1
6 16 2
4 37 1
4 28 2
4 18 2
5 45 2
3 14 2
12 33 1
10 19 1
2 8 2
1 32 2
3 10 2
13 36 2
4 31 1
12 32 2
15 25 2
16 34 2
4 6 2
0 5 2
5 19 1
11 46 1
2 17 2
6 19 1
12 35 1
9 23 1
2 29 2
14 26 1
4 42 2
1 20 2
15 33 1
2 22 2
14 19 2
12 24 2
4 5 2
7 43 2
9 34 1
12 16 2
8 22 2
7 20 2
7 18 2
0 30 2
2 20 2
6 36 2
7 10 2
2 43 2
10 42 2
9 24 2
9 15 2
11 13 2
2 25 1
15 43 2
6 9 2
6 13 2
10 20 1
6 46 2
0 6 2
2 45 2
8 49 1
1 35 2
12 19 1
12 38 2
1 26 2
4 13 2
2 18 2
11 21 1
1 7 2
6 33 1
8 43 2
15 48 2
0 18 1
11 34 2
8 40 1
8 42 1
14 15 1
5 42 1
7 12 1
5 24 1
12 14 1
1 12 1
29 42 1
2 14 1
10 11 1
4 7 1
5 9 1
13 42 1
