% n=130 p=33 d=0.33 p_blue=0.33
% k=0
12 50 2
9 58 1
27 53 1
32 55 1
13 22 2
8 123 1
39 74 1
31 50 1
0 90 1
21 112 2
35 37 2
14 24 2
20 119 2
4 29 2
1 11 2
30 48 1
11 25 2
17 27 2
14 91 2
33 129 1
8 127 1
32 123 1
31 40 2
27 50 1
27 29 2
0 95 1
0 72 1
6 26 2
4 28 2
22 29 2
40 100 1
21 117 1
15 81 1
3 41 2
19 53 1
17 39 2
18 58 1
12 39 2
6 17 2
23 109 1
26 107 1
7 25 2
22 43 1
22 85 1
9 29 2
13 34 2
31 62 1
1 121 1
2 114 2
25 26 2
16 97 2
14 23 2
4 66 1
13 74 1
19 33 2
1 122 2
23 31 2
30 111 1
1 26 2
27 32 2
7 41 2
25 51 2
28 128 2
26 124 1
2 38 2
17 26 2
23 42 2
20 98 2
35 85 1
29 41 2
42 121 1
37 69 2
8 117 2
32 40 2
23 129 1
9 32 2
33 121 2
32 41 2
28 90 1
38 41 2
25 121 1
12 16 2
1 49 1
19 68 1
10 40 2
2 115 2
3 18 2
22 27 2
14 123 1
5 41 2
29 76 1
28 107 1
25 66 1
4 128 2
26 111 1
16 115 2
11 32 2
2 35 2
8 48 2
25 104 1
30 108 1
18 22 2
16 23 2
3 10 2
18 87 1
36 119 1
0 38 2
27 105 1
28 81 2
24 113 1
7 113 2
26 118 1
19 74 1
1 84 1
10 100 2
40 110 1
25 75 2
24 107 1
3 127 1
4 96 1
32 83 1
2 42 2
32 112 1
21 53 1
25 49 2
20 31 2
39 44 1
15 24 2
29 101 1
32 39 2
22 41 2
32 50 2
5 76 2
3 79 1
2 21 2
27 38 2
8 13 2
5 121 1
21 55 2
8 9 2
19 61 1
6 40 2
23 24 2
32 47 1
2 41 2
0 110 1
7 14 2
7 65 2
25 96 1
10 32 2
5 21 2
38 78 1
3 73 1
24 125 1
2 90 2
31 32 2
10 45 1
37 48 2
20 111 2
34 67 1
29 84 1
2 127 1
13 42 2
3 32 2
11 18 2
29 48 1
4 123 1
34 57 1
32 72 1
23 81 2
20 28 2
3 111 2
35 43 1
36 79 1
4 53 1
8 89 1
5 45 2
6 70 1
6 12 2
21 30 2
29 96 1
4 25 2
5 13 2
1 67 1
3 27 2
19 76 1
1 35 2
13 26 2
2 92 2
20 60 2
26 56 1
15 37 2
10 17 2
11 98 2
28 33 2
19 21 2
8 79 2
2 121 1
18 41 2
41 58 1
23 127 1
40 43 1
0 75 1
39 61 2
13 17 2
40 58 1
34 108 1
29 77 1
9 21 2
15 40 2
33 79 1
30 33 2
19 120 2
1 15 2
18 50 1
23 54 1
16 19 2
12 17 2
7 23 2
22 35 2
10 86 2
38 44 1
1 22 2
25 43 1
14 42 2
16 123 2
18 40 2
18 57 2
7 53 1
4 30 2
32 36 2
17 21 2
36 65 2
17 45 1
12 65 2
22 117 1
39 110 1
11 31 2
25 88 1
41 103 2
17 19 2
17 80 2
8 21 2
14 85 1
8 26 2
31 69 2
10 71 1
28 29 2
38 113 1
39 67 1
40 122 1
2 75 1
3 26 2
5 28 2
14 36 2
9 25 2
21 33 2
18 24 2
41 72 1
32 65 1
21 71 1
21 36 2
27 28 2
25 81 1
4 32 2
21 41 2
32 60 1
0 76 1
27 111 1
37 113 2
9 37 2
38 99 1
3 78 1
18 116 1
15 31 2
21 42 2
16 37 2
31 73 1
4 61 1
7 122 1
2 60 1
5 15 2
20 129 1
1 85 1
7 38 2
19 98 1
30 37 2
23 67 1
30 39 2
33 112 1
20 38 2
5 107 2
37 110 1
1 20 2
18 124 1
37 118 1
5 56 1
12 74 1
40 118 1
7 119 1
32 122 2
20 21 2
14 90 1
11 28 2
17 84 1
2 36 2
16 51 2
40 128 1
15 28 2
2 11 2
5 6 2
41 98 1
2 44 1
0 28 2
9 18 2
16 26 2
40 74 1
18 99 2
5 25 2
30 38 2
2 25 2
3 80 1
39 94 2
39 46 1
30 89 2
14 52 1
25 57 1
17 118 1
9 14 2
26 127 1
19 38 2
1 24 2
18 56 1
1 23 2
20 29 2
6 23 2
40 68 1
33 42 2
7 126 2
15 107 1
9 28 2
38 46 2
10 28 2
28 47 1
34 53 1
17 36 2
18 84 2
23 92 1
1 46 1
28 103 1
13 119 1
26 37 2
5 33 2
9 10 2
17 38 2
8 24 2
21 107 2
4 99 2
14 66 2
36 58 1
5 63 1
9 40 2
11 114 1
13 80 1
27 90 1
6 24 2
30 88 2
24 89 1
2 14 2
8 107 1
36 92 2
24 41 2
28 111 1
2 19 2
19 118 2
36 113 2
1 83 2
27 40 2
33 72 1
33 80 1
1 14 2
22 57 1
5 32 2
26 128 2
14 55 1
12 43 2
32 74 2
1 18 2
12 40 2
13 81 1
23 27 2
0 17 2
4 8 2
18 114 1
23 61 1
25 37 2
23 117 2
4 127 1
13 36 2
15 77 1
40 45 1
40 54 2
34 85 2
24 123 1
27 124 1
40 126 2
39 92 1
0 8 2
19 44 1
15 66 1
6 99 1
25 118 1
17 123 1
8 59 1
13 121 1
11 14 2
5 27 2
7 37 2
28 42 2
4 36 2
26 74 1
20 34 2
40 119 2
19 66 1
1 98 2
17 37 2
27 31 2
4 35 2
37 97 2
13 69 1
18 37 2
8 22 2
4 23 2
9 19 2
13 57 2
0 14 2
5 68 2
1 70 1
9 24 2
23 120 1
5 12 2
19 73 2
5 35 2
38 70 1
9 69 1
6 35 2
7 31 2
29 34 2
23 101 1
34 124 2
12 90 1
31 38 2
36 85 2
35 96 2
12 38 2
11 27 2
0 33 2
31 42 2
8 112 1
7 20 2
32 124 1
17 65 1
12 52 1
38 128 1
42 113 1
6 39 2
32 70 1
4 41 2
23 65 2
24 39 2
27 117 1
17 126 1
8 27 2
7 44 1
12 28 2
31 61 1
33 77 1
27 92 2
30 72 1
10 26 2
13 111 2
0 26 2
5 20 2
15 46 1
35 70 2
8 78 1
20 23 2
11 89 1
29 30 2
29 38 2
15 38 2
9 52 1
10 30 2
37 112 1
3 11 2
5 9 2
6 65 1
30 31 2
41 81 1
33 97 1
38 110 1
21 98 2
21 43 1
9 93 2
42 56 1
24 30 2
31 33 2
40 92 2
12 26 2
11 22 2
9 112 2
7 18 2
14 16 2
32 116 1
18 20 2
24 60 1
28 43 1
19 125 1
17 44 1
37 41 2
0 19 2
27 60 1
27 108 2
36 120 1
16 67 1
9 13 2
16 30 2
6 15 2
39 70 1
19 29 2
12 25 2
38 95 1
8 10 2
11 15 2
12 24 2
33 100 2
1 37 2
29 117 2
1 4 2
3 38 2
12 68 1
10 27 2
6 10 2
23 35 2
35 92 1
1 21 2
7 98 2
21 123 2
7 9 2
37 88 1
35 57 2
14 116 2
5 75 2
18 49 1
3 124 1
3 128 1
15 95 2
12 75 1
10 129 1
6 128 1
20 41 2
25 65 2
41 54 1
2 116 1
25 113 1
0 53 1
24 63 1
0 30 2
10 78 1
11 59 1
3 89 1
35 36 2
1 111 2
12 33 2
0 10 2
4 75 2
0 5 2
31 43 2
17 127 1
20 33 2
20 46 2
18 68 1
9 39 2
36 41 2
12 41 2
0 29 2
18 35 2
3 105 2
33 111 1
14 31 2
38 45 2
11 129 1
12 122 1
26 31 2
39 48 1
6 41 2
15 16 2
9 38 2
21 69 1
0 55 1
15 23 2
17 41 2
2 30 2
3 37 2
20 51 1
21 23 2
3 16 2
1 76 1
17 20 2
29 91 1
19 23 2
12 30 2
20 85 1
19 129 1
17 75 2
3 30 2
6 25 2
23 44 1
8 111 1
14 77 2
0 25 2
10 101 2
10 60 1
32 45 1
11 53 1
14 49 1
22 121 2
4 67 1
10 19 2
30 127 1
24 87 2
16 87 1
27 84 1
17 108 1
29 59 1
13 19 2
13 118 1
5 8 2
2 61 1
2 109 1
13 23 2
14 29 2
15 19 2
6 56 2
0 15 2
22 67 2
18 71 1
1 31 2
5 120 1
9 16 2
37 98 2
7 92 2
30 123 1
19 28 2
1 61 2
2 72 1
13 108 2
42 104 2
4 94 1
21 77 2
38 43 1
36 44 2
24 42 2
16 24 2
24 26 2
0 108 1
25 101 2
2 15 2
39 65 1
13 100 1
25 32 2
29 66 1
17 42 2
5 10 2
21 104 2
24 121 1
10 16 2
36 37 2
1 115 2
36 39 2
6 42 2
39 102 1
30 45 1
1 42 2
11 38 2
6 30 2
24 31 2
35 86 1
1 89 1
0 2 2
33 122 1
17 109 1
15 22 2
20 70 1
18 30 2
22 31 2
21 38 2
19 50 2
30 100 2
3 23 2
9 34 2
33 86 1
34 58 1
22 24 2
8 36 2
40 70 1
9 81 1
17 30 2
29 74 1
23 30 2
7 21 2
32 38 2
5 36 2
39 97 1
8 32 2
31 35 2
4 37 2
19 37 2
6 87 1
6 73 1
5 38 2
8 40 2
4 5 2
8 20 2
2 91 2
0 58 1
0 4 2
14 78 1
35 66 1
31 39 2
29 31 2
1 38 2
9 113 1
37 108 1
16 85 1
6 34 2
3 74 2
17 76 2
16 18 2
6 66 1
16 47 1
17 97 2
26 99 2
11 124 1
8 85 1
28 68 1
7 91 2
26 78 1
40 60 2
3 29 2
10 90 1
14 111 1
3 17 2
18 74 1
7 15 2
10 107 2
42 125 1
29 35 2
26 35 2
39 96 2
33 41 2
34 40 2
15 42 2
18 29 2
3 119 1
31 91 1
16 95 1
17 61 1
14 19 2
22 70 1
1 54 1
17 32 2
39 71 1
21 35 2
3 31 2
32 76 2
12 36 2
15 32 2
28 65 1
23 85 1
9 103 1
0 23 2
3 25 2
35 109 1
31 112 2
42 112 1
19 39 2
22 30 2
8 84 1
34 76 1
4 49 1
28 36 2
25 50 1
16 21 2
42 92 2
34 121 1
2 37 2
37 65 2
13 55 2
39 40 2
19 111 2
31 81 1
2 34 2
24 40 2
4 45 1
21 116 2
5 26 2
42 83 2
27 42 2
32 104 1
0 32 2
23 99 1
13 18 2
36 38 2
24 73 2
37 57 1
4 119 1
23 25 2
41 57 1
1 27 2
6 77 1
8 52 1
42 48 1
3 84 1
26 113 2
10 126 1
1 78 2
21 40 2
29 107 2
22 42 2
30 42 2
29 121 2
12 67 1
39 81 1
11 67 2
4 89 2
21 50 2
36 91 2
18 28 2
5 31 2
4 27 2
3 4 2
21 97 1
29 67 1
37 50 1
10 77 1
42 77 1
34 110 1
32 42 2
27 37 2
35 78 1
3 120 1
20 63 1
2 20 2
31 128 1
39 58 1
34 111 2
31 36 2
11 94 2
21 24 2
33 69 1
0 119 1
5 29 2
23 60 2
28 106 1
18 70 1
31 76 1
0 6 2
6 61 1
16 103 1
13 37 2
6 16 2
6 29 2
0 84 1
5 16 2
13 21 2
40 95 1
13 32 2
26 42 2
8 43 1
3 62 2
0 16 2
13 16 2
19 96 1
19 34 2
25 42 2
31 64 1
24 38 2
28 51 2
8 39 2
16 22 2
10 34 2
28 69 1
18 63 1
9 42 2
25 40 2
30 118 1
16 25 2
14 32 2
3 43 2
23 62 1
5 47 2
17 18 2
14 15 2
20 75 2
34 39 2
16 33 2
35 106 2
5 127 1
15 91 1
27 70 1
23 39 2
27 127 1
23 126 2
17 93 1
29 44 1
25 119 1
19 36 2
10 41 2
8 17 2
24 64 1
14 46 1
13 115 1
18 110 1
28 129 1
4 40 2
2 17 2
1 9 2
25 30 2
35 42 2
16 78 1
29 82 1
24 51 2
9 102 1
37 38 2
32 86 2
31 115 1
14 50 2
18 21 2
1 40 2
34 38 2
28 39 2
16 35 2
9 83 1
18 95 2
28 74 2
22 81 2
5 112 1
19 86 1
39 87 2
16 29 2
16 79 1
3 101 1
4 14 2
15 41 2
17 86 2
24 25 2
2 26 2
19 40 2
2 16 2
16 27 2
7 33 2
40 98 1
28 109 1
8 34 2
28 38 2
0 46 1
37 96 1
25 27 2
10 97 1
18 86 1
4 6 2
24 54 2
4 15 2
4 31 2
10 15 2
6 37 2
31 58 1
7 39 2
8 95 2
11 35 2
26 114 2
6 121 1
39 45 1
10 117 1
18 36 2
0 67 1
11 90 1
25 46 1
3 12 2
5 40 2
23 51 1
13 76 1
22 109 2
7 17 2
3 6 2
10 22 2
4 77 1
2 74 2
17 40 2
5 87 1
12 47 1
7 11 2
38 59 1
18 105 2
0 24 2
15 102 1
21 44 2
14 117 1
11 33 2
14 75 1
32 88 1
0 43 1
34 125 2
35 125 1
41 76 2
33 82 1
25 69 1
10 125 2
23 41 2
2 87 2
2 5 2
17 66 1
6 11 2
10 53 1
13 62 1
22 107 1
23 106 1
24 77 1
5 48 1
21 66 1
0 91 1
18 19 2
4 21 2
34 41 2
21 27 2
40 113 2
6 110 1
10 13 2
15 106 2
22 76 2
38 97 1
7 42 2
7 24 2
40 129 1
21 28 2
10 29 2
32 96 1
17 46 1
28 31 2
32 67 2
0 20 2
4 86 2
41 110 2
30 32 2
32 75 1
16 42 2
28 41 2
3 65 1
14 27 2
4 13 2
42 118 1
7 115 1
27 74 2
11 120 2
35 91 1
3 60 2
34 64 1
4 116 1
34 116 1
1 116 2
22 74 2
26 71 1
29 72 1
14 106 1
23 37 2
33 34 2
15 35 2
35 120 1
26 116 1
31 48 2
8 28 2
37 94 1
26 120 2
20 92 1
20 123 1
28 119 1
5 19 2
23 43 1
6 38 2
40 105 1
38 71 2
10 37 2
8 19 2
9 88 2
2 9 2
2 23 2
40 116 1
7 30 2
22 23 2
26 84 2
30 112 2
16 64 1
22 38 2
5 115 1
10 21 2
22 37 2
4 120 2
8 29 2
37 59 1
39 90 1
37 73 1
6 52 2
13 103 1
2 56 1
15 65 2
41 120 2
21 101 1
1 125 2
15 122 2
31 47 2
12 112 1
8 12 2
14 44 1
26 68 1
13 92 1
9 23 2
6 32 2
35 38 2
11 103 1
37 128 1
11 126 1
11 37 2
3 99 1
17 33 2
9 36 2
18 103 2
6 94 1
31 108 1
1 34 2
1 68 1
1 72 2
13 56 1
2 97 1
37 42 2
25 93 1
18 80 1
33 56 1
8 41 2
10 80 1
35 63 1
40 41 2
14 18 2
14 107 2
40 88 2
30 97 1
13 30 2
2 52 1
20 86 1
11 34 2
11 56 2
12 66 1
11 81 2
11 17 2
24 117 1
0 105 2
15 25 2
28 72 1
18 46 1
9 95 2
28 62 1
3 86 1
4 42 2
20 30 2
34 106 2
31 127 2
13 38 2
15 34 2
30 93 2
26 47 1
25 115 1
22 34 2
7 29 2
30 98 1
19 64 1
4 117 1
35 74 1
19 110 1
13 41 2
7 118 2
21 31 2
6 33 2
7 19 2
16 40 2
29 128 2
11 101 2
4 114 1
38 77 1
29 113 2
37 81 1
4 34 2
32 37 2
42 72 2
0 13 2
15 29 2
12 60 1
19 20 2
5 119 1
39 101 1
26 40 2
2 105 1
24 76 2
27 35 2
10 12 2
23 83 1
12 37 2
12 34 2
11 30 2
11 24 2
11 117 1
26 44 2
42 68 1
14 22 2
8 60 1
19 31 2
17 122 1
23 33 2
11 16 2
25 94 2
18 34 2
16 34 2
31 101 1
38 50 1
13 29 2
36 96 1
17 47 1
29 49 2
12 44 1
18 39 2
16 70 1
25 59 1
3 24 2
34 35 2
38 102 2
5 18 2
18 26 2
38 111 2
29 95 1
41 117 2
2 107 1
41 94 1
23 34 2
35 94 1
6 63 2
10 25 2
33 38 2
4 110 1
25 123 1
8 105 1
4 16 2
29 32 2
6 92 1
21 93 1
12 95 2
18 96 2
3 36 2
19 45 1
11 115 2
7 69 2
3 91 1
12 42 2
32 126 2
12 102 1
18 43 1
0 18 2
0 88 2
28 35 2
2 7 2
4 93 1
20 58 1
11 80 1
28 40 2
27 67 1
36 48 1
22 92 1
1 30 2
25 31 2
8 35 2
40 84 1
17 106 1
36 54 2
37 123 1
29 88 1
20 25 2
27 69 1
11 12 2
8 128 2
12 15 2
2 4 2
6 89 1
27 102 1
7 103 1
29 80 1
9 15 2
31 94 2
14 43 2
33 125 2
17 107 1
26 38 2
14 30 2
18 38 2
32 105 1
26 41 2
10 33 2
33 35 2
30 90 1
11 113 1
17 25 2
24 34 2
16 98 2
21 110 1
14 35 2
8 129 1
26 36 2
19 58 1
35 119 1
20 32 2
29 110 1
36 40 2
6 50 1
17 116 1
1 12 2
16 28 2
5 60 1
24 35 2
2 10 2
38 122 1
2 8 2
13 89 1
25 71 2
10 39 2
14 88 2
16 17 2
5 51 1
2 6 2
19 121 1
36 107 2
22 73 1
38 118 1
5 14 2
38 96 1
21 32 2
8 64 1
18 25 2
29 104 2
1 7 2
7 66 1
38 120 1
19 108 2
42 46 2
20 122 1
14 20 2
10 119 2
2 29 2
1 32 2
22 61 1
15 39 2
23 32 2
0 42 2
26 28 2
19 24 2
21 29 2
25 34 2
25 73 1
16 104 1
0 37 2
39 124 2
9 44 2
33 76 2
14 34 2
2 28 2
21 37 2
28 32 2
30 117 1
19 127 2
3 22 2
17 34 2
19 32 2
36 47 1
11 121 1
14 68 2
38 117 1
33 102 2
2 22 2
4 20 2
27 109 1
29 119 1
17 28 2
2 31 2
15 55 1
16 36 2
41 107 1
38 126 2
16 74 2
41 52 2
19 35 2
9 31 2
22 119 1
0 52 1
26 30 2
14 26 2
33 37 2
10 31 2
30 54 2
3 21 2
4 26 2
25 33 2
34 122 2
28 34 2
2 27 2
11 50 2
2 13 2
4 72 1
12 76 1
14 21 2
17 82 2
17 74 1
20 44 1
4 81 1
13 14 2
42 103 1
27 101 1
15 71 1
9 30 2
35 111 1
14 126 1
7 12 2
17 51 2
36 42 2
22 32 2
9 12 2
23 28 2
40 78 2
31 117 1
21 34 2
20 125 2
21 79 2
10 128 1
3 28 2
2 54 1
38 69 2
28 112 1
6 36 2
27 128 1
11 26 2
13 70 1
12 87 1
26 39 2
21 127 2
28 93 2
14 28 2
34 37 2
19 84 1
29 40 2
1 10 2
9 122 1
14 39 2
4 104 2
12 56 2
8 63 1
34 94 2
17 83 2
19 27 2
33 40 2
13 107 1
9 17 2
33 103 1
2 24 2
14 33 2
36 123 1
14 56 1
34 118 2
28 61 1
18 77 2
28 56 2
8 30 2
35 79 1
17 71 2
30 68 1
7 105 1
27 33 2
14 108 2
24 85 1
6 13 2
18 112 2
13 28 2
20 94 1
3 34 2
20 37 2
0 106 1
13 87 1
42 49 2
10 24 2
28 59 1
19 30 2
28 77 1
14 40 2
3 68 2
19 25 2
6 47 1
10 42 2
7 27 2
3 14 2
2 102 2
2 18 2
26 52 2
13 25 2
0 39 2
14 41 2
5 79 2
12 69 2
41 42 2
38 39 2
28 91 1
23 115 2
8 42 2
34 80 2
28 85 2
27 43 1
11 20 2
29 87 1
20 39 2
9 20 2
12 77 1
29 81 2
6 14 2
19 22 2
32 95 1
22 93 1
7 62 2
21 120 2
6 19 2
3 5 2
28 113 2
12 19 2
17 23 2
5 24 2
7 32 2
25 28 2
34 120 2
30 63 1
6 111 1
7 28 2
0 27 2
8 33 2
10 124 2
15 20 2
27 39 2
9 111 2
9 126 2
14 17 2
26 33 2
22 28 2
3 92 1
15 85 1
18 42 2
25 48 2
18 101 1
0 12 2
25 47 1
5 30 2
19 115 1
24 120 1
20 54 1
17 55 2
38 109 1
1 29 2
10 103 1
13 88 2
23 59 2
35 39 2
41 44 1
15 90 1
0 40 2
13 83 2
29 37 2
9 35 2
0 1 2
10 79 2
35 81 2
25 38 2
8 62 2
12 32 2
3 59 1
14 79 1
28 45 2
32 35 2
18 27 2
14 118 2
22 94 2
18 109 2
16 31 2
32 34 2
27 34 2
23 58 2
9 11 2
21 62 1
34 43 1
2 81 1
3 35 2
5 50 1
35 51 1
20 26 2
9 77 2
39 104 2
32 115 1
12 23 2
26 29 2
13 33 2
20 117 2
2 12 2
2 71 1
41 43 2
0 77 1
17 59 1
5 37 2
25 39 2
31 60 1
21 59 1
30 110 1
32 33 2
16 32 2
29 36 2
1 25 2
2 117 1
6 8 2
24 36 2
10 36 2
31 79 1
32 127 2
3 66 1
32 120 1
16 66 1
25 62 1
4 18 2
40 109 1
36 95 2
25 35 2
0 120 1
15 80 2
3 39 2
10 127 2
15 116 2
13 51 1
22 104 1
5 23 2
39 42 2
4 9 2
11 107 2
5 17 2
23 102 2
27 78 1
21 58 1
25 36 2
34 68 1
1 50 2
9 105 1
28 64 2
10 35 2
35 110 1
26 34 2
21 25 2
8 11 2
7 16 2
12 21 2
1 16 2
35 112 1
17 29 2
10 68 1
32 44 2
2 58 1
29 103 1
31 34 2
2 39 2
0 9 2
23 26 2
4 10 2
7 90 1
19 113 1
5 11 2
0 35 2
9 82 2
37 39 2
12 22 2
35 90 1
2 32 2
18 89 2
35 44 1
13 50 1
20 118 1
22 68 1
35 76 1
6 22 2
19 42 2
17 31 2
21 22 2
24 57 1
27 36 2
27 116 1
11 36 2
33 36 2
1 17 2
33 58 1
25 68 1
6 68 1
0 109 2
40 117 1
34 128 1
16 57 1
24 49 2
30 36 2
20 56 1
4 17 2
37 107 1
1 65 2
8 23 2
16 75 1
13 24 2
12 14 2
8 16 2
1 56 1
18 122 1
23 94 1
38 85 1
25 41 2
10 52 1
22 45 1
25 106 1
25 70 1
17 22 2
15 26 2
17 35 2
28 76 2
12 27 2
4 19 2
5 73 2
9 27 2
38 107 2
5 42 2
37 103 1
38 98 2
40 52 1
10 76 2
13 31 2
6 76 2
18 115 1
16 81 1
37 74 2
3 85 1
10 23 2
38 94 1
15 104 1
4 12 2
38 83 2
41 59 1
35 40 2
0 51 1
6 118 2
20 100 2
16 124 2
33 44 1
29 39 2
22 36 2
20 42 2
16 39 2
35 107 1
2 48 2
12 31 2
4 38 2
5 34 2
40 46 1
42 105 2
4 85 1
4 74 1
20 62 2
6 49 1
22 53 1
16 38 2
10 47 1
21 67 1
24 37 2
28 98 2
33 126 1
13 20 2
12 80 1
16 117 1
4 118 2
14 125 2
1 33 2
27 30 2
0 56 1
11 39 2
7 36 2
29 90 2
19 26 2
9 55 1
40 61 1
11 41 2
7 57 1
42 70 1
8 80 1
24 101 2
24 27 2
38 52 1
28 37 2
38 40 2
33 84 1
1 94 1
40 103 1
5 57 1
3 102 2
11 102 1
0 31 2
34 61 1
3 33 2
40 42 2
26 105 1
37 102 1
7 35 2
21 39 2
19 117 2
32 108 1
1 41 2
9 22 2
40 69 2
1 19 2
15 72 1
11 61 2
18 48 2
33 66 1
33 105 1
25 29 2
24 116 2
8 76 1
16 127 1
4 24 2
28 75 1
11 19 2
30 34 2
21 26 2
20 128 1
12 126 1
8 14 2
22 26 2
1 8 2
10 112 1
17 24 2
5 22 2
4 78 2
26 95 1
37 86 2
3 15 2
34 84 1
4 129 1
7 51 1
39 53 2
21 96 1
11 23 2
22 127 1
0 11 2
37 119 2
4 11 2
5 39 2
26 50 1
3 13 2
37 67 1
18 33 2
19 104 2
37 116 1
15 70 1
27 59 2
15 27 2
14 69 2
10 11 2
22 118 1
28 30 2
34 42 2
3 8 2
1 91 2
11 21 2
6 96 1
3 49 2
7 121 2
19 65 1
41 115 2
40 57 1
13 65 2
1 77 2
6 31 2
23 93 1
14 95 1
12 13 2
15 44 2
2 122 1
0 3 2
19 41 2
29 33 2
1 39 2
39 123 1
14 76 2
14 63 1
37 114 2
9 41 2
13 15 2
18 23 2
4 98 1
36 114 1
25 108 1
26 27 2
2 86 1
13 40 2
29 58 2
19 128 1
0 36 2
22 97 1
39 57 1
12 35 2
42 100 1
23 40 2
9 33 2
30 35 2
10 116 1
19 91 1
14 37 2
39 80 1
27 41 2
34 36 2
6 105 2
14 38 2
29 42 2
23 122 2
0 34 2
1 63 1
25 111 1
38 112 1
4 33 2
33 114 2
17 115 1
18 32 2
23 66 1
7 72 1
37 76 1
15 78 2
6 27 2
1 6 2
39 41 2
24 59 1
4 22 2
35 80 1
0 41 2
24 32 2
19 102 2
6 20 2
26 32 2
34 93 2
15 30 2
24 28 2
27 103 2
37 40 2
26 83 2
30 106 1
6 64 1
10 18 2
35 124 1
33 96 2
34 56 1
23 38 2
4 39 2
14 110 1
5 74 1
21 105 1
21 57 1
8 38 2
10 20 2
7 8 2
24 70 1
0 22 2
33 117 2
24 124 1
16 41 2
6 18 2
26 55 1
41 73 1
1 13 2
34 77 1
18 55 1
1 3 2
23 36 2
29 111 2
17 81 2
12 29 2
6 7 2
35 122 2
14 104 1
42 43 1
21 84 1
32 109 1
11 54 1
11 29 2
31 37 2
3 40 2
31 41 2
26 126 1
15 36 2
33 39 2
24 29 2
2 33 2
1 5 2
16 119 1
15 69 1
7 13 2
22 72 1
22 33 2
30 122 1
20 47 1
35 72 2
42 50 2
7 22 2
24 97 1
22 40 2
10 51 1
15 17 2
7 26 2
23 70 1
20 78 1
8 25 2
19 70 1
23 29 2
22 84 1
20 36 2
34 104 2
38 104 1
35 73 1
11 111 1
19 114 1
16 108 2
30 84 2
12 110 1
9 91 1
20 24 2
7 74 1
20 35 2
30 81 1
6 104 1
5 109 1
4 7 2
1 2 2
35 41 2
0 60 1
15 18 2
3 42 2
19 47 1
34 100 1
40 59 1
28 115 2
2 73 1
31 114 1
5 61 2
7 124 1
11 13 2
30 41 2
2 43 2
14 25 2
0 21 2
8 15 2
20 27 2
31 49 1
13 27 2
4 90 2
3 48 1
1 87 2
35 88 1
2 3 2
8 31 2
9 51 1
17 101 1
10 48 2
8 18 2
2 68 2
13 35 2
9 87 2
3 123 2
3 20 2
22 39 2
6 28 2
2 128 2
17 96 1
5 116 2
42 67 2
23 71 1
42 124 1
37 100 2
14 102 1
35 61 1
7 40 2
3 7 2
13 39 2
6 9 2
8 37 2
38 42 2
20 40 2
22 25 2
1 60 1
1 28 2
15 21 2
11 66 1
30 40 2
41 123 2
7 128 1
10 38 1
20 22 1
58 109 1
28 97 2
37 55 2
29 109 1
12 20 1
6 21 1
40 48 2
20 50 2
35 55 2
12 18 1
97 128 2
23 90 2
33 74 1
2 53 2
31 109 1
2 40 1
8 109 1
8 58 1
0 129 1
7 10 1
53 97 2
4 55 2
