% n=80 p=60 d=0.66 p_blue=0.66
% k=0
40 70 2
27 42 2
29 61 1
19 57 1
41 60 1
45 77 2
37 43 2
29 51 1
15 59 2
30 37 2
28 43 2
5 24 2
26 78 2
12 14 2
6 24 2
23 78 1
11 39 2
1 76 2
18 57 2
15 40 2
5 64 2
28 47 2
25 58 1
32 60 1
16 47 2
11 71 1
2 3 2
19 20 2
26 77 2
38 77 1
25 56 2
15 46 2
38 41 2
13 17 2
1 31 2
37 49 1
7 68 2
22 49 2
36 55 1
8 21 2
8 10 2
0 40 2
8 78 2
10 65 1
12 38 2
25 36 2
27 40 2
0 21 2
1 19 2
1 6 2
43 45 2
0 71 2
5 11 2
4 12 2
22 62 1
5 13 2
27 70 2
37 50 2
18 29 2
22 40 2
16 32 2
28 77 2
2 11 2
20 47 2
26 79 2
4 61 2
5 77 1
0 55 2
13 62 2
22 59 1
19 36 2
18 71 1
21 30 2
14 41 2
21 35 2
44 57 2
11 47 2
17 66 2
24 36 2
1 35 2
3 19 2
9 62 2
12 19 2
11 37 2
10 30 2
16 59 2
40 78 1
5 33 2
7 75 2
42 68 2
45 71 1
13 37 2
37 55 2
27 33 2
8 11 2
8 58 1
34 43 2
22 43 2
11 17 2
8 23 2
35 70 2
10 61 2
24 42 2
20 42 2
41 69 2
14 29 2
19 28 2
1 78 1
28 38 2
28 66 2
7 14 2
5 40 2
22 34 2
45 72 2
20 62 1
28 50 1
32 71 1
17 34 2
42 64 2
13 60 1
18 60 2
23 65 1
15 51 1
4 26 2
12 48 2
19 39 2
5 23 2
7 37 2
1 54 2
42 43 2
39 49 1
24 74 2
2 41 2
21 70 1
2 45 2
0 35 2
18 42 2
4 30 2
6 49 1
27 66 2
4 27 2
15 24 2
24 78 2
20 44 2
28 49 2
39 61 2
7 18 2
13 33 2
2 60 2
43 54 1
12 71 2
10 25 2
1 53 2
32 35 2
12 64 2
20 76 2
10 75 2
40 46 2
37 78 1
20 79 2
25 68 2
0 46 2
20 75 1
5 41 2
31 68 1
0 47 2
14 21 2
0 12 2
33 41 2
15 56 2
44 73 1
8 22 2
30 48 2
13 41 2
6 16 2
11 79 2
2 18 2
22 25 2
23 49 2
43 59 1
0 75 2
4 8 2
25 59 2
37 70 2
31 62 1
33 37 2
15 37 2
10 41 2
3 37 2
4 29 2
12 43 2
7 42 2
36 71 1
13 25 2
16 30 2
30 46 2
1 77 1
27 35 2
4 72 2
18 23 2
47 71 2
37 53 2
29 46 2
7 41 2
20 30 2
35 61 2
33 43 2
4 28 2
17 22 2
11 31 2
5 19 2
18 54 1
18 21 2
16 37 2
31 57 2
3 23 2
17 69 1
34 52 2
44 67 1
46 74 2
9 37 2
18 24 2
6 23 2
13 31 2
33 49 1
28 29 2
13 76 1
32 53 2
20 36 2
7 66 2
9 26 2
11 25 2
44 74 2
32 42 2
6 14 2
4 7 2
24 77 2
11 42 2
18 45 2
30 77 2
27 39 2
6 44 2
30 69 2
29 74 1
13 20 2
18 58 1
27 41 2
22 65 1
32 37 2
42 78 2
12 59 2
20 55 2
3 21 2
23 70 2
13 64 2
41 70 2
6 76 2
17 27 2
0 44 2
4 53 2
43 44 2
23 26 2
32 33 2
0 29 2
4 15 2
47 50 2
27 28 2
19 42 2
42 50 2
19 56 2
33 42 2
16 45 2
17 30 2
34 51 2
31 34 2
20 26 2
15 62 1
2 49 2
17 41 2
31 52 2
36 64 2
2 28 2
7 69 2
23 58 2
40 49 2
14 37 2
39 43 2
2 31 2
19 67 2
8 54 1
8 76 2
3 39 2
24 37 2
14 53 1
7 8 2
6 25 2
13 36 2
9 44 2
1 42 2
42 49 1
19 65 2
11 28 2
39 41 2
2 67 2
1 28 2
22 71 2
22 46 2
2 39 2
42 45 2
35 53 2
3 38 2
3 58 2
1 9 2
25 78 2
4 36 2
29 42 2
18 27 2
23 42 2
37 40 2
17 31 2
9 76 1
15 30 2
32 70 2
9 11 2
3 27 2
30 64 1
17 50 2
0 26 2
0 4 2
32 49 1
28 44 2
26 36 2
36 49 2
18 32 2
30 43 2
21 57 2
28 78 2
10 68 1
33 64 2
29 34 2
10 71 2
3 18 2
4 19 2
8 41 2
36 79 2
3 78 2
16 23 2
8 61 1
21 61 2
16 19 2
26 72 1
26 52 2
6 48 1
26 58 2
7 44 2
32 58 1
0 37 2
21 27 2
31 39 2
7 72 2
8 57 1
25 51 1
3 16 2
17 23 2
25 60 2
44 68 1
17 65 2
6 35 2
10 23 2
36 39 2
3 9 2
15 38 2
25 28 2
14 68 1
7 23 2
15 50 2
22 70 2
33 58 1
16 21 2
6 51 2
24 72 2
20 41 2
30 47 2
21 69 1
27 47 2
0 10 2
31 77 2
10 26 2
5 54 2
33 61 1
25 39 2
13 22 2
14 70 1
15 61 1
12 46 2
17 39 2
22 51 1
40 72 1
29 41 2
11 45 2
22 27 2
13 14 2
25 65 2
44 53 2
19 32 2
34 47 2
22 78 2
36 46 2
38 56 1
11 72 2
8 53 2
0 66 2
24 58 2
16 55 2
10 76 1
18 41 2
35 37 2
42 57 2
38 60 2
10 56 1
9 10 2
22 50 2
29 57 2
3 7 2
16 46 2
11 32 2
18 64 2
0 30 2
30 75 2
1 70 2
0 8 2
42 59 1
37 62 2
22 68 2
38 43 2
15 79 2
42 79 2
27 31 2
8 43 2
19 29 2
16 76 2
32 36 2
24 71 2
10 16 2
8 20 2
19 25 2
13 44 2
24 35 2
13 70 2
28 32 2
36 60 1
1 37 2
9 24 2
35 42 2
21 59 2
7 19 2
42 44 2
16 72 2
32 56 2
14 78 1
3 14 2
37 75 1
18 22 2
5 38 2
14 51 2
24 38 2
7 39 2
13 32 2
29 43 2
23 56 2
8 31 2
21 33 2
5 36 2
6 43 2
10 70 1
20 25 2
1 33 2
24 47 2
4 13 2
6 50 2
13 74 2
42 67 1
23 28 2
8 40 2
19 37 2
1 29 2
8 56 2
23 57 2
0 32 2
39 71 2
19 78 2
37 52 1
4 11 2
18 69 2
1 68 2
24 34 2
22 53 1
3 64 1
37 59 1
7 24 2
17 75 2
1 65 2
7 9 2
26 47 2
26 40 2
17 33 2
44 71 2
19 47 2
38 73 1
18 38 2
29 47 2
14 63 1
12 28 2
23 31 2
17 74 1
33 39 2
6 46 2
32 41 2
9 79 1
24 28 2
4 51 1
44 79 2
22 39 2
14 27 2
31 64 2
40 79 2
40 66 2
47 48 2
3 33 2
44 66 1
19 68 1
34 61 2
3 17 2
40 42 2
20 69 2
0 59 2
14 58 1
35 46 2
5 65 2
25 48 2
27 36 2
24 54 2
19 43 2
7 32 2
8 59 2
6 7 2
19 40 2
16 35 2
13 42 2
23 40 2
3 62 2
44 62 1
17 57 2
10 13 2
14 40 2
3 8 2
26 39 2
10 64 2
13 34 2
22 44 2
2 54 1
39 45 2
33 65 2
40 51 2
28 33 2
5 46 2
33 36 2
31 44 2
9 42 2
14 30 2
14 57 2
15 72 2
9 33 2
10 42 2
13 77 2
25 54 2
22 52 2
1 61 1
42 46 2
9 35 2
9 39 2
6 55 1
38 46 2
11 13 2
3 24 2
21 54 2
33 59 2
11 65 2
12 23 2
15 22 2
17 37 2
24 29 2
4 68 1
6 27 2
11 46 2
24 56 1
20 77 1
39 47 2
13 61 2
6 9 2
36 45 2
21 43 2
2 20 2
6 8 2
7 57 2
5 7 2
26 67 2
15 31 2
41 55 1
1 14 2
10 44 2
27 29 2
14 62 2
19 21 2
6 38 2
13 21 2
1 12 2
21 65 2
11 74 2
6 64 2
21 23 2
11 78 2
7 21 2
35 62 2
18 50 2
1 21 2
27 60 2
43 66 2
15 21 2
10 14 2
32 72 2
36 75 2
19 26 2
1 8 2
10 69 2
13 69 1
47 66 1
14 55 2
19 27 2
29 44 2
18 31 2
30 40 2
5 71 2
38 42 2
19 30 2
45 53 1
38 71 1
11 48 1
35 51 2
18 72 2
13 15 2
32 73 1
28 63 2
28 42 2
4 32 2
18 34 2
11 19 2
34 48 1
4 20 2
21 37 2
4 31 2
16 73 2
23 43 2
25 37 2
37 54 2
30 71 1
9 13 2
15 42 2
9 69 2
16 44 2
6 62 2
3 45 2
6 45 2
9 38 2
2 46 2
8 37 2
15 69 2
27 59 2
1 4 2
19 34 2
0 31 2
0 54 1
44 78 2
25 26 2
3 59 2
13 27 2
10 35 2
11 41 2
6 20 2
33 66 2
23 41 2
40 65 2
23 69 2
0 27 2
25 31 2
13 51 2
13 28 2
12 42 2
0 18 2
3 22 2
26 38 2
1 58 1
32 34 2
22 75 2
1 50 2
17 49 2
31 37 2
46 64 1
5 25 2
16 41 2
35 52 2
7 40 2
39 64 1
40 64 1
8 46 2
27 43 2
10 27 2
31 69 1
4 66 2
15 35 2
12 18 2
23 34 2
23 73 1
6 10 2
28 48 2
10 48 2
24 31 2
32 45 2
16 18 2
23 59 1
21 46 2
21 28 2
1 24 2
11 36 2
5 15 2
26 51 2
4 21 2
13 57 2
19 70 2
13 79 2
24 69 2
22 76 1
21 45 2
36 72 2
39 70 2
9 64 2
31 38 2
17 48 2
37 57 2
20 28 2
27 71 2
27 78 2
34 65 2
22 55 1
8 51 2
41 57 2
19 50 1
4 75 2
19 24 2
8 75 2
6 17 2
19 59 2
11 61 2
6 41 2
1 52 2
2 61 2
33 74 2
44 55 2
33 71 2
15 47 2
20 31 2
31 33 2
20 46 2
12 44 2
7 34 2
11 29 2
16 48 2
1 59 2
33 52 2
9 75 2
1 34 2
17 59 2
3 53 2
23 53 2
15 17 2
2 27 2
8 9 2
17 44 2
10 24 2
7 64 1
22 56 2
7 67 2
4 35 2
12 26 2
5 63 2
37 44 2
3 32 2
38 47 2
25 38 2
35 44 2
12 49 1
5 27 2
4 48 2
25 62 2
26 57 2
39 74 2
4 50 2
46 66 2
0 33 2
39 46 2
9 22 2
22 47 2
16 61 2
13 35 2
39 54 2
22 79 2
20 39 2
9 14 2
3 49 2
34 77 1
31 75 1
2 34 2
8 73 2
2 51 2
30 79 2
44 52 1
2 12 2
6 52 2
37 47 2
18 70 1
14 34 2
8 25 2
17 26 2
28 36 2
20 49 1
12 22 2
17 43 2
41 44 2
45 74 2
36 48 1
18 56 2
11 33 2
11 51 2
24 32 2
6 15 2
1 32 2
24 39 2
5 35 2
11 35 2
28 65 1
2 36 2
41 52 1
8 64 1
19 33 2
20 21 2
25 75 2
41 43 2
6 59 1
7 50 2
47 58 2
7 55 1
27 37 2
1 39 2
5 70 2
19 41 2
9 78 2
26 46 2
27 44 2
36 42 2
22 31 2
4 39 2
18 33 2
17 28 2
35 56 2
20 38 2
45 48 2
11 12 2
3 5 2
38 48 2
24 40 2
16 52 2
9 63 1
15 73 2
18 35 2
30 36 2
11 55 2
0 3 2
2 52 2
35 67 1
30 62 2
13 29 2
14 56 2
17 35 2
18 76 2
10 37 2
20 51 2
2 29 2
8 24 2
17 79 2
0 49 2
11 14 2
17 61 2
26 33 2
38 62 1
14 19 2
3 6 2
18 78 2
4 18 2
1 23 2
25 44 2
2 57 2
11 57 2
11 21 2
15 41 2
20 22 2
47 56 2
28 53 1
44 77 2
43 69 2
46 67 2
39 59 1
11 22 2
10 12 2
14 66 2
31 71 2
13 23 2
16 42 2
1 26 2
35 65 2
6 36 2
30 53 2
43 48 2
21 67 1
30 55 2
41 56 2
9 55 2
8 39 2
12 63 2
18 40 2
26 28 2
8 55 2
8 28 2
4 14 2
4 44 2
9 41 2
4 71 2
2 24 2
29 33 2
24 57 2
10 58 1
3 69 2
21 36 2
2 62 2
3 47 2
25 57 1
35 41 2
33 75 1
12 40 2
47 53 1
11 70 1
37 79 2
31 46 2
15 18 2
39 79 2
20 45 2
30 42 2
1 71 1
24 49 1
40 53 2
8 71 1
6 21 2
14 65 1
11 16 2
2 35 2
16 25 2
31 51 2
12 60 1
33 69 2
8 36 2
9 19 2
6 42 2
7 11 2
25 41 2
15 23 2
8 19 2
0 60 1
27 72 2
27 76 2
38 54 2
29 56 1
26 34 2
35 78 2
37 66 1
3 34 2
9 36 2
11 23 2
6 37 2
42 53 2
28 76 1
25 46 2
24 53 2
11 59 1
38 68 1
20 73 2
4 37 2
35 69 2
8 66 1
24 45 2
22 45 2
0 6 2
18 26 2
14 16 2
6 33 2
13 19 2
5 30 2
23 48 1
34 41 2
19 74 2
10 77 1
3 26 2
26 55 1
43 75 2
10 31 2
33 63 1
31 60 1
8 35 2
23 45 2
16 74 2
5 29 2
3 71 2
12 24 2
3 55 1
15 75 2
18 39 2
18 48 2
20 52 1
15 55 2
16 49 2
43 64 2
8 26 2
3 44 2
27 51 2
2 14 2
32 61 2
3 61 1
23 47 2
20 59 1
14 39 2
37 63 1
15 33 2
14 25 2
31 42 2
18 55 2
25 50 2
30 34 2
37 67 2
19 46 2
26 31 2
5 72 1
12 15 2
10 17 2
10 74 2
5 9 2
17 46 2
17 19 2
15 71 1
3 36 2
2 73 2
32 39 2
43 57 2
35 72 2
9 61 1
21 32 2
14 48 2
42 60 2
8 12 2
44 65 2
24 66 2
34 40 2
5 62 2
25 40 2
2 74 2
18 62 2
18 46 2
8 34 2
7 29 2
20 35 2
38 55 1
37 58 1
13 78 2
40 75 1
2 5 2
7 71 2
15 27 2
7 62 2
23 39 2
14 74 2
20 74 2
14 43 2
3 66 2
8 32 2
18 68 1
31 66 1
24 33 2
26 74 2
12 45 2
45 50 2
12 79 2
10 11 2
5 75 1
44 51 1
43 51 2
26 64 2
25 27 2
7 36 2
0 17 2
29 49 2
35 36 2
7 13 2
24 25 2
24 64 1
29 76 1
2 43 2
0 2 2
40 58 2
27 38 2
2 47 2
4 33 2
14 60 2
36 66 1
8 45 2
0 15 2
12 21 2
12 61 2
10 55 2
9 71 2
13 46 2
39 58 2
4 46 2
5 21 2
33 46 2
0 67 2
24 61 2
5 10 2
4 62 2
8 33 2
5 6 2
10 40 2
26 53 2
46 77 1
26 27 2
2 68 1
41 73 2
43 74 2
32 69 2
5 43 2
34 35 2
34 36 2
31 73 2
37 73 2
14 38 2
23 76 1
3 15 2
5 45 2
24 63 2
21 77 2
7 35 2
3 31 2
34 42 2
8 62 2
23 61 1
5 78 1
35 77 1
32 51 2
2 37 2
7 45 2
0 20 2
5 48 2
47 69 2
43 67 2
33 68 1
14 26 2
16 22 2
16 27 2
18 20 2
39 63 2
21 60 2
7 47 2
36 78 1
1 60 2
15 36 2
15 45 2
13 75 1
20 37 2
11 27 2
17 54 2
12 35 2
11 52 1
22 37 2
29 54 2
12 72 2
9 23 2
12 51 2
32 38 2
39 66 2
1 55 2
22 58 1
16 33 2
42 55 1
23 54 1
30 45 2
21 34 2
6 58 2
7 10 2
41 68 2
28 69 1
19 71 1
2 72 2
14 46 2
36 50 1
2 15 2
32 75 2
21 50 2
6 40 2
26 30 2
1 5 2
18 36 2
28 46 2
7 12 2
11 44 2
44 70 2
27 79 2
11 15 2
33 78 1
27 56 1
36 47 2
5 39 2
20 34 2
7 25 2
4 49 2
11 24 2
33 76 2
36 62 1
37 56 2
35 50 1
7 58 1
17 42 2
8 18 2
2 8 2
29 31 2
15 32 2
14 69 2
25 29 2
9 34 2
20 23 2
1 17 2
0 79 1
9 43 2
45 70 2
46 68 2
19 55 2
40 47 2
0 13 2
0 16 2
5 34 2
31 32 2
2 33 2
30 52 2
40 41 2
40 67 1
4 6 2
9 21 2
22 29 2
10 39 2
30 31 2
13 47 2
38 78 2
32 54 2
0 9 2
24 60 2
2 59 2
9 57 1
28 62 2
6 18 2
6 47 2
3 70 1
5 44 2
35 55 1
9 12 2
21 40 2
38 76 1
25 34 2
0 38 2
29 73 1
11 40 2
45 73 2
36 37 2
4 59 2
6 28 2
1 45 2
0 25 2
12 56 2
30 44 2
37 42 2
12 32 2
5 66 2
34 62 2
47 77 2
2 17 2
22 33 2
23 75 2
1 27 2
18 77 1
41 46 2
4 69 2
2 50 2
45 76 2
34 45 2
41 74 2
22 41 2
9 20 2
17 38 2
29 39 2
18 53 1
13 16 2
13 30 2
21 63 2
42 61 2
0 52 2
43 60 1
35 49 1
19 63 2
14 44 2
26 50 2
7 30 2
21 31 2
35 57 2
19 53 1
40 73 2
0 36 2
26 69 2
12 34 2
20 63 1
25 67 1
6 11 2
16 79 2
45 58 2
25 35 2
36 44 2
18 30 2
22 57 2
2 42 2
0 22 2
7 17 2
4 42 2
21 26 2
28 37 2
10 38 2
23 51 2
31 65 2
2 21 2
32 40 2
27 64 1
3 30 2
9 16 2
16 71 2
21 44 2
43 63 1
37 46 2
16 31 2
3 20 2
31 74 1
7 77 2
31 72 1
39 44 2
21 42 2
45 57 1
16 57 1
30 60 1
33 53 2
20 24 2
39 60 2
44 61 2
16 26 2
43 49 2
16 60 1
18 43 2
40 45 2
28 40 2
0 1 2
6 12 2
40 44 2
5 22 2
45 46 2
15 39 2
47 54 2
28 34 2
39 48 2
14 71 2
35 40 2
0 45 2
20 29 2
43 76 1
31 59 2
38 45 2
28 30 2
43 52 2
20 68 1
8 38 2
18 63 2
31 79 2
16 34 2
25 72 2
21 49 1
12 13 2
15 26 2
20 56 1
30 32 2
23 36 2
46 75 2
26 44 2
5 42 2
18 73 2
30 63 2
19 22 2
18 37 2
40 62 2
23 46 2
25 42 2
31 40 2
9 58 2
18 65 2
10 45 2
27 65 2
29 59 1
11 67 1
24 48 2
29 35 2
45 66 2
11 38 2
23 77 2
12 27 2
15 29 2
4 45 2
44 60 1
1 11 2
27 50 1
14 20 2
45 79 1
23 37 2
10 53 2
5 20 2
47 59 2
24 51 2
41 45 2
14 61 2
23 30 2
21 53 1
29 58 2
4 24 2
26 37 2
36 70 1
11 30 2
28 52 1
9 25 2
11 34 2
14 76 2
10 28 2
21 41 2
9 51 2
36 67 2
22 26 2
43 71 2
18 52 2
38 50 1
8 68 2
3 43 2
15 19 2
5 12 2
15 25 2
0 14 2
8 17 2
12 33 2
38 52 2
0 68 2
29 45 2
36 40 2
32 79 1
41 63 2
6 34 2
28 45 2
1 64 1
7 22 2
30 76 2
24 41 2
41 72 2
23 74 1
25 32 2
36 58 1
43 62 1
37 39 2
28 41 2
42 75 2
28 64 1
15 44 2
14 18 2
16 53 1
5 51 2
1 22 2
41 47 2
46 53 1
12 20 2
17 45 2
10 51 1
6 72 2
0 19 2
30 59 1
9 47 2
14 42 2
20 66 2
24 65 2
37 41 2
38 44 2
0 41 2
6 19 2
17 56 1
0 34 2
24 75 2
7 52 1
13 45 2
13 71 2
22 30 2
19 45 2
35 74 1
4 55 2
1 20 2
32 43 2
7 70 2
15 67 2
30 70 2
34 55 2
9 17 2
9 59 2
34 50 2
44 72 2
9 60 1
37 64 2
14 75 2
5 57 1
4 40 2
5 32 2
32 47 2
3 42 2
3 46 2
46 49 2
6 75 2
33 40 2
4 10 2
42 62 1
19 38 2
24 27 2
32 67 2
46 65 1
7 27 2
31 61 2
22 24 2
25 74 2
21 39 2
3 76 2
35 38 2
2 6 2
25 71 1
23 38 2
43 46 2
39 55 2
8 16 2
0 7 2
27 30 2
17 29 2
10 19 2
44 48 2
17 47 2
40 77 2
41 75 2
16 17 2
32 65 2
12 31 2
4 78 2
4 17 2
2 22 2
1 40 2
11 66 2
23 72 2
46 61 2
17 70 2
26 63 1
13 18 2
16 39 2
6 26 2
8 30 2
8 13 2
7 53 2
7 61 2
12 16 2
46 50 2
4 70 2
25 30 2
34 59 2
8 27 2
26 35 2
15 28 2
46 47 2
41 50 1
37 72 2
45 75 2
3 10 2
2 38 2
42 65 2
7 46 2
10 73 2
2 16 2
9 40 2
1 15 2
8 29 2
23 35 2
26 32 2
21 25 2
12 75 2
13 65 1
17 32 2
1 18 2
7 54 2
9 50 1
26 70 1
5 26 2
9 30 2
28 73 2
46 72 1
45 68 2
0 11 2
2 13 2
2 30 2
1 10 2
42 54 2
21 68 1
25 70 1
5 18 2
6 31 2
31 41 2
10 33 2
33 47 2
30 61 2
3 40 2
4 23 2
42 71 2
34 38 2
29 30 2
13 39 2
7 28 2
13 40 2
12 54 2
9 65 1
7 16 2
18 47 2
16 65 1
46 51 2
4 34 2
6 56 2
14 64 1
42 58 1
24 26 2
17 55 1
12 41 2
0 58 2
15 34 2
37 45 2
6 39 2
2 69 1
10 72 2
2 26 2
26 66 2
18 74 2
4 25 2
12 36 2
9 27 2
14 33 2
9 45 2
16 70 2
21 22 2
1 67 2
0 39 2
7 43 2
40 61 2
7 26 2
21 24 2
19 62 2
5 47 2
8 42 2
7 74 2
32 64 2
16 50 2
4 74 2
2 19 2
6 79 1
20 32 2
12 39 2
6 73 1
33 38 2
34 71 1
14 35 2
10 62 1
8 74 2
13 24 2
36 52 2
1 30 2
17 20 2
1 46 2
11 49 2
17 40 2
26 56 2
25 43 2
29 62 2
6 32 2
23 66 2
23 64 2
32 78 2
26 68 2
24 46 2
25 33 2
14 36 2
10 29 2
22 32 2
13 68 1
8 44 2
28 35 2
7 15 2
1 7 2
19 31 2
47 76 2
42 47 2
15 48 1
29 38 2
14 45 2
0 78 2
18 19 2
23 33 2
29 32 2
31 43 2
43 65 2
44 47 2
16 24 2
21 79 2
31 47 2
31 76 2
22 42 2
0 51 1
12 29 2
1 74 2
39 72 2
33 77 1
25 66 2
31 45 2
43 73 1
35 45 2
15 77 2
10 34 2
18 49 2
40 57 1
4 67 2
11 58 2
11 43 2
1 47 2
22 64 2
20 50 2
11 53 2
46 63 1
19 75 2
2 48 2
3 11 2
6 69 1
11 77 2
5 37 2
8 47 2
13 72 1
7 48 2
11 62 1
41 42 2
3 56 1
13 55 1
29 66 1
40 52 2
33 35 2
0 5 2
2 32 2
4 38 2
22 23 2
16 54 2
16 29 2
31 36 2
45 47 2
29 55 1
27 34 2
13 38 2
21 58 2
30 39 2
2 56 2
19 35 2
45 56 2
11 20 2
38 72 2
10 20 2
3 13 2
15 52 2
5 31 2
33 62 1
46 69 2
3 41 2
33 54 2
3 29 2
27 45 2
1 38 2
29 72 2
4 47 2
34 68 2
2 70 1
22 60 2
39 42 2
2 9 2
40 55 2
13 43 2
5 69 2
23 25 2
40 59 2
1 3 2
5 67 2
10 21 2
6 13 2
21 47 2
32 44 2
23 79 2
29 37 2
4 5 2
30 57 1
17 58 2
26 62 1
24 43 2
22 74 2
25 79 1
14 24 2
9 31 2
22 28 2
10 32 2
28 74 1
5 8 2
29 36 2
29 40 2
7 38 2
6 54 2
47 67 2
29 77 2
19 44 2
3 4 2
15 43 2
8 15 2
3 28 2
34 53 2
7 76 2
37 71 1
46 52 2
47 79 2
2 40 2
17 72 2
16 38 2
28 58 2
23 24 2
33 67 1
34 46 2
8 14 2
34 67 1
17 67 1
32 48 1
10 47 2
34 66 1
30 49 2
3 68 2
26 60 1
33 55 2
12 37 2
26 43 2
14 23 2
17 36 2
18 59 1
35 59 2
4 16 2
21 55 1
1 16 2
19 23 2
0 61 2
10 66 2
16 58 1
12 47 2
14 59 1
18 25 2
24 44 2
15 76 2
5 52 1
34 37 2
20 57 1
18 44 2
30 50 2
0 23 2
14 79 2
35 47 2
10 15 2
31 67 2
34 44 2
16 40 2
12 50 2
17 53 2
3 25 2
21 38 2
37 38 2
26 45 2
9 15 2
33 34 2
16 75 1
13 26 2
30 74 2
30 66 2
22 38 2
2 7 2
39 40 2
15 54 1
28 79 1
30 72 1
30 51 2
21 51 2
0 42 2
35 76 2
33 44 2
28 31 2
24 50 2
3 74 2
37 68 2
28 70 1
45 52 2
16 20 2
29 69 2
2 4 2
1 36 2
29 78 1
41 59 1
1 44 2
33 45 2
13 53 2
0 24 2
1 41 2
2 10 2
30 35 2
35 39 2
24 55 1
40 43 2
9 29 2
41 79 1
6 68 2
17 25 2
31 58 1
42 73 2
13 50 2
19 54 2
9 48 2
1 56 2
27 32 2
44 46 2
1 2 2
4 43 2
8 49 2
4 22 2
38 59 1
11 18 2
39 56 1
9 18 2
27 57 2
2 23 2
43 58 2
25 45 2
5 58 1
5 17 2
15 74 2
9 46 2
38 49 2
26 29 2
31 48 1
1 25 2
4 41 2
13 58 2
10 18 2
46 79 2
44 49 2
10 22 2
39 51 1
34 78 1
2 79 2
6 71 2
43 77 1
14 15 2
6 53 1
36 59 2
36 43 2
29 75 2
45 54 2
23 44 2
20 33 2
20 40 2
17 24 2
6 78 2
25 77 2
6 29 2
0 28 2
30 33 2
28 75 1
26 41 2
1 57 2
34 69 2
17 18 2
19 76 2
24 70 2
2 44 2
15 20 2
3 67 1
23 52 2
10 36 2
3 12 2
20 71 1
36 38 2
2 25 2
45 59 2
41 61 2
35 79 2
45 78 1
36 77 2
42 63 2
7 33 2
44 45 2
1 43 2
6 30 2
29 50 1
13 63 1
11 68 2
9 32 2
5 28 2
38 39 2
17 77 1
5 14 2
7 20 2
21 64 1
28 39 2
31 35 2
5 50 1
29 53 1
23 29 2
21 29 2
34 54 2
35 43 2
14 47 2
43 55 2
21 75 1
34 73 2
16 43 2
17 64 1
8 60 1
38 40 2
3 54 2
24 30 2
36 51 1
27 68 1
12 70 2
26 49 2
14 28 2
12 73 2
23 32 2
15 16 2
1 13 2
16 36 2
3 51 1
42 69 2
36 61 2
0 76 2
12 25 2
34 39 2
38 51 2
47 55 2
33 50 2
16 28 2
12 30 2
25 61 2
0 57 2
4 64 1
17 21 2
20 27 2
20 54 2
22 36 2
47 49 2
47 63 1
14 32 2
15 68 2
27 46 2
9 28 2
30 73 2
36 41 2
9 77 1
41 76 1
14 17 2
2 55 2
43 61 2
26 61 1
30 41 2
14 22 2
12 68 1
5 59 1
7 31 2
43 47 2
26 42 2
25 55 1
31 70 1
21 76 2
34 63 1
11 26 2
3 35 2
24 59 2
0 43 2
37 65 2
14 31 2
18 28 2
12 17 2
46 60 2
5 16 2
4 52 2
30 38 2
32 46 2
20 43 2
22 35 2
4 9 2
10 46 2
6 22 2
20 60 1
3 52 2
8 77 2
32 59 1
23 27 1
10 57 2
10 43 1
47 70 2
