% n=110 p=60 d=0.33 p_blue=0.33
% k=0
3 48 2
19 84 1
56 69 2
48 64 2
41 47 2
16 101 2
52 65 2
7 109 2
12 56 2
2 30 2
39 64 2
41 55 2
26 42 2
44 67 1
58 75 1
9 11 2
43 46 2
7 31 2
39 108 1
12 53 2
43 60 2
51 62 2
25 74 1
9 28 2
52 64 2
30 63 2
53 58 2
20 43 2
14 55 2
21 47 2
48 88 2
25 36 2
57 97 1
1 49 2
0 39 2
0 103 1
6 83 2
33 61 2
10 89 1
11 21 2
18 26 2
13 43 2
24 44 2
41 83 2
15 107 1
27 33 2
3 42 2
44 53 2
62 98 2
28 32 2
61 68 1
12 17 2
16 68 1
0 10 2
12 91 1
1 38 2
50 74 2
3 65 2
28 34 2
31 51 2
9 74 1
30 53 2
49 50 2
11 95 1
19 47 2
1 8 2
10 54 2
31 36 2
61 91 2
10 18 2
40 74 2
15 30 2
54 83 1
16 85 1
43 96 1
1 61 2
7 27 2
2 61 2
1 27 2
30 55 2
38 55 2
5 31 2
2 28 2
45 71 1
20 51 2
25 56 2
3 33 2
35 48 2
23 54 2
46 55 2
35 79 2
37 49 2
10 28 2
43 83 2
50 60 2
22 39 2
9 23 2
5 54 2
39 44 2
20 28 2
12 51 2
14 23 2
8 84 1
1 48 2
15 22 2
1 54 2
20 54 2
7 104 1
14 56 2
65 89 1
37 39 2
13 52 2
3 30 2
36 47 2
40 41 2
27 45 2
19 62 2
1 7 2
1 2 2
14 64 2
33 36 2
34 47 2
3 20 2
16 31 2
0 33 2
16 75 1
12 31 2
27 61 2
50 82 1
49 63 2
51 59 2
29 34 2
23 48 2
40 69 1
51 63 2
5 61 2
16 29 2
14 48 2
4 11 2
26 28 2
34 36 2
51 60 2
4 81 1
22 105 1
37 101 2
48 90 1
5 34 2
21 44 2
59 99 2
27 48 2
7 14 2
0 5 2
41 52 2
43 58 2
26 34 2
10 20 2
24 95 1
28 44 2
16 35 2
33 34 2
11 59 2
2 16 2
21 78 1
49 51 2
3 51 2
37 48 2
59 73 1
10 30 2
13 44 2
17 20 2
41 90 1
31 92 2
64 76 1
17 102 1
31 59 2
9 96 2
20 32 2
24 61 2
60 90 2
16 26 2
21 61 2
26 44 2
21 22 2
6 49 2
19 27 2
5 49 2
20 61 2
9 14 2
45 60 2
27 75 1
5 8 2
10 29 2
5 22 2
13 85 1
42 50 2
8 79 1
5 86 2
55 64 2
27 57 2
12 35 2
22 44 2
33 45 2
48 75 1
60 65 2
15 68 2
26 82 1
0 58 2
64 96 1
28 57 2
35 96 1
11 48 2
27 41 2
23 42 2
28 48 2
6 88 1
1 40 2
3 16 2
8 10 2
2 31 2
2 86 2
39 84 1
1 56 2
5 29 2
45 46 2
14 25 2
20 85 2
47 57 2
44 60 2
13 15 2
25 47 2
13 23 2
22 89 1
30 38 2
22 26 2
21 50 2
36 55 2
48 71 1
19 39 2
38 58 2
20 81 1
40 94 1
44 65 2
10 23 2
4 62 2
27 103 1
15 99 1
58 66 2
18 31 2
40 56 2
22 28 2
15 26 2
6 37 2
29 44 2
24 59 2
62 91 1
26 35 2
33 59 2
8 26 2
32 38 2
40 63 2
40 60 2
18 36 2
58 68 1
19 63 2
8 106 1
31 77 2
29 71 2
28 49 2
13 24 2
5 58 2
14 59 2
29 37 2
16 37 2
28 45 2
42 46 2
40 85 2
22 93 1
18 51 2
15 29 2
35 101 1
59 97 1
29 62 2
7 15 2
47 85 1
1 46 2
26 55 2
61 103 1
0 47 2
15 60 2
16 33 2
33 42 2
25 103 1
0 25 2
54 96 2
37 42 2
4 56 2
33 60 2
9 31 2
11 43 2
10 31 2
23 26 2
27 32 2
46 61 2
25 64 2
11 26 2
22 32 2
4 6 2
9 105 2
59 103 1
8 36 2
55 106 1
21 88 2
17 25 2
19 31 2
38 65 2
35 97 2
29 83 2
29 48 2
28 33 2
29 61 2
65 79 2
22 64 2
24 29 2
28 40 2
46 50 2
22 40 2
43 52 2
19 20 2
36 58 2
30 86 1
36 52 2
24 91 2
49 72 1
39 98 1
5 23 2
9 58 2
32 79 1
7 95 2
45 55 2
23 59 2
33 48 2
20 48 2
43 90 1
54 77 1
6 17 2
55 60 2
63 65 2
17 27 2
52 66 2
27 39 2
2 43 2
6 89 2
22 50 2
31 55 2
14 85 2
17 49 2
6 33 2
5 65 2
35 61 2
43 104 2
33 81 1
8 54 2
41 63 2
26 102 2
49 54 2
25 59 2
19 46 2
34 52 2
11 46 2
48 56 2
42 48 2
29 51 2
46 69 2
0 94 1
43 81 1
49 60 2
17 84 1
6 12 2
42 82 1
37 85 1
8 60 2
31 107 1
61 82 1
47 61 2
35 93 1
46 56 2
3 26 2
11 27 2
21 33 2
13 50 2
31 62 2
1 39 2
1 14 2
9 20 2
6 21 2
45 50 2
7 41 2
50 84 1
60 98 1
9 42 2
58 91 1
53 62 2
17 61 2
8 107 1
12 73 2
0 44 2
58 70 1
29 43 2
37 41 2
12 54 2
24 76 1
24 36 2
14 24 2
0 30 2
42 80 1
7 16 2
41 92 1
6 38 2
15 41 2
0 63 2
31 44 2
4 16 2
9 47 2
58 59 2
34 42 2
21 53 2
38 60 2
50 66 2
2 47 2
10 25 2
19 94 1
21 65 2
28 55 2
42 45 2
14 46 2
28 56 2
3 73 2
43 45 2
10 21 2
27 52 2
14 17 2
52 74 1
2 56 2
47 50 2
2 97 1
9 51 2
63 98 2
37 54 2
6 30 2
47 73 2
32 67 1
12 101 2
57 62 2
1 58 2
8 39 2
6 22 2
23 105 2
10 96 2
13 65 2
53 91 1
28 62 2
8 52 2
56 60 2
10 22 2
26 62 2
28 46 2
18 63 2
4 30 2
42 71 1
0 35 2
13 72 1
54 105 2
11 49 2
41 57 2
0 40 2
47 56 2
27 64 2
22 88 1
33 54 2
2 11 2
20 30 2
53 74 2
25 70 1
50 101 1
56 62 2
64 84 1
4 26 2
4 102 2
10 50 2
2 14 2
3 60 2
8 46 2
21 43 2
12 67 1
26 64 2
25 27 2
40 49 2
0 65 2
46 82 1
48 63 2
51 104 1
37 102 1
36 42 2
13 14 2
18 32 2
25 84 2
21 36 2
39 58 2
4 21 2
37 38 2
8 34 2
53 106 1
28 83 2
19 42 2
11 56 2
65 104 1
51 56 2
47 99 1
36 39 2
0 46 2
44 68 1
0 29 2
23 30 2
34 53 2
50 71 2
14 52 2
63 64 2
16 57 2
16 27 2
41 61 2
38 46 2
18 25 2
15 59 2
13 75 1
43 56 2
2 54 2
12 96 1
59 82 1
4 14 2
4 24 2
26 37 2
18 21 2
6 8 2
40 55 2
51 58 2
48 58 2
20 25 2
5 18 2
18 47 2
12 85 1
45 83 1
29 57 2
3 23 2
26 52 2
4 68 1
41 50 2
18 41 2
7 47 2
13 16 2
43 91 1
42 54 2
16 53 2
2 51 2
5 103 1
8 56 2
23 50 2
11 73 2
5 14 2
42 84 1
1 93 2
26 87 1
20 106 2
14 105 2
10 38 2
31 61 2
24 63 2
52 57 2
12 108 1
19 50 2
1 5 2
2 33 2
17 45 2
63 107 2
40 57 2
22 52 2
11 64 2
24 55 2
8 22 2
63 82 2
4 27 2
18 20 2
7 19 2
61 63 2
27 51 2
5 90 1
43 103 1
27 58 2
48 61 2
44 46 2
56 65 2
9 29 2
47 54 2
6 52 2
9 109 1
60 62 2
52 96 1
22 48 2
5 17 2
63 81 1
32 107 2
22 107 2
31 47 2
28 76 1
11 38 2
33 51 2
20 42 2
33 75 1
17 41 2
11 19 2
26 49 2
28 69 2
7 8 2
31 43 2
14 31 2
14 45 2
8 40 2
1 62 2
1 88 1
46 109 2
41 42 2
9 17 2
2 6 2
25 63 2
17 53 2
24 32 2
22 49 2
44 48 2
47 72 1
17 42 2
2 20 2
3 52 2
38 61 2
36 97 2
54 66 1
4 100 2
24 54 2
16 55 2
0 48 2
26 54 2
7 17 2
36 63 2
30 41 2
19 48 2
3 102 1
48 60 2
3 94 2
3 95 1
2 55 2
17 22 2
4 32 2
0 54 2
40 46 2
19 72 1
14 75 1
36 59 2
52 108 1
49 98 1
7 38 2
26 60 2
52 62 2
5 51 2
52 84 1
26 88 2
41 86 1
37 107 1
17 26 2
22 54 2
43 69 1
46 52 2
18 92 2
23 25 2
31 102 1
32 54 2
44 105 2
28 31 2
16 108 1
5 46 2
14 98 2
20 62 2
26 83 1
35 86 2
8 25 2
6 48 2
9 93 1
11 51 2
30 108 1
14 93 1
1 34 2
57 101 1
21 91 1
12 13 2
8 29 2
27 89 1
19 83 2
61 102 2
8 69 2
45 48 2
9 38 2
38 64 2
12 89 1
26 106 2
54 57 2
48 89 1
10 55 2
20 33 2
19 26 2
21 102 1
23 58 2
0 20 2
3 104 1
17 39 2
33 82 1
9 40 2
8 17 2
3 63 2
41 100 1
27 30 2
6 42 2
15 44 2
4 98 1
63 71 1
8 32 2
21 76 1
42 96 1
2 40 2
28 98 1
2 26 2
17 37 2
7 30 2
49 53 2
44 54 2
36 80 2
32 35 2
20 27 2
30 45 2
23 64 2
52 61 2
34 83 1
17 59 2
50 76 1
36 37 2
58 89 2
14 19 2
43 70 2
1 31 2
46 60 2
33 44 2
15 56 2
45 69 1
16 52 2
39 92 1
11 57 2
20 44 2
6 27 2
7 92 1
24 38 2
62 81 1
1 64 2
12 37 2
16 67 1
23 29 2
9 45 2
59 98 1
11 44 2
7 35 2
21 37 2
23 57 2
30 37 2
41 64 2
0 19 2
14 37 2
19 81 2
25 51 2
16 60 2
24 27 2
54 63 2
2 105 1
37 87 1
11 32 2
58 62 2
36 100 2
34 59 2
34 45 2
20 24 2
50 109 1
1 11 2
40 59 2
31 97 1
38 71 1
2 46 2
11 55 2
41 60 2
62 65 2
38 68 2
50 106 2
35 42 2
60 73 1
7 55 2
50 51 2
18 103 2
9 82 1
27 84 2
63 94 1
32 64 2
23 85 1
1 29 2
0 60 2
2 52 2
22 65 2
9 108 1
28 65 2
18 35 2
37 51 2
9 64 2
36 45 2
49 57 2
37 57 2
45 56 2
10 14 2
23 60 2
12 62 2
57 69 1
30 32 2
7 43 2
17 35 2
2 39 2
7 67 1
32 73 1
2 9 2
7 100 2
37 109 1
3 36 2
25 58 2
36 40 2
31 48 2
11 41 2
7 49 2
12 28 2
7 57 2
31 54 2
18 44 2
21 66 2
37 93 1
49 62 2
12 55 2
44 49 2
4 38 2
25 50 2
47 48 2
21 25 2
28 64 2
11 18 2
22 78 1
21 48 2
7 29 2
52 56 2
25 28 2
4 45 2
43 48 2
3 40 2
55 70 2
6 10 2
19 65 2
11 66 1
9 27 2
23 52 2
24 47 2
8 97 2
5 41 2
10 61 2
22 53 2
0 17 2
2 57 2
29 30 2
13 105 2
62 92 1
31 35 2
20 70 1
12 61 2
1 52 2
39 61 2
41 71 2
8 100 1
25 81 1
6 95 1
17 34 2
12 57 2
27 94 1
36 87 2
33 38 2
43 68 2
51 64 2
8 37 2
3 18 2
60 61 2
37 71 2
23 91 1
63 96 2
25 45 2
17 52 2
6 58 2
36 43 2
26 71 2
22 38 2
32 89 2
45 98 1
41 99 1
44 56 2
22 100 1
36 77 1
1 91 1
4 29 2
2 21 2
34 40 2
2 24 2
42 47 2
0 61 2
7 78 1
7 40 2
27 49 2
49 61 2
22 57 2
25 30 2
17 32 2
20 57 2
42 53 2
34 35 2
53 64 2
30 80 1
1 9 2
33 64 2
22 45 2
0 88 2
22 29 2
11 33 2
36 57 2
3 84 1
57 58 2
9 62 2
35 53 2
39 46 2
17 30 2
26 100 1
53 60 2
30 31 2
18 101 2
46 51 2
5 95 1
33 49 2
7 96 1
3 17 2
61 71 1
50 52 2
14 30 2
51 61 2
8 65 2
29 59 2
5 52 2
30 44 2
23 27 2
25 48 2
41 68 1
38 54 2
13 62 2
5 53 2
21 41 2
63 66 1
41 62 2
21 73 1
11 88 1
21 40 2
11 14 2
39 100 1
12 22 2
34 72 2
10 85 2
14 36 2
56 58 2
35 37 2
19 40 2
12 38 2
10 37 2
39 47 2
34 78 2
28 103 2
6 80 1
15 21 2
38 106 2
20 21 2
27 99 1
14 20 2
14 70 2
17 36 2
46 59 2
49 79 1
57 63 2
21 63 2
16 22 2
10 53 2
64 97 1
41 45 2
7 66 1
48 95 1
13 77 2
51 93 1
40 52 2
6 106 2
60 89 2
23 62 2
62 100 2
23 63 2
14 47 2
3 44 2
31 90 1
44 96 2
1 12 2
27 108 2
37 62 2
45 49 2
37 45 2
33 46 2
17 54 2
28 109 2
15 90 1
62 78 1
27 55 2
39 57 2
45 47 2
42 61 2
20 34 2
39 49 2
14 34 2
24 30 2
34 99 1
60 71 1
4 61 2
9 26 2
13 60 2
18 38 2
7 50 2
20 80 2
25 66 2
24 56 2
55 59 2
45 72 1
8 11 2
52 53 2
14 33 2
27 37 2
1 86 1
2 45 2
63 97 2
4 9 2
14 107 1
8 91 1
21 34 2
2 50 2
9 72 2
21 69 1
15 23 2
48 53 2
10 68 2
1 55 2
17 28 2
38 42 2
12 36 2
15 42 2
44 45 2
31 66 2
42 52 2
12 60 2
15 28 2
24 57 2
44 57 2
33 43 2
2 63 2
6 73 2
58 72 1
4 80 2
60 69 1
60 101 1
40 54 2
37 50 2
8 28 2
9 32 2
45 82 1
20 23 2
55 61 2
29 68 2
37 90 2
18 52 2
58 87 1
46 53 2
35 63 2
25 34 2
29 76 1
3 41 2
54 99 2
40 104 1
15 71 1
46 66 1
7 45 2
27 92 1
33 105 1
29 38 2
29 89 1
12 44 2
33 70 1
31 53 2
1 19 2
15 24 2
14 68 1
42 62 2
53 75 1
22 55 2
19 44 2
31 45 2
4 23 2
8 49 2
47 65 2
16 70 1
40 62 2
43 51 2
3 45 2
12 19 2
2 58 2
3 43 2
2 80 2
34 39 2
3 8 2
17 65 2
38 89 1
28 90 2
25 43 2
48 55 2
43 94 1
43 47 2
3 13 2
15 48 2
46 58 2
24 39 2
64 65 2
35 89 2
20 97 2
53 56 2
3 9 2
0 41 2
10 49 2
29 85 1
6 23 2
4 59 2
23 51 2
36 104 1
0 11 2
50 80 2
36 64 2
32 36 2
45 58 2
46 96 1
14 95 1
14 62 2
4 15 2
16 45 2
44 58 2
1 35 2
35 45 2
52 93 2
11 50 2
24 50 2
32 53 2
32 58 2
18 81 1
16 65 2
50 59 2
1 95 1
11 23 2
7 34 2
24 65 2
35 54 2
39 95 2
35 66 2
13 29 2
31 46 2
13 94 2
14 63 2
11 13 2
24 45 2
27 28 2
53 97 2
16 20 2
53 93 2
59 60 2
35 64 2
32 62 2
5 25 2
65 98 1
11 54 2
29 58 2
17 31 2
41 43 2
13 46 2
52 103 1
35 85 1
9 46 2
62 67 1
9 52 2
61 74 1
40 72 1
30 90 2
14 32 2
16 40 2
44 64 2
7 61 2
16 84 1
7 32 2
61 93 1
20 53 2
36 38 2
12 27 2
50 63 2
33 106 1
12 25 2
16 97 1
29 56 2
31 63 2
1 44 2
18 37 2
34 61 2
8 33 2
37 53 2
28 97 2
62 108 1
23 38 2
34 50 2
0 12 2
35 55 2
23 88 2
10 73 1
56 68 1
12 52 2
50 64 2
25 91 2
13 21 2
42 70 1
17 43 2
5 40 2
29 90 1
9 68 2
11 60 2
37 63 2
32 70 2
17 56 2
2 5 2
27 29 2
38 56 2
8 35 2
8 16 2
19 43 2
42 75 2
25 75 1
38 99 1
25 62 2
45 64 2
5 24 2
24 64 2
4 20 2
2 25 2
2 4 2
57 77 1
44 47 2
24 89 1
6 102 1
31 94 1
51 76 1
8 89 2
28 108 2
38 45 2
42 58 2
24 49 2
13 42 2
15 54 2
30 35 2
12 68 1
55 56 2
0 37 2
61 106 1
2 32 2
20 47 2
35 47 2
48 62 2
19 38 2
56 78 1
47 63 2
53 100 1
13 53 2
16 48 2
50 61 2
40 53 2
4 104 1
19 56 2
41 65 2
41 49 2
15 105 2
8 19 2
12 41 2
27 60 2
2 49 2
39 43 2
28 42 2
39 50 2
46 62 2
22 62 2
13 32 2
2 23 2
34 102 1
42 59 2
55 95 1
2 7 2
34 107 1
4 40 2
32 65 2
48 65 2
18 49 2
0 23 2
1 3 2
8 31 2
61 62 2
13 63 2
44 99 1
30 49 2
59 92 1
16 96 1
13 39 2
55 77 1
0 26 2
30 48 2
18 75 1
32 42 2
20 78 1
37 89 2
5 10 2
42 81 1
55 89 1
19 30 2
21 58 2
46 84 1
51 53 2
8 41 2
3 25 2
23 28 2
28 58 2
8 51 2
11 83 1
55 73 1
56 75 1
46 98 2
10 26 2
42 87 2
29 39 2
39 102 1
0 62 2
32 103 1
18 19 2
46 107 2
52 76 1
62 96 1
43 64 2
2 60 2
6 46 2
18 28 2
19 23 2
2 19 2
19 51 2
47 64 2
35 57 2
1 18 2
61 77 1
21 57 2
5 21 2
30 62 2
21 92 1
46 79 1
47 55 2
32 40 2
60 109 1
32 72 2
54 60 2
9 61 2
31 103 1
18 105 1
21 46 2
2 108 2
13 54 2
32 46 2
37 65 2
22 33 2
29 82 1
7 24 2
17 62 2
40 44 2
61 88 1
0 53 2
20 46 2
49 66 1
12 94 1
33 56 2
48 107 2
42 60 2
6 19 2
18 60 2
4 48 2
13 22 2
16 99 2
31 40 2
11 17 2
14 65 2
12 24 2
39 81 2
57 100 2
49 58 2
34 64 2
40 43 2
38 43 2
31 65 2
14 96 2
3 32 2
1 71 1
15 16 2
62 109 1
17 38 2
50 85 1
44 89 1
16 64 2
19 21 2
13 102 1
11 68 1
6 11 2
27 54 2
8 59 2
6 84 1
35 60 2
13 38 2
42 89 1
12 95 1
29 45 2
9 50 2
47 51 2
20 64 2
52 55 2
39 48 2
0 59 2
15 58 2
10 60 2
10 15 2
63 102 1
32 85 1
13 47 2
24 42 2
16 23 2
21 45 2
45 68 1
6 24 2
32 33 2
57 72 1
43 82 1
19 49 2
16 44 2
65 101 1
6 13 2
25 101 2
33 69 1
45 63 2
21 49 2
7 18 2
28 53 2
0 100 1
2 73 1
19 104 1
19 54 2
22 31 2
6 50 2
32 80 1
8 61 2
43 62 2
36 53 2
21 35 2
0 1 2
12 72 1
3 39 2
20 83 2
58 74 1
9 36 2
1 13 2
3 15 2
56 83 2
29 60 2
8 18 2
26 63 2
2 22 2
14 42 2
50 93 1
63 101 1
45 80 1
29 49 2
18 29 2
16 41 2
3 11 2
5 108 1
30 46 2
58 79 1
11 45 2
19 87 1
7 20 2
57 71 2
61 100 1
30 102 1
52 59 2
50 55 2
22 58 2
16 39 2
45 61 2
2 38 2
28 47 2
20 52 2
11 61 2
14 61 2
4 46 2
31 76 1
10 84 2
29 33 2
8 24 2
19 25 2
3 19 2
60 67 1
47 68 1
61 98 2
20 102 2
18 54 2
9 21 2
8 43 2
12 30 2
42 106 1
6 20 2
7 102 1
37 46 2
13 90 1
14 40 2
11 39 2
3 29 2
9 80 1
32 99 1
21 30 2
36 90 1
2 77 1
9 30 2
27 69 2
38 44 2
29 31 2
25 39 2
33 57 2
15 49 2
2 29 2
33 37 2
8 44 2
18 82 1
23 97 1
42 51 2
49 73 2
32 41 2
61 99 2
3 6 2
24 102 1
46 83 2
13 79 1
63 106 1
48 97 1
3 14 2
3 27 2
20 58 2
51 82 2
46 80 1
29 65 2
27 109 2
0 7 2
44 62 2
58 105 2
6 39 2
53 65 2
4 84 1
21 24 2
62 75 1
12 45 2
53 61 2
56 103 2
19 64 2
10 59 2
15 82 1
16 21 2
34 63 2
3 12 2
18 98 2
3 50 2
48 83 2
57 65 2
19 29 2
64 98 2
60 85 1
48 49 2
37 64 2
30 84 2
4 57 2
18 72 2
54 61 2
25 42 2
47 60 2
19 70 1
54 70 1
34 41 2
22 59 2
0 34 2
41 59 2
20 63 2
50 105 1
3 4 2
17 91 1
4 49 2
18 40 2
12 33 2
15 39 2
43 65 2
27 62 2
15 19 2
0 75 2
36 60 2
46 54 2
18 62 2
1 59 2
37 55 2
47 102 2
30 65 2
54 86 2
42 93 1
50 56 2
3 59 2
8 23 2
24 62 2
24 53 2
25 54 2
13 27 2
32 101 1
9 44 2
8 63 2
46 100 1
20 69 1
42 63 2
40 51 2
18 33 2
26 31 2
2 35 2
0 102 1
60 63 2
1 33 2
33 63 2
3 49 2
33 66 1
25 46 2
13 80 1
33 87 1
12 15 2
11 40 2
6 68 1
56 57 2
4 94 1
2 98 1
10 45 2
31 60 2
31 74 1
4 34 2
59 86 1
16 105 1
34 108 1
6 35 2
61 65 2
18 100 2
22 51 2
4 51 2
35 44 2
14 15 2
3 97 1
6 56 2
44 82 2
32 60 2
12 39 2
56 90 1
28 54 2
18 56 2
0 55 2
0 56 2
0 78 1
43 61 2
19 35 2
65 87 2
9 22 2
16 62 2
17 23 2
10 65 2
54 74 1
12 102 1
6 29 2
44 66 2
29 50 2
24 46 2
24 31 2
5 55 2
21 62 2
14 38 2
7 53 2
34 38 2
2 8 2
7 42 2
31 49 2
7 37 2
36 56 2
11 30 2
10 42 2
5 27 2
15 43 2
52 102 1
59 61 2
2 65 2
30 61 2
10 64 2
34 62 2
28 63 2
46 64 2
9 56 2
35 49 2
10 51 2
65 108 1
11 47 2
49 97 1
41 56 2
30 39 2
28 60 2
52 71 1
24 33 2
29 64 2
27 36 2
10 12 2
30 33 2
30 34 2
55 85 1
40 45 2
12 65 2
1 17 2
8 68 2
22 41 2
39 62 2
61 80 1
19 58 2
58 63 2
56 82 1
23 32 2
50 81 1
13 61 2
33 40 2
15 36 2
12 100 1
17 19 2
4 28 2
38 52 2
21 59 2
7 64 2
32 51 2
59 84 1
11 29 2
25 31 2
7 23 2
5 64 2
43 49 2
9 13 2
41 73 1
27 43 2
10 35 2
21 85 1
30 91 1
23 37 2
14 92 2
4 65 2
20 59 2
5 42 2
28 35 2
32 44 2
29 35 2
4 70 1
30 54 2
30 47 2
40 103 2
63 74 2
20 35 2
37 47 2
39 52 2
35 58 2
27 47 2
43 80 2
13 33 2
48 79 1
5 37 2
15 50 2
6 97 2
47 52 2
7 59 2
38 86 1
37 72 2
7 58 2
2 83 2
29 91 1
31 104 1
51 66 2
6 53 2
21 26 2
38 59 2
14 29 2
17 70 2
60 64 2
48 50 2
47 59 2
2 75 1
25 102 1
58 90 1
54 59 2
27 59 2
2 44 2
35 56 2
56 108 2
33 39 2
0 9 2
23 45 2
3 47 2
23 55 2
12 58 2
41 46 2
17 33 2
0 4 2
15 65 2
26 103 2
4 60 2
20 40 2
14 26 2
6 47 2
47 90 2
24 75 1
7 22 2
52 58 2
18 42 2
20 31 2
35 72 1
9 55 2
24 93 2
1 28 2
33 58 2
0 22 2
41 53 2
22 61 2
17 77 1
22 34 2
40 61 2
8 21 2
55 74 2
14 101 1
57 96 1
65 100 1
26 38 2
8 14 2
26 84 1
41 91 2
40 58 2
36 46 2
51 52 2
6 34 2
17 100 1
21 42 2
16 42 2
33 47 2
14 21 2
41 94 1
60 99 2
1 57 2
6 41 2
27 76 1
29 41 2
12 48 2
42 65 2
48 54 2
53 54 2
53 71 1
16 54 2
57 90 1
5 28 2
10 11 2
42 44 2
20 94 1
27 35 2
1 37 2
53 70 2
7 12 2
49 86 2
32 55 2
54 84 1
30 56 2
10 17 2
4 7 2
14 28 2
10 95 2
23 36 2
26 32 2
27 63 2
9 63 2
13 109 1
23 107 1
65 94 1
26 57 2
26 51 2
12 18 2
34 58 2
4 33 2
2 53 2
15 31 2
9 39 2
46 65 2
53 90 1
11 24 2
1 16 2
0 99 1
33 35 2
10 13 2
61 72 1
49 99 1
12 26 2
46 49 2
25 60 2
4 41 2
15 53 2
10 102 1
55 94 1
28 52 2
3 56 2
1 45 2
47 80 1
33 65 2
43 53 2
12 64 2
13 37 2
1 43 2
6 7 2
8 38 2
8 58 2
28 59 2
7 52 2
21 55 2
16 43 2
29 105 2
6 63 2
32 34 2
27 31 2
32 48 2
42 85 1
6 60 2
11 37 2
14 106 2
6 28 2
15 62 2
52 92 1
24 35 2
5 20 2
12 109 1
49 109 1
49 59 2
36 106 2
15 27 2
34 98 1
23 35 2
48 103 1
20 104 2
54 93 1
42 97 1
4 18 2
30 43 2
8 96 1
10 62 2
36 84 1
4 35 2
57 61 2
1 4 2
3 38 2
33 53 2
5 11 2
11 28 2
6 69 1
47 106 1
50 58 2
43 93 1
5 13 2
31 52 2
18 23 2
49 55 2
0 82 2
10 48 2
11 99 1
1 6 2
2 42 2
57 60 2
14 54 2
35 41 2
11 63 2
35 77 1
26 85 2
20 77 1
4 99 1
3 54 2
12 42 2
5 9 2
57 84 1
0 49 2
38 96 2
14 99 1
43 44 2
5 15 2
4 25 2
59 63 2
24 37 2
0 36 2
47 105 1
10 34 2
1 20 2
16 34 2
56 61 2
44 50 2
32 45 2
19 45 2
5 36 2
19 22 2
11 35 2
37 79 1
3 46 2
22 56 2
22 70 2
17 58 2
13 30 2
15 55 2
20 38 2
15 61 2
29 32 2
46 57 2
22 47 2
14 108 1
50 75 1
25 49 2
19 61 2
12 16 2
15 35 2
27 53 2
39 60 2
54 106 1
59 64 2
3 64 2
34 55 2
55 81 1
3 28 2
16 19 2
32 39 2
18 39 2
15 64 2
26 58 2
22 42 2
1 22 2
39 41 2
32 88 1
45 53 2
14 41 2
31 41 2
30 73 1
12 32 2
14 44 2
57 83 1
12 59 2
5 26 2
7 99 1
38 53 2
14 22 2
0 24 2
21 81 2
52 101 1
36 49 2
27 40 2
9 53 2
8 62 2
1 23 2
9 106 1
50 53 2
28 38 2
49 94 1
0 80 1
16 25 2
21 39 2
17 76 2
11 31 2
18 46 2
38 67 2
2 37 2
35 73 1
19 24 2
29 101 1
12 21 2
20 65 2
36 102 1
26 48 2
4 50 2
13 19 2
39 65 2
17 63 2
35 43 2
28 104 2
39 45 2
1 26 2
18 50 2
16 76 1
5 70 1
23 33 2
0 91 2
17 96 2
2 3 2
34 79 1
37 61 2
44 80 2
34 65 2
2 67 1
27 42 2
5 38 2
44 63 2
6 32 2
6 64 2
18 43 2
17 48 2
19 36 2
3 37 2
9 59 2
13 51 2
17 29 2
9 34 2
5 35 2
17 46 2
29 54 2
21 64 2
24 25 2
4 55 2
2 88 1
39 103 1
59 102 1
0 15 2
30 51 2
7 39 2
1 41 2
7 46 2
8 42 2
28 84 1
35 81 1
38 40 2
34 48 2
15 34 2
1 36 2
6 109 1
9 25 2
5 59 2
39 96 1
12 34 2
54 64 2
26 45 2
23 96 2
6 26 2
16 51 2
8 47 2
62 66 1
63 90 2
2 15 2
45 52 2
33 97 1
49 64 2
7 33 2
16 73 1
47 79 1
12 47 2
22 24 2
30 36 2
11 52 2
20 41 2
38 48 2
5 60 2
29 100 1
46 47 2
56 63 2
28 39 2
17 104 2
61 108 1
12 46 2
16 36 2
9 19 2
39 70 1
40 80 1
6 14 2
44 97 2
23 34 2
49 65 2
9 10 2
16 63 2
8 64 2
48 84 2
20 60 2
26 33 2
23 67 2
25 97 2
14 53 2
2 10 2
4 47 2
26 40 2
22 63 2
45 57 2
34 43 2
16 30 2
27 44 2
43 54 2
40 86 1
38 39 2
13 34 2
6 94 2
42 86 1
0 31 2
42 43 2
18 22 2
27 38 2
9 41 2
7 26 2
6 57 2
32 59 2
6 62 2
12 50 2
49 69 2
9 57 2
25 52 2
65 70 1
33 55 2
6 59 2
26 43 2
36 48 2
37 43 2
45 51 2
16 74 2
1 51 2
16 24 2
22 60 2
25 44 2
57 107 1
49 104 1
3 91 1
8 45 2
9 91 2
62 70 2
33 52 2
47 49 2
65 102 2
33 41 2
3 24 2
15 38 2
50 104 1
0 51 2
45 97 1
4 31 2
21 101 1
42 57 2
15 33 2
21 31 2
17 50 2
52 60 2
25 26 2
9 37 2
0 3 2
51 100 2
25 41 2
54 55 2
7 62 2
65 92 1
50 83 1
46 73 1
60 92 1
22 75 1
0 13 2
42 66 1
26 61 2
42 64 2
3 10 2
40 65 2
20 68 2
56 100 1
56 87 2
53 59 2
20 49 2
5 32 2
4 17 2
46 48 2
23 65 2
4 53 2
51 89 2
1 32 2
13 56 2
24 98 2
32 43 2
11 65 2
10 47 2
28 37 2
31 50 2
0 52 2
13 28 2
32 61 2
17 108 1
62 63 2
49 52 2
26 93 1
21 87 2
24 40 2
18 87 1
13 74 2
58 109 2
0 6 2
44 71 2
4 101 1
26 36 2
36 61 2
19 57 2
24 70 2
5 12 2
11 34 2
6 16 2
2 18 2
2 59 2
12 40 2
4 36 2
5 68 1
44 61 2
31 38 2
10 32 2
31 39 2
16 18 2
5 44 2
53 73 1
24 99 2
14 39 2
61 85 1
9 33 2
17 90 1
5 30 2
49 81 1
58 64 2
30 59 2
18 30 2
44 52 2
31 84 2
41 58 2
9 54 2
11 107 2
4 37 2
51 54 2
3 55 2
35 52 2
35 38 2
0 16 2
30 58 2
35 46 2
50 57 2
50 62 2
44 51 2
3 34 2
8 9 2
53 57 2
25 107 1
1 78 1
43 99 2
14 51 2
20 45 2
7 51 2
20 55 2
8 55 2
6 25 2
41 81 1
42 105 1
6 44 2
8 86 1
10 24 2
17 24 2
18 57 2
3 61 2
6 40 2
20 91 2
17 83 1
32 93 1
19 28 2
56 72 1
7 28 2
15 37 2
23 103 1
48 59 2
56 105 1
53 80 2
19 75 1
35 39 2
31 64 2
30 60 2
22 30 2
15 46 2
26 86 1
9 65 2
18 77 1
7 21 2
24 67 1
1 103 1
10 43 2
0 64 2
23 39 2
1 53 2
64 100 2
20 37 2
8 50 2
24 43 2
24 51 2
16 38 2
3 22 2
59 106 2
39 93 1
51 57 2
41 77 1
35 70 1
4 58 2
14 27 2
2 13 2
32 90 1
49 101 1
8 13 2
9 43 2
59 65 2
29 42 2
26 41 2
32 57 2
5 19 2
17 82 2
54 65 2
8 20 2
5 39 2
48 94 1
13 55 2
39 42 2
38 63 2
59 85 2
61 105 1
4 5 2
10 40 2
32 81 1
40 50 2
15 108 2
31 98 2
37 84 2
32 87 1
43 55 2
8 48 2
2 41 2
10 46 2
31 57 2
39 53 2
13 36 2
49 56 2
8 12 2
49 90 1
34 88 1
3 5 2
35 106 1
18 24 2
16 56 2
38 51 2
18 55 2
34 57 2
57 66 2
12 49 2
43 57 2
43 109 1
1 30 2
44 72 2
63 77 1
15 20 2
1 21 2
0 28 2
21 54 2
4 63 2
5 63 2
33 91 1
10 92 2
13 20 2
0 2 2
10 41 2
31 33 2
1 15 2
7 56 2
25 35 2
37 40 2
15 45 2
51 98 1
45 54 2
11 20 2
61 64 2
29 52 2
16 46 2
5 48 2
35 40 2
28 51 2
4 64 2
8 30 2
41 48 2
57 93 1
4 8 2
14 57 2
12 20 2
29 46 2
25 53 2
41 106 1
34 37 2
7 36 2
5 62 2
10 27 2
27 85 1
32 52 2
51 86 1
24 73 1
12 81 2
50 92 2
62 64 2
17 40 2
29 55 2
21 29 2
11 81 2
27 34 2
5 47 2
34 81 2
45 59 2
51 55 2
14 103 2
15 101 2
5 102 1
14 16 2
28 91 2
30 64 2
65 86 1
17 21 2
28 66 1
36 62 2
6 76 1
23 24 2
14 35 2
0 14 2
46 63 2
24 60 2
15 57 2
0 43 2
26 46 2
29 96 1
45 65 2
30 57 2
12 80 1
28 29 2
53 89 1
41 105 2
35 65 2
27 50 2
62 82 2
7 11 2
7 54 2
14 50 2
7 63 2
12 29 2
17 97 1
24 34 2
6 43 2
9 15 2
9 49 2
13 31 2
29 63 2
25 65 2
51 87 1
23 106 2
0 38 2
13 25 2
8 53 2
12 86 1
30 52 2
11 16 2
55 65 2
22 46 2
11 25 2
26 30 2
26 65 2
58 65 2
18 66 2
3 53 2
30 40 2
4 22 2
12 70 1
10 44 2
32 37 2
16 58 2
36 68 1
10 56 2
4 43 2
58 82 2
18 73 1
51 69 1
57 64 2
38 47 2
58 108 1
2 27 2
12 14 2
56 71 1
3 58 2
57 74 1
31 37 2
20 22 2
2 94 2
11 53 2
12 23 2
36 95 1
20 82 2
49 85 2
32 56 2
36 66 2
16 61 2
19 55 2
9 18 2
34 49 2
9 48 2
54 90 1
38 50 2
9 60 2
22 37 2
39 66 1
20 26 2
41 54 2
48 86 1
35 36 2
64 69 1
25 38 2
28 99 2
19 32 2
3 21 2
37 44 2
15 52 2
25 55 2
31 42 2
11 42 2
42 49 2
7 25 2
54 88 2
1 47 2
28 41 2
2 62 2
27 91 1
53 84 1
1 73 1
23 79 2
47 62 2
27 67 2
0 27 2
0 57 2
31 96 1
22 99 1
22 35 2
5 57 2
2 48 2
6 9 2
8 15 2
13 41 2
55 57 2
30 93 1
40 42 2
35 90 2
40 48 2
43 102 1
18 34 2
56 59 2
1 50 2
6 36 2
8 108 2
27 81 1
2 107 1
19 53 2
34 73 1
57 59 2
24 52 2
17 68 1
40 84 2
6 65 2
57 109 1
46 97 1
54 62 2
4 77 2
8 81 1
7 105 1
5 85 2
13 49 2
28 100 1
18 65 2
28 61 2
4 95 1
3 83 1
39 54 2
17 47 2
48 57 2
38 98 2
20 39 2
39 104 1
27 107 1
45 87 2
38 102 2
21 56 2
3 68 2
19 60 2
28 43 2
55 76 1
41 67 1
41 96 2
36 50 2
38 49 2
18 27 2
53 98 1
43 63 2
16 66 1
23 90 1
57 68 1
49 78 1
18 64 2
45 76 2
38 62 2
8 27 2
15 17 2
5 33 2
10 16 2
7 60 2
15 25 2
31 56 2
22 27 2
51 101 1
37 58 2
2 34 2
34 54 2
59 100 1
26 56 2
7 9 2
5 56 2
18 58 2
52 54 2
11 58 2
12 88 1
56 106 1
2 64 2
17 81 2
50 54 2
4 85 1
55 58 2
14 60 2
31 58 2
1 10 2
55 63 2
4 107 2
0 32 2
27 83 2
52 95 2
34 44 2
33 62 2
53 104 1
6 55 2
28 81 1
27 56 2
4 12 2
42 72 2
31 34 2
9 35 2
21 32 2
34 96 1
5 93 1
4 39 2
17 18 2
16 47 2
15 40 2
19 52 2
42 56 2
54 56 2
22 98 2
62 105 2
4 13 2
20 107 1
6 51 2
24 41 2
43 50 2
2 36 2
1 24 2
21 52 2
16 104 2
47 53 2
0 42 2
1 85 1
10 58 2
19 59 2
1 25 2
42 108 1
50 65 2
48 93 1
19 37 2
36 54 2
25 61 2
36 44 2
7 13 2
31 105 2
18 102 2
3 35 2
0 21 2
0 50 2
59 78 2
49 100 1
18 107 2
18 61 2
3 31 2
62 84 2
17 60 2
27 46 2
3 66 2
53 82 2
35 50 2
23 80 1
3 62 2
35 59 2
26 95 1
38 57 2
23 49 2
10 63 2
54 58 2
36 51 2
47 108 2
20 36 2
6 31 2
14 100 1
2 89 1
7 44 2
33 50 2
24 28 2
23 47 2
15 63 2
17 87 2
50 91 1
4 67 1
15 81 1
63 103 2
39 51 2
13 57 2
51 65 2
21 28 2
28 30 2
55 62 2
10 57 2
6 45 2
18 53 2
36 91 1
25 33 2
57 70 1
1 42 2
25 32 2
48 51 2
39 56 2
37 59 2
17 44 2
4 42 2
23 31 2
12 63 2
44 59 2
21 60 2
24 58 2
5 7 2
51 91 2
35 51 2
4 19 2
8 57 2
10 52 2
6 15 2
59 62 2
13 40 2
23 40 2
1 60 2
55 108 1
26 29 2
14 49 2
35 74 1
47 58 2
61 107 1
63 69 1
4 52 2
16 32 2
13 64 2
37 52 2
48 101 2
28 36 2
58 61 2
41 51 2
4 44 2
10 36 2
44 55 2
5 50 2
39 63 2
53 95 1
14 58 2
60 76 1
23 53 2
6 92 1
23 100 1
16 17 2
0 83 1
37 60 2
24 48 2
1 107 2
35 62 2
42 99 2
13 45 2
58 60 2
53 55 2
19 34 2
22 23 2
22 82 1
25 37 2
23 72 2
34 46 2
13 17 2
16 28 2
23 56 2
39 40 2
35 100 1
2 17 2
13 59 2
10 39 2
11 89 1
21 27 2
7 65 2
32 49 2
16 77 1
40 77 1
38 41 2
1 63 2
3 72 1
15 47 2
1 87 1
25 40 2
5 45 2
5 16 2
3 57 2
15 18 2
17 57 2
10 109 1
29 80 1
4 54 2
20 79 1
18 45 2
12 83 1
13 26 2
52 88 1
16 59 2
55 88 2
7 10 2
7 48 2
3 7 2
23 46 2
47 97 1
0 18 2
26 94 2
48 69 1
19 41 2
28 72 2
34 60 2
57 94 2
47 93 1
26 39 2
14 82 1
15 51 2
23 78 2
23 108 2
52 63 2
42 68 2
32 47 2
23 44 2
23 41 2
60 102 1
24 26 2
30 50 2
40 47 2
21 23 2
9 12 2
26 59 2
14 43 2
2 68 1
11 62 2
45 85 1
9 85 2
26 27 2
25 100 1
19 93 1
26 53 2
13 18 2
29 47 2
37 100 1
19 33 2
10 33 2
54 94 1
29 36 2
29 53 2
16 50 2
1 65 2
15 32 2
36 65 2
4 10 2
45 75 1
26 47 2
43 59 2
23 61 2
34 56 2
17 51 2
11 36 2
9 24 2
45 91 1
28 50 2
33 67 1
59 89 1
14 102 1
53 96 2
9 16 2
13 35 2
20 29 2
22 43 1
22 25 1
20 56 1
10 19 1
14 67 2
31 32 1
71 84 2
6 18 1
37 83 2
37 56 1
12 69 2
29 40 1
35 69 1
42 55 1
62 107 2
1 90 1
12 43 1
23 43 1
16 49 1
49 74 1
32 75 1
36 41 1
53 63 1
5 43 1
53 107 2
2 101 2
55 83 1
32 50 1
58 84 1
39 59 1
0 8 1
41 84 2
44 69 2
45 62 1
2 12 1
30 42 1
18 48 1
15 97 1
41 44 1
21 51 1
32 63 1
4 71 2
20 50 1
45 74 2
40 64 1
107 109 2
58 67 2
25 29 1
71 97 2
17 64 1
18 59 1
11 15 1
6 54 1
48 52 1
