% n=110 p=60 d=0.33 p_blue=0.66
% k=0
18 53 2
39 57 2
12 61 2
18 63 2
31 45 2
38 46 2
2 50 2
38 82 2
0 56 2
22 57 2
12 106 1
12 79 1
17 93 2
8 13 2
35 62 2
19 93 2
15 26 2
54 93 2
16 57 2
1 33 2
46 56 2
33 37 2
54 80 2
43 74 2
29 37 2
26 69 1
13 17 2
22 31 2
5 50 2
32 33 2
17 50 2
13 99 2
16 59 2
6 11 2
35 40 2
10 55 2
17 46 2
29 103 2
21 63 2
42 104 1
10 45 2
31 32 2
2 23 2
0 15 2
1 63 2
3 99 2
26 63 2
61 92 2
0 77 2
14 27 2
0 35 2
13 53 2
11 70 2
1 64 2
30 60 2
31 41 2
49 75 2
8 70 1
31 38 2
64 75 2
6 23 2
11 62 2
11 49 2
3 65 2
7 72 2
22 80 1
9 41 2
34 54 2
20 65 2
10 32 2
3 28 2
20 44 2
11 28 2
45 81 1
29 80 1
28 38 2
18 92 2
6 60 2
3 47 2
33 83 2
49 50 2
37 47 2
53 75 1
33 104 2
48 51 2
21 65 2
24 65 2
4 12 2
64 67 2
39 96 2
16 68 2
10 24 2
38 90 1
39 46 2
13 55 2
19 36 2
35 50 2
44 60 2
17 35 2
62 98 2
39 50 2
16 45 2
14 54 2
52 91 2
47 50 2
19 34 2
2 24 2
12 31 2
27 70 2
4 54 2
37 53 2
1 109 2
26 61 2
32 40 2
24 39 2
30 63 2
17 25 2
37 62 2
49 55 2
33 63 2
23 63 2
29 59 2
28 79 2
19 24 2
41 62 2
60 104 1
0 104 1
37 81 2
58 78 1
1 91 2
2 4 2
20 50 2
7 56 2
27 63 2
24 26 2
52 78 2
8 29 2
27 47 2
25 62 2
0 65 2
2 10 2
52 83 2
38 83 2
10 58 2
15 99 1
45 64 2
24 57 2
48 66 2
21 53 2
12 66 1
29 52 2
13 35 2
12 91 2
20 31 2
40 52 2
22 101 2
2 28 2
8 57 2
15 89 2
13 86 2
31 33 2
25 61 2
13 36 2
34 66 2
15 24 2
25 32 2
29 55 2
45 46 2
2 103 1
64 107 2
20 60 2
33 47 2
1 55 2
10 33 2
10 12 2
4 19 2
56 57 2
40 63 2
7 62 2
30 99 2
35 54 2
36 50 2
22 47 2
43 46 2
10 54 2
11 44 2
26 45 2
4 31 2
27 51 2
10 104 2
36 39 2
42 74 1
31 95 1
36 47 2
62 103 2
23 47 2
32 60 2
2 78 2
42 69 2
31 44 2
19 37 2
11 87 1
45 55 2
20 46 2
0 60 2
25 64 2
31 77 2
26 48 2
7 49 2
51 63 2
7 70 2
8 37 2
33 53 2
34 101 2
59 87 2
49 76 1
10 63 2
23 49 2
15 17 2
2 6 2
18 37 2
13 56 2
42 55 2
23 109 1
11 40 2
12 23 2
34 82 1
6 38 2
10 61 2
34 50 2
38 71 2
35 38 2
10 49 2
3 62 2
4 101 2
24 52 2
53 76 2
35 59 2
23 29 2
35 86 1
29 57 2
23 31 2
62 72 1
24 77 1
62 63 2
27 53 2
22 93 2
34 44 2
10 38 2
29 73 2
60 63 2
41 82 2
0 3 2
12 58 2
6 58 2
46 71 2
53 85 1
65 83 2
13 16 2
53 90 2
33 35 2
39 56 2
2 82 2
46 66 1
63 77 2
48 59 2
54 59 2
65 85 2
16 49 2
7 16 2
14 21 2
36 60 2
23 59 2
51 83 2
15 109 2
11 29 2
62 65 2
26 54 2
8 26 2
26 65 2
34 84 2
64 79 2
52 72 2
6 37 2
42 73 1
19 94 2
11 92 2
1 47 2
32 108 2
49 56 2
5 11 2
19 52 2
27 38 2
8 43 2
42 100 1
35 57 2
44 80 2
10 109 2
22 72 2
14 39 2
3 54 2
37 61 2
3 9 2
32 51 2
54 57 2
37 45 2
48 104 2
3 15 2
2 88 1
53 89 2
3 14 2
4 85 2
0 14 2
42 95 1
23 36 2
21 107 2
42 47 2
19 91 2
51 59 2
36 54 2
44 106 1
13 21 2
41 95 2
50 65 2
5 12 2
29 98 2
51 56 2
26 90 2
49 57 2
27 87 1
34 55 2
4 48 2
8 90 2
27 33 2
30 44 2
5 9 2
5 54 2
19 63 2
40 71 2
6 107 2
14 106 2
17 55 2
28 54 2
24 58 2
24 25 2
20 61 2
3 40 2
27 55 2
16 54 2
2 98 1
5 17 2
16 53 2
19 32 2
1 35 2
37 49 2
6 48 2
2 65 2
14 26 2
62 96 1
45 105 2
20 30 2
8 44 2
8 49 2
4 72 2
33 44 2
25 76 2
23 41 2
32 42 2
38 54 2
6 102 1
9 33 2
17 44 2
27 37 2
16 25 2
65 93 1
34 63 2
60 69 2
41 90 1
21 62 2
12 25 2
6 81 2
6 92 2
33 52 2
41 59 2
20 92 2
19 40 2
0 63 2
42 59 2
1 10 2
41 65 2
43 83 2
11 74 1
25 37 2
36 46 2
21 38 2
5 16 2
34 37 2
22 52 2
7 57 2
19 53 2
4 23 2
47 57 2
7 37 2
13 73 2
16 32 2
9 63 2
28 56 2
11 14 2
48 84 2
61 83 2
5 52 2
10 101 2
27 45 2
34 41 2
52 56 2
7 63 2
49 51 2
30 43 2
21 31 2
7 12 2
20 25 2
27 30 2
37 96 2
22 45 2
24 36 2
24 47 2
14 16 2
6 21 2
57 71 2
10 17 2
7 33 2
42 67 1
9 26 2
50 66 1
26 105 2
27 56 2
24 31 2
56 87 1
24 33 2
9 31 2
40 72 2
38 63 2
41 55 2
26 35 2
39 64 2
16 31 2
15 35 2
4 28 2
49 62 2
27 92 2
39 101 2
31 59 2
4 45 2
48 80 1
64 109 2
9 66 2
57 92 2
26 31 2
1 77 1
16 55 2
14 65 2
7 91 2
53 106 2
2 66 2
13 74 1
21 25 2
3 29 2
5 61 2
15 61 2
22 60 2
2 53 2
19 68 2
3 22 2
28 32 2
6 13 2
51 103 1
59 106 1
4 51 2
4 37 2
39 66 2
39 48 2
32 36 2
26 81 2
33 85 2
33 41 2
36 41 2
17 81 2
34 42 2
10 44 2
51 61 2
58 86 2
9 55 2
27 84 1
46 98 1
64 95 2
5 41 2
30 57 2
47 48 2
13 65 2
3 45 2
9 14 2
4 34 2
25 33 2
1 65 2
6 45 2
41 70 2
22 109 1
6 29 2
27 61 2
2 60 2
11 13 2
42 56 2
50 81 2
16 19 2
25 55 2
28 87 2
36 62 2
41 57 2
6 46 2
12 27 2
9 75 2
30 31 2
3 23 2
4 36 2
20 59 2
13 26 2
65 67 2
14 32 2
35 104 2
34 38 2
8 33 2
15 51 2
23 67 2
9 25 2
21 23 2
23 42 2
12 28 2
20 32 2
14 22 2
40 61 2
23 76 2
43 63 2
36 55 2
18 35 2
44 58 2
63 68 2
54 60 2
31 47 2
49 58 2
33 40 2
8 63 2
32 58 2
11 32 2
25 71 1
12 35 2
28 48 2
18 59 2
9 65 2
3 46 2
44 72 2
64 65 2
11 57 2
46 96 2
15 100 2
12 39 2
38 43 2
48 65 2
0 18 2
45 48 2
21 61 2
9 80 2
6 8 2
10 60 2
8 73 2
42 64 2
13 40 2
13 105 2
2 92 2
16 18 2
32 47 2
54 64 2
2 93 1
49 65 2
29 30 2
63 83 1
11 54 2
21 29 2
3 36 2
5 57 2
45 87 2
1 23 2
15 25 2
20 45 2
37 51 2
12 49 2
35 64 2
8 28 2
58 62 2
21 96 1
32 44 2
54 55 2
9 30 2
27 54 2
2 63 2
5 7 2
1 32 2
65 105 2
33 54 2
36 37 2
5 30 2
49 77 2
65 103 2
43 91 2
25 97 2
5 79 1
23 44 2
7 103 1
29 65 2
32 52 2
62 99 1
65 79 2
19 28 2
40 96 2
50 92 2
7 25 2
56 93 2
16 36 2
54 98 2
25 29 2
13 63 2
25 72 1
32 104 2
14 28 2
0 17 2
1 42 2
4 71 2
19 58 2
36 104 2
14 108 1
4 49 2
12 52 2
22 54 2
26 59 2
11 90 2
56 103 2
12 65 2
7 26 2
18 78 1
16 33 2
17 39 2
23 60 2
21 24 2
15 63 2
2 34 2
13 58 2
60 83 2
32 61 2
25 44 2
30 62 2
18 106 1
21 52 2
6 7 2
5 15 2
3 79 2
24 56 2
21 22 2
40 109 1
4 26 2
7 17 2
57 66 2
7 65 2
59 95 2
19 46 2
3 38 2
40 42 2
24 28 2
49 90 1
6 59 2
51 55 2
13 52 2
56 58 2
8 22 2
13 43 2
8 88 2
16 87 1
24 61 2
0 1 2
32 97 1
21 40 2
51 54 2
59 63 2
22 38 2
36 48 2
39 58 2
60 101 2
63 106 1
56 61 2
22 61 2
56 85 1
25 42 2
3 12 2
40 53 2
18 71 2
41 48 2
5 47 2
3 5 2
17 57 2
54 69 2
14 57 2
38 59 2
53 60 2
42 58 2
56 91 2
2 22 2
4 9 2
43 51 2
43 87 1
25 82 2
16 28 2
1 46 2
21 42 2
22 51 2
15 94 2
50 58 2
16 29 2
41 43 2
55 93 2
65 100 1
38 58 2
12 54 2
4 15 2
31 50 2
40 67 2
22 53 2
43 96 2
4 24 2
5 70 2
46 60 2
33 42 2
4 76 2
34 57 2
18 84 2
22 91 2
3 41 2
35 42 2
56 64 2
1 40 2
11 68 1
20 51 2
38 48 2
30 47 2
29 40 2
25 94 2
3 32 2
26 43 2
9 61 2
11 106 1
10 88 1
9 100 2
27 50 2
11 78 2
0 57 2
32 64 2
5 94 2
9 46 2
20 23 2
17 72 1
23 56 2
23 99 1
9 13 2
38 88 2
32 57 2
18 50 2
50 55 2
29 106 1
37 42 2
48 58 2
6 50 2
16 40 2
21 50 2
3 30 2
30 68 2
6 12 2
0 74 1
44 48 2
54 87 1
6 20 2
14 85 2
29 46 2
28 41 2
12 13 2
14 64 2
17 54 2
30 91 1
13 23 2
12 101 1
13 42 2
27 65 2
42 43 2
28 106 2
30 54 2
5 62 2
19 76 2
6 44 2
1 93 2
1 26 2
7 61 2
5 29 2
4 56 2
19 42 2
6 100 2
34 53 2
9 43 2
31 80 2
40 45 2
21 72 1
50 53 2
5 83 1
7 77 1
1 45 2
30 49 2
2 100 1
0 2 2
13 33 2
37 43 2
2 105 2
17 82 2
59 81 1
47 59 2
27 34 2
2 70 2
5 13 2
42 57 2
57 96 2
17 32 2
17 27 2
0 6 2
51 107 2
7 43 2
0 37 2
40 41 2
8 17 2
8 47 2
11 19 2
13 50 2
16 46 2
12 14 2
20 42 2
25 59 2
5 64 2
60 81 2
1 3 2
26 75 2
43 60 2
35 96 2
2 16 2
44 59 2
17 34 2
34 105 1
39 80 2
10 64 2
57 94 2
25 39 2
2 38 2
23 48 2
29 41 2
46 72 2
34 102 2
29 34 2
21 46 2
8 50 2
46 84 2
4 57 2
16 22 2
8 62 2
24 59 2
13 47 2
50 98 1
5 31 2
12 48 2
1 15 2
39 77 2
2 8 2
47 88 2
30 74 1
29 56 2
31 51 2
17 48 2
40 74 1
46 57 2
40 55 2
44 47 2
3 39 2
16 34 2
12 50 2
31 65 2
4 64 2
7 55 2
30 77 1
40 59 2
32 74 2
28 53 2
11 51 2
22 36 2
13 18 2
4 21 2
7 87 2
2 12 2
25 46 2
44 51 2
21 49 2
5 28 2
32 46 2
59 77 1
7 47 2
1 8 2
25 107 2
6 14 2
12 22 2
61 97 2
1 34 2
7 53 2
5 27 2
18 19 2
21 87 2
0 64 2
25 54 2
38 45 2
13 20 2
37 82 2
0 12 2
32 63 2
5 99 1
9 62 2
40 48 2
17 30 2
55 68 2
14 50 2
22 24 2
18 44 2
59 93 2
12 45 2
34 74 2
21 51 2
9 87 1
42 106 2
49 99 2
10 40 2
33 62 2
52 77 2
42 53 2
7 48 2
11 26 2
5 26 2
24 41 2
22 27 2
49 82 1
9 71 1
24 62 2
4 7 2
19 41 2
4 61 2
2 9 2
15 58 2
24 44 2
11 46 2
27 101 1
30 45 2
22 78 2
58 93 2
11 53 2
7 27 2
55 63 2
56 62 2
26 30 2
15 73 2
8 9 2
9 20 2
59 101 1
27 46 2
2 43 2
24 84 2
26 42 2
8 53 2
25 58 2
63 85 2
5 106 1
19 104 1
8 35 2
39 47 2
54 62 2
21 103 2
49 102 2
16 48 2
9 52 2
49 78 1
1 95 1
11 37 2
23 52 2
25 34 2
9 76 1
37 44 2
53 62 2
44 98 1
57 86 2
47 63 2
4 10 2
4 8 2
16 61 2
12 53 2
19 85 2
34 103 1
47 70 1
2 48 2
32 65 2
36 68 1
8 25 2
1 2 2
11 45 2
49 105 2
8 65 2
1 4 2
17 42 2
57 95 2
53 80 1
30 71 2
11 48 2
0 52 2
24 69 1
18 21 2
2 49 2
20 97 1
14 24 2
6 39 2
13 34 2
0 39 2
8 45 2
6 55 2
7 18 2
35 58 2
58 85 2
12 37 2
20 86 2
27 103 2
7 99 2
60 88 2
6 26 2
1 19 2
50 52 2
65 69 2
57 61 2
58 109 2
40 94 2
31 102 1
37 57 2
34 69 2
25 83 2
19 45 2
22 44 2
11 73 2
38 55 2
31 54 2
11 52 2
0 103 2
8 18 2
23 71 1
55 57 2
29 99 2
1 52 2
63 92 2
2 26 2
20 67 1
9 11 2
16 41 2
25 52 2
23 97 2
30 50 2
29 49 2
49 52 2
35 89 2
35 83 2
39 49 2
38 57 2
58 106 1
20 26 2
5 58 2
57 78 2
21 39 2
52 53 2
51 95 2
20 33 2
34 65 2
41 61 2
57 88 1
23 79 1
9 51 2
38 42 2
38 39 2
9 109 2
4 16 2
36 61 2
26 37 2
53 65 2
9 106 2
29 81 1
0 29 2
9 28 2
36 42 2
2 57 2
58 89 2
1 11 2
20 73 1
61 104 1
27 32 2
38 108 2
40 65 2
32 62 2
59 68 2
39 53 2
9 67 2
26 60 2
35 100 1
30 56 2
5 78 2
17 105 2
21 45 2
48 108 2
39 42 2
6 36 2
29 84 1
57 63 2
37 95 2
17 74 2
6 10 2
16 78 2
31 56 2
26 94 2
17 24 2
11 56 2
38 73 2
5 10 2
23 39 2
14 36 2
8 97 2
61 90 2
6 69 2
49 60 2
4 102 1
31 48 2
2 51 2
18 27 2
44 56 2
30 80 2
15 81 2
45 94 2
52 55 2
1 56 2
9 53 2
13 67 2
26 52 2
32 82 1
41 42 2
5 20 2
29 90 2
59 61 2
29 62 2
26 62 2
20 52 2
28 29 2
4 46 2
20 35 2
58 97 2
36 58 2
5 39 2
50 99 1
33 84 2
9 91 2
52 75 2
21 57 2
14 43 2
13 83 2
22 64 2
11 55 2
24 50 2
58 79 2
11 47 2
34 62 2
7 88 2
23 90 2
0 32 2
5 72 1
24 35 2
24 66 2
27 35 2
14 55 2
53 74 1
23 35 2
10 50 2
46 97 2
20 84 2
15 18 2
53 56 2
63 88 1
39 41 2
18 61 2
30 40 2
0 106 2
43 64 2
55 59 2
1 12 2
21 86 1
5 76 2
10 26 2
5 23 2
0 78 1
45 47 2
54 61 2
5 32 2
36 51 2
26 102 2
19 22 2
28 109 1
4 59 2
22 48 2
10 35 2
49 96 1
20 24 2
60 61 2
2 15 2
54 56 2
11 25 2
39 74 1
45 101 1
7 19 2
2 11 2
46 64 2
43 78 2
22 83 1
1 37 2
21 33 2
25 38 2
3 72 1
47 52 2
1 57 2
63 90 2
32 54 2
54 79 2
45 54 2
57 70 1
7 38 2
32 59 2
51 64 2
34 51 2
30 59 2
42 61 2
3 8 2
50 89 2
45 65 2
31 57 2
12 33 2
27 94 1
36 63 2
15 38 2
16 23 2
23 34 2
34 106 2
0 31 2
14 17 2
24 104 1
11 34 2
0 4 2
11 43 2
7 30 2
5 53 2
17 78 2
23 61 2
29 32 2
64 98 2
18 49 2
21 41 2
10 23 2
35 65 2
50 88 2
41 77 1
52 93 2
9 60 2
3 19 2
33 36 2
15 43 2
40 60 2
28 35 2
2 44 2
8 36 2
36 108 2
26 51 2
1 60 2
3 42 2
18 62 2
27 42 2
18 57 2
8 41 2
52 65 2
30 46 2
46 92 1
6 88 2
30 65 2
1 30 2
21 54 2
14 41 2
8 84 1
17 53 2
13 29 2
3 13 2
18 93 2
47 106 1
2 80 1
38 61 2
36 49 2
4 60 2
4 22 2
10 72 2
12 15 2
10 57 2
9 89 2
17 49 2
9 27 2
37 59 2
41 54 2
15 21 2
17 28 2
9 44 2
1 58 2
4 13 2
2 58 2
24 81 1
33 55 2
17 86 1
48 53 2
0 48 2
13 19 2
14 20 2
4 63 2
14 34 2
26 36 2
7 50 2
53 91 2
37 52 2
0 88 1
6 33 2
17 41 2
22 49 2
15 27 2
27 52 2
29 42 2
11 36 2
14 56 2
31 34 2
27 62 2
62 84 2
18 104 2
27 49 2
20 43 2
35 48 2
50 109 2
13 38 2
36 89 1
47 97 2
39 60 2
25 50 2
1 41 2
46 99 1
3 51 2
42 99 2
16 52 2
17 33 2
18 36 2
20 47 2
9 47 2
7 96 1
11 63 2
53 55 2
1 16 2
26 64 2
22 63 2
40 57 2
14 81 1
26 44 2
41 83 2
41 53 2
1 50 2
58 90 1
28 63 2
42 96 2
6 31 2
13 39 2
7 23 2
30 55 2
6 19 2
30 70 1
37 64 2
4 6 2
47 56 2
7 42 2
15 28 2
17 76 1
2 21 2
55 62 2
3 55 2
0 59 2
12 75 2
3 59 2
35 37 2
2 54 2
45 53 2
1 25 2
15 47 2
13 25 2
42 79 1
42 85 1
17 47 2
25 26 2
5 63 2
20 98 1
26 27 2
18 75 2
16 107 1
17 29 2
43 50 2
36 106 1
60 94 1
41 52 2
18 23 2
43 57 2
22 42 2
17 40 2
19 72 1
7 45 2
59 70 2
1 38 2
27 41 2
41 66 2
45 107 1
16 64 2
3 33 2
27 58 2
12 30 2
6 24 2
11 22 2
46 62 2
4 17 2
30 34 2
43 49 2
19 38 2
33 105 2
34 47 2
17 21 2
46 65 2
29 93 2
3 48 2
22 41 2
8 42 2
16 50 2
4 62 2
0 24 2
36 90 2
23 30 2
31 35 2
21 67 2
0 27 2
2 59 2
7 106 2
7 8 2
10 62 2
54 99 2
58 70 2
62 73 1
1 18 2
6 30 2
2 36 2
48 55 2
5 98 2
9 17 2
0 23 2
10 52 2
23 107 1
1 82 2
14 47 2
4 92 2
39 76 1
33 66 1
25 48 2
13 101 1
23 106 1
14 38 2
6 25 2
44 49 2
27 90 2
36 64 2
25 86 2
19 71 1
35 107 2
17 69 2
1 27 2
33 76 1
52 64 2
42 63 2
26 46 2
42 98 2
2 25 2
48 73 1
51 101 1
11 58 2
28 65 2
9 49 2
39 108 2
6 35 2
15 50 2
32 34 2
50 82 2
5 25 2
21 34 2
5 38 2
8 23 2
38 79 1
13 48 2
15 39 2
15 59 2
37 40 2
23 28 2
1 5 2
15 22 2
8 19 2
40 64 2
6 43 2
26 58 2
43 44 2
5 55 2
44 50 2
3 21 2
18 65 2
58 98 2
28 45 2
12 34 2
20 82 1
39 43 2
16 39 2
29 54 2
25 53 2
25 60 2
27 82 1
15 19 2
46 50 2
7 20 2
46 103 2
15 40 2
61 72 2
30 37 2
18 30 2
8 12 2
16 35 2
13 27 2
52 89 1
0 99 1
16 42 2
18 54 2
12 76 1
9 35 2
17 56 2
23 55 2
30 53 2
8 106 2
33 70 2
63 96 2
50 70 2
18 76 1
14 48 2
38 47 2
20 102 2
10 22 2
58 94 1
50 56 2
2 7 2
8 20 2
18 109 2
8 10 2
32 50 2
62 86 1
16 17 2
57 58 2
50 78 2
16 20 2
46 48 2
20 21 2
44 54 2
46 61 2
22 62 2
8 60 2
34 48 2
27 59 2
28 34 2
5 19 2
25 45 2
4 44 2
33 64 2
2 45 2
52 59 2
34 92 1
31 63 2
44 96 1
0 46 2
28 62 2
3 31 2
49 59 2
26 29 2
8 56 2
27 109 2
39 44 2
37 48 2
18 40 2
35 39 2
1 99 1
29 33 2
15 20 2
15 16 2
26 39 2
32 99 2
35 55 2
16 80 1
46 53 2
58 64 2
43 73 2
11 12 2
21 43 2
11 86 2
39 72 2
0 86 2
38 81 1
35 71 1
26 83 1
36 45 2
29 53 2
31 36 2
12 40 2
33 46 2
52 62 2
6 34 2
44 53 2
51 87 2
24 88 2
14 15 2
12 47 2
21 47 2
5 21 2
37 99 1
26 28 2
5 24 2
46 55 2
15 37 2
18 29 2
64 66 2
16 58 2
29 47 2
43 65 2
6 63 2
6 65 2
8 15 2
30 90 2
9 54 2
49 63 2
6 64 2
56 100 1
50 107 1
4 106 1
25 31 2
57 80 1
35 51 2
19 61 2
35 52 2
18 102 1
25 84 2
0 19 2
34 56 2
45 73 2
18 107 2
57 109 2
46 47 2
0 42 2
4 14 2
0 54 2
32 55 2
23 38 2
27 29 2
26 40 2
18 42 2
0 47 2
15 53 2
9 56 2
34 71 2
10 108 1
38 85 2
63 80 2
25 49 2
48 75 2
5 103 1
8 51 2
4 35 2
17 84 2
3 87 1
60 75 1
6 57 2
39 109 1
12 24 2
20 58 2
37 50 2
25 87 2
0 41 2
25 57 2
31 88 1
24 30 2
9 48 2
53 102 1
37 69 2
52 54 2
46 54 2
14 61 2
42 62 2
21 58 2
22 32 2
7 24 2
2 27 2
50 62 2
30 58 2
13 92 2
39 45 2
15 62 2
9 32 2
19 60 2
52 105 2
65 97 2
37 88 1
39 54 2
50 63 2
20 96 2
28 108 1
3 18 2
34 46 2
23 32 2
24 34 2
12 64 2
2 64 2
8 11 2
28 30 2
16 60 2
38 64 2
30 39 2
10 56 2
3 43 2
22 28 2
39 62 2
0 34 2
8 59 2
53 94 2
33 38 2
6 28 2
57 62 2
33 34 2
53 58 2
27 39 2
4 78 2
29 38 2
47 53 2
29 61 2
20 36 2
24 45 2
31 46 2
45 91 2
3 63 2
50 57 2
11 20 2
0 8 2
21 35 2
16 38 2
28 37 2
45 102 2
1 28 2
48 52 2
0 55 2
24 82 2
14 42 2
35 69 1
17 52 2
45 50 2
25 103 2
12 93 1
55 74 2
47 54 2
6 17 2
17 61 2
9 15 2
16 26 2
0 101 2
24 71 2
27 78 2
8 104 1
29 64 2
35 70 1
60 64 2
45 84 2
52 67 2
47 64 2
32 98 1
10 43 2
19 54 2
37 80 1
37 65 2
0 58 2
30 51 2
4 95 2
52 63 2
0 53 2
4 89 2
0 30 2
5 105 2
17 37 2
7 9 2
14 19 2
32 35 2
1 51 2
33 60 2
17 91 2
56 106 2
3 17 2
19 109 2
15 55 2
24 53 2
19 48 2
62 91 2
2 99 1
42 46 2
4 20 2
12 26 2
25 30 2
4 52 2
22 77 1
49 98 2
25 51 2
12 97 1
31 90 1
9 19 2
0 51 2
15 49 2
33 56 2
10 29 2
11 38 2
8 64 2
61 85 2
50 105 2
3 102 1
41 88 1
8 103 2
35 47 2
7 35 2
62 78 1
34 61 2
20 54 2
32 66 2
7 11 2
27 85 2
36 81 2
35 63 2
34 60 2
61 103 2
19 55 2
12 38 2
0 45 2
18 20 2
57 89 2
0 38 2
23 58 2
8 69 1
11 41 2
27 31 2
30 61 2
25 56 2
42 50 2
28 102 1
13 54 2
31 99 2
3 44 2
39 88 2
55 78 2
6 51 2
57 108 2
3 70 2
44 79 1
4 5 2
32 45 2
7 13 2
14 18 2
26 76 1
60 65 2
61 69 1
21 55 2
6 56 2
46 77 2
11 59 2
56 65 2
23 65 2
11 65 2
57 60 2
14 63 2
56 75 2
0 13 2
7 29 2
12 56 2
13 30 2
18 64 2
20 55 2
21 36 2
23 57 2
33 49 2
34 45 2
19 47 2
26 108 2
21 83 2
39 59 2
11 42 2
17 64 2
26 55 2
48 61 2
12 32 2
21 60 2
0 5 2
35 36 2
10 34 2
33 89 2
29 39 2
7 21 2
21 32 2
15 44 2
52 57 2
16 43 2
27 97 2
36 40 2
2 55 2
51 96 2
6 53 2
46 81 1
33 108 1
45 59 2
31 60 2
9 29 2
13 32 2
10 18 2
65 81 2
19 44 2
5 51 2
4 80 2
13 28 2
14 29 2
1 14 2
9 88 2
49 53 2
0 28 2
18 90 2
34 64 2
27 64 2
24 64 2
15 64 2
31 74 1
34 39 2
12 80 2
21 27 2
13 82 1
36 43 2
6 9 2
48 72 2
11 30 2
61 87 2
28 39 2
45 56 2
26 71 2
18 32 2
14 46 2
28 44 2
24 40 2
3 82 2
44 95 2
2 62 2
17 51 2
8 55 2
22 34 2
12 20 2
31 78 2
13 78 2
19 84 2
53 64 2
1 22 2
44 65 2
11 35 2
14 33 2
23 24 2
3 50 2
30 92 2
0 7 2
28 31 2
2 61 2
11 33 2
25 35 2
18 55 2
6 15 2
56 81 2
32 53 2
18 28 2
61 105 1
20 56 2
35 49 2
48 83 2
21 92 2
31 39 2
34 99 2
9 36 2
2 35 2
9 24 2
13 108 2
16 85 2
31 53 2
47 81 2
39 40 2
25 40 2
33 103 2
2 17 2
11 100 2
23 54 2
50 54 2
6 16 2
35 87 2
6 41 2
3 53 2
45 104 2
23 37 2
59 103 2
13 95 1
10 39 2
15 82 1
12 16 2
9 96 1
4 42 2
46 49 2
19 26 2
0 16 2
29 63 2
63 101 2
19 23 2
60 62 2
15 68 1
10 27 2
10 76 2
14 59 2
54 84 2
31 49 2
64 89 2
28 42 2
12 46 2
30 79 2
55 106 1
31 76 2
29 100 2
42 87 2
36 56 2
23 105 2
53 86 2
59 108 1
9 12 2
17 60 2
2 52 2
26 49 2
44 57 2
0 33 2
8 24 2
48 50 2
35 60 2
11 27 2
45 62 2
20 39 2
12 55 2
3 74 2
8 38 2
21 64 2
1 61 2
14 35 2
46 51 2
1 17 2
12 95 1
11 61 2
14 104 1
40 51 2
3 25 2
4 32 2
6 40 2
7 59 2
15 52 2
9 59 2
34 75 1
13 60 2
3 20 2
3 24 2
29 58 2
8 40 2
37 63 2
47 49 2
22 29 2
55 90 2
24 42 2
24 55 2
32 38 2
20 22 2
7 51 2
23 45 2
38 49 2
43 59 2
13 49 2
13 84 2
61 62 2
24 72 1
8 80 1
48 64 2
55 65 2
13 106 2
9 103 2
17 88 1
0 71 1
44 55 2
8 39 2
20 38 2
44 73 2
15 46 2
14 53 2
26 32 2
47 58 2
22 50 2
48 91 1
35 79 2
38 62 2
23 51 2
50 64 2
64 90 2
30 96 2
40 43 2
54 74 2
41 60 2
59 76 1
16 27 2
12 41 2
37 46 2
38 44 2
0 84 2
14 44 2
28 58 2
8 58 2
39 106 2
20 103 2
30 32 2
41 49 2
18 43 2
5 33 2
15 98 2
15 36 2
7 84 1
63 79 1
3 61 2
38 69 1
19 65 2
16 95 1
34 35 2
17 19 2
42 45 2
12 109 1
18 31 2
24 49 2
36 103 2
27 81 2
18 100 2
18 25 2
12 84 1
37 58 2
2 56 2
14 31 2
54 63 2
25 92 2
7 32 2
14 49 2
57 64 2
19 39 2
24 60 2
35 41 2
20 101 1
36 59 2
23 46 2
18 46 2
21 77 1
8 61 2
25 41 2
2 31 2
27 79 1
25 65 2
14 96 2
15 54 2
17 43 2
12 17 2
38 60 2
4 50 2
22 59 2
57 65 2
44 76 2
27 71 1
6 85 2
0 9 2
44 45 2
43 47 2
29 35 2
26 98 1
56 96 2
6 73 1
10 36 2
7 41 2
64 106 2
13 46 2
30 42 2
10 15 2
18 52 2
9 99 2
55 61 2
20 27 2
37 39 2
7 28 2
30 48 2
2 39 2
31 40 2
14 83 2
57 99 1
37 56 2
10 47 2
15 75 2
22 65 2
10 51 2
45 63 2
22 37 2
31 64 2
39 87 1
29 43 2
34 52 2
2 29 2
12 44 2
32 48 2
15 32 2
26 47 2
39 61 2
39 103 1
10 31 2
11 101 1
38 65 2
4 25 2
34 58 2
22 55 2
32 76 2
26 50 2
10 86 2
19 62 2
59 65 2
8 27 2
24 29 2
32 41 2
34 72 2
28 72 1
48 95 2
4 33 2
4 47 2
52 58 2
5 45 2
58 77 1
55 60 2
34 40 2
38 96 2
10 59 2
46 94 2
27 107 1
2 67 2
41 80 2
7 107 2
63 71 2
38 80 2
25 28 2
3 57 2
50 97 1
51 58 2
55 58 2
43 89 1
10 19 2
28 68 2
4 65 2
11 60 2
13 64 2
50 69 2
0 97 1
11 21 2
58 60 2
5 43 2
18 45 2
44 63 2
23 102 2
54 65 2
49 64 2
1 24 2
34 96 2
47 71 2
10 16 2
43 48 2
37 107 2
3 100 2
28 36 2
5 65 2
28 52 2
30 64 2
3 35 2
2 40 2
53 61 2
28 64 2
8 34 2
24 51 2
3 52 2
5 46 2
14 66 2
49 84 2
24 86 2
2 73 2
28 90 2
52 61 2
2 37 2
1 21 2
9 21 2
29 60 2
23 92 1
42 48 2
47 65 2
58 87 1
10 41 2
21 82 1
26 41 2
37 54 2
10 83 1
51 65 2
7 64 2
19 25 2
47 61 2
14 52 2
24 75 1
10 65 2
50 59 2
45 66 2
44 46 2
27 40 2
0 76 2
5 109 1
8 75 2
9 23 2
20 105 1
11 50 2
32 56 2
43 45 2
14 103 1
38 50 2
6 77 2
15 31 2
40 58 2
17 31 2
42 82 1
0 25 2
63 97 2
18 34 2
28 99 1
17 18 2
3 88 1
2 18 2
9 40 2
18 60 2
16 37 2
9 22 2
32 89 2
52 86 2
0 21 2
44 103 1
38 98 2
24 63 2
58 65 2
18 105 1
36 52 2
56 99 1
46 75 2
9 64 2
8 14 2
32 49 2
18 51 2
8 101 1
13 15 2
44 94 1
30 38 2
14 30 2
54 88 1
20 40 2
13 41 2
23 85 2
43 56 2
41 47 2
48 87 2
59 66 2
11 15 2
58 95 1
51 62 2
21 37 2
24 54 2
1 54 2
58 82 2
4 11 2
63 82 1
12 42 2
19 50 2
2 19 2
0 61 2
21 28 2
44 62 2
45 67 2
23 40 2
45 78 2
45 80 2
43 53 2
17 45 2
25 43 2
11 31 2
22 82 1
13 57 2
23 43 2
37 41 2
31 61 2
24 74 2
50 51 2
34 49 2
29 31 2
39 52 2
16 83 2
41 44 2
38 56 2
8 74 2
50 93 2
47 55 2
36 84 1
11 94 2
1 9 2
19 59 2
61 63 2
30 52 2
39 55 2
23 64 2
20 64 2
2 33 2
19 56 2
13 14 2
53 107 2
4 58 2
25 27 2
22 58 2
23 62 2
43 103 2
7 44 2
5 42 2
11 75 2
28 57 2
12 59 2
39 83 1
7 40 2
22 35 2
9 37 2
26 77 2
11 64 2
43 52 2
7 54 2
17 63 2
9 39 2
38 100 2
37 79 1
7 60 2
13 44 2
27 66 1
61 107 2
6 47 2
61 67 2
35 56 2
33 97 1
41 99 2
17 36 2
32 43 2
20 62 2
33 59 2
44 84 2
27 108 1
26 56 2
61 77 2
7 22 2
9 42 2
8 98 2
12 63 2
10 30 2
65 74 1
6 80 2
53 63 2
1 31 2
14 58 2
31 43 2
37 60 2
50 60 2
8 31 2
50 72 1
0 69 2
55 104 2
45 60 2
20 88 2
23 72 1
10 100 1
28 43 2
15 41 2
10 14 2
16 71 2
14 93 1
12 43 2
56 63 2
6 90 1
29 82 2
61 95 2
13 45 2
28 46 2
29 96 2
29 44 2
17 100 1
12 36 2
31 69 2
19 96 2
49 54 2
63 65 2
5 37 2
3 11 2
29 89 2
1 84 2
36 57 2
10 25 2
41 64 2
14 51 2
0 22 2
41 45 2
19 20 2
22 92 2
56 71 2
13 51 2
24 32 2
43 61 2
9 38 2
57 102 2
55 94 2
28 40 2
13 22 2
2 47 2
60 68 2
15 57 2
28 60 2
37 38 2
17 94 2
43 69 2
9 58 2
33 61 2
13 62 2
48 54 2
19 64 2
41 58 2
65 88 1
56 70 2
28 61 2
2 5 2
6 99 2
6 52 2
48 74 2
33 50 2
3 64 2
18 48 2
5 18 2
60 73 1
61 64 2
14 99 2
8 46 2
59 78 2
7 73 2
9 57 2
0 20 2
7 15 2
10 11 2
21 100 1
11 23 2
6 61 2
9 50 2
59 62 2
4 18 2
1 49 2
17 26 2
26 33 2
57 59 2
48 70 1
42 54 2
10 28 2
15 56 2
55 64 2
56 74 2
5 14 2
4 27 2
40 62 2
20 34 2
23 33 2
3 56 2
2 20 2
17 65 2
26 101 1
0 98 2
47 62 2
10 46 2
8 16 2
4 30 2
16 88 2
7 46 2
8 52 2
37 55 2
3 26 2
40 44 2
33 77 2
24 46 2
15 48 2
49 103 2
29 51 2
6 62 2
0 11 2
25 66 2
48 76 2
8 85 1
39 63 2
10 37 2
52 84 2
13 91 2
35 46 2
23 50 2
7 105 2
30 36 2
28 33 2
31 86 2
14 40 2
40 50 2
65 76 2
3 60 2
7 31 2
58 63 2
30 41 2
0 10 2
18 33 2
26 103 1
45 58 2
36 105 2
2 32 2
40 49 2
64 71 2
11 76 2
22 23 2
16 30 2
27 36 2
24 37 2
25 102 1
61 94 2
55 69 2
12 94 2
63 109 2
45 89 1
33 43 2
19 30 2
0 50 2
12 57 2
7 58 2
48 63 2
33 106 2
36 38 2
0 49 2
50 94 2
25 104 1
43 55 2
4 43 2
22 99 1
16 56 2
50 61 2
20 28 2
64 83 2
12 62 2
54 89 2
36 92 2
46 58 2
26 73 2
34 68 1
6 54 2
26 34 2
38 66 2
52 60 2
5 22 2
27 60 2
22 26 2
1 20 2
51 109 2
4 53 2
34 59 2
1 43 2
1 87 2
5 60 2
2 46 2
65 70 1
46 109 1
45 49 2
38 72 1
36 65 2
20 41 2
23 27 2
15 70 1
5 49 2
40 56 2
55 103 1
1 53 2
42 65 2
3 6 2
32 72 2
55 70 1
10 107 2
16 47 2
3 37 2
19 21 2
32 109 1
35 43 2
29 50 2
9 94 2
1 62 2
28 59 2
2 42 2
47 87 2
15 85 2
23 26 2
28 69 2
58 105 1
62 64 2
43 62 2
20 37 2
30 33 2
17 38 2
16 21 2
6 27 2
49 61 2
46 63 2
56 60 2
20 63 2
25 106 2
27 43 2
9 10 2
21 90 2
8 48 2
26 38 2
12 29 2
35 61 2
5 6 2
51 53 2
27 44 2
6 22 2
47 60 2
13 59 2
15 30 2
14 98 1
33 74 2
33 39 2
21 56 2
42 109 2
42 52 2
32 73 1
0 40 2
17 62 2
62 69 1
9 34 2
15 23 2
6 49 2
12 60 2
20 49 2
39 69 2
38 77 1
22 25 2
33 65 2
30 98 2
53 59 2
48 56 2
50 74 2
24 48 2
36 91 1
0 44 2
18 22 2
0 85 2
35 45 2
39 85 2
51 60 2
14 89 1
51 57 2
55 82 2
19 49 2
22 103 2
56 59 2
31 37 2
19 43 2
44 105 1
55 56 2
39 65 2
32 68 2
17 58 2
28 50 2
51 76 1
19 57 2
3 7 2
25 36 2
33 58 2
19 33 2
11 79 1
12 19 2
28 75 1
34 43 2
22 96 2
38 99 2
49 91 2
16 106 1
7 78 2
10 20 2
13 61 2
9 16 2
22 39 2
7 14 2
24 38 2
64 102 2
24 43 2
25 68 2
56 69 2
31 42 2
5 36 2
12 107 1
13 31 2
15 42 2
17 103 1
3 4 2
24 107 2
25 96 2
33 57 2
4 100 2
62 104 2
58 73 2
40 54 2
42 77 1
47 51 2
16 51 2
2 30 2
41 63 2
25 63 2
10 53 2
22 30 2
8 21 2
25 47 2
10 42 2
41 96 1
43 70 2
37 76 2
10 94 2
42 84 2
20 48 2
16 63 2
18 47 2
0 62 2
45 52 2
16 24 2
28 51 2
0 36 2
31 62 2
58 61 2
23 74 2
14 60 2
60 98 2
3 10 2
19 35 2
16 62 2
5 66 2
15 60 2
38 41 2
12 18 2
0 68 1
27 57 2
30 97 2
14 25 2
15 45 2
31 52 2
14 37 2
41 89 2
60 109 2
22 40 2
2 86 1
51 92 1
44 85 1
61 80 2
35 44 2
14 68 2
38 40 2
5 34 2
14 45 2
11 89 2
48 57 2
16 91 2
28 49 2
10 21 2
27 76 2
3 58 2
20 93 1
17 59 2
45 57 2
46 59 2
55 107 1
58 91 1
45 61 2
22 46 2
36 76 2
21 44 2
13 24 2
64 69 2
16 100 2
56 108 2
1 107 1
31 55 2
29 48 2
59 107 2
19 31 2
3 34 2
51 52 2
11 24 2
5 102 2
27 48 2
4 41 2
52 71 1
1 29 2
1 13 2
13 68 2
5 40 2
35 53 2
18 58 2
42 51 2
7 39 2
46 52 2
31 58 2
36 44 2
3 16 2
2 13 2
57 98 2
23 53 2
19 106 2
21 26 2
18 24 2
15 29 2
11 39 2
3 94 2
5 35 2
34 86 2
47 109 1
44 102 2
24 27 2
12 98 2
12 21 2
59 60 2
48 62 2
21 30 2
6 32 2
16 65 2
12 51 2
6 109 2
17 20 2
44 64 2
10 48 2
33 51 2
30 35 2
48 49 2
2 96 2
5 107 2
7 109 1
38 51 2
4 39 2
15 34 2
38 52 2
8 32 2
4 38 2
47 68 2
18 56 2
44 61 2
64 103 2
58 71 2
28 47 2
36 53 2
10 13 2
44 52 2
32 37 2
4 40 2
15 65 2
7 34 2
33 69 2
18 41 2
28 55 2
12 85 2
59 64 2
5 56 2
11 83 2
63 64 2
43 109 1
20 29 2
43 54 2
9 45 2
53 77 2
11 81 1
7 10 2
22 43 2
16 44 2
58 59 2
17 101 2
5 44 2
16 81 2
1 6 2
4 97 2
55 75 2
0 43 2
9 18 2
23 25 2
5 59 2
21 48 2
1 7 2
21 97 1
11 18 2
42 60 2
1 48 2
26 53 2
55 105 1
23 83 1
17 87 2
6 42 2
6 18 2
1 39 2
27 86 2
0 26 2
8 30 2
8 54 2
39 51 2
1 44 2
40 47 2
20 53 2
3 49 2
27 28 2
14 62 2
36 102 1
63 93 2
49 95 2
11 16 2
41 50 2
33 48 2
17 23 2
45 51 2
20 80 2
53 57 2
62 87 2
48 60 2
49 107 2
53 54 2
6 108 2
7 52 2
11 17 2
21 59 2
57 67 2
15 33 2
1 36 2
3 75 2
6 106 2
22 33 2
18 38 2
29 36 2
61 108 2
49 89 2
18 26 2
42 49 2
53 103 2
41 46 2
61 81 2
38 104 2
41 91 2
14 23 1
40 78 2
17 104 1
40 46 1
8 78 2
4 55 1
18 39 1
2 41 1
44 93 2
38 53 1
11 99 1
13 37 1
17 22 1
19 29 1
42 44 1
20 57 1
7 36 1
26 57 1
41 56 1
43 58 1
34 36 1
48 93 2
22 56 1
46 78 1
61 65 1
