% n=120 p=60 d=0.66 p_blue=0.66
% k=0
58 118 2
42 116 2
17 107 1
48 111 1
15 66 2
11 94 2
7 22 2
9 36 2
20 52 2
66 73 2
33 97 2
12 93 2
25 44 2
33 94 2
18 79 2
9 32 2
48 102 2
15 69 2
19 110 2
24 28 2
26 109 2
45 59 2
9 111 2
12 23 2
33 107 1
4 48 2
46 119 2
69 119 1
15 46 2
42 49 2
25 58 2
52 88 2
13 26 2
34 64 2
4 52 2
28 88 2
50 104 2
24 88 1
2 41 2
12 81 1
0 68 2
20 115 1
4 67 2
27 61 2
46 61 2
32 68 2
6 13 2
5 23 2
2 117 2
29 33 2
27 69 2
19 41 2
40 44 2
22 103 1
49 60 2
23 36 2
25 106 2
13 73 1
3 17 2
23 32 2
45 115 2
1 5 2
10 71 2
20 114 2
71 107 2
1 74 1
66 82 1
3 61 2
11 20 2
31 83 1
26 51 2
23 44 2
68 87 2
67 116 2
42 53 2
20 38 2
9 87 2
11 113 2
20 69 2
12 15 2
63 86 2
33 42 2
43 73 2
46 92 2
2 27 2
67 103 2
35 117 2
37 74 2
13 60 2
19 66 2
35 55 2
48 92 1
0 100 2
39 56 2
36 43 2
69 79 2
53 63 2
11 55 2
45 89 2
54 72 1
14 99 2
12 95 2
65 115 1
5 45 2
25 57 2
20 64 2
71 113 2
65 93 2
9 84 1
30 62 2
11 31 2
15 116 2
25 69 2
21 65 2
6 40 2
21 67 2
22 85 1
26 60 2
8 89 2
19 44 2
34 99 2
20 86 1
12 13 2
62 100 2
66 109 2
13 39 2
41 53 2
26 90 2
4 103 1
1 49 2
44 62 2
19 82 2
41 68 2
31 62 2
33 66 2
5 118 2
3 31 2
6 75 2
7 92 2
4 72 2
37 47 2
6 34 2
44 60 2
9 30 2
36 99 2
18 93 2
33 71 2
9 101 2
37 104 1
65 103 1
10 42 2
61 116 2
62 90 1
32 101 1
35 108 2
27 107 2
55 75 2
33 53 2
39 100 1
48 63 2
46 90 1
35 113 2
0 93 1
16 29 2
27 115 1
41 54 2
40 75 1
11 66 2
20 90 2
49 81 1
11 58 2
5 18 2
47 91 2
27 28 2
2 112 2
29 64 2
61 80 2
69 105 2
58 114 2
71 94 2
26 97 2
34 71 2
23 41 2
16 46 2
53 69 2
6 58 2
13 36 2
47 49 2
19 50 2
30 107 1
2 26 2
33 82 1
39 69 2
7 117 1
53 96 1
14 79 1
11 13 2
19 64 2
46 108 1
15 24 2
9 14 2
53 62 2
29 116 2
1 110 2
47 70 2
26 44 2
1 38 2
16 50 2
18 28 2
11 43 2
28 42 2
19 59 2
30 38 2
4 65 2
18 50 2
44 58 2
10 55 2
14 111 2
29 117 2
34 43 2
45 118 2
42 86 2
6 81 2
31 96 2
57 116 2
6 91 2
8 10 2
68 78 2
8 23 2
68 98 2
24 99 1
18 33 2
23 54 2
1 11 2
22 90 2
32 102 2
1 23 2
22 79 2
56 62 2
0 27 2
6 104 1
50 102 1
62 102 2
22 114 2
11 17 2
19 48 2
29 90 1
56 111 2
39 49 2
30 118 2
12 59 2
15 90 2
32 37 2
14 113 1
63 109 2
70 108 1
7 14 2
1 83 2
45 48 2
52 60 2
43 47 2
31 111 2
41 96 2
12 114 1
25 104 1
26 71 2
44 51 2
31 45 2
70 91 2
29 78 2
11 64 2
7 49 2
28 60 2
10 15 2
15 50 2
11 15 2
36 61 2
22 34 2
52 74 2
18 102 2
16 22 2
12 60 2
13 100 2
4 107 2
1 75 2
45 93 2
5 24 2
26 73 1
0 75 1
1 37 2
45 75 1
6 109 1
7 107 2
50 78 2
69 92 2
17 33 2
71 102 1
42 46 2
70 93 1
26 112 2
24 63 2
70 118 2
13 68 2
38 52 2
29 115 1
14 42 2
41 87 2
8 80 1
41 46 2
27 71 2
2 42 2
2 69 2
9 72 1
49 85 2
17 48 2
5 6 2
6 69 2
35 47 2
68 82 2
15 35 2
3 11 2
25 47 2
55 97 2
59 116 1
8 70 2
3 104 2
19 74 2
31 77 2
20 55 2
25 51 2
1 51 2
8 117 1
57 91 2
32 43 2
42 96 2
66 112 2
42 70 2
10 32 2
18 65 2
24 93 2
21 100 2
5 58 2
24 42 2
8 40 2
7 56 2
12 70 2
42 54 2
38 63 2
27 97 2
5 99 2
23 43 2
40 70 2
23 74 2
11 68 2
8 14 2
55 107 1
26 53 2
50 64 2
17 63 2
10 34 2
65 84 2
35 91 2
22 36 2
12 25 2
39 42 2
0 72 1
9 22 2
43 103 2
47 100 2
29 35 2
31 46 2
12 26 2
33 65 2
0 117 1
10 26 2
4 45 2
20 45 2
5 69 2
62 63 2
22 30 2
38 69 2
57 71 2
9 79 2
26 68 2
6 20 2
30 66 2
45 72 1
56 118 2
2 52 2
11 69 2
70 106 1
59 66 2
25 87 2
28 79 2
29 59 2
67 112 2
23 93 2
26 39 2
24 29 2
49 66 2
52 72 1
13 97 2
20 53 2
48 113 1
9 99 2
50 75 1
8 63 2
42 60 2
65 114 2
48 109 2
65 85 2
12 65 2
10 81 2
27 51 2
16 51 2
57 62 2
68 102 1
29 58 2
25 61 2
29 34 2
40 111 1
0 3 2
32 69 2
71 78 2
51 62 2
10 21 2
44 116 2
26 64 2
67 80 1
15 49 2
32 109 2
35 44 2
5 21 2
10 76 2
31 68 2
1 17 2
33 59 2
3 65 2
47 61 2
3 116 1
23 31 2
61 97 2
57 68 2
15 16 2
21 24 2
58 70 2
36 107 2
0 64 2
16 43 2
23 24 2
14 108 2
43 105 2
36 57 2
67 78 2
31 100 2
10 114 1
53 119 1
42 74 1
30 46 2
25 80 1
22 38 2
30 101 1
5 81 2
68 81 1
65 69 2
55 95 1
40 63 2
41 63 2
57 66 2
1 9 2
55 91 2
7 32 2
7 30 2
50 115 2
68 119 1
11 50 2
17 97 1
14 17 2
17 74 1
23 42 2
59 77 1
3 84 1
35 45 2
21 81 2
61 101 2
13 54 2
32 88 2
11 53 2
51 83 2
22 75 2
46 65 2
26 54 2
39 106 2
54 104 2
38 105 1
2 13 2
11 118 2
41 79 1
18 95 2
20 79 1
50 70 2
2 48 2
3 85 2
8 105 2
12 87 2
3 23 2
11 39 2
43 58 2
12 115 2
7 53 2
10 91 2
20 75 2
22 58 2
10 106 1
10 68 2
10 51 2
22 71 2
1 105 2
47 59 2
21 76 2
1 109 2
10 20 2
30 100 2
43 57 2
50 74 1
13 22 2
16 23 2
0 37 2
11 83 1
34 49 2
41 84 2
11 91 2
24 108 1
43 104 2
3 37 2
71 101 2
31 102 2
11 45 2
7 37 2
36 48 2
56 79 1
9 61 2
10 63 2
56 75 2
3 8 2
11 67 2
41 85 2
45 87 2
39 48 2
48 85 1
48 53 2
40 106 1
65 100 2
38 94 2
7 57 2
10 94 2
42 101 1
16 41 2
26 79 1
38 86 1
58 68 2
46 47 2
33 58 2
41 97 2
62 88 2
16 45 2
22 115 2
26 46 2
23 53 2
3 18 2
19 42 2
37 111 1
18 54 2
38 85 2
18 78 2
68 95 1
49 100 1
38 112 2
71 115 2
45 65 2
22 28 2
11 38 2
8 99 2
12 31 2
13 55 2
30 88 2
7 26 2
4 60 2
41 83 2
67 86 2
10 82 1
10 77 2
16 31 2
13 84 2
62 109 2
24 34 2
18 32 2
10 56 2
8 41 2
18 66 2
28 83 2
2 50 2
20 36 2
30 60 2
13 74 2
63 64 2
30 42 2
57 65 2
34 50 2
39 104 2
39 44 2
60 87 2
26 28 2
22 43 2
44 80 1
6 64 2
53 59 2
17 96 2
7 58 2
32 105 2
32 79 2
51 87 2
47 116 2
50 96 2
4 31 2
10 30 2
29 74 2
18 56 2
52 103 1
8 64 2
39 81 1
21 115 2
51 94 2
47 76 2
15 84 1
21 73 2
36 64 2
55 66 2
17 28 2
20 81 1
28 76 1
13 90 2
49 105 2
38 107 1
6 29 2
20 49 2
41 80 1
60 61 2
21 109 2
41 88 2
68 80 2
20 57 2
18 75 2
34 53 2
14 64 2
40 47 2
63 100 2
47 52 2
58 110 2
57 60 2
31 35 2
10 117 2
55 106 1
13 41 2
43 45 2
5 9 2
9 82 2
27 46 2
37 39 2
13 28 2
5 64 2
30 90 1
7 90 1
31 40 2
4 88 2
71 79 2
4 112 1
3 16 2
54 96 2
68 109 1
16 53 2
33 88 2
25 53 2
21 98 2
32 85 2
30 61 2
32 46 2
38 117 2
2 70 2
9 26 2
4 106 2
43 49 2
45 47 2
28 113 2
2 22 2
21 53 2
16 25 2
6 56 2
38 71 2
24 58 2
15 75 1
43 101 2
20 27 2
27 36 2
20 65 2
65 76 1
0 89 2
7 21 2
62 76 2
48 66 2
69 117 2
0 58 2
37 43 2
44 63 2
13 109 1
47 102 1
39 46 2
28 115 2
16 59 2
32 100 2
22 25 2
22 31 2
52 71 2
24 54 2
48 83 2
30 64 2
47 80 2
29 81 2
8 47 2
44 72 2
26 81 2
9 96 1
33 62 2
58 102 1
60 113 1
51 72 2
37 64 2
4 109 2
28 118 1
43 98 2
1 48 2
5 22 2
20 47 2
34 55 2
70 75 1
19 60 2
62 87 1
50 55 2
42 112 2
69 107 2
59 95 1
45 116 2
8 91 1
12 106 2
3 35 2
0 66 2
22 94 2
70 85 1
17 101 1
63 115 2
36 53 2
8 33 2
1 41 2
22 89 1
17 23 2
18 24 2
14 25 2
13 33 2
58 66 2
45 119 2
6 16 2
13 62 2
35 78 2
56 108 1
42 61 2
45 97 2
16 54 2
43 53 2
8 62 2
6 49 2
57 73 2
11 47 2
32 113 1
22 32 2
15 18 2
18 72 1
32 118 2
9 65 2
71 86 2
18 100 2
25 109 2
27 47 2
63 75 2
29 60 2
15 64 2
38 45 2
22 83 1
67 79 2
30 33 2
67 82 1
24 109 2
2 53 2
31 32 2
42 67 2
16 68 2
6 67 2
26 69 2
60 63 2
58 74 1
56 57 2
61 117 1
16 84 1
30 56 2
20 72 2
53 65 2
50 76 1
38 41 2
3 106 1
10 24 2
20 58 2
58 116 2
6 36 2
40 109 2
68 111 2
54 98 2
4 62 2
3 100 2
70 72 2
51 56 2
50 100 1
45 63 2
2 11 2
10 84 2
0 8 2
18 119 1
59 70 2
45 55 2
13 44 2
2 66 2
65 102 1
5 62 2
12 36 2
38 40 2
35 54 2
34 57 2
38 64 2
7 45 2
0 31 2
36 60 2
36 49 2
41 105 1
56 65 2
3 20 2
17 55 2
13 15 2
59 118 2
24 50 2
33 70 2
42 50 2
9 49 2
7 48 2
7 108 2
9 12 2
46 64 2
3 58 2
34 119 1
27 84 1
42 59 2
20 25 2
38 84 2
66 86 1
67 76 1
4 116 1
40 80 2
5 36 2
65 118 2
0 1 2
55 73 1
22 78 2
23 46 2
35 106 1
15 52 2
26 67 2
47 86 2
10 67 2
61 65 2
34 59 2
28 46 2
44 107 2
24 71 2
10 49 2
28 39 2
49 72 1
30 65 2
55 69 2
42 57 2
2 77 2
43 63 2
0 10 2
8 81 1
31 34 2
61 66 2
6 118 2
45 71 2
14 89 2
14 106 2
36 45 2
8 67 2
8 94 1
43 55 2
58 71 2
71 96 1
5 67 2
40 84 2
32 111 2
24 45 2
63 113 2
12 103 1
22 62 2
6 22 2
22 77 2
56 83 1
13 114 2
29 79 2
57 72 2
0 63 2
9 24 2
65 119 2
21 85 1
56 113 2
0 74 1
30 68 2
70 116 2
17 110 1
18 85 1
17 27 2
24 61 2
10 61 2
7 111 2
48 91 2
32 80 2
49 74 2
70 109 1
45 81 1
29 80 2
7 10 2
6 48 2
5 83 2
13 56 2
1 4 2
57 111 2
54 57 2
39 76 1
0 34 2
41 57 2
9 55 2
14 21 2
39 112 2
62 105 1
25 26 2
37 51 2
58 76 1
13 52 2
11 86 2
33 73 1
58 80 2
0 19 2
41 117 2
44 75 1
64 101 1
52 93 2
17 19 2
33 60 2
29 39 2
7 17 2
71 114 2
7 38 2
63 102 2
59 68 2
12 33 2
11 46 2
41 71 2
13 34 2
65 96 1
51 98 1
29 44 2
11 75 2
3 29 2
26 41 2
41 82 2
5 29 2
26 78 2
28 31 2
2 79 2
10 39 2
36 62 2
4 13 2
19 83 2
66 107 2
25 105 1
27 32 2
31 49 2
7 65 2
14 60 2
1 78 2
25 63 2
35 51 2
47 60 2
25 76 2
1 3 2
27 102 1
17 34 2
50 52 2
38 61 2
11 23 2
42 87 1
18 37 2
27 75 2
16 118 1
17 62 2
24 94 2
54 112 2
51 79 1
38 90 2
7 74 1
49 77 1
21 82 2
10 19 2
33 103 1
9 88 2
1 19 2
25 114 2
50 117 2
12 54 2
14 102 1
48 70 2
30 97 2
9 47 2
13 103 1
0 99 2
33 74 1
53 67 2
2 102 2
29 67 2
10 36 2
15 106 1
1 107 2
26 30 2
37 42 2
8 38 2
24 69 2
69 116 2
19 70 2
4 5 2
30 83 1
17 22 2
49 114 2
23 69 2
28 104 2
54 68 2
15 30 2
69 102 2
8 51 2
1 56 2
9 67 2
24 36 2
18 74 1
7 97 2
42 83 2
24 33 2
39 111 1
27 53 2
29 94 2
23 66 2
55 61 2
49 68 2
0 26 2
11 49 2
19 47 2
34 97 1
40 98 1
21 71 2
21 59 2
18 35 2
39 67 2
48 84 2
50 110 1
43 60 2
3 105 1
54 69 2
44 99 1
37 119 2
12 57 2
40 52 2
44 70 2
33 113 2
44 50 2
30 59 2
44 53 2
10 41 2
2 35 2
1 53 2
10 70 2
3 47 2
4 93 2
12 40 2
39 47 2
30 57 2
9 66 2
8 17 2
58 87 2
12 58 2
14 22 2
44 61 2
41 50 2
30 108 2
18 25 2
24 86 2
61 112 2
2 43 2
11 42 2
34 44 2
10 13 2
15 59 2
44 118 2
48 51 2
14 41 2
20 60 2
42 84 2
36 76 2
26 76 2
44 87 2
59 110 1
10 37 2
58 81 2
3 76 2
65 106 1
8 66 2
12 46 2
15 53 2
9 28 2
35 103 1
45 49 2
21 35 2
33 112 1
24 43 2
50 77 2
15 71 2
40 58 2
27 89 2
13 119 2
5 28 2
4 63 2
59 88 2
39 91 2
23 75 2
51 66 2
53 106 1
63 76 2
9 52 2
27 73 2
7 46 2
46 87 1
0 35 2
29 38 2
59 64 2
20 87 1
65 116 1
23 47 2
27 57 2
40 102 2
1 21 2
41 111 2
12 67 2
13 45 2
2 47 2
20 23 2
42 113 1
2 51 2
46 89 2
64 77 2
10 25 2
59 91 2
8 72 1
9 18 2
9 31 2
19 27 2
2 61 2
64 118 1
4 42 2
2 95 2
35 86 2
56 99 2
57 94 2
13 40 2
61 113 2
66 68 2
63 69 2
0 61 2
28 91 2
66 99 1
26 89 2
21 93 1
52 54 2
6 37 2
17 77 1
4 49 2
16 101 2
10 40 2
22 37 2
50 56 2
71 116 1
10 92 1
37 54 2
9 39 2
30 34 2
38 59 2
54 56 2
13 79 2
71 93 2
2 109 2
47 114 2
49 111 1
40 54 2
56 61 2
22 64 2
54 97 2
24 92 2
16 66 2
2 3 2
68 93 2
37 53 2
5 111 2
19 25 2
27 62 2
22 48 2
53 108 2
42 90 2
42 77 1
65 75 2
4 43 2
47 84 2
24 70 2
64 103 1
5 12 2
12 19 2
6 41 2
41 66 2
0 24 2
20 109 2
49 69 2
0 65 2
5 33 2
48 80 2
29 114 2
0 36 2
58 104 2
3 25 2
28 55 2
10 97 1
47 65 2
28 57 2
49 82 2
5 46 2
0 32 2
28 85 1
35 43 2
25 59 2
66 119 2
3 9 2
35 71 2
42 52 2
1 22 2
30 50 2
43 56 2
25 79 2
53 61 2
6 19 2
66 100 1
46 48 2
40 72 2
30 35 2
6 38 2
66 114 2
21 57 2
26 117 1
17 50 2
0 107 1
43 46 2
4 66 2
7 99 2
71 75 1
5 61 2
57 104 2
71 74 1
10 79 1
12 97 2
29 97 2
17 103 2
3 19 2
41 110 2
20 50 2
37 91 2
69 103 2
57 58 2
21 32 2
39 78 1
2 104 2
29 31 2
63 97 1
32 45 2
14 31 2
15 67 2
65 78 2
50 103 1
15 17 2
27 93 2
21 90 1
34 88 2
8 87 2
2 10 2
58 60 2
38 77 2
61 75 2
26 113 1
55 68 2
54 116 2
2 17 2
11 54 2
53 75 2
8 69 2
26 65 2
0 41 2
57 86 2
2 34 2
6 95 2
35 80 2
60 116 2
53 71 2
20 84 2
2 107 1
6 88 2
67 117 2
30 76 2
28 80 1
23 27 2
10 99 2
56 58 2
18 40 2
29 42 2
18 91 2
25 64 2
37 101 2
51 55 2
23 58 2
6 107 1
66 104 1
26 86 2
21 97 1
69 100 1
49 71 2
2 64 2
39 110 2
15 108 2
38 47 2
48 75 2
6 12 2
7 68 2
52 62 2
29 111 2
70 95 2
8 78 2
9 42 2
20 54 2
34 61 2
24 95 1
30 69 2
10 11 2
44 66 2
9 40 2
2 39 2
27 35 2
28 69 2
54 55 2
3 81 1
14 37 2
23 57 2
31 50 2
58 97 1
14 109 2
5 54 2
7 86 2
39 96 1
49 113 2
0 5 2
7 114 2
53 85 2
15 60 2
13 96 2
65 117 2
21 108 2
14 53 2
10 103 2
8 39 2
34 96 2
29 93 1
5 39 2
12 14 2
29 36 2
50 68 2
66 115 1
25 97 2
11 19 2
4 39 2
11 70 2
42 111 1
4 15 2
65 66 2
19 61 2
50 82 2
58 73 1
38 103 2
66 78 2
1 65 2
62 75 2
24 32 2
5 35 2
63 108 2
62 101 2
45 84 1
12 48 2
21 22 2
48 87 1
15 23 2
13 31 2
25 113 1
7 61 2
19 103 2
14 98 1
11 51 2
16 69 2
55 114 2
12 62 2
22 42 2
42 62 2
34 101 2
48 52 2
3 89 2
43 80 2
69 72 2
29 86 1
4 69 2
37 107 2
17 64 2
40 45 2
48 78 2
5 30 2
8 53 2
32 58 2
34 86 2
18 62 2
6 30 2
35 96 2
27 64 2
41 67 2
9 80 2
9 106 2
43 113 2
37 60 2
5 105 1
6 11 2
21 55 2
10 72 2
36 71 2
4 56 2
40 60 2
35 66 2
6 103 1
63 117 2
64 86 1
4 51 2
17 18 2
33 36 2
29 89 2
54 103 2
18 46 2
8 111 2
3 13 2
11 110 2
62 93 2
42 45 2
48 59 2
26 107 2
66 96 1
1 47 2
70 78 2
12 39 2
40 62 2
12 99 2
37 89 1
21 28 2
13 49 2
14 74 1
54 119 2
44 81 2
21 37 2
58 101 2
61 89 1
7 93 2
8 112 2
0 7 2
70 117 2
1 32 2
52 89 1
37 70 2
1 34 2
24 53 2
6 33 2
7 84 1
1 71 2
25 52 2
3 51 2
20 22 2
32 33 2
40 59 2
61 94 1
55 117 2
28 106 1
2 4 2
9 37 2
3 64 2
4 40 2
54 82 2
25 49 2
31 87 1
40 97 2
43 59 2
55 65 2
2 21 2
4 17 2
4 35 2
70 107 1
59 114 1
64 115 2
63 71 2
54 77 2
23 25 2
58 106 1
12 113 1
9 38 2
6 66 2
41 107 2
10 107 1
23 91 2
44 85 2
8 25 2
45 110 1
37 56 2
5 65 2
10 73 2
27 50 2
34 77 2
1 116 2
20 63 2
16 107 2
6 96 2
26 108 2
48 116 2
62 112 2
9 59 2
4 23 2
33 85 2
48 68 2
4 118 2
23 76 2
55 78 1
44 104 1
62 83 2
58 93 2
16 28 2
9 43 2
21 48 2
29 66 2
55 116 1
47 117 1
15 87 2
22 63 2
27 86 2
3 43 2
12 52 2
39 92 2
20 30 2
1 13 2
34 98 2
2 106 2
6 71 2
64 98 2
39 61 2
37 72 1
5 86 2
1 28 2
52 101 2
22 46 2
41 89 1
19 52 2
17 30 2
5 26 2
40 117 1
42 47 2
62 67 2
5 8 2
42 71 2
4 110 2
28 103 2
47 68 2
0 92 2
14 49 2
39 98 2
68 97 2
2 19 2
39 54 2
55 76 2
12 86 2
19 32 2
54 78 2
15 61 2
21 63 2
25 43 2
1 43 2
62 73 2
34 47 2
3 96 2
13 51 2
8 60 2
11 48 2
0 90 2
62 103 2
20 21 2
30 110 2
18 38 2
20 92 2
23 94 2
27 100 2
22 111 1
56 82 2
48 60 2
34 113 2
28 44 2
24 67 2
24 104 1
32 49 2
25 78 2
4 68 2
5 60 2
44 106 1
42 98 1
15 68 2
30 119 2
8 32 2
15 48 2
19 28 2
0 4 2
19 92 1
39 90 2
64 119 1
48 81 1
12 49 2
52 70 2
21 114 2
46 80 2
29 85 2
51 118 2
7 8 2
38 89 2
20 34 2
1 52 2
60 108 2
17 24 2
57 107 2
55 92 1
50 72 2
10 80 1
36 95 2
11 24 2
6 7 2
5 41 2
52 58 2
2 20 2
54 100 1
58 95 2
29 43 2
64 95 1
50 92 2
14 62 2
17 37 2
1 45 2
69 85 1
49 101 2
5 63 2
29 30 2
37 38 2
7 62 2
35 46 2
69 88 2
26 37 2
67 70 2
62 68 2
32 62 2
16 103 2
38 92 1
45 100 2
1 25 2
6 72 2
17 65 2
67 84 2
44 68 2
60 71 2
43 102 1
16 47 2
7 40 2
4 24 2
5 27 2
57 103 2
6 50 2
51 106 1
45 85 2
6 27 2
56 77 1
46 94 2
39 52 2
70 73 2
15 21 2
41 102 2
53 58 2
22 95 2
11 36 2
16 106 1
14 30 2
30 81 2
47 62 2
68 69 2
21 68 2
6 15 2
36 117 2
16 62 2
53 114 2
71 84 1
22 67 2
0 70 2
6 112 1
44 47 2
21 96 2
14 83 2
53 72 2
12 90 2
41 64 2
22 40 2
15 58 2
25 111 2
11 14 2
67 104 2
36 93 2
58 96 2
23 49 2
51 81 2
35 76 1
66 67 2
39 59 2
15 77 2
44 86 2
22 53 2
63 88 1
31 76 1
1 31 2
20 76 2
11 92 2
24 115 1
53 68 2
24 62 2
21 25 2
40 112 1
9 50 2
26 58 2
49 103 1
12 77 2
26 106 1
71 72 2
28 50 2
10 38 2
36 67 2
52 59 2
8 43 2
0 118 2
51 65 2
0 14 2
2 59 2
70 81 2
59 65 2
25 35 2
10 112 2
9 16 2
9 10 2
60 110 2
29 105 1
35 92 1
32 116 2
69 89 2
17 79 2
43 61 2
30 86 2
35 57 2
39 71 2
15 25 2
3 62 2
9 41 2
5 108 2
40 104 1
28 89 2
36 63 2
63 98 2
11 93 2
4 77 2
11 74 2
55 109 2
38 42 2
14 110 2
40 43 2
16 34 2
44 56 2
16 85 1
2 36 2
1 84 2
24 85 1
14 57 2
32 81 2
6 23 2
40 41 2
57 117 2
1 24 2
30 43 2
11 34 2
4 37 2
28 119 2
1 46 2
11 35 2
27 112 2
37 98 2
10 95 2
13 87 2
39 116 2
35 63 2
11 25 2
57 113 1
18 96 2
11 26 2
27 103 2
46 99 1
44 84 2
17 66 2
12 29 2
42 119 1
26 29 2
48 56 2
47 106 1
11 80 2
36 72 2
57 76 2
32 70 2
13 93 2
32 57 2
40 46 2
11 30 2
4 50 2
61 115 2
50 118 2
28 70 2
52 90 2
10 111 2
12 78 2
15 83 1
0 83 2
65 88 2
25 46 2
1 27 2
7 50 2
48 88 2
0 59 2
63 65 2
1 42 2
14 61 2
18 57 2
16 91 2
53 98 2
17 71 2
36 54 2
47 48 2
60 77 1
50 65 2
18 26 2
9 85 2
17 49 2
35 104 2
46 111 1
4 30 2
30 89 1
50 91 2
48 58 2
44 59 2
53 117 1
55 105 2
43 65 2
46 110 1
49 63 2
15 96 2
14 76 2
59 98 2
38 43 2
45 99 1
31 66 2
38 91 2
70 97 2
0 42 2
50 54 2
18 20 2
17 92 2
25 77 1
8 15 2
36 70 2
11 21 2
27 40 2
51 60 2
23 86 2
30 49 2
23 114 1
11 89 2
2 94 2
67 100 2
47 93 2
33 54 2
30 55 2
51 91 1
37 68 2
54 70 2
40 81 2
48 104 2
20 80 2
0 44 2
55 85 2
41 62 2
44 46 2
19 67 2
24 26 2
64 109 1
39 53 2
17 35 2
9 13 2
7 39 2
55 87 2
32 78 2
3 15 2
20 113 2
24 51 2
25 45 2
32 110 1
7 106 2
49 96 2
42 102 2
7 18 2
61 84 1
3 53 2
26 101 1
0 87 2
50 106 2
23 88 2
1 63 2
57 70 2
0 115 2
42 55 2
15 62 2
17 72 1
28 117 1
37 69 2
2 63 2
8 113 1
53 102 1
13 88 2
36 52 2
26 118 2
14 16 2
26 56 2
37 73 2
9 46 2
29 118 2
39 89 1
29 112 2
19 23 2
2 84 1
15 45 2
52 57 2
42 72 1
12 50 2
1 40 2
22 41 2
47 50 2
45 83 2
14 18 2
9 25 2
0 110 2
16 64 2
12 21 2
50 71 2
24 57 2
12 27 2
6 32 2
17 70 2
28 38 2
70 104 1
39 57 2
14 19 2
37 65 2
40 76 2
14 36 2
39 45 2
11 28 2
3 5 2
4 14 2
6 55 2
43 48 2
23 102 2
37 94 2
8 71 2
27 76 2
2 38 2
22 86 2
23 87 2
8 19 2
33 76 2
0 21 2
11 105 2
40 91 2
69 101 2
22 44 2
50 69 2
19 51 2
2 86 1
44 57 2
0 25 2
24 82 2
40 79 2
59 119 2
0 109 1
45 95 1
29 55 2
62 94 2
18 116 2
44 102 1
46 78 2
65 90 2
30 48 2
6 18 2
53 86 2
34 60 2
10 46 2
8 37 2
15 47 2
40 51 2
22 69 2
12 75 2
23 59 2
19 72 2
15 41 2
37 57 2
64 110 1
1 68 2
14 29 2
33 116 2
23 116 1
41 43 2
37 45 2
39 83 2
10 35 2
9 107 2
62 99 2
14 91 1
2 18 2
13 19 2
18 71 2
55 89 1
62 89 2
15 115 2
38 102 1
31 103 1
14 114 2
20 100 1
16 48 2
4 113 2
37 52 2
3 26 2
43 100 2
18 81 1
28 65 2
2 105 1
7 112 2
47 78 1
2 111 2
4 19 2
60 89 2
43 111 1
18 49 2
19 36 2
5 20 2
5 31 2
47 118 2
69 99 2
59 97 2
30 67 2
65 94 1
18 77 2
54 73 2
3 46 2
61 103 2
3 36 2
32 53 2
36 97 2
43 84 1
69 96 1
14 27 2
59 74 2
27 34 2
9 95 2
34 62 2
24 81 2
18 106 2
13 108 2
4 9 2
40 114 2
34 48 2
4 41 2
15 51 2
23 82 2
44 101 2
11 114 2
56 67 2
24 89 2
15 79 2
61 98 2
13 89 1
61 86 2
50 87 2
23 92 1
22 59 2
24 91 2
44 108 1
62 70 2
8 45 2
47 73 2
14 72 1
7 88 1
39 51 2
34 72 2
33 43 2
18 58 2
15 27 2
2 92 2
26 33 2
37 83 2
32 38 2
57 69 2
48 62 2
38 78 2
65 71 2
56 85 2
2 65 2
31 53 2
5 16 2
66 84 2
23 34 2
21 40 2
33 38 2
21 38 2
15 40 2
58 67 2
17 115 2
66 98 2
5 114 2
22 45 2
31 52 2
22 106 1
17 61 2
60 62 2
2 15 2
27 58 2
60 95 2
42 108 1
5 78 2
67 99 2
6 77 2
14 100 2
15 38 2
9 27 2
29 49 2
49 119 2
43 108 1
42 89 2
18 61 2
66 94 1
5 73 2
32 66 2
44 100 2
11 65 2
47 66 2
16 39 2
24 60 2
20 118 2
25 88 2
39 41 2
10 12 2
31 97 2
4 64 2
48 64 2
59 111 1
1 18 2
3 4 2
25 70 2
51 70 2
6 119 2
24 117 2
17 58 2
9 48 2
56 116 2
10 86 1
59 73 2
5 115 2
60 76 2
16 58 2
66 83 1
58 65 2
1 57 2
22 112 2
21 74 2
42 114 1
29 70 2
18 92 2
69 77 2
25 48 2
40 105 1
21 61 2
32 98 2
33 57 2
31 88 1
51 78 2
35 83 2
2 6 2
66 77 1
57 74 1
56 93 2
38 106 2
6 39 2
3 56 2
6 10 2
5 68 2
53 82 2
57 102 2
51 53 2
1 15 2
2 56 2
14 55 2
24 49 2
65 109 1
7 77 1
16 26 2
29 95 2
26 99 1
13 47 2
10 58 2
0 28 2
2 67 2
51 61 2
69 76 2
55 102 1
63 103 2
7 116 1
14 77 1
34 89 2
20 28 2
12 96 2
40 53 2
40 65 2
14 23 2
36 105 1
14 69 2
1 29 2
15 81 2
21 66 2
20 101 2
27 117 2
53 87 2
1 54 2
4 83 1
70 88 2
6 94 2
20 51 2
30 54 2
4 82 2
11 84 1
12 112 2
27 48 2
2 45 2
60 66 2
8 29 2
13 117 1
25 68 2
19 88 2
37 113 1
20 26 2
9 51 2
24 59 2
12 68 2
3 68 2
37 79 1
15 22 2
18 110 1
19 34 2
59 90 2
23 78 1
51 113 1
12 116 2
11 102 2
55 63 2
35 42 2
33 105 2
17 81 2
6 9 2
51 52 2
28 59 2
17 112 2
62 95 1
1 67 2
12 118 2
17 91 2
31 71 2
1 62 2
35 69 2
46 118 1
50 95 1
16 21 2
33 108 2
16 86 1
5 79 2
28 61 2
19 35 2
44 91 2
30 71 2
59 115 2
63 116 2
22 51 2
11 32 2
27 78 2
67 89 1
25 38 2
62 69 2
5 40 2
2 9 2
8 75 2
13 42 2
58 98 2
19 58 2
21 42 2
17 108 1
43 85 2
43 66 2
5 11 2
47 113 2
56 91 1
41 103 2
7 70 2
39 64 2
57 118 1
42 118 2
27 37 2
64 69 2
55 82 2
22 66 2
15 55 2
3 7 2
51 80 1
30 77 1
10 118 2
11 104 1
43 44 2
26 38 2
58 86 2
16 119 2
38 75 2
34 39 2
1 36 2
59 81 2
25 29 2
0 77 2
60 90 1
45 64 2
13 48 2
30 117 1
5 76 1
21 43 2
0 18 2
47 85 2
11 57 2
46 84 1
11 107 2
31 81 2
16 40 2
59 85 2
17 73 2
21 30 2
0 52 2
9 103 2
16 49 2
19 49 2
4 34 2
43 64 2
6 57 2
0 17 2
34 103 1
6 92 1
18 52 2
62 119 2
0 9 2
19 115 2
9 44 2
11 71 2
64 82 2
19 37 2
16 110 1
1 16 2
44 55 2
31 70 2
30 104 1
35 77 2
40 85 2
32 41 2
18 94 2
1 115 2
65 67 2
31 43 2
2 57 2
44 111 2
30 41 2
1 39 2
30 73 2
27 33 2
52 108 2
36 50 2
55 104 2
2 29 2
58 83 1
3 12 2
8 35 2
29 41 2
33 47 2
49 79 2
13 65 2
13 37 2
9 63 2
29 51 2
1 95 2
29 69 2
54 63 2
11 22 2
68 101 2
1 8 2
31 59 2
3 94 2
5 42 2
42 44 2
9 74 1
25 108 1
31 114 1
33 68 2
52 61 2
36 90 2
20 39 2
19 54 2
19 107 1
49 108 2
68 79 2
23 72 2
31 75 2
8 22 2
55 79 2
57 59 2
17 43 2
5 89 2
60 81 2
46 66 2
62 92 2
32 40 2
53 105 1
3 49 2
0 49 2
38 56 2
23 107 1
9 21 2
38 67 2
69 108 1
35 82 2
60 107 1
0 112 2
13 32 2
5 70 2
46 68 2
12 107 1
49 62 2
20 32 2
59 108 1
8 27 2
49 109 1
9 73 1
43 116 2
10 17 2
39 58 2
13 29 2
20 98 2
2 91 2
1 66 2
35 39 2
6 113 2
35 36 2
15 74 2
30 91 2
13 71 2
56 66 2
32 94 1
21 64 2
27 29 2
51 90 2
36 79 2
42 107 1
17 36 2
63 79 2
18 44 2
40 86 2
53 55 2
37 71 2
3 69 2
1 6 2
52 105 1
46 67 2
22 98 2
47 105 2
19 95 2
5 53 2
37 77 2
34 93 2
5 91 1
30 115 2
66 101 1
27 43 2
48 76 2
34 84 1
14 75 2
49 51 2
19 69 2
22 35 2
23 65 2
38 66 2
0 47 2
18 19 2
21 87 2
3 14 2
41 65 2
30 102 1
40 50 2
19 98 1
3 32 2
28 40 2
21 105 1
7 15 2
10 47 2
29 108 1
25 90 1
50 59 2
8 115 2
12 37 2
25 62 2
6 108 2
39 97 2
28 62 2
14 38 2
16 32 2
18 64 2
2 44 2
9 35 2
33 55 2
47 94 2
32 99 2
10 54 2
29 54 2
2 71 2
62 80 1
1 93 2
19 99 1
61 118 2
5 25 2
19 40 2
33 109 2
23 30 2
57 89 2
45 86 2
30 78 2
47 83 2
8 34 2
19 76 1
28 81 2
48 115 1
13 59 2
61 90 2
51 110 2
18 41 2
24 56 2
14 45 2
53 104 1
7 23 2
47 51 2
69 118 2
56 90 2
66 75 2
49 106 1
51 114 2
13 46 2
45 79 2
4 102 2
33 77 2
67 101 2
20 59 2
9 71 2
47 103 2
67 68 2
25 81 1
68 83 2
14 73 2
29 88 1
17 78 2
39 72 1
38 58 2
55 74 2
2 118 1
8 68 2
7 66 2
25 67 2
67 90 1
15 54 2
4 76 2
7 36 2
16 70 2
3 22 2
46 98 2
7 73 1
4 11 2
15 65 2
18 27 2
15 94 1
32 54 2
40 67 2
25 84 1
50 57 2
25 118 1
21 60 2
13 85 2
54 71 2
32 63 2
57 78 1
9 93 2
6 51 2
19 65 2
11 119 2
5 107 2
31 51 2
35 72 1
33 61 2
58 59 2
56 59 2
13 64 2
14 20 2
6 84 2
45 66 2
29 99 1
14 28 2
61 87 2
3 48 2
61 70 2
0 43 2
0 48 2
22 105 1
67 72 2
3 55 2
3 54 2
21 41 2
23 90 2
45 67 2
59 93 2
7 29 2
35 37 2
7 25 2
49 50 2
41 76 2
56 97 2
4 36 2
39 79 2
31 38 2
39 84 2
23 97 1
49 80 2
26 83 2
42 85 1
4 89 2
59 112 1
25 40 2
7 79 2
19 29 2
29 48 2
26 87 2
11 62 2
51 107 1
36 84 1
38 116 2
44 52 2
41 52 2
4 54 2
15 78 2
48 114 1
39 55 2
3 103 2
34 58 2
10 44 2
32 112 1
29 56 2
34 104 2
7 60 2
67 106 1
63 77 2
11 88 2
60 84 2
34 116 2
13 27 2
1 44 2
63 95 2
39 82 1
7 78 1
67 87 1
24 27 2
29 98 2
15 19 2
25 33 2
27 70 2
24 52 2
23 55 2
23 33 2
6 21 2
42 105 2
2 28 2
38 48 2
14 33 2
5 51 2
24 102 2
15 89 2
22 60 2
16 35 2
45 69 2
0 78 2
11 112 1
38 74 2
12 98 2
47 108 2
46 53 2
17 40 2
64 93 1
61 91 2
16 89 2
59 113 2
62 74 2
16 67 2
22 88 1
15 26 2
24 77 1
24 83 2
12 119 1
7 109 2
1 60 2
49 95 1
1 58 2
47 64 2
37 55 2
16 18 2
64 72 2
17 54 2
71 119 2
31 117 2
63 82 2
29 77 2
42 110 2
55 112 2
47 81 2
33 119 2
45 113 1
62 116 2
45 53 2
15 113 2
69 114 2
50 98 2
9 92 2
9 56 2
3 30 2
4 25 2
50 105 2
63 118 2
4 53 2
54 94 1
54 113 1
27 45 2
3 113 1
5 34 2
3 118 1
19 102 1
4 8 2
43 51 2
17 99 1
24 114 2
0 33 2
33 110 2
4 74 2
33 63 2
71 92 1
8 97 1
28 82 2
59 61 2
24 118 2
30 72 1
17 46 2
37 62 2
51 116 1
68 113 2
4 58 2
25 82 1
53 101 1
1 55 2
26 45 2
14 24 2
22 26 2
15 111 1
68 86 2
55 118 1
13 25 2
35 62 2
63 83 2
15 85 1
32 114 2
5 59 2
4 79 1
17 51 2
35 81 2
14 67 2
38 39 2
53 56 2
10 100 2
20 68 2
63 101 1
0 91 2
31 36 2
32 104 2
2 73 2
25 56 2
27 101 2
15 32 2
34 42 2
2 110 1
23 50 2
20 70 2
49 55 2
18 59 2
38 50 2
18 36 2
21 83 2
26 105 2
28 56 2
51 58 2
53 73 2
11 29 2
34 37 2
16 97 1
43 70 2
12 51 2
36 86 2
14 40 2
29 37 2
0 20 2
23 105 2
48 69 2
12 105 1
66 97 1
12 74 2
25 41 2
34 35 2
35 88 2
13 69 2
18 67 2
41 98 2
9 45 2
0 22 2
42 115 2
45 54 2
11 103 2
53 70 2
2 115 2
14 26 2
41 92 1
23 28 2
14 32 2
14 68 2
8 50 2
37 49 2
58 75 1
16 102 2
13 58 2
15 31 2
67 73 2
41 49 2
2 32 2
46 77 1
17 47 2
8 44 2
4 28 2
5 52 2
6 52 2
37 93 2
49 102 2
69 94 1
4 90 2
23 39 2
4 20 2
66 93 1
50 60 2
24 64 2
40 87 2
14 52 2
24 30 2
44 90 1
41 47 2
49 94 2
43 91 2
3 41 2
43 68 2
8 26 2
31 105 1
28 102 2
19 24 2
19 100 2
61 72 2
24 110 1
40 71 2
17 68 2
52 102 1
46 101 2
34 82 1
25 37 2
26 92 2
18 108 1
21 54 2
31 95 2
4 47 2
34 105 2
22 29 2
46 57 2
33 75 1
52 84 2
16 60 2
1 118 2
56 100 1
36 58 2
48 57 2
39 103 2
32 42 2
22 33 2
27 42 2
28 116 2
23 106 2
63 80 1
8 102 1
41 59 2
16 36 2
35 50 2
9 68 2
14 116 1
21 52 2
28 87 2
28 48 2
15 98 2
5 85 2
22 54 2
16 61 2
7 69 2
2 12 2
6 53 2
14 58 2
16 114 2
29 83 2
53 57 2
22 52 2
62 96 2
39 43 2
48 71 2
44 45 2
69 104 1
14 65 2
13 98 2
50 114 2
60 78 2
11 109 2
50 101 2
9 75 1
12 47 2
15 28 2
25 66 2
4 59 2
23 37 2
53 97 1
58 62 2
23 96 2
31 61 2
59 105 1
6 114 1
26 85 2
23 26 2
64 114 2
41 100 1
8 11 2
8 76 1
52 110 2
4 114 2
27 31 2
7 101 2
10 113 2
9 34 2
38 57 2
47 69 2
27 91 1
29 57 2
29 72 1
13 92 1
48 55 2
12 82 1
6 62 2
28 32 2
55 57 2
39 70 2
26 50 2
64 87 2
1 99 2
11 99 1
57 115 2
17 102 1
16 63 2
26 96 2
15 109 2
1 88 1
19 62 2
43 114 2
21 106 2
59 60 2
35 87 2
54 118 1
48 50 2
33 51 2
32 96 2
23 48 2
29 82 2
41 70 2
52 96 1
9 23 2
43 93 2
36 77 2
33 48 2
14 118 2
36 110 2
64 81 2
39 118 2
19 104 2
43 54 2
19 39 2
36 68 2
14 44 2
51 117 2
38 44 2
30 45 2
24 44 2
49 61 2
8 93 2
16 17 2
15 42 2
31 41 2
9 70 2
35 107 2
16 113 2
34 83 1
44 67 2
17 60 2
45 82 2
46 55 2
49 76 1
29 102 2
55 100 2
40 61 2
0 16 2
9 77 2
68 110 2
7 80 1
30 52 2
28 41 2
11 18 2
22 102 2
8 46 2
52 76 2
33 87 2
8 24 2
56 78 2
69 90 2
70 74 2
5 74 2
67 91 1
4 18 2
0 57 2
34 94 2
36 44 2
17 31 2
63 105 2
3 86 1
9 105 2
16 81 1
36 47 2
14 47 2
6 17 2
54 64 2
65 70 2
36 65 2
37 59 2
19 53 2
4 57 2
1 101 1
19 91 1
51 68 2
9 53 2
24 73 1
32 61 2
22 92 1
37 41 2
31 82 2
61 108 1
43 82 2
3 44 2
12 35 2
31 44 2
17 20 2
42 82 1
13 110 2
56 74 2
70 99 2
6 117 2
9 102 2
34 75 1
23 52 2
31 113 1
4 16 2
70 82 1
3 24 2
18 99 1
12 44 2
23 99 1
0 56 2
24 40 2
31 64 2
0 103 1
68 99 2
41 75 2
36 87 2
9 62 2
48 61 2
30 98 2
15 34 2
46 49 2
61 82 2
22 84 2
17 45 2
22 118 1
33 102 2
32 108 2
40 48 2
45 88 2
66 102 1
3 60 2
13 113 1
22 107 2
47 58 2
3 83 1
7 67 2
11 101 2
60 105 2
0 73 2
51 112 2
3 10 2
41 45 2
41 73 2
64 65 2
34 107 2
62 114 2
21 33 2
1 103 2
45 77 2
14 56 2
37 100 2
30 92 2
12 71 2
28 30 2
6 78 2
13 94 2
42 75 2
8 52 2
63 89 2
32 56 2
55 59 2
2 81 1
44 113 2
7 89 2
10 18 2
32 34 2
19 57 2
32 75 2
15 43 2
20 97 1
66 91 2
35 40 2
12 17 2
24 25 2
47 54 2
45 107 2
67 69 2
6 76 2
25 50 2
14 43 2
6 46 2
58 109 2
30 47 2
49 90 2
59 67 2
33 41 2
46 107 1
15 70 2
43 52 2
12 22 2
46 51 2
17 44 2
14 71 2
37 108 2
23 104 2
3 52 2
18 101 1
13 76 2
12 38 2
15 63 2
28 29 2
57 106 1
49 65 2
8 42 2
6 42 2
33 69 2
25 94 2
54 81 2
54 84 2
21 119 1
9 90 2
23 70 2
29 45 2
34 110 2
1 91 1
14 15 2
71 87 2
8 100 2
11 56 2
28 67 2
42 63 2
25 42 2
37 63 2
18 42 2
4 32 2
19 33 2
25 39 2
48 107 2
33 35 2
50 58 2
38 88 2
6 65 2
18 69 2
25 34 2
46 104 1
7 43 2
67 77 2
14 39 2
13 63 2
29 62 2
4 117 2
23 113 1
52 97 1
13 116 2
45 58 2
20 91 2
70 113 1
57 67 2
52 56 2
52 69 2
29 75 1
44 65 2
44 93 2
60 97 2
8 55 2
29 46 2
23 45 2
1 92 1
56 63 2
4 70 2
37 82 2
5 10 2
68 112 2
4 75 2
48 82 2
0 2 2
31 63 2
34 108 2
58 69 2
17 57 2
31 74 1
70 98 1
4 95 2
5 72 2
19 94 2
34 46 2
6 31 2
8 107 1
33 117 1
20 37 2
18 63 2
65 80 2
46 93 2
69 106 1
12 43 2
36 39 2
47 56 2
5 44 2
69 95 1
11 117 1
27 95 1
35 74 2
12 63 2
25 30 2
4 6 2
53 83 2
13 81 1
2 60 2
23 35 2
28 58 2
56 96 2
33 34 2
56 88 2
42 56 2
71 91 1
4 80 1
10 96 1
37 84 1
45 61 2
39 63 2
22 24 2
66 89 1
5 14 2
56 94 2
62 78 1
21 88 2
71 88 2
58 100 2
30 32 2
40 107 2
22 70 2
8 96 2
10 62 2
18 51 2
45 52 2
2 58 2
2 23 2
10 14 2
35 53 2
35 114 2
68 108 1
2 5 2
45 109 2
2 97 2
16 93 2
58 107 2
1 7 2
19 89 2
7 9 2
1 70 2
40 73 2
12 18 2
29 40 2
56 71 2
51 119 1
39 40 2
55 64 2
2 55 2
14 66 2
24 31 2
17 87 2
30 113 2
50 97 2
7 34 2
38 62 2
70 71 2
5 49 2
30 94 1
56 70 2
18 111 2
60 65 2
17 59 2
32 76 2
6 63 2
1 100 2
8 65 2
17 26 2
25 74 2
13 30 2
47 119 1
25 71 2
37 61 2
61 99 2
11 61 2
67 113 2
39 62 2
64 106 1
6 47 2
28 53 2
5 32 2
31 42 2
32 55 2
20 40 2
48 67 2
62 81 2
48 79 1
8 28 2
0 46 2
6 44 2
26 57 2
3 39 2
25 73 2
21 26 2
22 57 2
1 12 2
25 27 2
8 114 2
0 54 2
46 73 2
52 68 2
11 77 2
12 72 2
54 80 2
51 77 2
71 76 2
14 63 2
0 119 2
67 105 2
16 72 1
63 70 2
17 104 1
21 70 2
38 72 1
49 84 2
19 96 1
33 50 2
44 103 2
0 67 2
53 89 2
9 86 2
37 106 2
54 75 1
16 37 2
28 71 2
27 30 2
27 60 2
50 53 2
26 32 2
62 97 2
17 42 2
62 77 2
36 38 2
56 110 2
69 111 2
51 57 2
24 55 2
28 105 2
45 57 2
2 62 2
14 85 2
48 105 2
51 59 2
35 99 1
46 63 2
23 64 2
9 109 2
63 119 1
61 111 2
51 67 2
7 76 1
34 52 2
19 46 2
19 21 2
29 52 2
0 116 2
25 116 1
61 63 2
10 88 2
29 47 2
42 106 2
24 39 2
64 100 1
20 116 2
53 100 2
29 50 2
20 29 2
4 98 2
45 46 2
54 87 2
7 51 2
26 115 1
11 52 2
28 73 1
67 118 2
8 118 2
63 106 1
51 54 2
27 38 2
53 112 2
25 102 2
4 97 2
67 114 2
32 64 2
28 34 2
11 98 2
19 30 2
7 24 2
41 108 1
66 70 2
20 71 2
26 35 2
61 85 2
5 38 2
47 101 2
27 79 1
3 109 2
11 78 2
6 14 2
3 27 2
14 104 2
30 80 2
60 103 2
19 71 2
42 51 2
25 83 1
35 68 2
39 101 1
52 64 2
28 64 2
1 10 2
32 77 2
45 70 2
17 56 2
65 68 2
65 112 1
18 55 2
21 49 2
71 81 2
0 108 2
2 49 2
53 64 2
54 90 1
54 65 2
7 42 2
41 42 2
35 105 2
33 64 2
18 88 2
24 41 2
34 68 2
20 46 2
0 15 2
11 37 2
20 41 2
2 93 1
51 63 2
54 109 2
58 94 2
5 57 2
23 80 1
18 107 2
35 52 2
56 106 1
27 55 2
4 94 2
55 71 2
10 50 2
48 90 2
49 52 2
13 14 2
37 46 2
27 116 1
15 33 2
45 104 2
3 70 2
8 49 2
8 101 1
9 20 2
20 66 2
8 30 2
27 56 2
46 72 1
27 85 1
24 37 2
8 20 2
8 58 2
27 113 1
28 54 2
34 40 2
22 72 1
15 101 1
68 114 1
11 59 2
5 19 2
31 55 2
69 71 2
34 38 2
23 62 2
0 113 2
1 20 2
14 96 2
71 110 1
25 31 2
7 27 2
28 100 1
34 51 2
52 114 2
10 45 2
31 54 2
56 69 2
44 95 2
68 91 2
21 77 2
34 76 1
22 80 2
60 64 2
9 89 2
7 47 2
41 55 2
27 66 2
14 48 2
16 71 2
14 34 2
22 23 2
23 71 2
21 44 2
12 64 2
28 101 2
32 47 2
63 72 2
20 106 2
45 105 2
12 16 2
6 8 2
41 44 2
53 80 2
17 109 1
33 106 2
34 65 2
2 78 2
24 103 2
49 64 2
51 92 1
61 106 2
21 91 2
7 28 2
29 53 2
61 110 2
34 69 2
52 66 2
38 60 2
13 18 2
13 20 2
31 37 2
45 60 2
12 100 1
56 92 1
26 72 2
70 77 2
6 60 2
13 38 2
66 113 2
3 42 2
44 114 2
13 61 2
3 87 1
35 111 2
18 112 2
41 51 2
18 39 2
50 66 2
36 115 2
5 13 2
26 103 2
17 90 2
1 112 1
47 90 1
65 97 2
36 96 2
26 34 2
25 85 1
26 36 2
65 113 2
61 104 2
30 58 2
2 8 2
20 78 2
7 11 2
58 111 2
25 99 2
30 70 2
1 119 2
9 112 2
0 12 2
65 81 2
7 59 2
14 94 2
15 20 2
16 52 2
21 51 2
6 24 2
52 65 2
19 93 1
60 69 2
55 67 2
27 52 2
47 110 2
28 33 2
54 61 2
5 7 2
9 113 2
16 112 2
25 54 2
42 48 2
16 19 2
5 17 2
47 74 1
13 24 2
17 39 2
66 111 1
46 71 2
40 103 1
32 59 2
48 96 2
21 80 2
13 23 2
41 109 2
14 59 2
64 74 2
64 92 2
57 88 2
51 96 2
30 84 2
23 38 2
61 71 2
3 45 2
41 61 2
43 76 2
35 67 2
35 70 2
51 71 2
2 54 2
33 79 2
40 55 2
9 15 2
1 64 2
1 33 2
5 48 2
33 98 2
12 104 2
12 69 2
14 82 2
9 91 1
25 32 2
3 72 2
36 118 2
21 23 2
52 85 2
51 88 2
35 100 2
27 98 2
15 37 2
65 111 2
12 101 1
48 49 2
21 46 2
18 104 1
60 100 2
3 6 2
16 24 2
23 51 2
35 95 1
3 74 2
31 47 2
52 63 2
17 29 2
19 68 2
22 109 2
12 61 2
36 85 2
0 30 2
29 65 2
18 48 2
10 83 2
19 45 2
12 117 2
36 82 1
7 44 2
3 50 2
54 106 1
70 94 2
26 49 2
22 110 2
10 69 2
30 99 2
13 115 2
52 77 1
49 57 2
35 49 2
67 110 2
71 90 2
65 74 2
20 44 2
55 103 1
9 17 2
23 40 2
62 98 2
18 34 2
69 82 1
4 10 2
27 49 2
71 97 2
59 86 2
44 105 2
22 65 2
0 51 2
13 57 2
21 36 2
25 28 2
9 60 2
8 36 2
10 27 2
20 42 2
54 59 2
12 110 1
59 89 1
64 66 2
19 38 2
43 78 1
24 35 2
66 74 1
11 33 2
35 61 2
7 72 2
70 92 1
49 89 2
45 68 2
35 58 2
36 66 2
17 21 2
22 81 1
60 79 2
34 56 2
14 70 2
60 67 2
64 75 2
13 35 2
33 95 2
27 65 2
8 31 2
3 102 1
22 39 2
10 57 2
22 73 2
50 61 2
6 28 2
16 56 2
8 77 2
20 33 2
45 73 2
52 67 2
18 29 2
71 99 1
27 92 2
48 54 2
18 103 2
24 75 2
1 81 2
32 106 2
11 16 2
41 48 2
21 56 2
34 70 2
4 92 1
62 65 2
63 67 2
14 86 1
49 115 1
32 50 2
17 105 1
23 60 2
27 114 2
23 112 2
44 82 1
43 90 1
1 98 2
8 16 2
5 88 2
55 70 2
42 58 2
10 29 2
42 92 1
4 21 2
17 69 2
61 67 2
26 42 2
13 83 2
38 96 1
15 56 2
7 54 2
16 100 2
20 31 2
1 59 2
42 64 2
33 49 2
55 60 2
43 77 1
30 40 2
14 54 2
9 33 2
10 104 2
2 31 2
10 109 2
13 17 2
19 22 2
22 56 2
18 70 2
70 101 2
40 64 2
6 35 2
37 58 2
27 94 1
4 26 2
1 69 2
47 67 2
14 50 2
35 38 2
19 112 2
50 81 2
62 64 2
7 118 2
16 44 2
39 73 2
38 46 2
40 69 2
26 27 2
40 74 1
4 61 2
48 100 2
67 111 2
44 73 2
49 53 2
11 60 2
40 42 2
35 79 1
12 45 2
71 73 1
36 40 2
7 33 2
54 117 2
68 71 2
38 110 2
40 89 2
30 51 2
23 108 2
32 65 2
10 43 2
7 52 2
24 66 2
58 79 2
17 32 2
39 65 2
5 116 2
26 95 2
44 71 2
3 59 2
26 66 2
26 52 2
71 100 1
20 107 2
31 69 2
17 93 2
26 43 2
13 50 2
49 99 1
16 99 1
18 73 2
43 99 2
27 83 2
8 59 2
47 107 1
36 37 2
24 107 1
0 79 2
49 78 2
25 60 2
37 50 2
49 112 2
56 87 2
59 103 2
32 73 1
39 113 2
29 107 2
60 70 2
4 119 2
14 51 2
24 68 2
32 95 1
25 100 2
64 89 2
7 19 2
19 106 1
42 68 2
37 40 2
11 111 2
32 103 1
1 61 2
64 83 1
71 109 1
61 77 2
36 41 2
70 110 1
10 102 1
71 98 2
22 68 2
30 36 2
13 43 2
17 52 2
60 73 2
41 118 2
8 73 1
37 114 1
53 84 1
1 2 2
40 49 2
35 59 2
63 107 1
15 39 2
49 70 2
38 49 2
31 56 2
12 66 2
5 92 2
5 56 2
70 83 2
51 74 1
11 27 2
19 26 2
13 53 2
16 57 2
31 92 2
7 71 2
44 119 1
58 61 2
54 67 2
13 102 1
46 74 1
69 110 2
25 86 2
42 66 2
30 53 2
12 79 2
53 95 2
11 41 2
8 61 2
27 90 1
5 119 2
7 55 2
38 115 2
53 60 2
31 39 2
17 25 2
29 104 1
39 60 2
16 88 1
9 104 1
26 31 2
23 118 1
18 47 2
61 69 2
56 68 2
40 56 2
8 21 2
23 81 1
5 55 2
31 98 2
49 67 2
33 83 1
44 64 2
44 78 2
0 60 2
62 66 2
19 86 2
7 20 2
68 94 2
43 88 2
8 18 2
29 63 2
7 31 2
49 58 2
42 109 2
25 91 2
39 80 1
29 109 2
11 116 2
10 59 2
34 54 2
59 106 2
40 90 2
2 82 1
4 33 2
35 64 2
64 68 2
6 70 2
30 37 2
29 61 2
3 38 2
47 71 2
58 113 1
2 100 2
10 75 2
58 82 2
0 23 2
31 67 2
70 112 1
3 34 2
54 60 2
2 16 2
58 108 2
46 54 2
41 69 2
13 106 2
48 72 1
10 93 2
16 30 2
1 102 1
18 84 1
31 108 1
36 74 2
9 64 2
29 71 2
26 48 2
34 114 1
42 69 2
32 44 2
31 57 2
60 75 2
28 49 2
10 31 2
40 115 2
25 75 2
44 79 1
43 62 2
3 108 1
2 30 2
45 62 2
65 77 1
43 67 2
59 63 2
24 65 2
53 54 2
44 48 2
33 39 2
51 109 1
35 73 2
22 27 2
60 88 2
10 66 2
61 64 2
23 67 2
8 13 2
1 77 2
0 11 2
48 112 2
20 24 2
21 45 2
16 109 2
31 33 2
59 102 2
48 95 1
26 40 2
26 119 2
13 91 2
38 97 2
44 115 2
19 84 1
64 71 2
35 89 2
55 58 2
36 100 2
50 67 2
41 74 1
50 63 2
12 34 2
57 108 2
70 100 2
63 96 2
64 67 2
9 76 2
5 102 2
4 27 2
58 103 2
10 110 2
36 69 2
5 96 1
12 83 2
13 95 1
41 112 2
4 12 2
7 63 2
36 89 2
9 57 2
4 46 2
9 100 2
27 67 2
35 60 2
19 20 2
24 48 2
44 69 2
38 53 2
69 70 2
30 63 2
2 14 2
21 50 2
6 43 2
31 84 2
5 71 2
23 73 2
54 76 2
70 111 2
51 69 2
21 103 2
37 118 1
23 63 2
12 28 2
17 53 2
20 56 2
41 60 2
51 76 1
18 90 1
30 44 2
26 47 2
18 68 2
42 43 2
27 119 2
52 55 2
9 81 2
65 79 1
0 71 2
48 74 2
23 95 2
8 56 2
21 84 2
46 105 2
57 100 2
6 97 1
67 115 2
4 44 2
28 63 2
36 81 1
28 107 2
35 75 2
53 66 2
46 97 1
41 56 2
64 79 2
3 67 2
38 55 2
48 98 2
33 46 2
15 118 2
43 94 1
50 51 2
57 112 2
64 70 2
2 7 2
12 56 2
20 43 2
1 14 2
51 111 2
21 69 2
37 48 2
41 58 2
32 35 2
7 95 2
25 36 2
3 117 2
4 105 2
50 62 2
19 56 2
15 29 2
45 51 2
5 43 2
14 101 2
28 112 2
38 65 2
19 63 2
15 44 2
47 95 2
34 91 2
16 104 2
0 29 2
5 113 1
47 55 2
66 106 2
56 86 2
27 108 2
0 45 2
60 115 2
1 26 2
7 13 2
53 111 2
53 78 2
4 108 1
19 55 2
66 117 1
56 60 2
7 102 2
70 114 1
46 69 2
34 63 2
28 45 2
34 67 2
47 104 1
66 71 2
60 68 2
16 33 2
4 7 2
1 30 2
16 38 2
15 107 2
18 113 2
63 114 2
16 55 2
47 77 1
6 26 2
37 75 2
44 49 2
20 48 2
40 66 2
3 78 2
26 62 2
18 105 2
67 71 2
3 111 2
21 62 2
39 108 2
28 43 2
46 70 2
56 101 2
25 110 2
20 67 2
57 64 2
5 103 2
41 81 2
40 83 2
12 42 2
8 54 2
45 50 2
43 110 1
65 104 2
27 109 1
65 110 2
23 56 2
27 68 2
12 108 2
63 66 2
13 105 2
39 117 1
41 91 2
58 99 2
63 110 2
30 109 2
27 39 2
14 97 2
54 110 1
0 55 2
33 44 2
0 50 2
2 114 1
20 102 2
46 102 1
3 57 2
1 50 2
50 113 1
27 44 2
50 116 2
61 62 2
16 20 2
27 54 2
32 71 2
36 114 1
2 80 2
7 83 2
59 82 2
34 66 2
39 94 2
64 104 2
66 116 1
23 61 2
11 90 2
33 56 2
58 115 2
7 41 2
51 93 2
41 113 2
26 55 2
2 40 2
23 117 1
12 20 2
12 55 2
18 30 2
30 82 1
4 29 2
48 106 1
35 98 2
40 99 1
23 68 2
11 44 2
6 86 1
8 12 2
66 72 1
68 70 2
31 48 2
37 78 2
71 95 2
18 43 2
10 23 2
42 97 2
24 76 2
48 94 2
12 53 2
33 40 2
51 85 2
38 51 2
28 66 2
17 86 2
59 83 1
0 13 2
34 41 2
64 102 2
10 53 2
9 58 2
6 79 2
69 86 2
15 36 2
24 46 2
71 118 2
46 50 2
1 89 2
29 92 2
22 97 1
4 55 2
10 64 2
18 97 1
31 58 2
29 87 2
59 78 2
2 116 2
37 66 2
22 47 2
51 105 2
35 119 2
8 48 2
7 35 2
31 60 2
28 37 2
22 55 2
51 64 2
28 52 2
28 36 2
27 63 2
17 38 2
9 54 2
66 69 2
16 65 2
3 28 2
24 97 2
54 108 2
18 60 2
3 63 2
49 86 2
3 93 2
19 31 2
42 76 2
3 71 2
68 84 2
6 102 2
67 97 2
32 52 2
3 33 2
20 108 2
36 46 2
33 52 2
51 73 2
69 73 1
16 73 2
42 117 2
3 95 2
35 41 2
3 21 2
55 88 2
37 117 1
64 112 2
21 31 2
9 115 1
32 39 2
15 82 2
1 90 2
22 108 1
0 38 2
71 83 1
56 112 2
36 59 2
21 58 2
52 95 2
2 33 2
36 51 2
17 41 2
29 32 2
10 98 2
46 58 2
20 119 1
32 48 2
57 95 1
53 93 2
65 89 1
46 76 2
5 50 2
48 119 2
69 98 2
18 53 2
9 19 2
69 109 2
5 15 2
5 104 2
60 96 2
39 66 2
52 75 2
22 61 2
7 64 2
61 68 2
3 91 2
14 46 2
34 36 2
46 112 2
12 30 2
57 61 2
26 63 2
6 100 2
49 56 2
12 111 1
12 41 2
28 35 2
26 80 2
49 54 2
55 83 1
41 72 2
20 105 1
17 95 2
40 57 2
20 74 2
33 67 2
63 91 2
13 67 2
50 93 2
59 62 2
57 85 2
8 57 2
17 88 2
60 86 1
17 117 1
52 113 1
33 118 2
52 106 2
62 106 1
23 84 2
57 105 2
36 55 2
14 35 2
15 80 2
26 59 2
53 77 2
45 56 2
21 47 2
7 81 2
25 95 2
11 63 2
22 49 2
35 65 2
26 70 2
49 93 2
50 94 2
32 60 2
34 80 2
18 23 2
5 66 2
36 56 2
37 92 1
27 77 2
55 56 2
55 62 2
13 21 2
52 100 1
32 36 2
43 69 2
20 95 2
36 42 2
10 65 2
10 22 2
3 115 2
39 87 2
7 100 2
15 57 2
35 112 1
70 105 2
33 92 2
21 78 1
0 69 2
71 106 2
10 52 2
28 51 2
28 98 2
26 84 2
27 41 2
47 99 2
6 59 2
61 92 2
10 87 1
18 109 2
45 91 2
57 97 2
29 106 2
61 119 2
20 61 2
49 83 1
10 48 2
10 28 2
59 94 2
21 27 2
10 16 2
33 37 2
27 59 2
8 103 1
54 66 2
4 101 2
44 54 2
18 76 2
66 87 1
38 54 2
49 59 2
7 16 2
0 39 2
9 11 2
23 29 2
25 55 2
1 108 1
6 45 2
46 52 2
17 75 2
24 38 2
46 109 1
21 29 2
34 85 1
43 50 2
22 50 2
31 65 2
13 107 2
9 69 2
37 103 1
31 79 2
29 113 2
43 83 2
19 81 1
18 45 2
59 71 2
34 45 2
5 37 2
10 33 2
5 75 1
12 32 2
5 100 1
22 96 1
2 46 2
19 75 2
19 80 1
61 100 2
21 34 2
20 62 2
69 97 2
28 78 2
6 25 2
53 90 2
28 47 2
46 60 2
31 104 1
38 104 2
3 66 2
2 68 2
18 22 2
33 80 1
58 77 2
6 74 2
5 77 1
13 66 2
16 42 2
54 58 2
0 40 2
56 64 2
10 60 2
37 44 2
28 90 1
59 69 2
39 75 1
55 110 1
11 12 2
2 24 2
43 115 2
56 80 1
2 25 2
43 71 2
35 115 2
38 70 2
65 95 1
0 6 2
47 75 2
20 83 2
39 88 2
6 111 2
13 99 1
45 106 2
20 35 2
47 53 2
34 87 2
2 37 2
47 89 2
32 82 2
39 68 2
10 119 1
46 59 2
52 111 2
3 119 1
29 68 2
24 47 2
38 68 2
54 107 2
41 77 2
37 67 2
68 116 1
0 53 2
13 82 2
4 99 2
52 118 2
26 61 2
54 62 2
8 119 2
35 109 1
68 118 2
15 88 1
57 63 2
11 40 2
23 115 2
21 39 2
24 113 2
47 63 2
6 99 2
7 12 2
37 109 2
35 56 2
6 54 2
36 102 2
18 31 2
24 100 1
17 67 2
62 71 2
33 45 2
39 50 2
16 77 1
7 75 2
19 109 2
13 70 1
25 65 1
47 57 1
42 65 1
22 93 2
48 65 1
44 89 2
43 117 1
52 53 1
2 72 2
60 118 1
26 93 1
18 89 2
73 110 2
108 119 2
63 68 1
4 22 1
35 48 1
52 73 2
58 63 1
1 35 1
64 107 1
16 27 1
32 67 1
62 108 1
5 47 1
2 83 1
46 56 1
57 83 1
28 111 2
4 38 1
39 115 2
40 118 1
73 118 2
66 110 2
26 111 1
49 118 1
59 79 1
19 118 2
3 40 1
28 68 1
22 99 2
8 9 1
