% n=120 p=33 d=0.66 p_blue=0.33
% k=0
0 26 2
1 17 2
27 72 1
31 32 2
27 37 2
2 105 2
11 29 2
25 27 2
24 83 2
30 104 1
7 25 2
5 36 2
38 46 2
35 115 2
25 51 1
8 116 2
8 112 1
10 13 2
15 64 1
27 39 2
20 118 1
32 40 1
31 96 1
36 113 1
14 17 2
26 32 2
31 50 1
8 22 2
30 36 2
0 88 1
34 117 2
12 22 2
15 43 2
17 52 1
15 65 2
37 77 1
30 74 1
29 63 1
32 94 2
17 75 1
21 27 2
21 36 2
4 44 1
1 31 2
16 62 1
16 43 2
24 30 2
5 30 2
31 99 1
12 21 2
29 65 2
9 102 1
11 63 1
7 60 2
39 56 1
32 41 2
12 20 2
24 68 2
9 113 1
18 29 2
30 82 1
10 43 1
31 115 2
20 95 2
38 100 1
29 79 1
19 49 2
2 39 2
11 35 2
3 78 1
20 36 2
1 35 2
2 3 2
2 19 2
13 36 2
32 87 1
27 41 1
5 109 1
6 19 2
14 101 2
15 29 2
8 9 2
37 58 2
26 70 1
0 14 2
11 55 1
18 104 2
25 70 1
0 78 2
12 107 2
11 84 2
3 83 1
15 71 1
3 56 2
15 60 1
39 60 2
8 103 2
1 112 1
10 28 2
33 107 1
10 60 1
3 33 2
31 91 1
0 42 1
31 68 1
37 114 1
13 48 1
3 21 2
18 73 2
36 87 1
0 65 2
31 65 1
5 31 2
29 38 2
19 112 1
5 13 2
12 97 2
28 32 2
35 53 1
7 24 2
39 86 1
35 37 2
8 71 1
37 105 1
11 77 1
16 90 1
26 115 1
34 64 2
23 98 1
5 39 2
0 102 2
5 22 2
10 41 1
15 111 1
5 90 1
11 100 1
32 108 2
32 39 2
36 48 2
5 117 1
24 90 1
2 78 1
8 26 2
12 84 2
9 75 1
23 28 2
29 69 1
6 40 1
12 102 1
2 9 2
19 37 2
19 109 2
19 36 2
9 117 2
10 90 1
24 112 1
35 40 2
10 114 1
39 99 1
38 102 1
24 73 1
4 96 2
14 24 2
37 93 1
18 51 1
30 100 2
8 83 1
28 71 1
3 14 2
31 38 2
6 83 1
12 101 2
11 45 1
12 117 1
22 41 1
26 66 2
39 87 1
11 32 2
15 23 2
29 74 2
16 17 2
19 69 1
7 111 1
32 43 1
0 54 1
34 115 1
7 33 2
0 94 1
15 49 2
8 28 2
12 79 1
13 18 2
3 16 2
21 104 1
20 112 1
11 64 1
0 100 1
25 119 2
11 79 1
7 53 1
0 82 1
1 25 2
37 59 2
1 93 2
28 29 2
30 63 1
10 66 1
18 27 2
20 105 2
18 39 2
9 47 2
0 59 1
7 20 2
37 47 2
11 119 1
16 57 1
4 17 2
26 72 1
24 69 2
16 27 2
17 86 1
10 111 2
1 60 1
10 76 2
0 67 1
8 98 2
6 102 1
29 89 1
8 91 1
34 86 1
1 78 2
22 42 1
10 33 2
18 87 1
14 22 2
17 24 2
1 85 1
30 116 1
12 68 2
19 72 1
2 5 2
18 75 1
10 103 1
20 37 2
9 116 2
24 76 2
4 20 2
14 58 2
15 102 2
23 68 1
29 51 2
21 61 1
33 102 1
1 87 2
8 56 1
12 15 2
7 100 1
28 51 1
20 35 2
26 57 2
16 50 1
14 42 1
37 119 1
39 84 1
19 35 2
23 63 2
22 32 2
1 90 2
28 33 2
32 60 2
21 95 2
14 84 1
25 81 2
30 54 1
7 22 2
14 103 2
7 17 2
32 37 2
33 59 1
29 99 1
32 62 1
11 114 1
9 94 2
6 30 2
29 33 2
12 14 2
28 30 2
6 116 1
15 57 2
12 17 2
32 85 1
2 89 1
19 101 1
6 22 2
21 76 2
36 118 1
39 73 1
0 106 1
25 38 2
34 48 1
32 109 1
3 46 1
7 114 2
10 30 2
28 93 1
18 34 2
23 70 2
39 81 1
1 72 1
0 74 2
15 96 1
30 75 2
22 39 2
8 39 2
14 48 1
29 31 2
1 92 1
2 74 1
3 57 2
24 45 1
1 10 2
39 85 2
24 116 1
11 59 1
5 42 1
1 48 2
18 36 2
13 22 2
13 31 2
26 69 2
1 2 2
22 112 1
10 87 2
12 29 2
12 99 2
12 106 1
25 47 1
10 64 1
30 34 2
16 105 1
14 45 1
18 58 1
11 13 2
26 47 2
14 21 2
20 26 2
20 116 2
30 109 2
2 108 1
13 25 2
22 89 2
29 41 2
4 25 2
17 36 2
13 61 2
34 67 1
22 91 2
20 76 1
6 73 1
28 52 1
21 40 1
31 98 2
13 116 2
25 42 2
5 10 2
37 38 2
23 43 1
16 89 1
11 110 1
28 102 1
29 117 2
19 24 2
38 70 1
39 75 1
24 99 1
14 68 2
21 22 2
13 47 1
16 24 2
16 38 2
8 87 1
13 83 1
3 109 1
5 32 2
3 85 2
20 23 2
21 109 1
14 72 1
1 69 1
3 8 2
11 92 1
22 87 1
25 89 1
18 19 2
10 89 1
4 32 2
11 36 2
0 18 2
8 12 2
20 100 2
8 14 2
37 111 1
35 74 2
10 17 2
22 37 2
7 96 1
28 58 1
1 114 1
29 67 1
8 93 1
15 19 2
13 64 1
31 49 1
17 115 1
33 78 1
2 30 2
3 82 2
9 70 1
15 81 1
32 69 2
30 90 1
1 13 2
20 60 1
39 89 1
32 42 1
4 23 2
21 64 2
13 19 2
22 46 1
1 47 1
4 38 2
27 70 1
9 119 1
12 62 1
21 33 2
24 105 1
6 78 1
28 63 1
28 88 2
12 50 1
11 109 2
38 52 1
17 81 2
14 31 2
20 117 1
5 78 2
20 31 2
14 54 1
16 79 1
10 59 1
3 38 2
33 96 1
35 104 1
36 72 2
29 80 1
2 69 1
28 100 1
24 82 1
16 106 2
20 79 2
38 114 1
14 30 2
9 21 2
13 66 1
16 77 1
27 93 1
16 107 2
15 100 1
4 117 2
0 58 1
6 50 1
4 21 2
36 91 2
38 106 1
19 78 1
12 92 1
29 49 2
8 32 2
6 100 1
28 62 1
24 46 1
17 19 2
19 117 1
4 64 1
29 109 2
21 97 1
23 102 1
31 60 1
17 51 1
22 33 2
11 97 2
30 112 1
34 75 2
20 108 2
3 102 2
5 12 2
26 33 2
3 48 1
13 102 1
33 58 1
14 108 2
4 6 2
36 66 1
35 55 1
14 16 2
7 14 2
36 59 1
33 39 2
36 82 1
7 77 2
1 15 2
8 67 1
16 119 1
32 59 1
34 38 2
38 83 1
30 110 1
22 40 2
27 54 1
16 102 2
12 59 1
28 107 1
7 28 2
6 12 2
0 62 1
11 31 2
33 81 1
22 60 2
4 43 1
16 49 1
19 100 1
21 50 2
32 50 1
27 30 2
11 99 1
8 62 1
20 21 2
20 90 1
15 30 2
6 112 1
28 106 2
33 85 1
8 96 2
22 30 2
27 64 1
17 60 1
6 28 2
14 44 2
1 61 2
32 116 1
4 57 1
21 34 2
10 25 2
7 118 2
18 31 2
7 101 1
13 95 1
3 100 2
17 109 1
29 87 1
21 114 1
32 54 2
24 117 2
17 27 2
0 19 2
39 61 1
28 36 2
4 106 1
15 16 2
6 114 1
33 94 2
16 30 2
23 65 1
5 41 1
8 79 1
17 34 2
4 100 1
39 79 1
2 85 1
11 80 2
3 93 1
38 97 1
26 89 1
18 80 1
3 17 2
8 119 1
4 28 2
9 15 2
31 64 1
17 114 1
27 44 1
22 26 2
27 88 2
30 64 2
13 75 2
24 106 1
12 110 1
31 45 1
12 70 1
1 84 1
18 38 2
17 40 1
14 34 2
25 55 1
2 29 2
34 41 2
0 6 2
22 86 2
12 91 1
25 99 1
33 38 2
0 110 2
38 78 1
13 86 1
12 47 1
9 22 2
31 33 2
35 86 2
34 87 1
27 58 1
6 86 1
6 60 1
23 110 1
4 50 2
11 20 2
7 119 1
14 65 1
6 15 2
1 21 2
39 108 1
20 24 2
2 32 2
9 114 2
7 68 2
19 50 1
15 73 1
23 84 2
8 76 1
22 110 2
35 107 2
31 35 2
19 90 2
21 58 2
29 44 2
33 98 1
8 27 2
9 10 2
25 112 1
13 29 2
9 84 1
32 77 2
13 49 2
0 77 1
16 115 2
10 21 2
16 68 1
19 96 1
17 59 1
13 78 1
11 38 2
4 12 2
5 17 2
35 85 2
18 68 2
21 69 1
8 61 1
17 67 1
34 93 1
13 85 2
6 31 2
39 110 1
38 69 1
10 20 2
18 55 1
30 87 1
8 45 2
36 78 1
39 92 1
21 25 2
3 90 1
17 101 1
21 52 1
15 52 2
17 53 1
30 71 1
25 84 2
20 39 2
13 45 2
39 55 1
26 31 2
26 59 1
18 108 1
21 28 2
10 91 2
10 105 1
3 91 1
8 108 2
27 96 2
7 113 1
1 3 2
20 119 1
38 85 1
12 25 2
2 40 1
3 22 2
34 60 2
3 96 2
11 83 1
17 22 2
15 108 1
22 36 2
8 20 2
10 109 2
36 62 1
24 36 2
6 77 1
0 38 2
21 84 2
16 44 1
25 78 1
24 43 1
18 25 2
35 87 2
31 62 1
18 93 2
9 72 1
10 46 2
26 38 2
31 40 1
3 81 1
17 107 2
32 33 2
0 103 2
22 109 1
20 48 1
0 84 1
17 98 1
6 27 2
12 38 2
34 91 1
3 95 1
37 112 1
8 88 2
30 58 2
27 109 1
19 74 1
24 26 2
38 49 1
0 31 2
24 38 2
34 80 2
17 77 2
17 35 2
33 99 1
32 47 1
37 43 2
12 118 2
5 51 1
15 42 1
23 106 1
37 54 1
16 32 2
10 18 2
18 57 2
32 55 2
9 11 2
30 60 1
33 119 1
17 50 1
19 29 2
0 113 1
38 59 1
16 99 2
25 59 1
39 118 2
28 54 1
8 69 1
25 68 2
38 119 1
35 54 2
5 37 2
3 73 2
35 43 1
29 102 1
4 85 1
8 100 2
7 21 2
30 37 2
15 109 1
5 25 2
7 99 1
0 35 2
22 73 1
35 41 1
9 36 2
9 28 2
16 35 2
11 54 2
36 54 1
12 41 1
37 69 1
27 29 2
12 31 2
7 107 1
30 31 2
3 19 2
11 57 1
14 110 2
17 110 1
0 33 2
27 113 2
7 78 2
28 72 2
24 80 1
5 110 1
21 93 1
10 22 2
12 67 1
24 39 2
18 32 2
26 78 1
33 51 1
14 79 1
7 108 1
7 18 2
7 12 2
11 116 1
5 14 2
9 92 2
31 107 1
1 50 2
23 25 2
21 96 1
33 72 1
1 67 1
35 49 1
35 38 2
23 52 1
29 84 1
30 73 2
16 98 1
19 76 1
31 57 1
21 105 1
21 71 2
19 75 2
9 42 1
2 10 2
19 88 1
10 62 2
27 118 2
9 74 1
16 67 2
13 106 1
23 82 1
21 73 2
2 14 2
10 104 1
4 5 2
36 60 1
16 85 1
19 113 2
2 15 2
13 46 1
26 48 2
39 114 1
7 36 2
12 24 2
7 110 1
18 109 1
0 43 2
23 81 1
29 75 1
14 43 2
29 71 1
38 104 2
15 31 2
29 72 1
23 80 2
27 53 1
5 108 2
20 46 2
1 115 1
36 53 1
19 60 2
12 76 1
6 18 2
18 49 1
23 79 2
29 70 1
9 53 1
22 106 1
24 40 1
24 35 2
38 48 2
35 64 2
3 9 2
14 19 2
6 44 2
2 27 2
28 84 2
13 67 1
32 98 1
19 89 1
16 19 2
2 119 1
11 73 1
32 93 1
15 20 2
27 102 1
20 49 1
1 52 2
3 30 2
5 9 2
2 83 1
10 94 1
5 102 2
36 56 2
22 72 2
1 62 2
23 66 1
20 32 2
2 13 2
33 101 1
6 98 1
25 97 2
19 119 1
1 18 2
30 40 1
28 97 1
37 98 1
35 97 1
11 58 2
7 102 1
5 111 1
20 101 2
27 63 2
6 45 1
24 53 1
33 63 1
12 46 1
39 88 1
27 108 2
19 67 2
24 48 2
7 71 2
13 52 1
17 43 2
26 60 1
30 103 1
39 82 1
26 65 2
33 92 1
29 68 1
2 107 1
26 63 1
13 39 2
0 81 1
9 76 1
38 107 1
32 118 1
2 70 2
5 65 1
28 39 2
11 101 2
19 30 2
37 51 1
13 65 1
26 56 1
9 112 1
22 48 2
5 103 1
18 97 1
19 86 2
0 1 2
25 41 1
27 82 1
1 96 1
17 30 2
10 84 1
8 40 1
25 62 2
35 113 2
10 81 2
10 32 2
2 82 1
0 63 1
37 108 2
12 58 1
4 49 1
4 99 1
18 106 1
20 104 2
25 110 2
27 34 2
33 79 1
37 102 1
26 86 2
9 20 2
15 34 2
33 103 2
1 77 2
11 86 1
18 20 2
13 101 1
6 117 1
2 118 1
26 54 1
0 28 2
1 100 1
30 78 1
34 85 1
34 54 1
7 31 2
2 42 1
39 109 2
1 63 2
28 73 1
33 35 2
24 75 1
2 25 2
24 50 2
18 110 2
17 55 2
17 95 1
3 70 2
26 44 1
18 94 1
9 30 2
9 31 2
3 42 1
18 95 1
7 8 2
16 112 1
23 85 2
35 36 2
37 79 1
1 36 2
38 87 1
26 114 1
31 103 2
6 84 1
39 49 2
29 119 1
39 74 1
22 63 2
3 7 2
9 107 1
4 58 1
4 114 1
3 45 1
27 85 2
7 109 2
23 37 2
1 113 2
4 76 1
6 42 1
23 62 2
2 56 1
22 38 2
10 37 2
34 110 2
15 22 2
25 83 1
10 95 2
5 6 2
22 52 2
16 18 2
19 41 1
2 36 2
2 71 1
11 62 1
8 42 2
5 113 1
35 39 2
35 52 1
18 91 1
29 40 2
17 108 1
1 8 2
14 62 2
10 31 2
3 88 2
3 39 2
34 71 1
11 27 2
29 78 1
30 118 1
6 56 2
34 101 2
10 106 1
32 67 1
0 44 1
1 55 2
10 85 1
28 101 2
34 114 1
0 51 1
1 37 2
8 11 2
21 24 2
22 23 2
27 36 2
38 44 2
10 113 1
9 61 2
14 35 2
35 79 1
5 28 2
10 29 2
3 36 2
26 27 2
20 27 2
12 16 2
35 56 1
11 69 2
22 66 1
2 48 1
1 74 1
5 79 1
2 26 2
23 108 1
16 96 1
30 89 2
19 118 1
15 25 2
17 91 1
18 74 2
5 53 1
19 71 1
8 57 2
20 29 2
29 81 2
2 31 2
24 92 1
19 87 2
4 65 1
21 49 1
12 63 1
27 45 1
10 35 2
0 29 2
22 83 1
9 50 1
18 65 1
25 46 1
9 93 1
7 46 1
27 98 1
8 60 1
13 40 1
17 38 2
5 60 2
21 37 2
11 43 1
37 75 1
0 46 1
35 112 2
9 17 2
0 115 1
6 24 2
17 88 1
0 108 1
14 57 1
11 24 2
30 61 2
14 47 1
11 85 1
23 107 1
32 117 1
32 89 2
16 29 2
29 92 1
29 105 2
9 67 1
15 47 1
27 80 2
6 51 1
12 65 1
14 23 2
2 79 1
37 56 2
4 91 2
17 28 2
17 32 2
20 42 2
19 59 2
11 113 1
29 107 1
26 29 2
21 29 2
4 60 2
13 23 2
5 71 1
23 67 2
9 29 2
34 94 1
6 34 2
33 113 1
33 36 2
13 110 1
14 96 1
4 56 1
39 51 1
39 101 1
19 111 1
1 58 1
26 67 2
1 29 2
14 106 1
2 81 1
27 40 1
15 87 1
0 7 2
21 30 2
27 100 1
24 79 1
22 100 1
37 99 1
15 101 1
30 113 2
31 104 2
10 40 2
23 30 2
3 76 1
16 22 2
0 39 2
2 76 2
24 64 1
0 111 1
38 93 2
8 19 2
20 61 1
11 87 1
26 113 1
13 44 1
0 25 2
3 12 2
5 47 1
0 91 1
38 111 1
6 47 1
13 104 1
20 40 2
39 95 1
7 39 2
37 60 1
13 69 1
27 52 2
32 74 1
39 98 1
6 26 2
16 92 1
26 84 1
13 21 2
19 33 2
3 110 1
3 11 2
1 51 2
17 66 2
18 63 1
25 53 2
1 24 2
18 61 2
32 46 1
14 88 1
39 103 2
35 114 2
37 71 2
29 30 2
30 99 1
34 44 2
14 69 2
15 66 1
33 45 1
36 55 1
20 81 1
0 97 1
27 111 1
28 110 1
34 62 1
8 16 2
17 31 2
19 22 2
19 62 1
6 20 2
5 73 1
10 14 2
4 36 2
1 107 1
27 74 1
31 34 2
17 56 2
9 68 1
22 101 2
13 26 2
35 81 1
12 51 1
5 49 1
33 110 1
15 28 2
3 119 2
3 34 2
5 98 1
31 100 1
17 74 1
24 55 1
12 13 2
20 64 2
5 68 2
36 104 1
25 114 1
13 63 2
20 34 2
17 33 2
17 94 1
2 114 2
3 4 2
34 99 1
26 30 2
5 18 2
1 56 1
24 25 2
25 113 2
25 28 2
15 59 1
33 37 2
2 97 1
35 99 1
5 33 2
38 117 2
10 12 2
0 86 1
25 116 2
35 66 2
11 96 2
27 86 1
0 11 2
31 47 1
5 119 2
25 107 2
38 113 1
22 43 1
25 57 1
32 115 1
13 20 2
28 86 2
0 45 2
2 72 1
3 35 2
32 104 1
3 24 2
21 100 1
4 115 1
1 59 1
7 56 2
32 111 1
9 32 2
32 113 1
33 71 2
8 72 2
12 19 2
21 85 1
7 43 2
33 87 2
27 117 2
25 37 2
7 72 1
12 28 2
14 18 2
16 36 2
21 23 2
20 107 2
38 56 2
29 66 2
28 50 2
38 77 1
4 19 2
5 91 2
31 87 2
4 103 2
26 96 2
38 112 1
37 107 1
27 61 1
9 52 1
18 100 1
14 38 2
20 94 1
9 55 1
14 76 2
3 20 2
22 111 2
30 77 1
7 45 1
21 101 1
0 8 2
22 107 1
27 38 2
13 70 1
25 71 1
17 49 2
14 39 2
17 21 2
30 59 2
18 70 1
17 112 1
19 39 2
16 34 2
15 38 2
1 16 2
22 96 1
1 75 1
22 67 1
38 98 1
32 61 1
19 38 2
0 104 2
0 5 2
12 87 1
3 6 2
19 47 1
37 113 1
22 88 1
4 9 2
31 52 2
3 10 2
25 96 1
19 94 2
36 40 2
1 54 1
6 16 2
0 30 2
26 87 2
34 50 2
19 26 2
2 62 2
0 12 2
15 98 1
20 22 2
39 43 1
39 83 1
0 68 1
10 44 1
0 36 2
28 38 2
10 78 2
13 71 1
0 4 2
3 53 1
0 32 2
20 89 1
26 104 1
32 51 1
37 94 1
29 59 1
3 44 2
20 55 1
4 97 2
14 98 2
24 109 1
21 98 1
26 112 1
23 78 1
11 14 2
30 46 1
35 77 2
27 48 1
37 115 2
22 71 1
14 93 1
7 55 1
1 44 2
30 79 1
17 39 2
15 70 1
38 62 1
11 25 2
19 68 2
14 27 2
1 83 1
37 53 2
19 32 2
3 13 2
22 116 1
5 15 2
35 48 1
23 40 1
21 48 1
30 106 2
35 80 2
8 49 1
36 49 2
33 41 1
9 26 2
32 79 1
12 43 1
25 58 1
10 116 1
16 28 2
1 108 2
11 12 2
36 63 1
30 108 1
35 69 1
33 117 1
0 93 1
34 82 1
38 109 1
9 97 2
16 56 1
21 65 2
2 91 1
27 35 2
3 58 1
5 35 2
23 39 2
24 32 2
16 72 1
29 34 2
9 106 1
7 85 1
32 84 1
25 109 2
26 105 1
38 76 1
33 52 2
9 13 2
23 64 2
2 6 2
2 77 1
10 48 1
14 36 2
7 35 2
0 105 1
12 119 1
33 61 1
15 74 2
9 40 2
17 63 1
16 26 2
2 34 2
8 37 2
30 70 2
16 103 2
33 73 2
17 92 2
16 93 1
8 29 2
27 67 1
13 50 2
10 86 1
22 114 1
38 60 1
38 50 2
15 106 1
32 65 2
31 111 2
35 47 1
6 87 2
12 36 2
24 119 1
8 90 1
7 84 1
36 50 1
12 32 2
29 88 2
20 41 1
27 83 2
35 117 2
37 80 1
20 97 1
29 95 1
26 45 1
28 47 1
24 34 2
11 106 1
25 26 2
4 35 2
23 69 1
2 7 2
5 75 1
31 112 1
21 106 1
14 73 1
12 55 1
9 25 2
28 43 1
17 89 1
16 23 2
35 92 1
5 106 1
31 63 1
10 11 2
38 54 1
11 115 1
0 21 2
22 95 2
11 47 2
28 80 1
16 37 2
30 56 2
15 21 2
9 43 1
10 23 2
22 79 2
29 61 2
19 102 1
0 23 2
30 83 2
6 72 1
18 119 1
31 84 1
19 108 2
21 75 2
8 24 2
15 84 1
20 28 2
13 35 2
24 56 1
7 90 2
1 98 1
27 99 1
13 33 2
35 105 2
23 32 2
30 68 1
35 44 2
4 105 2
5 97 1
37 76 1
4 15 2
27 116 1
24 54 2
1 97 1
28 68 2
3 75 2
12 115 1
5 23 2
31 86 1
26 106 2
13 99 1
32 49 2
5 29 2
24 84 1
11 91 1
20 44 2
11 16 2
37 74 2
8 105 1
20 43 1
5 116 1
4 83 1
19 43 1
8 59 1
39 76 1
5 11 2
9 33 2
0 109 2
15 85 1
6 81 1
13 17 2
23 72 2
16 46 2
11 71 2
15 105 2
32 114 1
24 89 2
21 102 1
23 90 2
6 39 2
22 24 2
16 73 1
24 28 2
2 54 2
17 102 2
36 112 1
5 52 1
4 48 1
16 39 2
20 92 2
21 118 1
15 75 1
0 48 2
32 73 1
34 66 2
28 74 2
7 70 1
22 29 2
23 55 1
1 88 1
18 23 2
33 68 2
31 101 1
8 10 2
23 92 1
27 112 1
15 117 1
31 88 2
7 86 2
35 109 1
28 70 1
3 72 1
20 68 2
14 37 2
18 115 1
34 72 1
19 58 1
35 89 1
37 87 2
5 55 1
30 39 2
24 101 1
3 69 2
33 86 1
22 45 2
0 34 2
35 58 2
8 30 2
9 111 1
26 91 1
30 35 2
24 47 1
3 15 2
8 58 1
3 37 2
3 115 1
3 67 1
32 56 2
25 95 2
9 14 2
8 43 1
15 86 1
6 17 2
25 100 1
12 72 1
37 78 1
38 86 1
31 44 1
34 37 2
17 18 2
16 21 2
32 82 1
22 118 1
24 108 1
19 54 1
31 72 2
15 113 2
11 90 1
5 46 2
6 110 1
10 117 1
35 76 2
9 24 2
26 43 2
14 55 2
6 38 2
18 101 1
23 117 1
17 29 2
8 13 2
31 59 1
36 86 1
1 111 1
6 76 1
23 48 1
4 42 1
28 89 2
26 34 2
17 116 1
30 119 2
36 83 1
4 39 2
3 106 2
16 74 1
16 31 2
22 93 1
4 90 1
33 65 2
25 61 1
14 28 2
25 34 2
10 42 1
25 74 2
10 26 2
3 62 2
17 71 2
1 32 2
20 38 2
3 118 2
34 108 1
36 88 2
29 94 2
36 41 1
18 56 1
6 29 2
5 20 2
1 119 1
1 26 2
3 113 1
6 35 2
29 82 2
25 31 2
38 65 1
15 55 1
26 85 1
34 73 1
12 96 2
13 51 1
38 71 2
11 48 1
15 79 1
30 97 1
14 90 2
34 57 1
0 49 1
17 20 2
11 88 1
23 119 1
5 114 1
5 24 2
12 93 2
6 62 2
10 69 1
25 103 2
34 40 1
22 65 2
8 70 1
23 36 2
19 81 1
20 78 1
3 107 2
5 72 1
31 119 1
32 92 1
10 72 2
23 34 2
25 85 1
36 100 2
4 14 2
32 66 2
33 116 1
36 80 1
19 25 2
16 33 2
39 54 1
15 18 2
0 66 2
12 35 2
34 69 1
25 65 1
11 56 1
23 103 1
11 21 2
25 92 1
37 89 2
16 88 2
1 79 1
27 91 1
39 40 1
10 74 1
6 99 1
39 119 1
19 31 2
23 118 1
2 84 2
24 114 1
6 94 1
22 35 2
35 90 1
37 83 2
23 60 1
20 25 2
3 51 2
9 71 1
14 15 2
7 48 1
10 80 1
22 61 1
26 36 2
14 94 2
16 75 2
31 71 1
27 50 2
12 105 1
11 17 2
24 61 1
8 41 2
9 35 2
29 32 2
6 46 1
32 110 1
4 34 2
21 67 2
33 105 1
31 66 1
5 21 2
34 74 1
31 85 1
16 117 2
13 84 1
7 98 2
17 119 1
12 40 1
7 9 2
35 108 1
23 89 1
27 49 1
2 65 1
0 98 1
10 54 2
14 59 1
5 27 2
28 91 1
15 93 1
18 53 1
0 13 2
29 48 1
37 91 1
6 11 2
7 30 2
15 45 1
17 23 2
27 90 1
23 26 2
36 42 1
5 85 1
30 84 1
18 26 2
25 33 2
11 28 2
2 4 2
32 63 1
39 72 2
21 70 1
15 24 2
2 98 1
5 94 2
18 81 1
24 91 1
21 57 2
20 110 1
19 42 1
8 15 2
22 104 1
38 84 1
12 23 2
16 25 2
20 50 2
7 23 2
37 48 1
37 116 2
17 69 2
4 53 1
18 92 2
28 49 1
25 39 2
7 19 2
13 62 2
11 67 1
31 37 2
9 57 1
8 18 2
31 69 1
20 47 1
23 38 2
14 61 2
1 89 1
0 114 2
27 106 2
10 82 1
2 20 2
10 34 2
33 109 2
7 94 1
8 21 2
18 21 2
36 75 1
0 37 2
19 80 2
26 77 2
27 46 1
27 94 1
7 87 2
16 70 1
14 67 2
31 74 1
18 82 2
2 35 2
9 39 2
31 80 2
12 116 1
4 66 1
6 7 2
1 22 2
8 34 2
27 73 1
30 44 1
25 102 2
32 64 1
18 62 2
22 31 2
22 81 1
10 38 2
3 103 1
31 114 1
32 45 1
28 55 1
16 97 1
27 87 1
33 74 1
38 47 1
29 73 2
2 102 2
8 54 2
26 83 2
33 90 1
17 44 1
20 115 1
22 27 2
4 37 2
33 114 1
26 37 2
5 43 1
7 11 2
23 96 2
27 33 2
10 52 1
27 77 2
18 71 1
31 54 2
1 39 2
33 69 1
21 32 2
21 41 2
8 35 2
1 20 2
31 117 1
0 55 1
2 57 1
31 53 1
33 34 2
30 66 2
16 42 2
29 53 1
16 51 2
4 107 2
28 67 2
26 117 1
38 42 2
2 109 2
13 14 2
34 35 2
20 72 2
31 90 2
4 109 1
1 70 2
24 86 2
14 29 2
28 95 1
26 62 2
19 53 1
1 14 2
38 53 1
2 101 2
12 30 2
16 48 1
39 48 2
15 39 2
12 49 2
20 93 1
4 59 2
37 110 2
5 88 2
19 82 1
11 66 1
0 24 2
36 102 1
35 118 2
14 32 2
12 39 2
24 33 2
14 52 1
18 52 1
28 117 2
26 52 1
14 105 1
0 53 1
4 33 2
23 31 2
8 31 2
8 36 2
17 82 2
0 22 2
30 69 1
13 108 2
21 86 1
0 87 2
31 77 1
33 60 2
18 98 1
28 41 2
4 11 2
32 90 1
2 73 1
4 89 1
7 10 2
9 34 2
2 58 2
7 27 2
38 73 1
6 95 1
31 105 1
28 31 2
15 72 2
14 33 2
34 89 1
20 75 1
33 53 1
6 96 2
1 33 2
0 27 2
9 27 2
24 93 1
15 94 1
21 80 2
28 34 2
14 92 1
22 117 1
36 57 1
15 33 2
13 58 1
19 44 2
24 77 1
15 36 2
16 65 1
17 41 1
27 28 2
21 116 1
13 56 1
9 95 1
11 82 1
36 69 2
4 46 2
9 51 1
13 32 2
2 86 1
14 85 2
1 66 1
9 37 2
16 41 1
10 118 2
7 117 2
36 39 2
25 36 2
10 47 2
4 29 2
37 72 1
25 104 1
8 110 2
15 32 2
2 17 2
0 112 1
26 103 1
17 58 1
20 113 1
1 76 1
4 51 1
5 83 2
4 104 2
2 100 2
6 8 2
13 74 1
5 115 1
39 45 2
17 78 1
7 91 2
0 16 2
36 93 1
11 111 1
3 104 1
4 22 2
21 83 1
4 94 2
29 96 1
3 50 1
21 87 1
16 20 2
8 17 2
14 119 1
2 23 2
37 61 1
17 99 1
36 90 1
22 119 1
22 90 1
27 62 2
12 111 1
12 75 1
9 65 1
27 110 1
26 40 1
8 81 1
0 20 2
5 34 2
13 15 2
29 43 1
18 22 2
2 33 2
20 71 2
31 95 1
11 112 1
18 54 2
6 88 1
8 77 2
23 91 1
17 62 2
6 21 2
20 91 2
16 59 1
2 11 2
4 86 1
24 71 2
23 42 1
33 82 1
28 78 1
34 116 1
15 35 2
28 119 1
39 116 1
21 119 1
4 24 2
3 23 2
8 51 1
26 107 1
4 111 1
2 104 1
4 16 2
12 27 2
12 104 2
29 56 1
37 106 1
15 67 1
13 88 1
15 27 2
18 37 2
15 97 2
37 101 1
8 38 2
37 73 1
9 80 1
28 92 2
2 117 2
13 37 2
12 77 2
26 53 2
39 42 2
21 43 1
7 34 2
31 109 2
35 111 2
9 54 2
13 41 1
9 83 1
5 26 2
13 103 2
0 10 2
32 99 1
11 53 1
12 45 2
10 73 1
9 62 1
5 70 2
2 106 1
6 36 2
13 93 1
9 85 1
38 80 1
37 39 2
11 19 2
27 107 1
38 67 1
16 64 1
28 94 2
1 53 1
7 26 2
10 96 1
21 31 2
34 76 2
25 108 1
15 119 1
17 68 1
1 104 1
4 92 1
4 31 2
20 96 1
17 54 2
1 5 2
2 21 2
15 90 1
16 87 1
26 35 2
10 15 2
34 111 1
11 22 2
33 118 1
19 21 2
28 105 2
21 94 1
28 46 1
6 106 2
5 19 2
6 101 1
6 33 2
13 59 1
7 57 2
3 86 1
37 42 1
17 84 1
8 55 1
14 51 1
24 70 1
9 19 2
7 38 2
23 71 2
22 62 1
19 27 2
2 88 2
22 102 1
36 117 1
3 18 2
24 94 1
35 62 2
7 66 2
10 77 1
30 45 2
10 53 2
18 117 1
3 26 2
9 105 1
3 114 2
24 29 2
30 32 2
7 37 2
2 111 1
8 68 1
39 80 1
4 110 1
31 73 1
2 113 1
34 90 1
9 110 1
27 89 1
30 41 1
38 43 1
30 55 1
18 60 1
8 104 1
24 100 1
16 100 1
25 86 1
39 46 1
29 101 1
30 38 2
16 69 1
37 46 2
20 88 2
5 16 2
20 111 1
20 114 2
20 33 2
6 14 2
8 86 1
31 110 1
27 32 2
27 81 2
4 13 2
31 94 1
28 103 1
36 71 1
12 100 1
15 77 1
11 23 2
1 30 2
32 38 2
0 71 1
15 69 1
7 41 1
4 8 2
32 36 2
10 36 2
10 49 1
38 110 1
29 58 1
23 35 2
18 44 1
27 43 1
33 76 1
24 63 1
35 65 2
7 50 1
26 79 2
10 107 1
13 16 2
25 98 1
5 38 2
5 59 1
6 69 1
20 85 2
31 39 2
17 104 1
33 95 1
0 64 1
5 50 2
17 64 1
2 47 1
8 46 1
5 80 1
28 79 1
29 97 1
38 88 1
12 33 2
36 95 1
1 49 1
21 39 2
32 75 2
7 93 1
29 47 1
36 51 1
30 92 1
7 32 2
7 16 2
25 117 1
26 94 1
38 99 1
29 111 1
27 119 1
12 80 1
13 60 2
38 74 1
30 115 1
28 75 1
28 64 2
0 3 2
10 110 1
28 35 2
23 24 2
13 119 1
1 34 2
15 26 2
39 52 1
20 66 1
14 26 2
13 55 2
4 7 2
20 57 2
17 25 2
33 40 2
18 43 1
28 118 1
24 37 2
15 89 1
2 18 2
19 51 1
9 18 2
25 45 1
30 117 1
4 71 2
24 65 1
30 80 1
2 8 2
15 58 1
21 59 1
10 39 2
16 113 2
11 34 2
0 2 2
37 90 2
34 53 1
15 44 2
4 10 2
1 19 2
6 9 2
26 74 1
38 95 1
18 116 1
27 104 2
31 36 2
2 51 1
28 87 1
21 110 2
34 96 2
2 22 2
21 38 2
23 41 2
29 113 1
3 32 2
7 81 1
5 104 1
1 11 2
20 82 1
2 28 2
5 56 2
29 36 2
8 25 2
1 38 2
29 103 2
35 71 1
6 55 1
37 97 1
12 64 1
12 61 1
28 85 1
1 71 1
2 93 2
7 29 2
21 79 1
29 39 2
31 61 1
19 95 1
37 103 1
32 96 2
8 23 2
11 108 1
8 101 1
32 34 2
23 75 1
2 112 2
19 45 2
6 23 2
18 112 1
6 61 1
38 92 2
30 98 1
9 59 1
11 46 1
11 33 2
30 65 1
20 62 2
36 38 2
12 86 1
22 34 2
28 57 2
25 63 1
1 41 1
19 28 2
10 16 2
36 114 2
6 57 1
22 80 2
14 83 2
22 98 1
13 38 2
2 46 1
24 103 1
34 77 1
18 33 2
15 82 1
38 64 1
6 118 1
18 102 1
7 13 2
5 8 2
18 79 1
24 31 2
3 77 1
38 41 2
34 56 2
1 73 1
18 28 2
28 115 2
1 106 2
21 63 2
26 28 2
29 35 2
13 118 2
8 80 1
21 42 2
30 94 2
19 34 2
4 108 2
13 57 1
34 78 1
13 34 2
35 60 1
3 117 1
22 108 2
39 62 1
21 88 1
0 17 2
34 49 2
26 97 1
20 30 2
20 67 2
8 33 2
25 35 2
12 66 1
1 12 2
24 102 1
15 17 2
25 50 2
22 64 1
4 101 1
1 4 2
9 88 1
18 42 1
23 47 1
19 115 1
19 56 1
9 16 2
28 98 2
37 109 2
23 73 2
6 109 1
9 118 2
39 65 2
23 29 2
26 39 2
9 60 1
32 53 1
14 91 2
36 76 1
22 103 2
16 104 2
32 35 2
24 60 2
28 83 1
36 106 1
11 30 2
34 63 2
23 74 1
36 46 2
39 57 2
34 119 1
21 115 1
3 5 2
16 58 1
5 44 1
38 51 2
0 89 1
9 78 1
24 98 2
33 84 2
6 67 1
1 116 2
2 67 1
12 18 2
12 74 1
5 105 2
9 23 2
22 99 1
32 78 2
9 87 1
0 60 2
17 37 2
3 29 2
6 25 2
15 92 1
19 20 2
32 57 1
2 24 2
11 15 2
23 56 1
39 69 2
8 109 1
17 80 1
2 38 2
8 50 1
10 61 1
30 43 1
11 41 1
34 36 2
39 113 1
0 99 2
4 27 2
13 107 1
22 97 1
9 89 1
39 93 2
1 23 2
8 115 2
2 37 2
35 93 1
27 31 2
1 43 1
38 118 1
7 15 2
22 84 1
14 97 2
11 75 1
32 86 1
24 85 1
6 89 1
4 52 2
26 108 1
32 97 2
34 70 1
15 37 2
36 81 2
34 45 2
18 111 1
4 82 1
29 116 1
18 35 2
12 48 1
16 66 2
23 33 2
36 68 2
26 101 1
30 95 1
26 68 1
1 28 2
4 77 1
25 30 2
9 96 2
8 92 1
13 54 2
34 95 2
6 65 1
6 115 1
0 56 1
0 118 1
26 55 2
20 109 1
4 88 1
22 69 2
25 73 2
29 50 2
12 82 2
22 53 1
37 118 2
9 82 1
16 80 1
38 96 1
27 78 1
13 100 2
13 27 2
22 77 2
34 39 2
12 114 1
22 51 2
18 69 2
36 110 1
3 59 1
11 37 2
1 110 2
22 28 2
19 93 1
34 61 2
11 95 1
1 81 1
1 45 1
13 115 1
9 81 1
22 78 1
26 50 1
30 50 1
4 30 2
24 41 1
8 64 2
24 115 2
9 63 1
7 58 2
12 26 2
19 97 1
31 82 2
6 63 1
10 27 2
32 101 1
32 112 1
25 90 2
23 59 2
13 28 2
2 16 2
23 27 2
19 83 1
3 31 2
26 119 2
2 68 2
19 84 1
4 80 1
0 70 1
19 85 2
13 77 1
39 94 1
8 97 1
27 75 2
8 66 2
34 102 1
24 97 1
6 37 2
36 65 1
31 81 1
9 77 1
5 76 2
19 23 2
32 76 2
10 100 1
23 104 1
26 58 1
13 112 2
20 52 1
4 41 1
3 27 2
11 70 2
17 117 1
25 64 1
7 103 1
10 24 2
2 12 2
21 99 1
13 43 1
8 113 1
27 47 1
2 64 1
37 66 1
23 50 1
30 33 2
21 26 2
17 26 2
0 57 1
7 115 1
19 61 1
28 44 1
0 69 2
15 46 2
38 115 1
23 54 1
16 52 1
11 39 2
1 9 2
1 118 2
39 50 2
5 57 2
4 95 1
4 26 2
22 105 2
35 68 2
21 53 1
4 18 2
37 44 1
8 82 1
6 91 2
6 32 2
5 7 2
35 63 1
21 113 1
6 105 1
13 24 2
26 95 1
18 90 1
25 48 2
36 84 1
33 75 1
13 30 2
14 40 2
6 13 2
38 39 2
17 83 2
29 52 2
36 101 2
0 9 2
12 34 2
9 38 2
7 89 1
15 116 1
62 83 1
23 105 2
18 30 1
7 64 2
29 37 1
11 18 1
0 116 1
62 104 1
14 49 2
77 102 1
3 116 2
18 105 2
13 105 2
18 72 2
3 25 1
1 27 1
18 77 2
1 105 2
64 117 2
98 104 1
17 105 2
3 28 1
77 118 1
6 10 1
14 104 1
36 37 1
33 56 2
24 27 1
46 115 1
46 62 1
39 77 1
33 83 2
39 115 2
10 19 1
35 102 1
