% n=60 p=33 d=0.33 p_blue=0.66
% k=0
7 43 2
0 11 2
19 43 2
9 43 1
5 51 2
13 57 2
6 35 2
12 23 2
3 6 2
17 44 1
4 19 2
16 41 2
13 50 2
5 6 2
2 44 1
5 58 1
1 13 2
8 19 2
7 21 1
16 37 2
16 22 2
5 13 2
3 39 1
7 54 2
7 17 2
16 17 2
19 51 1
3 36 1
7 9 2
7 52 2
8 16 2
13 16 2
17 24 2
9 34 1
18 36 2
5 12 2
7 14 2
8 17 2
5 14 2
12 16 2
0 32 2
7 24 1
5 42 2
10 21 2
10 17 2
9 12 2
13 19 2
11 37 1
15 41 2
4 20 2
6 21 1
8 9 2
9 21 2
9 11 2
13 44 2
1 15 2
10 14 2
8 28 1
0 50 1
11 17 2
3 8 2
5 16 2
13 23 2
7 41 1
6 9 2
9 15 2
1 17 2
3 7 2
12 53 1
6 11 2
2 5 2
0 7 2
11 12 2
6 7 2
6 19 2
17 19 2
1 28 1
13 55 2
2 4 2
11 26 2
0 21 1
0 38 2
10 57 2
5 48 2
8 20 1
0 28 2
12 57 1
5 17 2
3 19 2
16 28 2
18 58 2
5 26 1
16 49 2
7 18 2
17 51 2
8 12 2
13 38 2
18 47 2
15 38 1
1 16 2
11 50 1
13 31 2
14 57 1
10 56 1
8 50 2
4 34 1
3 17 2
1 18 2
3 31 2
6 46 1
0 14 2
1 12 2
1 36 2
14 54 2
3 11 2
11 47 2
11 16 2
11 19 2
9 19 2
16 44 1
4 12 2
11 45 2
16 50 1
15 33 2
0 45 1
6 23 2
10 35 2
0 6 2
8 48 2
12 55 1
0 26 2
0 19 2
18 35 2
7 45 2
12 18 2
0 29 2
8 30 2
0 9 2
11 13 2
7 8 2
4 55 1
0 27 2
3 53 1
1 45 1
1 49 1
2 29 1
9 28 1
8 10 2
19 55 2
5 57 2
13 53 1
7 15 2
18 19 2
14 37 1
4 29 1
8 44 2
4 10 2
15 58 2
5 55 2
16 27 2
10 13 2
12 19 2
13 14 2
5 10 2
14 32 2
6 29 2
6 17 2
18 31 2
3 20 2
19 49 2
1 40 2
0 8 2
2 7 2
16 47 2
5 59 1
9 32 1
15 20 1
7 16 2
18 20 1
11 20 2
15 18 2
0 5 2
7 12 2
11 15 2
4 14 2
0 13 2
11 52 2
9 54 2
3 37 2
5 9 2
2 53 2
18 25 2
15 59 2
3 10 2
15 40 1
9 16 2
1 19 2
10 40 2
18 49 1
2 25 2
9 14 2
1 6 2
10 12 2
2 8 2
3 40 2
19 25 1
19 36 2
2 57 2
19 54 2
6 45 2
12 51 2
2 3 2
5 40 2
2 19 2
12 56 1
4 7 2
1 54 1
11 59 1
8 11 2
9 10 2
17 36 2
0 12 2
18 38 2
10 16 2
5 36 2
14 15 2
12 14 2
2 15 2
10 43 2
15 26 2
9 47 2
2 32 1
19 58 2
1 22 2
4 11 2
5 18 2
9 27 2
19 37 2
1 38 2
0 20 2
17 39 2
9 51 1
3 12 2
7 20 2
5 8 2
19 28 1
14 20 2
2 10 2
19 41 1
19 40 1
6 56 2
0 59 2
1 26 1
4 5 2
13 58 2
1 10 2
6 8 2
2 28 1
10 42 1
13 15 2
13 22 2
16 39 2
0 1 2
3 33 1
1 44 2
1 3 2
3 54 2
9 13 2
5 28 2
0 25 2
12 15 2
14 24 2
2 56 2
4 8 2
2 12 2
9 36 1
10 31 2
2 58 2
8 37 2
6 12 2
15 19 2
1 30 2
2 39 1
13 49 2
2 9 2
9 41 2
13 34 1
13 42 2
7 13 2
1 4 2
11 23 2
6 48 2
17 18 2
4 13 2
7 56 1
3 4 2
12 50 2
7 11 2
11 38 2
2 14 2
4 21 1
8 22 1
4 37 2
10 38 2
14 26 2
1 9 2
1 11 2
0 17 2
19 26 2
4 15 2
6 15 2
5 15 2
7 50 2
13 17 2
14 18 2
4 28 2
4 9 2
0 18 2
6 32 2
15 23 2
6 24 2
11 55 2
12 47 2
16 40 2
7 19 2
0 10 2
14 31 2
4 18 2
14 47 2
16 58 1
18 39 2
14 41 2
2 47 2
2 41 1
3 15 2
5 23 2
16 45 2
3 18 2
18 56 2
17 57 1
1 47 2
5 53 1
10 44 1
10 15 2
1 2 2
18 42 2
6 50 2
1 7 2
4 6 2
16 57 2
8 14 2
3 14 2
7 36 1
1 53 2
14 17 2
1 14 2
2 11 2
13 39 2
13 43 2
5 22 1
8 15 2
1 35 2
6 16 2
11 24 2
14 38 1
4 32 2
5 11 2
10 28 2
17 30 2
15 17 2
2 18 2
6 10 2
12 17 2
1 8 2
10 18 2
3 56 1
4 35 1
19 22 2
9 39 2
6 14 2
4 48 2
10 41 2
5 7 2
8 33 2
8 26 2
1 41 2
0 16 2
0 4 2
4 17 2
7 10 2
0 3 2
0 57 1
1 51 2
11 18 2
7 35 2
3 9 2
6 55 2
16 20 2
15 55 1
12 45 2
3 5 2
13 18 2
2 17 2
1 24 2
10 11 2
11 43 2
4 16 2
1 5 2
15 22 2
9 26 1
9 29 2
8 29 1
8 18 2
3 59 2
11 14 2
3 13 2
10 39 2
13 29 1
6 18 2
0 2 2
9 17 2
7 53 2
13 21 2
0 15 2
9 18 2
9 23 1
16 18 2
15 44 1
35 44 1
21 23 2
19 44 1
7 46 1
2 6 1
12 21 1
10 19 1
8 13 1
5 19 1
4 57 2
17 43 2
32 51 1
12 46 1
8 51 2
41 57 2
11 57 1
15 32 2
41 51 2
12 13 1
17 41 2
6 13 1
15 46 2
5 43 2
