% n=120 p=60 d=0.66 p_blue=0.66
54 67 2
33 50 2
16 116 2
67 83 2
10 63 2
1 75 2
63 118 1
19 64 2
50 67 2
50 90 2
7 75 2
20 87 2
50 80 2
62 85 2
22 61 2
4 90 2
11 41 2
15 52 2
49 91 1
30 104 2
32 46 2
14 57 2
9 65 2
41 116 2
28 83 1
52 118 2
17 96 1
37 46 2
28 40 2
15 114 2
44 67 2
34 49 2
19 53 2
27 77 1
18 46 2
10 17 2
28 116 1
17 22 2
49 100 2
39 101 1
51 88 2
11 89 2
3 13 2
18 86 2
41 76 2
47 70 2
51 100 2
18 49 2
14 59 2
25 88 2
3 59 2
49 83 2
10 82 2
60 70 2
33 115 2
29 72 2
10 53 2
57 68 2
56 106 2
1 85 2
4 80 2
70 93 2
6 14 2
14 53 2
19 37 2
68 76 1
3 57 2
25 45 2
4 78 2
17 87 1
13 14 2
44 113 2
51 89 2
23 48 2
38 110 2
65 88 2
10 107 2
65 66 2
60 78 2
4 104 2
20 65 2
50 69 2
25 114 2
12 108 2
13 19 2
6 81 2
62 78 2
70 108 1
11 67 2
62 95 1
47 81 2
23 44 2
8 79 1
28 113 2
23 34 2
10 72 2
8 108 1
30 50 2
31 104 1
20 36 2
12 16 2
53 59 2
21 56 2
17 58 2
4 61 2
12 85 1
34 97 2
29 76 2
38 45 2
25 36 2
51 64 2
20 102 1
20 107 2
8 21 2
41 69 2
8 9 2
47 108 1
61 67 2
34 36 2
68 110 1
43 56 2
7 73 1
2 99 2
5 44 2
9 88 2
20 70 2
19 44 2
13 33 2
28 71 2
23 74 1
36 39 2
6 98 1
25 35 2
24 38 2
40 43 2
12 101 2
25 104 1
14 18 2
57 62 2
7 112 2
54 87 2
24 96 2
55 95 2
11 84 1
45 108 1
48 54 2
7 32 2
10 41 2
5 49 2
27 118 2
24 77 2
44 53 2
52 85 1
25 66 2
18 30 2
16 44 2
31 55 2
41 70 2
45 49 2
19 34 2
2 51 2
6 30 2
4 32 2
36 37 2
15 93 1
40 50 2
53 104 2
3 90 2
51 52 2
44 68 2
63 109 1
62 67 2
11 71 2
9 44 2
40 53 2
64 66 2
25 53 2
41 84 1
47 119 2
38 67 2
1 2 2
24 43 2
52 69 2
48 55 2
67 86 2
54 66 2
10 99 2
20 46 2
13 50 2
20 38 2
17 56 2
24 89 2
2 33 2
58 90 1
28 97 2
52 111 1
44 103 2
14 45 2
39 79 1
11 45 2
24 63 2
35 80 2
23 40 2
28 84 2
29 74 2
18 101 1
14 71 2
65 96 1
22 75 1
15 89 2
47 96 1
22 80 1
2 42 2
71 114 2
19 48 2
0 85 1
7 51 2
3 69 2
0 103 2
63 95 2
29 108 2
48 77 1
14 15 2
48 53 2
44 115 1
35 49 2
31 43 2
18 29 2
58 72 2
21 99 2
22 114 2
14 80 2
32 62 2
10 51 2
20 86 1
14 25 2
13 25 2
6 50 2
3 4 2
7 71 2
26 57 2
10 111 2
19 88 2
1 13 2
5 36 2
11 59 2
16 66 2
66 112 2
37 71 2
8 32 2
33 46 2
9 99 2
19 85 1
35 76 2
32 55 2
39 92 2
31 119 2
29 41 2
42 62 2
21 112 2
25 27 2
19 20 2
19 116 2
21 26 2
25 62 2
20 109 2
23 64 2
24 108 2
38 107 1
23 26 2
11 26 2
10 36 2
59 87 2
71 75 2
41 112 2
27 92 2
47 55 2
21 111 1
15 32 2
4 109 2
28 60 2
4 45 2
40 76 1
47 62 2
5 71 2
54 77 2
64 78 1
13 79 2
39 43 2
4 35 2
40 52 2
41 110 2
49 113 2
21 103 2
18 63 2
7 24 2
45 59 2
21 44 2
51 90 2
21 28 2
0 47 2
9 27 2
41 46 2
65 68 2
3 42 2
63 93 2
1 20 2
42 63 2
58 71 2
9 31 2
49 56 2
2 102 1
51 61 2
52 60 2
33 37 2
64 104 2
33 59 2
6 20 2
46 88 2
36 102 2
13 44 2
5 31 2
17 33 2
0 114 1
31 68 2
8 37 2
4 71 2
16 97 2
71 109 1
44 60 2
18 105 2
49 55 2
20 47 2
44 80 2
9 56 2
3 35 2
14 116 2
20 68 2
16 58 2
0 49 2
26 111 2
25 41 2
4 49 2
32 44 2
10 13 2
53 109 2
46 116 1
26 103 1
12 22 2
31 42 2
35 57 2
56 67 2
24 119 1
43 105 2
7 104 1
7 27 2
51 58 2
70 82 2
24 47 2
35 79 1
7 60 2
34 69 2
10 62 2
8 115 2
48 79 2
67 87 2
52 59 2
39 71 2
52 94 2
67 105 2
15 85 1
7 21 2
66 89 1
46 99 2
69 99 2
13 97 1
46 64 2
20 91 2
11 36 2
68 79 1
31 33 2
34 39 2
19 28 2
16 30 2
23 76 1
42 67 2
62 84 2
14 101 1
43 65 2
2 91 2
15 37 2
49 118 2
6 8 2
11 12 2
10 43 2
13 100 2
68 105 2
21 30 2
34 70 2
5 19 2
49 61 2
0 25 2
8 53 2
42 61 2
44 96 2
42 43 2
50 75 1
49 111 1
52 117 2
27 57 2
25 39 2
32 71 2
30 85 2
65 109 1
32 54 2
19 74 1
8 86 2
63 108 1
16 92 1
41 47 2
53 66 2
21 49 2
25 60 2
58 105 2
38 81 1
63 115 2
40 68 2
18 60 2
28 76 2
37 79 2
9 32 2
69 107 1
43 49 2
28 75 2
39 110 2
22 26 2
34 115 1
14 61 2
33 79 2
16 90 1
29 36 2
59 60 2
0 7 2
61 118 2
57 67 2
25 107 1
11 35 2
52 92 2
61 68 2
40 75 1
60 80 2
37 57 2
64 102 1
63 77 2
49 68 2
29 94 2
42 80 1
54 72 2
12 54 2
42 46 2
47 87 2
24 44 2
7 66 2
52 95 2
9 77 1
7 30 2
16 71 2
52 77 2
43 55 2
50 65 2
24 35 2
42 72 2
12 96 1
52 119 2
6 18 2
8 76 1
12 34 2
22 96 2
0 5 2
19 22 2
41 67 2
28 32 2
24 60 2
62 108 1
14 77 2
27 30 2
5 54 2
24 56 2
3 78 2
64 92 1
48 62 2
58 79 2
3 25 2
8 51 2
5 17 2
57 58 2
45 87 1
7 15 2
47 56 2
2 111 2
44 93 1
29 84 2
45 68 2
48 90 2
7 61 2
32 98 2
35 86 2
31 50 2
32 106 2
26 90 1
47 114 2
0 64 2
53 73 1
53 65 2
3 26 2
41 64 2
26 93 1
38 66 2
3 29 2
57 77 2
11 20 2
50 104 1
30 105 2
32 64 2
22 111 1
10 55 2
0 90 2
56 100 2
36 63 2
21 82 2
20 81 1
10 24 2
22 47 2
1 10 2
55 112 1
57 73 1
11 52 2
56 97 2
2 23 2
54 62 2
15 42 2
49 78 1
34 35 2
40 112 2
71 76 2
43 45 2
34 67 2
65 67 2
20 103 2
3 50 2
40 88 1
38 68 2
39 77 2
57 78 2
29 46 2
14 94 1
18 28 2
9 30 2
32 86 1
4 81 2
50 78 1
26 49 2
60 74 1
24 117 2
40 56 2
0 57 2
12 40 2
32 53 2
36 46 2
47 107 2
66 84 2
42 58 2
50 64 2
0 83 2
63 119 2
36 38 2
57 65 2
15 35 2
50 70 2
22 90 2
28 68 2
57 91 1
40 116 1
68 97 1
3 87 2
36 40 2
11 75 2
27 67 2
13 45 2
5 12 2
69 71 2
22 23 2
34 48 2
4 27 2
60 113 1
58 67 2
3 19 2
18 110 2
34 105 2
48 49 2
0 59 2
21 64 2
13 30 2
18 22 2
50 60 2
5 26 2
52 66 2
41 118 1
11 57 2
64 71 2
37 69 2
39 113 2
54 109 2
20 73 2
21 23 2
7 11 2
4 43 2
54 60 2
34 93 2
58 100 2
30 68 2
31 71 2
19 86 2
67 113 2
28 39 2
0 48 2
26 92 1
17 101 2
38 64 2
29 31 2
17 50 2
39 54 2
2 29 2
44 79 2
28 67 2
63 87 2
24 68 2
2 22 2
47 73 1
70 84 2
67 111 2
30 64 2
8 12 2
12 102 2
22 42 2
35 106 2
45 96 2
66 101 2
67 112 1
5 29 2
28 70 2
39 93 2
8 117 1
47 67 2
61 112 2
50 91 2
60 87 1
18 87 2
27 37 2
56 101 1
38 60 2
26 35 2
13 15 2
50 56 2
70 105 2
8 20 2
1 3 2
53 58 2
50 116 1
56 84 2
27 83 2
30 103 2
8 31 2
16 22 2
34 117 2
43 57 2
0 92 2
46 97 2
27 82 2
16 67 2
14 31 2
33 104 1
26 95 2
12 49 2
56 79 1
13 115 1
26 50 2
23 98 1
11 77 1
33 101 2
53 68 2
44 118 2
44 56 2
15 108 2
5 37 2
32 39 2
0 50 2
15 16 2
48 88 2
8 55 2
57 111 2
17 61 2
31 94 1
9 40 2
29 71 2
32 35 2
45 48 2
57 66 2
10 31 2
48 105 2
70 74 2
4 114 2
8 48 2
37 78 2
36 93 2
31 114 2
45 70 2
6 40 2
24 32 2
34 88 2
11 24 2
4 55 2
56 116 2
18 42 2
45 53 2
12 84 2
0 4 2
54 103 2
68 90 2
37 52 2
70 88 2
58 76 2
23 69 2
31 73 2
14 88 2
8 57 2
7 36 2
42 94 2
27 54 2
41 66 2
32 100 1
7 67 2
3 41 2
30 82 1
30 32 2
51 63 2
46 48 2
26 112 2
70 112 2
4 62 2
7 31 2
1 7 2
5 98 2
12 43 2
31 63 2
39 53 2
59 96 2
5 117 1
36 52 2
11 31 2
36 50 2
5 105 2
12 95 1
7 54 2
4 18 2
16 36 2
63 91 1
6 15 2
46 87 2
47 54 2
25 82 2
14 19 2
3 28 2
3 94 1
69 91 2
40 104 2
43 93 1
17 110 2
28 82 2
6 38 2
5 28 2
57 72 1
14 16 2
71 88 2
25 99 2
69 72 2
12 83 1
35 72 2
15 43 2
4 86 2
38 50 2
13 29 2
43 115 2
4 111 1
22 36 2
31 57 2
22 87 2
54 110 1
20 28 2
44 87 1
19 24 2
1 42 2
3 67 2
57 98 2
6 115 1
9 13 2
5 7 2
50 102 2
64 75 1
32 103 2
40 49 2
0 66 2
67 99 1
10 114 2
1 4 2
14 21 2
11 47 2
31 75 1
33 72 2
46 69 2
35 83 1
2 21 2
16 69 2
64 112 2
30 54 2
26 101 2
15 17 2
0 87 2
47 71 2
21 80 1
32 69 2
27 94 1
18 114 2
42 45 2
48 85 1
52 112 2
47 94 2
34 80 2
3 38 2
49 60 2
37 41 2
3 71 2
33 88 1
2 80 2
31 109 1
33 82 1
41 71 2
25 67 2
21 54 2
58 63 2
59 99 2
3 116 1
28 49 2
21 68 2
40 90 1
40 102 1
10 98 2
25 113 2
13 43 2
29 113 1
13 108 2
9 66 2
8 29 2
63 76 1
9 35 2
1 9 2
19 38 2
14 51 2
25 50 2
10 105 2
28 96 2
5 35 2
30 63 2
20 115 1
53 61 2
2 73 2
6 95 2
64 74 1
34 95 1
21 61 2
6 26 2
29 64 2
13 20 2
40 96 1
19 69 2
36 116 2
40 46 2
27 55 2
65 69 2
31 108 1
16 64 2
44 85 2
71 112 1
39 108 2
10 15 2
19 46 2
62 71 2
3 44 2
13 46 2
66 108 1
14 79 2
12 48 2
71 94 2
25 72 2
38 91 1
38 76 2
4 117 2
58 65 2
24 73 2
52 103 2
17 34 2
13 40 2
3 11 2
38 73 2
55 78 1
31 49 2
24 37 2
9 111 2
42 92 1
53 57 2
45 105 2
39 117 2
37 109 2
36 43 2
20 53 2
39 42 2
67 72 1
20 92 1
70 73 2
8 49 2
25 47 2
2 57 2
16 63 2
15 57 2
43 70 2
52 53 2
24 103 2
17 57 2
6 27 2
3 36 2
56 82 1
14 35 2
58 74 1
62 68 2
42 88 2
68 70 2
24 57 2
52 57 2
67 81 2
35 53 2
1 23 2
13 86 2
8 113 2
48 118 2
16 40 2
21 118 1
9 59 2
59 118 2
6 61 2
71 117 2
38 84 2
23 104 2
17 44 2
26 38 2
10 92 2
24 95 2
1 114 2
30 37 2
60 81 2
6 103 2
41 104 2
66 94 2
3 98 1
64 81 2
69 97 2
40 51 2
6 10 2
31 67 2
37 75 2
71 115 1
35 43 2
9 58 2
66 76 2
17 73 1
11 112 2
15 20 2
34 109 2
18 21 2
10 46 2
13 26 2
64 89 2
2 88 2
22 92 2
0 18 2
4 16 2
1 68 2
28 48 2
10 27 2
33 97 2
60 91 2
49 79 2
2 47 2
36 62 2
61 119 2
49 105 2
21 35 2
53 63 2
29 40 2
38 56 2
4 42 2
57 104 2
14 86 2
39 102 1
10 118 2
12 35 2
1 70 2
26 41 2
46 108 1
27 85 2
35 62 2
9 71 2
5 22 2
35 98 2
12 90 2
67 92 2
56 65 2
39 112 2
44 59 2
20 59 2
30 38 2
32 97 2
16 83 2
51 74 1
11 117 1
31 45 2
50 99 1
33 58 2
2 25 2
70 85 1
29 58 2
1 17 2
15 24 2
10 18 2
7 49 2
9 37 2
35 61 2
24 100 2
11 55 2
64 114 1
27 44 2
13 54 2
27 91 2
41 80 2
44 63 2
16 25 2
11 28 2
9 22 2
51 105 1
62 64 2
6 56 2
0 63 2
40 45 2
41 93 2
9 63 2
16 98 1
32 104 2
39 60 2
31 56 2
16 99 2
19 41 2
13 55 2
38 55 2
47 50 2
29 60 2
1 81 2
50 61 2
1 37 2
23 60 2
31 84 2
66 103 2
48 63 2
44 81 2
16 54 2
53 72 2
17 32 2
7 96 2
10 28 2
59 62 2
37 49 2
46 102 1
61 62 2
34 52 2
68 77 2
13 68 2
46 86 1
45 84 1
30 93 1
59 115 1
4 52 2
18 37 2
53 113 1
10 71 2
29 110 1
5 14 2
25 71 2
12 45 2
20 100 2
47 92 2
11 40 2
69 87 1
57 108 2
67 97 2
40 41 2
0 118 2
68 96 2
60 112 2
15 33 2
19 57 2
22 104 2
62 102 2
3 47 2
19 35 2
7 35 2
2 8 2
9 46 2
30 100 2
2 37 2
35 45 2
38 48 2
31 60 2
23 65 2
24 72 1
46 53 2
22 68 2
49 115 2
24 33 2
9 41 2
23 55 2
15 101 2
53 86 2
18 25 2
13 78 2
38 52 2
19 63 2
0 72 2
58 85 1
11 48 2
15 38 2
53 71 2
46 112 2
0 56 2
18 38 2
40 55 2
18 34 2
41 105 2
28 52 2
18 36 2
42 50 2
59 108 1
0 81 2
60 82 1
1 14 2
3 74 2
22 109 1
31 62 2
56 103 2
16 21 2
24 71 2
21 76 2
40 94 1
35 77 2
38 93 2
51 101 2
60 101 2
11 73 1
10 103 1
62 73 2
43 58 2
48 104 1
36 97 1
14 115 2
32 59 2
28 38 2
56 96 2
15 117 2
15 41 2
14 32 2
12 53 2
21 58 2
26 67 2
2 114 2
56 89 2
57 99 1
14 70 2
61 98 2
0 11 2
45 102 1
21 94 1
47 88 1
69 86 1
29 66 2
11 63 2
35 107 1
25 48 2
3 119 2
2 58 2
32 52 2
56 90 2
44 54 2
1 65 2
4 14 2
0 107 2
39 69 2
14 40 2
0 32 2
3 48 2
54 69 2
43 114 2
18 62 2
20 60 2
4 15 2
23 86 2
42 70 2
9 51 2
37 103 2
41 78 1
15 50 2
19 78 2
0 22 2
19 30 2
25 80 2
6 47 2
0 119 2
55 103 1
49 54 2
27 48 2
4 57 2
1 46 2
12 70 2
18 64 2
43 47 2
56 75 2
13 57 2
59 101 1
24 93 2
35 102 1
11 102 2
9 48 2
67 74 2
37 108 1
61 111 2
22 50 2
37 107 1
33 53 2
34 65 2
35 38 2
41 61 2
45 71 2
58 73 2
54 104 2
17 91 1
65 113 1
14 87 2
39 63 2
27 45 2
18 47 2
25 87 2
58 93 1
13 104 2
47 59 2
20 48 2
9 49 2
4 92 1
68 95 2
55 59 2
40 58 2
26 37 2
34 84 1
64 91 2
27 97 2
27 87 2
30 57 2
63 68 2
45 98 2
53 96 1
4 59 2
19 107 1
29 104 2
4 22 2
41 83 2
56 74 2
40 62 2
40 61 2
28 41 2
28 55 2
16 53 2
8 59 2
31 53 2
33 38 2
24 70 2
2 26 2
34 53 2
17 109 2
9 21 2
27 47 2
17 35 2
57 76 1
14 97 1
38 59 2
12 65 2
37 102 2
43 99 2
14 44 2
45 82 2
11 70 2
48 65 2
36 89 1
13 64 2
54 94 1
60 68 2
23 77 2
39 47 2
27 56 2
9 47 2
28 93 1
7 89 1
17 63 2
55 100 2
48 82 1
17 49 2
44 61 2
32 87 2
1 113 1
37 38 2
36 119 1
6 59 2
9 117 1
42 106 2
6 53 2
56 111 2
2 75 2
37 56 2
29 56 2
62 111 2
16 70 2
46 81 2
6 23 2
1 67 2
53 70 2
63 80 2
18 50 2
5 10 2
55 71 2
57 101 2
19 39 2
0 8 2
10 39 2
0 33 2
7 53 2
37 76 1
36 118 2
11 53 2
13 18 2
65 104 1
12 103 1
21 109 2
44 108 2
36 101 2
24 34 2
50 62 2
58 97 1
10 66 2
14 60 2
23 66 2
0 41 2
9 78 1
56 108 1
68 107 2
28 30 2
6 108 1
62 109 2
56 80 2
33 61 2
44 91 1
68 91 2
39 45 2
29 43 2
51 98 2
15 75 2
3 61 2
24 78 2
3 83 2
5 32 2
67 108 2
25 101 2
43 84 2
50 71 2
13 37 2
52 98 2
1 87 1
54 55 2
55 115 2
34 106 2
67 85 2
12 104 2
15 91 1
16 48 2
65 115 2
54 85 1
60 63 2
23 68 2
33 89 2
21 53 2
21 33 2
5 87 1
24 65 2
45 51 2
41 52 2
11 33 2
52 67 2
45 110 2
57 105 2
20 96 2
21 36 2
59 117 2
3 54 2
5 112 2
16 27 2
27 69 2
65 71 2
20 101 2
9 28 2
48 86 2
42 56 2
45 109 1
6 55 2
33 51 2
11 100 1
28 29 2
66 119 2
2 118 1
19 26 2
5 23 2
25 89 2
23 58 2
19 87 1
36 84 2
0 98 1
53 78 2
41 63 2
41 54 2
21 24 2
1 93 2
32 85 2
36 47 2
5 65 2
8 10 2
65 101 2
31 40 2
36 82 2
12 62 2
17 93 2
44 47 2
36 64 2
18 104 1
4 89 2
17 112 1
18 118 2
54 75 2
21 52 2
4 17 2
35 42 2
33 36 2
6 16 2
47 52 2
55 67 2
6 106 2
9 25 2
14 50 2
2 44 2
40 42 2
19 51 2
7 38 2
46 73 2
51 107 2
62 77 2
13 117 1
61 74 2
10 106 1
29 99 2
4 25 2
15 115 2
38 71 2
64 119 2
45 104 1
11 32 2
36 85 1
11 61 2
28 65 2
10 35 2
2 116 2
0 67 2
37 72 1
62 98 1
53 94 1
0 55 2
3 6 2
9 29 2
44 101 1
12 26 2
48 74 1
71 77 2
31 41 2
51 99 1
60 110 2
66 88 2
54 98 2
40 44 2
33 54 2
6 74 2
71 97 2
23 37 2
8 68 2
2 95 2
39 104 2
43 66 2
4 30 2
53 105 1
11 13 2
7 70 2
8 17 2
23 71 2
48 116 2
55 56 2
6 43 2
11 96 1
4 115 2
1 44 2
63 81 1
16 33 2
1 116 2
33 34 2
8 63 2
12 74 1
54 90 2
2 103 2
6 76 2
57 60 2
11 51 2
37 67 2
11 38 2
46 84 2
4 65 2
19 60 2
33 107 2
3 34 2
59 64 2
25 118 2
34 108 2
67 88 2
21 38 2
22 94 2
30 113 2
3 68 2
27 71 2
4 31 2
29 49 2
58 104 1
8 43 2
8 119 2
1 8 2
0 24 2
63 73 2
70 110 2
46 63 2
49 58 2
17 77 1
13 34 2
26 107 2
46 51 2
34 73 2
24 101 1
15 39 2
17 51 2
24 64 2
3 23 2
58 99 1
42 52 2
12 114 2
43 62 2
71 107 2
29 101 2
19 62 2
30 53 2
55 89 1
16 96 2
41 68 2
16 112 1
35 48 2
27 36 2
15 58 2
0 62 2
21 75 1
44 77 2
71 103 2
23 35 2
14 41 2
7 13 2
35 60 2
35 68 2
22 67 2
40 66 2
12 67 2
63 75 1
5 38 2
47 95 2
4 26 2
10 96 1
5 34 2
16 78 1
10 56 2
19 21 2
35 119 2
57 115 2
34 45 2
20 72 1
22 59 2
48 50 2
13 102 2
2 92 2
30 51 2
12 63 2
63 116 2
48 57 2
7 20 2
30 118 2
66 95 2
7 56 2
19 71 2
19 113 1
2 76 2
33 45 2
65 107 2
23 54 2
69 96 2
18 52 2
10 42 2
25 117 1
66 98 2
39 59 2
5 16 2
1 38 2
15 97 2
25 116 1
17 78 2
20 56 2
18 113 1
29 59 2
28 57 2
14 49 2
30 33 2
36 92 1
35 113 2
1 69 2
8 111 2
5 73 2
2 81 2
30 45 2
43 110 1
22 27 2
45 57 2
24 109 1
60 114 2
4 47 2
35 90 2
7 46 2
18 94 2
11 92 1
23 28 2
30 76 1
30 106 2
51 103 2
2 93 2
17 82 2
52 58 2
2 15 2
17 59 2
17 60 2
9 42 2
29 117 2
32 114 1
25 43 2
65 76 2
65 97 2
48 59 2
68 94 2
6 34 2
10 26 2
23 42 2
66 72 2
22 88 2
61 116 2
36 115 2
6 77 2
54 71 2
35 110 2
3 76 2
58 113 2
33 71 2
30 101 2
52 71 2
19 56 2
36 44 2
10 50 2
4 72 1
64 95 1
4 68 2
67 68 2
45 69 2
19 23 2
53 62 2
19 67 2
33 57 2
34 85 2
47 72 1
8 22 2
54 63 2
5 100 2
25 59 2
62 101 2
58 61 2
19 93 2
71 116 2
50 51 2
42 44 2
67 82 2
44 51 2
23 51 2
41 51 2
1 53 2
1 39 2
65 117 1
62 93 1
40 98 2
4 13 2
41 42 2
13 60 2
1 63 2
38 103 2
60 77 2
44 117 1
3 52 2
8 11 2
6 51 2
54 57 2
8 106 1
17 69 2
20 66 2
12 66 2
15 60 2
50 55 2
30 59 2
24 102 2
29 75 2
5 21 2
37 110 1
47 89 2
10 65 2
9 64 2
20 74 1
23 88 2
37 62 2
33 70 2
52 109 2
56 59 2
26 114 1
14 24 2
35 50 2
43 50 2
59 104 2
19 79 1
59 112 2
38 61 2
12 24 2
21 87 2
12 72 2
44 62 2
43 111 2
69 111 2
46 68 2
3 51 2
6 52 2
37 83 1
44 97 2
15 59 2
2 3 2
39 67 2
32 61 2
10 101 2
53 107 2
39 116 2
37 50 2
6 91 1
10 59 2
34 118 2
8 45 2
15 118 1
64 115 2
10 78 2
19 105 2
26 117 1
61 87 2
58 116 2
13 63 2
57 92 2
27 61 2
27 103 1
32 108 1
17 26 2
32 81 2
53 79 2
35 111 2
5 94 2
54 107 1
65 92 2
1 52 2
68 109 1
15 36 2
26 32 2
24 41 2
36 42 2
53 67 2
48 119 2
60 64 2
52 62 2
45 66 2
46 70 2
59 97 2
36 90 2
47 111 2
12 92 2
0 35 2
6 69 2
41 106 1
5 43 2
18 48 2
49 65 2
6 72 2
51 94 2
21 22 2
43 46 2
16 65 2
56 64 2
0 69 2
1 104 2
52 89 1
11 109 1
14 72 1
5 80 1
8 71 2
0 95 2
7 40 2
37 98 1
3 111 2
12 113 2
24 58 2
40 69 2
2 13 2
4 99 1
15 61 2
26 46 2
23 96 2
54 79 1
38 111 2
3 12 2
50 87 1
20 39 2
22 62 2
1 29 2
50 58 2
18 97 2
24 94 2
8 41 2
9 105 2
6 42 2
3 82 1
8 14 2
7 55 2
1 50 2
9 23 2
6 93 2
10 70 2
0 97 1
11 80 2
7 111 1
2 101 2
61 99 2
11 74 1
17 36 2
10 11 2
22 46 2
5 64 2
29 87 1
70 101 2
42 99 2
3 7 2
3 117 1
5 61 2
37 111 2
46 101 2
62 94 2
61 76 2
42 54 2
49 107 2
45 55 2
39 100 2
30 39 2
26 36 2
52 72 2
17 31 2
21 93 2
62 91 1
40 65 2
46 59 2
8 72 1
22 97 1
39 55 2
11 116 1
12 100 2
42 107 2
20 58 2
14 55 2
62 80 2
52 86 2
52 114 2
62 70 2
52 61 2
14 47 2
29 79 2
15 111 2
26 63 2
13 27 2
34 77 2
1 110 2
17 18 2
8 69 2
23 29 2
19 106 2
66 83 1
44 89 1
15 102 2
65 85 2
33 86 1
1 80 2
65 102 1
45 60 2
12 60 2
1 72 2
57 59 2
10 86 2
35 118 1
30 98 2
6 57 2
31 35 2
61 95 1
13 47 2
23 67 2
47 99 2
15 27 2
32 47 2
31 112 2
31 54 2
61 71 2
16 42 2
3 20 2
33 56 2
39 46 2
35 114 1
1 77 1
32 41 2
37 74 1
18 116 2
25 79 1
20 32 2
47 84 2
12 82 1
59 70 2
55 70 2
64 83 2
1 47 2
0 9 2
12 25 2
37 65 2
45 114 1
20 21 2
2 67 2
63 92 2
40 81 2
36 81 1
59 110 2
39 95 2
47 83 2
46 58 2
61 90 2
68 81 2
15 77 2
57 109 2
8 97 2
34 43 2
56 117 2
6 22 2
34 62 2
57 107 2
7 41 2
68 71 2
60 106 2
9 67 2
5 47 2
33 114 2
13 71 2
31 65 2
16 107 2
4 41 2
43 86 1
32 57 2
32 37 2
56 61 2
66 80 1
6 28 2
61 80 2
12 33 2
1 105 2
34 103 2
34 101 2
15 65 2
3 24 2
55 101 2
9 11 2
25 56 2
16 79 2
68 114 2
16 52 2
41 57 2
53 56 2
36 59 2
23 25 2
38 39 2
66 99 1
33 94 1
40 107 1
14 54 2
32 75 2
25 37 2
35 89 2
7 74 2
22 76 2
18 92 1
2 18 2
11 72 2
5 39 2
38 104 1
33 48 2
6 75 2
13 67 2
8 28 2
32 38 2
20 85 1
25 92 2
44 102 2
69 78 2
63 64 2
22 83 1
58 106 1
4 58 2
68 102 1
34 116 1
16 47 2
55 60 2
1 64 2
46 94 1
2 48 2
10 84 1
6 102 2
6 64 2
58 114 1
22 115 2
26 77 1
32 70 2
48 68 2
31 76 2
19 47 2
58 107 2
13 24 2
48 97 1
7 50 2
37 40 2
54 93 2
31 102 2
27 58 2
33 96 1
12 13 2
66 71 2
47 100 1
50 85 1
2 62 2
61 79 2
26 76 1
22 28 2
11 88 2
17 92 2
55 108 2
21 42 2
23 83 2
64 85 2
39 40 2
38 106 2
64 90 2
1 111 1
29 80 2
45 119 2
1 25 2
70 103 1
3 49 2
3 77 2
14 68 2
48 117 1
23 57 2
16 57 2
59 95 1
29 118 1
26 81 2
42 109 1
2 53 2
12 15 2
13 31 2
33 55 2
19 54 2
62 119 1
25 94 2
56 70 2
16 81 2
19 43 2
23 63 2
60 61 2
4 73 2
38 42 2
1 26 2
18 33 2
30 56 2
18 91 2
31 96 2
33 52 2
42 114 2
36 78 2
3 45 2
58 68 2
29 83 1
0 20 2
2 14 2
16 114 2
4 40 2
54 70 2
28 98 1
45 62 2
55 81 1
42 51 2
60 98 2
19 101 1
20 44 2
52 65 2
34 42 2
70 111 2
51 111 2
49 87 2
18 69 2
30 60 2
20 45 2
57 112 2
18 53 2
7 82 2
2 32 2
39 81 2
1 54 2
3 5 2
42 66 2
21 91 2
24 61 2
22 35 2
56 57 2
18 82 2
18 117 1
28 80 2
5 8 2
65 81 2
18 19 2
65 72 2
30 52 2
12 37 2
10 54 2
42 79 2
30 79 2
2 38 2
6 110 2
61 113 1
43 74 1
5 114 2
52 88 2
49 66 2
39 74 2
65 114 2
9 92 1
15 94 2
38 70 2
32 91 2
53 64 2
67 100 2
43 98 1
42 93 2
13 21 2
50 68 2
34 41 2
17 85 1
21 41 2
9 103 1
14 104 1
36 86 2
6 85 1
37 68 2
71 73 2
1 107 2
42 47 2
12 107 1
61 77 2
36 110 2
39 99 1
26 66 2
3 89 1
47 63 2
71 98 2
53 100 1
40 57 2
25 42 2
55 80 2
69 104 2
20 49 2
5 59 2
61 105 1
0 100 2
64 80 2
20 50 2
70 118 2
8 13 2
25 33 2
9 83 2
17 20 2
34 66 2
37 55 2
54 74 1
43 87 2
17 76 2
49 64 2
66 115 1
26 86 2
65 84 2
26 108 2
20 57 2
22 57 2
13 107 2
64 67 2
19 50 2
28 109 2
33 67 2
29 44 2
47 116 2
17 83 2
55 109 2
5 20 2
2 40 2
6 83 2
26 71 2
15 55 2
9 69 2
70 87 2
5 89 2
6 94 1
7 19 2
6 112 2
16 93 2
61 100 1
34 113 1
48 58 2
10 48 2
21 51 2
15 69 2
25 68 2
25 44 2
29 89 1
11 42 2
11 50 2
39 52 2
53 110 2
51 76 1
6 39 2
8 90 2
54 89 2
58 119 2
50 88 2
30 69 2
45 64 2
32 43 2
47 90 1
4 48 2
4 60 2
53 89 1
13 23 2
48 61 2
37 94 2
24 75 2
33 110 2
46 90 2
48 91 1
45 97 2
6 46 2
4 11 2
59 79 2
33 35 2
3 106 2
45 67 2
46 67 2
0 45 2
39 70 2
26 54 2
10 32 2
71 105 2
55 65 2
67 110 2
11 108 2
26 116 2
17 71 2
18 59 2
8 58 2
25 57 2
28 34 2
38 63 2
6 70 2
15 100 2
27 31 2
19 65 2
29 54 2
11 21 2
28 44 2
12 27 2
24 39 2
40 80 2
14 17 2
32 50 2
9 61 2
69 80 2
27 63 2
55 116 2
30 70 2
10 19 2
25 106 1
56 62 2
59 83 2
12 36 2
8 102 1
5 62 2
1 11 2
60 100 2
29 34 2
29 61 2
63 110 2
34 82 2
12 21 2
28 105 2
0 58 2
63 78 1
48 80 2
21 77 1
18 32 2
0 54 2
35 87 2
26 52 2
28 114 2
17 28 2
0 16 2
33 42 2
7 63 2
6 48 2
19 72 2
30 67 2
48 83 1
50 59 2
45 106 2
20 55 2
5 81 2
11 34 2
53 95 1
57 69 2
48 67 2
45 50 2
36 80 1
4 67 2
4 6 2
51 53 2
26 100 1
6 41 2
67 91 1
6 31 2
17 52 2
13 59 2
51 69 2
5 66 2
24 74 1
58 103 1
14 42 2
3 9 2
62 100 1
62 92 1
2 70 2
63 101 2
46 78 2
8 40 2
27 53 2
44 72 2
62 69 2
29 30 2
26 47 2
31 106 2
61 93 1
7 8 2
58 59 2
25 30 2
40 59 2
35 71 2
0 14 2
2 6 2
35 63 2
5 78 1
23 61 2
44 75 2
30 81 1
0 112 2
68 75 2
57 81 2
7 59 2
56 71 2
8 75 1
34 46 2
18 26 2
37 105 2
34 81 2
28 50 2
34 54 2
43 113 2
52 73 2
17 89 1
64 113 1
14 66 2
40 82 2
40 48 2
26 119 1
0 3 2
14 92 2
21 48 2
21 43 2
46 75 1
4 46 2
66 70 2
16 117 2
59 100 2
40 73 2
6 68 2
47 58 2
71 96 1
61 70 2
33 95 2
11 16 2
28 110 2
68 106 2
42 78 1
17 43 2
36 56 2
36 95 2
60 117 2
21 67 2
48 111 2
12 71 2
34 37 2
35 59 2
28 63 2
22 84 1
3 22 2
45 103 1
56 118 1
61 72 2
15 80 2
15 82 2
1 33 2
58 83 1
0 65 2
17 100 2
4 10 2
62 107 2
19 49 2
51 67 2
1 62 2
14 90 2
24 79 2
14 34 2
33 47 2
11 19 2
9 119 2
23 106 2
18 58 2
32 115 1
38 49 2
51 104 1
26 78 2
49 71 2
58 110 2
16 28 2
17 81 2
0 23 2
8 91 1
50 95 2
20 78 2
12 14 2
15 71 2
65 78 2
28 90 2
37 85 2
30 55 2
36 111 1
4 69 2
24 112 2
27 98 2
14 65 2
34 55 2
17 94 2
59 107 1
41 60 2
5 18 2
28 56 2
0 30 2
28 51 2
25 32 2
46 57 2
5 15 2
31 36 2
17 117 2
51 108 2
38 117 2
6 87 1
26 74 2
26 30 2
43 73 1
29 38 2
40 70 2
36 107 1
61 115 2
45 78 1
37 44 2
61 66 2
46 66 2
3 8 2
2 35 2
31 111 1
39 65 2
9 112 1
14 85 1
17 118 2
50 118 2
41 62 2
7 26 2
52 113 2
52 115 2
44 94 1
49 119 1
12 41 2
52 107 2
8 88 2
29 52 2
36 66 2
29 68 2
58 82 1
25 105 1
20 63 2
48 71 2
69 105 2
28 86 2
20 43 2
39 94 2
13 61 2
56 104 2
46 106 2
51 73 2
16 24 2
4 110 2
6 116 1
42 71 2
48 60 2
10 20 2
20 114 1
68 117 2
42 116 2
49 59 2
54 114 2
31 93 1
27 100 2
24 25 2
10 21 2
19 33 2
53 102 1
17 53 2
18 55 2
38 94 1
9 34 2
25 38 2
8 34 2
1 97 2
6 9 2
53 80 2
26 42 2
15 19 2
36 54 2
52 96 2
40 97 1
51 71 2
54 61 2
22 63 2
12 91 1
47 103 1
19 68 2
26 75 2
29 112 2
28 66 2
13 49 2
34 92 2
15 40 2
14 64 2
22 65 2
28 45 2
45 46 2
42 57 2
12 68 2
6 17 2
35 46 2
26 62 2
61 89 2
27 52 2
7 90 2
66 110 2
15 51 2
46 61 2
13 69 2
16 31 2
15 105 2
28 42 2
41 59 2
26 43 2
7 68 2
36 91 2
53 74 1
2 55 2
61 92 2
13 22 2
13 109 2
4 37 2
12 56 2
6 25 2
57 84 2
12 46 2
19 25 2
1 109 2
25 55 2
28 43 2
6 60 2
26 29 2
18 71 2
48 56 2
37 54 2
39 66 2
52 63 2
9 14 2
1 118 2
34 56 2
54 111 1
9 62 2
20 25 2
25 34 2
0 39 2
37 53 2
58 95 2
22 24 2
28 62 2
5 45 2
70 90 2
57 63 2
46 74 2
41 90 2
5 115 2
57 114 1
43 94 2
7 42 2
18 51 2
37 61 2
11 65 2
42 95 2
58 84 2
14 113 2
31 46 2
58 75 2
59 111 2
37 84 2
9 33 2
22 71 2
8 36 2
2 5 2
5 86 2
0 52 2
18 95 2
11 66 2
6 13 2
64 111 2
68 108 1
39 62 2
57 102 2
14 106 1
27 68 2
17 39 2
30 40 2
1 32 2
5 88 2
47 64 2
19 83 2
16 35 2
69 119 2
22 117 2
6 33 2
28 31 2
59 68 2
67 70 2
54 59 2
43 82 1
5 40 2
43 106 2
3 37 2
0 99 2
29 35 2
11 105 2
31 115 1
24 40 2
66 69 2
15 84 2
2 56 2
20 42 2
33 39 2
20 27 2
47 106 2
18 27 2
16 106 1
17 114 1
45 63 2
63 104 1
9 20 2
0 84 2
12 77 2
42 91 1
21 39 2
22 49 2
15 116 2
25 100 1
18 20 2
31 69 2
35 103 2
8 35 2
12 81 1
22 110 1
40 100 1
24 53 2
39 44 2
2 65 2
34 90 2
3 27 2
38 95 2
49 57 2
26 51 2
30 42 2
9 54 2
45 101 1
49 101 2
61 64 2
50 83 2
53 84 2
26 83 1
15 47 2
7 86 2
11 69 2
39 89 2
40 92 1
12 69 2
65 87 1
4 88 1
56 69 2
29 53 2
22 107 2
59 66 2
29 107 2
8 62 2
27 32 2
24 55 2
71 82 2
38 96 1
58 89 2
22 45 2
27 42 2
4 36 2
17 108 1
56 58 2
36 45 2
11 115 2
38 86 1
63 83 1
10 45 2
17 62 2
34 50 2
24 114 2
3 84 1
43 48 2
32 73 2
32 99 2
62 90 1
27 78 1
9 18 2
30 88 1
71 79 2
1 41 2
64 70 2
35 47 2
34 86 2
22 38 2
7 58 2
23 39 2
13 105 1
5 79 2
22 56 2
37 48 2
49 88 2
66 100 2
17 97 1
51 82 1
3 114 2
59 65 2
31 61 2
63 69 2
25 76 1
14 58 2
38 65 2
48 70 2
56 110 2
2 20 2
2 9 2
29 78 1
35 69 2
61 63 2
33 40 2
5 60 2
13 96 2
46 55 2
38 97 1
16 41 2
69 76 2
1 40 2
11 111 1
37 64 2
41 98 2
6 101 1
13 58 2
22 55 2
20 29 2
48 102 2
52 55 2
1 58 2
25 29 2
23 90 2
68 88 2
20 77 1
14 98 2
13 38 2
66 111 1
1 28 2
70 76 2
5 58 2
55 69 2
2 59 2
14 36 2
37 100 2
13 65 2
15 63 2
46 52 2
40 64 2
48 51 2
23 97 2
55 99 1
60 115 1
16 105 2
17 68 2
5 57 2
47 48 2
48 92 1
1 31 2
22 37 2
10 58 2
28 54 2
31 38 2
26 61 2
14 83 2
34 51 2
3 65 2
24 87 2
19 99 1
60 65 2
23 93 2
28 46 2
17 74 2
62 74 2
3 46 2
12 50 2
6 32 2
12 64 2
19 97 1
0 6 2
51 116 2
31 117 1
65 119 1
31 59 2
5 67 2
39 49 2
17 54 2
6 96 2
15 49 2
11 49 2
35 104 1
45 100 2
23 102 2
3 58 2
26 53 2
60 96 2
57 71 2
52 79 1
2 39 2
17 66 2
54 82 2
22 54 2
9 86 1
8 64 2
30 80 2
62 117 2
5 30 2
64 65 2
65 70 2
28 103 2
6 63 2
7 92 1
14 76 2
9 45 2
42 64 2
15 29 2
40 103 2
59 98 2
13 81 2
14 56 2
23 62 2
51 87 1
50 89 1
17 41 2
30 89 2
50 77 2
39 115 1
12 38 2
69 108 1
1 36 2
69 110 2
1 60 2
12 23 2
20 97 2
43 68 2
53 97 2
56 87 2
43 64 2
53 88 2
18 56 2
60 105 2
6 107 2
8 104 2
67 96 2
34 38 2
45 56 2
30 110 1
66 109 2
44 71 2
8 27 2
11 15 2
17 23 2
14 74 2
44 65 2
21 100 1
58 101 2
67 76 2
49 69 2
13 110 2
25 91 1
2 119 1
43 103 1
48 75 2
16 60 2
31 100 2
42 112 1
32 48 2
58 70 2
60 102 1
30 99 2
15 18 2
23 114 2
26 56 2
8 38 2
44 95 1
23 100 2
54 56 2
12 88 2
59 67 2
0 79 2
0 86 2
2 85 2
27 73 2
21 46 2
30 43 2
10 94 2
20 71 2
22 64 2
9 17 2
1 15 2
62 99 1
9 96 2
27 50 2
9 110 2
64 100 2
55 66 2
25 112 2
43 71 2
5 51 2
21 98 2
55 85 2
45 107 1
38 57 2
14 48 2
50 117 1
50 101 2
4 9 2
54 117 2
12 18 2
11 37 2
14 102 2
28 35 2
26 73 1
60 88 2
29 57 2
35 56 2
71 106 2
9 98 2
9 24 2
23 38 2
0 29 2
10 87 1
38 119 2
0 110 1
27 80 1
25 26 2
16 109 1
42 119 1
39 58 2
3 15 2
11 39 2
23 52 2
15 21 2
39 73 2
10 60 2
43 91 2
40 78 2
29 73 2
52 64 2
13 36 2
31 110 1
8 30 2
6 36 2
7 33 2
28 47 2
39 103 2
70 95 2
19 70 2
21 116 1
25 98 2
1 6 2
1 96 1
37 47 2
54 68 2
19 117 2
28 64 2
60 90 2
8 93 1
53 90 2
29 47 2
27 38 2
52 56 2
3 110 2
63 96 2
19 91 1
15 110 1
55 64 2
51 55 2
4 63 2
45 54 2
42 55 2
40 83 2
12 30 2
51 56 2
29 70 2
39 86 2
26 60 2
4 19 2
4 23 2
64 106 2
28 79 2
68 100 1
45 115 2
22 53 2
7 43 2
23 73 2
20 37 2
70 104 2
45 52 2
17 115 1
24 76 1
56 107 1
31 105 2
57 70 2
15 34 2
36 69 2
21 104 2
17 116 1
0 44 2
39 119 2
16 49 2
8 23 2
46 98 2
41 101 2
3 32 2
55 86 2
6 104 1
18 57 2
10 67 2
37 112 2
36 79 1
5 24 2
31 66 2
8 87 2
29 62 2
31 86 2
16 51 2
38 90 1
68 119 1
58 91 2
44 69 2
50 74 2
69 81 1
16 68 2
25 52 2
56 94 2
41 53 2
7 18 2
50 63 2
56 66 2
41 49 2
22 51 2
15 23 2
9 73 1
23 56 2
47 51 2
34 40 2
33 118 1
19 59 2
8 114 2
46 85 2
42 87 2
15 64 2
48 69 2
61 117 2
57 97 1
38 47 2
21 66 2
5 108 1
50 111 2
2 31 2
70 107 2
21 85 1
52 54 2
36 76 2
27 114 2
34 96 1
20 41 2
41 109 2
20 112 2
55 118 2
1 115 1
13 51 2
41 56 2
17 104 1
32 65 2
44 86 2
2 100 2
71 74 2
32 80 2
51 77 2
25 111 2
70 113 1
36 48 2
41 72 2
21 73 1
4 53 2
61 86 2
1 21 2
20 80 2
37 43 2
11 81 2
71 84 1
59 77 1
25 40 2
8 98 2
31 88 2
10 47 2
11 54 2
2 63 2
4 116 2
61 75 2
24 49 2
47 118 1
31 97 2
41 94 2
18 70 2
30 91 2
26 105 1
70 109 1
36 57 2
19 36 2
0 19 2
6 54 2
22 43 2
2 30 2
14 27 2
30 78 2
3 64 2
70 89 2
18 119 2
50 86 2
1 5 2
18 54 2
30 86 2
50 54 2
49 52 2
14 62 2
63 106 1
58 117 2
15 66 2
40 77 1
5 72 1
3 60 2
29 39 2
45 116 1
43 61 2
13 42 2
21 70 2
28 87 1
27 110 1
43 51 2
43 112 2
22 101 1
0 38 2
3 17 2
65 79 2
10 69 2
1 34 2
4 95 2
3 31 2
5 42 2
9 16 2
22 39 2
56 112 1
11 87 2
34 114 2
29 95 1
7 47 2
67 79 2
47 80 1
48 103 2
22 69 2
44 55 2
39 82 2
31 80 2
26 110 1
2 52 2
17 30 2
4 64 2
61 69 2
7 84 1
55 62 2
2 19 2
45 113 2
15 25 2
11 18 2
4 106 2
64 88 2
49 50 2
43 109 1
57 82 2
65 103 1
9 89 2
52 68 2
36 98 2
13 62 2
65 89 2
22 30 2
38 115 2
24 29 2
35 85 1
38 44 2
44 99 2
33 64 2
31 52 2
6 97 1
26 98 1
19 104 2
33 69 2
20 62 2
11 68 2
21 55 2
49 103 2
8 60 2
22 52 2
27 41 2
19 58 2
49 117 1
54 106 2
18 88 2
15 48 2
58 78 1
48 107 2
0 27 2
71 78 1
15 45 2
33 117 1
42 48 2
8 66 2
13 48 2
61 106 2
25 54 2
16 61 2
20 119 2
22 25 2
3 18 2
46 92 2
8 19 2
18 108 1
29 105 2
15 62 2
25 64 2
33 113 2
57 119 2
23 119 1
43 53 2
20 111 2
8 110 1
0 68 2
13 41 2
17 27 2
56 68 2
11 22 2
35 39 2
61 109 1
3 43 2
22 60 2
65 108 1
40 60 2
68 112 2
2 82 2
61 65 2
7 76 1
20 105 2
1 43 2
13 85 2
34 57 2
30 36 2
20 116 1
68 69 2
0 17 2
28 81 2
27 75 1
62 76 2
17 65 2
63 88 2
33 108 2
66 81 2
30 61 2
35 52 2
0 31 2
20 51 2
14 67 2
29 42 2
7 103 2
0 53 2
1 18 2
43 60 2
25 85 2
13 17 2
21 119 1
30 75 2
36 72 2
35 37 2
33 68 2
30 44 2
26 65 2
4 70 2
8 67 2
30 84 2
24 85 2
5 6 2
29 93 2
12 32 2
56 76 2
19 100 2
63 84 2
42 96 2
49 108 2
26 55 2
58 86 1
60 99 2
7 118 1
35 95 1
24 46 2
7 88 2
30 74 2
7 79 1
22 106 2
25 61 2
16 46 2
68 78 1
16 108 1
35 101 1
25 51 2
53 114 2
7 62 2
16 55 2
9 90 2
30 47 2
23 47 2
7 109 2
21 29 2
14 39 2
67 115 2
7 57 2
14 22 2
26 68 2
4 75 1
43 90 2
3 91 1
20 83 1
23 78 2
23 91 1
48 100 2
15 107 1
22 78 1
49 53 2
23 49 2
17 19 2
20 40 2
24 80 2
0 21 2
12 19 2
33 98 1
20 26 2
30 46 2
4 51 2
46 118 1
31 51 2
17 102 1
23 46 2
38 69 2
1 71 2
24 59 2
56 73 2
1 27 2
13 114 1
20 61 2
71 89 2
51 68 2
25 96 2
29 45 2
70 86 1
49 70 2
1 24 2
6 78 2
15 96 1
20 31 2
21 89 2
24 66 2
39 111 1
8 85 2
55 82 2
51 118 2
27 43 2
7 94 2
23 45 2
58 69 2
56 109 2
37 119 1
41 45 2
26 99 2
10 25 2
62 63 2
31 98 2
26 64 2
38 40 2
17 67 2
29 69 2
7 87 2
32 66 2
62 106 2
30 116 2
51 110 1
32 72 2
4 54 2
36 103 1
49 95 2
62 75 1
11 86 1
54 95 1
20 98 2
46 71 2
30 48 2
7 16 2
6 24 2
10 57 2
14 99 1
8 95 2
47 117 2
4 50 2
5 77 2
11 113 2
53 54 2
31 44 2
24 31 2
62 103 2
29 77 1
42 74 1
32 63 2
11 114 1
4 8 2
7 65 2
35 66 2
2 78 2
21 57 2
26 59 2
26 28 2
45 61 2
47 102 2
49 67 2
10 37 2
33 112 1
30 111 1
39 64 2
18 65 2
2 109 2
38 43 2
52 74 1
39 90 2
18 41 2
1 76 2
27 29 2
35 70 2
8 15 2
25 70 2
2 49 2
36 99 1
22 108 2
8 101 2
13 66 2
44 52 2
37 45 2
21 60 2
54 108 1
69 70 2
2 90 2
26 69 2
44 90 2
68 103 2
57 118 2
32 58 2
38 77 1
34 119 1
1 30 2
54 119 2
43 54 2
34 68 2
9 43 2
36 67 2
67 71 2
5 113 2
55 117 2
45 92 1
44 70 2
57 94 2
32 42 2
12 61 2
37 39 2
14 26 2
16 59 2
49 84 2
40 71 2
41 96 2
16 77 2
33 49 2
7 52 2
29 106 1
52 102 1
16 115 2
14 37 2
2 69 2
30 35 2
49 112 2
36 58 2
37 60 2
36 83 2
7 17 2
2 64 2
19 89 1
27 70 2
4 113 2
14 28 2
48 52 2
9 108 2
28 37 2
3 62 2
18 23 2
59 116 2
17 24 2
55 57 2
19 40 2
1 59 2
31 48 2
30 49 2
29 63 2
46 103 2
29 100 2
4 94 2
6 113 1
17 72 1
57 89 2
20 52 2
18 44 2
45 95 2
2 45 2
1 66 2
54 102 2
16 43 2
64 118 2
34 74 2
40 67 2
38 54 2
22 48 2
24 54 2
50 92 2
62 86 1
23 36 2
35 51 2
7 97 1
67 69 2
48 96 2
22 32 2
34 59 2
26 82 1
54 112 2
66 67 2
0 28 2
50 119 2
17 25 2
29 50 2
5 69 2
64 68 2
58 80 2
16 19 2
5 50 2
7 106 2
39 41 2
27 40 2
7 64 2
49 77 2
67 77 2
6 58 2
20 54 2
51 62 2
67 75 2
34 61 2
19 52 2
39 88 1
49 62 2
21 107 1
1 61 2
51 66 2
0 42 2
60 107 2
3 113 2
46 50 2
9 95 2
21 31 2
12 59 2
70 99 2
53 118 2
6 19 2
5 55 2
39 57 2
16 62 2
40 110 2
68 80 1
0 43 2
4 12 2
25 81 1
3 79 2
1 19 2
17 40 2
1 112 1
23 115 2
70 119 2
14 63 2
51 93 2
35 81 2
15 46 2
11 56 2
7 23 2
67 103 2
70 97 2
0 111 2
28 107 1
10 38 2
52 87 1
2 12 2
8 47 2
53 93 2
6 99 2
4 24 2
7 14 2
57 93 1
8 25 2
3 63 2
39 48 2
71 104 1
12 44 2
2 10 2
41 65 2
0 91 2
7 69 2
7 110 2
20 89 1
3 96 2
61 104 2
57 75 1
46 93 2
13 32 2
39 106 2
4 91 2
11 46 2
16 17 2
1 48 2
17 55 2
33 63 2
58 96 1
5 63 2
8 73 1
23 30 2
35 36 2
26 48 2
48 115 2
6 114 2
7 83 2
42 86 1
39 91 1
31 47 2
69 113 1
63 65 2
49 80 2
37 86 1
46 49 2
8 65 2
50 66 2
46 100 1
59 73 1
7 37 2
10 34 2
36 87 1
61 88 1
1 51 2
10 109 2
9 118 2
16 34 2
18 61 2
46 60 2
20 99 2
18 75 1
29 67 2
15 30 2
42 69 2
8 39 2
2 54 2
27 35 2
52 104 2
32 101 1
29 65 2
24 69 2
59 82 2
17 64 2
33 111 1
22 40 2
60 92 2
8 103 1
2 115 2
1 108 2
55 61 2
12 89 2
18 39 2
49 63 2
10 80 1
19 95 2
17 48 2
11 30 2
32 34 2
29 92 2
5 53 2
14 23 2
17 38 2
23 53 2
11 64 2
30 66 2
41 108 2
21 71 2
44 57 2
32 67 2
17 86 2
53 87 1
16 23 2
67 101 2
39 68 2
54 83 2
9 12 2
41 77 2
58 108 2
70 115 1
60 71 2
17 105 2
70 116 2
65 111 2
12 109 1
13 92 2
5 52 2
61 83 2
21 92 2
53 103 2
45 93 2
29 51 2
20 22 2
13 70 2
46 111 1
43 100 2
9 55 2
24 42 2
69 84 2
35 44 2
7 39 2
7 9 2
44 114 2
22 58 2
14 46 2
54 64 2
24 48 2
5 27 2
16 76 1
47 68 2
68 118 1
25 28 2
1 22 2
41 43 2
0 40 2
44 82 1
36 96 2
24 62 2
6 21 2
38 109 1
10 30 2
3 66 2
43 67 2
37 70 2
60 66 2
45 77 1
0 15 2
27 39 2
22 102 2
14 110 2
51 102 2
19 31 2
27 33 2
10 61 2
7 113 2
35 40 2
0 60 2
24 52 2
2 66 2
19 103 2
19 81 1
46 83 2
27 62 2
21 37 2
8 16 2
51 95 2
8 54 2
3 30 2
10 23 2
46 107 1
12 79 1
39 80 2
10 12 2
69 109 2
30 119 1
69 112 2
63 94 2
57 61 2
25 49 2
3 10 2
27 113 2
57 100 2
47 115 2
16 84 1
22 119 2
2 50 2
51 75 2
67 80 1
52 106 2
31 89 2
55 90 2
0 61 2
31 103 2
22 89 2
24 45 2
27 96 2
67 98 2
35 65 2
51 117 2
30 34 2
29 115 2
6 29 2
32 33 2
34 47 2
3 95 2
36 113 2
48 95 1
18 96 1
55 104 2
21 69 2
4 66 2
36 70 2
9 81 2
15 31 2
36 75 2
39 51 2
42 68 2
44 66 2
10 29 2
20 67 2
2 77 2
6 7 2
28 102 2
13 56 2
70 94 2
21 47 2
45 118 1
11 76 2
52 100 2
27 99 2
8 33 2
53 69 2
34 78 2
42 73 2
8 82 1
6 45 2
3 112 2
7 114 2
40 79 2
15 73 2
0 101 1
22 70 2
60 89 2
25 86 2
2 83 1
30 94 1
4 33 2
70 100 1
0 117 2
8 46 2
36 53 2
13 113 2
52 91 2
48 78 2
20 64 2
22 34 2
42 102 2
8 105 1
19 92 2
55 94 1
2 11 2
16 45 2
56 93 2
16 39 2
4 5 2
33 43 2
59 114 1
47 60 2
31 37 2
14 30 2
0 1 2
32 94 2
47 49 2
58 60 2
19 45 2
41 50 2
40 54 2
71 95 2
6 92 2
1 74 2
32 45 2
20 69 2
22 66 2
27 49 2
8 26 2
15 26 2
15 70 2
16 38 2
35 41 2
47 69 2
31 116 2
10 14 2
22 77 2
15 68 2
3 81 1
16 37 2
28 115 2
43 59 2
36 55 2
68 87 2
18 77 2
63 85 2
16 111 1
32 56 2
4 21 2
45 117 1
1 103 2
50 76 1
16 26 2
6 35 2
64 107 1
36 49 2
71 110 2
18 35 2
0 37 2
40 93 2
8 24 2
36 51 2
25 83 2
58 62 2
5 93 2
28 59 2
6 44 2
6 12 2
13 95 1
70 96 1
21 40 2
25 73 2
56 60 2
5 11 2
48 64 2
18 85 2
3 39 2
41 48 2
66 92 2
66 68 2
59 102 1
25 93 2
46 105 1
42 89 1
65 95 1
19 110 2
21 32 2
37 58 2
2 46 2
27 86 1
20 88 2
34 60 2
21 110 2
36 71 2
66 91 2
25 63 2
63 113 2
7 44 2
8 109 2
46 79 2
0 70 2
47 57 2
32 49 2
63 67 2
29 55 2
4 34 2
4 79 2
8 42 2
9 68 2
12 20 2
24 97 1
16 20 2
14 89 2
29 103 2
35 84 1
32 117 2
10 33 2
7 117 2
34 58 2
23 32 2
55 58 2
35 58 2
5 118 1
54 58 2
24 105 2
32 68 2
49 94 2
65 116 1
44 64 2
33 44 2
59 69 2
60 109 1
10 81 2
41 97 2
43 81 1
31 34 2
17 107 2
43 79 2
0 13 2
44 50 2
13 93 2
37 93 1
33 84 1
41 73 2
50 106 2
43 97 1
28 95 2
19 112 2
4 28 2
51 78 1
15 53 2
9 26 2
5 33 2
52 75 1
12 52 2
61 82 1
2 71 2
17 95 2
1 57 2
2 60 2
19 27 2
28 61 2
36 65 2
15 44 2
63 71 2
63 105 1
38 75 2
11 27 2
52 83 1
16 32 2
8 52 2
59 81 2
27 119 2
41 44 2
7 22 2
25 31 2
20 94 2
63 99 2
17 47 2
37 66 2
47 53 2
33 66 2
57 90 2
35 64 2
23 50 2
30 96 2
55 73 2
3 40 2
27 65 2
5 13 2
42 59 2
11 58 2
2 28 2
7 25 2
28 88 1
16 103 2
60 95 2
14 69 2
27 72 2
46 62 2
37 59 2
25 75 2
32 89 2
16 29 2
67 84 2
24 51 2
28 53 2
23 24 2
1 35 2
38 83 2
20 34 2
33 65 2
23 72 2
51 72 2
8 70 2
20 23 2
44 76 2
50 53 2
15 22 2
20 33 2
24 36 2
47 104 2
43 72 1
27 66 2
28 73 1
33 62 2
2 36 2
59 63 2
24 82 2
18 31 2
22 86 2
10 40 2
24 83 1
10 79 1
40 47 2
11 44 2
60 62 2
39 56 2
24 26 2
16 56 2
2 96 1
2 79 2
20 108 2
35 92 2
4 39 2
50 108 2
10 52 2
22 33 2
36 60 2
5 70 2
60 103 1
15 90 1
27 51 2
29 48 2
60 119 2
25 58 2
64 79 2
7 29 2
29 32 2
43 77 2
57 116 2
42 108 1
10 68 2
13 118 1
59 61 2
14 33 2
25 65 2
68 86 1
32 36 2
68 82 2
7 28 2
0 26 2
51 60 2
51 54 2
60 69 2
38 53 2
3 70 2
24 98 2
34 100 2
46 56 2
32 113 2
19 90 2
2 16 2
6 65 2
2 34 2
6 66 2
5 96 1
69 101 1
33 41 2
51 91 2
3 14 2
10 49 2
5 68 2
28 33 2
23 43 2
16 94 2
18 115 2
26 97 2
47 97 1
3 100 2
4 56 2
41 113 1
10 89 1
53 60 2
58 88 2
6 71 2
2 74 2
42 98 2
51 59 2
10 93 1
37 63 2
33 103 2
41 89 1
25 69 2
17 29 2
70 71 2
0 77 2
68 104 2
9 53 2
26 33 2
16 50 2
6 67 2
23 94 2
13 28 2
22 118 1
38 41 2
68 113 2
45 85 2
52 80 2
51 70 2
8 61 2
11 23 2
38 62 2
9 50 2
41 79 1
1 73 2
25 108 1
29 102 2
51 57 2
69 89 2
69 77 2
21 63 2
11 17 2
28 58 2
19 118 1
60 73 2
0 71 2
26 45 2
1 16 2
35 55 2
54 78 1
23 33 2
0 93 2
21 34 2
10 88 2
61 85 2
26 39 2
71 119 1
16 18 2
32 76 2
38 51 2
7 10 2
32 51 2
21 72 2
15 54 2
18 80 1
62 65 2
30 58 2
13 35 2
11 91 1
31 70 2
9 15 2
23 31 2
9 10 2
62 83 1
41 58 2
14 52 2
29 33 2
10 44 2
27 64 2
9 75 1
15 56 2
33 85 2
49 89 2
8 112 2
9 36 2
44 119 1
63 97 2
31 99 2
28 36 2
15 67 2
13 16 2
43 108 2
14 81 2
24 115 1
32 109 2
63 114 2
9 38 2
25 46 2
18 40 2
21 27 2
69 88 2
13 94 2
43 69 2
26 104 1
2 4 2
11 62 2
20 24 2
33 90 2
43 63 2
11 60 2
10 73 2
19 32 2
9 57 2
3 16 2
51 106 1
26 31 2
30 41 2
19 29 2
50 105 2
42 81 2
17 80 1
45 58 2
36 68 2
43 76 2
47 85 2
27 59 2
0 10 2
58 92 1
42 53 2
50 115 2
17 46 2
23 70 2
46 47 2
1 49 2
35 75 1
15 88 1
19 61 2
27 111 2
19 66 2
13 98 1
27 60 2
6 111 2
5 48 2
21 106 2
31 82 2
13 53 2
4 44 2
27 46 2
15 72 2
18 106 2
19 75 1
8 18 2
34 44 2
12 47 2
31 85 2
31 91 2
64 93 2
53 92 2
52 70 2
57 95 1
49 51 2
6 62 2
49 98 2
65 75 2
31 58 2
2 27 2
35 67 2
21 45 2
11 79 1
24 27 2
4 7 2
42 100 2
41 55 2
55 111 1
34 63 2
28 91 2
22 74 2
2 41 2
30 72 1
17 70 2
63 82 2
36 61 2
45 47 2
69 117 2
1 12 2
14 20 2
5 25 2
2 7 2
13 89 2
33 60 2
0 74 2
15 106 1
3 33 2
50 94 1
69 93 2
58 66 2
2 24 2
14 73 2
18 107 2
3 55 2
21 50 2
5 92 2
40 63 2
60 108 2
44 58 2
12 28 2
23 107 2
39 61 2
42 49 2
7 78 1
9 60 2
47 66 2
14 43 2
30 65 2
41 107 2
26 27 2
39 50 2
1 92 2
12 39 2
23 27 2
24 116 2
17 21 2
24 30 2
24 50 2
28 69 2
7 34 2
1 102 1
7 12 2
45 91 2
26 44 2
11 104 2
34 112 2
70 106 2
34 99 2
19 111 2
22 31 2
30 92 1
4 20 2
3 72 2
18 66 2
5 46 2
35 97 2
31 64 2
2 61 2
8 77 2
5 56 2
17 37 2
40 101 2
45 80 2
20 35 2
18 45 2
30 71 2
30 108 2
0 2 2
60 67 2
60 72 2
0 75 2
0 12 2
12 55 2
27 116 1
23 103 2
43 52 2
3 56 2
11 101 2
12 106 2
36 105 1
15 28 2
46 65 2
17 45 2
8 44 2
69 102 2
1 45 2
26 34 2
39 85 2
31 32 2
37 51 2
51 65 2
39 72 2
0 34 2
64 69 2
36 41 2
9 70 2
71 102 2
12 29 2
13 39 2
56 63 2
11 25 2
38 46 2
44 49 2
3 21 2
18 67 2
26 84 2
39 107 1
59 88 2
71 113 2
54 81 2
55 91 2
11 90 2
64 86 1
22 29 2
66 74 1
62 66 2
14 112 2
69 95 2
41 81 2
0 51 2
44 46 2
60 79 2
6 49 2
19 55 2
17 42 2
55 106 2
23 59 2
47 61 2
2 17 2
51 96 2
7 48 2
23 41 2
15 74 2
10 22 2
40 113 2
24 67 2
5 9 2
28 100 2
12 31 2
2 43 2
29 37 2
2 106 2
9 19 2
30 117 1
38 58 2
67 116 2
30 62 2
35 54 2
20 75 2
14 38 2
0 46 2
63 89 1
56 85 2
43 44 2
48 106 2
38 82 2
44 100 2
18 43 2
7 91 2
51 81 2
14 95 2
63 117 1
42 65 2
54 115 2
7 45 2
3 53 2
21 115 2
7 115 2
26 70 2
25 110 2
38 78 1
26 40 2
21 59 2
1 82 2
46 95 1
26 58 2
40 111 1
50 79 1
12 42 2
16 101 1
12 58 2
50 52 2
58 109 2
47 105 1
9 52 2
63 66 2
27 28 2
4 29 2
44 45 2
1 56 2
18 68 2
55 63 2
50 57 2
62 97 2
41 111 2
1 117 2
24 104 1
14 78 1
29 85 2
37 42 2
46 54 2
62 115 2
12 57 2
67 93 1
13 52 2
14 29 2
45 65 2
66 104 2
26 88 1
11 29 2
10 64 2
59 85 2
47 65 2
30 31 2
6 11 2
10 16 2
2 68 2
28 106 2
10 110 1
57 117 2
64 84 1
1 55 2
54 65 2
4 118 2
0 36 2
55 68 2
63 70 2
48 66 2
57 79 2
55 75 2
19 42 2
35 88 1
12 17 2
20 30 2
51 79 2
37 95 2
21 25 2
5 41 2
21 62 2
7 98 1
32 60 2
56 86 2
41 100 2
3 93 2
29 119 1
53 83 1
4 38 2
68 111 1
19 96 1
47 110 2
68 93 2
48 109 1
9 39 2
48 112 2
27 34 2
64 97 2
24 28 2
21 65 2
18 98 2
6 88 2
22 44 2
58 64 2
6 100 2
12 51 2
12 99 1
8 56 2
66 90 2
55 74 2
53 112 2
70 102 1
16 88 2
11 14 2
6 37 2
32 40 2
57 64 2
18 24 2
8 50 2
11 43 2
34 64 2
59 71 2
52 101 2
42 60 2
22 41 2
63 112 2
43 85 1
37 90 1
31 39 2
57 87 2
44 48 2
53 55 2
39 118 1
67 94 1
34 71 2
41 95 1
64 108 1
5 106 1
55 84 1
