% n=30 p=60 d=0.66 p_blue=0.66
4 12 2
11 17 2
16 25 1
12 22 2
11 25 2
11 26 1
2 27 2
2 29 1
16 20 2
17 19 2
5 29 2
0 7 2
10 15 2
13 29 2
11 16 2
7 15 2
0 8 2
3 5 2
5 26 2
12 21 2
1 13 2
7 24 1
1 29 1
15 25 1
0 2 2
9 25 2
1 24 1
10 11 2
5 28 2
6 15 2
16 21 2
2 22 1
1 11 2
4 6 2
7 12 2
8 16 2
6 25 2
11 28 1
15 26 2
3 23 2
9 23 2
4 5 2
7 9 2
0 3 2
0 13 2
16 22 2
1 6 2
0 5 2
2 25 2
17 28 1
4 10 2
12 15 2
16 24 2
0 11 2
4 25 1
15 22 2
0 23 1
4 24 2
1 16 2
11 15 2
4 14 2
1 15 2
17 25 1
0 1 2
4 7 2
6 21 2
9 22 2
5 11 2
7 14 2
7 11 2
0 10 2
11 21 2
4 17 2
6 12 2
10 24 2
14 29 2
1 21 2
0 12 2
8 18 2
2 4 2
3 13 2
8 9 2
11 18 1
1 28 2
11 24 1
7 21 2
15 17 2
8 10 2
8 14 2
3 7 2
14 28 1
2 15 2
5 10 2
2 3 2
14 17 2
7 27 1
13 28 2
8 12 2
3 16 2
4 16 2
2 20 1
5 6 2
7 13 2
9 15 2
0 9 2
6 7 2
1 5 2
3 17 2
3 14 2
6 14 2
2 5 2
9 16 2
4 19 1
4 13 2
1 14 2
12 28 2
1 18 2
13 27 1
7 17 2
6 8 2
3 8 2
15 27 2
15 18 1
0 6 2
8 15 2
1 9 2
0 4 2
5 19 1
3 15 2
1 27 2
11 20 2
10 14 2
10 28 2
12 27 1
6 26 2
17 23 2
5 23 2
7 29 2
13 17 2
8 29 2
3 26 2
11 12 2
14 20 2
16 17 2
11 27 2
13 23 2
4 20 1
3 11 2
14 24 2
0 27 1
0 28 2
10 23 2
9 13 2
9 10 2
5 24 1
3 18 2
4 9 2
16 28 2
6 29 2
14 16 2
5 21 2
9 27 2
11 13 2
1 3 2
13 14 2
0 29 1
3 22 1
5 13 2
6 22 1
8 13 2
4 18 1
16 19 2
1 26 1
3 10 2
9 17 2
3 29 1
16 29 2
2 23 1
3 21 2
12 20 2
1 17 2
1 4 2
7 19 2
12 13 2
17 20 1
2 13 2
6 17 2
10 12 2
2 14 2
2 17 2
5 16 2
5 14 2
3 6 2
12 26 2
0 16 2
16 27 2
17 29 2
6 28 1
4 27 2
0 17 2
7 23 2
6 20 2
8 17 2
6 16 2
7 8 2
9 20 2
17 26 2
5 12 2
10 26 1
10 29 2
2 21 1
1 25 1
8 22 2
7 16 2
1 8 2
14 25 2
6 9 2
2 16 2
17 21 2
13 15 2
4 8 2
2 6 2
12 14 2
15 20 1
7 25 2
15 16 2
14 18 1
0 14 2
10 25 2
0 24 1
10 13 2
6 24 2
6 11 2
5 27 2
4 23 2
5 9 2
17 27 2
11 14 2
6 13 2
4 15 2
3 9 2
14 26 2
9 14 2
12 19 2
2 28 2
12 18 1
3 25 1
0 19 2
0 20 2
7 26 1
13 21 1
0 15 2
1 2 2
15 21 2
7 20 2
2 19 2
5 15 2
13 22 2
2 8 2
6 10 2
1 10 2
2 7 2
10 16 2
7 18 2
0 21 1
12 17 2
1 7 2
15 28 2
12 16 2
9 12 2
4 11 2
12 23 2
4 26 2
10 17 2
8 24 2
3 4 2
13 18 1
1 12 2
2 10 2
3 12 2
5 17 2
7 28 2
9 11 2
7 10 2
13 25 1
11 23 2
6 27 2
8 11 2
5 8 2
5 7 2
6 23 2
14 19 2
9 28 2
13 26 2
2 12 2
5 25 2
9 19 1
14 15 2
16 18 2
2 9 2
4 22 1
2 11 2
13 16 2
1 20 1
9 21 2
