% n=190 p=33 d=0.66 p_blue=0.33
39 87 1
21 29 2
15 57 2
28 56 2
26 55 2
42 121 2
55 70 2
15 109 2
17 150 1
23 74 2
4 12 2
12 156 1
46 180 2
38 128 1
28 35 2
51 129 2
36 57 2
3 38 2
49 134 1
44 137 2
28 64 1
10 175 1
58 91 1
48 59 2
14 88 1
58 83 1
59 68 1
26 135 2
62 167 1
1 7 2
51 89 2
37 57 2
0 109 2
48 184 1
31 36 2
35 183 2
23 37 2
39 45 2
59 63 1
23 80 1
60 129 1
3 122 2
14 39 2
1 117 2
15 28 2
9 14 2
13 183 1
55 176 2
25 172 1
19 57 2
36 171 1
38 151 1
17 43 2
6 34 2
31 154 1
51 86 1
59 92 1
38 93 1
20 38 2
58 75 1
43 54 2
19 137 1
7 27 2
18 165 2
35 44 2
31 52 2
34 41 2
11 182 1
58 137 1
31 62 2
23 154 1
24 125 1
11 105 1
17 164 2
26 48 2
46 155 2
46 73 2
32 157 1
29 157 1
35 150 2
42 53 2
61 123 2
27 103 1
51 127 1
6 23 2
19 157 2
3 75 1
6 25 2
58 147 1
48 54 2
27 154 1
6 156 1
25 144 2
39 118 2
13 65 2
47 78 1
17 39 2
22 60 2
25 117 2
36 39 2
4 65 1
10 36 2
9 69 1
13 29 2
27 124 1
24 116 2
2 54 2
2 38 2
6 165 1
58 102 2
0 42 2
23 130 2
23 156 2
46 93 1
17 31 2
27 136 1
44 154 1
35 40 2
29 184 2
39 170 1
38 127 1
32 84 2
21 84 2
38 181 2
62 145 1
24 62 2
20 91 1
57 189 1
12 55 2
5 174 1
5 59 2
4 60 2
55 100 2
32 136 2
9 100 1
58 185 1
13 86 2
22 26 2
0 95 1
27 141 1
49 126 2
54 133 1
5 67 1
18 42 2
32 171 1
27 150 1
4 5 2
6 164 2
22 38 2
9 49 2
5 56 2
44 173 1
0 78 2
4 172 1
5 37 2
34 184 1
28 43 2
31 35 2
7 79 1
10 148 1
17 81 2
40 173 1
45 88 1
1 161 1
10 109 2
5 54 2
14 188 1
0 8 2
20 99 1
61 87 1
29 52 2
38 75 1
4 177 2
27 67 1
62 152 2
36 188 1
26 43 2
27 61 2
1 9 2
29 33 2
50 75 2
46 102 1
6 28 2
44 91 1
62 122 1
42 55 2
39 101 1
29 48 2
62 161 2
8 14 2
19 56 2
37 160 2
57 61 2
35 114 1
58 179 2
7 26 2
16 19 2
54 130 2
56 102 1
53 56 2
26 156 1
10 154 1
6 39 2
62 81 1
32 159 1
12 149 2
33 78 1
13 26 2
38 40 2
12 121 1
10 134 1
40 56 2
0 1 2
21 61 2
16 155 1
14 117 1
59 146 1
7 124 1
41 60 2
51 153 1
9 167 1
59 182 1
53 139 2
53 61 2
22 145 2
36 115 2
4 144 2
50 54 2
45 70 2
57 150 1
8 62 2
56 170 1
4 30 2
18 124 2
62 89 1
57 71 1
57 148 2
7 187 2
28 150 2
11 104 2
17 154 1
29 94 1
54 106 1
0 40 2
38 58 2
35 53 2
0 23 2
44 129 1
0 87 1
3 154 1
5 53 2
58 123 1
23 109 2
27 49 2
60 123 2
41 73 2
48 147 2
16 105 2
58 85 2
13 139 1
3 50 2
53 75 1
41 78 1
16 130 2
20 67 1
48 52 2
24 107 2
8 71 1
29 56 2
53 102 1
45 152 2
1 150 1
13 166 1
33 146 2
10 50 2
9 23 2
22 86 1
32 189 2
6 181 1
22 49 2
3 57 2
25 35 2
34 152 1
5 127 2
23 173 2
56 122 1
48 160 1
53 72 1
7 85 1
4 91 1
6 16 2
0 133 2
57 135 1
49 79 1
35 38 2
9 60 2
10 133 1
18 82 1
50 153 1
37 101 1
32 41 2
58 146 2
4 123 1
38 166 1
0 34 2
3 146 1
9 16 2
39 179 2
36 68 1
18 28 2
2 84 1
35 51 2
56 176 1
9 171 2
51 96 2
48 177 1
46 153 2
51 68 2
15 22 2
36 62 2
49 121 2
23 52 2
29 118 2
38 68 1
14 16 2
46 94 1
35 182 1
17 124 2
3 11 2
31 187 1
16 38 2
31 162 1
42 178 1
17 151 1
35 54 2
41 52 2
6 117 1
21 181 1
42 57 2
55 68 2
7 8 2
4 181 1
32 82 2
57 73 1
52 178 1
11 170 1
18 80 1
43 167 2
6 65 1
19 34 2
23 157 1
2 134 2
0 106 2
39 141 1
44 172 1
16 39 2
29 45 2
40 162 2
33 150 1
18 62 2
4 77 1
1 107 1
43 151 1
57 69 2
6 19 2
40 167 2
34 125 1
32 137 2
28 165 1
17 138 2
47 167 1
61 102 1
11 186 1
31 43 2
36 91 1
1 40 2
0 16 2
32 58 2
19 141 2
48 123 1
50 116 1
23 93 1
33 107 1
45 166 1
11 120 1
41 134 1
28 125 2
62 112 1
41 103 1
32 125 1
4 62 2
50 183 2
4 79 1
1 27 2
11 54 2
0 6 2
39 134 1
47 149 2
30 174 1
40 50 2
18 100 1
21 159 1
37 135 1
46 120 1
38 103 1
62 107 1
37 92 1
2 99 1
16 158 2
61 69 1
59 162 1
33 126 1
52 186 2
33 162 1
55 59 2
6 132 2
45 53 2
12 60 2
2 65 2
56 116 1
61 169 2
4 120 2
31 144 2
16 164 2
11 50 2
40 126 1
62 176 1
7 52 2
18 39 2
0 67 1
54 65 1
5 183 2
17 147 1
1 38 2
44 167 1
55 143 1
55 136 1
15 33 2
48 126 1
34 92 1
13 18 2
12 104 2
48 125 1
7 137 1
31 59 2
48 132 2
32 37 2
36 72 2
37 155 1
20 84 1
47 93 1
30 158 2
23 36 2
3 47 2
18 145 2
38 43 2
59 134 2
23 137 1
57 120 2
62 125 2
29 132 1
45 67 1
0 188 2
40 108 1
42 143 1
55 179 1
5 135 1
21 48 2
36 74 1
24 39 2
18 108 2
29 162 1
54 57 2
0 71 1
12 135 1
27 77 1
7 104 1
41 135 1
30 72 1
10 27 2
3 148 1
23 128 1
1 102 1
16 175 2
37 113 1
8 39 2
21 40 2
8 111 1
9 65 1
36 86 1
61 156 1
38 142 1
18 118 1
25 100 1
60 111 2
48 124 1
45 145 1
7 160 1
5 25 2
6 158 1
14 185 1
22 28 2
20 135 1
41 92 1
39 150 1
39 82 1
54 136 1
14 111 1
23 33 2
43 48 2
34 72 1
51 143 1
43 126 1
43 152 2
6 9 2
4 87 1
23 108 1
56 77 1
1 156 1
61 180 1
9 149 2
56 114 2
1 118 1
10 12 2
14 120 1
42 61 2
34 71 1
46 101 1
31 188 2
1 59 2
59 130 2
19 179 1
51 116 1
31 179 2
34 154 1
3 29 2
14 172 1
10 119 1
36 147 1
38 154 1
62 132 1
4 179 1
16 154 1
13 141 1
12 15 2
5 32 2
11 21 2
45 124 1
24 28 2
10 120 2
1 74 1
28 52 2
19 184 1
49 107 1
52 127 1
42 175 1
41 112 1
54 58 2
43 112 2
2 25 2
37 52 2
39 184 1
4 15 2
10 97 1
9 74 2
24 167 2
36 157 2
48 161 2
36 84 1
47 76 1
10 69 1
53 93 1
27 35 2
31 181 1
18 185 2
4 54 2
8 95 2
53 103 2
29 32 2
23 87 2
40 138 1
50 145 1
54 90 1
14 177 1
0 96 1
35 65 2
20 150 2
8 31 2
51 121 1
20 143 2
3 109 1
24 43 2
18 30 2
35 117 1
32 68 1
58 174 2
61 75 1
40 133 2
7 12 2
13 21 2
31 73 1
5 34 2
30 104 1
28 136 2
49 84 1
17 126 2
5 117 1
39 131 1
31 173 2
2 144 1
1 91 1
57 131 1
24 34 2
24 152 1
26 33 2
23 91 1
28 179 2
30 43 2
21 69 1
44 122 1
55 144 2
36 47 2
10 46 2
2 185 1
8 166 1
38 72 1
8 145 1
13 111 1
27 54 2
41 149 1
35 177 1
7 159 1
22 72 1
33 96 2
9 87 2
14 15 2
58 121 1
10 130 1
22 24 2
8 28 2
6 128 1
16 44 2
8 181 1
0 9 2
58 175 1
34 39 2
24 131 1
46 104 1
44 74 2
21 144 1
15 69 1
38 63 2
20 138 2
28 91 1
59 65 2
55 147 2
6 24 2
40 58 2
12 47 2
38 159 1
44 153 2
4 114 1
22 116 1
5 76 1
35 132 2
40 171 1
45 48 2
59 78 1
27 132 2
30 75 1
47 68 2
47 147 2
22 118 1
60 127 1
0 186 1
9 123 1
21 76 2
7 111 1
58 81 2
26 160 2
5 175 1
13 147 2
18 34 2
44 63 1
4 37 2
33 123 2
38 139 1
33 180 1
26 124 1
18 33 2
40 118 1
12 148 1
59 172 1
38 105 1
54 121 1
55 114 1
17 109 2
22 55 2
39 146 2
40 47 2
41 42 2
16 188 2
51 75 2
35 111 2
47 79 2
4 86 1
42 182 2
58 141 1
16 144 2
6 64 2
11 78 1
46 146 1
50 99 1
3 110 2
5 151 2
60 109 2
7 125 1
18 75 1
0 103 1
37 97 2
14 52 2
11 22 2
29 150 1
50 103 1
56 89 1
57 93 1
15 160 2
57 130 1
17 58 2
31 132 1
37 53 2
28 102 2
9 148 1
13 22 2
20 35 2
19 68 1
11 38 2
21 135 2
32 70 2
52 58 2
17 23 2
8 112 2
9 17 2
23 55 2
21 60 2
53 123 2
7 138 1
24 27 2
26 134 2
7 35 2
19 45 2
55 112 2
1 47 2
51 165 2
16 80 1
8 128 2
13 35 2
4 184 1
34 65 1
13 102 2
14 128 1
42 44 2
12 25 2
54 117 1
24 95 1
30 106 1
35 59 2
22 177 2
22 58 2
7 150 1
27 101 1
31 51 2
36 163 1
25 31 2
60 120 1
4 100 2
56 100 1
2 6 2
46 179 2
35 49 2
43 122 1
26 51 2
3 39 2
7 142 1
35 109 1
9 150 1
9 13 2
29 180 2
13 45 2
21 85 2
36 63 2
6 112 1
43 59 2
47 184 1
46 72 2
9 185 1
62 166 2
27 160 1
45 135 2
57 145 1
27 139 1
57 104 1
50 180 1
40 144 1
38 50 2
26 81 2
4 109 1
23 140 1
26 94 1
42 132 1
9 91 1
30 52 2
10 74 2
18 166 2
56 142 2
23 171 2
58 129 1
24 82 1
11 145 2
52 108 2
37 138 1
3 6 2
1 60 2
31 72 1
57 169 1
28 183 1
24 99 2
12 138 1
9 73 2
6 76 1
60 176 2
14 94 1
5 116 2
1 53 2
30 65 1
2 161 2
16 99 2
14 46 2
37 119 2
8 148 2
28 171 1
18 107 1
59 109 1
3 32 2
11 87 2
45 56 2
8 20 2
6 171 1
7 106 1
14 110 1
58 168 1
59 139 1
33 105 1
5 62 2
3 130 1
51 148 1
0 31 2
24 84 1
60 82 1
11 62 2
40 85 2
42 78 1
28 70 2
61 152 1
33 184 2
20 26 2
9 90 2
56 60 2
18 114 2
57 181 1
11 57 2
10 17 2
27 183 1
27 140 1
48 138 1
17 155 1
17 76 2
46 156 1
44 53 2
27 75 2
59 164 2
39 84 1
53 161 1
11 184 1
43 52 2
30 35 2
27 45 2
27 122 1
33 189 2
51 105 2
46 107 2
21 131 1
26 58 2
50 167 1
44 132 1
51 66 2
19 51 2
23 57 2
17 72 1
8 41 2
47 110 1
3 99 1
55 80 1
49 102 1
25 176 1
32 114 1
5 18 2
52 177 1
21 175 1
33 155 1
11 178 2
21 137 2
61 118 1
16 18 2
48 175 1
32 162 2
29 64 1
20 152 1
8 135 1
2 60 2
12 36 2
46 48 2
15 125 1
48 176 1
47 52 2
27 185 1
22 112 2
12 118 2
12 184 2
45 162 1
4 43 2
53 172 1
52 130 1
24 56 2
46 51 2
8 130 1
5 95 1
14 47 2
42 79 1
43 76 2
35 91 1
1 121 2
10 30 2
20 176 1
48 63 1
18 111 1
45 125 1
0 126 1
61 93 1
27 46 2
55 75 1
5 73 2
30 53 2
4 21 2
16 146 2
12 171 2
21 80 1
22 124 1
30 57 2
56 65 1
48 97 1
34 158 1
51 187 2
62 150 1
29 104 2
22 154 2
10 185 1
1 125 2
17 128 1
24 38 2
0 116 1
17 27 2
57 106 2
36 183 2
41 136 1
4 31 2
2 131 1
3 96 1
30 61 2
48 171 1
0 138 2
14 45 2
12 150 2
61 188 2
29 82 2
6 72 2
29 167 1
59 174 2
44 169 2
29 163 1
24 153 1
55 127 1
28 159 2
59 153 1
6 22 2
17 29 2
23 35 2
58 93 1
16 36 2
49 178 1
6 163 2
37 171 1
29 85 2
38 131 2
32 104 2
9 52 2
1 77 1
8 132 2
49 180 2
13 116 2
3 113 2
14 54 2
14 27 2
57 156 1
54 102 2
20 174 2
6 106 2
58 87 2
59 115 1
21 22 2
42 58 2
24 172 1
45 55 2
47 119 1
55 173 2
59 64 2
16 53 2
23 77 2
4 7 2
36 173 1
26 56 2
12 58 2
18 87 1
13 23 2
48 60 2
16 57 2
39 182 1
49 103 1
30 82 1
38 70 2
50 184 2
35 72 1
27 106 2
25 185 1
29 127 2
5 150 2
49 95 2
32 47 2
19 23 2
34 118 1
7 115 2
26 120 2
53 170 2
51 136 1
26 71 1
40 100 1
27 180 1
4 44 2
42 51 2
62 160 1
6 48 2
1 5 2
0 115 1
44 69 1
25 60 2
31 182 1
33 167 1
59 76 2
42 154 1
45 176 2
9 181 2
36 55 2
23 43 2
61 67 2
47 141 2
17 91 2
45 183 1
7 44 2
52 66 2
37 148 1
8 26 2
9 30 2
58 152 2
1 35 2
29 135 2
20 180 1
4 149 1
59 126 2
22 82 1
52 122 1
3 167 1
30 111 2
58 122 1
3 186 2
32 153 1
49 67 1
32 140 2
17 117 2
33 142 1
14 78 2
23 86 2
58 98 1
35 125 1
14 74 1
59 116 1
8 42 2
29 140 1
43 51 2
27 51 2
12 125 1
16 120 1
29 77 1
20 178 2
55 132 2
34 42 2
14 144 2
12 169 2
35 142 2
52 129 2
42 168 1
34 48 2
49 89 2
37 68 1
1 28 2
2 153 2
24 30 2
44 133 1
32 35 2
20 172 1
25 120 1
19 52 2
54 142 2
11 41 2
18 48 2
24 79 2
36 107 2
4 33 2
2 21 2
3 120 2
33 74 2
17 48 2
38 87 1
4 168 1
0 63 2
0 170 1
46 143 1
37 128 1
7 40 2
14 175 2
57 123 1
31 41 2
34 121 2
41 154 1
10 38 2
37 152 1
17 74 1
25 65 1
46 187 1
41 54 2
21 97 1
0 52 2
13 33 2
15 50 2
6 140 1
37 48 2
31 93 2
33 53 2
8 16 2
27 47 2
0 46 2
13 115 1
14 135 1
26 111 1
13 119 1
40 70 1
48 121 1
25 47 2
10 61 2
33 82 1
36 85 1
19 104 1
17 167 2
43 68 1
58 151 1
0 74 2
3 166 1
43 129 2
26 82 1
5 149 2
26 61 2
36 134 1
18 174 1
55 150 2
52 69 2
16 81 1
48 153 2
62 73 2
43 123 2
38 78 1
51 119 1
45 104 1
35 156 1
32 64 1
32 168 1
42 120 2
27 40 2
8 48 2
7 71 2
14 59 2
55 175 1
33 124 1
24 134 1
57 161 1
19 77 2
12 42 2
38 178 2
35 39 2
60 137 1
40 92 1
57 119 1
25 141 1
36 138 2
50 94 2
5 41 2
11 35 2
35 58 2
10 141 1
6 152 1
9 99 1
14 122 1
1 112 1
6 174 2
40 55 2
10 18 2
24 120 1
36 172 2
50 83 2
46 182 1
8 102 2
16 73 1
4 17 2
23 107 2
11 16 2
17 112 1
14 29 2
2 70 1
36 94 1
22 97 2
14 76 1
25 58 2
56 101 1
16 37 2
11 154 1
34 107 1
22 189 1
11 121 2
59 141 2
5 96 1
51 168 1
28 189 2
20 166 1
30 102 1
46 184 1
18 135 1
44 94 1
15 30 2
21 37 2
30 125 1
56 167 1
43 61 2
57 155 1
42 161 2
7 148 2
7 57 2
37 184 1
28 47 2
60 125 1
32 55 2
15 114 1
59 93 1
15 184 1
40 72 2
38 89 2
25 131 1
55 115 1
0 26 2
52 150 2
44 80 1
2 76 1
16 43 2
7 132 1
20 54 2
24 136 1
8 83 1
58 150 1
48 64 1
56 111 1
18 119 2
11 155 1
46 144 1
38 83 2
35 80 1
14 50 2
51 74 1
5 74 2
53 178 2
17 96 2
39 42 2
28 54 2
28 135 1
44 180 2
58 107 1
40 60 2
28 137 1
8 59 2
17 22 2
22 173 1
0 54 2
51 124 1
42 106 1
5 108 1
48 180 1
13 176 1
46 173 1
2 24 2
39 88 1
62 178 1
14 133 1
10 22 2
5 154 1
4 29 2
61 136 2
32 172 1
44 152 2
28 160 2
43 90 1
37 103 1
4 93 1
50 161 2
5 134 1
52 76 1
14 20 2
51 82 2
20 88 1
24 58 2
23 111 1
10 123 1
20 82 1
37 127 1
17 53 2
29 37 2
31 96 1
10 178 1
15 66 1
50 55 2
19 127 1
8 120 1
31 170 2
33 37 2
23 38 2
5 49 2
0 32 2
28 97 1
33 51 2
4 56 2
54 166 1
43 86 1
6 21 2
9 187 2
47 155 1
49 137 1
26 32 2
59 94 1
38 57 2
41 125 1
25 140 2
60 170 1
52 169 2
37 62 2
3 180 1
29 159 1
8 188 1
47 50 2
16 115 2
11 28 2
17 153 1
51 73 1
23 161 1
14 41 2
40 101 1
35 123 1
57 178 1
51 122 1
47 85 2
41 163 1
55 180 1
6 148 1
29 108 1
21 163 2
30 47 2
39 185 1
45 144 1
4 42 2
19 24 2
46 92 1
12 130 1
4 186 1
46 166 2
46 162 1
8 167 1
14 56 2
11 44 2
34 40 2
6 99 2
3 44 2
21 189 1
44 98 1
21 63 1
9 76 1
19 164 1
31 48 2
62 97 1
42 92 1
46 119 2
53 189 2
1 157 1
2 87 1
59 127 2
20 51 2
52 91 2
43 121 2
12 88 2
54 173 2
26 101 2
53 131 1
37 111 2
27 80 2
14 136 1
40 63 1
44 96 1
55 64 1
48 79 1
34 56 2
50 134 1
39 156 2
24 151 2
50 100 1
61 154 2
42 80 2
2 58 2
54 59 2
25 57 2
25 48 2
25 53 2
47 51 2
58 164 2
1 98 2
27 56 2
35 48 2
4 55 2
51 55 2
15 84 1
33 48 2
13 169 1
15 167 1
25 85 1
3 142 2
57 107 2
25 54 2
17 59 2
50 67 2
51 184 1
57 111 1
20 23 2
34 70 1
36 123 1
24 53 2
17 33 2
7 24 2
57 142 1
6 85 1
20 130 1
12 151 1
19 31 2
47 96 1
31 57 2
37 107 1
0 141 1
60 130 1
30 74 1
2 34 2
16 117 1
18 138 1
27 29 2
52 53 2
32 105 1
7 119 2
4 132 2
5 19 2
19 92 1
15 42 2
3 83 1
0 45 2
14 137 1
19 187 1
5 16 2
19 38 2
3 26 2
11 126 1
24 68 1
25 36 2
20 163 2
23 75 2
6 30 2
7 158 2
55 154 2
46 95 1
35 68 2
26 176 1
52 161 1
17 47 2
43 84 1
37 90 2
37 110 1
24 177 2
1 72 1
7 10 2
39 99 2
36 135 2
56 86 1
26 92 2
12 167 1
26 112 2
6 17 2
57 59 2
2 173 1
47 166 2
35 169 1
28 87 1
50 142 1
16 17 2
61 168 1
48 112 2
39 120 2
44 62 2
57 102 1
14 77 2
27 64 1
33 69 1
5 131 1
7 80 1
1 69 1
61 95 1
32 152 1
6 169 2
26 113 2
4 136 2
35 106 2
2 29 2
22 71 1
15 187 2
45 121 2
37 84 1
51 61 2
12 44 2
18 134 1
51 144 1
41 44 2
21 30 2
25 186 1
13 39 2
25 44 2
8 47 2
20 61 2
18 77 1
8 36 2
17 24 2
12 158 2
4 50 2
16 156 1
18 141 1
52 184 1
57 127 1
40 54 2
55 162 1
45 73 1
38 100 1
45 106 2
39 109 1
27 147 1
19 36 2
16 179 1
52 104 1
14 124 2
22 184 1
33 84 1
29 125 2
54 143 2
24 173 1
7 38 2
26 60 2
0 99 1
54 79 1
43 81 1
10 49 2
53 108 1
22 56 2
6 44 2
31 137 1
30 173 2
10 140 1
10 26 2
50 62 2
2 140 1
11 151 1
24 178 1
50 102 1
26 99 2
5 13 2
6 97 2
28 48 2
47 55 2
53 78 1
3 43 2
1 153 1
0 20 2
27 89 1
4 27 2
35 147 1
14 138 1
59 80 1
15 144 2
27 163 1
34 37 2
57 58 2
40 76 1
14 173 2
47 102 2
1 185 1
27 157 1
25 114 1
50 143 2
56 162 1
4 9 2
7 144 2
13 184 1
14 69 1
29 173 2
24 142 1
26 182 2
29 168 2
1 6 2
26 84 1
29 66 2
14 17 2
47 69 1
46 145 1
21 126 1
16 110 1
30 96 1
15 60 2
15 146 1
10 47 2
13 16 2
29 179 2
41 131 2
0 98 2
40 156 2
51 64 1
26 131 2
60 168 1
27 38 2
41 76 1
22 52 2
12 114 1
52 140 2
56 141 1
28 80 1
47 130 1
25 62 2
21 120 1
6 69 2
56 143 1
17 152 2
41 93 1
54 74 1
57 98 1
19 47 2
53 120 2
21 134 1
12 103 1
3 59 2
2 78 1
0 168 2
37 131 2
51 175 1
16 31 2
6 56 2
31 135 1
36 133 2
13 124 1
55 182 2
25 68 1
46 103 2
30 101 1
24 90 1
58 167 1
22 179 1
8 104 1
31 184 1
22 92 1
19 128 2
7 149 2
59 90 2
53 83 1
50 81 1
26 93 2
26 129 2
61 171 2
17 103 1
62 133 1
31 128 1
28 128 2
52 185 1
54 107 2
16 187 1
51 62 2
20 139 2
60 107 1
7 43 2
29 57 2
13 138 1
15 112 1
47 63 2
7 123 1
11 47 2
24 157 2
56 184 1
30 128 1
40 142 1
40 74 1
45 84 2
6 78 2
40 73 1
36 51 2
52 153 1
13 142 1
41 128 1
45 57 2
17 49 2
10 90 1
24 143 1
1 33 2
6 131 2
59 170 1
18 187 1
38 167 1
24 105 2
42 140 2
10 52 2
59 61 2
49 147 1
8 131 1
16 131 1
36 48 2
15 16 2
47 54 2
8 164 2
15 175 1
23 88 2
24 103 1
57 109 1
47 107 1
5 137 1
15 63 2
18 44 2
53 183 1
35 45 2
42 43 2
35 36 2
0 37 2
11 150 1
15 124 1
54 109 2
32 38 2
8 27 2
7 16 2
45 132 1
3 169 2
26 188 1
49 133 1
19 138 2
4 28 2
0 143 1
31 94 1
47 144 1
42 90 1
8 50 2
58 132 1
28 46 2
59 110 1
45 49 2
62 87 2
29 92 2
30 115 1
45 66 1
20 71 1
1 51 2
7 120 1
20 27 2
55 103 1
22 33 2
31 87 2
33 114 1
11 23 2
48 152 1
17 61 2
35 90 1
2 169 2
43 148 1
17 77 2
9 178 1
44 120 1
23 44 2
49 108 1
2 85 2
12 160 2
4 58 2
12 46 2
22 170 2
16 34 2
16 116 1
14 53 2
27 52 2
41 53 2
7 96 1
38 145 1
15 138 2
44 121 1
32 155 1
33 100 2
37 44 2
60 172 1
32 48 2
31 145 2
17 57 2
7 116 1
27 68 2
62 179 1
23 117 2
32 132 1
23 150 1
21 52 2
28 99 2
2 31 2
49 160 1
52 112 1
46 50 2
26 108 1
53 91 2
15 123 1
25 32 2
25 30 2
25 64 1
31 82 1
2 126 1
13 47 2
10 155 1
58 182 2
13 56 2
13 64 1
11 112 1
2 16 2
61 106 1
2 57 2
6 154 2
55 128 1
49 186 1
7 51 2
16 75 1
15 43 2
58 180 1
2 27 2
12 182 1
10 48 2
61 70 1
0 13 2
5 148 2
20 80 1
6 141 1
55 72 1
12 49 2
14 159 1
48 133 1
10 91 1
38 179 1
49 153 2
7 167 1
33 60 2
20 181 1
54 168 1
52 146 1
13 19 2
18 37 2
9 45 2
38 86 1
12 128 1
32 33 2
35 127 1
32 73 1
14 102 1
0 128 1
58 188 1
0 164 1
13 74 1
40 131 1
30 189 1
60 106 2
49 53 2
18 98 2
17 145 2
29 81 1
40 57 2
32 57 2
46 61 2
32 79 1
1 147 2
62 93 1
17 173 1
37 72 1
48 151 1
8 44 2
5 106 2
60 173 1
46 88 2
37 170 1
11 167 1
40 77 2
5 112 2
7 89 1
20 114 1
26 121 2
8 23 2
18 31 2
54 80 1
3 58 2
25 46 2
50 51 2
24 44 2
5 30 2
10 87 2
19 73 1
33 94 1
8 144 1
19 70 1
41 180 2
50 123 1
15 106 1
57 143 2
29 121 1
62 170 1
33 54 2
45 99 1
8 185 1
35 137 2
43 144 1
48 98 1
37 54 2
14 180 2
12 163 1
25 26 2
53 125 2
18 29 2
19 43 2
56 179 2
40 141 1
43 94 1
37 116 2
9 156 1
22 66 1
62 137 1
2 45 2
47 53 2
20 92 1
60 146 2
3 177 1
28 41 2
8 52 2
0 129 2
57 174 2
62 156 1
28 116 2
32 143 1
5 33 2
29 39 2
11 174 1
28 105 2
22 79 2
30 46 2
22 51 2
30 41 2
62 74 2
29 49 2
15 89 1
15 173 1
20 50 2
22 129 2
35 92 1
28 103 1
61 119 1
35 46 2
46 123 2
1 23 2
57 70 1
28 82 1
0 12 2
22 183 1
2 186 1
61 109 1
46 169 1
34 165 1
53 97 1
35 165 2
61 115 1
40 168 1
6 111 1
37 50 2
51 70 1
47 146 1
22 148 1
16 54 2
21 130 1
12 133 1
7 184 1
23 180 1
36 92 1
10 85 1
31 143 1
39 177 1
21 162 1
20 28 2
56 130 2
1 82 1
28 177 1
5 126 1
24 128 1
47 185 1
54 140 2
26 83 1
1 169 1
12 181 1
39 49 2
33 70 1
17 115 2
45 181 1
12 157 1
30 129 1
1 29 2
45 157 1
40 146 1
45 50 2
3 163 2
49 104 2
51 72 2
27 182 1
12 101 2
14 105 1
28 37 2
15 85 1
2 101 1
17 185 2
42 87 1
23 29 2
14 19 2
16 24 2
2 62 2
27 104 1
6 79 2
34 140 1
25 39 2
37 96 2
22 34 2
50 105 2
30 85 1
62 163 1
38 161 2
54 86 1
25 132 2
18 55 2
34 64 2
6 55 2
35 78 1
25 105 1
2 19 2
33 129 1
41 71 2
8 57 2
36 149 1
22 103 1
57 157 1
39 173 2
24 51 2
22 144 2
49 183 1
42 118 2
26 137 1
62 114 1
50 140 1
41 48 2
3 66 1
53 122 1
6 37 2
11 188 1
3 132 1
39 73 1
2 154 2
26 141 1
24 127 1
41 98 1
47 164 1
22 176 1
34 179 1
2 18 2
42 170 1
36 66 1
58 77 2
18 177 2
14 155 2
24 64 2
41 61 2
15 159 1
55 174 1
34 105 2
4 133 1
22 117 1
4 111 1
8 82 1
13 146 1
26 39 2
37 51 2
3 104 2
1 65 1
44 155 1
44 60 2
11 114 1
53 153 2
47 179 1
28 96 2
58 148 1
41 49 2
47 90 1
8 169 1
44 84 1
57 108 2
45 76 1
6 102 2
15 116 2
2 67 1
28 101 1
21 38 2
12 127 1
37 121 1
47 173 2
37 69 1
59 81 2
50 91 2
17 184 2
58 79 2
56 68 1
5 125 1
18 104 1
2 150 1
16 185 2
45 54 2
0 48 2
29 75 2
45 138 1
57 129 2
59 113 1
33 111 1
33 185 1
2 13 2
34 38 2
35 62 2
38 65 1
0 90 2
14 70 1
50 164 1
26 62 2
33 174 2
13 58 2
6 149 1
13 34 2
44 52 2
4 46 2
1 119 1
24 59 2
34 82 2
12 94 2
4 66 1
27 83 2
17 44 2
36 49 2
20 47 2
27 55 2
43 139 1
1 3 2
44 182 2
61 139 1
45 47 2
24 69 1
41 182 1
43 57 2
8 29 2
18 66 1
41 132 2
21 35 2
36 37 2
50 159 2
6 178 1
56 183 1
4 167 2
60 93 1
15 86 2
14 84 1
58 63 1
49 150 2
2 158 1
50 122 2
15 172 1
12 65 1
9 19 2
29 41 2
10 135 2
60 162 1
15 90 2
48 108 1
41 173 1
4 164 1
21 151 1
38 69 2
25 34 2
20 66 1
35 61 2
36 174 1
7 41 2
58 187 1
13 125 1
53 79 1
28 33 2
0 35 2
4 68 1
28 30 2
44 140 1
21 105 2
36 113 1
61 160 1
23 28 2
19 50 2
62 175 1
33 149 1
51 83 1
49 132 1
52 121 1
29 186 1
36 114 2
10 110 1
59 147 1
36 152 2
1 15 2
44 149 1
2 180 2
6 36 2
18 53 2
45 182 1
53 89 2
40 188 1
50 124 1
36 83 2
49 164 1
8 99 1
47 151 1
36 102 1
55 134 2
62 121 1
59 159 1
1 48 2
24 36 2
35 163 2
27 170 1
50 188 1
23 179 2
52 86 1
42 163 2
44 115 1
45 85 2
30 48 2
29 70 1
28 65 1
59 105 1
31 123 1
57 118 1
1 21 2
1 139 2
29 178 2
16 118 2
0 76 1
8 32 2
33 104 1
51 167 1
24 122 2
29 137 1
35 118 1
10 105 2
21 129 1
38 176 1
54 148 1
34 181 1
32 178 1
1 39 2
30 179 1
13 84 1
50 176 1
31 92 1
13 152 2
22 37 2
25 138 1
2 171 1
5 169 2
38 82 2
34 60 2
12 14 2
7 164 1
21 49 2
9 27 2
2 125 1
31 86 1
51 169 1
11 67 2
18 56 2
4 160 1
35 88 1
7 23 2
40 181 1
44 82 1
5 163 2
49 144 2
38 55 2
32 107 2
57 76 1
21 88 2
57 163 2
4 48 2
12 111 1
3 31 2
37 179 1
32 99 2
43 97 1
20 179 1
7 108 1
20 183 2
30 146 1
32 144 1
12 90 2
26 150 1
20 105 1
19 83 1
32 158 1
25 122 1
31 65 2
20 94 1
16 167 2
22 47 2
29 63 1
4 10 2
41 147 2
3 71 1
22 48 2
2 147 2
31 84 2
0 159 2
17 20 2
56 156 1
53 168 2
48 136 1
2 22 2
61 135 1
28 100 1
42 136 1
48 106 1
26 140 2
2 4 2
34 83 1
27 129 1
21 50 2
44 90 2
17 94 1
24 57 2
15 54 2
20 189 1
22 50 2
39 174 2
10 164 2
33 145 1
29 144 1
34 35 2
38 114 2
51 111 2
19 102 2
52 159 1
42 172 1
56 112 1
60 92 2
54 154 1
23 76 1
35 96 2
12 147 2
27 66 2
21 179 2
17 143 2
48 68 2
40 157 1
3 185 2
0 91 1
60 165 1
15 136 1
27 39 2
38 53 2
40 45 2
57 125 1
6 95 1
3 53 2
49 161 1
42 126 1
6 145 1
3 19 2
33 97 1
33 139 2
11 132 1
3 141 1
35 71 1
43 56 2
24 76 1
9 40 2
58 140 1
46 85 1
57 164 1
14 18 2
12 132 1
40 78 1
7 87 1
29 91 1
55 77 1
40 182 2
30 180 2
39 50 2
43 116 2
1 92 1
1 14 2
50 187 2
10 51 2
25 41 2
12 59 2
47 104 1
2 120 1
3 46 2
19 161 1
35 188 1
19 98 1
33 42 2
4 182 1
50 174 2
34 134 1
55 138 1
8 89 2
24 35 2
6 47 2
20 96 1
44 59 2
25 56 2
22 61 2
8 124 1
53 62 2
34 85 1
41 179 1
44 127 1
31 108 1
33 95 2
2 40 2
5 36 2
8 76 1
2 48 2
30 59 2
2 55 2
1 176 1
48 71 2
20 124 1
5 72 1
3 33 2
11 95 2
9 162 1
50 152 1
22 54 2
29 55 2
46 150 1
46 124 1
14 119 1
37 181 2
3 157 1
16 65 2
32 71 1
10 58 2
5 21 2
23 142 1
60 104 2
62 72 2
9 130 1
1 134 2
37 161 2
27 109 1
47 165 1
16 68 2
14 156 1
29 58 2
11 111 1
12 76 2
54 126 2
19 119 1
52 125 2
58 106 1
55 135 1
16 119 1
17 90 2
30 178 1
34 168 2
55 94 1
6 62 2
33 36 2
31 91 1
7 136 2
62 151 1
9 180 1
11 20 2
21 87 2
23 98 1
20 106 2
35 70 1
10 23 2
6 61 2
34 149 1
18 116 1
18 20 2
35 154 1
42 122 2
32 42 2
5 38 2
13 59 2
15 148 2
48 95 2
37 81 1
23 39 2
48 82 1
34 49 2
29 103 2
24 114 2
54 92 1
36 88 1
33 161 1
14 58 2
46 188 1
9 172 2
10 42 2
20 37 2
1 43 2
44 49 2
43 186 2
32 131 1
19 165 1
15 188 1
44 161 2
44 54 2
21 27 2
62 77 2
7 105 2
6 50 2
11 29 2
4 146 1
59 83 2
20 48 2
7 25 2
7 83 1
26 142 1
28 148 2
40 53 2
9 47 2
29 164 1
39 104 2
53 159 2
2 96 1
26 100 1
45 173 1
44 92 1
5 119 1
29 44 2
19 37 2
28 63 1
22 59 2
14 31 2
2 43 2
16 123 2
44 104 2
15 58 2
41 94 1
2 188 1
40 67 1
13 41 2
3 178 1
22 156 1
38 80 2
55 156 2
16 181 2
9 169 2
62 120 1
21 59 2
61 179 1
45 137 1
42 85 2
29 185 1
19 117 1
48 76 1
24 164 1
42 127 2
18 184 1
7 28 2
26 50 2
11 25 2
0 173 2
12 53 2
14 23 2
52 59 2
13 94 1
50 182 2
62 185 1
12 22 2
58 82 2
45 69 1
9 71 1
36 184 2
44 47 2
35 141 2
57 117 1
55 125 1
54 127 1
20 162 2
62 84 2
49 68 1
4 107 1
37 134 1
61 90 1
7 11 2
28 31 2
48 142 1
22 96 1
9 62 2
19 39 2
59 173 2
50 171 2
4 126 1
61 183 1
17 102 1
56 80 1
6 32 2
20 60 2
3 183 1
7 117 1
15 26 2
9 31 2
62 174 2
61 114 1
27 58 2
28 39 2
19 55 2
1 30 2
37 105 1
15 181 1
28 147 1
6 125 1
38 101 2
17 121 1
31 167 1
18 51 2
53 55 2
47 65 1
30 95 1
12 96 1
11 90 1
15 182 1
23 47 2
20 153 1
32 86 1
12 91 1
40 139 2
11 149 1
51 102 2
22 164 2
34 44 2
45 80 1
1 140 1
40 89 1
35 146 1
1 46 2
11 106 1
30 117 1
52 56 2
52 183 1
38 46 2
6 8 2
8 87 2
35 149 1
40 189 1
17 131 1
21 56 2
31 185 1
29 115 1
46 186 2
40 48 2
45 110 1
13 68 2
2 26 2
49 111 2
14 125 1
42 125 1
25 189 1
10 43 2
43 124 2
33 46 2
48 81 2
38 156 2
9 68 1
60 169 1
7 183 1
51 109 2
53 158 1
49 110 1
10 167 2
46 125 1
37 108 2
50 63 1
51 173 2
16 169 1
27 159 1
56 166 1
2 122 1
40 186 1
51 115 2
30 155 1
56 57 2
54 176 2
19 93 1
53 135 2
42 105 2
49 141 1
1 13 2
23 162 2
25 161 1
31 129 1
12 159 1
15 23 2
45 126 2
6 52 2
14 55 2
30 148 2
19 85 1
51 146 1
61 182 1
61 113 2
38 157 1
39 145 2
14 38 2
37 58 2
40 113 1
21 55 2
10 168 1
20 102 1
14 161 2
10 146 1
60 179 1
24 54 2
23 45 2
23 177 2
7 189 1
26 27 2
36 127 1
1 32 2
39 186 2
23 32 2
24 185 1
4 18 2
37 146 2
12 172 1
62 130 1
9 46 2
3 34 2
16 48 2
30 44 2
38 158 2
29 175 2
36 69 2
1 25 2
42 160 1
6 33 2
30 99 2
55 186 1
19 108 2
39 59 2
33 98 1
1 115 2
32 113 1
7 84 1
24 37 2
27 148 1
37 59 2
60 119 1
50 96 1
45 95 1
14 95 1
12 89 2
21 104 1
26 59 2
9 165 2
13 171 1
25 180 2
42 130 1
8 78 1
46 181 2
7 32 2
61 137 2
45 139 1
57 182 2
36 131 1
0 25 2
32 69 1
28 32 2
35 60 2
11 94 2
19 151 2
6 53 2
48 75 2
59 154 1
1 177 1
28 72 2
37 165 1
17 78 1
15 39 2
35 187 1
42 124 1
27 36 2
23 53 2
42 180 1
50 114 2
19 160 2
54 156 1
25 163 1
55 113 1
42 187 2
29 143 1
8 116 1
3 85 2
16 56 2
60 73 2
31 50 2
13 31 2
3 172 1
10 82 2
15 65 1
4 38 2
30 165 2
16 25 2
30 71 2
42 137 2
32 62 2
58 136 1
25 153 1
7 129 1
11 129 1
4 119 1
0 18 2
26 143 2
28 127 1
15 62 2
34 109 2
18 150 1
42 171 1
34 110 1
52 99 1
30 76 1
0 135 2
13 158 1
36 61 2
17 171 1
19 101 2
27 100 1
57 170 2
1 41 2
10 117 2
33 116 2
34 128 1
9 82 1
39 60 2
24 26 2
62 101 2
22 30 2
2 141 1
19 26 2
0 183 2
26 158 2
26 64 1
15 189 2
13 78 2
60 70 1
60 62 2
44 89 1
31 76 1
37 129 1
6 42 2
55 155 1
24 147 1
61 155 2
41 152 1
25 70 1
44 65 1
30 186 1
18 128 2
13 127 1
14 61 2
21 169 1
62 154 1
27 69 1
36 50 2
18 32 2
20 31 2
29 113 1
31 90 1
41 56 2
51 160 1
5 44 2
21 111 1
11 113 2
13 57 2
37 47 2
20 45 2
59 184 2
20 161 2
34 59 2
5 28 2
61 177 1
49 92 1
52 174 2
4 105 2
22 107 2
39 96 1
26 53 2
37 168 2
53 149 1
51 151 2
28 155 2
0 33 2
3 126 1
34 129 1
32 74 1
14 169 1
25 27 2
46 121 2
16 103 1
37 189 1
31 140 1
31 176 2
14 106 1
1 50 2
0 41 2
13 99 1
2 50 2
2 52 2
46 175 2
29 126 2
59 143 2
3 15 2
49 163 1
9 131 2
44 181 2
29 76 1
11 69 1
54 129 1
20 34 2
0 28 2
1 110 1
35 47 2
6 120 2
23 34 2
16 166 2
39 92 1
60 79 1
41 105 1
11 30 2
53 60 2
17 132 2
55 183 1
44 81 2
0 39 2
39 110 1
53 152 2
0 44 2
29 172 2
9 55 2
12 120 1
2 9 2
45 179 2
52 128 1
28 167 2
37 157 1
28 55 2
43 140 1
48 91 1
58 100 1
15 122 2
52 54 2
56 63 1
21 41 2
15 34 2
56 189 1
51 106 1
34 130 2
11 117 1
28 85 1
14 121 2
33 56 2
26 69 2
56 107 1
22 155 2
60 113 1
54 111 1
3 24 2
34 88 1
30 182 2
8 91 1
39 116 2
61 80 1
57 63 1
56 136 1
12 141 2
45 60 2
27 59 2
32 34 2
36 65 2
49 56 2
28 176 2
49 159 2
6 41 2
13 104 1
25 159 2
42 96 2
47 115 2
24 80 1
1 56 2
18 68 1
11 33 2
24 29 2
9 186 1
6 185 2
33 65 1
10 102 2
20 173 2
29 78 2
23 61 2
2 20 2
59 91 1
1 187 1
19 136 2
54 138 2
40 65 1
36 112 2
21 185 2
59 189 1
17 118 1
40 185 1
62 180 1
15 97 1
34 69 2
11 135 1
60 187 2
7 121 2
41 148 1
4 40 2
56 144 2
12 63 1
3 143 1
36 145 2
58 134 1
11 93 1
30 40 2
23 152 2
13 85 1
5 158 2
6 184 2
13 134 1
3 78 2
41 57 2
21 57 2
17 35 2
7 168 1
12 105 1
46 87 1
60 166 1
15 178 1
9 126 2
22 162 1
60 180 1
13 97 2
38 73 1
31 117 2
39 129 2
49 118 2
47 91 1
4 170 2
5 167 2
3 62 2
29 51 2
25 38 2
23 189 1
47 150 2
57 177 2
43 172 1
20 25 2
33 113 1
25 181 2
48 187 2
37 182 2
61 181 1
25 127 1
33 45 2
42 46 2
1 105 2
57 186 2
24 61 2
11 162 2
17 159 1
14 36 2
49 157 2
48 56 2
14 182 2
32 127 2
25 61 2
24 111 1
43 133 1
27 115 1
49 61 2
39 54 2
13 73 1
54 124 1
25 135 1
28 109 2
29 34 2
50 59 2
12 152 1
59 86 2
3 60 2
47 48 2
61 98 2
8 53 2
44 70 2
19 113 1
43 174 1
8 24 2
29 72 2
4 24 2
6 86 1
15 143 1
30 32 2
13 49 2
7 9 2
44 188 2
3 117 1
15 96 2
9 75 1
6 137 1
40 62 2
49 62 2
51 67 1
38 125 2
44 186 1
9 115 1
23 60 2
1 174 2
48 114 2
43 55 2
17 165 1
59 119 1
31 111 1
40 61 2
41 158 1
22 178 1
10 112 1
34 47 2
37 80 2
51 178 1
58 143 1
52 149 1
45 148 1
29 131 1
2 159 1
15 45 2
4 151 1
4 110 2
41 95 1
30 55 2
4 137 1
29 86 2
31 124 2
16 66 2
57 162 1
13 17 2
5 22 2
34 45 2
33 138 1
6 35 2
59 160 1
16 50 2
5 132 2
40 90 1
5 110 1
20 22 2
46 128 1
8 60 2
3 136 1
18 182 1
57 121 1
42 116 2
15 129 2
55 137 1
4 25 2
3 56 2
13 121 1
18 21 2
44 143 2
0 177 1
6 84 1
44 108 2
56 103 2
23 42 2
31 42 2
20 21 2
35 63 1
53 169 2
39 160 1
24 133 2
4 112 1
43 60 2
3 189 1
45 134 1
21 155 2
29 117 2
44 57 2
37 176 1
32 177 1
10 13 2
42 169 2
11 48 2
32 139 1
40 43 2
48 101 1
59 137 1
56 71 1
50 85 1
8 80 1
29 79 2
34 62 2
23 72 2
35 41 2
51 166 2
47 174 1
50 70 2
34 147 2
4 176 1
40 174 1
6 12 2
9 94 1
55 153 2
39 130 1
56 115 1
30 110 1
18 60 2
27 153 1
1 24 2
52 68 2
34 180 1
30 66 1
2 30 2
51 118 1
42 179 1
12 61 2
57 185 2
13 144 1
23 58 2
39 74 1
38 116 2
15 102 1
9 28 2
32 166 2
18 86 2
25 130 1
25 75 2
55 168 1
18 176 2
4 174 1
18 92 1
11 96 1
60 89 1
1 164 1
16 61 2
12 62 2
9 83 2
28 126 1
23 106 2
11 70 1
24 180 2
48 83 1
1 44 2
44 145 1
30 149 1
20 30 2
43 181 2
40 129 1
37 102 1
32 52 2
29 53 2
18 156 2
9 42 2
7 55 2
2 178 2
31 146 2
0 113 1
29 154 1
54 159 1
47 84 1
57 60 2
2 142 1
27 32 2
25 108 2
15 38 2
22 36 2
23 145 2
4 134 2
37 167 1
38 76 1
36 130 2
5 113 1
24 93 1
15 155 1
21 91 1
24 47 2
28 110 1
27 73 1
19 99 1
16 121 2
5 42 2
32 146 1
26 68 1
6 10 2
8 55 2
21 28 2
3 116 2
11 137 1
40 79 1
61 71 1
19 35 2
36 46 2
44 68 2
0 72 1
37 41 2
20 107 1
59 175 2
2 3 2
35 179 1
54 104 1
2 68 1
19 49 2
20 177 2
30 107 1
8 125 1
34 76 2
59 74 1
6 77 1
31 180 2
9 183 2
19 186 2
60 171 1
60 151 1
62 71 1
4 173 1
3 95 1
34 58 2
45 72 2
47 62 2
15 91 1
56 135 1
27 113 2
44 124 1
6 83 2
46 82 2
20 125 1
43 178 1
59 96 1
5 136 1
41 140 2
53 110 1
24 163 1
32 54 2
37 83 1
9 59 2
41 58 2
26 174 1
30 68 1
60 97 1
15 18 2
38 41 2
42 75 1
14 37 2
0 49 2
21 184 1
26 164 2
18 50 2
52 180 1
35 57 2
32 175 1
24 188 1
24 70 1
10 150 2
3 20 2
61 108 1
29 35 2
3 165 2
44 148 1
51 65 1
1 68 1
40 159 1
40 165 2
16 180 1
61 73 1
17 65 1
5 27 2
33 99 1
49 76 1
61 187 2
41 43 2
48 131 2
19 29 2
17 88 2
54 95 1
21 141 2
29 61 2
33 156 1
4 166 1
58 74 1
31 158 2
55 97 1
19 33 2
52 77 1
22 161 1
28 50 2
2 10 2
55 122 1
56 150 1
55 102 1
28 149 1
50 69 2
35 120 1
46 176 1
7 58 2
43 149 2
4 64 1
49 50 2
17 19 2
34 160 1
36 129 1
59 129 1
40 135 1
15 177 2
28 170 1
52 145 1
37 132 1
33 34 2
0 5 2
27 168 2
33 183 1
16 27 2
24 179 1
11 131 1
3 123 1
26 170 1
35 56 2
14 42 2
33 178 1
6 20 2
6 26 2
29 171 2
44 46 2
35 95 1
1 149 1
5 12 2
39 58 2
25 28 2
27 37 2
27 134 1
32 77 1
6 143 2
25 113 1
37 71 1
50 58 2
38 147 1
7 60 2
32 150 2
17 107 1
20 76 2
10 40 2
21 121 2
56 171 1
52 172 2
35 74 2
57 149 1
10 159 1
46 163 2
9 121 1
61 161 1
20 111 1
2 176 2
6 119 1
46 152 2
55 62 2
4 53 2
12 119 1
39 44 2
45 175 1
25 150 2
38 129 1
24 113 2
58 172 2
4 45 2
10 83 2
34 159 1
33 87 2
0 150 2
48 162 2
52 135 2
62 148 1
53 92 2
48 72 1
12 13 2
32 87 2
53 132 1
4 131 1
19 82 1
42 150 1
23 59 2
10 113 1
32 167 1
0 55 2
52 110 2
17 40 2
37 104 2
0 123 1
26 177 1
36 120 1
34 189 1
4 6 2
57 80 1
12 35 2
31 183 1
57 88 2
30 98 2
19 20 2
15 119 1
56 172 2
29 31 2
51 113 1
52 73 2
3 10 2
53 154 2
2 53 2
59 187 1
22 53 2
17 38 2
25 37 2
53 174 1
3 14 2
26 153 2
8 152 1
56 58 2
4 129 1
1 146 1
35 116 1
2 95 1
30 163 2
22 31 2
17 45 2
12 112 1
53 99 1
22 42 2
52 61 2
38 169 2
27 151 2
51 57 2
5 179 1
39 159 1
43 154 2
22 62 2
9 25 2
39 100 1
1 17 2
5 98 2
41 62 2
48 186 1
47 73 2
9 92 1
9 78 1
15 171 1
25 74 1
45 71 1
29 59 2
36 54 2
50 90 1
49 142 1
27 42 2
7 31 2
53 142 1
0 38 2
9 116 1
37 98 1
47 94 2
62 115 1
45 59 2
39 158 1
20 59 2
9 137 1
2 103 1
12 39 2
2 41 2
34 90 1
38 123 2
12 28 2
55 93 1
42 165 2
4 19 2
27 43 2
2 151 1
1 160 1
25 51 2
41 82 2
54 149 2
39 64 1
61 167 2
26 75 1
2 81 2
41 166 2
59 120 1
62 109 1
1 37 2
36 153 1
19 62 2
3 49 2
10 165 1
54 175 2
15 35 2
41 176 1
7 93 1
12 23 2
22 32 2
15 164 1
55 63 1
56 147 2
43 99 1
39 72 2
28 83 2
29 87 2
36 71 2
5 141 1
20 136 2
18 19 2
51 156 1
26 189 2
43 185 1
6 75 2
8 136 1
22 175 1
28 62 2
40 134 1
54 93 2
61 85 1
58 176 1
17 162 2
33 147 1
42 99 1
5 145 2
11 88 2
18 83 1
8 162 1
42 91 1
30 45 2
61 149 2
44 56 2
61 117 2
31 102 1
13 159 1
31 95 1
25 42 2
60 167 1
21 122 2
5 102 2
38 49 2
38 112 1
10 56 2
36 40 2
47 127 1
5 94 2
11 163 1
1 188 1
39 169 2
55 109 2
48 150 1
1 57 2
52 116 1
62 117 1
25 59 2
0 81 1
17 41 2
14 158 2
21 54 2
27 189 2
51 186 2
11 84 1
15 19 2
48 53 2
49 167 1
38 170 2
24 137 1
47 103 1
28 40 2
41 181 1
12 19 2
62 123 1
14 151 1
16 178 1
44 138 2
44 87 1
38 109 2
1 145 2
32 50 2
50 52 2
48 178 1
41 183 1
7 118 1
45 159 1
3 184 1
12 164 2
1 173 1
50 126 1
48 62 2
33 35 2
0 57 2
4 113 1
16 165 1
24 50 2
10 88 2
51 125 1
34 155 1
44 189 1
16 51 2
12 189 1
6 138 2
7 145 2
10 98 1
52 189 2
54 72 1
61 174 1
46 54 2
51 53 2
14 21 2
49 122 1
25 168 1
35 159 1
36 148 1
56 117 2
51 188 1
2 124 1
62 99 1
0 110 2
30 187 2
21 47 2
19 115 1
21 178 1
53 144 2
22 27 2
7 72 2
48 109 1
25 155 2
21 149 1
42 89 1
52 62 2
31 157 2
46 167 1
33 187 2
57 74 1
11 136 1
9 102 2
61 125 2
28 57 2
19 27 2
31 155 1
16 173 1
13 126 1
20 127 1
18 155 1
24 169 2
17 86 1
29 114 1
7 14 2
5 29 2
34 78 2
23 41 2
10 181 2
22 126 1
16 93 2
26 151 1
15 51 2
58 177 2
5 87 1
5 58 2
11 180 1
42 93 1
52 188 2
30 118 1
20 42 2
40 169 2
24 31 2
36 80 1
28 108 2
52 147 1
36 103 1
11 36 2
27 181 1
34 142 1
53 101 2
1 94 1
61 63 1
10 143 1
50 82 1
35 81 2
34 122 2
20 188 1
10 106 2
18 122 1
55 61 2
2 36 2
35 55 2
12 95 1
12 165 2
16 141 1
13 36 2
16 59 2
1 111 1
7 62 2
49 94 2
6 110 1
11 160 2
12 26 2
8 114 1
36 93 1
42 56 2
21 24 2
62 157 1
39 148 2
2 61 2
53 186 1
62 181 2
13 60 2
60 147 2
38 184 1
45 185 1
18 54 2
26 154 1
10 20 2
23 113 1
55 84 1
39 57 2
51 176 2
17 46 2
32 36 2
7 33 2
13 37 2
53 64 1
44 134 1
50 60 2
46 99 1
8 15 2
20 36 2
37 141 2
42 60 2
13 131 2
61 126 1
16 139 1
15 70 2
21 95 1
13 46 2
1 128 1
26 54 2
55 118 1
15 150 1
13 108 2
15 40 2
49 55 2
18 24 2
22 45 2
14 35 2
21 113 2
2 114 2
25 157 1
9 160 2
19 59 2
11 156 1
34 141 1
0 59 2
54 81 1
57 168 1
32 91 1
1 179 1
15 140 2
58 113 1
36 121 2
56 146 1
6 43 2
29 110 2
0 104 2
42 115 1
6 118 2
3 125 1
49 162 2
3 76 1
35 77 1
11 189 1
55 133 2
17 32 2
9 29 2
8 18 2
27 171 1
19 172 1
2 74 2
43 111 2
27 167 1
15 88 1
60 160 1
28 59 2
62 65 1
38 59 2
51 162 1
36 160 1
18 40 2
17 133 1
54 157 1
25 103 1
8 64 1
52 82 1
38 60 2
57 152 1
22 25 2
35 162 1
57 138 1
43 50 2
46 122 1
60 78 1
25 83 1
20 41 2
51 145 1
10 70 1
55 141 1
26 173 2
19 129 2
27 165 2
37 55 2
21 26 2
9 21 2
15 47 2
17 79 1
31 130 1
21 83 2
39 89 1
38 171 1
29 146 1
9 142 1
8 10 2
29 83 1
55 83 2
45 64 2
51 112 2
0 4 2
55 188 1
58 169 1
8 171 1
7 178 1
53 117 1
47 189 2
19 41 2
20 144 1
20 73 1
29 133 1
43 89 2
53 177 1
28 117 1
62 186 1
25 125 1
23 134 1
54 128 1
25 55 2
55 152 1
33 151 1
56 59 2
2 82 1
7 47 2
16 87 1
2 23 2
43 77 1
10 31 2
10 80 2
60 186 1
13 38 2
38 155 2
32 88 2
0 3 2
24 89 2
17 60 2
6 11 2
3 18 2
28 53 2
4 16 2
6 153 1
10 41 2
13 55 2
51 79 1
17 55 2
50 74 1
0 30 2
25 98 1
8 77 1
33 62 2
13 53 2
11 65 1
36 52 2
51 92 2
28 175 2
33 92 1
17 80 2
47 186 2
8 79 1
46 79 2
55 65 1
11 42 2
40 95 1
15 163 1
31 44 2
61 185 1
19 58 2
40 110 1
31 98 1
8 174 2
36 137 2
29 40 2
41 139 1
58 128 1
7 166 1
5 57 2
47 123 1
33 127 1
51 88 2
15 73 1
37 40 2
43 176 2
5 60 2
35 151 1
31 54 2
58 70 1
32 134 1
12 33 2
29 42 2
25 128 2
3 28 2
2 187 1
6 133 1
3 4 2
48 90 1
6 108 2
0 171 1
0 86 2
22 64 1
20 115 1
25 179 1
29 106 2
56 178 1
17 148 1
0 142 2
18 158 2
8 117 1
11 138 2
45 107 1
12 144 1
10 59 2
13 50 2
62 92 2
41 133 2
5 83 1
8 38 2
3 158 2
21 139 2
57 110 1
35 76 1
24 135 1
1 31 2
21 136 1
16 23 2
60 182 2
10 54 2
3 114 1
42 153 1
38 48 2
22 70 1
42 157 2
10 176 1
30 33 2
50 98 2
61 81 2
17 186 1
27 41 2
26 30 2
8 147 2
41 96 1
1 71 2
18 167 2
6 67 2
31 66 1
47 116 1
46 78 1
25 123 1
33 133 2
10 55 2
6 183 2
1 67 1
12 97 1
30 77 2
37 169 2
49 64 2
47 61 2
51 157 1
45 141 1
28 67 1
3 161 1
40 128 1
10 147 2
47 131 1
18 99 1
54 71 2
40 183 1
42 142 1
55 82 2
62 105 2
21 150 2
45 117 2
0 145 1
18 65 1
28 114 1
17 69 1
47 136 1
41 169 1
27 63 2
46 108 2
16 137 2
7 90 1
41 64 1
21 183 2
4 106 1
26 34 2
27 88 1
52 57 2
5 26 2
5 10 2
49 140 1
50 95 1
3 134 1
37 122 2
3 22 2
48 96 1
23 46 2
41 47 2
40 175 2
11 118 1
59 136 1
18 189 2
18 89 1
42 47 2
53 124 1
11 134 1
30 171 2
32 97 1
42 45 2
35 98 2
40 104 2
54 61 2
31 189 1
33 158 1
33 110 1
11 13 2
30 50 2
59 150 2
41 119 1
8 101 1
56 74 1
7 152 2
50 118 2
41 151 1
19 126 1
55 126 1
38 175 2
27 50 2
5 31 2
33 63 1
10 161 1
3 27 2
7 95 1
33 152 1
9 157 1
33 40 2
3 37 2
9 176 1
7 45 2
35 122 2
39 151 2
10 35 2
37 43 2
4 61 2
12 187 1
48 145 1
8 153 1
8 25 2
61 92 2
34 50 2
31 60 2
31 149 2
49 81 1
37 100 1
50 92 1
37 91 1
0 181 2
12 21 2
23 146 2
2 160 1
5 78 1
35 131 1
3 145 1
50 72 1
38 102 1
12 51 2
6 159 1
56 97 1
39 124 1
41 59 2
17 68 1
33 157 1
49 77 1
46 86 1
10 21 2
36 81 1
1 120 2
18 113 1
19 69 1
15 111 2
52 136 2
14 178 1
15 128 1
1 22 2
26 185 2
12 69 1
17 108 2
45 74 2
16 107 1
36 124 1
56 134 1
53 136 2
22 150 1
38 42 2
57 166 1
43 147 1
41 174 1
32 89 1
34 137 2
60 138 1
29 84 1
43 119 1
16 85 2
41 144 2
27 158 1
21 152 2
18 170 1
15 113 2
49 85 1
60 114 2
23 119 1
35 37 2
30 34 2
27 31 2
17 34 2
50 132 1
10 14 2
17 172 1
31 83 1
20 156 2
32 49 2
8 56 2
3 21 2
54 67 1
50 56 2
53 74 1
54 94 1
20 44 2
37 42 2
56 168 1
40 84 1
59 79 2
38 117 2
13 52 2
19 156 1
15 82 2
8 180 2
0 14 2
4 118 1
0 15 2
19 176 2
19 158 2
22 108 2
46 109 1
1 58 2
43 47 2
56 139 1
58 94 1
1 129 1
26 29 2
32 46 2
17 52 2
7 163 1
16 35 2
4 141 1
61 165 1
11 51 2
16 184 1
2 170 1
23 103 1
33 115 1
39 70 1
45 131 1
0 60 2
14 49 2
44 61 2
19 120 1
25 187 1
29 62 2
49 166 2
33 72 1
40 158 2
21 132 2
48 102 1
34 143 1
10 24 2
48 116 2
27 65 1
44 50 2
2 49 2
30 36 2
45 91 1
46 53 2
18 46 2
19 135 1
19 46 2
53 114 2
14 82 1
39 166 2
23 151 2
27 72 1
31 104 1
30 164 1
2 39 2
33 160 1
27 164 1
55 78 2
5 23 2
44 179 2
4 116 2
42 113 1
58 103 1
24 124 1
61 124 2
40 119 1
42 81 2
33 171 1
39 111 2
9 24 2
58 173 1
31 32 2
8 106 2
34 52 2
20 86 1
4 23 2
10 152 1
1 95 2
49 187 1
43 75 1
45 116 1
24 92 1
27 57 2
44 105 1
47 58 2
23 165 2
18 23 2
33 47 2
23 71 2
17 71 2
18 61 2
49 109 2
3 61 2
19 121 1
25 76 2
59 82 1
59 142 1
40 137 2
5 111 1
31 33 2
37 175 1
9 173 1
19 182 2
8 160 1
26 107 2
13 109 1
59 183 2
3 36 2
20 64 1
40 93 1
2 7 2
45 93 2
52 134 1
3 51 2
18 41 2
59 62 2
46 147 1
37 89 1
39 86 1
13 63 1
27 187 1
15 118 1
19 86 2
0 10 2
5 100 1
23 135 1
22 168 2
23 73 1
13 14 2
30 31 2
3 25 2
7 100 2
51 164 1
53 130 1
31 101 1
23 89 1
55 149 2
51 54 2
44 164 1
57 158 1
43 146 1
48 73 2
59 87 1
19 183 2
11 14 2
33 52 2
44 159 2
26 90 1
17 66 1
32 61 2
25 111 1
29 112 1
57 188 1
31 34 2
51 159 2
40 178 1
13 149 2
5 45 2
14 75 1
27 92 2
44 184 1
19 130 1
3 152 2
13 61 2
58 138 1
3 23 2
57 144 1
45 136 1
21 90 1
2 47 2
48 129 1
25 29 2
4 11 2
52 115 2
30 121 1
47 86 1
43 173 1
27 119 2
55 139 1
25 167 1
5 155 2
5 64 1
59 73 1
5 55 2
39 157 1
42 94 1
12 134 1
2 5 2
46 139 1
16 47 2
35 110 1
12 16 2
31 47 2
21 31 2
62 100 1
10 104 1
13 93 2
4 152 1
20 68 1
23 26 2
5 168 1
45 150 1
57 175 1
42 62 2
17 36 2
9 113 2
35 129 1
20 87 1
27 95 1
25 139 1
32 119 2
16 55 2
51 155 1
23 169 2
3 106 2
5 46 2
39 97 1
57 114 1
15 154 2
29 158 2
27 96 2
59 60 2
29 54 2
43 188 1
11 19 2
8 11 2
12 40 2
51 52 2
39 162 1
39 167 1
56 125 1
11 26 2
9 166 1
40 132 2
36 126 2
23 141 2
39 79 1
58 88 1
38 173 1
16 150 1
42 162 1
51 103 1
29 142 2
46 132 2
43 157 2
8 107 1
0 84 1
1 55 2
28 36 2
1 63 1
43 53 2
24 32 2
40 88 1
25 71 1
2 110 1
26 105 1
35 148 2
1 144 2
40 41 2
49 127 2
22 101 1
25 182 1
16 128 2
21 44 2
37 178 1
1 49 2
30 172 2
49 60 2
14 143 1
2 136 1
29 122 2
25 43 2
28 123 1
39 46 2
1 11 2
61 142 1
11 161 2
7 179 2
11 53 2
43 72 1
52 173 2
2 12 2
16 122 1
24 60 2
31 78 2
8 66 1
1 90 1
40 166 1
23 94 1
29 147 2
41 145 1
45 153 1
47 60 2
19 140 1
5 182 1
6 46 2
16 29 2
49 82 2
48 137 1
45 62 2
46 68 1
29 169 2
52 168 2
20 97 1
19 42 2
19 144 1
0 187 1
25 90 2
16 147 2
61 116 1
6 88 1
44 51 2
55 119 2
11 99 1
8 58 2
23 153 1
33 79 1
46 137 1
62 142 2
61 74 2
37 162 1
10 136 2
54 60 2
60 178 1
23 176 2
30 188 2
10 45 2
29 46 2
33 119 1
41 127 1
10 139 2
8 86 1
20 167 1
24 46 2
56 173 2
54 162 1
52 179 1
60 75 2
16 132 1
11 165 1
5 114 1
42 146 1
27 155 2
34 53 2
25 188 2
1 142 2
25 148 1
21 106 2
54 122 2
31 133 2
29 174 1
19 81 2
10 151 1
60 77 1
9 77 2
23 25 2
18 85 1
56 96 1
62 68 1
60 81 2
23 79 2
49 80 1
7 110 1
23 99 2
50 115 2
14 48 2
21 71 1
25 33 2
21 46 2
60 126 2
54 97 1
33 168 1
26 45 2
7 78 1
54 144 2
10 177 1
46 83 2
16 89 1
5 24 2
23 56 2
1 66 1
58 133 1
33 39 2
26 35 2
10 78 2
0 125 2
38 183 2
43 163 1
19 110 1
43 164 1
39 43 2
44 45 2
33 137 1
55 131 1
48 127 1
54 87 2
14 79 1
33 44 2
6 127 1
14 51 2
18 154 1
14 154 1
16 71 2
9 20 2
36 165 2
36 56 2
15 68 1
8 118 1
1 16 2
12 54 2
12 161 1
1 181 1
46 90 1
3 7 2
45 77 2
17 110 1
16 32 2
32 141 1
38 134 1
32 45 2
34 178 1
1 84 2
14 153 2
39 93 2
23 123 1
24 119 2
61 141 2
50 141 2
10 32 2
57 159 2
56 83 2
53 143 2
26 138 2
55 74 2
60 174 1
30 113 1
16 22 2
57 62 2
61 153 1
36 125 1
9 111 1
4 187 1
31 85 1
41 88 1
28 140 2
28 51 2
61 99 1
15 186 1
6 94 1
43 170 1
28 124 2
1 45 2
37 137 1
57 75 1
8 33 2
54 63 1
34 54 2
34 115 2
3 35 2
26 152 1
21 119 1
8 172 1
36 104 1
25 97 1
40 91 2
9 117 1
17 116 2
6 68 2
57 92 1
32 44 2
15 17 2
32 60 2
25 129 2
53 111 1
51 95 1
55 66 2
44 107 1
12 41 2
13 51 2
10 138 1
29 141 2
48 49 2
47 112 2
62 144 1
54 73 2
57 103 1
61 88 2
26 44 2
40 96 1
11 81 1
14 81 1
11 55 2
47 64 2
41 116 2
4 32 2
11 58 2
40 87 2
21 92 2
19 111 1
22 57 2
10 137 1
35 172 2
19 88 1
3 42 2
54 145 1
53 138 1
21 167 1
7 176 2
33 148 1
21 180 2
13 77 1
45 172 2
13 15 2
40 115 2
26 167 1
0 146 2
7 29 2
35 124 1
33 186 2
47 172 1
42 71 1
5 35 2
15 135 1
41 86 1
62 102 1
12 92 1
28 58 2
52 144 1
11 110 1
55 170 1
23 49 2
54 89 1
2 46 2
37 99 2
40 127 2
12 93 1
13 96 1
48 104 2
31 61 2
15 121 2
26 165 2
22 93 1
38 111 1
3 98 1
57 184 1
57 122 1
56 110 1
40 147 2
61 186 2
55 91 2
5 86 1
0 120 1
32 85 1
31 169 1
58 72 2
15 24 2
53 166 1
34 61 2
1 123 1
4 81 1
3 155 1
46 189 1
46 133 1
7 22 2
58 59 2
40 121 1
15 27 2
17 50 2
16 30 2
61 133 1
22 167 1
15 169 2
1 135 1
11 27 2
61 138 2
3 65 1
56 151 1
38 137 2
3 153 1
39 105 1
36 178 1
58 125 2
8 54 2
29 160 1
33 50 2
12 75 1
37 172 1
12 142 1
7 126 1
11 185 1
9 39 2
25 49 2
38 160 1
23 164 1
11 82 1
60 144 1
38 186 2
17 54 2
1 34 2
62 168 2
24 118 1
3 156 1
3 5 2
7 59 2
52 154 1
10 92 1
58 76 1
5 172 2
34 174 1
56 131 2
4 159 1
58 60 2
14 126 2
29 123 2
8 69 1
20 112 1
0 134 1
22 67 1
29 165 1
36 60 2
0 56 2
62 80 1
19 177 2
13 27 2
28 112 2
17 99 1
6 31 2
52 148 1
30 112 1
24 78 1
52 118 2
37 150 1
3 9 2
15 110 1
39 137 1
14 170 2
4 22 2
18 109 2
51 138 1
11 133 1
28 69 2
15 48 2
8 37 2
3 54 2
19 166 2
27 85 2
44 168 2
35 133 1
11 34 2
16 153 2
44 64 1
10 60 2
6 63 2
50 173 1
16 91 2
25 137 2
31 147 2
51 97 1
10 28 2
1 170 2
1 104 1
10 114 1
40 180 1
19 87 1
15 134 2
32 96 2
21 39 2
53 156 1
17 28 2
25 102 1
60 99 1
11 37 2
41 55 2
26 42 2
10 172 1
12 84 1
41 104 1
9 33 2
27 81 1
17 177 1
13 20 2
61 104 2
57 180 1
47 83 1
34 68 1
8 115 1
17 75 1
48 146 1
21 98 1
61 131 1
31 53 2
16 62 2
6 60 2
38 94 1
9 101 1
46 57 2
60 154 1
4 169 2
59 166 2
60 122 1
32 164 1
17 25 2
15 104 1
38 56 2
34 106 1
45 86 2
14 134 1
39 76 2
52 88 2
27 102 1
18 90 1
44 95 1
15 185 1
44 183 2
3 16 2
15 153 1
2 56 2
2 113 2
13 151 2
7 49 2
29 187 1
9 67 2
28 143 1
35 181 1
0 172 1
28 121 1
39 41 2
24 67 2
14 62 2
33 55 2
34 176 1
50 71 2
44 48 2
18 173 1
43 114 1
36 89 1
11 187 2
54 119 1
32 92 2
44 109 1
6 130 2
48 174 2
52 113 1
23 148 2
0 132 1
13 28 2
30 49 2
42 49 2
44 76 1
10 73 1
3 181 1
22 120 1
3 86 1
58 68 1
43 153 2
45 101 2
46 84 1
21 142 1
51 58 2
5 189 2
14 43 2
14 32 2
5 177 1
46 100 1
26 65 2
3 147 2
26 161 1
51 172 1
43 135 1
46 69 1
1 136 2
0 21 2
16 46 2
58 186 1
39 40 2
18 140 2
34 101 1
36 136 1
36 176 1
12 31 2
22 76 1
32 78 1
56 152 1
17 123 1
49 96 2
49 155 2
7 15 2
45 127 1
25 77 2
9 58 2
61 175 1
31 160 1
47 152 1
27 33 2
40 59 2
11 79 2
40 179 2
21 166 2
13 79 1
57 100 1
52 114 1
50 146 1
25 134 2
47 126 2
1 20 2
18 22 2
9 26 2
38 121 1
11 171 1
17 182 1
37 177 1
12 17 2
38 130 1
18 36 2
12 29 2
12 186 2
0 51 2
42 131 1
47 169 1
39 121 1
10 15 2
49 51 2
12 100 2
22 106 2
62 162 1
28 106 1
32 67 1
51 179 2
30 131 1
42 166 1
8 19 2
25 88 1
5 164 2
6 45 2
1 126 2
30 139 1
1 36 2
5 120 1
47 163 1
28 107 2
4 20 2
28 139 1
20 123 1
15 139 2
9 37 2
0 119 2
43 145 1
11 12 2
56 157 1
57 113 1
36 117 1
22 158 2
23 174 1
27 137 1
28 79 1
60 72 2
38 165 1
38 188 1
57 153 2
55 163 1
55 88 1
1 108 2
7 48 2
9 34 2
50 130 1
19 64 1
36 159 1
58 64 1
24 110 1
5 139 1
34 132 1
54 55 2
6 144 1
51 77 1
28 84 1
20 81 1
14 150 2
11 158 1
3 12 2
14 100 1
53 119 2
33 49 2
56 95 1
6 7 2
11 18 2
2 28 2
49 70 1
0 165 1
22 141 1
10 162 2
28 74 1
48 111 1
2 90 1
3 64 2
7 67 1
3 69 1
15 130 1
54 134 1
58 171 2
27 60 2
50 73 1
29 89 2
38 90 2
14 63 1
27 127 1
13 40 2
39 48 2
59 77 2
45 118 2
5 7 2
29 93 1
23 175 2
43 166 2
57 124 2
22 172 1
25 106 1
15 183 1
27 87 2
49 72 1
56 66 1
27 128 1
61 158 1
62 127 1
34 161 1
46 80 2
39 52 2
12 137 1
36 150 1
15 53 2
50 57 2
35 69 1
7 140 1
51 108 1
58 73 2
47 82 2
9 56 2
8 108 2
39 133 2
45 103 1
58 145 1
62 64 2
14 163 2
30 120 1
11 31 2
57 160 2
13 120 1
8 73 2
44 100 1
38 120 1
7 54 2
6 147 1
57 133 1
50 61 2
26 52 2
23 159 1
47 143 1
41 162 1
11 72 2
57 64 1
12 20 2
3 188 2
42 129 1
6 161 1
57 137 1
43 49 2
30 153 2
6 121 2
49 130 1
37 61 2
17 146 1
59 131 1
1 162 2
4 72 1
20 101 1
37 142 1
32 102 2
10 96 1
17 142 2
8 12 2
29 38 2
14 184 1
27 53 2
14 129 2
54 160 1
8 74 1
37 66 1
10 79 1
53 171 1
45 140 1
37 78 2
57 147 2
37 151 2
21 171 2
26 171 2
42 117 1
2 32 2
47 142 1
19 123 1
22 187 1
0 2 2
4 69 1
1 19 2
10 183 2
55 60 2
44 162 1
41 165 1
62 173 1
61 86 1
35 67 2
45 156 1
46 110 1
26 31 2
30 143 1
0 160 1
30 105 2
38 144 1
13 81 2
19 25 2
18 123 2
34 57 2
34 138 1
34 131 2
50 68 1
4 162 2
4 143 2
18 183 1
29 97 1
49 136 2
34 80 1
17 18 2
22 134 1
0 62 2
10 34 2
6 177 2
19 72 1
1 99 1
11 61 2
44 78 2
17 26 2
26 63 1
24 55 2
29 189 2
17 180 1
19 30 2
34 87 2
60 103 1
0 182 1
14 132 1
47 59 2
59 163 1
27 110 1
57 136 1
15 108 1
37 166 1
62 104 1
29 60 2
11 107 2
28 77 2
12 64 1
46 118 1
49 59 2
3 55 2
8 110 1
49 123 1
47 168 2
26 148 1
10 160 1
34 43 2
10 95 1
37 180 1
15 126 1
1 70 1
4 102 1
31 150 2
12 183 1
34 124 2
41 114 2
32 130 1
25 115 1
46 114 1
30 89 1
4 95 2
0 75 1
3 103 2
48 50 2
5 85 1
9 61 2
27 175 1
3 100 1
1 168 1
43 58 2
20 100 2
30 91 2
26 88 2
1 61 2
44 165 1
53 104 1
27 186 2
60 142 1
14 87 1
21 172 2
3 68 2
28 92 1
8 68 1
45 168 1
39 155 1
2 33 2
2 17 2
13 128 2
13 189 1
41 102 1
26 28 2
5 17 2
47 162 2
11 59 2
47 139 1
36 161 1
26 36 2
11 183 1
19 103 1
7 30 2
21 32 2
10 25 2
46 126 1
12 188 2
38 162 1
55 172 2
8 155 1
30 84 1
22 39 2
29 134 1
28 164 2
24 138 1
18 121 1
45 90 1
61 162 2
20 175 1
37 153 2
12 32 2
18 35 2
33 68 1
5 52 2
28 45 2
15 162 1
48 92 2
53 54 2
49 93 2
41 45 2
17 130 1
41 189 2
55 187 1
14 44 2
4 121 2
31 175 1
51 63 1
59 97 1
0 47 2
38 88 1
21 109 1
56 153 2
14 22 2
7 162 1
0 29 2
19 185 1
48 143 1
40 114 1
27 48 2
12 43 2
6 107 2
1 152 1
51 114 1
60 124 2
17 181 2
24 73 2
58 80 1
2 59 2
14 85 1
14 33 2
51 142 1
36 59 2
35 108 1
38 44 2
10 77 2
26 181 2
8 177 1
14 24 2
37 109 1
31 142 1
48 120 2
29 69 2
54 85 1
8 46 2
0 7 2
56 145 2
23 48 2
44 175 1
19 152 1
50 168 1
40 42 2
40 164 2
32 56 2
7 127 2
13 113 2
34 112 2
39 55 2
11 32 2
40 136 2
24 176 1
57 154 2
40 46 2
62 94 2
10 108 1
1 10 2
34 77 1
6 122 1
0 152 2
19 48 2
15 174 2
15 77 1
57 146 1
21 36 2
43 100 1
60 164 1
12 48 2
6 168 1
6 74 2
31 67 1
7 64 2
18 162 1
30 94 1
9 53 2
35 75 1
18 27 2
45 160 1
20 39 2
36 118 2
0 58 2
17 169 1
18 52 2
55 106 2
12 77 2
15 49 2
53 59 2
60 110 1
10 107 1
39 47 2
34 81 2
38 39 2
13 32 2
18 110 2
56 85 1
19 75 2
13 182 2
32 170 1
20 131 1
34 75 1
47 178 1
14 26 2
8 186 1
55 160 2
60 87 1
36 164 1
38 177 1
6 151 1
24 65 2
20 43 2
42 73 1
52 90 1
26 166 1
46 81 2
58 144 2
16 33 2
34 162 1
3 164 2
1 52 2
31 55 2
33 83 1
22 78 1
6 82 1
33 169 2
52 105 2
58 165 2
19 21 2
32 100 2
32 65 2
13 185 2
52 167 1
45 58 2
17 163 1
23 67 1
24 25 2
3 170 1
33 131 1
15 31 2
30 132 1
46 52 2
62 189 2
43 165 1
26 126 1
46 160 1
60 98 1
30 135 1
40 123 2
2 35 2
6 166 2
23 185 2
20 147 1
41 46 2
48 77 1
26 162 1
0 114 2
5 9 2
62 79 2
17 139 1
13 162 2
46 168 1
8 51 2
58 126 1
41 99 1
11 52 2
48 148 1
26 145 1
57 141 1
44 77 2
34 91 1
30 136 2
1 186 1
11 17 2
35 86 1
26 85 2
39 53 2
16 106 2
58 78 1
2 64 1
36 128 2
8 137 1
18 127 1
53 133 1
1 89 1
7 94 2
34 182 1
20 58 2
9 12 2
53 106 2
51 117 1
14 160 2
31 70 1
5 47 2
16 108 1
20 171 2
35 101 2
3 171 1
45 158 1
37 115 2
36 167 1
5 11 2
17 136 1
5 14 2
45 111 2
7 98 2
30 124 2
1 4 2
9 80 1
8 61 2
20 108 1
1 81 2
21 186 1
23 27 2
17 122 2
33 179 2
8 67 1
45 123 1
22 171 1
33 164 1
55 123 1
24 181 1
2 145 2
25 136 1
39 117 1
58 99 1
8 85 1
54 76 1
11 24 2
1 172 1
12 176 2
11 179 1
4 36 2
20 53 2
56 88 1
60 143 1
35 50 2
6 27 2
48 51 2
1 86 1
7 157 1
11 108 2
40 124 1
44 55 2
6 189 1
12 140 2
0 184 1
50 147 1
61 72 1
13 163 1
43 70 1
5 79 1
18 97 1
50 138 1
44 139 2
15 59 2
57 94 2
40 98 2
57 105 1
30 159 2
15 61 2
23 81 1
3 40 2
19 22 2
29 47 2
61 127 1
24 170 2
18 59 2
27 117 1
11 43 2
37 63 1
4 41 2
42 156 2
35 87 1
39 80 1
36 53 2
54 135 1
41 123 1
37 60 2
24 175 2
57 68 1
10 129 1
6 14 2
46 98 2
22 41 2
54 171 2
16 77 1
12 45 2
55 101 1
48 107 2
1 75 1
7 36 2
20 46 2
0 94 1
33 159 1
5 186 1
11 85 1
20 119 1
22 44 2
16 90 2
43 79 1
52 65 1
44 58 2
7 75 1
20 40 2
37 159 1
11 148 1
17 56 2
20 154 1
8 17 2
21 112 1
32 187 1
22 29 2
3 182 2
3 52 2
61 89 1
19 61 2
42 95 1
3 41 2
60 153 2
24 71 1
58 95 1
30 38 2
11 119 1
48 86 2
20 24 2
1 2 2
21 148 1
43 66 2
50 169 2
4 39 2
36 98 2
23 139 1
4 67 1
20 141 2
6 113 1
49 58 2
18 105 1
19 142 2
1 96 1
53 181 1
48 57 2
21 103 1
48 74 2
24 41 2
55 56 2
27 138 1
18 26 2
43 134 1
61 178 2
16 28 2
7 103 1
34 117 1
27 173 1
19 170 1
3 73 1
7 156 2
17 120 1
12 175 1
61 143 1
53 98 2
18 57 2
12 27 2
49 125 2
6 129 1
40 107 1
6 167 1
8 40 2
21 107 1
9 57 2
16 63 1
53 188 1
31 39 2
4 57 2
42 59 2
6 103 1
14 97 2
25 154 1
38 52 2
55 89 1
14 145 1
32 39 2
14 174 1
6 96 2
2 174 1
19 163 1
23 30 2
22 100 1
5 61 2
50 160 1
0 50 2
1 182 2
30 185 1
31 116 1
15 44 2
43 71 1
11 56 2
38 132 1
31 100 2
57 139 1
47 113 1
53 115 2
29 156 1
14 168 2
40 120 1
5 39 2
21 42 2
55 76 2
22 188 1
4 52 2
21 34 2
8 43 2
34 187 1
47 148 1
0 61 2
39 95 2
3 87 1
11 76 2
40 161 1
11 75 1
6 57 2
19 28 2
55 167 2
47 109 2
41 153 2
51 123 1
29 161 1
56 149 1
38 110 1
3 150 1
32 110 1
36 146 1
21 99 2
35 97 1
48 128 1
49 129 1
4 153 2
13 143 1
41 175 1
20 32 2
30 162 1
31 40 2
46 151 2
60 133 1
45 128 1
9 163 2
23 132 1
18 130 2
31 113 2
4 171 1
42 189 1
46 183 1
31 164 1
6 175 1
59 176 2
25 94 2
22 163 1
35 135 1
44 151 2
6 109 1
8 84 1
11 40 2
55 157 2
21 45 2
6 40 2
9 158 1
17 51 2
9 174 1
57 82 1
59 155 1
12 30 2
44 99 1
3 128 1
56 92 1
22 169 2
2 137 1
54 98 1
34 173 1
15 21 2
6 51 2
38 174 2
0 144 1
43 62 2
33 112 1
44 75 1
53 148 1
21 82 1
13 42 2
22 73 1
24 161 1
47 134 2
44 147 1
19 32 2
45 149 2
8 90 2
3 187 2
20 168 1
4 13 2
58 135 1
33 80 1
42 98 1
6 81 1
12 98 1
28 182 2
47 100 1
42 52 2
10 68 1
49 98 1
54 69 1
40 44 2
32 112 1
23 40 2
25 145 2
11 60 2
53 81 1
7 82 2
52 103 2
9 70 2
53 65 1
13 44 2
4 8 2
28 162 1
4 148 1
51 158 1
6 54 2
27 112 1
15 37 2
14 127 1
48 168 1
45 151 2
60 132 1
10 111 2
62 164 1
61 134 1
28 76 2
55 58 2
21 78 1
15 132 2
1 85 2
24 182 1
44 106 1
44 118 1
4 83 2
15 115 1
20 140 1
20 89 1
29 124 2
10 16 2
41 50 2
20 148 2
32 40 2
8 35 2
30 42 2
24 101 1
60 161 1
24 106 2
6 49 2
16 76 1
26 73 2
49 138 1
47 75 1
23 78 1
15 76 1
52 163 1
7 37 2
16 45 2
44 135 2
26 67 2
15 157 1
33 89 1
39 51 2
34 104 1
26 122 1
13 88 1
21 51 2
18 81 1
2 37 2
39 102 2
25 45 2
51 135 1
35 166 2
0 105 1
11 142 1
55 96 1
47 56 2
3 139 1
4 51 2
6 18 2
45 174 1
48 189 1
9 38 2
24 45 2
60 61 2
60 115 1
19 189 2
39 126 2
10 128 2
21 100 1
41 70 2
22 165 2
4 142 1
19 60 2
17 92 1
59 100 2
39 139 1
50 158 1
47 128 1
8 150 1
24 49 2
17 127 1
15 36 2
44 158 1
59 169 1
10 44 2
50 127 1
8 133 1
48 154 2
20 85 1
35 100 1
58 127 1
46 177 1
41 108 1
20 122 2
8 159 2
31 49 2
53 134 1
31 88 1
38 62 2
49 174 1
35 175 2
33 130 1
43 180 1
18 79 2
37 56 2
10 171 1
19 105 1
47 132 1
12 85 1
47 49 2
20 132 2
52 85 1
1 12 2
12 38 2
13 187 2
30 70 1
9 11 2
16 133 1
32 59 2
38 97 1
57 165 1
15 52 2
35 174 1
29 88 2
54 120 1
6 135 2
36 87 2
15 166 1
56 118 1
21 62 2
53 175 1
12 115 2
13 188 1
39 113 1
9 41 2
17 179 2
19 66 1
34 169 1
47 57 2
12 108 1
42 152 1
38 168 1
53 71 2
54 172 1
3 101 1
35 186 1
22 139 2
22 142 2
41 106 1
14 123 1
31 56 2
5 40 2
37 45 2
6 13 2
48 134 1
20 75 2
43 115 2
1 88 1
33 66 2
28 75 2
49 100 1
28 89 2
45 61 2
25 147 1
8 49 2
55 185 1
33 117 1
22 46 2
7 42 2
30 176 1
1 54 2
1 78 2
2 106 1
0 24 2
38 45 2
31 168 1
14 162 2
2 156 2
9 51 2
17 156 2
7 13 2
23 168 1
11 143 2
18 58 2
54 165 2
7 68 1
26 87 1
57 90 1
27 143 2
53 184 1
21 93 2
1 178 1
41 91 1
58 161 1
27 179 1
2 14 2
41 129 2
14 142 1
28 38 2
33 176 1
8 9 2
12 72 2
51 56 2
16 124 1
45 178 1
61 132 1
32 163 1
28 49 2
3 82 2
20 164 1
0 69 2
58 104 1
11 92 1
31 46 2
36 44 2
21 89 2
46 134 1
10 145 2
20 29 2
28 44 2
20 146 2
59 140 1
48 93 2
46 62 2
27 146 1
34 36 2
10 57 2
14 34 2
17 30 2
8 184 1
50 170 1
48 119 2
57 151 1
50 185 1
57 99 1
14 30 2
48 159 1
1 158 1
42 174 1
4 155 1
0 176 2
32 160 2
53 107 1
16 114 1
18 49 2
15 168 1
19 96 1
2 15 2
27 184 1
57 72 1
30 150 2
7 39 2
60 139 1
10 37 2
55 142 1
34 120 1
43 106 1
15 107 2
4 49 2
27 131 1
43 44 2
27 44 2
22 160 1
62 183 1
60 76 2
33 64 1
46 164 1
55 146 2
52 158 2
28 95 1
42 101 1
9 184 1
31 153 1
39 142 1
12 70 1
17 97 1
56 76 2
49 181 1
6 182 2
40 51 2
49 156 1
45 165 1
33 59 2
55 86 2
42 107 2
6 179 1
0 137 1
25 86 1
32 111 2
2 11 2
18 115 2
23 116 2
44 114 2
5 43 2
11 68 1
41 156 1
14 114 1
40 155 1
60 90 1
16 88 1
39 168 2
15 170 1
0 22 2
6 157 1
30 54 2
59 168 1
30 60 2
20 52 2
21 25 2
22 89 1
17 62 2
3 13 2
23 62 2
53 150 2
13 80 2
24 104 2
47 175 1
26 57 2
50 77 2
55 117 1
11 45 2
9 127 2
5 15 2
32 154 2
20 121 1
32 103 2
0 92 2
15 75 2
50 78 1
27 34 2
56 159 1
46 106 2
34 186 1
52 72 1
20 62 2
50 89 1
41 143 1
4 163 2
34 79 1
3 119 1
4 122 1
27 93 2
49 189 1
52 55 2
16 26 2
33 172 1
1 80 1
18 67 1
8 45 2
48 66 1
43 187 2
4 156 2
9 98 2
33 41 2
37 86 1
13 110 1
50 120 1
58 61 2
47 161 1
43 120 2
37 88 2
25 79 1
16 40 2
50 111 2
28 120 1
19 40 2
38 189 1
14 141 1
51 60 2
62 103 1
35 138 2
58 130 2
23 115 2
43 93 1
17 183 1
46 91 1
14 57 2
1 42 2
3 118 2
50 107 1
11 172 1
49 179 1
5 51 2
38 51 2
50 108 1
14 60 2
19 118 1
16 189 2
56 69 2
24 171 1
13 24 2
39 154 2
5 8 2
30 161 2
9 48 2
50 119 2
14 28 2
18 151 2
43 131 1
33 128 1
41 185 2
56 180 1
41 90 1
23 51 2
6 90 1
6 59 2
15 25 2
50 177 1
8 22 2
45 112 2
23 186 1
35 42 2
44 144 1
42 155 2
0 140 2
15 41 2
61 77 1
11 128 1
49 143 2
22 114 1
62 135 1
47 153 2
49 54 2
25 101 2
18 102 1
59 95 2
40 86 1
21 161 2
61 130 1
38 146 2
25 50 2
53 155 2
52 83 2
14 40 2
11 46 2
35 102 1
38 106 2
1 166 1
30 134 1
9 10 2
34 96 1
38 153 1
42 134 1
17 67 2
28 61 2
22 35 2
1 132 1
4 189 1
42 110 1
2 107 1
40 75 1
22 40 2
13 156 1
47 108 1
1 114 1
48 118 2
24 123 1
13 123 1
25 178 1
58 157 1
58 162 2
36 79 2
28 132 2
9 54 2
0 53 2
1 155 1
7 65 2
9 18 2
37 154 1
26 46 2
22 23 2
14 68 1
5 93 2
10 53 2
49 87 1
2 79 1
46 97 2
9 182 2
5 50 2
50 156 2
5 66 1
29 50 2
16 94 1
4 103 2
13 30 2
2 8 2
52 98 1
39 63 1
2 97 1
14 109 2
58 115 2
9 35 2
53 57 2
16 162 1
55 165 2
53 118 1
53 160 1
3 48 2
29 111 1
27 169 2
36 186 2
16 20 2
59 138 1
9 79 1
7 131 1
49 52 2
26 40 2
31 105 1
13 75 1
35 171 2
33 140 1
57 87 1
2 164 2
51 132 1
14 149 2
41 85 2
24 88 1
48 156 1
38 149 1
21 58 2
40 68 1
45 171 1
23 90 2
27 142 1
7 101 1
46 111 1
5 156 1
50 166 2
0 43 2
41 72 1
32 147 2
58 62 2
38 54 2
29 36 2
45 52 2
52 84 1
61 62 2
0 17 2
38 47 2
31 177 1
53 176 1
19 91 1
39 56 2
51 110 2
1 109 1
28 169 2
57 140 1
13 161 1
43 171 1
15 55 2
46 67 2
23 184 1
22 151 1
57 134 1
41 161 1
54 56 2
3 45 2
20 118 1
58 189 1
18 43 2
10 163 1
58 109 2
45 89 1
18 25 2
38 150 2
9 66 1
12 50 2
38 122 1
22 88 1
28 42 2
53 187 2
28 180 1
35 152 2
17 187 2
29 120 1
27 30 2
5 160 2
53 94 2
24 42 2
21 168 1
28 71 1
16 72 1
53 182 1
26 49 2
23 125 1
61 82 1
16 58 2
43 82 1
50 53 2
37 117 1
25 158 1
24 139 1
41 63 1
19 106 2
26 38 2
7 53 2
21 75 1
16 84 1
41 117 1
10 62 2
12 78 1
24 94 1
29 149 1
15 46 2
29 30 2
28 166 1
62 139 2
19 54 2
27 62 2
52 124 1
6 105 1
36 43 2
12 57 2
16 70 1
35 107 2
57 85 2
28 34 2
44 86 2
28 157 1
52 71 1
44 178 1
22 110 1
45 51 2
52 164 2
24 52 2
26 37 2
49 90 1
61 68 1
30 56 2
23 24 2
19 153 2
10 33 2
0 118 2
7 34 2
45 188 1
19 71 2
35 180 1
4 117 1
18 45 2
61 145 2
44 176 1
4 80 1
17 95 1
7 20 2
53 77 1
39 61 2
4 78 1
10 131 1
34 135 2
1 64 2
46 60 2
21 43 2
20 55 2
32 118 1
18 96 1
24 140 1
33 143 2
50 64 1
15 29 2
20 160 1
2 105 1
19 145 1
4 138 1
27 156 2
34 148 1
26 76 1
45 154 1
28 184 1
48 61 2
34 98 1
45 102 2
16 101 1
48 139 1
49 184 2
50 133 2
55 57 2
40 116 1
46 55 2
4 14 2
5 20 2
60 149 2
27 78 1
58 118 2
43 113 2
19 124 2
39 135 1
52 60 2
38 77 2
14 25 2
25 156 1
5 63 2
32 53 2
37 126 2
17 189 1
52 102 2
20 69 2
32 165 2
46 142 2
45 129 2
12 143 2
23 129 2
36 42 2
57 116 1
41 67 1
32 98 1
46 59 2
5 101 1
54 132 1
39 175 1
55 121 1
0 11 2
22 143 1
37 130 1
20 98 2
6 29 2
53 145 2
20 49 2
5 144 1
35 93 1
15 56 2
9 129 1
13 140 1
43 143 2
37 64 1
47 99 2
47 145 1
22 109 1
61 121 1
25 116 1
38 79 1
56 138 1
43 168 2
5 6 2
16 152 1
42 74 1
2 63 1
1 154 1
16 42 2
30 51 2
26 98 1
30 109 1
23 155 2
37 38 2
16 145 1
9 97 2
27 111 1
35 52 2
12 99 1
12 155 1
39 62 2
28 78 1
36 109 1
21 114 2
17 134 1
19 44 2
7 50 2
16 177 2
4 59 2
50 163 1
0 77 2
31 118 2
3 135 1
13 180 1
31 45 2
47 157 1
40 80 1
5 91 1
43 182 1
37 39 2
50 135 1
21 123 1
0 68 1
36 75 2
33 136 2
50 101 1
13 177 2
23 96 1
45 133 2
24 96 1
7 141 1
43 177 2
36 58 2
1 62 2
28 29 2
24 48 2
29 116 2
49 170 2
26 159 1
50 186 1
34 46 2
2 162 1
36 82 2
0 136 2
8 92 2
58 90 1
52 138 1
44 79 1
30 88 1
9 15 2
7 56 2
28 153 2
32 43 2
16 134 1
4 97 1
16 41 2
37 120 2
57 78 2
26 116 1
30 154 1
43 101 1
11 140 1
11 49 2
20 110 2
11 15 2
10 29 2
46 47 2
31 37 2
7 92 2
41 141 1
25 170 2
2 42 2
57 67 2
39 83 2
31 141 1
33 38 2
40 49 2
30 141 2
20 74 1
7 180 1
36 67 1
7 174 1
30 114 1
41 168 2
53 179 1
42 111 1
46 58 2
42 177 1
16 60 2
30 86 1
6 15 2
26 74 1
54 112 1
2 184 2
41 155 1
53 58 2
12 24 2
16 95 1
18 69 2
19 148 2
12 52 2
40 64 2
40 102 2
62 82 1
37 163 1
25 87 2
50 113 1
12 56 2
0 27 2
19 100 1
34 74 2
52 80 1
34 170 1
28 187 2
36 122 1
27 99 2
19 109 2
6 98 1
52 156 1
18 47 2
60 101 1
42 64 1
30 58 2
28 158 1
21 33 2
20 158 1
18 144 2
47 89 2
5 89 1
18 136 1
61 150 1
33 91 1
4 130 1
36 41 2
32 115 1
18 126 1
62 141 1
43 125 1
7 66 1
19 116 2
21 187 1
62 66 2
8 30 2
44 157 1
32 51 2
47 187 1
48 69 1
13 43 2
34 66 1
34 55 2
42 50 2
4 47 2
12 37 2
9 146 1
5 48 2
18 38 2
7 61 2
37 65 1
23 50 2
33 181 1
62 63 1
52 74 1
25 52 2
35 83 1
0 147 1
8 189 1
32 186 1
8 21 2
29 170 1
53 151 1
1 26 2
20 33 2
53 112 1
26 41 2
9 43 2
21 143 2
9 44 2
4 92 1
36 38 2
60 105 2
6 58 2
51 69 1
44 185 2
49 151 1
56 155 2
58 117 2
36 77 1
45 68 2
45 46 2
46 49 2
3 77 1
5 162 1
11 39 2
10 153 1
29 138 1
24 149 2
45 113 1
0 83 2
9 145 1
25 92 1
52 123 2
53 88 1
25 40 2
48 70 1
47 122 2
13 107 1
54 62 2
2 166 2
52 101 2
62 188 1
30 69 2
43 184 2
30 67 2
40 82 2
19 150 1
13 54 2
58 111 1
19 132 1
22 153 1
46 56 2
28 60 2
61 164 1
7 63 1
3 8 2
54 146 1
55 69 1
43 150 2
9 50 2
25 80 2
60 86 1
46 135 1
30 37 2
28 161 2
12 146 2
35 128 2
43 78 1
32 116 1
0 108 1
24 168 1
37 49 2
44 113 1
4 96 1
11 176 1
5 99 1
3 160 2
36 45 2
55 148 1
6 101 1
45 164 2
42 83 1
12 68 2
30 62 2
20 129 1
3 137 2
56 61 2
11 98 2
59 148 1
17 188 1
29 71 1
32 121 2
23 188 1
9 22 2
52 75 1
22 43 2
48 188 1
21 53 2
10 19 2
26 47 2
41 51 2
17 166 2
15 101 1
8 81 1
49 101 1
7 46 2
4 84 1
33 58 2
24 40 2
9 32 2
25 126 1
45 96 1
62 106 1
8 34 2
18 152 1
33 43 2
18 148 1
11 122 2
9 36 2
7 21 2
54 83 1
31 38 2
28 81 1
9 104 1
49 114 1
6 160 1
27 28 2
2 44 2
44 160 1
18 178 1
26 130 2
24 33 2
9 138 1
43 45 2
5 166 1
62 146 2
6 38 2
13 90 2
10 72 1
46 157 1
8 13 2
17 89 1
19 76 1
13 25 2
52 92 1
58 155 1
15 20 2
20 133 1
35 185 2
48 85 1
9 151 1
16 67 2
29 96 1
26 184 1
16 21 2
40 52 2
16 49 2
45 177 2
59 75 2
21 86 2
19 53 2
24 186 2
3 91 1
34 126 2
54 153 2
13 62 2
0 19 2
1 8 2
31 127 1
48 55 2
3 17 2
21 157 2
42 54 2
3 173 1
52 63 1
16 52 2
7 18 2
17 42 2
4 34 2
17 98 1
3 127 1
34 51 2
62 90 1
51 59 2
16 136 2
14 99 2
43 95 1
14 89 1
17 21 2
35 43 2
43 73 2
21 23 2
42 48 2
44 128 1
17 37 2
1 106 2
56 187 2
47 170 1
51 163 2
7 122 2
30 39 2
4 26 2
49 128 1
21 128 2
23 31 2
62 136 1
35 126 1
62 113 1
21 133 1
13 92 1
36 108 1
35 136 1
43 132 1
14 103 1
0 36 2
23 54 2
10 39 2
58 105 1
2 51 2
0 149 1
43 46 2
36 181 2
27 82 1
5 165 1
35 85 1
20 120 1
31 58 2
8 122 1
46 63 1
38 135 1
3 30 2
36 182 1
10 63 2
7 17 2
22 137 2
48 58 2
1 18 2
55 161 1
26 186 1
15 32 2
11 175 1
33 57 2
12 18 2
57 77 2
58 120 1
12 34 2
13 137 2
36 143 1
41 137 2
7 19 2
10 11 2
3 140 2
4 35 2
9 64 2
1 165 1
37 46 2
51 152 1
39 115 1
43 183 1
33 102 1
11 77 1
13 48 2
48 89 1
43 110 1
31 159 1
49 57 2
20 56 2
56 185 2
33 61 2
56 132 1
50 87 2
47 138 1
33 165 1
6 114 2
29 43 2
10 180 1
38 61 2
41 178 1
0 66 1
56 62 2
31 112 1
0 130 1
20 57 2
9 110 1
42 63 2
36 156 2
