% n=170 p=60 d=0.66 p_blue=0.66
52 84 2
33 157 2
49 79 2
39 139 1
60 76 2
24 100 2
37 134 2
28 119 1
30 57 2
49 76 2
6 46 2
81 143 2
2 3 2
60 64 2
17 134 2
66 141 1
44 147 1
79 109 2
5 77 2
60 72 2
87 98 2
44 66 2
98 155 2
45 55 2
70 73 2
7 143 1
49 82 2
62 71 2
23 75 2
8 55 2
53 157 2
17 54 2
1 99 2
8 153 2
42 60 2
15 102 1
60 94 2
23 111 2
1 106 2
44 96 2
2 29 2
3 72 2
53 114 1
24 147 1
12 130 1
41 98 2
6 158 1
25 89 2
38 82 2
36 149 1
12 72 2
10 126 1
32 89 2
0 75 2
99 139 1
58 68 2
33 140 2
2 135 2
26 60 2
15 125 1
8 72 2
2 10 2
54 70 2
40 60 2
21 126 2
24 125 1
55 104 2
14 43 2
82 116 1
29 104 1
10 59 2
85 118 2
40 97 2
68 83 2
53 83 2
31 83 2
37 119 1
41 127 1
11 101 2
4 35 2
11 160 2
50 66 2
66 127 1
56 77 2
57 99 2
2 25 2
52 118 2
3 93 2
15 73 2
20 55 2
9 139 2
62 113 2
27 84 2
5 25 2
37 166 2
96 134 1
78 93 2
97 125 2
23 34 2
21 51 2
0 46 2
14 147 2
12 120 1
28 77 2
18 38 2
51 76 2
13 39 2
49 71 2
28 74 2
70 129 1
7 51 2
47 99 2
93 108 2
75 80 2
31 41 2
41 149 2
81 105 2
12 85 2
59 119 2
21 151 2
26 78 2
25 52 2
39 149 2
71 148 1
44 45 2
3 15 2
12 54 2
77 130 2
3 154 1
7 109 2
11 130 2
7 119 2
28 40 2
26 48 2
65 71 2
50 100 2
27 58 2
38 105 1
17 60 2
95 100 2
11 50 2
9 85 2
11 32 2
21 83 2
90 127 2
37 140 2
67 95 2
21 38 2
8 101 2
18 71 2
59 149 2
2 162 1
92 165 2
8 74 2
73 92 2
9 36 2
8 91 2
80 88 2
51 91 2
32 136 2
48 76 2
47 71 2
13 50 2
44 124 1
28 79 2
36 51 2
19 36 2
56 113 1
56 100 2
6 148 2
9 84 2
62 131 2
63 74 2
91 116 2
59 101 2
87 140 1
14 33 2
1 116 2
21 120 2
19 123 1
39 76 2
78 86 2
95 169 2
37 108 2
73 129 2
51 105 2
31 95 2
98 106 1
34 50 2
58 91 2
79 134 2
52 83 2
21 80 2
12 66 2
35 159 2
74 141 2
66 87 2
37 83 2
11 56 2
10 160 1
40 81 2
7 148 2
6 88 2
42 114 2
7 156 1
44 55 2
36 90 2
57 89 2
3 153 2
21 129 1
77 81 2
57 70 2
34 120 2
74 78 2
31 92 2
3 142 1
40 127 2
46 89 2
94 153 1
43 135 2
73 128 2
2 145 2
1 43 2
69 121 1
41 104 1
16 34 2
15 143 1
35 115 1
16 94 2
10 89 2
60 123 2
76 156 2
74 148 2
96 150 2
63 78 2
57 105 2
5 42 2
46 93 2
49 110 1
42 88 2
39 124 2
29 157 2
42 84 2
21 23 2
14 95 2
56 92 2
20 148 2
39 50 2
9 114 1
27 59 2
80 137 2
5 64 2
53 162 2
62 67 2
22 82 2
72 75 2
32 126 2
83 102 2
15 63 2
34 46 2
56 82 2
32 87 2
32 75 2
78 99 2
32 150 2
71 114 1
70 154 1
16 56 2
21 144 2
36 160 1
13 53 2
87 148 2
0 98 2
17 95 2
10 152 2
14 169 1
12 100 2
12 60 2
39 75 2
7 73 2
45 116 2
6 70 2
3 110 2
13 136 2
63 152 2
7 80 2
13 126 2
100 135 1
37 75 2
30 50 2
60 166 2
66 75 2
38 66 2
66 119 2
60 132 2
76 168 2
23 167 1
1 24 2
75 143 2
23 146 2
39 114 2
50 57 2
16 19 2
53 93 2
0 30 2
30 136 1
41 50 2
15 65 2
93 132 2
97 144 1
93 154 1
9 17 2
52 128 2
23 164 2
9 130 2
1 92 2
82 113 2
55 100 2
31 118 2
0 91 2
75 87 2
25 80 2
57 92 2
4 26 2
30 52 2
45 135 2
15 40 2
38 65 2
29 72 2
25 119 1
57 136 2
68 74 2
4 81 2
56 88 2
31 140 1
44 71 2
82 127 1
24 134 2
36 142 2
67 109 1
38 121 1
101 169 2
88 95 2
23 124 1
14 166 2
4 90 2
73 81 2
6 60 2
62 124 1
24 117 2
49 60 2
51 168 1
51 66 2
40 168 1
54 163 1
33 77 2
31 103 1
71 149 2
74 85 2
29 37 2
23 52 2
10 71 2
21 45 2
43 108 1
9 65 2
71 73 2
16 111 2
45 126 2
23 97 2
40 68 2
74 159 2
35 66 2
1 19 2
2 97 2
20 74 2
71 94 2
38 155 2
66 70 2
10 79 2
25 138 2
98 120 2
5 7 2
95 126 1
37 91 2
13 57 2
29 128 2
8 84 2
74 95 2
64 101 2
5 112 2
48 66 2
4 46 2
3 38 2
15 29 2
50 87 2
56 154 2
32 109 1
29 154 1
65 156 2
23 87 2
83 140 2
19 51 2
86 156 2
0 133 2
24 164 2
67 73 2
53 67 2
2 169 2
63 163 2
19 89 2
51 108 2
76 121 1
73 152 2
59 105 2
32 39 2
19 121 1
74 156 2
85 100 2
20 76 2
78 140 2
6 93 2
85 120 1
78 133 2
62 64 2
99 123 1
15 80 2
90 91 2
20 29 2
39 80 2
64 93 2
90 150 2
20 80 2
49 77 2
38 70 2
31 68 2
0 4 2
32 88 2
8 143 2
77 92 2
80 85 2
2 132 2
31 168 1
101 155 1
23 96 2
27 80 2
84 85 2
48 75 2
27 102 1
40 64 2
31 80 2
64 150 1
42 66 2
64 145 1
66 133 2
68 91 2
23 73 2
39 135 2
39 134 2
48 105 2
61 67 2
58 123 2
13 94 2
51 86 2
45 114 2
43 112 2
41 106 1
41 58 2
4 31 2
51 120 1
46 71 2
9 96 2
97 100 2
59 68 2
93 133 2
2 147 1
100 110 2
42 44 2
75 112 1
3 134 2
10 146 1
37 130 2
87 111 2
65 126 2
57 114 2
69 161 1
50 148 1
7 93 2
16 164 2
12 16 2
11 54 2
30 54 2
72 92 2
76 158 2
73 78 2
28 45 2
11 14 2
15 77 2
2 98 2
50 124 1
3 10 2
32 162 2
37 62 2
31 38 2
20 50 2
80 153 1
5 73 2
80 135 2
13 15 2
31 66 2
26 147 2
18 153 2
1 84 2
25 70 2
33 113 2
27 135 2
46 138 2
86 89 2
73 87 2
45 57 2
3 18 2
25 125 2
62 136 1
35 46 2
11 153 2
35 124 2
9 66 2
43 99 2
94 110 1
41 68 2
52 144 2
86 120 1
15 103 2
75 145 2
98 166 2
26 100 2
3 60 2
19 129 1
24 67 2
7 100 2
71 144 2
74 109 1
17 33 2
16 28 2
95 104 2
44 86 2
14 70 2
14 39 2
60 78 2
45 92 2
13 17 2
57 157 2
45 93 2
61 99 2
40 76 2
20 138 2
15 55 2
46 64 2
53 56 2
5 66 2
51 106 2
56 145 1
10 99 2
31 39 2
20 136 2
2 120 2
31 72 2
68 158 2
63 134 2
61 81 2
56 101 2
6 103 1
73 135 1
20 117 1
37 169 2
84 135 2
1 80 2
18 92 2
1 6 2
7 152 2
64 65 2
15 50 2
61 70 2
45 54 2
37 164 1
29 160 2
27 105 1
27 43 2
67 69 2
60 73 2
42 77 2
9 95 2
27 67 2
67 86 2
2 38 2
91 108 1
33 144 1
6 97 2
70 122 2
50 76 2
97 154 2
86 87 2
12 168 2
98 102 1
67 155 1
5 62 2
58 110 1
30 74 2
28 156 2
2 139 2
20 56 2
5 147 2
81 149 1
52 58 2
58 133 1
29 65 2
84 109 1
24 167 2
8 123 2
8 16 2
76 89 2
79 125 2
61 101 2
19 25 2
87 97 2
46 52 2
18 57 2
57 129 2
22 33 2
29 151 1
10 142 2
6 50 2
55 85 2
49 152 1
17 124 2
18 59 2
75 156 1
21 91 2
18 137 1
28 167 2
83 91 2
51 138 1
12 84 2
8 54 2
65 94 2
1 35 2
93 137 1
20 77 2
68 120 2
7 122 2
51 92 2
86 152 1
94 99 2
47 132 1
4 17 2
71 105 1
56 119 2
46 144 2
35 83 2
13 71 2
36 127 2
15 32 2
63 77 2
18 56 2
94 97 2
68 163 2
18 143 2
34 60 2
61 155 1
36 67 2
99 113 2
2 159 1
36 62 2
33 75 2
76 78 2
42 156 1
55 70 2
9 43 2
84 169 1
14 81 2
25 29 2
55 113 2
7 162 2
23 43 2
48 90 2
32 34 2
22 95 2
24 80 2
44 105 2
88 98 2
20 57 2
4 51 2
71 124 2
8 32 2
34 61 2
0 168 2
25 48 2
3 104 1
39 56 2
7 31 2
17 22 2
76 100 2
17 135 1
0 106 2
2 42 2
14 30 2
14 108 2
76 149 2
87 104 2
66 98 2
3 12 2
18 77 2
28 120 1
97 149 2
58 97 2
88 153 1
35 57 2
12 38 2
81 83 2
39 67 2
41 122 2
48 88 2
19 106 1
51 160 2
67 159 1
43 103 2
11 99 2
48 145 1
30 155 2
21 42 2
3 129 2
56 79 2
101 109 2
19 87 2
8 135 2
10 20 2
1 39 2
5 36 2
5 113 2
26 76 2
24 90 2
13 37 2
54 122 2
101 146 1
16 29 2
22 59 2
44 57 2
14 75 2
6 74 2
31 93 2
47 125 1
69 133 1
44 79 2
69 165 2
76 96 2
86 128 1
80 108 2
43 102 1
28 53 2
70 72 2
71 153 1
36 57 2
16 156 1
95 164 2
88 141 2
5 141 2
66 168 2
41 136 2
22 70 2
66 166 1
75 149 2
92 104 2
40 146 2
9 97 2
67 146 2
61 90 2
43 144 2
27 86 2
17 164 2
50 73 2
41 94 2
46 69 2
1 54 2
12 36 2
61 92 2
76 120 2
13 96 2
23 147 2
17 81 2
26 54 2
7 42 2
50 98 2
87 110 1
43 169 2
4 44 2
10 97 2
45 129 2
17 161 2
65 99 2
66 90 2
57 85 2
50 145 2
10 169 2
23 84 2
53 81 2
51 62 2
28 148 2
16 66 2
49 153 2
21 94 2
8 133 1
53 54 2
66 126 2
87 146 2
8 59 2
37 111 1
50 89 2
72 116 2
29 66 2
22 72 2
95 103 1
31 96 2
75 119 2
7 46 2
91 106 1
51 97 2
98 119 1
32 138 2
62 79 2
44 48 2
1 91 2
22 134 2
14 164 1
2 128 1
85 134 2
95 98 2
3 100 2
71 85 2
15 84 2
74 161 2
73 105 1
72 87 2
65 76 2
13 36 2
50 141 1
10 13 2
78 146 2
21 76 2
65 159 1
9 32 2
42 167 2
66 144 1
57 110 2
35 80 2
52 134 2
59 79 2
85 135 2
13 128 2
47 61 2
65 146 2
61 106 2
55 108 2
9 143 2
13 99 2
3 150 1
86 163 2
30 33 2
81 125 2
18 100 2
27 44 2
92 168 2
79 110 2
19 21 2
33 67 2
22 141 1
94 134 1
22 42 2
69 150 2
4 92 2
31 71 2
26 27 2
35 129 2
1 123 2
65 167 1
35 93 2
19 158 1
20 119 2
27 115 2
13 108 1
8 89 2
49 148 2
4 52 2
59 128 2
20 63 2
74 108 2
78 138 2
15 38 2
35 110 1
10 16 2
8 116 2
66 146 1
71 154 2
46 97 2
45 73 2
36 163 1
29 145 2
13 124 2
7 136 2
26 118 2
3 92 2
37 120 2
6 31 2
24 29 2
15 60 2
82 122 2
61 75 2
61 97 2
8 29 2
5 40 2
94 101 2
86 90 2
6 63 2
83 111 2
73 145 2
97 162 2
92 93 2
4 53 2
5 156 1
33 95 2
7 107 2
81 128 2
30 51 2
46 139 2
29 89 2
1 16 2
57 153 2
18 28 2
0 64 2
16 44 2
40 51 2
45 101 2
56 86 2
1 61 2
18 76 2
85 105 2
19 142 1
13 77 2
19 79 2
34 92 2
20 36 2
49 58 2
81 150 2
87 92 2
15 89 2
7 106 2
32 68 2
57 123 2
66 122 2
38 81 2
8 70 2
50 88 2
2 88 2
80 106 2
13 59 2
75 111 1
5 44 2
30 85 2
67 78 2
58 73 2
69 116 2
2 5 2
62 95 2
22 68 2
33 149 1
70 116 2
9 163 2
33 73 2
2 78 2
56 121 1
22 169 2
32 61 2
37 165 2
6 112 1
45 149 1
101 151 2
7 40 2
23 108 2
5 58 2
10 67 2
21 64 2
33 110 2
13 44 2
9 112 1
58 70 2
19 94 2
25 165 2
38 74 2
29 142 2
22 107 1
28 39 2
19 27 2
8 11 2
46 61 2
1 26 2
51 88 2
3 140 2
3 50 2
87 116 1
92 153 2
28 73 2
7 89 2
12 71 2
30 96 2
46 147 1
101 148 2
4 5 2
55 111 2
25 87 2
27 29 2
31 52 2
59 62 2
3 13 2
62 77 2
90 107 1
18 42 2
13 164 2
7 67 2
65 95 2
56 57 2
47 73 2
12 78 2
18 36 2
46 154 2
20 130 2
30 161 2
95 157 1
19 48 2
30 117 2
0 50 2
90 109 1
68 111 1
22 57 2
20 99 2
17 69 2
41 167 2
9 25 2
25 27 2
56 169 2
37 68 2
10 53 2
22 160 2
29 90 2
93 162 2
29 146 2
52 74 2
52 56 2
43 95 2
21 145 1
12 117 1
48 96 2
32 64 2
90 145 2
13 125 2
3 84 2
54 61 2
29 144 2
24 95 2
43 137 1
71 113 2
2 112 2
78 113 1
7 45 2
10 48 2
48 129 1
3 148 2
43 130 2
46 53 2
47 64 2
31 94 2
22 86 2
49 57 2
58 81 2
5 16 2
32 76 2
16 123 2
22 65 2
37 117 2
40 136 1
22 48 2
60 136 2
52 75 2
68 133 1
10 70 2
93 138 1
17 136 1
32 165 2
43 139 1
16 71 2
80 83 2
53 115 2
8 34 2
55 119 1
94 108 2
12 139 1
42 108 1
54 146 1
27 119 1
26 31 2
69 137 2
1 151 1
14 73 2
6 86 2
22 66 2
17 72 2
8 61 2
0 31 2
0 29 2
4 55 2
73 75 2
91 128 2
58 99 2
9 59 2
41 131 2
41 105 2
40 161 1
41 69 2
2 72 2
17 113 1
33 131 2
53 63 2
35 58 2
62 153 1
98 115 1
55 107 1
37 48 2
12 30 2
52 81 2
30 168 2
35 61 2
26 146 2
33 116 1
16 158 2
28 68 2
68 112 1
3 111 2
2 103 2
4 59 2
69 95 2
93 96 2
6 152 2
19 49 2
8 102 2
61 66 2
40 119 2
80 136 2
11 46 2
58 75 2
27 83 2
63 111 2
21 85 2
64 144 1
27 111 2
18 126 1
27 85 2
92 151 2
66 113 2
86 115 2
8 73 2
52 142 1
27 167 2
45 96 2
21 146 1
99 149 2
5 152 1
4 112 2
77 91 2
74 87 2
29 71 2
7 27 2
48 136 1
77 127 1
4 16 2
33 71 2
26 37 2
77 136 2
3 49 2
70 102 1
39 60 2
48 169 2
51 74 2
33 83 2
26 59 2
4 23 2
42 68 2
90 151 1
34 146 2
37 73 2
78 85 2
8 53 2
68 94 2
9 101 2
21 153 2
14 19 2
53 82 2
19 113 1
88 103 2
71 98 2
45 49 2
4 85 2
53 148 1
54 167 2
34 40 2
42 94 2
46 50 2
34 79 2
35 107 2
75 152 2
25 167 2
61 78 2
67 85 2
24 133 1
32 33 2
50 143 2
11 78 2
12 77 2
20 133 2
9 39 2
9 11 2
15 136 2
45 64 2
14 87 2
0 97 2
41 67 2
12 21 2
8 121 1
19 95 2
8 113 2
13 34 2
82 96 2
64 84 2
68 86 2
64 166 1
25 26 2
27 112 2
87 114 2
64 119 2
26 92 2
71 103 1
76 112 2
14 97 2
97 139 2
14 76 2
2 117 1
2 87 2
64 152 2
4 143 2
14 94 2
92 129 2
33 166 2
27 65 2
85 149 2
7 14 2
43 106 2
79 80 2
62 86 2
57 161 2
44 62 2
93 124 2
43 129 2
36 159 2
31 82 2
54 129 2
50 61 2
100 149 2
63 159 2
51 128 1
83 94 2
28 90 2
16 128 2
22 99 2
14 83 2
92 108 2
77 147 2
34 36 2
11 43 2
55 129 2
34 56 2
52 78 2
23 122 2
18 131 1
55 151 2
49 109 1
75 86 2
20 44 2
89 138 1
7 128 2
20 61 2
6 17 2
6 77 2
0 124 2
6 75 2
55 93 2
45 131 2
65 82 2
11 102 2
37 67 2
100 140 2
76 137 1
21 24 2
18 35 2
84 131 2
55 65 2
79 122 2
89 105 2
1 34 2
82 159 2
84 163 2
84 168 2
23 51 2
83 133 2
76 81 2
48 92 2
43 73 2
6 68 2
72 122 2
10 149 2
69 146 2
40 49 2
54 88 2
54 80 2
40 50 2
8 108 2
3 70 2
22 41 2
0 85 2
27 122 2
19 70 2
66 164 2
98 129 1
30 163 2
41 70 2
8 155 2
62 98 2
66 84 2
32 152 2
28 117 1
59 155 2
35 49 2
76 169 1
34 59 2
54 58 2
10 83 2
8 17 2
45 166 2
27 78 2
19 127 2
52 59 2
47 62 2
22 122 2
82 125 2
6 73 2
16 127 2
83 99 2
55 162 2
60 158 2
17 79 2
86 101 2
69 155 2
39 99 2
5 39 2
86 107 2
78 107 2
5 102 2
11 83 2
77 159 2
4 124 2
42 165 1
69 81 2
51 72 2
45 104 2
6 143 2
48 132 1
73 123 1
95 153 1
65 135 1
14 68 2
32 143 2
1 65 2
2 47 2
65 141 2
52 92 2
83 139 1
32 155 1
48 167 1
14 109 2
75 146 2
8 166 1
90 125 1
28 97 2
28 100 2
32 35 2
52 90 2
56 71 2
61 149 1
11 169 2
52 93 2
57 58 2
84 160 1
28 160 2
27 40 2
101 135 1
28 33 2
45 100 2
53 118 2
56 141 2
16 42 2
1 42 2
43 114 2
68 169 1
82 123 2
15 20 2
26 163 2
58 142 2
72 100 2
10 120 1
56 108 2
1 89 2
35 86 2
2 164 2
15 123 2
3 81 2
14 63 2
5 11 2
24 149 2
0 109 2
61 100 2
15 164 2
4 134 2
23 109 1
15 56 2
91 109 1
39 54 2
27 48 2
29 54 2
31 32 2
88 152 2
94 112 2
14 85 2
32 107 2
55 136 1
40 45 2
6 80 2
52 64 2
16 167 1
12 169 2
59 104 2
96 129 2
3 86 2
76 117 2
50 134 2
8 51 2
67 122 1
56 98 2
60 83 2
33 104 2
31 44 2
79 124 2
27 52 2
36 71 2
67 138 2
50 140 2
34 111 2
49 101 2
55 131 2
47 81 2
96 107 1
77 132 2
92 96 2
25 36 2
34 101 2
49 156 2
64 66 2
73 134 1
15 54 2
32 134 2
78 124 1
13 60 2
12 81 2
27 150 2
80 165 1
93 151 2
86 123 2
85 116 1
76 155 1
22 77 2
4 87 2
48 63 2
1 155 2
12 157 1
40 62 2
1 97 2
38 83 2
76 150 2
83 145 2
80 82 2
6 129 2
82 97 2
11 120 2
27 97 2
65 121 2
5 75 2
61 165 2
30 102 2
4 167 1
4 95 2
17 102 2
31 165 2
56 136 2
29 58 2
7 57 2
77 110 2
71 76 2
55 155 2
68 119 2
57 139 2
35 67 2
20 123 2
12 97 2
39 41 2
13 74 2
97 169 2
33 98 2
12 129 2
7 56 2
13 160 1
30 167 2
69 71 2
80 122 1
30 77 2
23 57 2
27 76 2
19 61 2
62 83 2
92 145 1
19 115 2
94 120 1
11 62 2
16 38 2
63 93 2
1 75 2
63 107 1
64 121 1
53 123 2
82 117 1
100 133 1
85 89 2
1 111 2
38 117 1
48 116 1
50 70 2
21 107 1
24 91 2
53 72 2
12 155 1
9 74 2
23 77 2
84 161 1
6 138 2
8 66 2
26 73 2
7 131 2
5 49 2
14 72 2
63 73 2
36 148 1
78 95 2
38 100 2
70 88 2
8 26 2
2 46 2
37 55 2
15 25 2
11 23 2
54 79 2
13 64 2
11 61 2
49 78 2
49 99 2
43 44 2
60 126 1
24 120 1
17 143 2
42 152 2
29 75 2
73 89 2
73 94 2
15 142 2
82 93 2
2 79 2
29 149 1
0 167 2
39 162 2
84 162 2
47 78 2
40 95 2
36 45 2
8 83 2
29 131 2
55 74 2
45 59 2
84 95 2
72 166 1
73 122 2
17 146 2
41 71 2
0 27 2
38 134 2
68 118 2
15 39 2
29 96 2
60 70 2
3 128 1
17 31 2
61 95 2
4 121 1
76 162 2
88 137 1
55 92 2
54 162 2
39 161 2
98 130 1
19 31 2
5 128 2
100 166 2
27 55 2
39 79 2
44 150 2
63 129 1
5 122 1
33 41 2
58 94 2
4 142 2
47 82 2
56 144 1
37 129 2
45 56 2
59 145 1
11 147 1
24 124 2
92 133 2
14 101 2
19 54 2
1 149 1
73 146 2
58 151 1
61 138 2
65 125 1
14 151 2
21 112 1
91 149 2
67 143 2
25 92 2
7 137 2
29 53 2
79 97 2
37 45 2
53 101 2
69 145 2
80 151 2
43 81 2
25 123 2
12 91 2
20 112 2
12 149 2
63 133 1
32 120 2
22 92 2
27 81 2
7 88 2
66 160 2
12 82 2
25 95 2
95 147 2
20 88 2
85 114 2
2 71 2
17 77 2
19 163 1
25 153 1
1 102 2
77 80 2
73 140 2
33 159 2
46 134 1
68 152 1
23 39 2
0 107 2
44 168 2
72 154 2
22 121 2
31 153 2
101 141 2
61 117 1
60 124 2
17 151 1
30 36 2
57 169 2
46 133 1
46 131 1
8 88 2
33 151 2
39 95 2
28 129 1
42 107 2
17 50 2
57 86 2
61 65 2
18 26 2
83 137 2
12 40 2
94 135 1
10 77 2
40 70 2
59 126 1
79 88 2
38 114 1
72 93 2
7 18 2
10 105 2
9 78 2
66 103 1
2 92 2
31 70 2
3 67 2
1 14 2
27 74 2
10 73 2
98 117 2
26 79 2
25 51 2
84 86 2
44 89 2
20 72 2
70 79 2
60 66 2
7 102 1
51 75 2
17 159 1
78 159 2
44 82 2
40 42 2
70 133 2
63 112 2
2 137 1
11 35 2
11 58 2
26 75 2
27 160 2
31 107 2
44 70 2
71 83 2
62 89 2
89 96 2
68 150 2
47 142 2
16 69 2
25 60 2
38 47 2
38 64 2
2 151 2
23 151 2
24 84 2
44 80 2
60 137 1
8 160 1
5 69 2
13 151 2
59 72 2
76 165 1
74 114 2
52 67 2
78 152 2
87 124 2
62 159 1
60 67 2
1 72 2
48 109 1
53 61 2
66 96 2
60 141 1
17 96 2
94 130 1
1 85 2
49 165 2
76 159 2
68 124 2
4 146 2
0 58 2
26 153 2
66 142 1
65 155 2
36 39 2
15 58 2
32 73 2
52 143 2
69 101 2
20 27 2
10 42 2
50 104 1
53 80 2
64 124 2
34 39 2
4 54 2
26 71 2
50 86 2
14 104 1
64 82 2
39 156 2
26 33 2
61 84 2
51 67 2
32 56 2
19 83 2
65 98 2
54 72 2
75 88 2
23 126 2
15 83 2
10 143 1
30 69 2
90 111 1
30 154 2
97 138 2
22 163 2
6 7 2
81 103 1
62 105 2
43 155 2
16 24 2
8 147 1
60 108 2
14 52 2
55 59 2
20 154 1
83 107 2
85 131 2
4 78 2
63 99 2
59 77 2
60 90 2
49 67 2
49 113 2
80 101 2
101 158 2
70 126 2
43 62 2
74 82 2
45 51 2
58 82 2
53 105 2
0 1 2
53 60 2
53 166 2
34 99 2
3 58 2
16 134 1
33 46 2
13 162 2
64 163 2
19 46 2
20 31 2
75 139 2
26 62 2
42 122 2
46 72 2
70 166 1
58 158 2
48 151 2
35 142 1
27 118 1
20 73 2
50 68 2
0 24 2
83 127 2
89 91 2
13 76 2
37 118 2
29 47 2
14 115 2
5 132 1
25 152 2
27 151 2
13 81 2
40 135 2
2 60 2
41 73 2
0 157 1
59 100 2
49 92 2
23 100 2
82 140 2
73 142 2
4 10 2
6 127 2
20 85 2
53 110 2
21 88 2
92 116 1
0 18 2
13 155 2
48 89 2
56 125 2
81 123 1
16 26 2
26 74 2
12 44 2
50 60 2
1 71 2
52 169 2
46 159 2
40 94 2
42 100 2
12 134 2
54 75 2
63 64 2
9 34 2
59 60 2
44 144 1
85 164 2
40 123 1
78 131 1
26 138 1
28 150 2
4 168 2
35 138 2
44 143 1
25 38 2
91 130 2
9 12 2
38 101 2
50 146 2
5 88 2
59 164 2
48 93 2
51 146 2
90 99 2
42 143 2
41 96 2
63 69 2
38 120 2
98 139 1
86 138 2
33 48 2
36 92 2
25 63 2
31 100 2
0 70 2
11 137 2
66 136 2
70 117 2
56 75 2
77 93 2
35 81 2
78 87 2
66 95 2
46 128 1
4 70 2
5 35 2
39 119 2
11 142 2
74 91 2
92 120 1
89 122 2
19 93 2
67 105 1
50 54 2
35 56 2
56 87 2
1 37 2
30 145 2
21 67 2
11 93 2
29 167 2
17 118 1
19 71 2
46 137 2
97 120 2
16 95 2
60 148 1
29 86 2
80 169 2
79 99 2
25 42 2
46 164 1
5 43 2
38 93 2
26 130 2
18 162 1
1 120 2
1 8 2
73 96 2
8 92 2
51 58 2
32 69 2
21 132 2
97 113 2
10 104 1
70 111 2
12 23 2
79 100 2
14 135 2
18 80 2
50 69 2
31 91 2
45 69 2
34 52 2
64 75 2
88 150 2
48 143 1
94 160 1
0 17 2
48 166 1
25 94 2
95 144 1
39 92 2
98 113 2
26 86 2
9 30 2
19 84 2
49 68 2
8 85 2
25 68 2
21 101 2
84 120 1
96 118 2
3 19 2
55 86 2
29 132 2
9 19 2
16 72 2
82 139 2
73 130 2
17 28 2
56 67 2
44 85 2
72 85 2
5 104 2
58 86 2
11 24 2
25 65 2
84 165 2
74 105 1
4 33 2
9 79 2
26 36 2
36 65 2
9 83 2
51 140 1
17 84 2
0 48 2
10 14 2
10 66 2
23 64 2
80 142 1
59 66 2
23 37 2
59 166 2
38 156 1
14 31 2
66 101 2
63 128 1
3 94 2
41 138 2
9 31 2
61 135 2
43 92 2
13 20 2
3 88 2
36 96 2
18 25 2
47 66 2
12 31 2
53 163 1
101 113 2
56 93 2
13 79 2
25 96 2
5 17 2
0 86 2
89 147 2
99 148 2
13 120 1
60 145 2
74 84 2
68 105 2
26 77 2
58 87 2
66 138 2
55 57 2
77 113 2
43 110 1
30 146 1
43 111 1
44 114 2
33 111 1
95 105 1
1 104 2
10 113 2
100 144 2
101 117 2
22 165 1
100 150 2
11 60 2
76 82 2
15 75 2
4 39 2
21 50 2
58 113 1
56 127 2
6 121 2
44 49 2
19 90 2
95 139 2
15 145 2
18 33 2
46 88 2
10 26 2
24 39 2
19 37 2
61 115 2
98 141 1
48 69 2
11 80 2
15 79 2
21 167 1
95 158 1
2 101 2
5 41 2
21 165 2
68 101 2
52 88 2
22 78 2
6 16 2
36 53 2
37 126 2
39 97 2
22 64 2
9 27 2
85 137 2
1 59 2
65 88 2
38 113 1
84 92 2
101 150 1
12 159 2
55 160 1
14 15 2
70 104 1
55 66 2
28 98 2
51 103 2
3 6 2
3 83 2
6 13 2
25 47 2
39 165 2
26 29 2
59 167 2
33 66 2
78 135 2
3 135 2
26 81 2
7 150 2
53 98 2
5 37 2
21 135 1
47 108 1
47 76 2
84 90 2
81 92 2
72 82 2
0 36 2
37 139 1
69 70 2
24 129 2
68 82 2
35 92 2
9 119 2
57 152 2
10 23 2
67 167 2
58 60 2
17 87 2
62 147 2
29 59 2
12 47 2
16 116 2
54 84 2
34 109 1
8 162 1
72 169 2
18 40 2
75 116 1
91 146 1
99 144 2
46 145 2
14 155 2
71 89 2
24 86 2
73 118 2
17 40 2
99 104 2
15 43 2
48 57 2
82 167 2
34 94 2
24 34 2
15 42 2
14 146 2
22 113 1
26 58 2
33 92 2
91 127 2
30 134 2
85 102 2
11 126 2
65 73 2
83 116 2
8 57 2
27 103 2
19 82 2
2 15 2
39 52 2
42 126 2
4 69 2
3 106 2
20 62 2
12 42 2
36 79 2
4 154 2
2 39 2
93 122 2
97 143 1
6 69 2
63 117 2
10 25 2
55 80 2
5 14 2
32 59 2
39 64 2
3 141 2
74 169 2
18 90 2
78 157 1
37 160 2
30 159 1
85 106 2
20 52 2
9 55 2
26 44 2
10 68 2
25 33 2
55 133 1
74 139 2
40 158 2
50 135 2
74 98 2
74 104 2
19 30 2
49 74 2
11 17 2
23 80 2
19 144 1
80 162 2
70 84 2
55 71 2
18 142 1
23 35 2
7 37 2
11 94 2
63 140 2
79 95 2
0 152 2
50 139 2
38 41 2
69 117 1
46 59 2
69 85 2
71 79 2
31 139 2
45 89 2
11 22 2
10 46 2
60 131 2
38 164 1
100 142 2
59 112 2
51 169 2
30 67 2
68 167 2
9 161 2
51 167 1
25 118 2
10 106 2
9 115 1
53 143 1
5 22 2
97 127 1
11 84 2
80 98 2
54 100 2
51 90 2
42 97 2
32 52 2
24 144 1
14 102 2
38 152 2
21 30 2
56 134 1
46 156 1
35 109 2
39 103 2
23 169 2
77 124 2
50 111 1
20 79 2
80 128 2
96 139 1
21 37 2
27 77 2
1 82 2
2 43 2
32 47 2
100 146 2
83 87 2
91 164 1
9 14 2
93 112 1
84 105 2
12 146 2
59 152 2
53 87 2
7 53 2
24 53 2
31 152 1
89 129 1
39 40 2
51 99 2
71 97 2
23 25 2
75 150 1
76 99 2
18 43 2
77 157 2
47 148 2
63 82 2
45 115 2
24 155 2
48 104 2
15 62 2
101 126 2
3 55 2
63 141 2
44 136 2
9 42 2
66 93 2
70 74 2
88 96 2
12 121 2
95 117 2
0 84 2
44 167 1
5 53 2
43 97 2
9 62 2
33 53 2
57 75 2
49 94 2
25 145 2
64 135 1
50 115 1
6 84 2
36 83 2
22 23 2
8 106 2
77 165 2
56 132 2
46 63 2
3 80 2
10 12 2
98 168 2
55 62 2
85 94 2
36 56 2
8 30 2
87 118 2
78 129 1
13 54 2
27 30 2
57 69 2
42 80 2
70 137 2
69 128 2
33 84 2
68 109 2
10 80 2
3 21 2
6 66 2
37 168 2
38 106 1
28 37 2
20 28 2
7 81 2
60 74 2
42 96 2
18 132 2
41 125 1
86 88 2
35 119 2
78 117 2
21 73 2
26 80 2
49 111 2
44 118 2
42 142 1
34 82 2
10 125 1
82 84 2
93 129 1
18 37 2
40 55 2
13 66 2
40 47 2
94 125 2
52 163 1
9 16 2
36 129 2
4 64 2
9 13 2
7 84 2
1 58 2
101 127 2
64 155 2
78 139 2
82 151 2
10 62 2
42 63 2
21 159 2
100 151 2
18 52 2
16 85 2
3 68 2
36 94 2
33 76 2
82 90 2
48 137 1
9 40 2
22 45 2
43 94 2
10 64 2
28 133 2
38 59 2
1 95 2
63 98 2
16 145 1
79 98 2
39 128 2
24 142 2
3 78 2
29 118 1
15 119 2
96 142 2
25 67 2
84 154 2
39 138 1
5 59 2
17 120 2
26 40 2
63 91 2
38 98 2
22 75 2
39 116 2
0 68 2
12 69 2
15 121 2
56 95 2
34 168 1
69 89 2
45 75 2
18 151 1
43 70 2
15 88 2
62 157 1
25 102 2
64 123 1
32 157 2
99 160 1
66 79 2
71 95 2
70 101 2
65 89 2
22 131 2
47 55 2
45 138 2
90 124 2
88 161 2
54 148 2
10 112 1
28 42 2
77 98 2
47 51 2
58 119 2
16 46 2
87 143 2
65 83 2
14 47 2
43 89 2
16 63 2
21 150 2
18 117 1
36 124 2
28 48 2
69 132 2
3 27 2
6 126 1
2 23 2
69 140 2
28 29 2
36 101 2
27 42 2
41 89 2
29 138 2
58 154 2
29 49 2
27 169 2
77 102 1
0 23 2
70 85 2
56 156 1
29 153 2
3 74 2
35 100 2
52 96 2
14 156 1
28 54 2
36 121 2
1 131 2
72 143 2
64 165 2
5 70 2
28 75 2
0 20 2
44 126 2
18 86 2
29 32 2
5 34 2
0 115 2
42 124 1
64 78 2
69 92 2
55 82 2
65 97 2
22 157 2
29 67 2
10 34 2
50 147 1
3 103 1
33 86 2
53 149 2
69 91 2
11 138 1
21 82 2
96 135 1
63 121 2
13 22 2
12 58 2
100 134 1
2 48 2
69 94 2
4 132 1
16 129 2
7 24 2
36 76 2
21 158 2
4 156 2
101 118 1
91 96 2
86 142 2
3 107 2
67 136 1
70 87 2
33 134 2
25 134 2
3 98 2
51 153 2
32 113 1
2 61 2
16 77 2
7 112 1
79 82 2
24 154 1
6 52 2
0 113 1
18 98 2
85 151 1
86 135 2
34 121 2
51 102 2
62 152 2
62 81 2
8 60 2
30 35 2
15 21 2
24 44 2
48 68 2
30 58 2
37 77 2
70 141 2
78 106 1
63 71 2
56 131 1
51 53 2
78 97 2
25 161 2
44 63 2
64 142 2
56 91 2
37 156 1
99 108 1
38 118 2
42 62 2
49 163 1
35 88 2
59 97 2
25 31 2
93 95 2
65 113 1
21 133 2
75 118 2
23 49 2
5 18 2
55 56 2
15 74 2
39 46 2
43 109 2
42 105 2
34 88 2
65 154 1
64 133 1
9 48 2
59 89 2
99 155 1
30 72 2
54 64 2
45 94 2
70 107 2
29 52 2
77 146 2
11 148 2
56 109 1
38 119 2
39 74 2
35 106 2
96 114 2
33 87 2
5 80 2
74 96 2
14 64 2
50 80 2
7 164 1
81 141 2
39 105 2
90 122 1
42 61 2
15 49 2
81 106 2
58 132 2
38 44 2
22 167 2
31 49 2
45 105 2
2 69 2
35 90 2
18 70 2
65 69 2
87 164 2
30 165 1
66 169 2
51 147 1
54 160 2
81 95 2
96 121 1
12 26 2
53 159 2
21 106 2
47 87 2
43 91 2
15 90 2
12 51 2
1 31 2
67 157 1
52 136 2
36 132 1
96 104 2
33 40 2
36 123 1
43 150 2
37 155 2
77 151 1
59 87 2
57 163 2
26 84 2
100 103 1
97 146 2
37 47 2
69 96 2
87 151 2
47 101 2
10 101 2
35 36 2
12 13 2
25 46 2
55 72 2
22 81 2
54 89 2
50 144 2
97 164 2
1 121 1
2 150 2
43 127 2
16 78 2
33 34 2
2 19 2
46 49 2
21 98 2
87 127 1
52 161 2
47 70 2
27 33 2
11 28 2
37 131 1
17 51 2
27 93 2
34 128 1
42 128 2
18 144 2
38 51 2
68 100 2
88 169 1
30 66 2
77 168 2
52 69 2
30 41 2
94 166 2
23 161 1
28 36 2
2 83 2
10 148 1
25 93 2
68 125 2
53 161 1
17 85 2
55 144 2
96 117 2
97 135 2
50 65 2
21 70 2
4 98 2
86 108 2
75 90 2
62 82 2
20 87 2
12 151 2
3 45 2
96 98 2
82 100 2
6 14 2
7 94 2
27 161 2
47 52 2
24 131 1
80 113 2
55 169 2
14 162 2
63 157 1
17 45 2
18 130 2
41 145 2
49 167 2
2 144 2
92 146 2
41 72 2
10 107 1
98 99 2
63 75 2
19 140 1
23 66 2
36 88 2
30 162 2
86 121 1
49 128 2
33 63 2
58 114 2
5 13 2
5 92 2
64 160 1
14 90 2
2 93 2
20 147 2
86 149 2
27 32 2
66 137 1
39 145 2
31 55 2
37 42 2
93 116 2
62 63 2
29 60 2
4 133 1
27 68 2
32 140 1
49 65 2
48 117 1
4 130 2
8 14 2
52 114 2
83 125 2
98 101 2
87 162 2
75 168 2
54 82 2
10 22 2
95 146 2
29 64 2
47 123 1
59 88 2
0 69 2
57 68 2
35 158 1
34 44 2
93 98 2
68 90 2
59 67 2
59 118 2
51 150 2
61 91 2
49 59 2
84 166 2
71 81 2
68 78 2
97 156 2
61 137 1
25 139 2
20 34 2
54 131 2
93 131 2
43 83 2
45 148 2
0 66 2
58 89 2
35 165 2
11 128 2
41 56 2
100 125 1
37 59 2
29 168 2
19 141 1
70 77 2
11 65 2
24 92 2
11 105 1
19 43 2
98 136 2
4 48 2
29 55 2
26 85 2
22 102 1
6 65 2
64 79 2
7 105 1
20 64 2
26 61 2
53 158 2
6 159 2
57 72 2
60 92 2
9 28 2
4 7 2
50 101 2
36 52 2
43 60 2
58 164 2
68 98 2
7 39 2
10 78 2
1 78 2
41 141 2
18 145 1
36 112 1
40 73 2
5 100 2
45 155 2
28 107 2
70 94 2
63 70 2
76 145 2
35 87 2
46 136 1
2 126 2
23 38 2
12 24 2
21 143 2
29 109 2
25 35 2
39 142 2
31 90 2
37 63 2
14 165 1
68 121 1
6 142 2
14 77 2
87 117 2
63 131 2
92 123 1
75 123 2
34 72 2
49 150 1
25 58 2
36 84 2
17 37 2
59 120 1
83 86 2
89 121 1
50 163 2
60 143 2
62 94 2
29 164 2
99 147 1
83 93 2
70 160 2
0 126 2
21 166 1
52 80 2
5 114 2
18 118 2
89 156 2
58 106 2
92 167 1
35 41 2
14 48 2
39 133 1
4 21 2
85 103 1
40 132 2
50 83 2
48 115 1
4 42 2
16 65 2
36 165 2
21 81 2
18 44 2
4 114 1
37 80 2
43 74 2
70 127 2
19 92 2
6 51 2
39 169 1
64 151 2
84 127 2
83 110 2
48 50 2
47 50 2
6 36 2
47 161 1
3 42 2
38 40 2
45 67 2
27 129 2
70 138 2
53 132 2
14 60 2
65 151 2
59 144 2
88 154 1
46 155 1
45 95 2
37 96 2
53 128 1
90 153 2
30 44 2
80 86 2
41 91 2
53 68 2
68 113 1
5 98 2
24 83 2
92 121 2
26 139 2
49 130 2
17 152 1
41 77 2
7 149 2
44 73 2
32 142 1
69 168 1
33 97 2
12 133 1
42 86 2
43 84 2
0 80 2
47 84 2
45 61 2
97 132 1
55 168 2
100 102 2
39 89 2
14 17 2
7 8 2
57 137 1
100 129 2
85 98 2
63 123 2
26 68 2
34 80 2
10 119 2
8 97 2
77 78 2
16 122 2
21 39 2
78 104 1
53 78 2
71 86 2
58 100 2
65 74 2
2 68 2
58 105 1
8 71 2
51 110 1
84 93 2
41 165 2
14 79 2
16 83 2
32 74 2
14 163 2
4 9 2
5 142 1
11 30 2
45 58 2
71 80 2
24 47 2
74 94 2
43 136 2
88 101 2
32 124 2
7 12 2
16 146 2
36 98 2
85 92 2
38 96 2
28 80 2
18 155 2
14 35 2
39 62 2
9 52 2
36 151 2
85 111 1
56 63 2
78 168 2
44 47 2
5 148 1
96 148 2
35 151 2
72 89 2
47 90 2
14 138 2
52 131 1
66 85 2
8 132 1
15 78 2
74 121 2
21 46 2
51 68 2
53 96 2
46 83 2
8 131 2
71 99 2
74 80 2
18 72 2
80 84 2
16 89 2
61 111 2
25 76 2
18 149 1
71 104 1
57 63 2
32 132 1
1 118 2
72 156 2
12 73 2
95 107 2
1 154 1
19 52 2
50 127 1
28 46 2
74 89 2
68 71 2
79 131 2
41 132 2
65 90 2
65 143 1
79 87 2
7 9 2
16 136 2
15 18 2
54 78 2
13 31 2
22 83 2
25 84 2
49 69 2
70 124 2
73 154 2
26 67 2
12 49 2
10 39 2
45 76 2
78 137 2
31 35 2
2 109 2
97 107 1
53 168 2
62 108 2
62 163 2
11 97 2
36 49 2
91 148 2
41 78 2
42 145 2
100 114 2
72 134 2
97 134 1
14 32 2
41 110 2
25 112 2
48 159 1
63 94 2
18 60 2
28 89 2
84 91 2
10 108 2
82 128 2
88 130 2
52 65 2
12 33 2
95 122 1
28 71 2
79 104 2
16 163 2
57 164 2
34 55 2
23 112 2
88 158 1
14 133 2
16 40 2
37 151 2
94 124 2
26 160 1
62 114 2
18 83 2
53 73 2
26 51 2
28 145 1
48 84 2
32 83 2
74 138 2
9 50 2
18 23 2
70 89 2
1 93 2
68 132 2
35 102 1
7 34 2
51 93 2
6 78 2
27 63 2
82 137 2
31 157 2
90 159 2
97 159 2
81 114 2
79 107 2
92 156 2
16 91 2
40 66 2
54 119 2
3 82 2
33 51 2
0 96 2
18 64 2
8 38 2
78 136 2
32 36 2
74 90 2
53 116 2
10 32 2
8 154 2
10 103 2
54 74 2
14 53 2
43 69 2
48 157 1
10 31 2
53 131 2
34 116 1
51 101 2
20 35 2
38 63 2
35 132 1
21 169 2
73 113 2
20 163 2
32 41 2
51 129 2
42 158 2
39 153 1
57 74 2
93 102 1
67 97 2
57 119 2
97 160 2
51 84 2
68 136 1
37 51 2
12 53 2
36 91 2
64 112 2
33 59 2
64 113 2
48 107 2
74 81 2
6 28 2
46 78 2
67 142 2
7 97 2
28 91 2
18 119 1
69 167 2
33 138 2
34 161 2
47 102 1
30 37 2
24 25 2
6 24 2
7 70 2
33 56 2
49 117 2
16 100 2
62 161 2
60 93 2
23 76 2
72 145 2
72 144 2
59 114 1
38 142 2
1 25 2
32 115 2
61 145 1
9 136 2
96 145 2
51 54 2
26 113 2
83 169 1
9 41 2
75 79 2
33 54 2
63 100 2
56 160 2
41 147 1
19 161 2
44 157 2
61 120 1
38 73 2
19 40 2
34 49 2
10 151 2
0 134 1
18 73 2
37 154 2
6 47 2
2 40 2
8 65 2
58 83 2
83 129 1
61 151 2
62 160 2
44 72 2
76 92 2
74 75 2
77 105 2
32 127 2
24 141 2
39 140 2
55 73 2
8 93 2
9 154 1
58 88 2
11 41 2
73 74 2
78 82 2
54 135 2
55 161 2
53 62 2
14 154 1
20 92 2
36 72 2
86 141 2
21 56 2
70 112 1
34 48 2
26 41 2
30 158 1
8 146 1
26 55 2
10 122 2
26 52 2
18 39 2
16 84 2
0 81 2
21 28 2
67 82 2
68 81 2
41 81 2
89 168 2
6 96 2
14 58 2
91 133 1
41 159 1
90 100 2
4 97 2
50 79 2
72 97 2
62 85 2
10 114 1
45 159 1
101 143 1
42 58 2
39 154 1
16 114 1
43 61 2
49 154 2
67 83 2
38 85 2
16 73 2
14 28 2
40 139 1
24 45 2
72 167 1
11 114 2
3 137 1
51 56 2
11 146 2
22 39 2
41 84 2
92 100 2
19 108 2
2 65 2
30 128 2
56 83 2
29 139 1
33 128 2
18 53 2
100 154 1
70 157 2
46 90 2
0 99 2
11 98 2
43 168 2
16 43 2
34 90 2
1 40 2
67 139 2
27 159 1
14 128 1
75 155 1
30 38 2
96 155 2
24 99 2
15 64 2
19 169 2
45 169 2
24 71 2
90 143 2
48 161 2
21 100 2
21 102 2
33 62 2
42 56 2
89 113 1
0 110 2
78 128 2
92 112 2
64 129 1
99 101 2
96 162 2
26 28 2
60 133 1
31 156 2
15 26 2
32 93 2
4 75 2
0 7 2
17 19 2
18 89 2
84 100 2
62 92 2
29 33 2
29 115 2
2 81 2
37 84 2
37 71 2
61 163 2
11 18 2
51 133 2
20 82 2
88 156 2
28 136 2
99 167 2
29 82 2
49 115 2
88 99 2
79 143 2
6 41 2
83 98 2
7 76 2
79 119 2
36 95 2
1 76 2
31 98 2
18 21 2
87 101 2
98 107 2
57 62 2
43 58 2
37 78 2
15 129 1
2 89 2
97 114 2
92 134 1
81 164 2
22 29 2
14 25 2
76 86 2
65 152 2
1 15 2
8 18 2
83 95 2
71 165 1
2 167 2
7 155 2
58 140 1
8 31 2
98 140 2
54 144 2
26 64 2
32 84 2
39 47 2
13 167 2
56 60 2
43 82 2
92 94 2
43 167 2
61 108 2
3 102 1
6 156 1
14 50 2
4 60 2
49 84 2
33 117 1
61 150 2
28 158 2
25 41 2
69 105 2
89 169 2
68 154 1
4 94 2
8 100 2
64 95 2
87 96 2
28 38 2
74 124 2
46 110 2
79 105 2
15 70 2
92 128 2
30 55 2
2 86 2
44 160 1
79 135 2
60 97 2
36 169 1
31 142 2
51 94 2
35 42 2
6 25 2
53 74 2
78 114 2
66 147 2
95 133 1
12 27 2
78 165 1
55 106 2
76 141 2
12 25 2
56 122 2
67 87 2
57 66 2
58 65 2
27 140 2
38 138 1
40 102 1
96 136 2
56 152 2
95 101 2
5 151 2
39 157 1
21 108 2
24 64 2
71 127 2
9 129 1
3 144 1
47 165 2
69 100 2
19 96 2
63 95 2
78 111 1
5 54 2
54 68 2
80 160 2
6 71 2
92 102 2
42 49 2
13 85 2
62 148 2
10 15 2
38 89 2
66 161 2
6 11 2
53 59 2
49 161 2
30 68 2
58 162 1
34 100 2
45 151 2
10 166 1
41 47 2
62 91 2
66 78 2
15 16 2
24 54 2
100 109 1
44 90 2
27 147 2
54 111 2
12 59 2
10 54 2
4 22 2
38 129 2
44 140 1
99 135 2
34 77 2
17 116 2
60 61 2
86 167 1
40 46 2
89 130 2
29 117 2
2 74 2
93 145 1
84 96 2
14 38 2
84 121 2
23 157 1
53 100 2
85 160 2
90 168 1
65 86 2
25 91 2
75 136 2
43 80 2
29 119 2
46 92 2
22 79 2
65 144 2
2 111 1
66 100 2
22 112 2
1 12 2
12 89 2
27 152 2
100 162 2
0 137 2
55 143 1
53 57 2
43 161 2
36 113 2
19 145 2
95 121 2
82 94 2
17 63 2
65 106 1
50 91 2
18 48 2
25 114 2
70 98 2
37 50 2
96 152 1
60 159 1
64 91 2
9 73 2
56 102 2
28 84 2
33 160 1
86 155 2
10 95 2
61 157 2
10 63 2
40 88 2
5 60 2
50 56 2
11 72 2
25 108 1
95 140 1
84 124 1
27 127 2
76 90 2
89 161 2
13 111 2
25 40 2
9 44 2
101 153 1
69 129 2
5 96 2
4 15 2
99 137 1
88 163 1
31 62 2
17 64 2
42 161 2
55 87 2
38 104 2
42 123 1
19 74 2
12 43 2
36 99 2
48 108 1
3 51 2
31 74 2
96 100 2
73 100 2
13 161 2
41 102 2
93 106 1
2 166 2
54 134 1
4 66 2
30 111 1
21 142 2
49 83 2
6 18 2
84 108 2
77 84 2
26 94 2
46 161 2
16 57 2
6 90 2
9 86 2
83 85 2
29 38 2
31 77 2
26 105 2
6 37 2
9 133 2
5 65 2
47 93 2
8 96 2
97 122 1
43 47 2
51 149 1
34 129 1
79 96 2
0 90 2
42 74 2
49 169 1
26 49 2
99 112 2
86 154 2
55 145 2
87 142 2
13 150 2
39 86 2
45 144 1
6 44 2
72 158 1
52 109 2
9 47 2
63 161 2
36 136 1
83 122 2
47 91 2
75 147 2
26 149 2
86 95 2
36 110 1
28 153 2
73 93 2
75 84 2
60 140 2
31 59 2
16 109 2
75 135 1
78 160 1
24 79 2
28 152 2
7 10 2
48 79 2
51 116 2
69 110 2
70 82 2
52 82 2
70 81 2
27 60 2
12 156 1
30 110 2
5 52 2
66 86 2
32 72 2
81 120 2
32 46 2
54 126 2
73 163 1
4 38 2
6 89 2
30 83 2
10 129 1
5 45 2
7 99 2
97 106 2
62 133 2
4 29 2
79 126 1
8 134 1
79 169 2
48 64 2
79 92 2
82 115 2
0 100 2
28 85 2
68 102 2
57 133 1
98 123 1
35 45 2
14 137 1
9 118 1
19 156 2
6 61 2
22 40 2
85 93 2
64 154 1
1 88 2
64 99 2
89 102 2
20 86 2
29 92 2
4 157 2
4 120 2
80 96 2
85 132 1
51 121 2
49 72 2
81 91 2
67 107 2
0 93 2
48 62 2
8 39 2
29 94 2
44 60 2
56 142 2
98 111 1
31 48 2
66 109 1
18 158 1
66 69 2
17 150 1
59 91 2
50 99 2
72 78 2
1 36 2
19 65 2
8 46 2
49 73 2
16 36 2
85 115 2
97 130 2
23 71 2
45 152 2
29 165 1
87 102 1
22 93 2
5 32 2
54 109 1
33 135 2
35 89 2
16 102 2
17 112 2
96 153 1
11 55 2
47 95 2
68 69 2
4 47 2
27 87 2
7 61 2
8 12 2
45 47 2
95 143 1
75 104 1
4 6 2
21 60 2
59 162 2
18 66 2
64 97 2
72 146 2
98 138 1
15 68 2
45 97 2
52 71 2
34 106 2
65 138 2
91 120 2
37 112 2
89 154 2
68 138 2
42 95 2
13 148 2
17 119 2
72 81 2
87 135 2
57 111 2
81 111 2
89 146 1
6 40 2
54 86 2
56 72 2
38 90 2
2 49 2
98 137 1
8 24 2
5 127 2
86 143 2
0 132 1
60 85 2
72 120 2
14 110 1
76 144 2
12 101 2
89 126 2
18 81 2
19 67 2
33 47 2
6 151 2
50 119 2
28 65 2
40 48 2
55 76 2
78 98 2
21 54 2
23 81 2
3 66 2
21 27 2
97 110 2
83 105 2
97 117 2
99 163 2
0 8 2
52 147 2
38 166 2
51 100 2
16 41 2
1 74 2
64 148 1
72 79 2
48 99 2
56 97 2
46 165 2
52 79 2
52 115 1
38 68 2
66 105 2
39 70 2
100 136 2
38 127 1
0 28 2
2 22 2
13 98 2
94 146 1
53 71 2
47 57 2
20 21 2
52 53 2
39 57 2
65 70 2
34 148 2
28 52 2
42 119 2
39 61 2
28 56 2
17 88 2
94 141 2
16 162 2
36 139 2
6 67 2
48 147 2
5 133 1
7 33 2
98 100 2
10 131 2
16 80 2
17 82 2
10 117 2
10 94 2
12 50 2
38 109 1
54 147 2
3 43 2
20 30 2
20 47 2
59 81 2
5 31 2
37 136 1
75 77 2
8 82 2
53 64 2
53 129 2
44 148 2
32 122 2
61 156 2
57 61 2
32 103 2
12 86 2
33 101 2
41 61 2
66 88 2
20 23 2
59 74 2
61 160 1
59 73 2
59 93 2
36 119 2
30 103 2
26 112 1
12 55 2
81 129 1
7 96 2
9 24 2
24 36 2
4 161 2
60 144 2
73 161 1
19 139 1
63 153 2
31 123 2
56 104 1
14 116 2
6 56 2
80 139 2
30 131 1
2 148 2
45 77 2
18 165 2
100 121 2
23 121 2
19 60 2
27 101 2
91 147 2
24 169 2
22 89 2
62 140 1
74 79 2
58 160 1
34 138 1
89 133 2
73 76 2
37 39 2
11 68 2
36 66 2
72 130 2
3 56 2
11 158 2
64 83 2
0 141 2
87 89 2
12 96 2
25 73 2
21 32 2
69 119 2
94 96 2
15 31 2
91 150 2
27 34 2
34 54 2
5 93 2
62 73 2
82 87 2
39 81 2
45 98 2
2 130 1
88 109 2
62 143 1
41 59 2
35 131 2
91 102 1
78 127 2
95 161 1
23 89 2
50 133 2
35 52 2
24 46 2
2 141 2
19 155 1
63 65 2
55 148 2
36 164 1
96 108 2
31 113 1
80 121 2
34 144 2
59 125 2
57 109 2
16 168 1
43 68 2
71 100 2
25 120 1
81 127 1
46 151 2
77 100 2
76 85 2
12 64 2
26 144 2
87 100 2
92 124 2
54 116 2
21 84 2
33 103 2
39 121 2
57 108 2
44 122 2
0 131 2
3 34 2
31 64 2
66 154 1
75 153 2
21 69 2
94 150 1
14 148 1
13 107 2
75 127 1
62 126 1
6 115 2
22 47 2
73 164 2
33 70 2
51 132 1
42 46 2
27 162 2
39 109 1
33 35 2
38 61 2
5 97 2
27 35 2
39 122 1
0 14 2
45 88 2
74 163 1
78 103 1
49 158 2
32 58 2
72 138 1
32 100 2
42 57 2
45 82 2
87 125 1
40 130 2
87 93 2
29 63 2
22 126 2
7 85 2
75 161 2
33 108 2
64 96 2
8 22 2
64 104 2
35 82 2
84 140 2
17 41 2
2 80 2
68 147 2
76 125 2
93 167 1
13 122 2
63 122 2
20 37 2
56 120 1
13 93 2
39 78 2
29 74 2
56 167 2
9 164 1
56 163 1
37 86 2
7 87 2
15 139 1
88 111 2
87 155 1
63 101 2
34 91 2
40 113 2
45 63 2
88 145 1
60 65 2
8 165 1
33 39 2
9 128 1
51 79 2
0 114 2
59 123 1
29 44 2
22 101 2
37 132 2
31 111 2
30 90 2
93 139 2
12 126 2
57 81 2
38 135 1
46 157 1
36 60 2
22 32 2
3 5 2
2 35 2
18 164 2
68 107 2
60 98 2
77 103 2
92 110 1
29 80 2
16 58 2
46 95 2
72 90 2
47 128 1
82 142 2
52 70 2
4 65 2
1 51 2
80 103 2
41 164 2
56 115 2
22 67 2
25 57 2
13 65 2
54 77 2
22 127 1
70 105 2
4 165 1
61 83 2
1 53 2
34 157 1
3 71 2
86 131 2
83 96 2
3 69 2
5 149 2
36 85 2
66 140 1
15 17 2
59 63 2
65 148 1
53 102 2
10 11 2
89 155 1
13 43 2
23 24 2
34 127 1
47 49 2
7 140 2
54 73 2
84 167 1
50 77 2
17 156 2
51 141 2
36 78 2
20 45 2
7 60 2
33 50 2
43 54 2
44 113 2
35 65 2
72 131 2
79 94 2
85 86 2
32 92 2
73 85 2
0 73 2
19 34 2
25 113 2
7 17 2
40 99 2
64 159 2
43 49 2
28 32 2
22 53 2
95 148 2
15 45 2
60 101 2
97 165 1
69 84 2
76 161 2
35 47 2
27 82 2
58 92 2
34 74 2
31 67 2
17 155 1
34 159 2
45 86 2
32 82 2
29 45 2
35 79 2
2 125 1
59 116 1
15 23 2
54 66 2
14 44 2
50 125 1
13 89 2
65 164 2
33 99 2
54 165 2
9 63 2
71 88 2
88 118 2
81 156 1
16 23 2
56 105 2
3 32 2
12 37 2
99 130 2
39 63 2
95 162 1
86 161 1
24 28 2
63 97 2
25 39 2
19 39 2
48 154 2
86 148 2
45 132 2
52 99 2
4 84 2
46 99 2
52 106 1
85 128 1
87 163 1
54 159 2
9 100 2
17 29 2
90 163 1
55 67 2
13 46 2
24 127 2
22 58 2
16 33 2
52 105 1
99 146 1
15 167 2
4 89 2
61 153 2
12 95 2
29 95 2
5 168 2
6 57 2
99 158 2
8 111 2
25 85 2
88 136 2
0 19 2
3 65 2
37 61 2
7 92 2
26 87 2
11 19 2
25 62 2
17 115 2
40 41 2
40 154 2
40 92 2
82 164 2
33 45 2
65 67 2
13 132 2
93 94 2
30 140 1
50 90 2
31 128 2
13 92 2
29 30 2
99 136 2
31 97 2
83 150 2
29 100 2
69 99 2
85 87 2
97 145 2
24 31 2
98 160 2
0 3 2
16 92 2
21 79 2
13 49 2
56 61 2
20 96 2
64 100 2
4 61 2
67 140 2
11 121 2
13 67 2
40 148 2
78 149 2
17 55 2
35 122 1
84 118 2
14 89 2
62 167 2
55 126 2
71 90 2
2 122 2
88 89 2
65 66 2
90 110 2
3 20 2
83 130 2
81 86 2
17 101 2
12 154 1
74 76 2
35 85 2
98 150 2
13 40 2
20 134 1
8 36 2
44 75 2
17 35 2
23 30 2
74 129 2
76 167 2
55 134 1
36 48 2
32 80 2
3 99 2
24 66 2
18 51 2
28 81 2
62 142 2
41 53 2
96 101 2
83 124 2
55 103 1
50 58 2
0 161 2
56 65 2
60 87 2
23 72 2
56 68 2
16 165 1
15 34 2
44 69 2
14 103 2
0 128 1
46 65 2
40 166 2
91 92 2
12 145 2
41 42 2
65 75 2
24 60 2
32 119 1
26 115 1
68 92 2
37 94 2
98 146 1
5 74 2
89 160 2
57 127 2
57 71 2
26 140 1
48 135 2
15 122 1
76 166 2
69 111 2
2 28 2
2 64 2
57 60 2
2 157 1
46 100 2
0 16 2
68 126 1
25 154 2
20 89 2
3 53 2
99 120 2
68 87 2
65 79 2
40 52 2
0 55 2
25 77 2
92 147 1
25 37 2
100 113 2
87 99 2
8 42 2
34 53 2
77 79 2
82 131 1
37 88 2
66 68 2
47 149 1
34 97 2
47 75 2
52 101 2
36 86 2
21 119 2
1 56 2
17 75 2
59 98 2
77 107 2
57 124 2
50 63 2
93 109 1
1 18 2
78 81 2
0 10 2
21 89 2
12 142 2
39 88 2
83 120 2
27 37 2
48 127 2
49 90 2
51 57 2
11 134 2
27 54 2
11 166 2
81 94 2
36 97 2
54 59 2
45 65 2
43 98 2
48 91 2
7 62 2
21 149 2
82 89 2
75 157 2
58 93 2
63 102 1
27 36 2
47 56 2
56 117 2
87 132 2
39 59 2
28 69 2
66 82 2
50 106 2
31 115 2
63 68 2
5 9 2
7 114 2
4 169 2
23 82 2
76 135 1
67 114 1
51 136 1
57 145 2
61 147 2
22 25 2
43 164 2
54 104 2
70 147 2
17 122 1
5 50 2
28 159 1
14 37 2
3 63 2
79 120 1
62 134 2
101 129 1
90 108 1
26 45 2
32 154 2
46 142 2
30 100 2
41 148 1
89 150 1
25 75 2
93 105 2
9 51 2
40 72 2
14 54 2
72 141 2
54 91 2
14 74 2
26 83 2
16 87 2
35 51 2
29 85 2
61 71 2
98 116 1
48 140 1
90 164 2
50 150 2
11 88 2
79 114 1
83 153 2
56 153 2
91 169 2
5 28 2
54 152 1
57 82 2
38 55 2
13 95 2
37 157 2
66 108 2
38 46 2
55 60 2
11 133 2
28 76 2
3 147 2
38 72 2
21 41 2
95 156 1
8 125 1
33 82 2
23 79 2
37 101 2
77 99 2
51 95 2
38 102 2
32 141 2
10 140 2
98 169 2
74 86 2
86 139 1
9 94 2
6 125 2
92 103 1
82 112 1
48 134 2
1 22 2
17 80 2
57 148 2
27 75 2
90 148 2
4 50 2
66 139 1
12 88 2
2 96 2
94 102 1
87 115 1
56 73 2
54 83 2
17 74 2
61 62 2
12 167 2
50 81 2
82 132 2
16 47 2
30 76 2
37 121 1
18 32 2
34 87 2
5 111 2
41 92 2
33 74 2
33 126 1
77 162 2
62 155 2
5 144 2
53 88 2
16 45 2
72 159 2
26 132 2
17 114 2
8 167 2
60 112 1
36 61 2
0 33 2
63 160 1
41 80 2
55 164 1
32 49 2
21 161 2
51 89 2
26 90 2
57 67 2
68 106 2
5 110 2
51 109 1
6 42 2
22 43 2
80 144 1
22 128 1
23 69 2
47 72 2
1 127 2
14 45 2
77 88 2
44 84 2
12 119 2
7 32 2
48 58 2
101 107 2
23 33 2
35 128 2
12 75 2
6 114 2
87 109 1
9 18 2
56 116 2
57 102 2
9 89 2
15 115 2
16 22 2
38 67 2
47 69 2
15 127 1
4 77 2
7 126 2
90 156 2
18 62 2
93 148 2
60 147 2
1 20 2
62 72 2
76 84 2
20 124 1
24 116 2
31 65 2
64 88 2
6 43 2
35 118 2
63 110 1
38 43 2
81 124 1
60 167 1
5 109 1
57 160 1
30 70 2
21 29 2
69 77 2
1 10 2
18 134 1
29 36 2
2 153 2
52 66 2
51 161 1
60 142 2
44 98 2
3 119 1
63 89 2
8 122 1
42 149 2
39 96 2
43 104 1
2 94 2
78 110 1
31 87 2
17 67 2
41 49 2
62 80 2
5 71 2
2 6 2
48 100 2
43 75 2
52 165 2
75 85 2
25 64 2
4 115 2
86 126 2
7 44 2
45 87 2
9 71 2
6 32 2
11 40 2
60 102 1
4 40 2
30 73 2
81 117 2
13 80 2
74 100 2
21 48 2
9 67 2
25 69 2
1 7 2
28 113 2
41 114 2
78 105 2
58 148 2
44 110 2
58 141 1
65 157 2
2 124 2
8 52 2
49 108 2
79 154 2
21 99 2
7 144 1
14 132 1
4 126 2
40 77 2
60 138 1
6 22 2
70 86 2
11 48 2
85 152 2
86 162 2
59 76 2
24 52 2
7 47 2
26 63 2
48 54 2
53 55 2
23 27 2
101 159 2
10 92 2
3 35 2
59 133 2
19 22 2
72 168 2
48 87 2
77 131 1
95 99 2
33 37 2
92 148 2
40 106 1
2 12 2
1 139 1
38 77 2
94 143 2
75 166 2
65 80 2
32 95 2
81 93 2
90 135 1
12 17 2
101 134 2
38 162 2
57 104 2
21 110 1
31 36 2
62 87 2
12 76 2
32 43 2
73 101 2
38 149 2
13 38 2
34 114 2
7 161 2
15 104 2
5 150 2
1 108 2
76 131 1
43 126 1
4 36 2
77 137 2
35 114 2
15 53 2
61 144 2
44 134 2
46 94 2
32 40 2
7 141 2
41 163 1
46 55 2
1 11 2
67 112 1
50 52 2
66 156 2
49 86 2
62 145 2
78 162 2
84 87 2
25 71 2
47 109 1
84 110 1
20 122 2
26 101 2
29 158 2
34 169 2
101 162 2
6 108 1
77 97 2
75 137 1
61 154 2
2 131 2
13 19 2
32 94 2
4 125 1
8 62 2
16 74 2
47 106 2
12 105 2
31 138 2
53 90 2
49 121 2
65 72 2
17 21 2
28 51 2
47 79 2
93 117 2
31 122 2
12 141 2
67 145 2
73 88 2
91 107 1
48 130 2
70 162 2
67 77 2
59 94 2
7 19 2
73 111 1
1 57 2
86 166 2
72 88 2
74 102 2
40 79 2
93 144 2
44 127 2
70 163 2
85 99 2
48 73 2
24 122 1
26 39 2
71 155 2
25 132 1
5 24 2
7 50 2
15 76 2
25 61 2
61 132 2
62 90 2
26 126 2
9 15 2
47 126 2
30 113 2
42 47 2
62 149 2
38 163 2
42 52 2
24 62 2
85 161 1
56 58 2
67 98 2
0 130 2
41 86 2
60 82 2
0 87 2
3 33 2
4 139 2
90 98 2
97 111 1
18 94 2
0 153 2
9 57 2
44 117 2
46 56 2
70 99 2
6 92 2
7 69 2
71 123 2
11 37 2
1 96 2
37 110 2
0 63 2
94 168 2
93 127 1
25 81 2
53 77 2
37 79 2
23 133 1
82 121 2
9 137 1
94 167 1
30 40 2
19 116 1
77 89 2
73 120 2
97 115 2
52 107 2
37 128 2
28 78 2
88 115 2
3 44 2
56 78 2
0 120 1
67 88 2
10 157 2
92 142 1
78 120 2
48 155 2
6 101 2
18 107 2
27 153 1
5 121 1
0 34 2
7 68 2
6 64 2
4 102 2
86 99 2
55 163 2
62 78 2
60 114 2
57 88 2
33 122 1
18 93 2
1 4 2
34 134 2
44 139 2
54 60 2
9 152 1
50 138 2
56 70 2
96 163 1
24 33 2
38 153 2
80 105 2
23 105 2
15 36 2
52 154 2
13 153 1
51 162 2
17 18 2
38 56 2
58 168 1
26 42 2
99 124 2
65 96 2
18 30 2
30 124 2
39 55 2
17 125 1
90 94 2
0 142 2
88 91 2
12 124 1
40 63 2
45 70 2
1 50 2
86 96 2
38 86 2
21 53 2
80 107 2
41 126 1
24 76 2
56 158 2
42 106 2
41 108 2
61 77 2
8 43 2
43 59 2
24 26 2
37 105 2
12 92 2
22 85 2
32 169 1
67 160 1
67 132 2
26 122 1
5 119 2
41 57 2
22 114 2
4 71 2
13 32 2
22 38 2
11 163 2
17 38 2
40 157 2
55 115 2
51 118 1
34 81 2
11 89 2
7 158 2
40 169 2
61 64 2
34 70 2
0 60 2
19 33 2
82 111 2
29 79 2
49 95 2
88 165 2
29 81 2
18 34 2
60 89 2
61 143 2
83 160 1
32 128 2
12 98 2
86 105 2
27 128 2
91 139 2
43 88 2
10 51 2
2 118 2
26 129 2
27 28 2
16 62 2
80 168 2
84 153 2
32 158 2
25 54 2
49 100 2
93 158 2
59 147 2
58 111 1
2 104 2
27 41 2
3 39 2
34 108 2
36 155 1
6 59 2
21 57 2
44 156 2
19 64 2
95 112 2
11 73 2
26 167 2
36 133 1
15 140 1
30 45 2
43 78 2
4 11 2
32 78 2
46 109 2
18 96 2
15 24 2
47 48 2
6 48 2
27 149 2
4 151 1
39 144 1
28 116 2
20 84 2
52 97 2
55 137 2
1 142 1
2 76 2
39 65 2
57 76 2
17 34 2
6 15 2
60 68 2
59 151 2
81 162 2
27 94 2
54 130 2
10 35 2
33 65 2
53 124 1
7 95 2
71 91 2
8 20 2
89 140 1
18 138 1
71 160 2
56 85 2
48 51 2
38 62 2
33 150 2
44 88 2
47 112 2
19 59 2
63 84 2
48 53 2
18 31 2
15 146 1
1 152 1
89 135 1
81 88 2
42 93 2
2 52 2
49 140 2
0 5 2
48 106 1
27 109 2
2 27 2
49 147 2
59 115 1
29 148 2
42 157 2
24 110 2
15 166 2
13 154 2
86 104 1
49 63 2
42 50 2
30 64 2
0 74 2
72 84 2
63 72 2
27 71 2
28 82 2
100 126 2
79 157 2
39 94 2
43 79 2
25 49 2
59 161 2
86 140 2
58 117 2
97 108 2
73 156 1
19 58 2
8 117 2
29 101 2
37 90 2
54 93 2
77 115 2
11 13 2
53 153 2
8 124 1
48 52 2
54 118 1
37 152 2
52 62 2
8 35 2
58 84 2
75 122 2
45 85 2
80 120 1
52 160 2
0 15 2
10 155 1
31 53 2
6 161 1
49 56 2
17 61 2
19 101 2
12 143 2
32 44 2
48 150 2
77 108 2
39 71 2
71 78 2
40 141 2
24 56 2
22 27 2
46 153 2
54 81 2
89 151 2
32 99 2
48 78 2
30 89 2
3 75 2
83 161 2
29 40 2
39 43 2
86 130 2
9 69 2
38 39 2
48 97 2
58 107 2
28 66 2
20 51 2
65 149 2
77 153 1
32 96 2
38 132 2
27 133 2
1 90 2
11 103 2
77 90 2
5 131 2
38 99 2
30 107 1
79 115 2
33 130 2
55 84 2
69 122 1
77 123 1
41 66 2
48 86 2
6 8 2
33 118 2
53 137 2
85 122 2
79 111 2
57 101 2
22 61 2
67 164 2
50 114 1
13 146 2
36 63 2
90 120 1
31 40 2
20 104 1
0 159 2
6 107 2
44 101 2
14 66 2
2 114 2
7 79 2
2 37 2
67 92 2
63 156 2
52 98 2
7 41 2
35 148 1
9 106 2
81 85 2
3 54 2
13 42 2
33 168 2
75 167 2
9 75 2
86 98 2
34 62 2
44 91 2
69 80 2
41 101 2
47 154 2
53 97 2
38 80 2
68 166 2
33 139 2
96 168 1
3 126 2
64 80 2
23 55 2
49 104 2
9 153 2
51 166 2
97 105 2
26 134 2
60 135 1
29 120 2
19 45 2
63 85 2
78 119 2
36 68 2
26 161 2
38 126 2
48 67 2
75 134 2
51 127 2
10 161 2
87 105 2
22 60 2
49 103 1
46 140 2
23 158 2
7 165 2
73 84 2
77 85 2
18 104 1
60 71 2
18 61 2
54 95 2
6 119 2
9 142 1
43 77 2
22 117 1
88 160 2
26 50 2
66 91 2
18 157 1
25 158 2
100 148 1
50 92 2
29 87 2
12 93 2
85 104 2
36 69 2
69 126 1
35 71 2
43 56 2
57 167 2
15 72 2
55 89 2
65 137 2
67 168 2
46 148 1
12 80 2
92 95 2
85 153 2
24 43 2
10 84 2
38 48 2
26 98 2
23 90 2
8 68 2
47 146 1
13 169 2
40 93 2
16 31 2
61 130 2
38 57 2
69 148 2
50 153 2
69 90 2
1 5 2
42 64 2
13 133 2
54 55 2
5 167 2
72 161 2
4 103 2
24 69 2
80 115 2
71 168 1
15 33 2
0 9 2
13 69 2
7 35 2
13 157 2
76 164 2
9 91 2
17 162 2
20 81 2
100 158 1
36 38 2
30 39 2
40 65 2
37 99 2
8 86 2
23 117 2
63 147 2
97 163 2
79 144 2
31 150 2
97 116 2
63 92 2
76 118 2
90 144 2
16 121 2
14 141 1
38 115 2
55 98 2
33 154 1
64 131 2
80 118 2
37 53 2
64 98 2
24 108 2
0 12 2
78 91 2
2 57 2
59 78 2
53 92 2
64 108 2
77 155 2
77 101 2
83 101 2
67 134 2
5 20 2
62 99 2
44 99 2
49 81 2
42 43 2
48 65 2
14 119 2
49 105 1
94 164 1
18 78 2
16 101 2
38 128 1
11 52 2
9 169 2
16 79 2
49 116 2
53 103 1
71 82 2
35 48 2
59 92 2
66 148 2
30 92 2
16 124 2
3 28 2
41 137 2
62 127 1
50 169 2
43 166 2
59 117 2
9 144 1
87 137 1
64 137 1
18 58 2
28 93 2
45 127 1
55 102 2
73 151 1
40 156 2
95 97 2
38 165 2
35 39 2
28 92 2
1 113 2
23 50 2
21 164 2
63 103 2
96 123 1
28 142 2
30 86 2
20 25 2
65 168 1
47 96 2
58 125 1
62 106 2
80 81 2
11 87 2
13 41 2
24 88 2
70 90 2
50 160 1
68 104 1
36 93 2
11 144 1
94 131 1
0 162 2
52 129 1
60 152 2
11 64 2
5 81 2
100 101 2
34 162 1
38 88 2
52 77 2
30 61 2
5 154 1
75 132 2
93 147 2
2 31 2
45 110 2
48 152 1
61 80 2
35 150 1
3 118 2
71 146 1
15 99 2
81 147 2
40 137 2
63 105 2
52 141 2
56 84 2
18 55 2
84 136 2
48 85 2
47 137 1
65 92 2
73 91 2
33 94 2
17 86 2
69 83 2
33 167 1
76 93 2
78 132 2
12 164 2
33 125 2
16 37 2
68 79 2
85 166 2
34 151 2
22 138 2
35 43 2
95 154 1
50 164 1
46 108 2
42 101 2
83 144 2
2 30 2
23 58 2
65 85 2
40 85 2
59 154 2
80 143 2
13 63 2
44 119 2
76 97 2
12 22 2
17 90 2
62 125 1
87 131 2
68 117 2
67 137 1
32 86 2
77 167 1
3 114 2
78 96 2
12 137 1
37 38 2
13 75 2
55 146 2
41 74 2
13 33 2
4 82 2
11 51 2
49 91 2
32 121 1
81 166 2
28 43 2
97 126 2
62 151 2
5 8 2
66 115 2
53 147 2
60 105 2
78 80 2
69 102 2
43 93 2
41 51 2
53 127 2
76 146 1
30 98 2
69 134 2
52 85 2
38 87 2
37 56 2
70 123 2
37 163 2
44 58 2
56 135 2
100 107 1
2 51 2
68 89 2
50 142 1
20 83 2
61 89 2
1 83 2
41 115 2
84 98 2
31 42 2
11 118 1
23 120 1
48 56 2
15 100 2
85 167 2
56 129 2
9 53 2
3 143 1
14 143 1
23 53 2
32 101 2
33 102 2
85 124 2
43 57 2
27 45 2
12 99 2
69 160 2
70 92 2
94 100 2
89 97 2
25 72 2
32 50 2
28 83 2
99 145 2
11 59 2
43 76 2
7 36 2
56 157 2
9 110 2
26 46 2
8 37 2
100 169 2
34 166 1
24 65 2
35 152 2
21 157 2
41 75 2
26 53 2
34 137 2
27 113 1
46 141 2
23 31 2
5 26 2
61 72 2
19 112 1
46 66 2
41 144 2
30 129 1
64 73 2
15 44 2
55 142 1
64 111 2
11 45 2
28 132 2
93 111 2
44 135 2
83 100 2
36 75 2
63 130 2
3 164 2
16 18 2
46 75 2
83 88 2
15 151 1
42 53 2
12 116 1
96 116 2
96 156 2
8 28 2
34 136 1
24 51 2
93 160 2
9 23 2
50 166 2
36 116 2
83 149 1
42 112 2
7 21 2
92 138 1
25 88 2
15 97 2
0 53 2
45 79 2
18 20 2
60 150 2
29 51 2
38 76 2
27 100 2
40 74 2
60 106 2
14 93 2
19 80 2
25 131 2
86 102 1
35 55 2
15 138 2
50 152 2
12 41 2
19 24 2
1 94 2
34 93 2
38 52 2
13 18 2
1 30 2
21 155 2
78 121 2
35 141 2
9 135 1
77 112 2
5 57 2
56 103 2
42 91 2
73 95 2
15 81 2
31 114 2
32 55 2
57 87 2
45 134 2
30 104 2
33 147 1
2 113 2
23 26 2
32 79 2
51 114 2
16 99 2
88 106 2
35 143 1
58 59 2
2 26 2
17 65 2
18 46 2
93 119 2
62 101 2
77 169 2
88 100 2
74 162 2
49 112 2
24 104 2
41 100 2
21 86 2
0 148 2
57 168 1
34 42 2
21 124 1
42 83 2
50 59 2
52 130 2
40 56 2
58 165 1
64 72 2
57 59 2
4 37 2
30 95 2
43 86 2
0 61 2
29 34 2
11 16 2
50 107 2
4 93 2
89 93 2
21 163 2
72 132 1
6 62 2
22 84 2
33 89 2
26 119 1
53 160 1
4 96 2
2 67 2
39 130 2
54 140 2
47 80 2
83 106 2
26 145 2
78 122 2
60 77 2
27 157 2
50 120 2
28 124 2
80 91 2
16 39 2
68 73 2
68 95 2
58 80 2
8 69 2
83 115 2
19 29 2
19 120 2
24 152 1
81 118 1
87 95 2
24 78 2
63 120 2
3 30 2
10 168 2
16 64 2
19 105 2
69 88 2
66 135 2
82 149 2
42 69 2
91 126 1
39 90 2
42 55 2
75 101 2
33 68 2
35 75 2
40 71 2
76 106 2
4 91 2
14 161 2
33 91 2
7 11 2
77 142 2
93 164 1
4 19 2
64 71 2
18 95 2
4 113 2
48 81 2
99 100 2
0 57 2
24 96 2
20 167 2
53 70 2
4 18 2
82 157 2
30 137 1
49 53 2
61 86 2
80 93 2
80 99 2
57 115 1
8 94 2
82 91 2
4 79 2
2 158 1
74 125 2
58 130 2
82 160 2
28 95 2
10 21 2
29 42 2
3 47 2
18 88 2
16 54 2
55 77 2
6 79 2
63 150 1
89 120 1
61 68 2
92 162 2
92 106 2
51 60 2
5 124 1
55 130 1
79 152 2
63 116 2
15 117 2
80 123 2
26 142 2
53 99 2
2 62 2
50 64 2
10 29 2
6 100 2
5 91 2
67 99 2
58 135 2
90 113 2
44 107 1
42 92 2
72 118 2
59 111 2
15 41 2
38 45 2
6 12 2
1 67 2
53 84 2
12 48 2
58 108 2
55 132 2
4 72 2
27 145 2
35 69 2
46 121 2
58 138 2
24 101 2
75 98 2
21 122 1
42 87 2
28 101 2
35 101 2
12 62 2
54 139 2
6 81 2
34 58 2
7 58 2
72 104 2
13 152 2
57 156 2
16 107 1
6 104 1
75 120 2
32 110 2
13 139 2
69 109 1
0 72 2
16 61 2
25 101 2
13 134 2
73 114 1
60 157 2
28 55 2
39 110 2
34 113 1
89 142 2
81 90 2
24 63 2
21 156 2
80 89 2
60 146 2
34 67 2
91 104 1
37 95 2
24 114 1
2 77 2
67 72 2
69 120 2
8 141 1
35 40 2
5 82 2
25 59 2
67 147 2
3 64 2
88 121 2
7 28 2
53 76 2
29 156 1
19 107 2
87 158 2
2 36 2
1 23 2
13 90 2
98 156 2
18 49 2
18 150 2
31 61 2
36 54 2
56 59 2
10 144 1
8 87 2
54 133 2
43 145 2
85 159 2
72 83 2
12 65 2
87 103 1
101 105 2
16 67 2
85 110 1
75 91 2
63 90 2
56 164 2
34 96 2
3 113 2
29 155 2
74 93 2
57 154 1
10 56 2
43 134 2
32 66 2
14 55 2
43 100 2
57 159 2
55 79 2
78 166 1
62 66 2
25 79 2
47 138 1
9 108 2
38 75 2
13 100 2
95 136 2
90 117 2
62 68 2
99 154 1
74 143 2
74 117 1
65 114 2
11 26 2
43 148 2
4 144 2
21 160 2
30 65 2
3 36 2
59 90 2
55 75 2
65 100 2
20 65 2
56 81 2
63 145 2
84 148 2
100 106 2
11 75 2
73 80 2
41 82 2
83 156 2
29 57 2
13 23 2
32 42 2
11 34 2
39 160 2
13 131 2
29 106 1
83 109 2
24 97 2
58 102 2
52 63 2
2 73 2
38 58 2
23 148 2
11 53 2
22 24 2
14 16 2
15 108 1
21 33 2
83 168 2
49 127 2
95 166 2
54 120 1
28 138 1
22 69 2
45 167 2
65 142 1
74 128 1
56 146 2
47 162 2
82 130 2
26 128 2
72 133 2
1 66 2
72 108 2
40 155 1
20 53 2
37 97 2
32 160 1
37 54 2
20 125 2
48 60 2
28 127 2
31 124 2
6 155 2
80 92 2
59 69 2
43 159 2
22 73 2
21 93 2
60 63 2
85 141 1
5 46 2
6 53 2
71 93 2
36 50 2
21 22 2
37 64 2
77 163 2
66 74 2
75 81 2
30 62 2
66 121 1
96 167 1
82 86 2
74 146 2
40 84 2
47 54 2
11 82 2
35 95 2
54 105 2
100 139 2
60 168 2
46 119 1
55 118 2
97 153 2
9 126 2
21 104 2
43 154 2
35 99 2
0 83 2
14 20 2
22 76 2
23 41 2
53 94 2
44 77 2
47 153 1
80 87 2
11 127 2
31 47 2
22 26 2
42 70 2
73 98 2
68 103 2
4 74 2
8 80 2
21 25 2
15 28 2
91 101 2
8 19 2
35 111 2
21 59 2
58 101 2
73 157 2
10 33 2
4 80 2
41 90 2
40 89 2
24 82 2
45 71 2
62 144 2
6 76 2
10 30 2
55 127 2
19 130 1
64 70 2
24 115 1
17 78 2
36 135 1
19 77 2
39 101 2
82 129 1
16 55 2
13 61 2
96 106 1
13 135 2
13 51 2
47 60 2
43 85 2
74 152 1
8 99 2
12 35 2
0 11 2
30 59 2
5 169 2
59 159 2
45 46 2
75 100 2
20 41 2
13 45 2
19 88 2
73 90 2
2 24 2
28 57 2
24 27 2
81 168 1
2 106 1
88 135 2
73 150 2
17 163 1
79 91 2
19 72 2
99 134 1
96 115 2
71 120 1
13 145 1
6 144 2
4 137 2
11 157 1
11 86 2
63 154 2
6 54 2
58 85 2
44 166 1
24 37 2
37 144 2
24 140 1
96 158 1
90 105 1
51 126 2
39 120 1
16 86 2
8 98 2
97 103 1
67 101 2
40 78 2
20 60 2
81 97 2
5 84 2
25 151 1
3 25 2
98 153 2
20 97 2
100 155 1
85 101 2
65 104 1
14 24 2
4 67 2
22 90 2
37 46 2
76 134 1
23 86 2
87 153 2
6 39 2
69 131 2
16 20 2
17 26 2
91 165 2
81 142 1
74 132 1
51 81 2
55 112 1
1 136 1
3 156 1
52 133 2
79 164 2
64 117 2
62 118 2
4 32 2
20 75 2
70 83 2
55 63 2
5 21 2
31 101 2
1 135 2
18 161 2
30 156 2
25 99 2
24 163 1
17 70 2
18 63 2
59 83 2
40 61 2
24 87 2
36 42 2
35 98 2
60 162 2
3 77 2
22 80 2
56 64 2
85 95 2
2 107 1
83 132 2
17 137 1
29 77 2
46 86 2
48 131 1
83 84 2
93 150 2
53 95 2
63 136 2
79 84 2
35 140 2
56 69 2
46 169 2
14 34 2
83 143 2
75 129 2
12 74 2
47 67 2
90 140 2
10 76 2
18 129 2
2 146 2
45 78 2
51 104 1
81 148 2
64 102 2
48 70 2
17 36 2
28 102 2
4 145 2
0 52 2
45 139 2
45 106 2
18 47 2
13 14 2
59 70 2
27 96 2
67 154 2
76 98 2
5 76 2
89 128 2
43 122 2
36 55 2
90 112 1
57 80 2
40 121 2
32 85 2
93 134 1
15 51 2
46 70 2
23 92 2
38 168 2
51 59 2
55 158 2
24 102 1
7 98 2
10 58 2
3 24 2
51 64 2
9 90 2
36 73 2
30 94 2
14 140 2
90 139 1
101 149 1
71 142 1
94 104 2
44 78 2
87 94 2
33 141 1
51 143 2
31 84 2
23 135 2
7 108 2
51 152 1
86 103 1
69 115 2
11 15 2
3 8 2
67 74 2
34 89 2
48 119 2
41 88 2
97 148 2
23 88 2
31 63 2
67 100 2
39 42 2
7 78 2
30 91 2
32 63 2
28 96 2
19 165 1
51 69 2
32 37 2
13 84 2
28 99 2
30 143 2
50 84 2
58 156 2
18 69 2
77 82 2
69 75 2
23 59 2
92 113 1
61 113 2
33 88 2
38 131 1
60 81 2
5 163 2
2 41 2
9 22 2
79 93 2
21 154 2
57 132 2
36 162 2
47 117 1
47 122 1
100 124 1
9 49 2
62 112 2
2 14 2
84 101 2
20 38 2
52 89 2
25 169 2
1 41 2
11 150 2
33 43 2
16 50 2
49 134 2
7 30 2
88 167 1
15 98 2
15 150 2
38 139 2
82 114 2
67 158 2
19 28 2
31 166 2
37 138 2
61 76 2
37 114 2
8 25 2
68 168 2
0 42 2
3 29 2
53 135 2
14 27 2
92 135 1
10 85 2
9 68 2
10 50 2
97 136 2
9 45 2
9 124 2
81 100 2
47 140 2
52 60 2
91 121 2
50 149 1
59 80 2
86 169 1
3 76 2
1 138 1
22 71 2
55 81 2
15 85 2
14 67 2
1 45 2
79 165 1
37 52 2
68 97 2
40 98 2
27 90 2
20 91 2
6 128 2
37 40 2
45 122 2
57 90 2
8 49 2
9 61 2
34 38 2
6 38 2
27 39 2
28 94 2
7 83 2
53 75 2
16 30 2
89 112 1
32 168 2
47 159 1
56 139 1
3 16 2
48 160 2
18 85 2
28 135 1
44 165 2
62 96 2
48 83 2
58 76 2
45 84 2
16 147 2
79 81 2
56 66 2
11 85 2
29 56 2
57 165 2
41 142 2
60 62 2
28 111 1
62 164 2
0 121 1
90 137 2
1 29 2
8 45 2
67 81 2
79 168 1
8 21 2
19 55 2
23 115 1
85 169 2
71 96 2
20 95 2
58 77 2
62 158 1
4 111 2
93 107 2
70 106 1
85 125 2
35 84 2
37 60 2
71 137 2
14 159 2
20 142 2
44 83 2
72 99 2
13 48 2
45 91 2
22 50 2
71 163 2
58 159 2
24 94 2
2 7 2
17 20 2
79 132 1
18 136 2
27 117 2
37 135 1
48 113 2
22 104 1
52 76 2
26 97 2
3 121 1
3 59 2
8 9 2
101 111 2
46 115 2
15 109 2
23 101 2
29 162 2
59 134 2
16 52 2
59 143 2
27 99 2
30 88 2
60 163 2
3 97 2
53 104 2
59 165 2
61 161 2
8 119 1
29 98 2
50 130 2
27 38 2
71 147 2
70 75 2
10 41 2
34 164 2
43 53 2
50 93 2
35 134 1
32 117 1
74 147 1
58 74 2
84 112 1
18 121 2
30 133 1
81 102 2
24 123 2
1 146 1
2 32 2
33 100 2
4 83 2
31 73 2
89 95 2
31 60 2
57 96 2
2 156 2
84 142 2
72 109 1
17 62 2
92 122 2
13 58 2
28 87 2
68 161 1
56 76 2
63 81 2
39 85 2
42 76 2
54 92 2
21 55 2
58 157 2
17 24 2
68 122 2
22 144 1
27 143 2
36 120 1
43 118 2
2 99 2
0 79 2
44 74 2
34 71 2
31 110 2
31 106 2
20 146 2
10 127 2
85 133 2
9 138 2
54 87 2
76 163 2
33 60 2
46 47 2
0 94 2
30 87 2
11 27 2
96 144 2
77 141 2
67 127 1
56 124 1
19 23 2
101 137 2
60 84 2
26 57 2
46 96 2
94 111 2
0 95 2
66 158 1
46 124 2
20 49 2
95 111 2
24 32 2
44 95 2
90 152 2
13 26 2
12 153 2
16 88 2
3 95 2
42 89 2
3 89 2
30 48 2
55 78 2
38 79 2
84 88 2
101 140 2
82 85 2
12 104 1
76 151 2
26 137 1
33 69 2
28 106 2
92 98 2
1 126 2
55 154 1
54 90 2
19 76 2
20 164 2
69 93 2
13 55 2
87 130 2
65 77 2
17 154 2
18 152 2
29 62 2
67 125 1
4 88 2
97 128 1
47 136 1
68 96 2
40 138 1
73 117 2
31 99 2
63 76 2
26 158 2
20 110 2
71 162 1
41 43 2
97 129 2
54 143 1
37 148 1
82 92 2
81 98 2
14 91 2
76 91 2
6 10 2
17 30 2
91 115 2
10 167 2
95 149 2
15 91 2
20 26 2
3 62 2
28 154 1
33 164 1
30 47 2
28 105 2
9 168 2
23 144 2
68 75 2
19 44 2
61 139 2
46 84 2
11 106 2
44 132 1
83 119 2
94 98 2
10 43 2
31 85 2
80 154 1
45 117 1
29 125 2
19 35 2
77 83 2
64 162 2
43 128 1
54 65 2
3 57 2
30 105 2
66 114 1
23 47 2
21 96 2
90 114 1
57 84 2
48 49 2
3 23 2
23 127 2
47 158 2
60 103 1
21 131 2
61 148 2
11 67 2
98 131 2
31 34 2
46 127 2
9 98 2
45 130 2
52 86 2
76 80 2
55 157 2
99 133 2
14 59 2
5 90 2
71 74 2
66 159 2
1 64 2
26 107 2
24 55 2
76 138 1
22 100 2
26 159 2
81 107 2
30 99 2
88 126 2
60 69 2
65 118 2
14 92 2
38 53 2
4 63 2
3 115 1
66 71 2
42 134 2
14 122 1
84 125 1
79 149 2
24 162 1
24 166 1
8 81 2
32 60 2
15 59 2
36 158 2
38 140 2
78 151 2
48 148 2
5 130 1
35 74 2
40 86 2
3 31 2
34 86 2
29 70 2
66 76 2
19 118 2
12 19 2
52 108 1
31 51 2
41 45 2
8 161 2
26 47 2
33 96 2
5 87 2
6 27 2
25 105 2
38 94 2
37 72 2
35 97 2
38 159 2
94 107 2
73 86 2
22 88 2
88 149 2
9 37 2
40 90 2
71 115 2
21 43 2
74 133 2
62 154 2
2 105 1
45 113 1
26 56 2
25 28 2
65 87 2
38 160 2
71 150 2
56 96 2
13 47 2
17 73 2
2 16 2
17 76 2
4 62 2
72 164 2
42 129 1
66 125 1
78 90 2
20 120 1
41 95 2
21 58 2
14 18 2
54 154 2
90 95 2
50 137 2
14 100 2
78 88 2
31 76 2
53 156 2
67 152 2
66 117 2
2 90 2
43 96 2
74 97 2
44 153 2
50 82 2
0 102 2
1 33 2
72 103 2
82 101 2
0 41 2
19 26 2
23 159 1
10 93 2
67 84 2
89 149 2
45 72 2
23 132 2
8 128 2
19 97 2
90 115 2
85 108 1
44 59 2
3 122 1
79 102 2
28 165 2
39 123 1
89 131 2
37 109 2
93 114 2
61 73 2
82 141 1
84 106 2
76 110 1
76 88 2
21 114 1
99 161 1
87 156 1
90 119 1
15 160 2
3 132 2
85 91 2
78 89 2
1 38 2
16 81 2
16 138 2
29 35 2
4 20 2
6 85 2
15 128 2
14 125 1
36 64 2
35 77 2
29 91 2
51 157 1
21 52 2
24 136 1
14 80 2
78 130 1
3 87 2
90 136 1
34 98 2
66 92 2
7 154 1
49 54 2
15 92 2
66 89 2
79 139 2
53 85 2
69 76 2
92 101 2
15 112 2
79 141 2
78 144 2
41 97 2
86 91 2
24 49 2
18 74 2
19 38 2
91 132 1
20 101 2
47 94 2
40 101 2
31 88 2
6 34 2
2 102 2
16 152 1
58 66 2
29 114 1
35 72 2
42 140 2
18 79 2
74 83 2
17 139 2
37 41 2
7 72 2
89 100 2
92 169 1
47 115 2
43 72 2
9 146 2
65 119 2
11 25 2
35 164 1
71 151 2
81 104 2
30 115 2
67 94 2
61 93 2
50 116 1
6 163 2
8 151 2
0 6 2
46 79 2
23 48 2
38 124 2
63 139 2
50 62 2
76 102 1
4 30 2
64 69 2
13 62 2
33 163 1
29 143 1
90 162 2
44 94 2
69 149 2
21 74 2
7 110 1
50 72 2
74 149 2
57 83 2
26 164 1
16 53 2
2 82 2
54 69 2
26 108 2
71 132 1
47 65 2
93 143 1
29 43 2
19 151 2
17 83 2
41 48 2
79 127 2
51 107 2
80 161 2
80 114 2
49 96 2
5 6 2
73 103 2
67 89 2
56 80 2
2 45 2
54 123 2
57 144 2
26 34 2
21 136 2
19 109 2
48 95 2
27 91 2
49 75 2
58 69 2
35 62 2
3 133 2
21 26 2
40 153 2
25 121 1
6 137 1
64 143 2
4 108 2
66 77 2
21 103 1
34 141 1
15 156 2
56 147 2
23 93 2
11 115 2
100 118 1
82 119 2
44 154 2
21 97 2
70 108 1
58 63 2
39 53 2
61 112 1
21 95 2
14 98 2
69 74 2
57 142 2
70 103 2
8 75 2
52 68 2
17 58 2
5 89 2
41 52 2
27 108 2
18 91 2
6 29 2
36 106 1
41 83 2
3 46 2
75 114 1
37 66 2
2 59 2
32 38 2
33 38 2
84 94 2
90 92 2
40 43 2
29 76 2
85 165 2
67 123 2
32 51 2
44 68 2
47 63 2
13 109 2
3 48 2
51 125 2
6 91 2
87 106 2
41 65 2
13 113 2
75 93 2
17 57 2
92 163 1
69 108 1
8 77 2
7 130 2
20 69 2
55 128 1
26 120 1
49 123 2
35 76 2
19 42 2
13 112 1
13 27 2
79 136 2
3 4 2
100 141 2
37 65 2
34 84 2
37 158 2
72 74 2
61 166 2
33 145 2
60 75 2
32 131 2
16 97 2
20 48 2
22 164 2
31 69 2
53 121 1
68 99 2
22 30 2
58 78 2
75 97 2
16 98 2
85 97 2
2 17 2
44 146 1
60 79 2
46 80 2
47 89 2
62 111 1
13 116 1
50 53 2
21 35 2
8 109 2
42 72 2
15 57 2
64 147 2
96 161 2
9 104 2
73 119 2
11 74 2
47 77 2
15 61 2
66 162 1
29 46 2
37 89 2
25 34 2
38 92 2
77 133 2
72 152 2
31 86 2
99 116 2
21 125 1
3 11 2
86 94 2
42 98 2
70 121 2
46 62 2
92 119 2
69 159 2
11 21 2
17 68 2
15 19 2
65 133 2
36 46 2
50 78 2
88 159 1
50 105 2
43 71 2
37 150 2
22 132 1
40 80 2
41 162 1
28 58 2
47 124 1
91 159 2
73 107 2
26 43 2
10 27 2
7 29 2
45 53 2
68 165 2
25 122 1
84 122 2
35 105 2
11 100 2
33 72 2
46 60 2
11 96 2
27 92 2
76 101 2
3 17 2
45 111 1
21 72 2
11 39 2
20 94 2
86 125 2
82 104 2
70 95 2
77 119 2
23 98 2
4 109 1
0 169 2
26 65 2
3 91 2
35 70 2
40 109 2
41 63 2
2 95 2
12 68 2
2 70 2
5 101 2
50 94 2
98 112 2
26 30 2
15 93 2
51 83 2
15 148 1
62 84 2
62 70 2
9 93 2
36 100 2
75 140 2
25 56 2
11 109 2
0 67 2
27 130 2
49 64 2
75 113 1
18 29 2
86 122 1
27 51 2
9 38 2
96 119 1
41 155 2
53 154 2
5 15 2
4 27 2
22 140 2
25 66 2
8 95 2
27 62 2
46 82 2
31 143 2
30 53 2
19 57 2
22 97 2
85 88 2
38 137 2
18 84 2
11 79 2
90 134 2
18 87 2
27 49 2
56 162 1
43 142 2
59 71 2
52 151 2
27 88 2
91 140 2
12 144 1
43 123 2
7 66 2
90 128 2
15 22 2
101 132 1
29 130 2
35 91 2
25 162 2
101 163 2
15 162 1
49 131 2
40 140 1
2 20 2
36 43 2
3 149 2
51 52 2
10 57 2
57 140 1
96 124 2
22 150 1
53 169 2
75 165 2
29 50 2
72 135 2
44 151 1
5 68 2
63 127 2
14 130 2
91 154 2
1 77 2
39 158 2
30 125 2
20 140 2
30 122 2
7 16 2
79 116 1
11 70 2
16 144 2
61 69 2
10 74 2
22 116 2
12 34 2
80 111 2
52 135 2
34 85 2
99 169 1
43 121 1
27 98 2
35 167 2
79 90 2
71 167 2
42 121 2
14 123 1
88 144 1
35 59 2
15 86 2
26 69 2
92 132 2
2 134 2
54 57 2
63 143 2
57 97 2
11 159 2
1 69 2
30 147 2
9 109 2
72 157 2
49 80 2
8 67 2
35 113 1
99 153 2
26 35 2
35 169 2
88 90 2
73 168 2
20 128 2
28 62 2
67 70 2
94 159 1
46 113 2
38 103 2
44 64 2
11 49 2
0 76 2
6 99 2
81 160 1
33 127 1
84 113 1
73 79 2
12 15 2
65 107 2
81 132 2
66 99 2
33 55 2
37 76 2
8 63 2
49 61 2
10 44 2
10 72 2
9 99 2
23 45 2
93 136 2
58 64 2
67 116 2
38 50 2
7 23 2
21 113 2
82 98 2
39 82 2
39 167 1
54 112 2
20 54 2
33 85 2
80 141 2
30 49 2
10 55 2
57 73 2
59 82 2
95 96 2
5 33 2
91 158 2
66 97 2
76 87 2
19 78 2
12 56 2
13 140 1
81 115 2
73 83 2
4 49 2
16 70 2
56 62 2
11 20 2
82 144 2
72 91 2
6 33 2
15 154 2
27 144 2
76 107 1
3 146 2
65 81 2
11 156 1
24 85 2
23 113 2
29 159 2
31 120 2
43 87 2
66 83 2
1 79 2
14 113 1
37 116 2
10 165 2
16 35 2
22 46 2
72 160 1
17 25 2
45 125 2
36 44 2
68 131 2
25 126 2
52 100 2
56 94 2
45 160 2
42 75 2
5 83 2
54 71 2
3 163 1
86 132 2
20 24 2
21 78 2
26 117 2
87 144 2
43 158 2
35 60 2
54 115 1
50 121 2
61 164 2
48 165 2
3 22 2
49 52 2
66 124 2
22 56 2
53 69 2
43 50 2
69 78 2
40 105 2
42 144 2
15 67 2
52 113 2
29 84 2
48 77 2
39 98 2
82 103 2
22 106 1
97 155 1
40 87 2
26 70 2
26 89 2
52 94 2
45 124 2
23 44 2
57 78 2
63 162 1
12 136 1
58 122 2
98 125 1
21 62 2
39 117 1
27 31 2
20 156 1
17 158 2
65 101 2
93 156 1
80 94 2
68 85 2
41 60 2
51 163 1
18 75 2
91 97 2
22 63 2
51 63 2
13 68 2
44 112 2
10 100 2
41 118 2
47 86 2
1 130 2
6 26 2
12 67 2
6 30 2
49 125 2
62 76 2
47 68 2
34 123 2
25 128 2
53 66 2
60 86 2
90 129 1
23 163 2
6 83 2
17 97 2
7 101 2
31 58 2
65 109 1
7 52 2
64 158 1
0 146 2
87 91 2
17 89 2
17 44 2
12 63 2
9 60 2
72 149 1
97 119 2
37 58 2
91 134 1
5 95 2
35 156 2
14 152 1
56 155 2
7 142 1
23 61 2
42 130 1
21 147 1
48 146 1
19 85 2
83 89 2
22 28 2
46 85 2
50 128 2
31 129 2
54 97 2
0 32 2
84 107 1
73 155 2
20 98 2
10 82 2
35 68 2
50 55 2
27 137 1
31 43 2
33 58 2
93 115 2
2 54 2
36 168 1
26 168 2
37 147 1
37 49 2
8 56 2
81 110 2
25 30 2
25 44 2
46 130 2
7 63 2
63 118 2
93 123 2
30 32 2
37 106 1
22 148 2
59 86 2
5 55 2
85 90 2
95 130 1
75 141 2
20 126 1
45 90 2
26 152 2
3 7 2
52 54 2
17 71 2
58 71 2
18 45 2
12 113 2
7 49 2
41 139 2
54 94 2
65 132 2
48 125 2
76 130 2
1 21 2
64 90 2
12 90 2
13 156 2
15 35 2
94 103 2
15 71 2
35 54 2
28 141 2
1 105 1
23 118 2
17 132 2
61 74 2
67 153 2
25 78 2
46 163 2
67 156 2
58 90 2
26 32 2
6 23 2
71 169 2
52 137 1
50 95 2
27 56 2
55 141 2
47 92 2
81 99 2
10 38 2
82 136 1
17 157 2
89 134 2
28 88 2
33 119 1
34 145 1
8 169 2
90 121 2
0 47 2
19 75 2
27 47 2
14 82 2
39 84 2
45 83 2
34 51 2
68 76 2
55 97 2
20 132 1
4 14 2
90 118 2
96 165 1
44 128 2
21 66 2
61 167 2
78 134 1
42 82 2
27 72 2
46 122 2
33 52 2
0 39 2
3 152 2
13 82 2
61 96 2
73 149 2
1 44 2
24 41 2
100 119 1
34 64 2
35 94 2
8 114 2
45 48 2
25 32 2
12 20 2
79 101 2
6 95 2
35 78 2
11 129 2
72 121 1
53 79 2
9 81 2
83 92 2
33 123 2
71 138 2
23 68 2
37 57 2
44 67 2
96 97 2
32 166 2
6 87 2
18 125 2
15 111 2
53 89 2
91 110 1
94 116 1
37 98 2
25 160 1
16 48 2
70 100 2
73 97 2
67 124 2
39 100 2
62 110 1
81 82 2
14 69 2
9 35 2
25 53 2
24 68 2
82 135 1
19 168 1
80 100 2
21 44 2
19 63 2
14 23 2
2 44 2
24 59 2
39 152 2
30 149 2
10 96 2
41 140 1
101 116 2
7 22 2
13 29 2
79 146 1
17 27 2
3 151 2
88 142 1
5 30 2
81 153 1
52 73 2
98 135 2
39 83 2
92 126 1
40 151 2
54 114 2
0 77 2
19 53 2
51 165 2
6 116 2
15 94 2
8 120 2
65 68 2
54 103 1
63 158 1
65 78 2
0 44 2
15 47 2
24 58 2
23 94 2
35 146 2
55 125 2
100 145 2
88 124 2
0 38 2
2 58 2
67 133 1
91 95 2
62 119 2
20 46 2
75 154 1
81 135 2
63 114 2
5 56 2
11 123 2
73 141 1
57 98 2
98 109 2
18 146 2
89 117 1
32 98 2
34 126 2
79 156 2
28 161 2
70 140 2
48 128 2
58 118 2
17 129 2
58 95 2
43 48 2
4 12 2
46 87 2
94 132 2
53 65 2
80 97 2
17 47 2
66 120 1
22 36 2
65 108 2
7 82 2
8 64 2
57 95 2
14 106 2
37 146 2
40 54 2
77 96 2
24 30 2
6 146 2
99 122 2
50 71 2
7 48 2
11 47 2
41 112 1
19 157 1
34 63 2
57 134 2
2 21 2
41 44 2
20 71 2
55 153 2
34 35 2
74 101 2
8 137 2
2 11 2
14 36 2
28 103 1
37 100 2
27 61 2
36 47 2
61 82 2
23 63 2
35 96 2
48 61 2
69 97 2
21 75 2
63 137 2
2 119 2
36 40 2
22 98 2
60 153 2
56 112 2
31 75 2
7 86 2
39 93 2
77 126 1
90 155 1
31 56 2
41 46 2
5 10 2
84 102 2
88 139 2
38 148 2
0 2 2
5 86 2
10 17 2
86 147 2
34 57 2
14 22 2
57 121 1
47 145 2
60 110 2
4 99 2
64 74 2
50 132 1
77 111 2
57 141 2
4 25 2
71 159 2
32 67 2
44 65 2
0 26 2
24 42 2
85 113 1
26 91 2
68 135 2
84 152 1
41 87 2
65 130 2
36 59 2
79 118 2
86 110 2
97 98 2
93 149 2
101 160 2
100 128 1
9 77 2
52 72 2
20 43 2
13 87 2
11 122 2
79 113 2
29 68 2
13 21 2
1 148 1
28 35 2
7 75 2
19 137 2
10 36 2
18 160 2
76 79 2
72 140 1
67 80 2
29 39 2
82 106 2
83 123 1
41 76 2
39 136 2
6 82 2
58 98 2
78 125 1
10 124 1
70 145 2
31 125 2
71 110 2
81 159 1
62 93 2
61 85 2
4 135 1
72 125 2
26 82 2
73 167 1
67 104 2
51 77 2
29 108 1
57 151 2
92 164 1
61 152 1
44 100 2
23 131 2
80 148 1
74 120 1
13 137 1
13 35 2
15 120 2
22 119 1
42 45 2
16 90 2
70 96 2
86 137 1
20 169 1
22 146 2
16 157 2
22 54 2
12 106 2
91 145 2
70 146 2
34 130 1
94 119 2
88 134 1
36 81 2
3 123 2
90 97 2
45 153 2
54 156 2
49 88 2
1 55 2
45 146 1
44 76 2
16 96 2
15 101 2
23 85 2
3 120 2
21 92 2
6 55 2
54 98 2
62 97 2
101 123 1
24 158 2
10 109 2
88 93 2
19 159 2
8 23 2
85 109 2
17 43 2
15 48 2
59 146 2
39 58 2
9 72 2
19 160 2
9 58 2
95 160 2
12 102 1
44 155 1
15 37 2
27 95 2
16 154 1
55 101 2
40 150 2
8 90 2
33 80 2
10 40 2
37 124 1
45 163 2
92 141 2
19 100 2
93 130 1
24 40 2
30 126 1
89 101 2
89 94 2
1 110 1
3 73 2
100 131 2
24 50 2
52 126 1
22 123 2
40 117 2
39 91 2
99 131 1
10 49 2
44 133 2
23 137 1
39 73 2
20 42 2
17 92 2
14 40 2
17 165 2
82 83 2
59 124 2
11 155 2
100 163 1
13 106 2
61 63 2
59 85 2
13 78 2
3 96 2
42 159 2
40 69 2
22 55 2
8 40 2
0 158 2
44 131 1
78 115 1
55 68 2
9 87 2
54 121 2
88 94 2
11 92 2
85 150 1
48 94 2
73 165 2
101 124 1
77 164 2
73 99 2
8 156 2
73 147 2
13 25 2
70 167 2
5 38 2
88 146 1
12 39 2
47 147 2
90 154 1
8 50 2
5 48 2
12 83 2
40 96 2
13 70 2
30 75 2
5 166 2
81 157 2
34 43 2
43 131 1
18 65 2
20 22 2
23 123 1
32 130 2
31 57 2
35 38 2
85 157 2
37 70 2
68 114 1
50 158 1
14 78 2
38 60 2
12 111 2
79 167 2
21 36 2
25 50 2
26 157 2
70 76 2
68 70 2
1 28 2
97 142 2
44 87 2
64 86 2
31 141 2
4 68 2
49 62 2
44 81 2
23 32 2
40 53 2
20 66 2
61 162 2
22 31 2
82 95 2
71 112 1
100 123 2
10 45 2
11 152 2
59 75 2
64 120 2
63 106 1
5 137 1
64 132 2
1 140 2
64 87 2
1 60 2
3 138 2
90 131 2
14 150 2
6 21 2
71 145 2
22 51 2
27 50 2
13 144 1
58 145 2
6 111 1
9 134 1
17 153 2
80 119 1
33 78 2
19 20 2
29 140 2
8 79 2
4 106 1
54 85 2
4 34 2
31 109 1
20 116 2
10 91 2
44 92 2
24 73 2
8 145 2
63 166 1
7 25 2
44 162 2
73 116 1
23 162 1
18 140 2
80 129 2
40 67 2
90 93 2
11 42 2
20 135 2
77 135 2
30 43 2
12 28 2
0 119 1
77 158 1
3 9 2
59 141 1
59 160 2
29 48 2
22 91 2
30 80 2
53 86 2
6 166 1
29 97 2
13 101 2
46 74 2
4 136 1
7 38 2
16 25 2
45 162 1
39 107 1
21 77 2
28 147 1
56 74 2
69 104 1
7 55 2
40 122 1
22 147 2
89 123 2
57 79 2
42 54 2
23 29 2
61 87 2
25 164 2
3 85 2
1 157 2
18 99 2
11 151 2
15 144 2
13 110 1
25 45 2
34 135 2
5 99 2
34 102 2
70 125 2
100 130 1
89 92 2
1 68 2
60 100 2
86 92 2
40 57 2
96 111 2
18 101 2
45 123 2
16 75 2
9 121 2
85 145 2
45 164 2
63 80 2
55 124 2
51 71 2
83 90 2
7 20 2
40 163 2
75 131 1
18 22 2
25 55 2
9 26 2
93 101 2
71 72 2
13 127 1
5 143 2
21 87 2
47 133 2
73 133 2
95 102 2
18 67 2
44 130 1
34 47 2
0 116 2
54 76 2
23 102 2
63 108 1
67 91 2
24 75 2
44 51 2
52 119 2
17 98 2
19 91 2
46 123 2
58 79 2
65 91 2
78 118 1
8 107 2
49 136 2
5 138 2
95 129 2
75 82 2
16 148 2
37 87 2
51 78 2
2 50 2
67 90 2
28 49 2
69 112 2
33 42 2
60 118 2
57 94 2
44 125 2
85 112 2
35 130 2
93 103 2
40 44 2
55 110 2
99 165 1
65 93 2
17 160 2
59 65 2
31 163 1
24 48 2
11 66 2
41 143 2
49 93 2
30 71 2
32 104 2
99 142 2
29 78 2
87 168 2
74 110 2
62 168 2
99 168 1
41 64 2
14 105 1
75 164 2
29 116 2
22 52 2
62 141 1
77 109 1
55 61 2
79 86 2
94 126 2
19 99 2
94 95 2
17 99 2
50 51 2
26 116 2
88 117 2
34 66 2
80 155 1
68 139 2
33 61 2
7 116 2
51 65 2
78 79 2
56 89 2
21 61 2
60 91 2
51 112 2
5 72 2
25 74 2
67 96 2
72 80 2
71 140 2
91 114 2
39 66 2
34 167 2
28 67 2
17 56 2
11 71 2
81 87 2
95 165 2
92 97 2
35 53 2
39 48 2
76 129 1
32 97 2
28 125 2
21 65 2
29 61 2
50 165 2
84 104 2
32 53 2
46 76 2
82 154 2
58 61 2
12 18 2
27 110 1
0 22 2
46 105 2
30 142 2
51 85 2
6 168 1
12 114 2
47 85 2
3 90 2
13 105 1
78 164 2
24 93 2
91 100 2
58 96 2
38 54 2
48 55 2
55 123 2
60 96 2
23 67 2
55 96 2
84 150 2
49 55 2
98 121 2
40 83 2
1 47 2
27 66 2
18 54 2
97 112 2
7 90 2
13 138 2
49 144 1
55 91 2
81 131 1
8 138 2
0 156 2
48 82 2
57 65 2
17 106 1
90 96 2
0 165 2
26 156 1
1 2 2
18 19 2
78 92 2
65 112 2
35 166 1
30 46 2
2 13 2
62 103 2
12 32 2
84 149 2
91 99 2
42 135 1
78 112 2
63 83 2
63 96 2
21 49 2
20 93 2
27 46 2
30 112 2
71 109 2
21 128 1
39 68 2
64 68 2
57 146 2
78 83 2
7 26 2
50 96 2
35 168 2
68 149 1
55 64 2
95 150 2
48 80 2
99 126 2
83 118 2
2 9 2
32 71 2
35 37 2
5 139 2
2 66 2
44 53 2
21 68 2
64 67 2
10 61 2
81 140 2
0 62 2
6 9 2
64 146 1
101 115 2
14 42 2
29 136 1
83 147 2
19 81 2
11 136 2
50 136 1
17 66 2
55 88 2
64 85 2
68 129 2
74 165 2
63 67 2
6 19 2
39 104 1
46 51 2
45 60 2
69 73 2
84 151 2
77 161 1
80 133 2
53 141 2
16 49 2
90 101 2
42 79 2
45 52 2
78 101 2
67 118 2
43 140 2
91 155 1
59 61 2
34 95 2
26 72 2
89 157 2
100 127 2
62 130 2
7 77 2
59 95 2
15 52 2
14 71 2
14 88 2
19 98 2
24 156 1
34 78 2
21 116 2
28 108 2
27 73 2
26 109 2
21 31 2
0 139 2
43 67 2
20 90 2
10 19 2
90 141 2
54 96 2
62 137 2
45 133 2
0 92 2
93 121 2
25 98 2
96 99 2
36 156 2
70 78 2
5 61 2
39 44 2
3 139 1
97 158 2
59 103 1
93 163 2
75 99 2
49 97 2
59 96 2
67 93 2
72 119 1
64 115 2
7 168 2
0 112 2
12 103 1
20 121 1
39 108 2
96 112 2
33 93 2
16 137 1
20 78 2
36 77 2
65 84 2
86 146 2
5 94 2
0 163 1
39 72 2
87 120 1
48 149 2
9 148 2
34 165 1
26 151 1
10 87 2
32 137 2
41 99 2
24 168 2
7 74 2
70 139 2
0 89 2
91 111 2
96 149 2
50 67 2
40 111 2
46 73 2
9 10 2
66 80 2
63 88 2
73 125 2
10 18 2
30 60 2
17 91 2
91 167 2
17 48 2
72 142 2
1 81 2
24 61 2
91 151 1
3 159 1
12 61 2
91 93 2
93 110 2
89 119 2
84 99 2
52 112 1
25 133 2
80 150 2
100 143 2
63 79 2
62 69 2
96 122 2
11 63 2
68 80 2
37 125 2
22 96 2
26 66 2
22 62 2
52 155 1
98 148 1
2 55 2
61 141 2
76 105 2
59 138 2
67 79 2
62 100 2
32 45 2
4 43 2
70 164 2
9 21 2
3 41 2
100 161 1
49 70 2
23 119 2
36 37 2
58 72 2
39 49 2
8 78 2
10 98 2
18 163 2
5 108 2
33 81 2
26 103 1
5 67 2
19 47 2
16 117 2
101 164 2
31 164 2
12 70 2
14 144 1
1 63 2
27 114 2
71 129 1
85 96 2
81 89 2
4 107 2
77 121 2
36 74 2
1 3 2
94 157 2
8 115 2
49 118 2
26 111 1
30 138 1
72 148 2
71 75 2
2 63 2
72 95 2
2 56 2
26 104 2
36 107 2
27 123 2
38 133 2
58 126 2
72 102 2
95 155 2
14 61 2
11 91 2
14 26 2
37 44 2
39 87 2
23 46 2
48 71 2
45 121 2
81 161 2
33 115 1
34 76 2
33 105 1
76 114 2
13 24 2
25 43 2
98 134 2
43 63 2
4 57 2
66 152 2
45 68 2
29 93 2
35 136 2
77 152 2
72 77 2
13 28 2
50 97 2
33 57 2
8 58 2
80 90 2
27 64 2
24 98 2
42 51 2
12 14 2
35 64 2
9 54 2
68 88 2
34 65 2
0 71 2
8 33 2
14 65 2
101 130 1
4 13 2
64 149 1
12 125 2
19 41 2
0 56 2
29 31 2
55 150 2
12 158 2
28 34 2
49 138 2
33 64 2
90 104 2
25 106 2
73 110 2
93 100 2
32 70 2
19 56 2
38 95 2
53 144 2
30 56 2
36 41 2
17 53 2
42 48 2
75 89 2
42 99 2
1 133 2
51 96 2
0 82 2
3 14 2
30 34 2
31 121 2
29 69 2
16 108 2
96 109 2
1 86 2
56 114 2
63 165 2
49 106 1
76 94 2
68 93 2
0 155 1
14 99 2
28 157 1
8 41 2
30 127 2
26 93 2
60 107 2
13 73 2
39 164 2
34 83 2
55 94 2
6 98 2
38 49 2
67 71 2
87 159 1
82 124 2
39 159 1
42 71 2
50 157 2
91 131 1
48 122 1
75 96 2
16 131 2
62 165 2
23 78 2
19 62 2
18 109 1
31 135 2
66 107 2
37 43 2
1 62 2
34 68 2
52 167 2
99 106 1
81 96 2
33 90 2
85 130 2
28 50 2
76 83 2
40 82 2
69 124 1
60 161 2
37 74 2
1 73 2
36 80 2
3 145 2
63 119 2
46 81 2
44 97 2
70 93 2
44 120 2
57 100 2
14 96 2
73 108 2
32 62 2
10 110 1
14 56 2
70 152 2
80 157 1
57 77 2
86 97 2
18 105 1
86 158 1
7 157 2
70 135 1
18 41 2
26 165 2
18 154 1
25 100 2
40 75 2
16 112 1
70 91 2
13 52 2
20 107 2
59 131 1
54 67 2
30 31 2
84 144 1
9 64 2
18 166 2
0 35 2
77 86 2
47 139 2
100 111 2
66 167 2
9 80 2
0 65 2
48 98 2
17 39 2
9 20 2
26 123 2
57 117 2
72 94 2
42 65 2
47 98 2
26 88 2
47 88 2
100 147 2
36 166 2
32 48 2
5 63 2
99 125 1
89 99 2
18 169 2
1 107 2
28 164 1
39 69 2
78 126 2
48 156 2
101 120 1
26 114 1
30 42 2
74 160 2
1 17 2
74 92 2
2 33 2
73 82 2
39 168 1
5 78 2
10 156 2
81 145 2
11 36 2
48 72 2
7 59 2
76 127 2
94 118 1
45 74 2
31 46 2
40 133 1
9 167 2
48 74 2
38 71 2
11 104 2
62 88 2
32 77 2
65 102 1
30 79 2
24 57 2
29 99 2
3 40 2
38 167 1
28 118 2
15 87 2
66 72 2
66 143 2
20 158 1
10 90 2
50 126 1
71 122 2
57 162 1
62 121 2
36 89 2
9 92 2
91 103 1
46 67 2
99 121 2
30 121 1
69 152 1
76 115 1
24 159 2
74 88 2
47 127 2
2 75 2
36 82 2
23 103 2
16 93 2
97 99 2
39 125 2
76 136 2
47 83 2
11 81 2
13 121 2
74 154 1
80 164 2
42 117 2
50 75 2
13 86 2
30 84 2
33 124 2
31 81 2
23 99 2
61 126 2
43 65 2
53 126 2
78 94 2
3 158 1
3 131 2
57 64 2
85 119 2
42 113 2
11 38 2
42 59 2
25 90 2
64 122 1
6 169 1
78 84 2
15 66 2
43 45 2
69 98 2
26 125 2
69 82 2
21 90 2
14 29 2
67 169 2
31 54 2
74 77 2
94 158 2
52 140 2
47 53 2
48 59 2
92 99 2
9 56 2
19 102 2
55 90 2
54 99 2
97 101 2
67 68 2
45 81 2
93 157 2
28 47 2
42 168 1
5 79 2
43 101 2
4 101 2
87 149 1
13 83 2
34 103 2
0 21 2
72 98 2
46 101 2
89 110 2
67 166 1
32 81 2
0 166 2
34 140 2
88 125 2
1 27 2
31 130 2
75 151 1
52 95 2
61 94 2
69 139 2
49 66 2
37 81 2
25 109 2
31 37 2
4 58 2
51 61 2
43 117 2
29 112 2
3 26 2
65 117 2
66 118 2
88 104 2
75 144 2
41 55 2
20 100 2
44 121 2
11 95 2
23 154 2
65 160 1
20 67 2
19 69 2
17 117 1
45 62 2
25 83 2
32 57 2
37 93 2
22 155 2
70 161 2
52 117 2
53 91 2
55 83 2
43 132 1
49 126 2
7 15 2
10 28 2
87 90 2
4 8 2
23 70 2
25 82 2
72 76 2
29 126 2
76 142 1
10 134 1
26 38 2
14 86 2
8 105 2
20 32 2
101 139 1
24 130 2
33 36 2
45 50 2
11 69 2
75 160 1
101 154 1
40 115 2
22 129 2
28 44 2
22 161 2
66 81 2
23 83 2
51 134 1
52 91 2
84 89 2
28 72 2
22 35 2
1 32 2
16 106 2
94 105 2
34 69 2
57 93 2
64 140 1
2 108 1
33 79 2
93 99 2
10 65 2
48 133 2
88 168 2
30 82 2
30 81 2
38 78 2
74 107 1
45 66 2
4 41 2
29 134 2
9 88 2
52 127 2
20 58 2
29 123 2
22 37 2
32 91 2
65 169 1
63 86 2
47 74 2
57 143 2
67 75 2
94 162 2
8 48 2
18 123 1
90 126 2
33 49 2
21 130 1
32 54 2
21 34 2
3 136 2
59 64 2
35 63 2
28 86 2
31 89 2
6 134 1
29 141 1
4 56 2
75 92 2
80 166 1
1 52 2
14 157 2
5 29 2
1 13 2
22 109 2
19 162 2
50 74 2
47 169 2
6 35 2
49 89 2
46 98 2
29 88 2
16 27 2
34 118 1
52 146 2
25 137 2
84 164 2
49 87 2
101 106 1
63 66 2
41 79 2
24 137 2
51 70 2
91 94 2
48 101 2
83 97 2
91 125 2
88 108 2
5 12 2
18 24 2
94 137 1
28 41 2
14 57 2
68 141 2
27 79 2
32 161 1
2 8 2
59 150 2
72 123 2
92 111 1
19 146 1
20 68 2
23 106 2
23 62 2
29 124 2
58 67 2
1 46 2
23 95 2
61 88 2
52 159 2
11 145 1
80 95 2
11 119 2
46 54 2
27 57 2
42 73 2
13 117 2
4 45 2
55 117 2
94 142 1
82 138 2
79 162 2
25 144 1
8 44 2
54 166 2
49 85 2
16 143 1
11 44 2
5 159 2
56 159 2
68 84 2
7 64 2
100 160 2
16 32 2
10 121 1
97 133 2
25 156 1
2 34 2
1 101 2
20 33 2
69 79 2
64 109 1
6 20 2
24 143 2
43 64 2
93 161 1
86 116 2
26 110 2
22 34 2
31 50 2
20 109 2
77 94 2
64 103 1
54 56 2
17 169 1
27 70 2
0 88 2
13 88 2
16 51 2
64 114 1
25 97 2
19 68 2
53 117 1
34 41 2
8 15 2
94 147 2
43 51 2
2 84 2
21 40 2
16 17 2
11 76 2
69 123 2
95 118 2
71 92 2
98 159 2
64 139 2
14 112 2
96 133 2
20 114 2
51 144 1
15 155 2
36 87 2
0 49 2
48 144 2
6 94 2
53 139 2
20 40 2
81 137 1
1 100 2
71 77 2
35 154 1
2 123 2
13 103 2
52 61 2
22 94 2
29 102 2
38 91 2
62 75 2
0 37 2
64 77 2
38 69 2
56 128 2
34 143 2
63 138 1
15 82 2
62 128 1
44 54 2
5 146 1
45 156 2
74 151 1
91 112 2
66 112 1
54 153 2
1 144 2
88 92 2
10 47 2
38 123 2
28 146 2
0 25 2
4 100 2
10 88 2
39 51 2
14 62 2
32 125 1
71 134 2
3 79 2
0 101 2
20 168 2
97 152 1
2 18 2
90 142 2
44 56 2
62 115 2
51 80 2
100 153 1
17 42 2
55 95 2
64 89 2
16 59 2
79 145 2
8 164 1
15 30 2
3 37 2
44 46 2
62 135 2
14 111 2
43 163 2
20 162 1
35 44 2
0 59 2
60 121 2
69 163 2
2 85 2
18 135 1
11 149 2
54 101 2
34 45 2
46 77 2
15 46 2
90 138 1
93 128 1
75 76 2
4 76 2
24 74 2
25 86 2
2 100 2
76 148 1
16 21 2
24 77 2
51 98 2
80 159 2
14 46 2
13 72 2
17 59 2
59 121 1
42 78 2
49 50 2
18 139 1
76 113 2
80 126 2
12 87 2
30 101 2
67 121 1
23 60 2
4 86 2
21 117 2
5 153 1
55 58 2
97 104 1
17 121 1
16 82 2
29 111 2
100 156 2
10 75 2
78 100 2
51 155 2
41 85 2
23 125 1
28 139 2
72 73 2
72 165 1
98 161 2
1 48 2
76 143 1
69 87 2
35 133 2
30 97 2
8 158 2
87 122 2
37 115 1
48 123 2
61 116 1
75 117 1
23 40 2
3 109 2
12 46 2
30 78 2
28 64 2
23 91 2
13 56 2
56 106 2
46 91 2
12 163 1
55 122 2
79 85 2
8 27 2
43 115 1
50 156 1
61 98 2
43 52 2
42 163 2
67 76 2
8 13 2
5 27 2
0 40 2
90 147 2
70 71 2
10 52 2
37 137 1
31 169 2
41 156 2
1 49 2
19 32 2
24 38 2
84 126 1
22 74 2
21 63 2
28 31 2
52 87 2
37 123 1
26 143 1
12 52 2
35 104 2
79 158 2
20 139 2
46 68 2
80 156 1
75 159 2
46 116 2
28 137 1
13 16 2
54 149 1
27 156 2
40 100 2
52 166 1
79 89 2
70 158 1
42 139 1
80 127 2
7 146 2
77 117 1
13 30 2
21 47 2
24 72 2
70 168 2
46 146 2
91 136 2
27 69 2
87 166 1
69 113 2
10 86 2
12 131 2
73 131 2
18 50 2
18 103 1
84 146 2
68 160 2
23 143 2
63 87 2
45 103 1
56 99 2
91 98 2
76 154 2
45 80 2
47 100 2
10 158 1
4 24 2
70 97 2
22 149 2
17 130 1
9 70 2
6 109 1
49 51 2
84 115 2
38 84 2
86 93 2
57 125 2
9 29 2
42 85 2
72 151 1
91 157 1
65 139 1
47 59 2
18 127 1
68 148 2
0 45 2
7 129 2
96 103 2
47 111 1
31 136 2
83 103 2
96 105 1
0 51 2
34 142 2
53 167 2
12 79 2
35 116 2
53 58 2
64 92 2
16 130 2
69 72 2
80 102 1
39 77 2
15 118 2
75 126 1
76 153 2
27 89 2
55 165 2
33 114 2
31 33 2
5 19 2
75 94 2
6 72 2
41 62 2
46 48 2
54 128 2
88 105 1
69 103 1
41 54 2
31 78 2
42 116 1
88 131 2
28 30 2
12 94 2
66 73 2
36 58 2
24 126 2
11 77 2
70 120 1
9 131 2
17 23 2
23 54 2
76 95 2
46 107 2
62 65 2
13 119 2
20 159 1
29 73 2
24 81 2
9 111 2
64 141 2
6 49 2
52 57 2
82 147 2
75 95 2
6 165 1
63 155 1
52 158 1
26 99 2
68 77 2
46 106 2
60 115 1
28 130 1
33 44 2
32 145 2
18 68 2
1 112 1
39 102 2
79 106 1
101 157 2
15 96 2
37 113 1
44 61 2
17 105 2
20 59 2
37 69 2
47 163 2
95 116 2
58 112 1
14 21 2
15 27 2
86 134 1
21 134 1
72 101 2
28 61 2
2 53 2
26 95 2
71 84 2
25 135 2
12 29 2
18 113 2
9 82 2
61 79 2
11 165 1
83 167 2
72 86 2
1 160 2
60 99 2
11 29 2
36 161 2
77 95 2
30 114 2
18 27 2
20 108 2
19 147 2
59 99 2
45 99 2
42 81 2
34 122 1
6 45 2
2 91 2
70 114 1
54 63 2
71 102 1
44 52 2
74 131 1
6 120 2
99 166 2
17 93 2
25 115 2
8 110 2
13 159 2
71 87 2
16 151 2
20 39 2
24 111 2
16 60 2
42 131 1
8 76 2
42 67 2
69 127 2
32 156 2
42 166 2
8 47 2
18 133 2
17 49 2
2 4 2
83 114 2
63 109 2
34 75 2
41 168 2
35 163 2
99 138 2
23 42 2
0 13 2
22 87 2
10 163 2
21 168 2
40 59 2
28 114 1
38 125 1
14 49 2
9 46 2
20 70 2
14 51 2
37 82 2
11 31 2
24 121 1
97 147 1
23 56 2
92 137 1
55 69 2
7 91 2
23 36 2
54 62 2
34 124 1
11 140 2
61 122 2
81 151 2
8 148 2
69 86 2
66 130 2
93 169 2
62 139 1
37 85 2
32 65 2
28 59 2
43 55 2
75 78 2
62 166 1
16 68 2
25 130 2
78 150 1
1 98 2
98 118 2
5 140 2
8 163 2
85 158 2
23 74 2
46 58 2
0 54 2
23 65 2
69 107 2
20 115 2
22 118 1
79 148 2
22 108 1
17 94 2
40 110 1
58 129 2
12 57 2
56 90 2
11 33 2
44 169 2
47 58 2
43 90 2
41 133 1
12 138 2
10 81 2
91 137 2
72 96 2
24 70 2
84 123 2
96 132 2
36 157 2
23 28 2
2 168 2
40 91 2
34 131 1
93 97 2
4 110 2
17 32 2
22 44 2
58 62 2
11 57 2
14 117 1
40 143 2
43 152 2
27 131 2
35 73 2
20 155 1
0 135 1
50 113 1
59 84 2
66 67 2
41 166 2
9 33 2
44 93 2
88 164 1
11 116 1
79 83 2
10 69 2
31 133 2
29 83 2
45 137 2
10 150 2
70 134 2
51 151 2
84 97 2
38 42 2
43 149 2
26 150 1
83 163 2
62 117 1
12 135 2
22 49 2
5 47 2
62 116 1
68 108 1
14 41 2
71 119 2
35 145 2
10 111 2
7 65 2
8 10 2
18 82 2
18 147 2
13 97 2
51 119 2
11 12 2
81 109 2
7 71 2
62 74 2
19 73 2
76 77 2
1 87 2
19 104 2
51 55 2
31 79 2
15 69 2
16 76 2
31 45 2
41 93 2
37 92 2
15 149 2
49 98 2
39 45 2
44 50 2
67 161 1
6 154 1
10 60 2
92 139 2
64 94 2
40 58 2
11 90 2
1 9 2
74 99 2
52 104 2
89 144 1
6 117 2
82 88 2
7 151 2
95 128 2
61 103 2
75 83 2
10 37 2
42 153 2
58 134 1
48 139 2
88 97 2
13 91 2
31 119 2
50 85 2
68 72 2
57 128 1
21 71 2
73 159 1
7 13 2
68 116 2
25 141 2
3 61 2
52 156 2
70 80 2
64 157 1
89 98 2
1 70 2
19 66 2
32 148 1
41 123 1
25 136 1
13 129 1
52 55 2
9 76 2
17 100 2
0 78 2
60 80 2
86 127 2
35 50 2
47 97 2
3 101 2
77 87 2
69 125 2
82 99 2
42 136 1
18 97 2
98 151 2
90 167 2
101 108 2
6 58 2
51 87 2
27 124 2
60 88 2
7 54 2
18 124 1
81 116 2
33 156 2
99 103 2
43 66 2
45 145 2
32 90 2
87 88 2
5 85 2
53 122 1
80 167 2
55 99 2
46 57 2
19 86 2
28 60 2
24 35 2
30 169 2
84 111 1
17 46 2
28 63 2
89 90 2
4 28 2
36 126 2
64 76 2
36 128 1
43 46 2
89 114 2
69 144 2
34 73 2
62 150 1
42 90 2
81 101 2
31 160 2
59 142 2
31 127 1
27 53 2
86 100 2
86 145 2
4 73 2
15 95 2
48 112 2
84 139 2
71 101 2
0 43 2
11 131 2
81 126 1
35 125 1
19 50 2
90 165 2
17 52 2
47 144 1
81 84 2
98 132 1
29 41 2
24 89 2
34 37 2
97 151 2
40 164 2
5 51 2
38 97 2
10 24 2
30 63 2
60 95 2
28 70 2
57 91 2
15 110 1
30 93 2
91 138 1
7 43 2
5 23 2
51 131 2
51 82 2
41 124 2
68 153 2
15 152 1
26 96 2
3 52 2
4 166 1
66 94 2
44 141 2
80 138 2
78 123 2
73 77 2
91 144 1
91 118 1
51 113 2
73 153 1
12 45 2
2 127 2
2 110 1
36 70 2
14 84 2
51 73 2
64 81 2
