% n=30 p=60 d=0.66 p_blue=0.33
2 7 2
15 27 1
0 6 2
2 20 2
5 23 2
10 24 1
6 12 2
7 13 2
0 16 2
1 12 2
8 24 2
0 13 2
1 11 2
15 17 2
0 29 2
5 21 1
4 13 2
15 28 2
10 27 1
2 25 1
11 26 1
1 16 2
12 25 1
8 28 1
8 18 1
4 16 2
2 9 2
15 29 1
17 27 1
9 23 2
17 24 1
7 12 2
3 16 2
2 13 2
5 22 2
12 21 1
4 10 2
10 15 2
11 12 2
6 7 2
14 28 2
4 14 2
12 27 2
6 10 2
6 14 2
10 18 1
1 24 2
3 14 2
9 12 2
5 14 2
3 5 2
0 17 2
14 27 1
0 26 1
9 13 2
0 25 1
3 8 2
8 22 1
2 4 2
10 25 2
5 24 1
16 25 1
2 28 1
17 26 1
10 12 2
6 18 1
4 25 1
6 16 2
9 11 2
16 18 1
1 28 1
0 22 1
10 17 2
15 21 2
11 29 2
11 15 2
7 17 2
8 27 1
8 16 2
4 6 2
3 29 2
9 16 2
1 10 2
3 15 2
6 9 2
5 27 1
17 29 1
8 29 1
11 14 2
9 29 1
6 8 2
2 3 2
2 6 2
8 14 2
3 28 1
7 16 2
13 26 2
14 24 1
17 21 1
16 26 2
7 29 1
1 15 2
1 9 2
8 17 2
9 17 2
15 24 1
6 29 1
0 7 2
14 16 2
5 12 2
7 14 2
10 11 2
13 16 2
1 17 2
5 7 2
0 12 2
8 10 2
6 21 1
1 3 2
3 7 2
12 14 2
1 7 2
7 15 2
3 23 2
9 10 2
8 9 2
13 23 1
12 17 2
3 18 2
7 28 2
4 23 2
8 23 1
7 8 2
13 22 1
14 19 2
5 6 2
3 25 1
4 5 2
7 11 2
8 12 2
2 15 2
0 3 2
14 20 1
11 25 2
5 19 1
5 20 1
0 28 2
7 20 2
1 19 2
5 9 2
5 15 2
9 15 2
16 17 2
0 9 2
0 4 2
4 12 2
5 16 2
16 29 2
16 20 2
6 15 2
3 17 2
5 10 2
1 2 2
0 15 2
6 11 2
10 29 2
10 28 1
3 10 2
12 13 2
5 26 2
8 15 2
16 27 1
10 20 1
8 11 2
0 23 1
5 8 2
12 23 2
3 9 2
0 14 2
16 23 1
10 21 1
12 15 2
1 5 2
13 14 2
5 25 1
7 9 2
15 22 2
11 28 2
3 21 2
2 10 2
10 13 2
5 11 2
0 10 2
14 21 1
3 24 1
2 23 2
4 17 2
14 15 2
3 26 1
2 5 2
5 17 2
1 4 2
13 15 2
13 17 2
11 17 2
12 18 1
0 20 1
2 11 2
0 19 2
14 22 1
8 25 1
7 22 1
0 24 1
6 17 2
2 22 1
7 26 2
15 16 2
3 13 2
15 26 1
6 24 2
2 14 2
4 7 2
9 22 1
12 29 1
4 15 2
2 27 2
6 13 2
13 18 2
10 16 2
9 20 1
7 10 2
2 8 2
4 9 2
3 12 2
9 28 1
0 18 2
11 19 1
0 11 2
1 6 2
2 12 2
4 26 2
4 19 1
13 24 2
9 27 1
14 23 1
16 19 2
6 19 1
1 8 2
2 21 1
3 6 2
0 5 2
4 8 2
12 22 2
12 16 2
1 18 1
3 11 2
1 29 2
4 20 1
3 4 2
12 24 1
5 13 2
1 20 1
1 22 1
1 13 2
15 25 1
4 11 2
0 1 2
1 14 2
11 13 2
0 8 2
0 21 1
7 23 1
9 21 1
16 28 1
11 23 1
0 2 2
15 18 2
9 14 2
8 13 2
2 17 2
16 24 1
14 17 2
14 26 1
12 28 1
11 16 2
6 22 2
2 16 2
4 27 1
12 19 1
1 21 1
17 22 1
10 14 2
13 29 1
