% n=60 p=60 d=0.66 p_blue=0.33
13 50 1
24 34 2
15 40 1
23 54 2
8 21 2
2 59 1
22 27 2
27 57 2
0 16 2
6 34 2
6 19 2
7 12 2
3 5 2
16 41 2
13 49 1
8 47 2
13 59 2
28 35 2
35 44 1
1 54 1
3 10 2
25 43 2
19 30 2
25 34 2
29 53 2
22 26 2
20 42 1
16 23 2
7 44 2
11 59 1
35 59 2
4 7 2
2 28 2
2 18 2
3 24 2
32 39 1
17 56 2
14 53 2
11 25 2
8 48 1
16 45 1
24 35 2
35 41 1
31 43 1
14 29 2
7 29 2
12 32 2
29 35 2
13 35 2
12 26 2
34 49 1
21 43 2
9 21 2
2 17 2
3 6 2
19 22 2
18 40 1
15 16 2
13 48 1
16 17 2
13 34 2
11 16 2
9 40 2
17 27 2
1 25 2
5 16 2
8 17 2
4 56 1
9 11 2
20 52 1
0 7 2
21 25 2
16 58 1
35 48 2
1 37 1
16 34 2
20 50 2
21 27 2
21 39 1
13 24 2
9 15 2
3 23 2
12 55 2
19 52 1
1 4 2
6 28 2
14 41 1
6 55 1
16 21 2
9 44 1
35 51 1
23 41 1
28 45 1
8 44 1
26 50 1
28 42 1
1 56 1
17 36 1
5 43 1
24 25 2
18 26 2
4 15 2
5 44 1
11 31 2
6 7 2
23 34 2
11 33 2
5 49 1
7 54 2
16 55 2
10 33 2
5 7 2
16 22 2
14 51 1
28 54 1
20 29 2
21 28 2
0 36 2
28 57 1
14 59 1
5 36 1
7 50 1
0 4 2
2 45 1
14 16 2
8 23 2
32 36 2
26 31 2
19 39 2
6 41 2
11 38 1
5 15 2
17 37 1
9 59 1
20 22 2
5 47 2
30 41 2
0 14 2
11 30 2
17 59 1
23 35 2
8 13 2
12 19 2
12 14 2
16 54 1
7 38 2
18 54 1
7 46 2
11 44 1
3 20 2
6 8 2
5 58 1
18 23 2
18 36 1
28 32 2
12 29 2
10 51 2
13 58 1
34 57 1
5 8 2
12 15 2
15 46 1
35 49 2
15 23 2
10 20 2
1 5 2
0 12 2
4 48 1
19 49 2
8 59 2
0 25 2
28 39 1
0 13 2
7 41 2
19 59 1
11 39 1
9 45 2
9 29 2
15 17 2
8 45 1
25 46 2
32 45 2
9 19 2
16 26 2
17 29 2
31 42 1
1 2 2
2 44 1
25 56 2
30 51 1
14 32 2
15 52 1
21 24 2
14 15 2
21 26 2
4 22 2
31 53 1
1 48 1
1 41 1
24 32 2
5 27 2
4 52 1
12 20 2
0 17 2
22 56 1
10 17 2
25 28 2
12 24 2
7 27 2
16 51 1
4 9 2
32 50 2
24 31 2
7 32 2
34 40 2
2 16 2
12 51 1
1 21 2
2 7 2
0 33 2
32 51 2
7 10 2
17 49 1
4 27 2
8 35 2
21 36 1
7 33 2
16 50 1
23 29 2
0 18 2
2 3 2
19 46 1
31 56 2
26 33 2
10 26 2
32 35 2
10 31 2
4 5 2
20 32 2
11 27 2
30 40 1
4 57 1
31 46 2
9 34 2
7 21 2
12 50 1
7 48 2
3 51 1
4 35 2
19 33 2
33 55 1
14 34 2
32 46 2
23 24 2
1 52 1
16 46 1
14 17 2
18 44 2
16 36 1
18 21 2
0 29 2
29 40 2
19 51 1
16 27 2
19 27 2
8 56 2
29 50 2
13 33 2
23 52 1
23 56 2
19 25 2
3 16 2
22 51 1
5 41 1
17 34 2
20 35 2
6 22 2
12 23 2
21 23 2
7 28 2
23 46 1
8 25 2
28 51 1
8 22 2
4 29 2
30 53 2
6 36 2
4 46 2
14 18 2
6 40 1
0 57 2
1 18 2
16 32 2
34 52 1
29 57 2
5 51 1
9 32 2
4 53 1
24 29 2
17 26 2
28 40 1
20 46 1
24 59 1
27 48 1
4 31 2
1 26 2
11 26 2
35 47 1
0 49 1
5 26 2
28 46 1
33 36 2
29 46 2
18 46 1
0 38 1
12 27 2
8 31 2
4 12 2
4 43 1
14 26 2
6 12 2
33 43 1
13 28 2
1 19 2
24 41 1
14 35 2
3 37 1
3 13 2
26 40 2
8 52 1
30 44 1
13 16 2
16 59 1
4 16 2
21 30 2
4 58 1
3 33 2
32 38 1
14 23 2
26 30 2
4 13 2
23 44 2
22 33 2
31 34 2
27 34 2
8 28 2
8 57 2
21 35 2
18 20 2
26 48 1
6 44 1
31 54 2
18 50 1
9 26 2
0 52 1
15 21 2
8 42 1
15 25 2
8 12 2
28 59 1
16 29 2
3 34 2
15 18 2
10 13 2
30 43 2
8 27 2
2 8 2
14 24 2
10 15 2
7 57 1
13 54 1
18 41 1
12 56 1
3 22 2
25 30 2
20 39 1
13 41 1
11 53 1
28 34 2
32 44 2
12 35 2
5 24 2
14 42 1
15 49 1
9 55 1
10 23 2
8 16 2
3 39 1
3 42 2
24 46 2
30 32 2
14 31 2
2 35 2
27 54 1
27 39 2
20 55 1
4 51 2
33 52 2
4 34 2
2 26 2
13 21 2
28 43 1
17 32 2
6 57 2
2 29 2
29 34 2
12 39 1
5 34 2
18 53 1
12 31 2
24 45 1
34 46 1
28 55 1
1 23 2
16 25 2
14 21 2
10 18 2
14 43 1
18 32 2
11 49 1
1 13 2
30 55 1
1 32 2
17 35 2
21 54 1
15 31 2
0 28 2
26 41 1
9 17 2
32 34 2
8 9 2
24 53 2
2 19 2
33 45 2
12 43 1
18 47 1
13 36 1
20 51 1
2 49 1
35 42 1
8 24 2
21 22 2
12 16 2
18 29 2
4 6 2
14 49 1
2 20 2
1 29 2
2 41 1
8 32 2
9 27 2
28 48 1
15 35 2
13 42 2
11 12 2
11 17 2
13 44 1
6 46 2
12 18 2
25 29 2
3 54 2
26 29 2
15 19 2
9 25 2
0 3 2
0 37 2
24 51 1
2 47 1
3 4 2
4 36 1
2 33 2
1 14 2
17 30 2
20 25 2
4 14 2
3 31 2
20 41 1
33 42 1
10 28 2
3 26 2
4 33 2
4 47 2
25 55 2
13 17 2
16 53 2
17 39 1
11 46 2
23 31 2
0 9 2
29 51 1
27 35 2
22 41 1
6 24 2
2 37 1
6 51 1
20 57 1
29 33 2
17 22 2
21 46 2
18 42 2
35 38 2
13 38 1
7 37 1
7 11 2
13 14 2
25 32 2
16 30 2
2 36 2
26 52 1
10 59 2
20 30 2
31 51 1
16 47 1
7 58 1
7 34 2
5 39 2
6 50 1
8 20 2
6 14 2
32 43 2
20 26 2
22 50 2
20 37 1
6 9 2
3 57 2
20 49 1
29 56 1
8 39 1
10 57 1
17 33 2
24 33 2
12 34 2
12 33 2
19 58 1
27 41 1
6 32 2
17 23 2
24 28 2
5 56 1
1 30 2
18 28 2
15 41 2
3 18 2
19 37 1
17 19 2
7 45 2
21 47 1
32 54 2
32 41 2
25 42 1
22 23 2
4 26 2
20 36 1
22 29 2
21 32 2
19 34 2
20 54 1
22 37 1
10 14 2
2 24 2
27 32 2
3 7 2
2 6 2
19 28 2
6 30 2
12 41 1
2 30 2
0 31 2
1 34 2
6 18 2
6 13 2
13 31 2
1 45 2
25 38 2
25 47 1
3 11 2
1 17 2
7 30 2
15 34 2
14 38 2
26 44 1
6 23 2
25 48 1
1 47 1
0 15 2
27 56 1
5 33 2
23 58 1
8 10 2
1 43 2
1 9 2
2 27 2
12 21 2
8 11 2
5 48 2
9 36 1
26 34 2
11 41 2
28 37 2
35 58 1
3 58 1
24 58 1
13 22 2
22 32 2
7 26 2
6 16 2
18 37 1
2 51 1
28 49 1
9 13 2
0 55 1
11 57 1
2 48 1
11 15 2
19 53 2
0 35 2
16 44 1
3 30 2
28 29 2
1 27 2
30 52 1
28 31 2
35 56 1
9 20 2
25 35 2
31 36 1
9 30 2
21 45 1
10 27 2
22 35 2
13 25 2
23 55 1
11 43 2
31 48 1
16 24 2
15 28 2
23 38 1
1 11 2
3 28 2
35 45 1
31 35 2
19 45 1
17 25 2
26 39 1
20 53 1
10 42 1
5 20 2
30 49 2
20 31 2
22 24 2
1 33 2
18 34 2
10 43 2
7 23 2
5 25 2
34 56 2
9 56 2
15 45 1
23 50 2
11 40 1
23 42 1
29 36 1
21 41 1
23 45 1
3 15 2
4 24 2
3 9 2
13 26 2
11 37 2
25 33 2
25 36 1
20 24 2
20 38 1
3 8 2
17 51 2
13 29 2
30 34 2
26 37 2
19 32 2
4 37 1
8 29 2
9 48 2
14 19 2
19 31 2
10 19 2
5 22 2
0 48 1
20 56 1
20 33 2
0 59 2
27 38 2
24 30 2
32 37 1
30 48 1
27 47 1
30 47 1
2 57 1
29 52 2
23 30 2
10 34 2
26 28 2
9 14 2
7 24 2
35 50 1
3 35 2
1 22 2
2 11 2
12 58 1
27 33 2
10 25 2
7 16 2
1 10 2
2 23 2
31 33 2
17 43 1
0 20 2
34 51 2
15 36 1
3 17 2
19 38 2
0 47 1
23 27 2
5 23 2
10 11 2
3 59 1
17 24 2
21 59 1
21 51 1
21 40 1
25 26 2
0 24 2
33 50 2
4 20 2
4 8 2
7 9 2
1 31 2
14 20 2
16 28 2
35 46 2
6 39 2
15 33 2
9 41 1
34 35 2
6 25 2
13 32 2
10 55 2
0 19 2
5 29 2
1 28 2
22 28 2
3 44 1
11 24 2
24 37 1
1 49 2
3 40 1
7 55 1
1 6 2
21 37 2
17 20 2
13 56 2
0 26 2
23 33 2
1 39 1
20 21 2
2 56 1
31 40 2
10 21 2
9 51 2
22 25 2
14 54 1
1 35 2
6 10 2
19 56 1
10 44 1
6 21 2
1 8 2
34 43 2
6 11 2
31 47 1
17 21 2
8 34 2
13 23 2
4 17 2
34 47 2
16 56 1
33 48 2
18 25 2
20 27 2
10 58 1
25 52 2
5 19 2
27 36 1
32 57 1
11 21 2
10 52 1
3 19 2
8 18 2
21 49 2
34 41 2
11 22 2
0 1 2
26 43 1
11 18 2
23 32 2
0 58 1
16 19 2
27 30 2
22 43 1
3 12 2
18 22 2
1 57 1
21 56 1
18 31 2
11 28 2
21 44 1
6 43 2
26 59 1
0 5 2
8 30 2
13 30 2
33 56 1
7 31 2
30 50 1
14 30 2
16 18 2
30 31 2
15 56 1
15 20 2
7 49 1
17 40 1
10 36 1
16 35 2
0 11 2
31 38 1
30 36 1
9 33 2
6 31 2
26 32 2
2 25 2
4 23 2
5 59 2
10 49 2
21 55 1
2 22 2
26 47 1
15 22 2
8 15 2
16 33 2
4 10 2
18 33 2
15 26 2
31 32 2
7 19 2
5 11 2
2 5 2
33 38 1
25 41 1
31 45 1
34 48 2
13 37 1
35 43 2
30 57 1
12 28 2
34 38 1
27 40 1
24 47 1
30 59 1
9 54 1
12 47 1
7 51 2
22 39 1
32 55 1
14 28 2
6 33 2
1 38 1
31 49 2
7 25 2
25 53 2
5 30 2
9 37 1
25 57 1
21 29 2
8 58 2
21 38 1
2 10 2
0 10 2
19 21 2
10 16 2
17 54 1
23 28 2
14 27 2
0 30 2
24 26 2
29 30 2
8 33 2
0 21 2
14 58 1
33 58 2
14 39 1
5 37 2
11 55 2
9 18 2
6 56 1
24 43 2
6 27 2
14 55 2
2 31 2
17 50 1
12 13 2
10 32 2
30 42 1
21 52 2
23 25 2
13 46 1
9 28 2
24 49 1
28 30 2
11 48 1
2 34 2
14 22 2
20 28 2
13 15 2
2 12 2
7 59 1
14 50 2
22 30 2
5 18 2
9 12 2
19 29 2
3 32 2
7 15 2
0 32 2
4 11 2
12 48 1
26 55 1
4 59 1
21 34 2
3 27 2
10 30 2
10 35 2
29 32 2
30 33 2
10 39 2
12 54 2
22 54 1
6 52 2
3 14 2
5 31 2
11 32 2
5 21 2
10 47 1
10 53 2
22 58 2
16 40 1
10 48 1
12 36 1
8 46 1
7 18 2
25 45 1
16 39 1
27 44 1
3 41 1
31 58 1
0 34 2
15 42 1
3 56 1
25 27 2
33 37 1
6 54 1
9 53 1
10 46 2
27 50 1
9 35 2
1 58 1
14 33 2
2 53 1
11 19 2
31 41 2
0 27 2
18 39 2
5 17 2
15 58 2
23 47 1
35 40 1
12 30 2
9 42 2
12 49 1
31 55 1
5 45 2
12 46 1
34 39 1
9 24 2
11 20 2
26 38 1
27 28 2
26 35 2
3 25 2
4 18 2
32 52 1
5 32 2
7 8 2
18 35 2
4 19 2
18 24 2
20 43 2
19 26 2
5 13 2
12 25 2
24 27 2
24 36 1
8 50 2
5 28 2
14 52 1
29 47 2
26 36 1
16 48 1
11 42 2
11 23 2
1 15 2
13 39 1
33 57 2
6 29 2
1 16 2
22 45 1
1 3 2
7 22 2
19 20 2
9 16 2
8 14 2
7 13 2
20 44 1
33 34 2
6 35 2
0 6 2
27 45 1
19 23 2
32 33 2
22 34 2
29 54 1
19 35 2
2 58 2
9 39 1
27 59 1
22 53 1
4 30 2
24 39 2
1 12 2
22 31 2
7 35 2
26 53 2
10 40 2
15 27 2
11 34 2
10 22 2
30 38 1
16 52 1
0 22 2
16 20 2
7 20 2
2 14 2
11 14 2
3 21 2
5 55 2
17 42 2
33 35 2
10 12 2
5 6 2
24 52 1
22 36 1
11 29 2
9 10 2
10 56 1
15 38 2
29 31 2
23 51 1
2 38 1
24 56 2
3 45 1
28 44 1
0 8 2
16 57 2
4 50 1
32 53 1
18 43 2
12 52 1
32 42 2
2 42 1
5 35 2
9 22 2
7 17 2
23 36 2
15 24 2
27 31 2
8 19 2
2 21 2
17 28 2
29 43 1
25 59 2
13 20 2
0 45 1
19 41 2
17 18 2
2 9 2
32 56 2
2 15 2
23 26 2
4 49 2
0 23 2
2 32 2
12 40 1
13 18 2
18 19 2
2 13 2
24 40 1
12 17 2
12 22 2
31 57 1
17 48 1
1 7 2
4 32 2
5 10 2
14 47 2
25 51 2
27 29 2
3 43 1
30 35 2
17 55 2
18 30 2
15 29 2
32 49 2
7 14 2
29 38 1
23 48 1
17 45 1
34 53 1
4 25 2
16 31 2
14 25 2
20 23 2
0 2 2
6 20 2
10 24 2
1 24 2
4 28 2
5 14 2
24 42 1
30 39 2
1 53 1
25 50 1
27 58 1
10 29 2
17 31 2
9 23 2
5 9 2
19 36 1
21 33 2
3 29 2
8 55 2
13 27 2
14 37 2
11 13 2
33 39 2
15 48 1
5 46 1
25 31 2
2 55 1
0 56 1
6 58 1
13 19 2
19 24 2
35 37 2
18 27 2
19 43 1
6 17 2
5 12 2
2 4 2
11 36 1
11 56 1
26 45 1
12 44 2
6 26 2
15 30 2
4 45 1
6 45 1
20 34 2
1 20 2
11 50 1
20 59 1
26 27 2
18 49 2
18 38 1
33 59 1
28 33 2
6 15 2
15 32 2
11 58 1
11 35 2
12 59 1
9 31 2
14 40 1
11 45 1
8 26 2
21 31 2
4 21 2
