% n=40 p=33 d=0.66 p_blue=0.33
10 11 2
1 27 1
12 36 1
3 16 1
8 33 2
5 18 1
6 25 1
3 22 1
2 34 1
3 13 2
10 31 2
0 11 2
7 11 2
1 2 2
4 37 1
10 33 1
11 16 1
4 23 1
8 13 2
9 37 1
5 38 2
1 34 2
9 10 2
13 21 1
12 18 1
13 39 2
6 23 1
8 30 2
7 21 1
9 22 1
8 19 1
8 15 2
9 39 1
9 30 1
7 34 2
13 24 1
2 6 2
1 16 1
10 25 1
8 20 1
2 11 2
7 36 2
8 9 2
4 19 2
8 14 2
9 11 2
8 35 2
7 12 2
6 38 1
12 14 2
9 18 1
13 16 1
12 13 2
9 12 2
11 15 1
0 7 2
3 6 2
12 30 1
12 37 1
13 30 2
7 25 1
7 32 1
7 30 1
0 8 2
1 18 1
9 14 2
11 39 1
3 19 2
4 13 2
3 34 1
0 15 2
1 22 1
2 20 1
6 16 2
5 28 1
3 25 2
2 21 2
8 28 1
11 34 2
0 29 1
2 22 1
4 18 1
0 25 1
1 20 2
12 23 1
4 26 1
13 37 1
12 39 2
8 31 1
4 33 1
7 37 1
5 8 2
11 38 1
0 5 2
10 30 1
1 5 2
10 35 1
1 14 1
10 13 2
7 17 2
5 26 1
13 38 1
12 16 1
0 34 2
12 26 1
13 32 1
0 18 2
4 21 2
1 3 2
1 24 2
3 7 2
2 16 1
7 23 1
5 19 1
5 30 2
6 26 2
5 20 1
5 29 1
12 28 1
4 28 1
2 8 2
5 36 2
13 36 1
1 9 2
13 15 1
3 5 2
3 38 1
9 25 1
4 11 2
6 11 2
1 30 2
6 12 2
2 5 2
8 39 2
5 37 1
13 18 1
1 29 2
12 15 1
2 14 1
9 33 2
9 23 1
5 23 1
6 35 2
1 13 2
2 25 1
5 10 2
0 28 2
2 38 1
1 8 2
4 38 1
3 20 1
13 26 2
0 12 2
2 12 2
11 13 2
8 26 2
9 24 2
10 37 1
4 9 2
12 34 2
11 17 1
9 38 1
8 22 2
8 25 2
6 28 2
1 21 1
7 28 1
4 35 2
4 29 1
5 33 1
0 13 2
11 27 2
5 17 2
4 32 1
4 16 1
6 9 2
0 35 1
9 31 1
5 11 2
6 8 2
11 32 1
8 27 1
1 23 1
4 7 2
3 4 2
9 13 2
8 10 2
8 18 1
4 6 2
11 23 2
5 13 2
5 31 2
0 38 1
2 3 2
1 33 1
0 9 2
9 35 1
8 16 1
0 10 2
0 4 2
4 15 1
1 19 1
4 30 1
4 10 2
3 30 1
5 12 2
0 2 2
1 37 1
2 18 2
7 33 1
11 33 1
3 31 1
12 25 1
1 10 2
10 16 2
1 32 2
6 34 1
10 12 2
2 9 2
3 36 2
5 7 2
3 12 2
11 24 2
13 19 1
6 13 2
2 19 2
9 21 2
5 27 2
8 11 2
8 21 1
11 12 2
5 9 2
13 25 1
1 6 2
1 12 2
11 29 1
3 9 2
5 34 2
10 32 2
7 14 2
4 25 1
4 12 2
11 28 2
1 4 2
2 4 2
5 6 2
0 32 1
3 10 2
12 21 1
6 14 1
6 27 1
13 28 1
2 10 2
13 29 2
9 16 1
0 16 2
3 8 2
6 30 1
11 25 2
6 18 1
7 39 2
7 13 2
1 7 2
4 17 1
1 15 2
3 17 1
9 28 2
4 36 1
3 14 1
10 29 2
0 23 1
10 20 1
1 28 2
12 27 2
0 31 1
2 30 1
3 11 2
3 27 1
5 14 1
1 11 2
2 28 1
2 29 1
3 24 2
8 17 1
8 12 2
13 20 2
4 5 2
3 21 1
6 10 2
13 31 1
9 29 1
12 17 1
4 8 2
9 17 1
2 13 2
5 16 1
0 6 2
2 31 2
2 35 1
0 24 1
6 36 1
8 36 2
1 25 2
2 15 2
10 15 1
2 32 1
7 29 2
7 9 2
0 1 2
9 32 1
10 17 2
7 38 1
7 10 2
6 7 2
6 37 1
1 31 1
9 36 1
13 22 1
0 3 2
7 31 1
10 14 1
1 38 1
10 22 2
7 15 1
7 8 2
12 19 2
2 23 2
5 24 2
2 7 2
1 35 1
9 34 1
6 31 1
