% n=30 p=33 d=0.33 p_blue=0.66
5 11 1
6 20 2
1 28 2
4 9 2
0 18 1
2 3 2
3 18 2
8 9 2
1 19 2
1 5 2
2 6 2
4 28 2
7 23 2
5 10 1
0 13 2
2 7 2
2 16 2
2 24 1
3 9 2
2 28 1
8 24 1
9 24 1
0 3 2
0 8 2
5 27 2
1 7 2
4 7 2
4 13 2
3 22 1
0 26 2
8 29 2
4 6 2
1 9 2
5 7 2
8 12 1
4 23 2
0 4 2
2 18 1
0 9 2
8 25 1
3 21 2
3 10 2
0 14 1
7 20 2
0 6 2
6 11 2
8 28 2
0 29 2
0 5 2
1 17 2
6 23 1
7 8 2
3 20 2
0 7 2
4 22 1
5 20 2
3 25 1
4 29 1
3 28 1
0 28 2
9 21 2
5 19 2
1 4 2
0 25 2
0 11 2
2 11 1
2 8 2
2 10 2
1 22 2
9 15 2
2 5 2
8 27 1
4 12 1
2 27 2
5 6 2
1 8 2
7 22 2
1 21 1
5 12 2
6 7 2
7 9 2
2 4 2
5 9 2
9 28 1
8 18 1
3 7 2
7 28 2
3 6 2
6 16 2
5 8 2
2 22 2
3 19 2
1 3 2
8 10 1
0 2 2
2 14 2
3 5 2
4 5 2
9 25 1
6 8 2
2 9 2
8 20 1
3 8 2
7 26 2
3 14 2
1 14 2
6 9 2
3 4 2
4 8 2
8 11 2
0 17 2
6 21 2
0 1 2
9 19 2
2 21 2
1 2 2
6 15 2
1 29 2
1 6 2
