% n=25 p=33 d=0.33 p_blue=0.66
% k=0
6 14 1
7 8 2
8 21 2
5 22 2
6 10 2
3 5 2
1 15 1
5 19 2
0 10 2
8 23 2
6 7 2
8 20 1
6 16 2
6 18 1
0 19 2
0 18 2
0 1 2
6 13 2
1 13 2
3 15 2
7 14 2
2 19 2
3 8 2
8 9 2
8 19 2
7 20 2
5 13 2
5 8 2
4 20 2
7 16 2
1 21 1
0 8 2
3 18 2
4 7 2
5 23 2
1 7 2
2 16 2
4 21 1
0 3 2
2 20 1
4 15 2
4 16 2
4 23 2
0 17 2
0 6 2
1 6 2
8 16 1
4 11 2
8 11 2
3 6 2
1 19 1
0 11 2
3 16 2
22 24 2
5 24 1
14 22 1
1 12 2
5 7 2
6 8 1
3 24 2
7 24 2
2 22 1
1 5 2
1 22 1
8 24 1
0 14 2
4 14 1
2 14 2
0 4 1
2 12 2
1 4 1
2 5 2
5 14 1
3 12 1
6 24 2
1 14 1
8 14 1
4 22 1
6 12 1
4 8 1
3 7 2
1 3 1
1 8 2
0 12 1
4 5 1
12 22 2
1 24 1
2 4 2
2 8 1
2 24 1
6 22 1
4 6 1
