% n=25 p=33 d=0.66 p_blue=0.33
% k=0
7 21 1
1 8 2
8 14 1
5 9 1
5 14 1
3 17 2
4 11 1
6 19 1
6 21 1
8 16 1
4 23 1
7 12 1
4 13 2
8 11 2
0 9 1
2 11 1
2 15 1
5 24 1
7 9 1
0 1 2
3 6 2
2 16 1
4 18 2
0 16 1
6 12 2
5 12 1
1 23 1
1 17 1
7 17 1
1 18 2
8 24 1
2 13 1
6 9 2
2 17 2
2 23 1
8 9 1
3 16 1
7 23 2
2 24 1
3 12 2
4 20 1
0 14 2
0 8 2
3 13 1
4 22 2
5 8 2
3 21 1
3 11 1
3 23 1
5 10 1
7 16 1
0 10 1
0 20 1
1 9 2
7 13 2
0 22 1
5 20 1
1 21 1
8 12 1
2 12 1
4 10 2
8 21 2
4 15 1
4 12 2
1 4 2
1 16 2
3 14 2
3 18 1
3 9 1
1 13 1
5 17 1
5 11 1
0 24 1
2 21 1
7 18 1
6 23 1
0 11 1
1 10 1
7 14 1
0 23 1
0 18 1
8 20 1
8 13 2
4 24 1
0 7 1
4 8 1
5 19 2
1 19 2
2 22 1
3 22 2
3 8 1
7 15 1
0 6 1
4 5 1
0 19 1
19 22 1
4 6 1
3 19 2
1 15 2
6 7 1
2 4 1
7 22 2
1 22 1
2 19 2
5 22 2
6 8 1
7 8 2
5 7 1
15 19 1
1 6 1
8 19 2
2 5 2
0 2 2
2 6 1
1 2 2
1 5 1
1 3 2
1 7 1
6 15 1
8 15 1
