% n=100 p=60 d=0.33 p_blue=0.33
% k=0
14 31 2
24 52 2
35 59 2
47 57 2
3 11 2
22 42 2
13 79 2
42 85 2
28 84 1
5 42 2
22 56 2
3 59 2
4 91 1
2 21 2
19 38 2
20 79 2
6 25 2
2 4 2
16 71 2
34 62 1
20 22 2
12 37 2
55 62 1
19 67 2
33 53 2
26 48 2
0 2 2
29 52 2
23 34 2
28 43 2
44 58 2
14 29 2
29 47 2
22 54 2
12 19 2
15 82 1
59 68 1
46 53 2
39 62 1
1 23 2
41 70 1
8 53 2
22 35 2
42 43 2
14 55 2
48 92 1
3 35 2
37 64 2
32 35 2
19 54 2
35 52 2
22 58 2
48 64 1
42 55 2
43 81 1
9 41 2
39 57 2
32 68 1
55 95 1
51 84 1
28 96 1
32 58 2
12 36 2
31 59 2
8 34 2
48 85 1
24 25 2
7 59 2
16 44 2
7 51 2
8 39 2
9 28 2
24 31 2
47 94 2
13 27 2
50 57 2
18 25 2
13 20 2
10 38 2
28 30 2
41 42 2
53 97 1
13 42 2
2 37 2
10 96 1
4 6 2
14 19 2
39 51 2
53 91 1
6 7 2
35 88 1
48 76 1
8 54 2
25 62 1
30 56 2
4 96 1
47 49 2
26 50 2
5 51 2
6 94 1
42 90 1
16 50 2
38 49 2
44 50 2
28 39 2
38 39 2
20 44 2
50 77 1
52 68 1
23 58 2
15 23 2
51 76 2
29 60 1
14 37 2
20 49 2
24 27 2
6 31 2
39 87 2
7 34 2
2 96 1
39 52 2
38 89 1
55 57 2
34 39 2
10 20 2
23 97 2
11 46 2
31 58 2
46 49 2
35 53 2
5 10 2
4 82 1
12 63 1
8 63 1
23 52 2
25 56 2
21 59 2
31 48 2
2 35 2
10 32 2
25 31 2
34 43 2
17 31 2
21 58 2
1 14 2
1 30 2
40 62 1
53 96 1
13 23 2
19 99 2
2 46 2
12 34 2
37 44 2
10 26 2
6 97 1
59 60 2
18 43 2
19 34 2
24 32 2
16 53 2
11 97 1
25 85 1
2 3 2
17 56 2
12 53 2
0 41 2
38 44 2
13 50 2
40 55 2
16 29 2
28 67 1
12 57 2
10 40 2
4 79 1
15 58 2
47 75 2
56 68 2
32 33 2
37 45 2
19 37 2
3 64 1
7 15 2
13 76 1
11 85 1
8 23 2
9 22 2
16 35 2
3 29 2
29 35 2
2 52 2
4 59 2
20 54 2
41 72 1
45 80 1
11 23 2
2 87 2
13 32 2
14 83 1
12 60 2
6 19 2
33 36 2
24 42 2
38 85 1
58 67 1
9 74 2
5 35 2
37 50 2
5 57 2
24 37 2
2 5 2
39 92 1
0 28 2
8 31 2
16 27 2
19 60 2
22 41 2
35 40 2
45 72 1
42 48 2
21 52 2
13 33 2
57 74 2
9 52 2
43 79 1
8 65 1
3 85 1
51 98 1
43 48 2
32 80 1
22 25 2
22 32 2
52 94 1
42 57 2
4 48 2
50 96 1
13 58 2
36 89 1
42 54 2
33 40 2
28 72 1
9 93 1
21 46 2
25 61 1
15 55 2
22 26 2
50 74 2
36 56 2
18 55 2
56 59 2
17 60 1
2 49 2
17 89 1
15 48 2
16 43 2
42 97 1
5 44 2
22 50 2
5 68 2
45 97 2
6 17 2
51 87 1
54 67 1
21 26 2
28 33 2
5 32 2
10 42 2
2 44 2
17 67 2
20 42 2
16 33 2
5 90 1
57 99 1
3 44 2
9 30 2
3 36 2
58 85 2
26 51 2
52 71 1
1 13 2
13 70 1
30 94 1
2 28 2
19 23 2
4 80 1
11 76 1
0 82 1
41 49 2
0 42 2
21 41 2
13 28 2
18 46 2
8 49 2
21 99 1
38 84 2
2 25 2
23 24 2
8 35 2
2 24 2
5 43 2
0 34 2
15 20 2
2 38 2
21 30 2
30 37 2
1 21 2
1 31 2
5 66 2
22 84 1
56 88 2
21 82 1
11 27 2
25 43 2
25 40 2
0 55 2
1 49 2
1 55 2
17 63 2
34 35 2
28 34 2
21 88 2
51 73 2
18 28 2
8 33 2
8 55 2
7 56 2
24 88 1
38 94 2
52 85 1
6 51 2
1 48 2
1 38 2
57 85 1
28 55 2
47 81 2
13 36 2
20 38 2
21 42 2
4 26 2
27 92 2
0 46 2
24 68 2
33 34 2
26 80 2
5 80 1
32 37 2
7 11 2
23 31 2
5 7 2
2 45 2
10 63 2
31 73 1
14 36 2
55 92 1
42 53 2
28 68 1
22 31 2
36 98 1
40 58 2
43 80 1
1 66 1
36 64 1
23 40 2
39 54 2
27 98 1
9 91 2
9 19 2
54 84 2
14 98 2
53 72 2
30 47 2
32 53 2
31 71 1
23 38 2
6 38 2
55 74 2
4 58 2
8 76 1
12 32 2
0 13 2
51 99 1
22 51 2
27 45 2
35 51 2
11 47 2
1 85 1
29 38 2
5 37 2
12 78 1
21 63 2
31 51 2
36 47 2
41 56 2
12 99 2
3 50 2
15 16 2
37 49 2
16 24 2
40 48 2
18 78 1
6 35 2
8 21 2
10 95 1
0 16 2
15 38 2
2 34 2
50 59 2
0 5 2
3 33 2
10 56 2
40 96 2
8 84 1
4 54 2
12 17 2
18 99 1
20 70 1
29 33 2
36 92 1
7 22 2
19 39 2
11 67 1
1 79 2
0 92 2
2 39 2
14 50 2
13 78 1
53 79 1
11 50 2
36 39 2
56 58 2
2 6 2
18 40 2
4 13 2
45 53 2
28 46 2
28 45 2
21 33 2
32 54 2
34 77 1
10 93 1
42 58 2
2 78 1
16 45 2
4 55 2
32 42 2
46 69 1
8 42 2
27 42 2
12 89 1
53 59 2
7 32 2
22 29 2
21 43 2
27 57 2
36 46 2
26 45 2
48 51 2
8 16 2
36 90 1
4 53 2
10 28 2
0 26 2
7 18 2
17 40 2
20 47 2
2 19 2
28 56 2
8 70 1
1 3 2
40 50 2
23 51 2
51 92 1
25 84 1
44 59 2
41 59 2
30 83 1
5 87 1
28 29 2
20 50 2
46 58 2
45 78 1
22 47 2
1 53 2
47 55 2
1 56 2
25 48 2
49 53 2
30 61 2
0 53 2
3 49 2
13 57 2
17 97 1
10 21 2
20 67 1
20 32 2
17 46 2
54 68 2
23 43 2
7 9 2
43 77 1
59 72 1
17 35 2
52 56 2
30 48 2
18 27 2
12 59 2
39 53 2
4 20 2
5 14 2
5 79 1
21 36 2
15 37 2
8 24 2
43 60 2
3 89 1
13 68 1
27 47 2
22 23 2
10 85 1
2 20 2
0 72 2
25 42 2
33 64 1
22 67 2
16 49 2
24 59 2
30 87 1
20 41 2
45 90 1
24 41 2
41 94 1
8 79 1
53 67 1
1 26 2
0 98 2
38 43 2
7 77 1
0 31 2
29 32 2
16 85 1
11 57 2
51 54 2
26 57 2
4 16 2
37 58 2
22 90 1
34 38 2
6 59 2
25 28 2
10 81 2
7 23 2
6 86 1
52 75 1
5 56 2
53 76 2
29 50 2
1 4 2
21 47 2
19 83 2
30 59 2
50 73 1
22 91 1
0 81 1
14 92 1
5 50 2
4 25 2
3 56 2
26 41 2
53 90 2
19 21 2
19 33 2
25 51 2
33 54 2
0 7 2
50 58 2
5 39 2
14 82 2
52 53 2
7 90 1
41 58 2
13 69 2
26 96 1
30 51 2
9 17 2
51 56 2
3 39 2
56 99 1
27 29 2
28 98 1
39 59 2
18 44 2
10 47 2
12 40 2
18 59 2
47 51 2
46 55 2
37 57 2
13 61 1
19 58 2
17 36 2
16 34 2
51 72 1
29 72 1
25 36 2
33 37 2
39 40 2
29 86 1
46 52 2
19 65 1
21 23 2
29 56 2
23 84 2
12 25 2
33 55 2
0 54 2
16 18 2
14 67 1
21 90 1
59 63 1
2 53 2
23 32 2
31 57 2
14 81 1
55 80 2
19 51 2
41 50 2
30 50 2
55 87 1
3 45 2
20 28 2
23 49 2
5 40 2
47 65 2
23 47 2
12 51 2
0 36 2
51 95 1
22 59 2
52 63 1
44 99 1
25 67 1
3 41 2
1 45 2
41 84 1
7 48 2
8 37 2
12 49 2
57 78 2
17 28 2
47 78 1
18 54 2
34 80 2
28 91 1
4 39 2
23 28 2
30 81 2
20 43 2
30 78 2
20 39 2
9 42 2
35 49 2
17 55 2
8 57 2
40 80 1
1 22 2
4 86 1
6 55 2
24 47 2
45 48 2
11 39 2
11 56 2
28 32 2
32 46 2
16 31 2
22 24 2
8 74 1
56 65 1
14 22 2
37 38 2
10 84 2
14 70 1
53 94 1
10 19 2
26 52 2
37 95 1
11 22 2
7 52 2
26 70 1
1 72 2
44 48 2
8 85 1
10 50 2
10 23 2
4 10 2
10 46 2
0 30 2
9 95 1
12 82 2
30 89 1
30 40 2
43 59 2
34 70 1
25 34 2
4 27 2
41 52 2
21 35 2
14 77 1
43 96 1
0 47 2
43 68 1
28 41 2
57 96 1
26 55 2
20 76 1
19 59 2
18 57 2
4 44 2
50 65 2
15 80 1
9 79 2
32 91 1
20 58 2
2 13 2
0 27 2
53 56 2
16 22 2
43 45 2
43 56 2
7 25 2
32 59 2
3 55 2
35 78 2
37 47 2
31 32 2
49 51 2
55 86 2
24 48 2
59 79 1
2 43 2
1 37 2
5 46 2
4 17 2
1 12 2
21 45 2
14 35 2
25 53 2
30 52 2
4 8 2
2 40 2
35 47 2
1 40 2
17 44 2
13 63 1
7 54 2
17 48 2
23 42 2
33 95 2
11 79 1
45 47 2
18 36 2
27 34 2
6 79 2
1 6 2
36 73 2
15 62 2
5 55 2
1 93 1
10 78 2
7 58 2
6 45 2
9 55 2
48 75 1
24 39 2
2 59 2
49 74 1
35 38 2
6 50 2
19 41 2
30 44 2
48 56 2
45 49 2
19 50 2
10 73 2
55 64 1
20 26 2
47 52 2
10 43 2
25 35 2
0 48 2
18 30 2
33 98 1
1 16 2
22 75 1
1 44 2
7 91 1
30 31 2
1 54 2
0 37 2
1 11 2
22 27 2
37 43 2
31 37 2
7 33 2
16 98 1
10 12 2
29 39 2
38 41 2
44 64 1
11 52 2
4 78 2
42 49 2
29 67 2
23 46 2
3 61 2
2 75 2
46 99 1
24 56 2
2 27 2
5 59 2
56 80 1
43 92 1
23 27 2
24 33 2
26 58 2
2 12 2
4 31 2
9 80 1
4 11 2
9 14 2
26 43 2
13 39 2
18 41 2
9 20 2
19 55 2
4 18 2
14 32 2
20 97 2
1 86 1
18 23 2
50 85 1
10 34 2
47 53 2
41 63 2
15 25 2
32 45 2
32 71 1
46 81 2
1 2 2
13 31 2
15 42 2
31 95 2
23 25 2
34 93 1
29 37 2
48 53 2
6 49 2
31 54 2
18 56 2
12 52 2
15 36 2
5 13 2
13 22 2
46 72 1
39 46 2
9 53 2
26 64 1
13 51 2
45 59 2
20 82 2
34 58 2
17 26 2
34 65 1
16 63 1
25 90 1
6 80 1
22 45 2
17 57 2
41 77 1
21 24 2
0 12 2
59 64 1
36 58 2
5 16 2
0 14 2
26 85 1
39 70 2
44 84 2
8 27 2
0 25 2
36 49 2
15 54 2
53 61 1
25 27 2
16 23 2
7 63 1
26 90 2
26 82 1
4 83 1
6 37 2
22 44 2
37 99 1
25 45 2
25 60 1
52 66 1
36 85 1
19 27 2
58 90 1
31 35 2
21 60 1
41 79 1
17 33 2
16 21 2
10 29 2
29 42 2
6 69 1
36 37 2
6 16 2
11 62 1
13 29 2
11 31 2
28 85 2
4 49 2
57 88 1
14 17 2
27 85 1
11 28 2
25 33 2
39 55 2
15 35 2
14 48 2
4 22 2
11 40 2
6 65 1
16 42 2
10 30 2
42 82 1
16 97 1
48 49 2
24 55 2
30 36 2
10 39 2
26 89 1
8 51 2
9 33 2
3 58 2
30 33 2
41 48 2
6 34 2
7 83 1
10 59 2
14 38 2
7 72 1
39 75 1
54 96 2
29 57 2
36 54 2
29 69 2
18 49 2
1 19 2
6 43 2
48 74 2
23 37 2
1 8 2
33 76 1
34 36 2
2 9 2
19 56 2
48 61 1
43 53 2
33 91 1
17 95 1
46 91 1
17 42 2
3 37 2
11 13 2
54 65 1
13 14 2
54 85 1
38 74 1
44 76 1
36 41 2
1 32 2
18 95 2
0 56 2
3 18 2
41 47 2
1 24 2
6 98 1
3 38 2
28 47 2
0 51 2
4 45 2
41 43 2
20 25 2
13 93 1
30 97 1
10 68 1
34 67 1
12 18 2
16 48 2
24 43 2
20 96 1
21 71 1
24 50 2
10 13 2
9 57 2
42 44 2
9 68 1
35 72 1
58 66 1
4 50 2
45 46 2
12 42 2
40 90 2
34 55 2
56 96 1
44 46 2
4 14 2
28 48 2
2 42 2
12 26 2
7 93 1
0 63 1
5 86 1
43 82 2
26 44 2
14 25 2
10 75 1
4 33 2
8 32 2
36 97 2
35 56 2
28 58 2
0 17 2
34 37 2
9 85 2
8 25 2
4 19 2
18 35 2
11 33 2
43 88 1
6 18 2
38 51 2
4 34 2
5 19 2
6 23 2
39 48 2
26 54 2
19 48 2
20 56 2
3 25 2
46 87 1
2 54 2
21 51 2
19 71 1
33 38 2
43 58 2
11 14 2
42 78 1
21 37 2
6 60 2
3 46 2
5 53 2
55 58 2
3 21 2
53 58 2
32 87 1
6 81 1
14 49 2
50 84 1
8 56 2
9 69 1
40 93 1
20 48 2
51 55 2
44 82 1
44 49 2
16 52 2
28 36 2
5 49 2
12 38 2
7 47 2
38 57 2
8 12 2
37 52 2
4 15 2
31 33 2
31 84 1
10 48 2
56 94 1
31 49 2
21 48 2
36 67 1
22 80 2
4 94 1
7 60 1
17 37 2
39 86 1
37 40 2
29 84 1
6 68 2
9 89 1
13 35 2
17 50 2
10 58 2
21 56 2
47 50 2
54 87 1
29 41 2
47 54 2
17 25 2
22 28 2
11 30 2
13 34 2
31 47 2
2 50 2
5 24 2
6 32 2
45 98 1
10 36 2
14 68 2
57 89 1
11 51 2
23 39 2
47 63 1
13 56 2
14 61 2
34 68 1
33 44 2
6 46 2
18 68 1
46 47 2
10 33 2
6 66 2
19 28 2
13 59 2
12 16 2
9 49 2
25 91 1
50 75 2
6 24 2
44 91 1
1 10 2
38 52 2
15 59 2
1 57 2
55 93 2
38 46 2
1 71 1
16 28 2
13 25 2
11 44 2
0 3 2
33 72 1
49 58 2
23 59 2
37 55 2
16 47 2
39 56 2
24 94 1
21 67 1
15 45 2
2 36 2
5 33 2
48 57 2
53 83 1
23 26 2
3 16 2
25 39 2
5 47 2
14 91 1
17 30 2
6 58 2
28 54 2
28 50 2
2 73 2
18 52 2
16 36 2
10 55 2
27 37 2
12 96 1
5 52 2
50 56 2
13 98 1
9 27 2
27 55 2
2 48 2
7 78 2
36 38 2
22 81 1
14 74 1
42 73 2
4 12 2
27 38 2
11 41 2
3 28 2
20 86 2
11 48 2
14 43 2
55 68 1
26 42 2
13 24 2
28 92 2
27 64 2
0 21 2
5 30 2
43 54 2
3 8 2
14 23 2
15 57 2
40 44 2
37 56 2
58 61 1
4 5 2
46 63 1
31 38 2
27 43 2
12 35 2
56 61 1
18 20 2
36 59 2
31 53 2
23 54 2
4 41 2
38 59 2
17 68 2
6 47 2
0 23 2
9 37 2
0 19 2
3 48 2
18 63 1
27 65 1
18 48 2
23 79 1
16 39 2
12 43 2
3 22 2
34 87 1
6 53 2
0 45 2
4 38 2
40 82 2
20 30 2
2 69 1
9 13 2
56 86 1
17 20 2
40 56 2
31 97 1
6 8 2
25 38 2
19 68 1
1 15 2
35 58 2
27 31 2
12 55 2
12 21 2
53 57 2
4 98 1
56 90 2
10 17 2
2 26 2
11 21 2
16 90 1
52 54 2
45 60 2
15 24 2
56 82 1
34 40 2
48 98 1
56 62 1
35 91 1
15 41 2
7 35 2
49 54 2
7 24 2
11 36 2
19 90 1
4 32 2
2 90 1
17 65 1
21 29 2
27 28 2
43 47 2
21 32 2
30 45 2
50 55 2
42 70 2
31 39 2
16 92 1
11 32 2
28 83 1
7 61 1
5 83 1
43 52 2
16 40 2
0 6 2
18 21 2
42 66 1
16 99 2
32 49 2
51 94 2
23 99 1
21 69 1
12 70 1
9 25 2
3 94 1
27 52 2
3 20 2
25 30 2
8 10 2
7 45 2
22 73 1
24 49 2
38 50 2
8 22 2
14 20 2
37 46 2
13 41 2
13 75 1
7 89 1
29 43 2
34 72 1
15 32 2
49 82 2
14 30 2
28 49 2
13 21 2
46 48 2
11 53 2
42 59 2
54 57 2
29 44 2
41 46 2
41 68 1
2 51 2
22 77 2
5 93 1
31 46 2
33 81 1
3 7 2
25 50 2
34 51 2
3 69 1
20 46 2
0 64 2
39 94 2
11 65 2
34 54 2
39 47 2
37 77 2
12 50 2
26 38 2
3 30 2
27 35 2
36 48 2
47 58 2
48 59 2
27 33 2
4 23 2
24 54 2
17 49 2
6 30 2
18 80 1
12 84 1
40 65 2
3 83 1
14 42 2
21 38 2
22 46 2
22 33 2
5 28 2
36 42 2
2 41 2
12 65 1
29 30 2
3 5 2
3 34 2
5 58 2
12 44 2
37 85 1
14 85 1
48 78 2
20 55 2
19 45 2
9 58 2
53 55 2
19 47 2
7 39 2
37 59 2
34 83 2
22 52 2
19 24 2
22 43 2
6 14 2
6 26 2
31 41 2
24 77 1
47 84 2
29 34 2
5 41 2
0 24 2
26 32 2
17 47 2
15 28 2
40 42 2
9 31 2
29 51 2
21 27 2
25 49 2
33 71 1
42 47 2
12 33 2
26 46 2
14 40 2
2 17 2
16 19 2
3 42 2
11 45 2
51 75 1
38 54 2
20 29 2
18 32 2
7 40 2
25 26 2
54 63 2
15 17 2
25 54 2
17 32 2
4 36 2
16 38 2
6 52 2
18 33 2
16 54 2
32 50 2
21 28 2
44 95 1
2 18 2
48 58 2
59 84 2
33 51 2
17 58 2
42 75 2
31 40 2
6 29 2
13 43 2
16 30 2
19 52 2
40 52 2
23 57 2
28 37 2
38 96 1
19 40 2
44 97 1
26 29 2
45 91 1
19 35 2
15 26 2
17 23 2
19 62 2
43 55 2
23 33 2
11 17 2
11 55 2
28 57 2
45 50 2
9 18 2
6 44 2
31 34 2
31 64 2
29 68 1
43 75 1
5 29 2
0 10 2
50 54 2
45 58 2
34 42 2
29 53 2
9 62 2
9 40 2
14 28 2
33 69 1
49 96 2
16 58 2
38 40 2
20 81 1
26 31 2
19 53 2
6 27 2
13 19 2
4 57 2
46 64 1
52 55 2
18 42 2
6 11 2
22 30 2
4 40 2
15 18 2
20 84 1
55 85 1
7 57 2
2 65 2
33 59 2
25 32 2
13 26 2
25 55 2
14 52 2
21 34 2
42 46 2
57 58 2
51 59 2
39 44 2
43 57 2
17 51 2
42 95 2
23 56 2
30 39 2
2 74 2
26 36 2
59 70 1
12 72 1
10 14 2
26 99 2
44 47 2
41 44 2
30 49 2
8 41 2
15 21 2
31 69 2
45 88 1
35 84 2
3 26 2
1 52 2
22 68 1
47 82 1
33 75 2
53 66 1
52 82 2
18 45 2
44 45 2
24 44 2
40 54 2
30 35 2
30 42 2
23 50 2
48 96 2
2 8 2
1 35 2
40 47 2
31 60 2
2 47 2
37 53 2
7 8 2
8 45 2
19 20 2
26 65 1
56 79 2
3 92 1
10 53 2
18 61 1
0 78 1
34 59 2
21 40 2
18 98 2
8 48 2
57 76 1
51 52 2
35 68 1
24 26 2
33 83 2
45 92 1
3 14 2
42 88 1
49 63 1
36 55 2
41 53 2
8 52 2
7 10 2
4 29 2
37 51 2
17 79 2
7 97 1
12 90 1
8 92 2
17 22 2
8 36 2
11 38 2
5 97 1
7 26 2
16 55 2
1 25 2
20 37 2
35 55 2
5 99 1
40 59 2
9 23 2
0 15 2
11 82 1
19 44 2
48 66 1
16 26 2
43 87 1
48 55 2
30 46 2
34 45 2
15 33 2
24 34 2
14 66 2
15 43 2
46 90 1
18 37 2
32 55 2
27 48 2
17 85 1
28 44 2
14 45 2
6 56 2
57 91 1
29 45 2
32 39 2
29 59 2
4 21 2
24 65 1
27 46 2
14 47 2
3 32 2
16 51 2
30 55 2
35 42 2
1 47 2
20 33 2
27 88 1
7 42 2
14 39 2
33 56 2
11 24 2
2 11 2
6 20 2
0 22 2
7 98 2
9 38 2
14 69 2
39 58 2
39 41 2
1 41 2
31 45 2
20 51 2
23 76 2
28 52 2
1 43 2
47 71 1
47 60 2
2 89 2
52 96 1
25 94 2
17 53 2
26 40 2
35 67 2
45 57 2
33 50 2
19 49 2
15 47 2
13 53 2
29 54 2
12 45 2
36 44 2
26 74 1
36 50 2
39 91 1
23 36 2
32 88 2
36 43 2
33 58 2
11 29 2
25 44 2
7 28 2
4 51 2
51 57 2
36 52 2
31 36 2
5 54 2
2 57 2
32 40 2
22 37 2
1 42 2
26 62 1
21 75 1
34 52 2
9 34 2
8 26 2
8 87 2
8 58 2
25 95 1
0 9 2
29 91 1
0 8 2
34 48 2
11 72 2
54 55 2
23 45 2
31 56 2
6 57 2
5 25 2
9 15 2
18 31 2
1 36 2
6 87 1
35 61 1
18 26 2
6 21 2
24 36 2
18 19 2
21 39 2
13 52 2
13 37 2
12 58 2
7 21 2
36 88 2
3 24 2
33 52 2
40 74 1
22 36 2
5 45 2
32 41 2
24 28 2
17 29 2
12 13 2
0 49 2
40 49 2
27 53 2
6 40 2
38 66 1
33 97 1
56 73 2
5 36 2
58 87 2
33 92 1
6 71 1
44 54 2
17 73 1
59 91 1
53 78 1
13 81 2
17 59 2
4 47 2
43 51 2
17 18 2
2 99 1
33 99 1
0 38 2
56 75 2
20 74 1
14 53 2
16 37 2
29 76 1
13 18 2
27 84 2
15 86 1
38 87 1
18 82 2
46 51 2
5 48 2
13 71 2
41 83 1
0 50 2
7 19 2
20 45 2
8 15 2
38 65 1
24 29 2
14 56 2
0 88 2
3 57 2
33 89 1
8 14 2
20 40 2
20 27 2
17 70 2
46 56 2
8 91 1
49 52 2
39 43 2
6 64 1
6 10 2
10 57 2
2 33 2
30 41 2
13 38 2
5 20 2
10 35 2
54 73 1
5 15 2
49 59 2
4 9 2
52 90 1
12 54 2
31 43 2
5 18 2
6 54 2
46 57 2
56 63 1
43 49 2
35 37 2
14 58 2
1 51 2
36 57 2
13 95 1
1 17 2
2 70 2
22 40 2
45 52 2
1 92 1
30 99 1
21 86 2
34 78 2
7 49 2
24 80 1
0 76 1
40 53 2
8 28 2
32 34 2
25 41 2
9 73 2
11 69 1
47 70 1
42 50 2
31 50 2
42 56 2
23 74 2
10 16 2
48 77 1
11 16 2
20 21 2
16 91 1
0 73 1
14 41 2
37 63 1
47 80 1
12 15 2
43 67 1
15 22 2
48 93 1
41 54 2
11 37 2
9 24 2
12 47 2
1 58 2
17 19 2
35 44 2
34 99 2
19 30 2
14 57 2
25 57 2
10 22 2
24 35 2
19 92 1
15 50 2
1 87 1
25 47 2
8 9 2
13 40 2
22 34 2
19 25 2
39 42 2
39 50 2
2 29 2
3 10 2
21 50 2
17 41 2
36 78 1
2 7 2
12 29 2
22 57 2
32 52 2
47 77 2
9 26 2
45 56 2
5 9 2
41 80 2
22 53 2
19 29 2
54 78 2
6 95 2
21 49 2
1 46 2
40 94 1
56 57 2
13 30 2
3 40 2
34 95 2
34 66 1
42 51 2
16 20 2
32 38 2
0 58 2
19 43 2
3 13 2
30 57 2
3 4 2
10 90 2
0 52 2
4 35 2
2 56 2
35 96 2
5 23 2
6 41 2
2 55 2
0 61 1
29 93 2
31 42 2
1 39 2
46 68 2
26 34 2
21 55 2
23 35 2
53 54 2
10 51 2
15 19 2
22 39 2
16 57 2
6 33 2
19 98 2
24 58 2
13 15 2
1 59 2
8 20 2
4 90 1
41 86 1
55 59 2
33 63 1
25 37 2
50 88 2
26 69 2
4 30 2
43 50 2
5 12 2
20 61 1
10 25 2
48 68 2
27 97 2
45 51 2
37 88 2
9 88 1
17 52 2
12 30 2
15 93 1
24 38 2
32 44 2
27 32 2
4 56 2
8 50 2
7 73 1
15 40 2
10 74 1
19 61 2
5 26 2
27 59 2
28 63 2
35 39 2
46 70 1
32 78 2
11 91 2
47 99 2
9 44 2
32 47 2
49 55 2
34 75 1
58 59 2
38 45 2
17 39 2
4 24 2
24 72 2
55 97 2
9 56 2
41 62 1
10 11 2
52 74 1
49 70 2
57 71 1
31 68 2
59 80 2
43 46 2
11 42 2
49 87 1
36 76 2
41 51 2
25 64 2
30 54 2
59 81 1
31 55 2
30 53 2
8 40 2
16 72 2
34 53 2
20 59 2
9 46 2
7 53 2
15 27 2
47 67 2
26 37 2
16 41 2
33 39 2
19 42 2
37 41 2
0 66 2
39 61 1
26 56 2
31 62 1
0 40 2
20 57 2
42 87 2
15 44 2
7 43 2
24 87 1
9 50 2
2 30 2
34 50 2
19 72 1
45 73 1
3 51 2
24 45 2
11 86 2
48 79 1
2 32 2
5 21 2
11 93 1
33 43 2
23 48 2
10 37 2
13 62 1
44 71 1
52 57 2
20 34 2
28 40 2
15 63 1
32 56 2
13 55 2
0 1 2
5 34 2
1 29 2
29 40 2
7 96 1
58 80 2
39 45 2
3 9 2
17 21 2
34 46 2
7 38 2
19 57 2
7 31 2
16 80 1
4 7 2
9 36 2
26 39 2
19 88 1
10 15 2
50 61 1
1 18 2
0 18 2
7 30 2
25 93 1
21 68 1
43 94 2
59 61 1
2 58 2
28 51 2
41 57 2
28 31 2
26 30 2
6 22 2
30 34 2
21 53 2
34 44 2
18 34 2
1 60 1
12 27 2
32 43 2
2 10 2
1 33 2
21 54 2
32 51 2
15 46 2
46 54 2
50 72 1
41 98 2
44 51 2
0 62 2
32 98 1
12 46 2
32 36 2
6 9 2
9 48 2
9 21 2
14 33 2
16 46 2
35 43 2
14 90 1
15 56 2
22 92 2
34 49 2
11 74 1
25 58 2
6 36 2
9 39 2
36 84 1
45 76 2
19 93 1
20 53 2
38 56 2
43 44 2
6 13 2
6 15 2
13 87 1
9 11 2
8 68 1
55 56 2
3 17 2
35 85 1
12 48 2
31 83 2
9 45 2
20 52 2
15 30 2
37 39 2
0 11 2
1 7 2
28 53 2
54 59 2
4 28 2
11 73 2
32 57 2
14 27 2
26 59 2
2 15 2
27 86 1
21 79 1
8 11 2
19 46 2
2 31 2
3 67 1
5 31 2
36 53 2
40 46 2
46 59 2
20 31 2
57 64 1
29 36 2
22 48 2
10 54 2
30 32 2
35 48 2
2 62 1
25 59 2
11 35 2
47 69 1
11 19 2
27 50 2
1 5 2
0 43 2
16 82 1
11 26 2
37 98 1
26 33 2
12 22 2
14 34 2
8 19 2
10 18 2
0 93 1
15 39 2
25 74 1
21 44 2
18 29 2
22 49 2
30 71 2
12 24 2
0 33 2
24 57 2
4 46 2
16 25 2
59 74 1
41 66 1
11 59 2
27 94 1
8 29 2
32 84 2
44 56 2
8 75 1
18 38 2
19 22 2
10 24 2
32 48 2
52 58 2
4 84 1
2 16 2
4 95 2
1 28 2
34 84 1
9 35 2
33 42 2
5 22 2
45 54 2
14 15 2
6 62 1
7 13 2
50 66 2
29 48 2
3 47 2
15 67 2
36 51 2
7 50 2
27 75 1
24 30 2
4 70 1
17 45 2
14 51 2
0 32 2
6 74 2
26 28 2
11 43 2
26 27 2
34 89 1
3 79 1
9 60 1
33 46 2
48 97 1
21 98 1
8 44 2
24 53 2
0 57 2
35 50 2
19 32 2
30 98 1
13 16 2
21 25 2
54 56 2
52 60 1
9 47 2
3 52 2
8 17 2
44 52 2
16 32 2
47 68 2
14 46 2
14 95 1
35 89 1
32 60 2
34 47 2
1 9 2
12 31 2
19 26 2
57 77 1
51 58 2
43 61 2
13 45 2
57 75 1
4 76 1
59 85 1
12 62 1
33 41 2
51 53 2
2 22 2
9 10 2
14 44 2
21 22 2
23 41 2
37 48 2
5 6 2
47 59 2
27 36 2
22 55 2
25 52 2
27 49 2
23 30 2
29 55 2
27 54 2
13 17 2
34 56 2
33 45 2
28 38 2
33 74 1
20 65 1
49 57 2
20 36 2
3 97 1
2 23 2
22 38 2
35 41 2
55 98 2
23 29 2
3 27 2
33 49 2
31 52 2
57 59 2
10 31 2
39 78 2
26 68 1
5 17 2
7 27 2
28 35 2
34 41 2
27 41 2
21 92 1
36 87 2
9 54 2
57 61 2
5 85 1
10 45 2
35 45 2
27 44 2
0 20 2
53 75 1
42 61 1
5 8 2
54 58 2
13 48 2
20 24 2
1 50 2
17 38 2
11 58 2
21 89 1
26 47 2
14 24 2
3 12 2
8 59 2
43 65 2
4 93 1
58 75 1
46 50 2
16 56 2
27 40 2
36 40 2
45 69 2
18 53 2
2 14 2
3 43 2
8 43 2
31 63 1
49 95 1
40 57 2
10 41 2
20 35 2
20 23 2
28 42 2
35 46 2
16 59 2
19 31 2
45 83 1
8 93 1
9 81 1
46 80 1
14 59 2
15 52 2
9 70 1
32 79 1
14 18 2
21 80 2
7 16 2
37 54 2
15 53 2
35 54 2
12 20 2
46 83 1
38 53 2
44 66 1
52 69 1
28 59 2
31 44 2
14 16 2
15 31 2
9 12 2
6 28 2
50 52 2
4 52 2
45 55 2
12 88 1
17 99 1
3 19 2
6 39 2
8 46 2
10 49 2
19 89 2
7 65 1
11 18 2
38 92 1
27 76 1
27 39 2
30 68 1
9 32 2
54 95 1
58 78 1
48 52 2
1 98 1
41 55 2
53 92 1
3 53 2
17 54 2
7 36 2
53 98 1
47 56 2
1 34 2
46 66 1
25 29 2
38 47 2
26 93 1
14 21 2
26 53 2
16 17 2
5 27 2
44 55 2
39 60 2
52 59 2
7 14 2
11 63 1
13 74 1
23 53 2
26 35 2
25 46 2
18 51 2
10 44 2
0 79 1
32 61 1
0 39 2
30 38 2
54 81 2
8 13 2
30 58 2
36 79 2
48 54 2
17 27 2
26 49 2
58 64 1
20 94 1
27 51 2
11 12 2
6 12 2
12 23 2
22 99 1
13 47 2
27 89 2
12 56 2
47 61 2
12 28 2
21 57 2
10 52 2
18 50 2
4 43 2
23 44 2
38 83 1
50 91 1
42 52 2
0 4 2
5 38 2
12 14 2
33 48 2
50 82 2
10 27 2
16 69 2
38 48 2
24 96 1
21 93 1
41 45 2
16 96 2
7 12 2
11 49 2
45 87 2
47 48 2
42 93 1
17 24 2
52 77 1
11 34 2
49 72 2
34 57 2
8 18 2
14 54 2
46 84 2
40 51 2
18 58 2
44 86 1
12 85 1
22 82 2
7 37 2
15 29 2
17 43 2
9 16 2
44 53 2
18 22 2
44 57 2
17 34 2
9 43 2
46 89 1
38 55 2
14 26 2
15 49 2
29 58 2
9 61 2
4 92 1
11 25 2
37 93 1
9 29 2
31 81 2
35 57 2
24 40 2
18 39 2
33 57 2
24 46 2
3 15 2
11 54 2
8 30 2
12 41 2
7 29 2
40 41 2
18 24 2
13 54 2
9 59 2
8 38 2
4 42 2
32 74 1
49 56 2
18 47 2
47 93 1
40 81 1
29 46 2
27 58 2
11 83 1
0 44 2
3 23 2
15 90 1
11 15 2
3 31 2
11 20 2
7 46 2
4 37 2
58 60 2
29 98 2
24 51 2
22 87 2
28 69 1
6 48 2
21 66 2
2 71 2
58 83 2
9 51 2
13 49 2
0 29 2
51 71 2
33 35 2
52 65 1
12 39 2
40 43 2
15 71 1
7 55 2
39 49 2
0 59 2
3 6 1
7 17 1
1 81 2
29 31 1
17 84 2
67 84 1
50 53 1
7 41 1
24 70 2
36 45 1
1 20 1
19 36 1
46 92 2
3 54 1
27 30 1
38 42 1
42 45 1
33 47 1
46 71 2
80 84 1
21 31 1
15 92 2
7 44 1
15 34 1
1 27 1
38 58 1
47 91 2
40 79 2
8 67 1
54 89 2
30 62 2
29 49 1
0 91 2
67 92 2
37 42 1
40 45 1
13 44 1
