% n=50 p=33 d=0.66 p_blue=0.33
% k=0
7 48 1
0 3 2
0 36 1
11 16 2
1 10 2
10 11 2
1 30 2
15 20 1
15 45 1
11 30 1
12 31 1
15 30 2
10 26 1
16 18 1
7 27 1
6 49 1
2 11 2
11 36 1
0 25 1
5 28 1
5 36 1
7 16 2
13 44 2
11 17 1
0 6 2
12 18 1
13 29 1
16 37 2
9 46 1
10 21 1
10 18 2
7 28 1
11 32 1
10 34 1
16 22 1
4 14 2
2 18 1
15 29 2
2 34 1
0 11 2
14 33 1
10 47 1
8 18 1
1 17 1
3 22 1
5 39 1
5 14 2
14 15 2
6 7 2
7 49 1
2 31 1
5 7 2
3 39 1
12 45 2
0 7 2
7 26 2
15 31 2
8 17 2
9 18 2
13 16 2
14 20 2
10 36 1
6 16 2
0 18 1
0 30 1
10 30 2
12 24 1
0 34 1
11 12 2
3 34 1
1 25 1
11 41 2
1 26 1
0 31 2
1 49 1
14 44 1
1 20 2
12 13 2
1 15 2
9 43 2
16 40 1
2 41 1
11 34 2
14 24 1
5 12 2
11 35 2
7 46 1
15 47 2
10 27 1
2 32 2
7 42 1
7 30 1
16 44 2
4 10 2
9 47 1
14 25 1
5 10 2
9 17 1
4 36 1
12 33 2
0 48 1
11 44 1
2 9 2
1 28 1
12 36 1
8 16 2
2 25 2
5 18 1
1 9 2
2 15 2
9 23 1
16 45 1
12 27 1
10 42 2
12 15 2
12 34 1
8 41 1
4 25 2
9 42 1
13 26 2
3 23 1
1 48 2
1 5 2
16 25 2
3 36 1
4 17 1
7 8 2
9 41 2
0 16 2
13 14 2
4 5 2
11 20 1
5 35 2
14 19 1
6 48 2
2 7 2
14 27 2
3 30 1
12 42 1
5 22 1
10 31 1
1 40 1
2 10 2
15 46 1
8 43 1
5 21 1
8 22 1
4 7 2
15 48 1
8 45 1
9 22 1
7 18 1
6 42 1
5 25 1
15 28 1
4 13 2
7 38 2
15 35 1
5 19 1
16 31 1
6 35 2
6 31 1
6 11 2
3 31 1
8 36 1
15 27 1
0 46 1
2 12 2
8 33 1
12 22 1
12 19 1
14 49 2
2 35 2
11 27 1
10 13 2
4 23 1
0 44 1
13 40 1
14 21 1
0 49 1
1 2 2
10 12 2
13 39 1
7 14 2
8 10 2
6 19 1
1 33 1
10 39 1
1 24 1
12 41 1
16 35 1
12 14 2
4 12 2
12 43 1
10 43 1
2 13 2
6 33 2
2 26 2
11 22 1
11 45 1
14 37 1
7 11 2
3 47 2
7 21 1
11 49 2
1 13 2
10 29 2
15 43 1
9 13 2
4 49 2
13 17 2
8 49 1
13 21 1
14 34 1
15 34 1
13 34 1
12 30 1
7 45 1
6 38 1
6 27 1
13 43 2
12 23 1
14 26 2
3 26 1
6 24 1
5 41 1
10 23 1
6 34 1
12 49 2
0 39 2
5 20 1
14 29 1
11 14 2
12 38 2
9 49 2
6 15 2
15 37 1
6 40 1
4 19 1
13 32 1
2 30 1
1 22 1
4 9 2
8 20 1
11 19 1
12 25 1
8 21 2
1 47 2
2 4 2
8 37 1
4 8 2
4 46 1
8 25 1
7 9 2
12 39 1
6 9 2
2 19 1
7 13 2
10 46 2
2 49 2
0 43 1
10 19 1
1 39 2
5 17 2
9 19 1
2 28 1
14 32 1
5 42 2
5 11 2
11 42 1
2 20 2
0 26 2
15 42 1
9 44 2
7 19 1
7 12 2
3 25 1
16 23 1
8 40 2
12 40 2
11 39 1
12 16 2
6 20 2
3 11 2
4 31 2
16 33 2
3 49 1
15 33 2
13 20 1
3 6 2
0 12 2
8 9 2
4 15 2
3 8 2
3 10 2
1 37 1
5 15 2
3 9 2
0 4 2
7 37 1
1 12 2
12 29 2
3 27 2
3 46 2
4 45 2
6 12 2
15 49 2
4 16 2
11 15 2
0 40 1
2 23 2
4 34 2
6 45 2
13 22 1
9 10 2
15 44 2
5 26 2
4 21 1
14 28 1
14 36 1
10 15 2
10 35 2
13 27 1
5 27 2
11 29 1
14 30 1
3 12 2
12 32 1
5 34 2
0 37 1
8 30 2
16 20 2
10 20 2
0 9 2
0 24 1
6 36 1
3 14 2
15 16 2
3 20 2
1 35 2
5 6 2
9 45 1
1 27 2
8 12 2
6 17 1
13 41 1
6 8 2
8 31 2
8 47 1
3 7 2
3 43 1
13 48 1
1 32 1
15 25 1
3 35 1
1 31 2
5 49 1
12 26 1
6 47 1
1 44 2
7 10 2
2 22 1
10 44 2
6 22 1
16 43 2
8 13 2
1 23 2
10 24 2
0 29 2
6 44 1
2 38 2
3 13 2
0 10 2
13 49 1
16 49 1
7 35 1
5 9 2
1 8 2
4 40 1
5 38 1
0 38 1
10 16 2
4 39 1
16 47 2
11 24 1
15 40 2
8 39 1
16 39 1
4 26 1
9 12 2
10 41 2
15 32 1
13 31 1
7 17 1
0 17 1
7 32 1
4 42 2
14 45 1
16 30 1
6 41 1
13 15 2
6 26 1
5 44 2
7 36 1
3 33 1
1 4 2
10 48 1
0 22 1
15 36 1
16 19 1
2 5 2
10 45 1
7 34 2
16 41 1
14 48 1
16 27 1
3 45 2
3 16 2
0 2 2
13 28 2
1 14 2
6 39 1
8 14 2
1 18 1
4 18 1
10 49 1
2 16 2
1 29 1
4 44 2
0 42 1
9 29 2
2 48 1
1 21 1
12 17 2
6 14 2
5 45 1
0 13 2
14 43 2
5 40 1
8 34 2
3 19 1
7 31 1
11 38 2
7 24 2
9 24 1
1 6 2
3 5 2
5 16 2
2 39 1
9 26 1
15 19 1
9 14 2
16 36 2
4 37 2
0 14 2
5 29 2
7 22 1
1 16 1
2 46 1
2 3 1
14 18 2
0 28 2
1 11 1
14 16 1
16 46 2
11 48 1
7 15 1
6 10 1
11 18 1
9 15 1
4 6 1
9 16 1
9 21 1
6 21 1
8 15 1
3 21 2
28 37 2
5 8 1
11 46 2
16 28 1
7 20 2
12 21 2
2 8 1
13 23 2
21 46 2
3 4 1
10 14 2
1 3 1
1 46 2
12 46 1
5 13 1
5 23 2
9 11 1
23 46 1
5 37 1
1 7 1
