% n=25 p=33 d=0.66 p_blue=0.66
% k=0
3 16 2
1 12 2
0 4 2
0 13 2
3 14 1
6 23 2
5 16 1
5 13 2
1 4 2
5 23 1
4 11 1
5 10 2
3 21 2
8 18 2
8 14 1
0 21 1
0 10 2
4 14 1
4 15 2
0 20 1
3 9 2
2 14 2
7 22 1
0 18 2
3 17 2
8 20 2
5 20 2
3 15 2
6 22 2
3 11 2
1 3 2
7 21 2
0 5 2
3 18 2
6 16 2
6 20 2
7 13 1
1 15 1
6 7 2
2 13 2
2 11 1
5 11 2
7 24 1
0 15 1
7 15 2
4 6 2
7 16 2
1 10 1
5 9 2
0 9 1
3 24 2
8 10 1
0 23 1
5 15 1
6 18 2
1 14 2
4 17 1
2 9 1
3 22 2
1 20 2
1 2 2
6 14 2
4 10 2
4 21 2
0 17 1
1 18 2
0 11 2
7 9 2
6 13 2
5 22 2
1 9 1
5 24 2
6 11 1
2 22 2
0 1 2
1 22 2
7 14 2
6 21 2
5 18 2
8 23 2
7 19 2
3 8 1
1 5 1
8 12 1
1 19 2
16 23 1
7 12 1
6 8 1
6 19 2
6 24 2
19 23 2
3 19 1
3 6 1
1 6 2
5 6 1
3 12 1
0 3 1
1 23 1
19 24 2
12 23 2
16 24 2
2 7 1
0 24 1
12 24 2
4 12 1
8 24 1
2 19 2
2 23 2
1 24 1
7 23 1
4 19 2
8 19 2
0 16 2
0 2 2
0 7 2
1 16 2
1 7 2
3 4 2
0 8 1
5 19 1
3 7 1
5 8 1
2 3 2
0 6 2
0 12 1
4 8 1
