% n=75 p=33 d=0.33 p_blue=0.66
% k=0
6 57 1
10 24 2
2 38 1
8 12 2
4 74 1
20 30 2
1 13 2
21 23 2
0 30 2
8 16 2
2 7 2
0 36 2
11 24 2
5 55 1
10 51 2
22 56 2
6 43 2
13 22 2
24 49 1
1 18 2
12 21 2
11 57 1
23 29 2
9 40 1
13 56 2
7 24 2
10 53 2
2 25 1
23 46 2
20 34 1
17 46 2
12 14 2
12 59 2
19 68 1
22 63 1
11 72 1
0 45 1
10 73 2
14 60 2
10 11 2
1 27 2
3 46 2
13 49 2
21 28 2
8 42 1
0 59 1
23 40 2
1 16 2
10 17 2
1 11 2
3 20 2
0 58 1
19 55 2
9 17 2
6 20 2
14 33 2
21 46 2
5 18 2
4 16 2
20 24 2
15 39 2
6 8 2
9 58 1
1 46 1
18 52 1
15 60 2
19 47 2
5 56 2
0 28 2
1 14 2
17 57 2
13 39 2
5 54 1
13 26 2
7 8 2
24 58 1
18 24 2
13 20 2
11 62 1
0 54 2
3 10 2
3 5 2
10 52 2
2 11 2
16 27 2
12 20 2
13 17 2
13 15 2
0 20 2
2 14 2
13 23 2
6 62 1
0 44 1
2 13 2
4 32 1
9 64 1
11 63 2
11 12 2
18 19 2
17 23 2
11 54 2
18 74 2
0 1 2
13 72 2
5 31 2
2 50 2
9 22 2
21 24 2
9 11 2
1 51 2
0 9 2
21 32 2
2 18 2
20 56 1
2 47 2
17 19 2
24 46 1
20 47 2
12 72 1
3 6 2
13 67 2
9 10 2
7 38 2
5 25 2
8 19 2
1 24 2
6 69 2
7 23 2
5 74 2
6 23 2
7 41 2
8 13 2
3 34 1
3 23 2
2 40 2
7 39 2
22 24 2
3 8 2
22 60 2
8 14 2
8 74 2
12 15 2
3 15 2
20 25 2
8 20 2
16 47 2
4 6 2
10 19 2
6 58 2
6 13 2
23 65 2
9 18 2
6 63 2
4 72 1
8 51 2
20 33 1
12 47 2
8 11 2
4 73 2
23 37 2
22 57 2
21 56 1
9 14 2
5 50 2
13 35 2
9 73 2
2 70 2
8 15 2
0 64 2
6 11 2
19 23 2
5 59 2
24 45 1
6 12 2
13 70 2
22 73 2
22 41 2
9 37 2
20 53 2
9 21 2
15 74 2
5 16 2
6 38 1
6 24 2
11 70 2
0 43 1
18 54 1
1 68 2
2 5 2
7 9 2
0 22 2
15 24 2
3 9 2
15 18 2
19 60 2
23 51 2
2 66 2
1 56 2
14 56 2
23 55 1
22 28 1
20 26 2
16 18 2
11 47 1
2 43 2
3 56 2
3 12 2
14 24 2
1 15 2
23 24 2
14 19 2
3 24 2
16 24 2
16 35 1
4 24 2
3 7 2
7 40 1
21 48 2
3 4 2
4 9 2
23 60 2
21 34 1
4 61 2
24 29 2
3 73 1
12 25 2
2 9 2
4 57 2
19 50 1
4 8 2
21 38 1
10 46 1
20 22 2
11 17 2
1 12 2
8 17 2
11 15 2
7 14 2
5 35 1
10 18 2
6 17 2
19 58 2
5 15 2
20 55 2
1 8 2
1 63 2
21 29 1
12 19 2
18 67 2
1 29 1
9 25 2
2 32 1
8 9 2
6 10 2
4 37 1
7 20 2
19 31 1
16 23 2
12 26 2
24 41 1
6 40 1
18 33 1
16 34 1
12 46 2
14 44 2
23 36 1
7 19 2
8 46 2
7 50 2
9 53 1
10 22 2
11 26 2
15 73 1
3 18 2
6 15 2
8 48 2
16 19 2
20 43 2
15 72 1
23 31 1
18 20 2
14 65 2
8 39 2
21 22 2
17 21 2
18 45 2
4 5 2
15 23 2
9 23 2
9 50 2
24 63 1
5 45 2
12 23 2
1 3 2
2 68 2
0 21 2
2 6 2
8 29 1
23 70 1
6 41 1
20 67 1
5 24 2
24 34 2
13 41 2
22 53 2
11 18 2
5 60 2
2 21 2
11 60 2
13 37 2
9 16 2
0 31 2
15 17 2
6 39 1
9 46 1
0 8 2
5 6 2
5 52 2
7 15 2
14 46 1
23 50 2
11 49 2
1 10 2
1 21 2
10 67 1
8 43 2
14 22 2
15 26 2
5 7 2
0 5 2
14 17 2
18 22 2
23 58 2
19 40 1
7 70 2
6 48 2
9 48 1
20 23 2
4 67 2
5 10 2
7 56 1
18 39 1
8 45 1
23 45 2
1 37 1
11 23 2
10 50 2
24 73 2
10 30 1
4 19 2
21 35 2
14 18 2
1 5 2
5 20 2
5 14 2
13 14 2
9 15 2
4 14 2
6 44 1
7 21 2
24 69 2
7 17 2
10 21 2
11 53 2
12 18 2
13 54 2
12 13 2
5 21 2
16 31 1
2 3 2
19 32 1
2 10 2
5 23 2
2 22 2
2 12 2
4 29 1
9 19 2
13 29 1
5 64 1
5 22 2
20 29 1
1 7 2
10 16 2
0 3 2
7 10 2
3 16 2
6 16 2
16 25 1
0 19 2
23 25 1
12 63 1
24 26 2
2 72 2
22 71 2
2 16 2
11 22 2
11 25 1
6 28 2
2 19 2
12 37 1
10 23 2
0 63 2
21 33 1
7 68 2
0 13 2
16 21 2
13 27 1
18 23 2
1 19 2
2 23 2
12 53 2
6 60 2
17 67 2
8 10 2
19 22 2
13 45 1
5 9 2
8 49 2
19 54 2
1 9 2
13 25 2
0 7 2
1 25 1
23 41 2
15 20 2
6 70 1
8 21 2
19 41 2
13 74 2
12 66 1
4 21 2
9 51 2
9 47 2
23 53 2
19 21 2
4 22 2
11 16 2
21 27 2
4 17 2
3 37 2
19 73 1
12 29 2
0 12 2
0 6 2
4 48 2
0 10 2
6 21 2
19 49 2
7 25 2
11 14 2
11 56 1
2 4 2
7 64 2
24 51 2
10 72 2
7 53 2
22 50 1
5 11 2
11 21 2
23 56 2
0 18 2
2 26 1
15 66 1
22 58 2
11 41 2
2 15 2
20 62 1
1 72 2
12 24 2
6 18 2
1 22 2
3 22 2
3 69 2
12 67 2
19 37 1
22 35 2
15 37 2
5 8 2
6 37 2
3 26 2
5 19 2
18 59 1
17 65 2
7 22 2
19 66 1
20 54 2
14 63 1
12 16 2
0 2 2
24 68 2
11 13 2
14 32 1
17 18 2
8 23 2
1 23 2
4 23 2
7 16 2
5 33 1
22 27 2
3 13 2
4 15 2
8 33 2
7 12 2
9 20 2
0 4 2
18 21 2
0 14 2
5 12 2
1 20 2
10 58 1
3 14 2
24 44 1
5 17 2
6 50 1
14 49 1
21 37 2
1 17 2
12 50 2
2 36 2
16 64 2
24 64 2
16 46 2
14 71 2
0 57 2
14 68 2
14 26 2
8 28 2
7 18 2
22 40 2
17 69 2
1 41 2
9 24 2
8 64 1
1 47 1
7 57 2
22 36 2
22 23 2
20 21 2
12 17 2
10 20 2
22 33 2
10 15 2
19 24 2
2 29 1
2 24 2
3 21 2
10 63 1
9 66 2
19 35 1
12 33 1
20 68 2
4 20 2
4 10 2
18 30 1
13 51 1
4 13 2
8 18 2
0 16 2
14 54 2
9 67 2
11 58 2
22 51 2
19 56 2
3 19 2
13 19 2
8 47 2
0 60 2
20 28 2
24 35 2
5 46 2
16 70 2
1 6 2
21 42 2
24 28 2
22 52 2
13 40 2
16 20 2
19 20 2
0 23 2
4 7 2
14 20 2
4 36 2
24 57 1
11 51 1
3 17 2
7 28 2
7 11 2
5 13 2
11 37 2
3 74 2
4 11 2
1 60 2
16 30 1
14 23 2
12 38 2
3 11 2
16 42 2
15 42 1
17 22 2
15 19 2
19 27 1
10 29 2
1 2 2
16 33 1
15 21 2
8 50 2
15 65 2
19 72 2
12 60 2
6 22 2
1 4 2
10 13 2
4 18 2
6 19 2
7 43 2
13 21 2
11 19 2
14 15 2
10 14 2
3 42 1
17 59 2
20 49 1
0 11 2
12 32 2
6 66 2
3 41 1
9 13 2
9 12 2
23 47 2
15 56 2
8 66 1
17 20 2
14 21 2
2 20 2
6 9 2
10 36 2
6 7 2
0 65 2
0 55 2
10 12 2
12 22 2
13 16 2
6 65 2
14 16 2
16 22 2
7 13 2
13 24 2
8 61 1
15 22 2
16 52 2
18 55 1
0 15 2
6 53 2
8 31 2
17 24 2
2 46 1
6 71 2
6 31 2
22 45 2
10 41 2
10 49 2
8 65 1
5 40 1
6 14 2
11 20 2
23 39 2
10 33 2
22 68 2
2 17 2
8 24 2
21 49 2
15 64 2
8 22 2
9 70 2
3 58 2
7 58 2
7 60 2
12 56 2
9 57 2
27 46 2
22 38 2
13 46 1
38 39 2
2 8 1
9 74 1
15 16 1
40 60 1
10 27 2
15 40 1
2 60 2
