% n=25 p=60 d=0.33 p_blue=0.33
% k=0
14 18 2
2 8 2
2 10 2
8 9 2
11 20 1
2 13 2
4 6 2
5 14 2
10 11 2
2 3 2
4 18 1
3 9 2
5 9 2
5 13 2
5 20 1
5 23 1
0 14 2
6 16 1
8 21 2
9 14 2
6 19 1
0 12 2
3 12 2
2 6 2
5 7 2
4 13 2
1 8 2
2 23 2
6 9 2
2 18 1
5 12 2
9 23 2
0 4 2
6 11 2
14 19 1
2 12 2
1 3 2
8 16 1
1 13 2
7 14 2
1 2 2
0 22 2
5 10 2
8 14 2
2 11 2
10 21 1
1 5 2
3 11 2
10 13 2
2 19 1
5 17 1
5 18 1
8 11 2
9 11 2
0 13 2
4 12 2
13 24 1
1 6 2
3 13 2
0 8 2
10 15 1
12 13 2
10 19 1
3 15 1
11 15 2
9 13 2
2 17 1
2 7 2
4 23 1
5 11 2
6 15 2
0 9 2
13 14 2
5 8 2
4 8 2
9 19 1
2 5 2
7 10 2
6 14 2
8 15 1
3 14 2
7 12 2
13 23 1
0 18 1
2 14 2
3 7 2
3 6 2
3 5 2
0 11 2
8 12 2
1 9 2
13 22 1
7 9 2
4 7 2
0 2 2
1 19 2
0 5 2
14 24 1
12 23 2
2 9 2
3 19 1
9 12 2
7 20 2
14 20 2
11 18 1
4 14 1
0 10 1
1 12 1
4 5 1
0 6 1
9 18 1
1 7 1
11 13 1
11 12 1
6 17 2
8 20 1
18 20 2
6 7 1
13 20 2
0 1 1
10 20 1
6 12 1
3 10 1
1 4 1
1 10 1
12 14 1
9 10 1
3 8 1
13 17 2
7 8 2
17 20 2
1 18 1
11 14 1
1 14 1
7 13 1
11 17 1
13 18 1
6 10 2
12 17 1
0 7 1
0 17 1
4 9 1
12 20 2
2 4 1
