% n=50 p=60 d=0.33 p_blue=0.66
% k=0
10 40 2
2 23 2
1 19 2
3 26 2
2 8 2
1 5 2
3 45 2
5 23 2
22 37 2
8 16 2
5 13 2
5 38 2
8 23 2
20 26 2
18 22 2
18 20 2
7 11 2
8 28 2
22 26 2
4 49 2
6 24 2
13 22 2
24 25 2
21 31 2
7 44 2
0 26 2
10 31 2
2 13 2
26 38 1
2 47 2
17 46 2
7 21 2
5 7 2
9 26 2
6 20 2
0 3 2
7 9 2
28 49 2
21 25 2
1 44 2
4 48 2
2 22 2
16 19 2
11 19 2
12 15 2
8 39 1
2 25 2
18 29 2
23 24 2
13 48 2
16 27 2
4 24 2
3 7 2
2 49 2
12 27 2
3 17 2
19 48 1
21 27 2
7 12 2
19 34 2
7 24 2
0 2 2
10 23 2
13 23 2
4 41 2
15 27 2
27 32 2
7 48 2
15 20 2
23 39 2
2 21 2
4 6 2
9 12 2
0 14 2
1 26 2
3 46 1
18 23 2
19 46 1
2 19 2
28 41 2
2 14 2
21 24 2
8 21 2
26 29 2
8 12 2
15 40 2
19 23 2
19 26 2
14 20 2
9 29 2
7 47 1
0 46 2
15 29 2
4 14 2
3 18 2
11 23 2
19 29 2
7 31 1
27 41 2
6 11 2
4 21 2
25 30 2
15 22 2
6 41 2
1 49 2
25 28 2
27 44 1
11 24 2
7 33 2
20 22 2
4 20 2
24 28 2
18 28 2
27 34 2
2 20 2
11 27 2
29 45 2
4 28 2
9 23 2
24 38 2
9 11 2
12 29 2
1 13 2
3 34 1
17 24 2
5 12 2
6 18 2
18 37 1
6 29 2
8 26 2
17 23 2
17 21 2
5 27 2
3 38 2
1 18 2
22 24 2
18 38 2
7 19 2
10 12 2
12 25 2
0 6 2
19 22 2
6 7 2
10 28 2
17 30 1
6 23 2
6 14 2
22 25 2
4 16 2
1 47 2
12 21 2
10 42 2
4 5 2
17 39 1
10 29 2
4 11 2
1 33 2
1 11 2
16 22 2
9 36 2
2 29 2
6 47 1
7 27 2
5 21 2
1 9 2
18 19 2
17 26 2
6 9 2
6 17 2
19 21 2
28 35 2
18 21 2
26 28 2
4 27 2
6 19 2
14 39 1
16 23 2
0 20 2
12 14 2
20 40 1
9 15 2
8 42 1
1 23 2
21 35 1
8 9 2
0 23 2
10 22 2
2 27 2
12 44 2
18 26 2
20 25 2
9 49 2
10 27 2
7 22 2
14 27 2
9 24 2
1 15 2
0 8 2
7 20 2
5 9 2
2 24 2
12 32 2
4 13 2
15 18 2
3 23 2
12 26 2
3 28 2
21 22 2
4 26 2
9 16 2
4 10 2
17 28 2
3 47 2
5 26 2
8 34 2
11 12 2
0 11 2
17 35 2
24 32 1
1 27 2
15 28 2
27 29 2
23 33 2
13 21 2
27 48 1
28 34 2
10 35 1
1 14 2
19 42 1
6 21 2
11 26 2
0 18 2
17 20 2
7 28 2
8 35 1
15 37 2
25 35 2
9 14 2
7 16 2
0 24 2
22 27 2
23 28 2
5 20 2
19 24 2
19 25 2
26 27 2
16 17 2
7 46 2
14 29 2
14 40 2
0 29 2
9 28 2
3 8 2
10 14 2
9 21 2
4 29 2
0 19 2
24 27 2
16 33 1
5 10 2
13 25 2
15 26 2
14 17 2
19 38 1
14 31 2
12 22 2
9 35 1
0 10 2
5 42 1
4 44 2
14 26 2
14 23 2
11 20 2
2 34 2
16 25 2
17 44 2
10 36 1
15 35 2
2 17 2
22 23 2
13 24 2
20 24 2
15 25 2
20 47 2
14 16 2
1 4 2
2 28 2
1 21 2
10 24 2
1 29 2
20 23 2
10 16 2
25 26 2
13 46 2
6 22 2
26 45 1
24 48 2
1 16 2
0 33 2
19 20 2
3 21 2
25 40 2
5 44 1
13 47 2
6 8 2
22 42 2
3 19 2
1 2 2
14 15 2
8 31 2
12 41 2
29 37 2
3 9 2
27 28 2
27 31 2
5 14 2
8 22 2
4 15 2
25 29 2
14 21 2
9 27 2
24 34 1
9 10 2
28 46 2
16 44 2
25 49 2
6 12 2
5 16 2
11 18 2
2 31 2
1 3 2
1 24 2
11 15 2
13 16 2
16 31 1
10 18 2
19 28 2
11 13 2
20 43 2
2 48 2
8 18 2
10 15 2
12 16 2
2 5 2
8 11 2
11 16 2
5 11 2
23 26 2
3 15 2
7 13 2
13 17 2
9 13 2
20 37 1
0 27 2
2 45 2
2 9 2
11 30 2
5 35 2
1 38 2
13 30 1
20 29 2
17 18 2
3 6 2
2 7 2
13 26 2
14 32 2
13 15 2
10 20 2
10 21 2
2 3 2
2 16 2
16 18 2
10 37 2
17 29 2
3 29 2
9 38 1
23 27 2
17 22 2
4 8 2
7 18 2
4 17 2
15 19 2
12 19 2
24 36 1
1 10 2
7 25 2
26 36 2
16 39 1
25 39 2
11 48 1
1 7 2
20 41 2
12 23 2
23 38 2
0 25 2
18 44 2
12 17 2
14 34 2
5 6 2
0 4 2
21 29 2
28 38 1
11 14 2
7 23 2
29 42 2
17 34 1
16 26 2
12 20 2
5 36 1
0 15 2
9 19 2
5 17 2
3 14 2
20 28 2
4 22 2
9 18 2
11 35 2
16 21 2
8 27 2
24 45 2
13 19 2
23 41 2
3 27 2
11 31 1
1 35 1
24 46 1
4 12 2
3 20 2
0 28 2
15 17 2
8 15 2
6 10 2
28 43 1
12 13 2
10 49 1
15 47 2
6 16 2
0 44 2
10 19 2
17 36 2
29 38 2
26 30 1
7 10 2
17 27 2
0 13 2
16 43 2
18 34 2
24 47 1
5 29 2
20 21 2
13 45 2
8 29 2
11 29 2
11 46 1
7 26 2
7 8 2
3 4 2
15 41 2
5 15 2
3 36 2
8 19 2
9 31 1
4 47 2
2 26 2
0 7 2
4 34 2
3 22 2
2 6 2
26 34 2
23 40 2
24 26 2
13 20 2
26 35 2
1 6 2
18 47 1
20 27 2
0 16 2
25 31 1
3 5 2
21 23 2
5 8 2
13 18 2
14 25 2
0 12 2
1 8 2
0 1 2
8 24 2
16 34 1
17 43 1
1 25 2
22 34 2
6 39 2
15 42 1
9 20 2
5 28 2
14 22 2
29 34 2
13 14 2
16 20 2
12 31 2
24 29 2
0 5 2
15 44 2
9 17 2
1 20 2
1 45 2
9 45 2
6 27 2
10 26 2
15 16 2
11 21 2
11 37 2
14 18 2
12 18 2
6 28 2
16 47 2
6 31 2
7 34 2
1 22 2
16 24 2
28 29 2
15 32 2
26 42 2
19 49 2
26 37 2
10 17 2
1 43 2
5 25 2
10 13 2
3 24 2
3 32 2
23 29 2
10 11 2
11 22 2
0 9 2
10 47 1
21 49 1
4 23 2
25 27 2
0 22 2
14 28 2
4 19 2
2 12 2
22 29 2
13 29 2
3 16 2
2 10 2
8 25 2
13 27 2
15 21 2
26 39 2
4 9 2
2 37 2
11 28 2
19 27 2
23 49 2
3 41 1
1 12 2
17 42 2
23 43 2
7 38 2
8 10 2
16 28 2
18 39 1
8 20 2
29 32 2
3 10 2
0 43 1
17 38 2
23 31 1
7 17 2
9 43 1
1 28 2
8 13 2
5 18 2
12 40 2
14 19 2
6 13 2
0 17 2
2 15 2
13 43 2
23 25 2
7 49 1
8 32 2
11 25 2
1 48 1
3 25 2
12 28 2
14 24 2
7 29 2
2 11 2
12 24 2
17 37 1
1 17 1
16 29 1
32 45 2
9 25 1
13 28 1
6 26 1
7 32 2
4 31 2
15 48 2
21 28 1
7 15 1
1 30 1
8 17 1
20 32 2
23 32 2
12 45 2
29 40 1
17 19 1
9 22 1
0 45 1
9 46 2
7 14 1
3 31 1
8 14 1
18 24 1
6 32 2
5 46 2
19 31 2
5 19 2
15 23 2
9 48 2
