% n=100 p=60 d=0.66 p_blue=0.66
% k=0
5 6 2
27 46 2
8 56 2
5 39 2
56 95 2
25 43 2
27 53 2
23 71 1
15 22 2
27 49 2
17 59 2
15 16 2
7 96 2
8 96 1
29 45 2
18 23 2
17 39 2
54 57 2
3 43 2
39 47 2
44 67 1
3 31 2
28 44 2
21 70 2
11 82 1
6 90 2
55 86 2
26 31 2
40 72 2
2 13 2
15 92 2
29 53 2
50 56 2
53 56 2
20 72 1
5 10 2
3 49 2
59 72 2
33 77 2
2 63 2
42 67 2
2 10 2
4 11 2
38 84 2
39 77 1
33 37 2
37 42 2
56 97 1
25 79 2
46 71 2
28 76 2
17 23 2
23 47 2
29 56 2
23 41 2
3 90 2
22 65 1
42 62 1
27 38 2
48 72 2
3 40 2
7 77 2
9 26 2
43 62 2
12 56 2
12 62 1
11 34 2
36 56 2
42 96 2
19 20 2
54 66 2
40 61 2
49 96 2
44 73 2
45 51 2
13 34 2
23 24 2
50 66 2
17 55 2
36 88 2
17 80 2
8 38 2
57 87 2
6 22 2
1 41 2
40 84 1
19 43 2
40 56 2
26 61 2
23 87 2
10 69 2
4 58 2
55 93 2
26 82 2
33 49 2
33 68 2
23 53 2
17 84 2
29 85 1
36 42 2
42 88 2
37 59 2
14 28 2
26 89 2
17 62 2
30 48 2
27 29 2
14 41 2
51 93 2
17 66 2
26 87 2
9 57 2
2 64 2
3 4 2
19 66 2
39 65 2
24 73 2
30 90 2
28 35 2
5 83 2
25 98 2
10 12 2
23 38 2
0 88 2
39 96 2
9 74 2
17 61 2
43 49 2
14 58 2
37 96 1
14 18 2
25 29 2
20 76 2
0 80 2
22 24 2
9 54 2
8 59 2
25 48 2
0 25 2
37 97 2
46 66 1
42 87 2
1 82 1
37 48 2
2 90 2
0 92 1
18 26 2
21 39 2
7 17 2
4 75 1
28 54 2
1 79 1
27 47 2
10 96 2
6 31 2
19 45 2
17 85 1
32 37 2
2 31 2
26 35 2
6 59 2
24 27 2
32 33 2
11 95 1
14 66 1
19 88 2
18 87 1
12 65 2
14 22 2
0 6 2
45 59 2
43 75 1
27 68 1
7 78 2
23 31 2
22 33 2
33 53 2
12 69 2
13 86 1
51 74 2
22 39 2
25 56 2
19 67 2
56 67 1
49 52 2
17 50 2
1 32 2
15 20 2
20 43 2
52 69 2
34 44 2
53 83 2
21 72 2
1 78 2
49 72 2
19 30 2
4 49 2
38 69 2
12 92 1
24 53 2
5 54 2
21 26 2
27 86 2
13 90 1
52 76 2
16 27 2
7 16 2
51 92 2
28 99 2
51 97 2
45 93 2
40 76 2
31 65 1
54 73 2
0 56 2
16 30 2
35 77 2
7 26 2
15 69 2
9 23 2
2 40 2
44 88 2
44 89 2
22 75 2
29 62 2
16 38 2
20 37 2
6 21 2
37 77 1
35 43 2
12 16 2
49 81 1
56 65 2
4 33 2
18 81 2
32 61 2
58 88 1
53 61 2
18 27 2
34 66 2
57 98 1
21 24 2
13 76 2
4 41 2
21 59 2
26 74 1
27 82 2
9 51 2
9 64 2
7 21 2
37 53 2
5 7 2
7 43 2
4 72 2
12 26 2
4 51 2
15 75 2
24 64 2
20 84 2
14 77 2
41 64 2
29 40 2
22 80 1
28 66 2
47 76 2
1 57 2
9 77 1
16 75 2
29 92 2
50 86 2
35 94 1
19 47 2
7 50 2
22 27 2
55 89 2
9 31 2
26 37 2
15 33 2
49 50 2
56 86 2
16 85 1
27 84 1
16 41 2
7 45 2
23 48 2
43 50 2
9 45 2
28 85 2
18 43 2
41 76 2
14 43 2
2 27 2
54 87 2
3 65 2
16 74 1
44 69 2
3 83 1
17 60 1
0 8 2
22 31 2
20 87 1
47 79 2
30 51 2
0 49 2
10 68 2
14 84 2
33 91 1
5 84 1
12 40 2
0 17 2
37 95 1
16 78 2
29 50 2
5 53 2
0 52 2
30 58 2
13 31 2
23 88 1
2 23 2
2 15 2
32 82 1
26 44 2
44 77 2
28 77 1
3 86 2
41 65 2
40 78 1
41 71 1
39 69 1
8 57 2
2 49 2
24 58 2
42 59 2
0 62 2
17 82 2
30 49 2
53 69 2
32 56 2
9 62 2
36 94 2
7 10 2
17 26 2
39 66 2
11 46 2
57 94 2
4 22 2
28 51 2
22 50 2
3 10 2
6 27 2
32 90 2
56 75 2
32 44 2
13 18 2
49 80 1
22 93 2
23 89 2
16 63 2
56 99 1
16 28 2
19 74 2
47 92 1
7 24 2
6 48 2
5 95 1
5 26 2
13 50 2
10 49 2
11 73 2
15 44 2
27 59 2
0 54 2
30 96 1
53 78 2
39 58 2
8 52 2
11 47 2
14 51 2
54 56 2
31 61 2
7 62 1
1 16 2
19 51 2
9 35 2
25 28 2
5 62 2
49 99 2
45 69 1
50 73 1
2 26 2
3 78 2
5 31 2
33 51 2
30 53 2
53 96 2
48 68 2
35 46 2
26 93 2
51 94 1
23 39 2
7 19 2
39 90 2
8 63 2
11 72 1
5 8 2
16 55 2
45 92 2
29 39 2
3 92 2
11 58 2
19 57 2
15 29 2
7 87 1
21 50 2
2 57 2
8 43 2
9 19 2
28 61 2
51 60 2
5 76 2
51 98 1
48 59 2
27 42 2
17 70 2
4 29 2
26 40 2
12 15 2
0 74 1
32 38 2
16 26 2
34 52 2
49 83 2
13 36 2
8 46 2
12 51 2
18 69 1
46 54 2
59 92 1
46 93 2
16 32 2
4 20 2
32 40 2
39 87 2
1 50 2
8 42 2
18 67 1
41 91 2
57 74 2
27 81 2
4 7 2
10 45 2
18 29 2
34 55 2
6 80 1
2 88 2
56 69 1
48 53 2
2 36 2
4 37 2
0 93 2
41 42 2
8 26 2
22 34 2
15 85 2
36 41 2
17 33 2
4 43 2
36 63 1
31 51 2
6 44 2
16 80 2
38 39 2
31 97 2
59 66 2
1 5 2
45 70 2
24 44 2
51 70 2
18 70 2
6 36 2
36 76 2
53 82 2
13 66 2
2 51 2
49 91 1
31 92 1
57 60 2
28 74 2
20 94 1
16 91 1
15 81 2
20 63 2
13 22 2
12 39 2
45 88 1
14 82 1
35 45 2
8 24 2
22 70 1
36 73 2
0 69 2
4 8 2
52 54 2
59 62 2
17 35 2
4 28 2
28 45 2
25 32 2
26 67 2
46 99 2
45 60 2
24 29 2
51 83 1
33 42 2
38 99 1
38 42 2
36 65 2
29 48 2
31 75 1
33 43 2
19 80 2
46 92 2
39 82 2
51 57 2
9 78 2
43 70 2
10 50 2
53 86 2
30 36 2
16 53 2
2 81 1
1 89 2
11 13 2
13 58 2
11 37 2
2 43 2
28 94 2
40 77 2
10 92 2
2 9 2
47 94 2
21 51 2
20 89 2
25 61 2
20 29 2
48 51 2
11 45 2
42 64 2
5 96 1
23 98 2
14 56 2
15 88 1
1 70 2
50 69 2
53 57 2
34 40 2
24 95 2
28 55 2
24 84 2
48 86 2
41 66 2
19 75 2
5 56 2
10 83 2
4 36 2
12 21 2
9 33 2
10 80 2
32 49 2
58 77 2
37 74 2
6 85 2
43 51 2
21 36 2
58 67 2
30 64 1
36 53 2
4 16 2
9 48 2
33 52 2
19 52 2
17 20 2
24 51 2
7 99 2
0 20 2
51 80 2
4 25 2
21 45 2
23 59 2
6 43 2
45 55 2
56 63 2
6 57 2
35 88 2
59 83 2
28 72 2
6 54 2
19 46 2
11 83 2
23 51 2
10 33 2
13 37 2
11 21 2
33 36 2
48 90 2
52 86 2
13 40 2
30 80 2
22 47 2
14 96 2
25 37 2
34 43 2
28 57 2
33 40 2
3 56 2
50 57 2
3 9 2
39 57 2
11 19 2
13 53 2
25 72 1
19 94 1
22 25 2
6 62 2
12 49 2
13 65 2
7 25 2
22 61 2
43 90 2
8 76 1
12 53 2
32 79 2
1 77 2
47 78 1
24 61 2
51 55 2
0 55 2
36 55 2
38 97 1
39 79 2
21 94 2
58 59 2
0 5 2
39 59 2
44 50 2
12 95 2
34 80 2
48 65 2
40 99 1
46 57 2
1 47 2
41 47 2
1 59 2
12 32 2
23 75 1
54 71 2
19 39 2
9 13 2
30 42 2
57 72 2
31 54 2
0 9 2
52 53 2
33 67 1
49 78 2
59 95 2
44 96 1
8 95 1
20 28 2
29 76 2
19 87 2
5 48 2
27 37 2
46 52 2
7 29 2
43 45 2
12 13 2
12 75 2
24 83 1
26 95 2
29 35 2
25 46 2
21 52 2
25 58 2
17 99 2
6 72 2
7 57 2
1 4 2
13 97 1
47 53 2
26 48 2
28 48 2
43 87 2
20 38 2
47 77 2
24 49 2
2 38 2
9 53 2
11 23 2
8 60 2
43 78 1
28 43 2
53 73 2
58 94 2
24 96 2
7 93 1
10 44 2
20 53 2
18 38 2
22 77 2
39 61 2
39 56 2
37 45 2
28 52 2
30 57 2
46 47 2
36 98 2
13 73 2
21 87 2
44 57 2
46 70 2
11 89 1
5 86 2
4 53 2
22 68 1
55 99 2
24 88 1
49 89 2
5 57 2
12 34 2
53 67 1
20 70 1
14 20 2
21 53 2
14 98 2
10 82 2
3 11 2
45 47 2
16 22 2
5 75 2
27 56 2
0 19 2
5 18 2
3 70 2
24 41 2
9 55 2
30 79 2
39 42 2
49 95 1
5 72 2
6 56 2
2 46 2
24 42 2
10 13 2
58 84 2
43 96 1
25 66 1
15 21 2
51 69 2
19 26 2
11 26 2
30 37 2
24 92 1
51 62 1
19 72 2
48 78 1
54 58 2
10 72 2
23 28 2
37 54 2
51 81 2
41 95 2
13 42 2
1 96 1
8 70 1
24 45 2
20 95 2
27 77 2
10 34 2
6 60 2
15 53 2
26 53 2
21 28 2
0 1 2
9 89 2
40 69 1
48 57 2
34 63 2
25 51 2
45 91 2
14 38 2
2 47 2
52 78 2
42 50 2
16 57 2
9 96 2
26 34 2
53 70 2
9 34 2
48 97 2
43 55 2
12 84 2
41 80 2
12 47 2
1 40 2
19 36 2
37 85 2
38 57 2
29 33 2
31 72 1
33 34 2
20 35 2
45 94 2
5 24 2
17 94 2
35 65 2
15 41 2
21 98 2
21 23 2
33 87 2
18 28 2
24 87 1
17 58 2
17 73 2
8 93 2
14 34 2
45 82 2
58 73 2
31 62 2
40 42 2
3 55 2
0 95 2
2 39 2
12 22 2
25 64 1
2 30 2
32 39 2
26 79 1
33 89 2
5 34 2
22 28 2
58 65 2
59 79 2
7 28 2
24 48 2
8 33 2
56 79 2
14 21 2
8 35 2
6 47 2
43 76 2
0 60 2
3 82 1
10 79 1
2 53 2
8 45 2
5 61 2
39 72 2
31 67 2
17 77 1
9 95 1
6 7 2
16 49 2
5 70 2
0 2 2
30 41 2
47 52 2
22 26 2
47 83 1
1 3 2
50 84 2
30 46 2
6 46 2
17 49 2
5 36 2
10 88 2
28 56 2
11 63 2
43 99 2
4 56 2
29 80 1
44 47 2
2 79 2
4 26 2
11 35 2
25 77 2
24 65 2
20 78 2
25 69 1
19 40 2
6 30 2
3 21 2
43 63 2
8 39 2
44 52 2
23 72 2
1 69 2
35 68 2
15 74 2
52 79 2
53 62 2
9 37 2
16 46 2
24 91 2
17 51 2
5 82 2
24 70 2
17 76 2
17 30 2
4 83 1
13 96 2
19 86 2
15 17 2
51 65 2
28 49 2
1 39 2
15 72 2
26 73 1
41 48 2
23 81 2
18 79 2
5 23 2
5 27 2
18 89 1
53 91 1
2 8 2
3 39 2
35 81 2
51 77 1
49 77 2
4 19 2
56 57 2
15 80 2
27 70 1
31 50 2
14 15 2
23 44 2
33 48 2
16 31 2
17 36 2
16 67 2
2 65 1
1 99 2
8 44 2
10 51 2
44 92 2
34 70 2
3 79 2
13 67 2
22 83 2
42 51 2
59 82 1
43 84 1
38 74 2
30 44 2
17 97 1
47 97 2
26 41 2
13 79 2
56 68 2
6 41 2
12 35 2
13 54 2
3 52 2
10 20 2
40 80 2
26 51 2
11 55 2
23 55 2
24 75 1
9 84 1
17 57 2
54 76 1
38 82 2
13 30 2
5 45 2
14 71 2
41 59 2
10 19 2
20 40 2
4 32 2
35 75 1
4 18 2
25 78 1
50 76 2
51 63 1
7 71 2
22 81 1
23 93 1
1 25 2
19 23 2
12 50 2
15 61 2
4 54 2
42 76 1
28 89 2
44 51 2
34 78 2
28 70 1
29 58 2
59 77 2
1 54 2
38 95 1
47 59 2
1 64 2
28 34 2
58 91 2
17 25 2
32 62 2
35 82 1
40 98 1
9 86 2
33 45 2
7 34 2
19 42 2
21 44 2
8 55 2
4 23 2
1 14 2
38 79 1
11 41 2
21 97 2
33 97 2
57 83 2
27 58 2
52 85 2
15 52 2
16 64 1
12 18 2
3 7 2
21 46 2
40 55 2
18 98 2
5 68 2
36 80 2
55 58 2
17 83 2
21 48 2
43 48 2
29 78 1
49 61 2
26 96 2
21 37 2
24 54 2
58 93 1
0 66 2
22 66 1
36 50 2
5 58 2
43 88 2
7 91 2
28 50 2
49 93 2
1 36 2
18 82 2
4 48 2
17 95 2
51 79 1
42 83 2
12 83 2
39 40 2
12 45 2
30 82 1
29 65 2
41 84 2
45 64 2
35 61 2
38 76 2
8 10 2
22 57 2
15 86 1
29 43 2
14 55 2
14 47 2
52 70 2
26 50 2
46 87 2
8 66 2
40 74 1
33 55 2
7 9 2
7 23 2
55 91 1
38 96 2
51 58 2
14 95 2
55 78 2
21 38 2
1 46 2
32 71 1
21 68 2
24 40 2
24 76 2
22 87 1
6 86 2
25 33 2
53 95 2
25 93 2
18 52 2
2 54 2
36 38 2
2 60 1
16 62 2
8 11 2
30 68 2
45 87 2
4 91 2
29 37 2
34 36 2
25 91 2
3 50 2
10 42 2
12 30 2
22 48 2
37 51 2
18 49 2
12 20 2
30 39 2
26 97 2
1 43 2
26 38 2
9 11 2
15 37 2
59 98 2
7 27 2
3 27 2
12 93 2
12 78 1
29 73 2
2 37 2
48 89 2
14 29 2
42 52 2
36 93 1
40 51 2
2 78 2
34 85 2
4 40 2
9 25 2
22 35 2
45 73 2
1 85 2
11 39 2
3 24 2
14 35 2
28 86 1
14 32 2
5 13 2
11 24 2
11 54 2
37 64 2
21 25 2
39 44 2
0 94 2
2 77 1
16 94 2
58 69 1
29 49 2
33 57 2
42 65 2
0 37 2
10 41 2
19 61 2
45 89 2
59 80 2
44 91 2
1 33 2
14 62 2
6 24 2
38 41 2
4 24 2
48 81 2
3 53 2
23 73 2
20 44 2
11 20 2
53 93 1
25 26 2
10 30 2
39 75 1
7 75 2
4 13 2
58 97 1
42 71 2
42 69 2
18 59 2
0 39 2
9 47 2
35 48 2
11 86 1
9 98 2
32 72 1
22 38 2
59 93 1
56 91 2
16 90 1
29 57 2
10 39 2
11 15 2
24 85 2
7 89 1
2 25 2
7 33 2
13 44 2
25 75 2
1 48 2
27 41 2
48 52 2
7 37 2
34 45 2
14 44 2
16 19 2
47 82 2
33 83 1
33 80 2
0 40 2
15 35 2
34 37 2
40 75 2
5 21 2
9 28 2
0 14 2
29 41 2
2 16 2
57 73 2
28 60 1
17 52 2
57 67 2
5 51 2
38 77 1
43 72 2
8 23 2
28 63 2
5 29 2
9 50 2
33 76 1
26 46 2
39 62 2
14 26 2
1 21 2
8 48 2
46 56 2
40 58 2
29 38 2
4 42 2
13 68 2
1 51 2
6 23 2
5 16 2
36 67 1
27 89 2
29 82 1
57 88 2
47 48 2
1 22 2
28 42 2
43 64 2
4 62 2
37 49 2
4 68 2
21 90 2
3 23 2
0 51 2
24 32 2
2 52 2
9 27 2
24 39 2
47 55 2
57 84 1
8 31 2
31 81 2
21 88 2
4 92 2
49 98 2
18 39 2
1 37 2
33 63 2
26 68 1
19 93 1
10 27 2
12 55 2
8 98 1
21 34 2
25 76 1
2 7 2
45 49 2
10 62 2
21 77 1
46 50 2
33 73 1
7 74 2
46 58 2
32 60 2
18 51 2
43 67 1
11 22 2
18 97 1
20 32 2
13 60 2
20 48 2
32 73 2
26 84 1
16 50 2
0 28 2
0 38 2
51 84 2
20 51 2
41 93 2
32 36 2
32 64 2
29 59 2
19 65 1
40 48 2
9 15 2
30 84 2
1 15 2
18 47 2
12 81 2
43 74 1
30 71 2
17 44 2
27 51 2
48 83 2
23 74 2
24 74 2
4 55 2
7 52 2
15 23 2
34 81 2
21 65 2
32 80 2
15 28 2
13 46 2
55 75 2
46 49 2
7 8 2
37 81 1
35 51 2
4 66 1
22 62 2
18 42 2
40 66 1
31 36 2
10 26 2
39 53 2
22 42 2
49 53 2
29 61 2
9 56 2
6 8 2
6 74 2
1 2 2
50 58 2
2 12 2
1 31 2
22 59 2
11 14 2
42 47 2
37 43 2
19 89 2
14 63 2
36 66 2
32 77 1
53 81 2
9 72 2
12 27 2
14 72 1
48 64 2
44 95 2
24 50 2
43 54 2
57 85 2
40 82 2
42 98 2
29 77 1
19 32 2
10 18 2
39 98 2
38 51 2
6 9 2
47 80 1
19 33 2
15 43 2
44 60 2
0 24 2
25 57 2
18 75 2
23 37 2
16 23 2
8 47 2
28 78 2
39 86 1
27 87 1
49 74 1
16 71 1
15 36 2
9 70 1
8 41 2
11 50 2
30 45 2
34 58 2
44 55 2
2 4 2
40 43 2
0 30 2
21 31 2
31 40 2
1 71 1
3 99 1
6 81 2
21 56 2
17 96 2
12 54 2
25 59 2
28 68 2
44 97 2
35 87 1
11 60 2
45 61 2
26 43 2
3 89 2
18 53 2
16 89 2
40 85 1
16 58 2
50 59 2
10 35 2
43 56 2
45 78 2
40 57 2
11 25 2
52 56 2
19 85 2
10 28 2
8 85 2
44 53 2
33 92 2
25 44 2
3 93 2
41 55 2
18 44 2
4 70 1
23 42 2
40 54 2
37 75 2
48 56 2
44 58 2
46 90 2
8 19 2
42 75 2
10 24 2
24 71 2
38 43 2
49 59 2
30 92 2
0 57 2
16 40 2
28 38 2
34 92 1
29 47 2
56 64 2
19 95 1
19 54 2
18 80 2
21 40 2
10 38 2
57 90 2
41 57 2
8 80 1
11 81 2
1 95 2
16 37 2
16 21 2
17 98 2
26 56 2
21 29 2
36 37 2
36 97 1
16 72 2
15 77 2
1 74 2
0 78 2
36 57 2
25 38 2
3 94 2
32 75 2
56 77 2
2 3 2
15 31 2
51 76 2
17 38 2
8 61 1
3 8 2
15 59 2
45 95 1
3 41 2
11 98 2
10 64 1
13 92 2
36 91 2
36 49 2
54 68 2
56 81 2
22 46 2
51 91 2
4 61 2
35 84 1
19 60 1
28 40 2
39 99 1
57 92 2
52 64 1
20 55 2
19 35 2
40 92 2
12 43 2
11 96 1
34 71 2
30 69 2
34 48 2
34 35 2
6 55 2
7 90 2
2 86 2
48 77 1
31 35 2
21 27 2
50 94 2
4 71 2
45 52 2
21 41 2
27 55 2
51 75 1
59 76 1
8 54 2
55 83 1
26 45 2
37 44 2
15 48 2
12 17 2
21 62 2
45 76 1
31 56 2
35 54 2
7 88 2
32 99 2
26 88 1
57 69 2
50 54 2
9 18 2
20 23 2
30 31 2
8 29 2
29 42 2
40 79 2
3 20 2
12 57 2
36 77 1
6 38 2
2 97 2
16 97 2
3 71 2
54 83 2
30 75 2
34 65 2
37 58 2
7 31 2
0 79 1
14 17 2
17 48 2
29 67 2
14 97 2
52 59 2
12 64 1
14 45 2
29 98 2
21 96 1
9 36 2
48 74 2
26 75 2
4 39 2
8 51 2
36 72 2
3 14 2
59 74 2
33 56 2
2 45 2
58 83 2
28 69 2
15 99 1
44 59 2
48 98 2
5 32 2
13 71 1
6 40 2
2 71 1
56 76 2
24 55 2
7 12 2
38 88 2
55 85 2
1 38 2
9 41 2
34 99 2
9 61 2
41 45 2
0 42 2
11 59 2
41 97 2
45 50 2
24 46 2
45 46 2
25 86 2
18 86 1
8 68 2
26 58 2
41 81 1
38 59 2
15 49 2
52 60 2
24 66 2
3 57 2
55 57 2
49 55 2
16 29 2
26 65 1
42 45 2
31 73 2
42 44 2
35 83 2
3 34 2
41 86 2
45 97 2
41 44 2
11 36 2
20 30 2
9 99 1
32 98 1
3 33 2
36 68 2
3 47 2
15 68 1
30 35 2
22 53 2
0 47 2
19 50 2
31 47 2
5 44 2
9 76 1
5 55 2
44 84 2
20 39 2
32 47 2
11 29 2
8 97 2
14 50 2
43 81 1
24 33 2
34 38 2
35 39 2
58 98 1
23 54 2
21 79 2
43 93 1
42 58 2
28 47 2
37 38 2
36 58 2
46 59 2
24 34 2
46 63 1
7 61 2
3 45 2
36 48 2
1 91 1
30 32 2
27 45 2
16 25 2
47 91 2
2 82 2
8 20 2
7 42 2
1 30 2
13 87 2
3 58 2
29 71 2
15 54 2
0 35 2
52 84 2
8 40 2
57 99 1
54 98 1
46 51 2
9 90 2
18 31 2
53 92 2
5 94 2
53 97 2
22 41 2
27 75 1
38 67 2
31 85 2
6 14 2
6 12 2
6 25 2
16 52 2
30 89 2
10 46 2
52 81 2
1 35 2
19 56 2
45 99 2
21 95 1
6 83 2
12 42 2
21 47 2
0 61 1
3 48 2
8 27 2
14 49 2
59 99 2
12 71 2
57 62 2
23 70 2
39 45 2
29 94 2
18 32 2
16 92 2
46 53 2
29 52 2
10 23 2
28 84 1
21 92 2
21 64 2
24 97 2
6 34 2
0 43 2
14 39 2
24 63 1
50 75 1
22 29 2
5 12 2
4 12 2
18 36 2
54 82 2
42 48 2
47 69 2
51 52 2
2 20 2
58 79 2
28 41 2
0 15 2
58 81 2
16 99 2
33 46 2
44 81 1
0 13 2
0 65 1
31 55 2
53 58 2
15 56 2
15 58 2
15 91 2
33 41 2
7 18 2
0 22 2
24 82 2
38 44 2
17 53 2
30 38 2
19 69 1
10 14 2
48 66 2
5 89 2
3 42 2
31 80 2
35 96 1
13 24 2
24 57 2
17 63 2
45 85 2
20 97 2
40 50 2
14 53 2
51 71 2
18 93 2
12 52 2
0 21 2
47 49 2
15 47 2
13 88 2
45 48 2
7 66 2
45 57 2
22 95 1
7 44 2
18 85 2
39 71 2
33 50 2
15 34 2
16 51 2
25 52 2
8 74 1
23 95 1
14 87 2
40 47 2
49 51 2
21 49 2
18 65 1
41 75 2
19 91 1
30 50 2
52 82 2
44 45 2
0 26 2
23 84 2
10 57 2
7 35 2
9 22 2
4 34 2
2 28 2
1 44 2
5 77 2
13 17 2
16 87 2
25 53 2
16 44 2
11 88 2
27 73 1
41 68 2
54 72 1
33 79 1
32 59 2
22 30 2
34 39 2
17 37 2
56 74 2
6 53 2
53 59 2
59 85 2
47 51 2
9 93 2
0 7 2
22 86 2
9 85 2
7 59 2
57 75 2
0 81 1
31 96 2
43 44 2
20 69 2
39 64 2
9 49 2
44 56 2
22 36 2
42 82 1
15 40 2
30 40 2
21 78 1
6 35 2
58 61 2
11 53 2
8 87 2
6 50 2
57 97 2
2 21 2
7 32 2
25 50 2
8 67 2
28 39 2
56 84 1
47 84 2
13 20 2
9 87 2
19 27 2
4 17 2
44 93 2
57 76 2
0 85 1
2 69 1
50 85 1
38 53 2
15 51 2
17 86 2
36 44 2
55 72 2
6 26 2
24 60 2
3 26 2
7 70 2
48 54 2
41 88 2
1 9 2
34 84 1
4 31 2
31 58 2
4 69 2
44 64 1
47 60 2
39 49 2
50 96 2
50 95 2
28 92 1
1 68 1
53 72 2
24 36 2
39 74 2
21 42 2
35 63 2
45 80 1
58 86 2
40 83 1
18 78 1
52 88 2
21 43 2
35 91 2
4 78 1
13 72 1
13 63 2
18 50 2
31 46 2
37 89 2
0 77 2
37 55 2
23 58 2
41 52 2
35 92 2
20 74 1
19 48 2
34 50 2
11 27 2
4 59 2
10 53 2
14 54 2
35 58 2
10 22 2
29 63 2
54 89 1
35 47 2
44 98 2
4 6 2
21 63 1
45 72 2
20 58 2
11 87 2
29 96 2
37 91 2
8 73 2
38 61 1
46 95 1
4 21 2
26 57 2
13 84 2
20 90 1
29 83 1
42 79 1
17 45 2
16 68 2
0 3 2
54 86 2
58 76 1
18 74 2
2 5 2
32 43 2
16 43 2
22 85 2
50 93 2
37 99 2
51 61 1
43 58 2
6 16 2
4 73 1
35 98 1
11 61 2
0 46 2
6 89 2
21 81 2
13 82 2
26 32 2
35 67 2
57 59 2
16 82 1
42 56 2
16 18 2
14 78 2
37 80 2
59 68 2
11 16 2
13 39 2
5 14 2
32 34 2
35 49 2
4 44 2
51 68 2
24 68 2
0 50 2
1 18 2
29 75 1
36 84 1
47 74 2
48 79 2
20 25 2
36 83 2
5 59 2
19 59 2
1 94 2
27 60 1
52 91 2
40 68 2
9 52 2
40 87 2
26 29 2
5 19 2
0 82 2
40 90 1
46 85 2
54 80 1
5 64 2
28 58 2
29 30 2
38 72 2
17 18 2
13 28 2
46 88 2
49 64 2
3 17 2
55 76 1
20 62 1
49 97 2
1 45 2
41 78 1
12 94 1
34 95 2
2 35 2
28 83 2
38 54 2
22 45 2
4 14 2
25 55 2
10 85 2
12 29 2
19 25 2
11 74 2
3 15 2
22 74 1
9 16 2
22 72 2
29 93 2
29 34 2
32 48 2
8 50 2
52 66 2
13 43 2
0 48 2
27 88 1
35 78 2
25 63 2
2 48 2
8 81 2
31 89 1
52 93 2
48 62 2
22 76 2
47 68 2
18 58 2
0 29 2
28 93 2
32 93 1
8 12 2
19 55 2
3 36 2
45 98 2
14 23 2
0 68 2
51 95 2
28 73 2
15 32 2
52 58 2
41 50 2
30 56 2
28 31 2
27 99 1
35 42 2
36 70 2
23 57 2
30 34 2
41 43 2
3 12 2
43 71 1
16 77 1
31 88 2
20 65 2
51 73 2
18 94 2
17 24 2
5 81 2
12 48 2
18 56 2
42 54 2
48 63 2
55 56 2
9 44 2
6 92 2
9 63 2
52 55 2
4 35 2
31 87 2
6 45 2
34 72 2
12 87 1
27 31 2
11 49 2
4 74 2
56 92 1
54 75 2
3 13 2
13 23 2
35 86 2
9 82 1
53 65 2
8 13 2
11 18 2
9 59 2
56 73 2
7 49 2
10 98 2
56 88 2
51 90 1
39 81 2
27 33 2
55 84 2
53 55 2
31 34 2
24 69 2
45 74 1
6 77 1
47 73 1
5 40 2
3 69 2
39 43 2
17 71 2
22 37 2
30 59 2
32 46 2
54 93 2
18 55 2
35 55 2
11 97 2
41 49 2
2 29 2
10 16 2
4 84 1
34 51 2
53 88 1
30 86 2
0 33 2
0 41 2
53 80 2
35 52 2
42 89 2
32 92 2
8 53 2
6 64 2
20 68 2
20 52 2
5 30 2
48 55 2
14 33 2
44 74 1
37 67 2
20 27 2
24 77 1
5 71 2
8 14 2
1 19 2
31 60 2
19 37 2
0 70 2
23 30 2
7 40 2
21 58 2
40 97 2
0 4 2
13 14 2
19 21 2
18 19 2
40 73 1
37 79 2
21 85 2
1 10 2
33 59 2
46 81 1
23 96 2
12 23 2
15 19 2
8 32 2
19 92 1
57 81 2
49 58 2
35 38 2
15 27 2
33 54 2
23 78 1
23 49 2
6 76 2
50 53 2
4 5 2
13 52 2
50 60 1
9 10 2
7 92 1
43 95 2
33 39 2
3 38 2
3 96 2
59 67 2
39 85 2
15 55 2
12 41 2
23 60 2
0 96 2
3 35 2
58 68 1
6 37 2
29 36 2
55 95 2
2 14 2
8 71 1
35 66 1
20 24 2
43 60 2
2 50 2
51 53 2
50 82 1
37 60 2
32 51 2
39 48 2
31 42 2
20 96 2
6 20 2
34 93 1
5 20 2
58 96 2
11 31 2
34 75 2
58 99 2
25 35 2
12 28 2
37 56 2
35 74 2
2 55 2
12 24 2
14 48 2
25 47 2
17 75 2
12 77 2
32 91 2
27 52 2
9 24 2
25 60 1
41 99 2
7 39 2
8 90 1
37 71 1
3 60 1
58 64 2
39 97 1
56 87 2
12 46 2
6 32 2
39 54 2
8 94 2
25 95 2
7 15 2
41 51 2
22 32 2
59 96 2
7 51 2
3 6 2
54 96 2
1 12 2
33 86 2
1 26 2
0 86 1
22 43 2
28 59 2
26 55 2
53 74 1
43 47 2
11 48 2
30 43 2
28 46 2
27 32 2
3 51 2
15 18 2
44 68 1
25 27 2
3 61 2
24 35 2
4 79 1
13 95 2
22 55 2
15 39 2
52 97 2
48 76 2
41 79 2
3 29 2
19 98 2
34 96 2
35 59 2
56 58 2
40 93 1
19 81 2
1 65 2
25 49 2
3 32 2
2 74 2
27 39 2
7 97 2
9 68 2
51 99 2
21 33 2
59 64 1
41 72 1
46 78 2
31 99 2
13 26 2
2 83 2
45 58 2
21 80 2
14 24 2
15 71 1
20 41 2
39 41 2
7 41 2
5 35 2
10 11 2
17 41 2
42 60 2
11 28 2
24 56 2
11 30 2
1 17 2
52 95 1
26 36 2
25 83 2
6 95 2
28 96 2
7 95 2
14 99 1
24 52 2
13 41 2
19 41 2
1 7 2
40 52 2
18 22 2
53 60 2
26 99 2
47 58 2
2 18 2
37 52 2
10 75 2
35 62 1
40 46 2
8 62 2
20 33 2
43 57 2
34 56 2
18 24 2
17 92 2
11 92 2
12 66 2
26 33 2
7 47 2
14 31 2
9 43 2
6 66 2
16 56 2
1 29 2
13 93 1
50 90 1
22 58 2
34 90 2
57 95 2
39 91 1
34 57 2
53 54 2
28 64 2
32 57 2
19 31 2
38 56 2
21 82 2
6 15 2
2 33 2
41 56 2
3 59 2
27 34 2
20 61 2
38 58 2
38 86 2
1 34 2
5 92 1
23 80 1
35 50 2
34 49 2
28 75 2
42 53 2
8 82 2
3 77 1
9 38 2
22 88 2
45 84 2
46 91 1
32 42 2
13 62 1
22 52 2
39 51 2
15 24 2
10 58 2
25 45 2
26 30 2
4 9 2
6 10 2
7 30 2
52 94 1
23 45 2
17 56 2
10 99 2
45 56 2
5 17 2
2 80 1
1 6 2
12 19 2
0 10 2
16 36 2
7 76 2
3 85 1
45 86 2
28 71 2
0 11 2
1 62 1
5 91 1
30 70 1
57 64 2
20 26 2
6 33 2
46 84 1
10 91 2
48 82 2
31 43 2
36 59 2
15 83 1
0 89 2
28 32 2
16 42 2
25 42 2
10 60 2
14 36 2
47 89 1
5 9 2
25 87 2
9 79 1
11 17 2
2 95 2
11 33 2
8 78 2
40 65 2
27 36 2
47 50 2
2 76 1
54 91 2
54 99 2
5 49 2
4 93 2
9 12 2
33 99 2
48 94 2
6 29 2
37 47 2
25 89 2
1 80 2
21 66 2
34 61 1
23 25 2
17 21 2
13 29 2
18 40 2
48 91 2
25 90 2
13 16 2
15 65 2
27 28 2
3 30 2
3 87 2
40 45 2
15 94 2
20 45 2
15 57 2
38 70 2
25 73 2
24 31 2
44 62 1
24 47 2
26 54 2
36 54 2
33 35 2
14 37 2
31 38 2
58 66 1
45 79 2
44 82 2
11 67 2
12 31 2
32 41 2
20 22 2
48 80 2
56 59 2
36 40 2
23 26 2
27 79 1
40 53 2
54 65 2
7 13 2
13 51 2
31 79 2
48 95 2
48 58 2
42 70 1
38 46 2
5 50 2
20 47 2
34 59 2
11 42 2
5 22 2
50 78 2
17 47 2
45 53 2
36 46 2
26 47 2
10 47 2
5 15 2
6 17 2
34 42 2
55 65 2
46 67 1
20 64 1
1 27 2
17 32 2
50 91 1
29 55 2
1 83 2
55 71 2
33 69 2
23 50 2
59 97 1
32 55 2
37 40 2
22 56 2
26 94 1
23 91 2
14 94 2
7 56 2
32 53 2
13 45 2
43 82 2
9 29 2
50 83 1
1 23 2
8 15 2
30 55 2
44 48 2
14 73 1
34 46 2
26 98 1
13 19 2
8 34 2
22 51 2
41 83 2
14 59 2
1 24 2
50 77 2
54 97 2
28 62 1
59 86 2
3 28 2
2 67 1
21 73 2
24 30 2
15 45 2
37 66 2
10 29 2
37 70 2
27 40 2
18 60 2
25 30 2
45 75 2
9 65 1
19 38 2
8 16 2
52 90 2
11 38 2
52 99 2
20 54 2
41 90 1
1 88 2
38 75 2
33 88 2
23 46 2
12 89 2
20 56 2
21 93 2
59 89 2
39 92 2
42 86 2
48 69 2
14 52 2
47 57 2
32 85 1
17 42 2
0 99 1
26 52 2
7 69 2
24 26 2
33 82 2
16 54 2
57 58 2
41 70 1
2 91 1
15 60 2
38 40 2
8 77 2
10 55 2
13 15 2
35 40 2
27 90 2
18 35 2
31 84 2
6 39 2
9 66 1
11 69 2
33 65 2
7 98 1
56 80 1
55 98 2
6 18 2
8 92 2
19 53 2
20 49 2
22 44 2
26 60 2
0 31 2
34 83 2
56 83 2
7 94 2
37 46 2
43 46 2
11 79 2
23 90 2
47 56 2
3 16 2
29 44 2
13 77 2
45 62 1
10 59 2
38 45 2
4 27 2
26 78 2
2 58 2
10 36 2
8 36 2
17 27 2
26 27 2
29 70 2
38 81 2
55 87 2
22 49 2
10 97 2
36 99 1
13 98 1
27 95 1
21 84 2
28 30 2
14 74 1
3 54 2
29 91 1
2 32 2
31 69 1
1 58 2
8 18 2
4 30 2
7 36 2
11 43 2
34 64 2
39 55 2
10 31 2
34 47 2
1 93 1
3 25 2
19 96 2
20 42 2
25 74 2
7 48 2
28 33 2
26 64 2
0 44 2
48 99 2
16 39 2
7 63 2
57 71 2
5 52 2
56 72 2
58 62 1
41 85 2
58 90 2
35 56 2
51 54 2
10 78 1
49 68 1
15 84 2
11 76 2
23 36 2
13 74 2
41 62 2
33 61 2
20 86 2
18 25 2
31 32 2
46 62 1
18 83 2
13 59 2
4 89 1
32 58 2
35 53 2
35 99 2
21 89 2
50 62 1
37 50 2
43 86 2
23 43 2
12 68 1
16 84 2
4 88 1
24 99 1
10 70 2
11 57 2
29 60 1
13 33 2
46 55 2
3 98 2
17 29 2
43 89 2
24 59 2
48 49 2
16 81 2
53 79 1
59 69 1
23 52 2
19 99 2
12 85 1
37 92 1
12 86 1
54 78 2
23 64 2
15 89 2
16 17 2
17 54 2
13 49 2
49 84 1
42 68 2
46 74 2
4 63 2
7 84 2
55 69 2
51 72 1
24 62 2
3 18 2
26 59 2
4 10 2
16 24 2
34 68 2
6 52 2
15 70 1
32 45 2
24 38 2
25 39 2
19 24 2
43 53 2
36 71 2
10 15 2
40 49 2
6 84 2
0 16 2
6 61 1
24 43 2
48 88 2
8 64 1
27 50 2
40 96 1
10 94 2
44 65 1
6 49 2
13 47 2
19 77 2
16 59 2
50 67 1
54 70 2
0 71 2
5 38 2
1 98 2
17 28 2
1 97 1
18 84 2
2 11 2
11 90 2
16 69 2
9 39 2
30 47 2
18 90 2
16 35 2
17 40 2
24 25 2
38 47 2
50 52 2
12 59 2
25 82 2
13 91 2
29 46 2
0 90 2
9 46 2
8 9 2
55 63 1
38 52 2
22 40 2
13 57 2
18 57 2
43 85 1
20 59 2
28 37 2
34 88 2
32 35 2
17 31 2
9 42 2
21 30 2
52 57 2
6 58 2
6 73 1
1 73 2
16 79 1
6 28 2
6 70 2
55 59 2
11 93 1
25 71 2
0 75 1
17 78 2
34 79 2
13 25 2
2 85 2
31 45 2
29 87 2
19 83 1
23 92 2
59 91 1
0 59 2
16 33 2
40 41 2
15 90 2
55 90 2
49 73 1
18 20 2
1 49 2
42 55 2
27 30 2
1 56 2
12 76 1
4 87 2
10 54 2
3 80 1
58 70 2
12 58 2
19 76 2
23 35 2
9 14 2
46 97 2
7 64 1
18 21 2
24 28 2
25 62 2
13 21 2
33 47 2
22 23 2
5 78 2
23 29 2
44 54 2
48 85 1
44 66 1
14 57 2
54 59 2
11 40 2
15 50 2
14 69 2
28 29 2
15 38 2
28 36 2
36 87 1
9 88 2
5 43 2
5 47 2
7 65 2
12 25 2
18 68 2
0 67 2
22 96 2
2 22 2
43 68 2
51 56 2
20 57 2
10 43 2
11 56 2
30 33 2
8 22 2
41 96 2
1 92 1
1 8 2
38 48 2
0 58 2
8 72 1
22 60 2
44 46 2
44 71 1
27 97 2
14 19 2
34 41 2
20 93 1
16 76 1
17 46 2
4 15 2
8 25 2
23 79 1
47 62 2
52 68 1
34 62 2
0 18 2
19 34 2
14 42 2
33 84 1
8 69 1
7 22 2
12 36 2
29 51 2
54 55 2
18 48 2
50 55 2
45 54 2
36 45 2
11 84 2
48 70 2
27 83 2
11 44 2
49 86 2
32 86 1
4 47 2
6 96 2
9 91 2
32 50 2
6 94 2
15 30 2
18 34 2
39 78 2
35 90 2
15 96 2
42 81 2
26 83 1
16 66 1
17 91 2
20 92 2
26 42 2
33 44 2
10 56 2
40 44 2
11 51 2
18 72 1
46 77 1
48 50 2
42 84 1
12 33 2
41 58 2
15 42 2
14 90 1
5 73 2
26 49 2
13 27 2
1 63 1
28 53 2
16 88 1
1 60 1
14 46 2
29 32 2
40 89 2
19 82 2
6 68 2
24 37 2
7 46 2
31 59 2
14 30 2
0 84 1
32 65 2
11 78 1
55 92 2
27 61 2
56 78 1
5 33 2
12 37 2
45 81 2
0 36 2
36 52 2
2 59 2
24 98 1
4 77 2
5 99 1
44 49 2
1 52 2
10 74 1
8 28 2
17 34 2
20 98 2
31 53 2
1 20 2
11 71 1
37 63 2
27 74 2
26 91 2
5 25 2
31 95 1
4 94 1
13 55 2
9 32 2
5 42 2
18 33 2
36 47 2
49 85 2
8 49 2
27 54 2
20 34 2
15 64 2
23 99 1
19 22 2
31 41 2
56 66 2
8 21 2
20 46 2
59 88 2
5 37 2
34 53 2
19 44 2
2 98 2
37 61 2
41 73 2
9 20 2
14 25 2
50 99 1
21 67 1
33 72 2
2 44 2
2 70 2
39 46 2
15 63 1
11 32 2
5 41 2
0 32 2
13 89 2
29 54 2
7 38 2
41 53 2
3 22 2
44 79 1
40 95 1
57 63 1
7 11 2
46 48 2
20 31 2
6 19 2
7 20 2
50 51 2
39 50 2
41 69 1
23 33 2
27 43 2
38 93 1
49 56 2
23 32 2
51 59 2
7 80 2
39 52 2
17 19 2
17 43 2
3 75 2
22 54 2
4 85 2
36 62 2
2 19 2
4 57 2
35 44 2
20 50 2
54 74 2
27 62 2
31 39 2
34 67 2
0 53 2
21 86 1
21 35 2
16 83 1
27 98 2
23 34 2
33 66 1
37 41 2
25 70 2
55 81 2
46 75 2
31 49 2
49 57 2
3 37 2
21 32 2
36 51 2
5 93 1
35 57 2
1 13 2
41 98 2
52 62 1
21 55 2
16 45 2
58 71 1
25 40 2
29 31 2
28 67 2
51 87 2
43 94 2
25 92 1
4 45 2
4 50 2
12 14 2
42 85 1
30 52 2
3 73 2
3 44 2
52 89 2
23 56 2
6 11 2
30 54 2
25 94 1
35 37 2
55 94 1
7 53 2
10 87 2
55 67 2
13 35 2
47 87 2
26 70 2
33 81 2
25 81 2
16 34 2
27 85 1
42 49 2
37 83 2
1 53 2
8 37 2
37 39 2
2 41 2
1 55 2
42 57 2
10 73 2
52 65 2
57 61 2
16 48 2
6 51 2
9 17 2
25 34 2
15 25 2
43 61 1
49 54 2
54 61 2
13 56 2
7 14 2
12 60 2
23 61 2
15 79 2
31 33 2
3 5 2
8 58 2
3 88 2
32 74 2
51 85 2
20 82 2
22 73 2
32 54 2
8 17 2
48 67 2
23 65 1
56 90 2
40 59 2
39 83 2
1 42 2
35 80 2
4 52 2
5 46 2
20 88 2
18 54 2
14 27 2
41 82 2
4 97 2
21 22 2
30 76 2
0 34 2
32 69 1
4 46 2
25 36 2
26 39 2
9 58 2
9 30 2
12 96 2
5 11 2
22 69 1
2 17 2
41 54 2
10 32 2
0 12 2
5 66 2
33 58 2
47 54 2
5 97 2
26 66 2
21 57 2
19 58 2
2 24 2
18 37 2
9 73 2
49 76 2
42 43 2
55 66 2
7 81 1
33 95 1
1 11 2
1 75 1
27 35 2
31 52 2
57 78 2
12 44 2
0 23 2
6 13 2
41 46 2
29 86 1
18 46 2
10 52 2
22 84 2
20 99 1
2 6 2
36 43 2
13 48 2
5 28 2
54 62 1
32 52 2
6 79 2
18 41 2
20 21 2
4 38 2
8 65 2
43 59 2
42 94 1
6 88 2
28 98 2
14 80 1
38 49 2
42 46 2
47 95 2
12 38 2
3 46 2
31 57 2
39 63 1
57 70 2
27 57 2
3 19 2
2 56 2
28 81 1
18 45 2
12 82 1
20 71 2
10 17 2
7 68 1
7 58 2
42 92 2
26 85 2
2 72 2
10 21 2
25 31 2
43 52 2
34 54 2
31 37 2
36 39 2
19 97 2
37 93 2
35 41 2
45 66 2
58 92 2
18 88 1
15 46 2
53 71 2
19 29 2
20 67 1
19 28 2
19 49 2
0 76 2
0 45 2
52 92 2
7 72 1
48 84 2
15 97 2
33 38 2
2 42 2
38 89 2
10 40 2
9 40 2
50 97 2
8 30 2
31 48 2
15 26 2
39 67 1
13 38 2
27 48 2
36 85 2
11 52 2
10 48 2
41 87 2
56 61 2
37 69 1
31 44 2
26 86 2
38 55 2
27 44 2
13 32 2
42 97 1
23 27 2
23 40 2
38 50 2
20 36 2
17 22 2
49 70 2
7 54 2
8 79 2
16 47 2
6 42 2
37 57 2
4 82 1
21 76 1
14 16 2
41 74 2
25 41 2
31 74 2
49 82 1
11 12 2
44 80 2
35 36 2
13 83 1
21 54 1
2 34 1
53 77 1
18 30 1
0 27 1
59 70 2
49 88 1
43 77 2
58 82 1
46 69 1
