% n=50 p=33 d=0.33 p_blue=0.66
% k=0
10 44 1
14 23 2
7 18 1
15 31 2
16 39 2
8 15 2
12 25 2
6 13 2
4 19 1
5 40 2
5 45 2
5 20 2
10 17 2
0 21 2
5 39 1
1 27 2
4 43 2
5 29 2
5 11 2
11 25 2
0 11 2
4 9 2
16 40 2
6 7 2
13 30 2
1 20 1
10 33 1
6 20 2
1 12 2
7 8 2
3 4 2
1 3 2
11 17 1
6 12 2
10 21 2
8 29 2
7 9 2
8 44 1
15 38 2
6 39 2
4 6 2
10 46 1
14 17 1
12 16 2
10 15 2
5 19 2
2 22 1
1 4 2
1 9 2
4 14 2
2 38 1
0 7 2
0 40 1
11 41 2
0 16 2
2 14 2
8 46 2
5 47 2
14 31 2
7 13 2
2 12 2
8 11 2
8 18 2
11 32 2
4 5 2
1 10 2
0 8 2
7 48 1
14 28 2
13 23 1
4 49 2
1 7 2
10 25 2
2 39 1
12 14 2
2 4 2
4 20 2
14 40 2
3 6 2
6 40 2
3 16 2
15 29 1
1 5 2
3 39 2
8 14 2
11 22 2
9 11 2
12 23 2
0 39 1
12 48 2
16 46 1
14 49 2
4 21 2
2 37 2
14 43 2
8 36 2
11 35 1
3 41 2
4 26 2
4 8 2
4 39 1
15 44 2
5 6 2
10 38 2
15 33 1
2 15 2
12 27 1
7 40 2
2 26 2
6 11 2
3 27 1
13 39 2
6 8 2
10 26 1
16 32 2
13 18 1
1 2 2
12 36 1
15 37 1
16 45 1
2 30 2
6 14 2
6 27 1
4 11 2
6 10 2
15 34 2
16 34 2
3 34 2
13 29 2
11 29 2
2 11 2
10 29 2
9 37 1
3 23 1
14 15 2
9 16 2
2 9 2
8 25 2
11 14 2
15 43 1
8 38 2
2 10 2
11 30 2
16 42 1
16 19 2
3 43 2
16 35 1
1 14 2
2 16 2
8 48 2
4 10 2
15 24 2
6 41 1
12 13 2
6 28 2
0 9 2
9 13 2
6 16 2
7 10 2
0 15 2
9 34 1
14 32 2
14 19 2
3 5 2
3 35 2
16 31 1
0 49 1
15 40 2
9 24 2
13 34 2
4 12 2
5 32 1
13 26 2
13 21 2
5 13 2
9 33 1
16 18 2
8 22 1
3 47 2
12 41 2
11 12 2
13 31 2
5 41 1
7 33 2
15 49 2
3 9 2
14 37 2
0 1 2
0 12 2
5 8 2
1 23 2
2 43 2
1 6 2
8 35 2
5 35 2
7 42 2
11 34 2
3 8 2
1 41 1
5 7 2
2 41 2
10 16 2
8 32 1
10 12 2
11 37 2
7 28 2
8 49 2
13 15 2
15 35 2
12 18 2
8 20 1
7 15 2
16 49 1
0 18 1
3 14 2
1 16 2
1 8 2
1 19 2
11 42 1
12 19 2
5 49 2
0 41 2
7 34 1
10 28 1
7 12 2
4 38 2
0 5 2
14 25 2
0 14 2
4 28 2
9 39 2
1 21 2
16 30 2
10 42 2
15 41 1
3 44 2
15 22 2
5 16 2
5 28 2
1 30 1
15 16 2
3 11 2
6 33 2
0 2 2
3 12 2
7 30 1
0 6 2
8 13 2
13 33 2
11 47 1
4 37 1
4 22 1
1 13 2
4 16 2
7 37 1
4 45 2
9 35 1
0 13 2
12 37 1
15 25 1
6 9 2
0 3 2
11 13 2
2 7 2
6 23 2
5 9 2
6 17 2
10 11 2
8 26 1
10 48 1
12 21 1
9 10 2
10 23 2
2 34 1
10 49 1
9 30 2
6 42 2
12 42 2
14 16 2
15 28 2
3 7 2
0 4 2
3 13 2
5 26 1
15 39 2
4 33 2
0 10 2
15 19 1
0 29 2
7 49 2
4 15 2
8 12 2
11 16 2
10 14 2
8 43 2
8 10 2
2 13 2
16 44 2
13 16 1
21 31 2
3 15 1
5 10 1
7 23 1
2 19 1
1 40 1
9 18 1
12 39 1
8 39 1
23 31 2
6 15 1
13 27 1
9 15 1
5 14 1
5 15 1
12 15 1
14 27 2
1 11 1
3 19 1
9 14 2
9 12 1
10 18 2
2 23 1
7 16 1
2 5 2
11 39 1
31 39 1
8 27 1
10 31 1
18 25 2
11 40 1
7 31 1
18 23 1
2 3 1
10 13 1
2 8 1
9 25 2
8 23 2
4 23 1
19 27 1
4 27 1
23 39 2
