% n=75 p=33 d=0.66 p_blue=0.33
% k=0
18 63 1
8 32 1
13 62 1
22 51 1
23 66 2
8 12 2
20 58 1
16 20 2
20 29 1
2 22 2
3 44 2
10 53 1
0 21 2
8 62 1
7 45 2
23 24 2
17 20 2
0 14 2
5 24 2
14 19 2
14 70 1
1 14 2
22 27 1
9 71 2
14 23 2
8 11 2
22 65 1
6 56 1
7 10 2
23 34 2
1 27 1
0 25 1
4 36 1
14 30 1
13 17 2
8 74 1
19 30 1
5 36 1
2 39 1
20 46 1
11 61 1
8 56 1
7 60 2
1 23 2
3 41 1
11 71 1
11 73 2
12 63 1
9 39 2
15 55 1
4 71 1
13 19 2
2 43 1
22 74 2
17 26 2
22 45 2
17 37 1
16 50 1
1 39 1
11 43 1
3 71 2
4 18 2
4 20 2
15 23 2
1 72 1
12 36 1
12 24 2
5 26 1
5 74 1
10 59 1
17 59 1
23 26 2
5 52 1
4 74 1
1 62 2
20 74 1
21 43 1
1 10 2
8 17 2
5 33 2
8 36 1
0 12 2
2 23 2
19 74 2
1 48 2
8 70 1
4 10 2
1 74 1
14 32 2
7 61 1
0 49 1
18 66 1
24 44 1
1 36 1
21 57 2
14 34 1
0 8 2
19 51 1
13 22 2
8 26 1
22 33 2
5 8 2
17 54 1
0 44 1
5 53 2
17 65 1
11 42 1
10 62 2
2 17 2
2 8 2
15 56 2
14 60 1
3 37 2
7 53 1
14 21 2
14 74 1
6 29 1
16 21 2
11 26 1
10 66 1
2 53 2
6 43 1
20 59 1
15 72 2
6 13 2
4 54 1
0 62 1
15 74 1
12 74 1
16 28 2
3 11 2
7 18 2
5 69 1
14 35 1
22 61 1
2 10 2
10 18 2
9 18 2
3 69 1
16 19 2
17 50 1
9 41 1
2 13 2
6 38 2
2 61 1
23 74 1
12 16 2
3 46 1
3 20 2
3 8 2
22 34 1
1 31 1
3 13 2
14 26 2
0 13 2
8 23 2
11 47 2
21 51 2
6 59 1
1 58 1
18 24 2
9 21 2
18 47 2
19 47 1
14 16 2
11 48 1
24 53 2
15 68 1
5 12 2
17 24 2
18 21 2
23 42 1
8 45 1
16 60 2
4 31 1
24 27 1
0 50 2
13 60 2
6 45 1
23 30 2
9 51 1
2 25 1
3 56 1
19 57 1
7 28 1
3 25 1
3 9 2
6 24 2
7 22 2
7 23 2
15 63 1
21 52 1
6 39 1
8 52 1
11 14 2
2 11 2
4 56 1
4 24 2
11 39 1
14 44 2
18 68 1
3 10 2
23 71 1
9 53 1
9 11 2
16 36 2
24 32 1
12 51 1
20 32 2
0 16 2
23 56 2
20 51 1
21 64 2
2 31 1
23 50 1
21 23 2
16 71 1
8 61 1
10 67 2
7 70 2
21 29 1
23 31 2
12 56 1
13 14 2
24 47 2
2 20 2
24 64 1
12 17 2
3 7 2
12 25 1
17 47 2
9 49 1
4 60 2
6 60 2
13 66 2
6 44 1
0 64 1
11 41 1
11 12 2
16 47 1
1 29 2
19 43 1
12 65 1
15 19 2
17 51 2
6 40 1
9 70 2
4 5 2
22 64 1
3 21 2
22 72 1
6 64 1
15 57 1
9 44 1
10 70 1
8 47 1
16 39 1
6 22 2
0 46 2
1 43 1
22 41 2
8 21 2
12 50 1
12 62 1
18 67 1
21 31 1
19 42 2
1 60 1
22 73 1
8 67 2
23 43 1
18 61 2
6 41 1
15 22 2
23 40 1
8 24 2
4 23 2
5 13 2
12 42 1
22 63 2
8 16 2
16 38 1
4 42 1
8 40 2
0 67 1
23 51 1
9 68 1
6 7 2
24 61 1
6 32 1
21 73 1
14 29 1
7 14 2
1 41 1
2 16 2
5 55 1
3 27 1
17 36 1
24 31 1
2 21 2
22 36 1
19 48 1
6 31 1
2 57 1
21 67 1
19 33 1
13 74 2
4 6 2
4 38 1
6 28 1
14 37 1
9 20 2
15 50 1
16 55 2
0 74 2
22 40 2
7 58 2
0 43 1
7 11 2
11 21 2
16 34 2
3 50 1
10 71 1
21 42 1
10 73 1
4 33 1
6 67 1
2 73 1
15 31 2
24 30 1
4 64 1
17 22 2
20 69 2
13 69 1
9 33 1
5 35 1
7 63 2
8 72 1
24 66 2
3 14 2
9 12 2
19 29 1
16 67 1
21 44 2
23 69 2
13 71 1
14 42 2
12 22 2
14 68 2
10 14 2
7 16 2
3 65 1
23 61 2
18 19 2
22 37 1
1 37 1
18 71 2
16 17 2
11 63 1
10 36 2
16 56 2
20 27 2
16 43 1
23 46 2
14 45 2
19 53 1
5 16 2
17 53 2
6 12 2
4 21 2
20 44 1
14 55 1
12 31 1
11 59 1
15 62 2
21 53 2
15 42 2
10 51 1
10 33 1
3 19 2
11 27 2
8 44 1
17 38 2
4 63 1
5 37 1
6 16 2
5 34 2
24 37 1
6 20 2
0 70 1
1 70 1
20 70 1
14 25 1
7 21 2
16 37 2
4 19 2
0 65 2
5 68 2
10 26 1
15 45 1
3 33 1
1 22 2
6 65 2
12 28 2
1 15 2
6 14 2
18 56 2
7 68 2
12 13 2
5 58 2
20 62 1
14 18 2
13 67 1
21 61 1
7 62 1
1 61 1
8 49 1
11 16 2
24 68 1
9 22 2
2 66 2
22 57 2
0 36 1
23 44 1
5 20 2
1 28 1
10 19 2
16 72 1
13 68 1
2 64 1
2 62 1
2 6 2
21 26 1
1 19 2
13 47 2
15 21 2
0 35 1
14 36 2
5 9 2
2 51 1
14 43 2
13 26 1
10 21 2
11 70 2
2 27 1
0 33 2
1 6 2
21 56 1
20 22 2
7 20 2
15 35 2
13 61 1
10 58 1
7 57 1
14 41 2
9 14 2
2 69 1
21 28 2
7 17 2
5 51 2
0 73 2
13 18 2
16 41 2
13 54 1
4 46 1
4 37 1
23 67 1
13 36 2
11 28 1
4 47 2
13 72 2
23 70 2
22 60 1
15 48 1
11 22 2
4 13 2
10 24 2
22 69 1
24 33 1
19 39 1
1 18 2
17 72 2
3 31 2
0 26 1
22 35 2
18 74 1
1 64 1
11 17 2
17 55 1
17 18 2
23 45 1
7 72 1
19 27 1
10 69 1
3 68 2
20 23 2
13 43 1
11 74 1
5 7 2
10 34 1
20 24 2
2 41 1
13 51 2
3 5 2
12 38 1
24 26 1
3 48 2
17 44 1
7 47 2
11 68 1
2 74 1
10 15 2
4 51 2
3 59 1
23 41 2
3 12 2
12 68 1
19 44 2
0 29 2
19 20 2
8 28 1
3 4 2
11 45 1
8 65 2
22 52 1
12 67 2
8 63 2
17 70 1
22 48 2
9 30 1
4 69 1
2 9 2
0 40 1
20 33 1
11 62 1
6 36 1
3 26 1
16 30 1
1 5 2
18 26 1
19 70 1
8 13 2
10 42 1
23 73 2
16 66 1
10 46 1
21 62 1
20 28 1
14 33 1
12 34 1
6 11 2
3 74 1
22 66 1
5 65 2
1 20 2
12 61 2
4 26 2
20 72 1
15 32 1
8 19 2
5 15 2
6 58 1
13 73 2
19 66 2
13 48 1
4 16 2
19 24 2
14 69 1
16 18 2
6 19 2
3 55 1
2 18 2
2 68 1
5 23 2
0 11 2
8 39 2
0 6 2
10 43 1
13 29 1
22 46 2
2 7 2
21 72 1
22 29 1
2 42 2
8 14 2
15 24 2
22 54 1
12 52 2
11 24 2
9 27 1
3 58 2
9 74 1
4 45 1
16 29 2
10 60 1
7 29 2
1 55 2
17 49 1
8 27 1
20 67 1
11 15 2
0 18 2
10 52 1
1 24 2
22 38 2
19 59 1
17 42 1
22 43 1
23 54 1
22 47 1
15 17 2
11 36 2
16 24 2
5 66 1
8 51 2
9 62 1
15 20 2
7 26 1
19 23 2
0 10 2
21 34 1
0 27 2
9 17 2
10 45 1
3 47 1
13 55 1
12 18 2
21 30 1
4 22 2
5 50 2
2 46 1
3 49 2
6 48 1
12 19 2
7 59 1
0 37 1
6 17 2
7 39 2
7 56 1
2 35 1
11 72 1
20 38 2
6 23 2
12 21 2
18 34 1
6 9 2
8 50 2
6 70 1
2 12 2
11 56 1
24 58 1
22 59 1
11 34 1
11 13 2
11 40 1
17 61 2
5 32 2
13 15 2
9 19 2
11 38 1
1 73 2
24 62 1
9 10 2
12 29 1
8 55 2
10 12 2
0 72 1
10 22 2
18 40 2
4 7 2
3 23 2
20 31 1
7 52 1
6 15 2
24 49 1
19 67 2
21 58 1
21 69 1
8 57 2
17 46 2
1 13 2
0 2 2
17 29 1
22 26 2
9 13 2
11 69 2
8 22 2
12 15 2
6 62 2
22 42 1
16 51 1
0 22 2
6 54 2
18 72 2
18 57 1
5 67 1
1 30 1
2 26 1
7 34 1
23 38 1
9 55 1
20 36 1
1 4 2
13 35 1
15 52 1
20 61 2
6 53 1
2 63 1
22 30 2
16 33 1
6 50 1
8 20 2
7 44 2
0 15 2
9 72 2
15 59 1
21 32 1
20 54 2
7 36 1
5 62 1
8 41 2
20 66 1
18 51 2
8 9 2
1 59 2
2 58 1
24 42 2
23 49 1
7 12 2
7 42 2
7 15 2
13 42 1
13 16 2
6 33 2
3 53 1
7 24 2
8 33 1
7 66 2
20 56 1
12 58 2
8 18 2
16 54 1
1 16 2
13 58 1
17 58 1
20 47 2
14 38 1
4 34 1
15 16 2
15 73 1
13 44 1
19 55 2
21 33 1
3 6 2
10 57 2
5 59 2
0 4 2
3 43 1
13 25 1
21 60 1
4 8 2
22 23 2
4 15 2
12 49 2
12 64 1
3 42 2
1 11 2
6 26 1
18 50 1
14 48 1
6 52 1
16 70 1
4 27 1
12 39 1
15 18 2
19 56 2
1 49 1
18 20 2
22 68 1
15 28 1
19 32 1
14 49 1
0 30 2
17 35 2
4 12 2
24 35 1
7 13 2
1 65 1
2 3 2
24 57 1
17 23 2
10 13 2
15 70 1
5 11 2
13 24 2
14 58 1
24 52 1
24 74 1
15 40 1
9 34 2
1 8 2
16 73 1
6 61 1
11 25 1
20 64 1
20 68 1
11 51 2
1 56 1
4 14 2
5 64 1
7 19 2
5 44 1
18 49 1
6 72 1
21 68 2
20 73 1
21 38 1
11 35 1
13 23 2
1 17 2
20 63 1
20 49 1
18 70 1
1 71 2
2 55 2
10 11 2
13 49 1
18 35 1
8 34 2
14 54 1
17 56 1
8 25 2
4 25 2
10 61 1
3 40 2
3 16 2
13 20 2
23 52 1
10 47 2
2 49 1
0 20 2
6 47 1
16 59 2
14 63 1
0 17 2
0 1 2
12 59 2
1 47 2
17 31 1
15 46 2
17 73 1
18 29 2
9 24 2
0 23 2
8 15 2
12 55 1
2 14 2
15 43 1
9 47 1
10 30 1
13 53 2
21 25 1
4 29 1
0 52 1
9 15 2
8 38 2
12 43 1
5 21 2
1 42 1
17 32 2
1 25 1
12 37 1
3 18 2
22 49 1
3 52 2
15 26 1
17 64 1
3 30 2
20 50 1
18 42 1
3 29 2
9 31 1
12 27 1
3 15 2
15 69 1
14 66 2
12 20 2
8 59 1
11 54 1
10 72 1
16 64 2
9 16 2
17 43 2
13 56 1
5 6 2
24 29 1
18 62 1
6 8 2
9 40 1
7 55 1
1 21 2
5 48 2
19 73 2
6 30 1
7 9 2
14 57 1
19 34 2
7 8 2
18 48 1
9 61 1
6 25 2
3 28 2
16 68 1
11 32 1
24 59 1
7 64 1
21 74 2
1 66 2
19 41 1
5 38 1
9 57 1
1 7 2
0 63 1
9 32 1
13 28 1
24 54 2
1 38 1
14 15 2
24 69 1
12 40 1
15 51 2
15 33 2
0 56 2
14 40 2
1 69 1
18 22 2
11 30 1
15 39 2
14 31 2
11 50 2
11 49 1
21 22 2
3 70 1
11 19 2
17 62 1
0 9 2
7 48 1
19 22 2
3 32 2
21 55 1
14 24 2
23 59 1
11 20 2
24 60 1
2 4 2
7 73 1
1 2 2
18 28 2
13 38 1
14 27 1
21 70 2
21 59 2
23 65 2
21 24 2
18 58 1
9 50 1
15 29 2
3 73 2
2 5 2
12 26 1
0 7 2
15 58 1
4 35 1
12 23 2
4 73 2
22 58 1
9 63 1
5 49 2
17 48 2
12 14 2
17 66 1
10 16 2
11 31 1
5 18 2
14 22 2
14 73 1
2 36 2
4 66 2
16 52 1
18 31 2
1 9 2
7 30 2
3 36 1
4 50 1
18 23 2
16 32 1
12 47 1
15 60 2
0 61 1
3 17 2
2 44 2
8 10 2
17 71 1
8 42 1
0 5 2
7 67 1
19 21 2
9 69 1
19 36 2
18 69 1
23 36 2
19 45 1
12 48 1
17 57 1
7 71 2
5 31 1
4 59 1
23 33 2
14 67 2
10 68 2
5 19 2
8 31 2
20 60 2
2 38 2
3 24 2
8 69 2
22 67 2
14 17 2
6 63 1
3 35 1
16 42 2
14 65 2
18 30 1
17 19 2
16 26 1
2 45 1
4 17 2
17 33 1
20 41 2
11 57 2
20 65 2
22 50 1
18 73 1
23 32 1
18 45 1
12 71 2
5 22 2
1 12 2
13 59 2
0 3 2
19 68 1
1 50 2
9 52 1
0 19 2
5 60 1
4 9 2
12 53 2
17 34 1
12 41 1
7 54 1
9 65 1
23 47 1
17 74 1
16 74 1
7 37 1
1 46 1
20 57 1
17 52 1
20 43 1
4 49 1
6 18 2
14 52 1
2 24 2
11 18 2
9 54 1
10 74 1
15 44 2
2 28 1
10 54 1
10 23 2
2 19 2
24 28 1
7 46 1
13 65 2
19 25 1
4 11 1
5 17 1
5 61 1
5 25 1
4 58 1
10 20 1
44 71 2
16 62 1
22 24 1
32 55 2
36 61 2
17 21 2
22 55 1
0 24 1
22 62 2
55 63 2
25 44 1
44 51 2
14 20 1
10 17 1
19 71 2
3 63 2
66 71 1
17 25 2
16 22 1
13 32 1
21 71 2
0 51 2
15 66 1
32 44 2
15 53 2
0 71 1
15 25 2
20 21 1
