% n=25 p=60 d=0.33 p_blue=0.66
% k=0
3 15 2
1 9 2
6 24 2
5 7 2
11 21 1
4 11 2
5 6 2
6 10 2
6 19 2
4 9 2
0 5 2
1 17 2
0 7 2
14 20 1
6 12 2
7 11 2
3 19 2
4 8 2
9 10 2
9 11 2
1 10 2
0 3 2
1 12 2
8 9 2
9 20 2
4 6 2
6 13 2
13 20 2
8 13 2
2 3 2
10 15 2
0 2 2
3 11 2
14 23 2
2 13 2
11 22 1
3 12 2
8 10 2
10 13 2
4 18 1
1 22 2
1 14 2
0 20 2
10 23 2
5 8 2
5 12 2
2 7 2
2 8 2
2 22 2
3 8 2
10 12 2
14 19 2
3 13 2
13 22 2
2 5 2
10 11 2
9 15 1
12 22 2
4 23 2
7 10 2
4 10 2
6 23 1
1 20 2
0 8 2
1 4 2
0 21 1
9 13 2
5 22 2
5 9 2
3 6 2
10 18 1
1 3 2
3 4 2
6 11 2
12 14 2
8 12 2
13 15 2
2 4 2
2 11 2
2 21 2
2 16 1
0 4 2
9 21 2
3 9 2
3 10 2
9 16 2
2 19 1
9 18 2
5 24 1
0 6 2
4 7 2
10 16 1
7 8 2
1 18 2
1 2 2
14 17 2
2 10 2
6 8 2
0 19 2
7 13 2
1 6 2
2 18 1
5 11 1
2 9 1
3 7 1
6 14 1
8 18 1
1 11 1
7 24 2
13 18 1
8 24 1
2 6 1
3 18 2
9 12 1
18 24 2
11 12 2
3 21 1
6 9 1
7 14 2
14 18 1
7 9 1
4 5 1
12 21 1
13 14 1
0 10 1
2 24 2
4 21 2
2 12 2
4 13 2
5 13 1
5 21 1
5 18 1
6 18 1
14 21 1
15 24 2
1 5 1
14 24 2
3 14 1
1 21 1
9 14 2
0 11 1
0 24 1
10 21 1
0 1 2
10 24 2
15 18 2
13 24 2
5 14 2
