% n=25 p=60 d=0.66 p_blue=0.33
% k=0
13 14 2
6 11 2
8 12 2
8 13 2
2 6 2
10 22 1
11 12 2
0 15 1
8 22 2
2 24 1
5 18 1
2 17 2
5 16 2
7 20 1
9 14 2
12 21 1
4 17 2
1 13 2
14 16 1
6 9 2
0 14 2
7 13 2
3 9 2
7 23 2
3 24 1
4 13 2
4 10 2
6 13 2
4 19 2
8 23 2
8 24 1
6 8 2
7 9 2
4 11 2
11 23 2
0 10 2
7 8 2
0 9 2
9 12 2
7 10 2
5 20 1
2 3 2
6 12 2
11 21 2
5 13 2
5 19 2
7 19 1
14 22 2
7 15 1
7 16 1
7 11 2
4 22 1
2 8 2
13 24 2
3 6 2
6 23 1
5 23 1
6 7 2
0 21 1
10 17 1
1 10 2
2 21 1
13 20 1
5 10 2
6 17 2
0 4 2
14 15 1
3 19 1
4 9 2
11 14 2
0 5 2
1 5 2
3 13 2
9 23 1
0 11 2
13 21 1
11 15 1
5 17 1
2 12 2
8 11 2
1 6 2
0 6 2
1 2 2
1 11 2
10 11 2
4 18 1
7 12 2
3 23 1
4 14 2
13 19 1
5 9 2
4 12 2
1 3 2
3 16 2
0 8 2
2 9 2
0 1 2
8 14 2
8 10 2
10 23 1
2 23 2
5 22 1
0 12 2
4 16 1
8 18 2
1 8 2
12 15 1
3 12 2
4 6 2
0 23 1
2 10 2
4 7 2
12 16 1
6 16 1
2 15 2
0 7 2
10 24 2
12 20 1
14 21 2
9 10 2
10 21 1
0 17 1
2 18 1
4 15 1
11 17 1
5 24 1
2 11 2
2 14 2
12 24 1
10 16 1
1 24 1
9 18 2
12 18 1
3 10 2
8 21 1
1 9 2
2 16 1
11 19 2
1 7 2
2 19 1
5 11 2
0 19 1
12 19 1
7 21 1
7 24 1
3 5 2
3 11 2
1 22 2
4 23 2
9 13 2
11 22 1
14 19 1
10 18 1
3 4 2
2 13 2
9 24 1
8 19 1
15 18 2
1 17 2
9 21 2
6 14 1
0 18 1
5 12 1
6 21 1
8 15 2
2 7 1
1 15 1
13 15 2
8 9 1
17 20 2
9 20 1
3 7 1
6 18 1
3 8 2
11 20 2
5 21 2
7 14 1
20 21 1
17 18 1
0 13 2
10 13 1
9 11 2
8 20 2
6 22 1
3 18 2
10 12 2
10 14 2
6 15 2
5 6 1
9 22 2
0 2 1
18 20 2
1 21 2
1 14 1
4 20 1
12 14 1
2 5 1
15 21 1
15 20 1
3 17 1
6 10 2
1 18 1
1 12 2
10 20 2
7 22 2
18 22 2
2 4 1
5 8 2
