% n=25 p=60 d=0.66 p_blue=0.66
% k=0
1 6 2
2 4 2
8 22 1
11 19 2
5 16 2
7 24 1
10 24 2
11 18 1
10 13 2
12 20 2
2 11 2
13 17 2
6 11 2
9 18 2
5 11 2
3 13 2
0 3 2
10 12 2
7 15 1
4 14 2
8 20 2
11 13 2
5 6 2
13 18 2
5 17 2
4 9 2
8 14 2
0 17 2
0 13 2
13 14 2
3 10 2
11 24 1
13 19 2
5 20 1
7 8 2
0 4 2
9 13 2
2 9 2
7 14 2
14 24 2
14 17 2
8 17 2
4 7 2
5 13 2
9 20 1
6 18 2
1 23 2
9 17 1
12 21 2
5 15 2
5 24 2
10 17 1
3 4 2
13 15 2
0 1 2
4 12 2
3 11 2
1 16 1
2 7 2
10 11 2
5 18 2
10 15 2
7 22 2
2 15 1
0 5 2
7 10 2
2 6 2
11 23 2
1 13 2
4 8 2
8 21 1
0 22 2
4 20 2
13 16 2
7 19 2
6 10 2
12 23 2
2 5 2
6 15 2
4 21 2
9 15 2
0 14 2
12 13 2
9 23 2
6 16 1
0 21 1
3 7 2
4 19 1
6 13 2
3 24 2
8 19 2
7 11 2
13 20 2
3 15 1
13 22 2
12 14 2
12 18 2
8 24 2
14 19 1
2 20 2
0 15 2
4 10 2
4 17 2
1 10 2
9 11 2
11 22 2
1 8 2
3 9 2
2 23 2
14 21 2
10 16 1
1 5 2
1 14 2
1 2 2
8 13 2
8 12 2
3 5 2
3 21 2
1 17 1
6 24 2
14 20 1
14 15 1
11 15 2
1 7 2
3 17 2
10 23 2
10 21 1
2 21 2
7 13 2
13 21 2
6 14 2
10 19 1
3 23 1
9 24 2
12 15 2
3 16 2
1 24 1
7 17 1
3 6 2
6 19 1
0 19 1
8 11 2
0 9 2
7 18 1
4 11 2
4 5 2
9 14 2
6 21 2
9 16 2
0 11 2
3 19 2
7 16 2
6 8 2
3 12 2
11 21 2
6 17 2
1 4 2
2 24 2
8 15 1
1 9 2
9 22 2
9 21 2
7 12 2
0 23 2
11 14 2
9 12 2
12 16 1
2 8 1
0 18 2
0 12 1
2 12 1
2 14 1
5 22 1
8 18 1
5 19 1
5 14 2
14 23 1
2 18 2
4 6 1
8 9 1
2 13 1
5 9 1
1 3 1
0 24 1
2 19 2
13 24 1
4 24 2
5 8 1
1 22 1
5 10 2
5 7 1
4 22 2
6 9 1
8 10 1
6 23 1
18 24 1
18 22 2
1 18 2
12 22 1
0 7 2
11 12 1
5 12 1
14 22 1
