% n=25 p=60 d=0.33 p_blue=0.33
% k=0
14 18 2
4 11 2
8 9 2
11 20 1
2 13 2
4 6 2
5 14 2
10 11 2
0 6 2
4 18 1
3 9 2
5 9 2
2 4 2
5 20 1
5 23 1
11 14 2
6 10 2
6 16 1
12 14 2
8 21 2
3 4 2
6 19 1
3 12 2
2 6 2
4 13 2
6 13 2
1 8 2
2 23 2
5 6 2
6 9 2
9 23 2
6 11 2
14 19 1
2 12 2
0 10 2
1 3 2
8 16 1
1 13 2
0 22 2
5 10 2
8 14 2
6 7 2
10 21 1
1 5 2
3 11 2
10 13 2
2 19 1
5 18 1
0 17 1
0 13 2
4 12 2
3 17 1
13 24 1
7 18 1
10 15 1
10 19 1
3 15 1
11 15 2
2 17 1
4 23 1
5 11 2
6 15 2
13 17 1
3 10 2
9 19 1
7 10 2
8 15 1
7 12 2
13 23 1
2 14 2
0 3 2
9 10 2
3 6 2
8 12 2
13 22 1
0 7 2
7 9 2
4 10 2
8 13 2
13 18 2
1 19 2
0 1 2
0 5 2
1 12 2
14 24 1
12 23 2
2 9 2
3 19 1
0 2 1
1 17 2
3 5 2
9 14 1
10 17 2
1 7 1
9 13 1
14 20 2
1 11 1
9 11 1
5 12 1
3 13 1
12 18 1
4 8 1
2 7 1
8 10 1
3 7 1
3 14 1
2 18 2
3 20 2
6 14 2
5 17 2
10 12 1
4 20 2
5 7 1
7 20 2
2 20 1
4 5 1
12 17 1
9 12 2
6 20 1
0 12 1
1 4 1
13 14 1
9 18 1
7 14 1
0 8 1
1 2 1
8 20 1
11 17 1
1 9 2
7 11 1
14 17 2
6 8 2
11 18 2
10 14 1
