% n=25 p=33 d=0.33 p_blue=0.33
% k=0
0 5 2
4 7 2
0 21 2
0 7 2
3 8 2
6 24 1
7 11 1
0 23 1
1 9 1
1 3 2
0 12 2
1 5 2
2 10 1
1 7 2
3 15 2
7 20 1
7 21 1
2 15 1
3 10 2
5 12 2
3 19 1
5 19 1
4 10 1
7 9 1
2 11 2
1 20 1
5 14 1
5 13 1
7 17 2
4 16 1
3 5 2
2 19 1
2 23 2
6 13 1
4 14 2
8 16 2
4 6 2
6 7 2
8 15 1
6 16 2
6 17 1
5 17 1
2 22 1
3 12 1
3 6 2
5 11 2
7 22 1
4 19 2
6 8 1
5 7 1
0 18 1
1 2 1
0 3 1
7 24 1
1 6 1
4 8 1
0 24 1
2 18 2
3 18 2
0 4 1
4 5 2
0 8 1
2 8 1
5 6 2
2 24 2
5 8 2
0 6 1
2 7 1
2 3 1
18 24 2
5 18 1
