% n=25 p=60 d=0.66 p_blue=0.33
% k=0
13 14 2
6 11 2
4 21 2
3 17 1
8 13 2
10 22 1
11 12 2
0 15 1
12 14 2
2 24 1
2 17 2
5 16 2
5 6 2
12 13 2
7 20 1
9 14 2
12 21 1
4 17 2
14 16 1
1 14 2
7 13 2
7 23 2
3 24 1
4 13 2
4 10 2
3 18 1
4 19 2
8 23 2
8 24 1
6 8 2
8 9 2
7 9 2
11 23 2
0 10 2
7 8 2
0 9 2
9 12 2
2 3 2
6 12 2
11 21 2
5 13 2
5 19 2
7 19 1
14 22 2
7 15 1
7 16 1
2 4 2
7 11 2
4 22 1
2 8 2
13 24 2
4 5 2
3 6 2
6 23 1
5 23 1
6 7 2
0 21 1
10 17 1
1 10 2
5 7 2
3 14 2
13 20 1
14 15 1
5 8 2
3 19 1
11 14 2
0 5 2
1 5 2
10 13 2
3 13 2
9 23 1
1 17 1
6 14 2
6 22 1
9 20 2
11 15 1
5 17 1
8 11 2
1 6 2
0 6 2
1 21 1
0 22 1
1 11 2
3 23 1
13 19 1
5 9 2
1 3 2
3 16 2
2 9 2
0 1 2
8 10 2
10 23 1
2 23 2
5 22 1
4 16 1
3 12 2
4 6 2
0 2 2
0 23 1
4 7 2
12 16 1
6 16 1
14 18 1
3 22 1
10 24 2
14 21 2
10 21 1
0 17 1
2 18 1
5 14 2
11 17 1
0 3 2
1 12 2
5 24 1
2 11 2
9 21 1
12 24 1
10 16 1
1 24 1
2 5 2
9 18 2
8 15 1
3 10 2
1 9 2
2 16 1
11 19 2
1 7 2
2 19 1
0 19 1
12 19 1
7 21 1
8 20 1
7 24 1
3 5 2
3 11 2
1 22 2
4 23 2
11 22 1
13 15 1
14 19 1
6 10 2
3 4 2
9 24 1
8 19 1
10 20 2
1 8 1
12 15 2
2 22 1
9 10 1
15 22 2
0 8 1
3 21 1
12 20 2
10 12 1
17 18 1
2 14 1
4 20 1
2 7 2
2 13 1
18 22 2
0 4 1
8 18 2
8 17 1
0 11 1
5 12 1
2 12 1
2 20 2
10 11 1
17 21 1
9 17 2
6 15 2
3 20 2
9 15 1
9 11 1
6 9 2
2 10 1
5 20 2
15 21 1
4 15 2
2 6 1
0 18 1
18 20 2
13 17 2
0 12 1
8 12 1
8 21 2
4 12 2
10 14 1
15 17 2
18 21 1
20 22 1
4 18 1
2 21 2
1 4 1
12 18 1
