% n=50 p=33 d=0.33 p_blue=0.33
% k=0
10 23 1
7 9 2
4 27 2
6 25 1
4 8 2
2 14 2
13 24 1
14 37 1
12 13 2
10 43 1
15 17 1
4 24 1
12 45 2
16 34 1
15 18 1
2 35 1
5 14 2
16 21 1
9 15 2
0 43 2
6 15 2
2 11 2
9 49 1
1 40 1
9 24 2
16 39 1
15 42 1
2 3 2
10 18 1
4 11 2
14 44 1
16 37 1
13 14 2
3 8 2
6 20 1
0 16 2
6 16 2
3 4 2
4 14 2
3 15 2
10 15 2
4 7 2
1 5 2
14 17 1
9 10 2
5 13 2
0 32 1
1 28 2
2 5 2
5 38 1
7 16 2
10 44 2
6 23 1
7 15 2
9 44 1
5 16 2
7 21 2
8 10 2
1 31 1
1 47 1
15 48 1
0 9 2
9 39 1
0 21 1
3 31 2
13 35 1
1 3 2
1 7 2
13 23 2
5 11 2
8 40 2
5 33 1
8 35 1
14 16 2
16 42 1
10 41 2
1 4 2
2 4 2
9 29 1
6 41 1
0 6 2
0 35 2
9 11 2
14 15 2
9 42 2
1 19 2
7 8 2
1 8 2
10 24 1
11 32 1
5 34 1
6 44 1
3 16 2
7 14 2
2 9 2
2 43 1
3 23 1
3 5 2
3 14 2
4 10 2
6 19 2
8 22 1
3 29 2
7 31 1
10 48 2
16 19 1
4 30 1
9 14 2
1 9 2
0 10 2
0 47 1
0 13 2
11 16 2
6 34 1
14 34 2
4 29 1
1 25 2
4 44 1
11 15 2
1 37 1
0 5 2
4 15 2
15 43 2
14 35 1
8 14 2
13 32 1
6 28 2
11 26 1
4 16 2
3 34 1
2 47 1
0 14 2
11 46 2
10 34 2
9 16 2
4 37 1
1 16 2
9 13 2
1 30 2
13 31 1
6 14 2
1 27 1
0 7 2
11 36 1
6 9 2
2 16 2
3 30 1
6 8 2
13 25 2
16 49 1
15 35 1
8 9 2
16 48 2
0 2 2
2 44 2
15 27 1
2 13 2
4 13 2
0 20 1
8 12 2
0 29 1
3 28 1
1 14 2
1 11 2
7 38 1
9 40 1
12 15 2
3 39 1
4 34 2
0 15 2
12 31 2
0 12 2
13 43 1
6 49 1
4 6 2
15 20 1
1 43 1
6 11 2
3 25 2
0 40 2
0 42 1
10 46 1
9 12 2
5 30 2
6 13 2
9 33 1
8 36 1
9 35 2
5 12 2
6 12 2
11 39 1
12 14 2
0 1 2
8 39 1
8 48 1
13 20 1
8 43 1
13 16 2
1 35 1
0 3 2
4 49 1
16 23 2
9 28 2
13 46 2
12 37 1
0 33 2
2 48 1
13 21 1
6 26 1
7 11 2
7 25 1
4 45 1
12 16 2
12 33 1
0 11 2
11 17 2
10 45 1
1 15 2
2 12 2
3 11 2
8 37 1
16 22 2
3 49 1
3 12 2
7 28 1
5 15 2
11 12 2
4 42 1
0 48 1
15 44 1
15 16 2
5 40 2
13 34 2
5 35 2
4 19 1
1 29 1
9 37 1
15 19 1
4 22 2
5 7 2
6 31 2
15 34 2
4 5 2
2 24 1
1 2 2
11 31 1
14 33 1
13 37 1
5 9 2
11 44 1
10 22 1
16 31 2
10 16 2
4 36 2
2 49 2
14 39 1
7 30 1
8 47 1
4 26 1
2 18 2
7 13 2
14 42 1
13 39 2
9 34 1
7 40 1
9 36 1
9 22 1
7 12 2
8 44 1
5 42 1
2 31 1
4 35 2
5 10 2
9 46 2
1 13 1
1 12 1
40 46 1
15 46 1
3 7 1
10 13 1
12 23 1
23 25 1
5 17 1
8 25 2
17 27 2
5 6 1
1 46 1
5 46 1
3 9 1
24 40 2
2 10 1
1 32 2
7 10 1
8 13 1
23 46 2
24 25 2
9 23 2
5 24 2
6 10 1
2 23 1
1 6 1
4 9 1
27 46 2
5 32 1
7 32 2
16 17 2
3 40 2
8 24 1
16 46 1
6 27 1
8 32 1
0 46 1
27 30 2
0 23 1
9 27 1
10 11 1
13 15 1
2 40 2
0 25 1
2 6 1
8 11 1
23 32 2
1 10 1
7 27 2
