% n=25 p=33 d=0.33 p_blue=0.33
% k=0
0 6 2
0 21 2
1 8 2
7 11 1
0 23 1
1 9 1
0 12 2
0 1 2
1 5 2
2 10 1
1 7 2
1 6 2
3 15 2
7 20 1
7 21 1
2 15 1
3 10 2
6 18 1
5 12 2
3 19 1
5 19 1
4 10 1
7 9 1
2 11 2
1 20 1
5 14 1
5 13 1
7 17 2
4 16 1
2 19 1
2 23 2
6 13 1
4 14 2
8 16 2
8 15 1
6 16 2
6 17 1
5 17 1
2 22 1
3 12 1
5 11 2
7 22 1
4 19 2
7 18 2
7 8 1
0 2 1
5 6 2
2 8 1
8 24 2
0 5 2
3 24 2
0 8 1
1 3 1
4 18 2
3 18 2
2 4 1
6 8 1
1 18 2
5 24 2
3 8 1
2 6 1
0 3 1
18 24 2
3 6 2
5 18 2
3 7 2
5 8 1
5 7 2
7 24 1
3 5 2
4 7 2
2 3 1
