% n=25 p=60 d=0.33 p_blue=0.66
% k=0
14 18 2
2 14 2
3 15 2
9 12 2
1 9 2
6 24 2
4 11 2
5 6 2
6 19 2
8 11 2
5 14 2
4 9 2
13 14 2
0 5 2
1 17 2
0 7 2
14 20 1
6 12 2
7 11 2
12 13 2
3 19 2
0 10 2
9 11 2
0 1 2
11 13 2
1 5 2
0 3 2
7 12 2
1 12 2
9 20 2
2 6 2
3 14 2
4 6 2
6 13 2
2 9 2
13 20 2
8 13 2
0 13 2
2 3 2
10 15 2
0 2 2
3 11 2
14 23 2
8 15 1
2 13 2
11 22 1
3 12 2
10 13 2
4 18 1
1 22 2
1 14 2
0 20 2
10 23 2
5 11 2
5 8 2
5 12 2
2 7 2
2 8 2
2 22 2
3 8 2
10 12 2
14 19 2
11 12 2
13 22 2
2 5 2
6 9 2
2 12 2
1 8 2
12 22 2
4 23 2
4 13 2
6 23 1
1 20 2
0 8 2
1 4 2
3 5 2
9 13 2
5 22 2
5 9 2
3 6 2
10 18 1
6 11 2
12 14 2
8 12 2
13 15 2
0 12 2
2 11 2
2 21 2
2 16 1
1 7 2
12 24 1
0 4 2
9 21 2
3 9 2
3 10 2
0 14 2
9 16 2
2 19 1
4 5 2
9 18 2
1 13 2
0 6 2
4 7 2
10 16 1
7 8 2
1 18 2
1 2 2
14 17 2
2 10 2
5 13 2
6 8 2
8 14 2
5 10 2
0 19 2
7 13 2
1 6 2
4 10 1
7 21 2
11 15 2
4 8 1
14 21 1
5 7 1
5 18 2
7 9 1
5 24 2
1 24 1
15 24 2
3 18 1
0 11 2
14 15 2
4 14 1
3 24 1
11 14 1
7 24 2
9 15 2
12 15 2
8 10 1
1 3 1
3 7 1
7 10 1
8 9 1
13 18 2
4 12 1
0 9 1
