% n=25 p=60 d=0.33 p_blue=0.66
% k=0
14 18 2
2 14 2
3 15 2
9 12 2
6 24 2
5 7 2
11 21 1
4 11 2
5 6 2
6 10 2
6 19 2
8 11 2
4 9 2
13 14 2
0 5 2
1 17 2
0 7 2
14 20 1
6 12 2
7 11 2
3 19 2
9 10 2
11 13 2
1 5 2
1 10 2
0 3 2
7 12 2
1 12 2
9 20 2
2 6 2
3 14 2
6 13 2
2 9 2
13 20 2
0 9 2
8 13 2
0 13 2
10 15 2
0 2 2
14 21 2
7 9 2
1 11 2
14 23 2
2 13 2
11 22 1
3 12 2
8 10 2
10 13 2
1 22 2
0 20 2
10 23 2
5 12 2
2 8 2
2 22 2
7 14 2
10 12 2
14 19 2
3 13 2
11 12 2
13 22 2
6 9 2
10 11 2
2 12 2
1 8 2
12 22 2
4 23 2
7 10 2
4 10 2
4 13 2
6 23 1
1 20 2
0 8 2
1 4 2
0 21 1
9 13 2
5 22 2
5 9 2
3 6 2
10 18 1
4 14 2
6 11 2
8 12 2
13 15 2
2 4 2
2 11 2
2 21 2
2 16 1
12 24 1
0 4 2
9 21 2
3 9 2
3 10 2
0 14 2
9 16 2
2 19 1
4 5 2
1 13 2
5 24 1
4 7 2
10 16 1
1 2 2
11 14 2
14 17 2
5 13 2
4 12 2
6 8 2
8 14 2
0 19 2
1 6 2
5 21 1
4 18 2
8 24 2
7 18 1
5 18 2
12 13 1
11 15 2
12 14 1
4 21 1
2 7 2
3 11 1
0 18 1
4 15 2
6 18 1
15 21 1
6 7 1
10 21 2
5 10 1
18 21 2
2 5 1
0 12 2
12 21 1
10 14 1
5 8 2
0 24 2
8 18 1
3 21 2
1 24 2
5 14 1
6 14 2
7 24 2
15 18 2
9 15 2
1 7 1
3 18 1
2 18 1
1 9 1
0 11 1
5 15 2
3 8 1
0 10 2
