% n=100 p=60 d=0.33 p_blue=0.66
% k=0
0 70 1
51 82 1
25 83 2
2 54 2
19 41 2
45 57 2
31 36 2
47 63 2
3 53 2
45 89 2
6 19 2
11 31 2
59 82 2
15 23 2
50 92 1
1 48 2
24 62 2
14 58 2
2 70 2
4 53 2
26 36 2
30 72 2
13 61 2
32 34 2
28 66 1
27 34 2
14 41 2
5 51 2
34 62 1
24 27 2
38 45 2
29 45 2
4 8 2
10 38 2
35 58 2
11 13 2
31 34 2
25 46 2
4 24 2
59 93 2
15 37 2
32 43 2
18 23 2
59 73 2
35 48 2
23 97 2
38 50 2
32 79 2
32 68 2
41 57 2
38 80 1
12 79 2
34 64 2
41 47 2
26 54 2
17 38 2
38 75 2
20 22 2
21 48 2
16 55 2
43 62 1
33 71 2
26 56 2
44 73 1
38 39 2
40 54 2
1 46 2
42 98 1
45 99 1
11 26 2
37 84 2
20 41 2
25 55 2
54 57 2
27 36 2
9 22 2
2 47 2
8 38 2
28 67 2
8 94 2
36 52 2
28 46 2
17 79 2
2 5 2
24 51 2
15 53 2
36 80 2
46 51 2
9 55 2
50 99 2
28 56 2
15 45 2
42 51 2
48 95 1
6 43 2
38 58 2
24 53 2
5 23 2
43 88 2
6 25 2
25 40 2
38 54 2
40 53 2
38 42 2
34 72 2
11 54 2
31 51 2
27 49 2
6 65 1
31 59 2
48 58 2
18 50 2
25 57 2
21 26 2
57 98 2
12 55 2
26 44 2
32 52 2
5 26 2
31 37 2
33 86 1
19 38 2
13 18 2
25 47 2
6 45 2
39 97 2
49 52 2
10 31 2
0 93 2
30 42 2
53 56 2
28 42 2
7 38 2
0 58 2
20 36 2
26 29 2
16 42 2
43 49 2
48 51 2
2 72 2
37 72 2
8 18 2
31 32 2
0 55 2
30 77 1
17 99 1
47 73 2
1 24 2
11 12 2
12 13 2
11 51 2
23 26 2
2 94 1
33 55 2
36 54 2
0 10 2
37 45 2
3 52 2
17 77 2
25 62 2
30 40 2
4 28 2
39 40 2
44 54 2
19 58 2
8 35 2
13 67 2
25 41 2
3 49 2
16 45 2
6 54 2
32 89 1
14 45 2
1 39 2
48 77 2
4 64 2
17 81 1
9 69 1
23 29 2
23 48 2
24 77 2
22 24 2
7 56 2
29 47 2
6 28 2
52 55 2
32 45 2
50 59 2
27 56 2
19 91 2
42 60 2
19 26 2
25 28 2
21 29 2
10 99 2
40 57 2
16 53 2
11 58 2
3 6 2
22 46 2
53 60 2
37 39 2
38 59 2
21 67 1
52 87 2
36 48 2
30 48 2
33 42 2
49 59 2
4 12 2
16 88 1
37 56 2
18 32 2
30 76 1
46 99 2
52 68 1
24 94 1
55 56 2
57 58 2
12 17 2
18 49 2
52 54 2
20 21 2
12 95 2
9 49 2
32 33 2
10 29 2
4 21 2
15 54 2
43 51 2
1 54 2
3 27 2
19 51 2
12 35 2
36 78 2
19 32 2
19 43 2
5 40 2
30 36 2
41 53 2
29 31 2
12 87 2
23 49 2
6 85 2
43 78 1
9 25 2
1 11 2
23 52 2
0 51 2
17 59 2
17 48 2
15 51 2
19 70 1
43 56 2
17 33 2
1 10 2
12 16 2
44 55 2
25 27 2
15 26 2
20 34 2
14 69 2
3 12 2
14 40 2
24 90 2
0 23 2
48 54 2
49 54 2
58 62 1
46 49 2
31 53 2
5 48 2
39 53 2
26 38 2
27 59 2
22 34 2
19 48 2
21 62 2
1 76 2
21 53 2
9 54 2
58 81 1
20 53 2
50 86 2
41 46 2
29 58 2
47 87 2
27 48 2
7 37 2
31 33 2
17 37 2
6 36 2
10 17 2
21 47 2
56 86 2
27 40 2
34 51 2
5 35 2
17 53 2
53 69 2
7 42 2
16 22 2
7 95 1
1 9 2
9 21 2
15 55 2
11 36 2
9 11 2
37 60 2
0 16 2
50 51 2
3 51 2
21 38 2
1 45 2
34 99 2
8 36 2
33 63 1
26 49 2
45 82 1
25 86 2
42 62 2
17 31 2
57 96 1
10 28 2
35 85 2
28 70 2
11 55 2
3 10 2
3 47 2
6 13 2
18 28 2
8 21 2
27 50 2
6 21 2
48 53 2
8 26 2
16 28 2
36 98 2
24 99 2
59 87 2
18 40 2
9 35 2
2 86 1
2 65 1
9 43 2
13 16 2
26 45 2
9 17 2
16 25 2
8 44 2
24 56 2
2 12 2
6 44 2
16 99 1
51 62 2
3 46 2
11 73 2
31 75 1
57 83 1
6 96 2
26 27 2
28 44 2
37 46 2
13 45 2
22 35 2
26 95 2
2 6 2
46 47 2
23 42 2
8 90 2
19 45 2
58 72 2
36 82 1
40 49 2
55 62 2
5 28 2
11 32 2
17 41 2
4 7 2
26 53 2
14 49 2
37 48 2
28 43 2
5 98 2
41 50 2
4 34 2
41 69 2
23 46 2
4 9 2
22 68 1
3 29 2
52 53 2
16 95 2
6 23 2
30 61 2
10 40 2
1 43 2
12 59 2
35 43 2
31 38 2
55 60 1
20 57 2
3 79 1
39 41 2
57 71 2
34 63 2
8 55 2
16 48 2
58 75 2
22 36 2
4 13 2
33 47 2
36 40 2
13 28 2
46 48 2
47 55 2
12 57 2
20 76 2
22 60 2
27 84 2
0 53 2
50 74 2
6 59 2
29 42 2
20 60 2
13 97 1
5 18 2
2 51 2
41 81 2
0 4 2
19 27 2
45 61 2
58 66 2
0 41 2
40 44 2
19 42 2
11 25 2
23 40 2
8 60 2
5 57 2
40 50 2
42 78 2
46 77 2
8 12 2
28 38 2
10 11 2
7 61 2
10 14 2
35 65 2
10 47 2
10 36 2
19 50 2
22 56 2
31 39 2
3 7 2
47 65 2
26 35 2
26 69 1
13 48 2
22 37 2
8 47 2
3 88 2
4 15 2
50 75 2
0 27 2
23 61 1
17 73 2
11 22 2
2 87 2
41 78 2
1 79 2
25 53 2
1 44 2
39 56 2
40 68 1
13 38 2
16 23 2
42 71 1
7 23 2
3 17 2
46 94 2
8 22 2
55 85 2
26 30 2
41 49 2
30 33 2
23 33 2
50 72 2
0 30 2
1 58 2
36 57 2
2 14 2
16 67 2
0 45 2
6 39 2
5 47 2
14 16 2
20 93 1
47 82 1
7 54 2
11 79 2
5 7 2
27 38 2
44 45 2
28 32 2
3 15 2
35 45 2
32 39 2
45 52 2
58 59 2
29 39 2
2 34 2
0 26 2
24 47 2
22 83 2
11 77 2
55 79 2
49 68 1
20 40 2
1 14 2
28 57 2
20 27 2
3 33 2
30 96 2
20 26 2
27 58 2
26 47 2
13 86 1
32 47 2
4 56 2
1 55 2
6 29 2
27 57 2
3 60 2
24 25 2
46 53 2
9 71 2
5 74 2
11 16 2
23 50 2
23 35 2
16 50 2
50 52 2
53 54 2
23 51 2
38 96 2
45 48 2
0 43 2
49 87 2
22 55 2
35 49 2
16 17 2
21 86 2
45 46 2
3 65 2
42 45 2
1 49 2
24 46 2
1 94 2
8 41 2
49 51 2
32 92 2
26 57 2
6 20 2
42 50 2
0 32 2
1 59 2
11 57 2
35 66 1
26 33 2
23 43 2
45 47 2
6 30 2
7 44 2
46 57 2
16 76 2
5 56 2
21 36 2
42 81 2
25 48 2
18 31 2
11 18 2
13 80 1
52 57 2
42 59 2
32 75 2
38 52 2
34 56 2
17 49 2
9 37 2
23 58 2
2 22 2
51 78 2
10 79 2
5 58 2
20 58 2
28 50 2
11 14 2
46 66 1
22 53 2
7 30 2
1 31 2
18 86 2
1 69 2
41 58 2
46 90 2
8 23 2
16 97 2
16 34 2
41 70 1
20 62 1
34 37 2
10 21 2
8 69 2
27 53 2
18 57 2
25 50 2
10 37 2
24 57 2
11 41 2
45 87 2
21 52 2
25 43 2
11 30 2
14 35 2
45 92 1
0 97 2
54 92 2
34 50 2
4 37 2
39 90 2
21 58 2
4 54 2
17 20 2
52 73 1
4 16 2
18 51 2
10 67 2
34 44 2
5 15 2
44 98 2
20 55 2
33 43 2
15 19 2
17 72 2
20 29 2
7 13 2
52 88 2
16 43 2
17 57 2
22 80 2
8 14 2
19 31 2
24 50 2
0 31 2
36 99 1
18 20 2
42 49 2
47 98 1
1 40 2
33 51 2
16 47 2
16 51 2
0 29 2
2 82 1
18 47 2
1 70 1
40 43 2
2 23 2
25 39 2
41 99 2
2 64 2
8 20 2
6 58 2
55 87 2
17 32 2
15 35 2
12 39 2
5 93 1
57 79 2
14 20 2
13 33 2
47 49 2
22 30 2
21 72 2
2 83 2
48 81 2
14 31 2
44 66 1
1 32 2
15 58 2
4 45 2
4 32 2
29 32 2
15 65 2
44 92 2
32 96 2
10 58 2
25 36 2
3 9 2
5 10 2
16 38 2
18 37 2
52 56 2
40 41 2
30 35 2
48 59 2
15 40 2
8 43 2
49 57 2
10 26 2
16 54 2
14 50 2
46 85 2
35 79 1
46 79 1
30 32 2
58 85 2
29 54 2
32 44 2
12 49 2
4 55 2
10 56 2
20 50 2
24 40 2
4 52 2
0 54 2
31 47 2
15 31 2
10 50 2
10 33 2
1 72 2
8 45 2
35 38 2
44 57 2
38 97 1
26 89 2
9 36 2
10 63 2
8 19 2
34 59 2
34 41 2
42 68 2
22 29 2
6 34 2
12 85 2
20 47 2
2 96 2
52 63 2
12 46 2
47 91 2
28 59 2
1 34 2
13 88 2
38 87 1
21 56 2
39 92 1
2 53 2
17 18 2
21 37 2
2 29 2
41 54 2
9 15 2
42 57 2
9 24 2
2 42 2
10 23 2
56 61 2
37 54 2
2 52 2
54 88 2
32 59 2
3 86 1
16 93 1
17 56 2
17 40 2
37 50 2
28 97 1
51 56 2
4 29 2
44 85 1
44 95 2
18 85 2
7 40 2
21 23 2
45 71 2
18 95 1
18 62 2
22 47 2
26 50 2
56 58 2
0 13 2
12 41 2
53 57 2
7 36 2
4 40 2
45 91 1
13 35 2
16 63 1
14 72 1
2 36 2
17 28 2
8 17 2
13 20 2
29 55 2
39 91 2
9 10 2
11 28 2
27 82 2
29 52 2
35 97 2
11 34 2
50 56 2
28 98 2
53 65 2
34 48 2
30 49 2
10 51 2
45 60 2
24 83 2
4 6 2
0 6 2
5 24 2
6 37 2
0 44 2
35 55 2
13 98 2
2 26 2
0 12 2
21 46 2
20 38 2
12 76 2
14 37 2
29 69 1
7 33 2
57 94 2
19 30 2
8 51 2
13 23 2
26 66 1
39 52 2
0 19 2
22 85 2
11 24 2
10 34 2
25 97 2
19 47 2
17 29 2
2 10 2
9 56 2
0 48 2
47 80 2
18 77 2
4 19 2
54 56 2
37 92 2
26 51 2
19 22 2
37 51 2
27 47 2
2 49 2
13 94 1
4 22 2
18 33 2
7 80 2
16 31 2
52 97 2
6 68 2
10 30 2
28 54 2
14 62 2
24 70 2
46 56 2
27 74 2
9 12 2
20 24 2
14 39 2
51 97 1
26 41 2
22 51 2
10 22 2
4 31 2
1 52 2
0 2 2
16 21 2
15 28 2
17 27 2
0 98 2
23 60 2
33 34 2
14 33 2
7 8 2
0 46 2
4 43 2
10 32 2
55 57 2
20 81 2
3 80 2
30 41 2
30 34 2
6 7 2
55 89 1
38 44 2
49 50 2
35 60 2
16 49 2
31 64 2
10 70 2
20 43 2
12 31 2
14 30 2
21 63 2
30 53 2
33 45 2
0 81 2
41 91 2
13 25 2
16 30 2
12 50 2
34 78 2
43 57 2
33 52 2
27 29 2
17 86 2
7 11 2
6 53 2
3 30 2
25 85 2
37 43 2
12 25 2
21 91 1
13 70 2
24 54 2
13 75 2
19 24 2
5 92 2
27 43 2
34 52 2
25 32 2
55 64 2
8 52 2
1 20 2
15 59 2
24 58 2
28 93 2
13 57 2
38 94 1
32 56 2
1 12 2
13 14 2
19 20 2
50 71 1
17 25 2
39 93 2
24 96 2
50 55 2
13 49 2
46 58 2
21 77 2
18 44 2
0 49 2
2 77 1
18 24 2
41 61 2
16 69 1
3 62 2
43 73 1
3 23 2
1 75 1
20 54 2
21 45 2
30 80 2
29 44 2
31 35 2
14 27 2
7 39 2
26 34 2
39 55 2
13 39 2
13 41 2
20 85 2
7 41 2
7 57 2
32 51 2
30 44 2
20 44 2
39 66 2
29 56 2
17 47 2
26 59 2
54 93 2
50 77 1
35 46 2
59 96 1
33 48 2
35 74 2
22 38 2
20 95 2
32 55 2
31 56 2
0 62 2
15 20 2
6 50 2
16 18 2
14 43 2
13 22 2
5 37 2
2 58 2
6 10 2
37 57 2
40 51 2
23 30 2
21 57 2
35 44 2
38 41 2
12 34 2
24 78 2
9 63 1
4 25 2
12 68 2
3 25 2
43 87 1
27 45 2
46 78 2
54 90 1
19 52 2
7 16 2
42 72 2
3 92 1
22 40 2
4 30 2
19 98 2
34 40 2
4 48 2
40 46 2
31 82 2
56 88 2
13 19 2
17 52 2
13 30 2
2 32 2
42 53 2
7 55 2
11 95 2
2 56 2
29 43 2
33 36 2
23 93 2
8 16 2
42 48 2
14 24 2
19 49 2
1 28 2
30 45 2
39 59 2
2 31 2
20 59 2
24 49 2
54 81 2
14 29 2
18 38 2
59 97 2
34 35 2
38 76 1
19 53 2
19 46 2
18 19 2
34 60 2
27 67 2
14 38 2
51 53 2
16 73 2
11 29 2
6 12 2
34 73 1
39 57 2
9 83 2
39 99 1
11 49 2
27 32 2
7 58 2
34 42 2
42 91 1
51 55 2
19 44 2
50 93 2
22 32 2
26 55 2
21 81 2
24 69 2
1 56 2
13 15 2
8 66 2
5 17 2
22 52 2
6 35 2
3 36 2
13 53 2
38 62 2
24 37 2
32 41 2
43 53 2
22 97 1
43 55 2
42 52 2
5 50 2
39 96 2
25 26 2
27 85 2
11 46 2
23 47 2
53 78 2
10 18 2
0 82 1
9 53 2
25 44 2
11 68 2
22 93 2
55 71 2
12 54 2
1 35 2
10 19 2
35 75 2
7 47 2
3 85 2
53 90 2
29 90 1
15 84 2
24 29 2
19 34 2
13 56 2
55 83 2
17 34 2
1 25 2
28 29 2
6 11 2
37 52 2
19 87 2
20 52 2
20 33 2
10 48 2
9 75 1
3 13 2
20 23 2
31 84 2
0 17 2
48 99 2
28 72 2
20 31 2
38 81 2
30 54 2
37 81 2
22 61 2
3 26 2
2 25 2
53 75 2
2 45 2
50 63 1
15 34 2
33 84 1
16 46 2
23 84 2
39 42 2
31 45 2
9 81 2
5 44 2
7 46 2
3 43 2
47 76 2
13 36 2
1 41 2
12 38 2
12 15 2
11 88 2
29 36 2
38 46 2
23 54 2
47 51 2
7 28 2
18 59 2
54 71 2
23 83 1
36 37 2
9 23 2
6 17 2
22 45 2
3 55 2
43 58 2
18 21 2
48 72 1
15 38 2
32 50 2
4 89 1
4 63 2
2 17 2
36 46 2
47 58 2
12 62 2
13 93 1
51 54 2
14 57 2
25 58 2
14 47 2
11 45 2
27 39 2
21 71 1
11 60 2
10 98 2
10 24 2
24 68 1
56 75 2
13 43 2
8 50 2
39 50 2
32 62 2
34 55 2
36 69 2
33 94 2
15 29 2
13 81 2
17 43 2
12 97 2
2 4 2
51 52 2
36 44 2
10 78 2
1 5 2
49 91 2
48 49 2
16 19 2
8 10 2
34 86 2
1 36 2
10 12 2
31 91 2
51 70 1
2 30 2
45 96 1
1 51 2
31 41 2
18 30 2
12 26 2
12 58 2
22 59 2
17 45 2
48 57 2
10 71 2
6 89 2
10 27 2
1 4 2
45 59 2
13 26 2
5 73 2
44 47 2
22 71 2
18 56 2
25 34 2
36 50 2
43 54 2
27 35 2
8 89 2
27 31 2
47 93 1
36 93 1
28 30 2
39 45 2
29 66 2
18 43 2
0 40 2
15 90 1
4 49 2
4 17 2
23 79 2
35 54 2
35 41 2
11 39 2
1 30 2
21 50 2
25 96 2
39 46 2
3 14 2
43 59 2
45 66 1
41 74 2
15 22 2
45 65 2
26 28 2
27 51 2
50 80 1
26 92 2
0 69 2
29 51 2
2 9 2
23 92 1
6 14 2
28 94 2
36 39 2
31 50 2
30 31 2
49 76 2
9 40 2
46 64 2
20 90 2
2 50 2
17 91 1
12 18 2
10 83 1
8 13 2
18 55 2
3 57 2
8 70 1
34 38 2
25 31 2
59 71 2
18 29 2
9 20 2
4 51 2
7 81 2
9 30 2
10 57 2
35 50 2
1 22 2
18 88 1
45 50 2
22 99 2
30 37 2
14 28 2
20 28 2
14 42 2
28 39 2
15 94 1
37 73 2
21 51 2
30 74 1
31 60 2
11 61 1
29 37 2
24 28 2
14 53 2
35 80 2
16 36 2
48 56 2
12 19 2
12 43 2
26 72 2
19 55 2
14 51 2
22 25 2
15 39 2
37 91 2
52 60 2
5 55 2
17 23 2
36 87 1
13 59 2
0 24 2
23 53 2
7 9 2
11 33 2
9 47 2
28 60 1
36 51 2
11 82 2
2 8 2
11 43 2
5 69 2
28 49 2
3 22 2
16 41 2
38 93 2
12 21 2
2 61 2
17 39 2
53 80 1
23 41 2
3 42 2
34 45 2
46 59 2
58 94 1
28 58 2
36 42 2
23 31 2
6 73 2
41 42 2
22 89 2
39 84 1
56 71 1
16 81 1
6 56 2
26 80 1
29 59 2
4 67 2
36 53 2
3 5 2
13 27 2
39 48 2
13 40 2
5 70 2
0 47 2
28 36 2
41 60 2
48 71 2
31 43 2
44 75 2
6 52 2
5 30 2
22 33 2
4 90 2
51 99 2
13 24 2
11 15 2
7 15 2
8 59 2
25 52 2
4 18 2
20 88 2
3 54 2
48 87 2
36 58 2
49 55 2
31 48 2
43 97 2
18 52 2
9 50 2
14 48 2
5 53 2
5 41 2
21 33 2
40 42 2
6 57 2
7 52 2
36 45 2
49 56 2
12 27 2
5 14 2
1 6 2
0 15 2
3 59 2
41 63 1
22 58 2
53 63 2
2 55 2
21 41 2
0 1 2
32 58 2
13 44 2
11 37 2
31 94 1
22 72 1
34 57 2
19 88 1
50 87 2
35 47 2
26 39 2
34 46 2
7 49 2
3 44 2
1 2 2
21 55 2
16 78 1
9 26 2
31 85 1
28 37 2
24 31 2
33 60 1
14 55 2
37 42 2
47 48 2
34 82 1
12 66 2
36 38 2
8 27 2
14 61 2
7 92 2
21 68 2
2 16 2
46 52 2
30 47 2
43 75 2
40 73 1
0 18 2
1 8 2
10 42 2
28 34 2
24 30 2
14 52 2
8 48 2
5 25 2
47 56 2
50 53 2
1 47 2
40 66 2
58 70 2
29 30 2
4 10 2
0 39 2
32 49 2
46 71 2
39 79 1
22 27 2
44 84 1
25 93 2
2 13 2
3 58 2
39 70 1
13 50 2
3 83 1
29 92 2
7 26 2
8 9 2
33 38 2
21 74 1
36 85 2
52 58 2
45 51 2
13 55 2
21 59 2
9 38 2
23 34 2
9 13 2
23 65 1
0 57 2
24 45 2
0 3 2
23 72 1
2 44 2
26 67 1
1 33 2
30 43 2
12 33 2
53 55 2
20 37 2
18 42 2
35 51 2
8 15 2
9 52 2
21 30 2
46 54 2
37 59 2
4 11 2
4 26 2
5 33 2
56 57 2
36 86 2
0 91 2
42 75 2
44 65 2
25 92 1
19 23 2
55 66 2
30 59 2
44 58 2
6 49 2
11 52 2
34 39 2
3 20 2
4 50 2
57 59 2
17 71 2
14 71 2
11 27 2
25 30 2
27 54 2
13 46 2
44 61 1
16 91 2
32 88 2
0 8 2
6 15 2
47 75 1
14 44 2
31 98 1
22 26 2
54 69 2
5 49 2
40 83 2
3 8 2
20 49 2
22 70 2
1 15 2
2 27 2
8 25 2
26 43 2
50 54 2
12 42 2
26 48 2
41 55 2
36 55 2
34 79 1
39 94 1
2 78 2
40 94 2
52 84 2
23 27 2
27 41 2
42 55 2
8 24 2
0 9 2
44 63 2
17 69 2
5 38 2
16 20 2
1 17 2
3 21 2
34 58 2
26 46 2
21 43 2
57 77 1
10 39 2
40 62 2
28 53 2
22 62 2
36 56 2
33 44 2
56 73 2
41 43 2
2 11 2
4 74 1
2 21 2
43 44 2
12 20 2
27 87 2
14 22 2
5 84 1
24 26 2
25 73 2
1 13 2
49 63 2
10 15 2
39 43 2
6 24 2
35 92 1
47 53 2
52 59 2
23 28 2
34 49 2
29 46 2
10 25 2
13 42 2
15 21 2
47 54 2
1 29 2
12 63 2
11 42 2
52 61 2
20 42 2
0 35 2
2 33 2
36 79 1
19 21 2
33 41 2
59 61 2
3 73 2
13 54 2
45 69 2
29 49 2
24 72 2
14 85 1
7 17 2
7 10 2
18 48 2
53 68 2
28 35 2
44 59 2
15 57 2
49 69 2
9 28 2
9 57 2
24 55 2
25 35 2
7 12 2
16 32 2
18 53 2
27 73 1
34 47 2
0 21 2
33 81 2
55 58 2
26 40 2
3 35 2
11 40 2
16 59 2
10 20 2
23 37 2
9 29 2
4 36 2
2 35 2
18 46 2
46 86 2
19 68 1
1 37 2
19 84 1
49 81 2
5 9 2
15 32 2
15 52 2
13 90 2
23 44 2
4 23 2
17 54 2
4 38 2
6 42 2
38 40 2
37 58 2
15 42 2
19 25 2
33 46 2
8 40 2
3 41 2
11 71 2
18 41 2
20 45 2
49 58 2
10 41 2
37 44 2
23 59 2
11 80 2
1 18 2
23 69 2
5 20 2
12 37 2
5 22 2
45 53 2
1 27 2
13 52 2
4 93 2
47 52 2
4 20 2
36 77 2
25 29 2
43 46 2
21 42 2
10 89 2
32 98 2
8 31 2
18 36 2
48 76 2
40 93 2
25 77 1
13 17 2
16 71 2
9 19 2
24 74 2
21 54 2
15 46 2
43 65 2
6 90 2
32 35 2
4 46 2
5 89 1
37 98 2
15 43 2
30 50 2
53 95 2
4 69 1
27 86 1
28 48 2
0 28 2
55 78 1
24 38 2
50 57 2
12 78 2
12 22 2
2 43 2
46 87 1
17 83 2
27 33 2
15 87 2
21 39 2
5 13 2
16 39 2
22 28 2
37 94 2
15 41 2
38 51 2
32 85 2
11 83 2
37 96 2
20 69 2
9 34 2
45 49 2
30 46 2
43 48 2
4 72 2
29 87 2
22 41 2
47 57 2
11 59 2
47 92 1
3 39 2
14 23 2
6 26 2
4 5 2
7 51 2
19 39 2
32 54 2
20 75 1
35 91 1
1 42 2
26 63 2
15 44 2
10 96 2
18 25 2
16 33 2
2 46 2
32 53 2
10 16 2
59 77 2
28 31 2
17 98 1
51 75 2
29 74 2
54 64 1
33 53 2
36 43 2
5 12 2
27 93 2
0 50 2
53 58 2
14 19 2
29 53 2
8 46 2
8 49 2
6 16 2
51 63 1
15 33 2
7 43 2
14 21 2
6 38 2
42 82 1
48 84 2
56 96 1
9 51 2
9 85 2
15 18 2
0 52 2
36 49 2
13 31 2
8 42 2
17 21 2
12 77 1
31 89 1
18 45 2
34 36 2
39 54 2
53 96 2
53 86 1
5 39 2
47 90 2
0 77 2
37 49 2
6 46 2
5 6 2
11 23 2
39 89 1
35 36 2
23 99 2
33 93 2
22 48 2
4 77 1
11 19 2
40 64 1
4 35 2
21 31 2
2 28 2
14 75 2
25 59 2
7 27 2
14 59 2
12 29 2
54 58 2
2 48 2
2 24 2
47 59 2
47 50 2
10 59 2
39 51 2
2 15 2
33 37 2
43 68 2
4 66 1
25 37 2
19 95 1
17 55 2
50 98 2
49 73 2
28 91 1
28 41 2
46 96 2
58 64 2
49 99 2
1 50 2
9 32 2
26 37 2
14 15 2
53 67 1
15 86 1
28 63 2
16 27 2
34 69 1
35 59 2
2 84 1
34 53 2
54 95 1
39 49 2
16 44 2
41 56 2
18 35 2
9 59 2
32 83 2
17 67 2
31 49 2
7 50 2
35 98 2
7 25 2
25 54 2
49 82 2
35 61 2
0 20 2
24 44 2
26 85 2
38 66 2
6 8 2
14 46 2
35 99 2
43 64 1
10 13 2
6 33 2
29 40 2
17 35 2
19 40 2
1 95 1
20 32 2
29 67 1
38 53 2
34 97 2
8 56 2
0 7 2
19 54 2
41 59 2
33 58 2
48 94 2
11 84 2
55 63 1
4 41 2
5 46 2
40 52 2
24 48 2
34 54 2
39 98 1
11 56 2
59 69 1
3 38 2
53 59 2
56 59 2
37 93 2
43 96 1
32 42 2
31 54 2
47 95 1
31 42 2
33 50 2
39 73 1
20 71 2
24 41 2
54 97 1
31 57 2
40 59 2
22 49 2
17 80 1
32 36 2
24 39 2
43 45 2
42 43 2
14 17 2
21 44 2
41 71 2
9 42 2
35 39 2
21 24 2
27 37 2
12 30 2
22 42 2
45 56 2
28 52 2
5 52 2
29 41 2
3 56 2
17 30 2
12 51 2
29 35 2
35 78 2
12 40 2
9 46 2
28 84 1
43 66 2
8 33 2
44 50 2
14 82 2
21 25 2
20 25 2
47 62 2
33 54 2
28 45 2
4 42 2
5 11 2
18 39 2
41 51 2
10 55 2
17 44 2
14 25 2
12 53 2
18 54 2
29 57 2
57 89 1
57 68 2
48 52 2
59 66 2
12 64 2
23 85 2
8 11 2
4 33 2
1 90 1
0 25 2
0 56 2
9 58 2
9 18 2
43 47 2
8 57 2
4 57 2
12 23 2
18 91 2
8 76 2
15 17 2
2 7 2
17 88 2
26 77 1
30 94 2
39 72 2
42 83 2
2 59 2
19 97 2
37 69 2
2 37 2
21 84 2
30 69 2
23 56 2
2 19 2
40 47 2
48 50 2
31 46 2
15 24 2
21 28 2
23 74 2
9 77 2
4 58 2
22 76 2
16 40 2
27 61 1
17 94 1
34 67 1
56 76 2
22 44 2
32 37 2
7 35 2
46 55 2
3 11 2
32 48 2
7 62 2
30 55 2
34 75 2
28 47 2
7 77 1
18 81 1
35 57 2
15 27 2
29 33 2
15 96 2
15 25 2
21 35 2
4 44 2
32 38 2
17 22 2
12 45 2
51 98 2
41 89 2
19 57 2
42 74 2
9 14 2
42 46 2
24 85 1
36 59 2
3 19 2
14 18 2
19 59 2
0 38 2
22 31 2
33 59 2
4 73 1
33 40 2
26 42 2
23 38 2
5 60 2
27 28 2
52 78 2
35 53 2
48 82 2
41 90 2
41 83 1
31 52 2
5 45 2
38 47 2
51 57 2
18 96 2
38 82 1
19 33 2
44 53 2
1 53 2
38 49 2
31 44 2
8 34 2
46 80 2
36 68 1
16 24 2
40 85 2
17 42 2
3 31 2
34 43 2
28 33 2
23 39 2
9 62 1
51 74 1
9 16 2
30 58 2
11 93 2
27 52 2
8 97 2
11 17 2
28 96 1
20 30 2
26 52 2
41 44 2
25 51 2
27 44 2
40 63 2
11 48 2
32 40 2
26 58 2
21 32 2
11 86 2
6 94 2
7 59 2
31 58 2
5 31 2
20 46 2
1 63 2
50 58 2
8 68 2
33 57 2
11 50 2
5 27 2
36 70 2
50 89 2
3 37 2
12 24 2
31 81 2
19 29 2
14 34 2
26 99 1
3 40 2
29 50 2
14 36 2
44 88 2
33 35 2
3 32 2
13 47 2
19 81 2
15 16 2
2 67 1
12 14 2
30 81 1
57 82 1
25 67 2
50 66 1
2 38 2
17 26 2
2 57 2
40 60 1
18 27 2
15 60 1
31 68 2
51 59 2
25 45 2
15 47 2
5 66 2
43 50 2
1 38 2
5 97 1
54 55 2
25 49 2
8 28 2
9 31 2
22 23 2
20 51 2
49 72 1
33 56 2
11 44 2
47 79 2
15 66 1
0 42 2
10 90 2
22 39 2
16 86 2
29 73 2
38 55 2
8 58 2
5 36 2
21 27 2
6 51 2
24 36 2
10 45 2
25 71 2
16 83 2
59 80 1
28 92 2
47 84 2
42 44 2
46 81 1
24 59 2
11 53 2
0 14 2
30 67 2
17 58 2
46 50 2
2 41 2
3 24 2
10 52 2
17 36 2
13 91 2
24 35 2
29 85 2
19 86 1
0 37 2
6 40 2
25 42 2
0 22 2
27 65 2
18 22 2
9 33 2
34 92 2
18 73 2
24 34 2
23 24 2
2 92 1
40 55 2
15 98 1
23 45 2
6 31 2
12 47 2
6 9 2
5 21 2
8 53 2
51 58 2
44 52 2
17 46 2
41 48 2
31 63 2
8 99 1
10 35 2
25 65 1
5 8 2
41 88 1
0 34 2
11 21 2
19 74 2
25 38 2
38 89 2
8 30 2
6 48 2
30 52 2
21 83 2
39 47 2
23 32 2
6 32 2
19 35 2
3 48 2
22 57 2
15 56 2
26 31 2
24 32 2
25 56 2
24 43 2
20 39 2
0 59 2
44 46 2
30 38 2
27 42 2
1 86 2
6 27 2
42 99 2
12 88 2
38 43 2
12 48 2
21 40 2
9 45 2
38 48 2
11 47 2
15 50 2
49 75 2
2 39 2
23 25 2
10 43 2
38 90 2
21 99 2
4 59 2
16 58 2
17 85 2
2 40 2
20 35 2
42 64 1
23 78 2
18 26 2
7 14 2
30 56 2
33 96 2
2 18 2
1 19 2
40 58 2
44 51 2
12 56 2
7 53 2
6 22 2
24 33 2
39 60 2
12 52 2
33 39 2
7 32 2
45 54 2
45 55 2
10 49 2
37 40 2
25 33 2
21 22 2
3 50 2
4 70 2
8 37 2
41 86 2
9 48 2
12 36 2
37 53 2
6 97 1
24 52 2
56 60 1
21 49 2
42 96 2
44 79 2
35 37 2
6 47 2
27 46 2
2 20 2
7 20 2
36 41 2
6 18 2
17 19 2
5 19 2
55 82 2
22 50 2
3 45 2
27 83 2
4 39 2
45 58 2
3 82 2
39 58 2
26 71 1
9 86 1
22 84 2
3 34 2
7 64 1
54 59 2
3 18 2
6 55 2
17 62 2
37 47 2
28 55 2
56 78 2
25 80 2
2 3 2
43 98 2
35 56 2
36 47 2
20 56 2
42 84 2
37 71 2
9 79 2
42 47 2
30 89 2
16 56 2
17 70 2
10 54 2
19 36 2
13 21 2
3 28 2
5 32 2
30 57 2
15 49 2
11 62 1
28 85 2
13 29 2
43 52 2
1 78 2
20 48 2
14 90 2
29 38 2
9 39 2
1 21 2
24 75 1
13 34 2
15 30 2
29 48 2
16 26 2
49 80 1
4 14 2
8 54 2
7 22 2
29 34 2
44 93 2
1 57 2
51 68 2
47 64 1
11 20 2
5 43 2
7 45 2
55 81 1
5 42 2
35 42 2
10 44 2
21 80 1
12 82 2
15 36 2
22 54 2
5 59 2
50 81 2
11 35 2
16 37 2
13 69 1
24 91 2
18 58 2
52 69 2
30 39 2
29 68 2
37 55 2
31 40 2
23 36 2
44 86 1
54 68 2
37 63 2
23 55 2
8 29 2
36 64 1
7 19 2
26 32 2
14 26 2
42 58 2
40 56 2
5 61 2
32 57 2
39 71 2
42 77 1
38 57 2
4 47 2
17 60 2
35 76 2
18 34 2
50 69 2
12 44 2
3 4 2
12 32 2
1 77 1
7 21 2
44 48 2
7 48 2
59 70 2
27 30 2
16 29 2
39 44 2
6 41 2
37 41 2
27 55 2
4 84 1
10 53 2
3 66 2
19 37 2
1 23 2
56 66 1
44 49 2
48 55 2
13 37 2
9 44 2
8 32 2
14 56 2
40 45 2
39 65 1
16 35 2
7 31 2
47 78 1
8 72 1
28 51 2
1 26 2
0 11 2
32 46 2
43 76 2
16 65 2
13 51 2
58 93 2
51 64 2
33 49 2
1 16 2
56 94 2
35 52 2
46 69 1
11 38 2
13 58 2
4 27 2
31 55 2
35 40 2
19 56 2
42 97 2
38 85 2
5 54 2
34 89 1
44 56 2
33 92 2
13 32 2
1 3 2
7 34 2
14 54 2
10 46 2
7 24 2
38 56 2
5 96 1
37 38 2
12 28 2
41 52 2
5 29 2
9 92 2
66 73 1
59 84 1
7 71 2
26 62 1
52 82 1
16 82 1
13 66 1
48 79 1
56 79 1
38 72 1
9 27 1
16 66 1
22 86 2
35 72 1
82 84 1
17 50 1
57 61 2
35 86 1
55 59 1
47 83 1
1 84 2
30 79 1
46 92 1
61 62 1
6 82 1
9 84 1
10 82 1
7 29 1
0 36 1
16 52 1
41 45 1
5 34 1
24 42 1
