% n=25 p=33 d=0.66 p_blue=0.66
% k=0
3 16 2
0 13 2
3 14 1
0 2 2
6 23 2
5 16 1
5 13 2
1 4 2
5 23 1
2 19 2
3 8 2
4 11 1
2 5 2
1 19 1
8 24 2
5 10 2
3 21 2
8 18 2
8 14 1
0 21 1
0 10 2
4 14 1
1 6 2
4 15 2
0 20 1
3 9 2
2 14 2
7 22 1
0 18 2
3 17 2
7 19 2
8 20 2
5 20 2
3 15 2
6 22 2
3 11 2
7 21 2
0 5 2
3 18 2
6 20 2
7 13 1
1 15 1
6 7 2
3 4 2
2 13 2
2 11 1
5 11 2
7 24 1
0 15 1
3 5 2
7 15 2
2 23 1
1 10 1
3 7 2
7 12 2
5 9 2
0 9 1
3 24 2
8 10 1
0 23 1
2 8 2
5 15 1
6 18 2
0 6 2
4 5 2
1 14 2
4 19 1
4 17 1
2 9 1
3 22 2
1 20 2
6 14 2
4 10 2
4 21 2
0 17 1
1 18 2
2 12 2
0 11 2
7 9 2
6 13 2
5 22 2
1 9 1
6 11 1
2 3 2
2 22 2
1 22 2
7 14 2
6 21 2
5 7 2
4 8 2
5 18 2
0 19 2
0 7 1
0 4 1
5 12 1
1 24 2
4 6 1
0 3 1
6 16 1
2 4 1
8 16 1
1 8 1
8 19 1
0 24 2
4 7 2
0 1 1
19 23 2
2 6 2
2 24 1
5 19 2
3 12 2
0 8 1
1 3 1
5 24 1
4 23 1
8 23 2
5 8 1
12 19 2
3 19 1
23 24 2
8 12 2
