% n=100 p=33 d=0.66 p_blue=0.66
% k=0
25 55 2
32 53 1
1 55 2
23 87 2
16 50 2
14 50 1
23 47 1
0 59 2
10 95 1
22 53 1
2 11 2
10 30 2
3 27 2
4 76 1
22 89 1
23 50 2
3 13 2
21 51 2
11 19 2
22 46 2
26 81 2
16 23 2
6 10 2
16 62 2
26 28 2
20 35 2
7 92 1
31 89 2
26 36 1
6 8 2
15 63 1
0 11 2
17 79 2
0 67 2
30 95 1
16 98 1
2 44 2
2 7 2
6 24 2
5 10 2
17 93 2
32 65 1
10 12 2
7 86 1
14 35 1
12 65 2
19 95 2
3 97 2
11 92 2
0 1 2
4 82 2
7 12 2
3 95 1
7 45 2
6 89 1
31 75 2
19 53 2
17 82 1
13 75 2
30 53 1
7 56 1
12 81 1
13 15 2
22 64 2
3 39 2
23 44 2
18 48 2
15 87 1
23 96 2
15 45 2
16 90 2
4 46 2
13 73 2
21 32 2
10 75 1
14 32 2
15 75 2
14 63 2
3 15 2
6 83 2
12 78 1
2 84 2
29 32 2
14 79 1
0 88 1
30 61 2
17 29 2
0 39 1
4 60 1
1 32 2
17 30 2
6 80 1
13 83 1
32 66 2
32 84 1
15 54 2
7 18 2
29 39 2
5 54 2
32 38 2
10 24 2
31 69 2
7 77 2
30 74 2
23 76 2
6 47 2
6 16 2
14 65 2
1 81 2
32 43 1
21 58 2
0 63 2
5 93 2
5 97 2
11 35 2
20 89 2
23 42 2
15 65 2
19 50 1
26 98 2
12 62 2
21 62 2
30 45 2
29 51 2
22 30 2
18 49 1
0 62 2
5 32 2
11 44 1
15 24 2
11 65 1
21 41 2
1 76 2
14 97 2
27 97 2
21 36 2
12 48 1
15 83 2
11 12 2
17 77 2
11 64 1
7 26 2
27 89 2
16 18 2
7 49 2
9 36 1
17 46 2
8 89 1
7 76 1
28 76 2
20 34 2
31 99 2
30 70 1
11 37 2
15 39 2
8 38 2
7 31 2
2 21 2
1 15 2
21 70 1
6 44 1
2 81 2
13 45 1
26 34 1
3 22 2
32 91 1
23 28 2
24 52 2
3 37 2
14 85 1
1 37 1
25 94 2
9 68 1
8 49 2
25 68 2
21 72 1
9 24 2
10 49 2
24 48 2
5 98 1
23 81 2
3 10 2
1 27 2
25 95 2
18 21 2
11 33 1
25 73 2
2 88 2
20 92 2
13 86 2
10 70 2
1 12 2
14 40 2
10 88 2
32 97 2
4 24 2
32 63 2
0 85 2
9 33 1
18 60 1
21 53 2
23 29 2
13 79 2
9 22 2
29 63 2
17 52 2
0 34 1
26 77 2
10 38 2
30 67 2
10 98 2
4 13 2
7 17 2
9 64 2
32 93 1
9 91 1
30 35 1
25 79 2
8 62 1
12 69 1
26 42 2
25 49 2
19 94 1
19 83 2
25 27 2
26 66 2
22 69 1
18 90 1
13 60 2
15 19 2
19 47 2
29 96 1
20 59 1
26 38 2
5 45 1
29 58 2
26 44 1
21 37 1
25 52 1
18 29 2
2 5 2
14 23 2
22 23 2
1 97 2
12 92 2
20 27 2
12 84 1
16 53 2
21 23 2
19 36 1
3 29 2
21 48 1
7 10 2
3 86 2
26 33 2
13 62 2
24 51 1
5 75 1
1 16 2
32 57 2
8 87 1
6 19 2
31 36 2
12 24 2
25 46 2
2 92 2
17 74 2
32 75 1
16 57 2
23 40 2
18 95 2
30 32 2
18 44 2
21 40 1
10 22 2
3 71 1
26 46 1
12 46 2
11 86 2
11 16 2
11 70 2
3 19 2
22 90 1
14 21 2
2 73 2
7 96 2
23 51 1
3 51 2
0 2 2
2 23 2
7 57 2
16 30 2
27 86 1
20 43 2
13 22 2
5 89 1
5 39 2
28 67 2
1 24 2
13 71 1
10 64 2
28 99 2
20 91 1
9 39 2
9 74 2
26 72 2
27 91 2
21 63 1
16 28 2
27 36 2
13 85 2
25 42 2
17 28 2
32 99 2
31 66 2
13 90 2
4 18 2
12 44 1
11 48 1
3 69 2
28 57 1
31 96 2
4 11 2
24 66 1
23 43 2
12 38 2
21 25 2
30 77 2
3 21 2
0 49 1
24 27 2
4 28 2
0 16 2
4 73 2
4 66 1
13 46 2
2 35 2
1 66 1
2 3 2
23 92 1
27 82 2
8 13 2
23 25 2
30 75 2
14 57 1
22 36 2
2 4 2
32 81 1
4 88 1
28 54 2
8 72 1
0 30 2
0 37 2
17 66 2
1 36 2
6 95 2
17 98 1
19 45 2
20 51 2
26 29 2
22 41 2
19 24 2
3 8 2
9 27 2
20 24 2
2 82 2
8 48 1
1 5 2
17 62 2
27 61 1
14 68 2
4 47 1
2 31 2
6 17 2
20 23 2
9 62 1
31 57 2
1 65 2
8 21 2
11 54 2
18 93 1
11 81 2
13 43 2
32 68 2
16 25 2
2 30 2
8 94 1
21 31 2
12 79 2
30 42 2
29 36 2
19 90 1
7 34 2
3 18 2
13 33 1
6 51 2
1 43 2
2 74 2
5 13 2
25 72 2
3 84 1
0 66 2
21 30 2
0 8 2
18 96 1
11 31 2
18 24 2
3 50 1
13 97 2
16 55 1
5 65 2
27 45 1
3 60 2
1 70 2
28 75 2
6 81 2
20 26 2
16 68 1
12 93 1
32 76 2
15 64 2
32 44 2
0 36 1
7 61 2
31 40 1
11 46 2
28 42 1
8 92 2
20 55 2
24 56 2
4 33 2
6 76 1
27 49 2
23 63 2
21 89 1
7 11 2
12 94 2
5 59 2
27 96 2
21 26 2
2 90 2
12 35 1
28 82 1
30 81 2
1 20 2
25 63 2
16 84 2
3 30 2
20 93 2
11 69 2
13 24 2
32 37 2
25 51 2
3 11 2
6 79 1
29 53 1
24 43 2
10 66 1
2 13 2
6 72 2
31 42 2
25 98 2
17 45 1
11 98 1
19 22 2
26 55 1
4 71 1
7 53 2
13 96 2
18 71 1
27 71 2
18 73 2
10 46 2
14 15 2
32 73 2
8 14 2
27 34 2
12 99 1
27 76 2
27 53 2
16 56 2
4 80 1
8 65 2
9 77 1
2 49 2
0 5 2
0 65 1
21 66 1
13 42 2
22 50 2
25 93 2
16 21 2
28 69 2
0 28 2
12 56 2
14 16 2
10 50 2
1 58 2
4 49 1
18 27 2
8 71 2
13 95 2
15 16 2
11 43 2
17 54 1
3 5 2
9 15 2
6 12 2
5 18 2
6 36 2
5 82 2
13 50 1
21 79 2
4 48 2
5 99 1
19 30 2
28 49 2
16 24 2
28 46 2
2 79 2
21 55 1
17 88 2
17 43 2
16 32 2
27 59 2
3 31 2
14 22 2
16 20 2
24 82 1
10 33 2
31 32 2
21 96 2
9 35 1
0 24 2
10 18 2
12 83 2
10 25 2
1 2 2
13 20 2
14 52 1
26 76 1
5 9 2
7 9 2
25 30 2
18 39 1
2 29 2
20 73 2
7 19 2
23 77 1
4 19 2
10 86 2
6 88 1
27 68 2
14 92 1
9 72 2
9 94 1
6 57 2
0 58 2
22 86 2
31 94 2
19 71 1
9 96 2
24 67 2
4 62 2
13 27 2
8 9 2
30 78 1
1 10 2
15 79 2
4 89 1
28 45 2
10 80 1
26 94 2
7 98 2
0 97 1
1 80 2
19 33 2
30 66 2
3 25 2
24 26 2
10 58 2
12 19 2
0 41 1
15 96 1
16 77 2
3 54 1
16 34 2
5 49 1
16 83 1
23 69 2
18 70 1
5 69 1
13 88 1
29 62 2
7 55 2
19 85 1
1 83 2
29 68 2
32 46 1
9 48 2
1 17 2
21 95 2
5 11 2
4 15 2
23 91 1
20 50 2
28 88 2
27 60 1
9 21 2
10 90 2
7 30 2
1 28 2
2 75 2
30 65 2
12 14 2
30 80 2
4 30 2
5 42 2
21 86 2
12 31 2
31 39 2
8 54 2
3 12 2
14 76 2
9 66 2
19 23 2
22 76 1
31 43 2
27 83 2
13 30 2
14 86 1
24 74 1
10 71 2
3 32 2
17 70 2
8 84 2
13 34 1
29 38 2
8 29 2
12 74 2
21 73 1
14 24 2
14 39 2
2 50 2
10 82 2
0 46 1
6 66 1
2 18 2
6 26 2
3 42 2
22 43 2
23 54 2
26 54 2
9 20 2
18 82 2
24 96 1
5 25 2
25 75 2
17 27 2
4 31 2
19 44 1
15 18 2
7 78 2
1 90 1
30 93 2
26 99 2
32 79 1
11 38 2
22 37 1
31 82 1
12 51 2
31 85 2
6 85 2
8 60 2
26 53 1
27 84 2
7 13 2
23 41 2
12 22 2
29 70 1
25 91 2
31 91 2
27 30 2
30 88 2
29 35 2
0 9 2
31 90 1
5 57 2
19 26 2
6 9 2
21 99 1
12 23 2
5 95 2
32 54 1
32 48 1
20 77 2
2 22 2
20 22 2
8 25 2
20 21 2
16 48 2
9 57 2
10 61 2
12 72 2
5 76 2
27 54 2
12 37 1
3 4 2
19 54 2
3 47 2
22 33 2
13 65 2
12 82 2
1 59 2
32 59 2
6 29 2
13 89 2
4 50 2
7 60 1
1 52 1
28 37 1
9 30 2
3 24 2
18 26 2
0 43 1
21 49 2
25 64 1
20 94 2
6 21 2
5 58 2
9 31 2
8 30 2
29 82 2
12 49 1
27 48 2
3 58 2
24 90 2
18 92 2
30 99 2
19 25 2
12 59 2
14 33 1
7 50 2
5 35 2
9 13 2
8 78 1
9 55 1
8 15 2
29 83 2
21 92 2
20 47 2
12 87 1
31 58 2
27 93 2
31 95 1
12 75 2
32 96 2
26 78 1
32 40 2
32 98 2
26 87 1
6 48 2
9 58 1
13 64 1
28 71 2
1 87 1
5 28 2
9 92 2
21 29 2
3 40 2
19 51 2
24 68 2
0 26 2
21 74 2
1 48 1
29 89 1
8 27 2
9 50 2
14 28 2
14 81 2
2 65 2
19 62 2
10 47 2
4 97 2
21 65 2
16 26 2
17 18 2
22 25 2
9 43 2
11 76 2
11 29 2
3 7 2
3 82 2
0 12 2
25 38 1
7 52 2
17 40 1
3 20 2
2 77 1
18 94 2
5 44 2
5 78 2
6 20 2
18 20 2
3 48 2
27 32 2
15 60 2
2 27 2
31 47 2
24 65 1
22 26 2
31 61 2
10 27 2
0 20 2
10 93 2
11 22 2
11 95 2
10 92 2
3 17 2
18 31 2
20 45 1
9 65 2
29 69 1
16 66 1
8 51 1
3 23 2
18 41 2
14 89 1
0 47 1
10 14 2
8 23 2
1 73 2
17 32 2
26 96 2
16 38 2
14 98 2
13 41 2
22 38 2
10 13 2
12 90 1
19 82 2
7 40 2
17 96 2
1 40 1
21 93 1
0 27 2
16 29 2
22 32 2
10 69 2
27 99 2
15 95 1
17 71 1
10 84 2
27 43 2
12 41 1
3 16 2
0 17 2
21 68 1
8 73 2
10 17 2
24 73 2
19 97 1
26 92 2
15 57 2
27 41 2
8 17 2
5 71 2
5 96 2
28 90 2
4 70 2
20 98 2
1 35 2
13 72 2
20 66 2
21 90 1
13 28 2
19 46 2
4 75 2
15 68 2
18 89 1
19 31 2
12 89 2
17 20 2
27 65 2
18 23 2
15 85 1
8 26 2
12 16 2
20 70 2
22 85 2
29 54 2
24 28 2
15 25 2
19 86 1
28 80 2
27 47 2
30 37 2
0 76 1
22 34 2
7 95 2
12 15 2
25 44 2
8 69 2
24 39 2
8 96 2
23 35 2
10 94 2
13 48 2
30 58 1
24 87 2
24 25 2
2 62 2
22 91 2
10 41 2
15 73 1
19 84 2
32 72 2
19 34 1
30 63 1
5 30 2
4 45 1
5 27 2
17 86 2
3 74 2
4 39 1
27 72 2
6 69 2
25 32 2
11 90 2
26 43 2
5 38 2
1 26 2
10 15 2
26 63 1
6 14 2
5 14 2
7 14 2
15 31 2
5 21 2
30 59 1
6 75 2
5 66 2
11 39 2
21 50 2
22 74 1
27 33 2
17 76 2
25 57 2
11 82 2
17 56 1
7 15 2
7 59 1
4 21 2
27 64 2
25 76 2
2 46 1
13 23 2
28 33 2
17 51 2
25 29 2
0 7 2
14 59 2
1 33 1
20 53 2
18 34 2
0 64 1
30 76 1
20 90 2
26 32 2
10 20 2
6 13 2
2 33 2
19 99 2
9 98 2
12 66 1
3 88 2
10 99 2
10 83 2
7 79 2
17 21 2
5 68 1
28 65 2
7 22 2
29 59 1
3 76 2
13 80 2
31 45 1
6 94 1
16 72 1
6 39 2
7 87 1
0 90 2
12 45 2
1 71 2
8 66 2
27 78 2
4 20 2
6 60 1
2 83 1
1 8 2
6 52 1
23 49 2
24 30 2
1 62 2
6 30 2
2 78 1
30 47 1
29 31 2
0 19 2
28 86 2
16 58 1
17 55 2
32 80 2
31 37 2
11 74 2
10 97 1
27 46 1
31 98 2
13 67 2
11 20 2
17 75 2
12 17 2
30 36 2
1 21 2
19 21 2
4 69 1
13 25 2
23 59 2
20 28 2
24 49 1
10 79 2
10 81 1
22 29 2
31 97 2
24 84 1
24 61 1
26 71 2
13 29 2
21 84 2
5 12 2
23 34 2
9 73 1
9 29 2
6 15 2
23 24 2
15 23 2
21 61 2
23 90 2
6 28 2
20 83 2
27 50 2
12 39 1
17 83 2
0 80 1
20 56 2
1 64 2
14 64 2
30 46 1
14 74 2
6 18 2
17 67 1
17 47 2
11 94 1
4 5 2
19 28 2
3 81 2
27 73 2
15 62 1
7 48 1
10 72 2
1 42 1
26 84 1
16 52 1
2 71 2
7 84 1
28 55 2
14 30 2
23 93 1
3 38 2
3 70 2
4 81 1
11 18 2
25 85 2
12 28 2
4 8 2
8 55 2
18 97 2
12 53 2
0 18 2
12 95 2
15 66 2
4 6 2
21 85 1
16 60 2
14 18 2
14 70 2
12 20 2
5 16 2
25 34 2
1 89 2
25 41 2
14 26 2
24 32 2
19 68 1
21 78 2
0 25 2
3 33 2
26 70 1
25 82 2
22 47 2
4 98 2
5 23 2
26 75 1
29 56 1
8 47 2
2 45 2
9 56 2
16 67 1
7 27 2
23 56 1
11 13 2
14 27 2
7 83 2
25 48 1
9 93 1
6 68 2
5 92 1
20 33 2
18 72 1
21 59 2
15 41 2
1 31 2
5 46 2
15 21 2
1 25 2
11 97 1
25 84 2
0 54 1
8 20 2
1 77 2
7 16 2
17 36 1
4 68 2
12 88 2
4 37 2
32 87 2
14 55 1
10 51 2
21 22 2
27 42 1
11 30 2
31 81 2
17 80 1
14 44 2
24 44 2
30 85 1
28 81 2
6 98 1
11 59 2
13 74 2
18 75 2
26 52 2
9 75 2
1 92 1
9 12 2
6 25 2
25 65 2
30 97 2
3 92 2
8 82 1
6 42 2
32 82 1
19 74 2
23 58 2
16 71 1
1 18 2
7 99 1
26 88 2
17 19 2
29 52 2
16 59 1
19 58 1
0 4 2
23 46 1
31 62 2
3 89 2
18 67 2
0 57 2
7 71 2
30 52 1
25 62 1
12 58 2
13 16 2
5 70 1
1 44 1
13 18 2
10 26 2
10 29 2
5 20 2
28 32 2
15 76 1
12 29 2
16 39 1
18 35 1
4 92 2
3 90 1
0 32 2
18 66 2
5 22 2
2 91 2
10 48 2
4 35 2
11 47 2
20 69 2
10 74 1
12 30 2
19 37 2
1 46 2
13 47 2
24 93 1
26 60 2
3 44 2
17 87 2
16 31 2
15 36 2
31 33 1
6 27 2
2 80 1
3 64 2
0 78 1
14 20 2
29 41 2
27 88 2
11 84 2
14 99 2
6 32 2
22 94 2
22 83 1
32 58 2
26 45 2
25 50 2
1 99 2
10 28 2
11 36 2
29 81 2
26 85 1
19 40 2
8 56 2
21 82 2
19 27 2
0 23 2
11 42 1
16 91 2
14 29 2
14 67 2
26 97 1
4 55 2
10 23 2
3 28 2
23 53 1
18 36 2
27 52 2
23 64 1
1 41 2
4 57 2
6 53 1
22 61 1
29 30 2
25 86 1
7 43 2
20 30 2
5 31 2
12 42 2
20 31 2
21 28 2
30 84 2
1 4 2
11 73 2
6 63 2
21 67 2
18 25 2
19 81 2
23 26 2
11 62 2
4 32 2
30 60 2
28 29 2
25 90 2
12 32 2
9 54 2
29 60 2
9 11 2
25 74 2
5 24 2
27 66 1
12 73 2
16 37 2
0 29 2
4 14 2
0 83 2
9 10 2
20 72 2
2 40 2
5 41 2
31 44 1
23 39 2
25 56 2
5 7 2
0 6 2
18 19 2
6 11 2
15 84 2
2 15 2
17 95 2
26 30 2
8 52 2
26 49 2
28 30 2
23 33 2
29 37 2
9 42 2
8 32 2
12 61 2
1 82 2
22 40 2
15 48 1
27 29 2
30 92 2
24 54 1
17 37 1
14 19 2
29 44 2
30 50 1
28 64 2
25 97 2
25 43 1
5 50 2
7 20 2
7 63 1
14 95 1
31 68 2
32 33 1
4 99 2
4 41 2
4 95 2
13 59 2
17 60 2
3 61 2
27 98 1
25 99 2
14 38 2
32 60 2
24 57 2
11 21 2
25 92 2
1 19 2
9 88 2
28 77 2
29 87 1
4 38 2
21 81 2
17 26 2
21 87 2
15 20 2
1 45 2
26 86 1
3 73 1
3 67 1
6 22 2
0 60 2
21 27 2
1 50 2
23 88 1
30 72 2
19 80 2
8 64 1
8 86 2
8 22 2
11 17 2
24 33 1
9 25 2
20 60 2
26 57 2
5 77 2
23 73 1
13 53 2
10 65 1
3 56 1
22 62 2
1 96 2
20 62 1
14 71 1
14 34 2
21 43 2
14 80 1
6 71 1
2 53 2
13 61 1
9 49 2
6 64 1
21 24 2
17 85 2
8 19 2
19 56 2
10 19 2
5 86 2
30 94 2
31 59 2
32 64 2
7 75 1
29 67 2
17 78 2
22 58 2
28 91 2
17 22 2
18 81 2
8 10 2
17 53 2
4 17 2
5 6 2
20 29 2
28 63 2
7 85 1
28 74 2
18 98 2
1 39 2
4 9 2
20 99 1
17 61 1
2 20 2
4 7 2
11 56 1
13 35 2
2 54 2
13 21 2
23 38 2
16 40 2
16 97 1
5 26 2
7 88 2
12 33 2
7 89 2
11 32 2
1 22 2
25 96 1
20 32 2
8 98 2
10 68 2
2 59 1
32 41 2
3 46 1
29 47 2
28 31 2
5 19 2
20 25 2
30 43 1
7 36 2
26 51 1
6 87 2
7 47 2
26 90 2
27 77 2
3 91 2
6 54 1
6 7 2
11 25 2
28 59 2
28 83 2
29 91 2
8 77 2
24 47 2
18 55 2
22 78 1
11 23 2
10 40 2
17 58 2
18 28 2
6 41 1
16 19 2
9 99 2
28 72 2
11 77 2
15 28 2
24 46 2
11 58 2
1 23 2
28 84 2
8 41 1
14 93 1
29 79 2
0 45 2
11 28 2
20 36 2
20 88 2
5 34 1
1 56 2
16 96 2
9 26 2
5 62 2
7 97 2
3 26 2
18 51 1
2 12 2
0 15 2
7 67 2
19 63 1
4 65 2
21 33 1
12 91 1
24 42 2
7 81 2
0 68 1
0 70 2
8 50 2
10 16 2
22 28 2
1 30 2
22 52 1
1 85 2
12 96 2
29 43 2
17 73 1
5 29 2
0 14 2
13 87 2
9 28 2
3 96 2
12 68 1
26 82 1
7 23 2
30 64 1
9 37 2
31 50 2
31 67 2
18 79 2
7 66 2
12 47 2
2 55 1
23 61 1
7 80 1
4 78 2
27 28 2
29 78 2
3 34 2
3 43 2
5 74 2
6 45 1
2 58 2
23 79 1
9 86 1
7 21 2
12 25 2
2 37 1
24 79 1
13 17 2
8 24 2
9 32 2
3 49 2
24 62 2
1 95 2
30 87 1
0 22 2
10 32 2
19 20 2
30 41 2
4 63 1
8 83 1
10 44 1
19 77 1
25 37 1
15 69 1
22 27 2
22 31 2
4 56 2
5 79 2
21 98 2
20 86 2
13 31 2
31 49 2
8 34 2
14 17 2
2 6 2
15 43 2
31 80 2
21 35 1
1 86 2
31 54 2
24 60 1
4 51 1
23 85 2
19 67 2
14 37 1
13 32 2
29 46 2
2 10 2
31 87 1
1 53 1
16 69 1
12 57 1
3 72 2
31 88 2
12 43 2
5 8 2
4 23 2
2 34 2
23 68 2
14 62 2
19 35 2
6 49 1
9 16 2
19 73 1
20 65 2
2 16 2
9 70 2
22 39 1
4 44 1
24 41 1
1 13 2
25 35 1
2 97 2
7 8 2
31 63 2
26 39 2
24 88 1
24 97 2
28 60 2
1 7 2
15 90 2
4 29 2
6 84 2
22 80 2
17 44 2
9 60 1
16 27 2
9 17 2
7 74 2
23 27 2
21 76 2
18 22 2
16 61 2
13 44 2
10 76 2
4 16 2
28 94 2
28 92 1
22 57 2
6 99 2
20 84 2
28 47 1
29 34 2
27 31 2
17 68 2
4 22 2
27 55 2
20 42 2
6 65 2
28 41 1
29 45 2
15 81 2
29 64 1
16 17 2
25 69 1
2 51 2
18 32 2
23 94 1
10 39 2
8 90 2
12 67 2
16 33 2
8 76 1
13 26 2
5 36 1
22 72 1
11 24 2
25 26 2
1 88 1
4 53 1
22 35 1
0 55 1
2 9 2
27 39 2
13 14 2
31 78 2
15 27 2
28 36 1
14 51 2
23 52 2
1 63 2
0 77 2
1 51 1
4 12 2
1 3 2
17 89 1
15 89 2
6 33 1
28 66 2
9 89 1
10 42 2
24 78 2
9 52 2
29 66 1
24 91 1
27 62 2
2 17 2
6 23 2
0 10 2
24 71 1
31 64 2
16 76 1
16 87 2
24 59 2
29 88 1
30 89 2
0 31 2
11 79 2
27 38 2
16 65 2
3 41 2
16 86 2
4 10 2
15 93 2
1 29 2
0 96 2
12 13 2
16 47 2
18 46 2
3 93 1
22 98 2
16 75 2
19 78 2
15 44 2
2 14 2
32 85 1
27 75 2
18 30 2
30 69 1
19 70 2
4 96 1
11 27 2
32 70 1
17 23 2
16 89 2
19 75 1
19 52 2
12 21 2
3 85 2
19 32 2
8 57 2
19 91 2
32 94 1
19 41 1
11 49 1
25 80 2
12 18 2
10 21 2
32 69 2
13 56 2
11 83 2
23 37 2
25 87 2
10 87 1
16 93 2
14 61 1
15 77 1
14 42 1
25 28 2
15 50 2
2 76 2
28 35 1
1 98 2
28 48 1
3 55 2
18 59 1
1 78 1
18 78 1
12 55 2
3 75 2
16 82 2
31 77 2
5 40 2
15 17 2
21 39 2
31 34 2
7 24 2
9 19 2
9 14 2
22 51 1
24 76 2
15 51 2
11 26 2
15 71 1
19 61 2
5 88 1
21 45 2
20 63 1
8 39 2
31 46 1
16 74 2
20 49 1
22 54 2
19 98 2
0 21 2
18 52 1
21 88 1
23 32 2
3 87 2
1 93 2
28 62 2
0 99 2
4 84 2
7 70 2
22 60 1
19 64 2
32 78 2
7 90 2
21 64 1
30 56 2
1 11 2
10 35 1
4 27 2
8 70 1
15 78 1
31 70 2
11 15 2
3 6 2
17 25 2
4 93 2
1 69 1
12 27 2
8 11 2
10 11 2
1 79 1
4 94 2
15 22 2
14 54 2
18 58 2
31 48 2
16 22 2
28 38 1
29 49 1
15 26 2
18 53 1
13 84 1
6 31 2
10 31 2
7 28 2
10 63 1
29 95 2
32 36 1
15 34 2
26 56 2
32 49 2
32 35 1
24 29 2
6 73 1
11 14 2
25 31 2
17 63 1
3 53 1
10 34 2
20 64 2
13 54 2
5 73 1
1 67 2
22 66 1
24 95 2
28 96 1
30 90 1
8 16 2
8 31 2
32 77 2
5 63 1
24 45 1
2 41 2
17 41 2
21 75 2
10 52 1
15 97 2
22 71 2
1 91 1
5 15 2
8 28 2
19 55 2
4 91 2
22 79 2
21 77 2
11 89 2
23 82 1
17 48 2
7 25 2
32 92 2
23 31 2
4 26 2
15 40 2
1 68 1
30 40 2
6 58 1
32 83 2
13 19 2
2 96 2
28 58 2
22 92 2
2 25 2
0 42 2
32 89 2
13 68 2
14 31 2
30 51 1
16 36 2
0 40 1
4 52 2
26 74 2
7 32 2
22 95 1
21 94 2
11 52 2
20 46 2
2 48 2
8 79 2
79 87 1
17 24 1
13 81 2
51 87 1
19 89 2
20 52 1
59 87 1
29 92 1
7 35 1
1 38 2
1 14 1
2 38 2
8 18 1
2 24 1
9 18 1
3 52 2
12 50 1
0 79 2
5 52 2
18 38 1
65 76 1
19 65 2
16 35 1
11 51 1
12 63 2
38 89 1
1 9 1
7 29 1
32 52 1
24 81 1
0 92 1
9 23 1
35 77 1
2 19 1
1 6 1
19 76 1
2 89 1
26 27 1
29 76 2
30 38 2
3 14 1
52 79 2
27 87 2
3 59 2
15 32 1
23 30 1
22 77 1
2 8 1
14 25 1
15 30 1
31 76 1
29 50 1
51 92 2
3 9 1
55 81 1
30 31 1
15 29 1
