% n=25 p=60 d=0.66 p_blue=0.66
% k=0
2 4 2
8 22 1
5 12 2
11 19 2
5 16 2
7 24 1
10 24 2
13 23 1
11 18 1
10 13 2
8 18 2
12 20 2
2 11 2
0 2 2
13 17 2
6 11 2
9 18 2
6 12 2
5 11 2
3 13 2
5 22 2
0 3 2
2 12 2
7 15 1
4 22 2
4 14 2
8 20 2
11 13 2
5 6 2
5 10 2
13 18 2
5 17 2
8 14 2
2 19 1
0 17 2
0 13 2
13 14 2
9 10 2
3 10 2
5 8 2
11 24 1
13 19 2
5 20 1
1 18 1
2 8 2
2 9 2
7 14 2
14 24 2
14 17 2
8 17 2
4 7 2
5 13 2
9 19 1
9 20 1
14 23 2
6 18 2
1 23 2
2 3 2
0 7 2
9 17 1
12 21 2
5 15 2
5 24 2
10 17 1
13 15 2
0 1 2
4 12 2
3 11 2
1 16 1
2 7 2
10 11 2
5 18 2
10 15 2
7 22 2
2 15 1
7 10 2
2 6 2
1 13 2
4 8 2
8 21 1
0 22 2
4 20 2
13 16 2
7 19 2
8 10 2
6 10 2
12 23 2
2 5 2
6 15 2
4 21 2
9 15 2
0 14 2
12 13 2
10 22 2
9 23 2
6 16 1
0 21 1
3 8 2
4 19 1
13 24 2
6 13 2
8 19 2
7 11 2
13 20 2
3 14 2
3 15 1
13 22 2
12 14 2
12 18 2
14 19 1
2 20 2
5 9 2
0 15 2
12 19 2
4 10 2
4 17 2
1 10 2
9 11 2
11 22 2
2 10 2
1 8 2
3 9 2
2 23 2
14 21 2
10 16 1
1 14 2
1 2 2
0 12 2
0 8 2
8 12 2
5 14 2
10 14 2
3 21 2
1 17 1
14 20 1
14 15 1
11 15 2
1 7 2
3 17 2
10 21 1
2 21 2
4 13 2
7 9 2
7 13 2
13 21 2
6 14 2
3 23 1
9 24 2
12 15 2
3 16 2
1 24 1
7 17 1
6 7 2
3 6 2
0 19 1
0 9 2
7 18 1
4 11 2
4 5 2
9 14 2
6 21 2
9 16 2
0 11 2
2 14 2
3 19 2
7 16 2
6 8 2
0 24 2
3 12 2
11 21 2
6 17 2
8 15 1
1 9 2
9 22 2
11 12 2
9 21 2
7 12 2
0 23 2
11 14 2
8 9 2
5 7 2
1 12 2
12 16 1
0 6 2
10 19 2
9 13 1
1 6 2
3 4 1
3 24 2
3 18 1
6 24 2
1 11 1
4 9 2
10 18 1
2 24 1
1 4 1
10 23 1
0 10 1
8 24 1
4 23 2
