% n=100 p=60 d=0.33 p_blue=0.33
22 36 2
26 58 2
17 92 2
6 61 1
6 36 2
2 5 2
53 61 2
4 27 2
34 52 2
25 69 1
35 64 1
51 97 2
28 66 1
52 79 1
13 37 2
43 59 2
15 43 2
7 31 2
16 63 1
4 55 2
26 52 2
3 9 2
22 48 2
42 80 2
43 50 2
20 47 2
37 53 2
4 91 1
26 43 2
18 23 2
43 93 1
8 18 2
39 83 1
4 41 2
18 62 2
32 55 2
47 70 1
6 25 2
11 53 2
18 61 2
38 84 1
18 48 2
37 42 2
12 21 2
45 56 2
17 57 2
40 99 1
37 45 2
57 69 1
9 79 1
16 59 2
56 59 2
13 41 2
26 59 2
5 26 2
42 43 2
1 55 2
37 96 1
42 90 1
28 87 1
30 91 2
9 52 2
6 33 2
0 3 2
24 44 2
35 38 2
19 95 1
32 63 2
1 5 2
36 70 2
27 28 2
0 16 2
30 54 2
16 44 2
28 53 2
26 70 1
23 46 2
14 70 2
22 50 2
14 20 2
21 24 2
12 51 2
3 33 2
30 40 2
0 54 2
31 46 2
12 56 2
45 91 1
34 56 2
2 35 2
48 81 1
46 50 2
21 39 2
44 95 2
13 58 2
22 91 1
27 51 2
0 90 1
8 37 2
2 18 2
6 98 1
2 68 1
8 24 2
41 85 1
3 52 2
16 25 2
20 50 2
30 66 2
0 12 2
55 84 1
2 58 2
33 43 2
32 84 1
42 44 2
5 34 2
13 49 2
36 45 2
15 35 2
15 47 2
30 71 1
19 49 2
23 37 2
31 33 2
43 44 2
23 86 2
7 58 2
21 53 2
29 86 1
1 51 2
5 79 2
36 59 2
34 48 2
45 95 1
11 44 2
6 10 2
26 39 2
36 63 1
55 93 2
22 40 2
37 62 1
0 7 2
7 9 2
46 96 2
25 35 2
12 54 2
9 11 2
48 78 2
36 54 2
2 83 2
47 50 2
5 57 2
1 67 1
17 53 2
14 24 2
19 25 2
17 58 2
3 11 2
29 43 2
21 65 1
0 43 2
31 90 1
30 44 2
12 13 2
45 50 2
17 21 2
5 52 2
33 37 2
42 64 1
2 37 2
25 87 1
37 77 1
18 19 2
4 19 2
32 54 2
35 48 2
19 70 1
9 20 2
5 80 2
1 12 2
25 50 2
37 44 2
4 51 2
34 36 2
16 51 2
48 92 2
24 87 2
6 46 2
22 54 2
46 82 2
52 83 1
32 47 2
48 95 1
16 22 2
25 27 2
17 23 2
38 61 1
31 34 2
19 74 1
29 73 1
33 44 2
37 58 2
14 29 2
15 50 2
17 55 2
6 81 1
24 25 2
19 34 2
2 56 2
1 31 2
37 79 1
31 63 2
10 39 2
28 38 2
20 26 2
25 83 2
0 49 2
32 92 1
17 45 2
13 90 2
3 17 2
7 49 2
16 28 2
1 63 2
15 38 2
25 63 1
5 25 2
9 45 2
27 57 2
36 96 1
23 40 2
22 30 2
5 60 1
38 40 2
9 83 1
34 74 1
24 76 1
9 25 2
40 75 1
8 59 2
39 45 2
7 35 2
25 51 2
3 5 2
52 58 2
28 51 2
30 56 2
36 57 2
15 26 2
20 28 2
45 59 2
22 52 2
1 96 2
6 64 1
16 48 2
17 75 1
45 80 2
12 18 2
9 15 2
57 95 2
11 85 2
7 12 2
14 36 2
28 81 1
19 66 1
14 51 2
34 53 2
24 88 1
7 43 2
22 46 2
52 57 2
23 41 2
17 33 2
29 92 1
0 19 2
25 58 2
11 30 2
18 53 2
16 32 2
33 66 1
11 42 2
11 19 2
0 47 2
5 28 2
33 54 2
22 82 2
50 98 1
24 27 2
30 51 2
38 80 2
4 49 2
24 84 2
4 28 2
30 68 2
43 55 2
14 55 2
14 25 2
12 22 2
1 75 2
31 95 1
25 26 2
56 66 1
0 11 2
6 15 2
24 35 2
44 97 2
22 83 1
8 19 2
25 53 2
54 89 2
39 60 1
2 36 2
58 59 2
35 51 2
34 73 2
17 38 2
55 81 2
42 62 1
17 36 2
28 31 2
13 54 2
54 71 1
8 14 2
25 38 2
23 67 2
17 73 2
50 53 2
31 52 2
44 47 2
6 38 2
20 42 2
2 21 2
32 49 2
10 92 1
7 37 2
4 75 1
17 42 2
8 65 1
52 71 2
16 42 2
22 96 1
4 5 2
19 58 2
6 54 2
39 41 2
10 64 1
35 58 2
27 46 2
1 76 1
18 25 2
21 57 2
45 54 2
50 83 1
27 67 2
10 26 2
12 40 2
25 48 2
7 40 2
50 75 1
45 51 2
16 95 1
31 62 1
2 13 2
27 33 2
38 63 1
16 61 1
13 83 2
54 58 2
38 44 2
18 59 2
9 63 1
26 29 2
22 47 2
33 73 1
18 21 2
4 43 2
3 28 2
24 49 2
7 52 2
16 58 2
11 49 2
43 65 1
26 33 2
37 56 2
8 91 1
20 58 2
11 33 2
46 47 2
1 41 2
17 18 2
38 78 1
40 69 1
21 30 2
0 36 2
10 20 2
25 31 2
3 30 2
2 48 2
24 70 1
28 58 2
6 42 2
16 40 2
36 51 2
21 96 1
10 37 2
20 30 2
29 58 2
32 86 1
10 43 2
55 78 2
5 77 1
50 86 2
4 39 2
2 4 2
20 23 2
11 34 2
18 27 2
7 30 2
43 69 1
20 98 1
31 55 2
12 14 2
19 28 2
10 52 2
3 27 2
1 47 2
1 36 2
29 42 2
4 15 2
31 54 2
26 48 2
30 85 1
21 25 2
53 55 2
4 35 2
5 32 2
18 20 2
45 77 1
1 74 1
58 99 1
1 34 2
24 58 2
41 75 1
2 17 2
4 30 2
13 53 2
48 61 2
6 8 2
17 34 2
5 94 1
32 48 2
51 72 1
49 71 2
6 23 2
22 32 2
31 48 2
46 92 2
3 31 2
21 58 2
13 50 2
52 64 1
16 98 1
9 13 2
28 35 2
0 53 2
10 24 2
32 33 2
29 30 2
37 41 2
5 44 2
52 88 1
1 38 2
8 11 2
3 15 2
0 17 2
14 49 2
21 27 2
28 54 2
15 56 2
58 95 2
24 94 1
3 45 2
5 49 2
31 80 1
22 24 2
24 40 2
39 47 2
4 37 2
25 55 2
35 59 2
52 72 1
22 28 2
8 48 2
20 43 2
11 62 2
26 65 1
35 55 2
19 47 2
21 31 2
52 55 2
24 42 2
23 34 2
6 80 2
9 28 2
23 43 2
11 24 2
16 56 2
14 16 2
56 57 2
4 7 2
8 46 2
0 38 2
45 99 2
22 49 2
14 48 2
45 52 2
44 56 2
29 54 2
45 69 2
6 19 2
18 50 2
36 79 1
18 39 2
25 70 1
24 29 2
40 48 2
26 34 2
4 20 2
13 34 2
1 37 2
28 30 2
15 51 2
34 35 2
10 27 2
46 77 1
36 42 2
14 39 2
12 57 2
30 53 2
26 28 2
11 29 2
39 52 2
23 28 2
37 51 2
24 26 2
18 45 2
32 62 1
0 5 2
7 14 2
8 56 2
27 74 1
44 46 2
24 43 2
3 8 2
57 58 2
32 42 2
17 51 2
15 20 2
18 26 2
26 40 2
35 40 2
39 57 2
52 84 2
49 59 2
11 57 2
19 65 1
2 79 1
17 43 2
10 15 2
24 48 2
3 22 2
51 93 1
20 33 2
19 48 2
8 17 2
48 75 2
16 17 2
3 12 2
7 99 1
41 83 1
24 85 1
38 48 2
40 46 2
27 44 2
3 91 1
27 90 2
43 51 2
6 20 2
28 52 2
15 16 2
26 57 2
31 97 1
15 18 2
32 99 1
54 59 2
16 27 2
15 31 2
33 40 2
31 85 1
56 58 2
47 72 2
48 98 2
15 90 1
21 36 2
4 73 1
34 50 2
44 71 1
38 59 2
22 35 2
13 59 2
16 93 2
8 58 2
46 49 2
47 61 1
59 61 2
8 35 2
25 33 2
27 41 2
26 62 2
17 59 2
19 53 2
8 47 2
27 37 2
42 98 2
2 23 2
7 87 1
22 95 2
23 81 2
1 93 2
5 99 1
47 73 1
15 24 2
42 73 2
3 18 2
40 79 2
34 77 2
29 55 2
51 54 2
12 55 2
58 91 1
5 12 2
37 39 2
0 61 1
36 43 2
13 28 2
14 64 1
8 45 2
12 15 2
33 51 2
6 9 2
14 38 2
7 46 2
8 99 1
5 18 2
6 43 2
17 54 2
48 55 2
43 57 2
31 41 2
15 39 2
9 27 2
5 56 2
36 38 2
41 43 2
10 90 2
18 63 1
9 59 2
31 50 2
4 68 1
56 83 1
27 66 1
58 67 1
18 75 2
17 25 2
47 57 2
31 78 2
42 48 2
56 86 1
28 36 2
15 40 2
15 34 2
2 19 2
0 33 2
9 51 2
11 13 2
45 64 1
12 74 1
2 28 2
12 46 2
52 75 1
49 69 1
9 72 1
32 94 1
14 46 2
8 25 2
3 88 1
39 48 2
13 55 2
32 44 2
13 66 1
39 56 2
8 26 2
31 88 1
4 57 2
1 50 2
26 56 2
9 38 2
12 35 2
9 55 2
31 59 2
18 66 2
45 48 2
8 16 2
35 54 2
29 51 2
8 32 2
4 56 2
9 56 2
31 57 2
9 17 2
6 27 2
29 53 2
44 87 2
0 20 2
42 53 2
39 49 2
17 88 1
31 93 2
7 13 2
26 54 2
11 60 1
0 31 2
30 93 1
31 84 1
13 96 1
40 97 1
31 51 2
9 30 2
38 42 2
38 47 2
5 19 2
7 26 2
56 73 1
44 60 2
26 50 2
8 87 1
36 75 1
57 93 2
38 52 2
9 10 2
5 68 1
15 88 1
7 38 2
2 55 2
48 49 2
7 55 2
30 35 2
50 78 2
5 33 2
33 46 2
5 37 2
14 43 2
37 38 2
20 31 2
36 41 2
52 82 2
1 3 2
14 41 2
16 21 2
34 93 2
13 22 2
8 50 2
4 21 2
24 57 2
13 47 2
7 32 2
30 92 1
3 25 2
10 28 2
49 67 1
0 44 2
1 49 2
51 82 2
26 38 2
20 68 2
42 50 2
43 52 2
32 52 2
34 81 1
47 55 2
29 67 1
6 11 2
58 98 1
10 35 2
43 53 2
6 14 2
21 45 2
23 30 2
53 89 2
34 58 2
17 68 1
14 34 2
2 53 2
19 27 2
32 35 2
0 4 2
4 62 2
52 97 1
28 34 2
24 45 2
49 94 1
22 57 2
18 47 2
1 32 2
8 41 2
40 65 1
16 66 1
5 39 2
13 17 2
50 67 1
28 57 2
33 50 2
26 55 2
51 55 2
43 63 1
24 59 2
25 64 1
46 59 2
12 45 2
4 38 2
24 55 2
8 52 2
13 57 2
12 30 2
42 55 2
8 23 2
41 90 1
26 93 1
11 37 2
9 34 2
7 42 2
0 1 2
10 75 2
4 64 1
8 54 2
10 31 2
3 41 2
14 45 2
1 25 2
47 76 2
31 39 2
4 46 2
34 97 2
21 48 2
19 45 2
10 86 2
3 40 2
3 57 2
10 80 1
20 54 2
2 72 1
30 96 1
34 45 2
3 53 2
19 43 2
0 51 2
19 92 1
15 48 2
23 33 2
11 40 2
40 59 2
1 8 2
6 18 2
10 16 2
3 55 2
12 34 2
46 84 1
18 32 2
9 29 2
15 83 2
6 57 2
36 94 1
31 44 2
19 57 2
27 35 2
10 29 2
30 39 2
0 63 2
0 32 2
10 25 2
39 58 2
33 58 2
8 12 2
25 30 2
51 62 1
10 32 2
20 84 1
25 65 2
4 52 2
41 55 2
6 41 2
22 55 2
18 57 2
29 66 1
18 37 2
17 24 2
33 49 2
56 98 1
10 34 2
57 70 1
10 18 2
9 57 2
49 96 2
5 10 2
21 43 2
10 19 2
14 50 2
18 41 2
0 30 2
6 16 2
22 88 2
17 20 2
38 56 2
35 37 2
5 42 2
14 37 2
39 54 2
5 45 2
19 33 2
1 23 2
19 52 2
41 42 2
12 17 2
51 75 1
22 45 2
18 35 2
2 84 2
7 20 2
8 21 2
34 51 2
41 51 2
6 24 2
51 92 1
25 40 2
1 19 2
12 43 2
46 69 1
40 45 2
22 38 2
50 95 1
42 56 2
23 35 2
34 57 2
9 37 2
3 39 2
35 61 2
53 76 1
18 73 2
14 27 2
13 75 1
31 56 2
0 37 2
40 54 2
24 95 1
20 38 2
11 35 2
39 78 1
42 99 1
5 27 2
32 46 2
20 52 2
55 77 1
44 92 1
2 6 2
47 59 2
33 36 2
33 64 2
59 87 1
19 90 2
3 21 2
47 58 2
17 85 2
39 46 2
15 57 2
5 58 2
56 88 1
7 56 2
38 53 2
15 21 2
3 74 1
48 83 1
34 39 2
24 31 2
2 29 2
1 44 2
13 36 2
30 46 2
1 26 2
23 59 2
28 85 2
9 58 2
47 53 2
12 47 2
11 12 2
36 49 2
1 42 2
4 22 2
20 80 1
28 63 1
46 55 2
14 18 2
14 32 2
14 31 2
34 54 2
14 35 2
43 77 2
55 58 2
35 49 2
39 97 1
44 52 2
17 95 1
51 57 2
9 74 2
5 24 2
40 49 2
10 12 2
14 74 1
19 24 2
15 41 2
15 84 1
32 40 2
47 69 2
54 57 2
14 15 2
52 74 1
32 34 2
3 83 1
17 27 2
2 51 2
54 82 1
27 32 2
3 37 2
38 69 1
9 49 2
40 56 2
15 30 2
22 33 2
30 65 1
33 34 2
6 55 2
55 59 2
1 28 2
30 58 2
17 99 1
12 24 2
18 43 2
7 36 2
36 83 2
28 47 2
0 18 2
0 89 1
18 46 2
53 91 1
14 90 1
4 40 2
33 47 2
17 37 2
29 64 1
23 69 2
3 56 2
14 76 1
9 21 2
47 51 2
44 49 2
54 83 2
23 27 2
4 24 2
6 79 1
50 58 2
1 40 2
33 87 2
5 22 2
41 58 2
9 48 2
37 54 2
9 88 2
23 55 2
49 87 2
40 96 1
30 55 2
53 59 2
14 57 2
4 18 2
32 56 2
15 46 2
8 31 2
41 44 2
46 79 1
17 28 2
34 59 2
7 34 2
33 41 2
1 53 2
22 43 2
27 54 2
10 14 2
26 89 1
0 8 2
0 46 2
1 29 2
54 73 1
45 94 1
35 43 2
40 90 2
12 48 2
23 31 2
52 63 2
31 38 2
10 49 2
2 47 2
40 60 1
29 35 2
23 87 2
1 81 1
1 59 2
13 15 2
14 47 2
25 36 2
2 40 2
41 99 2
48 96 1
6 58 2
13 18 2
34 37 2
1 60 2
16 80 1
5 97 1
29 39 2
15 22 2
4 10 2
39 73 1
35 42 2
0 2 2
29 40 2
44 62 2
6 26 2
30 38 2
29 45 2
13 23 2
11 31 2
11 52 2
52 69 1
51 56 2
24 32 2
35 45 2
43 96 2
4 29 2
10 45 2
38 39 2
40 42 2
7 23 2
1 46 2
10 51 2
30 57 2
3 60 2
9 32 2
8 36 2
36 82 1
4 45 2
51 53 2
36 99 1
46 83 1
14 72 1
5 88 2
28 49 2
6 48 2
12 33 2
27 78 1
0 27 2
31 36 2
23 36 2
53 56 2
33 69 1
9 24 2
0 15 2
23 56 2
31 58 2
11 20 2
8 15 2
24 52 2
7 53 2
35 52 2
39 44 2
2 8 2
22 58 2
12 99 2
31 66 2
45 57 2
21 37 2
16 20 2
12 28 2
36 46 2
34 38 2
39 75 1
0 73 1
7 54 2
16 57 2
33 56 2
17 52 2
24 33 2
49 52 2
59 80 1
44 63 1
18 42 2
21 60 1
6 88 2
58 93 1
15 29 2
58 84 1
42 46 2
1 27 2
31 74 2
55 56 2
34 96 2
43 49 2
12 26 2
44 57 2
18 31 2
19 68 1
20 63 2
19 39 2
2 32 2
1 17 2
8 33 2
11 76 2
11 56 2
7 21 2
18 24 2
12 27 2
26 99 2
43 99 1
1 48 2
11 55 2
7 94 1
3 16 2
54 55 2
48 99 1
23 48 2
26 31 2
7 24 2
2 57 2
24 39 2
14 84 1
25 43 2
30 33 2
36 56 2
6 39 2
16 73 1
32 38 2
21 22 2
15 23 2
40 52 2
45 85 2
38 43 2
38 93 1
28 41 2
0 82 1
20 48 2
13 38 2
33 57 2
23 51 2
0 87 2
7 18 2
2 11 2
22 23 2
7 41 2
3 99 2
29 37 2
0 58 2
12 79 2
50 61 1
27 47 2
17 40 2
21 23 2
11 16 2
7 64 2
11 51 2
14 22 2
28 39 2
39 55 2
22 25 2
0 35 2
13 91 1
23 29 2
5 14 2
24 66 2
5 63 1
6 45 2
7 11 2
23 42 2
15 94 1
43 45 2
12 20 2
16 60 1
11 25 2
36 97 1
2 26 2
59 97 1
46 54 2
4 78 2
20 53 2
14 19 2
29 83 2
12 58 2
0 34 2
7 59 2
22 65 1
29 57 2
25 85 2
56 96 1
18 55 2
28 37 2
10 33 2
5 54 2
14 65 1
40 87 2
50 56 2
15 17 2
44 85 1
9 53 2
19 32 2
46 91 2
8 86 1
14 69 1
23 39 2
2 42 2
43 74 1
44 48 2
6 12 2
34 44 2
35 69 1
51 58 2
30 34 2
33 95 2
24 46 2
44 78 1
31 40 2
31 71 2
10 69 1
0 29 2
17 60 1
41 54 2
10 21 2
12 68 2
23 57 2
3 7 2
49 56 2
16 23 2
11 14 2
25 54 2
28 59 2
39 59 2
21 55 2
31 99 1
55 75 1
46 90 1
37 61 1
28 96 1
4 53 2
19 29 2
19 38 2
11 48 2
45 97 1
48 66 1
24 92 2
23 58 2
35 47 2
3 43 2
11 95 1
8 20 2
26 51 2
3 87 2
26 49 2
13 24 2
6 90 1
7 27 2
4 32 2
22 80 2
12 23 2
26 42 2
0 28 2
3 20 2
7 44 2
21 40 2
15 58 2
30 76 2
7 60 1
19 42 2
15 27 2
57 98 1
59 64 2
44 59 2
16 55 2
38 81 1
14 30 2
53 75 1
16 36 2
24 54 2
19 26 2
3 35 2
1 33 2
17 30 2
6 17 2
46 53 2
5 30 2
29 41 2
1 54 2
27 29 2
15 54 2
5 51 2
25 62 1
50 89 1
37 50 2
4 14 2
6 31 2
53 93 1
18 81 1
13 82 1
14 33 2
40 64 2
37 57 2
19 31 2
3 29 2
13 33 2
3 98 1
18 56 2
43 56 2
22 87 2
26 32 2
56 70 1
11 32 2
37 40 2
15 66 2
22 37 2
23 96 2
29 36 2
42 57 2
15 32 2
27 39 2
30 95 1
29 44 2
50 55 2
9 33 2
25 52 2
13 14 2
26 30 2
5 53 2
6 22 2
12 70 1
24 93 2
0 6 2
29 75 1
32 53 2
2 16 2
22 44 2
43 54 2
52 54 2
46 52 2
16 19 2
29 32 2
15 37 2
35 44 2
30 49 2
46 97 1
16 18 2
46 56 2
51 85 1
1 58 2
6 89 1
6 53 2
4 31 2
8 29 2
16 50 2
51 99 1
30 43 2
7 51 2
37 52 2
52 56 2
48 54 2
35 50 2
17 93 1
24 50 2
44 99 1
44 76 2
30 59 2
27 30 2
11 46 2
44 58 2
4 59 2
1 11 2
10 22 2
1 39 2
35 63 2
27 49 2
54 70 1
7 8 2
38 92 2
3 58 2
12 95 1
23 38 2
10 13 2
0 52 2
45 65 2
32 72 2
4 86 1
41 56 2
47 49 2
47 62 2
21 78 1
4 44 2
11 26 2
39 42 2
20 22 2
12 39 2
9 92 2
5 69 1
20 35 2
50 93 1
1 21 2
15 25 2
22 62 2
30 84 2
7 16 2
43 72 2
3 26 2
44 98 1
53 86 1
26 81 2
5 23 2
4 88 2
44 51 2
16 31 2
6 51 2
8 30 2
13 19 2
15 82 2
39 40 2
5 13 2
22 74 2
2 7 2
35 88 1
22 29 2
25 32 2
57 66 1
2 9 2
19 67 2
3 6 2
10 87 1
0 78 2
40 51 2
29 48 2
9 16 2
21 41 2
23 54 2
54 79 2
42 45 2
21 33 2
30 48 2
17 50 2
14 62 1
5 59 2
22 42 2
6 35 2
33 55 2
3 49 2
10 56 2
7 19 2
29 38 2
28 55 2
5 21 2
14 95 1
9 73 1
2 96 1
24 51 2
8 53 2
17 39 2
0 48 2
16 46 2
54 56 2
41 84 1
39 82 1
13 46 2
6 73 1
41 77 1
39 53 2
21 84 1
19 59 2
15 42 2
10 61 1
20 45 2
20 39 2
34 55 2
17 26 2
50 80 2
8 39 2
36 92 1
13 42 2
35 41 2
22 27 2
12 31 2
20 21 2
18 80 1
3 96 1
30 31 2
59 93 1
25 66 1
13 30 2
40 43 2
15 44 2
14 44 2
17 69 1
17 72 2
17 35 2
29 52 2
10 58 2
18 51 2
32 58 2
8 83 1
25 75 2
50 74 2
4 42 2
49 53 2
8 13 2
45 76 1
12 52 2
25 44 2
20 90 1
4 83 1
17 79 2
43 48 2
17 56 2
0 50 2
10 46 2
50 54 2
14 28 2
20 34 2
17 76 2
25 59 2
56 80 2
44 54 2
27 58 2
14 54 2
26 36 2
41 67 2
15 52 2
43 90 1
16 26 2
19 87 1
2 31 2
11 45 2
10 59 2
20 76 1
28 48 2
12 41 2
32 59 2
3 38 2
20 36 2
19 51 2
5 43 2
18 49 2
0 23 2
4 48 2
16 49 2
5 46 2
21 70 1
30 47 2
12 36 2
7 67 1
12 64 1
3 19 2
44 53 2
29 34 2
20 83 1
41 50 2
6 7 2
2 39 2
27 50 2
24 53 2
33 70 1
18 52 2
1 9 2
20 44 2
28 56 2
16 41 2
11 69 1
32 43 2
48 68 2
4 25 2
48 79 2
50 57 2
24 75 1
48 50 2
37 92 2
14 26 2
29 89 1
16 39 2
56 93 1
34 85 1
3 36 2
5 17 2
12 89 2
30 32 2
30 45 2
21 66 1
38 49 2
18 40 2
23 93 1
44 72 2
22 41 2
4 96 1
7 15 2
5 67 2
49 77 1
37 80 1
1 89 1
29 79 2
1 87 2
35 70 1
15 49 2
36 71 1
7 10 2
54 88 1
3 47 2
48 51 2
25 56 2
12 29 2
18 33 2
22 53 2
15 36 2
44 79 1
47 80 1
21 88 1
52 67 2
0 57 2
28 67 1
21 26 2
14 52 2
30 42 2
10 55 2
30 36 2
18 90 1
46 57 2
2 49 2
3 4 2
23 47 2
8 28 2
47 48 2
25 45 2
4 13 2
31 77 2
43 79 1
35 96 2
2 24 2
23 89 1
44 55 2
50 51 2
51 96 1
21 59 2
52 59 2
24 30 2
21 47 2
0 75 2
4 98 1
25 47 2
5 41 2
39 95 2
27 45 2
1 45 2
2 15 2
36 44 2
0 13 2
1 16 2
1 52 2
10 11 2
0 62 2
42 77 1
9 40 2
37 48 2
7 22 2
26 44 2
28 45 2
25 91 1
0 55 2
19 41 2
15 95 1
4 8 2
2 12 2
1 2 2
25 57 2
32 98 1
38 55 2
38 57 2
17 19 2
17 80 2
25 46 2
20 59 2
45 55 2
20 24 2
31 45 2
31 43 2
9 23 2
8 75 2
33 62 1
16 82 2
5 29 2
6 30 2
12 25 2
10 36 2
6 49 2
26 27 2
37 46 2
48 67 1
58 70 1
16 47 2
9 22 2
33 80 1
33 79 1
5 70 2
31 49 2
50 71 2
28 44 2
13 43 2
11 58 2
7 61 1
13 21 2
14 87 2
1 6 2
39 50 2
14 56 2
55 99 1
17 48 2
27 85 2
22 73 2
27 80 2
5 15 2
46 73 1
8 43 2
13 39 2
15 45 2
15 71 1
3 44 2
11 23 2
6 52 2
2 3 2
4 16 2
32 51 2
1 65 2
9 42 2
34 65 2
32 87 2
37 67 1
7 33 2
18 30 2
3 69 1
12 84 1
6 21 2
12 44 2
12 50 2
4 58 2
16 35 2
7 45 2
0 41 2
3 66 1
0 10 2
19 44 2
46 48 2
9 35 2
32 39 2
4 47 2
8 90 2
19 35 2
0 42 2
18 22 2
8 55 2
16 33 2
51 63 2
40 81 1
53 81 1
35 53 2
22 85 1
55 73 1
39 87 1
8 74 2
10 50 2
42 58 2
2 43 2
5 84 1
13 32 2
13 48 2
28 40 2
28 29 2
32 37 2
18 36 2
27 38 2
3 34 2
35 89 1
12 94 1
13 16 2
27 42 2
43 91 1
40 77 1
34 91 1
41 79 1
0 45 2
8 51 2
21 54 2
2 69 1
34 66 1
5 7 2
23 52 2
8 9 2
3 92 1
21 42 2
44 45 2
9 39 2
6 47 2
31 42 2
12 97 1
55 96 1
38 45 2
31 37 2
7 50 2
55 57 2
11 36 2
0 26 2
17 32 2
16 29 2
6 56 2
4 50 2
2 38 2
33 91 1
53 58 2
12 59 2
18 34 2
25 49 2
32 57 2
44 50 2
32 91 2
22 31 2
16 53 2
36 40 2
10 48 2
24 38 2
8 85 1
11 15 2
33 38 2
2 25 2
35 39 2
11 41 2
0 9 2
46 99 1
25 73 2
4 12 2
25 77 2
52 91 1
11 27 2
49 99 1
9 26 2
10 47 2
56 72 2
13 51 2
4 23 2
37 49 2
15 59 2
18 44 2
12 53 2
49 51 2
37 55 2
7 29 2
42 54 2
36 47 2
11 88 1
34 47 2
7 17 2
39 51 2
2 14 2
5 20 2
0 40 2
29 77 1
41 47 2
2 54 2
2 27 2
51 67 2
2 34 2
29 71 1
10 42 2
4 66 2
10 63 1
10 44 2
27 71 1
6 50 2
13 29 2
6 29 2
17 29 2
17 22 2
8 40 2
29 33 2
12 42 2
2 45 2
27 53 2
29 49 2
3 84 2
7 39 2
23 91 2
27 59 2
13 52 2
14 59 2
0 25 2
5 81 1
11 47 2
15 28 2
46 58 2
8 82 1
31 53 2
11 21 2
41 49 2
20 79 2
38 46 2
21 46 2
11 39 2
19 46 2
17 46 2
19 22 2
40 55 2
7 47 2
10 53 2
19 21 2
4 17 2
15 53 2
41 70 1
17 86 1
15 55 2
37 84 1
8 49 2
33 59 2
33 53 2
3 24 2
10 70 1
13 56 2
23 49 2
47 56 2
42 47 2
24 56 2
16 38 2
16 37 2
6 40 2
6 91 2
29 50 2
49 58 2
31 32 2
38 58 2
42 59 2
28 42 2
24 28 2
4 99 1
2 61 1
11 54 2
48 56 2
22 39 2
21 35 2
9 46 2
24 37 2
42 49 2
15 92 1
5 55 2
18 87 1
0 39 2
20 40 2
42 51 2
23 24 2
25 89 2
5 6 2
0 14 2
9 12 2
2 59 2
35 56 2
27 75 1
3 46 2
17 47 2
18 29 2
3 13 2
3 50 2
10 54 2
34 49 2
42 71 2
0 59 2
6 78 2
25 39 2
52 92 2
30 79 2
0 21 2
7 25 2
32 81 1
21 28 2
9 14 2
41 52 2
46 68 1
58 78 2
39 66 1
6 28 2
38 71 1
15 64 2
33 39 2
2 52 2
12 71 1
27 43 2
34 46 2
12 16 2
23 99 2
10 41 2
8 22 2
28 50 2
5 50 2
33 45 2
41 57 2
5 16 2
12 73 2
21 34 2
12 82 2
20 37 2
28 82 1
20 46 2
6 37 2
28 46 2
51 94 2
21 50 2
25 34 2
29 31 2
26 35 2
29 59 2
24 47 2
33 48 2
12 87 1
47 54 2
31 65 1
29 68 1
2 22 2
2 70 2
27 52 2
16 84 1
5 48 2
19 23 2
20 32 2
39 99 1
47 71 2
38 60 2
40 92 1
21 98 1
1 18 2
23 84 2
21 79 2
19 40 2
31 47 2
43 47 2
11 17 2
37 88 1
45 49 2
33 77 1
21 72 2
10 96 1
29 46 2
23 32 2
24 73 1
32 50 2
20 41 2
28 78 1
20 49 2
37 74 1
54 87 2
49 57 2
6 32 2
40 41 2
41 60 1
29 80 2
56 90 1
27 48 2
49 55 2
4 36 2
47 93 1
13 86 1
3 14 2
21 44 2
34 41 2
39 43 2
47 94 1
16 68 1
5 11 2
57 92 1
51 59 2
18 58 2
7 75 1
49 84 2
44 65 1
6 74 1
25 28 2
11 38 2
2 97 2
57 71 2
33 89 1
25 42 2
24 61 1
1 57 2
52 78 2
40 58 2
30 41 2
57 76 2
5 8 2
29 47 2
40 50 2
13 45 2
9 36 2
51 87 1
16 24 2
40 80 1
3 48 2
31 87 1
52 94 2
13 88 2
6 62 1
26 47 2
38 51 2
53 65 1
21 32 2
45 47 2
14 42 2
24 82 1
10 99 1
32 45 2
11 50 2
20 27 2
0 56 2
13 27 2
45 98 1
21 51 2
2 10 2
5 40 2
38 41 2
11 22 2
4 33 2
2 78 2
49 79 1
14 21 2
31 79 1
41 45 2
6 71 1
39 81 1
28 32 2
33 35 2
24 72 2
27 56 2
3 77 1
0 81 1
29 87 1
58 68 2
1 35 2
39 69 1
32 41 2
34 42 2
23 53 2
1 24 2
2 33 2
32 36 2
8 10 2
2 30 2
13 44 2
51 52 2
18 54 2
5 38 2
34 89 1
50 59 2
18 28 2
37 43 2
10 57 2
9 41 2
10 40 2
13 35 2
9 44 2
19 37 2
1 4 2
9 50 2
11 28 2
36 53 2
40 53 2
38 64 1
27 36 2
15 75 1
3 42 2
17 41 2
52 65 1
38 68 1
45 58 2
40 47 2
2 44 2
26 74 2
5 47 2
9 31 2
3 54 2
6 72 1
40 57 2
20 29 2
50 99 1
28 33 2
4 6 2
13 78 1
23 25 2
56 81 2
13 20 2
15 78 2
11 63 1
30 77 1
34 40 2
43 58 2
47 83 1
2 50 2
26 53 2
22 98 1
48 58 2
31 83 1
46 67 2
34 43 2
48 59 2
17 61 1
37 75 1
35 46 2
4 76 1
16 88 2
30 37 2
15 19 2
19 55 2
41 48 2
6 44 2
17 31 2
13 40 2
8 38 2
30 52 2
56 71 2
22 34 2
17 49 2
36 52 2
26 37 2
44 69 2
16 77 1
2 20 2
53 54 2
49 50 2
14 53 2
5 36 2
47 63 2
21 49 2
6 13 2
2 89 1
3 59 2
48 80 1
1 13 2
22 59 2
44 96 1
3 51 2
8 34 2
17 89 1
12 32 2
16 45 2
7 48 2
20 25 2
48 53 2
35 36 2
8 79 2
59 75 1
7 57 2
56 65 1
2 73 1
1 43 2
19 96 2
4 26 2
35 81 1
27 31 2
21 56 2
14 40 2
41 53 2
39 80 1
13 25 2
31 35 2
13 81 1
17 44 2
3 81 1
21 86 1
18 97 1
23 90 1
47 52 2
13 26 2
38 50 2
1 10 2
8 44 2
36 55 2
30 81 1
36 48 2
13 31 2
41 46 2
57 59 2
24 36 2
42 52 2
14 97 1
16 43 2
37 59 2
33 92 2
10 23 2
36 50 2
3 32 2
48 57 2
54 69 1
28 68 1
45 96 2
28 43 2
57 81 1
26 45 2
12 38 2
40 44 2
25 29 2
34 63 2
13 72 2
11 18 2
49 54 2
45 53 2
9 86 1
20 61 1
12 69 1
8 57 2
14 83 1
43 73 1
10 30 2
38 75 1
28 71 1
7 28 2
29 93 1
12 37 2
5 31 2
13 64 1
22 26 2
26 41 2
23 62 2
12 49 2
18 70 2
33 42 2
1 56 2
49 70 2
9 18 2
13 60 1
27 98 2
4 93 1
27 55 2
5 83 1
11 90 1
27 34 2
11 59 2
47 68 2
52 93 1
9 43 2
9 47 2
33 97 1
19 81 2
37 60 2
19 36 2
16 52 2
58 87 1
49 93 2
9 61 1
45 46 2
20 74 1
25 37 2
20 51 2
3 23 2
22 51 2
39 84 2
29 56 2
43 46 2
2 41 2
38 66 1
25 95 1
4 71 2
11 61 1
6 34 2
38 54 2
46 76 1
50 52 2
9 75 2
19 50 2
24 89 2
4 9 2
21 38 2
48 52 2
11 78 1
6 63 2
26 46 2
16 34 2
23 50 2
14 23 2
5 85 2
17 67 2
55 67 1
1 15 2
21 29 2
59 82 1
19 30 2
53 57 2
1 14 2
10 17 2
23 26 2
16 86 1
16 54 2
3 10 2
20 57 2
1 20 2
19 56 2
0 24 2
36 58 2
23 45 2
4 34 2
47 77 1
46 51 2
16 30 2
20 55 2
6 59 2
18 38 2
12 19 2
2 93 1
23 44 2
19 54 2
59 94 1
35 85 1
25 94 2
11 84 1
9 19 2
47 96 2
48 90 2
5 9 2
21 52 2
55 83 1
36 39 2
25 60 2
11 43 2
33 98 2
14 17 2
41 59 2
36 80 1
48 87 1
23 97 1
44 90 2
35 57 2
10 38 2
1 30 2
19 89 1
30 50 2
38 74 1
22 56 2
19 20 2
22 79 2
25 41 2
9 54 2
24 41 2
13 84 1
5 35 2
4 54 2
20 56 2
39 68 2
8 27 2
4 11 2
27 40 2
41 86 2
37 47 2
52 53 2
1 22 2
14 58 2
24 34 2
1 7 2
39 92 2
33 52 2
32 90 2
0 22 2
15 33 2
43 60 1
2 46 2
8 42 2
36 37 2
27 65 1
6 66 2
