% n=70 p=33 d=0.66 p_blue=0.33
21 32 1
7 29 2
15 31 2
22 28 1
3 21 2
18 33 2
3 25 1
9 15 2
2 34 1
4 69 1
6 38 2
14 51 1
6 24 1
0 2 2
0 24 1
3 38 2
14 26 1
8 31 2
18 38 1
7 69 2
6 39 2
2 12 2
17 59 2
4 14 2
9 50 1
0 36 1
16 36 2
5 60 1
5 57 2
13 15 2
5 16 2
19 38 1
20 37 1
12 45 1
1 19 2
10 53 2
5 17 2
7 14 2
20 22 2
9 26 1
16 50 1
2 19 2
17 23 2
19 20 2
17 19 2
6 52 2
3 41 2
18 64 2
7 34 1
6 33 1
22 51 1
3 6 2
4 13 2
3 62 1
3 10 2
10 13 2
13 40 1
7 31 1
10 45 1
17 54 1
16 35 1
0 32 1
14 54 2
1 43 2
21 28 1
7 48 2
0 1 2
17 33 2
3 26 1
12 31 1
10 27 1
23 59 2
4 56 1
8 23 2
12 37 2
3 49 2
15 57 2
0 50 2
22 32 2
0 8 2
3 54 1
15 17 2
15 59 1
12 29 1
11 12 2
13 52 1
4 42 1
8 68 2
8 36 2
22 67 1
15 42 2
9 58 2
7 56 1
9 10 2
20 33 1
12 41 1
19 29 2
5 34 1
18 25 2
12 21 2
12 33 1
2 20 2
17 56 1
4 15 2
17 50 2
15 66 2
2 8 2
15 21 2
7 53 2
14 63 2
8 63 1
16 23 2
7 59 1
9 62 2
8 45 2
6 42 1
1 6 2
1 67 2
9 43 2
12 19 2
22 25 1
2 52 2
8 64 2
20 59 2
16 67 1
16 34 1
9 49 2
18 52 2
10 59 2
3 59 2
14 15 2
6 54 2
19 24 1
23 64 1
9 25 1
5 8 2
0 25 1
1 8 2
2 3 2
15 65 2
4 6 2
10 35 1
11 16 2
1 32 2
12 16 2
4 64 1
4 10 2
20 35 1
3 43 2
15 67 2
18 24 2
14 68 2
8 39 1
8 20 2
20 57 2
13 45 1
6 50 2
9 18 2
6 22 2
8 16 2
1 45 1
11 57 2
19 61 1
4 22 2
11 54 2
1 58 1
2 57 1
8 46 1
8 58 2
19 21 2
17 22 2
2 9 2
22 46 2
23 56 1
22 68 2
23 31 2
19 58 1
10 40 2
11 52 2
1 5 2
6 44 1
1 44 1
10 24 1
21 60 1
1 46 1
2 44 1
13 67 1
0 45 1
15 19 2
0 37 1
0 23 2
0 54 2
22 59 1
3 48 1
7 50 1
9 16 2
14 64 1
8 30 1
3 24 1
0 13 2
17 37 1
21 62 1
10 14 2
9 45 1
7 16 2
18 58 1
6 65 1
22 58 1
9 67 2
13 65 1
16 54 1
9 46 1
8 48 2
0 44 1
6 61 1
6 58 1
18 56 1
18 43 1
9 61 1
5 20 2
6 49 1
12 23 2
1 25 2
4 8 2
10 66 1
0 21 2
1 42 1
18 20 2
12 20 2
4 26 2
12 22 2
13 23 2
23 50 2
21 30 1
0 12 2
11 51 1
18 46 1
8 50 1
12 52 2
15 32 1
4 16 2
0 30 1
4 9 2
20 51 1
1 37 1
15 23 2
17 18 2
0 53 2
7 45 1
3 20 2
17 68 1
4 12 2
7 12 2
3 17 2
17 31 1
9 37 1
16 53 2
11 24 1
7 60 1
19 51 1
14 19 2
22 35 1
1 39 2
2 58 1
14 58 1
2 51 1
22 47 1
12 35 1
9 56 1
2 59 2
15 44 2
19 31 1
6 47 2
8 61 2
6 64 1
8 17 2
9 11 2
16 52 2
20 58 2
3 39 2
5 32 1
15 56 1
21 36 1
3 64 2
17 34 1
2 69 1
18 68 1
13 36 1
9 44 1
16 27 2
8 12 2
15 20 2
20 36 1
1 13 2
19 44 1
7 23 2
17 60 1
20 30 1
13 51 1
1 60 1
5 48 2
4 61 2
15 58 1
5 33 2
13 62 2
4 68 1
15 69 2
16 42 2
9 59 1
10 20 2
5 23 2
11 21 2
3 23 2
4 62 2
1 18 2
19 66 2
4 40 1
15 54 2
22 43 1
0 22 2
8 37 2
23 52 1
8 57 1
4 59 1
15 60 1
9 12 2
5 65 1
17 48 1
18 42 1
5 38 1
7 25 2
21 26 2
12 28 1
3 34 2
17 65 1
0 35 1
23 40 2
0 4 2
14 44 1
2 37 1
20 44 1
10 41 1
8 69 1
22 62 2
7 17 2
9 60 1
20 60 1
1 30 1
21 33 1
16 47 1
22 23 2
17 40 2
18 30 1
0 64 1
9 28 1
7 55 1
10 12 2
2 4 2
22 39 2
14 49 1
20 23 2
23 42 2
4 17 2
9 68 2
13 35 1
11 32 1
5 54 1
6 8 2
11 49 1
8 52 1
15 22 2
17 69 1
23 49 1
7 65 2
0 46 2
5 24 1
4 54 1
6 18 2
8 49 2
5 12 2
5 7 2
11 27 1
1 11 2
3 12 2
19 55 1
19 22 2
15 41 1
1 40 1
6 31 2
5 9 2
14 23 2
6 21 2
12 58 2
0 34 1
4 23 2
10 52 1
6 63 2
6 28 1
11 37 1
14 43 1
0 16 2
7 47 1
19 69 2
22 38 1
0 52 2
16 32 1
17 51 2
16 22 2
18 48 1
0 47 2
20 50 1
12 18 2
0 17 2
2 10 2
11 66 1
18 62 1
16 48 1
3 16 2
15 35 1
21 34 2
1 69 1
20 26 1
19 43 2
1 22 2
6 25 1
5 58 1
22 37 2
5 21 2
11 26 1
19 53 1
4 21 2
15 55 1
11 17 2
10 11 2
1 34 2
22 36 1
7 11 2
2 62 1
21 64 1
12 48 2
5 14 2
18 45 1
13 50 1
14 57 2
4 18 2
23 47 1
21 53 1
17 38 2
12 38 1
11 40 1
5 22 2
18 69 1
11 47 1
3 47 2
0 31 2
23 32 1
23 25 2
2 23 2
10 17 2
2 65 2
2 5 2
15 62 1
20 28 2
16 24 2
1 53 1
21 55 1
1 15 2
8 44 1
14 16 2
9 40 1
3 15 2
1 7 2
2 21 2
4 48 1
20 42 1
8 27 1
17 52 2
2 49 1
1 17 2
5 19 2
6 67 1
22 69 1
16 30 1
0 58 1
9 31 2
18 21 2
2 7 2
17 41 1
6 10 2
19 23 2
7 41 2
7 15 2
1 3 2
0 67 1
14 38 1
2 6 2
11 41 2
0 55 1
15 43 1
7 35 1
18 37 1
2 30 1
13 26 2
21 49 1
9 55 1
7 40 1
2 25 1
23 27 2
4 25 2
3 55 2
5 28 1
3 66 1
6 11 2
1 59 1
6 35 2
3 13 2
9 23 2
3 19 2
13 29 2
3 4 2
11 15 2
14 59 2
10 69 1
15 68 2
18 47 1
10 60 1
3 7 2
17 46 1
8 40 2
23 28 1
9 48 1
21 57 1
17 47 1
0 65 1
7 24 1
18 57 2
12 25 1
13 54 2
4 57 2
21 41 2
8 18 2
0 19 2
13 33 2
6 26 1
1 62 1
9 41 1
19 47 1
7 10 2
4 50 1
20 65 1
12 62 1
5 45 1
2 46 1
22 64 2
18 19 2
6 40 1
8 54 1
21 38 1
10 55 2
16 18 2
2 55 2
7 38 2
13 57 1
13 61 1
2 36 2
22 24 1
22 57 1
10 56 2
19 33 1
19 56 1
12 34 2
4 30 1
9 63 1
20 25 1
8 65 1
11 36 1
5 63 1
19 48 1
20 31 1
15 51 1
6 29 1
3 40 2
15 36 1
18 34 1
19 37 1
10 18 2
21 48 2
3 5 2
16 44 2
11 58 2
20 66 1
14 46 1
12 14 2
7 30 1
19 63 1
9 17 2
16 62 1
13 37 1
15 18 2
11 42 1
19 27 1
0 41 1
20 24 2
5 15 2
10 21 2
15 38 1
14 65 2
14 40 1
6 14 2
21 31 1
23 37 1
9 29 1
8 11 2
8 25 1
7 37 1
23 55 1
16 63 2
2 64 2
18 55 2
8 21 2
4 52 2
15 25 2
11 14 2
20 34 1
2 17 2
17 43 1
11 29 2
19 57 1
9 14 2
12 13 2
18 51 1
13 68 1
22 53 2
1 65 1
14 50 2
20 61 1
0 18 2
21 67 1
5 30 2
8 32 2
7 9 2
18 29 2
19 64 2
10 15 2
14 56 2
18 32 2
12 67 2
12 47 2
22 41 1
1 12 2
18 54 1
2 43 2
18 22 2
9 35 2
13 19 2
9 65 2
17 58 2
6 41 2
10 16 2
0 42 1
12 26 1
14 34 1
5 13 2
5 50 2
4 31 2
1 21 2
13 31 1
22 55 1
16 66 1
2 35 2
3 44 1
16 26 1
3 11 2
12 66 1
23 69 2
4 19 2
2 22 2
0 3 2
4 44 1
6 53 1
1 20 2
12 17 2
16 59 1
21 56 1
1 16 2
4 11 2
22 50 1
13 20 2
12 61 1
8 19 2
6 43 2
10 46 1
2 67 2
1 50 1
10 23 2
5 64 1
23 48 1
5 68 2
13 16 2
2 11 2
16 68 2
13 41 1
3 27 1
0 10 2
12 24 1
18 60 1
17 62 1
13 47 1
15 45 1
16 69 1
23 68 1
3 9 2
18 27 1
21 59 2
0 63 2
6 13 2
21 43 1
19 32 1
2 48 1
13 46 1
5 36 1
10 19 2
11 50 1
18 41 1
14 52 2
6 51 1
16 25 1
2 14 2
12 27 1
6 37 1
23 36 1
20 69 1
1 14 2
15 63 1
1 41 1
4 39 2
1 48 1
2 24 1
21 47 1
5 61 1
8 34 1
6 9 2
3 58 1
9 30 1
9 22 2
3 46 2
14 20 2
14 18 2
16 20 2
4 24 2
13 21 2
4 46 1
20 41 2
16 56 2
5 53 1
23 45 2
1 35 1
3 45 1
7 54 2
1 23 2
14 41 2
5 10 2
12 59 2
2 31 1
9 20 2
17 29 2
5 43 1
8 55 1
8 10 2
4 29 2
7 22 2
15 16 2
10 50 2
18 65 1
17 26 1
8 41 1
6 27 1
13 17 2
3 18 2
11 69 2
13 55 1
13 48 1
13 25 2
11 23 2
20 21 2
13 24 1
23 39 1
3 33 2
0 7 2
13 64 1
7 20 2
2 33 1
0 11 2
6 15 2
9 13 2
3 68 1
0 14 2
2 15 2
0 61 1
11 67 1
14 39 2
2 56 1
16 21 2
12 68 1
5 31 2
14 22 2
4 47 1
2 29 2
7 19 2
12 63 2
7 8 2
18 67 1
0 40 1
9 21 2
13 28 1
8 14 2
10 51 1
22 63 1
13 56 2
3 22 2
16 17 2
22 26 1
2 32 1
14 21 2
13 43 2
11 22 2
3 8 2
13 18 2
17 63 1
8 13 2
1 9 2
16 38 1
0 27 1
22 65 2
13 34 1
20 43 1
3 51 2
22 54 2
3 52 2
13 14 2
4 5 2
17 20 2
3 57 2
5 18 2
4 7 2
9 32 1
13 30 1
6 7 2
9 69 2
23 63 1
11 18 2
22 31 2
0 48 1
10 37 1
4 49 2
4 37 2
7 18 2
16 64 1
14 42 1
23 46 1
20 39 1
6 60 2
10 47 2
19 28 1
0 20 2
13 49 1
11 19 2
0 51 1
1 47 1
14 30 2
21 46 2
7 13 2
6 56 1
23 29 1
7 27 1
1 2 2
22 49 1
14 17 2
0 6 2
11 20 2
23 61 1
6 17 2
16 49 2
8 22 2
1 51 2
22 44 1
15 49 2
12 39 1
7 21 2
0 29 1
2 63 2
3 31 1
6 19 2
3 50 2
4 43 2
8 67 1
12 50 1
12 64 1
17 21 2
1 56 1
10 22 2
15 29 1
14 66 1
16 65 1
18 66 1
2 61 1
3 37 1
4 20 2
19 42 1
4 27 1
7 49 1
0 28 2
2 16 2
21 44 1
1 4 2
8 24 2
7 57 1
0 5 2
17 66 2
5 52 1
10 67 1
0 9 2
7 46 2
8 15 2
8 42 1
0 59 2
6 16 2
21 29 1
12 56 1
16 37 2
7 63 1
6 23 2
4 63 1
12 15 2
0 15 2
5 6 2
8 53 1
2 68 1
11 62 1
7 39 1
5 11 2
19 60 1
7 68 1
9 19 2
17 27 2
13 69 1
3 14 2
4 33 1
15 53 2
7 52 1
2 18 2
6 46 1
1 29 2
18 26 1
6 12 2
5 69 1
14 67 1
20 54 1
2 13 2
19 25 2
15 40 1
5 25 1
5 26 1
19 26 1
12 53 2
11 13 2
4 51 1
17 61 2
18 23 2
4 66 2
9 66 2
17 57 2
11 31 2
1 10 2
20 62 1
22 60 1
2 54 1
0 38 1
16 19 2
1 57 2
18 36 2
18 40 1
9 64 2
12 69 2
17 45 1
21 23 2
10 28 2
16 60 1
5 49 1
6 20 2
21 54 1
7 58 1
19 41 1
20 68 1
4 38 1
13 22 2
21 58 1
11 64 1
8 47 1
11 38 1
8 9 2
6 66 1
11 60 1
9 47 2
16 61 1
21 22 2
