% n=200 p=33 d=0.33 p_blue=0.66
39 50 2
5 95 2
34 196 1
24 151 2
65 129 2
31 182 2
21 26 2
40 52 2
5 173 2
38 193 2
40 102 2
2 98 2
58 173 2
29 132 2
19 88 1
11 80 1
13 85 1
26 83 2
1 10 2
37 58 2
24 176 1
17 30 2
0 24 2
38 45 2
13 37 2
34 56 2
16 198 2
46 149 2
35 39 2
19 168 1
7 199 2
5 27 2
27 80 1
29 33 2
23 46 2
3 22 2
60 78 2
28 59 2
45 64 2
9 96 2
52 113 2
39 179 2
52 83 1
9 69 2
34 37 2
21 177 2
26 42 2
21 39 2
32 42 2
49 159 1
22 60 2
18 23 2
10 40 2
1 111 2
10 151 1
19 57 2
11 22 2
46 154 2
62 97 2
1 52 2
4 12 2
60 106 2
8 23 2
2 172 2
44 52 2
61 124 2
34 141 2
12 117 1
57 190 2
56 81 1
35 63 2
28 55 2
55 114 2
1 82 1
16 74 2
24 68 2
36 91 2
17 134 1
63 156 2
12 56 2
19 58 2
15 36 2
36 71 2
4 17 2
33 178 1
23 115 2
55 144 2
0 39 2
63 142 2
61 191 2
47 87 1
1 5 2
25 110 2
47 103 2
25 84 2
36 48 2
35 155 2
32 49 2
29 40 2
49 120 2
3 47 2
40 135 1
18 42 2
36 179 2
53 143 2
32 144 1
8 45 2
59 185 1
33 125 2
3 55 2
27 114 1
29 196 1
32 134 1
18 49 2
60 89 2
27 41 2
44 138 1
20 51 2
26 145 2
52 124 2
9 18 2
15 17 2
62 167 2
12 42 2
10 65 2
0 106 2
27 85 2
63 149 2
52 140 2
7 19 2
30 178 2
3 155 1
0 18 2
0 183 1
3 147 1
65 135 2
42 157 2
28 66 2
0 32 2
1 131 1
9 49 2
39 167 1
47 105 2
64 118 2
3 38 2
54 185 2
44 69 2
38 117 1
23 120 1
2 99 1
9 41 2
64 181 2
33 138 2
45 47 2
4 23 2
31 39 2
2 41 2
7 36 2
18 34 2
17 80 2
2 18 2
17 27 2
17 68 2
3 36 2
35 100 2
13 154 1
13 23 2
35 71 1
55 139 2
6 62 2
2 39 2
18 61 2
12 193 1
33 58 2
60 181 2
48 197 1
48 136 2
45 170 2
18 182 2
34 35 2
36 131 1
48 71 2
11 45 2
38 102 1
60 98 2
29 190 2
35 49 2
23 64 2
51 188 1
16 29 2
17 19 2
20 87 2
52 185 1
12 184 2
24 135 1
43 61 2
20 47 2
17 36 2
44 105 1
10 167 1
52 199 2
15 39 2
15 158 2
2 9 2
18 20 2
24 90 2
6 177 2
34 103 1
9 44 2
1 45 2
36 106 1
63 172 2
20 37 2
26 137 1
37 64 2
14 88 2
38 41 2
59 75 2
48 154 2
5 54 2
1 8 2
30 173 1
62 191 2
13 15 2
43 174 2
39 130 1
61 97 2
1 47 2
5 8 2
65 71 2
29 88 2
8 12 2
16 52 2
6 34 2
15 29 2
65 140 2
42 156 2
5 26 2
0 53 2
14 149 1
51 62 2
37 131 2
34 189 2
41 53 2
41 54 2
35 58 2
3 7 2
48 107 1
9 64 2
14 57 2
63 164 2
52 128 2
43 64 2
62 155 2
32 50 2
36 159 1
54 154 2
4 28 2
25 188 1
42 119 1
6 170 1
13 57 2
43 66 2
4 126 2
34 69 2
23 59 2
42 194 2
27 150 1
11 198 1
52 62 2
10 55 2
51 65 2
10 36 2
5 175 1
33 44 2
14 54 2
34 117 2
28 179 1
35 183 2
55 98 1
39 119 2
14 43 2
24 64 2
58 59 2
47 134 2
17 50 2
10 11 2
26 30 2
0 63 2
2 10 2
8 129 2
39 121 2
16 51 2
64 111 2
39 107 2
32 116 2
17 61 2
30 65 2
40 58 2
45 154 1
1 55 2
41 107 1
48 125 2
10 149 2
9 24 2
50 125 2
6 52 2
41 90 2
15 18 2
22 149 1
15 59 2
13 25 2
22 92 2
38 40 2
20 21 2
58 78 2
62 100 2
44 55 2
38 83 1
42 153 2
63 198 2
37 43 2
20 54 2
36 127 1
8 25 2
59 144 1
14 25 2
56 103 2
12 161 2
17 79 1
12 75 2
26 94 1
26 70 1
52 98 1
38 174 1
11 62 2
19 132 2
11 142 2
30 110 1
11 133 2
26 63 2
8 55 2
29 121 1
27 30 2
46 65 2
34 62 2
28 74 1
52 99 2
36 65 2
21 104 2
58 164 2
30 54 2
20 60 2
0 46 2
52 115 1
40 157 2
21 71 2
26 29 2
4 52 2
42 178 2
1 127 1
25 53 2
9 63 2
16 17 2
45 66 1
64 175 2
58 92 2
44 51 2
47 91 2
7 172 2
55 76 2
40 146 1
43 146 1
30 32 2
48 60 2
20 50 2
23 157 2
26 178 2
54 191 2
29 119 2
5 42 2
35 185 2
19 43 2
0 21 2
3 34 2
57 188 2
14 125 2
31 85 2
29 31 2
18 123 2
33 40 2
44 62 2
17 18 2
41 171 2
15 143 1
39 41 2
3 90 2
4 194 2
11 20 2
1 38 2
19 90 2
37 59 2
12 43 2
5 52 2
3 172 1
13 33 2
15 54 2
41 55 2
7 114 1
9 15 2
41 57 2
12 139 1
43 197 1
35 116 2
11 30 2
40 166 2
58 183 2
2 197 2
8 188 2
21 64 2
10 51 2
61 71 2
32 40 2
22 68 1
12 20 2
29 45 2
20 39 2
27 43 2
17 125 2
19 104 1
14 131 2
28 197 1
3 118 2
22 127 2
11 21 2
5 189 2
12 133 2
25 56 2
46 80 1
16 38 2
3 135 1
30 170 1
37 93 1
18 52 2
4 179 1
10 49 2
30 142 2
30 38 2
58 181 2
30 127 2
50 180 1
59 103 1
53 90 2
43 47 2
31 88 2
0 16 2
23 133 1
15 63 2
6 16 2
40 41 2
29 109 2
60 193 2
7 28 2
19 56 2
35 43 2
64 183 2
27 48 2
31 129 2
45 114 2
45 193 1
43 49 2
51 54 2
21 61 2
49 194 1
8 50 2
18 187 2
63 71 2
12 145 2
46 50 2
64 112 2
44 145 2
41 69 2
1 94 2
9 40 2
22 27 2
51 63 2
45 50 2
44 172 2
13 122 1
31 164 2
18 53 2
59 163 2
52 180 2
31 53 2
37 71 2
30 154 1
30 188 1
0 40 2
42 49 2
9 65 2
58 115 2
34 78 2
31 99 1
2 181 1
30 64 2
26 78 2
18 35 2
56 63 2
42 115 2
10 124 1
65 138 1
53 82 2
40 189 1
0 22 2
2 34 2
48 57 2
46 64 2
35 38 2
6 180 2
26 151 2
63 171 2
48 140 2
6 14 2
7 40 2
6 69 2
19 27 2
30 49 2
53 81 2
50 149 2
43 46 2
29 56 2
17 83 1
34 144 2
2 35 2
55 67 2
7 157 2
19 67 2
47 57 2
5 30 2
22 77 2
21 120 1
25 38 2
0 10 2
35 140 2
40 76 1
45 52 2
11 86 2
5 197 2
22 140 1
18 81 2
6 32 2
64 88 2
21 97 2
30 39 2
50 129 1
27 53 2
8 30 2
18 50 2
38 44 2
28 37 2
41 95 1
9 43 2
28 96 1
24 30 2
44 64 2
37 50 2
16 48 2
11 55 2
4 5 2
2 134 1
7 57 2
28 93 2
1 24 2
13 71 2
9 132 1
14 44 2
11 57 2
6 10 2
65 121 2
15 48 2
57 71 1
10 29 2
21 54 2
1 153 1
7 193 2
22 48 2
30 169 2
15 138 1
52 56 2
48 182 1
51 69 1
33 175 2
32 51 2
50 53 2
52 127 2
54 159 2
10 177 1
41 192 2
14 59 2
6 37 2
52 86 2
1 90 2
7 8 2
24 62 2
30 172 2
8 139 1
30 62 2
30 140 2
9 145 2
25 134 1
0 17 2
57 64 2
1 15 2
14 166 2
29 167 1
24 111 2
49 168 2
21 190 1
36 51 2
24 47 2
10 47 2
32 157 1
8 159 1
43 195 1
46 52 2
7 121 2
36 178 2
41 106 1
13 87 2
5 22 2
33 80 2
65 75 1
5 55 2
7 198 2
24 172 2
46 88 2
0 109 2
1 56 2
63 175 1
3 176 2
48 64 2
38 166 2
54 173 2
13 158 1
42 60 2
11 19 2
4 42 2
51 140 2
33 37 2
26 173 2
2 156 1
28 67 2
32 194 2
11 56 2
45 59 2
26 62 2
47 108 2
1 108 2
28 34 2
16 22 2
22 23 2
51 181 2
7 33 2
24 27 2
15 60 2
52 61 2
49 100 2
39 141 1
47 189 1
54 61 2
29 177 1
49 78 2
12 54 2
22 45 2
49 190 1
16 65 2
58 94 2
11 24 2
18 62 2
34 171 2
10 56 2
16 63 2
9 172 2
2 81 1
56 139 1
44 149 2
21 42 2
6 65 2
22 50 2
45 49 2
0 192 1
18 25 2
34 58 2
41 165 2
28 157 1
54 119 1
3 28 2
24 144 2
61 172 2
54 194 2
28 33 2
27 54 2
46 56 2
65 163 2
0 75 1
43 53 2
3 61 2
27 63 2
30 68 1
32 129 1
17 44 2
7 22 2
33 173 2
6 76 1
3 9 2
4 105 2
4 47 2
13 21 2
5 181 1
6 51 2
5 97 2
4 53 2
13 61 2
44 63 2
56 188 2
4 150 2
65 154 2
29 62 2
2 26 2
8 145 1
36 40 2
19 87 1
27 115 2
54 182 2
17 66 2
12 71 1
35 119 2
60 107 2
18 77 2
24 59 2
19 45 2
40 159 1
43 99 2
14 32 2
19 92 2
8 14 2
25 54 2
45 55 2
51 151 1
65 155 2
56 128 2
28 176 2
47 136 2
38 65 2
0 119 1
15 41 2
47 149 2
47 128 2
19 125 1
6 63 2
61 65 2
0 15 2
15 95 1
51 118 2
5 16 2
4 16 2
2 48 2
17 22 2
26 27 2
41 44 2
5 116 2
7 60 2
22 176 1
20 58 2
56 176 2
34 105 2
49 50 2
2 171 2
9 34 2
28 70 2
18 43 2
30 89 2
0 11 2
60 86 1
47 62 2
18 120 2
31 49 2
56 143 2
28 164 1
24 78 2
1 12 2
42 43 2
31 35 2
47 164 1
53 61 2
3 25 2
0 52 2
5 50 2
50 55 2
27 34 2
18 179 2
7 15 2
4 166 2
34 191 2
20 36 2
2 44 2
45 93 2
26 116 2
2 42 2
44 54 2
43 52 2
2 100 2
34 42 2
29 59 2
17 105 1
43 159 1
41 43 2
58 162 1
7 103 1
58 117 2
10 27 2
9 16 2
36 41 2
29 47 2
48 58 2
41 56 2
27 90 1
22 74 1
51 81 2
7 12 2
42 195 2
25 144 2
65 102 1
6 55 2
12 195 2
23 32 2
38 192 2
16 45 2
51 127 2
50 123 1
54 68 2
46 131 1
3 13 2
19 52 2
19 62 2
55 57 2
9 20 2
5 36 2
40 139 1
20 114 1
3 26 2
38 158 2
3 112 1
47 64 2
19 171 1
15 42 2
27 178 2
61 190 2
35 62 2
56 106 2
0 20 2
38 128 2
5 99 1
54 156 2
24 113 1
4 7 2
64 132 2
30 143 1
34 54 2
2 96 1
41 65 2
11 140 2
52 81 2
59 72 2
7 108 1
47 61 2
0 55 2
11 164 1
36 153 2
58 108 2
4 62 2
6 165 1
5 185 2
65 142 1
13 62 2
4 55 2
10 57 2
11 181 2
10 199 2
64 121 2
56 100 2
23 49 2
57 61 2
62 119 2
39 59 2
27 44 2
12 57 2
28 126 2
51 55 2
18 73 1
16 158 2
14 21 2
58 84 1
27 56 2
13 84 2
28 178 2
48 130 2
5 114 2
20 156 2
38 104 1
24 109 2
24 99 1
5 24 2
11 61 2
35 64 2
2 78 1
52 176 2
15 129 2
36 120 2
8 36 2
54 98 1
16 19 2
63 165 2
9 191 2
44 61 2
36 184 2
35 84 2
18 31 2
25 37 2
41 80 2
43 88 1
60 184 2
29 52 2
0 180 1
6 85 2
9 13 2
52 107 2
4 157 1
37 61 2
39 53 2
23 179 2
46 61 2
17 194 2
21 179 2
19 123 2
61 62 2
25 30 2
25 34 2
58 142 2
60 65 2
43 80 2
6 43 2
11 70 1
20 27 2
23 150 2
29 49 2
3 167 1
13 138 2
44 176 2
7 18 2
16 31 2
65 67 2
23 36 2
37 83 2
18 197 2
10 45 2
27 77 2
1 9 2
26 54 2
30 184 2
6 8 2
3 43 2
20 165 1
54 70 2
21 92 2
16 133 2
51 80 2
7 58 2
43 153 2
17 131 1
4 38 2
17 176 2
53 57 2
57 182 1
2 40 2
16 105 2
15 31 2
48 73 2
34 167 2
22 125 1
41 121 2
55 180 2
60 169 1
33 36 2
5 62 2
36 168 2
60 192 1
5 112 1
23 160 2
20 147 2
2 14 2
62 107 2
10 13 2
40 187 2
4 56 2
36 139 2
34 43 2
22 75 2
61 113 1
17 137 1
5 13 2
1 34 2
4 31 2
0 19 2
20 31 2
24 60 2
14 117 2
63 83 2
9 199 1
2 135 1
26 58 2
14 105 2
20 62 2
7 96 2
34 44 2
56 122 2
16 84 1
1 62 2
51 76 2
64 110 2
40 126 1
55 163 2
3 105 1
64 168 2
22 39 2
8 42 2
51 100 2
26 171 2
27 111 2
26 128 2
48 50 2
61 111 1
27 184 2
18 70 2
56 190 1
62 118 1
26 48 2
14 64 2
12 198 2
11 39 2
12 44 2
8 65 2
36 39 2
38 59 2
40 195 2
17 48 2
2 29 2
15 177 1
35 153 2
34 158 2
14 173 1
4 60 2
5 90 1
40 48 2
10 74 1
47 92 2
26 120 2
8 26 2
2 19 2
47 197 1
12 41 2
16 59 2
8 49 2
17 156 1
2 11 2
65 187 2
25 72 1
1 57 2
26 101 2
30 78 2
7 88 2
16 64 2
29 165 2
30 150 1
60 196 2
30 51 2
8 46 2
42 126 2
10 16 2
30 35 2
12 69 1
20 142 2
2 63 2
32 113 2
17 170 2
29 116 1
4 113 1
32 63 2
24 169 2
15 140 2
50 141 2
19 153 2
53 132 2
61 165 2
4 27 2
32 100 2
35 59 2
49 154 2
33 50 2
30 194 2
23 33 2
32 181 2
0 13 2
16 87 2
34 79 2
60 170 1
23 44 2
0 35 2
39 46 2
30 122 2
2 30 2
11 170 2
12 189 2
32 56 2
50 97 1
24 54 2
6 54 2
48 155 1
47 163 1
57 90 1
46 93 1
24 193 1
6 48 2
1 37 2
20 137 1
19 22 2
38 73 2
14 41 2
4 10 2
9 190 1
13 127 2
15 149 2
51 75 1
36 82 1
22 72 2
13 65 2
48 124 2
49 107 2
9 170 2
28 135 2
13 160 2
7 148 2
64 86 1
9 46 2
42 55 2
58 152 2
52 58 2
23 45 2
22 41 2
57 89 1
55 189 2
9 51 2
11 29 2
2 45 2
49 152 1
62 75 1
4 141 1
20 49 2
59 198 2
58 122 1
17 24 2
26 190 1
14 42 2
33 81 2
57 146 1
5 46 2
8 61 2
15 24 2
9 32 2
61 177 2
25 41 2
9 180 2
37 77 1
36 174 2
1 60 2
62 127 1
30 53 2
52 155 2
17 169 2
44 95 1
33 134 1
9 73 1
2 157 2
64 75 1
57 63 2
25 115 2
33 63 2
32 196 2
61 186 2
34 53 2
11 51 2
28 146 1
18 111 2
60 71 2
23 65 2
7 147 2
59 119 2
63 118 1
5 40 2
27 59 2
55 164 2
42 48 2
40 167 2
7 13 2
3 68 1
48 53 2
49 86 2
50 85 2
23 122 2
21 122 1
26 60 2
29 139 1
32 197 2
19 100 1
61 181 2
34 166 2
10 162 2
61 149 2
43 55 2
53 197 2
48 65 2
62 126 1
54 141 2
37 40 2
35 174 2
47 54 2
12 124 2
53 83 1
0 189 1
2 138 1
47 74 2
21 57 2
58 62 2
46 47 2
5 9 2
6 167 1
30 74 2
16 117 1
51 58 2
3 108 2
2 12 2
16 138 1
27 28 2
20 171 2
3 196 2
60 83 2
0 56 2
1 18 2
62 194 1
27 101 2
11 47 2
10 142 2
43 192 2
21 28 2
0 144 1
40 69 2
33 136 2
36 192 2
13 53 2
5 87 1
3 41 2
21 31 2
33 67 2
64 97 1
0 172 2
38 118 1
4 15 2
21 79 2
27 122 2
23 67 2
18 28 2
27 140 2
55 181 2
37 102 2
24 34 2
49 153 2
2 28 2
60 159 2
20 138 2
50 56 2
35 46 2
51 156 2
39 181 2
32 48 2
17 52 2
51 169 1
35 50 2
52 76 2
5 48 2
24 190 2
34 61 2
44 83 1
31 52 2
19 107 2
44 133 1
35 122 1
25 48 2
37 63 2
13 55 2
43 191 2
38 154 2
50 193 1
7 174 1
62 131 1
23 54 2
30 44 2
20 57 2
19 48 2
14 55 2
11 68 2
30 42 2
36 76 1
17 49 2
23 30 2
32 115 2
2 84 2
14 197 2
17 85 2
1 41 2
10 48 2
60 178 2
33 53 2
30 168 2
4 50 2
40 43 2
60 135 2
6 9 2
36 103 2
57 96 2
4 167 1
11 108 2
18 30 2
41 185 1
19 142 2
0 3 2
29 32 2
42 64 2
59 85 2
16 26 2
24 114 1
14 39 2
17 107 2
20 102 1
24 136 2
14 142 2
33 82 1
36 63 2
23 26 2
46 146 1
0 96 1
38 52 2
11 25 2
64 194 2
64 89 2
9 156 2
49 198 1
14 35 2
38 151 1
12 27 2
16 98 2
57 65 2
52 59 2
33 73 1
54 99 2
23 68 2
35 178 2
43 58 2
13 189 2
50 84 2
55 199 2
56 142 2
36 155 2
2 3 2
45 152 1
63 154 1
53 187 1
58 118 1
9 36 2
19 98 2
27 199 2
22 80 1
49 138 2
7 21 2
3 156 2
7 24 2
61 120 2
31 186 2
39 44 2
2 141 1
4 161 1
12 111 2
25 39 2
26 192 2
45 116 2
39 51 2
17 172 2
9 87 1
25 31 2
35 156 1
10 22 2
7 11 2
12 18 2
62 188 2
20 197 2
10 59 2
59 64 2
19 54 2
26 36 2
19 197 2
40 188 2
39 197 2
38 54 2
10 26 2
35 198 1
14 133 2
20 38 2
60 167 2
22 113 2
25 40 2
57 113 2
16 194 1
1 54 2
22 55 2
40 97 1
24 58 2
9 168 2
5 165 2
12 67 2
32 139 2
58 150 2
17 38 2
17 123 1
39 70 2
62 112 1
59 167 1
39 110 2
34 41 2
10 81 1
25 139 2
53 62 2
36 121 2
21 65 2
56 107 1
44 180 1
13 151 2
23 27 2
35 40 2
36 163 1
25 108 1
59 78 1
8 118 2
22 188 2
58 141 2
10 17 2
41 118 2
13 38 2
24 168 2
20 140 2
54 196 1
63 111 1
18 144 2
11 28 2
5 60 2
3 45 2
56 130 2
21 62 2
57 198 2
34 74 2
41 130 2
34 136 1
56 77 2
27 121 2
14 90 2
15 51 2
12 36 2
54 158 2
41 51 2
42 179 1
50 167 2
21 56 2
1 117 2
62 196 2
37 145 2
23 137 2
1 65 2
32 159 1
10 38 2
45 57 2
29 53 2
16 193 2
44 132 2
10 35 2
28 30 2
52 125 1
63 126 2
19 34 2
6 20 2
15 65 2
15 171 2
55 129 2
57 172 1
31 37 2
9 105 1
36 188 1
33 176 2
5 135 2
4 59 2
38 155 2
0 168 2
19 44 2
46 161 2
6 18 2
20 71 2
10 19 2
58 95 2
50 161 1
22 86 2
11 31 2
42 162 2
0 48 2
51 52 2
30 88 1
60 84 1
44 49 2
7 35 2
42 173 2
14 181 1
29 35 2
23 35 2
22 159 2
17 177 2
4 64 2
6 45 2
64 137 1
49 113 1
26 64 2
1 140 2
14 176 2
2 37 2
20 67 2
16 88 2
33 163 1
7 65 2
6 25 2
49 73 1
17 110 2
40 59 2
51 59 2
39 199 2
1 184 2
17 196 2
58 158 2
2 184 2
27 50 2
20 199 1
19 35 2
59 124 2
18 41 2
8 41 2
4 8 2
55 60 2
5 17 2
53 64 2
9 75 1
57 185 2
15 144 2
33 55 2
46 160 1
15 62 2
38 101 1
16 72 2
53 142 2
35 36 2
12 136 1
26 110 2
36 56 2
63 93 2
7 107 2
54 148 2
8 13 2
39 47 2
43 59 2
16 37 2
5 92 2
36 72 1
36 59 2
10 88 1
11 177 2
41 142 1
24 126 2
22 32 2
40 55 2
63 87 2
33 199 2
10 194 1
55 65 2
16 165 2
6 106 2
29 73 1
23 70 2
42 95 1
48 72 1
7 46 2
47 175 1
18 97 2
32 60 2
2 50 2
33 52 2
39 120 2
44 171 2
25 102 2
31 58 2
6 49 2
40 128 2
19 159 2
49 61 2
14 50 2
19 25 2
61 152 2
11 42 2
64 174 1
29 50 2
29 48 2
45 178 1
3 23 2
26 161 2
57 152 1
2 130 2
24 187 2
14 24 2
17 63 2
25 52 2
2 6 2
3 35 2
36 135 1
20 53 2
33 60 2
9 31 2
17 67 1
20 118 1
27 125 1
55 152 2
9 39 2
21 117 2
7 115 2
29 137 2
0 59 2
14 172 1
45 83 1
15 43 2
22 40 2
9 184 1
8 35 2
2 195 1
57 80 1
12 37 2
45 186 1
5 38 2
53 129 2
53 178 2
58 136 2
62 182 2
12 30 2
7 167 2
23 39 2
62 108 2
33 59 2
49 181 1
48 145 2
63 84 1
35 54 2
27 45 2
6 33 2
39 92 1
49 57 2
20 107 2
9 135 2
7 89 2
53 65 2
43 101 2
19 55 2
48 95 2
26 99 2
12 150 2
24 31 2
41 168 2
46 60 2
22 38 2
13 98 1
34 51 2
30 34 2
14 73 1
19 180 2
63 96 2
27 93 2
34 59 2
45 148 1
15 25 2
51 82 2
26 103 2
46 170 2
11 46 2
17 37 2
10 117 1
36 88 1
29 63 2
26 35 2
18 136 2
51 57 2
10 87 2
11 44 2
7 54 2
6 154 1
43 186 2
29 41 2
64 152 1
4 160 2
17 54 2
41 120 1
5 73 1
42 108 2
14 22 2
8 110 2
45 65 2
18 29 2
40 106 2
9 14 2
21 149 2
38 76 1
22 106 2
50 65 2
55 173 1
19 41 2
40 197 2
19 33 2
2 16 2
35 37 2
12 48 2
22 46 2
12 104 2
5 21 2
2 17 2
40 124 1
65 100 1
12 115 2
54 116 2
64 109 2
22 64 2
11 78 1
64 180 2
33 132 1
15 34 2
59 143 2
2 60 2
6 110 2
56 162 1
15 169 2
46 162 2
22 150 2
47 153 2
8 53 2
27 62 2
17 97 1
29 112 2
12 25 2
3 20 2
32 187 2
45 100 2
21 50 2
5 25 2
12 15 2
44 70 2
9 45 2
46 182 1
38 130 1
6 153 2
65 70 2
49 89 2
31 171 1
60 121 1
46 103 2
56 132 2
37 125 1
6 184 1
16 46 2
13 29 2
18 177 1
19 30 2
14 20 2
5 104 2
57 161 1
62 93 2
44 46 2
2 38 2
17 46 2
1 31 2
20 98 2
2 102 2
47 119 1
32 132 2
33 127 1
22 156 2
38 69 2
30 47 2
23 186 2
0 196 2
40 133 1
8 20 2
42 160 2
41 52 2
14 148 2
21 36 2
39 55 2
2 62 2
19 53 2
18 64 2
8 190 1
7 101 1
20 172 1
3 198 2
13 14 2
30 60 2
13 46 2
27 193 2
47 66 2
5 131 1
12 156 1
21 32 2
9 129 2
9 55 2
45 136 1
19 127 1
28 61 2
9 56 2
3 74 1
35 117 2
6 41 2
28 56 2
13 48 2
3 123 1
56 115 2
13 182 2
35 179 2
27 152 1
51 53 2
1 197 1
11 15 2
11 12 2
53 185 2
47 140 2
20 35 2
8 86 2
5 19 2
44 124 2
10 46 2
11 90 2
9 21 2
40 129 2
43 45 2
22 154 1
53 166 2
19 40 2
27 69 2
24 45 2
1 97 1
39 56 2
38 164 1
36 85 1
55 147 2
10 176 2
21 150 2
22 143 1
20 110 2
34 57 2
6 7 2
56 98 2
13 31 2
38 42 2
28 50 2
15 27 2
20 41 2
27 64 2
9 26 2
31 41 2
33 65 2
12 89 1
20 70 2
5 96 2
38 107 2
39 60 2
35 56 2
15 47 2
59 178 2
22 109 1
37 185 1
38 148 2
36 108 2
29 76 2
13 135 1
20 23 2
6 15 2
7 131 1
40 160 1
41 73 2
29 170 1
10 62 2
12 49 2
8 11 2
40 46 2
11 33 2
4 128 2
10 58 2
59 177 2
2 21 2
40 51 2
10 93 1
55 63 2
43 54 2
40 186 2
48 70 2
61 168 1
9 47 2
64 73 2
1 33 2
32 59 2
12 199 2
31 119 1
15 30 2
28 161 1
0 98 2
30 161 2
17 43 2
52 54 2
6 47 2
14 194 2
29 193 2
3 19 2
15 40 2
14 31 2
55 64 2
25 103 2
40 60 2
59 93 1
26 180 1
38 124 1
19 117 2
53 59 2
22 195 1
59 197 2
50 61 2
3 82 1
12 21 2
56 116 2
43 83 2
11 14 2
29 122 2
11 35 2
9 62 2
21 22 2
0 23 2
40 53 2
32 114 2
9 52 2
5 18 2
38 183 2
11 50 2
1 149 2
54 130 1
58 167 1
4 25 2
15 16 2
17 76 2
27 189 2
57 177 2
24 125 2
62 88 2
29 161 2
18 48 2
48 61 2
20 61 2
27 98 1
49 68 2
30 33 2
25 184 2
15 61 2
38 43 2
29 58 2
37 52 2
13 36 2
40 136 2
57 83 1
28 38 2
47 167 1
3 58 2
26 49 2
18 60 2
7 158 2
49 88 1
21 66 1
52 53 2
47 63 2
37 150 2
33 172 2
20 141 2
45 51 2
6 31 2
3 81 2
2 31 2
10 32 2
32 44 2
28 195 2
37 192 1
52 65 2
35 129 1
47 60 2
32 170 1
26 59 2
52 105 2
21 85 2
3 185 2
15 53 2
38 53 2
48 164 1
56 88 1
50 138 1
12 34 2
39 180 1
12 40 2
5 85 2
36 53 2
27 78 2
52 80 2
24 181 2
36 81 2
24 53 2
32 34 2
63 72 1
63 77 1
33 46 2
33 48 2
22 157 2
24 51 2
24 41 2
41 59 2
60 73 2
51 168 1
21 34 2
48 166 2
39 168 1
38 126 1
21 59 2
25 27 2
57 140 2
40 198 2
17 191 1
38 78 2
8 143 1
23 125 2
26 65 2
14 80 1
23 50 2
24 65 2
41 46 2
20 65 2
22 59 2
33 51 2
35 60 2
38 49 2
47 101 2
31 193 1
52 106 2
19 51 2
45 87 1
48 89 2
33 41 2
45 80 1
21 158 1
57 104 2
15 197 1
1 26 2
26 33 2
8 105 2
10 21 2
35 95 2
6 64 2
13 47 2
1 87 2
39 109 1
8 64 2
2 43 2
31 47 2
56 71 2
37 118 2
41 103 2
23 146 1
52 112 1
7 20 2
41 48 2
11 179 2
42 136 1
44 116 2
47 196 2
11 34 2
44 53 2
28 57 2
13 51 2
50 79 2
15 90 2
43 185 1
44 100 2
24 154 2
57 145 1
35 128 2
48 63 2
25 90 2
12 110 2
58 191 1
16 32 2
14 40 2
36 162 2
56 134 1
27 159 1
6 59 2
13 64 2
33 188 1
20 196 1
5 159 2
58 98 1
29 37 2
8 85 2
57 82 2
35 47 2
36 62 2
8 76 1
28 107 1
36 52 2
16 54 2
41 49 2
16 146 2
40 86 2
9 38 2
14 115 2
34 143 1
25 119 1
33 119 2
20 25 2
25 57 2
39 62 2
43 143 1
20 42 2
56 196 2
14 56 2
53 119 2
35 126 2
31 152 1
45 140 2
29 153 2
0 152 1
39 169 2
15 33 2
3 46 2
28 40 2
38 57 2
18 196 2
6 11 2
4 44 2
9 12 2
35 147 2
40 107 1
0 49 2
24 44 2
21 55 2
32 58 2
9 68 2
41 61 2
36 77 1
22 101 2
61 174 2
47 124 2
3 62 2
31 57 2
24 101 2
15 28 2
42 110 2
2 160 2
16 57 2
17 178 2
59 84 1
61 171 1
54 145 2
23 145 1
0 54 2
43 129 1
33 113 2
54 92 1
0 127 2
5 7 2
49 98 1
4 13 2
10 64 2
4 32 2
28 58 2
16 134 1
11 106 1
23 91 2
57 62 2
62 184 2
55 151 2
16 160 2
16 33 2
50 76 2
14 29 2
31 168 2
52 164 2
38 46 2
39 42 2
12 26 2
37 148 1
32 175 2
26 44 2
51 64 2
33 42 2
23 92 1
17 94 1
53 112 2
12 14 2
1 51 2
27 58 2
19 122 1
11 132 2
10 12 2
0 171 1
11 173 1
31 44 2
56 150 2
18 125 2
4 45 2
32 45 2
44 97 2
42 50 2
26 37 2
42 86 1
4 9 2
47 106 1
10 61 2
12 17 2
48 173 2
56 80 2
35 51 2
2 7 2
13 34 2
6 173 2
5 134 2
33 84 2
13 56 2
55 193 2
5 123 2
29 61 2
47 123 2
46 91 2
1 53 2
39 153 2
28 44 2
8 130 1
11 138 2
29 65 2
26 115 2
63 183 2
40 78 2
41 45 2
55 122 1
13 59 2
19 106 1
50 74 1
32 112 2
1 36 2
64 108 1
8 104 2
48 132 2
42 161 2
3 88 2
64 90 2
48 184 2
18 58 2
17 159 1
6 183 1
56 64 2
60 147 1
10 187 1
64 141 2
24 66 2
16 175 2
46 187 2
36 143 1
14 61 2
14 47 2
54 195 1
57 84 2
33 126 2
45 115 1
0 112 2
42 61 2
63 185 1
31 161 2
12 147 1
25 182 1
62 148 2
47 172 1
44 195 2
5 166 2
49 174 2
13 42 2
62 147 2
45 103 2
3 182 2
18 59 2
24 191 2
2 58 2
15 170 1
55 141 2
31 32 2
2 65 2
63 157 2
4 63 2
8 17 2
41 63 2
4 41 2
16 129 2
16 197 2
57 120 2
61 83 2
19 113 2
4 14 2
11 116 2
19 111 1
65 82 1
22 78 1
21 144 1
19 63 2
31 183 2
57 197 2
58 134 2
40 62 2
23 79 2
17 132 2
34 87 2
9 54 2
56 109 2
21 24 2
0 34 2
7 122 1
31 131 2
16 186 2
24 52 2
51 56 2
14 114 2
5 6 2
13 41 2
23 63 2
25 199 1
55 56 2
5 94 1
49 172 1
29 51 2
16 76 2
11 73 2
47 76 2
5 11 2
60 102 1
5 191 2
29 55 2
49 64 2
46 138 2
27 141 2
35 169 1
26 41 2
47 187 2
40 61 2
21 27 2
19 160 2
34 139 2
1 115 2
13 112 2
51 179 2
42 62 2
30 46 2
24 46 2
6 61 2
60 104 2
22 63 2
48 165 2
9 194 2
17 34 2
36 175 1
31 112 2
52 149 2
50 72 2
8 38 2
31 60 2
46 185 1
7 49 2
28 76 2
53 68 2
8 15 2
17 163 2
27 60 2
52 170 1
16 61 2
52 166 2
31 133 2
19 146 1
19 46 2
18 69 1
13 17 2
43 72 1
37 128 2
0 65 2
4 120 1
10 53 2
42 133 2
11 97 1
10 86 2
13 58 2
53 176 1
47 178 2
18 175 1
35 61 2
22 44 2
29 89 2
0 12 2
0 36 2
26 61 2
8 106 2
3 56 2
11 23 2
16 50 2
27 76 2
21 45 2
14 58 2
16 35 2
4 36 2
24 61 2
21 30 2
5 83 2
19 97 2
12 61 2
8 179 2
18 159 1
36 60 2
16 28 2
2 126 2
7 26 2
19 94 2
44 80 2
43 170 2
11 32 2
54 126 2
63 177 2
39 187 2
6 57 2
64 161 1
2 4 2
33 115 1
58 107 1
30 179 1
46 156 1
45 190 2
57 163 2
5 195 1
30 45 2
2 168 2
38 143 2
1 58 2
36 160 1
38 60 2
10 30 2
49 109 1
3 52 2
3 14 2
14 60 2
33 146 2
21 52 2
38 170 2
32 43 2
10 85 2
13 198 2
24 32 2
24 26 2
9 154 2
60 197 2
39 68 2
21 47 2
29 92 1
0 5 2
5 61 2
9 100 2
17 21 2
35 108 2
59 154 1
46 128 2
30 167 2
45 175 2
19 152 2
12 98 2
39 48 2
8 160 2
9 60 2
12 173 1
38 64 2
26 39 2
41 109 2
29 34 2
26 32 2
23 139 2
41 47 2
3 54 2
7 87 2
31 61 2
11 66 1
47 51 2
0 2 2
56 67 2
14 104 1
5 119 2
50 67 2
40 143 2
15 137 2
19 31 2
8 31 2
16 49 2
47 145 2
20 45 2
3 48 2
63 89 1
1 19 2
1 160 1
6 93 1
5 31 2
30 50 2
49 132 1
42 104 2
38 50 2
33 149 2
33 64 2
19 173 2
57 178 1
31 40 2
44 146 2
13 43 2
16 169 1
30 41 2
25 175 2
39 91 2
35 65 2
33 56 2
19 189 2
24 38 2
1 17 2
7 73 2
22 26 2
30 103 2
63 158 2
1 73 1
6 193 2
18 90 2
59 145 2
28 92 2
6 46 2
25 193 2
47 70 2
65 84 1
6 24 2
12 59 2
0 27 2
12 38 2
36 189 2
54 167 2
13 18 2
33 54 2
62 138 2
26 167 1
31 62 2
43 199 2
52 177 1
52 69 1
32 52 2
27 96 2
65 89 1
23 107 2
55 186 1
11 91 2
8 48 2
53 60 2
22 51 2
18 161 2
8 184 2
15 125 2
26 93 2
8 70 2
39 147 2
61 87 2
27 38 2
29 36 2
59 137 2
3 50 2
36 64 2
11 58 2
22 24 2
42 106 2
10 161 2
27 32 2
46 100 2
14 167 2
44 91 2
20 175 2
28 147 2
17 51 2
29 43 2
10 50 2
24 164 1
17 39 2
17 56 2
49 164 1
16 62 2
22 28 2
11 65 2
27 126 1
21 130 2
4 117 1
31 128 2
35 93 2
49 59 2
29 57 2
4 18 2
23 51 2
32 47 2
35 125 2
57 59 2
45 68 2
0 66 1
41 125 2
8 58 2
54 110 1
33 107 1
50 83 2
62 190 1
22 199 2
8 63 2
10 20 2
49 199 2
55 192 2
4 181 1
33 62 2
8 89 2
62 174 1
54 139 2
64 134 2
55 124 1
40 57 2
23 38 2
15 179 1
4 37 2
37 51 2
44 139 1
59 118 2
29 42 2
25 28 2
20 29 2
24 63 2
26 52 2
17 73 2
34 65 2
3 17 2
15 82 1
22 36 2
36 118 1
51 196 2
17 35 2
7 31 2
23 81 2
34 63 2
17 47 2
42 130 1
32 39 2
11 37 2
32 46 2
49 87 2
40 65 2
42 102 1
0 42 2
26 50 2
0 1 2
5 44 2
38 152 2
53 182 1
46 58 2
58 148 2
0 141 2
43 177 1
21 156 2
26 159 2
9 10 2
6 23 2
20 43 2
60 117 2
49 141 2
65 73 1
33 91 2
53 118 1
41 42 2
24 119 2
1 78 2
24 40 2
63 68 2
31 42 2
30 56 2
17 25 2
36 61 2
6 21 2
28 160 2
14 36 2
48 87 2
34 49 2
2 36 2
9 163 2
23 185 2
57 105 2
17 139 1
6 58 2
38 172 1
33 109 2
38 63 2
31 126 1
29 172 2
20 33 2
19 60 2
22 33 2
1 2 2
33 79 2
52 55 2
41 151 1
30 40 2
2 159 1
27 35 2
40 113 1
36 137 1
20 79 2
46 114 1
20 55 2
41 135 2
7 25 2
1 133 2
41 158 1
1 43 2
24 25 2
11 16 2
28 175 2
19 59 2
63 101 1
16 112 2
6 27 2
39 64 2
5 59 2
44 166 2
44 193 2
1 40 2
43 180 1
36 92 2
61 128 1
4 6 2
7 155 1
50 136 2
0 9 2
9 19 2
51 172 2
34 50 2
5 49 2
53 63 2
64 103 2
25 49 2
37 177 1
41 182 1
40 54 2
29 173 2
50 96 1
24 185 1
2 8 2
12 45 2
4 91 1
0 125 1
59 126 2
2 56 2
46 184 2
14 49 2
50 93 1
9 30 2
52 169 2
58 163 2
18 139 2
9 53 2
1 28 2
23 58 2
33 45 2
0 77 2
58 111 1
9 93 1
14 178 2
53 130 2
32 73 2
31 198 2
55 120 2
53 113 2
48 59 2
37 42 2
35 88 2
18 37 2
23 172 1
34 183 1
39 45 2
58 64 2
18 190 2
28 39 2
49 52 2
53 72 2
41 147 2
3 6 2
33 68 2
3 89 2
9 91 2
50 103 2
46 95 2
64 188 1
48 86 2
13 16 2
29 94 1
7 59 2
17 115 2
4 123 1
61 81 2
21 145 1
11 158 2
33 61 2
18 40 2
48 113 1
42 57 2
7 23 2
25 147 2
42 180 2
49 169 2
29 176 2
62 92 2
59 141 1
7 39 2
4 57 2
27 108 2
24 103 2
15 195 2
31 56 2
58 176 2
7 62 2
7 133 1
19 61 2
50 186 2
18 26 2
34 182 2
28 65 2
64 96 1
17 117 2
9 59 2
29 101 2
21 41 2
7 197 2
5 194 2
11 180 1
49 160 2
62 78 2
25 75 1
5 117 1
63 161 1
33 182 2
29 30 2
30 61 2
65 196 2
12 128 2
22 83 1
15 52 2
6 142 2
31 48 2
24 105 1
54 60 2
12 22 2
6 190 2
29 129 2
25 47 2
27 91 1
58 93 2
43 60 2
23 62 2
11 40 2
18 32 2
13 116 2
58 65 2
24 85 2
14 199 1
42 79 2
0 14 2
26 107 2
42 67 2
36 49 2
7 9 2
13 26 2
25 45 2
31 76 2
8 16 2
23 60 2
9 23 2
53 158 2
37 124 2
34 100 2
40 64 2
15 58 2
43 193 2
6 188 2
23 25 2
39 142 2
31 166 2
9 58 2
5 34 2
44 58 2
47 160 1
28 149 2
1 64 2
51 185 2
15 75 2
35 67 2
15 162 2
32 99 2
61 109 1
0 80 1
8 18 2
7 56 2
44 154 2
3 15 2
47 184 2
46 86 2
55 82 2
58 88 2
50 148 2
44 127 1
6 26 2
15 38 2
33 112 1
62 123 1
29 44 2
24 194 2
15 22 2
28 79 2
21 127 1
51 78 1
56 177 2
4 43 2
45 144 1
31 33 2
42 58 2
57 149 2
7 37 2
6 191 1
63 73 1
51 124 2
26 40 2
45 184 2
25 35 2
30 94 1
34 169 1
4 39 2
62 63 2
56 174 1
0 191 2
29 39 2
5 110 1
28 134 2
25 59 2
23 42 2
21 164 2
14 198 1
23 56 2
32 136 2
29 143 1
20 56 2
8 43 2
58 116 1
10 123 2
37 56 2
8 57 2
27 133 2
36 138 2
14 34 2
29 72 2
0 51 2
22 31 2
35 104 2
28 48 2
31 120 2
22 95 2
15 64 2
17 164 2
34 97 2
0 44 2
15 68 2
27 31 2
28 41 2
39 155 2
34 93 2
57 79 2
55 142 1
43 173 1
25 29 2
15 21 2
28 52 2
17 45 2
49 197 2
3 27 2
23 184 2
39 106 1
12 19 2
34 152 2
7 183 2
53 192 2
8 103 2
51 61 2
26 88 2
6 35 2
8 112 1
35 158 2
24 84 2
13 40 2
32 54 2
15 57 2
10 37 2
57 70 2
56 181 1
3 37 2
27 124 2
43 142 2
17 119 1
42 182 2
35 53 2
33 43 2
10 197 1
39 40 2
47 173 2
38 47 2
18 119 2
36 43 2
6 28 2
55 178 1
38 94 2
6 127 1
17 53 2
13 32 2
51 110 2
31 97 2
8 147 1
61 115 2
5 14 2
7 104 2
34 197 2
34 46 2
16 23 2
22 169 1
13 27 2
23 78 2
23 41 2
15 19 2
35 87 2
46 89 2
46 69 2
12 60 2
24 87 1
27 33 2
7 50 2
47 56 2
31 83 2
5 156 2
41 50 2
37 117 2
8 75 2
2 54 2
63 152 1
56 182 2
36 114 2
23 55 2
1 48 2
2 109 1
58 144 2
47 50 2
9 125 1
15 94 2
61 76 2
0 26 2
44 165 2
64 94 2
49 63 2
5 58 2
12 51 2
16 34 2
33 34 2
33 77 2
46 62 2
30 102 2
34 157 2
3 42 2
22 115 1
49 178 2
31 194 2
21 63 2
62 113 1
40 49 2
16 24 2
8 28 2
1 186 2
20 116 2
52 63 2
19 151 1
37 120 1
20 63 2
1 132 1
43 182 2
64 66 2
41 114 2
14 99 2
49 170 1
25 189 1
20 143 1
7 86 1
34 106 2
48 84 2
17 29 2
31 59 2
15 37 2
25 186 2
0 111 2
2 103 1
20 177 2
14 23 2
17 62 2
12 103 1
7 16 2
58 153 1
62 186 1
33 144 1
37 147 1
27 165 1
5 161 2
14 51 2
27 55 2
59 60 2
21 152 2
25 36 2
3 51 2
58 83 1
50 147 1
21 192 2
1 81 2
12 65 2
65 77 2
28 133 1
0 138 2
57 127 1
15 117 1
56 175 1
37 122 2
27 47 2
2 95 2
36 57 2
10 33 2
15 192 1
50 174 2
41 100 2
52 193 1
35 45 2
54 118 2
0 43 2
31 34 2
37 139 2
51 146 1
11 176 2
17 58 2
26 43 2
33 135 2
50 92 1
37 186 2
7 38 2
48 171 2
42 172 2
43 77 2
43 100 2
42 45 2
35 48 2
45 171 2
19 24 2
0 76 1
17 59 2
22 43 2
1 89 1
17 65 2
5 35 2
14 187 1
11 41 2
57 68 1
29 60 2
63 197 2
11 74 2
50 64 2
3 60 2
9 37 2
37 49 2
31 134 1
38 70 2
40 181 2
21 75 1
4 108 2
0 165 2
52 189 1
31 46 2
1 23 2
17 199 1
40 170 2
43 84 2
0 153 1
48 134 1
16 56 2
1 44 2
31 38 2
53 74 1
0 47 2
54 135 1
16 39 2
2 22 2
59 174 2
10 42 2
42 141 1
2 61 2
5 64 2
15 97 2
16 53 2
62 158 1
22 61 2
32 38 2
13 50 2
41 177 2
52 187 1
28 72 2
55 58 2
4 153 2
12 55 2
49 82 1
13 113 2
30 83 2
58 87 2
27 57 2
18 24 2
49 116 2
26 79 1
9 11 2
35 120 1
12 16 2
46 111 2
62 64 2
51 93 2
22 173 2
35 132 2
39 177 1
52 74 2
1 21 2
41 123 2
25 123 1
50 63 2
42 75 1
57 60 2
3 59 2
30 199 2
7 48 2
53 172 2
51 167 2
9 107 1
13 39 2
27 39 2
25 60 2
21 37 2
12 50 2
48 147 2
0 145 1
4 46 2
28 29 2
7 67 1
27 61 2
5 56 2
36 47 2
15 49 2
15 103 1
35 70 2
30 186 2
26 114 2
20 184 1
38 61 2
14 162 2
12 47 2
47 193 1
13 45 2
17 40 2
59 159 2
26 113 2
2 165 2
9 29 2
5 29 2
27 116 2
32 81 1
35 195 2
52 57 2
65 193 2
47 69 2
21 181 1
14 127 1
11 102 2
0 114 1
7 129 1
44 47 2
37 193 2
13 22 2
26 45 2
29 38 2
65 164 1
0 64 2
25 151 2
3 12 2
64 199 1
43 134 1
46 141 2
6 141 2
28 171 2
31 64 2
63 179 2
13 94 2
38 56 2
54 71 2
3 66 2
62 121 1
12 31 2
10 147 1
46 87 2
63 182 1
6 53 2
39 65 2
39 96 2
8 34 2
17 28 2
50 51 2
1 136 2
40 56 2
31 50 2
32 179 2
6 156 1
31 36 2
7 142 2
11 121 2
63 125 2
65 152 2
37 44 2
17 162 2
2 25 2
46 113 2
36 89 2
16 196 2
21 93 2
12 52 2
24 49 2
3 39 2
1 50 2
20 26 2
5 105 2
23 31 2
59 70 1
35 196 1
18 169 2
47 98 2
22 119 2
18 21 2
2 118 2
18 189 1
10 34 2
1 30 2
36 50 2
19 20 2
54 117 1
23 196 2
54 161 1
57 184 2
18 112 2
46 70 2
0 115 2
53 128 2
28 47 2
51 114 1
54 58 2
13 186 1
43 108 2
3 199 2
63 123 1
9 95 2
8 180 1
45 46 2
28 116 2
25 55 2
32 33 2
6 29 2
21 23 2
22 84 2
47 73 2
19 36 2
10 60 2
53 170 2
24 192 2
38 81 2
6 36 2
63 163 2
14 38 2
4 58 2
54 180 2
13 76 2
52 150 2
47 169 2
2 15 2
34 121 1
22 184 1
18 132 1
35 168 2
33 167 2
14 37 2
6 150 2
44 65 2
43 51 2
39 160 2
26 38 2
58 165 2
21 35 2
49 117 1
29 64 2
25 117 1
7 55 2
44 192 2
28 64 2
41 193 2
22 25 2
62 192 1
61 72 2
14 86 2
46 55 2
17 41 2
11 17 2
6 17 2
48 152 1
45 112 2
16 69 2
3 126 2
1 69 2
49 103 2
1 16 2
23 124 2
65 132 2
14 15 2
53 58 2
11 143 1
24 117 1
4 162 2
53 193 1
24 77 2
39 63 2
62 183 1
57 116 2
6 44 2
29 105 1
4 78 2
52 96 2
53 54 2
0 154 2
34 138 2
17 64 2
11 13 2
14 46 2
42 65 2
32 68 2
5 23 2
38 156 2
23 164 1
18 39 2
18 38 2
3 64 2
40 45 2
35 42 2
11 53 2
19 150 2
8 68 1
32 36 2
1 7 2
32 35 2
62 164 2
26 148 2
38 190 2
5 32 2
42 71 2
28 35 2
11 84 2
25 46 2
60 64 2
20 173 1
11 18 2
35 55 2
47 131 2
43 65 2
1 22 2
7 150 1
4 192 1
10 44 2
6 39 2
35 112 2
3 179 1
40 99 2
30 138 2
8 32 2
50 169 1
20 149 1
12 149 2
10 178 2
43 106 1
14 154 2
24 37 2
35 176 1
34 39 2
12 28 2
32 64 2
5 39 2
41 101 1
9 61 2
31 55 2
12 153 2
13 30 2
17 102 2
5 28 2
19 126 1
49 51 2
1 14 2
43 48 2
25 196 1
46 49 2
0 97 1
39 162 1
48 151 2
12 90 2
37 112 1
29 151 2
4 29 2
48 97 2
32 176 2
6 13 2
57 112 2
5 41 2
52 179 2
38 134 2
4 133 2
56 65 2
14 137 1
0 41 2
21 53 2
23 110 2
14 82 1
56 68 1
7 61 2
9 115 2
13 49 2
57 58 2
9 50 2
22 144 2
28 118 2
15 44 2
40 152 1
29 54 2
61 178 1
60 75 1
3 21 2
4 54 2
22 135 2
38 106 2
49 167 2
45 56 2
56 131 2
5 53 2
13 128 2
32 53 2
59 63 2
37 133 2
40 85 1
47 59 2
45 63 2
55 61 2
27 170 2
16 30 2
18 44 2
0 170 2
46 168 1
1 92 2
42 51 2
35 44 2
2 27 2
6 101 2
35 101 2
0 169 1
65 87 2
13 168 2
4 188 1
4 22 2
36 107 2
4 136 2
43 137 2
23 37 2
1 6 2
5 66 2
11 159 1
19 38 2
2 182 1
10 146 1
15 46 2
54 121 1
3 24 2
25 85 1
18 51 2
52 64 2
20 30 2
15 114 2
26 53 2
0 74 1
8 47 2
11 135 2
16 27 2
14 33 2
14 180 2
10 43 2
19 39 2
11 36 2
8 140 1
6 121 2
0 72 1
7 139 2
25 26 2
14 45 2
54 93 2
49 146 1
23 47 2
12 188 1
33 49 2
21 46 2
37 41 2
62 85 2
61 125 2
13 194 2
47 199 2
18 180 2
34 190 2
15 108 2
37 111 2
21 87 2
47 191 2
64 193 2
54 151 1
17 166 2
65 104 1
50 59 2
52 103 2
48 55 2
3 96 2
56 72 1
49 158 2
31 63 2
34 124 1
35 41 2
3 129 2
0 37 2
29 152 2
28 86 2
31 54 2
9 22 2
52 163 1
48 120 1
31 107 2
13 54 2
58 199 1
6 22 2
18 131 1
4 101 2
36 100 2
12 53 2
43 148 2
45 188 1
37 39 2
5 47 2
30 195 2
46 78 2
22 196 2
24 156 2
44 82 1
29 166 2
28 42 2
35 107 2
28 119 2
51 121 2
53 100 2
10 168 2
54 113 2
5 65 2
9 57 2
6 114 1
50 132 2
28 63 2
26 100 1
2 71 2
52 171 2
55 59 2
32 37 2
16 190 2
10 191 1
41 98 1
13 149 2
32 158 2
30 128 2
22 69 2
55 104 2
2 57 2
47 137 2
49 108 2
50 91 1
17 149 2
19 29 2
41 170 1
32 72 2
10 118 1
7 29 2
33 130 1
10 23 2
47 143 2
2 33 2
14 109 2
26 66 1
33 85 2
30 136 2
64 98 2
58 61 2
22 112 2
31 184 2
43 62 2
48 49 2
17 158 2
18 46 2
11 38 2
44 107 1
12 35 2
34 118 2
5 10 2
8 62 2
17 33 2
18 65 2
11 48 2
60 127 2
39 52 2
32 118 1
16 92 1
25 129 2
1 46 2
18 138 1
24 69 2
11 107 1
48 56 2
11 111 1
7 51 2
16 41 2
64 65 2
26 28 2
4 129 1
4 35 2
22 58 2
6 115 2
6 162 2
7 45 2
39 144 2
4 187 2
8 52 2
59 65 2
3 31 2
60 61 2
0 134 2
21 132 1
42 138 2
0 8 2
23 100 2
43 92 2
52 97 2
9 48 2
18 186 2
0 174 2
44 85 1
46 116 1
0 4 2
49 179 1
45 163 2
7 42 2
16 103 1
59 105 2
30 148 2
32 93 1
33 72 2
59 74 1
65 133 2
8 51 2
24 179 2
40 104 1
17 42 2
45 48 2
25 50 2
2 53 2
6 56 2
52 151 1
22 47 2
36 156 2
15 50 2
22 161 1
10 180 1
58 124 2
14 118 2
40 121 1
51 116 2
1 158 1
25 148 2
8 56 2
31 159 2
51 160 1
23 29 2
1 11 2
31 51 2
30 57 2
62 87 1
25 178 1
29 46 2
22 107 2
19 149 2
17 77 2
57 98 2
52 60 2
53 55 2
26 34 2
21 119 2
2 52 2
10 28 2
21 49 2
2 64 2
44 114 1
22 67 2
3 29 2
45 53 2
1 27 2
2 124 2
4 21 2
37 53 2
16 18 2
39 61 2
23 104 2
7 34 2
12 168 1
3 33 2
29 188 2
5 15 2
37 99 1
2 94 2
24 182 2
36 54 2
48 172 1
59 73 2
45 162 2
12 97 2
59 199 2
53 103 1
61 187 1
22 52 2
46 53 2
28 77 2
12 64 2
16 58 2
64 119 2
4 34 2
43 50 2
34 120 1
64 198 2
12 62 2
15 93 1
21 33 2
48 94 1
42 131 2
10 41 2
30 55 2
38 139 2
29 70 2
19 64 2
16 119 2
18 174 2
44 67 1
41 189 2
17 82 2
18 27 2
30 36 2
16 180 1
40 50 2
12 46 2
38 39 2
38 55 2
54 57 2
43 130 2
22 57 2
22 91 1
65 115 2
38 110 1
45 58 2
0 175 1
38 187 2
32 89 1
28 186 2
28 62 2
16 44 2
23 118 2
59 190 1
61 63 2
24 50 2
26 46 2
31 70 2
46 167 2
6 125 2
61 90 2
62 65 2
63 189 1
51 112 1
65 109 2
2 114 1
25 63 2
40 63 2
44 135 1
7 63 2
6 152 2
50 52 2
40 89 1
35 57 2
0 82 2
33 47 2
56 166 1
55 102 2
49 71 2
23 116 2
20 28 2
6 169 2
43 121 2
8 27 2
14 63 2
41 62 2
4 65 2
40 109 1
14 17 2
28 163 2
57 72 1
29 146 2
50 155 2
24 57 2
14 98 2
17 55 2
31 155 1
28 159 2
35 124 2
30 52 2
48 52 2
25 172 2
53 91 1
14 174 2
62 73 2
10 15 2
61 142 2
8 19 2
45 61 2
23 132 2
30 59 2
13 111 2
32 104 2
8 158 2
3 8 2
24 36 2
28 31 2
58 105 2
58 179 2
11 105 2
48 116 1
19 21 2
28 45 2
41 154 1
23 24 2
0 57 2
44 112 1
23 66 2
6 136 1
19 28 2
56 147 2
5 33 2
37 47 2
50 58 2
46 134 2
12 33 2
21 191 1
57 132 1
30 58 2
10 54 2
18 57 2
49 126 1
30 97 1
34 40 2
63 139 2
13 52 2
39 67 2
30 115 2
61 64 2
65 149 2
39 49 2
7 118 2
27 29 2
45 60 2
39 43 2
25 111 1
4 49 2
56 62 2
11 101 1
8 10 2
1 20 2
1 68 2
4 26 2
18 54 2
40 44 2
28 51 2
55 157 1
61 89 2
57 107 1
1 126 2
23 143 1
8 44 2
19 26 2
31 162 2
21 142 2
17 20 2
5 93 2
34 104 1
22 35 2
26 150 1
23 105 2
50 190 2
14 62 2
3 125 2
22 54 2
18 118 2
42 146 2
8 196 2
28 54 2
36 73 2
22 117 2
49 62 2
21 38 2
40 176 2
55 84 1
49 60 2
61 188 1
38 62 2
3 72 1
25 154 2
50 105 1
3 40 2
1 59 2
47 94 2
51 60 2
47 158 1
1 13 2
45 122 1
60 112 2
43 198 2
58 68 2
26 74 1
1 161 2
0 62 2
10 39 2
18 141 2
61 98 2
1 32 2
15 55 2
13 145 2
30 176 2
16 123 1
42 111 2
45 125 1
58 140 2
25 42 2
63 65 2
18 36 2
19 49 2
57 94 2
27 46 2
26 51 2
5 51 2
14 26 2
47 53 2
11 43 2
31 149 2
35 97 2
25 133 1
33 57 2
61 127 1
5 45 2
13 28 2
57 187 2
41 58 2
34 75 1
37 55 2
11 184 2
44 60 2
12 24 2
39 172 2
27 119 1
32 109 2
46 199 1
52 168 2
35 130 2
48 138 2
35 177 1
7 27 2
14 179 2
22 29 2
38 109 2
15 134 1
35 83 2
52 153 2
14 158 2
36 149 2
47 114 2
2 49 2
6 189 2
48 115 2
60 158 1
2 55 2
13 119 1
57 115 1
26 121 2
40 47 2
50 57 2
35 52 2
59 89 2
8 37 2
22 96 2
13 19 2
57 101 2
11 112 2
17 141 2
43 56 2
18 140 2
56 59 2
41 180 1
2 59 2
25 162 2
49 112 1
30 151 1
33 128 2
18 22 2
11 54 2
29 186 2
52 183 2
57 171 2
32 62 2
7 17 2
35 137 2
1 39 2
52 158 1
54 105 1
18 45 2
48 177 2
2 149 2
21 167 2
21 40 2
25 149 1
6 19 2
6 137 2
19 199 1
15 191 2
2 20 2
40 84 2
51 180 2
47 83 2
46 54 2
40 150 2
5 37 2
45 101 1
51 193 2
34 38 2
34 181 2
1 63 2
49 97 2
18 117 2
25 33 2
12 23 2
59 110 2
7 151 2
45 79 2
40 42 2
38 82 2
57 75 2
19 139 2
19 116 2
1 29 2
15 88 1
21 43 2
25 127 1
59 127 2
7 41 2
5 57 2
26 55 2
14 138 2
16 137 1
54 55 2
14 124 2
5 174 2
20 46 2
46 153 1
19 37 2
29 99 2
25 62 2
54 65 2
23 53 2
1 138 1
18 47 2
14 168 2
27 52 2
50 126 2
13 177 2
34 36 2
33 38 2
15 45 2
56 58 2
49 162 2
41 172 1
64 157 2
9 25 2
0 178 1
28 49 2
9 171 1
11 63 2
7 95 1
44 48 2
34 55 2
50 135 1
40 174 2
18 56 2
53 141 2
22 164 1
24 35 2
24 43 2
2 5 2
32 190 2
39 178 1
1 116 2
34 130 1
6 60 2
24 166 2
12 58 2
50 159 2
3 4 2
20 44 2
49 56 2
5 20 2
1 181 2
63 145 1
18 164 2
12 118 2
50 163 2
12 187 2
21 118 2
6 38 2
11 92 1
8 171 1
25 169 2
64 127 2
42 53 2
44 179 1
3 10 2
17 148 1
42 54 2
14 52 2
57 180 2
22 65 2
5 182 1
10 102 1
25 187 2
34 45 2
25 145 2
34 185 2
43 63 2
24 115 2
55 111 2
7 43 2
15 23 2
19 93 2
9 35 2
0 163 1
41 176 2
15 139 1
35 77 1
49 65 2
45 185 2
2 51 2
0 28 2
3 5 2
59 61 2
2 80 2
57 108 2
23 48 2
37 68 2
18 133 1
10 89 2
39 115 2
43 69 2
0 38 2
34 195 1
65 114 1
2 13 2
0 58 2
3 18 2
33 35 2
58 75 1
55 185 2
55 71 1
41 81 1
0 187 2
36 123 2
22 30 2
58 159 2
9 42 2
60 191 2
20 75 1
28 97 1
56 61 2
22 102 2
32 41 2
12 129 2
36 55 2
54 94 1
38 51 2
16 25 2
14 119 2
41 82 2
14 130 2
57 76 2
7 66 2
19 164 2
18 19 2
30 48 2
50 182 2
3 69 2
46 63 2
5 103 2
28 32 2
33 88 2
51 104 2
26 188 2
38 48 2
57 166 2
17 190 1
8 39 2
7 44 2
54 96 1
57 194 2
28 156 2
59 62 2
18 110 2
4 72 2
47 48 2
53 127 2
53 56 2
30 146 2
1 42 2
0 33 2
62 129 2
59 162 1
2 187 2
49 191 2
23 57 2
2 111 1
63 64 2
38 67 2
37 38 2
35 66 1
26 47 2
40 178 2
42 56 2
62 104 1
44 104 2
37 60 2
1 25 2
9 71 2
42 44 2
6 130 2
64 117 1
29 124 2
3 49 2
17 121 2
33 39 2
20 135 2
0 25 2
65 199 1
41 133 2
37 54 2
47 55 2
7 32 2
21 48 2
23 147 2
15 70 2
3 63 2
48 54 2
33 94 2
28 95 1
4 144 2
3 189 1
41 93 2
14 93 1
20 48 2
60 77 2
29 191 2
60 62 2
28 43 2
3 30 2
13 35 2
53 179 1
3 183 2
13 20 2
19 50 2
53 84 2
17 151 1
34 193 2
26 56 2
10 131 2
9 28 2
4 174 2
63 151 2
34 123 1
63 97 2
47 65 2
26 84 1
31 65 2
39 189 2
8 24 2
8 9 2
31 89 2
23 165 2
20 52 2
8 128 2
4 48 2
28 125 1
39 72 2
49 54 2
44 45 2
58 110 1
8 107 2
14 28 2
30 37 2
36 112 1
56 79 1
54 72 2
31 111 2
42 46 2
0 29 2
20 77 2
35 166 1
4 40 2
56 161 2
2 24 2
34 64 2
19 165 1
31 43 2
52 68 2
31 45 2
13 68 2
53 189 2
37 46 2
37 45 2
16 20 2
21 60 2
12 63 2
7 10 2
1 4 2
18 63 2
1 79 2
56 57 2
27 40 2
53 181 1
9 17 2
41 64 2
2 23 2
40 185 1
56 89 1
23 119 2
38 121 2
63 109 1
34 52 2
23 182 2
2 164 1
8 54 2
34 60 2
10 14 2
7 52 2
59 132 2
35 194 2
14 65 2
0 31 2
10 31 2
6 123 2
24 48 2
51 159 2
58 63 2
4 11 2
28 46 2
21 25 2
20 34 2
49 143 2
43 194 2
62 146 2
7 185 2
63 88 2
57 92 2
49 55 2
1 119 1
10 18 2
8 59 2
8 126 1
44 94 2
3 53 2
26 147 2
21 98 1
42 52 2
11 49 2
10 120 1
24 28 2
54 150 2
36 126 1
22 165 2
9 67 2
47 198 1
50 54 2
37 198 2
37 101 1
25 43 2
2 32 2
46 120 2
14 79 2
5 12 2
39 133 2
24 33 2
8 93 1
18 85 2
9 179 1
0 173 1
23 190 2
8 148 2
22 136 2
54 59 2
24 42 2
60 70 1
20 22 2
26 86 2
32 57 2
27 132 1
18 166 2
2 199 2
9 159 1
19 163 2
14 16 2
32 138 2
5 101 1
41 140 1
30 71 2
18 126 2
24 80 1
62 193 1
59 117 2
43 138 1
15 56 2
50 154 2
1 121 1
50 62 2
28 53 2
42 122 1
11 89 2
0 7 2
15 26 2
24 112 1
24 161 2
22 53 2
53 183 2
45 74 2
36 45 2
35 135 2
24 199 1
22 181 2
16 55 2
4 24 2
14 48 2
10 25 2
37 164 2
42 63 2
31 179 2
6 71 2
16 109 1
11 64 2
47 141 2
17 23 2
56 101 2
9 124 2
8 22 2
55 62 2
36 195 2
42 47 2
1 129 2
48 62 2
8 33 2
3 32 2
41 66 1
34 47 2
27 51 2
50 184 1
4 61 2
13 63 2
21 58 2
22 66 2
21 29 2
60 96 2
16 78 2
37 48 2
53 161 2
4 96 1
28 102 2
8 155 1
1 194 2
14 78 2
32 85 2
20 179 2
44 102 2
11 199 1
28 36 2
20 59 2
58 196 1
50 171 1
43 57 2
19 23 2
55 90 1
34 48 2
52 191 2
32 189 1
36 125 2
50 104 1
17 57 2
44 187 1
8 21 2
22 49 2
15 35 2
61 84 1
4 30 2
11 174 2
9 33 2
6 30 2
55 118 2
36 46 2
18 93 1
10 98 1
0 100 1
61 108 1
15 104 1
56 60 2
52 70 1
6 78 2
64 164 2
62 180 2
23 43 2
49 79 2
65 81 2
47 75 2
3 57 2
6 186 2
10 136 2
16 40 2
36 58 2
49 58 2
19 77 2
46 57 2
46 117 2
16 191 2
43 154 2
22 34 2
8 40 2
23 34 2
31 68 2
37 187 1
54 62 2
42 59 2
60 144 2
1 142 2
13 44 2
40 111 1
2 46 2
57 126 2
16 47 2
46 67 1
30 93 1
32 86 2
38 196 2
19 42 2
1 118 2
21 146 1
9 108 2
5 141 2
51 129 2
10 143 2
14 27 2
27 36 2
65 97 2
11 26 2
56 110 2
22 37 2
12 13 2
2 179 1
54 64 2
57 100 1
0 6 2
62 150 1
35 80 1
39 82 1
51 173 2
56 108 2
53 117 2
13 24 2
11 60 2
39 54 2
38 58 2
20 126 2
7 79 1
28 183 1
37 62 2
42 164 2
15 167 2
8 132 2
53 93 2
5 170 2
50 60 2
18 55 2
8 135 2
0 61 2
54 193 2
53 134 1
7 53 2
25 44 2
13 70 2
58 60 2
60 179 2
57 144 2
63 124 1
3 67 1
28 137 2
20 154 2
8 79 1
55 74 2
60 118 2
22 142 2
16 21 2
36 38 2
62 128 1
44 56 2
10 129 1
28 60 2
64 72 2
4 33 2
32 163 2
50 124 2
48 51 2
14 157 2
25 61 2
20 32 2
20 40 2
63 90 1
14 18 2
20 24 2
53 126 2
23 189 2
63 99 2
65 147 2
35 68 2
4 102 1
47 52 2
47 49 2
36 37 2
24 56 2
59 161 2
24 29 2
52 160 1
44 57 2
28 69 1
57 141 2
36 44 2
10 52 2
14 30 2
11 125 1
13 60 2
50 153 2
3 11 2
57 91 1
63 91 1
65 175 2
15 113 1
41 78 2
4 85 1
46 51 2
20 174 2
59 123 2
38 79 2
9 113 2
49 161 2
9 27 2
64 79 2
50 121 1
25 58 2
47 58 2
52 145 2
23 106 2
23 28 2
31 145 2
52 73 2
9 185 1
5 63 2
58 151 1
32 131 1
60 120 1
7 30 2
50 71 2
27 65 2
19 32 2
20 185 1
22 192 2
21 103 1
17 124 1
25 171 2
18 104 1
16 43 2
26 57 2
46 180 2
29 77 2
17 90 2
36 42 2
18 121 2
54 136 2
47 112 2
14 53 2
13 117 2
19 69 1
11 197 2
46 48 2
19 47 2
60 164 1
26 31 2
58 69 1
22 56 2
56 118 1
11 134 2
22 42 2
6 196 2
23 121 2
20 97 1
3 65 2
27 187 2
11 27 2
48 123 2
27 37 2
21 155 2
46 112 2
25 195 2
37 184 2
32 65 2
60 69 1
0 92 2
2 97 2
4 51 2
44 50 2
27 49 2
44 113 2
31 93 2
60 81 1
2 127 1
65 137 2
7 171 1
31 66 2
21 194 2
14 19 2
37 57 2
54 155 1
43 163 2
56 105 2
41 128 2
51 152 2
51 91 1
28 130 2
20 158 2
4 147 1
8 136 2
4 112 2
55 150 2
1 61 2
54 63 2
23 98 2
1 3 2
41 60 2
60 122 2
7 47 2
15 20 2
22 98 2
7 69 1
18 33 2
39 93 1
45 177 2
53 116 2
59 169 2
44 59 2
65 103 1
17 26 2
25 64 2
16 108 2
22 62 2
5 139 2
15 119 1
6 12 2
0 60 2
39 134 2
45 86 1
27 127 1
47 85 2
59 187 2
7 14 2
0 50 2
6 50 2
43 44 2
6 139 1
3 16 2
15 151 2
10 24 2
11 129 1
19 101 2
64 154 2
5 43 2
16 36 2
27 42 2
35 167 2
26 141 1
12 39 2
36 136 2
6 88 1
54 56 2
21 51 2
50 130 1
13 175 2
29 184 1
6 99 1
10 183 2
14 139 1
24 39 2
23 40 2
0 45 2
54 171 2
1 154 1
8 96 2
30 63 2
60 166 2
12 29 2
17 104 1
52 184 2
39 90 2
17 130 2
44 163 2
8 60 2
20 64 2
25 65 2
40 180 1
37 65 2
3 130 2
59 115 2
1 35 2
24 55 2
4 69 2
21 124 2
3 44 2
17 60 2
17 31 2
4 20 2
24 175 1
48 108 2
39 57 2
45 62 2
1 49 2
54 77 2
21 69 1
25 124 1
25 51 2
7 152 2
49 53 2
62 82 2
29 160 1
30 31 2
62 114 2
23 52 2
43 98 1
46 59 2
30 43 2
60 63 2
16 60 2
18 142 1
0 30 2
30 108 2
55 75 1
1 176 2
52 109 1
7 64 2
15 157 1
12 32 2
4 19 2
58 123 2
8 191 2
18 194 2
54 88 2
11 88 2
0 182 2
45 54 2
11 59 2
6 40 2
25 183 2
17 32 2
32 61 2
12 86 2
62 152 1
6 140 2
48 101 2
32 55 2
62 70 1
39 194 1
39 58 2
11 52 2
15 32 2
61 196 1
51 177 1
4 182 1
3 99 2
25 126 2
21 44 2
45 84 2
16 42 2
51 106 2
10 63 2
8 29 2
23 61 2
19 187 2
25 32 2
19 65 2
44 167 2
14 103 1
42 190 2
2 47 2
51 103 2
59 157 2
23 191 2
6 42 2
