% n=180 p=60 d=0.33 p_blue=0.33
% k=0
19 162 1
60 87 2
9 37 2
77 130 2
13 20 2
4 128 2
67 131 2
23 148 2
20 81 2
14 71 2
102 119 2
104 149 1
28 106 2
107 171 1
10 44 2
16 33 2
37 76 2
106 174 1
0 76 2
3 106 2
22 107 2
46 78 2
17 57 2
19 37 2
59 104 2
26 42 2
94 103 2
24 54 2
18 66 2
11 95 2
85 129 1
71 178 1
61 98 2
10 12 2
16 83 2
15 100 2
43 81 2
99 104 2
88 100 2
5 8 2
1 9 2
10 96 2
28 29 2
33 178 1
68 77 2
78 133 1
7 22 2
57 60 2
28 37 2
9 96 2
80 164 1
107 177 1
66 106 2
17 170 1
72 93 2
21 155 1
24 114 2
1 19 2
30 82 2
19 79 2
37 87 2
15 37 2
89 131 2
15 87 2
76 105 2
4 98 2
10 43 2
25 52 2
30 47 2
74 81 2
14 49 2
17 36 2
67 141 1
34 78 2
63 91 2
62 64 2
34 38 2
99 167 1
40 175 1
16 47 2
1 133 1
41 97 2
48 66 2
39 88 2
2 20 2
32 45 2
96 169 1
14 64 2
44 70 2
93 101 2
43 104 2
95 100 2
30 62 2
76 103 2
57 104 2
5 35 2
63 159 1
29 129 1
56 59 2
37 79 2
95 148 1
38 84 2
4 21 2
50 69 2
66 101 2
18 178 1
19 33 2
76 82 2
10 38 2
59 66 2
55 140 1
27 30 2
83 95 2
77 107 2
64 141 1
57 66 2
51 72 2
29 47 2
78 101 2
18 141 2
50 139 1
83 102 2
9 73 2
5 89 2
15 91 2
91 156 1
80 153 1
3 119 2
7 145 1
62 69 2
66 90 2
88 117 1
18 97 2
50 71 2
75 176 1
41 80 2
53 131 2
41 163 2
3 36 2
25 148 1
57 64 2
76 101 2
44 178 1
3 96 2
26 45 2
88 141 1
56 107 2
29 41 2
3 29 2
8 24 2
67 123 1
30 77 2
75 83 2
38 79 2
58 141 2
25 63 2
19 133 1
32 107 2
88 121 1
43 87 2
41 87 2
35 111 1
37 58 2
46 85 2
33 107 2
54 77 2
84 132 1
20 78 2
62 101 2
0 61 2
42 174 2
0 118 1
13 122 1
32 72 2
11 19 2
1 74 2
97 136 1
7 37 2
50 124 1
60 75 2
23 83 2
7 62 2
58 61 2
4 177 1
81 152 2
15 81 2
87 126 1
3 49 2
32 152 2
17 84 2
1 41 2
62 174 1
68 98 2
90 154 2
30 75 2
89 90 2
54 79 2
50 99 2
13 83 2
38 63 2
63 76 2
94 115 2
13 67 2
30 175 1
61 140 1
63 65 2
25 45 2
7 69 2
65 73 2
31 58 2
64 95 2
46 84 2
43 178 2
82 105 2
86 118 1
17 59 2
43 46 2
9 27 2
49 70 2
58 97 2
101 164 1
38 43 2
11 30 2
33 101 2
3 157 1
68 134 1
10 100 2
4 25 2
7 91 2
85 132 2
28 100 2
29 110 1
67 97 2
21 48 2
3 98 2
46 146 1
29 77 2
29 78 2
4 23 2
37 80 2
50 61 2
75 143 1
9 46 2
56 82 2
37 150 1
42 131 1
15 147 2
6 26 2
42 58 2
23 147 1
52 54 2
39 150 1
71 91 2
22 168 1
15 135 1
9 79 2
78 147 2
101 134 1
74 86 2
30 61 2
21 161 2
18 93 2
68 119 1
84 96 2
12 46 2
89 112 1
26 80 2
5 31 2
62 137 1
8 40 2
2 83 2
29 97 2
41 178 1
100 105 2
76 95 2
26 40 2
7 43 2
2 122 1
85 88 2
1 16 2
42 52 2
53 73 2
1 149 1
65 74 2
23 66 2
16 95 2
14 143 1
27 72 2
68 131 2
65 147 1
67 116 1
31 33 2
23 55 2
0 93 2
23 151 1
15 59 2
87 101 2
3 101 2
42 51 2
61 93 2
72 103 2
0 72 2
7 142 1
37 107 2
65 99 2
11 90 2
34 133 1
28 39 2
87 137 1
2 91 2
44 54 2
19 88 2
2 17 2
74 106 2
37 104 2
24 75 2
14 26 2
11 41 2
52 173 1
20 44 2
92 115 1
8 67 2
6 40 2
90 101 2
38 91 2
27 96 2
34 77 2
18 51 2
59 60 2
86 151 1
39 176 1
1 64 2
45 106 2
24 35 2
77 122 1
51 102 2
89 91 2
39 81 2
22 59 2
50 140 2
1 101 2
85 121 2
69 96 2
72 75 2
14 173 1
13 105 2
24 101 2
74 105 2
37 99 2
42 56 2
33 172 1
33 177 2
33 37 2
2 86 2
2 37 2
77 156 1
63 94 2
1 78 2
16 42 2
10 54 2
29 120 1
30 133 1
21 65 2
45 85 2
16 31 2
38 81 2
99 150 1
68 170 1
34 177 1
48 143 1
91 98 2
78 173 1
7 63 2
37 78 2
47 53 2
17 77 2
19 68 2
42 118 2
62 86 2
41 112 2
46 47 2
15 16 2
29 59 2
28 32 2
62 88 2
69 90 2
23 126 2
56 65 2
94 149 2
7 61 2
38 100 2
51 125 1
22 32 2
27 32 2
36 156 1
22 86 2
23 71 2
32 96 2
37 51 2
23 165 2
38 149 2
4 41 2
40 72 2
64 162 2
68 159 1
35 84 2
26 139 1
23 57 2
36 104 2
51 96 2
98 116 1
44 64 2
34 142 2
80 103 2
3 134 1
28 78 2
31 67 2
2 24 2
26 156 2
37 75 2
10 32 2
29 175 1
9 156 2
9 11 2
70 80 2
16 100 2
49 71 2
8 74 2
11 49 2
92 108 2
66 118 2
14 41 2
15 61 2
70 150 1
93 102 2
67 79 2
51 99 2
55 57 2
13 38 2
5 30 2
44 47 2
68 113 1
58 125 2
32 158 2
51 98 2
14 54 2
14 150 2
22 103 2
47 78 2
33 60 2
70 102 2
80 121 1
70 123 2
26 98 2
46 50 2
8 94 2
83 84 2
33 122 1
99 120 1
102 103 2
87 94 2
34 101 2
70 125 2
28 30 2
2 6 2
9 117 1
55 82 2
100 159 1
41 78 2
11 74 2
60 82 2
48 96 2
84 102 2
66 111 1
77 151 2
25 114 1
103 178 1
35 130 2
60 68 2
83 161 1
0 92 2
41 114 1
93 115 1
54 101 2
18 70 2
52 88 2
87 103 2
1 79 2
100 102 2
66 94 2
85 169 1
15 102 2
31 74 2
77 158 2
4 162 1
56 104 2
39 121 1
24 88 2
26 111 1
37 52 2
50 160 1
11 101 2
25 65 2
3 21 2
29 39 2
49 149 2
63 101 2
30 85 2
37 53 2
4 157 1
18 43 2
22 69 2
96 128 1
12 67 2
90 169 1
10 36 2
47 116 1
26 102 2
4 78 2
46 51 2
71 97 2
42 114 1
5 105 2
62 131 1
25 88 2
3 50 2
88 138 1
32 65 2
14 89 2
49 106 2
21 101 2
8 118 1
1 23 2
76 99 2
17 103 2
6 22 2
4 88 2
36 145 1
80 85 2
42 88 2
71 123 2
55 103 2
21 107 2
102 123 2
76 156 1
7 102 2
64 129 1
40 130 1
23 152 1
82 138 1
75 99 2
13 90 2
8 106 2
22 170 2
36 44 2
54 91 2
56 158 2
56 105 2
20 49 2
57 89 2
1 14 2
53 74 2
52 82 2
39 144 2
75 78 2
17 95 2
41 121 1
2 52 2
45 64 2
69 88 2
37 64 2
101 166 2
14 141 1
74 99 2
2 69 2
4 50 2
1 49 2
6 112 1
82 92 2
60 78 2
35 133 1
63 104 2
42 74 2
0 74 2
35 55 2
34 129 1
31 76 2
94 131 2
66 146 1
95 107 2
60 128 2
54 84 2
15 177 2
39 105 2
93 106 2
86 179 1
45 54 2
103 109 2
49 51 2
86 90 2
52 101 2
47 149 2
94 112 2
96 105 2
42 130 1
11 106 2
52 77 2
3 9 2
60 153 2
74 122 2
37 74 2
75 167 1
38 77 2
97 116 1
3 148 1
45 57 2
81 103 2
91 128 1
13 166 1
21 47 2
57 166 1
53 72 2
28 137 1
34 106 2
1 57 2
17 39 2
22 55 2
10 46 2
46 106 2
22 64 2
6 164 2
25 153 1
49 52 2
92 100 2
56 97 2
0 50 2
21 35 2
69 102 2
85 119 1
17 65 2
20 170 1
48 126 1
26 54 2
47 128 1
20 22 2
24 151 2
1 71 2
26 75 2
48 56 2
8 57 2
74 102 2
25 80 2
50 95 2
67 144 1
2 159 2
35 37 2
35 88 2
13 76 2
85 104 2
39 127 1
36 99 2
67 87 2
45 84 2
84 88 2
88 177 1
26 168 1
53 76 2
31 83 2
55 179 1
34 64 2
79 83 2
76 133 1
79 103 2
50 53 2
51 54 2
21 40 2
54 151 2
63 80 2
13 44 2
63 96 2
30 173 1
30 32 2
15 31 2
61 69 2
24 50 2
3 84 2
15 104 2
29 42 2
60 96 2
88 136 1
86 92 2
54 61 2
16 107 2
24 86 2
6 60 2
5 106 2
59 71 2
28 136 2
20 118 1
83 96 2
53 93 2
85 131 1
13 56 2
71 162 1
1 154 1
21 81 2
32 71 2
97 99 2
44 107 2
34 111 1
2 61 2
51 90 2
57 152 1
39 41 2
55 80 2
0 148 1
40 114 1
13 22 2
20 64 2
81 118 2
17 82 2
86 172 1
82 101 2
65 93 2
31 61 2
82 155 2
40 79 2
47 72 2
70 85 2
31 100 2
34 136 1
56 98 2
2 35 2
11 63 2
0 141 1
4 64 2
69 130 1
80 144 1
43 125 1
40 92 2
0 19 2
15 88 2
39 76 2
14 167 1
11 32 2
1 152 2
18 73 2
57 88 2
61 132 2
67 111 2
10 13 2
68 71 2
17 152 1
17 81 2
92 159 1
37 66 2
23 176 1
74 101 2
17 30 2
77 105 2
35 61 2
50 176 1
83 143 1
10 63 2
87 165 2
32 33 2
96 148 1
10 22 2
73 147 2
78 92 2
5 88 2
96 130 1
39 91 2
2 10 2
14 63 2
11 96 2
73 144 2
34 144 2
0 29 2
13 18 2
42 57 2
52 177 1
53 141 2
69 72 2
63 64 2
25 139 1
94 155 1
11 75 2
5 55 2
28 89 2
73 80 2
15 23 2
58 142 1
61 66 2
82 159 1
48 145 1
32 51 2
58 159 1
71 82 2
54 73 2
11 84 2
82 98 2
61 89 2
2 8 2
9 99 2
18 39 2
8 88 2
83 167 1
22 93 2
17 106 2
27 123 1
22 95 2
81 83 2
9 20 2
63 74 2
68 93 2
51 174 1
64 82 2
64 102 2
72 94 2
37 39 2
22 40 2
62 95 2
49 53 2
24 36 2
38 89 2
34 37 2
85 177 2
32 172 1
4 144 1
19 80 2
79 166 1
23 69 2
41 82 2
43 162 2
21 77 2
71 165 1
41 91 2
74 79 2
82 99 2
53 103 2
7 87 2
92 171 2
3 5 2
71 98 2
61 131 2
36 124 2
36 175 1
46 130 1
6 43 2
3 38 2
13 101 2
25 70 2
33 115 1
10 15 2
52 100 2
53 83 2
77 135 1
84 86 2
54 120 1
9 179 2
34 91 2
98 102 2
7 59 2
36 147 1
23 123 2
39 86 2
107 136 1
83 135 2
11 28 2
59 61 2
30 53 2
53 143 2
29 64 2
57 69 2
9 124 1
76 79 2
23 118 2
49 128 1
65 87 2
12 100 2
69 164 1
86 105 2
45 58 2
21 28 2
98 110 2
73 83 2
24 67 2
12 33 2
19 38 2
23 161 2
25 101 2
90 103 2
82 139 1
13 33 2
12 16 2
35 83 2
45 75 2
36 98 2
12 107 2
8 39 2
29 43 2
37 126 1
9 56 2
44 132 1
25 47 2
6 19 2
14 107 2
58 104 2
70 137 2
32 169 2
41 70 2
42 129 1
33 53 2
43 58 2
21 159 1
70 94 2
6 119 1
60 100 2
72 105 2
3 58 2
16 179 2
47 58 2
5 104 2
1 31 2
47 71 2
0 10 2
34 53 2
7 154 1
13 103 2
33 59 2
107 127 1
106 166 1
11 164 1
7 41 2
16 17 2
91 138 1
9 68 2
8 122 1
0 102 2
14 74 2
50 161 1
14 44 2
55 144 1
2 33 2
12 47 2
25 143 2
20 23 2
91 129 2
49 159 1
34 159 1
43 47 2
45 87 2
22 90 2
44 57 2
4 82 2
2 46 2
48 106 2
47 54 2
66 79 2
83 159 2
19 164 1
58 121 1
95 103 2
2 77 2
70 91 2
13 71 2
48 77 2
76 165 1
60 62 2
73 104 2
94 177 1
13 79 2
94 161 1
81 135 1
84 100 2
42 48 2
39 122 1
28 86 2
43 95 2
107 117 2
70 129 1
14 51 2
84 90 2
20 86 2
81 86 2
64 172 1
21 151 2
32 75 2
90 93 2
16 77 2
67 93 2
19 49 2
20 29 2
33 87 2
20 36 2
13 106 2
0 3 2
72 79 2
6 58 2
29 79 2
64 78 2
40 48 2
12 134 1
5 87 2
17 75 2
31 131 1
13 96 2
6 87 2
56 71 2
0 33 2
0 103 2
7 50 2
70 143 2
89 120 2
7 84 2
10 98 2
6 37 2
49 100 2
57 76 2
44 146 1
0 18 2
15 174 2
12 95 2
18 23 2
25 99 2
44 56 2
17 98 2
86 89 2
35 92 2
35 89 2
4 172 1
69 132 2
52 96 2
34 68 2
31 51 2
71 117 1
20 88 2
52 61 2
40 74 2
3 60 2
82 163 1
32 93 2
78 96 2
36 80 2
15 143 1
16 79 2
14 101 2
69 94 2
0 133 1
55 65 2
37 163 1
35 99 2
25 176 2
4 47 2
41 65 2
43 144 1
39 101 2
39 59 2
17 55 2
45 102 2
2 106 2
44 101 2
29 99 2
30 166 1
34 57 2
49 62 2
94 100 2
97 145 1
31 32 2
21 87 2
32 63 2
20 26 2
3 24 2
11 89 2
75 128 2
8 129 1
17 40 2
53 105 2
33 94 2
15 89 2
64 105 2
39 131 1
10 83 2
19 24 2
69 124 2
35 62 2
91 123 1
4 38 2
46 71 2
17 20 2
6 77 2
10 41 2
20 174 2
24 46 2
58 93 2
67 76 2
5 96 2
100 134 2
46 88 2
32 104 2
29 60 2
6 38 2
25 69 2
54 67 2
48 54 2
36 76 2
47 86 2
15 115 1
9 140 1
48 104 2
64 167 2
2 49 2
14 112 1
40 93 2
18 154 2
75 81 2
41 63 2
73 125 1
28 47 2
55 84 2
16 18 2
39 61 2
43 154 1
8 127 1
58 175 2
2 123 1
21 32 2
58 78 2
49 99 2
49 89 2
85 86 2
89 103 2
48 101 2
20 176 1
4 106 2
88 125 1
41 58 2
69 168 2
44 83 2
42 49 2
53 150 1
31 68 2
37 88 2
31 80 2
18 150 2
20 60 2
45 67 2
76 116 1
90 135 2
12 88 2
18 27 2
56 85 2
63 129 1
46 129 1
12 77 2
34 98 2
77 169 1
8 171 2
44 138 1
1 67 2
33 66 2
22 158 1
19 55 2
92 105 2
40 134 2
0 100 2
99 102 2
100 109 1
48 59 2
12 103 2
45 169 1
71 131 1
14 81 2
52 57 2
56 100 2
90 119 2
43 131 2
14 36 2
70 93 2
27 74 2
8 50 2
67 78 2
50 171 1
6 75 2
11 85 2
52 72 2
13 21 2
78 145 1
88 99 2
88 104 2
41 158 1
17 76 2
60 131 1
14 114 2
71 99 2
31 92 2
28 116 1
31 90 2
66 67 2
15 39 2
8 10 2
66 68 2
3 146 2
16 104 2
31 85 2
17 136 1
5 40 2
47 121 2
1 6 2
34 74 2
32 176 1
105 106 2
74 123 1
102 177 2
13 16 2
23 48 2
44 77 2
23 100 2
71 102 2
67 140 1
53 89 2
50 77 2
77 164 1
22 84 2
22 83 2
33 91 2
63 87 2
49 121 2
38 75 2
15 90 2
65 134 2
12 24 2
32 86 2
33 121 1
57 95 2
6 63 2
74 172 1
19 92 2
77 92 2
15 34 2
17 80 2
39 89 2
48 55 2
1 33 2
62 98 2
49 103 2
15 157 2
17 148 1
64 90 2
72 82 2
88 178 1
87 134 1
28 93 2
67 68 2
13 92 2
58 73 2
31 101 2
28 115 1
22 56 2
29 76 2
102 155 1
47 112 1
36 48 2
71 145 1
3 8 2
24 73 2
27 43 2
60 160 1
41 85 2
26 177 1
6 90 2
23 31 2
80 175 1
15 95 2
58 75 2
6 159 1
54 86 2
70 148 2
89 172 1
25 156 1
18 33 2
73 106 2
9 78 2
16 98 2
21 49 2
30 80 2
64 108 1
4 70 2
26 169 1
14 166 1
1 5 2
15 86 2
77 166 2
52 90 2
55 66 2
30 81 2
56 61 2
14 59 2
12 30 2
43 44 2
101 107 2
12 59 2
78 89 2
13 107 2
50 51 2
26 163 2
32 70 2
78 108 1
22 50 2
90 105 2
12 83 2
20 98 2
93 96 2
56 169 1
15 26 2
38 172 1
68 76 2
1 3 2
9 52 2
55 89 2
0 55 2
65 85 2
27 48 2
29 40 2
93 113 2
9 92 2
106 117 1
11 59 2
7 45 2
44 93 2
26 85 2
76 130 1
24 84 2
61 73 2
67 153 2
104 179 1
8 79 2
41 103 2
39 97 2
79 105 2
105 137 1
55 170 1
75 130 1
68 178 1
42 109 1
33 123 2
8 83 2
6 9 2
80 167 1
63 166 1
63 92 2
6 140 1
9 69 2
51 69 2
20 34 2
32 35 2
13 30 2
55 76 2
25 109 2
47 63 2
72 97 2
38 42 2
45 82 2
77 111 1
105 148 1
92 99 2
37 86 2
62 80 2
36 149 1
9 25 2
85 139 1
36 59 2
84 147 1
35 119 2
66 96 2
63 67 2
94 120 1
44 105 2
56 125 1
23 36 2
68 102 2
105 164 1
37 109 2
90 159 1
24 138 1
12 61 2
60 76 2
5 39 2
100 144 1
65 97 2
60 102 2
14 104 2
2 5 2
2 105 2
14 22 2
39 94 2
15 70 2
87 93 2
41 118 2
54 130 2
8 148 2
50 70 2
1 104 2
13 176 2
107 170 1
57 108 2
100 163 1
23 156 1
65 68 2
26 86 2
9 57 2
11 125 1
3 51 2
50 65 2
88 166 1
13 63 2
14 106 2
18 21 2
45 108 1
6 95 2
31 87 2
8 59 2
21 69 2
68 100 2
17 115 2
81 102 2
23 25 2
8 78 2
95 168 1
47 59 2
20 69 2
9 23 2
29 84 2
8 71 2
55 87 2
18 67 2
41 122 1
2 19 2
59 68 2
3 40 2
10 126 2
26 60 2
64 65 2
34 55 2
54 127 1
19 29 2
18 72 2
60 84 2
9 162 1
49 57 2
25 132 1
11 70 2
39 77 2
49 92 2
71 85 2
47 89 2
50 60 2
104 122 2
69 83 2
0 67 2
65 84 2
47 107 2
4 97 2
31 44 2
102 141 1
15 21 2
5 9 2
2 68 2
88 105 2
43 62 2
74 100 2
41 51 2
18 34 2
58 172 1
9 39 2
38 135 2
16 51 2
28 41 2
35 52 2
72 90 2
58 90 2
60 71 2
15 167 2
63 162 1
81 106 2
27 64 2
63 89 2
99 100 2
20 37 2
31 94 2
8 47 2
23 96 2
14 67 2
52 97 2
45 97 2
54 104 2
101 173 1
50 86 2
67 73 2
25 142 1
54 89 2
72 158 1
60 98 2
2 12 2
54 144 1
24 83 2
106 163 2
58 95 2
25 170 1
40 45 2
29 95 2
25 91 2
23 146 1
76 153 2
81 112 1
28 165 2
20 150 1
32 69 2
17 45 2
61 83 2
56 80 2
21 86 2
90 92 2
72 102 2
23 24 2
20 113 1
6 55 2
51 76 2
98 171 2
29 33 2
24 80 2
95 177 2
71 75 2
1 86 2
64 67 2
54 105 2
19 89 2
61 82 2
19 111 1
14 96 2
37 106 2
47 157 2
40 151 1
15 72 2
15 29 2
47 179 1
60 134 1
65 172 2
80 125 2
4 79 2
72 89 2
19 97 2
2 96 2
1 28 2
2 66 2
25 28 2
101 122 1
86 87 2
22 66 2
76 88 2
9 24 2
12 75 2
46 176 1
9 63 2
72 143 1
9 44 2
80 119 2
15 172 1
2 103 2
102 160 2
68 123 1
67 175 1
55 85 2
7 171 2
62 76 2
0 6 2
47 62 2
13 143 1
89 130 2
34 36 2
53 79 2
61 76 2
59 95 2
71 79 2
12 86 2
28 156 1
42 92 2
47 73 2
29 55 2
8 105 2
11 170 2
59 69 2
2 82 2
11 35 2
51 117 1
68 175 2
7 13 2
72 80 2
25 36 2
61 127 1
14 131 1
22 57 2
101 148 1
14 72 2
63 82 2
45 128 1
76 144 2
35 104 2
58 99 2
24 30 2
38 104 2
60 99 2
23 80 2
33 47 2
14 85 2
16 103 2
9 77 2
13 95 2
46 149 1
11 12 2
106 124 1
7 153 2
10 47 2
70 78 2
7 35 2
16 38 2
10 171 1
36 97 2
47 93 2
42 107 2
19 30 2
16 39 2
99 124 1
42 138 1
9 64 2
58 178 1
17 42 2
46 133 1
83 97 2
8 160 1
9 49 2
56 81 2
23 90 2
9 153 2
48 89 2
11 72 2
76 96 2
25 152 1
73 105 2
107 166 1
32 73 2
73 100 2
53 174 2
4 51 2
45 48 2
89 107 2
58 86 2
14 98 2
32 87 2
53 142 1
18 49 2
19 57 2
19 70 2
8 15 2
78 97 2
14 92 2
77 102 2
9 87 2
42 95 2
51 52 2
36 56 2
61 96 2
18 22 2
33 35 2
66 87 2
38 94 2
36 112 1
50 102 2
41 96 2
15 63 2
22 35 2
25 50 2
53 91 2
27 28 2
80 97 2
17 140 1
64 111 1
27 37 2
9 34 2
44 98 2
26 33 2
53 94 2
14 151 1
58 70 2
27 100 2
23 129 1
19 53 2
90 99 2
98 121 1
63 85 2
25 76 2
54 98 2
49 91 2
96 124 1
29 123 1
52 92 2
59 87 2
30 91 2
65 132 1
28 117 1
50 84 2
90 176 2
70 73 2
102 109 2
71 94 2
30 135 1
45 63 2
27 71 2
10 80 2
3 95 2
80 90 2
39 172 2
83 138 1
74 88 2
4 81 2
68 86 2
85 179 2
17 102 2
87 92 2
68 73 2
33 52 2
41 107 2
51 65 2
8 80 2
62 77 2
80 106 2
85 145 1
26 97 2
1 72 2
21 25 2
35 70 2
59 70 2
54 66 2
68 72 2
53 71 2
67 119 1
105 167 1
37 149 1
2 174 1
23 107 2
56 86 2
3 78 2
8 104 2
67 88 2
40 89 2
97 129 1
26 48 2
12 155 1
82 102 2
16 24 2
35 64 2
54 140 1
90 95 2
94 135 1
27 56 2
13 45 2
49 74 2
33 71 2
80 168 1
8 13 2
90 115 1
16 69 2
57 70 2
98 119 1
38 72 2
19 47 2
13 118 2
22 67 2
48 60 2
66 168 1
68 106 2
2 164 2
29 51 2
93 169 2
23 35 2
34 94 2
18 60 2
91 104 2
43 114 2
43 72 2
63 122 1
27 53 2
79 82 2
14 35 2
69 100 2
5 161 1
19 173 1
46 92 2
30 67 2
14 97 2
21 89 2
44 76 2
53 75 2
63 106 2
16 58 2
13 48 2
19 179 1
48 52 2
28 81 2
19 81 2
38 64 2
38 48 2
85 93 2
6 54 2
3 23 2
5 48 2
28 94 2
33 86 2
17 177 2
55 106 2
77 93 2
51 93 2
54 107 2
77 104 2
2 44 2
0 11 2
18 103 2
17 87 2
12 31 2
21 150 1
36 88 2
28 96 2
68 82 2
103 144 2
89 126 1
25 85 2
66 141 2
49 118 1
24 33 2
13 57 2
33 46 2
82 91 2
55 61 2
13 58 2
55 58 2
33 67 2
10 169 1
3 65 2
98 146 1
104 120 2
43 106 2
18 26 2
11 81 2
40 145 2
67 107 2
71 73 2
35 65 2
75 100 2
68 95 2
13 52 2
6 7 2
42 63 2
68 153 1
5 80 2
91 148 2
78 174 1
78 176 2
26 50 2
40 81 2
11 29 2
54 100 2
24 68 2
100 104 2
69 82 2
86 93 2
23 105 2
5 93 2
85 147 1
9 62 2
6 120 2
22 111 1
26 30 2
14 86 2
9 47 2
20 92 2
21 36 2
30 52 2
57 77 2
88 143 1
4 26 2
20 54 2
24 90 2
24 57 2
82 140 1
21 64 2
53 102 2
24 82 2
45 52 2
3 102 2
8 84 2
54 60 2
17 89 2
67 161 1
8 35 2
34 132 1
49 63 2
65 67 2
93 131 1
68 78 2
84 158 1
73 95 2
0 156 1
4 6 2
28 105 2
64 68 2
89 140 1
19 83 2
12 128 2
0 59 2
61 81 2
89 166 2
89 94 2
31 173 1
62 81 2
46 118 1
33 112 2
101 150 1
52 98 2
66 81 2
45 73 2
49 68 2
1 65 2
4 89 2
54 92 2
20 85 2
57 135 1
42 170 1
53 56 2
18 40 2
100 156 2
30 64 2
4 170 2
2 167 1
26 81 2
64 79 2
56 94 2
5 98 2
32 49 2
9 32 2
84 95 2
10 91 2
15 93 2
48 129 1
7 128 1
61 75 2
2 153 2
16 102 2
29 66 2
53 101 2
7 32 2
38 121 1
3 110 1
20 25 2
59 166 1
93 147 2
20 31 2
55 99 2
22 129 2
91 121 1
16 128 1
0 75 2
40 63 2
42 79 2
68 69 2
27 35 2
54 75 2
0 37 2
0 94 2
8 52 2
91 102 2
39 104 2
26 51 2
44 75 2
7 64 2
20 39 2
22 116 1
39 72 2
9 98 2
14 33 2
72 104 2
4 134 1
62 78 2
4 27 2
36 46 2
87 158 1
93 97 2
41 90 2
5 137 2
27 86 2
66 95 2
2 88 2
44 100 2
11 88 2
5 107 2
44 102 2
9 126 2
21 26 2
65 173 2
44 72 2
88 95 2
4 71 2
12 140 1
13 35 2
8 41 2
85 103 2
7 93 2
3 94 2
13 93 2
99 172 1
26 149 1
6 28 2
21 93 2
83 93 2
75 159 1
14 20 2
21 149 2
4 52 2
69 86 2
106 129 1
47 160 1
7 49 2
24 37 2
11 131 1
46 138 1
14 178 1
26 176 1
44 78 2
61 80 2
13 69 2
5 163 2
36 71 2
66 83 2
11 93 2
33 82 2
86 122 1
105 142 1
9 15 2
23 38 2
21 33 2
23 60 2
54 58 2
39 53 2
8 109 1
45 90 2
29 36 2
0 17 2
62 71 2
59 148 1
71 106 2
2 13 2
35 56 2
9 152 1
15 92 2
9 166 1
36 64 2
26 103 2
84 164 2
48 65 2
57 75 2
72 174 1
8 163 2
3 42 2
33 58 2
38 150 1
38 92 2
68 89 2
11 46 2
61 92 2
65 102 2
16 151 1
39 84 2
11 51 2
50 107 2
17 104 2
37 122 1
11 31 2
13 36 2
55 64 2
33 34 2
45 162 1
22 23 2
70 171 2
59 80 2
42 61 2
54 88 2
2 84 2
105 153 2
53 70 2
62 115 2
1 8 2
15 97 2
39 48 2
63 66 2
62 121 1
61 77 2
83 123 1
89 93 2
84 91 2
83 158 1
26 82 2
55 83 2
84 120 1
39 96 2
105 111 1
36 93 2
89 133 1
79 155 1
55 160 1
22 79 2
31 42 2
40 53 2
31 84 2
77 90 2
62 135 2
11 123 1
50 138 1
38 50 2
11 26 2
10 120 1
28 49 2
21 57 2
65 79 2
15 75 2
32 76 2
51 78 2
15 55 2
9 30 2
95 160 1
76 89 2
27 70 2
72 136 1
32 52 2
36 50 2
32 98 2
3 16 2
54 62 2
88 126 2
11 58 2
74 109 1
31 105 2
67 137 1
3 137 2
63 72 2
89 177 2
13 134 2
23 26 2
61 168 1
73 167 1
63 105 2
20 27 2
102 171 2
46 101 2
3 56 2
6 16 2
29 177 1
86 132 1
30 176 2
1 171 1
34 35 2
9 169 1
0 48 2
53 128 1
52 83 2
43 63 2
51 61 2
58 174 2
25 57 2
24 25 2
37 155 1
14 100 2
73 169 1
41 66 2
94 98 2
25 41 2
62 151 2
90 133 2
39 46 2
22 88 2
93 134 1
9 61 2
67 70 2
10 49 2
39 135 2
70 155 1
62 116 1
20 48 2
31 169 2
92 98 2
31 43 2
3 74 2
16 71 2
31 57 2
53 114 1
25 94 2
47 87 2
8 141 2
73 88 2
43 74 2
83 162 1
38 68 2
10 31 2
70 100 2
15 103 2
13 60 2
51 77 2
17 44 2
16 48 2
24 142 1
51 100 2
41 148 2
27 69 2
14 82 2
94 123 1
33 110 1
27 47 2
53 67 2
77 84 2
57 106 2
77 78 2
0 168 2
19 139 2
9 177 2
37 96 2
39 49 2
57 85 2
5 70 2
103 111 1
8 26 2
8 111 2
26 90 2
35 178 1
26 116 1
34 146 1
22 48 2
55 79 2
37 48 2
13 28 2
63 178 1
21 113 1
9 31 2
55 72 2
1 46 2
75 91 2
4 90 2
2 93 2
7 14 2
61 74 2
8 167 2
0 2 2
40 46 2
16 76 2
48 98 2
6 128 1
22 91 2
71 124 2
40 87 2
13 59 2
33 65 2
87 90 2
44 49 2
68 140 1
39 79 2
62 102 2
20 179 1
47 66 2
72 95 2
33 85 2
31 65 2
46 60 2
68 92 2
82 95 2
45 60 2
15 25 2
22 81 2
50 94 2
63 77 2
100 130 2
37 135 1
49 105 2
28 147 1
77 80 2
16 115 1
59 86 2
59 125 1
2 90 2
83 85 2
6 117 1
45 104 2
4 107 2
5 66 2
10 40 2
26 104 2
35 38 2
29 69 2
59 130 1
43 84 2
39 160 1
4 13 2
3 71 2
45 92 2
94 96 2
24 87 2
61 62 2
38 76 2
38 82 2
20 38 2
39 78 2
96 177 1
2 125 1
104 142 2
43 90 2
59 120 2
73 102 2
36 179 1
93 173 1
59 106 2
8 179 1
14 171 1
52 75 2
19 48 2
61 165 1
55 138 1
38 78 2
93 126 1
69 157 2
49 125 2
4 11 2
37 56 2
86 161 2
4 122 1
19 114 1
95 101 2
11 54 2
81 94 2
9 53 2
46 100 2
41 52 2
57 63 2
51 84 2
67 81 2
87 152 1
20 74 2
11 86 2
6 104 2
52 86 2
37 91 2
20 95 2
58 67 2
101 130 2
10 59 2
44 87 2
11 55 2
26 129 1
47 169 1
7 164 2
24 76 2
63 90 2
26 43 2
23 109 1
1 87 2
14 154 2
22 89 2
57 79 2
9 10 2
23 89 2
58 63 2
65 114 1
88 97 2
42 80 2
69 95 2
88 98 2
11 87 2
24 97 2
102 131 1
54 55 2
21 62 2
43 96 2
32 175 2
54 69 2
0 25 2
11 34 2
14 90 2
83 146 2
10 97 2
48 122 1
6 32 2
7 38 2
3 135 1
99 165 1
35 51 2
21 173 1
5 69 2
9 12 2
85 94 2
16 152 2
14 25 2
104 116 2
28 31 2
48 70 2
24 59 2
83 163 1
47 80 2
22 61 2
55 115 2
25 29 2
34 39 2
60 167 2
29 137 1
1 24 2
22 44 2
52 78 2
28 50 2
30 58 2
33 148 1
86 94 2
59 115 1
10 66 2
74 168 2
12 62 2
20 45 2
47 175 2
8 54 2
40 161 1
97 172 1
70 96 2
104 134 2
9 38 2
51 103 2
73 84 2
50 164 1
88 161 1
39 75 2
71 92 2
64 83 2
17 91 2
8 123 1
39 64 2
51 120 1
86 106 2
85 144 1
0 77 2
89 171 1
50 80 2
79 149 1
46 91 2
52 70 2
37 49 2
36 68 2
8 64 2
55 101 2
13 165 1
87 106 2
62 87 2
96 131 1
84 97 2
1 40 2
46 103 2
65 133 1
19 95 2
40 177 1
38 105 2
22 76 2
55 88 2
70 72 2
9 60 2
47 75 2
13 128 1
11 76 2
15 54 2
43 88 2
34 69 2
8 20 2
33 129 1
68 87 2
64 84 2
25 159 2
74 91 2
43 166 1
25 140 2
26 79 2
28 132 1
25 44 2
34 60 2
45 55 2
39 95 2
91 97 2
58 76 2
0 89 2
48 64 2
43 174 1
93 95 2
25 81 2
13 126 2
57 178 1
5 77 2
33 95 2
36 92 2
74 93 2
83 88 2
23 62 2
29 46 2
40 69 2
44 153 2
41 105 2
40 157 1
27 87 2
14 40 2
79 152 1
6 107 2
59 128 1
43 86 2
84 98 2
22 68 2
35 152 1
12 146 1
77 81 2
79 91 2
19 39 2
56 162 1
69 98 2
98 124 1
75 85 2
38 52 2
17 37 2
35 44 2
99 141 1
39 63 2
61 114 2
79 121 1
46 79 2
85 118 2
36 57 2
76 97 2
27 101 2
7 28 2
1 106 2
35 131 2
12 159 1
25 103 2
46 141 2
12 92 2
10 35 2
85 105 2
56 69 2
82 89 2
60 74 2
98 106 2
95 118 2
5 20 2
10 30 2
54 94 2
22 41 2
0 106 2
9 54 2
37 162 1
4 24 2
12 43 2
2 21 2
52 107 2
105 107 2
12 82 2
86 128 2
38 155 1
40 100 2
62 92 2
80 169 1
15 46 2
1 148 1
74 112 1
4 36 2
3 59 2
4 16 2
28 64 2
12 70 2
21 68 2
67 86 2
85 134 1
35 39 2
13 102 2
17 54 2
107 120 1
19 50 2
32 156 1
55 59 2
15 49 2
38 148 1
67 170 2
39 40 2
29 91 2
44 61 2
33 98 2
1 178 1
45 61 2
86 137 2
40 70 2
100 149 1
78 79 2
13 160 2
31 36 2
0 1 2
23 59 2
73 85 2
49 136 1
91 131 2
5 11 2
27 45 2
70 159 1
15 98 2
84 171 1
15 131 1
83 105 2
15 96 2
23 98 2
81 91 2
98 164 1
57 117 1
14 77 2
88 91 2
84 101 2
36 62 2
49 56 2
25 54 2
25 107 2
21 97 2
4 87 2
2 172 2
30 68 2
54 70 2
16 124 1
21 53 2
38 66 2
13 37 2
50 81 2
5 60 2
6 127 2
44 79 2
34 76 2
45 81 2
40 104 2
13 111 1
71 109 2
0 14 2
17 141 1
17 56 2
24 27 2
19 25 2
37 94 2
67 99 2
31 41 2
19 99 2
40 54 2
79 162 2
21 46 2
12 36 2
26 178 1
7 52 2
14 133 1
73 93 2
60 85 2
21 74 2
39 93 2
2 22 2
72 160 1
10 107 2
5 73 2
83 86 2
20 43 2
10 64 2
3 90 2
23 91 2
30 41 2
12 87 2
18 81 2
48 57 2
34 43 2
44 94 2
102 130 1
18 80 2
19 135 1
5 19 2
1 160 2
15 32 2
47 83 2
3 73 2
64 81 2
32 95 2
47 56 2
5 159 2
57 101 2
51 175 1
65 72 2
50 66 2
94 143 1
19 96 2
13 51 2
33 69 2
70 88 2
22 121 2
15 40 2
52 87 2
58 98 2
71 164 1
87 139 1
64 92 2
78 86 2
39 44 2
62 136 1
34 47 2
53 87 2
91 133 2
105 117 1
22 25 2
41 142 1
29 98 2
88 92 2
3 91 2
15 38 2
11 99 2
95 151 2
38 96 2
42 147 1
4 73 2
1 88 2
21 23 2
23 61 2
8 97 2
30 107 2
58 119 1
47 100 2
7 86 2
72 81 2
48 61 2
11 104 2
28 131 2
17 83 2
21 88 2
34 66 2
23 177 1
46 48 2
54 173 1
7 120 2
6 17 2
15 80 2
41 67 2
47 81 2
29 71 2
69 107 2
89 164 1
73 90 2
10 90 2
12 25 2
100 108 2
68 117 1
7 134 1
75 118 2
57 153 2
10 58 2
100 177 1
47 98 2
82 103 2
1 37 2
100 106 2
5 15 2
17 101 2
16 74 2
32 82 2
78 95 2
42 172 1
14 83 2
17 107 2
26 87 2
11 53 2
79 89 2
46 62 2
4 101 2
64 103 2
81 93 2
21 135 1
85 89 2
66 103 2
62 106 2
60 171 1
104 154 2
86 88 2
9 21 2
18 85 2
58 84 2
4 15 2
10 20 2
18 99 2
63 117 1
45 111 1
26 67 2
42 73 2
86 121 1
30 70 2
64 160 2
62 105 2
3 14 2
75 88 2
39 60 2
36 171 1
65 106 2
27 82 2
1 155 1
16 61 2
20 24 2
41 46 2
11 159 1
15 53 2
24 104 2
2 54 2
39 66 2
37 62 2
84 94 2
13 159 1
86 162 1
55 113 1
53 82 2
30 43 2
16 97 2
46 140 1
95 175 2
38 62 2
83 89 2
48 151 1
8 70 2
42 178 2
11 61 2
58 80 2
1 15 2
38 80 2
85 126 1
55 135 1
16 86 2
59 75 2
8 63 2
48 175 1
104 178 1
88 103 2
106 140 1
59 101 2
58 103 2
49 67 2
63 107 2
56 60 2
37 69 2
36 70 2
15 118 1
12 164 1
10 18 2
104 123 2
66 114 2
16 68 2
51 172 2
19 146 1
39 69 2
32 177 1
10 84 2
30 117 2
99 105 2
41 48 2
48 108 2
48 119 2
57 65 2
43 107 2
28 65 2
5 118 2
51 97 2
75 96 2
73 96 2
35 66 2
34 49 2
5 10 2
62 104 2
20 106 2
22 162 1
17 43 2
76 90 2
1 26 2
55 75 2
73 101 2
40 61 2
43 94 2
47 85 2
3 87 2
61 115 1
34 105 2
72 73 2
17 90 2
46 94 2
25 84 2
33 73 2
1 12 2
54 115 2
53 154 1
6 44 2
2 163 1
41 68 2
82 161 2
59 143 2
39 165 1
2 170 1
79 95 2
55 94 2
31 38 2
69 165 1
91 101 2
4 5 2
55 161 1
80 104 2
30 74 2
52 109 2
39 112 1
33 51 2
9 109 1
28 34 2
105 120 1
4 32 2
7 132 2
53 59 2
63 125 1
57 92 2
14 47 2
61 95 2
24 99 2
33 89 2
58 101 2
47 92 2
88 171 2
107 142 1
49 77 2
46 56 2
36 110 2
85 112 2
52 125 1
22 31 2
75 110 1
26 96 2
14 91 2
56 90 2
29 96 2
1 68 2
2 11 2
0 20 2
37 103 2
42 77 2
38 74 2
24 43 2
24 127 2
32 155 1
20 61 2
29 67 2
101 161 1
41 98 2
21 114 1
42 66 2
25 163 1
7 74 2
21 38 2
28 40 2
21 104 2
69 110 1
24 105 2
46 59 2
67 135 2
13 73 2
54 68 2
75 154 2
34 102 2
16 113 1
101 124 1
57 133 2
60 90 2
84 92 2
46 172 2
11 22 2
96 176 1
48 157 1
53 177 1
33 97 2
19 20 2
78 127 2
58 64 2
9 14 2
6 53 2
100 117 1
106 152 1
62 93 2
78 150 2
52 55 2
26 84 2
19 109 1
89 148 1
33 74 2
68 74 2
83 104 2
44 50 2
46 57 2
57 61 2
15 62 2
74 138 2
37 55 2
6 66 2
75 148 2
38 122 1
7 105 2
36 39 2
38 162 1
51 157 2
17 138 1
39 50 2
33 160 1
35 153 1
65 92 2
15 50 2
17 97 2
34 86 2
72 85 2
58 164 2
37 63 2
85 138 2
51 56 2
17 137 1
10 101 2
25 96 2
5 75 2
3 48 2
2 57 2
2 18 2
65 100 2
47 103 2
13 29 2
65 82 2
25 71 2
30 46 2
0 54 2
103 128 1
1 150 2
37 46 2
33 56 2
26 94 2
107 113 2
62 94 2
63 108 1
4 62 2
65 95 2
79 102 2
40 57 2
64 177 2
14 62 2
101 120 1
20 152 2
35 41 2
32 91 2
95 167 1
18 57 2
86 91 2
61 78 2
40 62 2
23 46 2
42 59 2
19 45 2
47 94 2
59 82 2
81 85 2
43 141 1
5 45 2
62 74 2
28 91 2
79 113 1
9 71 2
99 106 2
98 160 1
35 105 2
59 81 2
12 104 2
41 100 2
4 143 1
65 70 2
57 67 2
69 138 1
43 67 2
30 42 2
10 93 2
12 50 2
18 37 2
35 76 2
33 156 2
66 70 2
106 108 1
18 92 2
74 78 2
25 61 2
87 91 2
24 160 2
24 31 2
58 127 2
1 38 2
32 55 2
52 147 2
67 157 1
50 174 1
32 106 2
41 169 1
21 171 2
6 80 2
40 85 2
46 99 2
78 154 1
15 165 1
8 150 1
17 70 2
20 28 2
0 88 2
92 153 1
62 75 2
63 134 1
65 135 1
27 147 2
25 68 2
100 101 2
11 24 2
67 94 2
102 150 1
4 53 2
22 42 2
0 86 2
53 95 2
10 65 2
82 87 2
27 115 2
41 104 2
31 89 2
25 58 2
49 72 2
46 132 1
2 50 2
38 99 2
6 56 2
6 71 2
74 82 2
27 50 2
105 155 1
34 176 1
52 99 2
70 104 2
21 160 1
37 170 2
21 31 2
2 81 2
55 105 2
39 55 2
16 43 2
40 143 1
41 42 2
13 94 2
9 13 2
31 72 2
3 44 2
24 148 2
54 103 2
65 131 1
17 38 2
35 142 1
69 111 1
61 94 2
12 116 1
7 137 1
2 55 2
6 150 1
65 167 1
6 94 2
77 140 2
87 108 1
42 54 2
16 65 2
69 148 1
47 163 2
2 85 2
4 105 2
78 104 2
35 71 2
21 100 2
2 9 2
4 175 1
97 135 1
36 91 2
10 73 2
0 13 2
35 140 1
40 86 2
17 62 2
54 82 2
72 101 2
5 46 2
7 112 2
52 157 1
31 121 1
45 49 2
32 43 2
7 17 2
12 171 2
101 140 1
69 104 2
20 68 2
28 80 2
57 157 2
33 146 2
29 104 2
52 68 2
97 179 1
16 80 2
26 52 2
8 92 2
73 123 2
40 77 2
47 95 2
19 104 2
34 109 2
38 98 2
0 60 2
34 82 2
0 81 2
29 48 2
19 86 2
4 118 1
72 99 2
42 103 2
21 172 2
27 42 2
74 111 2
29 88 2
43 75 2
12 21 2
30 160 1
59 74 2
28 70 2
64 75 2
61 126 1
42 99 2
8 103 2
43 150 1
0 127 2
13 39 2
32 62 2
4 100 2
5 157 1
34 48 2
45 176 1
91 99 2
72 115 2
62 126 1
42 82 2
12 57 2
37 174 2
21 70 2
20 83 2
12 48 2
2 101 2
2 79 2
25 38 2
28 138 1
36 157 2
44 86 2
98 141 2
30 33 2
18 47 2
62 63 2
5 32 2
29 102 2
50 62 2
51 81 2
7 169 1
16 72 2
16 87 2
12 74 2
82 157 2
56 96 2
20 21 2
10 70 2
78 94 2
48 88 2
53 158 1
21 73 2
1 56 2
14 27 2
32 53 2
83 157 1
2 39 2
53 137 1
91 100 2
45 99 2
10 86 2
12 72 2
32 79 2
102 158 1
78 81 2
4 166 2
0 161 1
9 160 1
4 72 2
21 84 2
2 63 2
26 95 2
2 78 2
22 78 2
36 139 2
103 129 2
9 29 2
14 28 2
25 83 2
36 49 2
47 74 2
31 64 2
7 15 2
64 134 1
52 131 1
36 47 2
57 84 2
9 122 1
3 28 2
60 101 2
1 60 2
95 119 1
45 105 2
5 21 2
4 80 2
95 98 2
21 144 2
73 94 2
60 166 2
9 55 2
83 136 1
23 50 2
102 105 2
76 170 2
38 156 1
20 90 2
0 69 2
24 78 2
3 35 2
5 109 1
2 62 2
53 90 2
10 105 2
64 171 1
32 103 2
6 27 2
45 138 2
2 14 2
64 76 2
19 176 2
59 72 2
64 97 2
12 20 2
36 60 2
35 58 2
79 117 1
55 73 2
6 42 2
104 112 2
89 96 2
14 177 1
30 78 2
10 85 2
54 177 1
27 85 2
6 8 2
45 66 2
97 155 1
17 25 2
5 78 2
28 88 2
28 54 2
20 94 2
32 59 2
69 91 2
16 81 2
13 24 2
48 135 1
32 85 2
6 14 2
34 163 2
15 22 2
35 80 2
8 137 1
80 99 2
75 76 2
48 121 2
86 115 1
75 95 2
1 22 2
61 86 2
88 96 2
7 56 2
80 122 1
25 46 2
45 157 1
49 80 2
36 38 2
26 36 2
19 101 2
51 67 2
66 100 2
42 90 2
65 66 2
24 45 2
34 89 2
77 144 1
2 70 2
8 31 2
10 77 2
35 48 2
65 88 2
58 59 2
50 75 2
84 87 2
99 126 2
1 25 2
24 65 2
7 81 2
41 126 1
62 166 1
6 166 1
17 33 2
11 33 2
37 72 2
6 141 1
80 101 2
44 95 2
39 45 2
7 53 2
60 66 2
3 75 2
78 112 1
20 40 2
34 56 2
61 104 2
8 115 1
8 51 2
45 160 1
54 87 2
101 112 2
25 49 2
33 92 2
71 76 2
1 84 2
70 109 1
102 162 1
11 154 2
85 97 2
11 155 1
83 118 2
37 42 2
16 34 2
75 87 2
58 72 2
99 159 1
16 82 2
37 47 2
8 56 2
71 137 2
85 102 2
90 140 1
49 73 2
17 99 2
12 173 1
3 41 2
51 133 1
58 87 2
29 65 2
47 135 1
60 86 2
103 169 2
34 97 2
91 92 2
91 94 2
36 72 2
17 22 2
96 126 2
91 105 2
12 78 2
103 107 2
103 112 2
57 130 2
25 93 2
47 151 2
27 65 2
19 51 2
55 116 1
89 153 2
17 86 2
25 167 2
67 72 2
101 139 1
32 92 2
70 116 2
78 106 2
51 134 2
5 92 2
36 105 2
29 62 2
7 100 2
16 94 2
50 98 2
98 153 1
27 36 2
55 74 2
48 79 2
31 107 2
5 27 2
83 165 2
93 172 2
70 139 2
73 81 2
34 155 1
70 169 2
34 104 2
71 87 2
95 134 1
7 131 1
48 71 2
6 31 2
22 126 1
30 88 2
30 99 2
44 155 1
100 141 2
0 101 2
101 131 2
43 85 2
31 50 2
34 127 1
20 66 2
76 159 1
42 127 1
42 123 1
12 38 2
78 116 1
0 169 1
10 52 2
35 106 2
24 153 1
64 107 2
33 102 2
84 103 2
40 97 2
26 147 2
40 102 2
71 147 1
103 118 2
43 70 2
48 85 2
54 159 2
83 99 2
51 57 2
94 113 2
4 84 2
24 118 2
98 151 1
87 104 2
53 60 2
36 133 2
2 89 2
34 83 2
101 102 2
86 95 2
3 81 2
64 104 2
79 139 2
76 102 2
18 54 2
49 85 2
50 103 2
2 99 2
22 94 2
13 26 2
3 6 2
24 126 1
70 86 2
7 57 2
15 134 1
16 49 2
41 75 2
65 83 2
99 103 2
93 133 2
81 136 1
80 141 1
59 76 2
54 106 2
2 48 2
26 28 2
8 58 2
66 93 2
23 86 2
12 66 2
41 99 2
31 86 2
90 145 1
56 83 2
16 32 2
97 102 2
101 152 1
34 65 2
92 113 1
82 122 1
18 104 2
73 158 1
2 60 2
16 137 1
103 147 1
39 54 2
15 64 2
22 87 2
42 86 2
92 145 1
20 93 2
8 11 2
4 76 2
23 97 2
29 140 2
83 98 2
81 84 2
39 153 2
26 93 2
19 74 2
71 119 2
34 87 2
64 121 1
29 52 2
49 78 2
7 66 2
47 84 2
59 88 2
53 86 2
105 159 1
19 65 2
46 96 2
56 84 2
106 177 1
81 175 1
80 89 2
12 105 2
5 97 2
36 43 2
32 109 2
1 141 1
21 80 2
69 89 2
107 126 1
38 107 2
6 109 1
21 72 2
40 44 2
4 49 2
37 57 2
40 43 2
16 27 2
32 81 2
21 43 2
1 17 2
62 119 1
45 72 2
17 159 2
55 141 2
6 72 2
31 97 2
58 68 2
13 99 2
64 164 1
69 84 2
6 49 2
12 169 2
75 144 1
9 107 2
70 82 2
11 132 2
54 93 2
97 105 2
54 102 2
28 87 2
98 100 2
27 39 2
29 89 2
88 173 2
57 68 2
18 84 2
81 125 1
105 165 1
24 71 2
44 58 2
29 166 1
18 46 2
2 67 2
4 63 2
12 19 2
104 160 1
95 106 2
63 126 1
0 36 2
54 149 1
65 148 2
70 151 2
69 133 1
18 50 2
11 20 2
24 162 1
70 167 1
61 144 2
40 107 2
14 66 2
74 124 2
78 80 2
30 31 2
12 40 2
20 72 2
73 170 1
1 45 2
101 103 2
7 44 2
23 74 2
104 127 1
48 102 2
27 92 2
2 23 2
44 174 1
99 178 1
62 85 2
77 85 2
4 33 2
36 178 2
9 43 2
10 28 2
47 82 2
82 84 2
4 85 2
26 100 2
16 40 2
9 91 2
11 94 2
2 45 2
33 61 2
37 171 1
17 24 2
59 83 2
23 99 2
65 164 1
26 56 2
12 45 2
49 102 2
67 74 2
80 139 1
34 40 2
94 125 1
5 28 2
104 143 1
45 78 2
6 33 2
7 30 2
19 32 2
85 128 1
7 23 2
5 117 2
21 45 2
27 130 1
71 104 2
37 168 1
63 86 2
1 34 2
63 112 1
40 95 2
39 129 1
47 60 2
39 56 2
27 55 2
4 66 2
33 44 2
9 76 2
55 56 2
57 100 2
79 100 2
59 67 2
37 40 2
28 58 2
53 107 2
5 24 2
86 101 2
80 82 2
49 58 2
4 68 2
34 75 2
38 65 2
12 13 2
11 13 2
14 50 2
52 124 1
36 61 2
82 142 1
36 77 2
66 130 1
24 34 2
82 120 2
54 65 2
86 173 1
92 94 2
17 105 2
51 110 1
46 134 2
12 60 2
70 77 2
32 88 2
30 72 2
19 141 1
27 63 2
23 79 2
18 88 2
23 51 2
22 105 2
49 117 1
24 51 2
24 32 2
40 111 1
12 115 2
44 161 1
90 128 2
53 65 2
8 124 1
10 55 2
55 77 2
2 29 2
6 82 2
20 56 2
25 86 2
74 103 2
1 44 2
11 68 2
52 58 2
30 101 2
61 103 2
97 169 1
5 51 2
33 49 2
48 62 2
4 75 2
96 127 1
15 84 2
54 78 2
85 172 1
66 82 2
3 17 2
13 17 2
19 107 2
75 175 2
79 151 1
73 148 2
31 152 1
11 37 2
91 159 1
82 124 2
28 69 2
79 84 2
33 126 1
10 163 2
8 99 2
57 161 2
31 62 2
68 137 1
11 27 2
59 109 1
43 146 1
51 55 2
28 140 1
85 101 2
8 173 1
21 177 1
43 45 2
4 20 2
45 77 2
7 12 2
54 135 1
33 90 2
39 151 2
15 56 2
79 80 2
2 59 2
78 88 2
58 102 2
31 165 1
28 67 2
85 92 2
21 164 1
53 61 2
33 75 2
26 121 2
44 46 2
82 90 2
95 142 1
80 88 2
34 110 2
1 116 1
91 96 2
36 163 1
13 70 2
54 136 1
98 147 2
12 98 2
48 93 2
34 92 2
35 63 2
13 164 1
40 80 2
48 112 1
15 170 1
18 106 2
14 147 1
7 90 2
14 93 2
53 69 2
73 108 1
28 61 2
65 143 2
52 156 1
77 103 2
81 115 1
66 91 2
81 104 2
1 144 2
38 61 2
4 112 2
50 104 2
12 58 2
58 66 2
66 104 2
53 80 2
6 39 2
64 71 2
94 95 2
42 64 2
54 76 2
15 159 1
100 147 1
29 169 2
88 107 2
17 21 2
1 48 2
16 37 2
2 64 2
25 30 2
93 153 1
25 135 1
49 130 2
52 163 2
34 90 2
46 127 1
53 165 1
45 46 2
18 77 2
33 77 2
1 80 2
37 130 2
2 40 2
18 71 2
88 94 2
22 155 1
98 101 2
68 151 1
5 65 2
77 96 2
6 41 2
88 114 1
66 120 1
75 93 2
81 105 2
61 172 1
76 134 1
94 105 2
18 98 2
71 115 1
79 93 2
98 139 1
91 117 1
9 35 2
4 137 1
91 175 1
9 18 2
11 103 2
8 43 2
68 101 2
24 111 2
34 122 1
104 106 2
10 79 2
40 68 2
73 150 1
32 67 2
48 49 2
83 106 2
56 101 2
51 86 2
29 85 2
1 43 2
32 90 2
39 90 2
70 76 2
65 78 2
52 79 2
76 83 2
20 55 2
24 98 2
9 84 2
79 101 2
97 104 2
75 97 2
55 98 2
5 12 2
79 154 2
3 53 2
80 87 2
33 40 2
53 66 2
23 94 2
18 101 2
52 155 2
17 27 2
77 87 2
10 48 2
27 88 2
25 59 2
101 149 1
18 29 2
25 87 2
43 66 2
54 59 2
11 21 2
23 114 2
90 98 2
10 51 2
16 75 2
3 72 2
32 77 2
37 85 2
24 42 2
63 110 1
3 156 1
91 165 1
40 98 2
104 146 1
6 46 2
10 74 2
92 103 2
0 140 1
81 97 2
9 101 2
65 109 1
17 52 2
61 106 2
8 114 1
3 19 2
57 168 1
3 32 2
8 14 2
46 86 2
67 160 2
52 179 1
9 22 2
15 137 1
15 30 2
28 68 2
68 127 1
9 89 2
38 60 2
14 99 2
49 95 2
44 90 2
60 140 2
6 84 2
85 170 2
36 87 2
83 101 2
24 112 1
48 179 1
39 47 2
0 8 2
27 67 2
4 17 2
50 149 1
0 85 2
44 63 2
72 140 1
63 103 2
25 37 2
29 31 2
85 151 1
27 173 1
26 64 2
12 94 2
81 90 2
27 99 2
28 102 2
4 94 2
25 55 2
36 100 2
78 85 2
6 100 2
76 78 2
19 82 2
53 152 1
53 166 1
15 71 2
78 128 2
64 100 2
3 138 2
65 107 2
10 34 2
16 52 2
61 146 1
43 48 2
18 139 2
1 81 2
74 94 2
96 170 1
44 169 1
4 130 2
49 79 2
3 169 1
1 21 2
26 88 2
58 71 2
76 131 2
80 91 2
37 146 1
3 20 2
96 109 2
11 161 1
0 26 2
19 23 2
31 63 2
30 40 2
5 34 2
70 115 1
90 104 2
5 79 2
14 158 1
61 65 2
95 131 1
50 143 1
0 32 2
58 109 1
13 61 2
61 99 2
85 100 2
28 160 2
11 91 2
7 103 2
57 81 2
65 69 2
37 116 1
25 39 2
76 94 2
18 32 2
7 48 2
70 83 2
23 42 2
28 77 2
12 44 2
12 172 1
12 102 2
22 72 2
32 50 2
31 75 2
14 15 2
37 77 2
10 99 2
33 36 2
3 129 1
21 66 2
77 100 2
25 64 2
98 109 1
0 21 2
59 77 2
74 104 2
44 128 1
57 82 2
73 74 2
14 70 2
24 48 2
24 64 2
18 42 2
63 97 2
7 33 2
22 73 2
35 148 1
96 98 2
52 150 2
66 97 2
64 89 2
1 107 2
5 23 2
63 71 2
24 63 2
80 165 1
16 106 2
10 153 2
11 114 1
9 94 2
29 83 2
42 46 2
21 85 2
70 75 2
21 37 2
107 131 1
21 50 2
72 109 1
22 175 2
15 51 2
30 66 2
5 58 2
89 138 1
12 55 2
4 22 2
13 15 2
29 38 2
96 173 1
60 72 2
42 85 2
10 27 2
95 138 1
66 119 1
101 129 1
53 132 1
31 66 2
51 168 1
14 94 2
103 106 2
3 47 2
55 159 2
54 96 2
83 87 2
38 86 2
27 73 2
100 148 2
12 91 2
8 144 1
69 77 2
33 63 2
31 73 2
31 79 2
30 50 2
80 105 2
3 12 2
4 7 2
88 139 2
10 151 1
54 111 1
21 51 2
67 113 1
7 51 2
16 96 2
35 82 2
20 82 2
61 91 2
53 58 2
18 146 1
66 74 2
33 39 2
44 88 2
12 99 2
58 116 2
41 81 2
47 67 2
65 179 1
20 70 2
42 94 2
100 145 1
1 54 2
4 91 2
43 98 2
50 170 1
73 151 1
4 65 2
46 110 1
35 40 2
3 67 2
56 103 2
34 84 2
84 153 1
18 28 2
23 128 1
74 97 2
0 98 2
78 100 2
17 18 2
51 87 2
30 102 2
4 30 2
58 65 2
2 71 2
73 98 2
41 83 2
45 56 2
49 87 2
38 101 2
25 106 2
27 60 2
77 97 2
75 79 2
17 67 2
13 144 1
37 71 2
29 90 2
66 157 1
7 47 2
26 37 2
65 71 2
50 121 2
49 168 1
24 61 2
19 43 2
38 46 2
58 106 2
23 101 2
13 43 2
107 167 1
19 108 1
17 73 2
70 138 2
48 50 2
90 157 1
19 64 2
31 70 2
15 45 2
51 63 2
6 114 2
20 32 2
50 92 2
5 7 2
44 91 2
29 72 2
59 169 1
53 106 2
23 28 2
81 113 1
9 36 2
6 15 2
89 145 1
70 133 1
68 91 2
60 104 2
65 89 2
71 77 2
19 174 2
19 41 2
37 41 2
44 119 1
107 110 1
17 154 1
92 160 2
39 163 1
59 154 1
62 107 2
8 55 2
64 74 2
45 115 1
96 146 2
8 112 2
41 153 1
4 77 2
41 44 2
11 66 2
65 157 2
18 62 2
93 149 1
102 135 1
59 119 1
15 28 2
57 102 2
99 179 1
38 115 2
13 172 1
27 112 2
5 86 2
96 100 2
14 84 2
23 65 2
32 119 1
89 109 2
52 64 2
23 52 2
67 90 2
4 19 2
41 72 2
103 119 1
43 149 1
23 149 2
91 119 1
52 56 2
30 37 2
48 82 2
81 92 2
42 141 1
35 123 1
25 164 1
52 151 1
3 54 2
7 98 2
41 161 2
52 63 2
8 32 2
71 100 2
30 45 2
26 125 1
56 74 2
49 76 2
82 117 2
39 43 2
12 68 2
59 100 2
76 151 1
59 94 2
18 156 1
68 111 1
61 64 2
73 92 2
0 40 2
31 71 2
21 29 2
27 102 2
8 37 2
93 137 1
10 129 1
7 77 2
58 123 1
90 100 2
14 65 2
76 169 2
33 120 1
38 166 1
19 42 2
18 69 2
58 81 2
102 110 1
44 65 2
61 68 2
2 100 2
14 169 1
29 45 2
79 118 2
42 151 1
85 90 2
12 101 2
24 103 2
39 83 2
47 106 2
77 168 1
2 43 2
12 97 2
38 57 2
56 58 2
54 90 2
26 73 2
46 66 2
8 9 2
47 143 2
10 39 2
20 50 2
43 71 2
23 103 2
11 71 2
99 107 2
32 108 1
55 131 1
30 87 2
107 145 1
9 51 2
79 167 1
53 104 2
33 119 1
79 137 1
12 52 2
48 168 2
17 116 1
54 74 2
31 69 2
5 63 2
65 91 2
41 129 2
1 18 2
6 89 2
16 62 2
62 175 2
42 84 2
8 53 2
19 149 2
37 43 2
55 93 2
17 175 2
75 141 2
27 170 1
98 103 2
27 66 2
46 68 2
48 130 2
15 162 1
74 174 2
36 136 2
44 89 2
20 103 2
66 173 1
26 46 2
19 35 2
2 92 2
66 171 2
68 150 2
65 163 2
57 83 2
41 47 2
72 91 2
1 130 1
45 76 2
94 164 2
106 170 2
35 60 2
8 102 2
97 131 1
34 44 2
52 172 1
8 19 2
4 117 1
52 132 1
65 80 2
28 85 2
79 96 2
14 164 1
73 99 2
2 51 2
65 113 2
24 81 2
19 58 2
28 33 2
6 160 1
82 94 2
55 70 2
40 82 2
50 106 2
51 121 1
62 100 2
2 25 2
72 131 1
68 161 1
7 20 2
77 101 2
0 124 2
15 106 2
10 102 2
70 170 1
37 82 2
28 63 2
64 130 1
10 25 2
60 70 2
14 42 2
2 87 2
11 57 2
38 108 2
32 78 2
102 107 2
34 164 2
31 135 1
83 121 2
40 141 1
60 89 2
3 13 2
98 127 1
33 130 1
20 104 2
88 106 2
19 157 2
62 99 2
33 161 2
28 72 2
47 102 2
49 139 1
71 103 2
52 95 2
79 107 2
58 69 2
88 146 1
35 172 1
1 164 1
60 155 1
27 108 2
48 75 2
16 30 2
1 97 2
107 121 2
37 50 2
19 98 2
13 49 2
66 92 2
0 68 2
50 64 2
21 92 2
63 93 2
30 95 2
0 80 2
36 117 1
25 31 2
35 67 2
6 47 2
72 106 2
73 114 2
73 82 2
98 137 1
41 93 2
27 33 2
42 68 2
59 99 2
34 45 2
4 39 2
31 106 2
51 161 1
15 66 2
0 62 2
29 34 2
59 140 2
46 83 2
16 159 1
30 104 2
22 71 2
47 57 2
11 47 2
43 101 2
26 161 1
31 88 2
36 103 2
40 137 1
14 37 2
9 111 1
55 171 1
55 95 2
22 53 2
10 122 2
25 166 1
0 27 2
12 29 2
24 29 2
28 163 1
10 29 2
41 77 2
33 138 1
62 171 1
31 119 1
45 96 2
2 124 1
5 82 2
5 114 1
6 88 2
9 81 2
82 104 2
7 21 2
76 86 2
51 105 2
46 81 2
33 135 1
70 81 2
21 71 2
103 160 1
29 159 1
30 86 2
35 74 2
21 63 2
77 153 1
34 93 2
67 91 2
16 53 2
81 134 1
76 106 2
9 167 1
30 48 2
10 53 2
20 76 2
23 44 2
16 85 2
62 68 2
66 117 1
22 60 2
2 80 2
37 105 2
3 37 2
10 103 2
89 104 2
63 79 2
50 115 1
42 70 2
23 43 2
58 171 1
67 104 2
25 75 2
64 127 1
12 65 2
72 77 2
8 113 2
86 177 1
77 89 2
57 98 2
18 89 2
17 158 1
78 91 2
107 115 1
39 118 2
74 178 2
41 157 1
26 141 1
19 27 2
50 73 2
11 77 2
70 107 2
69 106 2
17 156 1
31 49 2
59 93 2
1 50 2
12 135 1
98 104 2
19 56 2
80 133 2
89 92 2
31 161 2
63 132 1
38 41 2
17 64 2
96 106 2
42 53 2
0 91 2
46 102 2
51 138 1
54 146 2
60 175 1
18 105 2
70 101 2
55 91 2
13 146 1
34 81 2
73 118 1
88 128 2
22 49 2
74 84 2
64 106 2
35 72 2
84 106 2
95 162 1
67 101 2
39 74 2
39 155 1
95 127 1
38 67 2
38 59 2
72 139 2
13 109 1
6 96 2
21 134 1
20 79 2
60 80 2
28 42 2
86 146 1
12 63 2
64 179 1
27 103 2
79 104 2
81 96 2
98 159 1
55 102 2
42 104 2
7 27 2
28 84 2
37 133 1
31 116 1
25 104 2
19 168 1
3 154 2
57 58 2
36 42 2
8 21 2
36 96 2
26 27 2
82 126 1
15 138 2
6 23 2
32 99 2
24 94 2
10 17 2
49 133 1
106 141 1
14 179 1
12 41 2
2 145 1
75 126 1
34 153 1
17 19 2
24 91 2
24 56 2
26 61 2
22 172 1
30 39 2
5 91 2
0 157 1
69 101 2
40 67 2
81 89 2
8 61 2
74 95 2
94 106 2
13 40 2
23 117 2
0 105 2
96 167 2
17 26 2
49 164 1
64 174 1
28 92 2
3 88 2
16 99 2
94 97 2
35 69 2
84 104 2
62 67 2
26 65 2
36 142 1
28 75 2
22 98 2
71 133 1
7 99 2
40 136 2
14 45 2
7 83 2
40 116 1
1 75 2
29 70 2
16 36 2
80 151 2
16 21 2
68 103 2
40 173 2
93 94 2
27 105 2
85 158 2
92 165 2
21 116 2
28 45 2
94 172 1
45 98 2
48 105 2
4 44 2
16 149 1
17 79 2
52 139 1
81 87 2
12 28 2
49 97 2
28 59 2
68 88 2
54 57 2
22 70 2
60 81 2
36 54 2
50 128 2
73 77 2
73 103 2
92 110 1
84 107 2
8 147 2
71 86 2
24 70 2
26 99 2
7 104 2
1 110 1
3 123 2
12 84 2
61 88 2
10 76 2
95 96 2
35 93 2
100 131 1
56 62 2
77 82 2
45 125 1
33 41 2
14 146 1
56 78 2
24 44 2
1 36 2
12 121 1
9 83 2
95 121 1
20 159 1
39 67 2
24 74 2
59 96 2
53 100 2
38 56 2
50 90 2
49 88 2
25 43 2
80 81 2
57 90 2
8 131 1
28 76 2
18 55 2
8 77 2
33 79 2
74 176 2
34 50 2
78 162 1
87 97 2
6 45 2
32 39 2
55 86 2
66 85 2
83 168 2
1 27 2
37 38 2
42 102 2
77 176 1
89 132 2
45 124 1
28 97 2
92 158 2
15 27 2
44 126 2
45 71 2
90 137 1
62 82 2
35 101 2
9 82 2
3 76 2
21 103 2
53 55 2
36 106 2
25 134 1
37 83 2
25 60 2
62 70 2
88 160 1
104 141 2
9 104 2
47 64 2
7 25 2
83 111 2
86 97 2
60 91 2
26 53 2
13 74 2
95 99 2
55 134 1
6 57 2
29 49 2
37 73 2
55 104 2
43 60 2
36 58 2
48 160 1
78 90 2
2 98 2
43 97 2
51 95 2
16 26 2
48 73 2
51 151 1
20 96 2
54 63 2
24 89 2
42 175 1
27 58 2
68 70 2
67 100 2
25 73 2
72 126 2
90 123 1
46 67 2
53 130 2
17 51 2
65 150 1
39 98 2
7 126 1
4 34 2
84 85 2
3 27 2
91 171 1
10 94 2
106 154 1
3 79 2
0 73 2
0 90 2
20 139 1
91 95 2
78 148 1
66 135 1
51 153 1
4 96 2
90 91 2
23 166 1
43 102 2
19 78 2
57 78 2
27 68 2
11 48 2
14 120 1
32 68 2
13 54 2
3 25 2
29 172 1
43 52 2
64 144 1
6 138 1
16 20 2
11 105 2
48 91 2
4 43 2
22 36 2
59 161 1
0 4 2
9 138 2
58 82 2
24 92 2
5 43 2
47 97 2
92 170 1
62 134 1
41 95 2
47 104 2
49 75 2
6 12 2
43 110 1
22 54 2
62 72 2
13 19 2
33 143 1
56 119 1
15 19 2
42 47 2
38 39 2
38 97 2
42 132 1
56 63 2
46 58 2
74 157 2
68 90 2
84 166 2
35 167 2
21 54 2
50 57 2
26 34 2
15 124 1
79 98 2
80 86 2
7 163 1
44 82 2
69 80 2
5 26 2
81 100 2
11 64 2
93 117 1
63 69 2
13 84 2
63 99 2
18 96 2
16 46 2
18 31 2
86 99 2
62 65 2
27 158 1
32 66 2
14 172 1
0 84 2
25 90 2
51 68 2
9 65 2
45 53 2
18 82 2
4 103 2
26 107 2
25 74 2
88 167 1
85 107 2
44 96 2
34 169 2
25 110 2
27 79 2
58 77 2
69 78 2
0 31 2
64 159 1
48 84 2
25 72 2
1 2 2
4 35 2
29 100 2
19 160 1
21 179 1
54 143 1
62 83 2
45 142 2
18 107 2
16 90 2
49 83 2
29 149 1
32 102 2
97 103 2
24 52 2
42 161 1
7 67 2
40 66 2
76 93 2
77 147 2
7 11 2
57 93 2
80 114 1
86 152 1
74 83 2
96 168 2
68 120 1
70 145 1
14 102 2
56 57 2
67 75 2
0 30 2
2 38 2
43 79 2
23 47 2
51 82 2
50 110 1
43 134 1
83 178 1
30 35 2
63 100 2
40 106 2
12 80 2
53 85 2
15 36 2
64 80 2
50 72 2
48 176 2
4 83 2
40 162 1
66 73 2
74 107 2
100 140 1
74 136 1
50 87 2
29 107 2
80 98 2
77 138 2
18 52 2
93 175 1
3 82 2
36 45 2
59 63 2
31 78 2
12 15 2
6 29 2
8 46 2
89 102 2
48 123 1
81 99 2
44 145 2
45 101 2
6 152 2
70 105 2
16 57 2
31 39 2
8 18 2
22 92 2
5 90 2
11 97 2
29 118 1
36 73 2
49 66 2
9 141 1
48 134 1
46 159 2
82 173 1
38 143 1
88 90 2
31 139 1
29 68 2
14 48 2
33 171 2
60 103 2
22 51 2
89 95 2
0 24 2
94 124 1
44 179 2
53 78 2
24 113 1
42 69 2
14 57 2
7 118 2
52 102 2
21 79 2
54 156 2
8 27 2
78 142 1
5 147 1
39 42 2
18 38 2
32 115 1
0 53 2
9 173 2
16 135 1
8 29 2
83 141 1
43 105 2
70 160 1
6 136 1
28 35 2
53 97 2
30 65 2
20 91 2
2 177 2
2 27 2
0 99 2
38 118 1
76 138 1
64 91 2
71 107 2
26 62 2
8 75 2
17 60 2
0 45 2
4 29 2
23 168 1
21 52 2
35 75 2
70 142 2
10 50 2
31 130 2
17 69 2
28 101 2
31 55 2
33 106 2
44 134 1
82 85 2
34 46 2
31 34 2
44 74 2
70 95 2
50 137 2
89 159 2
42 106 2
6 20 2
48 67 2
66 75 2
17 23 2
0 49 2
44 104 2
5 61 2
91 143 1
21 44 2
27 78 2
39 70 2
0 174 1
91 106 2
35 103 2
23 115 2
3 93 2
1 100 2
14 29 2
10 125 1
90 118 1
13 55 2
79 143 2
6 70 2
22 34 2
18 87 2
5 151 2
4 10 2
65 98 2
87 98 2
59 133 2
43 54 2
1 90 2
25 48 2
59 79 2
65 76 2
64 156 1
91 93 2
5 108 2
43 59 2
92 122 2
27 38 2
60 92 2
30 158 1
41 84 2
20 102 2
72 76 2
14 119 1
0 41 2
30 76 2
44 51 2
63 98 2
75 153 1
4 104 2
90 102 2
5 17 2
74 149 1
21 90 2
22 63 2
1 77 2
59 136 1
26 41 2
7 8 2
42 55 2
29 44 2
29 53 2
36 143 2
49 96 2
59 171 1
33 93 2
50 100 2
5 36 2
15 101 2
72 119 2
14 122 1
29 37 2
0 79 2
46 77 2
66 72 2
18 79 2
0 96 2
43 100 2
57 87 2
26 58 2
84 99 2
0 64 2
36 173 2
20 89 2
15 20 2
78 83 2
40 96 2
27 41 2
24 38 2
34 67 2
50 52 2
13 86 2
88 154 2
27 93 2
40 78 2
95 125 2
10 45 2
94 157 1
62 84 2
19 159 2
77 94 2
54 64 2
14 38 2
4 42 2
7 160 1
19 137 1
56 135 2
32 130 1
66 134 2
5 33 2
59 144 1
53 109 1
83 91 2
35 47 2
24 93 2
1 135 2
15 73 2
39 52 2
82 106 2
20 105 2
32 120 2
25 53 2
101 165 1
16 50 2
27 98 2
13 41 2
93 104 2
21 60 2
2 36 2
16 22 2
35 46 2
66 80 2
30 122 1
43 161 2
35 78 2
21 162 1
47 55 2
28 66 2
47 152 1
99 111 1
3 18 2
16 125 1
72 86 2
5 52 2
7 26 2
1 172 1
56 142 2
23 77 2
12 64 2
42 45 2
48 164 1
11 83 2
97 107 2
16 105 2
71 134 1
21 22 2
20 99 2
96 123 1
54 169 1
18 30 2
7 24 2
51 75 2
76 145 1
9 102 2
22 38 2
39 51 2
1 53 2
88 89 2
26 55 2
4 18 2
48 178 1
79 178 1
27 104 2
11 60 2
15 173 1
44 162 1
83 92 2
41 61 2
58 83 2
51 132 1
24 140 1
0 16 2
61 87 2
48 97 2
36 128 2
36 82 2
36 69 2
23 39 2
80 95 2
47 164 1
15 78 2
82 96 2
39 108 1
68 96 2
49 55 2
24 100 2
86 103 2
32 160 2
35 97 2
101 171 1
45 80 2
7 106 2
101 157 1
84 121 1
77 132 2
45 69 2
69 97 2
59 73 2
28 95 2
76 104 2
40 118 2
22 39 2
36 89 2
16 88 2
5 57 2
68 80 2
59 62 2
7 96 2
43 76 2
34 59 2
5 72 2
7 72 2
16 70 2
25 97 2
9 170 1
28 82 2
11 102 2
33 99 2
1 76 2
53 84 2
54 95 2
7 80 2
22 132 1
29 81 2
50 141 1
5 14 2
0 35 2
18 119 1
38 83 2
69 118 2
24 69 2
45 79 2
0 23 2
22 102 2
87 96 2
21 39 2
52 94 2
7 78 2
1 69 2
36 75 2
74 159 1
17 88 2
16 92 2
64 120 1
38 70 2
18 35 2
37 92 2
15 79 2
5 67 2
46 131 1
7 123 1
48 80 2
85 96 2
63 164 1
68 81 2
72 157 1
95 104 2
70 92 2
24 41 2
33 72 2
53 62 2
41 43 2
53 99 2
19 129 1
6 83 2
22 43 2
102 163 2
33 55 2
79 146 2
3 30 2
26 162 2
33 62 2
95 105 2
47 50 2
105 174 1
45 74 2
41 76 2
36 78 2
3 10 2
77 134 2
35 90 2
8 162 1
40 103 2
5 62 2
11 165 2
86 141 1
4 146 1
88 147 1
82 97 2
8 60 2
49 101 2
44 163 2
83 90 2
7 95 2
22 96 2
46 65 2
12 32 2
36 55 2
28 46 2
32 64 2
3 15 2
2 72 2
32 133 1
31 95 2
104 144 2
16 101 2
59 98 2
52 71 2
67 96 2
1 32 2
105 139 1
31 47 2
14 108 2
41 86 2
25 100 2
81 167 1
16 60 2
8 30 2
23 67 2
56 106 2
16 63 2
2 102 2
33 80 2
39 73 2
32 57 2
21 75 2
12 73 2
69 109 1
94 102 2
27 90 2
35 77 2
20 46 2
52 123 1
44 48 2
64 170 1
11 56 2
56 168 1
105 176 2
75 84 2
93 107 2
8 76 2
53 54 2
13 64 2
61 63 2
40 88 2
69 158 1
49 90 2
5 50 2
17 47 2
88 155 2
43 169 1
82 130 2
36 94 2
94 99 2
21 105 2
84 151 1
85 171 1
53 115 1
5 84 2
101 172 1
90 148 2
36 63 2
85 106 2
45 100 2
14 17 2
69 79 2
18 24 2
18 48 2
34 41 2
24 72 2
3 168 1
71 78 2
2 47 2
52 85 2
39 71 2
31 46 2
75 101 2
77 98 2
35 36 2
91 103 2
3 141 2
34 42 2
71 169 1
9 42 2
57 72 2
61 166 1
36 83 2
1 39 2
23 88 2
70 98 2
92 166 2
41 54 2
12 162 2
14 162 1
47 69 2
70 84 2
19 161 2
97 166 2
63 113 2
71 170 1
87 149 1
23 33 2
21 94 2
84 89 2
18 68 2
26 159 1
66 86 2
1 4 2
26 77 2
45 89 2
84 149 2
34 96 2
33 96 2
83 109 1
96 161 1
9 19 2
104 153 2
2 104 2
7 89 2
70 103 2
27 49 2
47 79 2
99 112 2
19 59 2
95 97 2
41 152 1
57 71 2
38 69 2
30 34 2
42 81 2
82 83 2
75 89 2
4 69 2
37 93 2
18 36 2
100 135 2
55 81 2
13 25 2
28 98 2
50 166 1
93 103 2
22 33 2
82 176 2
71 142 2
3 80 2
94 166 2
59 97 2
12 96 2
48 90 2
36 41 2
107 165 1
48 68 2
53 68 2
42 91 2
76 176 2
75 86 2
0 43 2
14 39 2
85 175 1
24 176 1
1 99 2
11 176 1
42 150 1
62 117 2
43 61 2
37 166 1
50 67 2
35 57 2
25 79 2
3 99 2
15 44 2
104 173 1
4 163 2
67 103 2
36 84 2
28 179 2
52 146 1
11 52 2
47 123 2
49 60 2
44 60 2
15 74 2
11 73 2
50 97 2
23 73 2
80 92 2
37 70 2
8 82 2
99 149 1
93 125 1
5 49 2
56 67 2
55 71 2
10 67 2
25 154 1
14 24 2
66 88 2
4 121 1
73 87 2
18 91 2
45 95 2
42 105 2
58 96 2
42 111 2
6 35 2
10 57 2
31 96 2
48 163 1
67 92 2
23 160 1
43 49 2
60 93 2
40 51 2
74 92 2
30 124 1
14 87 2
4 67 2
26 49 2
26 63 2
67 102 2
68 160 2
78 82 2
49 151 1
0 78 2
8 68 2
19 52 2
47 129 1
48 136 1
44 171 1
65 86 2
34 173 1
61 84 2
42 101 2
25 82 2
48 155 1
45 93 2
48 103 2
20 77 2
55 97 2
35 43 2
76 85 2
41 49 2
3 133 2
17 41 2
25 130 1
43 57 2
35 95 2
94 127 1
48 173 1
43 91 2
61 107 2
2 41 2
10 33 2
32 117 2
69 75 2
15 43 2
7 40 2
38 71 2
1 143 1
77 106 2
42 83 2
29 82 2
72 84 2
91 176 2
75 94 2
64 73 2
49 69 2
64 96 2
16 84 2
11 39 2
21 142 1
9 66 2
55 63 2
31 40 2
9 72 2
37 44 2
8 87 2
7 149 2
22 30 2
13 87 2
16 25 2
56 92 2
0 28 2
12 26 2
44 81 2
2 65 2
0 95 2
40 73 2
26 66 2
74 167 2
10 16 2
7 36 2
42 166 1
58 176 2
41 102 2
41 57 2
20 42 2
32 105 2
3 125 1
53 160 1
42 43 2
13 152 1
23 136 2
26 106 2
45 103 2
4 55 2
32 54 2
43 82 2
7 156 1
0 15 2
9 85 2
87 111 2
11 144 1
8 130 2
14 30 2
61 72 2
56 64 2
55 67 2
69 81 2
43 159 1
29 50 2
57 91 2
43 55 2
35 87 2
41 146 1
80 128 1
52 67 2
81 98 2
57 73 2
19 87 2
2 118 1
28 52 2
37 132 1
26 76 2
24 107 2
25 98 2
94 104 2
76 168 2
46 107 2
22 99 2
50 76 2
18 74 2
1 82 2
83 103 2
47 118 1
51 85 2
49 94 2
6 52 2
14 103 2
19 102 2
34 124 2
1 85 2
22 46 2
92 93 2
28 99 2
75 116 2
74 127 1
56 66 2
51 155 1
51 114 2
53 176 2
50 85 2
27 54 2
62 89 2
30 96 2
10 61 2
16 164 1
14 68 2
69 93 2
49 178 1
4 58 2
86 170 2
49 61 2
30 94 2
19 69 2
15 76 2
84 115 1
61 119 1
0 71 2
73 128 2
65 101 2
19 61 2
90 96 2
22 104 2
87 102 2
22 27 2
89 165 2
17 85 2
43 65 2
8 86 2
15 136 1
15 82 2
15 33 2
38 106 2
47 90 2
87 110 1
4 60 2
104 117 2
70 152 1
45 70 2
21 137 2
89 115 1
4 133 2
58 85 2
36 79 2
11 40 2
25 124 1
5 53 2
78 103 2
0 82 2
11 42 2
38 87 2
6 74 2
32 60 2
0 163 1
36 101 2
33 43 2
23 93 2
29 35 2
61 101 2
48 86 2
49 107 2
57 59 2
5 37 2
35 91 2
96 102 2
64 176 2
78 156 2
52 89 2
63 84 2
3 64 2
77 179 1
22 37 2
99 110 2
3 26 2
103 166 1
70 128 1
80 161 2
67 83 2
9 125 2
52 167 2
100 157 1
96 104 2
19 26 2
45 50 2
53 136 1
5 85 2
35 86 2
51 83 2
12 93 2
68 94 2
52 104 2
34 103 2
37 141 2
52 103 2
6 81 2
18 45 2
16 146 1
41 140 1
9 147 1
1 63 2
26 69 2
45 154 1
42 157 1
74 96 2
40 160 1
15 47 2
65 105 2
95 102 2
7 155 2
78 84 2
5 13 2
94 109 1
40 99 2
1 20 2
91 160 1
20 87 2
50 83 2
67 146 1
70 166 1
16 141 1
5 170 1
32 46 2
34 63 2
38 58 2
60 94 2
29 63 2
79 128 2
62 170 2
36 85 2
59 78 2
26 57 2
38 45 2
12 148 1
77 88 2
93 163 1
40 94 2
69 92 2
90 97 2
2 58 2
12 106 2
36 116 1
56 95 2
31 48 2
48 81 2
64 116 2
92 107 2
15 68 2
38 85 2
26 68 2
72 98 2
89 98 2
18 75 2
103 132 2
55 143 1
24 53 2
36 95 2
51 66 2
100 103 2
106 164 1
24 117 1
87 95 2
53 57 2
101 104 2
21 145 1
14 60 2
104 175 1
8 17 2
13 27 2
5 83 2
25 27 2
16 91 2
13 66 2
51 109 1
27 91 2
23 162 1
58 60 2
93 99 2
17 94 2
46 73 2
7 161 1
19 75 2
2 26 2
75 105 2
27 97 2
40 52 2
69 127 1
46 54 2
8 91 2
10 68 2
46 87 2
4 54 2
4 45 2
14 78 2
14 23 2
19 105 2
16 59 2
33 42 2
48 95 2
38 93 2
64 94 2
78 165 1
22 47 2
33 149 2
78 111 1
20 117 1
57 105 2
29 103 2
1 61 2
9 33 2
21 91 2
3 77 2
20 41 2
24 77 2
14 121 1
52 93 2
41 50 2
36 167 1
35 158 1
15 99 2
46 69 2
18 118 2
25 51 2
68 173 1
20 62 2
78 93 2
16 19 2
89 99 2
42 78 2
2 4 2
78 105 2
8 45 2
19 100 2
30 100 2
30 142 1
5 158 1
33 158 1
21 59 2
16 54 2
38 44 2
21 27 2
27 57 2
34 99 2
77 154 1
59 90 2
67 150 1
69 99 2
58 89 2
79 106 2
6 76 2
62 66 2
60 88 2
56 70 2
33 45 2
5 74 2
96 137 1
49 146 1
51 62 2
56 91 2
7 146 2
51 128 1
51 91 2
64 88 2
1 167 1
15 69 2
8 90 2
14 88 2
98 142 1
41 45 2
33 162 1
4 46 2
70 97 2
26 91 2
18 86 2
5 102 2
58 156 1
40 90 2
57 154 1
39 62 2
19 66 2
45 65 2
43 92 2
56 118 1
12 81 2
80 163 1
49 104 2
100 107 2
76 150 2
1 98 2
30 154 1
76 141 1
10 88 2
1 94 2
52 161 2
19 22 2
6 97 2
12 39 2
6 11 2
79 90 2
42 96 2
94 175 2
67 71 2
21 96 2
32 80 2
68 149 2
67 98 2
11 107 2
63 68 2
5 76 2
75 162 1
55 107 2
54 81 2
42 89 2
63 81 2
29 87 2
96 179 1
58 79 2
83 150 1
52 105 2
81 179 2
1 89 2
8 89 2
68 162 2
11 116 1
61 171 2
66 89 2
0 34 2
101 146 1
16 29 2
98 105 2
11 120 1
45 91 2
100 138 1
85 135 2
75 127 1
18 25 2
63 102 2
29 75 2
11 111 2
7 54 2
58 152 1
50 93 2
2 53 2
31 37 2
47 113 1
97 159 1
26 71 2
71 135 1
56 76 2
98 99 2
17 68 2
62 155 1
30 84 2
28 175 1
33 84 2
0 97 2
3 92 2
105 172 2
87 163 2
9 86 2
30 59 2
1 55 2
2 16 2
23 76 2
81 88 2
45 68 2
97 110 2
67 163 2
76 98 2
6 73 2
35 54 2
43 51 2
98 163 2
38 53 2
5 47 2
16 45 2
67 105 2
30 73 2
47 48 2
9 58 2
43 56 2
53 92 2
4 59 2
12 56 2
8 159 2
43 68 2
51 70 2
29 58 2
20 147 2
27 84 2
7 107 2
3 100 2
89 101 2
30 38 2
21 170 1
34 70 2
7 68 2
2 73 2
1 105 2
65 94 2
103 161 1
70 99 2
23 29 2
39 57 2
10 14 2
45 107 2
44 111 2
68 79 2
0 39 2
58 94 2
30 105 2
101 143 2
22 82 2
48 58 2
58 108 2
6 91 2
9 155 1
35 102 2
60 138 1
98 156 1
30 106 2
11 100 2
4 56 2
32 89 2
1 92 2
3 173 2
60 79 2
92 97 2
26 72 2
32 56 2
20 53 2
69 128 1
12 34 2
3 70 2
7 39 2
25 105 2
51 107 2
104 157 1
46 64 2
76 107 2
1 83 2
22 29 2
36 40 2
21 147 1
53 156 2
32 83 2
5 56 2
8 93 2
52 62 2
24 26 2
21 99 2
51 58 2
31 124 1
65 104 2
1 95 2
30 126 2
1 59 2
17 100 2
77 131 2
88 101 2
102 127 1
23 72 2
0 104 2
7 60 2
23 27 2
36 107 2
1 30 2
29 94 2
85 120 2
66 107 2
76 80 2
19 120 1
68 105 2
31 53 2
21 61 2
2 32 2
20 33 2
12 51 2
77 83 2
77 95 2
30 57 2
11 50 2
21 42 2
16 28 2
22 106 2
8 66 2
18 63 2
6 105 2
25 179 2
15 94 2
14 144 1
21 83 2
59 134 1
23 37 2
30 103 2
69 123 2
87 109 1
0 47 2
44 85 2
73 89 2
3 34 2
68 163 1
26 29 2
46 89 2
12 49 2
27 40 2
79 153 1
49 126 2
32 118 1
80 138 2
107 157 1
10 118 1
43 83 2
40 120 1
49 84 2
58 91 2
74 89 2
15 140 1
85 143 1
97 98 2
64 69 2
75 103 2
65 145 1
7 101 2
76 84 2
55 136 2
6 30 2
64 98 2
19 21 2
41 101 2
7 82 2
79 86 2
35 94 2
24 40 2
101 127 1
49 59 2
23 56 2
8 170 2
63 88 2
20 52 2
31 60 2
61 90 2
17 49 2
7 150 1
31 98 2
61 97 2
41 53 2
48 100 2
11 25 2
36 81 2
50 79 2
34 73 2
49 50 2
60 64 2
0 70 2
13 149 1
17 35 2
69 74 2
44 165 1
56 89 2
65 118 1
44 99 2
19 73 2
21 102 2
78 102 2
46 144 1
46 93 2
57 96 2
34 51 2
20 63 2
19 54 2
2 140 1
40 55 2
50 111 2
89 100 2
79 170 1
17 61 2
23 45 2
13 81 2
97 165 2
79 97 2
11 150 1
64 142 2
38 169 1
105 129 2
49 111 1
14 124 1
6 137 2
70 176 1
10 95 2
23 34 2
63 124 2
1 52 2
7 18 2
22 101 2
23 102 2
85 110 2
56 99 2
51 104 2
6 59 2
12 71 2
92 101 2
34 54 2
5 94 2
64 87 2
107 178 1
104 126 1
25 171 2
39 80 2
14 80 2
12 90 2
47 52 2
13 78 2
23 164 2
68 75 2
13 97 2
19 91 2
99 101 2
87 107 2
21 56 2
80 179 2
28 79 2
33 54 2
21 55 2
30 63 2
0 12 2
64 70 2
18 76 2
42 100 2
29 153 1
47 105 2
49 112 1
32 137 1
42 72 2
86 100 2
46 80 2
87 88 2
1 136 1
3 46 2
24 58 2
71 93 2
9 100 2
36 121 2
19 28 2
12 37 2
52 65 2
38 95 2
48 51 2
101 160 1
38 51 2
2 161 2
28 43 2
41 106 2
86 125 1
52 53 2
18 83 2
49 109 1
7 97 2
6 106 2
23 106 2
29 74 2
29 105 2
58 144 2
89 176 1
28 103 2
14 43 2
54 118 1
23 41 2
37 81 2
55 78 2
21 41 2
11 115 1
10 24 2
47 109 1
39 58 2
83 116 1
57 151 1
88 119 2
28 121 1
61 71 2
37 138 1
19 103 2
31 164 1
7 65 2
101 105 2
87 144 1
35 96 2
14 160 2
20 75 2
32 40 2
90 94 2
28 107 2
23 81 2
47 91 2
2 94 2
76 87 2
40 50 2
13 31 2
105 170 1
65 103 2
40 105 2
7 29 2
23 104 2
101 135 2
34 80 2
24 60 2
65 127 2
10 37 2
24 66 2
30 89 2
34 126 1
49 82 2
99 140 1
44 127 1
104 113 1
39 169 1
20 84 2
32 36 2
29 30 2
11 17 2
73 178 2
54 56 2
99 168 1
106 119 1
19 44 2
48 83 2
34 62 2
24 102 2
41 88 2
31 117 2
25 92 2
30 56 2
39 140 1
12 89 2
104 170 1
34 145 1
6 99 2
25 32 2
58 62 2
2 7 2
36 51 2
32 34 2
14 31 2
9 59 2
42 93 2
60 67 2
42 67 2
86 98 2
63 121 1
8 81 2
33 76 2
82 100 2
18 19 2
45 59 2
32 101 2
64 77 2
6 65 2
94 117 2
4 37 2
6 176 1
98 133 2
12 69 2
15 65 2
43 53 2
13 65 2
13 32 2
43 155 1
43 73 2
12 54 2
30 79 2
81 158 1
12 114 1
5 59 2
99 131 2
67 80 2
0 143 2
28 177 1
1 96 2
18 20 2
1 93 2
7 88 2
32 149 2
32 142 1
44 97 2
29 86 2
25 56 2
96 97 2
20 65 2
54 126 2
68 141 1
44 62 2
10 75 2
26 92 2
50 91 2
13 88 2
5 22 2
7 46 2
28 51 2
47 68 2
6 110 1
65 90 2
89 97 2
77 99 2
46 61 2
15 117 2
44 67 2
59 107 2
43 64 2
33 64 2
61 79 2
6 79 2
25 127 1
81 131 2
103 105 2
15 156 2
24 137 1
103 154 1
7 76 2
51 89 2
59 139 1
82 88 2
106 113 1
24 85 2
12 118 2
71 72 2
31 99 2
70 79 2
74 75 2
68 97 2
75 92 2
19 34 2
34 178 2
45 83 2
64 72 2
28 57 2
6 51 2
59 84 2
55 167 2
2 97 2
47 144 1
9 45 2
50 56 2
62 91 2
32 42 2
8 146 1
44 80 2
28 38 2
34 108 1
14 130 2
74 85 2
27 46 2
44 92 2
89 111 1
56 163 2
77 108 1
46 70 2
46 104 2
9 48 2
105 178 1
10 87 2
24 159 1
50 89 2
9 50 2
46 52 2
57 107 2
8 44 2
102 113 1
19 46 2
16 41 2
4 14 2
46 154 2
13 163 1
9 90 2
30 71 2
46 74 2
63 70 2
104 139 2
60 105 2
15 18 2
79 176 1
26 152 2
0 52 2
16 142 2
74 129 1
88 93 2
28 133 1
91 177 2
38 90 2
41 89 2
6 98 2
86 168 1
0 152 2
79 81 2
30 98 2
30 44 2
94 169 1
17 32 2
59 92 2
35 160 1
67 84 2
35 107 2
41 69 2
70 87 2
6 103 2
25 67 2
52 80 2
24 95 2
16 117 2
11 43 2
20 80 2
24 55 2
81 82 2
73 121 1
3 107 2
53 96 2
78 98 2
72 96 2
3 68 2
3 89 2
13 14 2
55 69 2
0 46 2
19 63 2
66 155 1
7 73 2
27 34 2
19 158 2
17 126 1
19 85 2
1 42 2
21 34 2
11 92 2
5 29 2
4 57 2
48 69 2
36 37 2
30 55 2
52 91 2
55 60 2
52 76 2
60 148 1
3 7 2
4 153 1
8 36 2
81 101 2
1 140 2
41 133 1
48 78 2
23 95 2
69 85 2
8 23 2
5 6 2
9 95 2
6 67 2
50 63 2
40 101 2
67 89 2
92 152 1
49 137 1
41 174 1
13 113 2
15 85 2
42 177 1
47 51 2
29 101 2
46 150 1
13 75 2
43 103 2
37 90 2
3 31 2
91 152 1
51 92 2
23 85 2
99 147 1
42 65 2
31 104 2
71 88 2
33 57 2
25 35 2
22 58 2
9 97 2
73 86 2
19 156 1
75 98 2
72 117 1
60 106 2
32 58 2
25 40 2
50 132 1
45 165 1
67 106 2
39 158 1
42 50 2
68 171 2
42 62 2
70 74 2
53 98 2
12 23 2
27 95 2
98 122 1
58 88 2
11 45 2
90 130 1
90 162 1
80 102 2
33 50 2
45 51 2
92 161 1
46 95 2
5 81 2
17 72 2
91 173 1
5 18 2
106 107 2
7 42 2
60 141 1
2 107 2
37 102 2
81 148 1
46 98 2
32 47 2
106 165 1
10 21 2
46 97 2
41 92 2
69 177 2
1 177 1
27 76 2
3 52 2
11 82 2
5 100 2
71 174 1
56 155 2
77 170 2
36 86 2
10 81 2
17 92 2
48 107 2
6 69 2
49 124 1
76 81 2
7 115 1
25 62 2
0 22 2
44 71 2
7 31 2
84 134 1
51 106 2
13 173 1
7 70 2
29 57 2
2 3 2
16 121 1
12 42 2
14 52 2
29 73 2
27 75 2
42 110 1
35 85 2
17 71 2
82 86 2
103 158 1
50 82 2
5 68 2
4 61 2
7 79 2
45 119 1
43 93 2
47 61 2
6 102 2
30 109 1
88 102 2
104 135 1
60 83 2
72 88 2
20 35 2
31 35 2
15 133 1
27 77 2
13 151 2
60 97 2
86 102 2
20 57 2
76 77 2
1 58 2
39 107 2
57 86 2
33 114 1
5 16 2
11 134 1
52 73 2
50 78 2
74 90 2
32 178 2
1 73 2
7 85 2
36 90 2
42 75 2
79 99 2
60 73 2
37 98 2
2 128 1
102 149 1
10 82 2
27 31 2
36 155 1
15 57 2
42 116 2
58 107 2
63 168 1
101 106 2
101 126 1
25 95 2
38 73 2
28 178 1
68 152 1
6 25 2
39 87 2
21 98 2
76 129 1
66 102 2
26 70 2
13 50 2
6 101 2
16 35 2
84 161 2
61 153 2
71 89 2
61 100 2
75 80 2
36 169 1
86 119 1
8 107 2
9 40 2
14 32 2
46 105 2
38 119 1
30 93 2
4 9 2
6 36 2
97 168 1
80 94 2
14 55 2
19 31 2
36 67 2
35 122 2
26 38 2
94 107 2
72 161 1
17 34 2
63 83 2
13 72 2
86 111 2
14 46 2
79 87 2
60 107 2
32 37 2
73 97 2
65 81 2
29 161 1
81 157 1
2 179 1
34 52 2
13 68 2
5 64 2
42 98 2
26 35 2
44 66 2
15 60 2
3 104 2
43 78 2
26 39 2
13 140 1
42 128 1
53 77 2
20 97 2
13 62 2
35 73 2
34 79 2
11 14 2
62 97 2
50 59 2
43 89 2
104 148 1
13 162 1
41 73 2
74 98 2
20 30 2
10 26 2
16 93 2
32 121 1
10 11 2
51 101 2
44 55 2
2 166 1
14 34 2
63 75 2
40 112 2
45 86 2
27 94 2
9 41 2
11 143 1
8 72 2
106 151 2
51 60 2
9 17 2
72 74 2
10 42 2
67 147 1
47 49 2
74 76 2
81 176 1
51 79 2
16 111 2
100 129 1
12 14 2
57 80 2
47 174 1
16 55 2
11 65 2
54 163 1
86 108 1
8 121 1
39 102 2
42 44 2
51 80 2
40 83 2
40 49 2
13 82 2
58 100 2
40 76 2
3 86 2
46 63 2
14 18 2
84 93 2
81 139 2
76 137 2
15 17 2
2 15 2
78 151 1
51 113 1
7 133 2
33 38 2
35 42 2
79 92 2
86 104 2
56 79 2
61 121 1
49 98 2
43 160 2
50 88 2
16 78 2
25 34 2
34 167 1
3 97 2
73 78 2
99 162 1
47 88 2
3 33 2
6 21 2
27 51 2
48 74 2
4 142 2
43 126 1
22 80 2
39 92 2
24 169 2
51 71 2
56 75 2
50 54 2
23 78 2
105 136 2
57 97 2
19 62 2
92 142 1
48 132 1
14 69 2
54 83 2
64 66 2
14 157 1
34 139 2
68 144 1
9 142 1
97 125 1
43 145 1
0 66 2
41 79 2
61 124 1
31 150 1
97 101 2
23 75 2
91 158 1
56 72 2
23 92 2
22 62 2
4 125 1
32 94 2
28 127 1
68 104 2
71 74 2
31 56 2
56 129 2
59 65 2
83 100 2
75 106 2
14 61 2
62 96 2
2 34 2
11 15 2
81 107 2
53 63 2
17 172 1
31 93 2
63 123 2
30 69 2
15 67 2
70 136 2
29 106 2
67 85 2
69 73 2
47 154 1
6 62 2
21 24 2
93 161 1
8 166 1
96 103 2
51 118 1
34 72 2
30 54 2
13 104 2
24 161 1
8 25 2
30 36 2
35 79 2
32 132 2
13 91 2
3 66 2
27 89 2
67 77 2
0 125 1
14 137 1
19 72 2
9 88 2
50 96 2
18 56 2
77 86 2
29 32 2
65 122 1
31 54 2
15 35 2
59 112 1
3 113 1
23 120 1
0 7 2
33 68 2
30 92 2
20 67 2
16 23 2
21 78 2
26 101 2
37 54 2
23 87 2
4 86 2
76 100 2
52 59 2
80 107 2
35 49 2
1 163 1
43 77 2
13 42 2
15 77 2
32 61 2
38 163 1
18 61 2
20 58 2
60 69 2
17 66 2
44 45 2
103 125 1
0 83 2
2 75 2
8 95 2
23 68 2
30 83 2
2 28 2
32 44 2
99 171 1
15 119 1
78 99 2
46 55 2
15 42 2
102 112 2
88 165 1
27 176 1
54 72 2
64 85 2
9 80 2
1 129 1
16 109 1
63 73 2
27 83 2
5 38 2
28 60 2
61 67 2
76 136 1
59 114 2
9 67 2
3 85 2
21 76 2
106 156 2
42 76 2
8 28 2
28 71 2
3 175 1
46 76 2
58 105 2
49 81 2
76 92 2
61 149 1
10 60 2
10 104 2
71 105 2
92 96 2
38 54 2
31 77 2
42 87 2
43 143 2
45 131 1
36 170 2
101 163 2
36 162 1
26 134 2
68 84 2
10 72 2
6 92 2
45 62 2
26 78 2
99 144 2
27 80 2
41 64 2
85 125 1
3 108 1
43 99 2
8 69 2
84 155 1
13 80 2
85 108 1
84 105 2
75 77 2
52 81 2
88 116 1
32 122 2
64 135 2
59 85 2
22 100 2
73 91 2
33 48 2
99 161 1
39 103 2
49 54 2
93 98 2
89 108 1
25 89 2
47 70 2
13 89 2
17 58 2
89 139 2
37 156 1
15 24 2
10 154 2
1 10 2
16 44 2
34 95 2
28 104 2
73 79 2
51 73 2
33 105 2
13 53 2
10 69 2
106 127 2
1 70 2
3 11 2
28 83 2
46 136 1
19 60 2
73 75 2
50 58 2
39 156 2
99 153 2
23 63 2
27 107 2
74 121 2
103 104 2
82 108 1
70 165 2
37 97 2
9 28 2
29 61 2
29 127 2
6 61 2
37 45 2
26 44 2
27 106 2
12 122 2
8 42 2
5 103 2
56 73 2
38 49 2
37 175 1
5 41 2
6 85 2
32 146 2
22 148 1
18 102 2
39 106 2
92 112 1
4 140 1
30 60 2
93 127 1
8 133 2
24 134 2
66 69 2
45 47 2
31 91 2
91 107 2
60 65 2
57 113 1
38 40 2
71 81 2
5 54 2
22 77 2
75 102 2
78 87 2
94 134 1
4 12 2
28 90 2
106 139 1
27 177 1
36 66 2
26 74 2
16 66 2
105 141 1
23 54 2
0 87 2
1 29 2
9 134 1
69 71 2
35 98 2
71 110 2
97 176 1
85 91 2
58 74 2
45 113 1
10 92 2
3 69 2
26 172 2
6 34 2
94 173 1
70 120 2
28 151 1
22 74 2
95 170 2
6 93 2
57 103 2
39 148 1
86 148 2
25 33 2
93 105 2
0 5 2
20 47 2
14 161 1
8 65 2
86 176 1
21 106 2
68 148 1
24 96 2
26 174 1
80 100 2
99 118 1
71 132 2
37 110 1
67 95 2
70 140 1
1 11 2
44 106 2
82 107 2
19 94 2
103 164 1
57 99 2
14 73 2
7 9 2
77 79 2
25 136 2
28 48 2
27 110 2
62 73 2
10 106 2
56 93 2
44 73 2
57 145 1
84 179 2
40 59 2
71 90 2
14 16 2
76 91 2
86 107 2
91 118 1
25 149 1
44 69 2
19 121 2
20 100 2
2 31 2
85 95 2
43 69 2
84 144 1
46 53 2
71 153 1
94 152 1
0 51 2
4 48 2
9 26 2
28 53 2
5 138 1
7 138 1
22 45 2
38 88 2
29 80 2
28 169 1
37 136 2
46 82 2
15 105 2
40 149 1
74 80 2
5 130 1
51 53 2
21 168 1
93 168 1
40 58 2
78 107 2
13 98 2
39 68 2
41 55 2
51 74 2
40 84 2
92 95 2
4 92 2
0 179 1
79 88 2
18 64 2
35 50 2
7 16 2
47 96 2
9 70 2
3 22 2
0 172 1
87 89 2
70 106 2
60 63 2
60 95 2
102 125 2
44 144 1
73 107 2
27 44 2
11 174 1
66 77 2
38 103 2
18 90 2
0 58 2
71 95 2
37 173 2
8 12 2
79 94 2
28 135 1
51 64 2
37 100 2
7 19 2
66 137 1
43 153 1
14 95 2
1 165 1
6 24 2
16 158 1
25 102 2
17 63 2
32 41 2
88 159 1
54 80 2
28 55 2
66 136 1
4 40 2
24 132 2
4 93 2
42 71 2
7 116 1
4 99 2
70 71 2
12 27 2
14 105 2
13 85 2
12 76 2
17 78 2
9 103 2
34 58 2
41 60 2
87 135 2
14 19 2
97 134 2
103 123 1
1 35 2
87 114 1
82 178 1
1 13 2
24 28 2
41 62 2
13 47 2
22 108 1
41 56 2
19 131 1
9 75 2
48 99 2
11 67 2
0 38 2
99 128 1
1 175 1
43 172 1
35 68 2
1 62 2
6 50 2
23 64 2
50 68 2
11 62 2
27 61 2
12 85 2
75 157 1
17 53 2
16 73 2
40 75 2
47 65 2
73 76 2
22 26 2
62 103 2
71 172 1
23 122 1
7 92 2
2 95 2
78 153 1
3 57 2
8 62 2
11 98 2
89 106 2
85 140 1
33 78 2
101 119 1
10 133 1
50 74 2
47 177 2
12 35 2
54 99 2
30 155 1
34 172 2
62 90 2
56 102 2
8 100 2
1 109 2
15 168 2
49 134 1
43 148 1
103 108 1
29 147 1
77 137 1
8 22 2
44 52 2
59 103 2
31 82 2
46 90 2
45 88 2
94 101 2
78 144 1
10 19 2
18 95 2
1 66 2
70 89 2
40 42 2
46 155 1
83 107 2
57 62 2
20 71 2
33 81 2
72 177 2
34 113 2
78 114 1
104 147 2
81 95 2
90 122 1
61 105 2
30 90 2
88 135 1
19 36 2
26 32 2
6 13 2
24 106 2
31 81 2
70 90 2
27 81 2
19 116 1
59 105 2
104 107 2
16 163 1
19 93 2
23 32 2
96 107 2
1 51 2
75 104 2
21 58 2
70 121 1
97 150 1
45 110 2
66 84 2
2 178 1
35 53 2
28 56 2
15 148 1
89 116 1
98 131 2
28 74 2
14 53 2
31 59 2
23 49 2
10 132 1
20 73 2
64 99 2
19 90 2
20 59 2
73 129 1
72 107 2
18 58 2
17 50 2
16 56 2
86 96 2
102 159 1
27 116 1
27 52 2
96 99 2
45 129 1
10 149 1
52 66 2
82 93 2
2 42 2
68 83 2
49 93 2
8 73 2
24 79 2
59 156 1
24 39 2
103 150 1
69 167 1
31 103 2
36 102 2
36 52 2
97 106 2
99 114 1
4 102 2
3 39 2
49 144 1
48 72 2
39 152 1
41 59 2
107 159 2
6 64 2
29 160 2
30 51 2
56 87 2
38 102 2
23 30 2
55 68 2
85 87 2
15 41 2
104 133 2
80 84 2
96 101 2
16 129 1
92 104 2
40 47 2
18 53 2
85 98 2
45 139 1
87 105 2
39 100 2
32 151 1
26 89 2
23 138 2
32 153 1
53 81 2
12 124 1
10 142 1
24 62 2
46 72 2
29 117 1
77 91 2
73 145 2
26 59 2
74 164 1
63 95 2
52 176 2
70 156 1
2 142 1
71 83 2
28 141 2
78 155 2
37 140 1
56 77 2
36 53 2
37 101 2
55 96 2
47 166 1
98 113 1
29 93 2
31 102 2
93 112 1
36 65 2
39 99 2
11 36 2
67 82 2
69 70 2
14 76 2
107 133 2
22 144 1
52 60 2
54 85 2
9 105 2
33 165 1
48 152 1
10 158 1
33 83 2
101 138 2
74 163 2
24 49 2
18 78 2
90 117 2
0 137 2
71 101 2
16 89 2
2 56 2
3 4 2
25 26 2
39 65 2
33 128 1
12 110 1
85 176 1
0 107 2
47 77 2
47 99 2
49 65 2
50 123 2
50 134 2
5 152 1
33 88 2
17 93 2
59 102 2
19 84 2
35 100 2
14 56 2
36 134 2
64 93 2
40 60 2
91 162 1
69 105 2
13 46 2
62 176 1
67 69 2
59 132 2
39 82 2
96 154 1
65 75 2
59 178 2
8 38 2
49 64 2
1 102 2
50 55 2
56 159 1
52 74 2
34 61 2
65 153 1
13 100 2
65 77 2
34 100 2
11 38 2
6 86 2
6 48 2
44 103 2
83 179 2
93 129 2
0 56 2
34 71 2
26 165 1
17 28 2
0 63 2
86 175 1
52 106 2
5 101 2
91 149 2
8 16 2
27 29 2
85 99 2
26 171 1
15 112 2
88 152 1
102 104 2
34 107 2
66 105 2
72 92 2
0 9 2
97 127 1
4 95 2
11 18 2
34 134 1
41 74 2
38 47 2
8 49 2
9 16 2
37 131 1
8 48 2
52 84 2
44 53 2
1 137 2
17 74 2
9 114 1
9 93 2
78 149 1
11 80 2
5 42 2
75 90 2
37 60 2
54 134 1
18 44 2
8 33 2
7 75 2
51 88 2
103 117 1
10 62 2
11 128 1
37 61 2
47 76 2
69 103 2
7 58 2
16 143 2
66 98 2
72 100 2
31 45 2
54 97 2
15 48 2
56 150 2
35 59 2
62 138 1
23 53 2
76 149 1
66 121 1
50 101 2
40 41 2
15 52 2
51 59 2
48 63 2
7 94 2
74 155 1
50 105 2
71 80 2
68 107 2
25 77 2
66 78 2
18 94 2
79 179 1
26 47 2
13 77 2
22 153 2
3 43 2
33 104 2
7 10 2
55 92 2
55 62 2
21 175 2
51 94 2
87 99 2
48 92 2
32 97 2
15 169 1
4 74 2
86 109 1
69 76 2
5 95 2
66 110 2
63 78 2
5 25 2
53 64 2
64 86 2
55 100 2
27 59 2
32 74 2
66 99 2
92 106 2
105 145 1
87 176 1
99 148 1
66 71 2
0 44 2
14 113 1
22 28 2
9 106 2
72 83 2
25 42 2
17 46 2
40 71 2
66 140 1
30 97 2
54 161 2
27 62 2
42 149 2
37 89 2
4 145 1
7 170 1
26 31 2
46 75 2
86 135 2
28 44 2
15 58 2
38 167 1
55 90 2
69 87 2
22 75 2
6 68 2
1 47 2
13 139 1
4 31 2
1 91 2
29 56 2
75 82 2
3 83 2
33 70 2
46 49 2
25 66 2
10 56 2
19 67 2
32 38 2
15 107 2
10 23 2
57 74 2
98 107 2
55 146 2
1 103 2
11 44 2
31 52 2
8 101 2
33 103 2
37 59 2
70 154 1
42 97 2
74 77 2
48 76 2
2 30 2
17 31 2
53 149 1
23 40 2
29 54 2
90 107 2
77 152 1
4 28 2
38 55 2
0 57 2
107 143 1
21 95 2
2 76 2
19 77 2
61 85 2
99 176 1
37 125 1
56 88 2
32 48 2
18 59 2
14 75 2
23 84 2
48 87 2
24 47 2
20 101 2
58 110 1
34 143 2
83 94 2
19 71 2
48 53 2
21 165 1
3 105 2
7 34 2
8 98 2
12 18 2
18 65 2
8 34 2
34 88 2
87 118 2
44 84 2
65 112 1
49 86 2
64 101 2
65 96 2
63 118 1
20 107 2
11 79 2
89 175 2
30 49 2
44 59 2
60 61 2
34 85 2
2 74 2
32 111 1
91 167 2
35 81 2
80 154 1
41 94 2
106 168 1
26 105 2
21 30 2
0 42 2
16 64 2
64 128 1
10 78 2
11 171 1
65 130 1
39 85 2
40 108 1
22 65 2
47 101 2
80 83 2
97 174 1
26 83 2
28 73 2
18 173 1
41 71 2
17 48 2
59 89 2
10 71 2
14 79 2
40 64 2
6 18 2
3 62 2
93 100 2
59 64 2
95 150 2
4 8 2
11 23 2
45 172 1
19 106 2
52 158 2
87 100 2
59 91 2
59 153 1
32 84 2
56 68 2
17 29 2
79 135 1
95 110 1
21 67 2
18 121 2
11 78 2
36 74 2
53 88 2
24 158 1
38 111 1
40 91 2
18 100 2
96 157 1
5 71 2
45 146 1
13 23 2
94 150 1
28 36 2
75 107 2
83 113 1
37 95 2
96 143 2
12 79 2
72 87 2
57 94 2
33 140 1
39 141 2
3 61 2
14 58 2
61 136 1
71 84 2
54 71 2
19 76 2
33 100 2
25 78 2
40 56 2
68 85 2
14 159 1
28 62 2
20 51 2
10 89 2
23 70 2
80 96 2
45 94 2
105 110 1
3 45 2
52 69 2
8 85 2
29 92 2
80 93 2
13 115 2
16 144 1
29 133 2
6 78 2
74 87 2
6 10 2
37 84 2
60 77 2
69 160 2
37 67 2
81 150 2
22 97 2
23 82 2
11 69 2
17 96 2
8 96 2
1 7 2
75 125 1
90 120 1
7 71 2
64 140 1
22 85 2
97 100 2
83 170 1
43 50 2
51 170 1
20 142 2
3 63 2
23 134 1
18 41 2
3 103 2
104 105 2
16 67 2
40 65 2
67 127 1
13 114 2
85 117 1
14 21 2
68 99 2
105 144 1
76 178 1
22 24 2
58 92 2
5 99 2
9 175 2
71 148 2
12 125 1
37 68 2
66 76 2
23 58 2
37 65 2
61 102 2
12 53 2
49 132 1
88 169 1
12 17 2
102 106 2
84 145 1
22 52 2
84 127 1
62 79 2
92 102 2
19 40 2
0 65 2
7 55 2
61 70 2
9 74 2
5 44 2
48 94 2
12 22 2
71 96 2
11 16 2
90 106 2
53 108 2
42 60 2
31 175 1
44 68 1
141 176 1
3 55 1
85 141 1
79 85 1
88 148 2
95 171 1
21 82 1
13 34 1
107 169 1
35 45 1
72 78 1
102 156 2
71 130 2
15 83 1
39 128 2
