% n=170 p=33 d=0.66 p_blue=0.33
% k=0
47 163 1
45 85 1
15 128 2
52 59 2
12 15 2
10 90 2
26 66 2
47 104 2
19 134 1
44 90 1
23 58 1
41 71 2
10 158 2
48 66 2
2 80 2
4 109 2
6 60 1
37 128 1
28 37 2
19 65 2
9 162 1
30 146 2
32 56 2
14 43 2
53 148 1
40 83 1
42 72 1
2 111 1
23 87 1
47 50 2
1 5 2
34 52 2
17 30 2
25 102 1
4 31 2
49 89 1
45 148 1
50 142 1
46 55 2
54 151 1
5 63 1
8 115 1
31 152 1
28 166 1
18 145 1
36 125 2
2 146 1
26 169 2
19 24 2
27 66 2
21 161 1
53 149 2
0 15 2
46 127 1
8 130 2
55 63 2
41 145 1
43 90 1
20 99 2
15 123 2
20 48 2
14 126 2
0 83 2
8 47 2
17 56 2
21 134 1
46 60 1
53 83 1
50 154 1
1 107 2
1 141 2
39 139 1
42 85 1
16 125 1
50 73 1
9 95 1
13 134 2
13 148 1
6 45 2
12 149 1
9 144 1
55 69 1
16 95 2
36 141 1
54 136 1
8 28 2
20 114 2
3 115 1
33 86 1
5 151 2
8 160 1
13 52 2
8 68 2
41 109 1
10 11 2
33 168 1
29 131 1
48 76 1
1 78 1
33 75 1
49 106 2
14 98 2
25 117 1
49 108 1
55 163 1
16 148 2
11 124 1
32 74 1
39 55 2
29 125 1
6 36 2
9 55 2
42 69 1
14 94 1
28 103 1
34 70 2
1 149 1
3 102 1
41 92 1
56 167 1
41 144 1
4 166 2
41 103 2
1 133 1
22 95 1
36 77 2
8 147 2
20 27 2
24 117 1
41 98 1
21 105 1
32 75 1
12 166 1
39 47 2
36 162 1
55 157 1
14 71 1
24 91 1
45 50 2
30 84 1
3 100 1
26 149 2
3 51 2
39 127 1
21 40 2
12 62 2
22 56 2
42 48 2
36 145 1
17 47 2
10 145 1
49 160 1
54 60 1
6 27 2
37 43 2
31 128 2
24 95 1
2 107 1
5 11 2
5 75 1
18 113 2
24 66 1
32 76 1
12 30 2
38 123 1
0 39 2
12 114 2
42 65 2
28 97 1
23 39 2
19 100 1
4 82 2
7 50 2
23 128 1
21 91 2
44 92 2
50 103 1
52 64 1
35 78 1
13 42 2
4 134 2
29 146 1
11 44 2
54 116 1
48 71 2
18 122 1
15 38 2
44 140 1
39 166 1
0 92 1
13 38 2
43 97 1
4 119 1
14 34 2
28 55 2
46 91 1
8 35 2
12 13 2
26 132 2
56 139 1
34 162 2
45 72 1
27 67 1
39 114 1
22 160 1
42 101 1
51 63 2
24 120 1
51 66 1
32 149 1
33 158 2
11 16 2
24 156 1
34 49 2
12 73 1
8 92 1
26 27 2
47 150 1
4 159 1
29 106 1
49 96 2
8 48 2
19 62 1
16 144 1
44 93 2
35 51 2
46 140 2
3 32 2
5 37 2
55 127 1
55 77 2
7 66 1
27 34 2
36 52 2
18 19 2
34 53 2
51 119 1
56 131 1
17 161 1
50 166 1
40 63 1
36 153 2
15 134 1
17 34 2
20 155 1
9 100 1
24 107 2
38 59 1
43 57 1
6 162 1
39 163 1
6 59 2
3 101 1
4 167 1
15 33 2
32 50 2
37 150 2
18 142 1
33 157 1
10 152 2
45 68 1
39 40 2
25 134 1
6 46 2
6 39 2
48 130 1
21 22 2
3 147 1
31 67 2
52 65 1
27 92 2
20 75 1
18 69 1
3 152 1
27 52 2
16 155 1
31 107 2
56 142 1
30 163 1
50 148 1
31 113 1
45 106 1
38 117 1
53 147 2
9 109 1
40 49 2
33 85 1
10 12 2
6 52 2
21 144 2
27 41 2
52 104 1
37 93 1
17 165 1
38 111 1
52 140 1
29 144 1
37 96 1
8 91 2
18 25 2
34 88 1
37 149 1
11 91 1
26 168 1
40 74 1
4 145 1
15 74 1
37 50 2
51 140 1
39 103 1
4 19 2
46 48 2
29 38 2
55 143 2
37 92 2
3 93 2
5 146 2
16 22 2
12 44 2
19 107 1
7 99 1
0 131 1
36 90 2
31 140 1
39 72 1
31 59 1
19 86 1
46 112 2
48 122 1
11 45 2
2 88 1
47 151 2
22 93 2
37 42 2
40 45 2
20 135 1
6 17 2
8 118 2
6 34 2
46 129 1
6 86 1
15 43 2
32 34 2
41 84 1
35 108 2
3 46 2
28 71 1
35 75 1
33 96 2
24 122 1
5 39 2
35 117 1
18 129 2
7 148 2
10 155 1
7 22 2
8 168 2
40 112 1
31 134 1
51 113 1
53 95 2
17 109 1
30 52 2
53 67 2
8 60 2
37 123 1
41 50 2
3 56 2
39 169 2
47 134 2
8 154 1
3 19 2
47 146 1
23 42 2
11 80 1
29 137 1
27 146 1
42 150 1
19 165 2
55 107 2
6 107 1
39 140 2
24 129 2
2 56 2
27 45 2
24 142 2
10 34 2
19 46 2
13 47 2
16 51 2
47 67 1
9 80 1
53 112 2
32 61 1
44 127 1
6 58 1
17 68 2
10 58 1
55 112 2
4 64 1
49 83 1
30 137 2
21 109 1
40 97 1
24 57 1
5 36 2
46 99 1
42 154 2
33 147 1
47 120 1
30 99 1
0 32 2
18 154 2
8 87 1
29 53 2
12 81 2
38 148 2
54 85 1
2 165 2
17 61 1
13 69 2
24 86 1
21 140 2
12 59 2
38 91 2
23 73 1
44 166 1
26 122 1
29 78 1
27 147 1
6 61 2
41 152 2
9 91 1
31 58 2
1 144 1
1 63 1
23 141 2
18 101 1
39 43 2
31 45 2
56 63 2
32 111 1
34 72 2
35 156 1
16 18 2
40 168 2
23 45 2
51 114 1
22 101 1
18 124 1
37 74 1
3 61 1
14 145 1
36 169 1
35 57 1
30 65 1
9 140 1
18 38 2
35 77 2
51 134 1
7 57 1
11 88 1
1 163 2
12 38 2
5 61 1
25 158 1
40 47 2
45 101 1
23 48 2
2 116 2
6 29 2
47 148 2
11 162 1
14 127 2
22 121 1
37 166 2
44 63 2
1 19 2
21 117 2
48 49 2
25 39 2
44 102 2
51 55 2
18 21 2
38 141 1
21 127 1
31 39 2
38 74 1
34 102 1
5 49 2
24 103 1
8 30 2
27 72 2
32 52 2
44 96 2
18 32 2
7 70 1
44 165 2
30 98 1
28 79 1
13 71 1
11 129 1
1 167 2
46 117 2
37 80 1
41 111 1
31 71 1
12 120 1
42 120 2
48 156 1
44 149 1
52 63 1
6 121 1
2 86 1
23 37 2
34 123 2
49 102 2
40 132 1
21 146 1
54 76 1
55 120 2
30 89 2
26 29 2
46 56 2
41 69 1
30 96 1
26 119 1
47 65 1
40 120 2
26 81 1
51 93 1
45 62 1
3 74 1
53 159 1
29 35 2
6 54 2
10 15 2
42 144 1
35 139 1
54 152 1
13 26 2
35 126 1
32 89 1
13 113 2
9 152 2
16 153 1
24 78 1
7 121 2
34 164 1
32 143 2
13 43 2
47 80 1
7 130 1
11 94 1
3 156 1
21 111 1
9 165 1
0 108 2
0 23 2
38 56 2
13 37 2
42 161 1
46 110 1
21 142 1
1 33 2
30 39 2
32 80 2
21 150 2
25 99 1
1 73 1
14 157 1
15 91 1
15 110 1
23 149 2
43 48 2
34 148 1
28 118 2
27 139 1
26 110 1
33 80 2
21 51 2
28 115 1
4 47 2
16 26 2
53 124 1
16 41 2
0 65 1
42 99 1
13 20 2
38 119 2
8 71 1
23 117 1
20 139 1
28 47 2
27 54 2
51 148 1
14 23 2
20 47 2
45 73 2
4 57 1
8 150 2
8 49 2
44 131 2
21 167 2
3 77 1
27 127 1
44 60 1
35 112 1
0 41 2
10 51 2
5 158 2
3 84 1
56 163 1
17 146 2
12 159 2
48 88 1
9 160 1
9 21 2
55 121 2
33 34 2
2 53 2
49 53 2
50 54 2
14 168 2
45 66 2
54 137 1
36 158 2
48 55 2
41 51 2
53 98 1
7 20 2
49 57 1
4 68 2
7 85 2
32 129 1
37 62 2
16 114 1
35 86 1
5 147 2
43 50 2
16 34 2
55 62 1
24 153 1
6 50 2
27 143 2
11 138 1
56 168 1
32 130 2
9 50 2
14 40 2
41 95 1
14 77 1
1 99 1
9 25 2
31 42 2
19 40 2
9 42 2
50 132 2
42 86 2
2 100 1
0 100 2
23 67 1
29 37 2
0 126 1
39 64 1
18 40 2
19 91 2
7 21 2
1 139 1
32 101 1
25 167 1
39 95 2
49 98 1
4 66 1
37 107 1
27 48 2
7 123 1
8 45 2
53 135 2
26 135 1
35 144 1
36 154 2
7 32 2
38 42 2
38 69 2
19 152 1
51 108 1
50 86 1
3 88 1
0 40 2
30 160 1
30 43 2
2 160 1
12 99 1
20 98 2
7 163 1
50 114 1
35 53 2
14 160 2
16 141 2
7 31 2
6 38 2
24 98 1
22 159 1
32 124 1
5 45 2
4 77 2
0 91 2
14 29 2
15 87 2
32 150 2
24 144 1
51 167 1
15 147 1
19 143 2
51 52 2
4 55 2
1 126 2
7 141 1
0 135 1
56 161 2
23 111 1
18 108 2
17 86 2
15 76 1
21 132 1
20 124 1
48 56 2
17 140 2
54 125 2
25 116 1
46 159 2
12 14 2
20 146 1
33 148 2
55 84 1
47 56 2
7 78 1
27 29 2
28 145 1
4 27 2
2 99 2
0 107 1
30 78 2
19 22 2
22 88 1
31 32 2
11 158 1
17 67 1
14 18 2
15 21 2
51 96 2
5 62 2
8 19 2
11 111 1
50 147 2
20 60 1
34 114 1
29 85 2
25 135 2
7 68 1
10 25 2
56 127 1
31 167 1
18 50 2
45 53 2
42 94 1
2 97 1
35 166 2
49 86 1
38 41 2
54 80 2
8 22 2
43 166 1
54 56 2
38 126 2
43 169 1
34 40 2
23 123 2
21 130 1
19 112 1
9 87 2
23 46 2
5 106 1
28 33 2
2 23 2
14 131 1
10 66 1
1 84 2
33 145 1
0 53 2
23 159 1
30 76 1
0 21 2
15 112 2
21 55 2
37 127 2
24 164 1
10 28 2
5 129 1
16 57 1
37 48 2
11 27 2
26 36 2
7 97 1
2 157 2
16 123 2
7 145 1
34 75 1
51 77 1
15 107 2
51 83 2
29 42 2
18 106 1
4 158 1
8 23 2
17 54 2
9 10 2
32 105 2
30 136 1
52 99 1
17 51 2
19 169 1
27 90 2
10 154 1
14 155 1
8 143 1
10 157 1
17 78 2
25 91 1
4 50 2
31 144 2
14 59 2
19 52 2
25 70 1
6 69 1
30 67 2
25 126 1
43 123 1
19 83 1
34 98 2
32 153 1
21 29 2
2 47 2
9 169 2
30 107 1
34 99 1
33 52 2
35 62 1
26 101 1
0 115 2
30 75 1
3 107 1
35 96 1
14 48 2
36 106 1
11 61 1
50 93 1
16 97 2
54 110 2
36 113 1
11 13 2
44 134 2
44 162 2
33 139 2
10 146 1
11 52 2
29 52 2
16 115 1
17 141 1
13 16 2
22 150 2
13 76 1
6 24 2
52 56 2
46 78 2
5 9 2
4 72 2
23 88 1
5 13 2
13 100 1
5 81 1
36 40 2
11 102 1
23 75 1
25 53 2
35 95 2
5 103 1
16 110 1
7 33 2
4 81 1
46 68 1
2 68 2
20 86 2
10 95 1
15 30 2
11 154 2
12 39 2
25 110 1
47 153 1
50 126 2
11 112 2
19 76 2
11 66 1
20 165 2
42 59 1
37 83 2
1 15 2
4 99 2
35 100 2
46 131 1
32 146 1
54 91 1
6 155 1
25 152 1
51 162 1
25 164 1
13 149 1
15 68 1
14 125 1
0 89 1
18 28 2
8 155 2
7 151 2
56 59 2
44 62 1
32 148 1
3 97 1
42 168 1
7 139 1
17 159 2
44 114 1
30 86 1
4 102 2
25 88 1
1 42 2
16 55 2
8 54 2
14 135 2
47 49 2
16 44 2
4 45 2
23 145 1
38 133 1
7 108 2
25 166 1
53 66 2
41 52 2
23 122 1
47 122 2
53 57 1
27 35 2
43 55 2
1 91 1
31 93 1
16 162 1
16 117 2
24 36 2
34 84 2
37 51 2
54 146 1
20 136 1
41 110 1
29 43 2
31 57 1
12 33 2
40 162 1
24 70 2
12 129 1
29 51 2
14 17 2
4 95 1
55 117 2
39 93 1
38 125 2
3 54 2
0 147 2
45 129 1
19 27 2
50 64 2
9 157 1
9 94 2
37 95 1
46 146 2
8 93 1
41 156 2
13 90 1
28 83 1
14 105 1
42 126 1
26 73 1
42 96 1
3 85 2
34 96 2
17 45 2
9 27 2
22 106 1
32 43 2
6 113 1
5 155 2
14 69 2
5 41 2
20 105 1
22 122 1
36 55 2
28 72 2
13 158 1
27 151 2
3 145 1
23 93 2
11 76 1
8 43 2
48 135 1
3 11 2
7 83 2
37 53 2
1 49 2
19 63 1
37 100 1
33 105 1
17 118 2
40 113 2
11 37 2
4 42 2
10 83 2
41 49 2
29 128 1
18 71 2
28 117 1
43 145 2
24 26 2
1 143 1
55 101 1
33 94 1
15 66 1
17 70 1
56 71 1
26 38 2
54 99 2
26 98 2
14 88 1
54 109 1
52 142 1
13 159 2
12 17 2
51 76 1
3 159 1
40 89 1
18 49 2
17 163 1
36 58 1
39 61 2
25 144 1
41 99 1
48 127 1
24 29 2
14 66 1
32 168 2
25 36 2
6 31 2
40 56 2
37 78 1
22 25 2
14 36 2
27 33 2
32 162 1
46 105 1
28 73 1
49 140 1
19 30 2
15 24 2
8 169 1
48 169 1
22 114 2
22 72 2
26 103 1
27 37 2
23 158 2
52 79 2
33 113 1
37 45 2
42 151 1
17 77 1
10 127 2
30 77 1
13 79 1
19 109 2
33 140 2
8 52 2
43 149 2
34 94 1
16 17 2
17 145 2
54 55 2
25 140 1
12 51 2
53 153 2
53 155 1
50 157 1
29 74 1
10 40 2
26 78 2
54 57 2
35 52 2
22 146 1
35 71 2
49 125 1
11 36 2
47 73 2
34 90 1
33 35 2
35 40 2
6 72 1
9 136 2
48 72 1
31 117 2
3 8 2
13 123 1
15 80 1
53 146 1
4 131 1
39 84 1
35 116 1
53 137 1
37 38 2
34 155 1
36 86 1
38 131 1
27 32 2
30 40 2
49 128 1
20 113 1
49 167 1
19 79 1
4 152 2
32 70 2
8 12 2
53 141 1
28 94 1
44 46 2
40 104 2
10 138 1
51 67 2
47 91 1
3 167 1
9 24 2
10 118 1
8 113 1
54 138 2
22 53 2
2 140 1
40 42 2
33 50 2
24 40 2
24 128 1
25 115 2
6 109 1
46 108 1
44 121 2
25 49 2
36 165 1
5 123 2
55 91 1
4 100 1
17 44 2
11 40 2
50 55 2
4 29 2
46 79 1
39 130 2
21 94 1
6 117 1
24 34 2
42 55 2
0 46 2
22 75 2
16 146 1
28 84 1
35 150 1
4 7 2
36 64 2
43 144 1
46 149 2
21 86 1
55 160 1
20 44 2
21 76 2
3 37 2
50 121 2
20 132 1
22 89 2
24 82 1
19 21 2
16 50 2
47 57 1
2 81 1
22 42 2
33 111 2
54 162 1
14 22 2
8 121 1
15 141 1
4 135 1
49 145 2
30 144 1
38 70 1
15 47 2
53 100 1
52 159 1
47 95 2
4 132 1
54 83 1
18 44 2
29 60 1
39 62 2
12 42 2
45 90 1
9 98 1
42 142 1
23 89 1
32 40 2
3 42 2
8 139 1
22 86 1
15 49 2
38 118 1
5 72 1
51 115 2
13 145 1
48 112 2
5 28 2
43 52 2
19 84 2
52 135 1
0 119 2
16 101 1
42 145 1
50 91 1
0 102 1
22 87 2
27 82 1
52 55 2
36 41 2
13 161 2
14 54 2
18 83 1
22 43 2
52 126 1
48 153 2
11 159 2
18 57 1
55 113 2
19 59 2
26 121 1
54 63 1
41 150 2
7 134 1
46 93 2
6 118 1
49 90 1
51 136 2
25 90 1
29 89 1
31 36 2
27 123 2
38 43 2
24 67 2
22 55 2
39 65 1
10 60 2
6 19 2
3 4 2
14 132 2
24 138 2
45 63 1
41 43 2
25 145 1
48 79 2
24 113 1
20 40 2
20 126 1
4 103 1
55 114 1
34 82 1
40 105 1
31 56 2
23 113 2
44 138 1
5 105 1
26 142 1
13 31 2
21 81 2
39 120 2
28 160 1
52 84 1
19 26 2
17 117 1
30 33 2
39 63 1
26 79 1
33 64 1
36 69 1
26 117 2
21 141 1
18 117 2
36 59 1
3 35 2
6 151 1
30 121 1
34 63 1
47 75 2
5 32 2
6 55 2
4 58 2
31 133 2
11 128 1
18 160 1
26 147 1
9 48 2
4 63 2
5 104 1
25 123 1
7 165 1
22 29 2
41 169 2
14 24 2
37 108 2
42 143 1
12 35 2
29 65 1
6 156 2
26 55 2
44 150 1
27 31 2
31 115 1
5 42 2
28 51 2
13 153 1
50 110 1
3 160 1
24 97 2
46 100 1
42 90 2
2 41 2
5 10 2
48 52 2
20 30 2
33 74 1
38 85 1
0 64 2
54 155 1
7 107 2
52 90 1
33 48 2
9 166 1
18 95 2
30 32 2
4 38 2
52 160 1
41 107 1
7 116 2
10 114 1
35 111 1
52 155 1
24 59 2
52 156 2
25 51 2
48 152 1
4 21 2
20 119 2
4 54 2
16 81 1
11 106 2
39 158 1
30 125 1
56 92 2
40 101 1
18 85 1
5 71 1
29 57 1
51 127 1
31 164 1
15 27 2
5 27 2
50 99 1
52 74 1
54 66 2
11 43 2
3 95 2
35 72 1
37 130 1
48 64 2
53 130 1
37 102 1
24 75 1
16 48 2
27 97 1
38 137 2
21 66 1
55 74 1
19 138 2
44 72 2
16 19 2
10 128 2
38 154 1
48 125 2
13 28 2
2 87 1
45 56 2
45 83 2
53 167 1
23 116 1
26 35 2
11 28 2
40 80 1
1 79 1
16 56 2
29 77 2
2 96 1
36 43 2
40 54 2
5 17 2
17 139 2
37 131 2
19 121 1
18 100 1
11 121 1
20 72 2
33 129 1
51 168 1
2 50 2
53 92 1
24 85 1
29 87 1
28 40 2
14 45 2
17 40 2
25 63 1
4 52 2
41 81 1
46 160 2
4 90 1
20 85 2
4 16 2
6 110 1
32 79 2
8 36 2
51 117 1
49 76 2
25 68 1
34 120 2
10 167 1
15 20 2
21 52 2
27 51 2
21 143 2
55 128 2
4 113 1
40 166 1
0 148 1
51 120 2
47 54 2
21 129 1
24 135 1
6 124 2
39 66 2
10 30 2
40 44 2
2 4 2
5 58 1
8 34 2
38 49 2
37 41 2
52 125 2
10 39 2
4 121 1
32 46 2
56 126 2
49 84 1
20 166 2
48 163 2
48 119 1
31 72 2
5 57 1
34 44 2
46 154 1
12 16 2
42 87 1
13 120 1
45 123 1
1 127 1
24 109 1
1 165 2
16 109 1
35 135 1
11 122 1
15 40 2
45 99 1
7 29 2
22 119 1
40 154 1
42 112 1
48 113 1
0 141 1
12 162 1
28 107 1
25 59 1
8 109 1
15 78 1
33 81 1
6 133 1
13 36 2
5 88 1
29 61 2
42 136 1
3 126 2
19 156 2
9 120 1
44 58 2
38 54 2
2 90 1
37 154 1
16 54 2
19 60 2
14 162 1
29 133 1
4 61 1
39 138 2
23 60 1
12 37 2
5 25 2
28 85 2
0 133 1
24 165 1
37 75 2
6 14 2
3 168 2
38 153 1
15 34 2
7 10 2
16 47 2
39 118 1
20 39 2
5 167 2
15 69 2
52 113 1
17 164 1
38 94 1
35 37 2
49 101 1
5 30 2
19 37 2
14 44 2
24 33 2
51 141 1
19 105 1
19 87 1
15 86 1
4 146 2
42 49 2
47 60 1
10 49 2
8 97 1
38 81 1
38 127 1
44 115 1
20 57 2
0 152 1
43 51 2
44 161 2
46 164 1
0 105 1
41 127 1
9 47 2
54 106 1
18 130 2
6 33 2
46 52 2
4 35 2
48 131 2
4 143 1
12 18 2
31 116 1
40 147 2
54 134 2
9 37 2
39 117 1
9 115 1
34 138 1
1 20 2
37 162 2
51 101 2
4 14 2
52 130 1
29 164 1
52 161 2
3 155 1
15 16 2
31 112 2
7 152 2
32 155 2
50 123 1
12 110 2
21 50 2
9 153 1
41 104 1
16 25 2
36 48 2
45 79 2
1 22 2
23 51 2
49 50 2
41 114 1
0 156 1
5 38 2
37 147 1
11 30 2
26 100 1
43 74 1
15 52 2
37 47 2
33 123 1
1 38 2
38 149 1
18 74 1
18 115 1
14 118 1
0 12 2
50 134 1
32 118 1
40 87 1
9 143 1
32 115 1
15 119 1
1 111 2
8 38 2
15 164 1
34 118 1
53 144 1
15 124 1
5 20 2
17 42 2
1 13 2
18 41 2
5 26 2
30 54 2
26 126 1
41 108 1
42 166 1
19 61 2
33 151 2
48 84 2
35 165 1
56 115 1
10 136 1
48 96 1
16 84 1
3 121 2
30 154 1
19 75 2
30 51 2
45 93 2
34 153 2
35 105 1
19 104 2
11 161 2
7 125 2
5 82 1
39 165 1
1 29 2
21 56 2
26 64 1
30 60 2
13 95 1
19 55 2
8 131 1
53 64 1
17 129 1
42 137 2
35 50 2
20 50 2
18 94 1
27 126 1
23 56 2
9 141 1
48 108 1
49 74 1
4 144 2
3 135 1
2 15 2
21 125 1
28 159 1
54 145 2
48 104 1
26 86 1
45 88 2
53 138 1
6 112 1
2 113 2
45 112 1
13 32 2
27 144 1
5 48 2
19 122 1
21 152 2
56 105 2
28 136 2
46 157 2
36 100 1
26 34 2
50 117 2
9 102 1
28 129 1
33 51 2
5 55 2
48 92 1
48 114 1
17 103 1
2 166 1
56 104 1
36 67 1
5 47 2
22 153 1
27 43 2
56 123 1
8 53 2
36 128 1
4 13 2
36 147 1
37 144 1
29 49 2
13 29 2
6 56 2
43 155 1
9 36 2
49 162 1
28 105 2
36 53 2
13 64 1
28 162 1
21 53 2
38 65 1
50 118 2
48 118 1
54 104 1
49 95 2
2 72 2
52 122 1
24 102 2
11 169 1
8 55 2
23 163 1
42 47 2
10 162 1
28 45 2
19 89 2
0 72 1
49 131 1
51 111 1
12 54 2
3 38 2
31 53 2
32 53 2
41 130 2
15 41 2
36 122 1
15 109 1
42 60 1
23 148 1
39 80 1
3 96 2
31 33 2
36 49 2
15 101 1
13 107 1
53 125 1
0 59 1
38 67 1
20 65 1
30 130 1
33 164 1
56 154 2
17 55 2
33 53 2
13 137 1
51 159 1
30 46 2
42 84 1
15 29 2
29 72 1
11 21 2
7 147 2
29 168 1
21 156 1
23 86 2
33 58 2
9 112 1
48 74 1
42 165 1
5 34 2
9 156 1
11 136 2
28 122 1
46 81 2
0 11 2
29 32 2
4 18 2
5 22 2
56 87 2
17 49 2
9 81 1
24 47 2
45 81 1
20 138 1
23 65 1
22 80 1
0 144 1
22 90 1
23 36 2
33 146 1
32 42 2
36 157 1
15 88 1
51 88 1
56 156 1
3 49 2
2 117 2
3 68 2
5 109 1
50 161 1
30 140 1
14 61 1
37 153 1
33 70 1
6 100 2
17 169 2
7 48 2
23 80 1
49 103 2
26 50 2
5 16 2
3 76 2
44 157 2
41 163 1
9 23 2
21 41 2
27 137 2
30 129 2
13 114 1
13 27 2
32 131 1
32 69 1
14 100 2
22 47 2
32 64 2
18 29 2
33 122 1
11 31 2
22 41 2
10 78 2
5 33 2
9 132 2
42 146 2
46 66 1
18 53 2
2 77 2
29 166 2
24 112 2
26 163 1
41 83 1
13 165 1
32 122 1
35 140 1
1 48 2
31 95 2
18 81 1
1 76 2
0 103 1
51 100 1
7 128 1
45 100 1
35 44 2
5 164 1
38 64 2
36 109 1
13 40 2
26 51 2
21 24 2
5 153 1
16 85 1
21 30 2
38 82 1
9 33 2
30 165 1
9 83 2
22 164 1
24 41 2
26 45 2
46 133 2
50 102 2
40 159 2
9 104 1
29 110 1
7 53 2
21 165 2
12 144 1
26 82 2
27 115 1
25 34 2
43 167 2
25 33 2
25 101 1
13 56 2
32 77 2
0 6 2
32 88 1
29 95 1
4 97 2
45 52 2
51 135 2
27 132 1
18 139 1
54 86 2
21 57 1
41 53 2
30 115 1
24 133 1
45 169 1
24 166 1
7 15 2
2 137 1
15 100 2
18 134 1
21 93 1
20 54 2
14 113 1
45 150 1
6 168 1
28 56 2
26 40 2
25 26 2
20 25 2
12 93 1
14 55 2
4 101 1
49 110 2
14 81 1
44 101 1
6 77 1
2 28 2
30 71 1
31 54 2
7 46 2
23 79 1
21 120 1
17 100 1
8 59 1
25 48 2
13 67 2
20 106 1
32 35 2
54 144 1
3 39 2
51 85 1
25 67 2
18 87 1
18 47 2
38 143 1
47 160 2
19 71 2
2 64 1
18 165 2
51 118 2
4 15 2
8 136 1
17 90 2
22 96 1
22 33 2
35 98 1
52 120 1
27 60 1
22 76 1
26 113 2
48 98 1
15 103 2
7 161 1
9 54 2
27 69 1
12 131 1
27 46 2
18 55 2
2 142 1
27 109 1
46 89 1
36 76 2
10 36 2
0 96 2
36 80 1
36 98 1
45 164 1
25 120 1
2 35 2
48 154 1
41 147 2
7 104 1
28 89 1
32 137 1
3 7 2
37 56 2
13 162 2
8 76 1
9 71 2
21 166 1
27 165 1
28 112 2
51 54 2
12 127 1
1 82 1
3 45 2
52 136 1
39 113 2
31 47 2
30 50 2
22 98 1
13 82 1
18 127 1
29 47 2
33 54 2
54 81 2
12 57 1
3 163 1
23 24 2
21 168 1
48 136 1
26 57 1
54 120 1
7 144 1
37 89 2
17 57 2
18 149 1
17 48 2
45 134 2
38 45 2
3 73 2
43 44 2
24 56 2
18 48 2
32 54 2
7 38 2
0 71 1
14 91 1
44 120 2
30 161 2
8 75 2
27 102 1
39 52 2
10 122 1
45 167 1
1 21 2
1 37 2
17 59 2
29 105 1
30 49 2
34 43 2
15 143 2
48 128 2
22 48 2
33 104 1
6 135 1
22 162 2
36 107 2
21 65 1
3 99 2
23 155 1
44 98 2
27 61 1
56 75 1
39 77 1
5 97 2
21 73 1
25 52 2
25 71 1
25 111 1
35 157 1
41 164 1
18 60 1
13 49 2
36 152 1
16 73 1
2 57 1
0 136 2
44 54 2
11 96 1
36 111 1
20 26 2
9 168 2
2 104 1
28 68 2
32 36 2
32 39 2
56 79 2
19 115 2
6 8 2
0 34 2
14 139 2
0 36 2
56 140 1
35 106 1
22 31 2
1 36 2
20 55 2
35 45 2
34 113 1
44 124 2
45 65 2
29 67 1
21 110 1
9 56 2
4 36 2
44 59 2
19 82 2
5 135 1
35 158 1
26 105 1
28 57 1
19 161 2
31 34 2
7 106 1
37 99 2
0 163 1
32 78 1
4 65 1
55 94 2
36 103 1
7 30 2
24 50 2
13 14 2
52 167 1
20 157 1
5 52 2
30 131 1
2 136 2
16 126 1
47 77 1
46 130 2
12 95 2
20 29 2
19 95 1
40 62 1
31 41 2
18 153 1
3 150 1
3 5 2
8 56 2
11 19 2
17 18 2
37 126 1
32 103 1
37 55 2
10 140 1
1 51 2
52 164 2
13 108 2
46 165 1
27 164 2
31 85 2
32 63 1
48 60 1
28 59 2
0 17 2
26 120 1
11 17 2
36 51 2
30 132 1
3 69 1
1 47 2
0 122 1
45 59 1
31 64 1
1 103 1
50 82 1
56 81 1
17 35 2
25 43 2
2 134 2
24 150 1
2 30 2
1 18 2
24 62 1
8 40 2
35 147 2
24 49 2
38 80 1
12 71 2
24 141 1
1 27 2
55 131 1
34 47 2
14 80 2
52 82 1
18 104 1
7 43 2
18 110 2
13 51 2
49 109 1
43 129 2
39 131 1
46 76 1
3 119 1
4 133 1
46 153 1
22 134 2
18 45 2
14 35 2
1 65 1
7 73 2
9 159 1
6 111 1
7 156 1
15 108 2
53 142 1
52 78 1
48 85 1
1 10 2
55 81 2
21 124 1
15 18 2
44 112 1
40 163 1
27 122 1
19 48 2
47 81 2
8 88 1
30 113 2
32 167 1
15 167 2
35 59 1
30 44 2
1 28 2
3 59 1
33 126 1
14 153 2
10 164 1
7 91 2
43 54 2
17 168 1
13 45 2
28 108 1
3 146 1
23 35 2
53 123 1
42 162 1
23 69 2
11 166 1
48 161 1
40 94 1
34 125 2
33 135 2
22 115 2
30 149 1
33 41 2
39 152 2
39 48 2
44 47 2
26 46 2
44 109 1
26 49 2
56 78 1
8 102 1
22 49 2
9 29 2
29 82 2
17 60 1
26 53 2
44 55 2
30 47 2
16 24 2
36 164 1
32 169 1
15 19 2
18 140 1
42 117 2
12 98 1
9 43 2
14 90 2
10 109 1
20 49 2
52 95 2
7 69 1
55 147 2
45 48 2
27 42 2
12 46 2
9 135 1
36 72 1
51 59 1
31 55 2
43 110 2
41 128 2
40 103 1
47 52 2
30 145 2
48 144 1
42 133 1
15 55 2
52 105 1
1 72 1
30 42 2
52 69 2
4 49 2
34 115 1
2 8 2
29 86 2
41 75 1
22 36 2
20 79 1
22 24 2
35 113 1
36 144 1
0 110 1
55 60 1
4 8 2
35 122 1
39 76 1
4 26 2
18 42 2
39 110 1
26 67 1
33 40 2
11 33 2
38 83 1
33 149 1
43 104 2
41 65 1
13 83 2
53 68 2
27 141 1
54 126 2
7 64 1
12 25 2
35 152 2
6 11 2
28 152 1
25 79 2
28 60 1
3 154 1
11 127 1
5 94 1
1 34 2
45 64 1
53 78 2
2 162 2
38 53 2
36 50 2
51 147 2
5 121 2
2 38 2
17 97 1
53 109 2
37 145 1
40 88 2
49 70 1
31 43 2
12 136 1
2 109 2
13 117 1
4 48 2
32 163 2
52 91 1
24 167 1
23 70 1
10 43 2
1 40 2
15 117 1
1 102 1
22 46 2
20 110 1
41 47 2
3 166 2
41 160 1
31 149 1
17 23 2
29 108 1
13 48 2
9 86 1
37 84 2
27 40 2
23 34 2
5 53 2
35 85 1
5 143 2
11 26 2
5 51 2
43 163 1
7 49 2
37 151 1
13 60 1
4 105 1
28 65 1
28 34 2
49 161 1
55 73 2
30 117 1
43 132 1
12 50 2
8 50 2
14 108 2
49 132 1
2 36 2
50 153 1
28 82 1
43 138 1
26 41 2
11 34 2
25 50 2
22 110 1
47 92 2
39 151 1
5 128 1
45 49 2
23 103 2
26 76 1
23 30 2
51 86 1
16 38 2
40 66 1
29 150 1
20 125 1
31 90 1
28 52 2
9 133 1
12 20 2
34 92 1
2 83 2
22 28 2
24 145 2
9 32 2
22 112 1
47 130 1
10 46 2
2 52 2
7 82 1
45 153 2
26 124 1
33 93 1
54 78 1
4 78 1
27 104 1
24 116 1
6 127 2
43 93 1
6 116 1
7 11 2
40 158 1
12 83 1
54 121 1
13 50 2
10 21 2
32 145 1
41 60 2
56 128 2
29 73 1
37 124 1
54 95 1
10 87 2
15 77 2
15 163 1
2 49 2
44 126 2
6 147 1
0 87 1
52 87 2
21 106 1
8 141 1
37 141 1
49 146 1
35 151 1
33 46 2
27 110 1
4 137 1
2 16 2
15 157 1
26 30 2
26 137 1
5 24 2
25 38 2
21 149 2
19 157 1
8 39 2
38 90 1
49 134 1
25 113 1
5 142 2
8 18 2
55 145 2
8 10 2
1 108 2
4 71 2
38 112 1
23 41 2
26 31 2
56 130 1
10 27 2
53 58 2
9 28 2
52 103 1
32 128 1
36 101 1
24 32 2
54 153 2
53 54 2
41 157 1
41 77 2
24 154 1
26 42 2
24 39 2
29 31 2
3 65 1
44 137 1
34 137 1
1 168 2
6 53 2
39 46 2
24 35 2
18 36 2
27 47 2
16 68 1
20 34 2
12 56 2
6 89 1
23 96 2
17 38 2
29 122 1
50 165 1
8 69 1
13 141 1
32 41 2
40 153 1
55 135 1
4 43 2
16 49 2
1 159 1
33 125 2
8 116 2
9 119 1
45 54 2
46 113 1
34 78 2
42 102 2
21 34 2
2 37 2
43 92 1
7 103 1
42 108 1
1 113 1
38 120 1
3 98 1
36 38 2
25 29 2
22 148 1
49 52 2
43 71 1
38 160 1
39 147 1
0 128 2
42 97 2
41 154 1
34 36 2
45 159 2
25 156 2
31 108 1
4 53 2
25 133 1
23 119 1
21 122 1
20 100 1
56 157 1
52 152 2
45 74 1
36 65 1
4 107 2
39 146 1
9 155 1
23 90 2
32 92 2
2 92 2
25 40 2
32 132 2
3 143 1
30 72 2
52 54 2
53 127 2
12 43 2
23 72 2
47 144 1
52 61 1
20 151 1
17 24 2
50 96 1
19 41 2
3 144 2
56 57 1
46 58 1
31 50 2
41 134 1
1 152 2
13 15 2
18 64 1
21 46 2
20 150 1
29 101 2
7 77 2
52 162 1
2 48 2
40 119 2
51 75 1
3 14 2
14 57 2
24 60 2
53 99 2
36 124 1
11 107 1
9 22 2
23 74 2
26 75 1
7 17 2
12 126 1
28 43 2
56 145 1
3 25 2
12 32 2
36 104 1
12 160 1
8 148 2
21 62 1
11 56 2
4 51 2
51 58 2
35 48 2
36 93 2
12 40 2
36 123 2
17 131 1
4 23 2
54 127 2
22 52 2
55 56 2
9 62 2
49 150 1
48 167 1
21 43 2
23 26 2
34 143 1
21 37 2
33 39 2
22 161 1
3 10 2
51 99 2
36 84 1
1 46 2
32 59 1
26 159 1
20 23 2
23 150 2
3 94 1
32 164 1
0 51 2
47 82 1
23 81 2
3 67 2
44 122 1
11 64 1
48 70 1
25 81 1
10 133 1
14 37 2
17 142 2
1 6 2
42 157 2
24 140 1
18 119 1
14 32 2
56 64 1
21 115 1
23 59 1
1 52 2
26 47 2
52 98 2
10 14 2
10 76 1
40 160 1
28 137 1
2 6 2
37 97 2
26 115 1
4 67 2
35 90 1
2 59 2
19 128 2
27 117 1
14 99 1
2 69 1
22 92 2
15 39 2
49 54 2
29 147 1
18 30 2
36 105 1
17 26 2
31 46 2
51 125 1
31 153 1
19 45 2
51 122 1
8 138 2
28 87 1
12 31 2
34 91 2
0 18 2
22 91 1
18 125 2
5 50 2
49 93 1
16 72 1
37 161 2
2 93 2
53 164 1
40 99 1
34 74 1
5 73 1
40 145 1
51 72 1
9 108 2
23 25 2
31 121 1
39 86 2
17 135 1
45 158 1
31 161 1
53 86 1
35 145 1
44 130 2
38 116 2
15 152 1
27 159 1
39 42 2
2 54 2
8 100 1
22 168 2
12 167 1
7 25 2
21 148 1
38 47 2
6 13 2
25 74 2
1 56 2
3 141 1
56 114 2
0 16 2
10 144 1
33 119 1
18 102 1
53 91 2
13 91 2
28 150 1
25 112 2
48 106 1
36 91 2
9 93 1
17 122 2
7 140 1
14 65 1
48 99 1
41 61 1
15 51 2
17 81 2
3 55 2
34 112 2
40 146 1
5 19 2
31 96 1
16 42 2
33 99 1
5 150 2
9 44 2
5 14 2
38 145 1
12 148 1
37 115 1
9 122 1
23 54 2
33 92 2
45 107 1
15 22 2
25 54 2
50 169 2
15 53 2
26 56 2
25 147 1
32 100 1
18 112 2
41 115 1
7 160 1
20 37 2
4 40 2
50 63 1
4 156 2
49 55 2
45 46 2
10 132 2
7 154 1
43 146 2
37 98 1
38 76 2
24 99 1
16 137 1
53 87 1
30 118 1
26 133 1
0 97 1
22 132 1
9 101 1
29 159 1
6 70 2
5 107 2
40 77 1
23 110 1
28 135 1
32 48 2
19 154 1
36 94 1
29 149 1
22 144 1
35 169 2
23 38 2
13 53 2
12 168 1
45 86 1
5 67 2
50 66 1
44 155 2
0 84 2
53 114 2
32 102 1
43 165 2
55 67 1
49 113 1
52 117 1
3 53 2
0 118 2
15 148 2
22 116 1
1 55 2
21 96 1
54 68 2
1 11 2
51 138 2
23 168 2
32 108 2
2 42 2
39 83 1
4 116 2
8 44 2
2 98 2
41 131 1
42 91 2
13 131 1
38 114 2
35 127 1
31 142 1
0 70 2
11 143 2
16 107 1
27 44 2
34 103 1
41 112 1
8 137 1
5 78 2
11 108 1
39 126 1
11 18 2
18 111 1
4 41 2
10 96 1
2 5 2
36 82 2
7 58 1
16 52 2
32 135 1
54 129 2
25 108 1
14 72 1
41 45 2
14 70 1
25 162 1
24 37 2
2 148 1
19 31 2
47 74 2
10 113 1
10 59 1
30 61 2
19 113 2
51 70 2
33 42 2
14 20 2
28 49 2
19 81 1
15 81 2
29 100 2
8 15 2
10 131 1
14 26 2
3 17 2
32 57 1
24 111 1
7 28 2
0 13 2
13 127 1
3 27 2
7 149 1
2 105 2
3 136 1
9 12 2
11 109 1
39 70 1
17 19 2
7 155 1
26 102 2
45 160 1
0 79 2
4 96 1
5 18 2
41 126 1
35 46 2
16 121 2
10 84 2
25 106 2
11 151 1
10 163 1
24 55 2
20 42 2
30 36 2
28 156 1
3 29 2
0 31 2
49 97 1
23 29 2
52 141 1
11 22 2
14 47 2
16 46 2
6 75 1
12 72 1
36 116 1
44 88 1
8 33 2
31 143 1
3 89 1
51 57 2
39 58 2
14 147 1
13 35 2
5 12 2
9 17 2
47 168 1
55 96 2
29 79 2
23 28 2
0 27 2
56 73 1
1 16 2
15 26 2
22 70 1
33 154 1
32 51 2
24 168 2
49 147 2
50 106 1
44 67 1
24 159 1
56 166 1
2 149 2
2 40 2
45 118 2
12 26 2
14 49 2
12 22 2
41 85 1
55 89 1
3 52 2
46 88 1
54 59 1
48 87 2
42 135 1
4 34 2
31 120 2
9 76 1
20 24 2
1 9 2
27 168 1
0 61 1
40 55 2
7 52 2
21 42 2
37 94 2
20 121 1
47 106 1
51 109 1
39 160 1
29 102 1
48 150 2
37 105 1
10 98 2
46 150 1
7 114 2
1 53 2
11 49 2
21 27 2
37 156 2
45 60 1
55 79 1
18 22 2
2 17 2
33 45 2
18 121 2
12 107 1
40 92 1
16 130 1
38 151 1
7 35 2
22 45 2
45 146 1
39 50 2
18 105 1
7 26 2
14 52 2
11 72 1
6 41 2
48 134 1
23 147 1
43 102 1
6 21 2
10 32 2
2 55 2
6 32 2
20 112 1
45 80 1
11 134 1
8 26 2
16 37 2
15 73 2
6 120 1
5 140 1
35 43 2
40 93 2
17 120 1
41 113 2
13 18 2
49 120 2
10 18 2
15 17 2
23 165 1
38 50 2
6 134 2
7 157 2
6 79 1
22 77 2
18 31 2
8 32 2
34 42 2
46 118 1
22 35 2
2 102 1
33 142 1
7 71 2
48 149 2
9 139 1
52 112 2
1 134 2
51 103 1
21 48 2
19 39 2
31 51 2
21 153 2
31 52 2
28 44 2
46 106 1
23 85 1
23 164 1
53 71 1
44 119 1
7 129 1
30 73 1
49 68 1
43 80 1
39 69 2
42 81 1
49 80 1
24 130 1
52 145 2
40 102 1
13 44 2
7 12 2
20 45 2
14 21 2
51 105 2
20 131 1
19 137 2
13 168 1
33 68 2
46 86 1
6 10 2
0 127 1
45 126 1
26 166 2
9 69 1
41 132 2
13 33 2
34 163 1
52 70 2
27 98 1
42 43 2
16 99 2
20 159 1
4 85 1
10 47 2
5 23 2
3 44 2
28 165 1
27 103 2
38 88 1
18 144 2
42 125 2
14 154 1
46 124 1
32 68 1
30 124 1
21 80 1
1 87 1
0 33 2
44 113 2
17 29 2
42 127 1
49 137 2
24 104 1
1 120 1
10 108 1
34 95 1
45 142 1
17 52 2
29 68 2
20 58 2
3 6 2
17 74 1
36 95 2
7 95 2
43 114 2
13 155 1
16 132 1
41 55 2
52 114 1
56 62 1
5 77 1
30 79 1
31 83 1
16 118 2
39 96 2
9 150 2
13 152 1
17 89 2
1 162 2
39 68 1
18 76 2
6 129 2
26 44 2
1 112 2
11 65 1
26 160 1
46 167 2
20 137 1
20 96 1
27 157 1
18 96 1
24 72 1
19 118 1
32 38 2
46 132 1
24 52 2
38 134 1
43 139 2
8 112 2
10 92 1
2 60 2
55 68 2
52 138 1
49 141 2
6 51 2
20 140 1
47 141 1
36 135 1
35 84 1
36 99 2
27 130 1
46 84 2
48 109 1
1 17 2
2 143 1
2 74 1
4 20 2
9 138 1
41 76 1
25 124 2
2 26 2
47 88 1
25 62 1
33 116 1
37 114 1
0 90 1
28 70 1
12 146 2
9 20 2
16 93 1
2 79 1
39 162 1
43 124 2
6 22 2
53 82 1
18 79 1
40 139 1
36 56 2
44 52 2
11 119 2
2 10 2
3 36 2
26 62 1
11 24 2
2 61 1
12 41 2
24 74 1
41 96 1
50 79 1
34 169 1
51 143 1
25 118 1
36 151 1
14 53 2
40 96 1
46 101 1
4 6 2
8 163 1
44 75 1
40 115 1
11 55 2
38 146 1
18 114 1
31 138 1
27 149 2
10 81 1
47 55 2
38 157 1
41 129 2
17 134 2
39 123 1
37 119 1
0 44 2
34 127 1
48 80 1
11 20 2
20 43 2
56 61 1
11 79 1
1 147 1
6 99 2
21 67 1
8 124 1
43 107 1
47 128 2
45 94 2
51 123 1
20 64 1
48 155 1
45 116 1
23 55 2
12 154 1
47 79 1
10 159 2
0 117 2
41 122 2
17 62 2
8 51 2
42 123 1
14 62 2
15 36 2
45 104 2
20 28 2
43 109 1
48 101 1
25 95 1
13 81 1
2 3 2
41 54 2
15 48 2
42 153 1
14 87 1
0 24 2
11 110 2
52 68 2
29 141 1
31 168 1
31 38 2
21 49 2
17 108 1
4 147 2
23 101 1
34 55 2
45 110 2
3 81 1
39 136 1
47 133 1
44 160 2
9 46 2
32 95 1
5 144 1
1 132 1
11 47 2
41 80 1
23 127 2
44 133 1
20 91 1
55 100 1
3 116 1
45 55 2
26 146 1
5 7 2
6 20 2
29 155 1
36 163 1
5 116 1
42 141 1
10 23 2
4 110 2
22 54 2
39 111 2
33 97 1
13 99 1
23 31 2
46 168 1
6 122 1
4 86 1
30 133 1
25 82 1
29 59 1
1 148 2
56 65 1
24 105 1
16 69 1
14 25 2
7 8 2
19 33 2
29 152 1
47 131 1
43 94 1
11 74 1
21 99 1
2 91 1
55 154 1
51 144 1
42 63 2
19 50 2
12 161 2
33 138 2
35 153 2
26 87 1
15 70 1
43 147 1
15 140 2
48 133 1
40 65 1
37 117 1
49 153 2
34 56 2
54 84 1
20 80 2
30 128 1
8 157 1
1 135 2
46 138 2
23 160 2
55 72 2
18 37 2
54 100 1
34 73 1
40 169 1
15 97 2
8 65 1
10 125 1
12 106 1
1 32 2
17 41 2
36 39 2
38 113 1
42 129 1
1 116 2
26 141 1
46 115 2
19 69 1
40 91 2
22 62 1
52 93 1
20 94 1
3 113 1
47 87 1
17 37 2
33 167 1
21 85 1
50 122 1
36 88 1
23 153 2
39 94 1
38 164 1
1 121 2
56 162 1
20 46 2
28 151 1
15 31 2
4 11 2
24 31 2
33 88 1
34 142 1
44 147 1
38 124 2
3 80 2
15 58 1
40 131 2
1 129 2
0 149 1
28 58 2
6 68 1
3 134 2
10 44 2
14 63 1
42 152 1
36 37 2
24 54 2
4 164 2
8 21 2
6 149 1
36 70 2
31 74 1
5 21 2
41 118 1
6 92 1
33 106 1
1 7 2
0 130 1
10 50 2
44 158 2
41 143 1
29 139 2
44 103 2
52 134 1
42 50 2
21 45 2
17 36 2
11 165 1
3 26 2
45 75 2
38 102 2
24 149 2
43 65 2
51 84 1
43 53 2
25 165 2
11 48 2
30 138 1
53 79 2
13 121 1
0 29 2
40 138 2
50 52 2
6 76 2
11 82 2
55 65 2
56 91 1
28 101 1
52 96 2
31 146 1
35 110 2
47 118 1
35 146 1
4 160 1
49 133 1
20 56 2
22 165 2
28 54 2
52 53 2
26 70 2
2 25 2
55 85 1
17 152 1
51 64 2
16 20 2
25 66 2
20 148 1
52 62 1
38 95 1
16 106 1
18 137 1
41 66 1
31 156 2
46 54 2
14 141 1
29 93 1
12 96 1
4 88 1
22 99 2
16 160 1
13 136 1
47 62 1
7 55 2
52 148 1
22 40 2
6 65 1
39 82 1
10 63 1
3 15 2
32 85 1
12 128 2
9 110 1
44 135 1
7 45 2
27 88 1
38 55 2
48 51 2
42 62 2
30 147 2
55 116 1
4 154 2
6 82 1
40 128 1
37 54 2
29 148 2
31 130 2
2 51 2
16 76 1
22 34 2
48 151 2
54 90 1
44 94 2
53 69 1
32 93 1
50 108 1
30 90 2
22 111 1
51 165 1
2 110 1
44 53 2
56 99 2
27 50 2
47 103 1
11 97 2
15 133 2
38 98 1
10 106 1
5 43 2
22 113 1
14 15 2
43 46 2
7 41 2
53 122 1
10 82 1
51 166 2
12 152 1
27 75 1
2 135 1
53 128 1
40 140 2
34 166 1
42 131 1
30 56 2
2 45 2
17 137 1
3 161 2
10 91 1
1 77 2
24 58 1
24 162 2
34 48 2
11 81 2
12 87 2
41 153 2
56 150 1
17 32 2
14 111 1
14 28 2
15 115 2
20 69 1
47 69 1
0 45 2
35 47 2
27 116 1
9 34 2
25 161 1
42 61 1
44 107 1
50 88 2
54 157 2
0 67 1
31 86 1
29 54 2
6 145 2
42 116 2
2 29 2
45 125 1
13 61 2
9 103 2
5 159 1
17 123 2
32 110 1
56 70 1
15 92 2
1 30 2
13 135 1
32 90 1
50 151 1
13 133 1
22 129 1
40 72 1
7 79 1
47 114 1
7 56 2
9 49 2
34 110 1
0 2 2
33 38 2
13 166 2
18 157 1
15 149 2
53 111 1
11 53 2
21 164 2
54 97 1
14 85 1
34 165 1
28 146 2
19 43 2
37 87 2
43 168 2
1 35 2
40 73 1
46 128 1
25 77 2
31 137 1
30 85 1
49 143 1
7 75 2
43 121 2
50 115 2
52 110 1
12 119 1
14 128 2
51 129 2
31 99 1
32 55 2
31 49 2
26 92 1
18 167 2
9 31 2
48 146 1
39 54 2
54 79 1
41 64 1
0 137 1
29 66 1
23 49 2
12 89 1
12 92 2
11 104 1
34 68 2
6 43 2
19 147 2
49 123 1
16 145 1
12 55 2
45 128 1
47 98 1
29 121 1
42 89 1
55 82 1
41 42 2
14 46 2
18 88 1
4 25 2
28 100 2
6 25 2
1 54 2
20 52 2
25 28 2
32 127 1
21 31 2
35 55 2
36 46 2
42 122 1
6 143 2
2 34 2
0 42 2
53 145 1
5 80 1
0 22 2
42 54 2
17 119 1
22 51 2
55 105 2
42 155 1
44 76 1
45 130 1
50 78 2
13 63 1
27 155 1
29 36 2
56 111 1
8 27 2
53 89 1
33 56 2
37 76 2
22 63 1
31 65 2
14 41 2
31 141 1
16 75 1
32 94 1
39 104 2
12 61 1
22 58 1
34 65 1
31 118 1
31 150 2
34 167 1
28 35 2
34 149 2
25 87 1
54 165 2
20 21 2
27 65 1
50 112 1
42 57 1
35 133 2
45 119 1
10 130 2
54 102 2
50 59 1
18 61 2
17 99 1
4 56 2
0 10 2
37 139 2
33 71 1
2 24 2
46 53 2
17 102 1
29 103 2
15 75 2
25 41 2
45 115 1
9 52 2
55 136 1
49 91 1
34 69 1
0 169 1
2 20 2
29 140 1
50 119 1
56 141 1
4 28 2
36 115 1
19 28 2
1 4 2
23 134 2
52 111 1
12 165 1
37 91 2
3 106 1
3 133 1
23 102 1
18 156 2
34 62 2
41 141 1
35 107 1
0 151 1
19 101 2
49 99 1
31 106 2
27 63 1
0 154 1
32 126 2
16 168 2
35 164 1
45 97 1
3 31 2
37 79 2
6 114 1
40 165 1
30 104 1
18 43 2
4 5 2
8 25 2
12 112 2
21 118 1
39 53 2
46 57 2
14 89 1
26 32 2
36 102 2
42 79 1
23 99 1
16 83 1
0 120 1
36 167 1
19 132 1
31 102 1
11 92 1
20 38 2
50 77 1
30 41 2
13 128 1
51 81 1
25 142 1
40 50 2
14 112 2
26 33 2
29 34 2
49 112 2
43 69 2
18 35 2
18 39 2
55 130 1
37 106 2
11 41 2
11 39 2
49 75 1
20 73 1
15 62 1
33 101 2
32 104 1
45 58 1
37 40 2
36 166 2
26 99 2
30 142 1
11 99 1
22 128 1
46 72 1
35 114 1
50 167 2
16 127 2
14 67 1
48 107 2
30 66 1
8 72 2
22 30 2
16 164 2
38 106 1
43 141 1
27 77 1
10 54 2
8 70 1
25 130 2
18 131 1
21 47 2
40 148 2
15 159 1
20 61 2
47 102 1
7 62 1
26 134 2
9 53 2
53 60 2
33 55 2
1 45 2
2 33 2
15 105 2
1 119 1
14 19 2
51 155 2
37 46 2
21 114 1
40 51 2
31 68 1
12 141 2
11 77 2
55 104 1
34 81 1
45 136 1
51 126 1
43 153 2
27 119 2
32 158 1
32 113 2
50 69 1
24 106 1
34 111 1
54 124 1
30 74 2
7 143 1
2 126 2
40 141 1
22 118 2
38 51 2
55 144 2
3 120 1
26 39 2
12 155 2
17 76 1
29 40 2
27 121 1
42 163 1
30 111 1
5 91 1
54 112 1
12 65 1
14 42 2
30 48 2
41 56 2
55 87 1
50 62 2
53 132 1
16 149 1
40 67 1
25 46 2
38 101 2
1 8 2
0 58 1
36 136 2
15 61 2
8 126 2
33 77 1
20 51 2
21 136 2
3 22 2
3 92 1
3 82 1
2 46 2
7 87 1
11 113 2
49 51 2
51 139 1
2 18 2
9 51 2
17 138 2
5 46 2
33 141 2
11 148 1
53 139 2
42 167 2
55 66 1
54 62 2
8 67 1
34 83 2
10 150 2
56 97 1
30 53 2
27 131 2
35 39 2
23 50 2
4 136 2
45 155 1
27 38 2
29 113 1
28 30 2
10 17 2
11 60 1
53 150 1
40 124 1
41 86 2
18 99 2
56 148 1
4 10 2
27 134 1
1 156 1
36 44 2
47 78 2
24 84 1
43 88 1
1 14 2
6 154 1
21 102 2
35 93 2
35 92 1
32 147 2
50 101 2
28 39 2
38 48 2
13 62 1
21 26 2
40 167 1
17 84 2
8 123 1
34 101 2
55 162 1
23 91 2
38 61 1
11 54 2
18 54 2
36 45 2
11 142 2
2 85 2
20 31 2
15 35 2
6 9 2
42 56 2
13 94 1
24 87 1
18 63 1
9 77 2
32 44 2
55 138 1
24 43 2
17 43 2
38 46 2
30 45 2
5 6 2
28 93 2
35 168 2
1 101 2
20 107 1
26 69 1
13 21 2
55 86 2
5 152 1
1 58 1
49 79 1
4 24 2
54 139 1
31 35 2
48 137 1
10 79 1
53 101 1
8 108 1
44 164 1
14 104 2
34 66 2
47 157 1
7 23 2
25 119 1
28 104 1
1 90 2
14 16 2
47 140 1
22 130 1
32 121 1
6 40 2
16 163 1
49 157 1
29 163 2
54 123 2
42 106 1
19 85 2
11 46 2
10 77 2
55 132 1
27 53 2
34 161 1
17 113 1
31 100 2
29 83 1
33 112 2
13 105 2
26 48 2
55 92 1
46 51 2
24 69 1
41 79 1
34 116 2
19 133 2
46 163 1
47 164 2
27 49 2
29 158 1
10 123 1
48 166 2
9 14 2
25 97 2
44 139 1
19 131 1
7 94 1
49 100 1
55 119 2
26 125 1
39 116 1
4 141 1
48 138 1
44 99 1
19 153 2
11 15 2
15 56 2
49 118 1
34 141 1
40 108 1
28 113 1
53 134 1
23 52 2
2 12 2
18 148 2
12 45 2
40 129 2
5 44 2
43 131 2
49 64 2
1 2 2
2 32 2
4 60 1
6 90 1
39 156 2
51 62 2
18 89 2
10 22 2
14 130 1
15 125 2
9 57 1
3 131 1
27 167 1
12 23 2
34 109 2
47 127 1
12 53 2
15 45 2
7 166 1
17 121 2
50 76 1
47 59 1
35 36 2
15 139 1
49 115 2
46 94 2
24 137 1
8 104 2
39 161 2
0 4 2
13 85 2
55 164 2
30 164 1
14 79 1
10 42 2
26 71 1
5 100 1
21 155 1
27 78 1
6 85 1
5 15 2
0 49 2
36 75 2
14 115 1
35 91 1
21 36 2
50 70 1
45 87 1
20 36 2
56 85 1
55 124 1
39 56 2
24 65 2
44 49 2
30 69 1
7 27 2
12 140 1
51 102 1
43 156 1
7 34 2
22 81 1
21 32 2
13 19 2
43 152 1
53 163 2
7 47 2
5 65 1
2 89 1
21 113 1
3 130 1
50 141 1
27 57 1
34 97 1
12 130 2
30 150 1
18 59 1
24 42 2
21 44 2
56 102 2
24 68 2
29 45 2
18 82 2
30 127 2
37 39 2
33 153 2
56 83 1
34 139 1
18 26 2
8 85 2
4 30 2
17 46 2
40 137 1
0 164 2
38 62 1
47 86 1
5 29 2
53 151 1
51 142 2
3 132 2
18 132 1
13 84 1
16 23 2
31 158 2
46 120 1
42 119 1
45 132 2
13 39 2
22 145 2
37 59 2
32 160 1
19 77 1
22 120 1
8 125 2
31 136 1
19 96 1
4 161 2
6 23 2
28 133 2
12 122 1
44 73 1
50 144 2
43 79 1
47 143 2
50 125 1
0 161 2
40 41 2
3 20 2
25 56 2
0 19 2
3 86 1
30 37 2
47 154 1
40 100 2
50 81 2
19 23 2
43 140 1
5 108 1
16 31 2
7 81 1
7 169 2
15 120 1
3 30 2
3 75 2
54 167 2
8 158 2
33 136 2
30 81 2
17 153 1
3 110 2
33 150 1
50 163 1
23 146 1
23 105 1
19 148 1
11 23 2
11 120 1
54 147 2
51 128 1
19 141 1
7 146 2
24 71 2
7 65 1
30 34 2
48 97 1
15 59 1
23 44 2
6 26 2
47 76 1
9 147 2
2 63 1
55 99 1
55 158 2
17 87 2
26 93 1
44 129 2
8 42 2
30 168 2
35 49 2
27 108 1
20 59 1
45 51 2
4 142 2
26 54 2
55 61 1
33 117 2
16 139 1
56 112 1
1 150 1
26 88 2
1 124 2
19 35 2
26 118 1
12 143 1
8 120 1
42 78 1
25 132 1
44 83 2
0 35 2
2 14 2
56 121 1
37 49 2
56 110 2
45 47 2
13 151 1
4 118 2
4 124 1
17 125 2
3 158 2
1 83 1
1 128 1
9 145 1
49 163 2
13 87 2
40 149 1
3 21 2
54 61 1
10 62 2
11 32 2
52 147 1
45 67 2
23 53 2
38 158 2
47 71 1
48 91 1
22 38 2
39 153 1
15 93 1
10 126 1
25 168 1
20 68 1
13 106 2
10 48 2
20 109 1
16 119 2
29 46 2
22 169 1
7 102 1
3 165 1
37 134 1
4 75 2
19 98 2
22 137 1
19 32 2
42 93 1
48 54 2
19 93 1
13 25 2
51 80 1
44 146 1
33 155 1
26 97 1
6 158 1
50 109 1
14 38 2
13 22 2
0 47 2
11 69 1
43 126 1
34 128 2
43 127 1
47 159 1
10 165 1
21 72 1
39 132 1
53 97 1
34 154 1
45 156 1
40 143 2
15 136 2
11 75 1
21 39 2
24 146 1
46 67 2
37 52 2
49 63 1
19 142 1
27 84 2
10 120 1
25 42 2
46 64 1
8 77 1
50 137 2
13 23 2
25 45 2
15 28 2
55 78 1
11 90 1
14 39 2
51 92 2
33 47 2
47 109 1
19 90 1
51 157 1
10 89 1
36 108 1
14 142 2
44 71 1
30 31 2
49 165 1
30 162 1
3 40 2
33 43 2
31 154 1
47 85 1
0 116 1
19 126 1
1 66 1
13 102 2
10 35 2
33 118 1
53 80 2
35 119 1
44 156 2
3 129 2
14 110 1
28 167 1
27 114 2
1 153 2
25 78 1
39 115 2
40 125 1
21 59 1
44 148 1
30 123 1
16 82 2
22 78 1
36 47 2
44 169 1
18 51 2
12 115 1
28 86 1
18 56 2
21 92 1
17 21 2
10 102 2
4 32 2
0 153 2
41 59 1
2 31 2
20 78 1
47 51 2
11 114 2
9 130 1
3 105 1
23 63 1
11 12 2
52 146 2
32 166 2
7 136 1
40 43 2
26 60 1
19 151 1
10 13 2
56 82 2
47 117 2
50 97 2
5 89 2
10 86 1
48 77 1
55 156 1
16 80 2
27 73 1
34 89 2
26 153 1
6 30 2
20 118 2
31 148 1
7 117 1
7 88 1
2 120 1
10 156 1
27 36 2
35 41 2
11 156 1
20 122 2
44 153 2
50 131 1
22 147 1
35 104 2
42 67 1
22 156 1
43 164 1
10 85 2
35 94 1
28 155 1
8 63 1
29 44 2
49 142 1
25 136 1
0 54 2
6 18 2
28 149 1
56 120 1
11 68 1
12 29 2
42 128 1
13 103 1
10 104 1
14 56 2
27 105 1
18 92 2
35 69 2
15 98 1
20 154 1
8 89 1
12 147 1
15 54 2
34 46 2
40 157 2
7 54 2
2 9 2
18 65 2
32 134 1
23 169 1
11 125 1
8 159 2
5 133 2
20 33 2
37 63 2
8 16 2
26 144 1
56 60 1
34 77 1
19 111 2
37 160 1
25 35 2
31 84 1
7 115 1
3 162 2
54 160 1
45 145 1
18 20 2
5 56 2
28 114 1
20 97 1
9 154 2
25 47 2
21 69 1
35 154 1
8 84 2
9 75 2
47 125 2
19 51 2
19 42 2
16 100 1
25 75 1
37 138 2
19 145 1
11 70 2
22 39 2
56 94 2
34 85 2
39 44 2
16 151 1
0 139 2
51 110 1
24 44 2
21 135 2
23 161 1
4 138 2
0 25 2
11 123 1
20 76 2
4 127 1
25 150 2
34 79 1
4 33 2
15 155 1
32 139 1
51 164 1
51 158 1
10 160 2
1 145 2
16 61 1
16 158 1
56 169 1
47 167 1
29 81 1
1 96 1
26 96 1
30 58 2
31 166 1
23 40 2
8 29 2
49 81 1
41 120 1
25 96 1
15 23 2
19 53 2
14 84 1
8 165 1
33 62 1
51 71 1
52 109 1
32 33 2
23 167 1
16 27 2
27 148 1
17 144 2
20 115 2
55 80 1
9 121 1
9 118 2
23 129 1
8 129 1
24 25 2
3 125 1
47 113 1
32 72 1
40 53 2
32 91 2
35 38 2
16 129 2
1 136 1
53 102 1
16 45 2
18 27 2
10 16 2
47 89 1
34 93 2
53 103 2
23 131 2
20 142 1
42 159 1
28 127 1
12 24 2
9 41 2
10 169 1
25 55 2
19 36 2
50 143 2
48 50 2
19 164 1
39 45 2
29 115 2
4 9 2
9 45 2
2 75 1
20 92 1
16 86 1
24 73 1
50 113 2
33 66 1
13 97 1
51 60 2
13 77 2
43 157 1
36 87 1
32 107 2
7 84 1
56 153 1
27 125 1
15 144 1
48 53 2
36 42 2
2 67 1
16 111 1
17 96 2
33 63 1
0 5 2
7 120 1
26 37 2
16 135 2
44 128 1
55 58 2
1 68 1
37 112 1
15 46 2
28 92 1
13 34 2
0 129 1
21 33 2
29 39 2
17 127 1
9 129 1
21 123 1
32 138 2
6 66 1
37 72 1
54 82 2
20 101 2
16 166 1
1 98 2
43 45 2
19 47 2
55 134 2
50 120 2
7 18 2
14 30 2
56 113 1
40 118 1
3 137 1
49 136 1
12 36 2
17 94 2
51 53 2
50 152 1
41 62 1
24 38 2
19 135 1
24 28 2
24 53 2
17 25 2
35 159 1
39 92 2
19 116 1
40 121 1
30 158 1
12 68 1
11 14 2
3 103 2
14 151 1
2 43 2
17 147 2
17 126 1
13 109 2
39 51 2
55 159 2
2 76 1
40 109 2
38 63 1
19 108 1
0 142 1
21 70 1
24 93 1
40 156 2
31 37 2
30 68 1
55 115 1
49 88 2
0 134 1
55 148 2
10 33 2
12 28 2
11 118 1
50 124 2
42 110 1
42 130 1
21 88 1
4 115 1
8 166 1
26 165 1
9 35 2
3 78 1
7 126 2
46 92 2
14 27 2
7 105 1
13 115 1
11 117 1
15 37 2
37 85 1
28 32 2
53 110 1
54 133 1
6 148 1
30 153 1
34 87 1
12 63 1
0 158 1
24 30 2
9 64 2
30 139 1
36 61 1
5 126 2
31 124 1
8 31 2
6 138 1
43 86 2
40 79 1
41 46 2
43 85 2
12 118 1
15 57 1
16 104 1
46 71 1
25 157 2
11 38 2
45 168 2
10 105 1
27 39 2
10 38 2
7 86 1
52 163 2
35 130 1
43 95 2
14 68 1
36 117 1
7 39 2
38 139 2
50 146 1
7 131 1
3 48 2
1 25 2
51 95 1
6 16 2
5 31 2
6 28 2
44 108 2
3 71 1
24 136 1
38 108 1
25 32 2
34 39 2
35 149 1
33 107 1
33 36 2
0 1 2
38 39 2
22 143 1
10 53 2
13 167 1
17 20 2
25 127 1
22 26 2
28 29 2
1 137 1
9 18 2
0 81 1
0 113 2
8 41 2
50 87 1
36 140 1
17 92 1
23 47 2
39 78 2
39 107 1
18 23 2
39 148 2
44 141 1
53 121 2
31 66 1
33 109 1
23 43 2
54 101 1
16 53 2
28 48 2
50 56 2
14 31 2
40 155 2
37 158 1
42 100 2
43 101 1
5 85 1
24 110 1
5 141 2
52 129 1
28 128 1
35 42 2
38 73 2
19 72 1
0 38 2
39 164 2
2 21 2
48 69 1
49 94 1
49 130 1
17 133 2
39 135 1
18 66 1
41 48 2
19 20 2
33 44 2
9 113 1
32 45 2
54 128 1
19 64 1
23 152 1
53 113 1
28 46 2
24 27 2
6 7 2
40 142 1
56 125 1
55 133 2
47 115 1
42 44 2
22 68 1
54 168 2
27 162 1
31 101 1
24 124 2
3 111 2
3 34 2
1 138 1
45 114 1
28 63 2
16 140 1
36 78 1
28 121 1
46 145 1
56 67 1
54 88 1
16 165 2
51 69 2
23 156 1
49 164 2
5 120 2
37 58 1
45 76 1
20 164 1
27 100 1
7 14 2
50 127 2
33 127 1
22 167 1
43 130 2
53 56 2
17 80 2
13 55 2
37 61 2
12 109 1
26 43 2
18 168 1
50 130 1
38 44 2
2 11 2
28 31 2
39 145 2
33 159 1
12 58 1
8 128 1
16 152 1
11 58 1
51 61 1
0 155 1
42 164 1
9 67 2
18 116 2
24 155 1
18 24 2
2 27 2
26 83 2
1 86 2
48 143 1
53 96 2
2 130 1
22 166 2
21 58 2
6 101 1
28 38 2
55 83 2
17 72 1
36 110 2
35 65 1
32 49 2
27 140 1
7 42 2
27 30 2
33 134 1
31 155 2
7 133 1
25 57 2
43 161 1
47 161 1
5 136 1
53 157 1
52 168 1
17 154 2
38 72 1
16 124 2
1 115 1
18 52 2
9 16 2
20 32 2
24 161 2
26 108 1
56 146 1
9 92 1
11 163 2
4 83 1
10 129 1
43 56 2
27 56 2
53 160 1
29 76 1
13 59 2
7 150 1
1 131 1
52 77 2
0 30 2
41 101 1
30 108 1
0 37 2
21 90 1
46 98 1
24 134 1
1 151 1
23 33 2
48 164 2
56 107 1
3 13 2
7 37 2
15 65 1
35 87 2
9 15 2
20 71 1
12 163 2
21 35 2
26 85 2
23 27 2
53 94 2
25 37 2
8 24 2
25 30 2
14 122 1
23 95 2
50 104 1
33 131 2
3 140 2
17 22 2
28 132 1
13 118 1
15 44 2
54 156 1
16 40 2
39 121 2
37 111 1
31 48 2
16 108 2
43 47 2
10 41 2
56 101 1
12 105 1
55 155 1
32 161 1
0 3 2
26 161 1
22 124 1
13 46 2
6 83 1
18 68 1
29 55 2
44 77 1
16 122 1
33 67 2
48 93 2
31 151 1
7 40 2
22 131 1
25 92 1
12 19 2
15 153 2
23 115 1
28 91 2
24 83 1
28 138 1
22 23 2
3 50 2
37 60 2
29 30 2
16 147 1
15 32 2
22 102 1
45 117 1
7 19 2
44 84 1
11 25 2
43 59 1
50 168 1
29 80 2
4 12 2
8 13 2
25 104 1
48 83 2
15 122 2
26 61 1
13 65 2
25 137 1
56 68 1
12 78 2
3 41 2
45 161 1
50 74 1
5 96 1
54 74 2
39 129 1
43 98 1
43 117 1
41 44 2
47 123 1
10 56 2
21 121 1
48 147 1
22 140 2
45 84 1
3 47 2
1 70 1
18 109 1
1 12 2
31 63 1
22 157 1
46 136 1
22 27 2
4 73 2
48 123 1
14 103 2
39 168 1
9 151 1
36 57 1
46 49 2
23 107 1
55 102 1
0 85 1
6 108 1
10 37 2
15 90 1
21 38 2
40 95 2
20 130 2
16 21 2
29 48 2
27 154 1
55 139 1
17 166 2
30 148 2
52 153 2
11 29 2
52 157 2
53 129 2
12 111 1
25 27 2
24 80 2
20 128 2
22 59 2
34 140 1
6 12 2
17 64 1
48 121 1
27 169 1
19 150 1
16 79 1
47 116 2
44 86 2
26 129 1
24 163 1
8 46 2
22 103 1
14 50 2
25 98 1
8 9 2
8 17 2
17 115 1
42 88 1
7 51 2
35 60 1
5 79 1
7 80 2
49 168 1
11 126 1
32 71 1
16 112 1
2 70 2
35 161 1
56 72 1
2 119 1
19 103 2
29 70 1
15 161 2
20 162 1
22 126 1
54 58 2
8 14 2
43 68 1
29 92 1
56 108 1
22 149 1
41 105 1
7 122 1
32 142 1
50 51 2
15 25 2
46 125 1
52 73 1
4 39 2
54 113 1
17 91 2
31 114 2
7 92 1
13 138 1
27 161 1
1 161 1
53 116 2
42 70 1
2 22 2
16 36 2
22 37 2
39 141 1
22 44 2
5 162 1
26 52 2
12 153 1
20 67 2
39 128 1
51 104 2
22 32 2
52 158 1
34 126 2
0 48 2
9 13 2
26 28 2
11 83 1
16 105 1
10 29 2
2 66 2
52 165 1
50 57 1
32 144 1
13 139 1
46 142 1
28 126 2
47 53 2
54 70 1
6 47 2
56 109 1
1 50 2
34 131 1
3 109 1
24 51 2
27 28 2
10 26 2
18 126 1
29 97 1
10 45 2
10 52 2
8 134 1
5 76 2
19 56 2
13 30 2
1 41 2
45 127 1
32 97 1
43 111 2
32 106 1
15 102 1
43 148 1
20 134 1
17 31 2
35 88 1
51 79 1
9 74 2
10 139 2
36 146 2
44 110 2
26 140 1
54 164 2
43 62 2
50 150 1
50 67 1
43 150 2
24 132 1
12 48 2
19 44 2
31 162 1
26 148 2
1 31 2
1 43 2
32 37 2
4 89 1
40 134 1
34 151 1
44 167 1
34 76 1
28 50 2
14 51 2
17 155 2
44 142 1
53 55 2
43 87 2
33 114 2
11 84 2
53 154 2
13 104 2
23 32 2
45 120 1
53 166 2
3 24 2
52 76 1
40 48 2
4 151 1
56 84 1
6 48 2
8 37 2
33 169 2
45 166 2
10 94 1
38 130 1
17 28 2
50 71 1
38 159 1
34 45 2
23 120 1
14 73 1
36 129 1
24 115 2
18 77 1
29 143 1
41 162 2
34 50 2
7 142 1
10 31 2
34 156 1
21 84 2
4 120 1
48 82 1
22 69 1
42 169 1
30 141 1
17 128 2
49 56 2
29 63 1
8 11 2
43 66 1
23 139 2
12 49 2
41 135 2
54 107 1
2 144 1
27 55 2
2 44 2
14 149 1
42 53 2
45 108 1
19 38 2
10 117 2
27 112 2
32 141 2
4 92 2
34 51 2
39 119 1
7 13 2
38 52 2
7 36 2
48 132 1
7 168 2
36 79 2
2 7 2
1 69 2
49 144 1
1 24 2
24 96 1
28 139 1
54 96 1
0 20 2
5 54 2
22 50 2
1 39 2
4 44 2
40 57 1
48 168 1
6 167 2
20 111 1
18 86 1
31 92 1
29 69 1
29 33 2
36 60 1
33 102 1
21 61 1
46 96 1
34 152 2
30 109 2
9 26 2
9 99 1
35 167 1
18 34 2
7 44 2
4 79 1
2 150 1
38 40 2
48 67 1
54 131 1
53 115 1
9 142 1
9 164 1
44 48 2
25 89 2
3 43 2
56 165 1
20 41 2
48 58 1
19 58 2
44 100 1
51 56 2
19 49 2
3 9 2
47 83 1
49 166 1
8 119 1
28 140 1
46 162 1
16 43 2
16 35 2
23 98 1
56 144 1
44 104 1
9 79 1
12 27 2
19 25 2
10 61 1
6 169 2
43 75 2
2 19 2
15 42 2
43 76 1
3 23 2
24 147 1
33 76 1
2 39 2
46 102 1
2 13 2
41 106 1
23 135 2
14 124 2
4 37 2
49 138 1
27 107 2
2 94 2
24 48 2
8 20 2
28 148 2
6 42 2
37 148 1
9 38 2
20 143 2
42 75 1
11 149 2
30 167 1
34 37 2
25 138 2
46 61 1
26 143 1
37 143 1
38 99 1
55 166 1
51 121 1
39 133 2
6 35 2
28 53 2
45 70 1
22 142 1
38 109 1
31 160 1
50 160 1
18 67 2
46 143 2
52 71 2
44 154 2
31 123 1
25 148 1
29 75 1
3 87 1
29 132 1
42 115 1
10 19 2
44 50 2
7 138 1
37 103 1
1 81 2
25 121 1
31 44 2
7 9 2
54 118 2
4 46 2
33 110 1
21 83 2
12 47 2
31 40 2
20 149 1
30 92 1
0 66 1
50 53 2
39 71 1
41 74 1
27 62 2
5 70 1
25 105 1
25 125 1
53 117 1
49 60 1
22 138 2
18 33 2
17 95 1
53 143 1
56 135 1
33 60 2
6 146 1
1 106 1
12 66 2
40 46 2
55 141 2
14 136 2
53 73 1
11 103 1
25 103 1
44 51 2
14 33 2
32 157 1
40 151 1
3 12 2
36 134 2
37 88 1
55 152 1
18 97 2
49 154 1
40 133 1
27 79 1
34 38 2
11 137 1
43 108 1
14 134 1
10 88 1
42 51 2
15 158 1
55 123 1
38 60 1
54 89 2
6 15 2
39 75 1
45 122 1
6 49 2
3 124 1
35 54 2
18 62 1
1 60 1
13 126 1
0 55 2
50 158 2
36 54 2
31 131 2
50 65 1
49 82 2
31 75 2
11 150 1
38 155 1
18 128 2
7 61 2
39 49 2
1 155 2
19 54 2
2 168 2
6 37 2
15 111 2
5 99 1
12 21 2
33 69 1
45 95 1
16 33 2
30 97 2
17 39 2
53 131 1
19 168 1
50 105 1
46 151 1
17 82 1
9 127 2
17 50 2
37 44 2
1 93 1
6 164 1
51 154 1
27 91 1
20 35 2
17 107 1
18 46 2
20 22 2
56 149 1
28 42 2
33 143 1
20 87 1
9 11 2
13 41 2
33 89 1
26 90 1
1 26 2
38 121 1
11 50 2
29 41 2
5 40 2
32 96 2
3 33 2
36 73 1
30 122 1
7 16 2
49 66 1
16 128 1
27 124 2
26 128 1
21 28 2
13 140 1
54 73 2
12 150 2
1 44 2
0 28 2
13 24 2
33 37 2
4 114 1
15 130 2
42 92 2
21 64 1
18 90 2
17 33 2
39 157 1
53 76 1
42 46 2
34 54 2
28 41 2
53 140 1
25 58 2
54 143 2
17 53 2
41 78 2
26 58 1
11 42 2
25 31 2
8 94 2
15 113 1
36 120 1
53 104 1
55 168 2
10 69 2
4 104 1
47 112 1
46 69 1
16 157 1
50 155 1
4 17 2
33 87 2
21 54 2
42 140 2
54 119 1
0 50 2
30 166 2
30 35 2
44 118 1
6 95 2
29 117 1
13 93 1
0 8 2
2 145 1
17 114 2
19 144 1
15 154 2
4 22 2
4 62 1
15 64 2
12 123 1
32 47 2
16 39 2
52 119 2
3 18 2
10 111 1
11 160 2
7 24 2
39 106 1
23 100 2
3 28 2
0 9 2
16 32 2
29 50 2
43 61 1
40 52 2
7 124 2
13 89 1
20 82 1
47 129 2
42 52 2
26 164 2
42 45 2
43 119 1
2 73 1
16 28 2
45 147 1
29 56 2
17 27 2
27 166 1
29 167 1
27 111 2
0 73 1
34 35 2
24 89 1
4 76 1
16 29 2
29 126 2
6 80 1
40 90 2
48 62 2
56 159 2
50 58 1
8 98 2
19 167 1
19 29 2
34 41 2
36 132 1
5 35 2
12 52 2
1 130 2
29 156 1
31 139 2
25 44 2
5 160 2
1 23 2
17 106 2
25 76 2
38 162 1
45 57 1
6 166 2
16 138 1
40 127 1
51 116 2
9 30 2
37 69 1
1 118 1
43 49 2
12 142 1
52 89 2
10 24 2
0 7 2
7 113 2
56 134 1
14 82 1
44 56 2
23 136 1
15 63 1
32 123 1
6 44 2
0 26 2
8 156 1
23 61 2
21 169 1
23 66 2
45 111 1
37 81 2
52 80 1
14 97 1
5 8 2
44 81 2
47 58 1
30 57 2
17 101 1
16 134 1
25 73 1
46 50 2
31 109 1
34 133 2
9 39 2
1 3 2
11 100 1
46 119 2
46 152 2
40 135 1
9 40 2
9 125 1
13 57 2
19 94 1
32 136 1
39 41 2
27 113 1
16 159 1
32 165 1
30 38 2
29 98 2
16 59 1
52 139 1
19 127 1
55 75 2
31 82 2
48 157 2
35 56 2
39 105 1
56 90 1
9 70 2
34 105 1
50 83 2
0 56 2
46 47 2
5 137 1
5 114 2
16 30 2
38 128 1
33 124 2
44 78 2
33 103 1
16 65 2
36 148 1
49 62 2
48 116 1
56 86 2
0 52 2
11 51 2
17 157 1
15 95 1
20 167 1
15 50 2
47 48 2
13 54 2
47 138 1
47 61 1
0 14 2
21 23 2
46 95 1
44 57 2
15 162 1
46 166 1
0 138 1
43 143 1
27 106 1
34 157 1
2 139 1
20 123 1
3 16 2
24 45 2
4 129 2
30 55 2
4 70 2
8 161 1
39 159 2
43 122 1
44 45 2
28 36 2
51 151 2
11 35 2
0 106 1
33 163 1
27 142 1
13 68 2
24 119 1
29 64 2
36 160 2
10 67 1
7 101 1
55 142 1
37 135 1
20 53 2
45 138 2
6 161 1
13 111 1
30 169 1
31 125 1
12 34 2
29 129 2
0 43 2
0 80 2
19 34 2
24 46 2
33 49 2
45 92 2
39 134 1
33 90 1
32 156 1
46 135 1
52 150 2
17 160 1
43 154 1
16 63 2
44 89 1
10 55 2
44 66 2
28 78 2
21 25 1
8 145 1
85 146 1
58 60 1
52 58 1
63 90 1
13 17 1
27 80 1
43 60 1
9 19 1
134 146 1
52 86 1
3 139 2
40 152 1
