% n=50 p=33 d=0.33 p_blue=0.66
% k=0
0 20 2
0 2 2
6 13 2
8 12 2
13 45 2
12 45 1
11 16 2
3 43 1
2 19 2
9 12 2
4 42 2
3 9 2
3 38 2
5 18 2
0 40 2
8 11 2
5 31 2
13 43 2
3 22 2
7 13 2
7 10 2
14 25 2
6 31 2
9 29 2
4 11 2
5 17 1
13 18 2
13 30 2
6 7 2
2 35 2
6 16 2
15 47 2
0 28 1
8 34 1
8 16 2
7 16 2
14 46 2
13 49 2
0 9 2
9 31 1
12 15 2
0 23 2
2 38 1
10 11 2
10 41 2
8 10 2
0 7 2
0 29 2
5 16 2
7 45 1
6 29 1
0 8 2
8 36 2
3 13 2
16 48 1
10 28 2
12 49 2
3 5 2
15 21 1
10 14 2
4 10 2
13 16 2
9 35 2
2 8 2
8 49 2
5 38 2
10 47 2
5 6 2
1 20 2
5 15 2
8 14 2
9 15 2
4 34 2
10 12 2
14 19 2
16 36 2
12 29 2
9 47 2
1 7 2
12 19 1
9 14 2
8 28 1
6 22 2
7 8 2
16 42 2
15 48 1
6 30 2
2 4 2
4 16 2
8 44 1
16 27 2
5 28 2
7 11 2
16 37 2
2 15 2
15 25 2
5 48 2
2 3 2
8 20 2
3 6 2
1 4 2
3 27 2
8 27 2
12 41 1
14 37 2
5 36 1
2 12 2
1 14 2
13 38 2
5 11 2
1 10 2
11 13 2
0 34 1
1 37 2
0 27 2
0 10 2
12 32 2
1 12 2
2 33 1
4 22 1
3 29 2
12 34 2
7 31 2
2 27 2
4 8 2
6 44 1
13 24 2
8 39 2
3 11 2
1 33 2
3 48 1
6 49 2
13 40 1
11 12 2
3 44 2
12 14 2
14 43 1
4 14 2
4 15 2
4 13 2
8 22 1
10 31 2
0 42 2
5 43 2
7 20 2
4 40 2
2 49 1
4 48 2
9 10 2
9 28 1
13 21 2
6 15 2
0 13 2
10 15 2
7 29 2
7 35 2
4 23 2
2 14 2
2 9 2
5 7 2
8 19 1
1 8 2
13 41 2
9 26 1
5 8 2
13 32 1
8 13 2
14 30 1
15 36 1
2 16 2
1 6 2
7 26 2
8 9 2
1 26 1
8 33 1
15 40 1
0 6 2
4 49 2
6 33 2
11 44 2
9 20 1
6 39 2
0 43 2
7 49 2
10 44 1
16 23 2
16 33 2
1 28 2
1 45 2
13 14 2
5 24 1
4 47 2
1 31 2
10 16 2
13 33 1
5 10 2
11 21 2
0 21 2
2 25 1
7 34 1
15 16 2
15 39 1
7 38 2
2 10 2
4 5 2
14 18 2
10 40 1
1 15 2
6 14 2
2 11 2
3 4 2
11 26 2
2 13 2
4 41 2
0 11 2
10 13 2
14 15 2
5 45 1
7 12 2
11 35 2
9 40 1
3 31 1
11 15 2
16 28 2
9 19 2
6 34 2
4 7 2
1 16 2
0 5 2
15 46 2
1 24 2
5 14 2
2 7 2
2 22 1
3 7 2
6 10 2
1 19 2
9 32 1
16 29 2
0 15 2
14 35 1
2 28 2
0 41 2
4 9 2
10 21 2
9 43 2
0 17 1
6 24 1
16 18 2
13 42 1
1 2 1
14 20 2
8 47 1
1 3 1
16 20 1
8 24 1
12 13 1
3 42 2
3 20 2
0 3 1
2 5 1
9 18 2
4 19 1
9 11 1
7 9 2
1 47 2
12 16 1
15 18 2
4 6 1
5 13 1
1 11 1
3 8 1
6 9 1
20 42 1
1 13 1
2 18 1
3 15 1
5 19 2
7 18 1
18 24 1
0 4 1
10 19 1
1 5 1
4 12 1
14 16 1
1 9 1
9 13 1
7 15 1
0 1 1
0 24 2
3 10 1
7 14 2
