% n=110 p=60 d=0.33 p_blue=0.33
% k=0
22 89 1
25 107 1
43 44 2
13 59 2
13 93 1
19 24 2
27 49 2
62 76 1
19 29 2
59 63 2
3 77 1
10 24 2
61 72 1
34 48 2
49 94 1
1 102 2
37 56 2
27 35 2
57 64 2
11 26 2
48 81 1
22 64 2
18 22 2
13 35 2
57 73 1
58 92 1
17 34 2
34 62 2
5 25 2
19 21 2
5 13 2
13 102 1
52 88 1
19 52 2
2 7 2
4 20 2
14 43 2
6 87 1
54 83 1
1 109 1
43 65 2
1 42 2
29 45 2
53 75 2
14 49 2
47 82 2
59 84 1
53 101 1
46 93 1
6 27 2
1 92 1
36 62 2
4 53 2
60 102 2
7 27 2
46 55 2
17 32 2
18 42 2
54 80 1
15 25 2
9 39 2
8 35 2
16 28 2
0 86 1
44 105 1
45 75 2
12 48 2
61 63 2
15 41 2
13 21 2
56 96 2
37 46 2
24 35 2
18 50 2
34 69 1
22 74 1
32 99 1
32 101 1
56 107 2
62 108 1
16 56 2
57 70 2
1 43 2
16 20 2
9 36 2
42 47 2
10 47 2
21 48 2
4 43 2
28 55 2
10 17 2
0 31 2
5 11 2
31 48 2
11 48 2
63 77 1
51 96 1
23 65 2
12 35 2
3 48 2
34 63 2
20 52 2
42 46 2
29 41 2
5 64 2
23 40 2
39 88 1
31 34 2
38 63 2
19 57 2
55 93 2
34 53 2
14 60 2
11 18 2
50 51 2
38 99 1
37 60 2
39 86 1
17 69 1
5 15 2
26 42 2
17 93 2
56 84 1
16 36 2
11 58 2
9 45 2
41 63 2
1 51 2
34 35 2
21 47 2
34 42 2
14 39 2
49 104 1
37 41 2
4 62 2
39 83 1
53 89 2
1 24 2
7 33 2
4 18 2
14 19 2
36 37 2
4 8 2
47 63 2
37 38 2
5 80 1
9 59 2
8 11 2
41 59 2
15 36 2
18 37 2
19 32 2
6 82 1
19 86 1
33 84 1
22 52 2
7 35 2
23 41 2
57 107 1
52 62 2
8 60 2
16 22 2
12 100 2
19 101 1
5 24 2
6 25 2
64 68 2
18 36 2
18 64 2
18 97 2
28 40 2
14 52 2
26 43 2
15 40 2
59 95 2
24 45 2
3 45 2
45 48 2
19 71 1
8 33 2
24 62 2
9 62 2
16 62 2
22 31 2
8 38 2
5 94 1
41 57 2
5 95 1
26 57 2
13 25 2
31 61 2
53 73 2
59 70 1
16 51 2
2 36 2
33 34 2
18 23 2
8 100 1
11 17 2
7 26 2
28 94 2
23 52 2
7 82 2
25 26 2
17 42 2
26 39 2
1 29 2
46 107 1
38 59 2
0 52 2
40 53 2
32 95 1
48 64 2
20 48 2
4 11 2
4 57 2
20 43 2
14 65 2
45 46 2
1 76 2
20 30 2
14 55 2
1 52 2
25 68 1
34 45 2
18 62 2
42 56 2
23 71 1
6 74 1
15 103 1
32 45 2
36 47 2
16 84 2
37 52 2
33 36 2
11 44 2
17 44 2
40 60 2
17 38 2
7 109 2
19 104 1
25 76 2
35 101 1
62 65 2
16 26 2
39 41 2
7 41 2
36 55 2
60 63 2
5 51 2
29 62 2
11 20 2
22 84 2
24 37 2
30 59 2
25 81 1
31 54 2
24 29 2
65 69 1
44 50 2
5 43 2
6 31 2
21 30 2
45 60 2
29 30 2
20 94 1
39 67 1
17 50 2
46 60 2
44 56 2
35 62 2
4 15 2
40 42 2
17 77 2
51 52 2
4 35 2
9 70 1
37 95 1
32 54 2
32 36 2
35 42 2
18 53 2
13 15 2
22 73 1
5 108 1
14 62 2
33 97 2
59 62 2
50 61 2
21 62 2
0 39 2
0 6 2
23 24 2
33 52 2
28 41 2
10 23 2
20 58 2
2 57 2
38 49 2
14 24 2
2 10 2
26 52 2
15 35 2
2 61 2
20 51 2
22 94 2
21 42 2
34 41 2
58 95 2
22 35 2
38 45 2
32 48 2
34 43 2
18 35 2
52 76 2
41 51 2
20 66 1
46 57 2
36 54 2
5 29 2
51 71 2
19 44 2
18 43 2
1 18 2
28 32 2
18 94 2
11 54 2
51 65 2
12 19 2
14 15 2
2 25 2
34 47 2
59 69 2
1 41 2
30 34 2
29 38 2
31 84 1
37 45 2
50 63 2
55 64 2
39 94 1
1 34 2
35 59 2
27 31 2
55 63 2
23 88 2
1 8 2
14 109 1
15 97 2
51 103 1
65 79 1
27 64 2
26 62 2
12 33 2
40 93 2
50 67 1
17 24 2
53 78 2
1 64 2
18 40 2
3 55 2
19 61 2
56 63 2
10 13 2
31 51 2
54 103 1
32 42 2
4 9 2
19 51 2
43 50 2
23 82 1
36 85 1
34 81 1
2 45 2
41 88 2
45 54 2
10 62 2
49 52 2
8 57 2
18 105 2
6 47 2
26 28 2
23 57 2
35 54 2
46 109 1
21 108 1
3 56 2
5 35 2
1 40 2
19 38 2
13 30 2
0 50 2
6 43 2
41 77 1
49 96 1
1 81 1
51 62 2
59 109 1
9 82 2
64 96 1
64 76 2
5 31 2
63 67 2
3 109 2
62 63 2
47 93 2
15 109 2
22 58 2
33 64 2
14 51 2
44 53 2
14 40 2
20 55 2
0 2 2
46 58 2
50 104 2
0 7 2
8 74 2
39 79 2
18 88 2
24 78 1
6 32 2
9 88 2
32 51 2
5 34 2
20 23 2
28 63 2
4 42 2
25 56 2
3 79 1
24 85 1
21 75 2
26 49 2
39 60 2
11 19 2
24 50 2
42 83 1
9 85 2
11 49 2
10 32 2
58 107 2
47 60 2
21 71 1
38 39 2
62 86 1
10 25 2
36 96 1
4 83 2
36 38 2
38 54 2
46 104 1
39 47 2
8 99 1
30 81 1
18 25 2
27 70 1
18 52 2
35 77 1
65 104 2
33 109 1
15 28 2
7 40 2
1 12 2
27 39 2
40 55 2
16 41 2
36 97 2
24 57 2
32 102 2
18 90 2
0 62 2
3 62 2
44 58 2
8 82 2
25 50 2
30 86 1
20 65 2
14 35 2
31 64 2
22 93 2
41 56 2
29 56 2
43 77 1
50 58 2
30 31 2
56 62 2
30 54 2
4 58 2
30 42 2
9 34 2
12 51 2
55 60 2
23 46 2
12 85 1
12 21 2
0 46 2
4 16 2
18 76 1
24 38 2
7 8 2
0 8 2
52 58 2
28 47 2
33 60 2
32 76 1
20 61 2
4 76 1
3 14 2
52 104 1
7 66 2
2 52 2
0 25 2
57 94 1
4 52 2
39 61 2
27 37 2
3 25 2
3 83 1
40 58 2
38 104 1
0 58 2
27 53 2
0 12 2
49 56 2
1 20 2
61 99 2
38 93 1
2 62 2
15 31 2
7 56 2
64 94 1
17 41 2
4 73 1
6 37 2
8 15 2
31 56 2
30 38 2
3 10 2
16 46 2
8 105 1
9 102 1
7 10 2
37 64 2
38 102 1
24 28 2
57 102 1
26 65 2
8 78 2
18 44 2
21 66 1
10 50 2
48 65 2
57 100 1
5 55 2
13 20 2
16 52 2
44 55 2
0 101 1
9 37 2
17 99 2
37 44 2
20 32 2
7 15 2
39 55 2
26 70 1
24 44 2
8 26 2
53 97 1
9 65 2
34 59 2
5 8 2
18 21 2
18 32 2
15 37 2
5 28 2
25 75 1
4 12 2
35 82 1
0 36 2
17 72 1
58 78 1
4 19 2
3 24 2
14 57 2
12 49 2
18 31 2
6 40 2
53 54 2
2 28 2
6 41 2
8 64 2
33 65 2
11 59 2
23 63 2
4 33 2
19 30 2
3 7 2
16 31 2
20 39 2
42 44 2
46 103 1
41 85 1
49 50 2
62 87 1
17 22 2
49 97 2
15 20 2
27 36 2
17 40 2
16 90 2
40 67 2
56 64 2
45 51 2
1 56 2
9 58 2
46 49 2
8 29 2
21 27 2
26 29 2
15 48 2
40 97 2
5 33 2
9 49 2
4 25 2
26 61 2
2 39 2
40 103 1
48 49 2
16 23 2
50 79 1
1 65 2
5 73 1
8 20 2
17 61 2
31 52 2
9 20 2
4 23 2
9 27 2
22 45 2
2 49 2
42 91 1
26 27 2
11 65 2
44 57 2
15 44 2
28 60 2
34 50 2
1 63 2
29 92 1
55 109 1
35 48 2
51 105 1
15 18 2
18 34 2
14 87 1
6 11 2
50 96 1
23 75 1
36 84 1
28 31 2
47 57 2
13 78 1
22 83 2
22 37 2
39 53 2
46 63 2
23 44 2
38 43 2
14 56 2
37 74 1
38 96 2
31 59 2
5 50 2
53 65 2
30 35 2
52 84 2
51 73 2
25 30 2
54 100 2
2 12 2
42 81 2
8 91 1
10 75 1
14 58 2
20 26 2
38 78 1
3 64 2
61 101 1
43 69 1
14 90 2
57 62 2
33 58 2
58 69 1
51 89 1
0 56 2
1 14 2
29 93 2
29 95 1
1 27 2
9 41 2
27 28 2
42 60 2
20 46 2
3 37 2
11 88 1
39 73 2
12 47 2
0 53 2
15 51 2
23 93 2
7 97 2
3 19 2
4 67 2
32 56 2
3 16 2
50 55 2
24 46 2
50 54 2
34 46 2
12 44 2
33 80 2
63 89 1
9 60 2
9 12 2
23 32 2
6 60 2
33 62 2
24 52 2
62 64 2
53 85 2
5 89 2
16 40 2
27 45 2
9 17 2
4 32 2
9 46 2
15 27 2
45 52 2
55 62 2
12 34 2
23 72 2
51 57 2
48 76 1
64 97 1
14 26 2
27 32 2
12 70 1
65 90 2
32 59 2
34 71 1
1 45 2
18 30 2
50 57 2
16 53 2
41 53 2
47 54 2
35 53 2
36 45 2
28 62 2
36 74 2
35 107 1
0 3 2
13 106 2
14 48 2
7 31 2
65 86 1
7 13 2
11 55 2
25 52 2
40 51 2
3 36 2
45 47 2
19 20 2
2 59 2
60 71 2
4 13 2
47 58 2
10 65 2
13 24 2
3 53 2
39 40 2
8 54 2
34 40 2
9 15 2
0 30 2
25 105 2
40 80 2
64 99 1
11 23 2
30 88 1
58 62 2
29 54 2
34 98 1
20 72 1
48 53 2
24 41 2
17 47 2
51 53 2
1 36 2
49 72 1
43 48 2
35 39 2
22 55 2
19 75 1
0 42 2
4 61 2
31 57 2
49 99 1
58 84 1
3 18 2
50 93 1
11 22 2
33 35 2
15 46 2
21 85 2
41 52 2
23 38 2
35 76 2
44 81 2
21 59 2
0 64 2
14 45 2
10 19 2
31 63 2
40 61 2
21 34 2
16 44 2
6 51 2
19 54 2
6 7 2
19 93 2
11 84 2
47 56 2
50 62 2
5 47 2
0 16 2
1 3 2
12 55 2
33 48 2
43 46 2
64 75 2
7 28 2
10 54 2
11 39 2
25 87 1
0 43 2
21 69 2
47 71 1
5 106 1
13 18 2
41 42 2
39 56 2
2 24 2
29 108 1
7 25 2
0 51 2
61 88 2
37 39 2
23 60 2
37 51 2
13 17 2
8 40 2
29 44 2
4 46 2
2 14 2
6 22 2
15 47 2
7 57 2
7 92 1
36 81 2
13 64 2
9 35 2
6 91 1
3 63 2
25 41 2
42 62 2
20 22 2
17 64 2
20 42 2
2 6 2
33 50 2
0 33 2
42 99 2
12 39 2
31 55 2
37 61 2
21 109 1
3 51 2
34 58 2
17 108 1
56 61 2
18 82 2
38 53 2
26 34 2
17 88 1
27 88 2
11 38 2
21 39 2
14 83 2
43 86 1
60 61 2
58 97 1
17 85 1
56 65 2
40 47 2
25 70 1
37 42 2
13 43 2
45 68 2
54 85 2
4 45 2
57 66 1
31 98 1
15 68 2
45 69 1
3 57 2
9 21 2
17 31 2
60 75 1
38 67 1
3 61 2
8 37 2
1 38 2
6 36 2
27 30 2
41 50 2
7 37 2
52 95 2
36 46 2
10 53 2
48 55 2
28 56 2
0 65 2
26 36 2
26 46 2
14 61 2
11 81 1
20 105 1
54 89 2
13 67 1
40 84 1
18 65 2
23 62 2
20 47 2
41 45 2
42 88 1
15 21 2
49 61 2
43 90 1
8 79 1
6 85 2
13 29 2
1 61 2
29 97 2
38 83 1
47 64 2
13 38 2
23 99 1
38 94 1
27 82 1
11 43 2
42 50 2
27 56 2
28 29 2
54 95 1
40 91 1
5 57 2
49 91 1
48 54 2
50 108 1
13 77 1
41 54 2
9 19 2
14 22 2
33 63 2
24 59 2
7 18 2
33 40 2
16 109 1
11 36 2
28 107 2
20 49 2
19 48 2
30 52 2
43 51 2
25 103 1
16 18 2
11 62 2
42 53 2
41 44 2
46 62 2
17 20 2
35 46 2
0 70 1
26 44 2
14 34 2
19 62 2
22 38 2
42 49 2
42 54 2
15 57 2
47 72 2
6 57 2
1 26 2
9 32 2
31 62 2
6 45 2
11 92 1
44 46 2
47 76 2
57 60 2
1 49 2
21 22 2
16 91 1
2 55 2
32 41 2
36 42 2
1 15 2
21 56 2
8 14 2
60 80 1
9 50 2
14 28 2
43 52 2
19 65 2
55 107 2
25 34 2
42 79 1
10 61 2
32 44 2
8 81 2
28 42 2
5 18 2
38 47 2
14 42 2
26 55 2
48 56 2
61 65 2
23 26 2
12 57 2
52 54 2
0 5 2
23 35 2
35 63 2
40 49 2
21 53 2
5 22 2
7 83 1
31 45 2
36 49 2
16 35 2
5 41 2
49 89 2
62 70 2
21 77 2
45 74 1
60 64 2
28 67 2
0 21 2
8 36 2
40 85 1
39 101 1
8 52 2
14 97 1
12 42 2
0 24 2
25 39 2
39 48 2
52 72 2
19 78 2
2 63 2
17 28 2
49 55 2
30 65 2
21 38 2
47 65 2
29 50 2
11 37 2
6 79 1
33 57 2
16 64 2
54 97 1
15 23 2
15 79 2
8 24 2
19 64 2
30 92 1
10 33 2
7 55 2
0 20 2
6 59 2
9 84 1
25 53 2
29 34 2
22 75 1
35 84 1
45 58 2
2 17 2
5 6 2
27 38 2
13 101 2
9 26 2
14 54 2
52 67 1
18 56 2
12 65 2
24 95 1
44 45 2
10 31 2
29 51 2
24 26 2
35 56 2
7 24 2
50 77 1
4 26 2
2 13 2
30 60 2
2 108 1
51 94 1
30 63 2
14 91 1
6 15 2
13 63 2
2 19 2
8 16 2
13 46 2
52 63 2
17 102 1
16 85 1
7 17 2
27 46 2
36 91 1
19 37 2
21 44 2
11 68 2
34 52 2
8 51 2
44 73 1
13 85 1
45 63 2
52 56 2
18 39 2
3 17 2
1 83 2
0 4 2
37 75 1
56 60 2
48 63 2
11 79 1
13 44 2
1 4 2
58 89 2
51 80 2
21 46 2
29 48 2
4 47 2
43 97 1
16 33 2
58 63 2
15 32 2
6 68 2
55 61 2
2 69 2
19 97 1
57 90 1
7 54 2
62 95 1
19 102 1
30 62 2
20 75 1
38 42 2
2 67 1
24 103 2
18 26 2
44 61 2
0 54 2
4 91 1
62 74 2
47 59 2
9 24 2
16 27 2
35 38 2
32 64 2
25 64 2
38 55 2
7 103 1
27 61 2
4 97 1
14 64 2
32 35 2
33 61 2
48 61 2
35 57 2
4 34 2
10 37 2
6 46 2
26 37 2
47 53 2
32 57 2
12 61 2
15 95 2
24 39 2
28 54 2
28 61 2
37 53 2
46 56 2
4 22 2
3 28 2
8 19 2
1 53 2
29 58 2
28 44 2
1 94 2
55 97 1
3 20 2
4 88 1
18 51 2
7 67 1
18 19 2
26 56 2
50 100 2
16 29 2
12 59 2
3 70 1
43 85 2
34 38 2
31 83 2
17 35 2
24 36 2
15 17 2
5 27 2
2 85 2
5 17 2
46 47 2
28 43 2
16 79 1
32 40 2
28 57 2
40 41 2
57 67 1
17 30 2
53 80 2
45 59 2
17 54 2
2 16 2
13 65 2
32 97 1
5 75 1
3 41 2
12 27 2
32 98 1
10 35 2
50 89 1
44 54 2
6 78 1
18 83 1
43 96 2
19 50 2
26 48 2
28 53 2
2 9 2
26 30 2
37 65 2
5 85 1
13 62 2
47 69 1
1 30 2
23 28 2
33 53 2
17 33 2
6 21 2
31 101 1
23 29 2
5 37 2
32 38 2
16 42 2
8 28 2
49 57 2
27 98 2
40 44 2
3 21 2
37 48 2
59 65 2
55 58 2
19 84 1
20 41 2
4 55 2
1 22 2
31 105 1
24 30 2
5 16 2
29 36 2
21 65 2
20 84 1
40 46 2
35 47 2
4 92 1
54 60 2
24 71 2
13 98 2
30 48 2
12 60 2
17 43 2
21 64 2
27 62 2
0 90 1
25 95 2
7 61 2
13 22 2
36 102 1
48 87 1
21 29 2
42 65 2
7 14 2
0 45 2
6 8 2
38 41 2
28 51 2
8 27 2
47 55 2
6 16 2
12 31 2
36 57 2
9 47 2
17 26 2
43 84 2
45 62 2
16 66 2
11 12 2
8 22 2
5 36 2
20 64 2
14 81 1
7 36 2
7 51 2
59 67 2
23 37 2
42 45 2
21 49 2
0 37 2
6 56 2
31 46 2
43 64 2
48 60 2
59 100 1
0 102 2
7 60 2
28 101 2
53 86 2
32 68 1
61 90 1
5 59 2
2 37 2
4 24 2
28 38 2
23 30 2
39 42 2
20 68 1
20 98 2
2 68 2
47 49 2
15 42 2
28 35 2
20 59 2
10 63 2
37 63 2
54 73 2
24 65 2
16 88 1
28 64 2
37 73 1
54 59 2
18 29 2
15 39 2
5 38 2
24 56 2
25 28 2
5 56 2
38 61 2
45 55 2
10 91 1
59 92 1
65 84 1
15 93 1
40 64 2
0 84 2
51 101 1
21 73 2
7 20 2
44 59 2
3 34 2
22 62 2
12 67 1
0 27 2
17 52 2
60 81 1
64 89 2
13 34 2
32 50 2
54 77 1
22 26 2
41 76 2
26 95 1
36 64 2
28 52 2
0 48 2
49 86 1
55 83 1
42 97 2
34 57 2
17 25 2
32 33 2
15 45 2
49 68 2
9 69 1
9 53 2
51 63 2
44 47 2
44 63 2
39 43 2
42 52 2
21 95 1
40 65 2
45 57 2
0 105 1
8 84 1
2 4 2
31 95 2
12 87 1
4 87 1
13 53 2
17 59 2
18 54 2
53 61 2
53 60 2
2 22 2
9 16 2
8 66 1
27 50 2
39 59 2
58 71 1
6 17 2
23 36 2
53 105 1
62 102 1
25 54 2
19 53 2
1 55 2
8 62 2
5 12 2
19 79 2
27 89 1
48 58 2
27 41 2
25 55 2
38 70 1
53 58 2
24 90 1
10 59 2
7 46 2
16 68 2
15 91 1
44 51 2
20 86 1
19 100 1
31 38 2
21 33 2
35 91 1
21 102 1
61 82 1
3 23 2
3 30 2
38 48 2
42 64 2
22 29 2
4 5 2
11 94 1
48 52 2
9 94 2
36 40 2
30 51 2
36 41 2
56 67 1
13 31 2
25 46 2
41 55 2
61 89 2
10 43 2
8 48 2
47 102 1
32 52 2
35 49 2
46 78 1
54 55 2
12 62 2
11 41 2
46 70 1
16 57 2
29 39 2
28 48 2
54 62 2
12 64 2
51 60 2
6 52 2
23 39 2
14 41 2
12 28 2
17 49 2
12 77 2
48 83 2
10 11 2
47 48 2
3 86 2
13 19 2
13 36 2
0 18 2
3 15 2
41 73 2
16 49 2
9 38 2
22 99 1
42 63 2
57 76 1
3 54 2
7 62 2
14 46 2
2 44 2
2 64 2
39 46 2
23 79 1
0 14 2
9 11 2
22 23 2
59 94 2
57 92 2
0 35 2
25 35 2
9 31 2
14 25 2
45 71 1
17 62 2
10 34 2
18 41 2
21 68 1
7 19 2
12 46 2
1 10 2
18 57 2
31 92 2
46 50 2
7 58 2
17 29 2
48 50 2
19 43 2
4 38 2
23 33 2
64 109 2
12 32 2
6 89 1
47 50 2
31 39 2
24 53 2
26 67 1
40 62 2
19 22 2
30 37 2
53 64 2
11 45 2
2 58 2
16 32 2
2 27 2
6 62 2
1 33 2
24 32 2
44 94 1
1 11 2
41 58 2
40 89 1
39 57 2
24 40 2
63 66 1
48 107 1
14 23 2
17 18 2
26 60 2
7 84 1
8 49 2
32 79 1
4 31 2
14 66 1
6 86 1
4 28 2
11 14 2
12 14 2
8 68 1
37 57 2
13 41 2
15 24 2
4 64 2
49 69 1
13 28 2
8 10 2
12 50 2
7 59 2
51 84 2
34 64 2
44 48 2
45 64 2
55 65 2
35 45 2
13 27 2
52 64 2
48 79 2
9 30 2
1 21 2
43 102 2
23 49 2
33 71 1
45 49 2
59 64 2
21 58 2
36 44 2
7 48 2
11 32 2
29 68 1
2 32 2
1 23 2
31 58 2
28 104 2
1 25 2
45 85 1
17 51 2
33 43 2
8 53 2
12 41 2
62 90 1
25 33 2
33 68 1
3 75 1
10 57 2
48 51 2
47 61 2
61 96 1
4 56 2
34 55 2
1 59 2
0 97 2
4 10 2
7 50 2
11 40 2
28 37 2
36 50 2
35 95 1
33 44 2
19 83 1
1 7 2
11 21 2
57 106 2
46 61 2
41 49 2
12 74 1
9 23 2
24 43 2
6 42 2
14 17 2
48 85 1
13 109 2
29 65 2
13 49 2
65 75 2
12 54 2
10 36 2
4 85 1
7 43 2
26 47 2
36 59 2
37 40 2
54 92 2
32 88 1
11 33 2
29 71 1
54 99 1
24 54 2
2 50 2
43 60 2
11 56 2
39 69 1
11 64 2
33 41 2
40 54 2
18 46 2
1 99 2
35 41 2
24 33 2
4 65 2
42 74 1
50 92 2
36 58 2
45 96 1
5 65 2
5 60 2
39 63 2
16 73 2
6 108 2
34 92 2
18 92 1
56 71 2
19 45 2
4 108 1
30 49 2
27 103 1
32 34 2
4 21 2
64 78 2
45 76 1
41 64 2
35 92 2
60 65 2
32 46 2
4 44 2
56 105 1
11 28 2
12 63 2
48 66 1
50 52 2
20 90 1
3 99 1
49 60 2
55 68 2
56 103 1
57 61 2
4 59 2
22 41 2
28 99 1
15 53 2
23 48 2
35 60 2
41 62 2
45 80 2
24 98 1
21 86 1
20 27 2
18 108 2
0 28 2
64 106 1
3 35 2
11 91 2
22 36 2
30 55 2
11 53 2
27 44 2
16 45 2
25 97 1
15 33 2
36 61 2
16 103 1
8 34 2
10 99 1
1 39 2
1 16 2
37 99 1
13 51 2
10 44 2
64 88 1
25 61 2
38 62 2
0 49 2
56 95 1
63 103 1
8 50 2
13 54 2
29 63 2
61 62 2
6 65 2
7 53 2
12 56 2
39 107 2
19 36 2
10 15 2
3 58 2
33 78 1
38 80 2
14 27 2
53 106 1
24 84 1
29 49 2
47 52 2
31 44 2
35 75 2
11 99 1
40 57 2
40 98 2
63 64 2
47 97 1
1 47 2
18 28 2
11 83 2
24 27 2
26 74 2
12 95 1
40 63 2
7 44 2
10 29 2
6 35 2
33 89 1
31 81 1
57 59 2
13 23 2
20 56 2
26 59 2
20 28 2
2 46 2
27 58 2
27 95 2
2 74 1
56 66 1
40 48 2
11 29 2
55 76 1
2 60 2
22 39 2
13 39 2
38 57 2
27 105 1
10 18 2
7 29 2
20 67 1
0 29 2
61 104 1
22 49 2
21 54 2
2 34 2
1 5 2
22 57 2
19 63 2
8 56 2
22 28 2
46 64 2
54 104 1
5 70 1
8 92 1
27 40 2
13 75 1
53 57 2
10 55 2
10 20 2
12 29 2
18 55 2
23 59 2
28 92 2
49 53 2
1 9 2
59 96 2
8 21 2
4 40 2
8 47 2
34 74 1
4 104 1
6 97 1
53 62 2
4 37 2
43 58 2
33 72 2
10 87 2
8 71 2
42 101 1
16 106 1
27 34 2
7 39 2
19 35 2
39 65 2
29 77 1
50 59 2
1 58 2
23 56 2
22 48 2
15 74 2
39 64 2
15 63 2
16 47 2
11 57 2
7 11 2
1 60 2
27 60 2
4 50 2
15 61 2
11 42 2
25 85 1
5 30 2
32 107 1
40 76 1
2 92 2
11 13 2
51 88 1
35 52 2
46 52 2
44 70 1
19 39 2
2 54 2
31 32 2
22 34 2
2 15 2
21 84 1
53 56 2
16 24 2
44 99 2
34 95 1
42 51 2
58 64 2
0 63 2
55 94 1
44 62 2
39 58 2
12 20 2
21 51 2
8 55 2
29 52 2
29 78 1
2 66 1
53 81 2
13 55 2
19 33 2
23 61 2
30 102 1
46 85 2
12 30 2
27 33 2
10 79 1
27 55 2
5 20 2
6 55 2
34 96 1
5 58 2
38 46 2
27 65 2
31 80 1
27 29 2
44 52 2
45 95 2
9 77 2
29 31 2
4 95 1
1 67 1
61 64 2
24 42 2
39 62 2
20 74 1
3 59 2
53 94 2
7 98 1
55 56 2
10 21 2
14 73 1
2 29 2
37 91 2
7 95 1
54 56 2
19 47 2
24 61 2
38 64 2
32 37 2
36 43 2
10 69 1
53 63 2
18 33 2
53 74 1
56 57 2
51 90 1
2 70 1
37 83 2
19 58 2
12 68 1
57 104 2
40 45 2
10 48 2
5 53 2
21 74 1
8 59 2
33 104 1
11 105 1
60 83 1
18 48 2
28 105 1
10 89 1
30 101 2
44 77 2
0 59 2
3 27 2
21 63 2
29 60 2
55 86 1
9 13 2
25 31 2
9 54 2
45 90 2
17 56 2
25 62 2
52 100 2
29 57 2
28 33 2
6 48 2
33 47 2
0 11 2
34 49 2
17 19 2
51 64 2
9 61 2
28 46 2
21 101 1
54 57 2
0 41 2
13 48 2
28 59 2
23 69 2
60 106 1
61 93 1
36 82 1
12 18 2
39 51 2
14 71 2
5 44 2
22 40 2
19 31 2
3 65 2
24 69 1
5 45 2
46 65 2
8 65 2
14 30 2
3 40 2
9 76 1
4 14 2
12 84 2
16 55 2
2 18 2
26 107 1
22 65 2
3 38 2
31 65 2
25 83 1
52 101 2
31 35 2
63 78 1
64 65 2
20 24 2
55 99 2
33 81 1
27 87 1
26 35 2
56 106 1
2 33 2
31 49 2
23 109 1
32 55 2
0 76 1
7 64 2
23 43 2
37 62 2
39 82 2
29 46 2
39 75 2
31 78 1
10 45 2
10 38 2
32 74 1
1 46 2
25 49 2
16 77 1
0 40 2
6 30 2
23 54 2
3 31 2
18 27 2
46 72 1
26 82 2
28 36 2
25 47 2
24 48 2
3 98 2
50 53 2
34 61 2
39 52 2
18 67 1
14 63 2
26 103 2
29 42 2
38 52 2
29 40 2
48 77 2
15 56 2
15 22 2
43 54 2
57 85 2
60 69 2
21 35 2
36 65 2
27 47 2
5 83 1
29 64 2
16 38 2
17 91 1
56 102 1
55 88 2
30 84 1
22 63 2
25 40 2
25 36 2
16 30 2
17 53 2
20 62 2
33 39 2
3 92 1
20 50 2
32 106 1
9 40 2
10 16 2
54 82 2
31 53 2
43 73 2
13 14 2
21 23 2
18 59 2
15 67 1
8 45 2
19 26 2
2 5 2
13 32 2
6 29 2
13 87 1
13 42 2
15 64 2
26 41 2
1 6 2
11 25 2
2 26 2
36 66 1
23 53 2
5 26 2
14 44 2
30 36 2
13 107 2
8 32 2
52 61 2
27 107 1
13 86 2
23 27 2
4 60 2
39 44 2
28 34 2
36 90 1
4 36 2
18 109 2
21 37 2
1 106 2
1 35 2
1 80 2
30 71 2
43 100 2
25 84 1
34 54 2
49 63 2
45 50 2
57 87 1
18 79 1
25 65 2
17 45 2
26 54 2
12 43 2
16 48 2
28 39 2
44 86 2
43 107 1
23 96 2
26 53 2
23 55 2
7 38 2
34 72 1
4 39 2
11 34 2
51 54 2
12 13 2
37 50 2
35 40 2
7 45 2
21 45 2
55 59 2
59 91 1
24 63 2
6 34 2
3 33 2
40 104 1
8 44 2
36 56 2
44 107 1
0 22 2
28 58 2
18 85 2
5 42 2
9 86 1
36 51 2
9 93 1
22 54 2
19 40 2
42 58 2
5 7 2
35 80 1
34 65 2
45 65 2
3 12 2
21 40 2
56 99 1
31 104 2
16 58 2
7 21 2
9 22 2
6 38 2
19 41 2
13 89 1
19 66 1
10 76 1
3 73 2
47 83 1
46 51 2
5 21 2
9 57 2
9 14 2
26 58 2
42 48 2
44 74 1
32 53 2
11 97 1
11 47 2
29 98 1
19 46 2
28 75 1
26 72 1
39 54 2
8 25 2
23 42 2
29 61 2
2 47 2
39 93 1
36 78 2
6 81 1
0 73 1
12 23 2
20 44 2
3 29 2
16 50 2
21 55 2
22 61 2
24 58 2
51 70 2
30 75 1
9 81 1
21 50 2
51 91 1
0 15 2
28 49 2
5 49 2
25 92 1
26 90 1
29 32 2
16 63 2
14 93 1
10 30 2
28 45 2
17 39 2
8 30 2
8 46 2
20 73 1
25 29 2
12 15 2
37 84 1
33 59 2
30 70 2
43 63 2
54 58 2
10 58 2
8 17 2
50 65 2
59 60 2
14 29 2
4 69 2
8 18 2
54 69 1
5 14 2
1 17 2
32 39 2
19 73 1
3 60 2
31 43 2
5 32 2
12 16 2
26 69 1
56 91 1
11 16 2
43 82 1
0 67 2
54 70 1
32 49 2
27 42 2
31 36 2
52 94 1
15 16 2
32 43 2
41 61 2
10 82 2
45 108 1
3 47 2
31 40 2
35 58 2
3 5 2
30 50 2
64 79 2
6 14 2
23 102 1
34 60 2
34 39 2
23 97 2
8 42 2
24 88 2
14 20 2
40 82 2
31 50 2
57 63 2
0 60 2
18 20 2
11 50 2
40 100 1
13 60 2
36 48 2
45 72 2
51 59 2
39 50 2
46 53 2
61 97 1
31 89 2
22 76 1
42 109 1
6 64 2
32 58 2
62 103 1
9 55 2
15 60 2
5 19 2
24 96 2
46 108 1
50 56 2
20 63 2
16 81 2
60 82 2
2 31 2
14 38 2
35 50 2
59 61 2
64 104 2
13 37 2
27 81 1
21 99 1
0 9 2
2 51 2
60 77 1
1 48 2
1 19 2
8 31 2
51 109 1
13 56 2
13 40 2
2 56 2
38 100 1
37 55 2
31 33 2
35 64 2
5 9 2
33 42 2
17 37 2
35 65 2
42 106 1
20 53 2
0 81 1
11 27 2
47 77 1
24 25 2
39 49 2
21 25 2
13 70 1
37 43 2
34 36 2
57 82 1
25 94 1
27 83 2
16 43 2
10 39 2
48 70 1
57 98 1
1 13 2
15 38 2
22 27 2
32 62 2
2 53 2
22 103 1
9 43 2
14 79 1
44 65 2
16 65 2
20 25 2
11 90 1
25 45 2
24 51 2
15 85 1
32 63 2
0 55 2
30 57 2
58 106 1
51 56 2
14 53 2
48 57 2
29 37 2
20 33 2
2 30 2
21 60 2
7 32 2
13 79 2
52 65 2
0 13 2
58 105 1
37 49 2
38 50 2
18 49 2
22 42 2
14 36 2
2 21 2
9 18 2
42 43 2
49 66 2
52 53 2
5 48 2
28 81 1
34 56 2
7 30 2
57 84 2
19 49 2
20 71 1
52 59 2
54 102 2
23 51 2
4 98 2
32 47 2
18 24 2
13 33 2
5 102 1
25 66 1
5 52 2
3 103 1
1 37 2
30 61 2
0 47 2
1 31 2
20 85 1
4 63 2
15 65 2
42 55 2
9 63 2
22 51 2
6 19 2
2 40 2
3 96 1
6 63 2
35 51 2
10 12 2
2 109 1
18 47 2
29 73 1
19 96 1
16 25 2
31 100 1
11 106 1
14 74 2
23 45 2
17 58 2
64 73 1
34 44 2
2 41 2
5 39 2
19 27 2
6 13 2
18 45 2
25 44 2
38 89 1
30 39 2
33 46 2
52 57 2
43 61 2
2 3 2
30 40 2
4 49 2
60 91 1
13 97 1
10 46 2
41 47 2
49 93 2
10 52 2
15 52 2
49 62 2
2 11 2
12 26 2
42 59 2
36 39 2
38 81 2
26 51 2
17 21 2
5 61 2
2 101 1
5 103 1
60 107 2
10 51 2
22 78 1
40 59 2
26 31 2
6 103 2
15 26 2
6 33 2
15 19 2
5 86 1
27 57 2
21 31 2
14 50 2
18 100 2
6 95 1
0 44 2
16 67 1
8 89 1
9 42 2
12 83 1
30 64 2
61 70 1
28 86 1
14 31 2
59 66 1
10 49 2
17 82 1
7 47 2
12 40 2
29 94 1
46 48 2
3 49 2
28 65 2
21 24 2
10 40 2
43 109 1
22 47 2
15 102 2
43 59 2
26 50 2
25 48 2
62 97 2
2 23 2
21 32 2
4 41 2
42 57 2
54 61 2
25 51 2
32 60 2
16 39 2
19 23 2
21 43 2
22 53 2
26 32 2
16 17 2
3 9 2
38 65 2
43 62 2
39 77 1
30 32 2
47 94 2
24 108 2
3 50 2
8 23 2
6 49 2
27 48 2
4 17 2
18 86 2
6 93 2
27 43 2
19 88 2
32 69 1
26 79 1
7 49 2
51 55 2
63 79 1
22 32 2
39 74 1
43 56 2
0 103 2
20 34 2
4 27 2
17 98 2
65 97 1
26 106 1
10 60 2
8 43 2
17 76 1
30 46 2
33 49 2
43 53 2
3 8 2
13 104 1
28 96 2
23 50 2
61 78 1
17 55 2
11 15 2
11 31 2
21 41 2
3 39 2
24 60 2
29 33 2
30 33 2
50 70 1
33 38 2
23 34 2
49 82 1
13 16 2
61 75 1
65 107 1
8 63 2
32 65 2
17 63 2
4 48 2
39 106 2
7 63 2
5 63 2
13 45 2
6 26 2
17 27 2
56 59 2
52 60 2
36 109 1
60 62 2
36 60 2
13 58 2
13 103 1
6 9 2
13 57 2
51 83 2
9 56 2
41 48 2
0 10 2
44 60 2
49 54 2
38 58 2
35 55 2
12 52 2
11 30 2
12 25 2
22 46 2
31 60 2
2 42 2
11 24 2
20 21 2
2 95 2
41 46 2
55 78 1
16 37 2
26 40 2
51 58 2
20 76 1
42 61 2
22 68 1
54 65 2
36 53 2
33 37 2
26 38 2
56 109 1
10 28 2
33 56 2
54 64 2
32 94 1
10 26 2
34 76 1
20 37 2
14 33 2
35 74 1
29 59 2
65 70 1
11 51 2
14 59 2
22 33 2
50 60 2
7 69 2
64 83 2
9 10 2
0 77 2
35 36 2
36 63 2
12 69 1
5 10 2
34 37 2
31 41 2
4 71 1
12 24 2
2 35 2
12 53 2
13 26 2
10 42 2
6 61 2
27 52 2
0 32 2
59 77 1
25 27 2
23 25 2
61 74 1
25 101 1
33 51 2
15 62 2
12 75 2
48 73 1
5 62 2
1 57 2
14 37 2
36 52 2
35 99 1
41 65 2
20 45 2
58 85 1
5 23 2
3 4 2
8 103 2
12 22 2
29 47 2
35 61 2
16 60 2
28 93 1
2 48 2
22 43 2
49 51 2
27 59 2
3 32 2
0 38 2
43 55 2
28 50 2
25 58 2
40 50 2
24 55 2
11 102 2
18 63 2
33 101 1
58 93 1
14 16 2
7 65 2
30 45 2
2 88 1
16 54 2
57 58 2
17 36 2
6 24 2
9 44 2
20 36 2
1 32 2
0 1 2
12 58 2
30 47 2
29 90 1
15 30 2
23 108 1
20 60 2
31 37 2
9 48 2
28 30 2
27 51 2
5 99 2
55 80 1
17 46 2
43 47 2
24 80 1
0 78 2
19 28 2
4 7 2
11 87 1
24 34 2
41 43 2
22 56 2
54 63 2
45 53 2
25 63 2
7 22 2
17 60 2
13 61 2
37 47 2
3 6 2
31 67 1
26 64 2
13 80 1
40 108 1
19 42 2
20 38 2
54 109 1
46 95 1
29 35 2
4 29 2
46 59 2
5 40 2
40 87 2
55 57 2
65 71 1
12 106 1
20 77 1
19 34 2
35 37 2
15 59 2
16 34 2
22 24 2
33 54 2
17 68 1
7 12 2
32 71 1
15 43 2
49 58 2
6 58 2
25 38 2
6 18 2
24 92 1
44 101 1
56 80 2
15 29 2
41 90 1
39 45 2
24 107 1
29 105 2
33 45 2
2 8 2
43 49 2
49 59 2
9 105 1
35 43 2
53 59 2
9 51 2
9 28 2
6 54 2
62 100 1
21 80 2
30 53 2
33 55 2
61 69 1
52 55 2
11 73 1
4 54 2
30 43 2
7 9 2
12 17 2
38 51 2
8 61 2
37 54 2
49 64 2
43 104 2
11 63 2
58 61 2
45 97 1
45 61 2
1 72 2
33 105 1
8 102 1
22 60 2
13 50 2
0 17 2
35 90 2
1 2 2
47 90 2
20 40 2
25 32 2
61 102 1
48 62 2
16 19 2
1 54 2
27 92 1
0 57 2
24 64 2
7 73 1
58 82 2
65 82 2
54 74 2
53 95 1
19 59 2
11 61 2
29 55 2
53 100 2
30 58 2
0 34 2
38 40 2
18 61 2
13 47 2
33 70 2
5 54 2
44 64 2
3 104 2
36 86 1
38 44 2
28 100 2
25 60 2
48 59 2
26 63 2
38 75 1
16 21 2
29 99 1
6 50 2
57 95 1
51 61 2
56 58 2
27 54 2
44 85 1
9 98 2
3 43 2
9 64 2
45 56 2
38 60 2
9 52 2
0 75 1
44 49 2
25 69 2
42 70 1
5 46 2
43 45 2
7 16 2
7 42 2
50 97 1
3 82 1
10 64 2
15 54 2
37 59 2
23 91 1
15 55 2
23 64 2
58 60 2
2 20 2
20 35 2
34 80 1
8 39 2
15 90 1
1 28 2
20 29 2
6 23 2
35 44 2
18 60 2
15 49 2
30 41 2
15 34 2
52 79 1
46 99 1
38 85 1
12 37 2
11 46 2
21 61 2
3 13 2
32 100 1
2 43 2
16 96 1
49 65 2
26 45 2
35 66 2
25 108 2
8 58 2
12 36 2
11 76 2
21 28 2
49 103 1
22 44 2
50 64 2
10 27 2
40 43 2
1 44 2
22 59 2
35 103 1
3 22 2
7 106 1
31 47 2
53 55 2
3 44 2
37 58 2
4 109 1
12 38 2
34 51 2
2 93 1
48 74 2
18 38 2
15 101 1
14 32 2
31 42 2
64 80 1
61 92 1
6 39 2
11 52 2
32 61 2
15 50 2
19 25 2
20 54 2
23 58 2
10 22 2
4 30 2
29 53 2
55 77 1
49 73 1
11 35 2
17 80 1
6 28 2
12 45 2
3 11 2
3 26 2
59 99 1
47 70 2
0 23 2
24 49 2
6 20 2
1 71 2
16 87 2
25 42 2
22 25 2
7 23 2
22 106 2
13 92 2
10 41 2
6 10 2
11 60 2
43 105 1
7 52 2
47 109 1
22 50 2
41 101 1
8 77 2
9 33 2
23 31 2
7 34 2
7 80 1
59 78 2
3 46 2
23 101 2
40 52 2
24 70 2
1 82 1
0 26 2
4 84 1
8 13 2
43 57 2
3 42 2
21 26 2
53 70 1
24 31 2
4 6 2
65 100 2
42 95 1
22 30 2
6 53 2
21 52 2
26 73 1
27 63 2
7 86 1
6 12 2
21 36 2
18 81 1
63 65 2
58 65 2
2 38 2
47 62 2
18 58 2
16 61 2
4 51 2
38 56 2
54 78 2
45 67 1
5 100 1
58 102 1
51 102 2
24 67 1
17 23 2
40 56 2
41 60 2
47 51 2
2 65 2
22 72 2
10 14 2
25 57 1
46 54 1
102 107 1
96 99 1
32 72 1
19 60 1
25 59 1
17 57 1
30 56 1
19 55 1
37 86 2
24 89 2
57 65 1
31 82 2
20 57 1
45 92 1
29 102 2
0 61 1
75 88 2
10 56 1
23 107 1
1 62 1
77 84 2
19 56 1
26 33 1
8 12 1
63 82 1
20 31 1
24 77 2
6 44 1
8 9 1
0 19 1
13 52 1
3 52 1
58 59 1
23 47 1
8 41 1
