% n=140 p=33 d=0.33 p_blue=0.66
% k=0
32 39 2
12 17 2
38 124 2
17 121 2
17 18 2
46 74 2
23 35 2
19 43 2
10 112 1
29 34 2
12 108 2
28 101 1
1 62 2
27 48 1
32 57 2
5 63 1
0 16 2
14 125 2
2 25 2
24 120 2
4 11 2
35 98 1
46 111 1
17 77 2
21 44 2
0 15 2
27 113 2
46 55 2
36 66 2
26 98 1
7 71 2
11 108 1
20 130 2
28 121 2
37 96 2
24 112 1
13 82 2
15 60 2
10 22 2
7 126 2
22 24 2
37 39 2
3 7 2
3 17 2
27 36 2
3 35 2
1 6 2
8 43 2
28 46 2
1 17 2
26 92 1
4 87 2
46 71 1
27 84 2
30 45 2
11 23 2
12 59 2
40 67 2
16 27 2
23 133 2
38 86 2
0 92 1
37 57 2
43 44 2
37 109 2
14 66 1
33 107 1
31 88 1
36 118 1
5 11 2
45 58 2
29 44 2
35 116 2
5 33 2
34 107 2
22 94 2
14 24 2
23 48 2
24 36 2
25 104 2
34 42 2
24 136 2
12 26 2
1 27 2
13 127 2
34 94 2
4 124 2
1 5 2
24 50 2
32 101 2
3 86 1
13 24 2
41 45 2
6 110 2
2 11 2
19 39 2
37 135 2
6 40 2
20 59 1
17 24 2
22 135 1
8 45 2
15 35 2
19 128 2
24 73 2
2 53 1
25 53 1
7 88 2
33 105 2
28 83 1
34 135 2
45 92 1
29 137 2
9 26 2
11 124 1
21 68 2
33 87 2
29 69 2
45 117 2
1 18 2
26 106 1
3 9 2
27 28 2
9 38 2
17 22 2
46 47 2
7 11 2
31 33 2
44 52 2
25 38 2
23 81 1
26 31 2
5 74 1
24 42 2
36 58 2
16 44 2
22 31 2
9 32 2
11 85 2
9 31 2
45 101 2
7 46 2
31 42 2
39 74 1
16 92 1
23 44 2
39 44 2
15 34 2
1 35 2
32 109 2
38 55 1
7 109 2
31 46 2
17 78 2
32 108 1
2 15 2
42 46 2
15 130 2
43 103 2
18 126 2
26 29 2
0 61 2
16 76 2
0 29 2
30 44 2
28 32 2
5 41 2
3 20 2
2 43 2
16 71 2
27 37 2
6 24 2
23 85 2
44 108 1
7 25 2
23 32 2
23 25 2
5 30 2
23 84 1
2 112 2
5 48 2
6 27 2
28 84 2
11 99 2
1 85 2
16 96 2
7 27 2
7 19 2
6 19 2
0 24 2
12 22 2
22 37 2
9 39 2
11 83 2
5 16 2
38 46 2
30 88 2
7 134 1
1 88 2
0 135 2
8 21 2
13 14 2
6 101 2
31 105 1
19 23 2
22 108 1
24 37 2
29 111 1
24 91 1
5 9 2
25 71 2
11 138 2
4 40 2
5 15 2
18 41 2
21 82 2
24 32 2
1 108 1
0 99 2
34 104 2
37 139 1
19 20 2
27 132 2
0 25 2
9 100 2
37 71 2
29 43 2
44 129 2
13 22 2
0 128 1
13 17 2
0 126 1
5 21 2
9 21 2
7 40 2
2 94 2
33 95 2
28 37 2
32 33 2
17 40 2
26 46 2
45 89 2
6 111 2
24 127 2
13 116 2
39 91 1
13 96 2
0 33 2
1 20 2
4 58 2
6 29 2
10 30 2
32 38 2
15 115 2
5 44 2
0 109 1
10 56 2
3 24 2
1 32 2
9 118 2
0 56 2
28 52 1
28 43 2
15 45 2
44 97 2
19 84 2
28 89 2
25 31 2
5 52 2
42 91 1
42 111 2
31 68 1
16 33 2
11 44 2
45 135 2
12 105 2
7 93 2
1 19 2
41 48 1
9 27 2
26 120 2
43 45 2
17 28 2
40 45 2
30 39 2
18 44 2
6 100 2
18 103 1
38 113 2
19 65 1
8 23 2
38 67 2
7 128 1
13 70 2
43 98 1
26 121 2
45 62 2
32 92 2
7 107 2
34 46 2
6 18 2
22 51 2
36 37 2
28 123 1
41 64 1
28 67 2
33 81 2
10 34 2
37 53 1
23 61 1
11 17 2
2 12 2
29 98 2
21 79 2
10 28 2
7 124 2
29 50 2
22 109 2
45 124 1
0 118 2
12 35 2
31 117 2
26 41 2
29 128 1
0 105 2
27 40 2
18 37 2
37 105 2
14 62 2
13 102 1
11 20 2
39 51 2
17 31 2
0 66 1
40 98 2
19 50 2
30 93 2
16 19 2
19 75 2
7 55 2
0 34 2
2 133 1
39 55 1
5 129 1
20 27 2
19 45 2
6 42 2
21 75 2
18 105 2
21 94 2
34 45 2
2 24 2
13 115 1
10 38 2
26 54 2
2 3 2
17 34 2
19 96 1
15 55 1
36 86 2
4 8 2
16 127 2
27 71 2
2 9 2
4 65 1
16 139 1
0 30 2
7 125 1
0 22 2
21 39 2
11 57 2
0 32 2
5 75 1
39 84 1
15 71 2
31 104 1
17 116 2
0 13 2
19 26 2
42 81 2
32 98 2
5 10 2
13 113 2
14 35 2
30 61 2
7 70 2
12 80 2
3 10 2
9 15 2
31 139 2
12 58 2
45 51 2
5 112 1
0 38 2
19 44 2
39 41 2
32 97 2
38 71 2
8 26 2
42 120 1
9 108 1
24 53 2
1 93 1
4 130 1
21 92 2
17 132 2
40 70 1
38 68 2
27 137 1
7 96 2
32 45 2
0 1 2
23 34 2
23 75 2
24 39 2
45 84 2
8 77 2
8 130 2
5 40 2
44 54 1
31 36 2
23 45 2
5 31 2
18 114 2
32 124 2
43 67 2
20 127 2
22 34 2
4 36 2
27 100 1
2 64 2
40 97 2
46 60 1
46 83 2
35 43 2
7 26 2
23 101 2
11 134 1
41 138 1
7 45 2
39 134 1
7 32 2
2 7 2
19 68 2
3 71 1
31 103 2
23 138 2
22 87 1
16 128 2
30 71 2
12 72 2
11 29 2
5 77 1
27 95 1
41 80 2
6 31 2
5 134 2
15 38 2
12 24 2
20 58 1
20 138 1
14 80 2
4 5 2
16 97 1
9 19 2
36 82 2
21 27 2
25 57 2
29 36 2
21 41 2
17 45 2
25 113 1
33 89 1
18 34 2
2 45 2
25 116 1
5 23 2
38 66 2
8 18 2
27 139 2
28 68 2
35 44 2
35 39 2
24 35 2
5 18 2
9 117 2
43 100 2
10 72 2
21 30 2
37 93 1
12 36 2
6 53 2
38 83 1
29 40 2
4 82 1
44 103 2
21 33 2
1 23 2
40 48 1
3 5 2
13 114 2
24 26 2
39 120 2
15 94 1
40 42 2
33 41 2
23 42 2
37 45 2
14 74 1
25 94 2
3 15 2
0 31 2
7 117 2
32 106 2
9 33 2
2 14 2
10 40 2
14 29 2
37 59 1
11 33 2
30 41 2
15 40 2
25 56 1
0 7 2
2 34 2
21 104 2
5 136 2
16 83 2
16 90 2
24 109 1
5 45 2
25 80 1
17 130 2
29 32 2
27 68 2
2 38 2
42 44 2
9 44 2
3 42 2
12 94 2
10 118 2
30 51 2
1 112 2
29 97 2
36 101 2
21 29 2
4 39 2
3 116 2
7 37 2
27 104 2
22 130 2
2 42 2
14 85 2
15 27 2
12 61 1
31 127 2
33 101 1
29 136 2
11 28 2
4 122 2
10 115 1
1 123 2
11 115 2
44 109 2
10 27 2
34 35 2
35 130 2
7 14 2
4 123 1
22 82 2
17 41 2
26 136 1
21 65 2
13 84 2
0 45 2
22 121 2
17 37 2
6 17 2
24 72 2
12 18 2
39 68 1
8 32 2
11 35 2
25 42 2
8 42 2
14 51 1
5 35 2
11 128 2
19 34 2
41 79 2
11 73 1
31 107 1
7 130 1
1 99 2
15 56 1
21 23 2
38 41 2
22 38 2
14 23 2
34 36 2
3 23 2
44 50 2
2 72 2
32 37 2
43 70 2
13 19 2
15 64 2
31 61 1
39 46 2
17 63 1
11 53 1
3 13 2
18 65 2
25 61 2
32 64 1
3 25 2
40 44 2
44 124 2
0 35 2
26 40 2
34 41 2
29 65 2
4 43 2
18 46 2
10 37 2
38 132 1
21 25 2
20 88 2
3 51 1
8 38 2
38 44 2
4 17 2
18 23 2
18 95 2
30 101 2
3 55 2
8 37 2
30 137 2
3 129 2
31 82 2
4 15 2
45 105 1
20 32 2
36 39 2
12 37 2
36 42 2
8 14 2
0 125 2
22 23 2
39 45 2
12 122 2
9 70 1
13 107 2
41 119 2
27 91 2
19 21 2
41 122 1
1 38 2
7 121 2
8 24 2
7 132 1
16 138 2
6 11 2
24 77 2
16 132 2
16 136 1
12 46 2
22 93 2
45 75 2
28 47 2
19 110 1
42 107 2
23 40 2
11 31 2
11 27 2
41 42 2
9 136 2
9 51 2
18 81 2
36 124 1
9 110 2
46 76 1
23 135 2
9 134 1
8 60 1
34 79 2
0 12 2
27 123 1
28 122 1
40 83 2
29 121 2
13 30 2
20 43 2
22 96 2
5 57 2
12 126 2
9 13 2
2 5 2
7 9 2
14 26 2
18 26 2
26 39 2
14 61 2
42 116 1
1 127 2
36 93 2
7 24 2
8 46 2
1 15 2
18 102 2
44 90 2
35 95 2
24 34 2
35 105 2
37 102 2
11 130 1
46 50 1
19 133 1
1 107 2
18 19 2
41 112 1
45 133 2
41 126 2
13 46 2
17 108 2
14 56 2
3 119 2
4 25 2
7 64 2
29 90 1
22 29 2
1 63 2
25 111 2
3 92 2
34 38 2
46 129 1
13 45 2
9 34 2
33 108 1
13 43 2
0 21 2
25 48 2
3 41 2
1 10 2
28 64 1
0 80 2
20 62 1
42 92 2
8 59 2
25 129 2
43 138 2
2 8 2
15 36 2
2 4 2
19 119 2
46 108 1
9 35 2
10 57 1
38 89 2
12 39 2
45 85 1
11 16 2
21 61 2
44 116 2
20 61 2
35 37 2
25 102 1
21 131 2
34 50 2
27 98 2
16 105 2
27 108 2
36 107 2
1 43 2
24 138 1
33 55 2
36 44 2
24 134 1
9 84 2
28 102 2
18 39 2
42 69 2
11 46 2
8 114 2
34 115 2
8 11 2
14 34 2
22 120 1
16 39 2
29 37 2
4 38 2
14 135 2
21 76 1
6 94 1
16 137 2
39 42 2
7 48 1
3 39 2
2 22 2
6 73 2
10 126 2
4 48 2
46 89 2
27 42 2
27 101 2
20 42 2
13 120 2
35 93 2
0 42 2
28 109 2
23 36 2
42 51 1
26 129 2
45 128 1
25 26 2
23 98 2
1 28 2
27 35 2
29 89 1
37 70 2
31 49 2
26 62 2
10 35 2
20 23 2
40 116 2
12 118 1
20 24 2
23 38 2
46 128 1
32 80 2
25 101 2
16 31 2
20 28 2
20 129 2
10 32 2
22 75 2
25 39 2
25 112 1
3 26 2
16 34 2
3 85 2
19 38 2
32 115 2
24 105 2
44 136 1
40 64 2
20 39 2
0 65 2
31 64 1
44 87 2
16 65 1
24 128 1
20 75 2
14 42 2
40 52 1
37 120 2
5 95 1
20 94 2
9 17 2
32 35 2
5 38 2
20 74 2
12 78 2
31 39 2
18 45 2
5 116 2
2 126 2
2 21 2
13 18 2
26 60 1
14 84 2
35 111 1
0 44 2
9 41 2
8 104 1
0 95 1
31 32 2
10 11 2
29 51 2
37 113 2
39 89 1
10 14 2
18 52 1
6 45 2
3 12 2
7 98 1
12 33 2
22 25 2
11 21 2
23 92 2
8 19 2
9 111 1
12 109 1
29 95 2
13 76 1
46 81 1
0 88 2
8 64 2
11 22 2
35 65 2
29 79 2
0 58 2
4 45 2
36 129 1
36 88 2
35 42 2
20 45 2
20 70 2
41 49 2
6 62 1
38 40 2
1 26 2
0 40 2
14 46 2
8 103 1
28 41 2
19 92 2
20 22 2
16 30 2
21 46 2
28 34 2
31 53 2
24 40 2
4 9 2
12 23 2
37 92 2
9 16 2
29 46 2
33 38 2
26 33 2
13 64 2
16 36 2
3 11 2
46 82 2
30 35 2
34 136 2
16 126 1
4 34 2
27 90 2
17 29 2
9 123 1
30 111 1
26 112 1
2 20 2
25 99 2
33 123 2
25 32 2
1 37 2
1 42 2
7 42 2
12 14 2
22 115 1
15 84 2
29 39 2
27 73 2
6 74 1
6 7 2
16 23 2
5 92 1
3 31 2
42 61 1
5 118 1
8 9 2
3 36 2
14 18 2
34 89 2
1 58 2
28 127 2
33 44 2
43 71 1
27 31 2
14 108 2
10 33 2
21 66 2
18 123 2
4 37 2
16 22 2
23 128 2
2 103 2
42 119 2
23 47 2
42 134 2
25 69 2
22 128 1
6 9 2
24 41 2
20 110 1
6 26 2
9 11 2
42 55 1
1 129 2
42 117 2
20 26 2
27 85 2
35 45 2
6 118 2
22 26 2
39 63 2
1 3 2
31 38 2
19 52 2
13 88 2
23 39 2
6 130 1
11 13 2
12 55 1
29 131 2
2 28 2
22 32 2
12 42 2
24 121 2
31 62 2
17 46 2
6 22 2
44 58 1
41 117 2
0 132 2
19 135 2
12 16 2
18 89 1
21 71 2
21 26 2
27 127 2
43 121 1
41 111 2
24 33 2
32 100 2
21 120 2
26 48 2
15 20 2
8 25 2
16 18 2
2 101 2
15 106 2
14 16 2
3 22 2
33 76 2
3 4 2
7 83 1
10 18 2
12 28 2
45 118 1
0 55 2
35 46 2
2 46 2
42 139 2
13 103 2
36 74 1
1 29 2
42 114 2
6 38 2
26 49 1
5 97 2
26 99 2
17 25 2
6 15 2
4 41 2
36 94 1
12 45 2
6 14 2
4 107 1
10 79 2
22 42 2
30 36 2
6 96 1
14 41 2
15 46 2
5 17 2
4 16 2
18 28 2
36 40 2
14 21 2
13 47 1
4 27 2
26 35 2
21 64 2
1 128 1
15 30 2
6 129 1
37 50 2
5 13 2
13 29 2
44 122 2
4 70 1
19 59 2
4 110 1
33 69 2
43 101 2
39 60 2
15 109 2
10 41 2
2 13 2
1 39 2
35 114 2
20 112 2
8 127 2
26 34 2
5 26 2
36 55 2
27 45 2
13 117 1
36 79 1
30 135 1
41 99 2
7 13 2
16 117 2
34 110 2
22 28 2
44 51 2
12 73 2
1 90 1
11 30 2
32 44 2
0 23 2
25 117 2
14 40 2
7 137 2
32 51 2
25 49 1
16 40 2
13 100 2
35 107 2
37 42 2
5 12 2
1 45 2
21 138 2
20 46 2
21 36 2
4 44 2
4 18 2
28 126 1
9 20 2
9 127 2
46 133 1
12 131 2
5 34 2
39 62 1
20 115 1
13 89 2
24 43 2
8 30 2
9 94 2
43 84 2
31 121 2
4 134 1
9 55 2
32 126 2
2 32 2
38 56 2
42 102 2
35 66 2
6 49 2
5 106 2
29 41 2
18 25 2
1 132 2
5 7 2
46 75 2
23 136 1
27 32 2
15 48 2
12 96 2
17 32 2
5 14 2
35 72 2
16 46 2
2 78 2
27 112 1
4 60 2
40 74 2
0 26 2
12 52 2
11 15 2
24 135 2
20 40 2
11 110 2
33 54 2
20 54 2
40 57 2
43 123 2
2 95 2
15 21 2
6 12 2
4 20 2
19 46 2
2 62 1
46 93 2
19 109 2
14 39 2
10 119 1
22 27 2
7 31 2
17 33 2
17 118 1
2 30 2
20 114 1
12 41 2
31 136 2
32 42 2
0 43 2
46 73 1
1 21 2
45 138 1
21 32 2
3 81 2
24 30 2
29 84 1
39 93 2
5 132 1
0 101 1
30 33 2
1 40 2
21 133 1
14 101 2
7 29 2
34 81 2
28 77 1
25 67 2
28 31 2
46 121 1
11 45 2
15 31 2
27 69 1
23 99 2
26 123 2
8 116 2
7 65 2
12 29 2
10 87 2
8 10 2
26 135 1
18 67 2
26 42 2
19 70 1
19 27 2
26 83 1
16 29 2
9 103 2
14 90 2
11 37 2
27 34 2
16 116 2
39 83 2
17 102 2
4 88 2
3 29 2
33 48 2
36 134 2
40 89 2
38 43 2
40 86 2
10 44 2
10 107 2
30 115 2
23 103 1
5 32 2
23 28 2
6 39 2
43 69 2
10 98 2
44 94 1
15 43 2
19 97 2
14 78 2
15 69 2
0 116 1
16 58 1
5 107 2
1 41 2
9 64 2
44 110 2
9 61 2
9 75 2
26 109 1
8 31 2
1 87 2
29 73 2
3 33 2
3 43 2
24 114 1
13 49 2
28 45 2
42 45 2
42 99 2
4 7 2
44 131 1
45 120 2
4 46 2
24 129 2
17 67 2
6 32 2
6 132 1
14 68 2
46 138 2
32 40 2
36 41 2
29 38 2
10 55 1
6 35 2
2 108 2
17 88 2
23 122 2
13 37 2
14 97 1
7 38 2
37 97 2
18 33 2
41 139 1
19 107 2
39 85 2
3 93 2
34 86 1
40 106 2
23 89 1
33 42 2
9 50 2
10 19 2
13 33 2
35 97 2
15 22 2
27 39 2
41 101 2
0 18 2
20 131 1
14 36 2
29 96 2
32 90 2
29 77 2
18 43 2
28 73 2
10 23 2
34 43 2
6 104 2
11 42 2
33 61 2
23 43 2
5 39 2
11 55 1
19 54 1
7 12 2
3 46 2
12 54 1
46 67 2
19 125 2
34 64 2
8 75 2
25 125 2
10 21 2
14 33 2
12 32 2
10 36 2
14 52 1
36 89 2
26 72 2
28 35 2
29 129 2
13 67 2
15 41 2
13 51 1
0 3 2
45 48 2
25 128 2
29 66 2
15 75 2
10 20 2
25 78 2
40 46 2
35 115 2
11 81 2
10 17 2
25 135 2
20 117 2
41 94 2
41 110 1
2 26 2
30 66 2
34 82 1
18 137 2
19 138 2
11 19 2
41 88 1
44 60 2
35 62 2
20 25 2
8 108 1
38 98 2
27 102 2
41 43 2
32 70 2
41 109 1
44 74 1
22 132 1
11 43 2
22 113 2
2 106 2
19 131 2
23 27 2
32 68 1
1 31 2
1 30 2
9 42 2
36 61 1
12 90 1
37 41 2
14 20 2
12 43 2
25 131 1
13 32 2
29 75 2
8 15 2
7 23 2
41 105 2
26 43 2
5 54 1
38 137 2
33 36 2
13 133 1
7 91 2
25 43 2
16 106 1
8 129 2
22 122 1
6 16 2
16 25 2
18 31 2
10 93 2
40 78 2
12 76 1
29 91 2
17 105 1
42 64 1
25 100 2
31 34 2
4 21 2
23 51 2
12 25 2
37 129 1
31 45 2
39 98 1
4 52 2
42 43 2
30 48 1
38 99 2
5 94 1
6 116 1
19 36 2
16 54 1
4 116 1
18 38 2
19 35 2
13 31 2
33 37 2
34 69 1
16 35 2
4 29 2
42 86 2
30 40 2
0 70 2
38 127 2
6 51 2
29 85 2
26 102 2
3 102 2
10 46 2
16 41 2
2 36 2
2 84 1
30 42 2
4 28 2
26 37 2
5 139 2
23 65 2
10 24 2
7 79 2
10 12 2
2 77 2
1 133 1
22 43 2
18 61 2
16 114 2
24 29 2
12 137 1
34 37 2
5 71 2
11 12 2
43 46 2
5 27 2
13 28 2
12 130 2
2 41 2
15 17 2
26 32 2
11 34 2
9 45 2
8 34 2
44 111 1
6 10 2
6 13 2
13 92 1
36 138 2
15 32 2
16 17 2
38 39 2
7 8 2
15 25 2
12 13 2
22 92 2
37 46 2
33 45 2
5 120 2
28 85 2
38 73 1
14 88 1
26 90 2
33 120 1
39 96 2
19 81 2
15 19 2
25 91 1
6 134 2
44 138 2
12 20 2
3 19 2
17 42 2
6 33 2
17 109 2
2 17 2
34 39 2
9 37 2
19 24 2
22 35 2
13 41 2
39 118 1
1 13 2
17 44 2
26 45 2
30 46 2
44 98 2
0 11 2
7 39 2
27 38 2
38 128 2
13 36 2
4 10 2
40 127 2
33 99 2
10 42 2
32 53 1
20 95 2
11 84 2
0 5 2
8 93 1
2 113 1
4 23 2
11 36 2
24 62 1
22 30 2
13 15 2
12 117 2
16 68 2
0 82 2
44 100 2
1 9 2
0 78 1
2 33 2
21 72 2
16 102 2
28 39 2
14 119 2
42 104 2
28 111 2
6 30 2
10 138 2
28 97 2
9 18 2
38 102 1
22 74 2
17 19 2
16 88 2
2 50 1
34 73 2
8 16 2
20 104 1
20 35 2
15 59 1
28 33 2
34 44 2
2 119 1
2 39 2
46 116 2
12 57 1
18 56 2
0 2 2
7 16 2
40 69 2
15 128 1
10 25 2
43 52 2
40 65 1
20 21 2
4 99 1
38 123 2
0 6 2
13 72 2
44 49 1
28 38 2
15 92 2
23 31 2
21 108 2
42 76 1
23 70 1
0 111 2
20 41 2
25 37 2
20 30 2
29 42 2
16 94 2
44 105 2
7 35 2
17 38 2
45 122 1
5 22 2
2 75 2
40 79 2
25 28 2
13 35 2
13 20 2
29 87 2
39 73 2
12 31 2
4 85 1
4 35 2
14 19 2
33 60 1
16 37 2
31 40 2
30 37 2
3 89 1
31 74 2
32 34 2
37 99 1
22 107 2
31 124 2
25 72 2
9 69 2
25 74 2
18 138 2
44 57 2
35 85 2
25 29 2
10 67 2
22 33 2
32 54 1
23 127 2
30 113 1
42 132 1
42 56 2
1 59 2
9 22 2
33 78 2
3 109 1
5 59 2
25 93 1
15 24 2
10 64 1
13 66 1
16 38 2
23 74 1
2 19 2
29 103 1
22 79 1
24 48 2
1 68 2
14 15 2
38 91 1
33 39 2
46 139 1
11 41 2
24 86 2
9 43 2
16 82 1
11 97 2
14 22 2
43 76 2
10 39 2
1 50 2
33 40 2
44 127 1
14 45 2
2 18 2
21 83 2
31 114 2
35 41 2
8 39 2
17 93 1
4 13 2
23 109 2
18 79 1
23 67 1
28 118 2
19 77 1
1 2 2
37 44 2
39 119 2
39 52 2
26 82 1
0 19 2
38 81 2
30 31 2
19 25 2
23 29 2
23 30 2
28 129 1
12 19 2
18 109 2
31 51 2
12 69 2
40 135 2
43 48 2
22 85 1
3 69 2
42 67 2
46 56 2
8 27 2
32 43 2
12 50 1
3 83 2
12 27 2
45 108 2
6 46 2
11 107 2
28 42 2
19 89 2
8 132 2
8 65 2
20 38 2
25 27 2
2 29 2
0 20 2
8 13 2
4 30 2
8 41 2
2 63 1
38 79 1
40 41 2
3 6 2
19 37 2
15 88 1
36 105 2
40 53 1
30 130 1
6 63 2
33 34 2
38 52 1
8 72 1
33 43 2
3 48 2
34 100 1
33 35 2
16 42 2
29 110 1
17 21 2
4 42 2
5 62 2
27 30 2
39 117 1
29 31 2
6 21 2
20 86 1
15 18 2
34 71 1
28 130 2
18 119 2
12 129 2
9 24 2
17 26 2
14 43 2
37 61 1
20 57 1
13 56 1
13 23 2
33 79 1
21 37 2
29 58 2
18 42 2
3 54 2
15 44 2
35 64 1
11 126 2
21 31 2
18 51 2
37 134 1
1 25 2
26 56 2
37 76 1
1 33 2
23 57 2
22 65 2
29 127 2
25 33 2
30 108 2
5 133 2
44 113 1
35 100 2
2 67 2
5 127 2
31 130 2
41 128 2
9 72 2
44 45 2
7 18 2
0 14 2
0 129 2
4 19 2
28 124 1
15 63 1
20 93 1
14 79 2
3 64 2
1 4 2
3 18 2
41 107 2
14 31 2
4 137 1
32 41 2
18 59 2
3 82 2
39 103 2
17 50 2
31 133 2
29 45 2
14 67 1
23 41 2
24 44 2
13 44 2
30 32 2
16 125 1
6 8 2
23 58 2
17 39 2
0 10 2
36 45 2
1 104 1
2 44 2
38 107 2
3 138 1
8 68 1
38 42 2
31 109 1
22 68 2
24 117 1
6 36 2
25 45 2
38 45 2
1 51 1
15 67 1
43 111 2
40 105 2
7 99 2
43 109 2
34 40 2
15 61 2
19 31 2
41 70 1
8 122 2
30 34 2
35 134 1
12 107 1
21 126 2
45 116 2
18 27 2
13 80 2
44 80 1
10 53 1
9 28 2
24 80 2
18 122 2
0 79 2
35 54 1
3 32 2
0 39 2
41 44 2
35 99 1
15 65 2
35 38 2
6 137 1
26 44 2
20 37 2
7 41 2
5 108 2
14 83 2
12 53 2
11 113 1
10 113 1
24 27 2
39 70 1
5 6 2
9 109 1
4 32 2
9 10 2
6 102 2
5 36 2
7 30 2
13 101 1
3 21 2
2 139 2
29 118 1
22 44 2
31 66 2
10 124 2
2 23 2
9 30 2
18 20 2
14 82 2
21 24 2
17 96 2
46 103 2
3 30 2
12 99 2
34 118 2
8 28 2
2 61 2
13 75 2
14 113 2
4 12 2
15 26 2
5 119 2
46 62 2
21 86 2
23 80 2
13 16 2
16 26 2
31 55 2
9 12 2
14 58 2
24 31 2
28 94 2
21 45 2
3 28 2
3 16 2
12 40 2
43 97 1
0 93 2
39 43 2
21 34 2
19 30 2
16 43 2
9 58 2
34 56 2
12 34 2
35 86 1
15 29 2
2 137 1
37 65 1
42 48 2
3 34 2
24 25 2
24 28 2
45 59 1
7 36 2
33 50 2
6 23 2
44 119 2
0 4 2
0 114 1
18 83 2
0 137 2
4 138 1
30 95 2
18 36 2
8 94 2
41 86 1
40 56 1
43 63 2
27 126 2
16 52 1
42 87 2
4 14 2
29 35 2
32 111 1
3 44 2
3 117 2
3 37 2
2 93 1
0 17 2
26 53 2
2 16 2
15 135 1
15 137 1
21 93 2
15 28 2
35 63 2
32 69 1
7 69 2
1 79 1
40 47 1
7 21 2
6 43 2
31 84 2
27 89 2
0 28 2
16 20 2
12 15 2
5 109 1
32 128 2
27 78 2
9 23 2
9 137 1
30 125 2
15 16 2
8 100 2
34 131 2
11 137 2
20 80 2
14 30 2
38 111 1
23 33 2
15 23 2
15 52 1
1 11 2
15 50 1
17 27 2
13 38 2
19 99 1
10 110 1
34 54 2
6 28 2
27 33 2
28 139 2
19 41 2
40 113 2
23 63 2
30 55 2
8 40 2
31 41 2
30 53 2
5 37 2
46 72 2
22 129 1
40 101 2
19 130 2
26 36 2
29 30 2
39 81 2
25 35 2
21 40 2
10 31 2
18 22 2
24 76 2
33 46 2
42 70 2
36 136 2
41 46 2
4 22 2
22 57 1
7 33 2
36 53 1
24 71 1
32 114 2
2 35 2
32 113 2
22 45 2
6 41 2
8 134 1
32 84 1
0 59 2
11 40 2
27 41 2
8 88 2
27 29 2
0 41 2
10 52 2
33 72 1
25 110 2
30 102 1
18 125 2
3 14 2
19 29 2
46 106 2
1 8 2
15 39 2
43 85 2
18 40 2
2 128 1
27 138 2
22 41 2
42 77 1
8 36 2
1 34 2
5 25 2
5 102 2
18 21 2
31 78 1
38 94 1
20 85 2
9 14 2
4 79 1
15 101 2
32 117 2
34 55 2
35 88 2
15 62 2
46 122 2
31 37 2
5 46 2
21 42 2
21 38 2
42 110 1
10 16 2
39 108 2
39 40 2
6 122 1
24 38 2
0 27 2
5 8 2
13 123 2
18 30 2
2 49 2
37 132 2
5 29 2
30 131 2
10 26 2
13 105 2
19 32 2
4 61 2
9 25 2
15 37 2
10 116 1
10 122 2
16 80 1
8 139 2
17 52 2
39 130 2
8 84 1
41 56 2
17 20 2
1 7 2
8 113 2
46 63 1
19 22 2
8 85 2
6 34 2
4 24 2
41 131 2
26 28 2
39 47 2
17 35 2
13 118 2
1 16 2
8 87 2
20 33 2
1 36 2
27 57 2
0 37 2
17 30 2
1 14 2
46 98 2
45 113 2
37 130 2
28 104 1
32 36 2
23 46 2
21 135 2
5 24 2
46 101 1
4 111 1
38 49 2
7 43 2
21 110 1
25 41 2
38 118 2
25 30 2
5 43 2
27 115 2
34 101 2
14 55 1
33 132 2
26 30 2
10 62 2
8 17 2
14 112 2
32 136 2
39 127 1
1 24 2
21 99 2
14 28 2
36 99 1
9 121 2
15 73 1
17 139 2
16 118 2
46 131 1
4 6 2
46 52 1
19 42 2
16 135 2
3 38 2
3 52 2
30 67 2
21 52 2
16 95 1
7 106 1
6 20 2
10 43 2
32 61 2
45 94 1
20 118 2
31 125 2
46 64 2
1 120 2
23 24 2
37 126 2
28 53 1
7 95 2
11 38 2
23 95 2
2 117 1
28 50 2
20 123 1
24 45 2
6 61 2
14 25 2
18 135 2
14 44 2
18 107 1
2 69 2
0 9 2
38 63 2
19 53 1
37 40 2
12 68 2
12 132 2
13 26 2
14 98 2
20 31 2
16 55 1
34 63 2
3 95 2
8 49 1
15 33 2
45 78 2
12 21 2
22 39 2
30 58 1
22 127 1
36 43 2
35 96 2
13 21 2
19 28 2
21 22 2
35 92 2
12 30 2
42 78 1
27 46 2
8 22 2
17 43 2
36 108 1
35 133 1
6 119 1
16 21 2
41 77 2
8 44 2
30 50 1
6 67 2
14 93 1
9 131 2
12 38 2
43 95 1
30 43 2
31 106 2
0 104 2
33 56 2
2 135 1
0 8 2
14 32 2
13 121 1
19 79 2
22 36 2
8 107 2
23 93 2
6 90 1
41 90 2
34 106 2
14 60 2
26 61 1
27 96 1
8 35 2
10 58 2
1 46 2
9 47 2
20 36 2
13 39 2
19 103 2
4 80 2
46 78 2
13 27 2
13 42 2
31 43 2
43 87 2
2 10 2
28 30 2
43 82 1
9 29 2
25 36 2
32 83 2
19 63 1
25 44 2
46 96 2
15 125 1
7 87 2
29 124 2
10 13 2
3 8 2
17 128 1
17 68 1
22 53 2
5 80 2
17 47 1
6 54 2
13 34 2
46 69 2
13 65 2
7 20 2
2 129 2
45 55 2
36 80 2
7 22 2
0 46 2
4 26 2
4 112 1
0 36 2
18 90 2
23 68 2
17 135 2
23 37 2
28 44 2
42 122 1
7 94 2
5 19 2
35 109 1
36 125 1
40 94 2
41 69 2
11 14 2
31 48 1
12 123 2
8 92 2
12 44 2
9 73 1
26 38 2
4 50 1
26 100 2
44 123 1
33 134 1
2 37 2
40 80 2
39 87 1
14 38 2
16 24 2
22 40 2
15 42 2
13 69 2
21 28 2
17 115 2
20 84 2
42 138 2
11 26 2
2 27 2
21 56 1
20 29 2
13 138 2
24 46 2
41 130 1
35 40 2
29 63 2
36 103 2
26 27 2
28 61 1
11 25 2
11 89 1
27 120 1
7 76 2
14 17 2
1 66 2
17 23 2
28 76 1
5 20 2
21 43 2
4 106 1
32 112 1
42 126 2
16 28 2
33 51 2
31 35 2
37 58 2
20 34 2
11 59 2
12 100 1
15 104 1
18 29 2
31 59 1
22 46 2
43 89 2
2 40 2
13 40 2
1 22 2
5 28 2
2 31 2
0 122 1
16 86 2
23 26 2
30 38 2
26 87 1
32 96 2
23 59 2
37 114 2
45 97 1
11 18 2
4 86 2
15 49 2
19 33 2
39 79 2
8 12 2
11 24 2
25 105 2
8 20 2
25 40 2
12 115 2
34 84 1
7 92 2
24 113 2
26 132 2
5 69 2
7 10 2
10 29 2
37 38 2
25 46 2
40 73 2
10 15 2
18 110 2
44 125 2
28 36 1
23 112 1
6 112 2
35 126 2
11 120 1
101 112 2
5 67 2
62 74 1
8 110 2
11 32 1
7 34 1
45 46 1
24 126 1
8 98 1
21 60 1
9 126 1
22 71 1
2 74 1
41 96 2
5 125 1
37 43 1
18 32 1
62 71 2
60 96 2
96 110 2
8 33 1
14 71 2
6 25 1
9 40 1
35 36 1
44 46 1
36 48 2
27 62 1
2 6 1
29 48 2
32 82 1
14 37 1
18 124 2
35 74 1
5 42 1
28 40 1
38 112 2
12 60 2
41 60 2
7 44 1
28 62 2
26 74 2
27 44 1
7 17 1
14 27 1
6 44 1
3 27 1
13 25 1
38 96 1
3 112 2
36 46 1
35 125 1
37 125 1
