% n=90 p=60 d=0.33 p_blue=0.66
% k=0
7 8 2
9 41 2
35 82 2
22 79 2
40 42 2
29 46 2
15 85 2
35 80 2
43 45 2
0 40 2
29 42 2
24 50 2
2 8 2
13 86 1
3 45 2
0 34 2
12 50 2
7 37 2
3 13 2
1 24 2
35 72 1
26 40 2
23 43 2
8 89 1
37 45 2
31 46 2
7 51 2
13 65 2
24 34 2
36 52 2
17 78 2
16 62 2
10 11 2
7 35 2
14 15 2
16 60 1
19 32 2
15 50 2
13 72 2
11 56 2
8 33 2
45 52 2
10 40 2
14 50 2
12 23 2
15 42 2
30 70 1
31 51 2
41 63 1
4 17 2
45 53 2
6 52 2
10 21 2
22 46 2
8 74 2
5 9 2
12 27 2
21 54 2
0 64 1
36 43 2
6 50 2
14 25 2
15 81 2
50 76 2
11 86 1
32 36 2
19 86 2
41 74 2
39 42 2
11 35 2
18 81 2
7 28 2
6 27 2
33 81 2
4 30 2
5 47 2
10 27 2
28 50 2
31 55 2
21 58 2
34 39 2
4 47 2
25 65 2
29 58 1
24 31 2
6 71 2
36 49 2
19 83 2
11 52 2
22 27 2
49 81 2
8 24 2
49 51 2
7 81 2
27 34 2
16 23 2
46 53 2
29 51 2
40 68 1
33 44 2
11 67 2
12 25 2
2 30 2
39 50 2
18 40 2
5 41 2
31 86 2
18 67 1
8 47 2
1 36 2
0 13 2
9 48 2
11 49 2
19 50 2
21 41 2
36 72 1
4 23 2
31 79 2
11 40 2
16 52 2
30 79 2
42 43 2
6 22 2
15 16 2
30 64 2
1 50 2
0 2 2
50 58 2
21 49 2
2 6 2
11 24 2
6 69 2
9 15 2
1 33 2
19 42 2
2 22 2
3 17 2
5 48 2
12 73 2
38 46 2
15 52 2
26 75 1
30 50 2
31 70 2
10 48 2
10 87 2
18 69 2
42 51 2
6 21 2
35 39 2
44 71 2
4 7 2
33 53 2
26 44 2
17 63 1
32 82 2
3 40 2
18 32 2
17 40 2
7 29 2
9 34 2
9 88 2
15 23 2
11 84 2
7 42 2
13 16 2
16 50 2
50 57 2
32 35 2
28 33 2
1 7 2
22 59 2
45 46 2
28 80 1
25 52 2
25 34 2
0 35 2
29 34 2
13 84 2
17 57 1
2 36 2
45 51 2
18 33 2
32 42 2
5 32 2
22 48 2
13 14 2
7 87 1
40 64 2
15 74 2
1 51 2
39 44 2
35 40 2
23 81 1
3 23 2
25 49 2
34 44 2
7 84 1
16 36 2
16 31 2
0 31 2
1 20 2
2 19 2
0 7 2
33 39 2
14 53 2
17 39 2
11 17 2
21 51 2
11 12 2
28 29 2
3 35 2
52 57 2
52 53 2
19 77 1
16 54 1
18 47 2
7 31 2
7 50 2
36 66 1
16 38 2
43 72 2
30 61 1
42 45 2
40 52 2
2 37 2
33 54 1
18 30 2
36 42 2
13 74 2
26 88 2
31 45 2
45 79 2
18 73 1
20 70 1
12 28 2
5 24 2
6 12 2
35 47 2
2 35 2
42 75 2
11 47 2
17 79 1
28 67 1
21 48 2
12 19 2
15 44 2
28 63 1
9 87 2
32 44 2
19 46 2
4 46 2
41 53 2
5 13 2
1 38 2
24 36 2
7 11 2
0 29 2
1 11 2
3 87 2
27 37 2
5 49 2
9 36 2
38 85 1
26 42 2
3 22 2
14 48 2
21 47 2
6 44 2
17 45 2
11 41 2
36 50 2
8 31 2
19 27 2
48 57 2
4 36 2
43 66 1
26 53 2
30 51 2
17 43 2
0 16 2
9 52 2
23 47 2
24 38 2
9 35 2
3 25 2
34 89 2
6 26 2
26 31 2
25 35 2
29 35 2
18 82 2
32 49 2
15 82 2
17 32 2
1 8 2
24 41 2
48 89 1
12 16 2
23 39 2
29 49 2
43 84 1
5 12 2
16 18 2
42 50 2
18 53 2
49 52 2
5 34 2
10 36 2
0 48 2
50 82 2
22 53 2
24 62 1
30 71 2
2 89 2
14 22 2
10 78 1
2 41 2
40 75 2
11 51 2
11 43 2
9 38 2
0 11 2
16 61 2
26 67 2
5 23 2
26 50 2
10 16 2
24 43 2
6 29 2
5 63 2
4 8 2
35 65 2
46 77 1
45 47 2
3 4 2
4 32 2
8 85 2
29 55 2
10 51 2
4 33 2
7 39 2
9 22 2
3 79 2
11 27 2
46 70 1
44 89 2
28 49 2
4 15 2
12 22 2
2 16 2
17 26 2
5 26 2
20 21 2
14 49 2
17 65 2
3 86 1
14 24 2
39 47 2
4 60 1
17 67 2
2 84 2
32 53 2
20 24 2
33 41 2
13 40 2
35 41 2
9 33 2
27 44 2
7 41 2
46 52 2
40 58 1
40 43 2
33 75 1
12 20 2
18 52 2
15 69 2
16 41 2
24 45 2
0 4 2
19 21 2
0 59 1
21 23 2
26 81 2
2 3 2
1 30 2
41 78 2
32 40 2
23 71 1
6 76 2
32 69 2
13 36 2
0 47 2
20 38 2
34 47 2
17 27 2
0 28 2
6 53 2
27 52 2
24 39 2
32 88 2
29 68 1
23 45 2
25 36 2
33 42 2
5 7 2
4 40 2
31 38 2
51 71 2
12 24 2
11 23 2
7 32 2
29 71 1
13 38 2
16 87 1
35 71 2
43 57 2
26 30 2
11 26 2
7 45 2
19 74 1
16 22 2
21 33 2
21 64 2
45 73 2
8 20 2
41 89 2
12 30 2
21 39 2
10 33 2
26 29 2
18 19 2
13 39 2
33 80 2
53 67 2
30 40 2
36 41 2
16 83 2
9 70 1
34 46 2
0 30 2
25 56 1
8 82 2
28 88 2
39 46 2
11 15 2
30 38 2
26 70 2
18 37 2
6 7 2
26 37 2
32 34 2
21 88 1
9 43 2
11 32 2
28 79 1
30 37 2
43 80 2
3 52 2
53 80 2
51 82 2
4 10 2
19 43 2
5 37 2
5 46 2
37 75 2
12 13 2
5 38 2
16 27 2
7 86 2
18 45 2
11 16 2
28 84 1
13 78 2
19 52 2
25 46 2
44 81 2
8 55 1
42 52 2
36 47 2
16 42 2
14 20 2
16 29 2
9 40 2
31 52 2
40 45 2
48 76 2
30 31 2
31 72 2
23 53 2
52 88 1
24 40 2
1 3 2
16 58 1
32 38 2
9 14 2
16 71 2
51 52 2
1 60 2
8 13 2
3 8 2
19 20 2
0 3 2
38 88 2
27 76 2
22 89 2
15 27 2
41 54 1
16 35 2
11 44 2
6 25 2
46 64 1
22 52 2
25 70 2
13 48 2
26 73 2
17 54 1
36 71 1
12 44 2
37 65 2
33 36 2
52 80 1
48 58 2
47 52 2
35 75 1
39 75 1
37 40 2
24 64 2
53 89 1
19 69 1
23 24 2
20 46 2
25 59 2
23 34 2
0 25 2
42 79 2
47 70 2
8 44 2
0 43 2
18 42 2
6 48 2
11 14 2
5 22 2
38 39 2
27 45 2
38 43 2
29 39 2
2 38 2
16 32 2
15 17 2
22 77 2
12 21 2
20 34 2
2 77 1
39 45 2
40 49 2
7 47 2
10 80 2
15 34 2
47 48 2
6 77 2
44 63 2
2 12 2
12 46 2
14 18 2
17 46 2
24 33 2
10 23 2
26 49 2
28 66 2
2 10 2
5 44 2
14 82 2
10 19 2
14 46 2
13 85 1
19 37 2
35 46 2
27 49 2
4 74 2
42 82 1
41 51 2
9 86 2
37 73 2
25 43 2
47 82 2
19 41 2
49 55 2
9 26 2
4 41 2
21 44 2
36 44 2
45 84 2
5 79 2
31 34 2
22 47 2
1 53 2
18 68 1
8 9 2
19 22 2
19 51 2
1 68 2
50 65 2
35 42 2
2 17 2
34 43 2
47 49 2
0 46 2
12 34 2
26 62 2
22 38 2
17 23 2
7 30 2
42 49 2
4 29 2
3 81 2
26 48 2
35 53 2
36 53 2
30 45 2
43 52 2
3 18 2
21 83 1
1 45 2
27 46 2
12 39 2
40 63 2
33 51 2
33 37 2
51 63 2
11 18 2
13 45 2
24 73 2
1 27 2
38 41 2
18 35 2
1 69 2
40 50 2
15 40 2
22 40 2
1 63 2
11 33 2
8 30 2
40 46 2
15 80 1
34 49 2
21 37 2
31 47 2
41 77 2
44 80 2
49 85 2
42 80 1
12 53 2
1 4 2
17 30 2
12 36 2
27 40 2
31 40 2
2 33 2
46 47 2
5 6 2
1 5 2
15 53 2
31 53 2
40 41 2
4 24 2
33 38 2
12 58 2
15 26 2
15 21 2
23 69 1
38 58 1
28 69 2
21 80 2
25 78 2
1 37 2
5 25 2
20 85 2
5 28 2
52 77 2
18 70 1
26 43 2
49 72 2
28 53 2
21 45 2
7 63 2
13 34 2
8 26 2
41 64 1
5 80 2
14 40 2
13 20 2
7 49 2
23 49 2
21 67 1
37 38 2
41 52 2
25 26 2
7 83 2
20 33 2
11 73 2
26 63 2
9 23 2
13 87 1
8 14 2
4 62 2
17 47 2
26 60 1
5 18 2
4 14 2
4 82 2
19 31 2
45 50 2
1 2 2
32 41 2
10 22 2
24 44 2
22 50 2
10 25 2
17 74 2
15 51 2
8 42 2
12 35 2
4 5 2
43 47 2
4 64 1
4 31 2
37 78 1
44 45 2
25 39 2
17 21 2
16 51 2
2 28 2
5 35 2
2 34 2
23 63 2
16 67 2
10 46 2
3 49 2
50 62 1
18 28 2
27 33 2
30 36 2
27 80 2
6 36 2
38 87 1
11 59 2
19 25 2
32 70 1
10 18 2
37 62 1
14 41 2
13 69 2
31 37 2
12 82 1
23 40 2
3 42 2
43 87 2
34 52 2
15 89 1
5 50 2
0 21 2
13 46 2
24 25 2
39 40 2
26 51 2
11 54 2
0 52 2
8 48 2
50 88 2
2 32 2
37 83 2
30 32 2
11 72 2
19 45 2
3 55 2
27 64 2
15 37 2
39 73 1
20 51 2
20 29 2
34 62 2
29 84 2
16 24 2
23 46 2
18 85 1
10 45 2
7 14 2
26 58 2
38 53 2
18 51 2
7 34 2
15 39 2
6 14 2
20 41 2
10 61 2
38 49 2
4 16 2
36 57 1
17 52 2
42 46 2
20 82 2
25 41 2
11 50 2
23 27 2
39 58 1
22 26 2
10 14 2
6 33 2
27 88 2
14 23 2
15 86 1
22 49 2
2 13 2
35 49 2
18 57 2
1 29 2
9 37 2
20 35 2
34 77 2
51 77 1
43 77 1
9 63 2
37 43 2
43 60 2
19 39 2
5 14 2
3 19 2
45 81 1
0 6 2
11 37 2
6 45 2
1 52 2
7 76 2
22 45 2
4 12 2
10 56 2
18 25 2
53 61 1
21 28 2
41 85 2
29 32 2
13 75 1
31 33 2
9 30 2
17 34 2
4 45 2
27 43 2
34 80 2
39 65 2
17 56 2
33 79 1
11 89 2
37 88 2
33 86 2
29 82 2
1 9 2
4 28 2
21 55 2
12 32 2
26 32 2
2 43 2
3 41 2
39 80 2
24 26 2
17 51 2
43 54 1
2 46 2
34 81 2
1 16 2
18 26 2
43 48 2
30 39 2
10 29 2
1 40 2
21 65 1
37 51 2
18 21 2
17 50 2
36 38 2
22 32 2
36 39 2
15 36 2
43 44 2
23 26 2
5 31 2
17 29 2
8 12 2
6 13 2
9 27 2
33 83 1
7 19 2
9 47 2
19 61 1
18 72 2
15 47 2
2 39 2
32 43 2
38 61 2
1 13 2
15 33 2
29 31 2
12 31 2
9 46 2
14 47 2
6 83 1
13 51 2
3 53 2
3 89 1
41 68 2
31 44 2
53 60 2
7 40 2
31 68 2
51 72 2
3 37 2
31 49 2
29 47 2
46 78 2
37 49 2
17 49 2
0 14 2
6 15 2
23 29 2
47 63 1
13 30 2
21 52 2
10 43 2
39 69 1
14 58 2
32 52 2
1 17 2
22 24 2
5 55 2
22 73 2
16 26 2
10 38 2
12 42 2
20 23 2
25 45 2
17 68 2
13 35 2
4 38 2
30 34 2
7 58 2
11 21 2
19 79 2
34 38 2
4 20 2
15 22 2
18 41 2
17 41 2
20 45 2
11 76 2
2 31 2
9 10 2
2 53 2
19 67 1
41 48 2
15 61 2
44 84 2
17 89 1
14 32 2
20 32 2
2 52 2
14 38 2
40 51 2
2 40 2
6 88 1
17 36 2
36 46 2
9 12 2
31 62 2
27 38 2
18 58 2
6 43 2
10 34 2
15 30 2
17 19 2
44 53 2
43 46 2
53 54 2
46 48 2
22 28 2
21 25 2
5 69 2
15 54 2
22 41 2
12 77 1
5 53 2
28 74 1
13 37 2
6 8 2
8 57 2
51 53 2
20 31 2
41 45 2
34 51 2
31 39 2
45 74 2
21 36 2
35 77 2
18 77 1
34 40 2
13 32 2
28 44 2
36 37 2
18 44 2
20 52 2
1 88 2
41 44 2
49 63 2
16 48 2
28 62 2
27 55 2
18 43 2
6 70 2
29 48 2
44 50 2
11 46 2
10 77 2
38 42 2
6 61 2
4 49 2
38 51 2
9 29 2
18 89 2
13 25 2
47 55 2
7 27 2
32 37 2
9 45 2
1 35 2
23 44 2
9 17 2
2 24 2
3 16 2
32 50 2
8 76 1
1 42 2
0 33 2
34 36 2
26 38 2
15 38 2
20 27 2
42 48 2
28 87 2
30 47 2
20 36 2
26 68 1
21 72 1
3 33 2
0 17 2
2 15 2
10 20 2
4 18 2
2 21 2
14 52 2
23 31 2
42 69 1
19 56 1
0 88 1
48 52 2
8 88 2
39 87 1
15 45 2
15 24 2
28 43 2
13 17 2
9 32 2
16 25 2
13 23 2
18 61 2
34 53 2
11 36 2
29 37 2
3 47 2
7 21 2
26 41 2
21 34 2
13 26 2
7 36 2
25 32 2
18 38 2
27 48 2
3 38 2
17 18 2
3 46 2
14 81 1
2 25 2
18 27 2
13 19 2
26 35 2
30 33 2
1 18 2
41 67 1
49 67 2
3 82 1
28 47 2
3 51 2
16 49 2
18 80 2
13 18 2
9 39 2
17 33 2
37 56 2
18 49 2
24 30 2
46 76 1
33 71 2
10 42 2
10 24 2
13 76 1
36 51 2
20 39 2
6 24 2
7 9 2
11 85 2
0 27 2
15 73 2
3 15 2
17 22 2
4 25 2
3 12 2
1 49 2
47 57 1
8 15 2
5 19 2
7 24 2
0 79 1
14 57 2
5 40 2
21 53 2
15 71 1
21 30 2
21 26 2
6 20 2
35 66 1
14 34 2
31 83 1
16 47 2
0 32 2
9 80 1
0 12 2
48 87 2
6 31 2
15 43 2
29 75 1
6 47 2
14 28 2
4 6 2
46 50 2
49 53 2
1 15 2
2 9 2
47 50 2
27 75 1
35 51 2
20 40 2
2 59 1
33 34 2
35 43 2
4 51 2
16 39 2
19 34 2
2 50 2
14 21 2
15 35 2
26 28 2
31 64 2
0 55 2
28 55 1
33 62 2
2 51 2
29 52 2
10 37 2
46 86 2
12 26 2
27 35 2
6 46 2
39 51 2
48 79 2
27 60 2
13 44 2
0 51 2
27 81 2
18 78 2
45 48 2
1 77 1
5 21 2
14 77 2
2 18 2
47 53 2
4 22 2
12 40 2
45 86 1
38 47 2
4 37 2
19 35 2
26 27 2
0 5 2
33 48 2
9 16 2
37 41 2
8 40 2
28 54 2
9 19 2
6 85 2
34 48 2
28 32 2
15 48 2
24 53 2
13 49 2
41 43 2
8 23 2
28 39 2
27 53 2
1 21 2
13 21 2
32 51 2
11 39 2
19 33 2
44 88 1
14 36 2
22 25 2
0 22 2
16 20 2
15 59 1
41 88 2
20 53 2
7 55 2
6 75 1
21 57 1
7 16 2
8 19 2
23 80 1
17 48 2
1 78 2
1 26 2
27 50 2
11 53 2
5 29 2
17 37 2
24 58 1
8 45 2
33 82 1
19 26 2
1 22 2
1 64 2
3 43 2
27 30 2
10 41 2
20 30 2
9 51 2
0 36 2
45 69 1
11 28 2
15 29 2
28 46 2
33 74 1
7 38 2
16 44 2
14 31 2
22 43 2
17 35 2
31 82 2
24 72 1
18 20 2
45 77 1
25 50 2
1 23 2
35 86 2
0 39 2
0 24 2
5 58 2
32 47 2
21 29 2
20 25 2
0 44 2
0 45 2
22 29 2
24 52 2
10 13 2
44 46 2
0 10 2
23 77 2
10 52 2
26 83 2
14 88 2
18 59 1
11 79 2
35 45 2
5 11 2
27 28 2
1 87 1
52 60 2
2 29 2
3 85 1
18 36 2
19 23 2
34 45 2
35 44 2
33 47 2
36 81 1
49 86 1
8 51 2
51 75 2
10 47 2
10 28 2
31 42 2
24 85 2
18 39 2
25 31 2
51 73 2
18 46 2
24 49 2
33 35 2
6 17 2
3 36 2
11 20 2
26 78 1
10 53 2
39 52 2
33 45 2
31 41 2
46 65 1
28 30 2
25 55 2
25 28 2
31 48 2
26 34 2
3 26 2
17 69 1
6 40 2
31 69 2
29 77 2
51 70 2
38 44 2
28 82 2
45 72 2
30 42 2
32 66 2
5 42 2
8 10 2
8 27 2
45 49 2
3 31 2
28 38 2
1 39 2
25 42 2
42 68 1
16 30 2
41 71 1
10 31 2
2 4 2
6 23 2
43 49 2
8 25 2
19 68 2
2 44 2
19 49 2
30 69 2
53 75 2
30 41 2
7 54 1
18 50 2
3 24 2
31 32 2
15 78 2
34 84 1
12 45 2
35 38 2
6 51 2
13 27 2
35 52 2
7 26 2
8 66 2
17 31 2
23 41 2
23 57 1
42 58 1
37 72 2
22 78 2
52 58 2
23 51 2
8 41 2
18 34 2
34 58 2
33 43 2
37 50 2
40 53 2
28 45 2
7 43 2
43 64 2
22 37 2
20 69 2
40 83 2
25 88 1
13 81 2
4 89 2
9 53 2
2 27 2
19 38 2
22 36 2
34 61 1
38 48 2
6 41 2
20 63 1
28 31 2
50 79 2
37 46 2
1 10 2
23 25 2
12 43 2
42 70 2
38 40 2
39 48 2
11 31 2
21 40 2
21 50 2
2 61 1
11 71 2
4 43 2
20 28 2
20 81 2
8 52 2
41 60 2
15 31 2
24 69 2
27 29 2
29 80 1
28 48 2
25 51 2
3 48 2
9 18 2
4 35 2
13 61 2
2 45 2
12 80 1
1 82 1
29 54 2
7 25 2
22 75 2
39 53 2
39 83 2
23 42 2
48 49 2
23 74 1
37 39 2
21 27 2
36 40 2
23 33 2
8 39 2
10 49 2
4 75 2
6 37 2
26 74 1
2 14 2
10 88 1
18 29 2
3 27 2
24 27 2
1 47 2
20 75 2
37 47 2
15 49 2
42 53 2
45 76 2
0 19 2
39 57 1
12 37 2
13 52 2
28 83 2
7 56 2
23 78 2
38 45 2
2 55 1
13 42 2
40 47 2
50 52 2
13 15 2
24 48 2
14 54 2
12 15 2
52 65 2
24 32 2
22 33 2
20 58 2
12 47 2
44 49 2
3 29 2
4 34 2
28 35 2
5 86 1
23 35 2
47 85 2
34 50 2
40 79 2
10 30 2
19 28 2
4 71 2
30 76 2
14 39 2
8 18 2
37 67 2
31 36 2
0 53 2
3 10 2
23 50 2
19 44 2
12 41 2
23 30 2
26 45 2
8 11 2
28 52 2
10 32 2
7 33 2
20 42 2
8 17 2
3 9 2
6 35 2
24 35 2
34 63 2
48 50 2
0 41 2
10 15 2
34 37 2
33 40 2
10 85 2
28 36 2
6 89 1
1 12 2
49 84 1
7 44 2
21 46 2
8 86 2
21 35 2
39 76 2
50 53 2
32 87 1
28 58 2
37 42 2
48 53 2
16 43 2
12 68 2
4 48 2
45 68 2
15 20 2
30 49 2
7 52 2
35 74 2
30 78 2
16 45 2
4 53 2
8 34 2
34 42 2
39 49 2
20 84 2
49 87 2
5 16 2
8 35 2
40 67 2
3 39 2
30 46 2
16 72 2
41 50 2
13 24 2
16 33 2
17 25 2
41 47 2
7 23 2
22 31 2
5 45 2
51 78 2
41 49 2
3 30 2
16 17 2
21 42 2
37 76 1
17 20 2
18 23 2
31 57 2
46 88 1
5 20 2
5 82 1
28 64 2
22 85 2
27 51 2
25 60 2
52 87 1
6 11 2
31 50 2
19 47 2
7 53 2
53 55 2
16 37 2
27 42 2
12 29 2
14 19 2
25 38 2
22 39 2
20 49 2
43 63 2
4 44 2
35 87 2
19 29 2
39 43 2
6 9 2
48 83 2
4 21 2
22 35 2
44 51 2
6 32 2
0 8 2
22 64 2
46 51 2
18 31 2
36 63 1
22 69 2
9 50 2
49 70 2
26 39 2
8 28 2
24 46 2
35 54 1
24 79 2
6 38 2
6 42 2
50 69 1
25 30 2
0 23 2
29 33 2
34 41 2
16 28 2
30 43 2
12 14 2
14 30 2
13 22 2
37 44 2
13 29 2
5 62 2
14 16 2
41 46 2
3 5 2
9 13 2
25 29 2
6 34 2
8 53 2
14 64 2
1 25 2
24 29 2
36 77 1
29 53 2
4 68 2
33 63 2
36 86 2
19 85 1
12 76 2
53 77 1
42 61 2
26 76 2
3 20 2
7 46 2
9 21 2
22 76 2
15 46 2
24 42 2
27 57 2
11 25 2
23 48 2
25 83 1
52 74 1
9 24 2
10 26 2
41 72 1
11 22 2
16 53 2
17 53 2
33 52 2
27 39 2
28 37 2
5 10 2
14 51 2
31 35 2
45 61 2
43 88 2
3 34 2
2 47 2
6 10 2
22 42 2
44 52 2
20 37 2
13 79 2
4 27 2
3 11 2
6 18 2
26 36 2
12 17 2
42 67 1
22 72 1
35 37 2
13 47 2
10 65 2
33 49 2
29 50 2
25 44 2
7 10 2
31 63 2
42 44 2
41 61 1
3 32 2
27 54 2
45 54 2
6 28 2
27 47 2
3 50 2
40 48 2
3 7 2
12 38 2
19 40 2
14 37 2
9 20 2
0 1 2
8 21 2
7 12 2
19 64 2
8 29 2
2 11 2
37 77 1
13 31 2
36 45 2
36 58 2
6 16 2
13 53 2
33 50 2
9 44 2
5 43 2
4 26 2
19 24 2
30 48 2
23 52 2
32 48 2
4 42 2
0 65 2
28 34 2
44 47 2
0 18 2
22 23 2
34 75 1
25 48 2
45 62 2
1 32 2
43 55 2
11 38 2
35 79 2
37 85 2
31 43 2
0 26 2
21 43 2
2 5 2
32 33 2
29 63 2
35 50 2
5 8 2
16 21 2
15 25 2
52 82 1
1 14 2
10 17 2
3 14 2
1 43 2
5 17 2
46 49 2
23 56 2
10 54 1
7 22 2
5 75 2
48 66 2
9 11 2
5 15 2
12 51 2
29 41 2
14 79 2
9 55 2
0 42 2
20 50 2
24 63 1
18 48 2
30 35 2
26 46 2
25 53 2
39 41 2
7 20 2
49 74 2
2 26 2
2 7 2
35 36 2
30 52 2
35 67 2
14 72 1
3 28 2
4 9 2
20 72 2
0 15 2
8 37 2
2 23 2
26 33 2
35 68 2
25 37 2
7 48 2
36 61 1
8 36 2
16 34 2
32 39 2
42 47 2
20 22 2
8 71 2
24 56 2
36 80 2
12 18 2
1 41 2
31 74 1
33 46 2
31 65 1
22 58 2
28 40 2
23 37 2
32 46 2
14 42 2
28 51 2
15 19 2
27 32 2
26 47 2
43 82 1
22 44 2
20 44 2
4 39 2
9 89 2
48 51 2
18 24 2
9 49 2
22 30 2
11 30 2
52 75 1
50 51 2
2 49 2
30 44 2
11 45 2
16 40 2
10 44 2
14 26 2
3 21 2
25 47 2
47 54 2
15 18 2
23 87 2
8 46 2
2 79 1
6 19 2
13 66 1
9 25 2
23 28 2
47 51 2
1 44 2
21 31 2
19 36 2
21 38 2
51 57 2
10 12 2
5 36 2
17 84 2
51 83 1
24 47 2
34 74 1
0 38 2
35 69 2
6 80 2
38 50 2
7 17 2
11 19 2
29 38 2
21 24 2
10 35 2
46 59 2
45 89 1
11 48 2
12 49 2
5 27 2
30 59 2
14 17 2
14 27 2
14 35 2
16 19 2
2 20 2
40 44 2
16 88 2
3 6 2
24 28 2
26 54 1
50 64 2
13 80 2
4 13 2
5 51 2
1 31 2
8 58 2
5 52 2
4 52 2
1 28 2
17 42 2
14 45 2
34 57 2
42 76 2
13 33 2
20 26 2
34 35 2
20 48 2
34 60 2
11 77 2
3 77 2
22 51 2
38 70 2
31 88 1
6 30 2
13 28 2
17 28 2
41 86 2
13 43 2
8 43 2
20 88 1
8 16 2
31 77 2
6 49 2
24 37 2
15 32 2
35 61 2
1 6 2
49 50 2
37 80 2
1 19 2
14 29 2
29 59 2
25 33 2
40 71 1
9 60 2
11 42 2
2 42 2
17 44 2
41 42 2
0 37 2
11 29 2
5 70 2
14 44 2
7 79 2
19 30 2
9 31 2
4 11 2
2 72 2
20 43 2
12 52 2
0 50 2
11 75 2
30 53 2
43 53 2
9 28 2
11 34 2
46 55 2
5 39 2
12 33 2
37 68 1
0 9 2
39 78 2
5 33 2
27 72 2
43 51 2
23 32 2
8 32 2
14 33 2
26 87 2
1 46 2
25 27 2
27 31 2
4 55 2
37 52 2
19 48 2
9 42 2
20 47 2
49 60 1
1 61 2
43 50 2
17 24 2
44 74 2
3 44 2
25 40 2
8 49 2
21 85 2
16 46 2
4 85 1
29 43 2
21 32 2
24 51 2
10 39 2
32 59 1
45 82 2
0 20 2
7 15 2
49 73 1
35 48 2
14 59 2
24 86 1
29 45 2
28 42 2
23 38 2
22 34 2
2 80 1
37 54 1
2 48 2
26 52 2
8 38 2
37 53 2
36 74 2
29 44 2
13 54 2
6 39 2
36 48 2
6 72 2
29 36 2
21 22 2
4 19 2
30 86 2
29 30 2
29 40 2
13 41 2
25 69 2
8 50 2
27 41 2
32 45 2
10 86 2
27 36 2
51 60 2
1 34 2
5 30 2
21 68 2
18 22 2
4 50 2
19 53 2
23 36 2
32 86 2
3 65 2
7 13 2
0 49 2
28 41 2
13 62 2
10 50 1
13 50 1
11 13 1
38 52 1
12 48 1
39 85 2
15 41 1
28 81 2
44 48 1
8 22 1
27 86 2
