% n=140 p=60 d=0.33 p_blue=0.33
% k=0
30 78 2
19 101 2
82 92 1
12 58 2
68 103 1
29 73 2
10 72 2
37 40 2
7 82 2
34 58 2
30 34 2
18 20 2
61 62 2
12 26 2
13 68 2
72 85 2
52 54 2
28 105 1
47 67 2
15 60 2
33 46 2
1 72 2
61 68 2
39 53 2
15 58 2
3 120 1
3 115 1
30 67 2
74 78 2
29 36 2
27 116 1
31 82 2
30 83 2
27 32 2
23 55 2
23 35 2
53 88 1
19 34 2
35 76 2
10 75 2
60 69 2
52 133 1
62 111 1
13 66 2
41 73 2
38 44 2
0 72 2
0 21 2
10 83 2
58 135 1
57 72 2
19 74 2
29 64 2
45 60 2
22 134 1
1 134 2
81 82 2
18 84 1
58 80 2
31 38 2
21 52 2
19 76 2
17 30 2
33 64 2
23 131 1
11 61 2
74 118 2
61 65 2
47 113 1
41 81 2
69 95 1
63 74 2
22 51 2
19 122 1
12 14 2
52 100 2
81 121 2
0 8 2
10 15 2
11 65 2
36 94 1
48 51 2
26 61 2
75 118 2
17 138 1
31 36 2
5 18 2
28 34 2
51 62 2
8 66 2
23 112 1
18 83 2
62 80 2
3 97 1
43 44 2
20 111 1
50 77 2
2 76 2
10 102 1
10 61 2
80 137 1
49 86 1
16 44 2
33 120 2
0 26 2
6 54 2
27 56 2
32 71 2
51 74 2
19 109 1
63 111 2
25 85 1
57 71 2
49 67 2
79 95 2
53 74 2
20 27 2
60 94 1
69 78 2
39 135 1
37 45 2
54 66 2
52 69 2
30 95 2
33 54 2
69 129 2
48 53 2
50 73 2
20 132 1
3 39 2
34 70 2
24 81 2
30 118 1
31 76 2
4 31 2
70 95 2
40 92 2
46 120 1
2 28 2
16 33 2
26 77 2
29 129 1
11 79 2
73 75 2
3 71 2
63 130 1
80 106 1
81 123 1
70 120 2
23 48 2
23 137 1
36 52 2
62 72 2
9 65 2
8 110 2
19 60 2
59 95 2
37 122 1
59 78 2
32 44 2
28 60 2
71 137 1
29 95 1
69 81 2
46 83 2
39 48 2
19 117 1
31 58 2
40 67 2
11 28 2
6 73 2
21 23 2
70 75 2
15 49 2
5 76 2
80 81 2
41 71 2
58 121 1
71 138 2
70 92 1
14 59 2
5 15 2
15 28 2
63 122 2
5 81 2
28 35 2
54 61 2
20 77 2
26 96 2
19 31 2
8 63 2
9 80 2
36 68 2
42 71 2
12 66 2
23 31 2
17 111 1
42 93 1
19 82 2
6 51 2
13 76 2
2 119 1
2 118 2
32 67 2
34 83 2
30 59 2
69 99 1
70 83 2
60 103 2
37 100 1
25 82 2
1 102 1
44 50 2
9 136 1
4 11 2
37 57 2
29 56 2
0 59 2
27 81 2
48 62 2
42 79 2
11 122 1
53 78 2
1 76 2
23 77 2
9 61 2
2 125 1
28 121 2
32 54 2
27 95 1
4 76 2
8 77 2
22 66 2
48 123 2
29 48 2
10 12 2
77 102 1
7 68 2
65 107 1
20 94 1
38 77 2
23 28 2
56 80 2
72 136 1
15 51 2
12 76 2
1 90 2
43 55 2
21 27 2
25 112 1
6 69 2
6 56 2
3 56 2
58 62 2
32 133 2
39 40 2
59 129 1
26 66 2
26 52 2
0 12 2
76 124 1
35 71 2
63 93 2
28 30 2
27 67 2
58 100 1
30 62 2
37 55 2
55 98 1
67 127 2
4 7 2
27 73 2
74 122 1
35 70 2
44 55 2
43 73 2
5 22 2
16 57 2
49 57 2
81 104 2
39 59 2
64 94 1
18 32 2
2 52 2
3 38 2
10 55 2
43 62 2
8 76 2
26 78 2
14 57 2
39 95 1
6 38 2
28 40 2
3 29 2
12 69 2
63 79 2
41 68 2
5 17 2
25 49 2
17 23 2
77 78 2
22 77 2
56 95 2
13 61 2
72 135 1
1 71 2
33 87 1
22 52 2
1 5 2
26 107 1
68 77 2
30 47 2
67 71 2
9 44 2
3 44 2
37 117 1
79 138 1
31 53 2
67 108 1
10 31 2
69 112 1
30 131 1
55 135 1
17 114 1
29 33 2
2 20 2
64 82 2
18 85 2
66 127 1
47 138 1
50 52 2
66 87 2
57 69 2
29 37 2
12 99 1
68 100 1
9 26 2
20 69 2
19 135 1
24 80 2
52 65 2
46 112 1
44 83 2
62 74 2
67 83 2
10 32 2
44 87 1
46 54 2
41 51 2
35 37 2
9 10 2
32 95 1
51 71 2
8 65 2
45 65 2
29 42 2
33 107 1
10 64 2
9 43 2
48 108 2
54 72 2
52 70 2
56 78 2
25 73 2
26 60 2
42 56 2
39 55 2
11 92 1
60 106 1
47 73 2
80 134 2
55 60 2
39 70 2
17 40 2
44 67 2
51 66 2
64 95 1
26 68 2
4 55 2
75 77 2
5 60 2
27 54 2
20 56 2
38 63 2
48 73 2
41 46 2
20 46 2
36 62 2
22 63 2
36 78 2
7 29 2
23 91 1
2 47 2
14 67 2
7 66 2
7 76 2
49 64 2
44 84 1
82 133 2
21 37 2
14 24 2
25 127 2
0 70 2
44 48 2
29 32 2
53 81 2
35 63 2
43 49 2
7 54 2
32 109 2
61 125 2
3 80 2
9 45 2
45 75 2
15 57 2
30 48 2
30 61 2
21 56 2
35 83 2
68 105 2
34 64 2
58 127 1
28 92 2
37 49 2
17 20 2
32 48 2
39 92 1
53 71 2
68 98 2
5 13 2
3 24 2
10 36 2
9 14 2
66 118 2
18 77 2
39 108 1
43 74 2
20 41 2
66 138 1
33 49 2
17 61 2
26 41 2
11 17 2
26 115 2
26 63 2
61 75 2
10 14 2
44 122 2
15 54 2
40 80 2
17 62 2
15 67 2
33 73 2
13 22 2
25 104 1
41 121 1
35 88 2
65 74 2
10 117 1
53 65 2
30 53 2
0 61 2
27 113 1
4 5 2
8 25 2
19 44 2
6 61 2
2 29 2
45 113 1
41 47 2
33 69 2
37 54 2
7 48 2
54 77 2
34 73 2
10 71 2
51 60 2
2 24 2
26 108 1
78 122 1
0 79 2
39 45 2
48 58 2
19 106 2
81 108 1
74 132 1
19 56 2
16 60 2
67 117 1
77 116 1
59 66 2
49 65 2
57 113 1
1 22 2
21 110 1
17 25 2
30 72 2
68 81 2
20 38 2
20 34 2
32 81 2
54 109 2
24 66 2
30 124 1
33 48 2
8 118 2
45 49 2
41 115 1
51 82 2
45 91 2
47 64 2
31 37 2
71 133 2
28 43 2
24 53 2
17 49 2
15 118 2
55 126 1
14 20 2
44 137 1
8 26 2
81 122 1
63 85 1
32 78 2
10 52 2
45 76 2
68 73 2
31 43 2
14 72 2
32 100 1
12 53 2
44 62 2
50 132 2
40 44 2
57 127 1
10 23 2
35 81 2
59 74 2
36 56 2
56 127 1
67 70 2
45 135 1
19 68 2
13 112 1
18 42 2
16 96 1
5 62 2
49 62 2
30 41 2
3 67 2
74 84 1
31 78 2
2 38 2
68 107 1
14 19 2
4 75 2
9 35 2
20 49 2
4 129 2
62 94 2
68 97 1
25 32 2
47 78 2
6 50 2
37 68 2
75 81 2
15 24 2
44 99 1
4 43 2
7 62 2
16 26 2
13 80 2
73 136 1
8 17 2
6 20 2
54 86 1
0 67 2
21 30 2
32 93 2
36 37 2
28 56 2
18 21 2
69 132 1
31 112 2
48 79 2
16 63 2
20 68 2
11 30 2
42 90 1
15 125 1
41 88 1
19 36 2
19 63 2
5 124 2
34 86 2
34 78 2
65 99 1
30 66 2
22 71 2
24 59 2
64 80 2
0 3 2
15 20 2
64 72 2
27 50 2
5 67 2
52 60 2
31 64 2
41 69 2
26 65 2
66 135 1
45 48 2
27 47 2
52 82 2
23 61 2
60 97 1
50 116 1
70 130 1
10 58 2
64 74 2
39 115 2
43 56 2
48 104 1
67 89 1
69 124 2
55 119 1
36 79 2
34 114 1
66 71 2
73 100 1
58 82 2
55 74 2
71 116 2
33 63 2
42 67 2
34 68 2
40 66 2
47 109 1
28 47 2
32 37 2
10 30 2
42 68 2
42 47 2
81 114 1
23 56 2
16 22 2
40 47 2
0 130 2
6 62 2
16 128 1
2 11 2
16 71 2
42 109 1
3 55 2
12 15 2
10 120 1
71 80 2
8 43 2
72 131 1
2 21 2
15 68 2
49 100 1
14 63 2
36 59 2
49 79 2
2 61 2
43 76 2
52 76 2
61 91 1
34 51 2
10 87 1
31 116 2
20 81 2
0 49 2
54 102 1
23 41 2
28 38 2
39 79 2
3 45 2
5 71 2
45 79 2
23 62 2
33 77 2
9 19 2
20 35 2
53 90 1
60 71 2
12 97 1
0 52 2
13 90 1
52 63 2
36 58 2
51 91 1
17 53 2
53 79 2
26 49 2
9 96 1
35 114 1
59 79 2
5 52 2
32 126 2
10 38 2
8 73 2
67 112 1
3 43 2
15 26 2
7 41 2
12 47 2
3 41 2
57 99 1
42 50 2
8 28 2
33 39 2
27 76 2
62 125 1
5 55 2
8 67 2
1 19 2
71 103 2
13 134 2
37 41 2
65 97 1
44 52 2
0 25 2
83 91 2
51 137 1
57 80 2
73 82 2
14 53 2
1 128 1
31 133 1
42 130 1
34 63 2
5 133 1
2 101 2
16 65 2
16 48 2
41 83 2
57 63 2
3 81 2
53 54 2
53 56 2
9 83 2
34 74 2
58 115 1
61 76 2
56 114 2
4 59 2
22 41 2
14 122 2
21 49 2
42 65 2
45 82 2
28 45 2
40 117 1
14 115 1
32 125 1
26 50 2
22 31 2
16 58 2
57 124 2
3 72 2
74 77 2
20 66 2
12 107 2
45 64 2
0 83 2
5 72 2
51 79 2
19 108 1
19 38 2
0 87 2
36 71 2
11 39 2
41 66 2
46 106 2
48 75 2
34 128 1
30 82 2
13 38 2
15 122 2
21 63 2
45 54 2
73 99 1
37 65 2
64 104 1
14 78 2
1 117 1
18 24 2
48 118 1
45 93 1
5 16 2
56 136 1
43 53 2
6 19 2
8 99 1
38 67 2
71 73 2
48 76 2
18 57 2
6 45 2
36 54 2
28 116 2
37 77 2
15 31 2
5 74 2
1 28 2
1 8 2
77 132 1
14 17 2
24 115 1
50 95 1
19 51 2
24 74 2
11 41 2
14 47 2
9 22 2
8 23 2
44 101 1
40 122 1
14 70 2
21 34 2
18 65 2
7 70 2
33 118 2
55 111 2
79 85 1
3 83 2
18 125 2
47 52 2
20 61 2
21 77 2
55 89 2
64 69 2
52 79 2
6 127 1
65 136 2
37 58 2
59 101 1
13 51 2
63 117 1
10 88 1
39 58 2
19 45 2
31 108 2
76 98 2
9 72 2
77 83 2
45 68 2
64 120 1
14 32 2
33 47 2
35 36 2
38 48 2
55 80 2
2 7 2
38 99 2
48 55 2
4 19 2
9 37 2
20 133 1
23 24 2
46 95 2
14 36 2
19 52 2
76 122 1
45 53 2
24 134 2
54 129 2
3 13 2
22 139 1
34 60 2
26 67 2
5 63 2
74 80 2
72 74 2
70 134 1
4 17 2
33 127 1
33 56 2
10 62 2
18 68 2
33 41 2
25 133 1
83 130 2
30 40 2
12 130 1
2 72 2
63 113 1
51 100 2
82 124 1
28 46 2
62 100 1
0 96 1
74 87 1
73 114 1
60 115 2
23 43 2
22 73 2
42 45 2
59 61 2
11 40 2
38 80 2
82 101 2
19 22 2
12 64 2
56 117 2
82 88 2
1 31 2
61 109 1
21 69 2
18 39 2
66 104 1
36 92 1
32 83 2
73 129 2
40 51 2
6 47 2
14 23 2
50 75 2
26 33 2
43 46 2
16 49 2
34 96 1
23 38 2
19 42 2
4 40 2
47 81 2
66 75 2
66 137 1
12 39 2
0 46 2
14 29 2
28 37 2
30 65 2
21 117 1
31 56 2
9 94 1
31 107 1
33 115 1
31 39 2
75 97 2
68 130 2
12 71 2
1 57 2
2 14 2
10 65 2
3 62 2
47 63 2
2 18 2
54 79 2
3 100 1
61 64 2
38 124 1
9 15 2
25 81 2
12 23 2
10 17 2
39 86 1
17 24 2
17 26 2
37 98 2
18 64 2
10 16 2
48 136 1
54 80 2
8 12 2
5 68 2
12 139 2
3 59 2
36 57 2
74 89 1
57 76 2
49 127 2
66 130 1
57 70 2
11 75 2
43 79 2
24 37 2
20 40 2
18 73 2
35 73 2
4 136 1
32 96 1
16 28 2
9 103 1
24 55 2
36 83 2
43 69 2
40 82 2
36 67 2
18 55 2
3 128 1
17 65 2
27 82 2
47 50 2
37 119 2
31 72 2
20 44 2
48 61 2
4 16 2
31 57 2
45 57 2
56 64 2
50 124 2
5 32 2
34 35 2
44 59 2
76 78 2
0 16 2
35 133 1
11 36 2
69 116 2
37 43 2
0 13 2
54 83 2
73 79 2
24 60 2
14 33 2
21 25 2
74 81 2
4 35 2
52 89 1
57 65 2
4 132 2
4 15 2
46 133 1
21 74 2
65 78 2
34 39 2
43 80 2
5 83 2
81 97 1
69 76 2
19 84 1
19 65 2
27 57 2
1 11 2
80 109 2
14 69 2
26 43 2
24 32 2
25 123 2
26 102 1
82 123 1
74 116 1
7 11 2
22 135 1
59 60 2
1 69 2
9 28 2
45 105 1
20 120 1
43 86 1
0 47 2
24 72 2
28 133 1
26 28 2
4 122 1
1 63 2
52 101 1
9 62 2
55 125 1
51 113 2
17 63 2
11 47 2
68 110 2
38 61 2
12 24 2
66 98 1
9 21 2
48 67 2
5 33 2
29 39 2
56 76 2
20 64 2
0 28 2
67 77 2
23 40 2
31 75 2
54 63 2
46 85 1
60 118 1
74 126 1
20 55 2
4 98 2
58 59 2
61 130 1
32 130 1
82 114 2
27 77 2
27 103 1
68 80 2
17 22 2
28 134 2
16 77 2
2 63 2
57 101 1
7 37 2
35 39 2
14 73 2
32 63 2
9 56 2
13 48 2
44 45 2
17 27 2
33 130 1
68 76 2
5 97 2
10 77 2
72 109 2
39 97 2
50 76 2
23 49 2
14 21 2
56 62 2
78 109 1
10 59 2
18 130 1
26 53 2
56 75 2
31 70 2
20 23 2
18 53 2
34 52 2
46 63 2
54 126 1
13 128 1
69 90 1
68 115 2
23 53 2
58 89 2
50 67 2
2 65 2
13 69 2
5 36 2
3 28 2
55 59 2
17 80 2
11 64 2
63 124 1
46 114 1
40 60 2
61 67 2
66 78 2
69 130 1
44 64 2
60 78 2
9 139 1
27 37 2
14 45 2
15 77 2
22 127 1
14 88 2
4 23 2
46 56 2
7 71 2
40 128 1
55 66 2
16 82 2
19 50 2
22 59 2
11 56 2
13 23 2
17 121 2
60 119 2
0 133 1
44 115 2
18 26 2
17 54 2
71 93 2
8 85 1
58 136 1
43 57 2
22 92 1
16 54 2
41 43 2
5 105 2
8 39 2
66 68 2
25 130 2
60 70 2
21 60 2
81 100 1
26 45 2
2 41 2
1 47 2
83 136 2
35 72 2
31 113 1
6 60 2
45 103 1
37 64 2
5 107 1
55 130 1
53 87 2
12 35 2
41 78 2
10 37 2
6 104 2
12 25 2
76 94 2
5 40 2
3 32 2
51 120 1
12 103 1
35 41 2
44 75 2
83 124 2
73 113 1
31 48 2
56 110 1
46 125 2
9 20 2
20 84 1
30 69 2
20 115 1
75 82 2
20 98 2
69 117 1
4 71 2
4 54 2
12 56 2
63 73 2
26 91 1
22 57 2
26 40 2
35 118 2
62 66 2
21 128 1
11 74 2
17 79 2
39 57 2
66 72 2
50 51 2
60 139 1
48 59 2
58 75 2
8 131 1
41 65 2
72 108 1
56 70 2
52 59 2
44 57 2
73 78 2
5 31 2
60 76 2
1 54 2
21 53 2
1 97 1
18 30 2
11 53 2
19 35 2
5 58 2
3 11 2
20 82 2
0 36 2
29 58 2
83 137 2
26 127 2
18 60 2
15 22 2
19 30 2
82 115 2
20 28 2
59 70 2
10 54 2
32 118 1
17 56 2
9 17 2
30 138 1
43 50 2
30 80 2
48 64 2
0 131 2
23 82 2
26 30 2
38 40 2
28 58 2
7 24 2
47 114 2
19 138 1
48 70 2
13 124 1
38 98 1
2 69 2
44 80 2
65 108 1
32 36 2
21 45 2
27 126 1
44 91 1
48 84 2
52 78 2
39 83 2
43 47 2
49 91 1
21 40 2
27 139 1
47 53 2
1 7 2
42 111 1
18 75 2
0 54 2
47 55 2
27 52 2
31 102 1
11 13 2
5 51 2
24 33 2
8 68 2
19 83 2
41 123 1
35 49 2
17 21 2
4 125 2
82 129 2
34 101 2
21 93 2
39 69 2
6 9 2
52 137 1
54 64 2
0 9 2
25 76 2
41 75 2
9 11 2
34 82 2
12 20 2
28 127 1
25 64 2
36 110 1
42 110 1
37 53 2
1 2 2
60 68 2
50 128 1
31 110 1
46 53 2
5 27 2
39 44 2
47 131 1
5 19 2
54 73 2
23 66 2
48 103 1
29 74 2
55 69 2
34 43 2
16 19 2
55 82 2
15 79 2
70 84 1
3 30 2
43 75 2
68 128 1
41 49 2
13 32 2
4 66 2
18 96 2
14 25 2
23 83 2
8 134 1
55 70 2
37 131 1
15 96 1
26 76 2
2 87 1
42 51 2
67 98 2
8 98 2
54 75 2
40 50 2
33 45 2
21 64 2
76 80 2
9 40 2
25 45 2
83 93 1
15 53 2
5 78 2
14 87 1
6 41 2
10 56 2
81 136 2
13 101 2
12 60 2
21 33 2
51 89 1
61 79 2
45 55 2
38 82 2
75 101 1
24 83 2
51 55 2
79 92 1
69 93 1
33 117 1
50 79 2
13 83 2
34 41 2
11 43 2
31 81 2
33 72 2
8 40 2
3 18 2
55 83 2
38 120 1
14 75 2
58 90 1
59 128 1
68 74 2
61 87 1
46 70 2
8 125 2
32 74 2
76 138 1
2 137 2
21 121 1
18 33 2
8 55 2
6 39 2
59 88 1
56 77 2
30 73 2
57 84 2
30 49 2
45 109 2
4 34 2
33 34 2
9 137 1
4 42 2
33 113 1
76 79 2
3 82 2
57 61 2
5 61 2
7 110 1
18 58 2
2 79 2
61 66 2
73 109 1
39 41 2
38 62 2
17 69 2
68 70 2
19 32 2
23 57 2
49 66 2
20 42 2
0 81 2
32 57 2
13 24 2
18 23 2
62 63 2
43 81 2
61 132 1
64 76 2
58 118 1
41 138 2
35 65 2
29 38 2
22 129 2
50 138 1
46 49 2
60 105 2
31 115 2
18 41 2
42 125 1
17 60 2
18 38 2
40 59 2
11 57 2
5 20 2
10 82 2
10 26 2
10 51 2
67 129 1
32 40 2
34 134 2
26 51 2
46 58 2
34 77 2
10 40 2
50 78 2
69 74 2
69 92 2
41 80 2
23 109 1
52 115 2
0 117 1
18 59 2
45 63 2
14 136 1
32 112 1
71 78 2
26 31 2
5 108 1
50 62 2
12 82 2
37 56 2
14 27 2
7 57 2
8 24 2
69 86 1
25 59 2
75 95 2
51 121 1
14 18 2
4 9 2
11 87 1
12 43 2
15 74 2
20 60 2
69 72 2
55 67 2
73 83 2
40 58 2
18 123 1
80 83 2
24 29 2
43 58 2
21 79 2
28 79 2
31 69 2
20 30 2
69 85 2
68 79 2
47 82 2
17 29 2
1 55 2
33 80 2
36 65 2
40 132 1
15 48 2
17 66 2
73 112 1
20 112 1
10 22 2
63 104 2
26 36 2
34 40 2
52 77 2
31 106 1
36 46 2
10 109 1
22 39 2
39 76 2
6 34 2
23 71 2
63 112 1
18 74 2
8 10 2
37 83 2
35 60 2
40 49 2
4 27 2
33 36 2
20 32 2
76 77 2
13 28 2
43 59 2
9 67 2
4 46 2
21 67 2
24 63 2
42 123 2
40 104 2
2 77 2
32 80 2
77 93 1
23 70 2
53 101 2
43 63 2
9 60 2
10 48 2
60 101 1
4 92 2
54 56 2
20 39 2
29 40 2
16 31 2
22 56 2
20 74 2
22 35 2
18 61 2
59 83 2
20 131 2
44 111 2
32 64 2
63 72 2
69 113 1
26 57 2
77 136 1
13 100 1
80 119 1
49 119 1
0 37 2
39 75 2
34 50 2
25 63 2
32 43 2
13 36 2
79 124 1
5 64 2
70 108 1
17 77 2
21 47 2
31 61 2
14 65 2
17 127 1
34 37 2
51 125 1
18 36 2
6 35 2
27 62 2
0 77 2
0 57 2
28 64 2
72 102 1
19 55 2
14 48 2
22 42 2
74 79 2
14 30 2
17 74 2
11 77 2
20 107 2
12 78 2
19 25 2
53 57 2
71 124 2
16 68 2
27 69 2
17 86 1
44 51 2
22 82 2
19 93 1
0 43 2
30 137 1
8 52 2
0 78 2
47 133 1
43 82 2
30 81 2
74 86 2
65 69 2
57 75 2
42 87 2
16 47 2
5 6 2
3 73 2
6 29 2
58 112 2
73 81 2
83 111 2
6 80 2
12 19 2
18 54 2
58 67 2
65 81 2
78 125 1
79 105 1
20 29 2
1 27 2
52 57 2
38 137 1
29 81 2
21 73 2
33 126 2
22 27 2
34 81 2
37 59 2
21 111 1
29 82 2
6 8 2
43 66 2
37 78 2
44 102 1
68 121 1
2 4 2
1 52 2
14 50 2
37 73 2
16 95 1
59 117 2
0 6 2
32 47 2
7 34 2
13 52 2
0 119 1
25 72 2
68 114 1
7 51 2
11 34 2
82 131 1
24 30 2
11 51 2
15 82 2
18 80 2
22 44 2
50 110 1
2 19 2
20 71 2
29 55 2
2 82 2
24 48 2
5 21 2
19 121 1
19 49 2
47 69 2
29 80 2
4 57 2
43 92 1
41 94 1
39 56 2
9 34 2
65 73 2
67 75 2
15 65 2
13 27 2
42 44 2
0 22 2
67 78 2
41 64 2
24 43 2
15 35 2
7 55 2
66 74 2
34 92 1
23 116 2
21 44 2
39 133 2
4 25 2
40 102 1
28 73 2
2 10 2
1 110 1
5 120 1
10 101 1
10 49 2
25 122 1
48 124 1
29 34 2
67 73 2
66 120 1
1 127 1
6 44 2
33 75 2
69 80 2
13 63 2
58 73 2
3 19 2
38 78 2
17 31 2
54 62 2
6 18 2
9 57 2
32 42 2
30 43 2
57 114 2
9 73 2
6 92 2
51 72 2
49 68 2
75 83 2
56 137 1
57 68 2
22 76 2
8 71 2
24 121 1
25 78 2
5 109 2
59 64 2
21 135 1
24 75 2
16 21 2
68 82 2
75 122 1
27 59 2
12 31 2
23 50 2
46 73 2
11 38 2
31 52 2
34 57 2
57 115 1
20 51 2
43 106 1
20 53 2
3 138 1
35 79 2
35 61 2
60 66 2
9 48 2
13 21 2
25 44 2
22 25 2
3 63 2
41 74 2
34 46 2
22 91 1
78 111 1
83 121 2
29 89 1
11 97 2
4 20 2
23 37 2
33 71 2
6 13 2
13 14 2
21 94 1
43 61 2
72 119 2
39 47 2
37 38 2
6 82 2
57 122 1
64 99 2
50 70 2
11 21 2
22 46 2
48 66 2
28 80 2
60 72 2
6 53 2
26 39 2
43 121 1
53 76 2
3 76 2
46 132 2
20 75 2
9 92 1
82 83 2
9 117 1
53 118 1
67 69 2
2 73 2
1 70 2
17 46 2
65 85 2
18 79 2
19 58 2
38 51 2
47 76 2
20 135 2
34 113 1
42 48 2
30 36 2
32 77 2
0 39 2
80 82 2
60 96 1
42 63 2
54 55 2
79 80 2
42 91 1
26 92 1
22 54 2
36 55 2
28 125 2
5 43 2
32 59 2
45 81 2
49 75 2
9 135 1
25 41 2
38 92 1
30 50 2
65 115 1
64 88 1
53 136 2
59 72 2
5 73 2
51 76 2
13 103 2
7 18 2
64 73 2
42 69 2
29 30 2
17 81 2
37 39 2
7 97 1
9 59 2
24 79 2
9 75 2
46 67 2
65 72 2
59 69 2
58 86 1
13 33 2
39 127 1
16 94 1
44 70 2
12 44 2
63 68 2
59 67 2
14 131 1
45 46 2
46 55 2
53 73 2
40 77 2
5 135 1
56 128 2
1 67 2
66 97 2
33 38 2
13 30 2
54 110 1
10 74 2
25 110 1
41 125 1
12 50 2
27 71 2
21 51 2
72 80 2
21 129 1
52 80 2
21 72 2
28 78 2
65 82 2
77 81 2
60 63 2
0 44 2
20 78 2
28 115 2
60 83 2
2 68 2
2 9 2
44 53 2
43 101 1
24 64 2
59 68 2
5 65 2
78 107 1
7 56 2
55 65 2
47 106 1
16 83 2
24 27 2
5 54 2
64 126 1
30 103 1
56 81 2
54 118 2
32 39 2
8 127 1
63 66 2
17 78 2
17 126 2
44 82 2
8 16 2
1 6 2
42 72 2
52 104 1
17 73 2
18 139 2
24 34 2
49 84 1
58 69 2
5 95 1
43 119 2
26 132 1
51 93 1
43 110 1
48 65 2
14 76 2
8 51 2
1 33 2
25 126 2
1 23 2
1 24 2
13 40 2
16 39 2
28 32 2
72 81 2
17 92 1
6 25 2
19 47 2
6 48 2
65 70 2
27 49 2
5 115 1
18 34 2
24 78 2
60 136 1
4 8 2
11 37 2
19 70 2
27 29 2
29 59 2
29 68 2
21 70 2
63 65 2
31 97 1
6 121 1
79 87 1
0 80 2
36 76 2
20 22 2
31 55 2
48 81 2
42 81 2
25 70 2
38 53 2
15 29 2
48 80 2
9 49 2
53 117 1
7 58 2
38 41 2
15 73 2
14 46 2
29 47 2
53 67 2
71 81 2
48 122 2
16 18 2
62 102 2
31 41 2
66 88 2
25 61 2
21 28 2
30 56 2
66 77 2
29 72 2
2 22 2
50 83 2
38 59 2
21 78 2
10 53 2
8 82 2
29 66 2
1 43 2
30 58 2
34 116 1
36 108 1
14 66 2
44 60 2
33 35 2
6 32 2
0 38 2
0 82 2
39 43 2
0 74 2
2 97 2
38 102 2
9 29 2
37 62 2
0 139 2
53 111 1
33 125 2
1 48 2
29 67 2
39 42 2
52 135 1
47 117 1
19 54 2
48 49 2
70 82 2
55 78 2
82 118 2
78 85 1
10 115 2
37 67 2
22 65 2
31 124 2
12 52 2
4 48 2
19 66 2
80 117 1
28 67 2
65 104 1
7 35 2
9 69 2
6 36 2
24 65 2
82 130 2
9 74 2
22 79 2
3 70 2
22 72 2
10 70 2
54 92 1
47 80 2
16 75 2
46 110 2
0 136 2
70 126 2
30 45 2
28 31 2
16 42 2
57 126 1
55 91 1
41 45 2
19 69 2
33 70 2
21 48 2
38 64 2
5 59 2
29 51 2
35 113 1
5 39 2
14 111 2
17 32 2
68 132 1
15 56 2
60 132 2
5 30 2
41 42 2
33 62 2
6 28 2
1 12 2
45 66 2
13 26 2
12 29 2
11 52 2
8 33 2
83 112 1
69 139 2
23 68 2
29 53 2
17 67 2
5 69 2
13 49 2
40 74 2
20 73 2
19 39 2
8 44 2
29 124 1
23 107 2
55 100 1
29 77 2
22 30 2
27 108 2
22 33 2
71 92 1
5 116 1
55 81 2
6 14 2
21 50 2
14 126 1
51 56 2
70 107 1
64 98 1
63 70 2
79 81 2
3 50 2
29 63 2
30 52 2
40 136 1
42 102 1
61 103 1
53 59 2
56 60 2
9 55 2
6 107 1
38 70 2
18 119 1
21 85 1
56 68 2
11 55 2
31 65 2
7 13 2
73 134 1
70 97 1
5 87 1
57 78 2
17 104 2
2 45 2
11 60 2
27 99 1
43 64 2
25 79 2
21 62 2
22 112 2
43 88 2
6 99 1
83 133 1
63 69 2
42 64 2
41 111 1
7 46 2
29 44 2
14 37 2
0 31 2
23 44 2
43 52 2
59 77 2
41 60 2
54 68 2
13 58 2
49 77 2
4 10 2
27 88 1
15 17 2
31 33 2
71 132 1
12 55 2
31 63 2
37 121 1
26 58 2
36 112 2
36 124 2
59 82 2
80 89 1
0 55 2
26 80 2
9 41 2
64 115 2
10 47 2
20 33 2
20 25 2
0 19 2
6 67 2
12 75 2
6 112 2
39 81 2
49 72 2
24 122 2
39 103 1
7 32 2
62 65 2
75 85 2
47 60 2
15 83 2
74 121 1
3 113 1
17 89 1
66 81 2
64 90 1
11 29 2
10 45 2
56 115 2
58 106 1
12 61 2
6 100 1
31 93 1
46 61 2
75 76 2
14 103 2
9 122 1
13 70 2
64 122 1
21 87 1
50 119 2
1 20 2
41 132 2
12 67 2
9 27 2
8 50 2
6 64 2
80 101 1
23 136 1
17 34 2
38 94 1
13 73 2
29 43 2
21 43 2
26 37 2
0 118 1
8 59 2
6 7 2
14 41 2
31 127 1
2 124 2
21 68 2
19 71 2
4 81 2
11 62 2
28 53 2
33 122 1
25 124 2
8 41 2
73 135 1
33 105 1
45 52 2
68 96 1
73 80 2
17 38 2
18 67 2
32 72 2
0 20 2
62 123 1
67 82 2
4 22 2
20 129 1
1 36 2
3 98 2
18 132 1
28 76 2
28 75 2
31 126 2
28 36 2
68 134 1
3 21 2
31 34 2
8 42 2
35 135 1
72 123 1
41 133 2
28 54 2
3 36 2
27 112 2
61 120 1
7 61 2
3 17 2
19 78 2
38 65 2
25 65 2
67 80 2
30 44 2
3 15 2
63 78 2
34 36 2
25 100 1
37 51 2
0 18 2
70 138 1
25 38 2
10 46 2
41 97 1
28 66 2
51 64 2
36 73 2
46 98 2
13 43 2
8 18 2
34 45 2
6 42 2
7 30 2
36 39 2
33 40 2
25 83 2
15 25 2
2 32 2
34 87 2
71 99 1
78 90 2
41 59 2
1 81 2
71 111 1
31 35 2
51 92 1
5 70 2
10 78 2
27 66 2
18 90 1
29 88 2
39 93 1
43 78 2
39 90 2
57 62 2
47 74 2
72 130 2
32 53 2
45 71 2
31 128 1
5 80 2
11 58 2
34 48 2
0 128 2
30 77 2
28 63 2
35 44 2
56 87 1
30 42 2
56 67 2
16 97 1
8 70 2
70 127 1
40 53 2
9 24 2
19 40 2
4 50 2
81 91 1
69 101 1
19 114 2
33 138 1
42 53 2
14 83 2
73 77 2
30 33 2
11 72 2
47 70 2
42 127 1
13 39 2
6 63 2
4 126 1
36 50 2
51 73 2
80 104 1
3 37 2
53 60 2
34 55 2
78 136 1
7 27 2
29 118 2
66 103 1
40 61 2
8 29 2
57 83 2
43 112 1
23 81 2
35 58 2
25 77 2
55 76 2
30 110 1
23 72 2
48 86 1
3 57 2
21 42 2
27 31 2
34 62 2
1 56 2
18 99 2
62 113 2
63 115 1
47 59 2
67 81 2
56 72 2
35 98 1
5 50 2
15 110 1
27 63 2
5 25 2
5 29 2
4 82 2
13 18 2
15 43 2
38 127 1
59 65 2
1 59 2
6 57 2
15 72 2
46 74 2
58 72 2
21 80 2
64 136 1
61 77 2
15 47 2
8 48 2
32 66 2
27 43 2
3 106 1
78 93 1
49 52 2
23 26 2
64 71 2
21 66 2
80 120 1
17 57 2
44 63 2
61 92 1
66 82 2
2 89 1
27 80 2
19 134 1
13 67 2
29 79 2
76 129 2
21 35 2
52 64 2
13 72 2
27 60 2
50 94 1
36 86 2
80 138 2
29 132 1
14 106 2
48 85 1
42 122 1
10 35 2
18 25 2
14 31 2
61 135 1
26 54 2
7 85 2
65 68 2
60 107 2
51 138 2
76 87 2
27 79 2
33 74 2
29 45 2
62 69 2
38 69 2
29 52 2
17 33 2
41 85 1
36 44 2
65 84 2
61 123 1
21 76 2
46 108 1
8 15 2
24 47 2
17 45 2
47 127 1
1 29 2
1 75 2
13 44 2
39 67 2
22 61 2
0 5 2
31 67 2
7 38 2
1 93 2
32 70 2
11 80 2
9 82 2
66 67 2
53 64 2
20 36 2
66 96 1
49 80 2
28 57 2
19 20 2
50 57 2
14 54 2
45 77 2
15 134 1
27 33 2
12 74 2
83 84 2
12 125 1
0 138 1
18 40 2
10 11 2
2 121 2
14 62 2
7 63 2
42 66 2
43 108 1
19 61 2
40 48 2
12 38 2
20 57 2
8 47 2
41 55 2
25 50 2
58 78 2
1 4 2
52 109 2
56 104 1
34 67 2
2 80 2
27 40 2
75 133 1
30 51 2
39 72 2
67 125 1
70 128 1
5 11 2
54 57 2
43 68 2
27 65 2
55 58 2
76 115 1
18 76 2
16 64 2
1 16 2
25 60 2
21 59 2
44 47 2
15 23 2
2 8 2
34 99 2
28 72 2
42 83 2
13 56 2
60 102 1
8 46 2
12 72 2
7 36 2
38 54 2
8 38 2
8 37 2
32 60 2
7 53 2
17 98 1
52 72 2
49 54 2
3 53 2
36 53 2
0 110 1
8 64 2
26 72 2
51 57 2
27 74 2
63 64 2
8 78 2
76 139 1
36 72 2
59 115 2
33 68 2
22 116 1
8 31 2
45 69 2
7 52 2
6 78 2
23 25 2
4 12 2
33 61 2
79 90 2
14 120 2
6 81 2
41 124 1
14 35 2
23 135 1
56 105 1
32 46 2
27 86 1
71 74 2
6 71 2
4 56 2
73 92 1
9 31 2
71 121 1
50 102 1
18 49 2
53 131 1
14 55 2
52 99 1
30 35 2
54 58 2
37 120 2
12 40 2
11 81 2
33 60 2
65 91 1
57 58 2
1 133 1
16 67 2
60 100 1
61 63 2
3 25 2
64 81 2
81 92 1
12 30 2
32 122 2
55 72 2
18 101 1
45 50 2
58 71 2
4 69 2
27 136 1
8 97 1
8 54 2
43 77 2
61 106 2
49 50 2
44 81 2
69 84 1
10 129 2
50 68 2
25 30 2
22 97 2
11 138 1
7 42 2
16 59 2
4 119 1
16 101 2
51 75 2
6 68 2
44 125 1
63 67 2
29 109 1
19 79 2
64 79 2
11 70 2
35 74 2
36 133 1
46 82 2
51 109 1
37 50 2
3 42 2
14 56 2
15 75 2
21 83 2
18 35 2
64 70 2
0 11 2
13 45 2
8 80 2
10 25 2
46 77 2
62 110 2
38 75 2
23 45 2
32 97 2
10 69 2
38 50 2
19 53 2
26 109 1
24 126 1
62 118 2
21 39 2
18 29 2
25 69 2
47 58 2
63 120 2
50 64 2
39 77 2
0 85 2
25 39 2
4 51 2
25 54 2
53 75 2
49 105 2
47 51 2
72 120 1
4 38 2
20 26 2
36 42 2
51 54 2
7 20 2
16 61 2
10 50 2
15 70 2
51 52 2
38 46 2
6 37 2
2 70 2
5 9 2
5 99 2
9 101 1
9 39 2
34 139 1
48 54 2
29 35 2
10 66 2
66 116 1
47 65 2
47 54 2
7 72 2
31 42 2
39 102 1
11 59 2
24 42 2
28 88 2
82 106 1
32 79 2
46 97 1
72 78 2
73 106 1
42 49 2
27 70 2
23 94 2
47 79 2
12 111 1
56 101 1
70 113 2
24 76 2
9 51 2
18 63 2
34 53 2
72 75 2
12 22 2
68 127 1
4 73 2
64 67 2
46 72 2
20 24 2
51 114 1
32 106 2
7 127 1
33 82 2
13 77 2
63 80 2
11 45 2
38 74 2
28 82 2
78 94 1
12 17 2
36 82 2
73 98 1
0 106 1
80 123 1
52 112 2
35 40 2
56 122 2
69 96 2
16 51 2
3 9 2
36 125 1
1 32 2
6 58 2
10 42 2
4 78 2
16 20 2
24 49 2
5 131 2
16 56 2
57 102 2
5 44 2
2 132 1
11 50 2
74 97 2
41 70 2
7 10 2
50 71 2
55 75 2
71 102 1
28 52 2
15 61 2
48 52 2
37 93 1
0 73 2
2 53 2
60 77 2
25 37 2
23 30 2
20 63 2
8 36 2
59 130 2
19 81 2
0 137 2
49 98 1
10 132 2
30 64 2
41 53 2
36 70 2
12 65 2
46 119 1
0 1 2
45 67 2
78 82 2
77 84 1
8 60 2
4 33 2
22 67 2
18 50 2
10 57 2
70 125 2
29 120 1
27 41 2
52 53 2
11 14 2
68 78 2
39 73 2
1 62 2
5 45 2
10 43 2
38 79 2
15 33 2
23 73 2
13 125 1
11 46 2
19 80 2
33 67 2
24 58 2
48 112 1
25 52 2
21 54 2
1 14 2
49 130 1
51 65 2
14 60 2
50 60 2
7 130 2
58 70 2
69 71 2
65 67 2
18 31 2
19 62 2
30 31 2
57 77 2
58 61 2
34 47 2
81 88 1
14 127 2
6 137 1
62 67 2
2 62 2
80 107 1
62 73 2
68 72 2
5 42 2
9 32 2
35 64 2
81 117 1
7 9 2
49 74 2
15 44 2
50 89 1
18 28 2
13 74 2
3 49 2
61 71 2
5 123 1
60 128 1
41 56 2
69 91 1
46 68 2
65 80 2
2 44 2
47 62 2
52 74 2
3 90 2
16 129 1
11 98 1
50 87 1
27 68 2
38 49 2
34 61 2
2 66 2
59 123 2
21 26 2
59 107 1
17 122 2
54 69 2
3 12 2
53 70 2
34 130 1
0 66 2
17 94 2
35 50 2
22 81 2
51 80 2
6 24 2
48 50 2
32 120 1
26 124 2
15 32 2
83 116 2
15 128 1
50 139 1
38 57 2
8 121 2
18 121 1
30 55 2
33 51 2
28 49 2
23 65 2
4 65 2
26 38 2
18 43 2
21 65 2
52 56 2
10 29 2
19 41 2
28 55 2
39 66 2
32 35 2
10 28 2
60 117 1
8 9 2
30 76 2
20 59 2
22 24 2
3 14 2
36 38 2
20 31 2
24 107 1
66 83 2
40 76 2
11 68 2
12 54 2
36 43 2
17 109 1
79 116 1
12 83 2
44 76 2
13 127 1
71 72 2
37 75 2
20 21 2
12 13 2
25 106 1
36 75 2
35 111 1
6 30 2
1 46 2
7 25 2
15 95 2
22 93 1
8 79 2
0 23 2
17 44 2
3 58 2
37 60 2
1 30 2
11 103 2
15 36 2
28 113 1
5 79 2
73 85 1
42 54 2
26 138 2
22 64 2
15 62 2
15 38 2
6 84 2
6 117 1
16 50 2
23 110 1
73 127 2
70 106 2
11 111 1
11 20 2
44 114 2
27 38 2
73 90 1
33 103 1
42 74 2
52 120 1
14 74 2
20 58 2
4 72 2
76 82 2
1 99 1
10 21 2
4 6 2
39 62 2
13 55 2
27 87 2
28 29 2
60 74 2
18 71 2
11 101 2
34 38 2
19 23 2
0 50 2
18 66 2
69 135 1
26 70 2
14 26 2
4 112 2
30 99 2
35 56 2
40 83 2
4 39 2
44 69 2
10 27 2
40 57 2
7 12 2
0 14 2
38 42 2
11 102 1
3 66 2
52 127 2
47 110 1
27 137 1
1 82 2
14 15 2
69 110 1
20 43 2
18 82 2
5 53 2
33 86 1
7 44 2
62 122 2
61 69 2
40 137 1
14 22 2
5 12 2
38 73 2
0 63 2
74 136 1
28 126 1
62 134 2
43 85 2
4 53 2
56 88 1
13 53 2
58 66 2
16 24 2
9 13 2
31 111 1
1 38 2
32 41 2
8 20 2
29 31 2
66 76 2
31 125 2
15 27 2
55 62 2
22 23 2
7 28 2
37 86 1
33 88 2
3 60 2
37 82 2
52 61 2
78 81 2
31 60 2
37 61 2
13 87 2
4 61 2
44 72 2
22 32 2
69 100 1
59 99 1
35 57 2
13 47 2
4 28 2
80 122 1
0 45 2
13 133 1
61 100 1
23 78 2
45 84 1
18 37 2
37 135 1
5 106 1
34 80 2
6 119 2
10 34 2
6 66 2
14 129 1
82 95 1
18 48 2
47 57 2
7 123 2
27 39 2
77 82 2
45 47 2
7 21 2
5 24 2
27 129 1
82 127 1
2 16 2
22 60 2
36 49 2
49 126 1
15 99 2
9 50 2
41 127 1
47 102 1
33 43 2
21 81 2
56 74 2
28 41 2
1 126 1
77 79 2
46 66 2
68 126 1
69 79 2
80 114 1
77 123 1
3 64 2
15 18 2
60 62 2
6 15 2
67 97 1
2 56 2
32 99 2
1 42 2
27 121 1
17 42 2
15 63 2
17 72 2
2 42 2
40 41 2
5 128 2
1 80 2
43 103 2
81 129 2
36 69 2
36 63 2
20 65 2
22 113 1
48 71 2
4 94 1
39 68 2
37 47 2
38 71 2
75 80 2
45 62 2
29 71 2
34 56 2
22 58 2
73 118 1
54 81 2
8 123 1
77 97 2
38 47 2
0 40 2
36 81 2
34 124 1
17 18 2
76 108 2
78 79 2
4 18 2
8 34 2
39 99 2
28 44 2
9 77 2
8 19 2
70 91 2
8 14 2
13 16 2
55 101 1
34 120 1
49 53 2
1 37 2
37 80 2
65 93 1
27 45 2
57 74 2
21 100 1
16 30 2
63 81 2
32 75 2
63 106 1
54 71 2
24 46 2
10 63 2
12 41 2
56 71 2
37 138 2
5 10 2
16 121 2
16 89 1
2 13 2
4 32 2
52 128 2
67 72 2
23 75 2
39 49 2
23 74 2
9 95 1
17 82 2
9 42 2
21 38 2
55 87 1
4 24 2
38 72 2
3 75 2
4 80 2
58 93 1
17 50 2
15 81 2
51 123 1
54 100 1
0 27 2
3 20 2
26 71 2
16 70 2
43 45 2
22 69 2
69 70 2
26 35 2
31 59 2
68 88 1
14 16 2
40 73 2
67 132 2
54 94 1
65 77 2
29 136 1
14 123 1
45 125 2
23 115 1
30 128 2
6 70 2
64 123 2
41 62 2
9 47 2
52 126 1
1 60 2
2 49 2
36 135 1
16 41 2
24 135 2
3 33 2
35 80 2
7 125 2
45 61 2
48 74 2
33 78 2
9 131 2
52 68 2
59 76 2
25 31 2
21 24 2
0 62 2
23 39 2
31 45 2
11 133 1
57 88 1
60 88 1
16 76 2
57 67 2
13 79 2
80 127 2
11 78 2
1 13 2
21 29 2
63 105 1
20 83 2
49 58 2
57 108 2
8 58 2
59 80 2
27 48 2
26 128 2
51 58 2
38 68 2
22 68 2
80 110 1
6 93 1
41 114 1
53 85 1
27 64 2
83 86 1
11 69 2
54 103 2
52 130 2
9 38 2
64 78 2
11 15 2
12 28 2
13 120 2
16 25 2
2 71 2
57 82 2
36 51 2
33 59 2
32 33 2
23 59 2
55 131 1
20 54 2
70 73 2
2 27 2
44 46 2
16 55 2
22 47 2
67 76 2
54 74 2
27 85 2
1 15 2
56 129 1
7 104 1
27 30 2
69 73 2
36 45 2
66 73 2
14 42 2
37 46 2
6 55 2
29 100 1
72 138 1
33 57 2
30 90 1
79 83 2
33 76 2
24 38 2
54 93 1
42 114 1
12 70 2
40 105 1
13 59 2
60 99 2
16 34 2
45 83 2
31 68 2
16 87 2
46 75 2
33 81 2
47 61 2
60 81 2
19 104 1
37 52 2
13 81 2
38 83 2
2 30 2
34 88 1
24 50 2
1 66 2
12 68 2
16 86 1
9 36 2
22 62 2
60 113 1
23 69 2
13 20 2
35 47 2
46 90 1
43 130 2
12 27 2
55 138 1
3 23 2
50 106 1
23 29 2
17 83 2
35 102 2
11 109 2
19 43 2
48 56 2
81 138 1
16 36 2
57 93 1
42 108 1
17 41 2
5 75 2
80 91 2
22 28 2
71 77 2
5 119 1
55 113 1
25 27 2
13 25 2
20 47 2
16 62 2
8 132 2
60 67 2
6 11 2
74 85 1
62 135 2
47 77 2
14 61 2
27 55 2
65 66 2
7 17 2
54 60 2
47 48 2
13 50 2
34 42 2
5 47 2
25 33 2
34 49 2
53 62 2
2 35 2
38 60 2
59 87 2
40 68 2
6 16 2
15 64 2
49 129 1
9 79 2
64 77 2
28 135 1
10 20 2
37 76 2
24 77 2
28 89 1
41 79 2
32 92 1
79 113 1
42 59 2
15 80 2
0 15 2
42 118 2
10 24 2
49 73 2
52 73 2
6 46 2
30 87 1
6 22 2
43 48 2
23 87 2
40 70 2
7 114 1
50 91 1
2 107 1
73 103 2
42 43 2
75 117 1
50 56 2
9 64 2
1 49 2
43 133 2
39 80 2
65 75 2
2 64 2
42 98 1
61 73 2
14 43 2
81 132 1
59 108 1
11 82 2
29 113 1
15 50 2
56 59 2
20 67 2
71 108 1
6 75 2
24 25 2
32 82 2
74 128 2
27 36 2
13 19 2
30 75 2
22 70 2
42 61 2
19 21 2
29 75 2
3 124 1
33 42 2
64 65 2
28 65 2
1 85 1
69 83 2
40 96 2
71 82 2
4 68 2
25 57 2
27 28 2
19 37 2
43 71 2
45 58 2
0 48 2
45 56 2
27 53 2
61 114 1
4 36 2
17 55 2
29 78 2
29 49 2
2 17 2
18 111 2
29 57 2
20 139 2
20 70 2
45 70 2
38 52 2
0 51 2
22 126 1
45 89 1
23 79 2
54 65 2
47 71 2
49 63 2
11 44 2
9 76 2
26 74 2
11 67 2
9 109 1
7 80 2
13 42 2
23 80 2
48 63 2
66 125 1
1 79 2
42 62 2
21 57 2
45 115 2
11 22 2
28 118 2
3 134 2
25 26 2
32 68 2
0 75 2
52 119 1
13 17 2
8 56 2
16 66 2
20 79 2
44 56 2
28 69 2
56 126 1
49 83 2
16 27 2
25 43 2
9 70 2
15 107 2
42 97 1
8 124 2
61 82 2
39 60 2
33 104 2
7 81 2
62 70 2
4 47 2
10 105 1
1 44 2
26 56 2
16 130 2
51 78 2
25 35 2
1 105 1
30 74 2
29 76 2
17 132 1
3 40 2
3 16 2
41 76 2
40 84 2
58 124 1
35 42 2
32 69 2
57 120 2
26 137 2
28 71 2
75 135 2
61 94 2
40 71 2
28 85 1
73 76 2
35 38 2
24 35 2
3 48 2
68 120 2
52 66 2
39 52 2
7 16 2
77 112 1
70 78 2
82 104 1
68 109 1
7 22 2
0 53 2
18 19 2
14 81 2
2 25 2
23 98 1
11 12 2
27 58 2
40 78 2
25 68 2
5 57 2
2 26 2
6 91 1
17 70 2
37 48 2
44 79 2
44 74 2
6 88 2
42 46 2
11 25 2
33 83 2
17 36 2
67 74 2
5 96 1
25 34 2
26 27 2
66 110 1
3 54 2
66 70 2
6 31 2
34 91 1
68 101 2
44 54 2
43 54 2
9 63 2
16 79 2
37 127 1
44 103 1
62 82 2
15 42 2
57 64 2
31 46 2
56 57 2
37 63 2
22 45 2
12 45 2
12 18 2
73 124 1
29 115 1
39 51 2
9 78 2
4 77 2
39 54 2
58 114 1
46 50 2
0 65 2
11 18 2
63 118 2
50 59 2
76 119 1
15 130 1
24 26 2
9 52 2
56 84 1
9 53 2
33 66 2
41 67 2
7 64 2
2 78 2
65 120 2
28 42 2
24 39 2
32 55 2
21 46 2
64 75 2
2 15 2
27 46 2
62 75 2
42 57 2
35 59 2
30 70 2
51 98 1
60 95 1
44 61 2
17 43 2
59 124 1
76 81 2
25 119 2
14 64 2
26 110 1
28 33 2
24 31 2
25 71 2
9 46 2
64 135 1
18 27 2
34 129 1
49 60 2
35 100 2
54 76 2
80 103 1
59 81 2
36 41 2
51 90 1
19 27 2
4 63 2
7 31 2
9 58 2
61 81 2
22 29 2
3 133 2
49 87 1
30 38 2
56 61 2
24 51 2
0 42 2
35 51 2
42 126 1
70 72 2
54 95 1
16 46 2
25 75 2
14 105 2
34 66 2
9 85 1
59 112 1
18 51 2
31 79 2
58 109 1
17 58 2
8 27 2
42 55 2
5 100 1
35 67 2
28 61 2
66 84 2
19 33 2
3 34 2
5 46 2
9 30 2
58 77 2
79 134 2
58 64 2
10 39 2
41 54 2
64 83 2
68 133 2
18 103 1
11 26 2
61 70 2
38 128 2
16 81 2
62 68 2
0 64 2
35 75 2
3 8 2
31 88 2
7 47 2
23 64 2
28 62 2
42 132 1
35 46 2
4 44 2
28 108 1
22 36 2
44 73 2
10 81 2
17 39 2
37 44 2
1 9 2
67 123 1
49 71 2
25 58 2
8 87 2
24 110 2
2 74 2
35 53 2
39 82 2
1 74 2
49 76 2
72 82 2
37 118 1
8 75 2
28 51 2
78 83 2
18 56 2
43 89 1
0 30 2
17 59 2
6 79 2
53 61 2
31 73 2
39 84 1
58 60 2
11 54 2
41 57 2
50 120 1
8 69 2
55 108 2
52 84 2
13 117 1
71 114 2
15 16 2
30 85 1
14 38 2
38 76 2
0 17 2
82 126 1
55 56 2
25 67 2
21 22 2
47 94 2
46 57 2
52 62 2
22 124 1
50 130 1
25 46 2
65 127 1
75 111 1
5 66 2
30 60 2
4 26 2
31 80 2
17 110 1
22 74 2
24 106 1
22 26 2
67 131 2
79 82 2
46 130 1
16 69 2
32 34 2
1 78 2
38 58 2
22 75 2
21 92 1
46 52 2
23 52 2
10 41 2
48 69 2
29 111 1
65 83 2
50 65 2
10 67 2
44 135 1
46 51 2
80 139 2
34 79 2
4 21 2
24 70 2
2 33 2
53 83 2
24 100 1
70 74 2
1 73 2
13 15 2
3 7 2
51 81 2
36 64 2
28 48 2
0 69 2
2 75 2
70 88 2
15 19 2
21 136 1
74 75 2
73 125 2
0 95 2
45 107 1
15 45 2
49 81 2
31 77 2
17 64 2
14 82 2
17 52 2
71 79 2
46 60 2
16 72 2
56 123 1
28 81 2
7 131 1
0 60 2
34 71 2
47 92 2
42 70 2
65 130 1
82 103 1
20 45 2
26 82 2
7 49 2
13 75 2
4 115 1
50 122 1
51 67 2
9 120 1
8 30 2
49 69 2
31 71 2
11 42 2
43 93 1
20 117 2
34 72 2
25 90 1
51 83 2
32 65 2
19 46 2
32 50 2
56 79 2
28 77 2
40 79 2
42 75 2
30 57 2
57 125 2
46 71 2
22 96 1
50 58 2
8 22 2
6 74 2
55 64 2
14 51 2
33 53 2
21 130 1
37 71 2
54 59 2
25 66 2
32 139 1
72 79 2
45 133 1
25 105 2
64 106 1
50 112 2
49 128 1
0 32 2
16 53 2
67 79 2
17 19 2
50 55 2
1 26 2
5 111 1
62 64 2
1 18 2
33 65 2
33 135 1
51 107 2
56 89 2
40 69 2
49 94 1
68 138 1
35 48 2
36 80 2
28 128 2
17 68 2
62 76 2
2 37 2
39 74 2
22 102 2
66 69 2
5 41 2
60 80 2
46 65 2
7 73 2
1 17 2
33 37 2
75 125 1
2 116 2
59 120 1
35 68 2
7 39 2
2 83 2
19 29 2
31 74 2
31 83 2
15 121 2
60 137 1
13 34 2
46 102 2
14 96 1
9 106 1
57 110 1
20 72 2
10 44 2
35 52 2
3 69 2
28 107 1
36 77 2
29 69 2
62 77 2
14 119 1
53 112 1
19 125 2
2 31 2
19 102 2
6 43 2
6 12 2
52 55 2
14 58 2
1 112 1
11 27 2
51 68 2
40 45 2
51 59 2
31 66 2
62 139 1
49 51 2
13 89 1
40 43 2
24 68 2
48 82 2
7 83 2
35 54 2
27 44 2
26 93 1
24 62 2
56 69 2
58 81 2
22 80 2
1 130 1
39 65 2
6 49 2
47 72 2
17 105 2
6 86 1
17 71 2
9 71 2
25 42 2
8 74 2
0 29 2
12 16 2
66 134 1
35 97 1
21 36 2
28 68 2
25 40 2
82 102 1
49 70 2
0 33 2
20 62 2
47 88 1
18 52 2
48 72 2
51 69 2
29 84 2
53 80 2
43 97 1
39 64 2
48 78 2
4 49 2
26 62 2
21 55 2
31 62 2
47 49 2
46 87 1
68 90 2
27 83 2
8 92 2
7 40 2
51 134 1
17 103 1
2 43 2
66 95 1
24 73 2
27 78 2
16 43 2
44 65 2
47 75 2
34 69 2
51 88 1
22 34 2
2 51 2
80 116 1
32 73 2
60 73 2
55 79 2
54 82 2
55 57 2
55 77 2
28 50 2
73 95 2
6 33 2
44 58 2
3 99 2
41 99 1
54 135 1
60 110 2
3 51 2
17 76 2
0 108 2
21 133 2
55 105 2
8 11 2
56 58 2
15 52 2
58 68 2
8 32 2
34 54 2
6 59 2
33 55 2
4 52 2
74 83 2
39 61 2
19 72 2
55 73 2
81 113 1
25 53 2
59 119 1
1 83 2
59 71 2
24 36 2
70 129 2
13 35 2
55 92 2
30 102 1
26 73 2
12 98 1
32 115 1
16 40 2
7 8 2
11 31 2
23 42 2
4 133 2
15 119 1
5 77 2
41 63 2
32 117 1
6 21 2
82 136 1
70 105 1
45 80 2
49 61 2
4 41 2
36 90 2
53 86 1
3 22 2
26 119 1
13 65 2
24 95 1
60 75 2
34 44 2
21 31 2
11 24 2
49 82 2
2 48 2
1 87 2
35 66 2
25 56 2
14 79 2
31 40 2
37 74 2
0 24 2
59 63 2
70 131 2
2 50 2
58 79 2
40 108 1
2 100 2
62 136 1
67 68 2
10 73 2
11 63 2
19 73 2
21 112 1
3 46 2
11 100 1
35 62 2
29 83 2
6 77 2
43 83 2
56 63 2
34 65 2
8 81 2
6 27 2
53 63 2
53 68 2
22 38 2
54 127 1
34 138 2
45 116 1
16 73 2
4 14 2
63 75 2
60 130 2
64 66 2
40 63 2
23 54 2
27 51 2
16 113 2
14 44 2
46 62 2
74 82 2
70 123 1
1 65 2
56 108 2
8 57 2
51 53 2
8 61 2
4 103 2
19 48 2
66 139 1
3 129 1
2 115 2
40 46 2
78 84 1
3 68 2
35 69 2
63 89 2
10 76 2
4 13 2
35 78 2
9 68 2
30 54 2
50 82 2
58 83 2
30 32 2
63 82 2
24 28 2
10 91 1
20 123 1
62 71 2
20 113 1
37 111 1
74 115 2
31 44 2
42 77 2
70 77 2
15 109 1
73 115 1
15 39 2
26 83 2
45 87 1
13 57 2
53 66 2
2 54 2
6 40 2
8 35 2
46 76 2
4 60 2
67 85 2
11 66 2
45 134 1
1 124 1
26 75 2
43 65 2
7 23 2
29 61 2
32 58 2
40 90 2
59 111 1
36 47 2
48 120 2
22 78 2
14 28 2
0 121 2
54 78 2
16 32 2
12 34 2
24 57 2
27 61 2
71 75 2
5 35 2
63 83 2
69 127 1
42 73 2
2 95 1
11 119 1
56 124 2
12 133 2
39 71 2
46 107 1
15 41 2
40 65 2
3 6 2
12 86 2
20 76 2
12 80 2
22 55 2
19 126 1
2 34 2
14 52 2
40 75 2
74 119 1
78 139 2
7 60 2
26 120 2
35 77 2
4 121 2
24 61 2
70 79 2
11 128 2
58 76 2
9 33 2
38 81 2
79 86 1
65 87 1
28 74 2
2 103 1
7 69 2
36 109 1
57 73 2
32 38 2
55 61 2
63 88 1
54 70 2
62 104 1
11 83 2
28 87 1
60 64 2
20 37 2
26 55 2
13 62 2
26 34 2
28 39 2
1 45 2
41 72 2
30 89 1
33 132 1
79 136 1
30 68 2
51 70 2
67 122 1
55 68 2
1 50 2
10 19 2
15 37 2
1 41 2
2 133 2
5 7 2
35 108 2
5 23 2
11 32 2
13 108 2
0 34 2
38 39 2
43 60 2
9 138 1
33 114 1
31 54 2
36 48 2
14 77 2
2 67 2
80 118 1
15 40 2
62 78 2
77 103 1
46 47 2
2 81 2
0 35 2
2 58 2
13 71 2
7 14 2
15 55 2
18 44 2
26 81 2
46 59 2
38 106 2
7 67 2
2 55 2
44 78 2
52 58 2
18 91 1
16 80 2
17 37 2
24 52 2
74 107 1
18 46 2
15 21 2
9 123 2
13 31 2
8 136 1
83 125 2
63 108 2
47 83 2
70 110 1
46 78 2
6 139 1
75 78 2
30 46 2
83 89 2
13 82 2
21 58 2
21 61 2
44 71 2
5 118 1
65 79 2
82 112 1
58 119 1
69 77 2
4 30 2
27 34 2
39 111 1
24 82 2
30 63 2
22 43 2
75 109 1
28 70 2
32 91 1
33 79 2
7 26 2
9 108 1
38 66 2
44 128 2
17 47 2
68 69 2
15 78 2
28 59 2
75 132 2
26 59 2
78 123 2
23 32 2
18 72 2
10 33 2
20 52 2
2 59 2
25 51 2
16 115 1
13 37 2
53 69 2
40 54 2
1 53 2
32 76 2
25 29 2
43 51 2
1 25 2
21 82 2
20 87 1
48 107 1
21 103 1
38 119 1
1 89 1
12 102 1
22 53 2
52 129 2
2 57 2
43 72 2
11 35 2
57 133 1
38 100 1
26 47 2
15 30 2
83 117 1
21 113 1
34 137 1
6 76 2
14 133 1
80 133 1
38 129 1
50 61 2
57 91 1
46 81 2
43 128 2
56 66 2
22 40 2
62 115 1
39 46 2
41 48 2
12 63 2
23 63 2
37 72 2
45 98 1
32 90 2
13 137 1
56 107 1
38 43 2
11 23 2
27 35 2
32 101 1
62 132 1
50 66 2
38 45 2
14 34 2
60 86 1
76 112 1
17 131 1
41 44 2
72 89 1
41 77 2
68 83 2
7 33 2
73 74 2
5 28 2
29 60 2
58 63 2
26 97 1
17 75 2
59 62 2
2 108 1
40 55 2
1 77 2
32 49 2
12 81 2
4 62 2
77 80 2
1 61 2
3 31 2
40 62 2
16 78 2
16 29 2
62 129 2
15 59 2
57 135 2
22 48 2
66 79 2
6 135 2
27 72 2
55 93 2
5 26 2
34 59 2
44 66 2
38 56 2
24 54 2
7 45 2
58 65 2
37 42 2
7 79 2
68 135 1
12 37 2
34 75 2
49 59 2
31 32 2
26 42 2
29 114 2
1 35 2
8 45 2
71 110 1
47 68 2
43 91 2
60 65 2
12 49 2
5 34 2
14 49 2
62 81 2
48 99 1
23 47 2
24 41 2
25 28 2
1 114 1
66 80 2
39 78 2
83 94 1
10 60 2
17 106 1
3 47 2
53 58 2
36 74 2
12 48 2
4 58 2
59 73 2
9 23 2
75 79 2
1 64 2
64 93 1
2 6 2
78 128 1
7 77 2
16 35 2
18 70 2
44 68 2
17 51 2
58 74 2
19 28 2
77 125 1
12 32 2
27 42 2
49 56 2
30 39 2
0 125 1
72 128 1
43 138 2
20 80 2
19 24 2
72 91 2
29 65 2
6 26 2
21 32 2
4 84 1
82 108 1
64 109 2
2 12 2
4 104 1
60 79 2
13 54 2
64 114 2
9 16 2
19 59 2
50 54 2
29 41 2
64 68 2
5 82 2
76 102 1
4 67 2
15 100 2
18 22 2
55 63 2
31 51 2
4 83 2
72 73 2
5 8 2
16 23 2
57 95 2
56 82 2
15 131 1
37 70 2
0 7 2
7 50 2
7 78 2
81 98 2
6 23 2
10 68 2
46 48 2
18 81 2
52 83 2
1 21 2
26 79 2
33 58 2
44 112 1
6 52 2
46 69 2
13 78 2
1 40 2
16 45 2
18 78 2
12 79 2
65 76 2
1 10 2
41 82 2
28 114 1
20 48 2
29 70 2
57 79 2
0 93 1
42 82 2
24 44 2
16 124 1
50 63 2
11 73 2
30 108 1
5 110 2
53 72 2
11 33 2
13 46 2
53 77 2
36 40 2
42 52 2
51 103 2
21 75 2
31 49 2
6 72 2
3 77 2
49 78 2
23 34 2
3 52 2
11 16 2
10 13 2
79 102 1
37 66 2
14 40 2
60 61 2
72 76 2
8 53 2
0 68 2
37 69 2
50 96 2
21 108 1
64 118 1
12 36 2
39 50 2
62 106 1
47 56 2
56 83 2
42 76 2
52 81 2
25 55 2
54 67 2
2 106 1
14 71 2
11 49 2
60 129 1
35 82 2
7 75 2
12 21 2
24 91 2
42 103 2
70 76 2
33 50 2
3 61 2
52 94 1
68 106 1
23 27 2
32 51 2
8 83 2
12 62 2
19 111 2
2 5 2
10 114 1
15 71 2
0 76 2
12 77 2
24 87 1
4 70 2
50 72 2
28 83 2
5 14 2
3 35 2
50 74 2
62 79 2
9 81 2
47 66 2
23 46 2
64 117 1
0 103 2
4 79 2
11 71 2
40 56 2
6 94 1
23 58 2
14 39 2
44 49 2
12 57 2
41 52 2
20 50 2
32 61 2
74 76 2
24 71 2
53 55 2
42 78 2
19 123 1
3 10 2
49 92 2
4 107 1
51 63 2
20 88 1
25 74 2
24 88 1
50 69 2
44 92 1
34 76 2
23 133 2
12 46 2
24 45 2
9 54 2
11 19 2
36 60 2
19 57 2
10 126 1
1 137 1
2 40 2
51 77 2
50 53 2
36 89 2
30 97 1
15 34 2
30 84 2
19 77 2
26 46 2
4 74 2
7 59 2
62 120 1
41 50 2
24 69 2
30 79 2
2 23 2
27 75 2
10 79 2
74 110 1
5 48 2
45 78 2
40 64 2
26 44 2
45 74 2
25 48 2
40 42 2
23 33 2
25 129 2
48 83 2
3 27 2
70 71 2
31 47 2
71 136 2
5 49 2
23 67 2
46 79 2
11 127 1
62 83 2
6 10 2
61 80 2
7 65 2
28 86 1
8 49 2
3 130 1
53 108 1
29 54 2
25 47 2
82 119 1
19 64 2
23 76 2
18 69 2
55 71 2
47 111 1
52 75 2
32 45 2
19 75 2
1 123 1
49 106 1
32 56 2
44 132 1
30 37 2
4 91 2
26 29 2
16 37 2
25 80 2
66 114 1
34 107 1
69 106 2
38 111 2
46 64 2
9 134 1
69 82 2
50 81 2
11 48 2
38 89 2
33 44 2
57 66 2
83 110 1
40 81 2
20 86 1
17 108 1
68 137 1
46 134 1
21 41 2
35 119 1
27 133 1
6 83 2
0 10 2
8 62 2
61 78 2
45 130 2
15 138 1
57 81 2
21 118 2
19 67 2
69 75 2
72 77 2
35 123 2
4 29 2
44 77 2
32 62 2
51 61 2
81 83 2
2 46 2
5 56 2
68 71 2
79 100 1
58 94 1
7 74 2
35 55 2
61 83 2
16 17 2
72 106 1
53 129 1
3 74 2
77 113 2
36 66 2
3 78 2
3 5 2
14 80 2
0 71 2
9 127 2
5 37 2
71 128 1
52 71 2
48 119 1
33 91 1
3 4 2
32 52 2
60 82 2
71 76 2
10 127 1
9 12 2
20 118 1
31 50 2
50 99 1
7 115 1
25 62 2
13 64 2
42 58 2
53 82 2
71 104 1
63 71 2
12 59 2
61 74 2
24 111 1
6 17 2
56 65 2
5 38 2
26 32 2
23 60 2
4 37 2
2 3 2
49 55 2
36 61 2
26 48 2
45 59 2
63 76 2
48 134 2
23 51 2
0 56 2
22 49 2
1 58 2
15 46 2
35 129 2
45 72 2
30 115 2
74 99 1
37 79 2
21 71 2
35 99 1
53 122 1
72 134 1
79 97 2
34 127 1
9 18 2
43 70 2
30 71 2
42 80 2
43 67 2
48 114 1
29 50 2
78 80 2
9 25 2
22 83 2
3 65 2
41 61 2
79 125 1
71 113 1
15 66 2
56 73 2
63 107 1
0 4 2
67 93 1
12 51 2
26 69 2
0 41 2
23 105 1
8 72 2
37 88 1
70 80 2
1 51 2
68 75 2
13 29 2
42 60 2
40 72 2
13 60 2
8 13 2
23 90 2
55 90 2
3 79 2
10 80 2
45 101 1
4 64 2
33 100 1
68 124 2
15 112 1
34 118 1
23 123 1
29 46 2
24 104 1
48 60 2
3 26 2
70 81 2
18 129 1
38 55 2
27 123 2
49 136 1
76 83 2
37 81 2
15 69 2
17 28 2
15 76 2
16 52 2
1 39 2
56 86 2
71 83 2
2 60 2
33 52 2
26 64 2
48 68 2
13 41 2
7 43 2
47 101 1
12 42 1
2 36 1
0 94 1
4 45 1
7 19 1
36 137 2
17 48 1
31 118 1
61 72 1
23 120 1
18 45 1
35 45 1
45 51 1
19 26 1
56 134 1
77 85 1
24 40 1
39 63 1
22 37 1
4 105 1
52 134 2
65 71 1
73 116 2
10 85 2
1 34 1
46 80 1
10 18 1
36 91 1
40 52 1
6 65 1
16 116 2
2 134 1
63 77 1
39 120 1
22 103 2
82 116 1
83 105 2
48 92 2
48 77 1
36 105 1
17 35 1
21 137 2
7 15 1
0 2 1
50 80 1
57 59 1
2 39 1
42 120 2
8 21 1
4 120 2
11 76 1
95 118 1
59 75 1
15 85 1
