% n=140 p=60 d=0.33 p_blue=0.66
% k=0
67 137 2
57 117 1
51 58 2
52 72 2
82 131 2
52 101 2
82 99 2
71 133 1
69 136 1
3 5 2
5 11 2
54 132 2
18 112 1
4 29 2
72 132 1
73 74 2
1 78 2
11 72 2
61 72 2
72 76 2
61 83 2
31 96 2
63 68 2
77 135 2
64 76 2
10 81 2
32 102 2
25 50 2
2 18 2
76 77 2
71 80 2
16 86 2
1 103 2
21 126 2
44 62 2
62 69 2
51 116 2
41 80 2
21 97 2
34 66 2
81 128 2
45 121 2
5 116 2
54 77 2
4 101 1
15 81 2
12 51 2
54 64 2
26 70 2
16 52 2
1 59 2
33 80 2
76 81 2
73 95 1
70 120 2
6 43 2
8 87 2
7 58 2
63 115 2
14 73 2
2 124 1
71 82 2
16 119 1
9 71 2
9 10 2
14 76 2
49 81 2
21 74 2
83 99 1
44 51 2
18 37 2
42 70 2
25 54 2
15 32 2
34 133 2
32 51 2
26 124 2
15 69 2
75 98 2
59 122 2
55 136 2
36 39 2
13 109 2
23 132 2
3 55 2
7 61 2
20 80 2
54 85 2
13 82 2
25 81 2
51 110 1
13 137 1
14 68 2
7 30 2
79 119 2
69 112 1
46 81 2
61 62 2
37 76 2
6 63 2
12 72 2
10 114 2
49 92 2
37 128 2
7 35 2
24 66 2
60 66 2
7 20 2
18 46 2
3 78 2
30 64 2
32 42 2
5 59 2
29 97 2
51 78 2
56 74 2
29 54 2
65 101 1
77 82 2
8 49 2
18 73 2
19 118 1
7 11 2
39 50 2
41 69 2
2 68 2
11 45 2
2 100 2
53 69 2
37 48 2
27 113 2
5 15 2
25 94 1
39 133 1
74 135 2
4 44 2
1 27 2
64 77 2
24 78 2
5 40 2
58 69 2
52 67 2
40 132 2
15 104 1
28 83 2
24 44 2
17 31 2
47 77 2
0 4 2
60 133 2
30 37 2
50 82 2
18 78 2
28 75 2
14 21 2
8 20 2
53 71 2
54 80 2
5 74 2
34 82 2
59 86 2
15 139 2
70 88 2
12 65 2
8 45 2
51 72 2
36 38 2
31 53 2
51 115 1
47 108 1
55 62 2
82 86 2
34 87 2
15 95 2
55 126 2
22 32 2
32 34 2
5 14 2
64 117 2
59 83 2
39 42 2
7 60 2
75 117 2
1 138 1
81 82 2
3 9 2
13 72 2
46 58 2
28 65 2
21 70 2
5 48 2
50 53 2
50 76 2
16 35 2
2 65 2
72 79 2
16 72 2
43 81 2
15 59 2
7 81 2
64 103 2
6 56 2
29 55 2
72 74 2
38 51 2
45 52 2
34 80 2
22 72 2
3 16 2
13 76 2
79 117 1
19 25 2
6 132 2
16 74 2
15 56 2
76 124 2
20 79 2
18 104 2
21 46 2
79 102 1
20 55 2
21 40 2
3 93 2
43 76 2
34 76 2
47 64 2
67 89 2
16 57 2
23 31 2
27 66 2
48 57 2
11 106 2
45 79 2
32 63 2
52 78 2
23 29 2
23 67 2
9 63 2
42 82 2
3 21 2
54 91 2
8 36 2
16 110 2
59 137 1
79 83 2
22 67 2
24 41 2
30 79 2
27 56 2
23 55 2
23 63 2
21 61 2
37 53 2
0 24 2
45 123 2
32 70 2
57 72 2
8 17 2
11 36 2
13 55 2
3 57 2
69 121 2
30 128 1
40 57 2
50 92 2
9 49 2
32 47 2
27 43 2
37 60 2
62 114 2
70 133 2
62 71 2
53 70 2
14 66 2
5 6 2
27 82 2
32 108 2
58 75 2
0 44 2
49 69 2
54 112 2
29 60 2
79 87 1
23 71 2
36 53 2
30 98 1
25 33 2
30 38 2
13 75 2
11 131 1
18 127 2
22 138 2
14 46 2
18 39 2
1 60 2
32 41 2
13 25 2
76 91 2
12 59 2
80 136 2
37 38 2
8 139 2
14 115 2
3 17 2
23 100 1
23 81 2
45 49 2
23 26 2
2 25 2
53 73 2
18 59 2
20 27 2
24 132 2
40 137 2
82 104 2
37 51 2
64 105 2
26 68 2
30 39 2
16 17 2
49 72 2
38 43 2
4 79 2
41 134 2
67 78 2
5 112 2
14 118 1
35 100 2
35 47 2
58 84 2
74 116 2
41 51 2
66 120 1
16 106 2
51 107 2
21 52 2
13 117 2
79 135 1
1 49 2
8 14 2
76 78 2
46 125 2
78 138 2
33 53 2
3 23 2
20 68 2
24 135 2
35 53 2
69 73 2
30 46 2
46 68 2
64 110 1
59 73 2
30 65 2
47 72 2
21 37 2
74 85 2
44 77 2
45 78 2
47 131 2
18 36 2
20 40 2
69 91 1
23 44 2
8 21 2
24 61 2
81 100 1
35 60 2
14 36 2
3 63 2
14 18 2
48 137 2
11 119 2
26 111 2
0 11 2
6 48 2
3 98 1
58 71 2
16 69 2
10 24 2
6 14 2
27 87 2
58 82 2
14 39 2
51 99 1
3 13 2
22 106 2
47 68 2
27 38 2
73 130 2
10 135 2
59 74 2
49 54 2
35 50 2
77 95 2
24 62 2
18 50 2
80 122 2
28 84 1
4 64 2
39 83 2
18 139 2
19 43 2
7 13 2
70 98 1
40 45 2
12 44 2
1 57 2
0 120 1
45 84 2
26 123 1
11 25 2
27 58 2
57 65 2
37 137 1
61 65 2
44 96 2
6 50 2
51 130 2
19 51 2
8 16 2
2 53 2
6 55 2
29 74 2
15 68 2
0 8 2
55 59 2
38 73 2
27 122 1
43 133 2
54 70 2
40 61 2
59 65 2
17 136 2
10 66 2
53 55 2
53 117 2
8 37 2
29 31 2
68 79 2
28 39 2
24 60 2
33 64 2
20 94 2
20 36 2
39 63 2
37 78 2
18 79 2
3 46 2
9 26 2
54 106 2
31 61 2
18 26 2
10 49 2
1 129 2
77 108 2
19 58 2
49 98 1
68 134 1
23 49 2
40 41 2
8 10 2
5 49 2
31 67 2
2 23 2
1 2 2
0 93 2
4 67 2
39 79 2
38 58 2
25 53 2
73 122 2
14 81 2
53 131 2
54 113 2
39 107 2
34 69 2
53 63 2
10 79 2
20 42 2
32 68 2
12 31 2
34 64 2
77 101 2
40 126 2
28 47 2
36 79 2
41 72 2
5 136 2
71 117 2
71 136 2
43 68 2
1 10 2
7 63 2
25 70 2
20 60 2
10 52 2
82 94 2
49 133 1
44 83 2
48 52 2
59 90 1
37 118 2
43 48 2
1 94 2
18 77 2
13 87 2
30 84 2
45 59 2
24 43 2
16 48 2
33 98 2
38 124 2
58 70 2
31 55 2
7 91 1
38 45 2
0 50 2
24 45 2
45 73 2
54 75 2
37 50 2
33 69 2
32 57 2
66 108 2
31 60 2
0 88 2
26 38 2
26 28 2
27 61 2
32 73 2
12 122 1
22 42 2
10 73 2
10 122 2
29 40 2
30 124 2
46 62 2
23 75 2
2 67 2
73 78 2
61 95 1
13 23 2
39 101 1
74 83 2
8 61 2
29 59 2
3 124 2
36 82 2
50 88 2
17 75 2
14 80 2
20 28 2
70 77 2
14 95 1
50 127 2
17 41 2
27 138 2
6 26 2
10 105 2
33 45 2
10 51 2
41 92 2
57 81 2
14 122 2
73 123 2
16 22 2
70 110 2
75 112 1
28 81 2
0 38 2
59 85 1
11 49 2
26 78 2
37 68 2
15 52 2
15 78 2
64 89 2
77 86 2
18 30 2
3 20 2
2 46 2
39 71 2
34 61 2
82 114 1
21 35 2
26 41 2
67 112 2
0 40 2
13 37 2
9 82 2
62 76 2
15 23 2
11 130 1
12 38 2
28 44 2
60 85 1
6 117 2
34 119 2
33 85 2
66 118 2
7 100 1
68 112 2
79 89 1
4 95 2
38 68 2
53 54 2
34 68 2
61 93 2
53 80 2
69 85 1
78 85 2
53 68 2
11 39 2
5 20 2
32 52 2
47 55 2
57 93 2
32 33 2
25 32 2
34 39 2
30 78 2
34 86 1
81 88 2
23 42 2
7 44 2
73 107 2
11 63 2
0 47 2
28 51 2
20 64 2
15 80 2
79 133 2
58 137 2
77 114 1
12 27 2
2 113 1
40 58 2
18 126 2
29 50 2
70 112 2
32 60 2
56 118 1
10 12 2
41 122 2
15 134 1
68 80 2
48 59 2
26 77 2
24 104 2
65 70 2
28 56 2
44 81 2
21 80 2
43 83 2
33 48 2
12 68 2
46 113 1
23 35 2
16 139 2
31 32 2
19 67 2
14 79 2
21 55 2
65 93 2
30 73 2
15 93 2
22 36 2
15 122 1
78 129 2
45 96 2
22 45 2
17 44 2
59 81 2
56 84 1
80 83 2
32 83 2
6 75 2
9 17 2
47 130 1
24 33 2
5 10 2
1 36 2
55 74 2
0 51 2
2 7 2
66 74 2
62 129 2
27 75 2
80 115 2
55 84 1
79 81 2
39 68 2
39 41 2
8 71 2
16 136 1
14 107 1
67 70 2
64 131 2
15 83 2
48 72 2
38 89 2
67 130 1
1 63 2
30 75 2
25 47 2
4 49 2
10 28 2
46 121 1
48 64 2
67 83 2
24 75 2
57 73 2
11 66 2
21 69 2
33 55 2
18 57 2
77 81 2
1 12 2
15 58 2
69 104 2
19 49 2
55 122 2
2 44 2
73 127 2
19 76 2
37 64 2
53 77 2
41 136 2
47 56 2
28 36 2
0 10 2
25 26 2
28 113 2
1 11 2
12 80 2
12 29 2
3 8 2
23 59 2
18 22 2
50 69 2
35 126 1
38 138 1
5 63 2
18 116 1
23 83 2
59 109 2
64 132 2
66 128 2
11 31 2
30 130 2
42 62 2
49 109 2
19 38 2
42 55 2
32 61 2
49 113 1
17 22 2
31 58 2
61 78 2
24 63 2
75 128 2
12 32 2
55 61 2
28 64 2
18 33 2
2 73 2
60 64 2
62 108 2
17 92 2
2 43 2
3 43 2
14 34 2
65 130 1
19 27 2
29 113 1
24 83 2
3 22 2
31 131 1
5 23 2
28 46 2
27 103 2
36 59 2
27 40 2
8 57 2
1 13 2
7 134 1
33 123 2
55 79 2
50 91 2
43 106 2
20 32 2
36 43 2
21 124 2
72 82 2
40 77 2
43 60 2
21 26 2
66 76 2
0 62 2
26 96 1
51 60 2
32 38 2
35 117 2
3 117 2
12 70 2
20 21 2
46 51 2
4 23 2
5 56 2
18 81 2
5 45 2
30 66 2
14 42 2
31 54 2
2 62 2
32 91 1
71 119 1
10 64 2
9 52 2
42 49 2
28 62 2
20 59 2
10 21 2
73 76 2
31 63 2
21 63 2
15 54 2
21 31 2
4 110 2
57 77 2
3 83 2
58 74 2
1 20 2
4 11 2
66 96 1
12 39 2
30 48 2
60 88 2
58 61 2
42 68 2
35 68 2
15 72 2
58 100 2
49 65 2
52 106 2
32 43 2
1 14 2
13 31 2
51 101 1
65 69 2
73 75 2
69 74 2
2 54 2
9 18 2
23 34 2
18 25 2
37 49 2
55 77 2
7 43 2
14 62 2
9 68 2
8 34 2
41 46 2
73 99 1
37 39 2
61 63 2
25 57 2
8 39 2
4 132 2
10 80 2
3 107 2
16 65 2
9 72 2
3 41 2
12 111 2
55 135 2
47 107 2
80 82 2
31 36 2
4 53 2
53 99 2
47 58 2
6 7 2
43 51 2
77 79 2
15 100 2
2 90 1
23 84 1
70 114 2
16 85 2
22 29 2
4 22 2
0 60 2
46 47 2
16 63 2
37 41 2
16 19 2
62 88 2
19 96 2
75 80 2
57 114 2
19 78 2
36 55 2
5 68 2
27 79 2
9 57 2
0 69 2
64 114 2
19 82 2
13 38 2
68 73 2
76 104 1
17 79 2
6 110 1
40 73 2
9 24 2
20 58 2
34 63 2
30 43 2
51 71 2
15 67 2
9 54 2
4 40 2
31 50 2
24 53 2
57 112 1
65 68 2
17 116 2
19 44 2
53 81 2
59 131 2
29 34 2
16 109 2
40 124 2
43 119 2
29 62 2
17 42 2
24 82 2
29 91 2
17 51 2
2 59 2
17 95 2
21 57 2
23 56 2
36 65 2
26 35 2
57 69 2
16 118 2
21 79 2
56 59 2
26 57 2
62 65 2
11 100 1
35 51 2
45 51 2
20 43 2
23 69 2
17 40 2
1 34 2
15 31 2
30 35 2
42 132 1
26 54 2
7 47 2
60 121 2
17 100 2
46 92 2
11 67 2
12 107 2
1 117 1
40 55 2
68 111 2
30 76 2
55 70 2
49 51 2
14 49 2
5 52 2
6 15 2
0 37 2
36 50 2
73 83 2
16 70 2
25 110 2
62 120 2
59 70 2
9 81 2
10 17 2
4 12 2
19 80 2
78 97 1
28 82 2
3 12 2
26 72 2
29 44 2
65 126 2
9 58 2
4 34 2
64 73 2
26 81 2
35 64 2
28 55 2
54 126 2
10 113 2
74 77 2
42 119 2
15 38 2
27 44 2
66 121 2
52 133 2
43 74 2
73 88 2
83 135 1
42 112 2
40 72 2
43 138 2
74 79 2
23 54 2
0 22 2
57 120 1
37 73 2
7 25 2
28 70 2
6 39 2
5 80 2
8 50 2
14 87 1
29 126 1
19 61 2
24 37 2
25 139 2
14 45 2
76 118 2
73 135 2
6 13 2
61 128 2
7 56 2
20 48 2
22 51 2
12 63 2
28 73 2
69 137 1
38 47 2
5 79 2
2 93 1
52 53 2
11 17 2
21 47 2
1 62 2
40 43 2
13 35 2
4 38 2
41 47 2
34 54 2
9 22 2
41 52 2
45 65 2
11 118 1
68 71 2
24 52 2
19 24 2
42 48 2
47 60 2
19 126 2
33 133 2
21 56 2
54 114 1
74 117 1
41 126 1
10 36 2
23 62 2
7 24 2
36 60 2
38 72 2
46 91 2
63 112 2
10 25 2
12 83 2
19 98 2
24 57 2
10 29 2
51 131 1
0 61 2
26 51 2
15 37 2
24 65 2
11 20 2
43 58 2
69 129 1
17 19 2
43 111 2
19 70 2
54 56 2
35 46 2
15 82 2
14 43 2
14 31 2
79 93 2
46 55 2
68 72 2
54 72 2
13 15 2
38 115 2
71 135 1
63 83 2
70 74 2
35 58 2
30 51 2
19 50 2
13 83 2
28 52 2
9 110 2
26 46 2
51 94 2
48 61 2
1 26 2
20 30 2
77 111 1
13 36 2
39 87 1
38 62 2
16 49 2
22 48 2
3 39 2
30 88 2
64 71 2
13 24 2
19 48 2
41 59 2
66 85 2
49 83 2
20 138 2
47 50 2
35 38 2
50 135 2
26 136 1
22 110 2
72 78 2
16 30 2
31 46 2
32 119 2
1 70 2
47 126 1
9 112 2
68 109 1
10 67 2
39 48 2
24 46 2
46 54 2
30 55 2
10 127 2
6 123 2
46 75 2
15 60 2
67 77 2
25 65 2
61 70 2
63 76 2
3 4 2
33 71 2
47 123 2
24 72 2
38 70 2
13 70 2
21 94 2
1 47 2
57 59 2
19 57 2
26 64 2
27 139 2
31 113 1
29 51 2
63 97 2
77 126 2
15 46 2
4 105 2
20 52 2
58 118 1
24 54 2
22 38 2
13 69 2
29 67 2
21 51 2
18 93 1
66 79 2
23 66 2
62 92 2
18 19 2
59 76 2
29 63 2
67 88 1
10 86 2
55 72 2
17 55 2
8 64 2
26 49 2
10 23 2
37 46 2
35 84 2
36 75 2
11 19 2
9 40 2
40 42 2
45 74 2
36 40 2
7 139 2
54 81 2
7 59 2
49 60 2
25 75 2
28 37 2
9 42 2
52 82 2
17 98 2
1 51 2
58 60 2
13 28 2
9 123 1
1 130 2
3 56 2
29 109 1
5 12 2
27 70 2
52 55 2
15 44 2
1 7 2
35 61 2
55 68 2
30 42 2
24 106 2
42 78 2
10 31 2
52 54 2
14 94 2
48 56 2
8 41 2
23 133 2
5 113 2
66 100 2
44 67 2
14 60 2
39 81 2
45 60 2
2 37 2
1 56 2
30 71 2
83 119 2
30 70 2
30 56 2
31 65 2
41 79 2
27 59 2
31 38 2
48 77 2
45 67 2
44 80 2
26 36 2
45 47 2
10 65 2
36 73 2
12 36 2
17 65 2
13 51 2
62 85 2
41 110 2
48 58 2
11 33 2
22 122 1
74 132 1
8 81 2
69 80 2
46 112 2
30 115 2
21 39 2
31 101 1
40 81 2
50 87 1
17 87 1
56 129 2
4 13 2
61 109 2
55 78 2
41 71 2
17 72 2
38 102 2
29 43 2
36 66 2
82 109 2
67 71 2
52 76 2
7 131 1
38 99 2
14 24 2
38 80 2
68 114 2
42 117 1
12 78 2
23 48 2
74 103 2
2 70 2
10 91 1
23 33 2
11 50 2
33 56 2
31 40 2
19 34 2
48 134 1
50 102 2
48 76 2
48 124 1
36 51 2
56 66 2
24 39 2
6 30 2
15 30 2
21 42 2
13 90 2
34 47 2
31 64 2
57 79 2
14 25 2
51 67 2
8 12 2
18 27 2
46 72 2
6 52 2
64 70 2
9 50 2
11 32 2
29 121 2
61 113 1
26 65 2
6 18 2
33 44 2
36 83 2
0 116 2
20 88 2
16 51 2
54 61 2
0 75 2
41 56 2
10 118 2
67 126 2
4 120 1
18 65 2
61 77 2
78 89 2
5 81 2
9 33 2
21 34 2
6 61 2
38 123 1
6 138 2
76 119 1
2 3 2
4 46 2
16 60 2
23 130 2
53 64 2
0 58 2
21 45 2
25 35 2
43 66 2
36 121 2
36 62 2
3 32 2
26 55 2
13 46 2
43 56 2
55 129 2
4 109 1
7 57 2
29 57 2
2 115 2
69 75 2
19 37 2
16 99 2
25 116 2
11 65 2
23 27 2
44 71 2
2 26 2
4 15 2
42 72 2
53 87 1
20 65 2
2 35 2
3 14 2
78 115 2
25 59 2
34 132 2
18 64 2
13 101 2
37 77 2
27 120 2
67 76 2
23 76 2
18 99 1
7 23 2
68 69 2
50 78 2
59 88 2
20 106 1
15 40 2
50 60 2
46 101 2
65 138 2
50 66 2
3 28 2
3 27 2
35 136 2
10 32 2
63 75 2
21 83 2
28 66 2
20 63 2
19 31 2
60 81 2
48 60 2
26 27 2
29 37 2
21 41 2
8 55 2
50 56 2
42 71 2
5 61 2
25 56 2
69 139 2
19 46 2
81 83 2
41 77 2
55 71 2
1 6 2
45 75 2
48 55 2
45 107 1
23 52 2
49 75 2
15 41 2
38 69 2
44 105 2
28 61 2
42 61 2
8 110 2
60 77 2
6 113 2
11 89 2
60 91 1
77 102 2
44 98 1
82 100 1
30 33 2
4 108 1
23 65 2
54 124 2
61 90 2
44 52 2
4 63 2
8 30 2
54 66 2
10 40 2
15 16 2
63 81 2
46 66 2
34 78 2
21 62 2
31 71 2
4 45 2
12 127 2
10 61 2
30 69 2
10 131 1
26 52 2
46 117 2
69 109 2
26 34 2
16 81 2
0 13 2
31 44 2
25 90 2
11 24 2
36 46 2
27 41 2
49 53 2
69 72 2
16 21 2
81 91 1
41 65 2
45 80 2
56 73 2
41 128 1
26 33 2
6 8 2
46 59 2
59 69 2
26 75 2
43 50 2
22 137 2
30 44 2
29 33 2
11 103 1
7 41 2
3 119 2
3 30 2
2 105 1
18 55 2
75 100 1
81 137 1
51 69 2
10 14 2
58 98 2
0 130 2
82 125 1
16 79 2
5 42 2
32 59 2
33 43 2
74 80 2
37 42 2
31 51 2
56 89 2
20 114 2
37 67 2
31 93 2
4 8 2
24 59 2
12 67 2
0 54 2
39 70 2
0 18 2
19 33 2
3 6 2
24 81 2
60 69 2
5 57 2
17 43 2
58 122 2
15 130 1
35 42 2
55 58 2
42 85 1
22 37 2
48 116 1
16 41 2
18 49 2
42 139 2
41 49 2
19 21 2
9 31 2
56 57 2
44 82 2
29 64 2
11 112 2
51 114 1
12 81 2
2 60 2
15 39 2
50 67 2
13 106 1
33 47 2
64 107 2
69 81 2
25 77 2
60 93 1
46 78 2
74 138 2
34 85 2
9 108 1
13 67 2
14 63 2
21 27 2
31 41 2
30 77 2
62 78 2
8 75 2
47 121 1
37 131 2
10 48 2
62 70 2
42 80 2
33 73 2
5 7 2
66 82 2
18 62 2
79 103 1
35 56 2
3 35 2
80 88 2
67 91 2
28 127 2
24 35 2
22 128 2
46 136 2
66 75 2
1 118 1
53 82 2
56 60 2
83 137 2
47 83 2
42 105 2
71 96 2
6 139 2
6 16 2
1 68 2
6 67 2
73 81 2
7 8 2
66 89 2
78 121 2
67 80 2
51 109 2
8 83 2
26 107 1
35 72 2
44 78 2
12 126 1
4 80 2
24 120 2
19 132 1
8 27 2
11 95 1
79 112 2
61 114 2
19 68 2
71 100 2
43 62 2
53 60 2
6 65 2
71 130 2
34 52 2
26 69 2
4 70 2
53 78 2
29 47 2
17 27 2
4 18 2
20 23 2
28 50 2
6 83 2
10 59 2
19 35 2
32 137 1
43 64 2
8 80 2
13 27 2
9 38 2
55 57 2
29 38 2
39 59 2
62 75 2
56 80 2
12 121 1
64 120 2
11 97 1
45 71 2
33 139 1
66 83 2
0 42 2
14 44 2
2 24 2
69 71 2
68 104 2
3 70 2
65 134 2
20 26 2
39 128 1
25 30 2
10 43 2
69 83 2
53 91 1
30 86 1
38 55 2
34 77 2
11 42 2
7 49 2
6 24 2
83 103 2
39 80 2
36 41 2
29 69 2
29 32 2
14 64 2
42 91 1
9 32 2
21 36 2
3 84 1
43 70 2
56 101 1
17 62 2
64 134 2
17 71 2
41 64 2
27 83 2
50 80 2
21 28 2
29 70 2
2 42 2
27 107 2
65 137 2
37 63 2
54 135 2
7 88 2
4 62 2
35 52 2
24 32 2
37 80 2
8 59 2
31 48 2
53 96 2
2 112 1
23 68 2
37 125 2
56 126 2
17 37 2
0 67 2
65 135 1
21 65 2
60 74 2
72 116 1
19 53 2
70 118 1
7 32 2
45 77 2
8 18 2
13 32 2
36 71 2
1 61 2
36 95 2
41 84 1
48 71 2
9 70 2
61 73 2
4 54 2
13 52 2
60 67 2
60 71 2
17 54 2
9 74 2
62 116 2
54 67 2
30 34 2
17 59 2
67 87 1
5 8 2
22 68 2
13 131 1
17 26 2
5 33 2
38 65 2
1 17 2
19 137 2
48 70 2
36 68 2
75 77 2
52 57 2
14 139 1
53 79 2
80 104 2
73 94 1
8 129 1
12 75 2
66 98 2
11 64 2
39 105 2
57 82 2
21 84 2
38 121 2
40 80 2
44 108 2
32 74 2
51 56 2
41 102 1
16 88 1
19 87 2
11 71 2
23 40 2
57 76 2
4 52 2
14 82 2
39 112 1
6 79 2
21 112 2
14 19 2
21 44 2
28 80 2
2 47 2
66 110 1
14 16 2
5 37 2
29 75 2
1 39 2
62 80 2
47 90 1
32 62 2
73 97 2
81 87 2
18 72 2
7 39 2
58 117 1
29 112 2
72 80 2
32 56 2
6 27 2
22 46 2
41 76 2
11 47 2
6 58 2
5 89 2
28 41 2
44 55 2
47 95 2
13 50 2
31 37 2
79 106 2
1 9 2
17 48 2
15 75 2
7 78 2
76 82 2
10 35 2
5 67 2
33 100 1
17 49 2
2 74 2
8 74 2
20 45 2
11 55 2
20 78 2
64 81 2
44 54 2
60 73 2
64 104 2
55 119 1
8 33 2
3 48 2
52 65 2
5 69 2
52 58 2
41 45 2
65 113 2
45 83 2
17 33 2
43 61 2
21 71 2
42 81 2
40 44 2
45 82 2
72 110 1
16 54 2
12 55 2
60 76 2
64 74 2
56 71 2
3 61 2
80 90 2
9 37 2
31 81 2
19 83 2
56 79 2
19 55 2
14 111 1
43 73 2
8 28 2
33 49 2
24 134 1
64 67 2
17 30 2
5 38 2
27 53 2
5 66 2
53 128 2
34 96 2
66 77 2
34 38 2
67 82 2
49 71 2
15 57 2
40 64 2
5 46 2
32 58 2
27 73 2
56 96 2
52 81 2
17 88 2
3 75 2
21 54 2
21 32 2
32 80 2
31 45 2
23 24 2
56 65 2
6 51 2
14 106 1
28 74 2
49 122 2
35 80 2
13 21 2
12 19 2
76 111 2
57 70 2
0 80 2
40 50 2
31 69 2
37 82 2
31 114 2
43 116 2
57 66 2
68 101 2
77 105 1
11 40 2
44 68 2
32 75 2
51 80 2
23 43 2
5 65 2
13 116 1
72 118 2
46 103 1
4 77 2
26 62 2
36 64 2
47 61 2
10 129 2
34 91 2
28 77 2
50 61 2
32 129 2
3 91 2
24 107 2
37 65 2
35 66 2
32 79 2
50 129 2
13 64 2
1 122 2
19 23 2
9 60 2
26 60 2
56 58 2
40 97 1
11 37 2
0 65 2
46 61 2
47 49 2
29 42 2
23 78 2
44 119 1
8 51 2
73 80 2
39 49 2
25 127 1
4 28 2
16 18 2
33 70 2
0 25 2
40 52 2
43 117 1
49 117 2
10 71 2
8 63 2
38 82 2
2 11 2
21 78 2
1 25 2
38 85 1
52 114 1
70 134 2
20 57 2
2 16 2
49 80 2
0 21 2
8 38 2
12 24 2
14 137 1
56 61 2
16 76 2
61 75 2
26 39 2
65 77 2
14 51 2
57 90 1
41 60 2
2 76 2
0 73 2
5 105 1
12 37 2
0 45 2
52 83 2
17 77 2
33 37 2
82 124 2
5 77 2
12 116 2
56 116 1
28 38 2
25 73 2
40 62 2
21 99 2
22 86 2
75 138 2
11 29 2
40 60 2
54 83 2
7 74 2
35 112 1
40 104 1
25 68 2
42 43 2
39 61 2
60 129 1
55 76 2
72 107 2
15 49 2
26 66 2
16 68 2
1 76 2
46 74 2
34 58 2
12 69 2
22 28 2
31 107 1
33 117 1
75 129 2
11 137 1
34 101 1
79 126 2
1 92 1
60 75 2
14 52 2
27 109 2
61 69 2
33 59 2
17 21 2
30 82 2
24 89 2
65 104 2
22 47 2
60 136 1
5 76 2
23 64 2
2 27 2
29 114 1
13 78 2
10 99 2
2 110 1
45 56 2
19 60 2
24 56 2
7 79 2
1 21 2
16 28 2
9 80 2
47 62 2
14 126 2
30 49 2
35 59 2
14 53 2
22 50 2
25 87 2
15 133 2
24 30 2
32 50 2
14 20 2
18 47 2
46 126 2
0 1 2
22 43 2
24 50 2
79 80 2
2 57 2
19 74 2
2 30 2
60 119 2
11 15 2
3 138 1
44 49 2
57 64 2
57 75 2
40 63 2
44 73 2
24 25 2
64 66 2
41 93 2
18 66 2
27 114 1
25 39 2
15 26 2
25 55 2
52 110 2
17 52 2
1 29 2
66 130 1
47 80 2
37 57 2
7 66 2
1 82 2
26 63 2
31 35 2
5 138 2
12 136 2
22 79 2
12 60 2
12 47 2
52 63 2
15 101 1
1 31 2
79 82 2
70 82 2
19 72 2
44 47 2
40 48 2
0 16 2
62 81 2
15 24 2
6 29 2
41 48 2
3 69 2
3 40 2
47 53 2
11 74 2
21 123 2
1 75 2
66 68 2
24 48 2
67 117 1
41 42 2
62 103 2
42 131 2
36 81 2
51 73 2
53 90 1
45 48 2
4 75 2
34 43 2
13 16 2
52 137 1
43 53 2
37 43 2
7 95 2
12 94 1
13 132 2
28 63 2
1 50 2
38 60 2
6 45 2
27 60 2
29 46 2
20 76 2
22 34 2
28 76 2
71 95 2
44 61 2
8 46 2
55 63 2
42 101 2
10 75 2
67 72 2
80 96 2
15 53 2
14 83 2
50 65 2
73 124 2
21 30 2
56 122 2
4 36 2
16 58 2
29 133 2
4 43 2
28 31 2
35 65 2
11 22 2
72 84 1
34 42 2
55 124 2
82 129 1
4 76 2
72 129 2
18 51 2
43 55 2
52 74 2
1 86 2
2 79 2
12 79 2
20 100 1
44 65 2
55 120 2
27 77 2
2 21 2
3 11 2
9 13 2
29 77 2
45 55 2
2 48 2
71 77 2
23 39 2
42 56 2
8 24 2
2 13 2
34 51 2
51 75 2
12 71 2
24 77 2
25 63 2
15 61 2
4 58 2
13 58 2
83 95 2
9 43 2
41 50 2
1 38 2
33 79 2
1 35 2
28 45 2
69 77 2
0 124 2
30 129 2
66 80 2
11 46 2
47 81 2
55 114 1
6 81 2
10 54 2
25 45 2
5 90 2
35 49 2
67 102 1
74 87 1
10 44 2
70 72 2
10 78 2
7 121 2
46 87 2
41 61 2
46 105 1
42 79 2
49 70 2
1 107 2
7 42 2
18 60 2
14 104 2
13 121 1
77 80 2
49 61 2
41 55 2
0 6 2
40 83 2
71 129 2
35 48 2
26 120 2
9 56 2
14 65 2
7 137 2
21 23 2
44 60 2
29 30 2
32 54 2
8 32 2
0 90 2
4 37 2
34 110 2
34 35 2
21 86 2
12 35 2
18 69 2
30 113 2
18 43 2
44 53 2
39 57 2
20 89 2
45 64 2
46 48 2
74 106 2
37 121 2
46 76 2
74 111 2
3 51 2
20 25 2
21 33 2
19 40 2
27 37 2
77 96 1
48 66 2
16 33 2
22 62 2
28 34 2
12 64 2
40 53 2
26 50 2
25 61 2
46 67 2
7 36 2
22 33 2
49 94 2
13 30 2
36 132 1
71 75 2
4 55 2
22 80 2
16 38 2
72 115 2
15 63 2
0 23 2
52 68 2
83 92 1
31 77 2
55 66 2
62 66 2
69 78 2
8 115 2
14 85 2
39 72 2
22 73 2
5 58 2
7 69 2
16 20 2
52 71 2
10 55 2
24 103 1
45 53 2
46 57 2
27 63 2
5 75 2
33 62 2
32 87 1
76 112 2
72 94 1
10 115 2
1 16 2
56 107 2
19 32 2
13 61 2
35 77 2
59 63 2
45 61 2
5 26 2
79 136 2
2 119 1
70 111 2
0 64 2
42 98 1
63 108 2
15 18 2
69 126 2
22 77 2
19 88 1
9 131 1
79 114 2
13 14 2
36 117 1
61 100 2
0 33 2
24 27 2
33 109 1
40 49 2
41 87 2
1 67 2
25 117 1
18 31 2
4 137 1
78 95 1
11 43 2
22 30 2
14 75 2
63 82 2
31 76 2
53 58 2
31 118 2
7 108 1
14 27 2
45 58 2
22 71 2
8 54 2
9 35 2
54 110 2
9 47 2
71 72 2
55 132 1
38 71 2
18 74 2
29 71 2
6 136 2
21 135 2
12 62 2
43 52 2
2 39 2
61 81 2
14 37 2
17 25 2
14 71 2
32 53 2
61 79 2
26 44 2
26 100 1
30 117 1
5 82 2
62 72 2
34 62 2
4 78 2
50 72 2
31 126 2
36 77 2
27 36 2
40 90 2
12 54 2
48 112 1
36 135 1
20 83 2
7 124 1
5 29 2
0 137 2
17 34 2
45 91 2
29 76 2
38 119 2
51 61 2
70 94 2
24 38 2
55 100 2
4 135 1
19 107 2
6 54 2
24 28 2
2 12 2
0 46 2
29 83 2
26 59 2
0 81 2
3 50 2
53 113 1
47 82 2
18 92 2
79 134 2
20 72 2
3 33 2
27 28 2
25 66 2
49 91 2
44 64 2
45 57 2
29 79 2
75 131 1
55 134 1
7 31 2
18 88 1
50 55 2
27 119 2
14 23 2
7 52 2
66 78 2
45 122 2
15 79 2
30 80 2
58 111 2
38 81 2
82 118 1
21 58 2
75 83 2
53 92 1
45 109 1
51 54 2
0 27 2
26 73 2
58 138 2
21 64 2
63 109 2
37 79 2
17 80 2
55 83 2
53 57 2
50 64 2
40 125 2
12 61 2
75 90 2
27 45 2
18 67 2
75 93 2
42 75 2
20 53 2
0 77 2
82 83 2
39 45 2
35 120 2
72 81 2
65 71 2
13 29 2
5 35 2
12 82 2
70 87 2
61 107 2
7 84 2
27 76 2
21 104 2
9 97 1
28 35 2
35 71 2
0 57 2
73 109 2
30 125 2
25 43 2
70 91 2
0 48 2
4 96 2
75 109 2
78 93 1
37 123 2
50 83 2
38 61 2
31 80 2
9 83 2
22 63 2
9 34 2
51 92 2
6 36 2
77 78 2
55 95 2
62 63 2
67 107 2
10 33 2
36 47 2
46 60 2
43 108 2
31 75 2
43 124 2
73 115 2
20 109 2
10 37 2
53 86 1
28 107 1
0 7 2
28 124 2
44 50 2
42 69 2
33 83 2
48 67 2
17 127 2
50 73 2
16 37 2
30 52 2
8 35 2
4 121 2
43 63 2
11 34 2
47 118 2
49 129 1
24 105 2
65 106 2
58 130 1
3 68 2
75 82 2
27 46 2
34 45 2
42 44 2
38 42 2
73 139 1
6 53 2
12 45 2
11 13 2
11 109 2
34 65 2
74 137 2
32 65 2
35 45 2
57 80 2
2 107 2
56 132 2
49 138 2
78 83 2
18 23 2
33 110 1
54 98 2
67 68 2
4 57 2
79 129 2
1 74 2
17 20 2
39 95 2
7 22 2
18 24 2
47 71 2
60 99 1
19 102 1
61 125 1
19 75 2
0 94 2
13 79 2
29 96 2
81 131 2
29 52 2
52 94 2
11 52 2
24 36 2
2 22 2
83 89 1
78 79 2
10 13 2
11 134 1
23 125 1
34 40 2
6 112 2
55 94 2
53 74 2
44 74 2
38 83 2
56 77 2
16 82 2
6 49 2
50 59 2
62 79 2
16 102 2
5 44 2
19 20 2
62 73 2
34 105 2
32 95 1
65 82 2
63 66 2
18 44 2
52 96 2
0 28 2
4 115 2
20 111 1
10 102 2
0 89 1
3 81 2
23 79 2
30 72 2
7 135 2
35 85 2
60 63 2
57 58 2
21 105 2
68 74 2
76 123 2
10 136 2
43 82 2
18 80 2
57 127 2
66 97 2
29 137 1
39 90 2
30 111 2
43 79 2
14 32 2
62 139 2
42 134 2
25 98 2
32 40 2
8 109 1
12 52 2
6 20 2
1 66 2
31 68 2
79 122 2
19 122 2
13 74 2
51 117 2
15 120 2
20 34 2
53 66 2
5 17 2
33 81 2
76 97 2
9 87 1
34 59 2
9 118 2
20 61 2
82 135 2
38 117 1
13 19 2
59 95 2
6 42 2
8 40 2
19 71 2
25 82 2
30 123 2
52 56 2
26 61 2
14 59 2
38 79 2
1 19 2
25 37 2
50 68 2
49 86 1
47 51 2
7 10 2
18 53 2
32 106 1
31 62 2
18 115 1
30 100 2
13 22 2
1 95 2
2 61 2
16 53 2
40 71 2
47 85 2
1 23 2
54 73 2
10 19 2
33 52 2
32 35 2
37 61 2
44 124 1
49 63 2
4 47 2
16 77 2
25 58 2
13 59 2
83 101 1
37 66 2
61 68 2
19 127 2
20 47 2
54 68 2
26 45 2
53 65 2
54 123 2
0 55 2
41 74 2
49 118 2
14 67 2
58 85 2
17 47 2
9 75 2
4 48 2
34 60 2
8 26 2
0 106 2
26 80 2
4 39 2
44 120 2
26 83 2
2 49 2
15 22 2
59 127 1
5 73 2
23 37 2
42 65 2
56 62 2
21 59 2
12 21 2
52 134 2
0 74 2
17 83 2
9 21 2
31 52 2
28 30 2
45 72 2
1 96 2
20 95 2
60 70 2
0 32 2
2 38 2
36 110 1
50 95 2
78 99 2
15 33 2
25 46 2
17 74 2
17 58 2
24 133 1
69 128 1
6 44 2
7 17 2
24 40 2
47 67 2
23 51 2
12 92 2
58 64 2
46 123 2
26 103 2
4 14 2
25 52 2
41 44 2
58 83 2
82 134 1
25 38 2
18 61 2
38 57 2
25 72 2
10 30 2
35 81 2
24 64 2
6 10 2
71 99 2
28 60 2
34 74 2
0 41 2
18 63 2
67 139 2
26 37 2
14 69 2
19 110 2
19 39 2
14 74 2
39 40 2
10 53 2
26 58 2
48 79 2
58 63 2
22 84 2
6 108 1
23 70 2
78 82 2
35 78 2
7 116 2
18 29 2
34 138 2
35 82 2
13 60 2
5 101 1
1 72 2
58 73 2
50 116 2
35 116 1
68 127 2
17 82 2
18 125 2
45 134 2
74 82 2
33 120 2
35 39 2
36 74 2
6 86 2
32 36 2
11 53 2
51 83 2
45 54 2
0 30 2
53 120 2
3 25 2
81 98 2
8 52 2
63 74 2
7 51 2
19 59 2
11 44 2
2 29 2
17 45 2
36 89 2
51 81 2
36 63 2
16 47 2
50 70 2
41 83 2
65 131 2
24 31 2
58 67 2
39 53 2
20 120 1
52 73 2
15 43 2
15 70 2
7 132 2
44 69 2
20 44 2
25 79 2
83 102 1
34 81 2
0 34 2
59 64 2
27 48 2
21 116 2
13 96 1
13 81 2
33 63 2
32 139 2
28 130 2
13 95 2
0 95 2
61 99 1
31 79 2
37 55 2
56 75 2
36 44 2
70 71 2
20 51 2
52 79 2
27 39 2
9 15 2
19 26 2
50 77 2
78 110 2
39 64 2
42 110 1
13 92 2
12 33 2
28 118 1
23 127 2
54 59 2
65 80 2
5 51 2
70 80 2
50 112 2
5 54 2
9 14 2
75 79 2
31 139 2
8 138 2
81 116 1
36 56 2
65 76 2
66 81 2
67 123 1
50 81 2
49 67 2
10 20 2
11 58 2
53 62 2
10 72 2
1 85 2
30 92 2
16 27 2
4 32 2
35 99 2
37 70 2
61 66 2
49 52 2
0 56 2
6 38 2
30 61 2
1 139 2
12 53 2
30 60 2
38 54 2
37 71 2
27 72 2
49 95 2
43 100 2
5 41 2
59 79 2
20 37 2
42 58 2
33 35 2
25 83 2
22 40 2
16 45 2
18 131 1
65 79 2
31 42 2
71 73 2
6 32 2
19 81 2
1 18 2
44 138 1
52 66 2
16 40 2
4 26 2
1 116 2
26 48 2
46 83 2
27 34 2
48 83 2
54 133 2
56 67 2
15 115 2
21 24 2
35 87 2
49 55 2
22 58 2
54 134 2
15 28 2
6 70 2
7 37 2
46 64 2
13 85 2
4 65 2
30 99 1
36 78 2
15 74 2
28 49 2
9 53 2
26 90 1
59 124 2
3 15 2
4 35 2
22 69 2
33 76 2
15 97 1
81 129 2
14 55 2
29 107 2
16 26 2
42 66 2
24 34 2
29 136 2
65 67 2
38 50 2
49 57 2
38 132 1
58 90 2
17 36 2
6 90 1
60 132 2
56 93 1
7 62 2
55 69 2
65 103 2
58 68 2
12 20 2
33 75 2
27 92 2
72 83 2
66 135 2
51 102 2
48 50 2
70 76 2
75 115 2
10 34 2
38 52 2
32 49 2
41 57 2
0 14 2
19 63 2
74 76 2
9 29 2
33 36 2
54 120 2
0 66 2
28 67 2
11 26 2
23 50 2
11 68 2
9 62 2
50 79 2
42 64 2
64 101 1
42 60 2
10 70 2
10 47 2
11 81 2
27 57 2
44 95 2
40 46 2
3 24 2
41 70 2
13 68 2
28 57 2
8 116 2
11 30 2
8 78 2
13 80 2
30 63 2
62 113 1
12 40 2
56 100 2
19 65 2
23 60 2
29 100 1
0 85 1
12 22 2
49 77 2
48 78 2
49 58 2
53 111 1
13 42 2
0 82 2
49 107 1
39 116 2
29 61 2
29 35 2
10 107 1
80 127 1
30 50 2
37 62 2
25 44 2
5 47 2
41 58 2
5 70 2
39 123 2
13 44 2
1 119 1
1 8 2
43 71 2
15 48 2
0 15 2
26 127 2
57 122 1
46 88 2
40 75 2
30 83 2
12 77 2
1 24 2
28 29 2
36 136 1
25 137 1
8 42 2
14 38 2
16 62 2
8 60 2
74 107 2
11 59 2
36 134 1
29 72 2
34 70 2
64 108 2
58 120 2
11 51 2
61 129 2
74 78 2
46 79 2
6 64 2
27 30 2
22 57 2
25 69 2
66 86 1
83 124 2
13 62 2
23 25 2
0 72 2
4 130 2
5 60 2
4 60 2
68 110 1
59 113 1
65 87 2
57 86 2
17 69 2
39 88 1
49 139 1
59 94 2
42 63 2
10 68 2
33 42 2
9 73 2
5 24 2
37 84 1
30 91 1
51 62 2
10 15 2
40 128 1
35 97 2
78 87 1
33 97 1
26 32 2
47 76 2
69 88 1
68 82 2
18 58 2
11 122 2
16 130 1
19 79 2
59 100 1
50 54 2
15 123 2
9 39 2
8 13 2
25 74 2
49 66 2
35 74 2
48 121 1
9 45 2
61 135 2
37 47 2
51 84 2
17 56 2
1 101 2
26 30 2
23 41 2
79 88 2
52 80 2
74 105 2
46 49 2
39 86 2
23 36 2
31 47 2
64 72 2
23 53 2
48 63 2
46 56 2
2 17 2
6 46 2
16 129 2
4 30 2
37 83 2
20 67 2
53 75 2
27 128 1
46 50 2
49 115 2
39 129 2
19 101 2
10 116 2
43 113 2
20 56 2
12 58 2
47 48 2
70 113 1
39 66 2
27 55 2
67 79 2
66 71 2
39 132 1
76 99 1
14 50 2
60 135 2
58 123 2
54 58 2
27 101 1
65 83 2
17 130 1
40 136 2
47 84 1
20 81 2
7 18 2
81 95 2
45 70 2
9 41 2
8 68 2
22 55 2
13 41 2
28 78 2
13 34 2
6 78 2
30 122 1
28 40 2
78 90 2
76 79 2
24 137 2
54 71 2
51 76 2
66 73 2
47 74 2
41 118 2
64 65 2
52 64 2
60 65 2
3 82 2
7 55 2
76 117 1
8 69 2
54 74 2
44 48 2
17 61 2
67 81 2
22 35 2
7 65 2
22 54 2
16 115 1
17 35 2
0 59 2
4 9 2
64 91 1
37 122 2
22 61 2
60 83 2
68 93 1
42 46 2
43 57 2
68 100 2
43 72 2
0 5 2
16 80 2
3 49 2
13 138 1
62 83 2
61 74 2
41 73 2
38 64 2
18 75 2
21 49 2
26 71 2
59 135 2
51 91 2
48 65 2
11 41 2
14 54 2
18 76 2
15 65 2
40 47 2
12 41 2
11 38 2
5 19 2
51 52 2
4 27 2
36 48 2
54 131 2
71 78 2
55 88 1
5 55 2
54 97 2
5 131 2
12 48 2
44 100 2
59 120 2
53 138 1
12 123 2
10 56 2
4 10 2
12 66 2
16 32 2
7 77 2
37 40 2
5 39 2
7 9 2
29 41 2
27 69 2
38 49 2
6 21 2
51 70 2
28 59 2
64 82 2
6 71 2
2 36 2
0 125 1
35 43 2
58 78 2
4 69 2
17 114 1
54 101 2
3 129 2
44 57 2
8 113 2
23 74 2
29 53 2
3 64 2
6 60 2
15 85 2
41 106 1
17 67 2
65 88 2
28 103 2
54 76 2
52 62 2
5 88 2
56 83 2
39 51 2
25 31 2
8 76 2
61 131 2
58 105 2
46 77 2
63 126 1
16 87 1
19 54 2
25 93 2
38 93 1
56 70 2
26 31 2
6 40 2
59 93 2
46 53 2
2 28 2
17 68 2
44 137 1
70 75 2
37 90 1
22 27 2
39 137 1
20 131 2
46 82 2
78 81 2
16 64 2
2 52 2
2 136 1
59 71 2
81 106 2
4 127 2
73 79 2
13 129 1
8 31 2
8 77 2
15 45 2
64 83 2
22 65 2
49 50 2
5 50 2
34 37 2
42 54 2
56 76 2
71 79 2
22 96 2
6 105 2
57 116 2
51 93 1
58 119 2
12 30 2
2 5 2
66 95 1
23 61 2
57 62 2
42 52 2
34 121 2
22 76 2
3 109 2
80 117 2
6 9 2
24 58 2
32 82 2
4 74 2
56 81 2
13 54 2
7 82 2
65 73 2
22 88 1
39 82 2
49 74 2
19 108 2
12 130 2
7 64 2
39 76 2
57 74 2
24 74 2
70 79 2
30 67 2
12 56 2
8 79 2
17 128 2
27 85 1
24 26 2
39 52 2
12 120 2
5 27 2
9 61 2
31 74 2
49 111 2
57 108 1
22 85 2
22 64 2
39 67 2
72 97 2
80 121 2
8 118 1
25 129 2
9 76 2
62 130 2
5 119 1
36 45 2
48 75 2
5 36 2
16 66 2
11 80 2
17 53 2
5 72 2
48 87 2
36 54 2
75 88 1
3 65 2
4 7 2
43 80 2
44 112 2
47 65 2
48 73 2
48 90 2
28 136 1
74 123 2
52 129 1
12 50 2
63 133 2
36 57 2
37 111 2
60 111 1
18 113 2
33 78 2
31 49 2
25 36 2
60 101 1
11 84 2
16 46 2
4 83 2
25 62 2
57 100 2
42 77 2
10 38 2
35 76 2
16 122 2
59 60 2
0 2 2
8 108 2
61 71 2
55 82 2
20 50 2
67 75 2
68 75 2
19 30 2
2 81 2
18 82 2
33 60 2
3 7 2
60 78 2
10 134 1
58 79 2
48 126 2
56 69 2
6 74 2
46 52 2
58 77 2
15 47 2
48 80 2
48 82 2
4 50 2
6 41 2
25 49 2
36 52 2
34 50 2
2 83 2
38 75 2
83 108 2
20 71 2
47 52 2
66 103 1
6 22 2
4 131 2
4 56 2
30 32 2
1 22 2
79 138 2
32 72 2
7 28 2
1 48 2
47 57 2
41 82 2
3 29 2
33 82 2
31 111 2
49 82 2
65 75 2
0 53 2
54 93 1
14 77 2
64 75 2
3 34 2
11 56 2
3 58 2
7 34 2
33 50 2
48 135 2
1 42 2
14 72 2
4 124 1
22 56 2
8 58 2
45 50 2
21 110 2
75 126 1
10 60 2
83 87 2
15 90 1
36 87 2
18 20 2
19 103 2
7 14 2
34 136 1
50 71 2
37 44 2
2 19 2
13 48 2
45 85 2
35 41 2
3 44 2
8 53 2
44 97 2
27 50 2
70 93 2
52 59 2
56 135 1
71 74 2
39 43 2
26 76 2
36 109 2
6 47 2
15 55 2
41 66 2
11 18 2
11 73 2
39 130 1
48 53 2
13 112 2
13 17 2
59 108 2
18 41 2
35 107 1
74 81 2
5 130 2
34 92 2
22 24 2
83 116 1
31 57 2
81 113 1
72 100 2
7 67 2
56 98 2
56 99 1
32 66 2
44 46 2
31 43 2
30 40 2
17 24 2
37 54 2
61 64 2
18 56 2
19 47 2
71 110 1
47 79 2
83 134 2
16 61 2
27 125 1
50 74 2
22 132 2
3 53 2
51 86 2
15 36 2
35 40 2
62 99 2
6 80 2
14 30 2
55 110 2
16 78 2
46 124 1
3 112 2
42 53 2
12 73 2
1 123 2
39 55 2
17 91 2
0 79 2
27 35 2
18 52 2
53 61 2
25 42 2
52 130 2
1 79 2
27 78 2
78 119 1
19 94 1
64 127 2
62 68 2
15 66 2
0 26 2
40 74 2
16 55 2
8 65 2
54 55 2
58 80 2
38 44 2
57 60 2
73 118 2
42 76 2
60 80 2
1 37 2
9 65 2
78 117 2
10 128 1
25 78 2
64 125 2
33 51 2
47 73 2
4 19 2
3 47 2
43 86 1
4 20 2
65 97 2
10 57 2
46 69 2
57 95 1
25 102 1
25 28 2
21 101 1
11 78 2
80 87 2
37 72 2
10 63 2
6 84 2
2 34 2
9 77 2
42 87 2
65 78 2
35 83 2
15 17 2
1 28 2
34 75 2
16 56 2
24 70 2
0 12 2
27 33 2
19 36 2
29 111 1
35 36 2
8 66 2
6 31 2
50 58 2
8 82 2
29 102 2
10 69 2
14 89 2
44 79 2
0 83 2
66 104 2
64 78 2
79 139 2
8 125 2
61 67 2
19 106 2
2 123 2
62 122 2
3 77 2
41 68 2
63 65 2
12 28 2
37 133 2
57 105 1
4 81 2
1 80 2
7 27 2
50 51 2
18 28 2
24 80 2
12 15 2
8 44 2
42 83 2
6 34 2
31 105 2
33 77 2
21 43 2
17 38 2
17 105 2
74 75 2
44 63 2
7 38 2
73 111 2
2 78 2
22 39 2
12 26 2
9 27 2
53 67 2
13 18 2
57 113 2
15 29 2
43 120 2
78 80 2
22 83 2
25 29 2
27 32 2
24 71 2
34 46 2
2 31 2
75 102 1
31 94 2
72 73 2
0 71 2
42 67 2
17 66 2
19 29 2
19 62 2
22 70 2
48 69 2
7 68 2
16 24 2
47 63 2
38 127 1
2 32 2
25 34 2
57 67 2
5 133 1
40 69 2
42 59 2
1 109 2
41 62 2
30 68 2
2 45 2
6 28 2
24 79 2
76 87 2
29 81 2
57 109 1
2 72 2
12 13 2
21 50 2
25 51 2
39 121 2
40 96 2
41 67 2
75 81 2
67 69 2
0 49 2
62 77 2
47 66 2
14 40 2
45 100 2
74 86 1
58 76 2
34 55 2
43 47 2
34 67 2
34 71 2
70 86 1
8 29 2
37 58 2
33 61 2
35 44 2
7 19 2
56 82 2
16 71 2
70 138 2
64 86 2
40 65 2
42 96 1
40 68 2
26 29 2
55 64 2
64 79 2
33 68 2
39 46 2
3 79 2
19 64 2
37 102 2
51 63 2
43 44 2
49 79 2
76 80 2
20 116 2
2 64 2
59 67 2
13 73 2
29 36 2
2 71 2
39 44 2
25 99 2
41 94 2
1 43 2
62 131 1
4 122 2
59 77 2
14 35 2
7 53 2
60 62 2
18 40 2
69 106 2
41 43 2
0 76 2
5 78 2
54 78 2
12 84 2
23 73 2
42 74 2
61 116 2
45 137 1
53 72 2
36 37 2
8 56 2
63 106 2
31 136 2
41 78 2
31 73 2
35 98 2
53 103 2
15 119 2
0 43 2
33 108 2
25 41 2
5 83 2
14 22 2
64 121 2
71 76 2
81 130 1
53 124 2
22 81 2
76 116 2
48 54 2
56 88 2
37 52 2
15 131 1
11 77 2
8 15 2
23 110 2
51 65 2
2 33 2
24 51 2
14 48 2
34 72 2
0 63 2
9 16 2
78 96 2
37 81 2
19 66 2
5 32 2
14 78 2
82 93 2
7 15 2
37 74 2
31 78 2
4 71 2
55 81 2
11 23 2
40 106 1
20 35 2
51 77 2
49 56 2
20 49 2
9 91 2
14 96 2
13 56 2
20 22 2
50 75 2
59 68 2
10 58 2
57 63 2
56 95 1
5 117 2
70 119 2
52 108 1
7 71 2
12 98 2
1 110 2
0 52 2
18 109 2
27 54 2
5 34 2
26 47 2
41 127 1
45 97 2
13 136 2
14 98 2
32 69 2
37 120 2
83 117 2
16 44 2
49 73 2
17 18 2
0 9 2
47 70 2
21 73 2
46 94 1
80 99 2
29 98 2
54 129 2
3 42 2
14 57 2
74 127 2
61 120 2
30 47 2
9 105 2
35 75 2
1 81 2
72 89 2
28 72 2
58 62 2
9 20 2
9 44 2
69 70 2
38 76 2
39 75 2
9 66 2
61 76 2
38 67 2
63 70 2
39 111 1
19 42 2
43 59 2
30 110 2
20 77 2
11 69 2
24 108 2
32 81 2
15 25 2
51 64 2
39 47 2
63 78 2
20 107 2
33 57 2
27 68 2
41 86 2
70 83 2
6 59 2
54 65 2
39 98 2
1 40 2
26 139 2
39 127 2
35 124 2
75 78 2
8 9 2
44 130 2
75 89 1
5 28 2
9 12 2
31 70 2
37 93 1
56 97 2
35 69 2
1 30 2
1 5 2
45 104 2
38 74 2
10 18 2
45 66 2
10 26 2
20 29 2
0 20 2
16 43 2
34 49 2
29 39 2
39 74 2
48 62 2
17 84 2
67 73 2
42 50 2
20 33 2
24 47 2
28 71 2
66 69 2
13 45 2
18 83 2
36 70 2
38 56 2
68 77 2
40 82 2
51 66 2
3 67 2
12 49 2
40 56 2
43 46 2
9 11 2
63 67 2
2 8 2
64 136 2
11 35 2
34 56 2
51 105 2
39 56 2
74 131 2
15 51 2
48 68 2
1 46 2
57 78 2
35 101 2
1 32 2
28 98 2
30 54 2
59 72 2
50 62 2
78 122 1
20 129 2
11 76 2
19 73 2
34 79 2
8 67 2
65 102 2
1 71 2
5 31 2
33 46 2
7 73 2
36 58 2
33 121 2
24 55 2
42 47 2
23 38 2
41 63 2
50 97 2
33 74 2
6 68 2
76 106 2
1 65 2
55 103 1
64 69 2
3 71 2
31 83 2
2 14 2
59 116 2
42 116 1
31 59 2
10 45 2
45 129 2
23 28 2
30 132 2
4 72 2
62 127 2
80 128 1
17 60 2
11 123 2
3 88 2
30 41 2
3 54 2
21 60 2
62 67 2
3 19 2
22 75 2
44 56 2
7 72 2
51 59 2
9 69 2
33 72 2
54 69 2
39 60 2
27 31 2
39 78 2
82 85 2
53 59 2
5 111 1
51 55 2
32 44 2
13 39 2
65 66 2
4 106 2
21 53 2
34 48 2
27 51 2
20 66 2
7 40 2
21 91 1
28 68 2
33 66 2
29 49 2
57 126 2
7 70 2
16 31 2
3 66 2
31 72 2
21 111 2
8 73 2
55 80 2
42 100 2
29 65 2
34 73 2
43 65 2
41 81 2
4 82 2
10 39 2
32 76 2
56 72 2
34 53 2
35 128 2
44 45 2
61 115 1
37 69 2
5 62 2
29 118 1
46 110 1
82 133 2
65 132 2
9 79 2
39 62 2
38 66 2
59 139 2
36 42 2
61 110 2
36 137 2
44 76 2
35 133 2
5 25 2
50 123 2
49 125 2
32 96 2
11 54 2
17 57 2
11 14 2
80 107 2
63 113 2
56 68 2
12 76 2
31 99 2
21 81 2
47 54 2
29 78 2
43 93 1
49 127 2
25 64 2
28 110 1
10 42 2
41 135 2
12 57 2
32 46 2
23 77 2
25 27 2
40 111 2
4 73 2
7 26 2
1 41 2
5 22 2
76 88 2
60 79 2
61 139 1
16 117 1
50 57 2
48 51 2
58 72 2
5 16 2
7 16 2
35 67 2
53 95 2
23 57 2
2 66 2
26 56 2
33 34 2
9 99 2
31 34 2
12 18 2
43 78 2
27 29 2
39 73 2
49 97 2
9 36 2
33 40 2
60 61 2
70 81 2
75 99 1
29 82 2
57 89 1
16 59 2
8 47 2
15 64 2
16 39 2
8 111 2
4 66 2
38 39 2
1 69 2
1 58 2
41 54 2
5 53 2
14 93 2
68 83 2
56 133 2
0 39 2
4 126 2
66 70 2
67 135 2
36 80 2
6 85 2
25 71 2
31 56 2
22 23 2
16 23 2
55 92 2
21 77 2
15 19 2
21 25 2
48 93 1
26 43 2
64 137 2
64 106 2
4 25 2
66 72 2
37 75 2
79 128 2
21 117 2
54 79 2
40 70 2
37 59 2
30 45 2
2 15 2
21 82 2
46 70 2
12 115 1
68 70 2
17 46 2
5 125 1
32 37 2
2 6 2
22 78 2
19 104 2
78 100 2
8 84 2
60 131 1
6 12 2
81 104 1
28 42 2
68 78 2
49 103 2
4 61 2
8 48 2
12 74 2
0 126 2
15 62 2
20 46 2
34 36 2
21 22 2
7 12 2
11 28 2
3 62 2
22 44 2
7 101 2
45 138 1
65 81 2
17 28 2
12 14 2
57 83 2
3 26 2
18 35 2
4 51 2
1 73 2
34 41 2
24 73 2
30 81 2
26 67 2
17 73 2
82 97 2
37 45 2
16 73 2
73 89 2
13 127 2
55 75 2
4 59 2
47 75 2
46 139 1
36 67 2
15 20 2
66 67 2
18 21 2
57 61 2
8 11 2
69 76 2
4 92 2
55 65 2
25 80 2
22 26 2
8 22 2
49 62 2
59 75 2
6 130 2
3 18 2
46 63 2
60 134 2
44 59 2
29 45 2
1 33 2
31 33 2
58 81 2
4 17 2
0 35 2
30 53 2
28 32 2
62 97 2
46 73 2
33 54 2
55 125 1
58 136 2
20 54 2
13 63 2
4 68 2
6 82 2
13 40 2
65 91 1
28 53 2
3 80 2
8 25 2
51 57 2
17 76 2
27 52 2
10 50 2
33 41 2
60 139 2
1 54 2
15 77 2
10 41 2
6 129 1
24 69 2
47 99 2
10 95 2
40 54 2
63 71 2
7 29 2
21 85 2
22 25 2
80 81 2
69 89 1
34 83 2
26 131 1
19 45 2
67 128 2
19 28 2
30 74 2
16 34 2
70 73 2
7 50 2
75 76 2
2 51 2
68 129 2
7 120 2
32 45 2
36 72 2
35 54 2
68 108 1
63 79 2
72 136 2
2 41 2
45 68 2
76 83 2
36 69 2
12 43 2
32 48 2
1 45 2
44 58 2
54 60 2
20 62 2
13 47 2
26 74 2
12 23 2
4 33 2
45 63 2
68 113 2
56 64 2
23 58 2
20 41 2
13 26 2
43 92 1
17 29 2
47 113 2
6 33 2
16 92 2
11 83 2
8 23 2
55 56 2
58 65 2
15 76 2
21 75 2
83 97 2
33 65 2
9 98 2
30 134 1
22 66 2
68 123 2
5 139 1
74 130 2
9 23 2
2 50 2
9 64 2
14 117 2
44 113 2
21 38 2
23 46 2
4 24 2
31 39 2
4 5 2
29 73 2
15 34 2
42 124 1
30 62 2
17 39 2
61 117 2
6 62 2
3 76 2
79 107 1
19 52 2
7 48 2
16 67 2
4 41 2
16 42 2
65 72 2
53 76 2
0 134 1
10 46 2
11 16 2
47 59 2
9 89 2
38 125 1
23 118 1
32 71 2
10 22 2
28 58 2
0 29 2
57 71 2
13 77 2
7 33 2
7 45 2
31 82 2
56 63 2
45 62 2
73 77 2
35 37 2
6 35 2
6 25 2
29 68 2
14 56 2
21 115 2
7 110 2
10 62 2
51 68 2
67 106 1
3 132 2
4 6 2
30 36 2
18 34 2
80 98 2
46 65 2
10 82 2
25 130 2
79 92 1
19 22 2
20 38 2
69 79 2
21 68 2
54 62 2
38 116 1
48 95 2
47 115 2
27 65 2
21 76 2
5 102 2
28 69 2
7 75 2
26 79 2
11 48 2
3 60 2
2 80 2
63 104 2
10 125 2
17 23 2
6 57 2
27 71 2
68 126 2
14 47 2
42 51 2
2 40 2
3 59 2
72 75 2
30 58 2
5 134 2
27 67 2
33 67 2
48 49 2
18 38 2
38 63 2
80 123 2
80 86 2
12 17 2
27 64 2
31 98 2
44 70 2
59 62 2
1 64 2
2 20 2
51 74 2
27 89 2
71 116 2
5 13 2
6 69 2
38 78 2
40 79 2
77 83 2
18 71 2
38 48 2
1 52 2
36 123 2
12 16 2
45 76 2
14 130 2
27 62 2
2 126 1
16 105 2
12 46 2
37 94 2
83 90 1
30 31 2
5 64 2
3 45 2
35 73 2
27 74 2
9 59 2
11 60 2
11 75 2
22 127 2
39 54 2
80 106 1
6 73 2
10 11 2
22 53 2
20 69 2
43 75 2
8 72 2
20 74 2
5 30 2
12 124 2
69 82 2
73 82 2
52 75 2
37 129 2
49 68 2
22 59 2
14 33 2
17 63 2
5 71 2
34 44 2
27 81 2
38 77 2
28 101 2
67 74 2
9 100 2
45 89 2
32 78 2
54 130 2
52 61 2
62 64 2
19 69 2
61 80 2
51 53 2
45 81 2
20 24 2
12 42 2
1 44 2
31 109 2
47 92 1
65 74 2
83 85 2
15 21 2
33 38 2
32 77 2
14 15 2
25 48 2
75 137 1
22 124 2
2 9 2
21 67 2
7 76 2
69 127 1
5 43 2
29 56 2
68 76 2
71 83 2
27 80 2
48 85 2
48 74 2
19 56 2
6 134 2
19 41 2
7 83 2
72 135 1
22 31 2
58 104 2
26 42 2
3 38 2
15 91 2
43 67 2
43 90 2
15 42 2
64 68 2
53 83 2
22 52 2
12 137 2
21 48 2
36 76 2
35 123 2
17 81 2
59 80 2
22 131 2
22 111 2
2 10 2
39 65 2
12 25 2
28 48 2
34 107 2
16 101 2
11 57 2
16 111 2
21 89 1
63 77 2
0 17 2
16 25 2
2 58 2
81 117 2
18 48 2
32 39 2
1 3 2
36 49 2
41 75 2
11 12 2
20 137 2
58 66 2
16 128 1
24 68 2
36 119 2
6 17 2
25 60 2
5 106 2
42 57 2
10 133 1
3 37 2
23 82 2
63 72 2
40 76 2
55 60 2
35 70 2
72 77 2
28 43 2
81 99 2
44 110 2
68 102 2
13 53 2
28 79 2
79 85 2
71 124 2
56 78 2
53 56 2
30 131 2
20 73 2
18 119 2
45 132 1
10 27 2
21 125 2
52 69 2
38 53 2
7 54 2
3 36 2
23 121 2
17 64 2
42 130 2
35 63 2
33 84 2
10 121 2
29 48 2
9 67 2
77 134 1
40 66 2
8 62 2
5 21 2
56 138 1
60 82 2
48 81 2
55 101 2
68 136 2
5 9 2
52 70 2
44 75 2
15 73 2
47 69 2
35 129 2
63 64 2
6 37 2
37 110 2
22 41 2
29 80 2
21 127 2
16 36 2
6 19 2
59 66 2
10 16 2
57 85 2
0 68 2
25 128 2
23 47 2
8 86 1
44 94 2
16 75 2
19 117 2
55 139 2
14 17 2
17 123 2
68 81 2
19 128 2
13 71 2
9 78 2
62 74 2
59 61 2
7 80 2
59 104 1
0 70 2
22 95 1
55 67 2
21 106 1
24 136 2
9 19 2
36 115 2
24 29 2
3 52 2
39 69 2
20 70 2
34 57 2
2 55 2
1 83 2
23 80 2
9 48 2
29 66 2
9 86 1
21 29 2
49 64 2
25 40 2
26 53 2
35 55 2
15 50 2
9 25 2
14 28 2
11 62 2
73 87 1
13 120 2
44 66 2
22 60 2
13 66 2
23 32 2
2 127 2
28 106 2
44 72 2
4 21 2
40 105 2
59 128 2
3 31 2
9 30 2
19 77 2
21 72 2
83 106 1
0 36 2
30 57 2
20 31 2
13 49 2
38 40 2
10 77 2
42 73 2
43 54 2
4 42 2
3 10 2
38 41 2
6 77 2
35 57 2
70 106 2
69 133 2
12 104 1
70 78 2
1 77 2
50 63 2
2 75 2
20 75 2
10 123 2
31 132 1
29 106 2
15 35 2
18 54 2
2 82 2
27 49 2
2 130 1
46 80 2
18 42 2
40 67 2
14 61 2
2 132 1
2 77 2
40 78 2
2 56 2
41 119 2
50 124 2
11 70 2
38 59 2
2 4 2
17 32 2
34 122 1
65 122 2
54 57 2
61 82 2
28 54 2
33 39 2
22 82 2
60 68 2
32 67 2
13 119 2
35 62 2
38 46 2
65 84 2
39 120 2
29 58 2
10 76 2
11 21 2
2 69 2
33 127 2
25 67 2
43 45 2
59 78 2
46 106 2
13 43 2
13 33 2
11 79 2
17 78 2
65 124 2
6 66 2
47 78 2
7 21 2
41 114 2
39 115 2
63 69 2
0 3 2
17 70 2
24 76 2
24 116 1
16 83 2
14 58 2
3 72 2
45 46 2
49 76 2
9 28 2
22 98 2
9 46 2
0 19 2
20 82 2
51 79 2
54 82 2
31 66 2
65 109 2
62 123 1
25 76 2
22 74 2
65 95 2
4 16 2
14 70 2
13 98 2
32 64 2
33 58 2
58 92 1
3 73 2
69 138 2
0 78 2
80 135 2
66 107 2
27 42 2
18 70 2
11 27 2
16 138 2
22 49 2
13 57 2
57 68 2
17 120 1
1 126 2
43 77 2
4 86 2
12 34 2
55 73 2
49 78 2
1 53 2
42 94 2
18 68 2
49 59 2
53 136 2
35 79 2
42 45 2
54 63 2
41 53 2
23 138 1
28 33 2
11 110 2
21 66 2
14 123 1
39 58 2
52 77 2
2 63 2
64 80 2
6 72 2
15 27 2
1 55 2
66 115 2
3 74 2
63 92 2
18 45 2
4 31 2
82 136 2
1 112 2
0 31 2
13 65 2
5 18 2
13 20 2
8 43 2
37 116 2
9 55 2
10 83 2
13 105 1
43 49 2
50 121 2
16 29 2
16 50 2
43 69 2
40 51 2
6 11 2
7 112 2
11 113 2
9 51 2
62 82 2
32 55 2
82 127 2
46 71 2
50 94 2
63 73 2
1 15 2
8 70 2
77 128 2
26 40 2
15 71 2
10 74 2
61 122 2
24 42 2
6 23 2
36 61 2
24 49 2
1 4 2
59 82 2
11 82 2
50 52 2
60 72 2
14 26 2
51 82 2
11 61 2
63 80 2
45 69 2
4 94 2
7 126 2
66 123 2
70 104 2
23 30 2
62 134 2
58 59 2
39 77 1
12 133 2
38 136 1
71 81 1
8 19 1
10 98 1
37 56 1
6 76 1
17 50 1
18 133 2
14 29 1
20 39 1
23 45 1
24 67 1
16 132 2
21 102 2
30 59 1
23 72 1
22 102 2
27 47 1
7 46 1
21 122 1
26 82 1
47 119 1
79 109 2
