% n=90 p=33 d=0.66 p_blue=0.33
% k=0
15 75 1
17 35 1
12 27 2
7 87 1
16 21 2
22 69 1
16 29 2
26 58 1
4 26 2
9 82 1
2 21 2
7 34 1
15 80 1
9 12 2
17 73 1
14 20 2
16 37 1
3 71 1
3 12 2
2 15 2
0 67 2
1 51 1
3 14 2
22 42 1
22 26 2
1 13 2
8 63 2
0 60 1
23 32 1
14 18 2
15 28 2
2 53 1
25 28 2
26 70 2
16 65 1
17 55 2
14 36 1
15 70 1
10 19 2
25 51 1
12 86 1
14 79 2
13 57 2
3 7 2
14 59 1
9 79 2
15 68 2
5 75 1
19 52 1
0 14 2
13 36 2
18 86 1
22 70 2
0 51 1
0 9 2
8 40 1
4 62 1
7 35 1
22 73 1
5 82 1
12 88 1
29 88 1
17 39 1
20 29 2
0 46 1
12 34 2
27 39 1
27 67 1
26 42 1
27 55 1
3 84 1
23 75 2
20 81 2
3 49 1
17 29 2
27 52 1
15 82 1
7 75 2
5 9 2
1 62 2
27 64 2
25 29 2
10 29 2
15 40 1
15 41 2
2 32 1
1 80 1
5 15 2
0 88 1
17 80 1
18 41 1
27 45 1
22 66 2
25 60 1
0 49 1
11 15 2
7 47 2
3 31 1
11 29 2
14 46 1
0 42 1
16 72 1
4 18 2
27 86 1
16 17 2
14 21 2
20 75 1
18 38 1
7 50 1
2 3 2
21 87 1
4 40 1
8 37 1
9 45 2
16 51 2
11 66 1
6 41 1
24 29 2
21 45 2
5 17 2
28 61 2
16 62 2
29 30 1
10 50 1
3 13 2
18 46 2
26 44 1
1 39 1
6 86 2
23 31 1
4 36 1
12 70 1
0 58 1
11 87 1
20 33 1
17 77 1
4 20 2
5 70 2
28 83 1
10 12 2
25 65 2
19 27 2
7 20 2
10 74 1
12 43 1
28 40 1
21 34 1
13 69 1
5 49 2
14 86 1
9 72 1
19 24 2
22 38 1
7 12 2
27 44 1
2 14 2
28 69 1
6 42 1
27 60 1
15 24 2
23 89 1
15 39 1
6 12 2
13 89 1
13 23 2
12 37 2
21 70 1
26 83 1
6 89 1
25 63 2
1 81 2
11 31 1
4 12 2
12 24 2
21 85 1
13 25 2
1 4 2
4 48 1
3 78 1
8 36 2
24 53 1
5 53 2
2 5 2
18 77 1
10 88 2
16 52 1
2 87 2
7 79 2
7 23 2
17 34 1
26 65 1
18 50 2
10 23 2
9 22 2
2 12 2
14 50 1
11 16 2
3 6 2
2 36 1
26 34 1
25 42 1
20 51 2
27 47 2
2 44 2
12 73 2
2 37 1
10 65 1
13 58 2
10 59 2
17 53 2
22 45 1
8 83 1
12 56 1
11 45 2
22 67 2
14 24 2
20 55 1
20 21 2
25 52 1
6 50 1
18 24 2
12 28 2
26 62 1
23 74 1
3 17 2
22 57 1
8 32 1
24 80 1
15 17 2
16 79 1
16 43 1
21 36 1
12 48 2
8 55 1
24 58 2
5 65 1
29 64 1
10 15 2
15 51 1
13 39 2
4 30 1
13 47 1
2 76 1
4 60 1
19 66 2
0 31 1
1 65 2
1 54 2
29 36 1
29 89 1
12 18 2
11 64 2
7 41 1
7 86 2
19 77 1
28 85 1
8 67 2
2 43 1
27 71 1
22 24 2
11 41 1
17 36 2
7 25 2
12 39 1
26 76 1
17 50 1
11 49 1
11 69 2
1 25 2
10 16 2
11 79 2
5 86 1
17 82 1
17 59 1
0 10 2
22 59 1
29 54 1
8 56 1
8 14 2
26 79 1
19 44 1
7 27 2
9 21 2
9 57 2
18 31 1
12 19 2
22 60 1
21 89 1
14 41 1
4 21 2
13 20 2
10 76 2
6 82 2
29 57 1
9 15 2
25 50 2
3 51 2
23 49 2
6 66 2
20 28 2
5 59 1
16 59 2
2 42 1
19 61 1
17 19 2
24 71 1
27 49 2
8 34 2
13 68 1
29 41 1
1 77 1
10 36 1
1 3 2
12 29 2
1 52 2
0 84 2
15 44 2
17 60 1
26 30 1
20 58 1
16 25 2
21 83 2
29 56 2
10 57 2
7 81 1
13 40 2
1 47 1
11 14 2
5 34 1
15 84 1
1 85 1
8 79 1
28 76 2
10 61 1
15 46 2
10 70 2
5 6 2
22 54 1
0 33 1
25 34 1
1 88 2
6 33 1
4 17 2
19 26 2
25 31 1
2 55 2
9 73 1
8 86 1
11 86 1
1 83 2
14 22 2
11 54 1
28 87 1
1 12 2
5 23 2
9 23 2
12 81 1
14 47 2
7 63 1
1 23 2
13 79 1
25 56 2
0 18 2
8 82 1
4 78 1
28 62 1
2 41 2
20 89 1
24 43 1
2 6 2
27 77 1
21 84 2
16 22 2
12 17 2
1 45 1
8 48 2
13 86 1
3 43 1
14 48 2
7 49 2
0 1 2
3 23 2
4 43 1
14 67 2
3 34 1
1 2 2
13 26 2
17 24 2
16 20 2
11 53 2
29 86 2
11 35 1
21 47 1
6 7 2
5 25 2
2 29 2
3 25 2
2 18 2
14 75 1
19 85 1
28 79 1
11 68 1
18 21 2
10 17 2
28 72 1
19 32 1
21 64 1
11 19 2
6 24 2
18 60 1
5 85 1
25 74 1
9 36 1
29 47 2
5 54 2
9 77 1
1 24 2
2 8 2
0 83 1
25 68 1
24 81 2
3 86 2
6 59 1
21 74 1
4 39 2
4 22 2
15 85 1
19 71 2
18 70 1
3 9 2
11 72 1
8 65 1
27 69 1
3 64 1
7 52 1
5 10 2
2 83 1
7 17 2
7 76 1
9 46 1
15 88 2
27 33 1
13 16 2
20 67 1
1 21 2
7 18 2
14 68 2
28 68 1
12 25 2
17 26 2
4 84 2
12 13 2
9 26 2
6 30 2
4 51 2
21 27 2
5 20 2
24 26 2
14 66 2
3 53 1
26 27 2
16 38 1
3 38 1
11 17 2
11 71 1
18 79 2
28 77 1
10 39 1
15 33 2
21 60 1
24 74 1
2 26 2
13 45 2
0 62 1
1 11 2
14 27 2
20 32 1
24 42 2
22 88 1
17 71 1
7 82 2
10 31 1
1 41 1
22 35 1
20 70 1
17 45 2
3 44 1
5 88 2
5 46 2
13 46 1
27 28 2
23 87 2
24 85 1
29 73 1
29 46 2
13 38 2
11 28 2
3 50 1
16 30 1
2 68 2
0 29 2
12 41 2
24 89 2
27 63 1
13 28 2
25 48 2
12 82 1
14 58 2
13 21 2
7 19 2
2 79 1
12 40 1
6 54 2
3 45 2
23 42 1
4 31 1
19 36 2
4 37 1
29 84 1
16 86 1
21 76 2
3 63 1
1 9 2
2 25 2
6 14 2
6 29 2
27 35 2
23 67 2
26 84 1
22 40 2
2 64 1
3 69 2
17 21 2
13 53 1
7 84 1
13 30 2
14 51 2
23 57 2
22 31 1
6 20 2
3 46 1
16 67 2
24 37 2
25 77 2
26 32 1
8 27 2
4 59 1
0 57 1
2 74 1
27 31 2
3 85 2
6 61 1
1 63 2
0 41 1
11 13 2
22 49 1
15 81 1
11 59 2
4 34 1
23 53 2
29 40 2
9 84 1
1 18 2
2 88 1
7 13 2
5 28 2
6 34 2
23 58 1
6 62 1
13 71 2
0 40 1
17 57 1
14 26 2
13 41 1
1 27 2
1 78 2
2 57 2
18 56 2
26 28 2
13 61 1
16 39 1
1 84 1
14 42 1
6 25 2
15 21 2
12 61 1
5 31 1
17 40 1
18 19 2
11 43 1
1 71 1
11 12 2
17 51 1
4 89 2
21 42 2
0 24 2
22 76 2
10 22 2
19 88 1
18 29 2
5 42 2
22 65 1
8 70 1
29 42 1
27 51 2
20 62 1
5 48 1
8 77 2
16 58 1
18 28 2
21 71 1
4 85 1
14 60 1
24 61 2
21 25 2
13 75 2
6 81 1
29 52 2
7 44 2
6 85 2
17 54 1
13 51 2
15 89 2
1 32 2
9 28 2
11 26 2
23 45 1
21 26 2
3 56 1
5 83 1
18 20 2
23 66 1
29 67 1
22 37 2
1 49 1
21 72 1
17 86 2
16 47 1
20 53 1
19 50 1
6 19 2
19 55 1
0 21 2
10 86 1
10 48 2
11 63 1
21 29 2
23 25 2
19 48 1
26 41 2
10 71 1
7 71 1
3 18 2
2 33 2
14 52 2
5 64 1
12 51 2
8 10 2
1 16 2
21 28 2
8 54 2
7 28 2
29 53 1
8 64 2
8 53 2
18 48 2
4 6 2
8 68 2
4 11 2
15 65 1
4 8 2
1 14 2
22 53 1
16 41 1
3 32 1
13 37 2
21 50 1
10 28 2
20 76 1
5 7 2
0 30 1
19 75 2
2 86 1
0 5 2
28 46 1
29 39 2
5 69 2
28 81 2
29 80 1
18 25 2
28 36 1
14 55 1
1 79 2
15 48 2
9 64 1
5 73 1
23 72 1
7 45 1
15 56 2
7 46 2
0 13 2
1 73 2
8 46 1
19 60 1
15 30 1
1 29 2
0 66 1
9 20 2
1 60 2
10 24 2
2 50 2
12 44 1
19 72 1
10 72 1
10 41 1
8 49 1
16 28 2
23 69 1
15 18 2
1 46 1
9 88 1
16 32 1
4 52 1
14 17 2
9 87 2
11 37 1
25 26 2
5 37 1
5 80 1
3 83 1
9 25 2
5 62 1
17 52 1
28 37 1
27 61 1
4 82 2
26 40 2
29 83 1
22 83 1
5 29 2
10 38 2
16 53 2
8 33 1
29 34 1
8 28 2
4 14 2
20 41 1
29 87 2
26 52 1
23 50 2
15 23 2
27 74 1
8 29 2
16 85 2
4 61 1
26 59 1
2 31 1
1 57 2
6 46 1
28 33 2
20 30 2
19 65 2
2 22 2
16 19 2
29 38 1
7 48 1
6 40 1
0 75 1
14 25 2
17 62 2
2 24 2
29 71 1
2 60 1
23 52 2
0 77 2
23 41 2
12 21 2
23 43 1
14 85 1
1 15 2
25 62 2
14 61 1
2 27 2
12 53 1
18 54 1
11 25 2
24 25 2
6 87 1
10 26 2
17 69 2
4 75 1
4 27 2
13 76 1
0 70 1
14 34 1
21 61 1
3 59 1
22 33 2
22 34 1
17 38 2
18 72 1
1 44 2
14 88 1
0 28 2
14 57 2
19 29 2
25 57 1
1 64 1
21 49 1
10 14 2
10 33 1
19 51 2
11 24 2
11 18 2
5 27 2
10 11 2
12 22 2
0 6 2
9 17 2
5 60 1
2 47 1
10 18 2
26 50 1
14 16 2
1 48 2
7 72 1
13 43 1
2 65 1
7 9 2
2 84 2
29 43 1
26 53 1
28 78 1
1 19 2
27 88 1
5 40 2
16 23 2
15 76 1
13 29 2
29 65 1
18 67 1
19 89 2
16 70 1
7 61 1
2 62 1
12 76 2
20 49 1
28 31 2
18 83 1
8 25 2
25 49 2
24 36 1
24 70 1
3 62 2
23 46 2
6 15 2
18 55 1
19 31 1
13 59 1
13 63 1
16 69 1
28 45 2
4 10 2
0 53 2
8 42 1
21 52 2
14 77 1
20 26 2
13 83 1
10 30 1
14 65 2
24 87 2
27 48 1
6 9 2
2 75 2
24 77 1
1 89 1
1 30 1
4 54 2
28 71 1
3 55 2
16 49 1
8 12 2
24 69 1
18 22 2
3 42 1
10 35 2
13 35 2
20 86 1
22 44 1
18 58 2
26 87 2
29 82 1
13 66 2
3 27 2
8 39 1
27 70 1
28 89 2
22 30 1
13 80 1
22 28 2
3 35 2
0 20 2
15 64 1
26 51 1
1 20 2
19 56 1
15 36 2
7 14 2
10 68 1
7 89 1
29 60 1
21 24 2
22 25 2
3 82 1
21 48 1
6 60 2
17 33 1
26 75 1
8 26 2
29 77 1
23 64 2
0 12 2
19 39 1
21 53 1
9 10 2
16 76 1
15 77 2
8 24 2
8 57 1
6 63 2
25 35 1
14 40 2
12 58 1
28 55 2
12 63 2
20 37 1
25 41 1
10 69 1
11 27 2
9 83 2
4 74 2
18 30 1
24 88 1
8 60 1
25 82 1
3 24 2
3 72 1
19 64 2
13 24 2
3 74 1
1 5 2
18 82 1
22 84 1
27 42 2
25 32 2
23 68 1
22 61 2
23 28 2
19 41 2
9 37 1
11 21 2
2 56 1
8 61 2
12 47 1
26 81 2
18 81 1
26 29 2
11 65 1
1 70 2
9 65 2
4 9 2
13 49 1
5 11 2
12 65 2
11 67 2
8 23 2
16 80 1
19 34 1
22 23 2
21 63 2
28 54 1
5 41 1
14 33 1
1 43 1
14 32 2
9 52 1
25 58 1
1 59 1
11 39 1
13 17 2
15 55 1
0 11 2
18 87 1
25 39 2
23 85 2
26 67 2
8 72 2
18 33 1
22 72 1
22 50 2
0 54 1
25 80 1
0 32 2
18 74 1
3 30 2
1 34 2
27 29 2
7 64 1
1 50 2
3 26 2
8 73 1
28 75 1
28 63 2
15 87 1
4 29 2
9 16 2
17 28 2
0 27 2
6 69 1
22 81 1
16 81 1
9 60 1
3 37 2
25 43 1
16 64 2
2 20 2
23 27 2
2 28 2
27 72 2
3 29 2
6 22 2
16 75 1
4 28 2
7 11 2
15 52 1
2 66 2
20 48 1
28 84 1
3 20 2
7 65 2
1 10 2
9 74 2
24 68 1
9 89 1
5 33 1
6 72 1
24 57 1
24 30 1
15 26 2
4 45 1
6 71 2
9 80 1
27 54 2
17 58 2
7 83 2
27 41 2
24 78 2
27 43 2
19 20 2
29 55 1
8 17 2
8 43 2
3 68 1
4 5 2
23 78 2
15 32 1
14 72 2
14 44 2
14 15 2
26 85 2
17 42 1
4 57 2
13 77 1
8 38 1
26 77 1
0 61 1
6 28 2
18 34 2
4 77 1
13 18 2
19 84 2
17 64 2
14 35 1
5 18 2
5 24 2
10 32 1
7 22 2
7 15 2
4 41 1
3 4 2
20 82 1
3 15 2
28 48 2
11 42 1
2 35 1
4 68 1
6 67 1
9 24 2
15 53 1
1 87 2
7 54 1
28 64 2
25 47 1
18 47 2
4 72 2
26 36 1
0 15 2
4 64 1
21 65 2
7 67 2
0 73 1
16 71 2
19 37 2
20 25 2
11 44 1
23 82 2
22 27 2
2 7 2
27 80 2
9 70 2
28 42 1
5 19 2
4 25 2
11 83 1
20 80 1
16 34 2
27 59 1
12 71 1
23 33 1
1 56 1
12 33 1
10 62 1
16 27 2
19 46 1
0 78 2
15 78 1
26 63 1
3 80 2
11 20 2
24 54 1
18 66 1
3 57 1
5 8 2
10 20 2
4 56 1
1 67 1
14 19 2
10 13 2
27 83 1
10 46 2
28 80 1
28 29 2
24 84 1
8 16 2
27 58 1
4 23 2
16 31 2
27 68 1
15 27 2
17 20 2
19 79 2
1 55 1
15 16 2
20 60 1
10 78 1
21 23 2
7 32 1
22 46 1
18 85 1
27 36 1
8 22 2
12 16 2
2 69 1
15 74 1
0 72 2
1 76 1
28 51 2
10 27 2
18 43 1
22 48 1
6 18 2
8 31 2
24 44 2
29 66 2
3 48 2
1 53 1
12 83 1
15 31 2
16 68 2
2 17 2
9 44 1
15 49 1
13 48 2
23 77 1
22 55 1
5 78 1
1 38 2
20 65 1
19 87 1
2 72 2
6 53 2
7 29 2
24 73 2
20 61 1
20 88 1
19 83 1
10 75 1
29 63 1
7 88 1
9 13 2
3 89 1
10 82 1
13 27 2
2 71 1
20 66 2
13 64 2
3 19 2
20 27 2
4 83 1
14 82 2
5 16 2
20 56 1
23 29 2
1 37 2
10 84 2
16 82 1
8 11 2
28 41 1
10 79 2
11 60 1
29 78 1
18 80 1
29 58 1
7 60 2
20 57 1
8 69 1
9 29 2
8 87 2
25 73 1
13 15 2
2 81 1
4 65 1
10 80 2
3 54 2
20 78 1
12 20 2
26 54 1
28 73 1
21 73 2
2 4 2
27 30 1
11 58 2
17 70 1
14 39 1
28 32 2
7 21 2
22 36 1
7 16 2
6 16 2
9 27 2
5 26 2
2 9 2
24 62 1
14 49 1
18 57 2
20 71 2
18 64 2
4 16 2
11 75 1
24 28 2
17 23 2
8 9 2
16 87 2
11 48 1
13 87 1
21 81 1
0 4 2
3 28 2
15 60 2
0 47 1
22 79 1
2 49 1
21 68 1
19 81 1
19 57 1
23 36 2
25 36 1
4 47 2
3 40 1
0 8 2
3 22 2
3 16 2
17 72 1
20 83 1
5 89 1
21 58 1
13 14 2
12 89 2
2 39 2
26 43 1
3 8 2
6 49 1
2 13 2
2 40 1
12 23 2
6 8 2
25 85 1
4 42 1
18 88 1
28 56 1
24 33 1
5 45 1
18 76 2
1 8 2
25 46 1
7 56 2
15 83 1
14 80 1
9 34 1
25 84 2
7 26 2
12 26 2
17 79 1
16 35 1
9 43 2
26 46 1
9 18 2
0 36 2
29 75 2
29 59 1
18 62 2
15 25 2
0 43 1
0 26 2
19 78 1
2 54 1
15 22 2
12 84 1
1 6 2
12 77 1
15 29 2
4 13 2
12 60 1
6 83 1
0 23 2
26 38 1
19 74 1
7 62 1
2 46 1
20 31 1
12 30 1
6 88 2
11 23 2
11 74 1
5 44 1
5 47 1
2 10 2
9 75 2
16 40 2
8 75 1
13 56 1
8 85 2
9 47 1
11 50 1
24 82 2
26 74 1
15 57 1
19 70 2
19 25 2
9 32 1
11 22 2
28 44 1
11 56 1
21 54 2
25 53 1
12 50 1
0 71 2
15 79 2
4 88 1
5 66 2
2 30 2
15 34 2
11 32 1
26 35 1
23 30 1
10 21 2
0 7 2
24 79 2
6 79 2
8 15 2
18 26 2
0 2 2
12 67 1
29 32 1
12 55 1
6 39 2
4 38 2
1 22 2
0 25 2
17 65 2
10 42 2
23 38 2
0 64 2
3 10 2
13 55 2
15 66 2
2 48 2
15 19 2
26 55 1
0 48 1
18 23 2
20 52 2
28 30 1
7 31 1
1 31 2
21 44 2
0 87 2
1 40 2
16 26 2
18 42 2
28 52 2
7 8 2
20 38 2
1 74 2
17 18 2
27 78 2
0 39 1
25 27 2
10 51 1
6 13 2
20 85 2
17 87 1
11 36 1
20 64 1
14 29 2
6 11 2
26 82 1
13 88 2
12 36 1
22 29 2
22 89 1
23 56 1
18 65 2
15 20 2
9 14 2
20 63 1
6 64 1
10 53 2
5 52 1
5 43 1
10 44 2
6 47 2
8 21 2
6 36 1
6 26 2
21 66 1
9 11 2
10 67 1
29 50 2
14 74 1
7 39 2
16 18 2
21 88 1
16 50 1
23 60 2
13 78 1
24 83 2
13 44 1
8 18 2
20 54 1
8 47 1
22 52 2
25 64 1
18 53 2
28 39 1
29 68 1
12 87 1
15 62 2
3 60 1
21 56 2
18 51 1
5 14 2
2 82 2
3 70 2
0 79 1
27 50 2
9 33 1
21 35 2
14 23 2
17 31 2
16 56 1
3 5 2
12 15 2
1 42 2
17 27 2
8 62 2
15 58 1
23 54 1
11 46 1
3 66 2
15 72 1
1 26 2
14 78 1
8 19 2
19 45 1
4 7 2
6 55 2
13 22 2
18 27 2
8 13 2
6 73 2
25 89 1
16 36 1
14 83 1
7 85 1
0 80 2
5 55 1
17 22 2
14 53 2
21 80 1
4 19 2
1 17 2
12 49 2
11 78 1
8 20 2
24 51 1
6 77 2
24 64 1
12 57 1
23 65 2
7 24 2
5 21 2
12 14 2
19 40 1
18 37 1
19 63 2
5 67 2
58 75 1
51 86 2
5 13 1
24 27 1
28 82 2
13 82 2
1 7 1
23 26 1
4 24 1
14 28 1
17 88 2
12 32 2
75 86 2
17 63 2
1 28 1
0 22 1
61 77 1
82 88 2
6 17 1
2 61 1
6 23 1
67 71 1
6 27 1
19 22 1
13 67 2
7 10 1
35 71 2
22 75 1
21 22 1
0 16 1
9 19 1
6 21 1
20 77 1
22 58 1
32 52 1
9 67 1
1 61 2
22 82 1
19 23 1
61 63 2
5 77 1
2 19 1
2 23 1
29 35 1
4 15 1
18 35 2
6 10 1
26 69 2
35 77 1
11 52 2
1 82 2
0 17 1
