% n=20 p=60 d=0.66 p_blue=0.33
% k=0
8 11 2
6 7 2
6 12 2
0 18 1
7 17 1
2 7 2
4 14 2
7 16 1
6 17 1
7 11 2
3 11 2
1 9 2
6 10 2
11 15 1
0 14 1
8 17 1
5 16 1
6 13 2
10 16 1
0 13 2
8 16 2
0 15 1
4 6 2
1 6 2
8 15 1
7 9 2
3 15 1
11 13 2
6 8 2
3 6 2
1 15 1
9 15 1
3 9 2
2 4 2
3 5 2
5 17 1
6 15 2
10 12 1
0 4 2
5 13 1
7 10 2
7 14 1
4 11 2
8 9 2
3 12 2
5 8 2
10 13 2
11 17 1
6 14 1
11 14 1
1 8 2
1 11 2
0 11 2
9 12 1
2 13 2
2 9 2
10 14 1
1 16 1
8 13 1
5 10 2
0 1 2
7 8 2
7 12 2
1 14 2
9 13 1
1 17 2
1 4 2
2 3 2
5 6 2
7 13 1
4 13 1
0 12 2
8 12 2
0 10 2
1 12 1
4 17 1
10 17 1
2 10 2
9 17 1
3 10 2
10 19 1
4 19 1
3 17 1
2 19 2
5 19 2
5 9 1
8 10 1
0 5 1
1 10 1
2 8 1
8 19 1
1 2 1
3 4 2
4 8 1
10 11 1
11 19 2
3 19 2
4 16 1
1 19 2
9 11 1
2 11 1
5 18 2
6 19 1
0 2 2
0 8 1
1 7 1
4 18 1
9 18 2
1 5 1
7 18 1
4 7 1
0 19 2
4 9 1
2 16 1
4 5 1
3 16 2
0 9 1
0 7 1
