% n=20 p=60 d=0.33 p_blue=0.66
% k=0
2 13 2
2 8 2
5 11 2
10 14 2
5 12 1
4 6 2
11 19 2
1 8 2
0 8 2
1 7 2
5 18 2
4 5 2
8 9 2
7 11 2
4 8 2
8 10 2
2 7 2
11 16 2
0 1 2
2 6 2
0 19 2
2 19 2
5 6 2
9 13 1
10 11 2
0 5 2
1 5 2
8 13 2
1 17 1
1 10 2
4 9 2
3 5 2
5 10 2
4 12 2
4 7 2
4 13 1
7 16 1
3 8 2
3 13 1
0 9 2
5 9 2
1 16 2
3 10 2
11 17 2
0 4 2
3 6 2
1 11 2
5 19 2
2 9 2
0 11 2
6 8 2
1 6 2
5 15 2
6 16 2
0 2 2
0 15 2
3 12 2
6 11 2
7 10 2
0 12 2
4 10 2
2 11 2
10 17 1
6 10 2
9 12 1
2 10 2
4 11 2
2 5 2
6 9 2
7 9 2
2 4 2
9 11 2
0 6 2
7 15 1
6 7 1
5 7 1
7 8 2
5 8 1
1 9 1
1 3 1
7 14 1
6 13 2
3 4 2
1 13 1
13 14 2
2 3 1
3 14 2
0 7 1
5 14 2
2 14 1
11 14 1
3 9 2
