% n=150 p=60 d=0.33 p_blue=0.33
% k=0
14 81 2
18 114 1
2 33 2
57 90 1
53 55 2
31 106 1
0 8 2
56 99 1
24 62 2
5 101 1
61 121 1
48 86 2
18 94 2
0 66 2
53 87 2
38 70 2
25 93 1
17 20 2
83 141 1
62 141 1
31 83 2
64 82 2
43 57 2
45 69 2
56 62 2
54 82 2
87 102 2
71 110 1
14 36 2
6 145 1
66 83 2
35 112 1
12 84 2
47 88 2
19 110 1
20 143 2
44 65 2
24 67 2
67 90 2
75 122 2
22 39 2
81 110 2
51 111 1
52 100 1
4 66 2
23 83 2
15 117 2
0 53 2
32 70 2
24 65 2
36 58 2
11 35 2
59 122 2
60 121 2
29 55 2
51 126 1
6 65 2
69 95 1
60 77 2
65 71 2
36 108 1
45 70 2
72 137 2
28 132 1
36 99 1
17 98 1
71 136 1
38 99 1
79 135 2
29 51 2
51 71 2
66 77 2
60 64 2
31 52 2
52 61 2
5 40 2
12 23 2
39 96 2
86 120 1
61 97 2
33 49 2
89 133 2
82 137 1
51 85 2
14 41 2
13 65 2
0 103 2
70 111 1
27 134 2
53 79 2
2 132 1
30 83 2
52 70 2
65 116 2
41 44 2
24 54 2
17 30 2
13 77 2
8 80 2
56 59 2
44 79 2
48 73 2
38 133 1
85 143 1
3 48 2
39 61 2
34 121 1
0 82 2
41 64 2
25 54 2
1 24 2
23 59 2
64 78 2
2 46 2
5 62 2
37 76 2
34 35 2
2 69 2
56 86 2
16 132 1
3 46 2
4 49 2
29 39 2
27 56 2
2 59 2
40 43 2
16 27 2
46 135 1
12 46 2
18 66 2
16 72 2
17 78 2
5 43 2
29 42 2
14 134 2
47 71 2
60 66 2
13 56 2
38 62 2
75 87 2
11 28 2
35 69 2
9 110 1
7 46 2
82 88 2
2 88 2
52 83 2
56 105 1
24 75 2
48 68 2
29 56 2
21 22 2
73 75 2
15 18 2
2 77 2
47 54 2
26 33 2
85 99 1
57 81 2
59 63 2
8 76 2
23 85 2
38 44 2
56 87 2
5 37 2
69 89 2
11 149 2
76 142 2
30 129 1
51 78 2
57 70 2
20 30 2
1 149 2
39 91 1
46 75 2
14 51 2
40 63 2
13 69 2
10 99 1
19 32 2
7 121 2
72 100 1
6 16 2
36 81 2
14 65 2
65 83 2
7 41 2
25 77 2
22 26 2
77 104 1
43 63 2
77 79 2
34 85 2
88 105 1
44 69 2
47 87 2
53 117 1
65 72 2
28 85 2
20 89 2
24 25 2
69 106 2
45 83 2
8 47 2
23 65 2
8 92 2
18 21 2
41 53 2
25 70 2
33 112 1
54 56 2
31 100 2
11 50 2
49 57 2
44 149 2
79 108 2
32 33 2
18 32 2
89 147 2
42 66 2
59 145 2
1 47 2
12 117 1
29 132 1
11 102 1
50 133 2
30 61 2
10 11 2
11 103 1
33 45 2
18 51 2
59 143 1
14 84 2
65 102 1
49 58 2
66 69 2
42 148 1
11 52 2
78 119 1
79 82 2
41 46 2
70 83 2
39 83 2
16 22 2
38 73 2
20 66 2
6 39 2
39 72 2
5 41 2
16 34 2
52 92 1
28 33 2
27 110 2
24 113 1
50 141 2
71 94 1
16 130 1
39 69 2
59 64 2
14 129 1
53 88 2
61 72 2
41 47 2
44 51 2
38 122 1
43 127 1
14 17 2
16 125 2
14 73 2
37 141 1
25 37 2
8 126 2
17 26 2
25 89 2
36 38 2
18 24 2
11 68 2
59 60 2
41 136 2
11 26 2
26 135 1
57 141 1
0 77 2
65 120 1
15 37 2
28 40 2
15 32 2
8 39 2
43 53 2
11 136 1
11 45 2
5 46 2
19 24 2
37 60 2
45 63 2
57 115 2
34 149 1
1 83 2
31 73 2
22 149 1
31 145 2
8 53 2
36 37 2
1 147 1
52 142 2
13 36 2
41 55 2
9 28 2
82 85 2
8 48 2
70 88 2
19 105 1
7 76 2
36 129 1
55 113 1
28 74 2
39 79 2
4 47 2
31 81 2
73 141 1
61 83 2
19 28 2
14 79 2
53 54 2
2 112 1
0 55 2
88 97 1
70 110 1
13 104 1
65 75 2
12 86 2
88 125 1
67 88 2
10 92 1
7 92 2
73 76 2
0 6 2
13 55 2
80 97 1
29 131 1
66 96 2
9 56 2
61 74 2
21 30 2
85 105 2
82 84 2
16 86 2
72 86 2
3 81 2
32 67 2
13 23 2
11 12 2
7 84 2
20 32 2
35 46 2
6 51 2
3 24 2
44 88 2
74 120 1
53 63 2
34 60 2
29 52 2
85 124 1
31 56 2
62 67 2
57 83 2
21 126 1
17 22 2
73 88 2
60 91 2
9 75 2
22 25 2
50 83 2
19 95 2
64 130 1
41 70 2
11 72 2
48 74 2
27 28 2
35 80 2
55 100 1
53 85 2
42 59 2
53 83 2
78 121 1
88 134 1
12 102 1
16 64 2
20 36 2
26 50 2
46 68 2
20 95 1
6 142 1
19 86 2
78 99 1
70 108 1
74 93 1
23 50 2
63 80 2
56 121 1
55 84 2
67 130 2
28 89 2
46 71 2
78 92 1
62 114 2
10 24 2
13 66 2
49 95 2
16 37 2
40 124 1
9 128 2
7 61 2
42 102 1
28 39 2
0 39 2
48 116 2
53 132 1
25 75 2
86 138 1
61 71 2
32 136 2
70 125 1
14 146 1
15 121 1
71 88 2
46 97 1
29 73 2
62 84 2
8 52 2
74 88 2
17 49 2
60 88 2
63 67 2
29 48 2
42 89 2
0 140 1
22 73 2
86 88 2
2 79 2
67 85 2
33 35 2
51 65 2
73 77 2
36 60 2
77 141 1
49 76 2
33 62 2
14 47 2
48 148 1
21 61 2
21 58 2
25 45 2
52 66 2
75 144 2
12 65 2
73 129 1
43 147 1
38 96 1
30 49 2
20 100 1
37 78 2
30 48 2
72 116 1
15 60 2
69 148 1
17 144 1
8 68 2
8 67 2
29 75 2
1 61 2
4 54 2
22 29 2
12 123 1
39 73 2
10 55 2
3 31 2
40 86 2
24 89 2
44 80 2
28 118 2
54 100 1
24 52 2
8 65 2
82 113 1
26 83 2
63 65 2
65 121 1
71 122 1
1 48 2
74 79 2
23 31 2
25 126 1
17 59 2
14 22 2
19 61 2
43 73 2
7 86 2
14 64 2
81 87 2
68 141 1
23 81 2
19 21 2
76 79 2
7 109 1
8 23 2
6 113 1
38 148 1
11 59 2
40 72 2
44 83 2
25 69 2
54 71 2
78 79 2
68 102 1
27 74 2
41 113 1
8 69 2
26 56 2
23 29 2
13 82 2
17 118 1
67 112 1
29 78 2
57 145 1
13 86 2
61 131 1
22 141 1
7 120 1
45 56 2
31 46 2
45 84 2
0 27 2
28 57 2
80 93 1
55 76 2
34 87 2
42 97 1
25 40 2
18 53 2
36 73 2
19 66 2
25 50 2
6 68 2
57 110 2
26 85 2
38 128 1
55 69 2
67 114 1
19 67 2
33 39 2
3 142 1
54 72 2
37 71 2
7 9 2
9 32 2
4 33 2
60 78 2
28 65 2
46 55 2
12 114 1
27 107 2
18 52 2
0 46 2
22 45 2
16 53 2
28 138 2
37 45 2
38 74 2
82 148 1
36 140 1
2 21 2
69 127 1
21 83 2
86 125 1
63 119 1
62 87 2
41 54 2
81 136 1
4 8 2
31 119 2
21 29 2
9 88 2
21 45 2
34 86 2
54 78 2
6 50 2
6 79 2
9 63 2
64 74 2
36 39 2
19 74 2
16 57 2
45 110 2
22 81 2
46 88 2
48 65 2
27 36 2
29 54 2
45 93 2
25 57 2
10 78 2
67 128 1
54 58 2
19 141 2
85 88 2
21 51 2
17 54 2
2 43 2
70 112 1
49 61 2
39 46 2
1 49 2
70 126 2
46 67 2
38 89 2
29 36 2
0 15 2
33 42 2
10 42 2
7 114 1
3 86 2
39 125 1
80 87 2
82 147 1
1 85 2
22 137 2
66 141 2
1 32 2
87 133 1
46 80 2
20 97 1
12 24 2
5 79 2
53 80 2
3 4 2
16 38 2
80 104 1
31 74 2
13 52 2
20 60 2
30 69 2
21 32 2
7 24 2
20 59 2
28 44 2
7 90 1
50 112 1
4 67 2
31 93 2
8 85 2
72 99 1
60 86 2
13 34 2
27 66 2
40 65 2
0 75 2
15 104 1
45 77 2
16 83 2
15 83 2
81 107 1
54 120 1
38 67 2
64 79 2
61 66 2
2 36 2
9 111 2
25 100 1
13 137 1
79 137 2
63 138 1
37 79 2
61 81 2
49 115 1
22 52 2
51 77 2
14 30 2
19 85 2
23 69 2
48 76 2
38 68 2
85 140 2
0 45 2
60 62 2
2 17 2
1 22 2
0 110 2
7 60 2
7 118 1
56 77 2
72 74 2
42 48 2
34 100 1
35 49 2
68 137 2
43 64 2
33 47 2
4 36 2
3 63 2
14 20 2
16 48 2
63 77 2
55 73 2
46 64 2
24 48 2
44 111 1
64 86 2
14 29 2
54 94 1
18 26 2
46 66 2
2 87 2
3 83 2
5 39 2
18 37 2
31 47 2
72 77 2
29 86 2
78 95 2
1 28 2
57 71 2
45 67 2
36 87 2
39 67 2
52 54 2
39 62 2
22 59 2
14 42 2
29 74 2
43 72 2
28 94 2
68 90 2
61 73 2
88 144 2
13 18 2
44 100 1
8 19 2
0 145 1
11 62 2
51 99 1
60 63 2
19 48 2
9 53 2
80 147 1
48 60 2
29 83 2
40 57 2
20 75 2
22 56 2
20 137 1
9 10 2
59 61 2
14 43 2
25 86 2
15 101 1
68 106 2
52 63 2
50 84 2
58 88 2
6 114 1
83 117 2
68 70 2
44 91 2
55 70 2
15 86 2
13 142 2
22 37 2
86 124 2
7 34 2
28 41 2
22 60 2
15 84 2
59 106 1
50 125 1
69 107 1
23 52 2
66 128 1
84 119 2
10 59 2
46 118 1
35 126 1
60 74 2
33 88 2
31 128 1
34 101 1
60 79 2
35 136 1
25 67 2
48 79 2
85 126 1
23 63 2
49 67 2
46 83 2
21 74 2
40 53 2
61 149 1
41 83 2
72 108 1
14 82 2
11 40 2
0 67 2
2 11 2
71 72 2
6 57 2
3 71 2
21 70 2
7 43 2
5 69 2
51 81 2
5 31 2
49 96 1
20 22 2
5 13 2
43 44 2
42 56 2
25 31 2
73 82 2
75 121 1
64 80 2
78 143 2
46 102 1
36 80 2
38 88 2
43 88 2
13 53 2
72 113 1
12 80 2
24 26 2
77 89 2
68 149 1
49 122 1
35 86 2
47 113 1
58 81 2
58 61 2
2 82 2
26 80 2
15 103 2
62 94 2
37 80 2
58 89 2
68 86 2
36 79 2
2 5 2
14 25 2
11 148 2
67 87 2
22 79 2
53 89 2
63 79 2
89 99 2
50 69 2
27 109 1
36 130 1
36 77 2
9 86 2
2 76 2
18 80 2
31 95 2
42 88 2
7 78 2
83 143 1
31 53 2
34 47 2
37 46 2
34 59 2
49 140 2
2 68 2
33 63 2
49 82 2
32 101 1
85 145 1
5 96 1
25 143 1
48 146 1
6 58 2
11 126 2
38 84 2
1 12 2
56 80 2
74 142 1
36 103 1
2 84 2
0 71 2
18 98 1
65 73 2
11 83 2
36 72 2
43 86 2
44 135 1
35 64 2
16 70 2
61 67 2
69 140 2
67 127 1
67 81 2
65 81 2
84 100 1
65 74 2
19 144 1
5 86 2
71 112 2
23 54 2
15 71 2
89 102 2
54 60 2
5 89 2
31 87 2
13 41 2
53 71 2
42 61 2
70 93 2
28 92 1
69 130 1
35 37 2
2 31 2
7 45 2
19 55 2
7 148 1
45 126 2
56 65 2
25 92 1
57 82 2
60 149 1
22 27 2
63 113 1
34 38 2
8 54 2
10 107 1
8 70 2
36 48 2
81 128 1
33 82 2
44 68 2
30 43 2
20 46 2
46 63 2
61 113 1
28 75 2
32 87 2
60 126 2
56 88 2
59 80 2
8 61 2
1 96 2
72 82 2
35 68 2
5 115 1
69 110 1
14 37 2
84 106 2
23 26 2
5 24 2
62 76 2
53 56 2
77 111 1
13 17 2
29 41 2
47 65 2
17 116 1
9 72 2
2 78 2
67 131 2
26 127 2
38 66 2
60 68 2
9 54 2
67 71 2
11 27 2
12 88 2
23 79 2
4 40 2
18 120 1
4 64 2
14 35 2
42 112 1
7 135 1
25 128 2
16 94 2
0 89 2
39 78 2
66 86 2
41 133 2
17 19 2
9 37 2
52 65 2
4 96 1
86 146 2
82 89 2
39 129 2
9 29 2
41 125 1
14 57 2
42 50 2
86 129 1
9 33 2
7 81 2
5 77 2
51 60 2
2 140 1
32 51 2
63 132 1
71 99 2
43 58 2
88 115 1
76 117 2
23 32 2
0 50 2
6 38 2
29 108 1
17 69 2
3 87 2
48 78 2
71 120 1
51 82 2
20 76 2
28 64 2
19 80 2
33 107 1
30 75 2
53 72 2
78 84 2
3 44 2
35 77 2
57 139 1
13 73 2
51 143 1
49 50 2
64 72 2
4 57 2
28 140 1
17 131 2
62 83 2
55 128 1
24 88 2
44 75 2
68 142 1
0 102 2
19 87 2
75 106 1
19 47 2
11 18 2
49 90 1
4 18 2
86 87 2
39 56 2
36 51 2
22 98 1
48 95 1
87 89 2
6 80 2
24 115 1
13 83 2
52 96 1
9 130 2
78 110 1
50 111 1
1 30 2
62 82 2
42 85 2
9 55 2
45 65 2
20 63 2
27 44 2
33 48 2
48 62 2
1 64 2
3 65 2
3 120 1
37 115 1
4 14 2
43 55 2
4 15 2
19 88 2
51 89 2
34 46 2
75 88 2
33 58 2
29 115 1
55 93 2
24 47 2
76 130 1
28 69 2
2 23 2
3 98 1
70 97 2
30 133 2
47 78 2
76 81 2
21 145 2
10 57 2
48 100 1
18 22 2
8 10 2
50 89 2
6 30 2
57 121 2
24 30 2
84 87 2
50 60 2
16 56 2
65 66 2
30 62 2
4 89 2
38 59 2
37 124 1
50 73 2
29 72 2
4 43 2
58 105 2
61 123 1
80 105 2
32 127 2
73 115 2
53 90 1
9 68 2
35 135 1
3 35 2
12 74 2
2 47 2
46 74 2
82 104 2
48 98 1
49 64 2
25 43 2
12 39 2
6 139 2
7 51 2
22 67 2
13 16 2
54 79 2
40 82 2
11 70 2
85 129 1
11 114 1
81 138 2
28 58 2
1 17 2
48 80 2
22 44 2
64 87 2
51 69 2
68 99 2
41 68 2
31 50 2
61 84 2
26 71 2
40 44 2
2 57 2
39 135 2
49 66 2
79 102 1
57 64 2
27 90 1
34 69 2
67 73 2
8 28 2
14 68 2
25 106 2
46 143 1
4 78 2
88 91 1
44 89 2
19 56 2
23 60 2
7 18 2
19 103 1
39 70 2
4 31 2
50 76 2
31 43 2
63 100 2
18 87 2
57 116 2
1 44 2
47 48 2
5 81 2
4 70 2
50 98 1
54 99 2
78 136 2
18 49 2
19 124 1
27 62 2
21 52 2
40 42 2
4 68 2
39 127 1
53 60 2
63 143 1
4 87 2
3 16 2
1 37 2
55 81 2
19 97 1
79 90 2
9 70 2
3 32 2
43 59 2
47 51 2
40 67 2
62 73 2
18 81 2
9 129 1
42 53 2
82 92 1
66 127 1
22 83 2
88 149 2
42 81 2
30 35 2
45 82 2
74 103 1
64 91 1
37 82 2
24 84 2
10 12 2
50 52 2
8 40 2
55 80 2
22 30 2
68 89 2
70 87 2
26 32 2
45 97 1
73 78 2
54 88 2
71 87 2
67 118 1
63 104 1
5 34 2
15 51 2
3 52 2
17 106 1
32 90 1
19 76 2
24 134 2
13 45 2
39 76 2
34 95 1
10 25 2
41 74 2
19 100 1
31 64 2
19 72 2
6 47 2
35 60 2
43 84 2
27 81 2
47 77 2
65 123 1
77 92 1
61 110 2
79 141 2
7 55 2
48 114 1
9 47 2
11 15 2
5 15 2
69 100 2
31 139 2
35 103 1
13 31 2
31 68 2
21 56 2
49 69 2
39 58 2
21 85 2
35 85 2
30 99 1
2 98 2
22 87 2
49 68 2
58 90 1
10 65 2
23 92 1
55 78 2
20 71 2
68 85 2
32 80 2
6 62 2
26 136 1
1 68 2
17 50 2
33 41 2
32 76 2
9 14 2
69 88 2
78 105 1
20 64 2
83 144 1
79 89 2
25 48 2
36 113 2
14 49 2
7 25 2
36 82 2
44 141 2
55 68 2
43 66 2
49 71 2
41 98 2
2 27 2
49 128 1
23 44 2
27 85 2
4 6 2
23 84 2
24 95 1
17 80 2
21 89 2
8 42 2
66 88 2
18 83 2
58 80 2
14 31 2
29 30 2
45 99 2
80 136 1
11 108 1
9 139 2
65 67 2
69 75 2
23 121 1
63 82 2
60 83 2
34 71 2
68 97 1
14 75 2
31 109 2
45 146 2
48 63 2
37 125 1
82 121 1
30 59 2
45 96 2
32 68 2
68 83 2
39 124 2
7 59 2
4 48 2
1 56 2
68 77 2
4 16 2
40 87 2
3 18 2
55 57 2
6 7 2
29 80 2
10 121 1
9 13 2
31 61 2
68 92 2
9 147 1
16 90 1
57 62 2
66 120 1
16 63 2
68 119 2
6 99 2
29 136 2
9 51 2
37 43 2
5 59 2
54 89 2
5 141 2
15 53 2
19 46 2
46 128 1
70 84 2
78 129 2
20 33 2
18 137 2
8 50 2
69 131 1
41 76 2
75 90 1
2 12 2
14 138 2
1 35 2
78 83 2
85 93 2
66 76 2
25 103 1
23 38 2
40 52 2
0 42 2
48 81 2
14 61 2
0 48 2
10 146 2
23 58 2
23 48 2
78 141 1
64 105 2
13 133 2
0 59 2
65 125 1
47 124 1
56 61 2
1 57 2
38 42 2
59 88 2
10 70 2
70 102 1
70 132 1
86 132 1
29 105 2
50 55 2
24 103 2
26 73 2
16 69 2
11 60 2
0 58 2
70 86 2
44 50 2
50 113 1
56 84 2
1 33 2
76 82 2
0 78 2
9 18 2
49 83 2
17 84 2
47 74 2
3 64 2
15 142 1
73 84 2
0 26 2
30 51 2
22 147 1
46 147 1
35 83 2
23 33 2
27 69 2
40 112 1
1 52 2
38 72 2
13 46 2
42 63 2
4 30 2
47 98 1
4 74 2
32 89 2
23 49 2
42 114 1
48 54 2
27 116 1
15 73 2
15 65 2
78 144 1
18 84 2
60 70 2
50 149 1
27 40 2
28 51 2
73 81 2
47 86 2
21 47 2
40 51 2
34 146 1
30 71 2
24 70 2
11 89 2
18 86 2
47 83 2
35 54 2
31 89 2
62 118 2
55 122 2
3 17 2
26 76 2
43 51 2
79 85 2
16 75 2
15 76 2
89 129 2
12 96 2
47 50 2
18 95 2
1 76 2
12 25 2
0 147 2
8 122 1
33 148 1
19 30 2
39 88 2
4 7 2
13 35 2
9 131 1
72 142 1
33 55 2
15 141 2
66 119 1
19 84 2
3 9 2
44 78 2
89 121 1
25 32 2
2 28 2
43 60 2
44 85 2
55 99 2
16 24 2
79 113 1
4 90 2
31 84 2
83 130 1
28 35 2
58 87 2
86 97 2
5 27 2
3 30 2
50 82 2
45 50 2
7 68 2
69 82 2
79 80 2
7 36 2
32 47 2
34 62 2
45 60 2
22 75 2
8 58 2
16 81 2
33 40 2
56 92 1
35 50 2
57 79 2
49 111 1
84 85 2
78 87 2
44 64 2
2 18 2
22 61 2
57 148 1
51 79 2
4 24 2
24 64 2
89 92 1
30 56 2
60 72 2
72 109 1
61 130 1
56 67 2
44 66 2
43 133 2
87 90 1
77 86 2
59 71 2
13 20 2
22 33 2
47 79 2
30 115 1
1 112 1
76 135 1
17 63 2
42 64 2
33 51 2
31 67 2
18 67 2
73 108 1
38 65 2
31 32 2
66 84 2
59 109 1
36 67 2
10 109 1
35 55 2
59 66 2
8 63 2
66 144 1
26 51 2
72 87 2
29 57 2
54 68 2
9 40 2
4 19 2
8 57 2
9 52 2
55 109 1
12 87 2
2 135 1
34 44 2
47 63 2
14 66 2
28 102 1
58 139 1
24 68 2
63 89 2
51 67 2
47 72 2
1 39 2
62 71 2
24 36 2
77 84 2
70 95 1
82 139 2
11 36 2
59 89 2
11 20 2
66 71 2
6 19 2
72 73 2
45 75 2
85 108 2
57 72 2
9 93 1
2 7 2
17 38 2
81 134 2
26 95 1
39 89 2
15 61 2
20 134 1
62 88 2
0 83 2
17 122 1
12 62 2
35 42 2
29 91 1
34 68 2
31 66 2
51 80 2
15 70 2
27 86 2
46 76 2
33 142 1
19 37 2
76 88 2
37 54 2
60 87 2
37 70 2
61 69 2
10 32 2
19 60 2
10 51 2
43 50 2
29 58 2
12 31 2
13 107 1
32 74 2
5 63 2
47 82 2
0 16 2
12 111 1
39 92 2
35 40 2
46 99 1
18 73 2
21 129 1
36 139 1
27 59 2
27 73 2
47 61 2
28 37 2
46 84 2
69 138 1
59 76 2
5 145 1
62 69 2
40 55 2
73 136 1
17 99 2
4 65 2
61 92 1
55 83 2
32 63 2
1 75 2
35 74 2
53 84 2
22 95 2
77 144 1
6 34 2
8 82 2
24 38 2
12 53 2
25 113 2
46 86 2
27 53 2
10 77 2
44 140 1
26 69 2
39 47 2
27 142 1
2 26 2
19 83 2
65 149 1
56 63 2
38 102 1
17 66 2
57 60 2
35 87 2
42 67 2
64 83 2
33 109 2
49 133 2
16 23 2
2 65 2
26 40 2
7 115 1
76 86 2
56 73 2
82 87 2
44 55 2
6 70 2
43 93 1
0 115 1
34 53 2
20 35 2
23 56 2
43 61 2
43 97 1
28 31 2
10 31 2
9 106 2
8 60 2
35 51 2
53 64 2
3 11 2
32 65 2
21 34 2
73 86 2
22 35 2
28 49 2
43 67 2
23 73 2
10 36 2
23 141 1
24 81 2
22 66 2
7 14 2
7 88 2
4 82 2
27 30 2
27 46 2
20 79 2
26 89 2
20 92 2
48 133 1
55 121 1
30 36 2
21 119 1
42 78 2
2 49 2
38 52 2
5 74 2
58 85 2
31 38 2
52 53 2
60 134 1
24 53 2
46 103 1
19 113 2
32 34 2
4 38 2
56 82 2
7 134 1
23 80 2
27 124 2
28 62 2
69 87 2
40 145 1
45 135 2
52 129 1
11 43 2
6 46 2
51 73 2
42 119 1
39 77 2
32 112 1
52 143 1
31 78 2
16 29 2
14 56 2
9 31 2
7 79 2
72 80 2
53 81 2
53 58 2
65 69 2
21 26 2
40 88 2
26 53 2
62 124 1
25 72 2
9 144 1
84 89 2
47 57 2
20 114 2
75 78 2
13 70 2
20 129 1
71 89 2
38 101 1
44 99 1
67 84 2
8 66 2
50 58 2
68 87 2
28 77 2
83 86 2
6 28 2
27 133 1
7 38 2
35 109 2
35 71 2
13 54 2
42 79 2
13 57 2
5 84 2
58 64 2
88 95 1
19 118 1
16 87 2
13 78 2
42 123 2
37 59 2
41 78 2
38 79 2
50 70 2
4 75 2
15 43 2
53 69 2
46 82 2
17 95 1
70 115 2
7 65 2
68 69 2
13 115 1
21 142 2
83 87 2
77 82 2
16 19 2
49 84 2
61 78 2
49 135 2
20 49 2
67 134 1
0 19 2
16 55 2
47 80 2
54 83 2
32 77 2
36 64 2
20 56 2
46 81 2
12 60 2
51 130 1
23 57 2
25 65 2
6 85 2
71 111 2
56 57 2
61 77 2
15 24 2
17 34 2
44 119 1
33 67 2
57 76 2
61 133 1
9 22 2
19 91 1
15 30 2
27 84 2
42 49 2
1 118 2
0 87 2
6 71 2
12 57 2
27 61 2
37 52 2
67 95 1
12 72 2
49 88 2
30 66 2
5 87 2
41 123 1
44 47 2
30 96 2
31 69 2
21 122 1
38 77 2
6 14 2
14 52 2
8 81 2
0 20 2
62 109 1
41 77 2
69 70 2
31 116 1
70 89 2
89 112 2
4 85 2
80 85 2
61 111 1
30 70 2
67 94 1
15 140 1
51 86 2
34 79 2
67 69 2
60 102 2
32 134 2
72 93 1
74 107 1
16 124 1
32 61 2
33 66 2
53 78 2
9 27 2
0 29 2
30 72 2
28 82 2
15 131 2
47 136 1
8 74 2
35 95 1
74 104 1
25 117 2
33 122 1
59 82 2
57 87 2
38 83 2
76 100 2
47 52 2
42 44 2
16 88 2
14 63 2
22 54 2
1 53 2
62 147 1
41 87 2
18 36 2
25 53 2
25 140 1
3 37 2
26 44 2
57 66 2
0 74 2
9 41 2
6 26 2
18 88 2
2 8 2
67 83 2
37 136 1
24 45 2
41 89 2
33 132 1
11 21 2
2 109 2
61 95 1
47 66 2
45 55 2
1 54 2
23 24 2
16 78 2
34 56 2
38 63 2
2 86 2
74 109 2
73 85 2
3 77 2
28 56 2
45 78 2
26 82 2
66 140 2
2 51 2
13 24 2
15 64 2
55 86 2
68 79 2
7 44 2
26 36 2
29 88 2
37 83 2
9 77 2
12 66 2
2 55 2
35 140 1
63 131 2
64 141 2
36 75 2
60 73 2
1 2 2
1 19 2
72 135 1
41 71 2
41 85 2
11 132 2
48 66 2
62 63 2
34 54 2
63 94 2
69 80 2
34 132 2
15 68 2
46 87 2
0 12 2
8 59 2
88 123 2
21 79 2
26 78 2
55 79 2
7 85 2
74 83 2
22 139 1
21 36 2
24 31 2
32 128 2
52 57 2
17 76 2
70 74 2
71 92 1
89 110 2
65 113 2
6 66 2
54 64 2
71 131 1
58 60 2
26 128 1
26 72 2
23 88 2
57 58 2
12 21 2
83 85 2
10 88 2
23 78 2
67 79 2
44 73 2
79 87 2
9 81 2
21 75 2
24 40 2
22 51 2
83 134 1
27 70 2
21 73 2
39 82 2
9 89 2
19 31 2
1 13 2
42 46 2
10 115 2
50 117 2
28 47 2
7 83 2
11 78 2
66 102 1
81 82 2
31 65 2
18 138 1
17 119 1
27 75 2
61 76 2
18 33 2
77 100 2
17 56 2
39 134 1
74 80 2
22 46 2
26 81 2
57 80 2
24 96 1
7 29 2
25 79 2
36 69 2
25 35 2
56 78 2
31 101 1
7 15 2
58 83 2
5 25 2
0 86 2
26 125 1
8 84 2
46 98 2
23 109 1
12 44 2
48 129 1
43 129 1
72 115 1
17 89 2
41 128 1
20 86 2
57 75 2
10 72 2
77 109 1
56 70 2
59 70 2
29 66 2
29 118 1
40 100 1
4 23 2
53 57 2
42 137 1
28 67 2
1 144 1
76 85 2
4 52 2
29 38 2
33 57 2
6 22 2
23 61 2
2 60 2
32 85 2
82 108 2
21 25 2
6 59 2
4 81 2
12 147 1
12 99 2
31 42 2
45 71 2
1 34 2
80 89 2
55 58 2
48 142 1
11 46 2
17 113 2
13 109 2
85 87 2
47 142 2
50 91 1
27 93 2
50 67 2
11 61 2
62 81 2
38 145 1
55 74 2
8 20 2
25 27 2
0 143 1
11 80 2
66 121 1
68 74 2
50 142 1
39 40 2
13 48 2
23 82 2
33 34 2
0 135 2
17 136 1
35 89 2
40 143 2
53 146 1
68 72 2
78 98 2
7 31 2
40 83 2
25 80 2
48 104 1
63 91 1
28 70 2
52 147 1
53 116 2
5 140 2
36 112 2
87 143 1
65 126 2
65 130 1
80 91 2
7 128 1
14 46 2
2 37 2
29 59 2
8 87 2
43 46 2
66 89 2
7 22 2
11 51 2
46 77 2
66 113 1
10 127 1
52 141 1
17 25 2
24 35 2
20 74 2
81 84 2
9 136 2
35 36 2
58 96 1
15 88 2
89 135 1
42 47 2
12 48 2
21 64 2
19 50 2
56 113 1
22 109 2
48 145 2
21 72 2
81 95 1
9 133 1
32 35 2
17 39 2
0 28 2
25 111 1
6 64 2
24 87 2
24 133 2
8 38 2
12 55 2
12 50 2
9 69 2
36 76 2
20 121 1
18 48 2
8 91 1
12 20 2
74 131 2
73 74 2
85 141 1
59 148 1
1 87 2
7 57 2
65 127 1
74 87 2
3 61 2
7 125 1
54 74 2
29 44 2
34 77 2
68 76 2
10 23 2
42 43 2
6 83 2
27 76 2
68 91 2
74 117 2
39 81 2
0 85 2
11 31 2
35 44 2
87 91 1
16 142 1
16 113 1
1 11 2
50 64 2
59 73 2
62 97 1
47 107 2
18 27 2
34 42 2
30 134 1
6 41 2
53 68 2
66 129 2
5 8 2
5 64 2
1 104 2
30 139 2
9 11 2
73 89 2
38 147 1
32 146 2
5 57 2
13 33 2
15 55 2
29 68 2
1 101 1
0 37 2
10 14 2
15 23 2
15 34 2
64 108 2
51 63 2
32 81 2
30 31 2
82 95 1
48 85 2
30 67 2
6 78 2
45 91 1
47 62 2
5 29 2
42 69 2
51 52 2
31 88 2
1 84 2
30 88 2
58 63 2
8 55 2
1 67 2
22 34 2
67 121 2
21 84 2
3 57 2
2 137 1
58 147 1
3 59 2
1 10 2
6 101 1
39 107 2
9 45 2
31 51 2
61 87 2
33 101 1
65 100 1
16 62 2
13 72 2
28 109 1
60 84 2
79 128 1
27 38 2
18 56 2
8 44 2
45 81 2
57 111 1
16 17 2
37 61 2
30 112 2
30 58 2
47 58 2
6 52 2
19 68 2
30 135 2
6 69 2
15 81 2
58 79 2
29 67 2
18 72 2
3 38 2
10 50 2
7 132 1
43 81 2
3 22 2
9 64 2
39 71 2
14 34 2
26 65 2
25 30 2
32 66 2
35 52 2
69 71 2
5 98 1
24 66 2
56 140 1
11 49 2
71 106 2
29 85 2
8 35 2
41 82 2
27 35 2
33 59 2
31 45 2
35 48 2
37 109 1
24 121 2
19 57 2
60 81 2
31 140 1
13 99 1
17 42 2
39 106 1
20 47 2
28 98 1
24 43 2
40 60 2
34 74 2
1 26 2
30 147 1
9 19 2
73 83 2
44 70 2
73 87 2
89 144 1
25 66 2
62 75 2
17 61 2
28 32 2
18 79 2
30 33 2
7 30 2
10 69 2
33 77 2
83 140 1
2 45 2
11 39 2
41 73 2
40 56 2
39 93 1
67 133 1
6 53 2
56 101 1
5 45 2
9 74 2
10 94 2
54 86 2
24 73 2
47 73 2
20 81 2
46 140 1
59 74 2
85 101 1
18 143 2
55 97 2
22 42 2
15 66 2
50 66 2
26 74 2
29 121 2
10 61 2
57 93 1
47 85 2
71 124 1
47 122 1
46 65 2
46 50 2
43 95 1
44 46 2
56 74 2
43 75 2
57 65 2
14 83 2
61 63 2
6 86 2
12 52 2
27 52 2
32 79 2
67 77 2
12 134 2
22 71 2
86 108 2
5 17 2
36 54 2
43 62 2
4 63 2
44 62 2
1 97 2
2 14 2
59 118 1
11 57 2
49 80 2
23 130 1
45 114 1
0 38 2
49 89 2
49 143 1
81 130 1
63 146 1
3 60 2
78 81 2
85 127 2
33 50 2
11 76 2
35 72 2
1 45 2
1 91 2
31 72 2
55 107 2
60 108 1
25 41 2
10 58 2
19 69 2
29 65 2
25 42 2
86 118 1
38 130 1
70 106 1
1 110 1
10 86 2
8 14 2
37 55 2
6 72 2
25 83 2
22 40 2
59 83 2
51 74 2
13 110 2
23 128 1
67 68 2
23 30 2
51 59 2
34 70 2
4 69 2
7 108 1
6 15 2
16 141 2
35 79 2
82 114 1
7 123 1
80 86 2
25 44 2
28 52 2
36 66 2
7 63 2
30 38 2
49 56 2
59 68 2
35 107 1
60 89 2
81 94 2
80 95 1
16 31 2
46 53 2
9 87 2
70 135 2
11 85 2
66 112 2
48 72 2
46 92 2
12 61 2
12 85 2
61 62 2
38 129 2
57 63 2
0 13 2
58 145 1
19 58 2
0 60 2
37 38 2
23 28 2
5 131 1
0 41 2
52 84 2
32 50 2
23 77 2
50 63 2
26 57 2
46 121 1
89 105 1
42 86 2
11 54 2
71 83 2
54 84 2
25 39 2
47 118 2
7 23 2
16 35 2
51 87 2
23 62 2
63 86 2
11 101 1
55 77 2
18 55 2
27 63 2
18 129 1
26 55 2
28 84 2
79 143 2
58 68 2
65 79 2
47 53 2
51 75 2
48 71 2
31 35 2
63 87 2
75 147 1
27 67 2
19 54 2
10 75 2
31 75 2
43 122 2
59 98 1
5 52 2
61 108 2
12 17 2
83 89 2
33 78 2
26 70 2
40 46 2
10 19 2
58 122 2
55 60 2
22 24 2
65 77 2
77 139 2
3 67 2
67 148 2
20 65 2
27 64 2
25 81 2
29 35 2
15 62 2
11 53 2
6 37 2
1 71 2
43 68 2
12 67 2
2 52 2
60 115 1
0 24 2
42 124 1
1 21 2
34 45 2
10 43 2
11 69 2
37 41 2
34 51 2
5 42 2
50 51 2
48 59 2
37 51 2
3 28 2
51 144 1
9 25 2
19 35 2
1 16 2
31 135 2
36 41 2
27 105 2
63 129 1
13 50 2
42 84 2
24 58 2
55 63 2
20 50 2
49 81 2
66 70 2
2 9 2
21 81 2
18 19 2
29 87 2
35 143 2
31 134 2
32 39 2
66 95 1
50 134 1
12 36 2
41 99 2
35 56 2
38 55 2
87 146 1
80 83 2
58 78 2
22 58 2
12 144 2
29 79 2
27 45 2
3 43 2
15 50 2
36 40 2
66 82 2
44 52 2
13 40 2
33 60 2
54 59 2
7 40 2
45 51 2
75 132 1
10 15 2
14 77 2
23 87 2
23 41 2
13 22 2
42 92 2
33 84 2
50 53 2
0 70 2
37 39 2
17 75 2
48 122 1
36 47 2
16 44 2
57 106 1
50 137 1
35 59 2
42 73 2
4 12 2
75 137 2
31 44 2
3 41 2
30 40 2
32 42 2
37 89 2
70 71 2
1 66 2
41 118 1
32 36 2
88 127 1
84 140 1
21 57 2
1 51 2
35 47 2
1 14 2
35 39 2
35 67 2
31 48 2
28 48 2
14 44 2
14 122 1
50 54 2
62 89 2
54 111 2
80 149 1
57 85 2
87 126 1
17 149 1
18 29 2
59 79 2
10 40 2
60 146 2
11 44 2
49 63 2
5 26 2
71 74 2
26 91 1
14 86 2
7 35 2
4 80 2
16 71 2
85 92 1
16 60 2
7 67 2
7 48 2
32 135 1
1 60 2
12 16 2
0 80 2
44 134 2
85 120 2
55 65 2
15 21 2
33 53 2
30 39 2
8 51 2
88 116 1
18 125 2
2 73 2
3 84 2
24 51 2
51 56 2
32 52 2
15 126 1
18 59 2
0 54 2
47 137 1
29 95 1
44 63 2
51 62 2
88 117 2
77 133 1
29 50 2
69 72 2
39 102 2
26 67 2
17 18 2
25 46 2
87 121 1
2 81 2
53 114 1
7 37 2
24 33 2
53 75 2
6 10 2
28 61 2
0 14 2
68 108 1
50 78 2
0 2 2
3 14 2
78 120 1
48 77 2
41 65 2
56 135 1
15 95 2
55 56 2
64 115 2
38 51 2
18 62 2
7 75 2
27 79 2
34 58 2
31 115 1
33 70 2
36 50 2
8 25 2
26 129 1
26 31 2
19 148 1
7 32 2
39 99 1
0 33 2
88 104 2
29 135 1
11 38 2
48 56 2
35 65 2
32 49 2
58 70 2
37 112 1
6 35 2
12 29 2
7 56 2
41 69 2
19 89 2
65 80 2
76 80 2
21 53 2
9 34 2
83 99 2
56 148 1
70 98 1
76 144 1
13 145 2
48 115 1
3 68 2
74 84 2
18 124 1
60 75 2
74 89 2
82 86 2
46 69 2
58 66 2
73 142 1
20 55 2
40 47 2
76 121 2
31 85 2
20 78 2
49 72 2
51 138 1
24 108 1
69 96 1
61 147 1
26 108 1
26 105 1
7 50 2
24 72 2
7 54 2
8 24 2
27 82 2
85 86 2
9 91 1
27 37 2
29 47 2
57 61 2
4 79 2
87 103 2
37 66 2
16 21 2
23 37 2
31 39 2
0 108 2
8 9 2
38 61 2
11 64 2
21 69 2
7 26 2
4 13 2
25 84 2
12 49 2
44 72 2
59 67 2
81 140 1
43 45 2
20 58 2
28 122 1
9 73 2
26 118 1
71 132 1
41 115 1
13 38 2
18 68 2
3 25 2
35 120 2
16 43 2
59 119 1
28 66 2
14 124 2
21 120 2
33 46 2
1 117 2
37 106 1
35 131 1
42 54 2
30 57 2
15 35 2
72 139 1
50 143 1
35 148 1
13 146 1
29 106 1
79 146 1
5 72 2
32 69 2
12 26 2
42 96 1
60 106 2
19 34 2
80 140 2
32 83 2
9 58 2
50 118 2
77 113 2
17 44 2
26 104 1
3 106 1
14 108 1
65 106 2
14 40 2
2 64 2
68 88 2
86 137 1
18 30 2
11 17 2
34 130 2
55 90 1
11 22 2
41 56 2
34 49 2
38 75 2
41 144 1
3 58 2
39 66 2
13 79 2
54 61 2
5 66 2
0 92 1
53 104 2
8 77 2
48 61 2
49 75 2
26 119 2
15 38 2
52 113 2
9 96 2
0 127 1
66 87 2
4 71 2
12 15 2
39 116 1
40 133 1
55 88 2
4 39 2
65 87 2
29 114 1
10 27 2
64 76 2
55 111 1
6 111 1
50 101 2
36 49 2
28 128 1
28 76 2
45 80 2
22 128 1
41 43 2
21 71 2
28 93 2
50 56 2
10 41 2
1 86 2
13 74 2
57 107 1
14 74 2
24 61 2
32 100 2
4 22 2
30 37 2
3 104 1
46 116 2
17 36 2
56 143 1
75 81 2
1 81 2
3 40 2
27 32 2
22 145 1
53 105 1
60 125 1
0 57 2
58 106 2
1 132 1
44 109 1
23 67 2
38 85 2
23 138 1
77 88 2
11 82 2
14 72 2
58 111 1
17 87 2
52 64 2
31 49 2
25 36 2
74 96 1
35 45 2
4 93 1
43 117 1
77 80 2
74 77 2
5 47 2
34 72 2
32 113 1
37 62 2
49 52 2
8 111 1
44 86 2
30 76 2
52 99 1
10 37 2
5 61 2
17 51 2
9 66 2
7 77 2
89 131 1
51 98 1
15 48 2
12 76 2
28 88 2
24 49 2
84 121 1
58 123 1
9 90 2
21 76 2
87 94 1
3 12 2
15 33 2
21 62 2
54 105 2
26 93 1
60 140 2
38 41 2
34 109 1
70 77 2
25 29 2
33 85 2
3 26 2
17 45 2
42 51 2
26 37 2
58 84 2
24 32 2
16 41 2
43 90 1
10 60 2
4 61 2
40 105 1
2 74 2
15 26 2
80 94 1
44 97 2
25 26 2
17 41 2
1 143 2
29 84 2
13 85 2
7 69 2
3 146 1
47 132 1
3 13 2
77 108 1
47 64 2
53 126 2
37 68 2
9 119 1
52 133 1
45 59 2
54 57 2
23 46 2
68 80 2
10 83 2
12 95 1
42 145 1
80 98 1
3 42 2
21 97 1
23 105 2
18 82 2
88 110 1
36 84 2
26 87 2
76 77 2
54 102 2
33 68 2
62 79 2
85 131 2
55 87 2
75 148 2
43 146 1
18 58 2
22 111 2
38 78 2
81 83 2
51 54 2
52 87 2
44 74 2
55 112 2
13 124 1
16 74 2
1 25 2
63 84 2
25 28 2
21 48 2
8 37 2
39 42 2
81 85 2
7 13 2
6 23 2
65 85 2
12 32 2
47 144 1
38 76 2
75 86 2
38 86 2
2 58 2
17 82 2
0 21 2
7 141 2
66 110 2
77 136 2
6 56 2
5 58 2
18 41 2
21 80 2
52 134 2
9 46 2
40 89 2
22 53 2
53 110 1
72 89 2
24 83 2
26 48 2
55 120 1
66 68 2
21 101 1
44 67 2
31 82 2
32 98 1
52 80 2
30 111 1
4 34 2
18 77 2
62 78 2
12 145 2
52 144 1
77 148 1
75 139 2
33 37 2
41 63 2
3 47 2
59 140 1
59 126 2
46 59 2
43 74 2
21 78 2
9 80 2
51 145 1
18 76 2
1 74 2
3 139 1
45 54 2
34 88 2
46 54 2
86 144 2
73 112 1
58 72 2
63 99 2
34 129 1
10 18 2
69 83 2
33 38 2
40 50 2
48 58 2
87 128 1
78 91 1
69 74 2
13 121 1
52 73 2
38 82 2
13 75 2
50 105 1
18 47 2
43 80 2
16 30 2
50 121 2
44 48 2
5 28 2
38 49 2
25 58 2
24 44 2
20 107 1
62 80 2
5 18 2
8 15 2
70 73 2
6 60 2
59 92 1
32 58 2
54 65 2
53 65 2
2 67 2
11 86 2
8 86 2
25 136 2
20 80 2
39 118 1
30 141 1
47 92 1
47 90 1
30 120 1
10 95 1
2 118 1
23 137 1
4 143 2
39 90 1
61 65 2
22 50 2
7 71 2
25 63 2
57 122 2
54 143 1
51 68 2
64 85 2
47 81 2
38 57 2
20 62 2
24 80 2
15 27 2
16 107 1
34 78 2
9 60 2
37 81 2
88 92 1
18 121 2
29 64 2
44 84 2
6 87 2
64 122 1
56 136 2
13 58 2
44 61 2
19 82 2
36 42 2
5 71 2
36 44 2
35 78 2
0 1 2
18 35 2
30 63 2
27 88 2
39 86 2
36 57 2
66 146 1
28 36 2
44 60 2
23 110 1
3 69 2
10 21 2
2 39 2
82 132 2
68 84 2
22 101 2
43 48 2
16 20 2
72 85 2
0 88 2
25 38 2
6 121 1
46 70 2
7 27 2
23 75 2
39 122 1
10 54 2
71 73 2
7 39 2
30 50 2
16 102 1
16 46 2
43 108 1
46 138 1
14 53 2
3 55 2
7 103 1
14 70 2
12 27 2
66 126 2
70 123 1
3 6 2
30 80 2
4 45 2
13 117 2
83 128 1
80 88 2
11 129 1
53 76 2
36 86 2
28 83 2
15 149 1
5 53 2
12 129 1
14 21 2
22 64 2
8 89 2
10 67 2
17 21 2
49 51 2
22 106 1
24 34 2
20 124 1
38 71 2
11 134 2
24 28 2
12 71 2
43 83 2
17 65 2
12 70 2
10 22 2
59 86 2
61 82 2
37 42 2
44 59 2
42 76 2
58 92 2
0 49 2
76 105 1
46 126 1
18 45 2
48 69 2
26 88 2
74 86 2
54 85 2
14 50 2
30 34 2
51 107 1
43 76 2
13 19 2
63 76 2
84 88 2
24 142 1
49 65 2
32 75 2
5 30 2
29 130 1
63 88 2
34 43 2
52 55 2
0 133 1
11 58 2
81 113 2
3 66 2
51 88 2
34 67 2
13 21 2
0 17 2
29 142 2
66 72 2
58 73 2
59 72 2
44 57 2
56 76 2
38 56 2
16 54 2
50 85 2
2 44 2
70 72 2
21 49 2
14 32 2
40 123 2
16 149 1
31 63 2
72 130 2
2 13 2
17 29 2
56 138 2
52 75 2
20 45 2
43 54 2
20 131 2
57 86 2
26 111 2
14 85 2
15 85 2
11 67 2
89 114 1
22 136 1
34 76 2
83 137 1
5 9 2
19 40 2
13 60 2
89 90 1
3 15 2
14 136 1
60 94 1
44 77 2
9 85 2
22 36 2
47 55 2
11 14 2
49 109 1
79 144 2
5 14 2
0 84 2
5 51 2
89 100 2
5 73 2
3 76 2
52 69 2
21 46 2
4 41 2
81 115 1
31 91 1
5 127 2
56 112 1
0 119 2
10 39 2
4 83 2
16 45 2
52 67 2
15 54 2
1 58 2
39 44 2
12 40 2
58 102 2
36 88 2
59 81 2
23 68 2
13 68 2
50 57 2
67 78 2
47 121 2
72 75 2
31 54 2
3 144 2
10 114 1
45 87 2
83 119 1
49 55 2
15 22 2
26 41 2
24 140 1
69 119 1
20 72 2
28 59 2
56 64 2
13 43 2
22 85 2
41 107 1
64 102 2
9 109 1
1 5 2
89 141 1
0 132 1
52 101 1
20 88 2
20 77 2
74 116 2
76 123 1
65 134 1
82 129 1
5 35 2
12 122 1
10 45 2
10 46 2
84 118 1
19 106 2
66 73 2
55 75 2
86 115 1
5 67 2
75 135 1
47 59 2
17 83 2
3 39 2
67 86 2
10 49 2
79 114 1
67 142 1
43 85 2
13 147 1
37 48 2
8 71 2
49 78 2
35 82 2
22 70 2
34 120 1
4 29 2
48 51 2
5 65 2
5 10 2
9 44 2
64 121 2
1 98 1
84 120 2
69 86 2
59 87 2
6 123 2
20 67 2
45 62 2
83 121 2
52 79 2
65 86 2
36 74 2
42 121 2
64 124 1
0 35 2
7 140 1
28 139 2
30 55 2
51 55 2
55 130 2
52 138 2
33 115 1
53 74 2
4 25 2
26 52 2
40 62 2
6 148 1
61 68 2
45 52 2
21 27 2
40 49 2
9 42 2
19 49 2
47 84 2
24 77 2
29 148 2
23 111 1
8 137 1
3 49 2
60 80 2
49 93 2
56 89 2
2 70 2
34 63 2
22 47 2
25 64 2
4 117 1
39 112 1
21 88 2
18 142 2
59 124 2
14 71 2
2 42 2
25 145 2
22 89 2
19 81 2
29 46 2
38 47 2
22 62 2
43 77 2
45 53 2
78 133 2
51 137 2
47 125 1
79 92 1
66 79 2
38 125 1
2 80 2
12 37 2
32 43 2
12 45 2
21 44 2
85 89 2
3 50 2
4 51 2
33 56 2
8 124 1
38 104 1
20 24 2
56 145 1
39 115 1
48 108 1
86 142 1
24 112 1
13 25 2
13 42 2
2 104 2
20 28 2
41 50 2
20 39 2
80 84 2
12 18 2
5 33 2
71 86 2
17 28 2
44 120 2
33 140 1
11 24 2
39 87 2
9 16 2
52 125 1
43 71 2
22 31 2
30 79 2
16 65 2
2 50 2
13 51 2
0 61 2
48 105 1
45 61 2
15 44 2
32 126 1
11 73 2
20 25 2
22 82 2
30 44 2
27 47 2
37 72 2
17 79 2
1 40 2
61 118 1
61 94 1
43 65 2
22 77 2
5 97 1
80 90 2
14 137 2
73 114 1
26 30 2
32 111 1
4 42 2
20 83 2
58 76 2
24 78 2
5 38 2
36 85 2
53 82 2
20 87 2
0 65 2
9 57 2
36 59 2
88 94 2
29 31 2
69 84 2
0 31 2
17 135 1
17 53 2
33 73 2
0 9 2
82 130 1
31 41 2
77 114 1
70 81 2
9 30 2
77 81 2
76 89 2
28 96 1
19 75 2
22 78 2
34 83 2
77 112 2
36 61 2
30 123 1
86 127 1
15 134 1
34 48 2
67 111 1
54 77 2
35 122 2
7 80 2
74 75 2
14 88 2
38 58 2
57 69 2
17 137 2
37 65 2
10 73 2
0 4 2
11 122 1
0 43 2
19 71 2
42 144 2
23 71 2
1 15 2
17 126 2
49 87 2
45 131 1
22 76 2
58 128 2
87 114 2
48 50 2
24 120 2
21 113 1
26 46 2
30 41 2
47 70 2
89 142 2
22 55 2
31 80 2
38 45 2
74 148 2
15 72 2
68 73 2
17 130 2
32 41 2
33 64 2
51 108 2
27 58 2
64 129 1
63 75 2
6 132 1
37 50 2
45 79 2
41 88 2
31 37 2
66 74 2
64 75 2
43 103 1
15 57 2
50 81 2
67 80 2
79 104 1
16 68 2
41 42 2
0 104 1
9 21 2
23 45 2
34 135 2
3 72 2
57 67 2
4 101 2
8 34 2
31 60 2
73 111 1
67 70 2
8 118 1
44 81 2
34 52 2
7 42 2
20 31 2
59 128 1
16 32 2
80 82 2
42 87 2
32 138 1
12 51 2
12 100 1
48 84 2
45 92 1
30 84 2
40 71 2
10 13 2
44 49 2
1 42 2
28 54 2
13 37 2
33 104 1
52 62 2
41 80 2
8 64 2
23 70 2
11 138 2
54 93 1
25 142 2
33 86 2
31 77 2
28 134 1
2 63 2
1 82 2
24 56 2
12 109 1
41 51 2
58 59 2
19 42 2
0 34 2
58 74 2
0 68 2
70 75 2
18 101 1
59 84 2
1 6 2
18 39 2
37 75 2
11 74 2
7 97 2
15 108 1
78 147 1
78 112 1
52 86 2
25 49 2
30 82 2
47 68 2
51 70 2
65 138 1
33 71 2
4 115 2
5 54 2
52 56 2
9 24 2
18 91 2
8 142 2
5 76 2
57 74 2
18 34 2
23 64 2
34 57 2
8 78 2
67 74 2
16 85 2
8 56 2
21 116 2
33 83 2
37 40 2
26 43 2
74 99 1
70 92 2
11 29 2
18 50 2
14 148 2
1 78 2
36 56 2
67 76 2
12 79 2
14 15 2
21 59 2
3 75 2
36 68 2
16 92 1
10 81 2
50 93 2
27 41 2
6 74 2
19 53 2
17 60 2
57 147 1
24 29 2
74 129 1
16 89 2
11 19 2
24 37 2
14 19 2
65 122 1
73 148 2
49 70 2
36 78 2
54 141 1
6 136 2
1 99 1
3 34 2
58 113 1
5 70 2
64 101 1
74 76 2
62 65 2
58 82 2
13 44 2
34 82 2
0 100 1
60 135 1
43 94 1
12 82 2
5 56 2
35 62 2
32 64 2
12 78 2
3 8 2
16 47 2
1 77 2
69 73 2
17 33 2
48 89 2
9 127 1
53 67 2
1 123 2
23 55 2
47 140 1
15 56 2
5 137 1
66 78 2
18 43 2
71 119 2
21 60 2
7 66 2
73 109 1
31 113 2
57 88 2
78 86 2
34 66 2
69 111 2
39 149 1
0 30 2
86 116 1
29 100 1
26 34 2
56 81 2
84 129 1
26 84 2
7 62 2
14 76 2
9 120 1
28 60 2
80 118 1
57 68 2
79 132 1
73 93 1
7 21 2
81 120 1
8 33 2
80 132 1
40 80 2
64 77 2
1 139 2
8 36 2
0 3 2
0 124 1
37 64 2
72 129 1
37 105 1
23 27 2
73 124 1
38 54 2
56 100 1
18 123 1
31 57 2
3 85 2
7 17 2
54 140 1
83 90 2
8 62 2
42 82 2
76 133 2
19 70 2
18 60 2
11 87 2
15 39 2
20 42 2
13 29 2
26 147 2
18 28 2
11 55 2
11 41 2
24 50 2
33 139 2
16 25 2
52 77 2
49 73 2
18 78 2
79 84 2
29 124 1
20 61 2
75 95 2
0 25 2
32 46 2
84 108 1
30 89 2
35 75 2
1 62 2
26 139 1
43 47 2
9 17 2
1 50 2
19 33 2
2 83 2
13 76 2
21 67 2
6 67 2
53 70 2
17 71 2
0 40 2
42 45 2
28 135 1
77 137 2
23 86 2
27 77 2
2 72 2
32 71 2
67 89 2
9 79 2
40 117 1
25 33 2
27 102 1
34 55 2
32 60 2
46 148 2
64 68 2
11 77 2
54 132 1
53 61 2
40 48 2
18 115 1
23 145 2
74 132 2
57 104 1
36 83 2
27 78 2
24 59 2
54 75 2
11 48 2
46 51 2
58 116 1
76 90 1
27 87 2
2 143 1
33 79 2
6 43 2
28 45 2
17 88 2
44 108 1
1 23 2
35 124 1
3 113 1
69 97 1
29 63 2
64 134 2
59 104 1
40 84 2
21 66 2
6 12 2
33 87 2
63 72 2
0 56 2
6 81 2
29 43 2
71 76 2
45 98 1
10 26 2
38 48 2
1 115 1
15 52 2
61 79 2
47 49 2
41 62 2
34 117 1
1 73 2
40 58 2
62 132 1
53 115 1
2 6 2
29 69 2
26 102 1
32 38 2
0 10 2
43 106 1
6 76 2
79 100 1
16 61 2
9 82 2
71 77 2
15 20 2
25 52 2
12 13 2
10 47 2
62 137 1
63 71 2
55 71 2
24 86 2
65 76 2
56 79 2
59 69 2
38 39 2
11 81 2
4 60 2
24 39 2
11 111 2
0 122 1
35 57 2
30 45 2
50 87 2
8 101 2
52 68 2
39 65 2
50 80 2
17 73 2
17 91 1
25 141 1
82 124 1
3 78 2
42 55 2
72 148 1
79 129 2
1 20 2
60 65 2
62 127 1
19 44 2
7 72 2
88 141 1
22 80 2
24 42 2
54 80 2
44 82 2
53 141 1
3 121 1
87 124 1
10 38 2
88 89 2
58 131 1
1 63 2
22 65 2
65 70 2
50 92 1
28 104 1
5 44 2
33 138 2
77 85 2
55 72 2
16 109 1
15 40 2
28 34 2
6 116 2
11 133 1
43 140 2
16 76 2
45 48 2
37 49 2
0 95 1
10 35 2
38 81 2
43 110 1
61 64 2
78 85 2
39 59 2
2 85 2
26 54 2
61 80 2
1 80 2
12 81 2
87 111 2
36 62 2
34 140 1
34 40 2
77 110 2
87 101 2
33 134 1
10 44 2
13 61 2
46 95 1
13 140 1
12 58 2
30 144 2
30 101 1
42 74 2
28 131 2
15 45 2
52 78 2
25 68 2
25 55 2
43 143 2
1 31 2
81 142 1
78 80 2
20 98 2
19 128 1
42 95 1
48 87 2
28 38 2
20 70 2
56 126 2
9 50 2
58 119 1
4 46 2
3 19 2
50 88 2
12 33 2
30 85 2
29 60 2
10 34 2
15 25 2
75 77 2
54 63 2
13 88 2
61 146 1
21 39 2
17 48 2
43 49 2
52 91 2
79 88 2
25 47 2
9 116 1
33 43 2
10 30 2
0 125 1
24 74 2
69 93 1
69 81 2
9 76 2
41 119 1
27 54 2
29 144 1
42 94 2
67 146 1
12 22 2
30 87 2
64 66 2
44 104 1
6 42 2
88 148 1
86 113 1
44 87 2
8 29 2
24 76 2
38 50 2
15 87 2
7 11 2
55 67 2
22 86 2
6 140 2
4 62 2
16 42 2
52 121 1
30 42 2
59 123 1
14 24 2
31 86 2
6 49 2
11 65 2
5 112 1
9 134 1
77 87 2
21 82 2
45 73 2
15 58 2
87 92 2
46 47 2
6 32 2
43 82 2
19 77 2
10 52 2
56 58 2
21 139 1
40 85 2
11 63 2
24 46 2
15 80 2
78 82 2
54 123 1
12 34 2
30 64 2
45 58 2
66 91 2
54 66 2
17 77 2
22 84 2
51 112 1
0 52 2
2 32 2
16 103 1
13 71 2
2 48 2
3 5 2
2 29 2
36 65 2
75 83 2
48 67 2
81 86 2
3 105 2
75 79 2
29 119 1
16 50 2
22 100 2
35 100 1
68 78 2
34 148 1
18 69 2
17 74 2
13 81 2
2 113 2
19 62 2
7 64 2
19 23 2
58 103 2
15 28 2
18 74 2
7 10 2
29 34 2
25 76 2
32 54 2
7 70 2
39 48 2
35 105 1
73 94 1
6 9 2
53 128 2
19 65 2
12 14 2
31 79 2
62 64 2
74 90 1
15 29 2
59 62 2
2 66 2
57 113 1
50 79 2
20 54 2
88 99 2
41 60 2
51 105 1
3 27 2
27 120 1
33 36 2
28 81 2
37 53 2
60 85 2
63 147 1
78 88 2
37 56 2
24 82 2
47 112 1
6 24 2
4 27 2
0 62 2
86 100 1
27 42 2
32 86 2
12 77 2
8 26 2
38 53 2
62 138 2
38 64 2
22 110 2
70 85 2
2 40 2
51 57 2
55 96 1
28 42 2
28 50 2
21 140 1
44 76 2
63 64 2
21 63 2
66 75 2
38 135 1
20 148 2
57 59 2
52 95 1
22 90 2
30 60 2
76 149 1
68 75 2
18 65 2
55 89 2
52 81 2
18 54 2
21 35 2
25 74 2
21 65 2
71 80 2
54 129 1
4 5 2
20 29 2
8 22 2
54 90 1
37 44 2
27 72 2
12 73 2
32 62 2
27 55 2
6 45 2
70 76 2
19 149 1
29 53 2
24 85 2
60 71 2
69 78 2
43 141 1
29 99 1
46 72 2
55 131 1
8 79 2
33 81 2
32 59 2
9 49 2
59 138 2
49 60 2
58 134 1
55 62 2
76 87 2
1 65 2
1 88 2
16 80 2
31 76 2
60 105 2
4 50 2
7 53 2
86 143 1
53 66 2
16 58 2
3 70 2
74 143 2
16 67 2
2 41 2
10 17 2
27 111 2
43 56 2
26 35 2
8 133 1
29 70 2
27 106 1
4 56 2
14 147 2
64 70 2
45 130 2
71 127 1
49 59 2
29 49 2
21 77 2
25 51 2
8 30 2
35 38 2
7 73 2
44 45 2
37 67 2
26 63 2
73 80 2
73 138 1
57 84 2
27 57 2
24 27 2
16 33 2
41 94 2
27 80 2
17 68 2
4 72 2
74 81 2
75 82 2
6 88 2
32 45 2
9 38 2
66 67 2
32 96 1
39 54 2
21 42 2
61 148 1
88 96 1
28 63 2
55 136 1
27 123 1
81 102 2
23 72 2
45 85 2
43 78 2
74 101 1
40 95 2
55 82 2
15 111 2
49 74 2
39 45 2
53 98 1
61 75 2
87 142 2
5 36 2
17 35 2
88 90 1
61 86 2
18 105 1
65 147 1
27 89 2
8 88 2
18 61 2
49 54 2
9 67 2
35 43 2
76 84 2
80 107 1
10 74 2
3 125 1
77 115 1
39 60 2
8 41 2
40 61 2
47 76 2
4 9 2
33 75 2
47 102 1
59 141 1
21 24 2
39 55 2
3 147 1
62 70 2
10 28 2
9 20 2
0 130 2
69 76 2
24 41 2
25 59 2
41 79 2
0 64 2
70 96 1
16 49 2
6 108 1
11 13 2
23 35 2
26 38 2
30 46 2
17 52 2
48 75 2
29 89 2
37 73 2
5 100 1
2 25 2
3 89 2
53 59 2
25 82 2
36 70 2
36 63 2
25 78 2
20 26 2
46 62 2
33 69 2
7 16 2
36 97 1
49 126 1
32 122 2
20 52 2
45 66 2
25 85 2
4 125 2
11 144 1
23 76 2
9 100 1
35 84 2
56 75 2
6 44 2
9 101 1
25 88 2
57 73 2
10 16 2
1 43 2
18 103 1
12 83 2
10 48 2
3 140 1
24 57 2
16 59 2
81 88 2
64 84 2
10 133 1
7 33 2
59 95 1
29 45 2
9 36 2
54 70 2
16 137 1
6 8 2
26 62 2
39 121 1
15 36 2
16 66 2
89 111 2
28 43 2
82 83 2
5 22 2
12 89 2
42 75 2
24 118 2
69 125 1
14 33 2
20 141 1
25 34 2
4 59 2
3 102 2
6 25 2
13 26 2
34 41 2
52 110 1
14 69 2
5 48 2
36 119 1
49 105 1
10 108 1
56 60 2
38 60 2
18 42 2
13 15 2
21 87 2
63 78 2
32 91 1
87 119 1
48 53 2
35 114 2
5 148 1
0 63 2
4 10 2
67 139 1
10 87 2
23 42 2
26 49 2
35 63 2
26 130 1
21 123 2
35 58 2
25 56 2
58 69 2
29 149 1
22 94 1
43 79 2
66 100 1
64 97 1
33 102 1
22 88 2
15 17 2
22 57 2
70 80 2
22 48 2
50 62 2
8 83 2
6 13 2
63 112 1
50 74 2
19 109 1
18 85 2
28 71 2
69 79 2
71 85 2
10 125 1
35 76 2
1 7 2
5 68 2
14 54 2
85 109 1
48 49 2
21 130 1
15 82 2
19 26 2
19 59 2
1 90 1
17 86 2
63 73 2
0 18 2
22 148 1
20 84 2
38 87 2
39 63 2
67 129 1
42 70 2
3 45 2
40 75 2
88 111 2
72 132 1
28 80 2
76 83 2
47 69 2
28 68 2
70 78 2
28 111 2
4 86 2
34 73 2
64 73 2
1 9 2
33 74 2
29 76 2
14 39 2
19 79 2
5 80 2
16 111 1
56 71 2
25 138 1
14 89 2
5 12 2
84 98 2
10 71 2
67 97 2
9 104 1
50 61 2
76 140 1
2 124 1
41 75 2
14 45 2
16 93 1
40 69 2
1 41 2
58 127 2
27 140 2
50 135 1
39 53 2
78 107 1
11 125 1
8 43 2
55 85 2
4 44 2
19 64 2
1 121 1
6 82 2
16 52 2
10 20 2
35 88 2
75 80 2
26 45 2
43 52 2
20 73 2
41 67 2
58 75 2
3 110 1
0 22 2
18 70 2
57 89 2
76 118 1
4 17 2
27 71 2
81 149 1
21 23 2
88 132 1
23 53 2
32 37 2
1 18 2
12 63 2
62 68 2
14 16 2
4 58 2
42 83 2
19 73 2
75 76 2
27 122 1
34 61 2
9 149 1
42 58 2
2 54 2
5 138 2
9 39 2
68 129 2
79 86 2
20 21 2
88 118 1
35 101 1
9 132 1
46 61 2
31 59 2
32 88 2
5 7 2
44 58 2
54 73 2
4 84 2
41 66 2
36 122 1
34 36 2
6 75 2
20 69 2
60 93 1
4 88 2
7 87 2
75 115 2
21 50 2
4 107 1
43 87 2
5 85 2
11 66 2
12 64 2
17 111 1
48 135 1
42 60 2
18 63 2
14 87 2
32 95 1
13 14 2
6 21 2
13 64 2
31 36 2
13 49 2
70 139 2
17 46 2
41 86 2
45 74 2
23 123 1
26 68 2
10 33 2
56 66 2
46 78 2
44 71 2
12 35 2
30 65 2
1 4 2
32 115 1
50 65 2
74 123 1
58 67 2
48 88 2
26 58 2
63 105 1
18 107 1
54 127 2
11 75 2
83 107 1
3 82 2
59 65 2
34 65 2
14 55 2
15 46 2
71 79 2
63 83 2
9 48 2
18 100 1
54 62 2
42 127 1
39 57 2
86 140 2
71 101 1
18 38 2
89 130 1
50 68 2
61 89 2
35 145 2
7 12 2
41 45 2
13 67 2
14 78 2
27 60 2
12 110 1
31 70 2
64 81 2
54 81 2
11 79 2
59 78 2
26 61 2
2 38 2
16 115 1
37 99 1
82 105 2
35 81 2
31 71 2
6 27 2
40 59 2
57 77 2
28 100 1
3 90 2
25 73 2
18 31 2
34 108 1
64 107 1
4 120 2
21 68 2
39 84 2
33 52 2
34 81 2
13 32 2
25 129 2
3 88 2
1 29 2
0 11 2
18 40 2
14 26 2
1 38 2
88 106 2
3 21 2
7 20 2
17 57 2
8 72 2
89 118 1
11 88 2
6 11 2
49 79 2
40 135 1
23 40 2
34 97 1
59 105 1
25 61 2
59 101 1
12 38 2
88 109 1
12 54 2
32 107 2
16 39 2
58 86 2
58 117 1
20 82 2
67 116 1
13 28 2
36 53 2
81 141 1
5 134 2
13 80 2
37 57 2
36 132 1
12 28 2
6 36 2
83 84 2
27 31 2
17 31 2
29 111 1
68 81 2
67 82 2
45 86 2
19 39 2
13 39 2
34 80 2
62 77 2
51 76 2
46 89 2
33 54 2
18 75 2
35 73 2
81 124 2
63 140 1
23 74 2
26 121 2
28 79 2
66 81 2
11 71 2
43 70 2
3 53 2
56 146 2
70 128 1
11 56 2
9 65 2
9 43 2
5 11 2
46 114 1
49 77 2
51 117 1
27 99 1
72 78 2
8 115 2
40 45 2
13 59 2
15 74 2
71 81 2
78 115 1
54 87 2
52 85 2
28 78 2
17 72 2
27 68 2
42 110 1
42 77 2
45 57 2
83 129 2
10 142 2
64 89 2
7 93 1
61 70 2
6 93 1
0 36 2
62 72 2
63 66 2
70 149 2
13 89 2
2 71 2
46 79 2
68 101 2
14 67 2
36 43 2
1 69 2
20 51 2
42 72 2
7 143 2
5 55 2
13 126 2
56 83 2
32 78 2
36 52 2
59 77 2
65 82 2
17 124 1
21 93 2
22 23 2
45 46 2
76 115 1
3 137 1
84 124 1
46 111 1
50 99 2
17 23 2
85 118 1
34 37 2
33 100 2
3 10 2
27 112 1
71 78 2
11 34 2
46 48 2
15 69 2
21 131 1
5 49 2
44 54 2
6 54 2
38 106 1
60 61 2
0 76 2
65 140 1
6 33 2
18 71 2
12 41 2
31 34 2
43 102 2
24 136 2
3 73 2
67 75 2
8 46 2
18 64 2
53 86 2
3 51 2
88 124 2
30 118 2
85 96 1
23 119 1
72 88 2
46 49 2
0 73 2
36 46 2
49 112 1
30 32 2
2 4 2
6 20 2
61 85 2
20 44 2
83 131 1
35 94 1
74 78 2
20 27 2
29 133 2
29 77 2
64 143 1
41 84 2
8 12 2
46 132 1
15 115 1
12 59 2
28 145 2
15 67 2
71 84 2
6 29 2
26 29 2
60 69 2
43 69 2
48 57 2
40 66 2
70 113 1
52 88 2
88 137 2
42 139 1
27 43 2
17 64 2
42 132 1
25 127 1
19 90 1
21 100 1
45 105 1
3 36 2
16 144 2
18 20 2
46 56 2
17 47 2
50 77 2
17 70 2
37 88 2
21 86 2
61 88 2
51 118 2
25 71 2
16 114 1
27 39 2
24 117 1
10 85 2
73 98 1
52 71 2
43 123 1
2 89 2
8 49 2
40 76 2
6 77 2
5 19 2
74 133 1
58 71 2
3 79 2
30 77 2
24 144 1
76 106 2
42 80 2
31 33 2
32 84 2
42 65 2
12 43 2
65 89 2
64 106 1
42 52 2
41 112 1
3 74 2
5 88 2
22 69 2
29 147 2
89 136 2
0 5 2
79 81 2
64 65 2
3 23 2
88 143 2
30 74 2
6 84 2
33 61 2
48 52 2
35 121 1
29 62 2
7 49 2
54 113 1
6 17 2
74 114 2
64 88 2
26 27 2
58 65 2
10 131 1
69 147 1
29 32 2
3 54 2
1 59 2
45 112 2
19 51 2
66 85 2
39 74 2
74 85 2
20 57 2
0 23 2
81 93 2
46 137 2
2 20 2
3 33 2
16 40 2
0 136 2
8 73 2
15 94 1
33 76 2
47 60 2
23 51 2
36 45 2
51 133 2
4 55 2
57 78 2
32 53 2
0 144 2
9 23 2
19 29 2
4 127 2
14 27 2
38 69 2
6 94 1
25 108 1
26 77 2
83 88 2
27 48 2
1 27 2
4 77 2
15 59 2
56 118 2
56 72 2
41 143 2
24 128 2
65 88 2
10 68 2
6 89 2
32 57 2
23 96 1
18 23 2
10 148 1
20 38 2
22 49 2
26 28 2
40 70 2
37 85 2
21 33 2
63 74 2
29 82 2
40 54 2
29 33 2
11 42 2
13 114 1
4 35 2
1 8 2
39 85 2
19 22 2
34 39 2
34 75 2
19 41 2
13 95 1
72 84 2
15 89 2
24 69 2
10 66 2
11 30 2
24 79 2
26 79 2
11 47 2
5 20 2
35 61 2
0 81 2
12 56 2
28 73 2
16 28 2
15 79 2
43 105 1
21 43 2
64 67 2
56 91 2
12 75 2
45 68 2
22 72 2
8 21 2
48 118 1
0 128 2
88 108 1
16 84 2
5 144 1
34 89 2
9 26 2
19 43 2
38 46 2
80 96 1
6 63 2
14 23 2
10 82 2
26 42 2
1 79 2
51 64 2
45 76 2
5 82 2
26 86 2
28 55 2
89 117 2
19 98 2
6 61 2
30 54 2
29 37 2
29 129 2
6 18 2
5 50 2
4 28 2
71 108 2
54 117 2
64 69 2
81 137 1
27 51 2
7 47 2
24 71 2
42 93 1
21 55 2
15 31 2
35 70 2
41 61 2
4 21 2
56 132 1
40 73 2
69 105 2
3 148 1
25 60 2
15 77 2
8 32 2
40 81 2
65 94 1
11 16 2
47 67 2
34 84 2
23 134 2
64 127 1
20 93 1
32 121 2
26 126 2
40 41 2
17 32 2
18 117 1
18 46 2
48 83 2
79 148 1
81 118 1
38 117 2
0 69 2
51 109 2
42 68 2
46 60 2
16 79 2
17 58 2
7 19 2
52 58 2
11 23 2
3 93 2
4 26 2
65 84 2
45 106 1
71 138 1
62 86 2
22 32 2
41 58 2
2 62 2
63 81 2
9 59 2
32 73 2
30 53 2
10 76 2
39 145 1
53 73 2
31 55 2
77 106 1
27 65 2
72 76 2
2 34 2
68 145 1
78 114 2
86 91 2
51 149 2
44 56 2
39 51 2
23 47 2
28 46 2
73 79 2
5 6 2
0 7 2
0 44 2
2 61 2
46 58 2
58 77 2
42 62 2
29 61 2
28 53 2
78 126 1
53 62 2
7 8 2
1 72 2
44 122 1
18 149 2
83 108 1
36 144 2
43 144 1
17 55 2
53 136 2
5 23 2
39 49 2
21 54 2
35 41 2
29 81 2
57 142 1
21 28 2
84 86 2
10 80 2
51 53 2
33 89 2
16 139 1
39 50 2
2 19 2
39 52 2
4 37 2
46 52 2
56 69 2
8 17 2
2 30 2
14 28 2
55 132 2
2 130 2
7 105 1
49 62 2
19 63 2
49 86 2
11 25 2
88 122 1
45 129 1
5 110 2
45 89 2
74 92 1
81 89 2
32 72 2
28 143 1
12 19 2
11 94 2
75 119 1
3 80 2
25 87 2
1 89 2
6 73 2
48 82 2
17 40 2
14 59 2
64 71 2
60 82 2
23 34 2
10 64 2
75 89 2
31 40 2
15 78 2
56 133 1
14 48 2
17 37 2
8 13 2
1 128 1
15 47 2
54 69 2
65 78 2
52 60 2
16 18 2
18 57 2
70 79 2
31 62 2
21 41 2
15 63 2
54 76 2
30 78 2
32 82 2
66 80 2
75 134 1
10 53 2
71 121 2
39 97 1
3 29 2
48 55 2
67 72 2
56 85 2
4 53 2
62 74 2
30 92 2
30 119 1
15 42 2
27 49 2
37 63 2
16 77 2
41 131 1
3 20 2
71 148 1
75 102 1
10 62 2
9 78 2
0 47 2
20 48 2
21 106 2
28 126 1
76 93 2
45 64 2
47 56 2
0 51 2
33 44 2
69 117 2
63 68 2
29 143 1
18 104 1
23 108 1
10 112 1
32 56 2
4 20 2
71 75 2
2 56 2
20 53 2
23 43 2
20 23 2
37 69 2
13 30 2
9 35 2
4 76 2
37 90 1
29 40 2
16 82 2
52 112 1
20 40 2
22 41 2
9 61 2
4 11 2
41 48 2
77 103 2
51 97 1
62 66 2
70 82 2
5 16 2
55 61 2
12 69 2
14 38 2
47 75 2
8 31 2
46 73 2
13 113 2
65 99 1
85 121 2
17 27 2
38 80 2
16 26 2
17 24 2
53 107 1
10 29 2
17 43 2
14 60 2
14 94 1
14 18 2
37 143 2
55 59 2
20 41 2
36 89 2
33 72 2
81 114 1
5 78 2
20 139 1
52 82 2
19 52 2
74 82 2
26 60 2
17 67 2
6 40 2
4 140 2
12 42 2
30 81 2
57 97 1
32 44 2
55 142 1
62 125 1
36 134 1
30 52 2
12 30 2
67 93 2
39 43 2
68 71 2
26 59 2
19 25 2
19 78 2
28 29 2
51 72 2
24 63 2
4 32 2
31 58 2
10 101 1
30 149 1
24 60 2
30 47 2
5 32 2
23 39 2
57 105 1
73 128 1
23 89 2
59 103 1
26 64 2
1 46 2
56 110 2
59 111 2
41 57 2
75 84 2
12 113 1
51 66 2
72 79 2
43 89 2
22 38 2
5 75 2
37 47 2
33 65 2
37 84 2
13 27 2
77 83 2
36 71 2
38 116 1
20 68 2
52 76 2
50 107 1
45 49 2
22 140 2
9 83 2
44 129 2
22 43 2
51 128 2
44 142 1
41 108 1
7 58 2
67 108 1
26 66 2
71 146 2
4 73 2
71 104 1
46 120 1
55 66 2
32 55 2
31 132 2
35 66 2
70 138 2
72 117 1
62 101 1
40 79 2
50 148 2
41 52 2
29 71 2
66 106 1
68 82 2
37 110 1
10 63 2
0 114 1
7 142 1
12 47 2
73 119 1
54 67 2
7 74 2
5 135 1
13 84 2
71 125 2
21 38 2
27 50 2
6 55 2
77 132 1
2 16 2
34 92 1
2 24 2
49 85 2
6 31 2
14 58 2
78 139 1
13 63 2
25 62 2
41 116 2
8 75 2
60 67 2
39 75 2
22 74 2
15 41 2
24 99 2
19 36 2
49 53 2
50 75 2
75 136 2
7 82 2
59 85 2
41 95 1
70 134 2
23 118 1
40 97 1
37 77 2
5 83 2
52 89 2
56 68 2
34 64 2
18 25 2
86 89 2
53 77 2
15 75 2
39 68 2
41 72 2
7 111 1
27 29 2
30 73 2
59 115 2
79 133 1
3 7 2
18 132 1
39 64 2
8 11 2
5 21 2
32 132 1
27 83 2
10 89 2
40 64 2
26 47 2
15 49 2
14 80 2
79 83 2
40 108 2
16 51 2
42 71 2
1 36 2
11 32 2
9 12 2
76 78 2
9 84 2
9 71 2
32 40 2
50 72 2
54 55 2
28 72 2
60 76 2
79 125 1
26 75 2
66 104 2
21 37 2
2 3 2
21 111 2
71 82 2
1 55 2
82 118 2
13 87 2
75 85 2
78 109 2
49 113 2
58 62 2
13 149 1
3 56 2
52 72 2
32 104 1
45 47 2
84 147 1
28 86 2
3 62 2
7 28 2
41 49 2
7 89 2
54 92 1
40 102 1
11 84 2
64 118 1
14 113 1
26 145 1
37 58 2
21 40 2
21 31 2
80 119 2
52 59 2
1 3 2
47 89 2
19 38 2
20 37 2
0 32 2
35 53 2
46 57 2
53 102 1
4 146 1
36 55 2
8 16 2
48 64 2
77 78 2
63 69 2
71 100 2
15 16 2
80 148 2
51 83 2
37 86 2
14 118 2
39 41 2
87 125 2
33 80 2
62 85 2
41 81 2
19 20 2
4 105 1
13 138 1
38 40 2
37 87 2
23 66 2
11 33 2
45 72 2
20 34 2
12 120 1
13 62 2
51 84 2
83 110 1
41 59 2
16 36 2
17 81 2
18 89 2
34 50 2
62 144 1
16 73 2
0 72 2
56 90 1
81 101 1
80 81 2
14 62 2
74 118 1
62 140 1
30 98 2
0 113 1
35 118 1
63 70 2
9 15 2
27 127 1
8 27 2
17 62 2
2 53 2
85 111 1
72 81 2
20 43 2
15 19 2
38 43 2
46 85 2
2 15 2
40 78 2
45 148 1
81 147 1
78 97 1
40 77 2
35 104 1
2 10 2
39 120 1
38 118 1
40 68 2
49 125 1
19 45 2
19 27 2
55 64 2
52 74 2
17 85 2
78 89 2
8 18 2
67 92 1
40 74 2
34 119 2
14 97 2
57 117 1
69 90 2
2 22 1
27 33 1
87 88 1
63 85 1
73 99 2
47 101 2
104 117 2
4 111 1
69 104 1
9 145 1
59 75 1
23 36 1
10 84 1
66 135 2
48 111 2
14 110 2
87 97 1
10 79 1
37 74 1
100 104 1
39 80 1
26 143 2
23 25 1
41 120 1
53 97 2
24 55 1
30 86 1
2 75 1
45 88 1
84 101 1
5 60 1
53 106 2
79 110 1
41 93 2
22 28 1
48 132 1
32 48 1
20 85 1
7 52 1
23 133 2
73 106 2
38 90 2
27 34 1
18 44 1
25 119 2
93 143 2
8 45 1
100 132 1
18 134 1
2 35 1
82 134 1
22 112 2
22 68 1
8 145 2
93 121 1
63 93 1
54 134 1
