% n=120 p=33 d=0.33 p_blue=0.66
% k=0
30 43 1
4 78 2
9 64 2
6 33 2
30 90 2
13 83 2
27 29 2
2 27 2
12 25 2
3 10 2
36 45 1
20 83 2
2 12 2
34 108 2
13 116 2
20 39 2
30 34 2
22 29 2
0 56 2
0 2 2
28 45 2
22 34 2
12 77 2
33 66 2
14 75 2
28 82 1
9 38 2
17 24 2
8 29 2
26 41 1
12 52 2
12 19 2
23 60 2
12 68 2
29 39 2
21 22 2
12 32 2
15 74 1
1 91 2
7 22 2
38 72 2
20 36 2
4 72 2
12 54 2
19 39 2
32 93 2
14 31 2
24 107 2
11 25 2
0 50 2
12 29 2
28 105 1
15 89 2
29 49 2
26 30 2
16 36 2
9 15 2
9 102 2
29 78 2
26 34 2
11 103 2
25 107 1
31 33 2
3 66 1
28 115 1
15 34 2
17 31 2
25 68 2
11 30 2
19 47 2
0 19 2
37 72 2
1 102 2
6 88 2
28 83 2
0 83 2
4 24 2
14 17 2
7 31 2
35 71 2
32 112 2
25 76 2
21 54 1
15 20 2
12 23 2
1 13 2
36 37 2
37 91 1
12 47 2
31 32 2
24 65 2
21 117 2
0 51 2
3 15 2
29 76 2
5 62 1
3 97 1
12 22 2
35 95 2
18 35 2
7 116 1
10 71 2
16 49 2
5 12 2
29 45 2
32 49 2
16 102 1
20 106 1
28 109 2
11 72 2
12 61 2
33 103 2
0 97 1
1 30 2
23 35 2
4 17 2
14 23 2
5 37 2
30 39 2
11 34 2
7 81 1
30 107 2
13 36 2
10 23 2
23 25 2
20 29 2
10 15 2
22 27 2
4 118 1
28 99 2
8 13 2
12 33 2
6 22 2
6 116 2
8 28 2
33 104 1
9 81 1
35 91 1
39 104 2
38 56 2
1 25 2
3 30 2
1 90 1
20 68 2
5 48 1
5 33 2
7 76 2
33 46 2
23 79 2
9 24 2
2 71 2
3 81 2
38 66 2
6 32 2
31 66 2
4 61 2
13 34 2
27 86 2
16 91 2
21 93 1
21 80 2
31 76 2
33 85 2
24 59 2
8 17 2
0 85 2
29 31 2
23 24 2
5 41 2
37 103 2
20 52 2
12 69 2
17 29 2
33 36 2
19 51 2
4 51 1
34 56 1
19 64 1
37 112 2
24 31 2
26 70 2
14 29 2
37 100 2
24 74 1
17 22 2
4 39 2
14 22 2
31 91 2
18 100 1
18 71 2
14 58 2
16 31 2
3 67 2
5 69 2
8 31 2
25 58 2
22 86 2
28 114 2
1 11 2
4 14 2
9 12 2
20 34 2
11 17 2
35 59 2
18 52 2
34 97 2
9 35 2
35 60 1
7 26 2
34 82 1
6 38 2
28 90 1
5 91 2
27 34 2
12 64 1
36 100 1
0 99 1
31 38 2
2 14 2
23 109 2
21 36 2
29 34 2
11 31 2
7 17 2
25 31 2
35 39 2
2 68 2
26 93 1
1 28 2
25 85 2
17 34 2
22 88 2
20 31 2
18 92 1
20 111 2
13 55 2
23 32 2
26 102 2
8 111 1
28 64 2
11 50 2
1 24 2
9 27 2
27 78 2
15 28 2
16 114 2
8 98 2
14 73 1
29 32 2
19 43 1
2 17 2
26 111 2
3 96 2
10 11 2
33 37 2
28 29 2
20 113 1
22 113 2
5 79 2
25 45 1
18 32 2
1 36 2
5 34 2
0 1 2
9 106 2
19 29 2
22 98 2
10 27 2
13 14 2
8 34 2
11 74 2
18 94 1
15 60 1
17 28 2
12 15 2
32 38 2
4 93 1
6 9 2
39 56 2
10 12 2
3 76 2
24 25 2
16 33 2
21 116 2
2 19 2
1 75 2
38 62 1
0 6 2
25 36 2
34 63 2
22 36 2
23 69 2
32 35 2
16 39 2
15 22 2
3 71 1
3 5 2
15 118 2
2 83 2
34 70 1
18 23 2
8 60 2
28 116 1
8 37 2
5 38 2
27 94 2
8 59 2
22 41 2
19 31 2
27 96 2
18 57 1
0 76 2
23 51 2
35 36 2
26 117 2
0 114 1
26 32 2
19 70 1
16 35 2
0 27 2
5 74 2
18 93 2
4 35 2
19 41 2
1 117 2
22 31 2
2 53 1
36 112 2
3 36 2
0 33 2
14 114 2
12 46 2
22 69 2
2 85 2
6 29 2
16 119 2
3 89 1
29 69 2
0 71 2
16 88 2
13 81 2
13 96 2
28 108 1
10 24 2
21 55 1
8 108 2
19 33 2
9 93 1
16 32 2
2 113 1
19 22 2
17 94 2
39 52 2
14 101 2
32 82 1
34 93 1
15 85 2
11 60 2
20 35 2
33 115 1
25 47 1
1 93 2
1 18 2
9 36 2
32 83 1
11 89 2
2 60 2
12 38 2
2 16 2
18 106 2
7 100 2
9 101 2
8 38 2
22 92 2
21 64 2
39 112 2
38 106 2
3 8 2
5 43 2
1 27 2
24 36 2
13 51 2
6 12 2
0 79 1
0 31 2
26 90 2
26 62 2
0 92 1
3 23 2
36 59 1
11 16 2
28 52 2
12 114 2
5 89 2
14 24 2
18 108 1
22 71 2
3 74 1
10 39 2
6 30 2
8 43 1
8 85 2
5 98 1
9 13 2
6 18 2
3 115 2
19 20 2
8 118 2
14 49 1
27 68 2
17 32 2
13 104 2
16 52 1
36 109 1
0 115 1
14 19 2
25 28 2
25 44 2
29 93 2
10 26 2
36 115 2
26 36 2
32 60 2
8 106 2
2 35 2
1 14 2
32 96 2
6 14 2
7 101 2
15 101 1
23 41 2
26 28 2
29 54 2
31 107 2
7 109 2
1 86 2
26 29 2
4 18 2
34 115 2
39 46 2
19 49 2
12 17 2
32 39 2
7 8 2
19 50 2
24 39 2
13 24 2
16 28 2
38 59 2
36 94 1
37 87 1
13 43 1
26 37 2
8 30 2
7 28 2
21 114 2
27 114 2
6 62 2
13 49 2
0 72 2
5 21 2
37 54 2
19 106 2
35 61 2
0 117 2
3 114 1
0 26 2
2 10 2
4 37 2
9 42 2
24 85 2
5 113 2
12 21 2
20 50 2
0 11 2
33 38 2
15 35 2
22 103 1
12 13 2
29 112 2
1 37 2
2 4 2
10 14 2
22 55 1
9 55 2
10 60 2
25 29 2
18 19 2
15 31 2
16 20 2
9 31 2
10 25 2
2 37 2
13 71 2
14 74 2
39 69 2
5 25 2
25 35 2
26 43 2
3 7 2
2 47 2
15 50 2
31 39 2
23 29 2
4 28 2
14 80 1
2 6 2
10 42 2
14 95 2
39 59 1
37 90 2
35 94 1
3 45 1
35 37 2
2 31 2
14 83 2
9 118 2
16 19 2
18 36 2
21 70 2
0 38 2
14 81 2
19 37 2
34 62 2
22 65 1
3 90 2
5 49 1
37 76 1
0 18 2
4 90 2
15 24 2
0 62 2
24 97 2
8 33 2
37 44 2
32 99 2
15 92 2
23 28 2
31 34 2
26 91 2
29 30 2
33 50 2
5 22 2
10 63 1
1 62 2
29 51 1
35 62 2
29 60 1
17 60 2
1 7 2
1 72 1
3 16 2
24 116 2
1 31 2
5 16 2
21 30 2
21 47 1
24 64 2
29 113 2
2 80 1
26 100 2
19 27 2
8 11 2
2 84 2
30 36 2
4 13 2
8 103 2
27 36 2
9 14 2
14 102 1
11 20 2
4 108 1
39 102 2
1 67 2
5 18 2
25 94 2
7 30 2
29 63 2
13 40 2
31 80 2
25 97 2
4 19 2
1 12 2
30 78 2
39 83 2
20 40 1
28 31 2
21 33 2
38 65 2
19 36 2
2 15 2
38 110 2
1 16 2
19 38 2
2 111 2
17 18 2
8 16 2
38 42 2
16 18 2
7 37 2
16 100 1
14 69 2
15 78 1
29 59 1
4 40 2
6 19 2
0 16 2
4 33 2
25 86 2
25 106 1
23 36 2
22 35 2
25 43 1
5 35 2
3 33 2
1 9 2
20 85 1
24 43 2
25 84 2
30 115 2
8 49 2
8 84 1
5 57 1
18 38 2
30 61 2
33 87 1
22 82 2
34 76 2
25 82 2
9 25 2
26 115 1
11 37 2
4 63 2
1 80 2
36 108 2
7 10 2
17 91 2
5 101 2
38 78 2
4 32 2
10 77 1
13 19 2
36 43 1
30 37 2
7 33 2
13 37 2
9 89 1
7 24 2
27 31 2
10 38 2
9 94 2
31 70 2
6 65 1
10 34 2
0 34 2
1 107 1
9 16 2
30 65 2
36 93 2
28 92 2
2 73 1
14 25 2
15 25 2
15 81 1
7 39 2
26 49 1
2 28 2
9 114 1
7 78 2
7 36 2
0 24 2
5 65 1
12 79 2
37 115 2
13 107 2
14 113 2
2 57 2
0 28 2
8 21 2
3 31 2
0 22 2
13 68 2
6 15 2
29 65 2
23 99 2
17 30 2
20 38 2
1 21 2
23 56 2
20 74 1
22 78 2
39 113 2
22 32 2
26 84 1
26 99 2
30 47 2
6 117 2
35 97 2
6 37 2
8 18 2
6 105 1
20 26 2
29 96 1
11 84 2
8 110 1
29 101 1
9 32 2
7 27 2
3 61 2
10 37 2
15 47 2
11 23 2
6 51 1
14 21 2
11 21 2
34 36 2
32 119 1
28 68 1
22 101 2
33 35 2
13 23 2
26 27 2
39 100 2
14 30 2
35 109 2
5 10 2
0 8 2
9 30 2
34 119 2
6 74 1
2 116 2
10 76 2
15 23 2
13 35 2
0 17 2
31 41 2
13 27 2
0 12 2
6 24 2
29 84 2
39 61 2
18 54 2
5 15 2
4 46 2
20 37 2
25 33 2
8 24 2
4 69 2
6 36 2
30 55 2
30 81 1
4 12 2
1 57 2
15 37 2
10 22 2
6 21 2
20 82 2
16 24 2
4 26 2
3 14 2
18 20 2
16 99 2
25 38 2
33 70 2
9 22 2
20 23 2
6 35 2
19 93 2
30 72 2
2 54 2
7 13 2
15 103 2
27 30 2
7 21 2
36 39 2
19 104 1
4 21 2
15 17 2
29 105 2
19 21 2
37 52 2
10 20 2
16 30 2
7 9 2
36 62 2
21 77 1
20 56 2
12 34 2
23 38 2
6 34 2
3 9 2
21 29 2
12 43 1
7 29 2
13 21 2
18 60 1
19 83 1
29 36 2
18 111 2
26 85 2
36 103 1
7 34 2
12 36 2
6 97 1
10 13 2
32 34 2
11 26 2
4 31 2
14 88 1
27 33 2
29 92 2
39 51 1
13 74 1
19 24 2
19 28 2
6 28 2
11 76 1
31 112 1
6 13 2
5 75 2
6 111 2
22 38 2
15 90 2
9 19 2
16 118 2
10 28 2
4 6 2
27 101 1
7 19 2
35 80 2
1 40 2
27 41 2
17 35 2
27 28 2
16 27 2
13 16 2
11 13 2
32 109 2
21 90 2
14 27 2
19 25 2
21 119 1
28 57 2
8 36 2
6 87 1
20 48 2
13 22 2
6 23 2
9 76 2
32 33 2
17 33 2
32 69 2
33 82 2
19 110 1
10 112 1
2 26 2
36 88 2
5 14 2
20 28 2
4 5 2
33 106 1
1 34 2
37 111 2
9 17 2
3 70 2
28 84 2
17 21 2
36 51 2
31 100 2
4 57 2
36 52 2
5 11 2
16 23 2
8 10 2
16 101 2
4 7 2
8 70 2
27 97 2
3 17 2
11 55 2
24 26 2
3 40 2
10 17 2
14 36 2
16 63 2
7 41 2
10 16 2
23 31 2
12 76 2
29 56 1
16 95 1
23 34 2
7 35 2
17 23 2
23 27 2
26 118 2
20 44 2
7 20 2
5 52 2
33 109 1
21 111 1
36 38 2
19 108 2
20 24 2
17 97 1
29 116 2
2 18 2
24 68 1
5 19 2
9 39 2
10 92 2
39 71 2
15 21 2
1 55 2
28 66 2
26 92 1
5 29 2
29 66 2
30 111 1
38 103 2
25 103 2
33 111 1
24 111 1
2 38 2
15 19 2
29 46 1
2 8 2
27 48 2
35 116 1
0 14 2
10 32 2
2 23 2
25 34 2
10 31 2
21 34 2
21 81 2
26 31 2
35 43 1
26 75 2
7 51 2
17 76 2
31 68 1
26 35 2
23 58 2
31 118 2
26 38 2
17 37 2
2 11 2
11 14 2
4 77 1
20 54 1
13 112 2
23 105 2
22 40 1
28 58 2
38 73 2
6 41 2
15 58 2
8 79 1
12 27 2
13 119 2
3 34 2
19 57 2
21 25 2
39 50 2
37 63 2
26 40 2
5 70 1
24 106 2
27 115 1
20 66 2
14 62 2
5 50 2
30 31 2
14 38 2
23 40 1
28 33 2
30 91 2
10 21 2
2 112 2
37 39 2
17 119 1
1 26 2
0 25 2
6 10 2
23 97 2
28 34 2
16 59 1
14 110 1
31 85 2
8 67 2
6 75 1
21 28 2
34 38 2
22 80 1
10 59 2
5 46 2
7 95 1
29 94 1
23 67 1
15 109 2
14 42 1
6 69 2
22 30 2
30 63 1
2 30 2
0 5 2
19 66 1
1 6 2
18 39 2
2 72 1
35 57 1
14 39 2
16 37 2
8 14 2
11 77 2
14 35 2
6 53 1
8 15 2
18 46 2
1 29 2
13 31 2
30 92 1
22 75 1
8 12 2
15 33 2
4 16 2
14 61 1
3 25 2
27 35 2
32 67 1
8 73 2
26 39 2
21 37 2
11 33 2
38 63 1
9 53 2
16 78 1
17 20 2
4 8 2
5 110 2
11 109 2
28 75 2
33 39 2
6 39 2
17 71 1
3 12 2
20 72 2
33 34 2
10 40 2
7 23 2
1 77 1
24 29 2
22 72 2
9 20 2
13 32 2
12 94 2
1 39 2
17 36 2
15 26 2
28 76 2
28 37 2
15 29 2
4 74 1
5 85 2
14 47 1
18 41 2
19 35 2
35 85 2
34 96 2
13 41 2
8 19 2
26 95 2
33 54 2
4 102 1
20 57 2
17 55 2
11 28 2
28 38 2
0 110 2
4 107 2
18 30 2
33 68 2
13 26 2
0 7 2
18 56 1
8 93 2
19 63 2
27 90 2
39 103 2
32 50 1
31 114 2
21 24 2
6 57 2
13 33 2
17 38 2
7 11 2
26 69 2
1 112 2
20 45 1
12 24 2
11 32 2
5 80 2
38 54 2
1 5 2
3 58 1
18 53 1
2 77 2
2 36 2
27 32 2
14 26 2
11 96 1
24 62 1
23 78 1
30 35 2
14 87 2
13 20 2
10 18 2
16 77 2
15 36 2
7 25 2
37 77 2
28 101 2
25 119 2
33 52 2
0 41 1
15 115 1
36 64 2
3 18 2
12 30 2
32 64 1
21 44 2
10 33 2
13 25 2
13 38 2
17 47 2
29 33 2
11 36 2
22 90 1
11 59 1
17 26 2
36 81 1
32 91 2
0 109 1
35 38 2
35 74 1
39 62 2
23 63 2
24 108 2
18 24 2
37 117 2
32 55 1
21 26 2
6 8 2
8 82 2
16 65 2
35 58 2
14 16 2
9 117 1
26 78 2
3 77 2
10 75 1
0 4 2
37 106 1
7 14 2
26 33 2
9 107 2
21 113 1
28 56 2
7 58 2
9 37 2
8 32 2
35 79 2
29 98 2
37 38 2
5 20 2
5 45 1
26 94 2
21 27 2
20 33 2
29 64 2
2 13 2
11 62 2
22 119 2
2 24 2
21 58 2
28 111 2
7 115 2
37 75 1
38 50 2
3 104 2
0 32 2
22 114 1
4 58 2
10 19 2
2 39 2
18 31 2
11 35 2
6 61 2
31 86 2
10 94 2
25 55 2
17 44 2
13 78 2
8 68 2
17 92 2
3 32 2
14 119 1
7 105 2
39 64 2
7 86 2
10 72 2
30 67 2
8 88 2
32 78 1
4 10 2
2 7 2
23 30 2
3 101 2
2 82 2
31 106 2
28 48 2
38 104 2
22 60 1
34 102 2
15 32 2
19 112 2
14 32 2
16 21 2
15 43 1
1 17 2
31 35 2
27 88 1
33 78 2
8 91 1
7 40 1
4 81 2
4 84 2
17 19 2
1 53 1
22 26 2
28 32 2
17 90 2
8 100 2
13 17 2
23 37 2
14 18 2
1 22 2
18 82 2
29 44 1
3 35 2
7 38 2
7 104 2
5 24 2
20 30 2
25 32 2
36 48 2
1 20 2
24 104 2
14 28 2
18 26 2
32 56 2
36 105 2
9 28 2
10 98 2
24 35 2
3 59 2
17 27 2
21 73 2
3 78 2
4 22 2
14 33 2
18 33 2
21 31 2
12 83 2
16 50 2
25 26 2
8 41 2
0 29 2
13 53 1
38 81 1
6 103 2
24 113 2
13 39 2
4 29 2
1 41 2
11 15 2
22 89 2
5 9 2
15 38 2
18 49 1
1 23 2
16 57 2
37 93 1
18 25 2
22 73 2
31 101 2
22 74 1
20 21 2
11 29 2
36 119 2
22 116 1
21 38 2
19 115 2
5 39 2
14 63 2
17 43 1
18 21 2
16 47 1
35 104 2
2 101 1
26 119 2
2 21 2
18 34 2
22 93 2
13 109 1
12 35 2
0 9 2
17 63 2
14 94 2
7 107 1
30 38 2
24 102 2
19 32 2
0 30 2
2 5 2
32 37 2
3 38 2
0 15 2
2 9 2
3 24 2
24 76 1
16 17 2
1 110 1
18 107 1
32 44 2
11 86 1
20 76 1
10 88 1
15 107 2
21 59 2
25 27 2
17 39 2
4 9 2
33 96 2
35 54 2
21 46 2
27 62 2
29 110 2
6 112 1
1 8 2
7 72 2
13 15 2
8 35 2
14 20 2
1 32 2
39 78 2
31 113 2
8 9 2
22 107 2
1 2 2
29 72 2
18 87 1
20 88 1
33 80 2
7 18 2
20 103 2
1 19 2
16 25 2
11 98 2
4 27 2
37 68 2
14 15 2
29 77 2
29 38 2
2 22 2
21 32 2
0 39 2
7 75 1
3 28 2
14 37 2
23 100 1
16 76 2
11 107 1
21 115 2
31 51 2
1 73 2
13 18 2
10 47 1
27 37 2
38 87 1
22 39 2
17 46 2
0 88 2
7 94 1
9 115 2
7 42 2
12 115 2
22 28 2
28 104 2
3 11 2
22 47 1
15 27 2
26 53 2
25 37 2
1 33 2
18 22 2
29 48 2
19 52 2
12 66 1
2 25 2
23 26 2
12 18 2
20 32 2
3 46 2
5 7 2
27 104 1
26 82 2
26 105 2
3 55 2
10 35 2
28 35 2
28 36 2
8 27 2
21 85 2
18 66 1
29 108 2
6 54 2
30 99 2
36 87 2
29 87 2
5 26 2
2 3 2
25 30 2
1 56 2
18 73 1
3 21 2
34 118 1
7 60 1
9 23 2
23 73 2
34 37 2
9 74 1
7 85 2
26 54 2
1 38 2
33 97 2
15 113 2
30 94 2
32 36 2
0 87 2
25 72 2
19 26 2
26 80 2
25 89 2
3 39 2
39 40 1
32 107 1
26 89 2
6 81 2
35 72 2
13 29 2
22 76 2
11 93 2
20 67 1
36 56 2
37 60 2
20 27 2
38 67 2
3 13 2
12 109 2
0 64 2
22 58 1
20 43 2
39 106 1
15 61 2
38 39 2
9 10 2
22 25 2
21 92 2
35 113 2
2 34 2
30 96 1
32 108 1
21 35 2
5 47 2
31 117 2
1 4 2
5 31 2
8 39 2
37 56 2
0 74 2
10 30 2
7 93 2
21 66 2
29 97 2
37 69 2
26 60 2
6 16 2
0 104 1
6 20 2
22 37 2
13 28 2
9 21 2
34 69 2
17 101 2
20 25 2
7 32 2
15 39 2
2 33 2
2 20 2
24 37 2
6 7 2
24 34 2
34 105 2
10 66 2
18 29 2
17 61 1
21 87 1
16 83 2
16 29 2
6 17 2
34 46 2
14 48 2
19 98 2
31 59 1
21 101 1
19 99 2
4 20 2
20 118 2
39 55 1
11 18 2
16 84 1
3 26 2
16 26 2
8 87 2
14 111 1
4 23 2
10 36 2
9 84 1
5 27 2
20 51 1
34 39 2
9 69 2
17 75 2
30 60 2
13 70 2
35 84 1
10 116 1
37 55 1
31 75 2
6 11 2
17 68 2
3 57 1
38 105 1
27 105 1
11 39 2
6 98 2
12 28 2
8 23 2
32 90 2
7 15 2
4 25 2
8 57 1
37 101 2
18 98 1
6 26 2
0 60 1
7 68 2
14 109 2
6 31 2
0 20 2
2 107 2
28 30 2
39 75 1
1 54 1
32 92 2
5 36 2
11 24 2
26 88 1
11 19 2
7 16 2
17 115 2
23 52 2
17 25 2
34 51 1
24 28 2
9 29 2
29 50 2
3 4 2
33 76 2
38 49 2
19 34 2
0 23 2
22 24 2
16 22 2
7 52 2
5 51 2
35 88 2
39 105 2
0 37 2
4 34 2
8 101 2
29 102 2
0 10 2
14 67 1
5 17 2
11 87 2
15 18 2
19 23 2
1 47 1
8 26 2
35 46 1
9 95 2
34 43 2
22 33 2
3 37 2
5 81 2
12 16 2
37 104 2
3 112 2
23 112 2
37 57 2
32 102 2
34 35 2
14 72 2
3 6 2
1 10 2
39 109 1
24 33 2
7 89 2
31 37 2
29 103 2
10 62 1
0 93 1
4 114 2
37 79 2
4 11 2
8 25 2
25 100 1
4 30 2
14 117 2
36 44 2
12 14 2
9 11 2
31 67 1
21 23 2
28 93 1
9 34 2
1 15 2
28 53 1
16 115 1
11 40 1
0 13 2
30 49 1
16 68 2
4 38 2
29 109 2
11 12 2
10 87 2
24 38 2
23 44 1
32 116 2
29 90 1
20 41 1
9 33 2
16 34 2
13 50 2
35 106 1
23 48 1
1 76 1
18 37 2
0 67 2
3 22 2
5 13 2
9 90 2
10 29 2
12 74 2
5 32 2
27 52 2
23 33 2
27 39 2
11 85 1
1 104 2
39 111 1
3 118 2
11 53 2
32 85 1
12 39 2
9 78 1
1 35 2
5 6 2
12 98 1
25 49 1
12 84 2
21 39 2
33 119 1
5 23 2
18 72 1
3 19 2
15 16 2
27 111 1
0 21 2
0 36 2
10 91 2
0 35 2
35 82 1
19 86 2
9 103 1
11 108 2
6 102 2
9 75 1
24 32 2
21 99 2
7 88 1
18 67 1
3 20 2
27 75 1
19 67 2
38 108 2
38 77 2
3 82 2
15 117 1
24 55 1
23 81 2
11 52 1
9 26 2
4 36 2
5 108 2
14 112 1
9 105 1
5 28 2
8 22 2
36 50 1
29 35 2
35 65 2
27 72 1
30 54 1
0 112 2
19 105 1
3 72 1
5 82 1
9 18 2
7 114 2
10 114 2
5 103 2
28 39 2
14 65 2
12 119 2
18 101 1
18 89 1
1 3 2
15 99 2
29 37 2
18 48 2
4 15 2
6 25 2
12 37 2
7 12 2
8 107 1
30 68 2
6 47 2
31 64 1
6 27 2
2 59 2
9 50 2
19 30 2
32 95 2
20 81 1
16 40 2
4 66 1
3 51 1
22 87 2
32 76 1
12 20 2
19 89 1
0 89 2
8 20 2
28 44 2
11 82 2
2 66 2
11 97 2
11 38 2
13 103 2
12 31 2
20 22 2
39 60 1
21 88 2
4 97 1
30 32 2
7 53 1
19 77 2
9 59 2
24 73 2
22 52 2
43 71 2
11 27 1
18 27 1
6 55 1
5 8 1
15 91 2
15 41 1
72 75 1
3 29 1
25 41 1
2 56 1
10 55 2
23 39 1
25 39 1
18 28 1
16 74 2
24 30 1
12 41 2
3 27 1
16 38 1
22 23 1
12 26 1
43 78 1
74 91 1
38 60 1
34 75 2
30 41 2
34 45 1
0 45 1
2 32 1
14 43 2
17 108 2
28 60 2
72 83 2
71 74 2
13 30 1
12 108 2
11 22 1
