% n=100 p=33 d=0.66 p_blue=0.33
% k=0
11 62 1
4 83 2
22 84 2
26 89 1
2 65 1
13 89 2
21 92 1
26 48 1
21 85 1
14 19 2
30 74 1
2 53 1
14 17 2
17 92 2
31 92 1
3 41 1
6 47 2
14 98 2
23 28 2
28 63 2
22 70 1
27 55 1
2 81 1
2 64 1
13 94 1
31 97 1
13 49 2
24 98 1
18 60 2
8 43 2
12 15 2
3 23 2
23 97 2
23 77 1
25 53 2
26 93 1
19 54 2
18 50 1
1 13 2
20 87 1
31 71 1
14 43 1
12 46 1
11 25 2
24 48 2
26 62 1
25 98 2
19 58 2
1 61 1
12 33 1
24 77 1
5 19 2
4 5 2
19 93 2
20 41 1
25 26 2
30 54 1
1 31 2
13 50 1
11 34 2
3 6 2
10 50 1
31 34 1
8 32 2
4 78 1
21 51 1
6 63 2
11 43 1
20 76 1
21 37 1
16 29 2
8 51 1
11 91 1
26 46 1
30 73 1
9 83 1
14 46 1
25 93 1
0 27 2
9 11 2
30 91 1
21 57 1
2 7 2
20 64 1
9 32 2
10 31 2
29 56 1
20 56 2
27 40 2
25 61 1
5 89 1
1 79 2
3 81 2
30 89 1
28 39 1
19 47 1
16 98 1
31 58 1
29 48 2
0 12 2
29 74 2
2 69 1
2 41 1
7 74 1
4 67 1
18 61 2
15 59 2
27 35 1
1 50 1
25 68 1
28 99 1
19 23 2
17 27 2
22 66 1
6 54 1
12 30 2
29 88 2
24 45 1
12 79 1
27 73 2
3 28 2
27 67 1
16 18 2
7 75 1
13 98 1
6 28 2
7 88 2
24 94 1
31 75 1
27 96 1
0 35 2
8 80 2
23 70 1
24 74 2
5 44 1
4 24 2
4 6 2
10 66 1
9 27 2
22 83 1
10 12 2
2 87 1
22 31 2
23 99 2
7 54 1
7 95 2
26 42 1
22 40 1
13 28 2
31 78 1
13 88 1
0 71 1
9 72 2
24 84 2
13 41 1
25 38 1
3 96 2
7 36 1
11 82 1
15 55 1
14 57 1
4 59 2
12 72 1
2 23 2
8 85 2
29 75 1
17 25 2
2 32 2
9 28 2
3 12 2
10 81 1
10 29 2
8 90 1
7 17 2
9 99 1
23 46 1
0 59 1
16 61 1
2 20 2
12 39 1
7 41 2
24 46 1
28 43 2
12 25 2
1 73 1
1 57 1
26 61 1
17 72 1
6 41 2
8 22 2
4 41 1
1 62 1
22 80 1
7 40 1
10 95 1
1 76 1
20 77 1
13 70 2
3 49 2
22 71 2
21 34 2
10 51 2
20 82 2
13 93 1
21 24 2
15 94 1
5 32 2
12 70 2
21 27 2
20 26 2
23 67 1
8 81 2
16 94 1
2 84 1
12 62 1
19 27 2
18 73 1
16 69 1
3 91 1
22 38 1
4 92 1
0 92 1
25 55 1
11 15 2
7 67 2
8 17 2
9 15 2
1 70 1
11 30 2
2 4 2
7 62 2
24 44 1
10 86 1
10 38 2
9 34 1
27 68 1
23 59 1
19 77 1
11 16 2
7 59 1
3 83 1
28 69 1
30 48 1
14 47 1
3 42 2
6 13 2
14 77 2
25 60 2
2 85 2
12 94 2
6 31 2
1 98 1
30 36 1
25 85 1
24 71 1
20 97 1
16 39 1
21 41 2
4 16 2
22 69 2
31 69 1
14 50 2
4 58 1
4 36 1
3 20 2
14 60 1
6 76 1
23 89 2
6 24 2
24 63 2
27 79 1
29 71 1
12 47 1
30 33 1
19 62 1
5 94 2
6 93 1
30 76 2
9 13 2
10 63 1
25 42 2
24 25 2
5 22 2
25 77 2
19 97 1
29 59 1
19 59 2
16 54 1
0 49 1
20 86 1
22 76 1
2 30 2
8 16 2
14 95 1
18 98 1
3 22 2
28 66 2
8 57 2
3 54 2
13 40 1
8 76 2
14 30 2
0 24 2
17 47 2
2 52 1
29 81 2
32 38 1
24 56 1
29 49 1
17 59 1
7 32 2
23 85 2
27 44 1
16 95 1
19 73 1
25 43 2
13 63 2
23 62 1
6 77 1
24 53 1
9 58 2
27 81 1
2 35 2
10 26 2
17 31 2
29 92 1
12 95 2
9 75 1
14 58 2
32 86 1
20 95 1
21 82 1
14 20 2
12 21 2
19 72 1
25 31 2
14 21 2
21 25 2
5 14 2
19 86 1
15 31 2
10 97 1
5 9 2
9 37 2
22 93 1
3 7 2
29 72 1
4 93 1
27 77 2
24 51 1
4 60 1
19 82 1
20 67 2
15 89 1
6 46 2
20 99 1
1 99 1
21 32 2
9 76 1
1 67 1
6 12 2
19 22 2
12 77 1
30 97 1
28 64 2
7 39 2
31 46 2
9 89 1
26 37 2
12 66 1
2 50 1
24 89 2
12 20 2
13 25 2
28 87 2
17 28 2
7 64 1
12 82 1
7 31 2
28 55 1
17 68 1
21 43 1
3 74 1
8 29 2
19 90 1
0 85 1
7 19 2
20 68 1
9 45 2
13 31 2
4 13 2
22 41 1
0 16 2
8 30 2
3 10 2
19 37 2
18 26 2
14 16 2
2 74 1
28 30 2
11 81 1
7 27 2
1 92 1
15 67 1
10 64 2
17 88 1
22 29 2
28 37 2
20 89 1
9 20 2
21 81 1
7 56 2
0 1 2
28 61 2
3 39 1
26 49 2
18 55 2
8 18 2
22 23 2
1 69 2
14 82 1
4 64 1
4 17 2
29 58 1
26 27 2
30 62 1
20 96 2
19 53 1
30 31 2
22 92 1
16 41 2
27 51 1
20 71 1
26 88 1
0 29 2
3 66 1
4 48 1
17 24 2
7 18 2
13 83 2
2 14 2
4 69 1
22 39 2
30 34 1
0 61 1
29 32 2
24 79 1
20 63 2
6 33 1
14 87 2
5 66 1
32 62 2
13 20 2
24 26 2
21 79 1
5 11 2
21 28 2
3 77 1
11 89 1
2 9 2
17 55 2
32 79 2
26 75 1
10 49 1
13 15 2
12 74 2
21 95 1
16 91 1
0 46 1
18 86 1
10 75 1
8 52 2
12 75 1
23 94 2
8 13 2
21 42 2
7 90 1
15 66 1
18 93 1
27 87 2
9 10 2
1 16 2
8 25 2
0 99 1
28 97 1
3 97 1
7 81 2
23 84 1
30 45 2
11 40 1
22 49 1
7 30 2
0 86 1
30 87 2
29 73 2
15 26 2
1 66 1
29 51 1
11 27 2
18 69 1
3 13 2
17 86 1
9 24 2
29 52 2
29 69 2
16 30 2
17 21 2
24 54 2
24 34 1
24 90 2
6 8 2
18 70 1
14 45 2
30 99 1
24 96 1
22 43 1
2 10 2
1 29 2
1 27 2
2 33 1
1 2 2
17 38 1
10 61 1
23 30 2
10 18 2
11 38 1
12 69 1
27 95 2
8 24 2
12 48 2
1 72 2
9 40 1
13 59 2
25 32 2
27 91 2
6 10 2
11 71 1
21 60 2
25 69 1
22 57 1
18 85 1
32 53 1
2 90 2
1 5 2
24 30 2
1 9 2
19 36 2
26 96 1
8 60 2
5 29 2
1 4 2
2 80 2
14 83 2
15 24 2
13 82 1
17 69 1
4 9 2
5 61 1
13 46 1
3 34 1
16 36 1
29 87 1
14 59 1
26 60 1
0 37 1
23 93 1
7 96 2
12 50 2
16 28 2
6 17 2
26 72 2
1 48 2
2 16 2
1 14 2
0 22 2
7 34 1
32 96 2
3 5 2
23 41 1
18 64 1
30 35 1
0 11 2
31 48 1
22 37 1
1 65 1
24 93 1
25 99 1
6 18 2
22 98 1
4 42 2
19 74 2
18 23 2
29 94 1
26 67 1
19 20 2
28 78 2
14 72 1
27 49 2
6 98 1
1 95 1
7 49 1
2 18 2
0 40 1
2 67 1
8 9 2
32 36 2
23 92 1
8 31 2
16 82 1
15 76 2
11 47 1
0 44 1
17 80 1
8 45 1
30 52 1
0 67 1
13 21 2
31 40 1
20 34 1
28 59 1
20 27 2
28 71 1
27 66 1
19 89 1
4 20 2
3 75 1
28 33 2
3 26 2
12 67 2
12 44 1
2 31 2
17 46 1
0 45 2
16 27 2
31 44 1
12 38 2
10 24 2
9 51 2
20 37 2
25 62 2
0 75 1
14 33 1
7 9 2
11 21 2
11 26 2
15 25 2
23 72 1
12 29 2
7 26 2
26 51 1
8 46 1
14 22 2
10 54 1
4 95 2
6 94 1
10 93 1
21 47 1
10 14 2
7 25 2
12 19 2
13 92 2
8 75 2
14 85 1
27 97 1
9 22 2
9 47 1
22 35 1
12 60 1
23 32 2
15 43 1
18 20 2
10 65 1
13 65 2
22 67 2
21 84 1
31 98 1
26 59 1
25 66 1
29 68 1
2 28 2
10 16 2
29 41 1
16 68 1
25 59 1
11 35 2
18 71 1
19 21 2
13 79 1
19 91 1
7 66 1
30 77 1
23 74 1
27 61 1
3 37 1
29 55 2
2 42 2
7 63 1
20 47 2
8 53 2
4 30 2
10 46 1
20 90 2
28 80 1
7 87 2
25 50 1
27 52 1
21 61 1
7 79 1
6 14 2
0 19 2
25 54 1
5 27 2
23 75 1
31 61 1
27 98 2
6 27 2
15 82 2
5 88 2
5 33 1
9 65 1
10 80 2
24 64 1
2 19 2
15 71 2
19 69 2
8 54 1
8 91 2
19 50 1
0 42 1
0 77 1
9 78 1
2 17 2
9 92 2
15 96 1
10 17 2
16 63 2
3 70 1
16 26 2
8 49 2
1 33 1
10 89 1
6 7 2
12 92 1
9 61 1
11 64 2
4 74 1
6 58 2
23 56 2
4 79 1
8 33 1
21 78 1
12 63 1
11 20 2
4 62 1
29 97 2
1 43 1
11 31 2
1 52 1
16 19 2
5 91 1
19 34 1
16 49 1
30 61 2
2 55 1
14 23 2
16 21 2
7 98 1
4 90 2
16 74 1
22 46 2
8 72 2
30 93 1
8 12 2
6 84 2
22 32 2
7 47 2
16 73 1
11 75 2
3 19 2
11 87 1
6 99 1
12 73 1
27 60 1
18 52 1
1 36 2
4 96 1
5 95 1
16 78 2
23 76 1
28 83 1
1 71 1
21 52 2
21 31 2
26 92 1
2 40 1
10 41 1
2 11 2
24 33 2
21 58 2
25 67 2
13 80 1
9 82 1
17 32 2
8 35 1
26 52 2
0 55 2
8 79 1
18 30 2
13 54 2
1 91 1
7 84 1
7 68 1
5 70 1
3 59 1
3 11 2
17 29 2
5 24 2
15 77 1
5 12 2
9 81 1
30 67 1
25 83 1
22 54 2
18 44 1
32 57 1
15 62 1
4 66 1
0 65 2
1 86 2
13 16 2
14 48 2
1 22 2
17 48 2
10 32 2
26 53 1
24 95 1
28 89 1
14 96 1
7 45 1
6 15 2
17 26 2
29 67 1
32 93 1
0 17 2
10 88 1
27 76 2
13 29 2
6 40 1
17 83 1
6 11 2
25 79 2
20 24 2
21 71 2
1 82 1
12 71 1
5 76 1
11 90 1
3 68 1
13 24 2
28 45 2
11 61 2
15 83 2
31 37 1
10 96 2
20 52 2
14 28 2
9 84 2
27 32 2
26 40 1
30 72 1
6 96 1
18 90 2
14 74 1
19 94 2
7 15 2
29 78 1
7 35 1
29 93 1
10 91 2
28 86 1
3 18 2
4 80 1
4 31 2
15 73 1
2 48 1
18 34 2
18 56 1
25 81 1
11 77 1
16 59 1
9 54 1
27 63 1
11 52 1
19 48 1
18 21 2
20 21 2
7 65 1
0 20 2
8 27 2
18 77 2
3 65 2
3 24 2
6 50 2
24 27 2
4 63 1
32 50 2
3 25 2
7 24 2
11 93 1
9 29 2
26 79 2
8 36 2
18 42 2
14 18 2
22 63 1
0 43 1
4 47 1
6 85 1
9 71 1
15 19 2
17 35 2
17 30 2
4 72 2
12 54 1
14 92 2
2 39 2
18 35 1
4 52 1
3 61 1
28 81 1
20 29 2
15 93 1
20 39 1
5 49 1
31 62 1
1 25 2
3 8 2
29 96 2
14 55 1
4 87 1
0 14 2
8 14 2
28 31 2
16 51 1
20 32 2
7 53 1
14 39 1
5 13 2
16 45 1
16 66 1
3 98 2
2 12 2
2 27 2
3 45 1
6 21 2
20 23 2
4 7 2
12 59 1
4 45 1
23 52 2
12 40 2
4 28 2
8 23 2
18 74 1
19 63 1
6 20 2
1 20 2
23 35 2
3 92 2
10 42 1
2 94 1
11 39 1
14 26 2
24 43 1
19 32 2
31 89 1
21 29 2
13 73 1
13 69 1
32 56 1
32 58 1
10 92 1
11 79 1
22 73 1
1 21 2
32 66 1
6 34 1
25 74 1
1 11 2
2 49 1
3 38 1
25 58 1
4 29 2
18 22 2
0 31 2
23 47 2
22 28 2
20 79 1
4 19 2
28 36 1
30 92 1
32 87 2
31 82 1
2 37 1
20 42 2
9 67 1
30 47 2
32 64 1
15 37 1
0 48 1
14 94 1
1 88 1
21 22 2
0 38 1
10 67 1
20 66 1
5 93 1
6 70 1
9 19 2
14 93 1
28 53 1
14 24 2
2 43 2
9 73 1
16 90 1
21 94 1
27 39 2
26 35 1
8 73 1
27 30 2
0 78 1
4 54 2
3 14 2
12 27 2
23 39 2
19 66 1
5 86 1
11 55 2
9 12 2
13 18 2
2 5 2
9 18 2
25 56 1
7 77 1
2 83 1
4 18 2
25 97 2
6 59 2
1 55 1
10 52 2
8 44 2
16 24 2
4 27 2
15 51 1
26 38 1
0 69 2
14 29 2
29 98 1
10 94 1
10 19 2
11 51 2
15 53 1
19 33 1
20 35 1
4 76 2
2 22 2
5 37 2
1 81 1
7 14 2
17 64 2
17 66 1
30 95 2
8 82 1
19 45 1
31 42 1
28 88 1
9 44 1
14 68 1
0 58 1
9 33 1
0 36 1
2 68 1
11 13 2
28 41 1
15 38 2
5 6 2
16 76 1
10 55 1
10 36 1
25 48 2
16 37 1
0 57 1
8 62 1
2 91 1
16 38 1
26 95 1
7 13 2
1 3 2
5 48 1
19 46 2
27 75 1
13 86 1
30 50 2
24 83 1
31 79 1
0 28 2
6 79 1
0 2 2
13 97 1
9 17 2
18 68 2
23 31 2
28 54 2
19 26 2
16 31 2
18 41 2
32 72 1
6 22 2
4 32 2
6 9 2
15 91 2
4 43 2
14 27 2
27 74 1
12 45 1
23 54 1
5 71 1
2 8 2
27 50 1
3 99 2
15 97 2
25 71 1
21 66 2
11 73 1
7 10 2
19 31 2
26 83 1
31 33 1
18 88 2
32 70 1
27 31 2
15 42 1
31 93 1
18 49 1
5 26 2
8 11 2
26 32 2
21 88 2
2 21 2
25 88 1
9 63 1
16 35 1
24 31 2
6 87 1
26 58 2
32 71 1
5 34 1
11 14 2
31 54 1
0 15 2
17 37 2
22 78 1
14 40 1
0 52 1
29 91 1
32 94 2
7 80 1
1 47 2
5 84 1
22 24 2
20 69 1
1 53 2
17 99 1
3 40 1
27 56 1
20 55 1
18 99 2
23 90 1
1 28 2
19 85 2
8 21 2
6 32 2
15 98 1
10 35 2
16 85 1
10 30 2
7 28 2
21 73 1
4 55 2
1 34 1
9 23 2
25 78 1
6 25 2
0 7 2
24 29 2
8 64 2
0 68 1
29 46 1
3 89 1
9 90 1
27 85 1
32 97 1
13 27 2
5 92 1
22 75 1
32 54 1
19 67 1
10 56 1
10 90 2
20 58 1
18 66 2
23 45 2
15 48 1
17 40 1
7 78 2
27 82 1
29 84 1
16 42 1
18 63 1
17 34 1
11 83 1
22 55 1
0 76 1
13 67 2
26 34 1
28 50 1
9 38 1
4 10 2
13 87 1
2 15 2
1 18 2
3 29 2
8 48 1
14 71 1
18 32 2
22 30 2
25 96 1
3 53 1
13 35 2
1 35 1
22 25 2
1 41 2
1 30 2
27 57 2
11 86 2
23 57 1
1 26 2
26 55 2
21 44 1
4 11 2
18 89 1
21 98 2
7 85 1
13 78 1
23 34 1
9 69 1
9 98 2
7 44 1
10 33 2
2 29 2
8 92 1
25 89 1
29 61 1
6 81 1
18 36 1
6 16 2
3 67 1
2 98 1
12 65 2
9 59 1
17 23 2
16 67 1
25 34 1
15 61 1
10 71 1
30 90 1
7 50 1
10 23 2
32 68 1
9 60 2
14 97 2
15 20 2
26 86 1
17 93 2
28 29 2
30 88 1
12 37 1
15 95 2
25 63 1
2 82 1
27 94 2
26 56 1
28 65 1
22 27 2
19 25 2
32 63 1
6 80 1
28 70 2
4 14 2
22 26 2
5 74 1
32 69 2
0 98 1
10 99 1
19 70 1
27 72 2
15 32 2
26 91 1
23 73 2
3 63 1
22 60 1
24 91 2
19 43 1
18 27 2
26 99 1
15 85 1
13 56 2
25 72 1
5 25 2
19 92 1
7 82 1
29 36 1
7 83 2
26 47 1
29 45 1
16 53 1
32 43 1
15 60 2
8 37 1
5 96 2
2 88 1
8 41 1
18 28 2
1 44 2
18 43 1
5 20 2
5 28 2
2 44 2
5 69 2
20 22 2
1 19 2
28 79 1
9 48 1
5 10 2
22 44 2
5 53 2
20 28 2
24 32 2
31 64 1
16 56 2
1 94 1
23 83 1
19 95 1
31 84 1
7 58 2
8 89 1
18 81 1
15 28 2
12 84 1
2 3 2
15 18 2
32 95 1
31 63 1
21 65 1
8 40 1
31 95 1
10 13 2
15 56 2
13 19 2
19 41 1
11 63 1
27 71 1
13 74 2
9 14 2
27 86 2
4 15 2
12 41 2
0 54 1
21 75 2
26 66 1
12 14 2
30 78 1
3 69 1
9 30 2
0 21 2
27 42 1
18 94 1
17 41 1
31 74 2
12 32 2
3 47 1
16 75 2
18 40 2
4 86 1
9 49 1
7 11 2
11 50 1
4 33 1
7 16 2
19 76 2
14 34 1
5 85 1
7 70 1
10 98 2
4 21 2
23 49 1
25 41 2
27 59 1
27 88 1
16 23 2
5 43 1
15 64 2
15 16 2
4 99 2
32 46 1
5 60 1
26 28 2
4 61 1
24 28 2
22 87 2
8 68 1
6 45 1
3 44 1
21 68 1
17 90 1
11 12 2
13 64 1
13 48 2
20 92 2
23 86 1
1 17 2
15 34 2
0 53 1
1 51 1
31 81 2
17 77 1
1 89 2
11 85 1
5 18 2
17 63 1
12 34 1
11 19 2
0 18 2
0 93 1
18 92 1
25 52 1
32 98 1
10 37 2
0 90 1
14 42 1
24 97 1
12 58 2
32 34 1
1 60 1
5 51 1
17 50 1
23 27 2
15 49 1
23 48 2
17 53 1
32 39 2
12 97 2
3 84 1
9 74 2
21 53 2
1 8 2
18 54 1
28 77 2
21 90 1
1 77 1
17 18 2
27 78 1
13 81 1
9 43 1
20 83 1
21 26 2
29 66 1
18 25 2
28 75 1
24 82 2
0 66 1
11 41 1
20 31 2
9 31 2
32 74 1
24 85 1
4 85 1
3 32 2
14 76 1
0 26 2
5 30 2
18 82 2
0 9 2
23 98 1
31 87 1
31 57 2
31 47 2
9 21 2
18 53 1
13 42 1
6 89 1
6 67 1
30 43 1
9 97 1
9 25 2
6 51 2
7 73 1
2 99 2
8 10 2
18 76 1
20 93 1
3 30 2
3 21 2
14 65 1
1 54 1
31 53 1
11 72 1
5 40 2
32 48 2
29 30 2
0 25 2
17 54 2
23 24 2
24 61 2
0 10 2
32 76 1
11 17 2
16 55 1
26 41 1
15 27 2
15 99 1
3 60 2
11 92 2
3 88 1
6 91 1
3 4 2
12 17 2
13 85 1
0 91 2
10 22 2
1 68 2
12 23 2
5 31 2
29 37 1
12 22 2
0 4 2
10 15 2
4 94 1
11 58 2
0 6 2
13 32 2
22 85 2
13 14 2
2 45 1
16 57 1
24 88 1
1 64 1
1 63 2
28 32 2
5 16 2
7 60 2
25 28 2
16 22 2
26 85 1
5 73 1
11 97 2
11 22 2
23 55 2
8 59 1
20 85 1
13 22 2
26 31 2
24 55 1
9 91 2
8 26 2
4 57 1
17 91 1
21 80 1
16 25 2
10 48 2
20 91 1
4 8 2
0 5 2
24 72 1
21 33 1
16 34 1
7 71 2
26 57 1
18 29 2
2 56 2
15 75 2
27 99 2
24 80 1
4 25 2
9 16 2
2 13 2
3 9 2
9 57 1
11 48 2
14 69 1
27 53 1
24 70 1
5 80 1
7 8 2
12 91 2
20 44 1
0 89 1
4 91 1
31 49 2
25 80 2
20 84 1
26 45 2
21 83 1
9 36 1
1 6 2
6 42 2
11 18 2
13 61 2
0 3 2
8 55 2
28 46 2
27 33 2
11 24 2
18 24 2
14 78 2
22 65 2
4 23 2
31 85 1
8 94 1
5 38 1
19 30 2
10 44 1
6 26 2
24 40 1
23 80 2
11 23 2
22 58 2
18 31 2
19 56 1
8 28 2
11 74 1
16 44 2
28 42 1
23 63 1
3 86 1
23 81 1
4 22 2
16 46 1
10 68 1
22 45 2
12 18 2
0 51 1
4 51 1
14 89 1
20 88 1
25 30 2
15 29 2
12 90 1
32 78 1
11 28 2
7 20 2
5 75 1
24 41 1
21 64 2
29 86 1
2 36 1
26 78 1
16 60 1
18 80 1
2 26 2
23 26 2
23 37 1
30 63 2
4 35 1
9 66 1
13 75 2
7 12 2
32 75 1
11 46 1
5 8 2
28 34 2
7 48 2
19 28 2
2 78 1
21 30 2
32 42 2
8 63 2
22 94 2
14 38 1
30 32 2
0 13 2
16 83 1
14 73 1
25 82 1
15 22 2
28 91 2
32 55 2
18 47 1
0 33 2
30 98 1
11 32 2
17 44 1
3 78 2
5 63 1
22 89 1
4 56 1
7 29 2
6 82 2
13 23 2
9 46 1
4 81 1
21 76 2
13 43 1
20 80 1
14 81 2
27 29 2
15 92 1
5 77 2
9 56 1
0 83 2
20 62 2
13 30 2
5 54 2
8 20 2
5 23 2
10 11 2
25 73 2
32 37 1
25 33 1
3 16 2
13 76 2
19 40 2
24 50 2
25 44 1
2 6 2
1 96 2
7 69 1
2 38 1
14 25 2
25 29 2
18 84 1
15 58 1
30 41 1
12 16 2
2 51 1
14 70 1
4 38 2
3 79 1
1 87 1
18 51 1
4 53 1
28 72 2
16 32 2
13 17 2
5 55 1
13 52 1
29 77 2
1 15 2
17 82 2
4 97 2
9 70 1
18 57 1
14 86 2
31 77 2
7 61 1
3 15 2
0 34 2
22 81 2
29 65 1
29 40 1
8 50 1
14 84 1
22 88 2
24 78 1
20 38 1
9 39 1
30 51 1
3 17 2
10 85 1
27 62 1
2 70 1
12 13 2
29 83 1
23 61 1
7 89 1
14 63 1
6 57 1
26 30 2
15 79 1
22 99 1
19 99 1
15 21 2
16 86 1
2 63 1
30 81 2
1 32 2
6 29 2
7 93 1
21 49 1
3 58 2
3 87 1
21 69 1
23 33 1
24 62 1
7 23 2
16 64 1
6 36 1
6 38 2
16 17 2
6 43 1
24 58 1
31 39 1
9 62 2
5 21 2
21 70 1
19 49 2
10 70 1
23 43 2
19 35 2
7 22 2
23 44 1
29 85 2
24 49 1
16 92 2
17 19 2
11 70 1
9 26 2
21 72 1
5 15 2
10 76 1
24 37 2
23 53 1
23 25 2
24 59 1
7 43 1
1 39 1
8 71 2
24 57 1
1 12 2
1 58 1
19 24 2
31 59 1
18 59 1
6 90 1
28 67 1
28 57 1
16 97 1
26 98 1
13 26 2
22 90 2
30 37 1
11 95 1
24 39 1
5 47 2
24 47 1
14 66 1
0 30 2
31 72 1
11 56 2
19 29 2
17 20 2
18 19 2
19 81 1
24 67 1
27 70 2
5 97 1
17 60 1
4 50 1
29 39 1
7 21 2
14 51 1
13 77 1
23 95 1
12 80 1
18 46 1
10 27 2
18 37 1
16 62 1
6 64 1
19 60 1
11 36 1
11 42 1
25 36 1
2 25 2
31 32 2
9 95 1
20 30 2
30 85 1
4 98 1
15 88 1
30 59 1
31 55 1
23 65 2
17 94 1
1 23 2
6 23 2
8 86 2
15 23 2
5 45 1
5 17 2
27 36 1
2 24 2
15 36 2
6 30 2
32 45 2
22 52 1
21 74 1
12 28 2
28 60 2
26 29 2
14 31 2
10 28 2
0 62 1
0 72 1
6 35 1
3 52 1
6 19 2
0 32 2
27 54 1
16 20 2
17 51 2
3 73 1
0 50 2
10 25 2
8 39 2
25 51 1
10 21 2
15 30 2
10 79 1
20 57 1
17 22 2
3 57 1
8 96 2
30 56 2
14 37 1
0 8 2
9 80 1
27 28 2
25 27 2
10 40 2
5 41 1
23 29 2
2 59 2
4 46 2
30 42 2
12 26 2
29 31 2
15 57 2
26 81 1
30 79 2
12 24 2
12 78 1
0 23 2
14 91 2
14 75 1
22 36 1
18 67 1
5 57 1
4 12 2
17 75 2
24 73 1
7 52 1
15 65 2
10 20 1
3 31 1
1 7 1
50 83 2
84 87 2
12 83 1
1 24 1
22 50 2
50 74 2
55 60 1
62 65 1
8 15 1
20 25 1
3 27 1
20 74 1
2 47 1
12 89 2
4 26 1
14 32 1
