% n=190 p=60 d=0.33 p_blue=0.66
% k=0
86 128 2
27 124 2
14 54 2
81 106 2
94 189 2
70 187 1
72 179 1
23 177 2
68 96 2
109 136 2
6 76 2
84 123 1
15 63 2
38 51 2
23 183 2
71 105 2
10 42 2
13 59 2
40 68 2
74 81 2
3 109 2
97 112 2
5 148 1
68 94 2
53 112 2
58 142 2
33 68 2
2 172 2
42 91 2
66 100 2
47 96 2
78 114 2
79 87 2
21 25 2
78 124 1
49 96 2
66 92 2
99 142 1
26 110 2
19 64 2
29 144 2
19 98 2
20 69 2
31 32 2
0 179 2
35 59 2
49 73 2
67 92 2
71 141 2
50 152 2
15 116 1
95 163 1
14 33 2
22 111 2
72 156 2
57 118 1
90 91 2
62 88 2
100 156 1
20 51 2
1 69 2
77 153 1
67 96 2
70 106 2
10 64 2
78 108 2
75 135 1
9 46 2
17 79 2
30 93 2
68 183 2
82 149 2
83 161 2
91 92 2
84 102 2
29 63 2
54 184 2
112 179 1
14 175 1
0 33 2
72 145 1
19 26 2
24 28 2
37 146 2
42 156 2
34 108 2
5 20 2
53 103 2
8 113 2
49 66 2
43 77 2
84 104 2
30 117 1
19 48 2
44 65 2
37 112 2
99 104 2
96 157 2
51 104 2
92 110 2
103 169 2
20 109 2
59 94 2
40 118 2
75 141 1
101 131 1
89 139 2
80 102 2
21 108 2
80 86 2
83 171 2
3 102 2
5 63 2
5 104 2
36 43 2
14 46 2
81 96 2
107 160 2
21 167 1
77 108 2
8 51 2
60 166 1
39 101 2
47 178 1
101 104 2
89 138 1
75 102 2
38 100 2
28 87 2
76 102 2
84 170 2
39 54 2
0 2 2
8 91 2
11 74 2
5 15 2
21 27 2
6 31 2
41 57 2
44 47 2
7 160 2
15 162 2
67 146 1
66 117 1
50 141 2
0 47 2
4 77 2
39 91 2
50 110 2
42 47 2
33 43 2
84 95 2
62 65 2
10 53 2
70 102 2
63 102 2
63 78 2
74 116 1
53 140 1
22 106 2
1 25 2
46 112 2
83 185 2
15 44 2
13 138 2
14 45 2
3 11 2
97 141 1
58 134 2
77 79 2
71 107 2
19 60 2
98 157 2
38 65 2
32 58 2
0 140 2
52 105 2
17 99 2
99 144 1
79 94 2
57 135 1
18 133 2
16 119 2
64 78 2
55 110 2
25 75 2
14 58 2
76 77 2
46 180 1
78 102 2
7 88 2
4 52 2
51 172 2
60 79 2
67 95 2
70 93 2
26 63 2
32 102 2
37 54 2
30 182 2
22 64 2
16 96 2
14 141 1
72 112 2
34 46 2
58 86 2
37 65 2
23 35 2
7 36 2
2 45 2
29 39 2
84 159 2
12 61 2
78 97 2
47 126 1
54 94 2
7 62 2
52 60 2
34 88 2
89 164 2
4 71 2
8 150 1
24 48 2
1 42 2
78 109 2
99 110 2
20 54 2
42 75 2
20 112 2
62 106 2
52 165 2
21 130 1
6 12 2
99 117 2
100 118 2
15 175 2
93 156 2
72 102 2
17 23 2
2 37 2
3 13 2
94 161 1
54 89 2
43 71 2
51 65 2
14 22 2
18 80 2
47 68 2
17 52 2
59 91 2
37 76 2
23 64 2
65 171 1
45 116 2
53 94 2
9 14 2
108 151 1
11 68 2
63 112 2
18 35 2
46 67 2
78 87 2
22 65 2
33 49 2
45 75 2
10 94 2
18 24 2
100 188 2
104 166 2
46 108 2
7 179 2
40 167 1
69 170 2
64 75 2
32 68 2
63 74 2
19 76 2
21 56 2
21 55 2
55 87 2
65 164 2
39 43 2
9 39 2
27 49 2
14 93 2
61 96 2
69 141 2
77 107 2
14 61 2
28 184 2
46 105 2
37 141 2
64 143 1
48 62 2
10 79 2
12 24 2
49 119 2
60 148 1
21 34 2
48 129 1
14 77 2
13 53 2
16 47 2
19 77 2
60 95 2
50 97 2
74 85 2
10 22 2
59 66 2
18 47 2
0 81 2
54 177 2
86 124 2
106 107 2
21 45 2
35 175 2
31 189 2
36 50 2
12 42 2
9 101 2
50 60 2
8 79 2
41 53 2
75 82 2
7 17 2
12 94 2
10 92 2
111 163 1
6 68 2
34 184 2
33 185 2
22 51 2
37 127 2
66 96 2
51 107 2
2 50 2
7 56 2
69 80 2
53 66 2
26 94 2
8 100 2
50 167 2
39 119 1
9 49 2
32 124 1
74 106 2
7 85 2
59 110 2
9 105 2
50 52 2
71 155 1
14 108 2
16 183 1
108 109 2
52 73 2
15 99 2
44 164 1
36 55 2
53 136 2
30 126 1
42 108 2
48 57 2
105 133 2
95 189 2
11 113 2
83 147 1
93 139 2
21 79 2
47 65 2
24 30 2
10 12 2
72 125 2
68 100 2
107 144 2
25 111 2
22 23 2
28 50 2
12 90 2
10 75 2
69 70 2
67 89 2
56 108 2
63 81 2
44 74 2
6 10 2
44 87 2
52 116 2
84 127 2
28 76 2
48 76 2
16 56 2
64 87 2
30 107 2
36 81 2
44 57 2
89 95 2
53 55 2
25 43 2
31 99 2
61 110 2
18 36 2
38 99 2
6 98 2
15 85 2
5 93 2
42 46 2
62 71 2
36 58 2
80 103 2
40 93 2
38 101 2
10 111 2
39 132 1
16 154 2
15 113 2
3 83 2
8 165 1
13 26 2
63 64 2
43 69 2
106 135 2
91 119 2
73 92 2
59 69 2
3 107 2
50 92 2
82 108 2
1 19 2
110 160 2
35 61 2
71 160 1
93 103 2
27 50 2
57 63 2
108 161 2
3 111 2
49 78 2
0 60 2
103 108 2
16 112 2
108 164 1
22 86 2
21 178 1
61 64 2
80 147 2
8 72 2
107 132 2
11 59 2
83 111 2
106 155 2
15 129 2
89 105 2
2 70 2
1 130 2
41 87 2
57 78 2
25 128 2
6 32 2
3 16 2
112 140 2
57 170 2
11 25 2
8 82 2
99 112 2
83 159 1
68 95 2
8 178 2
51 90 2
70 100 2
19 85 2
28 56 2
22 63 2
16 41 2
14 43 2
36 120 1
74 98 2
43 130 2
28 36 2
71 161 2
0 106 2
8 68 2
6 99 2
25 37 2
13 135 1
28 120 2
60 62 2
87 128 2
91 121 2
111 178 2
20 85 2
54 86 2
102 189 1
58 81 2
44 100 2
31 98 2
52 84 2
58 116 1
67 77 2
45 86 2
5 6 2
28 149 2
41 137 1
23 32 2
110 112 2
48 51 2
19 66 2
5 18 2
60 92 2
74 75 2
48 163 2
81 89 2
0 97 2
7 41 2
65 176 2
13 44 2
24 94 2
2 83 2
0 70 2
95 109 2
39 90 2
68 87 2
63 99 2
11 111 2
20 92 2
63 82 2
15 104 2
54 104 2
39 81 2
6 22 2
79 157 2
2 58 2
76 92 2
11 69 2
16 99 2
51 52 2
58 135 1
54 158 2
11 156 2
67 76 2
30 55 2
21 156 2
29 30 2
6 71 2
3 91 2
30 60 2
27 174 1
28 64 2
65 114 1
11 87 2
81 119 1
54 105 2
20 98 2
70 157 2
35 113 2
33 94 2
5 112 2
83 186 2
32 38 2
22 130 2
25 95 2
77 162 2
0 85 2
54 163 1
45 79 2
102 112 2
48 118 1
7 42 2
10 108 2
90 109 2
4 112 2
8 47 2
27 59 2
47 85 2
47 52 2
0 108 2
14 35 2
6 64 2
58 109 2
7 11 2
33 112 2
26 139 2
20 131 2
42 81 2
105 176 2
38 68 2
18 111 2
1 37 2
52 106 2
25 166 2
1 109 2
58 126 2
42 66 2
33 160 2
75 103 2
100 166 1
32 33 2
2 82 2
54 65 2
34 107 2
30 96 2
6 7 2
61 62 2
24 157 2
54 109 2
2 54 2
33 173 2
85 100 2
43 135 2
87 139 1
34 59 2
22 162 2
82 112 2
62 64 2
108 183 2
79 103 2
96 112 2
56 67 2
18 32 2
27 75 2
18 189 2
40 103 2
26 50 2
45 80 2
70 144 1
24 36 2
21 84 2
16 26 2
0 27 2
40 151 1
48 60 2
68 99 2
38 117 2
23 108 2
67 105 2
32 54 2
58 70 2
72 95 2
19 116 2
13 47 2
18 61 2
61 184 1
55 92 2
9 152 2
96 161 2
9 45 2
3 80 2
20 22 2
49 183 1
11 55 2
80 107 2
50 106 2
2 79 2
43 72 2
100 129 1
6 188 2
37 46 2
36 52 2
54 154 1
100 157 2
0 12 2
79 111 2
10 45 2
34 35 2
0 100 2
70 84 2
98 189 1
8 64 2
62 101 2
32 90 2
35 64 2
53 89 2
22 47 2
14 20 2
72 106 2
34 68 2
27 101 2
60 76 2
38 80 2
1 11 2
23 86 2
31 45 2
63 88 2
38 74 2
81 157 2
87 93 2
2 99 2
54 80 2
76 165 2
70 77 2
33 97 2
20 30 2
11 22 2
43 164 2
81 98 2
64 108 2
63 95 2
41 51 2
11 45 2
15 79 2
31 109 2
37 68 2
47 159 1
36 74 2
59 74 2
66 74 2
39 82 2
18 55 2
41 121 2
1 44 2
22 110 2
83 94 2
60 77 2
106 129 2
81 104 2
82 113 2
42 86 2
36 83 2
27 99 2
55 187 2
52 72 2
67 161 1
58 65 2
18 112 2
36 98 2
53 148 1
104 159 2
95 112 2
88 108 2
104 109 2
72 91 2
88 107 2
59 106 2
57 97 2
69 84 2
52 58 2
24 112 2
38 94 2
33 174 2
27 31 2
82 142 1
77 98 2
38 39 2
71 186 2
12 44 2
74 101 2
37 98 2
66 99 2
17 50 2
22 89 2
70 91 2
33 108 2
31 77 2
18 33 2
12 52 2
20 175 1
76 79 2
95 145 2
93 104 2
32 104 2
15 111 2
31 131 1
66 104 2
5 19 2
12 95 2
21 111 2
15 155 2
33 184 1
77 155 1
38 62 2
9 58 2
12 33 2
62 116 2
98 105 2
50 59 2
7 61 2
41 158 1
9 179 2
6 69 2
3 119 1
25 74 2
78 89 2
10 41 2
86 98 2
30 99 2
90 102 2
30 111 2
35 53 2
14 18 2
13 76 2
110 145 1
46 57 2
50 82 2
50 57 2
38 40 2
34 94 2
37 102 2
32 92 2
81 99 2
16 21 2
0 73 2
62 82 2
10 151 1
39 105 2
94 124 1
25 31 2
0 163 2
44 105 2
40 60 2
16 106 2
71 108 2
46 82 2
62 163 1
17 104 2
6 49 2
0 21 2
52 109 2
13 70 2
24 33 2
60 98 2
9 97 2
7 8 2
17 54 2
45 96 2
41 69 2
84 180 1
80 134 2
110 178 1
71 138 1
36 79 2
23 143 2
68 154 1
47 97 2
44 107 2
76 149 1
52 76 2
6 13 2
113 152 2
43 75 2
75 185 2
59 112 2
85 140 1
57 95 2
60 125 2
84 177 1
90 159 2
6 50 2
3 97 2
5 17 2
17 72 2
23 76 2
68 139 2
76 103 2
1 79 2
82 93 2
107 158 2
85 89 2
17 102 2
16 170 2
100 147 2
14 184 2
88 104 2
42 107 2
100 137 1
2 139 2
48 90 2
39 113 2
31 60 2
32 55 2
34 58 2
14 186 2
82 100 2
27 44 2
29 40 2
69 74 2
33 45 2
29 185 2
20 26 2
11 172 1
39 145 1
66 122 2
64 124 2
44 81 2
76 88 2
27 68 2
20 64 2
5 147 2
1 45 2
41 46 2
33 117 2
18 96 2
62 79 2
13 111 2
20 87 2
2 48 2
2 92 2
44 75 2
57 113 2
34 92 2
32 103 2
19 108 2
7 34 2
55 67 2
57 85 2
93 105 2
49 63 2
22 59 2
60 90 2
82 99 2
63 104 2
3 55 2
111 112 2
75 160 2
13 20 2
35 80 2
36 110 2
45 78 2
28 106 2
55 113 2
88 130 2
107 123 2
98 174 1
37 104 2
22 68 2
93 101 2
13 45 2
94 128 2
80 188 2
21 60 2
28 94 2
6 87 2
48 55 2
39 50 2
4 136 2
80 105 2
19 139 2
68 140 2
32 167 2
40 162 2
73 89 2
8 107 2
27 87 2
14 74 2
39 183 2
50 68 2
91 109 2
53 78 2
17 139 1
6 91 2
59 81 2
67 82 2
1 95 2
24 45 2
67 98 2
38 168 2
24 65 2
12 28 2
19 89 2
46 63 2
13 170 1
96 132 2
46 101 2
91 183 2
109 125 2
3 144 1
17 55 2
32 87 2
17 22 2
32 83 2
61 78 2
100 180 1
34 168 2
65 113 2
20 36 2
88 167 2
29 34 2
82 95 2
61 93 2
9 15 2
38 136 2
89 124 2
1 98 2
23 51 2
46 64 2
78 85 2
7 44 2
20 25 2
2 138 2
11 142 2
71 119 2
49 155 2
37 130 2
34 86 2
82 155 2
57 68 2
19 147 1
69 90 2
17 111 2
88 120 1
85 113 2
56 104 2
40 47 2
12 60 2
56 125 1
14 27 2
40 187 1
14 71 2
25 84 2
24 27 2
4 61 2
100 165 1
25 86 2
9 148 2
8 23 2
29 101 2
49 108 2
78 176 2
50 69 2
31 157 2
47 67 2
48 126 2
1 22 2
8 41 2
58 131 1
10 35 2
7 94 2
10 19 2
86 102 2
0 25 2
20 91 2
32 105 2
48 52 2
96 108 2
16 124 2
5 34 2
11 84 2
66 133 2
59 84 2
49 77 2
12 103 2
23 71 2
92 105 2
103 149 2
24 110 2
39 143 1
43 79 2
85 119 2
99 113 2
12 49 2
21 58 2
65 146 1
8 108 2
73 94 2
49 178 2
95 118 2
25 113 2
4 103 2
35 48 2
26 75 2
36 155 2
72 89 2
8 11 2
7 98 2
3 188 2
61 127 1
2 85 2
5 105 2
5 33 2
31 79 2
24 129 2
27 97 2
6 166 2
13 105 2
36 101 2
31 169 2
76 82 2
90 107 2
97 104 2
94 111 2
58 99 2
6 94 2
73 106 2
0 172 1
0 67 2
89 167 1
40 94 2
72 77 2
43 92 2
64 98 2
58 113 2
6 143 1
16 59 2
31 42 2
72 130 2
94 122 2
103 129 2
15 109 2
58 60 2
82 167 2
61 180 2
9 43 2
46 92 2
11 85 2
82 185 2
60 86 2
40 53 2
5 27 2
44 50 2
10 70 2
48 139 2
6 66 2
17 167 1
53 74 2
92 97 2
52 121 2
49 89 2
11 91 2
73 102 2
52 125 2
54 61 2
13 83 2
32 98 2
19 27 2
2 4 2
56 174 2
98 128 1
87 151 1
5 71 2
82 180 2
36 62 2
27 86 2
88 96 2
85 92 2
71 89 2
65 88 2
26 27 2
57 159 2
71 179 2
38 93 2
62 66 2
51 56 2
10 50 2
37 135 2
30 56 2
33 61 2
93 180 2
0 30 2
71 90 2
62 76 2
12 138 1
19 49 2
0 66 2
1 153 2
41 101 2
86 118 1
31 41 2
75 179 1
95 107 2
7 181 2
48 154 2
29 112 2
69 82 2
78 159 1
42 80 2
107 113 2
49 55 2
20 38 2
26 40 2
20 115 2
85 152 2
73 142 2
60 140 2
109 121 2
0 13 2
10 51 2
55 64 2
40 83 2
66 180 2
3 77 2
8 84 2
52 91 2
51 81 2
58 100 2
50 84 2
72 93 2
39 45 2
7 106 2
63 70 2
6 30 2
1 10 2
12 117 1
64 109 2
102 113 2
19 57 2
26 100 2
0 82 2
17 48 2
25 60 2
91 161 2
6 28 2
33 101 2
5 162 1
63 145 1
20 41 2
57 60 2
72 173 2
37 154 1
50 168 1
62 147 2
6 153 1
52 65 2
75 77 2
90 100 2
8 21 2
14 177 1
104 114 1
52 70 2
33 137 2
46 119 2
92 94 2
112 174 2
6 164 2
19 112 2
9 86 2
18 46 2
25 66 2
72 81 2
10 90 2
19 180 2
21 36 2
101 111 2
78 113 2
65 117 2
63 176 1
51 189 2
30 139 2
113 121 1
26 67 2
4 75 2
69 87 2
75 83 2
19 41 2
105 139 1
17 174 2
17 85 2
38 41 2
11 21 2
68 77 2
12 47 2
20 187 1
43 55 2
80 172 2
37 96 2
2 182 2
78 99 2
6 20 2
41 83 2
3 63 2
112 187 1
44 99 2
11 48 2
76 91 2
91 154 2
11 77 2
18 73 2
21 23 2
19 65 2
33 123 1
39 100 2
10 107 2
23 111 2
81 108 2
37 45 2
31 105 2
30 49 2
16 44 2
63 134 2
66 69 2
87 88 2
9 17 2
54 99 2
29 94 2
40 49 2
43 107 2
57 74 2
17 39 2
75 91 2
36 56 2
56 82 2
59 172 2
6 173 2
30 66 2
76 107 2
53 145 2
81 109 2
23 44 2
10 148 2
78 172 2
23 62 2
7 54 2
53 88 2
40 122 1
34 105 2
57 61 2
94 152 1
23 109 2
0 32 2
53 62 2
15 67 2
1 65 2
15 101 2
6 61 2
90 146 1
24 137 2
4 180 1
14 70 2
22 101 2
113 164 2
71 103 2
92 119 1
59 90 2
81 175 2
56 102 2
29 123 1
15 108 2
42 179 2
10 187 1
25 79 2
31 63 2
17 36 2
59 85 2
38 71 2
12 112 2
32 75 2
54 76 2
20 49 2
98 102 2
2 98 2
11 177 2
112 151 2
4 139 2
22 41 2
60 65 2
24 93 2
30 74 2
82 104 2
105 111 2
11 94 2
14 92 2
17 67 2
20 111 2
4 55 2
12 46 2
30 92 2
109 111 2
39 110 2
65 71 2
65 84 2
2 105 2
7 23 2
47 58 2
107 111 2
9 112 2
7 15 2
56 111 2
77 94 2
93 120 2
9 28 2
12 64 2
26 55 2
16 91 2
31 76 2
99 157 2
86 148 2
36 123 2
42 71 2
59 104 2
33 56 2
52 75 2
4 101 2
50 61 2
25 134 1
15 82 2
46 48 2
88 143 1
11 46 2
5 11 2
6 172 2
29 116 2
46 184 2
94 130 2
61 68 2
10 18 2
40 133 2
8 12 2
56 173 1
56 187 1
13 25 2
93 96 2
97 105 2
10 157 2
50 88 2
7 86 2
49 74 2
100 114 2
21 38 2
61 95 2
108 124 1
79 141 2
41 77 2
1 33 2
40 72 2
88 158 1
34 157 2
5 59 2
110 180 2
15 107 2
55 104 2
95 151 2
71 127 1
111 121 1
16 130 2
70 95 2
17 77 2
5 14 2
5 81 2
5 111 2
37 71 2
25 63 2
31 130 2
68 175 1
105 108 2
35 184 1
10 37 2
74 79 2
27 55 2
21 133 1
62 69 2
31 34 2
99 107 2
19 95 2
38 181 1
39 120 1
23 92 2
36 170 2
67 188 2
2 150 1
51 86 2
14 62 2
26 72 2
8 36 2
36 87 2
27 158 2
34 60 2
15 69 2
66 111 2
57 62 2
37 87 2
41 174 2
44 83 2
63 152 2
55 59 2
2 53 2
15 16 2
20 43 2
32 57 2
46 88 2
57 165 2
19 145 2
1 58 2
57 90 2
66 142 2
26 64 2
82 152 2
30 79 2
12 106 2
15 28 2
28 71 2
22 82 2
80 162 2
61 90 2
70 75 2
0 93 2
56 85 2
80 110 2
14 99 2
17 19 2
23 50 2
40 170 2
85 159 2
53 161 2
2 180 1
3 21 2
53 135 2
29 162 2
45 88 2
56 95 2
30 103 2
38 152 1
109 113 2
62 85 2
34 99 2
73 96 2
28 31 2
38 89 2
16 58 2
32 185 2
47 71 2
26 91 2
55 58 2
27 47 2
25 110 2
52 180 2
15 72 2
35 37 2
78 96 2
100 107 2
92 93 2
55 95 2
68 147 2
41 42 2
68 148 2
8 16 2
12 76 2
22 48 2
49 58 2
10 24 2
64 73 2
78 110 2
1 3 2
34 56 2
77 102 2
54 56 2
19 157 2
54 134 2
49 75 2
18 79 2
45 101 2
5 167 2
90 184 2
53 157 1
112 117 1
22 170 2
67 99 2
8 92 2
51 87 2
19 103 2
67 107 2
22 83 2
8 119 1
11 39 2
27 156 2
6 53 2
60 126 2
26 81 2
11 75 2
44 141 2
37 179 2
62 161 1
5 23 2
2 5 2
53 154 2
15 112 2
30 65 2
0 58 2
24 46 2
2 18 2
25 152 2
41 151 2
52 64 2
18 72 2
41 59 2
107 124 2
67 94 2
14 82 2
28 166 1
74 84 2
4 88 2
81 145 2
78 168 2
60 111 2
6 78 2
21 102 2
63 111 2
90 149 1
34 161 1
32 39 2
73 112 2
39 88 2
42 51 2
76 94 2
40 59 2
110 177 1
98 103 2
62 124 1
19 100 2
63 72 2
78 147 2
49 87 2
93 102 2
35 83 2
52 145 2
6 81 2
66 73 2
32 35 2
71 172 2
46 153 1
48 169 1
60 143 1
3 49 2
32 110 2
92 170 1
32 70 2
1 32 2
63 179 2
20 90 2
2 12 2
17 74 2
69 118 2
96 133 1
9 143 1
109 127 2
59 174 2
57 89 2
78 133 2
15 95 2
52 81 2
28 38 2
22 107 2
11 106 2
38 58 2
63 79 2
41 88 2
65 73 2
23 87 2
16 37 2
90 94 2
64 174 1
29 102 2
59 71 2
53 87 2
39 42 2
31 104 2
36 189 2
61 83 2
30 36 2
54 112 2
67 106 2
67 80 2
51 85 2
85 87 2
13 61 2
53 134 2
103 160 2
4 89 2
113 157 2
39 189 2
4 41 2
19 167 2
67 84 2
9 76 2
73 105 2
54 95 2
103 173 1
82 116 1
14 189 2
45 65 2
9 19 2
20 177 2
0 40 2
53 111 2
29 149 2
3 57 2
23 60 2
14 65 2
35 96 2
11 28 2
59 180 2
27 40 2
18 176 2
13 74 2
43 81 2
53 76 2
21 88 2
36 45 2
89 151 2
78 129 2
40 75 2
67 125 2
100 161 2
90 118 2
11 43 2
33 175 2
26 34 2
76 98 2
39 53 2
12 14 2
56 73 2
25 103 2
89 120 2
61 74 2
35 92 2
42 166 1
51 84 2
2 46 2
4 96 2
29 92 2
54 82 2
54 72 2
15 141 2
7 162 2
14 100 2
5 107 2
28 113 2
64 144 2
83 153 1
2 7 2
44 85 2
77 83 2
13 29 2
64 165 2
25 29 2
27 81 2
5 142 1
55 101 2
43 145 2
13 36 2
88 166 2
5 98 2
34 96 2
33 151 2
84 142 2
37 93 2
18 67 2
38 147 2
19 106 2
26 59 2
91 167 2
55 105 2
3 105 2
103 176 2
78 106 2
9 38 2
68 97 2
15 83 2
45 59 2
50 51 2
6 93 2
8 70 2
67 123 1
6 82 2
29 99 2
21 105 2
15 89 2
83 88 2
19 104 2
75 79 2
1 167 2
1 5 2
22 66 2
40 61 2
21 46 2
14 72 2
38 60 2
83 89 2
56 180 2
9 87 2
18 44 2
15 19 2
52 85 2
90 104 2
27 65 2
6 73 2
57 188 2
101 141 1
19 46 2
47 50 2
1 152 1
88 89 2
52 178 1
50 83 2
52 154 1
2 73 2
94 108 2
5 130 2
58 155 2
29 55 2
8 61 2
7 14 2
2 171 1
67 90 2
43 104 2
42 70 2
26 157 1
24 78 2
39 185 2
38 53 2
17 27 2
56 100 2
18 172 2
87 130 2
33 79 2
94 100 2
40 50 2
16 50 2
29 51 2
13 97 2
55 142 1
96 154 2
113 185 1
104 181 1
10 159 2
56 126 2
60 132 1
26 123 1
28 119 2
87 90 2
20 29 2
94 101 2
14 17 2
26 39 2
107 128 1
22 46 2
48 53 2
22 67 2
82 125 2
48 79 2
48 113 2
19 102 2
68 101 2
104 111 2
64 65 2
88 185 2
19 28 2
7 52 2
44 54 2
55 98 2
11 14 2
23 178 1
65 163 1
46 103 2
79 174 1
21 66 2
28 72 2
1 16 2
55 69 2
0 41 2
59 86 2
94 116 2
12 43 2
32 41 2
22 97 2
59 116 1
21 78 2
112 124 2
14 32 2
19 111 2
38 86 2
71 77 2
94 102 2
12 75 2
39 111 2
9 69 2
17 84 2
57 108 2
49 147 2
37 109 2
4 86 2
38 151 2
33 34 2
80 189 1
8 102 2
71 81 2
13 153 2
70 74 2
74 90 2
32 37 2
15 118 1
17 60 2
89 92 2
40 85 2
59 75 2
82 111 2
17 75 2
98 100 2
88 156 2
48 107 2
92 108 2
19 128 1
8 31 2
18 83 2
37 55 2
24 109 2
14 107 2
22 29 2
58 119 2
3 117 2
76 124 1
20 145 2
90 101 2
2 97 2
85 158 2
3 73 2
35 153 1
35 82 2
7 180 1
40 112 2
70 120 2
90 110 2
1 86 2
37 108 2
2 87 2
52 111 2
7 66 2
50 63 2
8 49 2
91 97 2
6 80 2
32 121 1
88 119 2
29 75 2
48 58 2
9 153 1
40 107 2
83 96 2
37 182 2
2 64 2
55 160 2
90 106 2
26 44 2
47 148 2
45 76 2
36 42 2
105 110 2
95 142 1
36 92 2
68 93 2
32 89 2
5 44 2
85 102 2
60 94 2
101 153 1
42 56 2
72 80 2
106 156 2
29 98 2
39 134 2
102 111 2
58 83 2
40 166 2
45 171 1
50 67 2
17 113 2
45 74 2
33 46 2
45 159 2
69 85 2
41 113 2
52 101 2
101 117 2
14 48 2
35 91 2
55 111 2
8 22 2
82 187 2
13 84 2
46 52 2
70 71 2
68 92 2
86 99 2
6 125 2
3 160 2
5 53 2
40 173 2
20 24 2
32 108 2
100 139 1
3 15 2
77 81 2
11 155 1
95 166 2
16 103 2
89 163 2
35 76 2
43 58 2
74 166 2
43 56 2
73 81 2
31 81 2
36 132 1
38 48 2
94 164 2
29 47 2
83 97 2
0 50 2
66 79 2
19 70 2
69 147 2
28 109 2
39 118 2
55 76 2
73 76 2
113 166 2
45 62 2
82 129 2
89 116 1
102 132 1
56 123 2
36 113 2
60 83 2
31 101 2
110 167 2
112 172 2
20 101 2
61 109 2
34 47 2
2 174 1
28 160 2
22 122 2
100 103 2
3 101 2
18 100 2
47 103 2
25 52 2
44 76 2
2 30 2
51 68 2
2 101 2
11 128 2
9 10 2
48 74 2
107 185 1
52 92 2
26 46 2
58 111 2
81 128 2
1 38 2
14 118 1
11 42 2
46 98 2
49 84 2
104 163 2
107 186 1
34 54 2
14 171 1
51 64 2
91 118 2
41 117 1
2 38 2
12 101 2
23 135 1
45 58 2
43 73 2
21 75 2
76 108 2
74 78 2
87 140 1
10 152 2
94 175 2
13 14 2
84 101 2
51 72 2
73 103 2
50 108 2
29 69 2
85 116 2
85 109 2
14 31 2
68 112 2
62 111 2
0 111 2
32 66 2
58 145 2
50 85 2
6 24 2
15 87 2
65 78 2
37 94 2
112 178 1
59 73 2
1 39 2
9 67 2
28 74 2
18 131 2
33 169 2
24 111 2
77 95 2
108 113 2
6 18 2
93 121 2
92 101 2
87 149 2
22 75 2
23 38 2
52 131 1
47 73 2
52 169 2
72 121 1
10 150 1
103 112 2
23 112 2
15 97 2
17 94 2
43 150 1
4 142 1
25 153 2
15 43 2
62 96 2
90 95 2
72 98 2
35 55 2
55 108 2
35 54 2
41 76 2
91 96 2
71 106 2
23 95 2
53 164 2
78 92 2
111 149 1
20 121 1
88 145 1
87 106 2
70 133 1
68 180 1
7 167 2
110 163 1
9 44 2
98 122 1
63 180 1
51 67 2
31 172 2
29 91 2
59 79 2
5 89 2
19 182 2
40 97 2
99 167 2
30 102 2
6 33 2
7 188 2
4 85 2
31 121 1
45 98 2
85 161 2
11 67 2
38 149 1
16 42 2
42 106 2
21 89 2
15 22 2
55 170 1
50 71 2
71 162 2
85 170 2
51 66 2
15 47 2
0 146 2
105 107 2
5 156 2
57 65 2
40 45 2
27 53 2
9 88 2
27 39 2
5 124 1
21 57 2
34 135 1
42 62 2
20 164 2
33 78 2
49 51 2
95 102 2
13 62 2
60 110 2
58 87 2
5 36 2
74 104 2
13 27 2
83 93 2
11 78 2
21 145 1
108 135 2
2 100 2
23 27 2
19 81 2
86 178 2
13 57 2
16 122 1
3 133 2
26 54 2
77 86 2
43 106 2
20 66 2
44 112 2
51 71 2
104 149 1
21 107 2
72 82 2
14 42 2
69 106 2
78 123 2
16 32 2
33 90 2
99 108 2
40 67 2
35 66 2
14 98 2
10 49 2
93 112 2
53 64 2
3 110 2
68 178 1
11 13 2
90 116 1
44 115 2
48 54 2
92 161 2
27 155 2
86 109 2
81 91 2
66 103 2
28 77 2
13 165 2
11 56 2
61 97 2
44 67 2
10 174 1
6 92 2
56 97 2
12 35 2
0 92 2
68 86 2
3 106 2
49 121 2
24 79 2
84 140 2
37 181 1
33 48 2
69 166 2
27 45 2
68 79 2
42 83 2
37 91 2
44 106 2
81 100 2
40 106 2
68 80 2
5 109 2
42 61 2
67 158 2
31 93 2
46 58 2
15 33 2
26 109 2
22 74 2
44 93 2
12 111 2
21 49 2
65 85 2
0 112 2
1 29 2
75 168 2
13 102 2
31 68 2
72 107 2
84 138 2
13 88 2
104 146 2
99 156 1
53 176 2
73 87 2
7 68 2
9 119 2
41 167 1
101 107 2
58 104 2
51 73 2
73 91 2
47 155 2
28 61 2
40 73 2
1 47 2
30 69 2
14 104 2
69 113 2
45 83 2
18 85 2
104 130 1
7 110 2
51 59 2
62 102 2
92 99 2
56 72 2
3 88 2
47 49 2
33 141 1
54 68 2
23 57 2
8 40 2
52 79 2
110 161 2
77 129 2
105 116 2
3 103 2
20 63 2
15 70 2
37 52 2
6 146 1
11 38 2
0 80 2
37 137 2
32 152 2
21 98 2
103 150 2
4 13 2
30 119 2
79 134 1
36 48 2
55 94 2
101 188 1
48 99 2
47 70 2
43 86 2
89 113 2
79 126 2
21 83 2
64 111 2
59 102 2
31 71 2
90 99 2
98 118 1
111 189 2
2 3 2
4 25 2
46 81 2
4 18 2
19 178 1
6 74 2
34 50 2
3 43 2
49 91 2
64 86 2
25 62 2
29 158 2
89 93 2
77 112 2
16 72 2
19 59 2
82 87 2
102 140 1
101 109 2
91 175 2
34 160 2
27 69 2
3 62 2
50 111 2
34 100 2
61 77 2
26 103 2
8 48 2
7 28 2
63 84 2
69 99 2
44 132 2
0 20 2
4 17 2
25 47 2
53 163 2
45 180 2
106 124 2
81 86 2
81 176 2
46 54 2
23 58 2
102 107 2
56 84 2
17 101 2
20 95 2
26 60 2
10 58 2
42 65 2
82 119 2
19 88 2
59 82 2
36 122 2
53 132 1
25 51 2
3 112 2
60 61 2
21 50 2
21 63 2
13 129 2
20 40 2
25 100 2
93 144 2
76 83 2
63 76 2
29 122 2
10 110 2
95 111 2
63 97 2
35 89 2
40 63 2
51 146 2
16 63 2
25 33 2
65 80 2
66 140 1
65 104 2
36 54 2
53 60 2
29 54 2
28 168 1
50 134 1
20 150 2
28 99 2
97 106 2
33 88 2
77 78 2
5 76 2
56 113 2
69 156 2
101 154 2
13 161 2
113 182 2
42 50 2
5 32 2
52 122 2
97 102 2
56 169 2
31 47 2
102 158 2
71 87 2
85 88 2
19 67 2
9 95 2
65 69 2
108 111 2
57 96 2
18 86 2
74 82 2
61 149 2
32 107 2
69 119 2
58 151 2
38 171 1
12 62 2
13 55 2
43 60 2
80 83 2
17 49 2
64 160 1
27 76 2
41 175 2
44 160 1
68 109 2
45 73 2
17 43 2
53 153 2
13 33 2
6 152 2
34 91 2
40 48 2
4 42 2
53 85 2
27 62 2
10 173 1
7 102 2
6 14 2
16 20 2
33 40 2
13 186 1
46 94 2
31 59 2
106 178 2
25 178 1
36 162 1
41 48 2
55 74 2
67 97 2
58 171 1
65 82 2
2 110 2
19 63 2
16 74 2
12 109 2
5 84 2
15 165 2
33 113 2
13 21 2
96 187 1
31 44 2
2 106 2
53 178 2
68 88 2
102 186 2
42 97 2
66 68 2
29 76 2
60 106 2
50 87 2
17 105 2
22 43 2
6 43 2
0 175 1
89 106 2
107 150 2
7 63 2
8 59 2
66 151 1
40 161 1
11 97 2
9 185 2
23 65 2
65 103 2
3 40 2
56 65 2
7 128 2
74 167 2
66 177 2
23 127 2
23 33 2
53 151 2
27 188 2
71 86 2
105 137 2
77 89 2
45 139 2
83 184 2
34 83 2
55 112 2
96 98 2
33 52 2
67 75 2
54 96 2
3 81 2
36 40 2
10 106 2
1 70 2
24 108 2
25 82 2
102 173 1
19 94 2
17 56 2
15 38 2
48 164 2
18 84 2
52 113 2
37 99 2
32 84 2
26 98 2
51 54 2
99 114 1
47 82 2
40 119 1
13 72 2
53 102 2
0 10 2
12 54 2
52 102 2
10 91 2
111 166 2
38 167 2
33 183 1
20 42 2
26 70 2
57 145 2
0 26 2
56 136 2
64 182 2
12 141 1
18 53 2
14 52 2
55 84 2
4 99 2
44 53 2
31 85 2
7 116 2
61 107 2
10 65 2
45 144 1
66 108 2
111 150 2
25 99 2
44 59 2
35 118 2
11 41 2
40 81 2
39 178 2
20 71 2
77 82 2
9 82 2
50 177 2
5 73 2
23 61 2
5 56 2
103 135 2
38 59 2
4 63 2
8 147 1
92 103 2
9 99 2
34 113 2
0 72 2
104 116 2
85 122 2
10 144 1
65 135 2
24 82 2
109 122 1
44 138 2
53 83 2
69 73 2
30 183 2
23 188 1
54 83 2
21 142 2
12 171 2
50 96 2
38 176 2
14 15 2
37 59 2
36 188 2
0 18 2
106 136 1
44 146 2
4 70 2
11 146 2
95 106 2
62 90 2
11 29 2
20 74 2
1 102 2
31 96 2
103 106 2
63 75 2
23 75 2
42 59 2
1 56 2
31 39 2
16 62 2
13 96 2
24 131 1
7 71 2
16 45 2
35 42 2
24 47 2
13 49 2
48 93 2
69 81 2
61 164 2
56 57 2
95 110 2
8 88 2
14 110 2
17 118 2
72 105 2
22 62 2
68 76 2
103 180 2
93 186 1
58 90 2
23 176 2
50 114 2
12 100 2
84 113 2
11 26 2
87 144 2
30 88 2
104 158 1
75 84 2
86 101 2
11 98 2
13 100 2
55 88 2
31 82 2
91 95 2
57 92 2
98 112 2
61 132 2
69 109 2
50 128 1
29 176 1
26 53 2
57 180 1
4 138 2
11 12 2
7 169 1
22 85 2
58 67 2
107 189 1
51 83 2
12 53 2
58 97 2
47 136 1
91 99 2
65 187 1
16 129 2
64 67 2
15 91 2
88 103 2
88 106 2
39 69 2
67 168 1
54 55 2
113 146 2
20 107 2
27 72 2
95 104 2
79 132 2
6 29 2
37 178 1
49 112 2
1 50 2
35 127 1
45 77 2
36 41 2
22 45 2
55 99 2
5 52 2
62 175 2
77 100 2
34 72 2
48 112 2
13 80 2
68 106 2
84 88 2
93 109 2
78 136 2
55 103 2
61 82 2
99 138 2
17 47 2
37 57 2
8 60 2
30 89 2
46 145 1
27 82 2
13 39 2
0 5 2
58 84 2
53 72 2
104 125 2
31 108 2
113 137 2
18 81 2
79 109 2
19 163 1
22 56 2
11 123 2
78 94 2
0 174 1
0 178 2
93 99 2
84 99 2
1 52 2
15 26 2
2 156 2
4 73 2
43 101 2
46 95 2
12 82 2
64 93 2
25 34 2
2 93 2
39 103 2
35 86 2
28 105 2
56 177 2
86 106 2
42 87 2
17 87 2
19 38 2
27 57 2
36 72 2
107 137 1
46 66 2
108 181 2
29 42 2
27 38 2
43 142 2
34 74 2
45 175 2
42 72 2
29 66 2
16 104 2
68 141 2
55 90 2
99 100 2
47 75 2
85 101 2
11 102 2
53 97 2
29 172 1
53 173 2
28 139 2
5 97 2
18 27 2
55 91 2
51 129 2
82 179 2
62 94 2
58 59 2
85 126 1
53 177 2
112 129 2
4 56 2
7 12 2
48 96 2
30 63 2
74 91 2
92 118 2
9 24 2
5 90 2
99 111 2
31 102 2
81 84 2
85 115 1
31 164 2
44 71 2
37 138 1
8 44 2
51 143 2
54 87 2
108 115 1
2 107 2
72 90 2
92 109 2
67 143 1
51 113 2
6 46 2
80 127 1
106 109 2
0 124 2
25 49 2
9 90 2
60 129 2
60 161 2
33 159 1
54 116 2
99 106 2
19 68 2
28 91 2
26 76 2
69 176 2
98 126 2
106 111 2
41 98 2
30 163 2
4 183 1
18 101 2
30 42 2
93 95 2
53 86 2
54 156 2
89 145 2
1 148 1
60 105 2
9 113 2
49 110 2
65 181 2
27 149 1
28 148 2
55 83 2
10 102 2
27 37 2
26 74 2
15 40 2
77 105 2
11 65 2
33 67 2
16 87 2
16 35 2
19 107 2
5 82 2
54 69 2
97 116 1
82 102 2
44 60 2
61 116 2
16 109 2
7 24 2
22 26 2
22 73 2
74 171 2
6 52 2
8 63 2
9 91 2
40 55 2
55 66 2
24 72 2
4 106 2
88 127 2
37 42 2
45 104 2
13 54 2
85 110 2
18 66 2
29 64 2
48 141 1
88 110 2
68 83 2
58 61 2
12 13 2
20 156 2
17 31 2
56 89 2
1 30 2
29 106 2
96 106 2
38 130 1
14 183 2
4 23 2
12 93 2
54 100 2
20 57 2
64 70 2
62 185 1
57 102 2
5 42 2
35 81 2
29 57 2
4 20 2
26 37 2
18 23 2
21 30 2
74 134 2
11 50 2
63 108 2
2 155 2
32 109 2
16 142 1
12 79 2
52 177 2
47 109 2
6 183 1
13 56 2
16 90 2
8 95 2
104 131 2
53 113 2
56 74 2
83 113 2
21 91 2
39 40 2
21 113 2
56 76 2
20 34 2
71 129 2
24 134 1
26 83 2
58 75 2
100 105 2
50 107 2
77 111 2
71 79 2
3 93 2
48 104 2
24 140 2
31 64 2
98 165 2
48 110 2
1 104 2
19 29 2
10 67 2
13 51 2
98 110 2
20 133 2
39 89 2
25 67 2
11 63 2
3 127 1
4 6 2
61 182 1
16 89 2
13 32 2
18 45 2
99 119 2
113 178 2
9 61 2
57 186 1
96 104 2
86 110 2
3 66 2
12 23 2
11 136 2
66 70 2
41 66 2
1 8 2
34 66 2
51 105 2
29 72 2
26 78 2
4 53 2
56 92 2
46 59 2
79 146 2
28 75 2
51 188 2
66 81 2
28 84 2
32 141 2
6 67 2
18 107 2
88 149 1
28 164 2
99 189 2
87 101 2
5 41 2
68 84 2
94 96 2
41 108 2
26 124 1
82 89 2
46 151 2
51 69 2
37 41 2
40 171 2
73 98 2
38 63 2
17 53 2
14 121 2
49 65 2
17 21 2
77 106 2
49 122 2
105 127 1
16 71 2
3 25 2
20 143 1
6 57 2
71 83 2
10 88 2
58 91 2
16 25 2
2 80 2
20 106 2
73 147 2
33 144 1
45 102 2
36 64 2
26 48 2
13 104 2
23 186 2
33 99 2
22 153 2
83 100 2
7 55 2
18 122 2
33 35 2
7 9 2
28 86 2
82 84 2
16 133 2
9 75 2
19 20 2
20 97 2
98 154 2
2 36 2
14 39 2
24 126 1
61 130 1
19 125 2
37 95 2
62 92 2
14 105 2
90 155 2
84 146 2
19 36 2
83 99 2
25 147 2
20 182 1
9 21 2
104 113 2
13 188 2
4 74 2
30 171 2
15 81 2
13 19 2
39 55 2
74 173 2
60 138 2
31 54 2
68 78 2
12 98 2
0 110 2
77 80 2
40 77 2
26 177 1
12 155 2
13 110 2
68 137 1
44 103 2
19 25 2
33 138 2
47 105 2
1 111 2
45 128 2
42 76 2
52 82 2
7 19 2
15 53 2
24 92 2
12 72 2
1 2 2
1 17 2
12 16 2
25 162 2
75 123 2
16 52 2
41 114 2
13 150 2
7 104 2
27 93 2
2 35 2
31 182 2
50 77 2
22 55 2
36 71 2
42 163 2
89 112 2
65 87 2
87 162 2
13 24 2
17 69 2
103 183 2
42 99 2
48 50 2
40 70 2
89 108 2
15 68 2
44 72 2
52 158 2
16 51 2
82 92 2
8 9 2
60 130 2
53 92 2
48 101 2
4 66 2
26 51 2
43 49 2
10 89 2
101 145 1
45 107 2
15 139 2
70 96 2
20 88 2
110 169 2
8 156 1
22 96 2
41 43 2
0 77 2
4 104 2
20 58 2
34 65 2
55 171 1
62 70 2
49 97 2
109 147 2
71 95 2
77 113 2
87 107 2
15 66 2
12 113 2
73 144 2
48 103 2
21 154 1
38 78 2
80 144 1
24 77 2
84 97 2
33 72 2
80 91 2
8 93 2
46 80 2
25 77 2
63 98 2
93 107 2
53 179 2
17 28 2
25 87 2
43 46 2
28 29 2
28 81 2
4 43 2
89 100 2
102 188 1
44 46 2
11 71 2
30 39 2
3 150 1
58 112 2
45 47 2
71 143 1
33 74 2
38 112 2
4 9 2
8 17 2
95 138 2
77 92 2
15 55 2
5 47 2
40 46 2
38 50 2
66 110 2
40 42 2
57 76 2
22 92 2
61 105 2
27 104 2
27 176 1
27 173 2
87 179 1
26 112 2
17 73 2
76 87 2
60 108 2
46 51 2
89 152 2
73 109 2
42 110 2
47 61 2
26 49 2
24 130 2
28 82 2
30 86 2
18 54 2
31 84 2
35 73 2
56 70 2
77 172 1
24 42 2
24 64 2
4 100 2
85 99 2
17 144 2
30 76 2
71 98 2
41 106 2
58 68 2
83 125 1
23 90 2
15 37 2
11 159 1
25 169 2
96 97 2
69 146 1
41 73 2
111 113 2
55 100 2
48 117 1
35 183 2
39 62 2
11 54 2
63 113 2
48 86 2
27 46 2
0 78 2
52 152 2
30 52 2
93 163 2
50 124 2
28 121 2
19 31 2
7 165 2
26 96 2
35 44 2
60 91 2
11 139 2
44 110 2
6 21 2
30 159 1
8 56 2
15 94 2
27 70 2
13 156 1
14 36 2
14 68 2
42 124 1
50 70 2
84 93 2
12 175 2
24 85 2
70 97 2
11 125 1
21 179 2
6 95 2
13 77 2
46 93 2
46 138 1
54 90 2
31 48 2
51 108 2
0 24 2
111 180 2
56 79 2
97 98 2
4 82 2
7 156 2
38 148 2
109 179 1
50 81 2
37 157 2
90 97 2
11 170 2
3 96 2
51 111 2
58 137 1
49 59 2
54 178 2
36 129 1
50 170 2
34 144 2
20 76 2
3 41 2
40 180 2
47 110 2
36 181 2
59 159 2
29 35 2
53 59 2
69 96 2
4 12 2
29 78 2
82 91 2
49 67 2
36 119 2
39 77 2
73 143 1
12 26 2
23 174 2
8 168 2
31 33 2
99 143 2
13 163 2
1 49 2
1 67 2
74 108 2
108 112 2
45 100 2
15 75 2
0 83 2
49 62 2
19 43 2
28 102 2
61 75 2
73 141 2
37 115 2
86 166 2
62 87 2
20 105 2
87 114 2
51 77 2
12 127 2
101 166 1
29 121 1
106 189 2
39 160 1
4 64 2
59 77 2
54 63 2
10 104 2
41 143 2
35 67 2
8 76 2
31 154 2
29 100 2
38 54 2
78 126 2
17 92 2
19 159 2
40 66 2
62 95 2
16 66 2
34 149 2
24 50 2
35 174 2
12 21 2
81 95 2
83 188 2
16 64 2
61 80 2
43 70 2
37 58 2
59 99 2
8 28 2
79 164 2
75 86 2
27 100 2
67 102 2
65 93 2
29 71 2
56 188 2
45 185 2
58 98 2
43 80 2
1 21 2
2 47 2
6 107 2
46 70 2
11 88 2
8 52 2
55 102 2
21 92 2
56 87 2
34 41 2
54 66 2
6 9 2
1 54 2
89 98 2
95 143 1
20 80 2
65 90 2
72 141 2
17 30 2
3 17 2
15 156 2
39 126 1
19 45 2
4 29 2
32 112 2
0 151 2
62 112 2
1 59 2
86 97 2
9 36 2
7 103 2
60 104 2
13 166 1
67 116 2
38 96 2
102 106 2
86 168 1
5 149 2
26 56 2
97 184 2
75 81 2
19 97 2
20 82 2
22 78 2
9 150 1
47 80 2
39 47 2
33 42 2
35 69 2
96 146 1
31 122 2
77 147 1
8 128 2
79 91 2
80 180 2
35 109 2
28 69 2
77 101 2
97 152 2
30 72 2
4 95 2
10 145 2
6 38 2
29 164 2
32 166 1
65 99 2
97 108 2
4 35 2
36 63 2
25 76 2
82 144 2
25 48 2
45 49 2
22 112 2
32 100 2
5 100 2
96 178 2
16 54 2
38 104 2
81 143 1
11 35 2
25 143 1
41 169 1
6 113 2
89 156 2
91 134 1
15 171 2
23 69 2
22 113 2
31 55 2
94 107 2
23 84 2
23 39 2
19 83 2
37 105 2
54 127 1
3 70 2
21 125 2
5 87 2
46 86 2
30 48 2
11 184 2
32 97 2
104 106 2
43 175 2
45 109 2
26 62 2
36 90 2
95 133 2
80 164 2
16 132 1
48 66 2
37 51 2
21 170 2
13 50 2
52 57 2
58 72 2
69 98 2
25 93 2
37 164 2
100 186 2
35 111 2
80 108 2
12 153 1
23 67 2
1 68 2
51 138 2
61 70 2
44 127 2
13 64 2
111 123 2
75 76 2
46 56 2
2 57 2
0 148 1
23 119 1
73 176 1
63 183 2
3 72 2
85 107 2
95 96 2
0 95 2
74 105 2
36 137 2
3 90 2
93 176 1
54 93 2
47 92 2
71 76 2
16 38 2
22 183 1
112 115 2
41 44 2
27 90 2
51 63 2
62 135 2
57 86 2
4 87 2
72 109 2
38 47 2
38 76 2
29 93 2
41 126 2
56 107 2
0 45 2
60 113 2
16 23 2
86 182 1
67 87 2
23 104 2
0 127 2
15 65 2
78 101 2
6 180 1
37 106 2
76 161 2
98 101 2
49 99 2
10 47 2
26 93 2
49 107 2
43 96 2
44 84 2
46 163 2
46 181 2
3 44 2
50 131 1
76 111 2
31 92 2
79 147 1
10 112 2
24 75 2
0 48 2
56 149 2
3 26 2
71 117 2
8 161 2
23 101 2
20 67 2
15 48 2
45 68 2
16 19 2
79 121 2
113 134 1
3 14 2
47 111 2
10 74 2
46 130 1
69 104 2
18 71 2
104 162 1
40 114 1
4 24 2
53 81 2
43 159 2
28 57 2
112 149 1
53 106 2
41 159 2
20 89 2
36 148 2
97 123 1
30 95 2
67 70 2
100 112 2
21 100 2
21 135 2
16 69 2
15 151 2
85 155 1
74 88 2
2 21 2
86 88 2
46 49 2
57 82 2
41 94 2
17 25 2
31 186 1
20 173 2
48 73 2
4 78 2
52 185 2
57 100 2
20 151 2
23 158 1
11 134 2
72 140 2
11 110 2
81 136 2
74 160 2
24 49 2
33 59 2
8 65 2
36 70 2
30 81 2
15 58 2
55 157 2
9 123 1
13 34 2
5 57 2
78 100 2
17 128 1
83 87 2
30 57 2
17 165 2
16 158 1
28 93 2
51 91 2
27 89 2
55 75 2
58 128 2
22 39 2
17 29 2
27 98 2
8 53 2
18 43 2
92 113 2
12 22 2
85 95 2
109 110 2
12 19 2
64 110 2
13 43 2
74 77 2
65 66 2
25 141 2
28 107 2
23 153 2
34 98 2
18 20 2
4 48 2
18 62 2
17 38 2
46 113 2
76 86 2
20 167 1
11 80 2
75 80 2
52 69 2
82 107 2
58 156 2
13 63 2
1 36 2
94 163 2
26 29 2
28 96 2
35 158 2
60 81 2
85 162 2
67 108 2
38 107 2
4 69 2
74 97 2
5 160 1
50 75 2
56 186 1
17 63 2
81 152 2
9 53 2
4 8 2
44 55 2
7 57 2
0 54 2
42 184 1
103 174 2
3 12 2
41 49 2
97 181 2
4 68 2
63 93 2
9 51 2
41 56 2
2 145 1
84 90 2
5 110 2
12 30 2
9 42 2
7 80 2
110 174 2
45 184 1
41 134 2
27 77 2
45 169 2
66 90 2
26 106 2
55 65 2
2 137 2
17 109 2
29 109 2
102 123 1
13 38 2
84 158 2
89 94 2
54 67 2
50 53 2
3 64 2
23 170 1
1 128 2
14 41 2
88 171 2
33 107 2
5 131 2
26 184 2
13 89 2
42 68 2
78 144 1
34 137 2
23 79 2
37 173 2
101 127 2
14 25 2
20 78 2
78 95 2
29 86 2
89 97 2
51 177 2
74 86 2
100 121 1
37 83 2
57 139 1
16 102 2
5 91 2
42 111 2
97 110 2
13 91 2
53 110 2
14 158 2
39 67 2
7 178 2
28 146 2
14 103 2
5 8 2
40 153 2
54 130 1
96 177 2
47 176 2
72 113 2
46 143 1
90 182 2
5 67 2
75 105 2
78 170 1
80 106 2
29 67 2
94 133 1
56 88 2
110 136 2
31 103 2
8 148 1
23 52 2
23 63 2
34 61 2
59 61 2
28 63 2
92 182 1
31 72 2
9 102 2
7 31 2
47 106 2
57 99 2
32 91 2
86 96 2
12 121 2
3 7 2
27 159 1
90 168 2
21 73 2
41 153 2
8 89 2
107 140 1
43 91 2
18 182 2
37 89 2
80 112 2
39 70 2
63 92 2
7 79 2
35 62 2
6 36 2
103 113 2
106 120 2
43 89 2
4 154 2
7 149 2
52 62 2
30 131 2
64 84 2
54 73 2
71 84 2
36 75 2
39 85 2
80 141 1
61 169 2
7 150 2
86 103 2
72 111 2
39 165 1
75 173 2
8 33 2
74 187 2
82 103 2
57 168 1
40 111 2
2 69 2
4 122 1
36 167 1
24 160 2
55 96 2
5 25 2
80 129 1
28 98 2
19 86 2
45 92 2
33 124 2
32 188 1
51 94 2
62 108 2
47 81 2
2 91 2
1 60 2
33 103 2
74 120 2
32 52 2
89 126 2
19 110 2
19 47 2
26 31 2
22 42 2
23 98 2
70 87 2
23 45 2
38 77 2
18 186 1
27 35 2
75 125 2
48 85 2
43 53 2
94 146 2
51 80 2
49 60 2
2 59 2
65 74 2
13 121 1
14 34 2
82 90 2
28 142 1
79 107 2
0 89 2
24 170 2
99 103 2
53 56 2
11 70 2
40 99 2
13 87 2
105 173 2
5 16 2
41 107 2
14 117 1
14 50 2
83 110 2
12 36 2
2 52 2
16 123 2
22 24 2
58 82 2
19 75 2
37 39 2
70 76 2
31 46 2
108 122 2
15 90 2
8 58 2
91 108 2
2 96 2
52 56 2
74 93 2
18 82 2
12 48 2
57 127 2
14 66 2
79 110 2
95 174 2
55 168 2
47 77 2
5 128 2
3 86 2
49 95 2
25 108 2
32 169 1
90 171 2
95 113 2
69 97 2
75 143 1
83 137 2
7 96 2
3 159 1
12 140 1
49 103 2
69 185 2
46 161 2
43 59 2
71 72 2
29 146 2
50 105 2
44 94 2
75 158 2
51 124 2
51 62 2
38 57 2
13 40 2
76 84 2
86 129 2
89 91 2
9 64 2
36 93 2
80 88 2
100 143 2
34 70 2
4 49 2
8 101 2
85 98 2
13 109 2
35 40 2
58 78 2
37 62 2
22 105 2
71 82 2
12 110 2
44 91 2
16 22 2
102 109 2
1 62 2
13 94 2
35 97 2
11 147 1
14 112 2
45 113 2
44 56 2
10 32 2
28 59 2
92 106 2
75 92 2
81 85 2
61 112 2
43 108 2
45 93 2
8 173 1
21 99 2
31 67 2
20 50 2
69 110 2
15 51 2
65 98 2
56 189 2
55 57 2
5 26 2
66 186 2
87 92 2
41 90 2
85 154 2
34 36 2
51 76 2
50 91 2
22 169 2
9 93 2
4 59 2
75 122 2
19 84 2
41 68 2
9 103 2
19 140 2
49 64 2
18 92 2
7 74 2
34 45 2
28 159 1
17 97 2
13 37 2
20 128 2
2 10 2
22 152 1
2 186 2
82 86 2
23 55 2
79 83 2
61 92 2
40 74 2
8 83 2
58 77 2
23 46 2
52 124 2
65 111 2
10 56 2
70 82 2
26 57 2
12 83 2
59 140 1
9 23 2
59 98 2
0 84 2
70 92 2
7 43 2
53 147 2
16 39 2
1 155 2
2 102 2
94 97 2
35 93 2
44 178 1
60 112 2
28 67 2
97 111 2
79 139 2
6 45 2
19 117 2
57 80 2
56 175 2
4 81 2
17 96 2
55 80 2
14 152 1
72 165 2
18 65 2
3 56 2
82 165 2
7 113 2
97 100 2
45 138 2
47 53 2
86 188 1
72 166 1
65 129 1
53 73 2
0 55 2
39 83 2
96 105 2
7 38 2
25 109 2
46 158 2
73 157 2
94 144 2
86 108 2
101 151 2
54 60 2
10 78 2
49 93 2
4 32 2
19 96 2
2 56 2
80 81 2
94 95 2
51 74 2
69 78 2
49 137 2
24 73 2
19 54 2
22 70 2
11 103 2
69 116 2
5 114 1
39 96 2
80 159 2
14 73 2
61 125 1
6 130 2
2 34 2
83 156 2
10 86 2
62 93 2
32 128 2
67 152 2
74 109 2
15 50 2
10 87 2
38 97 2
27 103 2
70 183 2
4 107 2
83 144 1
68 135 1
73 95 2
30 83 2
28 175 1
29 52 2
26 43 2
48 67 2
4 58 2
46 104 2
1 18 2
2 113 2
4 46 2
11 73 2
52 68 2
12 87 2
6 112 2
77 150 2
10 105 2
63 85 2
30 187 2
13 149 2
9 55 2
59 78 2
37 60 2
23 100 2
10 60 2
65 126 2
49 88 2
17 62 2
34 175 2
94 158 2
3 58 2
60 103 2
99 102 2
34 40 2
56 168 2
23 93 2
97 107 2
17 40 2
75 96 2
8 74 2
41 58 2
35 78 2
1 61 2
39 182 1
13 180 2
11 86 2
22 99 2
15 128 1
84 91 2
22 77 2
19 42 2
36 166 2
58 110 2
23 68 2
5 92 2
10 143 2
85 167 2
43 48 2
2 68 2
23 43 2
99 168 2
12 25 2
14 90 2
2 61 2
40 96 2
36 69 2
9 188 2
108 186 1
39 169 2
112 175 2
29 53 2
33 102 2
98 131 2
64 81 2
53 186 2
4 33 2
5 60 2
40 179 2
0 113 2
33 110 2
106 116 2
57 83 2
2 108 2
76 122 1
49 109 2
74 141 2
49 72 2
47 133 2
92 156 1
64 119 2
21 96 2
42 96 2
5 58 2
18 141 2
41 78 2
45 134 2
22 88 2
60 66 2
34 81 2
60 64 2
13 68 2
18 57 2
49 111 2
69 79 2
50 80 2
53 118 1
86 116 2
22 44 2
63 80 2
48 83 2
65 67 2
34 79 2
7 40 2
5 106 2
20 103 2
41 70 2
7 144 2
31 114 2
91 113 2
91 171 1
79 86 2
89 169 2
28 30 2
87 113 2
49 174 1
13 175 2
59 169 2
3 59 2
91 103 2
108 175 2
36 178 2
40 109 2
44 143 2
100 146 2
19 80 2
58 181 1
8 27 2
50 104 2
3 23 2
107 181 1
4 152 2
104 110 2
3 82 2
43 173 1
1 55 2
5 12 2
3 84 2
94 105 2
46 76 2
23 36 2
107 184 2
3 65 2
10 59 2
112 156 1
13 73 2
103 172 2
94 99 2
110 140 2
43 122 2
10 43 2
1 107 2
24 66 2
61 167 2
37 75 2
38 69 2
72 172 2
43 84 2
75 109 2
3 45 2
8 130 2
9 85 2
6 39 2
42 178 2
59 152 2
75 161 2
31 52 2
10 71 2
43 67 2
103 171 2
35 57 2
97 113 2
19 23 2
4 62 2
25 83 2
31 50 2
77 96 2
86 89 2
56 59 2
30 84 2
26 65 2
24 32 2
22 84 2
40 76 2
10 165 2
19 52 2
2 23 2
104 107 2
99 141 1
53 93 2
7 18 2
28 104 2
89 125 2
20 44 2
23 106 2
6 110 2
12 65 2
43 52 2
49 92 2
39 188 1
94 110 2
18 102 2
50 113 2
56 134 1
7 60 2
103 143 1
10 31 2
6 90 2
13 22 2
49 154 2
4 110 2
20 52 2
42 130 1
54 71 2
5 72 2
51 58 2
100 111 2
41 82 2
70 112 2
18 64 2
51 88 2
1 31 2
28 88 2
38 95 2
29 80 2
44 130 2
7 99 2
13 18 2
76 133 2
15 59 2
65 77 2
68 74 2
4 102 2
38 79 2
12 91 2
65 68 2
1 142 2
12 67 2
24 26 2
74 83 2
39 66 2
46 126 2
33 36 2
100 101 2
45 99 2
6 70 2
36 88 2
15 17 2
28 39 2
3 154 1
77 171 2
20 33 2
38 98 2
57 189 2
113 165 2
29 41 2
57 59 2
61 162 2
30 75 2
92 112 2
17 82 2
34 164 2
6 147 1
14 16 2
66 95 2
57 88 2
1 74 2
3 89 2
57 58 2
87 172 2
62 89 2
58 93 2
74 165 2
11 154 2
38 166 2
42 141 2
12 123 2
33 38 2
70 79 2
24 107 2
15 41 2
15 34 2
80 150 1
44 171 2
28 65 2
82 158 2
101 110 2
13 31 2
62 123 2
69 143 2
103 140 1
24 86 2
55 159 2
83 112 2
44 153 2
37 150 1
51 97 2
78 130 1
25 182 2
7 46 2
5 21 2
101 137 2
64 151 1
13 65 2
56 91 2
34 38 2
21 42 2
99 148 2
14 26 2
32 42 2
70 104 2
11 62 2
82 150 2
48 106 2
15 42 2
13 99 2
103 157 2
41 119 2
31 62 2
81 94 2
49 114 1
63 90 2
44 113 2
50 72 2
56 127 1
31 56 2
55 70 2
32 140 2
86 167 1
81 93 2
63 189 2
17 57 2
59 101 2
17 59 2
8 50 2
28 83 2
38 115 2
11 30 2
45 64 2
30 122 2
52 139 2
27 33 2
70 94 2
33 186 1
63 128 2
12 81 2
14 49 2
101 102 2
104 144 1
46 99 2
26 36 2
41 86 2
59 95 2
25 68 2
65 102 2
1 6 2
6 34 2
6 19 2
19 21 2
19 53 2
62 156 1
4 54 2
105 181 2
75 104 2
16 168 2
69 133 1
32 64 2
70 166 2
0 19 2
17 88 2
1 114 2
42 109 2
16 120 2
66 105 2
2 125 1
63 110 2
5 45 2
53 71 2
4 111 2
2 71 2
21 95 2
61 99 2
83 167 1
58 106 2
2 147 2
1 78 2
1 24 2
3 120 2
12 71 2
24 61 2
11 163 2
66 150 2
39 109 2
10 154 2
47 130 2
4 30 2
69 187 1
94 148 2
8 144 2
55 106 2
52 173 2
12 99 2
61 123 2
67 142 1
10 68 2
47 84 2
56 103 2
42 129 2
50 76 2
72 87 2
19 101 2
36 138 2
47 78 2
80 136 2
68 82 2
21 109 2
47 79 2
32 101 2
20 81 2
76 97 2
49 94 2
99 105 2
57 69 2
96 130 2
75 100 2
85 151 2
80 98 2
88 132 2
24 34 2
43 154 2
7 92 2
59 150 2
102 103 2
54 106 2
33 85 2
69 77 2
75 124 2
57 105 2
96 102 2
25 38 2
47 88 2
17 98 2
33 86 2
22 52 2
32 76 2
8 115 2
39 44 2
70 101 2
38 66 2
43 113 2
24 120 2
12 96 2
3 20 2
72 180 2
73 101 2
29 157 2
45 85 2
101 113 2
34 55 2
52 83 2
3 136 1
43 103 2
75 88 2
54 151 1
87 112 2
18 70 2
53 70 2
72 104 2
8 94 2
3 163 1
19 58 2
19 90 2
113 155 2
102 105 2
82 98 2
1 57 2
35 101 2
60 69 2
65 92 2
96 113 2
47 60 2
31 86 2
106 141 1
92 100 2
72 76 2
51 161 1
74 176 2
33 62 2
72 79 2
15 93 2
95 168 2
29 36 2
37 107 2
37 80 2
84 152 2
50 158 2
55 97 2
63 71 2
84 174 2
5 51 2
33 128 2
38 127 2
88 124 2
0 56 2
68 118 2
58 62 2
18 63 2
13 92 2
41 64 2
33 147 2
23 54 2
87 155 1
6 79 2
71 74 2
24 135 2
54 64 2
63 155 2
97 120 2
73 93 2
67 113 2
23 140 2
32 135 2
16 153 2
16 53 2
76 189 2
12 39 2
76 110 2
2 153 2
79 81 2
40 56 2
12 162 2
6 83 2
75 176 1
29 79 2
102 168 2
41 110 2
29 138 1
23 49 2
58 71 2
85 108 2
61 188 1
101 182 2
91 139 1
55 73 2
106 134 2
100 109 2
27 142 2
0 3 2
3 71 2
34 93 2
31 89 2
27 42 2
5 30 2
35 74 2
32 46 2
91 100 2
3 42 2
7 111 2
23 28 2
2 33 2
15 117 2
45 60 2
36 65 2
8 96 2
6 175 2
17 90 2
4 50 2
86 92 2
24 104 2
7 59 2
64 82 2
52 100 2
100 108 2
5 68 2
13 151 2
4 119 1
67 119 1
63 94 2
29 62 2
63 146 2
66 109 2
91 105 2
28 171 2
76 188 1
79 106 2
31 70 2
55 180 1
50 169 1
74 172 2
82 105 2
50 94 2
29 111 2
5 13 2
15 23 2
79 99 2
93 162 2
111 173 1
25 57 2
24 57 2
2 15 2
37 118 2
39 95 2
35 77 2
53 100 2
53 174 2
10 93 2
95 100 2
49 86 2
26 77 2
9 104 2
28 34 2
104 112 2
15 29 2
55 174 1
17 110 2
29 81 2
65 118 2
67 91 2
55 169 2
46 71 2
7 81 2
16 86 2
62 100 2
12 20 2
85 105 2
64 104 2
25 46 2
43 78 2
5 38 2
80 161 2
95 130 2
30 62 2
11 15 2
9 30 2
47 64 2
36 104 2
15 92 2
97 174 2
24 87 2
12 58 2
15 177 2
58 146 2
20 45 2
12 104 2
71 109 2
6 42 2
39 51 2
48 108 2
30 110 2
48 82 2
27 79 2
62 104 2
23 91 2
48 184 2
37 44 2
13 71 2
66 87 2
5 113 2
77 115 1
3 100 2
112 170 2
104 147 2
6 189 2
26 52 2
76 106 2
111 146 2
75 112 2
6 133 2
24 41 2
29 33 2
30 34 2
4 91 2
60 97 2
40 88 2
6 101 2
26 125 2
56 101 2
78 104 2
112 125 2
108 129 1
99 125 2
104 156 2
0 155 1
29 147 1
91 98 2
20 108 2
67 187 1
41 92 2
90 164 2
18 60 2
101 106 2
76 89 2
92 122 1
9 96 2
44 123 2
59 107 2
58 132 2
14 173 2
53 57 2
29 82 2
21 90 2
46 84 2
47 54 2
57 181 2
48 77 2
75 128 1
31 138 2
53 63 2
36 38 2
85 106 2
36 86 2
36 143 1
49 113 2
65 156 1
80 82 2
91 93 2
27 60 2
68 85 2
70 90 2
86 100 2
54 135 2
3 74 2
14 56 2
35 103 2
20 70 2
79 104 2
71 91 2
64 91 2
37 92 2
54 77 2
38 144 2
16 55 2
67 136 1
78 119 1
21 137 2
85 157 1
4 45 2
56 86 2
2 19 2
0 149 2
10 28 2
16 85 2
29 107 2
54 149 2
2 39 2
6 148 2
77 87 2
99 151 2
93 94 2
17 76 2
6 63 2
108 182 2
59 64 2
19 132 1
106 108 2
50 112 2
39 72 2
20 48 2
72 103 2
65 95 2
34 109 2
87 111 2
1 82 2
110 147 1
14 166 2
39 79 2
10 57 2
52 118 2
45 121 2
51 55 2
49 50 2
23 113 2
48 89 2
55 116 2
51 116 2
2 144 1
34 183 2
5 146 2
23 189 2
42 102 2
24 51 2
17 80 2
21 85 2
10 84 2
79 98 2
26 89 2
57 77 2
65 94 2
3 53 2
25 112 2
74 122 2
11 34 2
80 94 2
25 56 2
5 70 2
102 135 2
31 94 2
59 97 2
0 9 2
111 134 1
8 97 2
63 101 2
55 63 2
16 65 2
30 149 2
12 177 2
109 112 2
46 87 2
70 136 2
21 112 2
44 69 2
29 87 2
59 93 2
65 144 2
91 138 2
112 137 1
26 92 2
1 151 2
55 109 2
69 186 2
13 112 2
103 158 1
90 177 2
81 97 2
9 47 2
18 59 2
13 108 2
1 4 2
45 61 2
40 58 2
25 105 2
12 122 1
45 52 2
63 125 2
60 99 2
89 147 2
18 91 2
26 104 2
35 87 2
20 132 1
52 98 2
42 92 2
43 47 2
45 56 2
90 121 2
47 162 2
50 103 2
3 24 2
39 59 2
94 120 2
103 162 1
68 71 2
82 110 2
57 148 2
66 72 2
6 77 2
34 77 2
54 113 2
30 38 2
28 108 2
7 53 2
58 73 2
8 26 2
101 121 2
71 102 2
48 123 2
38 161 2
91 124 2
12 86 2
12 68 2
66 113 2
11 116 2
38 145 2
22 87 2
29 104 2
38 55 2
10 44 2
52 53 2
17 41 2
43 98 2
32 78 2
64 69 2
2 130 1
0 44 2
14 44 2
42 103 2
101 112 2
31 90 2
0 139 1
28 92 2
21 68 2
48 109 2
18 49 2
91 181 2
19 99 2
21 76 2
46 96 2
34 82 2
89 168 2
2 8 2
60 67 2
38 108 2
103 107 2
113 149 1
13 23 2
108 180 2
17 81 2
1 185 2
59 165 1
45 112 2
34 80 2
97 172 1
72 101 2
51 60 2
79 101 2
21 162 1
76 90 2
99 109 2
11 189 2
34 87 2
28 54 2
5 55 2
9 133 1
65 106 2
31 69 2
4 11 2
49 52 2
71 124 1
25 102 2
12 165 1
19 165 2
10 27 2
113 170 2
64 106 2
47 83 2
79 170 1
46 53 2
11 92 2
73 84 2
5 103 2
80 113 2
11 47 2
2 74 2
8 24 2
51 123 1
44 104 2
81 101 2
9 70 2
59 87 2
33 136 1
4 97 2
55 85 2
106 162 2
22 151 2
10 73 2
52 112 2
57 98 2
33 87 2
36 49 2
3 76 2
58 138 2
55 181 2
35 50 2
1 73 2
41 79 2
14 21 2
41 102 2
20 56 2
34 104 2
13 52 2
75 187 1
21 93 2
0 49 2
65 121 2
51 78 2
61 133 2
24 113 2
61 129 2
71 100 2
15 49 2
13 126 2
64 94 2
44 182 1
70 185 2
5 79 2
65 108 2
43 112 2
3 38 2
42 77 2
63 69 2
59 103 2
16 68 2
59 143 1
1 103 2
58 89 2
63 105 2
33 50 2
33 58 2
109 164 2
31 66 2
16 172 1
68 72 2
69 102 2
89 109 2
9 109 2
43 74 2
10 113 2
92 129 2
10 98 2
6 115 2
27 146 2
11 100 2
3 78 2
68 108 2
35 119 2
6 118 2
38 73 2
59 123 1
26 84 2
53 175 2
111 176 1
30 54 2
45 125 1
74 102 2
50 95 2
4 90 2
73 183 2
44 78 2
100 138 1
76 85 2
59 156 1
10 25 2
2 65 2
21 67 2
68 70 2
10 130 2
47 98 2
13 155 2
97 137 2
2 26 2
3 79 2
23 97 2
10 77 2
13 134 1
46 60 2
70 109 2
15 88 2
105 174 2
18 95 2
38 110 2
91 155 1
0 103 2
61 98 2
21 176 2
104 167 2
33 55 2
63 77 2
100 168 2
4 47 2
34 90 2
87 109 2
104 129 1
22 128 2
77 99 2
24 152 2
10 69 2
84 98 2
33 140 1
9 62 2
87 187 1
69 134 2
51 178 2
60 75 2
40 142 2
56 130 2
44 92 2
5 96 2
36 112 2
83 86 2
69 94 2
93 124 1
83 132 1
54 121 2
2 90 2
64 89 2
14 83 2
26 160 2
78 111 2
63 103 2
94 106 2
113 189 2
6 23 2
47 150 2
78 83 2
10 33 2
7 21 2
80 99 2
47 174 1
60 80 2
31 95 2
51 153 2
3 75 2
80 139 1
11 124 2
113 186 2
72 74 2
20 94 2
64 114 1
69 101 2
89 101 2
1 71 2
33 37 2
6 51 2
60 74 2
80 155 2
38 67 2
105 138 2
87 167 2
53 123 1
5 46 2
35 51 2
17 103 2
60 89 2
34 51 2
109 129 2
59 70 2
25 36 2
56 94 2
61 113 2
81 127 1
35 84 2
9 92 2
21 70 2
46 97 2
74 112 2
61 88 2
24 175 1
48 143 1
60 63 2
30 123 1
77 124 2
8 77 2
85 112 2
20 73 2
0 126 1
8 55 2
11 121 1
51 141 1
5 10 2
9 100 2
62 107 2
77 149 2
82 109 2
81 103 2
25 50 2
8 34 2
24 91 2
25 97 2
52 114 1
12 158 2
24 167 2
29 89 2
66 171 1
34 78 2
69 71 2
10 164 1
73 78 2
5 99 2
75 97 2
32 34 2
105 185 2
23 77 2
103 185 1
3 99 2
0 101 2
97 162 2
67 88 2
32 40 2
32 56 2
26 101 2
84 164 2
101 108 2
54 101 2
69 189 2
1 122 1
76 163 2
43 163 1
18 187 1
7 67 2
89 187 2
80 92 2
101 103 2
28 112 2
44 109 2
1 64 2
46 75 2
52 61 2
49 61 2
26 28 2
24 96 2
72 94 2
44 79 2
29 136 2
47 69 2
56 105 2
2 109 2
44 135 2
98 183 2
91 101 2
44 82 2
68 75 2
106 153 1
66 107 2
71 80 2
35 186 1
56 75 2
43 117 2
18 106 2
16 98 2
8 105 2
19 22 2
31 113 2
24 138 2
9 137 2
9 154 2
14 57 2
91 133 1
0 104 2
25 61 2
31 178 1
25 80 2
6 54 2
71 135 2
14 146 1
64 83 2
95 148 2
97 103 2
21 106 2
54 108 2
56 61 2
10 95 2
41 95 2
37 67 2
58 189 2
29 46 2
1 162 1
62 110 2
73 77 2
36 102 2
18 94 2
20 102 2
32 60 2
15 185 2
81 111 2
38 87 2
56 179 2
66 98 2
65 107 2
18 78 2
3 54 2
49 102 2
50 56 2
48 80 2
106 115 2
46 83 2
78 93 2
10 62 2
48 75 2
16 189 2
48 87 2
61 85 2
77 97 2
79 142 2
50 100 2
53 96 2
1 35 2
52 110 2
5 187 1
105 149 2
95 105 2
35 99 2
80 84 2
8 54 2
8 133 1
61 81 2
38 52 2
67 104 2
36 89 2
90 113 2
76 93 2
16 176 2
27 52 2
37 69 2
7 58 2
64 147 2
61 91 2
40 52 2
71 176 2
13 82 2
3 135 2
16 76 2
12 108 2
73 140 2
20 47 2
19 130 1
41 184 2
13 46 2
30 177 2
17 142 2
28 32 2
22 80 2
98 99 2
11 173 2
93 110 2
6 15 2
69 76 2
77 156 2
105 136 1
93 171 2
54 59 2
81 88 2
11 66 2
28 101 2
100 148 1
6 26 2
40 64 2
34 110 2
25 127 2
30 78 2
61 71 2
3 37 2
9 48 2
54 170 2
46 47 2
22 28 2
43 110 2
64 101 2
38 56 2
72 78 2
88 99 2
80 97 2
16 29 2
83 109 2
88 184 2
45 166 1
75 157 2
24 52 2
96 109 2
8 32 2
107 112 2
17 188 2
28 188 2
55 61 2
48 94 2
85 127 1
71 112 2
16 117 2
34 73 2
27 36 2
1 131 2
40 95 2
69 162 2
95 126 1
50 102 2
22 174 2
44 68 2
21 41 2
3 87 2
83 84 2
39 121 1
24 103 2
22 90 2
73 110 2
52 93 2
67 81 2
87 104 2
68 91 2
32 88 2
27 105 2
32 123 2
44 51 2
36 100 2
29 96 2
70 86 2
104 108 2
66 93 2
20 188 2
66 156 2
18 22 2
73 111 2
72 100 2
46 69 2
113 183 1
106 160 1
60 120 2
18 161 1
41 120 2
32 61 2
108 148 1
30 40 2
43 186 1
59 65 2
89 153 1
33 89 2
68 143 2
112 165 2
92 184 2
78 115 1
42 82 2
80 160 2
9 27 2
10 96 2
7 72 2
40 108 2
15 24 2
57 112 2
56 63 2
58 168 1
37 63 2
1 189 1
30 97 2
31 106 2
30 87 2
11 167 2
27 78 2
20 23 2
1 90 2
63 127 1
25 171 2
6 75 2
12 78 2
17 61 2
52 161 2
66 76 2
58 79 2
6 178 2
27 43 2
90 103 2
78 148 2
18 109 2
24 68 2
9 146 2
6 163 1
16 67 2
5 61 2
45 91 2
17 37 2
23 80 2
79 93 2
33 83 2
58 105 2
27 80 2
24 187 2
22 102 2
21 52 2
79 100 2
32 71 2
51 183 2
5 163 2
65 110 2
65 120 2
45 124 2
95 103 2
44 45 2
7 51 2
40 62 2
56 71 2
8 39 2
12 59 2
27 111 2
40 131 2
62 75 2
7 10 2
8 81 2
38 109 2
73 108 2
33 134 2
37 53 2
113 151 2
70 114 2
2 62 2
4 173 1
29 59 2
13 147 2
39 116 2
29 105 2
65 79 2
81 186 2
5 43 2
10 115 2
3 95 2
107 156 2
26 168 2
36 51 2
11 49 2
65 134 2
61 104 2
59 105 2
14 76 2
23 110 2
43 116 2
89 133 1
20 65 2
28 70 2
90 96 2
41 60 2
88 93 2
11 105 2
10 13 2
56 98 2
97 150 2
106 149 1
22 36 2
41 109 2
3 68 2
21 187 1
94 112 2
81 170 1
43 123 2
67 103 2
2 163 1
31 100 2
13 85 2
86 187 2
88 131 2
7 37 2
46 154 2
52 77 2
70 107 2
75 138 2
32 145 2
12 57 2
24 38 2
9 108 2
19 82 2
100 113 2
82 170 2
84 96 2
34 102 2
70 78 2
70 108 2
39 107 2
32 96 2
26 73 2
25 91 2
37 151 2
100 106 2
22 49 2
49 175 2
75 78 2
19 40 2
39 98 2
9 144 2
33 116 2
59 111 2
16 93 2
15 150 2
95 97 2
27 145 2
21 48 2
32 74 2
46 111 2
0 105 2
99 101 2
24 58 2
96 168 2
24 189 2
107 163 2
17 35 2
72 83 2
81 165 1
34 42 2
54 187 1
24 95 2
28 58 2
31 88 2
68 69 2
54 143 2
33 44 2
32 63 2
5 127 2
48 81 2
67 153 1
43 63 2
21 39 2
8 90 2
34 103 2
58 103 2
33 47 2
0 22 2
10 103 2
27 177 2
18 26 2
70 85 2
26 41 2
18 144 2
87 176 1
13 107 2
46 110 2
107 172 2
93 165 1
32 94 2
60 93 2
54 182 2
87 95 2
39 48 2
2 32 2
34 63 2
17 156 2
29 77 2
26 107 2
42 186 2
25 85 2
15 184 1
82 161 2
23 187 2
15 27 2
71 93 2
16 48 2
6 11 2
22 34 2
41 55 2
10 11 2
74 107 2
81 141 2
61 84 2
7 27 2
93 117 1
94 180 2
51 155 2
24 147 1
40 89 2
7 47 2
60 102 2
60 136 2
99 121 1
111 124 2
19 50 2
6 84 2
43 126 1
40 71 2
15 148 2
65 161 1
0 74 2
74 110 2
96 156 2
26 35 2
50 99 2
27 84 2
58 107 2
44 97 2
30 101 2
55 124 2
8 57 2
8 146 2
101 164 2
4 108 2
83 108 2
76 187 2
92 117 1
80 96 2
30 33 2
86 164 1
16 30 2
74 129 2
55 184 2
92 121 1
16 165 2
32 175 1
3 125 1
1 89 2
5 78 2
61 101 2
10 72 2
40 104 2
27 61 2
18 41 2
5 95 2
64 112 2
19 187 1
32 150 2
36 97 2
22 31 2
8 38 2
0 4 2
57 121 1
60 88 2
24 60 2
68 105 2
7 90 2
43 111 2
45 54 2
25 64 2
88 91 2
71 78 2
28 189 2
89 146 2
26 178 2
29 110 2
8 37 2
66 86 2
70 88 2
41 80 2
25 146 2
31 83 2
104 142 1
94 150 2
30 77 2
84 86 2
20 117 1
12 27 2
103 110 2
42 48 2
59 100 2
19 78 2
93 136 2
10 161 2
87 108 2
29 48 2
67 79 2
0 96 2
88 105 2
26 38 2
84 108 2
22 109 2
17 148 2
20 68 2
27 64 2
41 85 2
79 161 2
17 45 2
67 127 2
53 95 2
1 66 2
30 46 2
35 63 2
52 104 2
36 85 2
29 97 2
27 29 2
18 56 2
49 105 2
59 161 1
35 104 2
51 185 1
51 93 2
24 185 1
38 153 1
48 84 2
2 51 2
33 96 2
1 14 2
18 127 1
38 43 2
81 123 2
17 33 2
7 22 2
22 61 2
35 100 2
32 111 2
94 103 2
23 66 2
49 83 2
100 158 1
6 96 2
29 68 2
24 70 2
34 178 1
84 116 2
90 105 2
18 25 2
15 115 2
30 71 2
39 75 2
93 155 2
20 83 2
27 122 2
86 104 2
31 119 2
4 60 2
50 90 2
11 37 2
24 88 2
72 84 2
9 35 2
0 131 1
48 71 2
6 35 2
32 95 2
15 31 2
55 176 1
48 70 2
70 110 2
2 72 2
22 137 1
36 107 2
21 80 2
14 59 2
66 178 1
103 104 2
88 94 2
25 71 2
3 60 2
73 170 2
110 117 2
104 185 1
6 41 2
47 95 2
9 80 2
11 89 2
91 120 2
52 74 2
72 92 2
6 48 2
34 101 2
10 52 2
21 65 2
54 78 2
19 74 2
0 68 2
70 160 2
43 50 2
58 184 2
41 74 2
78 86 2
72 85 2
28 111 2
31 51 2
44 88 2
57 110 2
38 91 2
5 48 2
81 90 2
62 127 2
74 80 2
2 22 2
22 57 2
32 79 2
7 65 2
74 152 1
100 102 2
28 183 2
58 74 2
42 45 2
44 66 2
59 92 2
54 81 2
32 50 2
45 115 2
6 102 2
18 165 1
61 65 2
50 66 2
15 52 2
96 150 2
31 145 1
63 129 1
84 112 2
4 51 2
46 90 2
106 119 1
82 88 2
2 185 1
34 130 2
64 80 2
56 83 2
13 86 2
23 149 1
62 73 2
109 156 1
18 74 2
86 105 2
19 39 2
52 90 2
64 107 2
95 124 2
38 128 2
14 37 2
105 112 2
4 76 2
61 154 2
30 70 2
4 113 2
30 104 2
68 110 2
74 87 2
58 76 2
67 109 2
51 57 2
12 51 2
53 58 2
7 139 2
7 171 2
10 179 2
44 52 2
13 66 2
20 179 2
46 100 2
24 59 2
94 98 2
2 84 2
80 174 2
86 142 1
22 161 1
1 53 2
60 186 2
14 19 2
60 109 2
73 119 2
69 88 2
105 130 1
3 61 2
47 164 1
47 74 2
26 121 2
96 152 2
75 87 2
67 93 2
8 14 2
16 84 2
76 140 1
63 119 1
77 104 2
44 101 2
27 54 2
86 112 2
63 170 1
42 113 2
57 79 2
76 100 2
105 178 2
66 82 2
53 144 1
10 20 2
17 70 2
51 106 2
7 101 2
7 109 2
28 173 1
109 183 2
48 98 2
70 111 2
16 17 2
53 84 2
81 118 2
95 98 2
23 81 2
11 33 2
81 188 1
47 99 2
0 31 2
67 128 1
45 137 2
87 110 2
32 67 2
27 30 2
8 75 2
61 94 2
98 113 2
45 48 2
51 139 1
42 57 2
84 182 2
58 63 2
59 76 2
13 67 2
13 187 1
17 115 2
32 113 2
10 66 2
83 142 2
6 62 2
45 66 2
13 58 2
4 84 2
32 62 2
99 183 1
15 45 2
17 89 2
51 92 2
60 100 2
55 135 2
59 60 2
22 27 2
25 55 2
106 110 2
27 67 2
9 63 2
54 176 1
9 71 2
82 164 2
46 65 2
38 102 2
53 108 2
45 106 2
1 20 2
5 64 2
5 22 2
84 106 2
25 96 2
39 65 2
109 166 2
67 111 2
8 177 2
62 109 2
93 142 1
16 31 2
91 125 2
49 100 2
4 5 2
40 90 2
55 89 2
93 98 2
62 86 2
8 46 2
39 87 2
92 96 2
75 99 2
8 19 2
24 125 2
34 76 2
6 128 1
12 89 2
7 78 2
63 86 2
4 40 2
7 26 2
42 53 2
39 63 2
71 85 2
58 88 2
32 59 2
17 137 2
20 39 2
95 129 2
35 168 1
37 61 2
65 173 1
1 7 2
72 88 2
8 158 2
12 40 2
50 137 2
5 9 2
37 123 2
6 89 2
105 126 2
10 109 2
85 90 2
12 38 2
22 104 2
71 147 2
73 80 2
18 140 2
64 100 2
96 100 2
80 185 2
84 155 1
35 135 1
1 75 2
3 98 2
18 52 2
91 102 2
44 129 2
0 57 2
21 127 1
3 108 2
40 147 1
14 101 2
49 189 1
75 131 2
21 29 2
77 84 2
17 51 2
29 56 2
9 13 2
88 95 2
45 57 2
58 69 2
30 41 2
69 95 2
68 98 2
37 38 2
82 186 2
73 104 2
7 49 2
42 104 2
33 69 2
42 90 2
11 83 2
0 107 2
9 81 2
19 32 2
22 40 2
43 102 2
55 185 2
6 157 2
49 71 2
20 176 2
110 122 2
14 164 1
2 120 2
24 53 2
0 53 2
62 83 2
38 113 2
69 108 2
27 92 2
56 68 2
3 139 1
61 76 2
26 69 2
51 148 1
9 138 1
33 100 2
100 182 2
14 67 2
65 75 2
32 81 2
22 158 2
41 50 2
19 93 2
19 71 2
31 149 2
11 120 2
7 84 2
95 183 2
71 94 2
81 113 2
69 92 2
55 86 2
33 71 2
35 65 2
38 70 2
108 185 2
46 171 2
110 113 2
60 115 1
94 173 1
60 184 2
57 70 2
11 117 1
39 112 2
84 114 2
39 175 2
0 51 2
65 96 2
69 83 2
14 181 2
31 116 1
0 64 2
91 148 1
92 159 2
64 105 2
44 114 2
66 89 2
36 103 2
78 91 2
39 171 2
53 77 2
17 100 2
57 111 2
35 39 2
8 30 2
48 151 2
102 153 1
4 44 2
23 24 2
111 156 2
102 104 2
15 178 2
78 88 2
112 131 2
0 98 2
53 99 2
36 57 2
29 140 1
113 172 1
10 14 2
43 105 2
41 89 2
15 77 2
9 83 2
94 176 2
13 98 2
15 100 2
93 111 2
0 1 2
71 73 2
50 86 2
6 27 2
17 71 2
41 104 2
39 106 2
10 61 2
10 40 2
4 39 2
25 89 2
30 67 2
89 99 2
44 96 2
54 84 2
14 69 2
66 71 2
112 182 2
84 145 1
22 54 2
46 116 2
13 90 2
6 8 2
83 95 2
70 98 2
72 134 1
57 67 2
7 87 2
23 102 2
15 84 2
41 168 2
23 96 2
78 184 2
35 94 2
35 85 2
49 90 2
3 113 2
57 149 2
64 154 1
43 128 2
58 102 2
28 53 2
21 101 2
45 87 2
7 29 2
35 188 2
65 112 2
94 170 2
18 87 2
30 53 2
14 94 2
53 104 2
83 172 2
34 44 2
71 101 2
43 66 2
70 103 2
108 130 2
19 113 2
87 97 2
10 34 2
35 58 2
40 79 2
77 110 2
20 100 2
38 45 2
14 162 2
11 181 1
4 92 2
41 161 1
93 113 2
46 89 2
23 30 2
20 32 2
67 138 1
4 26 2
72 75 2
33 166 2
58 133 2
51 82 2
113 163 2
73 113 2
10 23 2
31 128 2
19 131 1
24 97 2
42 79 2
58 64 2
39 57 2
57 131 2
28 124 2
39 74 2
45 55 2
25 53 2
6 16 2
41 176 2
35 106 2
12 66 2
86 113 2
20 31 2
61 148 2
0 38 2
84 87 2
31 115 1
14 154 2
2 40 2
60 72 2
7 75 2
62 78 2
2 16 2
39 68 2
52 96 2
25 28 2
90 129 1
42 159 2
28 115 2
30 120 2
72 147 2
83 152 1
21 31 2
47 156 1
70 81 2
98 111 2
36 94 2
62 77 2
64 79 2
9 60 2
52 99 2
37 56 2
60 82 2
62 160 2
23 181 2
14 24 2
27 106 2
48 61 2
14 88 2
39 58 2
24 39 2
77 103 2
69 128 2
7 69 2
74 95 2
86 170 1
72 158 1
40 78 2
76 123 1
40 82 2
43 54 2
42 63 2
37 100 2
88 90 2
36 131 2
13 127 1
24 69 2
93 123 2
113 169 2
31 161 2
11 101 2
96 107 2
30 109 2
4 178 1
14 89 2
82 94 2
22 37 2
100 163 2
53 169 2
26 105 2
51 152 2
77 148 2
2 42 2
1 85 2
7 64 2
33 122 2
9 117 1
55 107 2
79 113 2
93 128 2
82 85 2
62 113 2
9 25 2
30 114 2
9 54 2
0 102 2
79 82 2
29 113 2
0 36 2
24 56 2
69 112 2
30 105 2
14 53 2
42 43 2
17 32 2
97 183 2
77 93 2
30 94 2
90 92 2
101 174 2
9 29 2
47 59 2
17 93 2
6 106 2
105 113 2
75 98 2
63 67 2
93 130 1
8 29 2
29 177 2
111 119 2
54 152 2
81 149 2
41 100 2
56 62 2
71 104 2
31 97 2
66 97 2
27 102 2
42 69 2
57 124 2
15 114 2
82 172 2
50 62 2
21 26 2
20 62 2
42 84 2
15 103 2
17 24 2
45 103 2
17 18 2
60 96 2
23 82 2
32 65 2
4 27 2
16 33 2
51 99 2
48 120 2
28 100 2
77 90 2
36 77 2
64 122 1
29 90 2
1 121 1
29 45 2
20 72 2
20 75 2
44 95 2
43 131 2
77 128 2
79 102 2
37 85 2
31 91 2
66 85 2
38 105 2
55 60 2
57 142 2
11 53 2
20 59 2
82 96 2
32 133 2
42 167 1
89 150 2
5 40 2
73 128 2
16 27 2
3 67 2
34 43 2
21 40 2
11 138 2
67 101 2
62 99 2
0 34 2
81 87 2
5 94 2
12 70 2
27 112 2
92 104 2
69 91 2
28 52 2
36 106 2
53 69 2
109 132 2
83 160 1
11 27 2
35 36 2
100 124 2
35 41 2
62 171 2
14 78 2
105 109 2
15 132 2
53 98 2
36 82 2
13 106 2
35 178 2
30 165 1
22 71 2
48 64 2
71 111 2
17 176 2
44 49 2
14 38 2
18 170 1
18 76 2
27 107 2
46 165 2
10 101 2
15 61 2
34 89 2
51 75 2
10 15 2
50 176 2
113 150 1
71 158 2
35 134 2
20 53 2
1 81 2
53 139 2
26 80 2
50 180 1
27 51 2
24 98 2
53 128 1
26 66 2
4 79 2
77 109 2
53 146 2
17 42 2
109 188 2
43 90 2
101 157 2
105 129 2
18 139 1
3 104 2
11 60 2
9 106 2
37 49 2
80 100 2
88 98 2
1 105 2
62 130 2
52 89 2
44 58 2
94 123 1
63 87 2
37 73 2
4 164 2
33 91 2
10 137 1
5 39 2
25 39 2
16 28 2
3 22 2
42 60 2
27 41 2
2 143 1
31 49 2
21 82 2
100 115 2
94 177 2
10 46 2
7 89 2
49 81 2
2 66 2
11 137 2
75 188 2
23 26 2
12 105 2
0 46 2
11 188 2
8 35 2
55 126 2
25 92 2
65 109 2
75 108 2
16 49 2
112 143 2
18 184 1
74 149 2
39 71 2
21 103 2
78 90 2
1 93 2
13 15 2
4 165 1
31 80 2
16 40 2
12 131 1
84 92 2
1 28 2
59 137 2
95 108 2
50 188 1
85 181 2
97 117 2
31 152 2
20 180 2
21 43 2
61 163 2
3 30 2
47 76 2
16 77 2
41 138 2
37 160 2
65 137 2
2 28 2
11 76 2
0 94 2
8 10 2
28 154 1
63 106 2
22 125 1
75 110 2
23 72 2
28 97 2
34 151 2
103 167 1
21 54 2
47 62 2
5 144 1
25 70 2
21 69 2
102 110 2
97 109 2
110 142 1
82 101 2
31 78 2
16 107 2
18 58 2
11 99 2
47 102 2
7 73 2
4 179 2
63 96 2
48 111 2
8 13 2
59 72 2
30 58 2
66 128 2
21 35 2
47 57 2
59 62 2
24 101 2
45 145 1
18 28 2
99 139 2
1 51 2
32 69 2
71 139 2
35 112 2
111 171 1
61 183 1
25 32 2
15 74 2
70 143 1
9 50 2
48 69 2
33 63 2
0 15 2
8 139 2
58 169 2
0 28 2
6 124 2
20 158 2
17 122 2
94 187 2
30 100 2
87 188 2
22 58 2
78 128 1
25 158 2
87 100 2
37 114 1
15 56 2
72 97 2
5 49 2
50 129 2
47 87 2
112 122 2
64 177 1
51 112 2
31 36 2
102 126 2
37 74 2
73 177 2
23 34 2
32 44 2
22 53 2
57 72 2
48 119 2
89 148 2
66 83 2
103 165 1
36 84 2
43 68 2
98 166 1
14 96 2
32 48 2
1 13 2
31 144 2
12 107 2
81 122 2
22 108 2
64 113 2
110 121 2
110 126 1
33 39 2
91 188 2
71 118 1
42 112 2
2 63 2
42 52 2
32 80 2
34 64 2
53 107 2
12 115 2
100 134 2
49 179 1
79 80 2
10 76 2
69 180 2
11 19 2
47 143 2
39 86 2
87 121 2
36 53 2
30 82 2
14 102 2
9 98 2
67 110 2
55 93 2
12 134 1
12 15 2
8 66 2
109 114 2
3 48 2
34 143 1
19 143 1
51 109 2
84 133 2
77 157 2
55 68 2
16 95 2
15 36 2
51 126 2
28 41 2
57 137 2
21 184 2
16 148 2
10 83 2
47 108 2
91 106 2
6 174 2
70 148 2
79 154 2
54 132 2
107 110 2
15 123 1
16 79 2
2 29 2
87 91 2
29 65 2
39 80 2
73 107 2
10 63 2
76 112 2
15 105 2
111 125 2
23 85 2
103 145 1
5 101 2
74 117 2
6 25 2
12 97 2
52 94 2
63 89 2
1 101 2
38 88 2
79 148 2
30 176 2
20 93 2
11 52 2
6 179 2
8 109 2
56 66 2
86 111 2
38 49 2
75 111 2
43 88 2
37 97 2
98 148 1
103 134 2
38 177 1
66 127 1
43 83 2
12 146 1
102 148 1
21 24 2
54 57 2
9 107 2
30 133 2
76 117 1
37 79 2
11 112 2
26 85 2
88 163 1
56 60 2
45 97 2
64 96 2
14 91 2
56 80 2
66 102 2
18 31 2
30 59 2
92 125 2
51 70 2
64 148 1
62 72 2
22 91 2
25 73 2
16 60 2
45 46 2
75 94 2
0 63 2
28 89 2
83 103 2
110 187 1
77 154 1
56 183 2
37 110 2
58 80 2
71 99 2
25 94 2
62 103 2
61 111 2
18 37 2
12 41 2
14 51 2
23 40 2
0 35 2
66 94 2
63 171 2
68 127 2
17 20 2
67 100 2
20 77 2
28 177 1
42 78 2
54 70 2
13 113 2
66 167 2
10 82 2
7 95 2
40 157 1
17 106 2
34 95 2
36 39 2
30 80 2
46 72 2
64 92 2
23 107 2
10 168 2
20 99 2
28 95 2
71 113 2
14 60 2
13 144 2
38 75 2
55 56 2
34 181 1
74 113 2
25 90 2
37 81 2
79 105 2
88 162 2
28 85 2
54 79 2
68 169 2
8 110 2
9 33 2
67 85 2
30 115 2
52 80 2
30 68 2
35 60 2
86 149 2
2 104 2
36 114 2
57 103 2
0 11 2
64 97 2
49 79 2
64 72 2
16 105 2
3 18 2
28 46 2
31 73 2
42 88 2
12 85 2
28 78 2
6 40 2
94 114 2
41 62 2
49 57 2
86 119 2
79 92 2
80 111 2
106 182 2
43 136 1
65 81 2
11 79 2
48 78 2
19 92 2
4 98 2
111 131 2
31 110 2
86 90 2
0 69 2
53 155 2
79 108 2
62 145 2
1 63 2
27 71 2
38 81 2
18 146 1
84 184 2
23 172 2
10 21 2
100 132 2
3 85 2
6 44 2
7 16 2
111 161 2
39 84 2
56 110 2
79 131 1
19 72 2
7 48 2
97 145 2
36 73 2
24 31 2
73 116 2
106 188 2
23 78 2
63 65 2
16 92 2
78 79 2
108 121 2
52 175 1
66 174 2
4 16 2
89 121 2
103 109 2
59 154 2
2 14 2
102 115 2
63 68 2
30 112 2
81 102 2
91 111 2
105 119 1
105 115 1
58 85 2
14 63 2
69 75 2
90 111 2
72 96 2
38 116 2
23 88 2
70 99 2
33 135 2
45 63 2
17 46 2
88 113 2
85 137 2
24 106 2
1 77 2
5 62 2
9 73 2
83 106 2
2 49 2
91 156 2
88 142 1
5 28 2
57 91 2
72 86 2
22 163 1
64 71 2
73 99 2
5 77 2
87 123 2
53 172 1
87 153 1
74 164 2
12 88 2
50 89 2
91 174 1
7 97 2
44 61 2
9 94 2
45 95 2
1 83 2
36 121 1
29 60 2
106 112 2
61 63 2
79 168 1
38 90 2
48 88 2
89 111 2
52 67 2
24 164 2
67 114 2
42 100 2
46 78 2
81 92 2
22 188 2
83 102 2
1 123 1
1 112 2
0 59 2
20 27 2
1 12 2
65 131 1
76 104 2
2 77 2
36 130 2
49 85 2
61 108 2
17 58 2
20 161 2
40 84 2
21 28 2
80 90 2
53 75 2
89 154 2
30 35 2
15 18 2
13 48 2
41 45 2
28 49 2
37 90 2
93 182 2
0 7 2
2 9 2
39 153 2
59 88 2
38 188 2
45 126 2
38 61 2
24 100 2
13 160 2
89 104 2
53 138 2
14 113 2
24 80 2
74 127 2
23 70 2
26 102 2
64 169 1
60 73 2
50 55 2
43 57 2
31 35 2
101 167 2
13 35 2
39 176 1
63 100 2
70 165 2
94 142 2
34 106 2
110 120 2
43 97 2
29 50 2
60 156 2
32 82 2
3 29 2
93 126 2
14 129 2
60 71 2
100 110 2
12 18 2
70 113 2
24 150 2
4 67 2
16 88 2
67 73 2
14 30 2
31 43 2
86 189 2
25 148 1
38 154 2
25 41 2
18 130 2
105 106 2
94 151 2
46 62 2
8 42 2
74 100 2
25 45 2
56 144 2
22 175 2
19 146 1
4 109 2
25 118 2
21 51 2
1 76 2
19 154 2
101 122 1
83 139 1
5 172 1
0 62 2
44 63 2
14 81 2
15 21 2
36 68 2
32 72 2
7 105 2
42 74 2
79 90 2
44 119 2
56 77 2
5 88 2
108 116 2
28 186 1
72 187 1
89 110 2
107 109 2
17 112 2
33 51 2
71 169 2
88 188 2
19 109 2
18 50 2
40 87 2
15 181 1
11 82 2
50 142 1
14 23 2
58 123 1
3 51 2
17 26 2
41 47 2
45 50 2
42 49 2
25 58 2
25 107 2
2 25 2
38 72 2
89 96 2
103 147 2
6 104 2
18 116 2
104 137 2
30 50 2
64 99 2
0 71 2
51 96 2
36 147 2
92 107 2
29 181 1
18 90 2
86 114 2
12 182 1
48 100 2
2 44 2
8 45 2
35 147 1
23 83 2
44 86 2
33 65 2
1 96 2
82 145 2
31 58 2
24 25 2
45 67 2
22 120 2
37 84 2
12 32 2
9 57 2
45 53 2
23 48 2
28 55 2
22 32 2
104 164 2
48 56 2
59 113 2
31 65 2
9 175 2
61 134 1
74 99 2
37 103 2
53 158 2
60 68 2
21 33 2
11 104 2
32 73 2
30 91 2
54 188 2
16 110 2
93 114 2
33 64 2
51 100 2
90 188 1
37 116 2
10 123 1
56 106 2
21 32 2
16 100 2
55 78 2
81 159 1
45 81 2
87 89 2
68 73 2
57 64 2
79 88 2
63 118 2
54 103 2
13 28 2
37 50 2
33 82 2
91 135 2
51 89 2
33 76 2
66 91 2
25 26 2
18 19 2
56 181 1
21 94 2
4 94 2
49 101 2
74 96 2
52 71 2
21 59 2
94 147 2
81 82 2
10 118 1
58 94 2
61 118 2
38 92 2
9 56 2
14 28 2
11 18 2
70 162 1
4 83 2
46 120 1
38 42 2
81 112 2
37 82 2
65 188 2
58 66 2
62 68 2
50 133 1
107 151 1
84 103 2
101 105 2
18 93 2
44 48 2
36 37 2
29 31 2
2 111 2
18 99 2
47 91 2
11 20 2
33 162 2
23 37 2
23 56 2
61 72 2
15 136 1
15 30 2
57 163 2
12 125 2
12 55 2
29 61 2
60 139 2
64 149 2
69 139 2
25 173 2
87 98 2
21 186 2
41 99 2
34 97 2
21 173 2
5 24 2
13 103 2
50 98 2
49 69 2
84 160 2
25 120 1
62 105 2
32 174 2
14 180 2
15 122 1
19 55 2
81 167 2
75 120 1
16 82 2
38 46 2
104 176 2
54 102 2
47 55 2
17 86 2
43 100 2
45 71 2
11 90 2
103 148 2
51 95 2
31 53 2
113 129 2
12 74 2
46 118 2
67 137 2
6 56 2
66 101 2
41 131 2
34 49 2
40 98 2
68 111 2
40 54 2
93 100 2
26 47 2
37 86 2
92 98 2
106 158 2
28 45 2
62 84 2
25 54 2
54 91 2
37 77 2
31 173 2
35 105 2
10 16 2
27 110 2
104 119 1
34 52 2
73 100 2
65 100 2
8 103 2
36 67 2
8 67 2
0 75 2
15 35 2
30 51 2
22 93 2
81 83 2
2 122 2
38 119 2
71 75 2
104 165 1
16 81 2
44 70 2
92 102 2
38 83 2
53 119 2
46 77 2
19 73 2
84 111 2
29 84 2
81 110 2
92 180 2
9 124 2
76 113 2
1 113 2
11 58 2
27 162 2
53 101 2
93 178 2
65 170 2
24 99 2
31 40 2
84 110 2
15 188 2
28 42 2
7 50 2
71 92 2
29 32 2
8 78 2
24 172 1
8 71 2
77 164 1
20 46 2
3 94 2
78 98 2
74 76 2
2 112 2
54 171 2
101 158 1
90 167 2
45 90 2
36 136 2
54 75 2
24 54 2
41 61 2
35 108 2
69 100 2
78 105 2
108 150 2
40 44 2
85 175 2
104 177 2
49 82 2
62 63 2
19 35 2
65 184 1
9 145 2
36 76 2
5 69 2
80 93 2
64 74 2
49 53 2
42 105 2
98 107 2
11 151 2
102 185 1
36 108 2
6 181 1
56 90 2
79 97 2
60 87 2
74 137 1
3 50 2
3 10 2
43 45 2
16 101 2
94 140 1
23 31 2
13 17 2
5 74 2
61 102 2
52 86 2
10 48 2
96 120 2
33 92 2
15 96 2
24 90 2
13 41 2
45 69 2
0 43 2
61 79 2
49 104 2
107 142 2
11 96 2
43 61 2
27 108 2
73 86 2
4 19 2
51 101 2
8 111 2
73 82 2
7 70 2
60 167 2
57 66 2
46 107 2
81 105 2
23 29 2
0 79 2
1 110 2
46 173 2
13 101 2
41 72 2
37 170 1
48 182 1
0 99 2
3 28 2
65 76 2
42 155 2
62 98 2
55 137 2
29 38 2
1 99 2
9 66 2
78 125 1
93 106 2
29 174 1
36 156 1
67 165 2
50 73 2
2 11 2
14 86 2
24 40 2
84 183 2
32 106 2
32 53 2
53 109 2
89 142 2
39 99 2
6 37 2
86 157 2
44 111 2
57 187 1
77 176 1
40 69 2
26 97 2
15 32 2
76 121 2
7 147 2
8 62 2
32 142 2
35 102 2
83 98 2
67 71 2
1 80 2
30 61 2
36 144 1
45 89 2
35 52 2
41 103 2
60 154 2
81 116 1
30 45 2
46 106 2
61 73 2
24 71 2
79 112 2
56 69 2
45 105 2
87 103 2
18 38 2
27 182 2
24 122 2
44 183 2
21 62 2
90 112 2
96 99 2
87 94 2
1 92 2
46 68 2
37 43 2
73 149 1
31 61 2
11 93 2
19 61 2
26 58 2
95 150 2
39 93 2
16 78 2
61 66 2
9 22 2
60 155 2
10 30 2
33 81 2
51 165 2
10 99 2
18 77 2
57 122 1
93 97 2
49 70 2
86 91 2
73 136 2
71 88 2
2 78 2
33 109 2
91 110 2
43 139 2
24 81 2
32 45 2
3 130 1
26 82 2
35 75 2
97 99 2
17 95 2
9 32 2
35 47 2
86 94 2
36 161 2
29 159 2
33 153 2
3 47 2
47 66 2
28 60 2
16 113 2
77 139 2
27 96 2
16 146 2
10 38 2
37 48 2
3 35 2
62 81 2
25 81 2
14 84 2
75 93 2
64 183 1
0 6 2
15 110 2
72 110 2
54 138 2
43 51 2
36 109 2
53 61 2
89 90 2
11 187 2
64 102 2
8 20 2
64 103 2
55 130 1
2 43 2
5 37 2
66 67 2
46 109 2
1 97 2
96 185 2
83 90 2
44 98 2
95 114 2
29 83 2
40 65 2
33 93 2
9 111 2
34 111 2
56 93 2
73 79 2
102 139 2
42 58 2
30 144 1
1 26 2
107 179 2
22 81 2
8 69 2
17 107 2
20 61 2
8 99 2
9 74 2
19 30 2
44 64 2
96 126 2
57 106 2
63 83 2
35 98 2
56 99 2
83 101 2
9 79 2
64 66 2
45 70 2
49 54 2
25 27 2
28 118 2
79 188 2
3 33 2
95 99 2
59 186 1
2 173 2
58 92 2
73 171 1
90 98 2
21 22 2
25 44 2
34 176 2
48 91 2
55 125 1
17 126 2
110 134 2
92 147 2
1 120 1
41 133 1
79 89 2
94 137 1
47 48 2
30 32 2
15 71 2
2 41 2
62 122 2
58 166 2
78 171 2
34 170 2
1 15 2
80 186 1
34 69 2
43 76 2
29 165 1
18 42 2
39 64 2
76 105 2
3 52 2
35 123 1
1 106 2
28 138 1
0 39 2
3 19 2
74 181 1
9 26 2
27 66 2
34 62 2
11 17 2
6 135 2
72 108 2
35 56 2
108 155 2
75 162 2
23 73 2
88 102 2
35 71 2
92 130 2
31 125 2
0 8 2
18 103 2
53 114 2
55 134 1
24 162 2
80 118 2
98 185 1
41 96 2
76 109 2
88 97 2
26 111 2
29 88 2
8 43 2
27 109 2
34 75 2
50 93 2
37 64 2
35 49 2
22 100 2
60 114 1
23 41 2
54 144 2
37 132 2
48 132 2
12 139 2
78 107 2
30 113 2
26 136 2
19 69 2
6 72 2
25 42 2
81 161 2
63 91 2
75 163 2
3 179 2
38 103 2
56 58 2
29 103 2
57 107 2
72 128 2
88 100 2
52 95 2
10 114 2
18 167 2
94 113 2
21 110 2
14 97 2
33 98 2
28 48 2
2 141 1
15 39 2
0 42 2
17 78 2
17 124 2
30 108 2
65 83 2
44 102 2
45 152 2
18 105 2
4 31 2
96 110 2
41 149 2
20 142 2
7 33 2
96 111 2
54 58 2
29 134 2
9 16 2
87 160 2
65 97 2
35 79 2
5 108 2
23 42 2
26 68 2
42 98 2
67 68 2
3 174 2
7 82 2
23 47 2
52 54 2
53 143 2
40 51 2
78 81 2
5 65 2
88 111 2
86 107 2
18 48 2
75 130 2
66 84 2
24 136 1
92 111 2
28 181 2
23 99 2
83 91 2
54 167 1
80 95 2
47 89 2
14 111 2
33 66 2
32 125 2
31 107 2
6 60 2
102 166 2
87 131 1
0 87 2
76 170 1
70 73 2
14 153 1
13 181 2
19 119 1
73 97 2
104 117 2
61 103 2
0 86 2
40 183 2
49 171 1
38 139 2
26 87 2
72 123 2
60 141 2
28 33 2
85 104 2
52 103 2
88 92 2
47 186 2
1 41 2
83 92 2
101 118 1
93 158 2
18 153 2
1 43 2
10 127 2
33 145 2
8 106 2
36 59 2
80 128 1
68 102 2
35 110 2
59 182 2
16 61 2
28 80 2
34 121 2
9 11 2
4 21 2
21 77 2
39 73 2
22 98 2
47 56 2
60 107 2
53 80 2
32 77 2
0 138 1
3 31 2
20 37 2
97 142 2
35 43 2
5 54 2
4 22 2
4 38 2
38 111 2
33 129 2
32 43 2
20 86 2
49 56 2
22 50 2
40 100 2
46 85 2
15 73 2
48 102 2
37 111 2
17 65 2
20 110 2
30 98 2
76 115 2
36 80 2
50 185 2
23 74 2
0 150 2
23 137 2
16 94 2
6 88 2
53 54 2
14 80 2
75 95 2
59 80 2
10 80 2
96 172 2
10 39 2
88 112 2
43 187 1
48 49 2
45 82 2
24 35 2
9 41 2
7 45 2
101 163 1
102 119 1
40 174 2
64 178 1
87 99 2
16 73 2
52 78 2
24 76 2
67 72 2
24 43 2
17 91 2
14 40 2
27 140 2
30 90 2
2 88 2
99 127 2
28 37 2
64 135 1
72 170 2
1 140 2
26 86 2
19 105 2
23 182 1
36 95 2
4 7 2
25 88 2
0 17 2
78 112 2
12 84 2
67 122 2
6 108 2
58 175 2
32 51 2
39 180 1
2 76 2
5 75 2
16 184 2
7 93 2
25 78 2
82 83 2
15 102 2
93 133 2
62 141 2
13 81 2
41 163 2
77 91 2
18 51 2
15 54 2
71 134 1
20 79 2
3 32 2
86 127 2
6 103 2
61 69 2
12 102 2
11 95 2
67 157 2
11 57 2
73 85 2
3 9 2
73 83 2
15 78 2
13 95 2
30 47 2
41 65 2
109 140 2
14 87 2
17 44 2
102 116 1
16 163 2
49 134 1
26 42 2
51 79 2
64 95 2
33 105 2
20 136 2
21 61 2
15 80 2
88 169 2
26 30 2
61 100 2
43 65 2
73 152 2
16 108 2
6 97 2
94 104 2
14 119 1
47 86 2
14 79 2
11 16 2
54 146 2
46 74 2
85 103 2
15 76 2
54 155 2
85 97 2
99 134 2
22 103 2
36 91 2
32 47 2
5 136 2
43 85 2
19 34 2
24 84 2
44 90 2
52 108 2
108 179 1
110 188 1
22 79 2
47 101 2
12 116 2
41 63 2
23 94 2
41 111 2
13 16 2
68 113 2
38 85 2
12 69 2
36 61 2
9 20 2
33 179 1
0 16 2
21 47 2
107 145 1
36 47 2
13 116 2
15 25 2
7 25 2
74 94 2
29 95 2
44 165 1
13 118 1
35 88 2
10 81 2
27 28 2
80 184 2
12 77 2
67 141 2
4 57 2
50 109 2
26 95 2
57 73 2
3 4 2
53 90 2
3 27 2
18 75 2
6 144 1
86 87 2
25 65 2
100 162 1
34 67 2
0 76 2
104 105 2
5 7 2
79 138 1
18 98 2
70 83 2
111 175 1
18 180 2
81 156 2
42 64 2
7 91 2
50 58 2
27 170 2
26 33 2
101 181 2
20 55 2
58 108 2
54 92 2
16 111 2
48 63 2
23 103 2
14 126 1
110 166 1
95 187 2
107 147 1
17 169 1
60 78 2
30 73 2
0 109 2
25 130 1
113 132 2
51 169 1
21 139 1
96 103 2
24 67 2
86 176 2
85 96 2
3 39 2
6 47 2
4 105 2
41 52 2
62 184 2
42 55 2
16 97 2
29 85 2
64 136 1
99 131 2
43 94 2
85 86 2
102 182 1
62 189 2
41 91 2
84 109 2
89 189 2
45 51 2
82 174 2
16 18 2
10 36 2
12 50 2
2 60 2
80 101 2
46 61 2
112 128 2
18 113 2
32 85 2
73 88 2
57 147 1
23 25 2
99 130 2
46 50 2
113 161 1
28 44 2
94 109 2
21 74 2
43 121 2
9 84 2
75 106 2
29 58 2
49 167 2
40 105 2
12 133 2
13 79 2
57 94 2
67 160 1
89 102 2
108 114 1
67 126 2
36 125 1
39 102 2
65 86 2
41 142 2
15 62 2
38 84 2
69 86 2
13 75 2
103 111 2
50 64 2
14 85 2
27 74 2
83 105 2
30 106 2
16 80 2
34 37 2
32 99 2
98 136 1
64 88 2
6 111 2
6 140 2
27 94 2
73 75 2
0 23 2
14 109 2
46 55 2
40 149 2
16 34 2
70 89 2
79 185 1
18 34 2
23 89 2
91 137 2
15 20 2
33 77 2
80 104 2
18 108 2
11 72 2
47 51 2
1 27 2
41 148 2
61 67 2
41 71 2
27 114 1
27 63 2
7 83 2
80 183 2
25 59 2
21 81 2
36 105 2
61 128 2
105 163 2
28 103 2
10 29 2
4 14 2
5 86 2
1 108 2
23 53 2
98 179 2
34 53 2
98 108 2
40 110 2
66 106 2
32 36 2
100 135 2
1 48 2
30 44 2
78 183 2
43 109 2
3 36 2
69 111 2
90 153 2
6 105 2
0 65 2
68 89 2
14 47 2
35 38 2
55 77 2
103 164 2
50 120 2
13 30 2
40 80 2
62 91 2
9 89 2
84 100 2
26 186 1
16 139 2
77 88 2
48 92 2
15 86 2
5 50 2
100 104 2
4 34 2
67 131 2
6 86 2
89 103 2
52 97 2
7 137 1
111 114 2
94 184 1
33 70 2
48 172 2
43 99 2
73 163 1
96 173 2
28 66 2
76 175 2
6 100 2
87 136 1
8 25 2
18 89 2
16 36 2
98 106 2
17 34 2
46 91 2
72 122 2
105 132 1
48 95 2
61 86 2
8 15 2
30 43 2
72 99 2
62 74 2
102 174 1
24 105 2
66 75 2
11 31 2
28 178 2
36 46 2
8 73 2
60 84 2
9 65 2
104 118 2
38 106 2
65 70 2
85 91 2
14 29 2
37 66 2
49 98 2
38 138 1
45 110 2
80 109 2
102 114 1
0 14 2
43 87 2
52 59 2
110 159 2
27 58 2
65 101 2
4 80 2
1 100 2
28 79 2
17 83 2
22 69 2
39 56 2
16 167 2
78 134 2
22 95 2
3 183 2
3 164 1
24 171 1
94 181 1
10 54 2
14 64 2
36 60 2
69 89 2
18 104 2
15 179 2
47 104 2
59 89 2
0 91 2
52 55 2
55 82 2
45 84 2
10 26 2
3 5 2
105 141 2
55 71 2
20 139 2
22 94 2
45 108 2
95 101 2
22 72 2
69 103 2
59 131 1
31 112 2
2 86 2
74 156 1
2 55 2
24 168 2
8 87 2
30 37 2
13 78 2
23 105 2
15 159 2
32 86 2
69 107 2
61 137 2
2 27 2
42 157 1
2 94 2
86 138 1
90 150 2
84 94 2
27 150 1
28 144 1
4 140 1
7 136 1
71 97 2
40 41 2
25 101 2
28 51 2
83 165 2
3 69 2
13 93 2
46 102 2
83 85 2
70 72 2
67 78 2
70 177 2
89 107 2
26 79 2
87 105 2
56 78 2
22 38 2
57 93 2
44 89 2
29 73 2
57 101 2
97 178 1
37 113 2
11 44 2
109 157 2
12 120 2
64 76 2
74 89 2
100 170 1
85 93 2
54 98 2
92 155 1
9 78 2
30 175 2
21 87 2
7 39 2
26 90 2
80 89 2
20 84 2
67 74 2
54 85 2
8 86 2
25 30 2
7 13 2
27 32 2
1 87 2
76 156 2
64 77 2
6 85 2
91 107 2
67 69 2
33 158 2
41 81 2
9 72 2
4 177 1
17 66 2
26 133 2
27 121 2
70 167 1
43 82 2
20 21 2
110 111 2
16 70 2
19 44 2
15 64 2
78 82 2
97 101 2
25 172 2
43 44 2
32 134 2
15 106 2
27 34 2
34 71 2
85 131 2
85 148 2
19 56 2
13 183 1
1 133 2
16 136 1
11 40 2
93 168 1
82 97 2
32 49 2
79 175 2
90 108 2
46 123 2
74 92 2
64 68 2
24 29 2
75 85 2
38 120 2
10 55 2
62 67 2
0 37 2
27 83 2
42 101 2
40 128 2
59 68 2
56 81 2
54 74 2
79 145 1
56 64 2
9 77 2
8 98 2
7 108 2
80 143 1
40 102 2
67 83 2
26 61 2
63 143 1
21 53 2
17 64 2
36 111 2
96 151 1
46 156 2
39 158 2
37 165 2
3 46 2
17 68 2
19 169 1
6 17 2
41 75 2
108 174 2
37 47 2
24 89 2
28 110 2
15 98 2
16 57 2
53 91 2
102 180 2
26 99 2
51 98 2
110 114 1
47 107 2
4 65 2
78 143 1
12 63 2
39 60 2
82 151 1
76 81 2
1 88 2
11 36 2
6 55 2
9 68 2
5 29 2
38 64 2
4 147 1
25 72 2
13 42 2
52 66 2
33 111 2
44 62 2
70 80 2
18 181 2
103 124 1
58 122 2
12 37 2
58 96 2
51 102 2
71 181 1
85 111 2
76 101 2
88 109 2
80 87 2
68 81 2
19 87 2
49 145 1
95 188 2
24 55 2
62 97 2
41 93 2
0 61 2
50 79 2
44 124 1
33 95 2
39 41 2
4 72 2
39 61 2
113 181 1
69 161 2
74 111 2
34 167 2
8 104 2
33 75 2
20 28 2
33 104 2
29 44 2
11 24 2
5 158 2
69 117 2
65 91 2
91 104 2
60 153 1
79 120 2
71 115 2
16 127 1
2 24 2
24 83 2
84 178 2
42 73 2
62 180 1
60 187 2
22 35 2
69 93 2
31 37 2
54 110 2
26 108 2
26 32 2
69 105 2
11 23 2
18 175 2
33 187 1
11 51 2
48 65 2
5 83 2
2 67 2
57 87 2
93 108 2
34 85 2
42 175 2
21 72 2
7 30 2
8 117 2
28 135 2
64 90 2
22 60 2
29 125 2
76 176 1
54 173 2
52 107 2
34 48 2
37 101 2
20 123 2
52 87 2
75 113 2
31 179 1
103 105 2
2 6 2
27 56 2
15 60 2
44 180 2
67 134 2
12 80 2
3 6 2
18 88 2
1 46 2
37 72 2
40 113 2
44 73 2
84 107 2
61 89 2
30 151 2
5 102 2
37 78 2
69 72 2
36 96 2
83 104 2
29 49 2
14 106 2
37 136 2
1 91 2
2 20 2
12 29 2
17 140 1
35 95 2
27 85 2
33 60 2
78 103 2
2 75 2
41 112 2
52 63 2
90 187 1
98 177 2
52 88 2
18 143 2
28 158 2
50 78 2
65 72 2
33 53 2
101 189 1
26 88 2
43 93 2
95 169 2
10 155 2
49 76 2
68 103 2
64 85 2
1 23 2
108 162 2
86 95 2
13 69 2
10 97 2
18 39 2
9 31 2
88 151 1
86 115 2
84 132 2
8 80 2
53 79 2
5 35 2
23 152 2
90 93 2
79 84 2
30 85 2
102 136 2
25 35 2
6 114 2
47 112 2
37 40 2
35 142 1
74 103 2
84 105 2
39 49 2
28 40 2
57 71 2
93 118 2
28 35 2
66 88 2
39 52 2
60 85 2
50 115 2
29 114 2
98 178 1
47 63 2
38 82 2
18 68 2
39 76 2
59 63 2
11 160 2
2 140 2
68 163 2
59 67 2
19 33 2
27 73 2
5 31 2
84 89 2
40 57 2
40 129 1
12 45 2
65 158 2
34 84 2
48 105 2
78 84 2
20 96 2
1 34 2
97 171 1
91 153 2
97 164 2
20 181 2
59 189 2
22 121 2
85 94 2
39 97 2
28 90 2
21 104 2
48 59 2
110 118 2
16 75 2
35 70 2
28 155 2
27 172 2
54 169 1
2 166 2
22 76 2
113 177 1
46 73 2
33 73 2
41 84 2
30 31 2
72 73 2
12 92 2
28 62 2
35 46 2
24 44 2
95 134 2
47 72 2
18 29 2
41 105 2
23 59 2
7 112 2
1 125 2
10 85 2
68 165 2
75 90 2
5 80 2
1 94 2
22 25 2
57 81 2
81 107 2
2 103 2
112 155 2
45 111 2
36 182 1
68 130 2
33 84 2
91 94 2
97 157 1
75 89 2
28 137 2
55 62 2
20 172 2
57 104 2
97 179 1
63 107 2
34 154 1
2 17 2
7 76 2
15 46 2
20 113 2
15 176 2
81 142 1
25 98 2
80 85 2
28 43 2
106 164 2
32 116 1
33 106 2
0 128 2
39 92 2
42 54 2
28 47 2
57 109 2
48 97 2
24 102 2
88 101 2
38 44 2
19 79 2
0 52 2
39 124 2
12 34 2
11 148 1
27 48 2
69 122 1
24 63 2
26 71 2
0 29 2
86 93 2
31 87 2
67 86 2
43 62 2
5 85 2
63 66 2
85 130 2
58 95 2
20 60 2
1 72 2
48 68 2
84 139 1
63 136 2
37 70 2
33 57 2
50 54 2
18 40 2
78 153 1
53 116 2
26 172 2
25 40 2
34 112 2
42 165 2
11 171 1
11 81 2
86 140 2
39 78 2
11 64 2
35 107 2
43 64 2
53 65 2
73 118 2
54 97 2
2 31 2
47 116 1
11 108 2
76 78 2
11 107 2
25 106 2
26 113 2
33 161 2
4 37 2
82 106 2
6 59 2
51 117 2
54 88 2
14 95 2
101 142 2
6 109 2
44 150 2
93 127 2
24 151 1
51 137 1
5 139 2
17 108 2
45 173 1
61 106 2
39 94 2
47 90 2
81 153 1
42 95 2
3 34 2
42 85 2
40 101 2
2 81 2
7 100 2
12 129 2
56 112 2
31 74 2
35 68 2
79 85 2
71 96 2
18 69 2
108 163 2
45 72 2
29 70 2
68 90 2
29 37 2
23 124 2
59 96 2
7 35 2
40 43 2
11 61 2
12 56 2
21 64 2
35 45 2
12 31 2
19 51 2
85 173 1
27 91 2
84 85 2
1 84 2
48 72 2
34 57 2
39 104 2
4 15 2
66 77 2
11 133 2
18 188 2
1 40 2
26 45 2
39 46 2
18 154 2
53 105 2
79 95 2
79 124 2
68 122 2
29 43 2
79 173 2
52 168 1
41 97 2
30 64 2
16 128 2
73 160 1
47 100 2
53 68 2
93 175 2
9 110 2
77 85 2
96 167 2
92 133 2
65 89 2
70 105 2
51 110 2
9 37 2
55 81 2
14 75 2
59 83 2
62 80 2
49 106 2
36 99 2
10 100 2
6 58 2
104 138 2
50 74 2
98 109 2
55 72 2
102 178 1
8 18 2
18 30 2
75 107 2
21 71 2
39 161 1
36 78 2
57 75 2
0 88 2
7 20 2
76 99 2
56 138 2
109 155 2
68 107 2
112 154 2
10 17 2
66 78 2
11 32 2
36 174 2
59 108 2
50 147 2
18 97 2
96 188 2
58 101 2
56 109 2
102 108 2
47 113 2
44 80 2
31 75 2
73 129 1
24 74 2
54 111 2
33 41 2
50 179 2
29 131 1
4 28 2
50 175 2
99 133 2
44 108 2
83 107 2
2 95 2
4 10 2
84 144 1
19 37 2
61 87 2
21 44 2
31 111 2
40 156 2
47 94 2
67 112 2
22 33 2
49 68 2
9 34 2
8 85 2
8 112 2
112 135 2
30 129 2
56 166 1
92 95 2
91 158 2
11 109 2
21 171 1
112 162 2
37 88 2
22 139 2
52 189 2
9 40 2
4 93 2
108 110 2
53 82 2
9 18 2
74 175 1
28 73 2
68 104 2
4 36 2
50 143 2
42 94 2
28 68 2
42 67 2
76 96 2
112 113 2
109 167 2
48 157 2
13 124 2
87 96 2
96 101 2
54 62 2
61 176 1
41 154 2
16 83 2
20 104 2
12 73 2
33 80 2
62 139 2
50 65 2
24 183 2
22 30 2
15 169 2
47 93 2
16 46 2
24 37 2
19 62 2
27 143 2
79 130 1
49 80 2
46 169 2
21 37 2
18 115 1
73 90 2
9 52 2
62 155 2
81 144 2
42 89 2
14 161 2
2 13 2
107 108 2
12 17 2
66 112 2
6 127 2
68 171 2
7 107 2
25 104 2
16 43 2
56 96 2
18 110 2
60 70 2
15 57 2
59 109 2
53 183 2
21 165 1
65 105 2
3 92 2
41 115 2
63 109 2
76 80 2
2 157 2
63 73 2
106 113 2
51 61 2
40 91 2
43 95 2
57 167 2
19 24 2
53 67 2
2 89 2
62 151 1
27 178 2
27 88 2
76 95 2
1 9 2
53 130 2
42 44 2
80 187 2
2 123 2
5 66 2
50 101 2
27 113 2
31 38 2
13 60 2
87 102 2
91 112 2
51 103 2
98 156 1
41 54 2
36 66 2
17 138 2
36 44 2
31 57 2
20 35 2
35 90 2
25 69 2
21 86 2
98 104 2
29 74 2
92 169 2
49 176 2
103 133 2
24 181 2
67 175 2
39 108 1
74 114 1
51 53 1
7 77 1
45 94 1
55 79 1
10 119 2
146 166 1
26 119 1
29 108 1
9 169 2
78 80 1
14 128 1
64 131 1
32 93 1
42 114 2
16 114 2
1 136 1
24 62 1
67 166 2
67 169 1
81 114 1
60 172 1
95 161 1
40 86 1
0 90 1
7 32 1
73 153 1
153 169 1
75 189 2
79 152 1
105 153 2
86 152 1
61 146 1
133 136 1
36 149 2
16 24 1
4 161 1
