% n=200 p=33 d=0.33 p_blue=0.33
% k=0
27 80 1
19 171 1
38 42 2
42 50 2
2 72 1
40 85 2
58 59 2
24 71 2
40 62 2
34 127 1
11 129 1
11 34 2
36 191 1
2 14 2
22 52 2
3 184 2
15 58 2
18 60 2
59 62 2
35 39 2
57 136 2
4 36 2
26 136 1
3 108 1
12 167 1
0 61 2
6 27 2
13 132 2
6 190 1
25 61 2
20 55 2
30 58 2
52 86 1
18 174 1
54 142 1
7 19 2
17 28 2
41 104 2
31 161 2
45 189 1
15 123 2
19 173 1
14 60 2
18 162 1
43 46 2
41 49 2
30 40 2
9 74 2
54 133 2
46 47 2
65 86 2
14 176 1
40 139 1
51 60 2
23 55 2
44 143 1
13 46 2
3 162 1
24 46 2
62 150 1
37 47 2
58 169 1
5 173 1
11 24 2
59 141 1
23 38 2
63 119 1
50 132 1
4 132 2
18 59 2
37 148 1
46 77 1
37 162 1
24 57 2
52 131 2
18 107 1
19 169 2
11 61 2
50 113 1
34 38 2
24 187 2
24 150 2
17 65 2
15 57 2
22 27 2
2 56 2
65 167 1
64 73 2
19 162 2
7 170 1
4 77 1
14 25 2
45 56 2
5 19 2
4 25 2
57 62 2
53 111 1
11 25 2
42 137 1
14 163 1
29 119 2
40 142 1
23 39 2
20 58 2
40 77 1
58 93 1
19 193 1
22 64 2
8 195 1
26 69 2
1 67 1
44 48 2
48 50 2
18 51 2
16 61 2
21 174 1
4 24 2
8 149 2
21 48 2
44 136 2
24 66 1
21 164 1
19 129 1
24 42 2
32 47 2
45 154 2
59 129 1
21 30 2
52 61 2
39 98 2
25 32 2
18 46 2
6 28 2
7 33 2
65 158 1
40 48 2
8 45 2
20 154 1
65 133 1
6 58 2
35 47 2
37 185 1
13 60 2
12 47 2
9 13 2
49 173 1
0 122 2
10 155 1
14 34 2
56 110 1
8 154 1
27 36 2
43 174 1
30 44 2
48 165 1
35 52 2
30 85 1
60 65 2
13 70 2
46 80 1
19 107 1
56 86 1
28 47 2
2 48 2
20 44 2
14 65 2
16 52 2
8 37 2
3 40 2
54 150 2
65 138 2
2 168 2
24 32 2
38 49 2
7 111 1
51 184 2
25 54 2
18 53 2
7 97 2
21 130 1
39 52 2
38 52 2
56 119 2
32 42 2
54 186 2
44 142 2
29 135 2
2 30 2
20 84 1
9 51 2
59 157 1
40 155 1
16 98 1
28 89 2
32 41 2
21 116 1
22 40 2
0 10 2
11 82 1
41 45 2
0 24 2
54 90 2
48 78 1
59 147 2
46 57 2
24 100 2
12 92 1
31 52 2
45 125 1
29 154 2
2 106 1
5 35 2
40 144 1
42 57 2
61 105 1
56 191 1
58 106 1
52 89 1
25 111 1
20 46 2
39 145 2
45 81 2
50 146 1
2 86 2
21 63 2
24 33 2
48 55 2
64 65 2
21 64 2
4 82 1
40 95 1
9 42 2
30 61 2
3 39 2
32 38 2
49 58 2
36 101 1
28 183 2
31 136 1
45 96 2
64 181 1
29 188 2
51 55 2
61 62 2
21 28 2
14 21 2
19 40 2
38 50 2
56 118 1
34 178 1
39 58 2
63 80 2
9 114 1
53 115 2
58 164 1
12 24 2
47 174 1
1 45 2
20 51 2
33 59 2
57 130 2
29 34 2
6 120 1
54 171 1
62 190 1
17 35 2
24 36 2
0 124 1
27 64 2
55 198 1
63 149 1
5 55 2
37 169 1
39 45 2
9 185 1
2 127 1
23 59 2
13 41 2
0 47 2
8 89 1
49 153 2
32 173 1
17 127 1
1 29 2
24 48 2
14 40 2
14 58 2
58 104 1
26 35 2
1 180 2
33 34 2
29 56 2
37 57 2
29 130 2
35 158 1
3 30 2
52 193 1
65 186 1
1 184 2
11 50 2
10 148 1
51 62 2
50 77 2
44 52 2
30 171 2
31 59 2
55 175 2
49 116 1
22 109 1
50 64 2
37 52 2
53 121 1
26 78 1
56 66 1
31 90 1
7 147 1
56 126 1
47 48 2
45 49 2
26 145 1
2 57 2
19 37 2
57 99 1
23 36 2
20 108 2
65 105 2
33 55 2
21 94 1
60 73 1
9 49 2
6 127 1
56 91 1
23 95 1
22 43 2
21 69 2
23 119 1
4 111 2
15 142 2
58 60 2
14 39 2
20 27 2
11 41 2
31 70 1
13 16 2
45 174 1
31 40 2
18 40 2
63 152 2
6 50 2
50 183 2
0 134 2
34 36 2
18 45 2
32 151 1
56 153 1
58 145 1
55 61 2
34 44 2
2 12 2
23 133 1
7 81 1
37 48 2
10 175 1
19 43 2
41 55 2
9 190 1
19 84 2
21 83 2
19 126 1
2 163 1
23 198 2
20 141 1
28 57 2
13 28 2
27 81 2
63 97 2
44 145 2
19 166 2
44 46 2
8 42 2
46 148 2
28 163 2
52 91 1
9 60 2
15 21 2
15 63 2
41 151 1
7 64 2
44 54 2
14 17 2
0 9 2
22 154 2
23 68 2
19 57 2
8 138 2
49 61 2
36 115 1
24 138 2
9 144 1
45 135 1
35 36 2
62 173 1
35 53 2
48 120 1
42 53 2
37 199 1
20 147 2
16 63 2
3 28 2
16 34 2
13 100 2
8 119 1
4 15 2
58 186 1
12 111 1
49 75 1
50 108 2
15 152 2
16 27 2
5 186 2
22 172 2
38 105 1
50 180 1
22 28 2
44 115 2
4 23 2
35 70 1
45 60 2
3 17 2
27 136 1
37 42 2
39 188 2
9 46 2
8 95 1
0 17 2
16 56 2
5 197 1
40 196 1
7 61 2
5 183 2
21 177 1
27 52 2
54 152 2
0 6 2
17 83 1
17 21 2
7 16 2
62 178 2
28 62 2
14 61 2
20 30 2
53 64 2
46 158 2
9 116 2
43 106 1
38 88 1
28 36 2
38 41 2
41 180 1
61 113 1
12 101 2
1 7 2
20 143 1
15 19 2
33 61 2
29 92 1
45 141 1
5 74 2
3 170 1
9 182 2
13 196 1
52 59 2
25 43 2
64 86 2
32 164 1
51 87 2
55 116 1
50 54 2
6 84 2
24 93 1
20 24 2
0 64 2
13 190 1
14 107 1
53 60 2
53 192 2
2 38 2
64 104 1
13 33 2
2 132 1
41 42 2
4 110 1
39 62 2
3 120 2
4 35 2
7 24 2
32 111 2
48 56 2
7 12 2
44 83 1
9 104 2
59 142 2
15 29 2
15 53 2
62 76 1
33 104 1
40 79 1
9 127 1
0 19 2
37 108 1
0 154 1
14 188 1
6 171 1
62 129 1
41 54 2
21 29 2
11 44 2
17 79 1
57 64 2
25 141 2
5 62 2
51 71 1
57 85 1
2 70 1
20 66 1
14 46 2
0 44 2
55 56 2
17 186 1
53 170 1
14 24 2
16 87 1
54 131 2
6 59 2
11 54 2
13 36 2
1 54 2
8 63 2
40 153 1
1 157 1
18 24 2
5 48 2
42 121 1
59 65 2
4 170 2
46 157 1
18 122 1
3 11 2
56 157 2
54 58 2
3 5 2
44 172 2
38 46 2
65 72 1
33 57 2
42 181 1
17 86 1
12 13 2
6 88 1
44 50 2
28 142 2
21 53 2
20 175 1
40 44 2
23 122 2
49 131 1
15 196 2
55 106 1
10 63 2
19 170 1
24 94 1
8 25 2
30 180 1
26 109 1
28 43 2
3 34 2
60 79 1
19 128 1
27 102 2
30 191 1
38 138 2
65 141 2
64 103 1
16 177 1
42 60 2
21 182 2
36 54 2
13 84 1
62 65 2
15 28 2
51 93 1
20 159 1
64 125 1
25 40 2
40 58 2
57 87 2
27 54 2
58 149 1
3 130 1
34 61 2
64 144 2
14 179 2
12 119 1
55 64 2
26 199 2
0 81 2
30 80 2
4 172 2
2 23 2
1 186 1
16 48 2
57 101 1
16 22 2
20 138 1
31 66 1
53 161 1
19 127 1
5 157 1
8 56 2
58 69 2
45 57 2
24 52 2
30 86 1
51 103 1
6 170 2
8 40 2
47 124 1
42 120 1
62 124 1
12 164 1
21 153 1
58 190 2
43 49 2
46 140 1
13 88 1
26 53 2
6 108 1
11 52 2
23 57 2
36 108 2
25 59 2
24 161 2
25 65 2
11 118 1
1 9 2
19 112 2
41 148 1
2 15 2
39 173 2
28 181 1
12 109 1
64 71 2
8 61 2
52 73 2
5 21 2
11 80 1
1 26 2
16 31 2
17 109 1
11 92 2
3 171 1
40 162 1
9 61 2
8 19 2
52 58 2
54 148 1
65 189 1
43 144 2
36 117 2
46 62 2
52 160 1
8 163 2
11 185 2
51 116 1
25 82 2
4 10 2
40 186 1
0 67 1
42 123 1
25 181 1
30 35 2
4 93 1
56 98 1
3 89 1
14 59 2
46 49 2
18 35 2
37 105 2
51 186 1
29 42 2
5 13 2
4 182 1
52 56 2
7 116 1
8 50 2
2 19 2
46 165 1
37 163 2
45 48 2
51 131 2
33 35 2
30 101 1
23 35 2
45 195 2
16 18 2
56 72 2
10 34 2
0 14 2
10 156 1
22 32 2
28 97 1
27 39 2
30 105 2
60 147 1
59 170 1
1 140 1
44 51 2
57 110 1
46 192 2
26 143 1
15 71 1
28 46 2
2 60 2
40 170 2
25 165 2
52 100 2
41 62 2
16 59 2
29 157 2
31 65 2
5 53 2
1 37 2
25 94 2
16 109 1
34 125 1
21 157 1
17 51 2
33 62 2
58 168 2
30 162 1
13 96 2
15 45 2
7 29 2
41 50 2
0 162 1
32 168 2
7 181 1
6 53 2
10 132 1
47 62 2
44 181 1
6 15 2
42 168 2
15 102 2
16 183 1
64 168 1
2 20 2
8 12 2
22 72 1
28 151 1
22 89 1
10 168 1
63 131 1
61 97 1
31 130 2
26 63 2
35 188 1
12 98 2
6 24 2
17 57 2
61 64 2
52 138 2
40 47 2
43 44 2
28 82 1
2 87 1
36 58 2
35 89 1
60 122 1
12 62 2
24 35 2
33 192 1
50 148 1
61 185 2
39 130 1
48 193 2
2 170 1
27 45 2
20 61 2
46 115 2
26 106 2
27 144 1
26 81 1
19 25 2
2 21 2
54 100 1
18 58 2
7 199 1
25 163 2
2 134 2
1 97 2
32 113 1
21 47 2
38 40 2
14 57 2
26 190 2
23 29 2
57 148 1
36 39 2
40 80 1
55 186 1
39 47 2
65 91 1
41 97 1
35 49 2
51 157 1
1 57 2
0 181 1
13 145 1
59 122 1
4 103 2
0 55 2
3 166 1
6 198 1
3 15 2
44 190 1
18 38 2
9 22 2
64 141 1
5 28 2
11 59 2
47 60 2
25 154 1
36 50 2
2 26 2
35 77 2
60 108 2
62 188 1
13 38 2
16 144 1
10 53 2
34 64 2
27 58 2
14 32 2
32 65 2
16 32 2
19 142 1
36 40 2
25 140 1
47 180 1
55 128 1
24 51 2
13 44 2
49 92 1
46 63 2
62 180 1
40 192 2
20 75 1
38 92 1
30 47 2
8 60 2
44 87 2
0 53 2
31 98 1
18 49 2
23 46 2
8 87 1
0 39 2
34 56 2
22 182 2
33 65 2
17 72 2
22 50 2
57 116 1
63 114 1
48 95 1
2 58 2
60 69 1
29 155 1
36 38 2
36 134 1
4 84 1
57 151 2
12 52 2
1 156 1
12 61 2
37 41 2
14 94 2
40 96 1
34 47 2
25 81 1
44 174 1
54 98 1
26 166 1
0 166 1
5 65 2
5 58 2
22 58 2
39 111 2
38 124 1
59 117 1
5 18 2
26 57 2
33 122 2
14 53 2
28 67 1
16 54 2
4 59 2
12 28 2
46 156 2
65 166 1
56 114 1
52 93 1
25 56 2
57 139 1
37 145 2
62 120 1
35 174 2
17 187 1
9 164 1
9 91 1
5 166 1
32 84 1
21 41 2
59 106 2
54 106 1
34 51 2
1 65 2
15 84 1
12 25 2
25 47 2
30 60 2
40 72 1
48 169 1
2 67 1
1 38 2
21 58 2
22 35 2
28 136 1
26 157 2
10 43 2
6 43 2
43 107 1
55 125 1
57 79 1
56 128 1
52 198 1
44 62 2
34 58 2
15 183 1
14 158 1
21 112 1
51 153 1
59 139 2
12 182 2
31 46 2
14 154 1
13 35 2
5 33 2
42 47 2
38 48 2
23 58 2
41 68 1
1 72 2
49 71 1
47 97 1
2 145 2
52 152 1
56 58 2
53 181 1
55 189 1
62 187 1
50 79 2
46 116 1
5 169 1
10 194 1
14 56 2
5 6 2
34 92 1
53 136 2
16 64 2
54 96 1
1 46 2
62 130 2
41 56 2
59 125 1
7 20 2
19 32 2
44 77 1
35 166 2
24 61 2
5 54 2
53 59 2
12 56 2
56 93 1
35 135 2
32 196 1
50 99 1
50 191 1
62 67 2
5 139 1
24 109 1
13 106 2
7 38 2
23 37 2
54 136 1
57 114 1
63 160 1
57 168 1
18 31 2
16 62 2
1 74 1
49 184 2
43 63 2
20 38 2
2 51 2
23 109 1
44 130 2
61 106 1
13 15 2
21 104 1
39 43 2
39 100 1
26 149 2
62 138 2
45 118 1
41 101 1
22 24 2
6 37 2
44 61 2
26 103 2
5 37 2
64 193 1
32 64 2
30 177 2
31 150 1
49 199 1
46 124 2
41 109 1
8 164 1
11 22 2
17 189 1
44 72 1
16 60 2
28 58 2
40 42 2
65 73 2
1 177 1
1 12 2
54 86 2
36 145 2
25 113 1
57 153 2
48 99 1
13 69 1
16 38 2
15 56 2
24 168 1
11 125 2
2 165 1
34 43 2
7 39 2
39 57 2
18 34 2
53 127 1
56 134 1
24 102 2
7 18 2
5 22 2
13 54 2
12 90 2
65 179 1
59 103 1
50 124 1
26 51 2
29 33 2
38 61 2
34 109 2
40 86 1
48 90 1
25 69 1
55 167 2
38 115 1
0 143 2
13 149 2
52 53 2
22 36 2
25 33 2
23 52 2
63 73 2
9 57 2
10 47 2
48 132 2
7 46 2
13 189 1
2 89 1
35 165 2
27 46 2
63 144 2
6 18 2
51 59 2
30 125 2
21 167 1
53 169 1
35 80 1
54 62 2
1 52 2
41 95 1
48 61 2
18 62 2
22 94 1
10 73 1
13 65 2
35 114 1
45 53 2
33 36 2
19 69 1
15 133 1
27 165 2
3 60 2
53 196 2
58 181 1
22 25 2
17 56 2
55 98 1
9 48 2
1 15 2
29 40 2
50 150 2
18 194 2
16 47 2
31 54 2
24 27 2
21 56 2
5 60 2
28 44 2
31 94 2
29 60 2
15 161 1
5 43 2
4 13 2
40 120 1
26 117 1
22 46 2
17 38 2
22 100 2
25 52 2
10 56 2
56 155 1
26 48 2
22 62 2
39 91 2
5 72 2
11 42 2
64 134 1
7 78 1
19 65 2
49 76 1
40 92 2
0 136 1
35 160 1
52 177 1
11 65 2
31 135 2
9 45 2
33 58 2
2 166 1
2 28 2
5 171 1
17 184 1
27 177 1
29 54 2
8 32 2
4 174 2
60 117 1
34 89 2
17 62 2
46 87 1
40 115 1
47 52 2
8 135 2
63 148 1
21 65 2
40 199 1
28 150 1
54 160 1
64 151 2
30 49 2
23 102 2
49 179 1
61 197 1
10 129 1
15 18 2
0 23 2
28 111 1
40 63 2
18 57 2
43 172 1
32 120 1
24 59 2
45 80 1
36 161 1
13 49 2
37 49 2
2 130 1
38 142 1
43 76 1
32 54 2
65 89 2
58 65 2
30 132 1
34 37 2
15 113 1
26 108 1
43 181 1
12 57 2
16 175 1
52 121 1
20 47 2
38 135 2
63 106 1
31 47 2
59 73 2
41 126 1
16 111 2
62 183 1
11 107 1
46 109 2
32 146 1
39 64 2
11 188 1
60 127 1
12 38 2
28 48 2
8 193 1
19 145 1
22 31 2
9 21 2
7 43 2
12 30 2
32 66 1
7 30 2
39 165 1
12 36 2
45 144 1
45 55 2
4 116 2
8 150 2
11 31 2
27 55 2
26 65 2
62 169 1
12 130 1
14 31 2
29 36 2
10 61 2
28 55 2
18 170 1
3 93 1
19 48 2
55 76 1
57 137 2
4 41 2
35 62 2
28 118 1
45 197 2
41 188 1
40 114 1
42 198 1
56 193 1
64 120 2
61 190 2
15 16 2
9 58 2
53 117 1
13 42 2
25 152 1
14 165 1
14 186 1
58 142 2
39 198 1
29 183 2
62 87 1
37 161 1
49 132 1
24 37 2
52 84 2
13 129 1
28 162 1
43 187 1
31 38 2
23 164 1
13 20 2
37 60 2
17 124 2
32 87 1
11 38 2
28 69 1
30 54 2
33 161 1
4 74 1
10 77 1
13 138 1
53 119 1
23 175 2
31 69 2
35 54 2
44 58 2
8 13 2
45 172 2
1 31 2
2 55 2
38 99 1
41 94 1
62 126 2
18 163 2
43 194 1
19 164 2
11 114 2
2 82 1
42 103 2
5 143 1
17 18 2
17 155 2
16 121 1
36 84 2
41 43 2
6 85 1
29 45 2
38 83 2
43 59 2
33 116 1
21 61 2
32 160 1
27 53 2
53 187 1
20 29 2
4 40 2
11 196 1
52 80 2
29 39 2
14 134 1
33 40 2
49 52 2
27 110 1
25 197 1
27 70 1
13 25 2
11 29 2
15 49 2
10 193 1
27 62 2
55 119 1
44 177 1
12 104 1
26 89 1
40 163 2
60 64 2
27 50 2
45 114 1
63 190 1
39 151 1
35 94 1
29 75 1
43 62 2
18 119 1
4 188 1
30 53 2
36 98 1
11 16 2
24 49 2
5 44 2
8 54 2
38 172 1
2 182 1
11 32 2
61 144 1
49 145 1
11 48 2
8 23 2
46 172 2
44 57 2
49 124 1
4 95 2
59 60 2
0 49 2
5 64 2
27 41 2
20 60 2
53 197 2
52 166 2
38 179 2
58 78 1
47 184 2
27 183 1
20 65 2
30 122 2
60 154 2
46 199 1
22 33 2
11 21 2
29 136 1
53 61 2
8 167 1
50 52 2
7 26 2
38 55 2
5 194 1
35 133 1
36 44 2
25 179 1
30 194 2
1 115 1
55 179 1
13 37 2
60 125 1
7 52 2
56 139 1
47 72 1
29 43 2
54 187 1
20 57 2
47 121 1
47 133 2
16 150 1
43 185 1
10 13 2
52 164 2
2 64 2
18 135 1
43 72 1
16 45 2
0 198 1
12 124 1
48 93 1
37 65 2
9 23 2
25 26 2
56 83 1
60 199 1
46 159 1
44 56 2
8 41 2
11 17 2
22 42 2
50 168 1
20 64 2
19 136 2
23 63 2
39 107 2
7 21 2
3 180 1
4 5 2
2 43 2
58 129 1
49 192 2
10 33 2
10 51 2
18 127 1
30 150 1
0 52 2
42 162 2
20 101 1
48 54 2
28 177 1
12 50 2
17 23 2
1 11 2
41 82 2
3 23 2
28 70 1
26 44 2
10 48 2
55 122 2
33 123 2
46 60 2
35 44 2
21 26 2
54 179 1
2 118 1
7 131 1
12 136 1
28 180 2
6 152 2
2 174 2
23 28 2
9 102 2
61 138 1
54 74 2
47 108 1
25 66 2
17 50 2
27 42 2
7 76 1
62 162 1
2 184 2
26 170 1
38 69 1
14 22 2
43 65 2
38 159 2
28 105 1
2 10 2
37 59 2
17 120 1
15 140 2
28 164 1
27 117 1
34 126 2
17 42 2
5 127 1
16 26 2
25 29 2
24 190 1
51 188 1
22 49 2
62 63 2
59 63 2
40 61 2
35 63 2
30 36 2
1 189 2
15 166 1
26 151 1
50 142 2
4 178 1
21 31 2
30 107 1
56 123 1
3 10 2
21 66 1
16 50 2
24 107 1
7 90 1
16 36 2
42 68 1
7 60 2
3 9 2
34 86 2
24 60 2
37 44 2
53 182 1
63 111 1
35 96 1
14 114 1
40 75 1
11 112 2
11 20 2
9 92 1
8 21 2
10 40 2
61 199 2
53 65 2
19 21 2
6 159 1
5 23 2
30 155 1
52 115 2
7 172 1
11 36 2
52 151 1
45 184 2
40 160 2
14 162 1
24 39 2
36 179 2
25 143 1
49 180 2
16 39 2
24 25 2
32 63 2
55 180 2
63 110 1
39 42 2
5 147 1
35 153 2
25 58 2
12 159 1
5 38 2
45 166 1
0 36 2
1 58 2
24 70 1
39 93 1
24 43 2
4 33 2
24 165 1
17 41 2
16 75 2
1 190 2
37 61 2
44 68 2
35 154 2
1 119 1
3 38 2
58 198 1
42 55 2
4 54 2
0 50 2
29 64 2
60 92 1
3 68 1
47 57 2
3 27 2
6 14 2
57 63 2
9 132 1
49 63 2
17 47 2
30 135 1
6 55 2
25 63 2
39 83 1
31 33 2
40 56 2
44 93 2
55 97 2
0 37 2
16 58 2
48 195 1
30 68 1
23 172 2
29 81 1
23 111 1
52 95 1
27 135 2
23 182 1
45 180 1
38 189 1
46 64 2
8 10 2
15 24 2
20 163 1
47 104 2
45 155 2
52 112 1
33 54 2
21 128 1
57 178 1
59 195 2
19 196 2
16 170 1
3 31 2
33 37 2
39 50 2
54 76 1
50 56 2
1 185 1
61 198 1
7 25 2
12 48 2
37 58 2
4 37 2
35 198 1
19 51 2
50 127 1
44 53 2
47 85 1
7 23 2
55 93 1
9 26 2
53 142 2
41 53 2
19 161 1
20 125 1
33 56 2
6 119 1
36 160 2
13 156 1
64 124 2
8 106 1
36 42 2
37 80 2
64 119 1
52 54 2
53 199 1
64 69 1
53 83 1
14 108 1
7 145 1
2 181 1
14 45 2
3 24 2
3 85 2
22 29 2
3 8 2
51 150 2
24 194 1
51 199 2
45 103 1
36 74 1
38 174 1
47 58 2
55 121 2
1 3 2
17 115 1
22 101 2
30 91 1
23 85 2
31 179 2
6 114 2
48 172 2
3 143 1
61 143 2
53 55 2
37 177 1
1 198 1
5 27 2
26 177 2
28 134 1
16 49 2
56 96 1
20 192 1
13 50 2
23 117 1
34 59 2
36 47 2
27 175 2
64 89 2
57 61 2
33 128 2
46 118 1
6 185 1
35 51 2
29 41 2
48 127 2
20 59 2
64 153 1
41 110 1
28 152 2
57 164 1
38 51 2
20 42 2
63 64 2
8 103 1
16 28 2
45 67 1
50 102 2
11 81 1
25 34 2
11 100 2
0 34 2
4 163 1
1 20 2
40 145 1
20 62 2
63 113 1
3 25 2
60 140 1
44 173 1
42 101 2
60 194 1
17 39 2
30 188 1
22 196 1
17 142 1
1 39 2
22 110 1
18 26 2
19 42 2
5 110 1
58 61 2
0 27 2
8 11 2
51 53 2
15 64 2
30 175 2
36 89 2
57 66 1
2 113 2
60 183 2
50 61 2
0 41 2
55 197 1
54 120 2
19 133 1
16 94 1
29 89 1
0 73 1
28 130 1
15 79 2
45 164 1
36 195 1
16 108 2
9 29 2
39 121 1
11 64 2
19 28 2
50 115 2
27 105 2
8 111 2
31 41 2
8 75 2
21 86 1
29 52 2
49 188 2
32 110 1
57 111 1
2 45 2
2 39 2
4 65 2
35 40 2
0 16 2
29 134 1
1 27 2
34 120 1
1 182 1
27 194 2
2 37 2
10 19 2
10 12 2
55 157 2
45 68 1
20 49 2
26 59 2
38 126 2
52 153 1
2 53 2
32 36 2
33 169 1
7 15 2
0 2 2
6 123 1
44 104 1
64 92 2
23 60 2
4 64 2
5 154 1
6 26 2
17 73 1
8 44 2
62 74 2
44 86 2
26 86 1
26 75 1
44 178 2
40 148 2
27 148 1
39 167 2
2 62 2
55 65 2
23 128 2
11 26 2
32 39 2
12 140 1
9 195 1
24 147 1
22 26 2
23 79 1
36 178 1
30 64 2
52 85 1
31 45 2
32 131 1
31 42 2
0 59 2
3 32 2
15 98 1
57 189 1
5 47 2
55 141 1
26 46 2
9 140 1
42 157 2
12 163 1
43 197 1
62 165 1
4 61 2
22 39 2
36 62 2
1 8 2
58 166 1
56 63 2
8 33 2
7 149 2
0 112 1
15 22 2
51 86 1
60 101 1
6 65 2
20 169 1
53 114 1
4 100 1
33 160 1
47 103 1
1 84 2
36 69 2
51 63 2
39 197 1
3 16 2
54 130 1
34 48 2
58 72 2
18 185 1
25 184 1
14 42 2
49 117 1
29 62 2
15 127 1
28 38 2
12 60 2
36 65 2
29 58 2
25 37 2
7 55 2
38 60 2
26 102 2
17 178 1
11 175 1
26 189 2
28 49 2
25 195 1
26 62 2
37 92 1
1 21 2
18 55 2
57 104 1
46 54 2
44 55 2
50 111 1
3 187 2
1 188 1
59 135 1
3 35 2
32 78 2
17 64 2
47 80 2
51 125 1
0 98 1
42 156 2
19 45 2
46 144 1
10 55 2
3 14 2
23 42 2
56 150 2
56 179 1
35 87 1
34 148 1
10 28 2
4 18 2
12 113 2
4 44 2
6 40 2
6 143 1
36 121 1
27 60 2
18 105 2
2 27 2
24 56 2
13 31 2
5 15 2
4 88 2
27 143 1
8 190 2
39 148 2
9 41 2
47 150 2
24 139 1
0 60 2
30 119 1
15 78 2
54 191 2
1 112 2
4 34 2
18 157 1
12 29 2
8 120 1
30 190 1
32 106 1
26 52 2
41 57 2
24 55 2
58 159 2
25 101 1
8 15 2
35 98 1
26 185 1
12 54 2
44 98 1
4 9 2
48 53 2
64 184 1
29 168 1
32 96 1
13 59 2
31 63 2
35 37 2
44 152 2
39 54 2
5 86 1
3 26 2
10 14 2
6 23 2
63 88 1
17 22 2
7 128 1
10 45 2
8 31 2
59 154 1
12 123 1
45 120 1
28 33 2
19 189 2
21 39 2
54 195 1
12 55 2
8 90 1
4 176 2
54 109 2
19 77 1
2 159 1
47 122 2
3 176 2
12 162 1
11 110 1
52 77 2
15 87 1
31 35 2
3 64 2
10 113 1
42 159 1
0 48 2
58 98 1
23 25 2
42 84 2
18 43 2
12 89 1
2 42 2
3 146 2
14 26 2
22 87 2
36 128 1
17 32 2
60 156 1
44 82 1
52 162 1
27 128 2
26 42 2
23 56 2
20 74 1
31 131 1
16 137 1
1 86 1
14 79 2
32 37 2
31 61 2
48 164 2
14 50 2
12 105 1
60 74 1
38 81 1
1 55 2
61 104 2
23 186 1
36 167 1
27 59 2
4 45 2
21 74 2
16 19 2
6 155 2
58 86 1
60 126 1
26 30 2
24 65 2
50 57 2
0 58 2
0 62 2
47 175 1
35 59 2
23 87 1
3 50 2
26 37 2
6 33 2
14 193 1
0 127 1
63 186 1
56 160 1
11 197 2
2 75 1
12 31 2
29 57 2
51 64 2
28 63 2
60 163 2
10 150 1
59 81 1
32 72 1
20 157 2
61 134 2
2 17 2
32 51 2
37 133 2
18 86 2
10 163 1
64 87 2
10 25 2
0 18 2
7 197 2
0 28 2
11 108 1
56 92 2
18 178 2
8 17 2
26 56 2
22 135 1
39 138 1
50 165 2
10 177 1
7 82 2
53 76 1
2 32 2
27 57 2
61 188 2
7 85 1
32 48 2
16 53 2
62 115 2
1 13 2
61 85 1
1 122 2
3 147 1
24 126 1
32 52 2
28 170 1
7 106 1
65 101 2
54 69 1
20 34 2
0 152 1
42 56 2
4 63 2
3 81 1
61 63 2
12 65 2
4 108 2
11 79 2
47 55 2
21 46 2
4 115 2
12 63 2
17 45 2
31 139 2
9 179 1
56 172 2
18 99 1
50 107 1
26 90 1
36 112 1
8 24 2
21 45 2
27 199 1
16 166 1
7 9 2
30 75 1
22 47 2
34 80 1
30 56 2
63 171 1
49 50 2
42 90 2
31 58 2
1 160 1
15 118 1
59 124 2
4 89 1
39 108 1
41 80 1
26 27 2
29 193 1
45 46 2
15 17 2
17 40 2
25 42 2
30 41 2
23 116 1
22 48 2
34 106 2
24 131 1
6 165 1
18 36 2
10 121 1
22 34 2
38 110 1
19 76 2
0 46 2
38 148 1
12 64 2
41 194 2
17 82 2
16 140 1
2 54 2
25 121 2
11 56 2
49 155 1
37 114 1
56 175 1
8 194 1
38 53 2
6 57 2
55 59 2
33 126 1
61 82 1
20 130 1
52 62 2
9 28 2
15 44 2
23 30 2
4 191 2
28 165 1
38 190 1
40 76 1
5 25 2
10 110 1
9 77 1
17 164 1
6 48 2
13 14 2
26 49 2
10 60 2
63 65 2
9 62 2
34 46 2
11 122 2
12 27 2
44 167 1
25 44 2
29 195 1
2 105 2
1 23 2
1 53 2
27 198 2
46 188 2
24 140 1
39 127 1
63 102 2
63 74 2
4 154 1
64 98 1
15 89 1
51 126 1
40 187 2
48 154 1
41 185 1
14 38 2
0 77 2
57 188 1
18 166 1
26 95 2
60 173 2
11 142 1
7 31 2
32 70 2
51 195 2
17 97 1
16 70 1
0 35 2
20 191 1
26 33 2
6 39 2
18 95 2
24 135 2
7 57 2
3 56 2
11 40 2
8 79 2
40 99 1
5 101 1
20 22 2
46 48 2
24 38 2
21 166 2
43 161 1
58 118 1
1 100 2
7 50 2
35 127 1
17 60 2
16 29 2
0 32 2
12 45 2
3 65 2
20 128 2
15 55 2
47 185 1
34 104 1
0 22 2
4 22 2
21 25 2
5 89 1
29 144 2
58 143 1
15 122 2
18 63 2
17 24 2
55 178 1
48 117 2
58 150 1
52 135 1
2 161 1
63 75 1
31 83 1
1 30 2
2 34 2
31 181 1
15 47 2
62 196 1
17 58 2
38 156 1
1 159 1
1 161 1
41 137 2
6 83 1
0 57 2
35 68 1
45 183 2
17 139 2
60 146 1
50 131 1
9 54 2
37 51 2
62 171 1
55 192 2
59 171 2
32 61 2
59 149 1
63 68 2
25 99 1
47 170 1
45 78 2
1 163 1
21 136 2
26 34 2
44 188 1
23 24 2
46 195 1
37 155 1
51 185 1
19 63 2
16 43 2
40 45 2
43 186 1
2 150 1
3 52 2
41 61 2
24 41 2
9 11 2
27 111 1
42 143 1
44 197 2
22 88 2
22 57 2
3 20 2
18 117 2
8 192 2
12 58 2
5 57 2
0 99 1
15 129 1
22 153 1
10 22 2
18 112 1
39 44 2
35 65 2
17 48 2
52 141 1
62 179 1
13 62 2
65 131 1
30 48 2
10 58 2
31 105 1
19 165 1
14 55 2
30 179 2
21 85 2
13 56 2
17 126 1
41 59 2
33 39 2
35 55 2
54 154 1
4 131 1
17 188 1
8 47 2
39 123 2
49 89 1
3 58 2
59 70 2
6 158 2
24 80 1
59 123 1
17 36 2
33 146 2
9 50 2
12 39 2
45 113 1
9 128 1
4 164 1
15 30 2
31 37 2
13 55 2
58 158 1
8 46 2
25 170 1
29 50 2
33 44 2
1 147 1
24 191 1
7 192 1
0 15 2
25 110 1
7 129 1
5 11 2
57 170 1
16 190 1
58 109 2
29 46 2
13 87 1
10 146 2
28 84 1
60 186 1
26 43 2
54 68 1
45 134 2
18 30 2
3 18 2
33 63 2
42 58 2
53 147 1
46 168 1
64 96 1
0 12 2
41 72 2
43 101 1
25 156 2
37 70 2
30 43 2
65 123 2
33 45 2
60 99 1
17 52 2
37 178 1
7 174 1
39 144 1
53 152 2
54 115 1
37 106 1
19 116 1
17 119 1
64 154 1
25 28 2
10 31 2
64 167 1
12 118 1
1 19 2
65 128 1
56 65 2
2 29 2
42 51 2
23 41 2
18 33 2
20 76 1
31 180 1
1 28 2
51 54 2
33 52 2
15 39 2
46 55 2
28 54 2
29 143 1
3 45 2
3 73 2
52 55 2
52 72 1
42 65 2
12 51 2
36 189 1
62 64 2
5 39 2
57 124 1
56 62 2
46 58 2
0 33 2
40 195 2
29 53 2
31 142 1
32 56 2
14 19 2
41 87 1
43 54 2
32 161 1
34 40 2
29 70 1
46 127 2
50 137 1
53 191 1
25 161 2
35 155 2
39 178 1
62 195 2
38 123 1
31 191 2
22 61 2
8 122 1
14 93 1
55 87 2
5 96 1
21 24 2
14 52 2
34 149 2
22 175 1
19 119 1
1 150 1
30 45 2
34 54 2
43 58 2
26 131 1
48 57 2
14 172 1
30 32 2
65 196 1
7 136 2
16 196 1
42 64 2
33 98 1
3 192 1
3 94 1
29 59 2
7 17 2
25 49 2
4 14 2
40 51 2
9 160 2
28 30 2
0 5 2
21 34 2
17 144 1
10 42 2
57 197 1
10 15 2
64 159 2
1 24 2
8 35 2
15 27 2
9 43 2
65 90 1
17 113 1
24 105 2
9 36 2
7 36 2
13 127 1
58 172 1
17 161 1
25 190 1
31 68 2
16 24 2
20 45 2
12 128 1
19 74 2
36 175 1
53 163 1
11 12 2
22 59 2
37 98 1
47 99 1
59 137 1
5 80 1
44 49 2
24 145 1
63 100 2
18 137 1
13 34 2
23 193 1
64 170 1
9 165 2
20 114 2
34 144 1
37 76 1
34 39 2
2 77 2
61 166 1
49 59 2
2 44 2
12 16 2
14 62 2
2 49 2
9 56 2
40 156 1
19 151 1
46 59 2
24 85 2
13 30 2
1 5 2
10 198 1
26 58 2
12 192 1
0 42 2
56 61 2
61 163 1
65 148 2
21 115 1
20 48 2
38 57 2
57 112 2
7 10 2
30 55 2
12 93 1
52 57 2
17 68 2
21 57 2
28 99 1
62 153 2
8 93 2
21 38 2
31 39 2
45 88 2
48 101 2
23 153 1
41 170 1
5 24 2
3 22 2
34 186 1
1 155 1
41 46 2
59 115 2
30 65 2
14 180 1
55 107 1
15 43 2
25 39 2
9 34 2
63 89 1
18 37 2
18 69 2
33 51 2
27 146 1
40 69 1
55 88 1
57 123 2
50 154 2
64 146 2
2 195 2
58 184 2
64 182 2
52 161 2
34 52 2
18 113 2
54 85 2
47 56 2
9 44 2
40 150 1
12 183 1
18 47 2
19 191 1
3 66 1
6 47 2
37 66 1
7 80 2
36 56 2
23 140 1
38 56 2
26 162 1
40 190 2
25 136 2
42 49 2
3 72 1
31 172 1
3 194 1
5 17 2
6 11 2
31 133 1
8 71 1
17 132 1
13 57 2
54 65 2
5 41 2
1 61 2
8 169 1
5 129 1
31 32 2
33 73 1
43 61 2
22 30 2
38 65 2
8 132 1
50 75 1
47 166 2
10 191 1
46 65 2
26 134 2
12 44 2
37 143 1
1 10 2
26 54 2
3 54 2
23 139 1
16 141 2
29 161 1
3 105 1
40 181 1
18 106 1
12 66 1
47 100 1
36 76 1
33 46 2
16 179 2
29 177 1
61 131 1
64 197 1
61 84 2
16 21 2
49 194 2
61 149 2
6 12 2
48 60 2
32 128 2
42 62 2
29 182 1
58 95 1
7 100 1
3 87 1
56 94 1
13 160 2
26 178 1
19 33 2
42 171 1
6 102 2
17 59 2
46 53 2
23 26 2
21 183 1
2 22 2
13 128 2
18 61 2
47 50 2
25 57 2
9 33 2
2 59 2
62 167 2
16 160 2
14 54 2
26 39 2
52 64 2
39 53 2
23 50 2
42 45 2
30 46 2
30 160 1
50 55 2
4 56 2
52 190 1
7 27 2
5 50 2
7 134 2
53 62 2
12 156 1
38 136 2
44 67 1
47 107 2
47 140 1
50 187 1
18 27 2
45 175 2
61 179 2
19 27 2
12 59 2
8 55 2
22 102 2
33 156 2
33 48 2
28 51 2
28 37 2
25 27 2
11 105 1
25 60 2
4 52 2
6 56 2
13 67 1
22 194 1
32 50 2
32 60 2
41 199 1
28 29 2
18 65 2
19 81 1
6 29 2
4 57 2
25 64 2
21 120 2
34 160 1
56 140 1
35 112 1
22 113 1
8 43 2
55 101 2
4 29 2
0 3 2
63 192 2
12 161 1
2 31 2
22 186 1
1 51 2
20 25 2
36 61 2
1 25 2
16 33 2
9 32 2
59 64 2
48 181 2
21 71 1
36 93 1
43 188 1
10 36 2
42 154 1
28 59 2
27 161 2
4 12 2
0 108 2
3 53 2
63 117 1
56 181 1
17 197 2
11 120 2
51 137 1
65 87 1
3 7 2
21 122 1
37 62 2
7 190 1
14 123 1
20 86 1
39 117 1
2 167 1
9 176 2
47 101 1
54 63 2
8 58 2
1 48 2
49 56 2
31 77 2
47 136 2
58 160 1
34 62 2
5 98 2
23 65 2
30 57 2
8 65 2
11 146 1
36 111 2
18 121 1
20 151 1
32 62 2
34 85 2
9 37 2
41 187 1
21 50 2
0 66 1
13 52 2
60 81 1
35 43 2
50 63 2
45 86 2
22 139 1
10 11 2
7 44 2
13 17 2
17 30 2
16 127 1
10 181 1
10 17 2
31 43 2
31 64 2
24 144 1
60 179 1
18 19 2
38 67 1
47 169 1
62 66 1
27 164 1
9 16 2
17 122 1
24 44 2
16 65 2
16 178 1
34 55 2
38 111 2
64 95 1
15 61 2
3 13 2
7 123 1
0 167 1
2 63 2
4 42 2
31 155 1
39 41 2
0 7 2
50 60 2
44 194 1
17 33 2
16 57 2
4 48 2
26 113 2
3 29 2
29 165 1
64 75 1
16 55 2
61 100 2
37 186 1
57 75 1
29 74 2
65 192 1
4 158 1
22 60 2
53 84 1
7 51 2
57 113 1
34 53 2
34 150 1
36 91 2
53 63 2
64 152 1
12 22 2
37 53 2
35 176 2
16 153 1
7 62 2
3 21 2
28 185 1
40 71 1
59 97 1
5 75 1
47 63 2
24 47 2
22 44 2
8 49 2
20 35 2
8 131 1
65 116 1
10 62 2
41 113 1
36 173 1
26 41 2
5 156 1
2 85 2
13 63 2
13 95 1
34 65 2
53 58 2
54 121 1
37 112 1
55 120 2
36 52 2
38 47 2
16 142 1
4 7 2
23 69 2
51 98 1
37 87 1
36 199 1
27 129 1
61 83 1
43 48 2
14 64 2
11 27 2
24 45 2
7 65 2
35 45 2
1 42 2
31 119 1
0 8 2
2 33 2
17 182 2
43 57 2
43 147 2
9 15 2
5 14 2
28 39 2
62 142 2
14 23 2
1 41 2
24 50 2
34 41 2
4 32 2
51 159 1
51 109 2
36 49 2
14 43 2
35 84 1
58 188 1
23 127 2
27 176 2
4 19 2
36 53 2
54 103 1
14 199 1
18 52 2
32 49 2
35 71 1
55 177 1
10 118 2
54 138 1
57 147 1
4 126 1
16 79 1
52 98 1
18 111 2
39 116 1
36 190 2
29 32 2
36 166 2
40 67 2
60 153 1
64 136 2
60 168 1
22 124 1
43 155 1
21 96 1
33 49 2
17 26 2
4 26 2
17 128 1
36 57 2
30 83 1
42 54 2
5 30 2
21 37 2
4 30 2
11 35 2
56 197 1
26 115 1
55 143 1
40 81 2
29 35 2
7 42 2
38 59 2
35 186 1
10 21 2
28 125 1
10 30 2
4 21 2
65 119 1
10 112 1
6 38 2
27 29 2
13 166 1
5 81 1
50 176 2
14 157 2
62 140 2
20 50 2
48 49 2
7 28 2
6 45 2
18 198 1
57 122 1
8 184 1
7 11 2
53 141 2
12 20 2
56 133 1
5 67 1
20 88 1
49 146 1
48 52 2
21 142 1
53 198 1
44 164 2
13 172 1
18 25 2
2 8 2
40 178 2
65 182 1
10 195 1
20 199 1
13 43 2
51 135 2
11 49 2
39 161 1
57 199 2
61 173 1
20 71 2
9 39 2
48 179 1
36 64 2
58 187 1
38 64 2
61 146 1
35 141 1
23 93 1
30 197 2
2 5 2
36 152 1
31 62 2
8 141 2
6 41 2
35 95 1
12 18 2
29 184 1
22 80 2
10 54 2
52 145 2
45 102 1
29 105 2
15 138 1
59 133 1
53 54 2
1 6 2
42 122 1
33 178 1
18 21 2
31 183 1
24 128 1
41 125 2
21 36 2
18 28 2
16 104 2
40 65 2
40 138 1
14 30 2
7 184 2
19 34 2
9 40 2
52 110 2
3 51 2
16 20 2
32 59 2
13 136 1
62 191 2
56 99 1
32 121 1
41 147 2
22 195 1
26 38 2
44 112 2
49 54 2
45 138 1
37 124 1
4 97 1
24 175 1
20 54 2
49 64 2
29 55 2
3 19 2
5 12 2
13 121 2
9 65 2
27 152 2
42 178 1
43 196 1
5 10 2
65 130 1
45 119 2
9 12 2
46 131 1
47 49 2
5 132 2
47 135 1
1 109 1
61 73 1
9 187 1
2 11 2
35 190 1
36 97 1
54 132 1
5 34 2
15 50 2
31 167 2
40 197 1
55 160 2
45 64 2
0 172 1
29 166 2
41 176 1
9 153 1
31 60 2
19 68 1
14 20 2
3 44 2
13 21 2
0 1 2
33 102 1
60 118 1
52 74 2
26 61 2
15 186 2
46 56 2
65 80 2
0 38 2
18 32 2
18 156 2
56 122 1
15 164 2
55 96 1
2 153 1
5 26 2
52 108 1
44 91 2
27 40 2
11 168 2
30 52 2
22 53 2
6 42 2
27 47 2
32 149 1
46 154 2
40 43 2
5 103 1
19 47 2
12 46 2
13 173 2
18 41 2
7 49 2
4 62 2
19 61 2
18 29 2
51 57 2
46 52 2
8 38 2
28 60 2
19 38 2
14 117 1
22 70 1
3 49 2
7 22 2
37 64 2
47 77 2
2 68 1
27 38 2
16 42 2
14 27 2
5 7 2
55 95 1
45 167 2
23 27 2
3 4 2
2 50 2
29 91 2
23 62 2
54 165 1
3 63 2
55 85 1
37 63 2
12 23 2
39 60 2
15 179 1
34 175 1
26 47 2
44 66 1
31 104 1
37 40 2
34 153 1
41 64 2
65 190 2
8 36 2
9 72 2
34 174 2
9 55 2
20 164 1
21 59 2
4 49 2
27 131 1
3 42 2
6 111 2
13 104 1
10 29 2
25 53 2
57 144 1
3 47 2
24 58 2
43 55 2
8 30 2
37 45 2
18 70 1
0 13 2
53 82 1
37 129 1
4 20 2
39 132 1
46 61 2
29 178 1
1 22 2
10 38 2
63 76 2
29 78 1
35 56 2
65 115 2
49 96 1
14 37 2
13 19 2
47 51 2
7 194 2
61 109 2
15 65 2
61 72 2
16 164 2
17 67 1
9 59 2
33 94 2
46 95 2
50 101 1
53 166 1
40 82 2
25 139 1
5 130 1
53 66 2
62 147 1
35 38 2
42 180 1
54 57 2
31 163 1
31 55 2
49 177 2
17 54 2
2 41 2
25 133 1
5 9 2
53 154 2
4 75 2
27 101 2
30 34 2
44 59 2
3 135 1
9 25 2
1 128 1
51 110 1
17 146 1
12 180 1
22 54 2
54 183 1
11 45 2
30 71 1
22 55 2
46 173 1
24 54 2
16 41 2
39 59 2
20 93 1
63 168 1
39 40 2
19 23 2
1 121 2
40 49 2
21 176 2
45 54 2
9 17 2
36 159 1
34 111 2
14 145 1
3 43 2
46 162 1
10 130 1
35 46 2
15 198 1
0 74 1
2 40 2
32 141 1
3 6 2
7 32 2
16 110 2
1 130 1
13 61 2
52 117 2
8 28 2
32 46 2
51 163 1
57 166 2
18 159 1
54 94 1
11 55 2
9 138 2
25 146 1
33 115 2
12 32 2
3 33 2
41 58 2
21 44 2
37 159 1
14 141 1
53 68 2
55 60 2
14 152 2
27 56 2
54 79 1
27 65 2
35 42 2
64 133 1
1 44 2
15 35 2
24 88 1
43 153 1
29 132 2
54 81 2
1 17 2
36 43 2
59 143 1
21 60 2
43 89 1
29 49 2
65 150 1
50 145 2
2 24 2
9 63 2
39 49 2
6 54 2
65 147 1
41 183 1
29 93 1
46 82 2
22 51 2
16 46 2
33 106 1
10 27 2
14 48 2
6 35 2
11 86 2
10 46 2
14 49 2
14 15 2
4 146 2
21 89 1
29 47 2
15 26 2
13 18 2
15 62 2
14 194 2
4 47 2
6 142 1
2 143 1
24 167 1
61 121 2
51 102 2
21 23 2
58 62 2
43 45 2
10 159 1
64 165 1
39 92 2
4 91 1
48 123 1
50 86 1
48 58 2
1 60 2
1 47 2
19 54 2
52 197 2
64 85 2
20 40 2
62 160 1
46 50 2
11 37 2
24 181 1
60 133 1
19 35 2
56 151 1
7 54 2
42 75 2
33 42 2
41 48 2
1 64 2
58 141 2
62 177 1
54 55 2
8 181 2
45 65 2
25 164 2
1 32 2
38 58 2
36 59 2
36 46 2
7 75 1
14 16 2
42 132 1
41 124 1
63 96 1
19 56 2
2 65 2
28 32 2
30 59 2
14 111 1
9 35 2
8 34 2
14 125 2
17 29 2
63 185 1
10 57 2
12 14 2
23 136 1
5 199 1
5 114 1
0 75 2
19 49 2
1 33 2
34 50 2
45 171 1
50 58 2
50 153 1
53 123 2
43 156 2
61 65 2
55 68 1
65 92 1
29 37 2
6 61 2
38 178 1
24 26 2
11 103 1
42 63 2
9 27 2
22 95 1
63 122 1
58 121 1
15 32 2
49 196 2
14 77 2
16 198 1
38 54 2
4 51 2
20 149 1
21 158 1
14 119 1
36 63 2
55 62 2
0 51 2
15 189 1
34 166 2
6 193 1
30 129 1
3 62 2
27 61 2
6 44 2
20 91 1
12 43 2
0 72 1
42 92 1
11 189 2
11 139 1
56 116 1
10 65 2
18 50 2
27 31 2
17 166 1
39 88 2
42 46 2
6 34 2
21 49 2
60 63 2
21 191 2
10 37 2
8 128 1
14 169 1
22 93 1
55 113 1
21 73 2
9 20 2
42 174 1
12 79 2
18 64 2
19 156 2
45 176 1
32 58 2
38 158 2
28 73 2
16 180 2
40 59 2
12 19 2
28 64 2
15 34 2
7 127 1
7 41 2
14 130 1
13 26 2
2 149 1
54 91 1
35 162 1
9 197 2
41 146 1
26 32 2
10 64 2
27 51 2
39 120 1
50 98 1
45 59 2
50 135 1
7 8 2
24 69 1
16 23 2
50 118 2
27 93 1
19 179 1
10 59 2
48 92 2
12 178 1
44 140 1
13 27 2
51 65 2
9 64 2
57 125 1
49 163 1
61 155 1
65 125 2
15 37 2
32 181 2
60 121 2
10 136 1
17 106 1
33 47 2
48 100 2
32 35 2
61 196 1
45 61 2
21 102 1
0 65 2
54 129 1
44 64 2
37 184 1
45 62 2
5 61 2
5 105 1
7 182 1
4 72 1
24 40 2
18 20 2
59 102 2
3 59 2
41 132 1
31 128 1
23 53 2
44 138 1
0 26 2
0 21 2
37 55 2
5 20 2
35 41 2
32 115 1
39 48 2
43 79 2
34 138 1
39 160 1
42 80 1
2 4 2
25 41 2
24 169 1
12 49 2
33 60 2
42 191 1
45 51 2
36 138 2
24 34 2
6 20 2
8 48 2
12 26 2
6 63 2
6 32 2
8 20 2
46 197 2
6 138 2
57 127 2
10 16 2
6 60 2
0 11 2
18 48 2
30 123 2
30 186 2
26 147 1
14 197 2
11 47 2
4 17 2
33 124 2
25 30 2
17 140 1
33 43 2
4 86 1
27 76 1
7 154 2
9 47 2
11 14 2
21 141 1
19 62 2
3 113 2
49 62 2
2 3 2
7 58 2
34 81 1
39 51 2
29 38 2
42 149 1
57 121 1
55 79 1
38 166 1
38 62 2
11 162 1
50 185 1
8 166 1
57 65 2
52 139 1
4 50 2
44 159 1
16 149 1
5 49 2
14 153 1
38 118 2
25 85 1
35 147 2
36 118 1
36 60 2
60 109 1
27 28 2
4 11 2
52 81 1
28 92 1
27 32 2
54 146 1
11 33 2
13 90 1
36 92 1
44 182 1
13 133 1
50 119 2
13 184 1
43 179 1
62 112 2
10 26 2
41 79 1
3 139 2
44 195 2
2 9 2
12 86 1
47 54 2
44 176 1
11 30 2
58 146 1
64 67 1
0 148 2
34 116 2
65 177 1
61 137 1
55 84 1
4 28 2
60 62 2
35 74 2
34 42 2
43 85 2
27 49 2
53 151 1
59 190 1
12 35 2
18 44 2
9 30 2
48 65 2
55 57 2
21 187 2
4 70 1
35 120 2
35 67 2
47 61 2
51 52 2
5 36 2
21 33 2
12 85 2
32 186 1
36 186 1
49 73 1
65 68 1
16 103 1
44 75 2
21 52 2
6 8 2
20 106 1
60 112 1
5 51 2
0 145 1
21 117 2
28 184 1
33 167 1
30 37 2
14 143 2
22 104 2
63 150 1
27 35 2
4 117 1
28 186 1
11 51 2
56 80 1
44 65 2
42 102 2
14 96 1
40 110 1
20 187 1
19 103 2
20 39 2
29 61 2
1 110 1
12 21 2
6 125 1
13 47 2
11 28 2
40 60 2
17 53 2
26 140 2
63 82 1
5 63 2
42 82 1
31 125 1
10 18 2
45 147 1
52 163 1
5 146 2
13 39 2
59 101 2
50 167 1
19 104 2
25 188 1
49 151 2
27 133 1
15 126 2
30 51 2
40 41 2
34 168 1
16 35 2
2 35 2
20 118 2
0 25 2
4 157 2
11 15 2
55 187 1
4 8 2
17 44 2
8 64 2
43 149 2
32 40 2
30 114 1
38 63 2
37 131 1
57 118 2
12 17 2
2 144 1
10 23 2
8 73 2
34 57 2
12 112 1
12 33 2
4 197 2
57 162 1
20 116 1
38 73 2
21 108 1
24 108 1
2 36 2
8 76 1
4 39 2
14 35 2
10 50 2
54 143 1
18 39 2
22 63 2
43 182 2
19 31 2
45 179 1
39 134 1
1 76 1
40 169 1
17 118 1
15 193 2
19 30 2
64 135 1
57 195 1
65 194 2
36 55 2
44 97 1
63 92 1
44 63 2
59 90 1
42 61 2
1 4 2
10 183 1
21 160 2
14 47 2
9 53 2
1 149 1
19 22 2
31 57 2
34 143 2
22 41 2
30 50 2
28 119 1
17 20 2
35 99 1
36 48 2
18 195 2
47 149 2
23 33 2
22 129 1
28 45 2
44 146 1
52 101 1
41 65 2
57 71 1
54 84 1
58 180 1
13 168 1
47 114 2
48 108 1
1 43 2
63 164 2
51 164 2
26 45 2
41 157 2
28 35 2
63 193 2
23 31 2
44 109 1
0 194 1
28 178 1
0 31 2
6 13 2
47 142 1
53 80 1
34 67 1
57 96 1
8 16 2
53 93 2
60 61 2
57 59 2
13 157 1
37 193 1
5 59 2
47 128 2
20 28 2
4 55 2
63 95 1
27 174 1
17 123 2
50 159 1
50 184 2
14 33 2
47 94 1
18 89 1
63 91 2
25 62 2
1 56 2
49 103 1
28 61 2
25 125 2
9 10 2
50 136 1
20 73 1
23 51 2
23 77 1
7 164 1
18 181 1
53 96 1
40 149 2
28 144 1
8 88 2
17 19 2
6 46 2
45 187 2
3 102 2
13 23 2
48 87 1
0 63 2
25 83 2
36 172 1
5 140 2
54 61 2
6 62 2
18 134 1
41 105 1
4 189 1
13 24 2
36 135 1
19 50 2
10 70 2
55 163 1
31 178 1
41 149 1
42 81 1
56 170 1
2 146 1
4 43 2
16 44 2
10 87 2
42 179 1
17 31 2
54 174 2
40 54 2
34 158 2
42 199 2
35 64 2
1 79 2
17 25 2
61 70 1
3 167 2
13 105 2
25 176 2
65 183 1
9 79 1
54 168 1
23 40 2
33 162 1
25 51 2
25 196 1
20 92 1
11 106 1
53 56 2
18 42 2
32 43 2
15 69 1
52 195 1
18 149 2
19 97 1
6 30 2
50 51 2
32 122 1
11 58 2
4 16 2
6 31 2
21 32 2
22 65 2
18 87 1
57 190 1
60 98 1
43 51 2
64 190 1
23 44 2
42 72 1
14 28 2
31 156 1
65 164 1
21 168 1
39 65 2
26 196 1
16 40 2
5 16 2
32 156 2
2 138 1
40 64 2
45 133 2
7 69 1
35 58 2
10 32 2
0 45 2
28 78 1
57 184 1
22 160 1
11 43 2
14 99 1
29 31 2
6 36 2
41 44 2
1 104 1
14 155 2
37 39 2
35 102 1
37 56 2
0 195 2
14 41 2
55 165 2
23 34 2
6 49 2
3 41 2
1 174 1
62 135 1
45 152 1
56 138 1
16 116 2
0 117 2
45 69 1
33 41 2
13 103 2
43 171 2
18 23 2
37 156 2
28 74 2
45 146 2
23 121 1
7 14 2
20 172 1
38 43 2
48 76 1
0 43 2
23 45 2
44 149 1
1 16 2
44 101 1
21 110 1
39 136 1
13 22 2
32 53 2
12 34 2
26 112 1
41 52 2
11 102 2
14 44 2
22 111 1
27 33 2
57 155 1
34 132 1
49 178 2
17 61 2
12 135 1
56 59 2
24 199 1
56 75 1
19 39 2
33 93 2
48 191 1
46 51 2
20 56 2
25 46 2
38 85 2
24 53 2
55 158 2
65 84 1
36 87 1
31 184 1
32 174 1
27 43 2
25 177 2
8 27 2
43 123 2
12 15 2
49 57 2
58 154 1
20 161 1
2 199 1
9 70 2
19 29 2
62 68 2
13 32 2
57 58 2
0 20 2
7 37 2
63 115 1
19 60 2
4 53 2
36 79 1
35 159 2
27 83 1
6 81 1
38 147 1
37 38 2
11 63 2
19 59 2
44 90 2
40 93 2
30 63 2
7 167 1
9 149 2
4 183 2
14 63 2
16 197 1
29 65 2
63 174 2
56 161 1
29 96 1
25 31 2
46 174 1
63 69 1
23 54 2
61 87 2
23 96 2
20 127 1
33 67 1
19 147 2
28 138 2
51 151 1
63 108 2
9 196 1
31 79 1
13 45 2
6 16 2
32 130 1
10 114 2
35 193 2
57 175 1
49 170 1
16 143 1
3 46 2
44 180 2
38 181 2
28 157 2
58 113 2
54 137 2
65 132 2
25 35 2
49 65 2
4 58 2
32 99 1
41 99 1
26 55 2
9 125 2
38 44 2
4 134 1
34 35 2
18 56 2
63 121 1
46 106 1
44 144 2
20 52 2
21 27 2
40 55 2
11 57 2
32 34 2
35 86 2
11 53 2
44 128 2
8 59 2
34 118 1
14 106 1
39 185 2
1 40 2
50 134 1
65 104 1
12 41 2
12 40 2
13 167 1
55 111 1
6 107 2
53 134 1
21 40 2
30 33 2
29 51 2
9 38 2
58 173 1
10 86 2
27 37 2
32 192 1
48 51 2
48 146 1
17 43 2
11 104 1
13 113 1
60 103 1
24 118 2
42 195 2
18 161 1
8 62 2
45 58 2
31 49 2
47 53 2
43 133 1
9 52 2
60 100 1
5 68 2
30 163 1
31 34 2
4 147 1
31 123 1
26 181 1
11 135 1
20 41 2
44 129 1
19 105 2
28 52 2
50 65 2
53 150 2
57 152 1
18 110 2
32 57 2
7 59 2
1 18 2
36 139 2
17 49 2
46 193 1
37 50 2
8 57 2
30 38 2
12 53 2
55 173 1
27 66 2
16 37 2
60 164 1
43 92 1
39 195 1
15 23 2
6 25 2
20 32 2
12 169 1
28 56 2
25 142 1
11 115 2
39 152 1
53 67 2
28 50 2
22 68 2
1 63 2
19 82 1
49 138 1
39 80 1
30 62 2
29 63 2
65 137 2
15 60 2
11 60 2
41 128 1
41 96 1
7 48 2
6 51 2
20 150 2
15 101 1
27 98 1
45 165 1
18 129 1
7 53 2
24 156 1
15 42 2
20 21 2
4 31 2
0 29 2
7 161 2
50 172 1
31 187 2
19 55 2
11 62 2
35 57 2
62 80 1
25 45 2
31 44 2
28 123 1
17 191 2
2 91 2
13 51 2
23 159 1
21 79 1
22 45 2
15 59 2
12 77 1
0 56 2
36 148 2
8 51 2
12 181 1
22 144 1
24 31 2
48 159 1
18 80 1
45 101 2
15 121 2
39 131 2
33 145 1
33 125 2
5 131 1
59 61 2
12 142 1
48 138 2
34 187 1
29 85 1
9 157 1
20 36 2
24 30 2
49 55 2
19 20 2
21 42 2
39 158 2
51 56 2
22 115 1
25 78 1
8 39 2
52 176 2
9 31 2
18 192 1
37 183 1
33 97 1
21 51 2
58 83 2
45 145 1
55 58 2
43 121 1
15 106 1
57 60 2
13 58 2
19 134 2
6 7 2
17 179 1
43 157 2
30 189 1
35 76 1
16 101 1
48 130 1
10 20 2
31 50 2
6 17 2
27 44 2
40 183 1
38 84 1
6 140 2
59 169 1
41 179 2
28 31 2
37 95 1
64 107 2
13 71 1
62 194 1
63 126 1
0 54 2
47 154 1
40 108 1
40 53 2
24 29 2
34 60 2
21 55 2
27 122 1
38 87 1
24 64 2
51 123 1
43 47 2
28 34 2
49 137 1
8 183 1
51 139 2
24 62 2
57 94 1
52 134 1
55 78 1
16 25 2
63 163 2
16 187 1
5 31 2
7 63 2
24 28 2
15 172 1
14 36 2
1 35 2
62 189 2
61 99 1
4 38 2
1 2 2
43 113 1
45 132 1
30 76 2
10 105 1
55 63 2
15 46 2
4 60 2
3 12 2
16 184 2
34 102 1
42 43 2
4 46 2
48 62 2
2 7 2
18 22 2
17 34 2
50 82 1
16 119 2
15 125 1
1 158 2
44 71 2
62 98 1
15 20 2
7 45 2
8 22 2
17 55 2
47 59 2
54 119 1
44 60 2
53 122 2
19 41 2
38 39 2
31 99 2
44 45 2
55 194 1
36 131 2
60 82 1
50 83 1
8 80 1
45 140 2
16 169 1
5 45 2
40 52 2
39 63 2
15 54 2
31 56 2
19 46 2
35 146 1
38 74 2
26 160 1
15 184 1
52 65 2
37 96 2
7 114 1
38 120 2
6 103 1
21 43 2
44 133 1
10 39 2
34 66 1
26 50 2
53 185 1
34 71 2
44 79 1
43 108 1
59 74 1
4 180 2
31 185 1
20 97 1
3 57 2
56 182 1
65 107 1
26 60 2
0 40 2
19 36 2
7 56 2
19 58 2
30 193 2
2 6 2
28 90 1
37 43 2
31 157 1
7 35 2
8 126 2
11 154 2
7 13 2
40 46 2
63 136 2
56 64 2
28 85 1
2 13 2
15 51 2
10 35 2
26 101 2
20 43 2
20 31 2
10 83 1
63 170 1
48 64 2
32 75 2
48 59 2
47 64 2
11 18 2
33 77 1
53 143 1
45 193 1
35 116 2
64 81 1
32 153 2
46 128 1
24 63 2
14 29 2
36 114 1
7 47 2
25 48 2
36 45 2
13 116 2
0 83 1
3 195 1
23 64 2
0 30 2
28 87 1
29 30 2
48 184 1
20 87 2
16 145 2
41 100 1
18 54 2
29 44 2
25 98 1
24 112 2
54 126 1
23 74 1
61 176 2
34 115 1
2 119 1
40 50 2
10 157 1
27 151 1
2 16 2
64 127 1
23 81 2
36 129 2
21 62 2
28 53 2
31 36 2
28 159 2
16 134 2
44 134 2
10 184 2
55 138 1
38 176 1
41 92 1
50 62 2
47 186 1
11 87 1
43 192 1
2 194 1
2 193 1
5 56 2
2 137 2
15 167 1
33 83 1
41 158 1
28 146 1
0 186 1
22 191 1
13 197 2
20 37 2
13 143 1
10 111 1
59 162 1
46 171 1
16 131 1
53 74 2
20 131 1
46 178 1
22 37 2
27 30 2
15 48 2
46 186 1
5 46 2
34 151 2
47 173 2
32 98 1
36 37 2
49 51 2
8 18 2
21 179 1
35 140 1
35 61 2
22 23 2
43 53 2
32 188 2
1 162 1
39 61 2
36 68 1
46 169 1
13 29 2
12 81 2
1 125 1
2 46 2
43 56 2
46 98 1
45 76 2
37 141 1
26 188 2
30 196 1
17 27 2
13 53 2
8 9 2
32 55 2
37 46 2
9 173 1
17 74 1
3 91 2
32 104 1
33 91 2
18 177 1
54 60 2
48 119 2
24 185 1
23 32 2
48 106 1
37 115 2
36 41 2
23 49 2
8 26 2
34 63 2
4 123 2
54 59 2
43 184 1
40 125 1
1 49 2
40 57 2
6 64 2
0 4 2
57 192 1
39 56 2
58 125 1
48 111 1
35 199 2
30 138 1
10 44 2
58 128 1
2 78 2
49 109 1
7 74 2
28 41 2
24 192 1
35 48 2
8 92 2
2 61 2
31 51 2
20 107 2
42 59 2
27 63 2
11 72 2
2 25 2
6 99 1
23 103 1
19 26 2
2 18 2
31 48 2
8 29 2
42 83 1
41 51 2
41 47 2
5 187 1
53 164 1
11 19 2
17 84 1
4 149 2
10 49 2
8 53 2
45 93 2
38 66 2
26 36 2
39 46 2
41 63 2
54 64 2
7 153 2
40 94 2
49 69 1
11 140 2
6 10 2
42 164 1
21 22 2
48 194 2
26 29 2
12 42 2
51 61 2
15 132 1
41 155 1
43 112 1
37 54 2
20 23 2
50 53 2
52 60 2
11 148 1
7 34 2
56 176 1
16 148 2
28 68 1
7 98 2
34 49 2
26 186 1
52 113 1
1 50 2
17 104 1
11 126 1
4 156 1
4 193 1
13 109 1
4 133 1
28 113 2
31 162 1
15 105 1
27 126 2
15 52 2
38 157 2
5 8 2
19 88 2
36 102 1
34 75 2
21 121 2
60 138 1
2 52 2
19 24 2
6 110 1
50 59 2
58 147 2
16 17 2
10 103 1
27 48 2
28 65 2
0 71 1
11 23 2
64 97 1
8 112 1
15 111 1
27 34 2
57 150 1
21 35 2
5 42 2
7 40 2
3 37 2
31 132 1
10 24 2
19 64 2
53 57 2
5 40 2
32 44 2
45 148 2
28 198 2
1 34 2
45 50 2
20 33 2
15 182 1
63 107 1
15 41 2
33 53 2
47 163 2
43 50 2
15 36 2
20 53 2
27 191 2
27 99 1
2 140 1
15 77 2
22 96 1
5 32 2
57 128 1
32 33 2
48 75 1
54 56 2
10 192 1
19 92 1
55 155 1
1 136 1
23 155 2
45 52 2
28 137 1
10 52 2
15 33 2
21 170 1
33 118 1
13 48 2
23 48 2
16 51 2
28 42 2
25 38 2
7 175 2
44 47 2
18 103 1
8 52 2
47 188 2
48 63 2
6 22 2
42 106 2
5 29 2
15 25 2
21 132 2
41 88 1
25 118 1
1 176 1
27 150 2
53 180 2
45 163 1
61 183 2
53 106 1
19 53 2
44 78 1
30 90 2
60 187 2
8 94 1
0 128 1
24 90 2
43 145 1
57 142 2
37 113 2
48 107 1
29 101 1
57 146 1
3 36 2
28 115 1
11 13 2
14 68 1
45 63 2
21 106 1
44 74 2
62 83 1
33 64 2
56 60 2
16 191 2
23 43 2
12 117 1
65 153 1
52 132 2
4 27 2
35 50 2
39 55 2
40 176 1
10 91 1
5 52 2
17 92 2
52 124 1
10 67 1
20 26 2
27 109 2
23 163 2
27 121 2
46 134 1
1 62 2
6 149 2
62 199 2
12 170 1
35 167 1
0 156 2
62 113 2
3 141 1
25 36 2
58 178 1
42 44 2
54 116 1
15 40 2
52 183 1
17 46 2
12 143 1
3 104 1
13 40 2
32 89 1
11 131 2
31 53 2
16 172 2
60 160 2
1 14 2
3 48 2
62 144 2
19 176 1
28 40 2
2 47 2
53 144 2
10 185 1
3 61 2
58 63 2
33 173 1
37 91 1
29 149 1
29 48 2
14 18 2
56 79 1
26 100 1
24 114 1
43 78 1
1 36 2
23 61 2
16 171 1
63 84 1
16 30 2
58 89 2
28 173 1
38 141 1
12 190 1
25 50 2
58 68 1
34 91 2
38 149 1
34 98 2
24 195 2
6 19 2
9 96 2
26 28 2
49 91 1
19 44 2
23 47 2
42 96 2
26 79 1
22 108 1
41 169 1
17 96 1
30 31 2
4 6 2
34 188 1
26 31 2
33 185 1
32 82 1
57 167 1
21 88 2
12 37 2
0 118 1
41 60 2
15 145 2
39 186 1
26 40 2
14 151 1
56 57 2
19 75 2
65 163 2
15 38 2
33 38 2
30 97 2
29 102 2
3 134 1
8 14 2
56 198 1
30 42 2
1 80 1
52 182 1
45 47 2
6 9 2
46 184 2
43 52 2
17 37 2
49 60 2
10 41 2
19 52 2
56 141 2
20 63 2
26 87 1
3 55 2
9 18 2
21 195 1
6 52 2
15 31 2
35 60 2
50 109 1
52 180 1
27 113 1
41 67 2
25 130 1
52 66 2
31 124 2
35 142 1
60 191 2
55 71 2
129 191 1
2 74 2
111 136 1
9 14 1
15 143 1
30 39 1
36 51 1
67 195 1
9 136 1
1 59 1
13 64 1
74 155 2
22 38 1
19 110 1
14 51 1
127 132 2
45 173 2
6 21 1
64 80 2
28 132 1
26 174 1
51 58 1
86 129 2
28 161 2
37 189 1
16 85 2
33 50 1
50 173 1
42 48 1
10 80 2
37 195 1
29 127 1
25 55 1
49 86 2
58 64 1
80 150 2
51 173 2
40 174 2
33 72 1
12 150 2
55 184 2
32 45 1
86 104 2
20 174 2
42 52 1
