% n=20 p=60 d=0.66 p_blue=0.66
% k=0
5 12 2
11 16 2
5 19 2
7 11 2
2 18 2
6 15 2
4 19 2
1 16 1
6 9 2
6 17 1
0 10 2
3 12 1
9 18 2
3 9 2
0 4 2
5 11 2
3 7 2
2 14 2
0 6 2
2 19 2
4 12 2
3 15 1
7 16 2
8 14 1
0 11 2
7 14 1
11 19 2
2 13 2
4 14 1
0 7 2
1 6 2
2 6 2
9 14 2
0 5 2
1 17 2
4 15 1
5 8 2
6 18 2
1 9 2
3 13 2
2 15 1
5 7 2
9 16 2
5 9 2
1 2 2
2 8 2
3 11 2
1 10 2
0 19 2
3 10 2
9 10 2
2 9 2
10 11 2
3 8 2
8 19 2
7 17 1
4 7 2
9 15 1
8 16 2
6 10 2
8 13 2
11 14 2
6 11 2
7 8 2
10 15 2
6 8 2
8 11 2
4 10 2
8 9 2
5 15 2
3 14 2
2 10 2
10 12 2
1 19 2
6 12 2
7 9 2
3 6 2
4 13 1
0 3 2
10 16 2
0 2 2
5 10 2
4 8 2
0 8 2
4 6 2
0 13 2
10 19 2
10 17 2
9 11 2
7 12 1
7 10 2
4 9 2
1 3 2
6 7 2
10 18 2
0 9 2
14 17 2
2 11 1
1 4 1
6 16 1
7 19 1
12 15 1
2 17 1
3 17 2
13 15 2
12 13 1
3 18 2
7 13 2
3 4 1
12 18 1
1 15 2
2 16 1
9 19 1
1 8 1
2 3 2
18 19 1
15 16 2
3 16 1
2 5 1
14 16 2
8 10 2
11 15 2
2 4 1
4 5 1
2 7 1
10 13 2
0 16 1
16 17 1
8 17 1
2 12 2
