% n=90 p=33 d=0.66 p_blue=0.66
% k=0
0 84 2
17 65 1
28 57 1
28 54 2
1 36 1
13 16 2
20 41 2
5 11 2
24 36 2
7 85 2
7 76 2
8 62 2
6 66 2
23 36 2
22 53 1
18 41 2
13 21 2
29 62 2
18 63 2
13 84 2
12 63 2
18 46 2
16 47 1
11 17 2
15 28 2
3 57 1
18 27 2
21 32 2
6 44 2
1 6 2
20 54 2
14 27 2
11 28 2
17 24 2
17 40 1
19 32 2
5 84 1
3 54 2
9 18 2
16 25 2
28 29 2
9 61 2
19 21 2
1 19 2
20 51 2
27 85 2
11 73 2
21 40 2
7 75 2
9 25 2
28 73 2
14 25 2
8 65 2
7 21 2
28 49 2
17 35 2
4 19 2
7 88 1
22 82 1
12 13 2
2 60 2
9 82 1
21 83 1
6 10 2
27 41 2
29 80 2
27 87 1
1 40 1
10 26 2
29 71 1
22 40 2
12 41 1
27 76 2
24 29 2
17 67 1
4 6 2
3 81 1
25 85 2
18 44 1
0 62 2
17 82 2
19 48 2
1 58 1
12 47 2
5 16 2
21 52 2
6 88 2
13 87 1
0 9 2
6 42 2
0 86 2
3 63 1
0 57 2
10 47 2
7 25 2
23 85 2
11 18 2
14 32 2
0 55 2
9 46 1
14 73 1
5 19 2
22 77 2
19 77 2
8 20 2
10 39 2
24 44 2
10 50 1
13 58 1
22 59 2
13 61 2
28 36 1
16 55 1
9 14 2
10 67 1
25 82 2
26 41 2
1 24 2
24 42 2
29 59 2
18 82 2
0 22 2
1 77 2
24 49 2
7 87 1
6 82 2
17 23 2
14 28 2
12 14 2
9 73 1
23 55 2
1 18 2
9 32 2
3 75 2
17 18 2
1 64 2
13 75 1
4 50 2
4 88 2
2 45 1
4 39 2
0 1 2
28 72 2
21 71 2
4 29 2
14 41 2
13 83 2
2 46 2
1 51 2
10 66 2
10 59 2
8 68 1
15 82 1
12 78 2
22 75 1
19 22 2
28 39 1
4 23 2
9 81 2
1 43 2
20 72 2
26 55 2
12 26 2
2 10 2
5 86 2
6 27 2
24 26 2
9 49 2
8 85 2
10 43 2
14 68 2
12 23 2
21 54 2
26 54 2
27 31 1
10 83 2
16 39 2
3 10 2
2 33 1
4 31 2
1 45 2
10 33 1
5 87 1
0 50 2
10 81 1
6 31 2
13 63 2
9 74 2
14 50 1
17 80 1
6 39 2
11 89 2
0 6 2
14 80 2
17 25 2
20 28 2
13 34 1
27 36 2
0 28 2
1 65 2
9 56 2
1 14 2
14 82 1
16 56 2
13 15 2
22 68 2
5 6 2
4 33 1
26 58 2
2 8 2
22 76 2
2 68 1
24 69 2
0 58 1
10 58 2
9 24 2
19 75 2
4 35 2
20 44 2
19 73 2
16 31 2
11 21 2
19 39 2
16 32 1
2 63 1
11 34 2
5 63 1
18 80 2
20 62 2
13 64 2
4 36 2
12 15 2
3 48 2
21 26 2
16 64 1
11 25 2
4 83 2
9 51 2
2 15 2
20 57 2
11 64 1
14 84 1
5 13 2
5 78 2
14 15 2
4 16 2
13 72 2
0 54 2
25 73 2
12 20 2
13 39 2
4 67 2
8 79 2
28 82 2
4 42 2
9 21 2
26 75 2
5 17 2
23 81 2
9 15 2
4 68 2
15 80 2
13 80 2
17 54 1
11 16 2
21 63 2
15 18 2
2 13 2
2 85 1
18 33 2
10 15 2
25 58 2
12 79 2
4 10 2
0 15 2
9 31 1
3 64 1
15 68 2
8 13 2
0 75 2
0 4 2
18 87 1
28 77 2
3 78 2
23 67 1
13 54 2
4 27 2
11 20 2
6 59 2
24 25 2
1 48 2
8 61 1
2 19 2
0 81 2
28 52 2
15 19 2
10 29 2
19 46 2
20 89 2
26 60 2
19 37 2
9 62 2
9 12 2
12 39 1
3 43 2
9 26 2
15 20 2
2 82 2
8 71 1
25 35 1
14 44 1
17 21 2
22 63 1
24 34 2
8 66 2
9 22 2
1 2 2
1 7 2
3 55 1
26 73 2
1 83 2
10 12 2
8 9 2
24 88 1
0 3 2
23 71 2
2 27 2
1 31 1
20 36 2
25 78 2
2 84 1
4 57 1
0 21 2
9 75 2
20 88 2
17 57 2
11 74 1
3 84 2
14 64 2
22 65 2
22 41 2
1 26 2
8 76 2
5 7 2
9 55 2
19 65 2
7 18 2
19 85 1
4 22 2
22 60 1
8 18 2
16 80 1
5 53 2
4 62 2
26 83 2
28 38 1
11 56 2
23 66 1
22 50 2
18 66 2
27 65 1
14 18 2
6 17 2
20 60 1
26 34 2
1 46 1
1 17 2
25 46 1
7 40 1
21 31 2
21 84 1
18 36 1
3 34 2
6 57 1
1 81 2
9 57 1
6 32 1
21 60 1
8 26 2
8 86 1
8 58 2
11 82 2
11 70 2
20 78 1
17 72 1
24 39 1
2 28 2
4 81 1
9 76 1
12 70 1
18 35 1
15 86 2
25 28 2
14 35 1
27 61 2
26 71 1
19 62 2
19 63 1
3 24 2
27 35 1
11 46 2
3 8 2
13 88 2
22 85 2
11 86 2
16 60 2
3 28 2
0 25 2
23 59 1
4 89 1
16 27 2
14 74 2
23 50 2
13 17 2
19 51 1
11 47 2
16 45 1
10 16 2
9 85 1
7 63 2
18 60 1
17 66 2
16 88 2
15 30 2
18 32 1
22 28 2
23 37 1
9 64 2
11 24 2
23 82 2
29 88 2
15 67 2
22 69 1
4 54 1
11 59 2
18 57 1
14 70 1
7 81 1
18 30 2
18 88 2
9 35 2
5 23 2
9 38 1
6 81 1
6 65 2
14 56 2
24 58 2
17 71 2
25 26 2
24 78 2
24 46 2
1 27 2
21 57 2
11 19 2
23 30 1
15 71 1
9 60 2
13 20 2
26 27 2
13 22 2
7 43 2
7 58 1
7 66 2
28 44 2
12 37 1
14 16 2
12 71 2
10 45 2
24 85 2
21 74 2
12 59 1
15 40 2
6 18 2
18 71 2
17 74 1
3 16 2
15 42 2
16 19 2
19 29 2
14 85 2
9 37 1
7 72 1
12 21 2
14 53 1
13 71 2
1 56 2
3 19 2
23 77 2
20 66 2
22 26 2
18 86 2
11 87 1
22 44 2
29 77 1
19 24 2
28 84 1
12 36 1
9 72 1
5 33 2
13 82 2
4 25 2
19 50 2
18 67 2
2 40 2
8 89 1
17 86 1
7 27 2
0 7 2
17 63 1
7 64 1
21 72 2
17 75 2
19 57 2
11 42 2
4 17 2
5 38 1
25 39 1
17 59 2
24 31 2
15 65 1
13 29 2
2 50 2
8 59 1
9 89 2
7 78 1
24 56 2
15 23 2
0 8 2
24 82 2
9 17 2
1 23 2
12 82 2
17 20 2
23 76 2
2 20 2
11 61 2
27 64 1
18 28 2
17 27 2
14 63 2
10 55 1
13 60 1
3 11 2
0 78 2
27 29 2
0 24 2
22 27 2
1 25 2
23 65 2
6 58 1
28 61 2
21 36 2
26 87 2
6 9 2
11 83 2
15 25 2
9 13 2
0 26 2
2 6 2
20 37 1
1 8 2
16 48 2
21 35 2
0 64 2
10 85 1
22 84 1
6 61 1
9 67 2
16 63 2
3 18 2
5 15 2
6 22 2
26 74 2
4 65 1
7 45 1
7 34 1
12 69 2
22 61 1
23 75 2
7 51 2
11 80 1
18 52 2
29 31 1
12 81 2
4 80 2
16 29 2
10 79 1
26 57 2
28 34 1
7 16 2
25 65 2
2 38 1
15 22 2
1 69 1
22 49 2
29 37 2
3 89 2
4 41 2
15 57 1
8 63 1
22 23 2
1 66 2
5 42 2
7 35 1
19 20 2
17 62 1
12 87 1
11 75 2
27 84 2
2 80 2
20 46 2
12 58 1
27 74 2
24 65 1
17 70 1
29 55 1
3 62 2
10 89 2
0 2 2
19 61 2
2 32 2
22 83 2
16 23 2
6 21 2
19 26 2
0 88 2
4 5 2
5 26 2
6 7 2
4 14 2
5 18 2
26 85 2
16 51 2
13 50 2
13 23 2
2 18 2
18 29 2
27 33 2
16 28 2
1 4 2
23 39 2
3 6 2
8 41 2
7 56 2
12 54 2
18 48 1
6 72 2
28 83 2
18 72 1
7 50 2
5 24 2
29 40 1
3 58 2
21 24 2
14 38 2
27 55 2
10 41 2
2 55 2
18 54 2
10 82 2
5 37 2
7 38 2
1 20 2
21 28 2
7 36 1
15 60 2
13 37 2
5 88 2
18 45 1
18 65 2
6 26 2
24 27 2
20 29 2
14 65 1
19 56 1
28 66 1
10 69 2
17 50 2
9 19 2
15 35 1
7 11 2
24 40 1
5 35 1
13 56 1
21 22 2
19 44 2
10 87 2
21 67 1
11 57 2
29 64 1
7 22 2
14 20 2
12 68 1
0 13 2
0 41 2
4 61 2
28 70 2
21 50 1
28 75 1
6 8 2
6 15 2
5 81 1
29 69 2
9 65 2
4 30 1
24 59 2
4 11 2
9 39 2
18 84 2
2 76 1
10 18 2
5 8 2
2 31 2
7 73 2
2 59 1
26 79 2
10 80 1
7 15 2
19 42 1
22 47 2
8 55 2
15 27 2
24 71 2
15 17 2
26 68 2
16 72 2
25 34 2
4 51 1
10 14 2
7 29 2
0 27 2
11 43 2
21 29 2
3 52 1
19 89 1
16 22 2
14 21 2
8 77 2
27 67 2
17 77 2
10 77 2
21 48 2
24 35 1
3 65 2
26 49 2
13 24 2
27 54 1
12 24 2
16 26 2
2 5 2
23 35 2
5 76 1
21 69 2
3 29 2
26 43 2
1 39 1
20 49 2
6 12 2
12 25 2
14 26 2
1 10 2
23 28 2
3 86 1
6 38 2
19 55 2
12 27 2
28 56 1
10 53 1
7 86 2
16 67 2
21 68 2
8 45 2
16 20 2
27 82 1
3 68 1
12 29 2
3 72 2
21 27 2
14 51 1
26 32 2
6 83 2
4 82 1
4 77 2
3 69 2
26 81 2
28 62 1
2 58 2
4 70 1
8 64 2
14 58 1
7 9 2
10 49 2
15 69 2
21 82 1
26 52 2
8 19 2
25 40 2
10 37 1
18 21 2
14 39 2
6 79 2
20 42 2
12 74 1
1 53 2
6 84 2
10 25 2
3 30 2
27 71 2
5 20 2
8 12 2
20 23 2
3 9 2
15 33 1
15 77 2
8 11 2
4 84 2
2 87 1
0 44 2
29 65 2
27 38 1
3 41 1
26 35 1
10 61 2
20 56 1
7 28 2
3 67 2
7 80 2
5 70 2
23 40 2
1 13 2
0 63 2
6 78 2
9 87 1
10 23 2
8 46 1
17 88 2
6 49 1
21 39 2
3 12 2
19 70 1
11 29 2
19 41 1
8 28 2
17 68 1
17 49 2
16 24 2
2 41 2
23 47 1
2 70 2
12 22 2
25 86 1
13 86 1
8 54 1
22 80 1
20 24 2
15 48 2
29 74 1
0 47 2
24 89 2
20 59 2
20 26 2
4 15 2
14 34 2
0 87 1
12 67 2
29 61 2
12 42 1
23 25 2
26 38 1
27 30 1
23 79 2
14 67 2
24 43 1
9 50 2
3 21 2
18 59 1
29 82 2
20 25 2
7 70 2
29 81 1
29 60 1
18 22 2
22 33 1
29 39 1
8 56 2
29 73 2
13 25 2
27 39 1
14 52 2
1 88 2
15 34 1
10 78 2
11 44 2
9 77 2
10 36 2
23 44 2
4 48 1
3 17 2
13 36 2
16 40 1
0 46 2
7 13 2
11 22 2
1 21 2
6 53 2
15 54 2
29 48 2
27 28 2
9 53 1
25 77 2
12 31 1
10 75 1
24 28 2
13 45 1
7 59 1
29 86 2
23 53 2
12 35 2
0 34 2
29 79 2
20 32 1
18 42 1
5 36 2
3 20 2
26 39 1
2 44 2
2 89 2
5 43 2
9 28 2
1 49 2
9 86 2
24 52 2
1 34 1
6 74 2
21 66 1
8 38 2
14 72 2
20 74 2
25 33 2
8 75 2
15 44 2
16 30 2
6 86 2
26 62 2
24 55 2
24 54 2
4 74 1
25 57 1
27 47 2
8 44 1
11 88 2
3 4 2
23 26 2
25 49 2
1 67 2
4 9 2
19 52 1
11 66 2
26 29 2
17 51 2
9 44 2
12 19 2
11 53 2
14 69 2
8 49 2
14 46 2
18 55 1
5 64 2
2 26 2
8 21 2
22 29 2
9 23 2
26 69 2
6 25 2
19 36 1
24 67 2
3 38 2
0 39 1
6 30 1
22 52 1
10 21 2
13 14 2
17 22 2
23 86 2
5 55 2
7 62 2
17 28 2
21 70 1
1 80 2
26 30 2
23 54 2
26 66 2
16 89 1
19 25 2
22 42 2
11 36 2
22 73 1
9 34 1
4 21 2
10 71 2
27 79 1
15 81 2
2 24 2
0 18 2
22 70 2
2 14 2
17 30 1
28 87 2
27 70 1
0 23 2
1 22 2
23 43 1
0 40 2
23 41 2
22 45 2
11 65 1
21 23 2
16 78 2
19 49 2
29 35 2
5 67 2
24 74 2
13 18 2
27 49 1
17 76 2
14 31 2
23 78 1
19 60 2
12 53 2
28 79 2
27 75 2
8 15 2
3 59 1
17 43 1
18 77 2
16 18 2
0 38 1
21 89 2
15 43 2
20 35 2
18 81 2
20 69 1
25 84 2
28 50 1
25 74 2
14 79 2
27 72 2
19 34 2
29 85 1
5 12 2
16 52 2
4 8 2
28 46 1
12 88 1
21 65 2
19 23 2
19 33 2
13 89 2
0 12 2
20 38 2
13 28 2
25 54 2
14 77 1
10 64 2
24 77 2
7 89 1
7 17 2
17 53 2
26 53 2
1 60 2
10 40 2
2 43 1
19 66 2
17 52 2
17 79 2
5 68 2
9 10 2
23 31 2
28 42 2
0 72 2
21 86 2
25 61 2
4 12 2
22 89 2
2 29 2
7 39 2
3 80 1
6 24 2
17 29 2
12 83 2
1 28 2
2 9 2
24 61 1
1 12 2
16 34 1
22 72 1
22 34 2
4 49 1
0 42 1
20 40 2
6 16 2
21 34 2
22 56 2
8 29 2
18 26 2
27 51 2
5 28 2
1 87 2
2 81 1
18 38 2
22 67 1
2 75 1
20 27 2
8 83 2
0 67 2
28 31 2
29 34 1
16 41 2
1 63 1
1 59 1
6 28 2
25 69 2
28 68 2
6 51 2
23 24 2
9 11 2
23 70 1
28 78 1
26 40 2
4 66 2
7 84 1
10 44 2
7 26 2
15 58 2
8 88 1
19 35 2
7 24 2
6 11 2
3 82 2
0 5 2
1 11 2
14 87 2
11 77 2
29 56 2
22 66 1
27 80 1
29 83 1
16 50 2
15 89 1
28 41 1
1 5 2
25 80 2
23 72 1
26 36 1
0 17 2
16 77 2
5 51 2
20 85 2
7 10 2
20 64 1
19 40 2
16 86 2
5 27 2
1 16 2
13 46 2
0 16 2
22 78 2
3 76 2
20 50 2
26 50 2
21 44 2
11 15 2
25 51 2
0 20 2
7 14 2
17 81 2
5 66 1
3 14 2
25 47 2
5 85 1
20 77 2
20 55 2
6 23 2
25 29 2
13 81 1
0 74 2
11 40 2
19 84 2
4 13 2
4 56 2
15 56 2
21 42 1
5 10 2
15 49 1
8 60 2
11 62 2
0 76 1
5 40 1
7 83 2
0 19 2
11 37 2
13 31 2
4 26 2
12 89 1
29 63 2
25 62 2
20 21 2
18 64 1
29 45 1
1 33 2
3 42 2
20 79 2
7 8 2
17 44 1
16 87 1
7 79 2
24 33 2
16 61 2
4 63 2
15 70 2
26 78 2
26 80 2
3 32 1
7 33 2
19 69 2
6 37 2
21 38 2
29 30 1
25 42 2
11 54 2
3 46 2
17 26 2
8 10 2
12 44 2
28 64 2
25 43 1
15 39 2
22 30 2
3 26 2
12 30 1
26 44 2
29 53 2
16 53 1
21 59 1
20 82 2
22 86 1
3 27 2
15 31 2
29 89 2
23 34 1
20 22 2
6 34 1
12 45 2
7 32 2
1 30 2
22 38 2
6 62 2
22 24 2
3 31 2
5 49 1
25 53 2
14 88 2
2 48 1
3 13 2
23 80 2
25 52 2
3 73 2
3 37 1
18 20 2
4 87 2
8 84 2
21 41 2
29 67 1
21 75 2
11 12 2
5 75 2
16 21 2
5 14 2
25 48 2
13 51 2
23 68 2
14 83 1
9 84 2
17 19 2
3 7 2
8 17 2
15 21 2
14 48 1
2 23 2
21 51 2
2 11 2
5 89 2
13 77 2
12 55 1
3 15 2
1 78 1
2 77 2
3 60 1
17 73 1
11 51 2
8 82 2
9 20 2
6 47 2
23 58 2
7 61 2
29 46 2
15 29 2
11 49 1
13 19 2
4 7 2
5 46 2
18 23 2
8 14 2
0 73 2
5 25 2
0 83 2
28 30 2
6 69 2
21 76 2
29 51 2
8 39 2
7 19 2
26 42 2
2 42 2
1 55 2
6 67 2
2 35 1
16 76 1
11 32 2
11 76 2
9 63 2
15 16 2
3 66 2
14 24 2
5 21 2
10 74 2
26 72 2
2 7 2
1 29 2
29 70 2
18 69 1
4 71 1
8 72 2
10 20 2
23 29 2
20 68 2
6 64 2
8 47 2
0 11 2
10 22 2
10 76 2
13 85 2
0 10 2
12 62 1
26 89 1
6 46 2
27 78 2
17 89 1
18 68 2
14 22 2
19 27 2
23 83 2
2 3 2
11 30 1
7 37 1
1 44 2
3 5 2
26 51 2
5 34 2
25 67 1
27 86 1
2 61 2
29 38 2
4 53 1
0 71 2
2 21 2
4 28 2
8 24 2
9 33 2
2 64 2
16 35 2
18 61 2
14 45 2
1 54 2
17 60 1
19 64 1
24 53 1
22 36 1
3 74 2
20 86 2
4 78 2
18 53 1
25 50 2
6 70 2
6 29 2
17 46 2
10 68 2
24 70 2
2 56 1
6 20 2
0 14 2
0 61 2
10 35 1
2 4 2
15 24 2
27 69 2
22 39 2
2 22 2
22 58 1
12 66 2
18 51 1
25 81 2
23 60 2
18 25 2
24 86 2
28 89 1
19 38 2
8 33 1
28 45 2
19 71 1
6 19 2
15 79 1
26 31 2
11 55 2
3 71 1
3 25 2
25 72 1
9 43 2
16 38 2
25 79 2
8 22 2
17 87 2
0 29 2
15 73 2
25 71 2
4 59 2
8 25 2
3 22 2
25 60 2
5 62 1
21 79 2
27 56 1
8 27 2
10 48 2
0 48 2
1 72 1
16 65 1
4 52 1
2 16 2
9 40 2
10 24 2
27 34 2
12 49 2
11 14 2
13 27 2
16 17 2
3 33 1
3 40 2
6 40 2
22 81 2
6 14 2
13 55 2
11 27 2
24 62 1
16 62 2
15 72 2
0 30 2
27 63 2
5 32 2
27 46 2
28 47 2
10 63 2
7 74 1
10 13 2
2 73 1
10 11 2
28 40 2
1 86 2
1 85 2
6 13 2
20 70 2
21 64 2
5 9 2
26 65 2
28 71 2
9 59 1
19 82 2
0 56 1
2 12 2
14 47 2
23 87 2
21 25 2
6 55 2
18 19 2
18 24 2
5 56 2
4 64 2
19 28 2
0 79 1
4 40 2
23 38 2
23 89 1
1 41 1
15 41 1
28 80 2
6 77 1
26 59 2
1 50 2
24 76 1
24 87 1
14 75 2
15 76 2
10 38 2
16 44 2
17 56 2
26 82 2
20 84 2
14 23 2
2 54 1
1 15 2
29 36 2
13 26 2
7 20 2
8 57 2
9 27 2
24 32 1
11 26 2
10 19 2
22 25 2
6 75 1
18 34 1
21 37 2
11 13 2
8 16 2
18 47 2
22 79 1
18 76 2
13 32 1
25 76 2
1 37 2
26 48 2
16 73 1
18 75 2
17 34 2
1 3 2
11 35 1
3 23 2
14 66 2
9 29 2
25 27 2
2 25 2
5 22 2
3 88 1
11 81 1
15 78 2
0 80 2
12 84 1
1 9 2
14 19 2
5 61 2
22 74 2
9 16 2
14 17 2
8 35 1
24 68 2
26 28 2
10 27 2
25 75 2
23 42 2
4 24 2
11 38 1
21 85 2
4 18 2
4 76 2
23 27 2
2 71 1
28 63 2
7 57 1
11 31 2
23 64 1
21 43 2
2 79 1
12 16 2
10 46 2
7 42 2
4 20 2
14 33 2
12 61 1
12 33 2
2 17 2
19 87 2
13 68 2
4 58 2
15 26 2
27 88 2
57 63 2
15 36 2
5 29 1
11 85 1
65 66 2
36 53 1
11 23 1
32 62 2
12 17 1
23 32 2
60 84 2
7 23 1
22 62 2
21 53 1
8 53 1
28 32 1
12 28 1
10 28 1
