% n=110 p=33 d=0.66 p_blue=0.66
% k=0
8 74 1
23 100 2
0 46 2
17 83 2
14 71 1
4 63 2
30 96 2
14 37 1
25 37 1
0 22 2
22 33 2
19 86 1
3 19 2
16 31 2
0 91 2
30 48 1
19 31 2
35 57 2
22 63 2
28 68 1
26 95 1
4 22 2
17 34 2
16 36 2
17 36 2
15 56 1
21 31 2
20 62 2
30 100 2
15 86 2
0 90 2
22 107 2
23 76 2
24 26 2
19 93 2
5 19 2
15 84 2
21 47 2
17 27 2
32 38 2
17 61 2
7 11 2
15 101 2
18 34 2
3 90 2
6 25 2
3 85 2
26 54 2
5 93 1
14 36 2
8 95 2
12 72 1
8 33 2
1 107 2
22 86 2
29 30 2
27 32 2
6 26 2
7 108 2
5 60 2
1 72 2
7 19 2
7 82 2
30 69 2
9 54 2
4 57 2
34 74 2
2 14 2
12 100 1
6 60 2
15 51 2
22 35 2
9 97 2
27 100 2
8 56 1
13 64 2
3 13 2
8 45 1
35 63 2
18 28 2
22 87 2
12 39 2
23 45 2
18 19 2
14 69 2
4 15 2
32 70 2
21 58 1
13 19 2
2 100 2
23 27 2
2 54 2
30 66 2
0 41 1
36 100 1
33 43 2
22 99 2
15 17 2
21 28 2
20 21 2
23 52 2
23 60 2
16 32 2
16 72 2
24 100 2
33 67 2
28 60 2
24 53 1
29 34 2
32 36 2
3 46 1
0 74 2
18 33 2
6 96 2
2 35 2
0 18 2
17 99 2
2 9 2
14 102 2
27 30 2
16 19 2
20 95 2
4 94 1
36 68 2
6 37 2
17 44 2
34 89 2
12 27 2
19 67 2
9 19 2
6 22 2
25 90 1
23 66 2
33 89 1
36 96 2
8 103 2
0 87 2
1 24 2
12 14 2
20 50 2
5 28 2
9 55 2
2 53 2
36 59 1
11 73 2
0 20 2
1 101 2
5 69 2
27 28 2
33 36 2
12 16 2
15 31 2
3 17 2
29 84 1
23 35 2
23 30 2
36 104 2
8 27 2
2 69 1
19 61 1
5 6 2
6 24 2
17 42 1
2 19 2
14 60 2
14 38 2
9 38 2
8 105 2
27 98 2
13 94 1
12 101 2
13 54 2
7 95 1
0 32 2
33 90 1
14 83 1
0 85 1
0 38 1
0 17 2
29 90 2
15 108 2
12 74 2
23 82 2
25 93 2
14 78 2
0 94 2
34 80 2
36 82 2
6 47 2
23 46 2
13 66 2
29 108 2
26 44 2
10 79 2
11 41 1
19 32 2
28 46 2
11 26 2
12 26 2
34 64 2
25 48 2
7 24 2
2 36 2
10 69 2
10 35 2
9 30 2
17 85 2
7 12 2
19 71 2
1 109 2
23 36 2
21 45 2
0 49 2
6 23 2
24 88 2
15 87 2
25 29 2
18 44 1
34 99 1
9 13 2
33 39 1
7 8 2
8 102 2
9 12 2
16 62 1
6 61 2
35 109 1
12 58 2
26 75 2
25 65 1
6 69 2
23 70 2
16 28 2
9 99 2
31 76 1
29 62 1
15 63 2
1 66 2
20 49 2
20 55 2
6 29 2
16 17 2
13 81 1
22 74 2
22 93 1
1 6 2
15 78 1
12 89 2
21 66 2
5 20 2
23 83 2
13 74 2
29 35 2
0 101 1
17 57 2
25 49 1
17 92 2
33 77 2
5 30 2
2 77 2
24 58 1
1 36 2
2 55 2
8 94 2
4 66 2
15 76 1
8 62 2
1 69 1
18 20 2
7 30 2
20 45 2
25 71 2
32 84 2
33 85 2
13 15 2
5 94 2
14 73 2
33 98 2
16 63 2
16 33 2
29 91 2
6 34 2
15 55 1
19 63 1
7 85 1
26 35 2
17 90 2
8 37 2
34 51 2
24 54 1
3 34 2
10 67 1
12 30 2
6 51 2
8 35 2
24 80 2
30 58 2
8 89 1
14 18 2
33 68 1
19 56 1
19 85 1
25 45 2
10 74 2
15 89 2
13 107 2
4 20 2
3 52 2
30 79 1
35 69 1
11 65 2
29 70 1
32 93 2
2 79 2
28 75 2
21 43 1
23 101 2
9 26 2
15 22 2
8 77 1
24 55 2
34 79 2
29 75 2
3 14 2
34 59 1
31 53 1
31 36 2
3 106 2
20 91 2
2 72 2
35 105 1
16 88 1
26 28 2
1 91 1
27 72 1
5 25 2
20 76 1
2 15 2
2 33 2
14 28 2
3 32 2
15 98 1
26 88 1
5 18 2
34 97 1
20 46 2
7 67 1
9 85 2
4 5 2
25 59 2
3 11 2
2 109 2
0 1 2
13 25 2
14 56 2
7 31 2
13 53 1
4 59 1
0 5 2
33 51 2
8 78 1
7 66 1
5 82 2
26 102 1
7 16 2
10 81 2
35 54 2
0 79 2
27 82 2
21 103 1
24 67 1
30 72 1
9 34 2
9 58 1
28 51 1
7 86 1
29 101 2
19 23 2
23 102 1
18 97 2
27 109 2
8 15 2
21 91 1
13 86 2
25 44 2
12 23 2
2 76 2
14 61 2
7 99 2
0 69 1
22 67 2
34 67 2
0 51 2
24 87 1
1 15 2
31 87 2
13 46 2
14 109 2
10 33 2
21 101 2
11 47 1
21 71 2
17 98 1
27 103 2
27 49 2
19 26 2
17 35 2
3 81 1
15 109 2
5 26 2
34 75 1
25 103 2
4 103 1
19 29 2
19 97 1
31 94 2
25 82 2
16 25 2
12 49 2
8 46 1
8 86 2
11 14 2
1 11 2
8 47 2
13 14 2
18 24 2
5 37 1
14 16 2
25 27 2
19 25 2
29 45 1
9 15 2
22 70 2
23 26 2
0 48 1
6 45 1
7 76 2
22 92 1
27 70 1
12 107 2
32 65 2
10 56 1
6 63 2
1 63 2
28 106 1
2 106 1
29 51 1
6 15 2
10 32 2
23 32 2
22 97 2
10 106 1
13 17 2
30 39 2
3 57 2
12 105 2
17 26 2
13 41 2
0 80 2
31 86 1
14 34 2
36 39 1
11 17 2
21 33 2
0 82 2
22 36 2
6 12 2
15 21 2
6 104 1
25 46 1
29 71 2
6 59 1
28 65 2
23 103 1
3 55 2
33 50 2
17 55 2
31 41 1
22 24 2
5 98 2
17 63 1
1 58 2
20 27 2
4 10 2
7 9 2
14 82 1
28 72 2
12 80 2
34 73 2
29 53 1
3 67 2
29 100 2
17 70 2
32 34 2
22 59 2
35 66 2
1 5 2
12 35 2
34 87 1
5 92 2
15 23 2
1 56 1
6 28 2
7 98 2
13 99 2
9 65 1
18 62 2
5 44 2
21 26 2
7 47 1
20 87 2
1 7 2
23 96 1
36 62 2
25 38 2
22 34 2
1 80 2
15 34 2
11 32 2
21 34 2
13 67 2
23 97 1
0 83 2
19 37 2
8 96 2
16 49 1
21 108 2
24 30 2
13 20 2
0 55 2
33 69 2
3 94 2
36 98 2
1 74 1
0 75 2
13 97 2
36 77 2
15 74 2
12 102 2
7 104 1
12 82 2
4 79 2
16 107 1
33 70 2
22 89 1
24 109 1
33 84 2
19 39 2
19 72 2
2 5 2
4 34 2
28 43 2
21 54 2
14 41 1
6 107 2
19 100 1
8 29 2
17 104 2
20 85 2
29 54 1
15 79 2
26 100 1
27 59 2
15 69 2
32 86 2
4 84 2
22 25 2
31 62 1
23 94 2
1 20 2
3 47 2
23 77 1
13 35 2
24 45 2
11 21 2
28 57 2
21 44 2
20 51 2
27 81 1
20 41 1
8 19 2
10 21 2
23 51 2
21 72 2
1 59 2
21 89 2
27 34 2
33 48 2
28 105 1
16 80 2
29 31 2
36 40 1
12 108 1
35 106 1
9 33 2
32 103 1
18 103 2
15 26 2
0 45 2
1 26 2
21 32 2
22 77 1
13 28 2
15 41 2
24 98 1
7 94 2
18 23 2
32 101 2
5 15 2
2 103 1
30 64 2
36 51 2
10 20 2
10 68 2
13 69 2
27 64 1
25 69 1
35 47 2
11 96 2
29 79 2
34 37 2
14 85 2
36 70 2
9 106 1
7 106 2
32 42 2
2 21 2
24 49 2
16 22 2
9 49 1
27 67 2
3 35 2
26 31 2
8 25 2
14 52 2
36 61 1
35 74 2
36 43 2
36 81 2
3 29 2
32 89 2
21 81 2
5 40 2
20 83 2
14 74 2
30 99 2
16 51 2
5 34 2
24 77 2
15 75 2
18 81 2
7 103 1
35 64 2
25 26 2
5 80 1
19 108 1
11 93 1
12 88 1
11 57 2
33 60 1
11 15 2
3 5 2
26 63 1
8 60 1
10 86 1
13 95 1
15 62 1
17 65 2
33 92 2
13 60 2
10 19 2
28 87 2
6 85 1
5 52 2
14 35 2
4 69 2
20 74 2
2 71 1
22 96 2
30 62 1
13 38 2
21 77 2
12 25 2
11 105 2
9 56 1
23 79 2
18 32 2
4 8 2
5 84 2
10 15 2
36 90 2
11 24 2
23 24 2
0 2 2
14 23 2
2 28 2
5 16 2
19 96 2
5 96 1
1 90 1
27 90 2
17 19 2
27 85 2
1 17 2
3 75 2
30 93 1
3 24 2
26 99 1
10 14 2
1 3 2
9 35 2
24 93 1
27 76 2
7 87 1
34 49 1
24 99 2
4 46 1
7 79 2
10 73 1
8 87 1
26 48 2
26 32 2
5 7 2
33 37 2
1 19 2
4 50 2
17 109 2
14 15 2
0 78 2
32 72 2
3 109 2
11 36 2
12 77 2
0 60 2
2 78 2
2 8 2
10 100 2
34 56 1
2 7 2
8 84 2
19 106 2
34 109 1
31 32 2
2 75 2
21 109 1
23 39 1
25 53 2
3 78 2
27 65 1
27 80 2
3 20 2
18 101 1
4 101 1
17 93 1
21 87 1
23 88 1
2 51 2
3 15 2
6 30 2
16 101 2
24 62 2
20 48 2
18 30 2
4 85 2
1 40 2
31 78 1
2 23 2
14 31 2
25 105 1
11 13 2
23 81 1
33 100 2
34 82 2
31 108 2
14 99 2
21 22 2
17 23 2
10 42 2
10 13 2
26 68 2
27 91 2
36 91 2
12 47 1
1 68 2
11 78 2
13 90 2
11 99 2
8 99 1
2 18 2
2 102 2
32 97 2
21 106 2
20 58 2
3 27 2
18 56 2
31 49 1
10 85 1
29 78 2
32 79 2
34 101 1
34 61 2
10 78 2
0 10 2
14 62 2
24 56 2
31 79 2
16 96 2
3 33 2
30 46 2
0 24 2
20 93 1
18 96 1
30 53 1
0 99 2
28 56 2
0 44 1
16 38 1
21 69 1
1 21 2
5 99 1
0 89 2
0 19 2
25 62 1
31 54 2
15 47 2
12 84 2
18 70 2
9 105 1
27 104 2
9 88 2
15 19 2
0 56 1
14 79 1
34 50 2
16 53 2
9 104 2
30 104 2
24 33 2
25 40 2
18 50 1
16 23 2
15 27 2
3 89 2
5 8 2
36 83 1
14 70 1
23 33 2
22 66 2
11 59 1
19 91 2
1 84 2
29 107 2
5 104 2
12 56 2
15 35 2
15 93 1
33 86 2
19 42 1
20 86 2
17 37 1
6 86 2
33 35 2
25 52 2
30 98 2
8 13 2
4 67 2
3 63 1
7 53 1
5 39 1
25 72 1
5 89 2
3 64 1
32 43 2
23 47 2
12 86 2
19 64 2
24 94 2
15 104 2
15 83 1
23 57 2
8 57 2
17 51 1
15 52 2
27 79 2
26 104 2
4 26 2
23 72 2
12 106 2
13 26 2
0 8 2
7 64 2
2 44 2
10 98 2
30 54 2
1 70 1
33 88 1
24 41 2
10 23 2
32 75 2
10 96 1
33 73 2
27 44 2
19 88 1
8 11 2
15 33 2
13 31 2
17 54 2
26 40 2
0 105 1
9 53 2
25 68 1
31 73 2
5 59 2
19 51 2
5 55 1
18 39 1
13 100 1
32 74 2
1 8 2
27 94 1
3 58 2
11 87 2
28 104 2
31 77 2
24 91 1
13 34 2
7 80 1
30 81 2
7 23 2
2 22 2
32 56 2
32 45 2
25 50 2
9 11 2
8 82 1
30 63 1
23 54 2
6 97 2
23 62 2
1 85 2
10 109 2
25 47 2
2 34 2
25 73 2
36 38 1
8 20 2
19 27 2
23 65 1
24 63 1
30 65 1
9 27 2
20 56 1
0 34 2
13 103 1
30 76 2
8 44 2
34 107 2
35 65 2
21 56 2
14 106 1
21 27 2
10 99 2
12 33 2
6 7 2
0 63 1
25 101 1
20 31 2
11 35 2
25 63 2
5 21 2
3 49 2
22 105 1
20 44 2
12 24 2
20 42 1
0 107 1
16 26 2
26 72 2
9 59 1
2 26 2
20 80 1
3 53 1
18 27 2
21 75 2
25 32 2
11 56 1
11 18 2
19 105 2
8 51 2
5 54 2
15 71 1
8 28 2
32 33 2
15 50 1
28 52 2
22 106 2
34 84 1
5 70 1
9 39 2
0 3 2
21 36 2
6 53 1
21 90 2
17 47 1
6 48 2
2 56 1
6 39 2
16 91 2
18 35 2
12 93 2
23 34 2
9 96 2
21 83 2
0 11 2
4 42 1
11 16 2
17 94 1
10 38 2
20 26 2
4 21 2
9 82 1
2 24 2
28 64 2
19 52 2
9 24 2
11 108 2
23 67 2
29 102 1
26 92 2
7 35 2
29 64 2
23 73 1
22 71 2
7 77 2
15 49 2
6 50 2
9 42 2
19 28 2
26 103 2
10 88 1
12 42 2
30 50 2
8 50 1
10 40 2
1 71 1
24 52 2
14 84 2
4 35 2
16 74 1
33 58 2
17 39 2
8 98 2
19 34 2
32 88 2
16 57 2
16 98 1
22 68 2
7 89 2
13 29 2
21 70 1
24 51 2
24 69 1
36 88 1
7 40 2
22 58 2
18 31 2
24 101 1
13 42 2
1 48 1
27 66 1
0 9 2
4 6 2
23 107 2
27 69 1
1 25 2
31 102 2
15 80 1
27 57 1
20 22 2
15 32 2
17 28 2
35 52 2
24 47 1
31 98 1
25 104 2
16 60 1
7 34 2
26 60 1
16 24 2
18 88 1
35 101 2
9 21 2
6 49 2
8 63 2
15 64 1
22 30 2
20 54 2
7 105 1
1 47 2
36 84 1
27 73 2
26 109 2
32 91 2
5 27 2
10 77 2
31 101 1
3 100 2
2 27 2
9 14 2
1 51 1
4 30 2
14 104 1
13 65 1
29 103 2
9 107 2
6 31 2
0 61 2
15 92 1
24 32 2
31 72 1
11 84 2
9 62 2
16 21 2
31 71 2
23 87 2
4 76 2
0 30 2
15 20 2
5 62 1
33 97 2
36 49 2
33 56 1
8 80 2
30 41 1
31 85 2
10 18 2
1 75 2
4 88 2
5 29 2
19 101 2
4 77 2
3 4 2
29 96 2
15 60 1
11 53 1
4 58 1
9 29 2
31 89 1
15 67 2
18 36 2
9 100 1
13 55 2
3 10 2
22 54 1
26 80 2
16 68 2
29 46 2
9 93 2
21 78 2
25 98 1
6 90 2
2 96 2
3 41 2
33 59 2
31 47 2
3 105 1
23 49 2
12 97 2
18 71 2
6 71 1
25 31 2
10 28 2
5 68 1
27 31 2
36 45 1
8 32 2
7 75 1
28 82 2
14 25 2
35 97 2
4 17 2
11 33 2
25 77 2
28 44 2
34 52 2
9 95 2
9 94 2
35 96 1
34 108 2
32 55 2
5 46 2
13 82 1
36 89 2
8 108 2
6 19 2
12 50 2
13 93 1
5 22 2
16 37 2
4 73 2
0 73 2
12 59 2
6 9 2
28 102 2
12 36 2
26 82 2
11 71 1
0 13 2
4 104 2
30 36 2
6 62 2
9 48 2
1 87 2
14 24 2
4 86 2
36 71 1
32 96 2
28 91 2
3 79 2
7 109 2
25 81 2
18 41 1
7 29 2
25 61 1
13 44 2
17 52 2
7 10 2
30 90 2
36 80 1
11 22 2
18 98 2
30 34 2
13 52 2
9 81 1
11 100 2
14 55 1
3 6 2
16 66 2
1 60 2
2 4 2
27 29 2
23 85 1
9 74 1
28 58 2
1 12 2
21 86 2
13 47 2
1 41 2
4 39 2
17 64 2
11 12 2
15 30 2
4 38 1
24 25 2
21 100 1
11 81 2
27 33 2
0 71 2
10 102 1
4 24 2
4 9 2
1 99 2
4 56 2
11 86 1
14 47 2
31 81 2
25 107 2
17 86 2
16 61 1
2 84 2
15 24 2
0 65 1
7 20 2
4 105 1
19 20 2
15 91 2
16 52 2
10 108 2
4 53 2
36 44 1
17 89 2
15 36 2
7 54 2
0 6 2
19 92 2
33 42 1
15 18 2
3 95 2
9 31 2
2 94 1
9 92 2
17 105 1
9 46 2
8 73 2
20 107 1
3 31 2
3 101 2
6 93 2
32 39 2
21 92 2
4 64 2
1 37 1
30 68 2
30 59 2
20 90 2
19 95 2
7 107 2
0 27 2
1 23 2
12 71 1
16 95 2
32 94 2
11 70 1
28 108 2
9 16 2
31 46 2
0 67 2
34 105 2
32 53 2
14 100 1
34 63 2
6 105 2
1 96 2
0 57 2
17 91 2
11 29 2
17 67 1
5 17 2
6 94 2
12 76 2
24 46 2
13 109 2
5 35 2
6 58 2
11 40 2
10 39 2
28 97 1
15 88 2
26 94 2
14 39 2
30 57 1
35 62 2
17 22 2
0 33 2
24 84 2
8 9 2
15 29 2
6 14 2
24 108 2
3 37 1
0 98 2
28 77 2
7 96 2
23 106 2
14 67 2
24 92 1
9 67 2
17 41 2
36 102 2
30 78 1
10 72 2
16 48 2
19 75 2
21 53 1
14 19 2
34 60 2
5 61 2
27 77 2
18 100 2
6 82 1
36 64 2
0 25 2
24 29 2
5 33 2
14 27 2
28 76 1
6 88 2
33 44 2
17 101 2
9 28 2
10 107 1
3 8 2
25 78 2
33 45 2
20 88 2
3 18 2
13 45 2
0 26 2
29 43 1
9 98 2
31 75 2
18 79 2
27 89 1
17 69 1
3 80 2
24 74 1
30 86 2
14 81 2
12 69 1
27 35 2
7 15 2
26 85 2
3 54 2
30 73 2
12 87 2
25 36 2
21 67 2
0 102 1
6 80 2
1 54 2
0 37 2
6 44 1
32 62 2
20 66 2
24 64 2
19 90 2
6 21 2
2 43 2
1 46 2
34 44 2
22 75 1
10 53 2
31 51 2
8 85 2
0 59 1
25 106 2
6 76 1
25 86 2
23 41 2
4 90 2
27 42 1
10 22 2
34 85 2
18 25 2
13 108 2
14 26 2
25 41 1
22 90 1
11 103 2
28 84 2
32 76 1
35 98 2
9 75 2
18 43 1
28 74 2
1 28 2
16 44 2
32 102 1
27 36 2
10 43 1
7 33 2
14 92 1
8 36 2
26 97 2
13 83 2
27 99 1
32 80 2
1 76 2
18 29 2
26 74 2
15 77 1
6 91 2
3 103 2
18 72 1
30 87 2
14 29 2
6 70 2
28 86 1
16 77 1
13 24 2
26 90 2
25 89 2
15 107 1
5 32 2
27 43 2
22 82 1
8 91 2
10 91 2
10 90 2
17 20 2
16 20 2
16 29 2
7 17 2
16 50 1
13 72 2
14 95 1
6 18 2
15 73 1
5 106 2
26 62 1
7 97 1
16 27 2
9 10 2
23 89 1
30 45 2
29 69 2
31 52 2
26 64 2
28 67 1
3 50 1
25 91 2
9 43 2
11 27 2
7 41 2
19 98 1
29 97 1
30 88 2
5 90 2
11 94 2
26 71 1
35 53 1
8 17 2
34 90 2
27 54 1
1 13 2
7 88 1
4 28 2
12 61 1
32 68 1
14 103 2
28 83 2
6 20 2
11 34 2
22 108 2
36 60 1
21 35 2
29 105 2
26 27 2
20 32 2
36 103 1
1 33 2
12 70 2
22 37 2
8 76 2
0 103 2
12 99 2
16 46 2
4 37 2
12 20 2
3 22 2
26 87 2
21 50 1
6 73 2
32 48 1
6 81 2
2 3 2
23 71 2
15 40 2
24 66 1
31 61 2
4 108 2
4 55 2
5 105 2
20 33 2
22 27 2
17 102 1
9 60 2
13 39 2
28 66 2
8 16 2
20 43 1
29 61 2
17 81 2
11 25 2
5 100 2
30 101 2
8 34 2
6 17 2
35 108 2
33 38 2
33 106 2
32 66 2
7 39 1
7 14 2
8 42 1
2 16 2
16 84 1
23 53 2
36 65 2
13 98 1
36 42 2
33 75 2
32 82 2
28 35 2
32 67 2
27 50 1
4 27 2
15 100 2
10 27 2
26 81 2
35 86 2
23 68 2
10 45 2
18 51 2
27 40 2
25 92 2
32 106 1
11 69 2
17 25 2
10 80 2
6 11 2
19 73 2
19 107 2
13 78 1
29 74 1
24 79 2
0 36 2
7 22 2
31 66 2
30 35 2
8 21 2
10 82 2
15 85 1
16 55 2
6 33 2
14 33 2
19 33 2
20 104 2
17 106 2
7 21 2
9 66 2
31 90 1
8 24 2
19 104 2
29 37 2
25 80 2
30 89 2
7 13 2
24 50 2
31 91 1
36 69 2
10 103 2
6 35 2
12 75 1
0 21 2
4 74 1
9 51 1
2 30 2
31 96 1
34 70 2
25 108 1
20 78 1
21 42 2
22 72 2
14 86 2
34 62 2
28 50 1
26 34 2
3 104 1
22 98 1
35 87 1
35 56 2
19 77 2
14 89 1
1 73 1
22 42 2
8 22 2
7 48 2
3 42 2
4 33 2
17 18 2
23 99 2
8 31 2
3 93 1
30 51 1
2 86 1
22 83 1
18 73 2
28 47 2
0 68 1
2 49 2
27 46 1
2 10 2
3 69 2
13 70 2
0 86 2
24 86 2
17 107 1
23 58 2
10 47 1
25 75 2
11 75 2
19 103 1
6 38 2
32 64 2
9 90 2
35 73 2
2 107 2
13 91 2
16 41 2
3 21 2
6 75 2
23 105 2
36 56 2
21 104 2
22 45 2
34 58 2
3 7 2
9 44 2
21 30 2
4 25 2
12 64 1
10 59 1
12 103 2
5 63 2
15 48 2
6 92 2
10 24 2
16 99 2
1 53 2
35 91 2
32 35 2
29 87 2
13 23 2
10 92 2
21 57 2
3 12 2
0 76 2
8 43 2
22 94 1
16 104 2
14 42 2
26 41 2
31 56 2
25 95 1
1 102 2
30 67 1
13 79 2
36 106 2
11 28 2
21 94 2
7 32 2
28 29 2
2 65 1
0 7 2
6 106 2
14 44 1
33 46 2
13 33 2
24 61 2
2 80 2
28 54 2
24 95 2
17 46 2
10 37 1
26 46 2
35 50 2
18 69 2
5 13 2
5 45 1
3 97 1
14 22 2
12 32 2
31 58 2
20 34 2
13 32 2
12 85 1
19 78 1
0 95 1
22 29 2
8 53 2
5 81 1
7 59 1
35 92 2
36 53 2
32 52 2
30 91 2
14 17 2
21 52 2
20 52 1
8 18 2
13 84 1
11 104 2
2 99 2
13 92 1
6 83 2
12 17 2
35 46 2
10 84 2
11 101 2
29 83 2
23 75 1
22 55 2
29 80 2
9 64 2
21 99 2
5 65 2
33 87 2
16 89 2
8 67 2
3 74 2
33 105 2
26 77 2
27 58 2
13 61 2
25 85 1
30 55 2
17 77 2
18 93 1
28 41 1
4 93 2
27 88 1
19 30 2
30 83 1
4 99 1
8 81 2
4 81 2
30 60 2
35 68 2
1 31 2
31 57 2
13 77 1
34 71 2
12 104 2
4 102 2
36 74 1
0 43 1
13 62 2
2 25 2
26 106 1
22 100 2
35 55 2
26 107 2
9 23 2
8 65 2
35 102 2
0 66 2
2 47 2
6 74 1
9 47 1
5 87 1
25 30 2
5 41 1
5 77 2
29 33 2
33 103 2
10 12 2
10 29 2
17 75 2
15 105 1
3 87 2
8 71 2
31 107 2
0 58 2
3 16 2
7 90 2
10 83 2
31 103 2
4 11 2
2 73 1
27 60 2
29 81 2
9 25 2
0 39 2
20 28 2
9 69 2
27 87 2
26 98 1
2 13 2
7 50 2
14 30 2
33 34 2
22 64 2
9 36 2
16 18 2
9 78 1
33 107 1
3 70 2
21 40 2
4 18 2
22 53 2
25 42 1
17 30 2
34 102 2
5 10 2
34 93 2
20 103 1
12 109 2
4 52 2
27 53 2
34 43 2
10 16 2
29 50 1
12 53 1
34 36 2
5 23 2
21 24 2
20 96 2
13 48 2
2 11 2
8 61 2
16 85 2
1 108 2
27 63 2
36 97 2
18 37 2
26 101 2
2 95 1
10 66 1
6 103 1
34 53 1
25 34 2
5 79 2
3 25 2
6 54 2
28 33 2
9 17 2
18 26 2
8 90 2
20 29 2
1 77 2
11 49 2
27 96 2
5 11 2
20 24 2
4 23 2
20 84 2
12 28 2
4 92 2
2 12 2
14 48 2
12 48 2
2 87 2
30 44 2
15 94 1
17 49 2
32 92 2
7 58 2
0 4 2
20 53 2
10 76 1
27 52 2
0 84 1
7 81 2
28 31 2
36 50 2
8 12 2
21 64 2
28 94 2
0 14 2
28 92 1
28 78 1
19 80 1
30 97 2
21 41 2
26 56 2
6 108 1
19 57 2
28 103 2
12 41 2
18 49 1
6 101 2
36 73 1
17 59 1
25 33 2
11 68 1
0 15 2
7 28 2
17 58 2
14 51 1
30 56 2
10 34 2
24 89 2
33 74 1
36 105 1
22 48 1
18 55 2
2 31 2
11 98 2
3 76 2
3 82 2
26 69 1
19 53 1
21 80 2
18 94 1
1 27 2
11 52 1
28 36 2
1 35 2
13 73 2
20 81 2
33 72 2
1 100 2
7 65 1
4 43 2
11 106 2
12 19 2
28 88 2
3 9 2
10 36 2
18 21 2
32 85 1
15 68 1
13 18 2
30 31 2
34 83 2
28 49 2
28 53 2
35 78 2
8 30 2
25 56 1
36 76 1
0 93 2
5 12 2
20 64 2
28 90 2
15 25 2
8 68 1
32 69 1
4 72 2
28 89 2
34 96 2
6 79 1
3 107 1
14 65 2
26 66 2
7 36 2
4 29 2
31 104 1
35 85 1
14 50 2
27 51 2
1 18 2
31 105 2
16 109 2
6 13 2
35 89 1
28 30 2
3 77 2
27 75 2
4 61 2
10 25 2
5 56 1
20 35 2
15 45 2
9 83 1
13 49 2
30 33 2
24 65 2
18 85 2
2 91 2
16 30 2
12 55 2
24 28 2
1 29 2
33 101 2
29 36 2
3 61 1
25 109 1
35 75 2
25 67 2
1 97 1
7 25 2
25 35 2
18 68 1
32 61 2
28 81 2
8 41 2
24 27 2
24 71 1
9 86 1
14 91 1
16 87 2
19 46 1
1 10 2
3 44 2
24 34 2
14 63 2
8 26 2
30 42 1
6 43 2
1 34 2
5 31 2
24 44 2
3 66 2
15 72 2
32 107 1
9 20 2
15 16 2
32 73 1
13 36 2
10 30 2
12 78 1
20 75 2
9 57 2
29 82 2
14 20 2
2 67 1
17 88 2
19 24 2
21 49 2
21 63 2
31 70 2
26 93 2
0 54 2
26 84 2
11 20 2
13 89 2
30 74 2
10 75 2
5 48 2
30 75 2
4 12 2
17 31 2
10 54 2
8 109 2
16 100 2
10 93 1
2 29 2
31 74 1
18 109 1
5 102 1
31 33 2
14 49 2
14 58 2
24 96 2
17 78 2
20 38 2
6 8 2
23 29 2
31 59 1
1 30 2
5 109 1
1 14 2
16 47 2
11 30 2
35 44 2
4 60 2
31 35 2
19 36 2
35 39 2
21 82 2
24 39 1
26 108 2
27 83 2
9 32 2
20 25 2
35 40 1
27 41 2
3 36 2
24 97 1
13 30 2
24 104 2
22 109 2
17 82 2
7 44 1
18 89 1
12 79 2
18 22 2
5 36 2
27 68 1
11 31 2
7 26 2
6 66 2
1 106 2
12 13 2
11 50 2
8 54 2
34 100 2
22 32 2
17 24 2
1 55 2
27 37 2
21 107 1
7 61 2
8 100 1
12 34 2
33 108 2
14 43 1
15 57 1
0 12 2
29 42 1
23 108 2
12 90 1
35 37 1
10 49 1
15 95 1
20 61 2
0 92 2
12 96 2
0 28 2
26 36 2
20 65 1
0 52 1
23 28 2
11 37 2
34 65 2
20 37 2
2 74 2
32 51 2
16 35 2
34 69 2
9 101 1
9 22 2
29 92 2
3 62 2
6 10 2
24 35 2
0 35 2
4 47 2
35 88 2
17 40 2
19 79 2
24 76 2
19 22 2
25 51 1
12 18 2
17 80 2
20 79 2
36 58 1
19 55 1
6 109 2
2 40 1
34 91 2
15 53 2
6 78 1
11 67 2
2 6 2
19 21 2
2 20 2
30 37 2
20 30 2
7 92 2
10 52 2
4 31 2
25 60 2
9 18 2
6 68 2
3 30 2
17 21 2
6 95 2
30 84 2
27 74 1
28 95 2
11 79 2
9 77 1
22 79 2
33 65 2
11 54 2
12 21 2
35 76 2
29 47 2
24 42 1
33 63 1
30 82 1
16 82 2
21 88 2
3 26 2
3 56 2
35 99 2
18 105 2
6 84 2
35 36 2
4 14 2
18 92 2
22 52 2
33 78 2
3 23 2
36 67 1
24 43 2
35 61 2
17 60 2
36 75 1
16 70 1
18 57 2
33 96 1
14 68 2
17 32 2
22 49 2
8 23 2
5 50 1
12 31 2
24 31 2
0 88 1
2 88 1
1 22 2
3 83 2
14 32 2
33 80 2
23 56 1
13 22 2
4 36 2
22 91 1
10 60 2
5 108 1
0 72 1
8 97 1
19 50 2
15 96 1
22 85 1
4 13 2
19 69 2
23 63 1
30 61 1
30 95 2
4 54 2
19 59 2
31 60 2
10 104 1
29 39 2
10 50 2
29 89 1
26 79 2
33 83 2
8 70 2
23 43 1
7 71 2
12 65 2
15 70 2
32 90 2
29 32 2
5 97 1
1 16 2
2 32 2
35 95 2
34 94 2
13 40 1
7 18 2
0 109 2
5 49 1
28 59 2
5 78 2
14 90 2
19 40 2
13 75 1
16 69 2
5 86 2
8 59 2
7 73 2
28 34 2
23 95 1
22 103 1
33 53 2
35 38 1
2 38 2
34 35 2
34 81 1
22 31 2
23 84 1
23 42 1
29 65 2
4 32 2
10 17 2
11 109 2
12 73 2
5 14 2
0 29 2
7 57 2
22 26 2
0 23 2
11 23 2
31 109 1
7 102 2
7 69 1
14 101 2
18 77 2
6 16 2
4 7 2
5 103 2
6 41 2
23 25 2
24 38 2
1 32 2
3 28 2
22 84 2
13 27 2
26 30 2
22 62 1
27 71 2
25 28 2
21 23 2
6 32 2
14 64 2
17 29 2
20 72 1
11 19 1
20 23 1
1 2 1
9 79 2
9 71 1
26 29 1
32 54 1
8 14 1
0 16 1
21 29 1
12 83 2
2 46 1
22 23 1
31 34 1
22 46 1
2 57 2
18 86 2
22 28 1
6 36 1
32 71 1
12 29 1
57 62 2
34 46 1
10 31 1
33 62 2
13 37 2
72 107 1
63 72 2
5 24 1
21 25 1
25 74 1
2 17 1
17 33 1
20 57 1
17 72 2
17 100 1
28 32 1
10 71 2
14 21 1
29 94 1
14 54 2
10 26 1
16 86 1
37 56 1
16 79 1
12 68 1
71 79 1
27 38 1
7 100 2
1 95 1
24 57 2
24 37 1
6 64 1
20 68 2
3 68 2
62 94 1
15 28 1
23 31 1
