% n=80 p=33 d=0.33 p_blue=0.33
% k=0
21 26 2
10 20 2
5 59 1
8 75 1
0 3 2
1 12 2
15 58 1
9 67 1
17 26 2
16 62 1
3 4 2
21 25 2
3 17 2
8 77 1
15 20 2
6 22 2
4 11 2
14 18 2
20 68 1
1 2 2
9 10 2
6 47 1
8 62 1
12 48 1
1 73 1
1 5 2
8 11 2
4 16 2
16 28 1
2 3 2
17 22 2
16 76 1
4 12 2
15 24 2
24 42 1
7 19 2
11 26 2
7 14 2
3 16 2
7 74 2
16 37 1
25 62 1
6 36 1
18 77 1
4 71 1
16 72 1
15 25 2
5 25 2
22 34 1
18 66 2
14 25 2
6 46 1
3 15 2
26 33 1
1 79 1
4 67 1
6 53 1
19 36 1
6 75 2
10 24 2
23 74 1
7 16 2
24 68 1
1 62 2
23 69 1
0 11 2
17 19 2
15 29 2
21 22 2
4 50 1
0 22 2
22 25 2
8 70 2
4 26 2
26 44 1
8 13 2
13 15 2
3 53 2
24 50 1
2 6 2
14 28 2
5 44 2
21 23 2
13 34 1
9 15 2
21 76 1
26 77 2
22 70 1
9 55 2
15 17 2
13 78 2
1 24 2
14 21 2
14 38 1
6 16 2
8 14 2
2 20 2
5 7 2
12 29 1
7 13 2
4 78 1
6 26 2
12 20 2
20 25 2
19 41 1
25 51 2
1 10 2
26 35 1
9 33 2
15 45 1
7 22 2
6 39 1
6 14 2
2 22 2
15 41 1
4 32 1
24 51 1
1 72 1
3 72 1
7 25 2
20 39 2
11 43 1
13 59 2
19 45 1
8 21 2
0 23 2
10 11 2
0 74 2
6 78 2
9 28 2
8 25 2
1 11 2
7 49 1
13 21 2
13 41 2
12 58 1
20 40 2
11 25 2
19 33 1
12 22 2
14 79 2
2 12 2
22 60 1
22 72 1
5 75 2
6 33 1
19 57 1
16 58 1
12 21 2
3 13 2
25 43 2
0 18 2
3 74 1
22 53 1
16 33 1
4 20 2
23 34 2
1 25 2
23 59 1
7 32 2
0 36 2
2 69 1
7 15 2
8 9 2
12 69 1
13 23 2
19 20 2
18 20 2
10 12 2
6 13 2
12 77 2
3 20 2
16 74 1
24 30 1
5 49 1
15 28 1
2 18 2
3 43 2
10 45 1
3 9 2
24 73 1
3 25 2
13 20 2
21 79 2
0 63 2
15 22 2
0 78 1
14 19 2
8 15 2
1 8 2
0 31 1
11 15 2
5 12 2
7 10 2
9 32 1
18 40 1
24 47 1
9 30 1
5 17 2
2 51 2
9 61 1
21 45 2
24 49 1
5 30 1
12 18 2
23 70 1
14 16 2
3 5 2
18 78 2
10 28 1
16 48 2
17 77 1
21 47 1
4 14 2
6 15 2
6 57 1
2 30 1
21 42 1
4 18 2
20 76 2
19 46 1
9 25 2
3 52 1
5 11 2
25 71 1
15 27 1
17 21 2
4 30 1
21 59 2
6 18 2
23 63 2
8 27 1
3 14 2
12 62 1
20 75 1
5 29 2
8 42 1
0 24 2
6 11 2
18 64 2
0 13 2
5 43 1
22 42 2
6 20 2
12 16 2
19 21 2
13 16 2
15 21 2
21 55 2
2 54 1
10 53 1
19 39 1
7 29 1
5 15 2
5 47 1
15 62 2
9 69 2
25 61 1
5 50 1
12 17 2
23 25 2
3 6 2
6 8 2
0 14 2
15 48 2
10 30 2
12 78 1
25 79 1
12 49 2
18 48 1
11 54 1
17 44 1
15 52 2
15 78 1
17 57 1
2 44 1
2 68 1
0 9 2
7 12 2
25 69 2
10 22 2
11 66 2
24 45 1
17 70 1
13 28 2
22 79 1
14 26 2
6 17 2
17 36 1
10 49 1
10 35 1
21 39 1
14 73 1
1 61 2
19 25 2
25 55 2
10 61 2
14 55 2
14 20 2
7 21 2
14 52 1
21 52 1
6 21 2
12 23 2
11 63 1
16 35 1
25 26 2
9 38 1
12 14 2
5 19 2
0 21 2
19 74 1
5 8 2
10 38 2
2 24 2
4 45 2
8 71 1
0 60 1
5 26 2
13 19 2
18 61 2
9 20 2
7 42 1
5 24 2
1 15 2
8 36 2
12 13 2
1 30 1
12 59 2
19 67 2
8 37 2
14 46 1
6 73 1
12 79 1
2 70 1
9 26 2
24 27 1
24 35 1
18 19 2
4 17 2
23 46 1
17 59 2
10 13 2
1 14 2
0 10 2
1 23 2
16 29 2
5 64 2
25 31 1
4 63 1
1 22 2
2 74 2
11 18 2
20 24 2
6 10 2
9 22 2
11 34 2
12 39 2
4 6 2
6 23 2
25 46 2
15 70 1
15 16 2
5 69 2
15 38 1
21 41 1
22 63 2
25 77 1
5 41 2
16 68 2
12 26 2
18 67 2
2 8 2
12 24 2
9 11 2
6 76 1
1 47 1
4 23 2
14 15 2
10 21 2
6 64 1
24 75 1
21 24 2
3 23 2
25 52 1
6 7 2
19 75 2
14 32 1
16 18 2
2 46 2
4 25 2
18 32 2
11 50 1
20 58 1
15 56 1
5 20 2
7 43 1
11 71 2
0 15 2
24 40 1
9 21 2
11 52 2
24 57 2
0 29 1
12 45 1
21 31 1
11 12 2
18 27 1
3 61 1
26 31 1
0 25 2
17 20 2
14 64 1
0 12 2
17 24 2
21 53 2
24 26 2
26 38 1
16 31 2
5 16 2
2 53 2
23 61 2
23 48 2
22 24 2
25 40 1
23 67 1
18 26 2
19 22 2
4 5 2
3 69 2
8 59 1
2 21 2
10 19 2
6 60 1
4 73 1
22 64 1
8 33 1
12 37 1
2 17 2
23 77 1
7 26 2
12 40 1
18 62 2
2 4 2
9 65 2
11 61 2
1 4 2
13 22 2
3 75 2
21 54 1
4 22 2
16 50 2
8 46 1
23 24 2
17 68 1
0 17 2
3 47 1
8 23 2
7 58 1
8 39 2
20 21 2
23 73 2
2 43 1
6 74 1
12 15 2
26 48 1
12 73 2
24 34 1
11 45 1
17 39 1
24 28 1
6 12 2
0 38 1
4 49 2
1 3 2
24 36 2
10 62 1
1 75 1
13 18 2
13 35 2
14 41 1
24 37 1
0 7 2
19 65 1
2 36 1
18 24 2
1 55 2
11 21 2
11 58 2
22 26 2
4 10 2
2 15 2
22 29 2
10 48 2
23 35 1
7 59 1
9 12 2
21 68 1
11 16 2
16 71 1
21 33 1
20 30 1
11 19 2
11 65 2
3 46 2
5 54 1
12 56 1
16 69 1
2 39 2
8 48 2
3 63 1
6 37 1
8 12 2
10 18 2
3 54 2
1 54 1
6 35 2
5 37 1
9 39 1
7 24 2
1 35 1
13 77 2
20 22 2
0 4 2
10 29 1
10 43 2
19 64 1
16 17 2
13 27 1
18 28 1
23 66 1
17 38 2
19 55 2
0 26 2
10 17 2
3 10 2
2 73 1
25 60 2
3 40 1
22 67 1
10 41 1
5 71 1
1 26 2
12 19 2
12 27 2
24 56 2
3 18 2
9 18 2
13 48 2
16 26 2
9 56 1
3 7 2
2 14 2
10 16 2
13 25 2
4 21 2
9 75 2
0 51 1
7 69 2
4 9 2
7 20 2
9 17 2
20 46 1
17 18 2
17 34 1
10 47 1
17 75 1
14 35 2
15 30 1
19 71 1
11 23 2
3 31 2
22 55 1
8 17 2
23 40 1
0 32 1
4 19 2
10 25 2
1 9 2
5 23 2
16 60 1
7 46 2
11 36 2
4 7 2
8 18 2
16 64 1
16 21 2
16 30 1
19 56 1
20 26 2
1 20 2
2 13 2
8 30 1
2 23 2
0 37 1
25 74 1
8 56 1
6 32 1
17 33 1
8 24 2
9 14 2
11 56 1
16 20 2
8 19 2
9 24 2
11 48 2
21 27 1
15 67 1
21 43 2
15 69 1
10 60 1
17 27 1
13 24 2
2 52 2
20 38 1
9 19 2
14 22 2
1 36 2
18 50 1
8 22 2
19 23 2
3 8 2
7 31 1
1 18 2
5 66 1
7 60 1
0 19 2
16 41 2
16 25 2
9 68 1
12 61 1
9 16 2
7 45 1
18 22 2
22 30 1
10 15 2
17 61 1
2 11 2
4 47 1
15 49 2
3 22 2
8 26 2
11 13 2
25 56 2
7 17 2
13 66 1
19 31 1
9 31 1
23 26 2
3 64 1
19 77 1
18 42 1
16 23 2
20 43 1
3 37 1
23 47 1
1 33 2
3 73 1
17 42 2
10 76 1
11 14 2
15 79 1
11 24 2
9 13 2
4 74 1
25 35 2
5 13 2
8 10 2
7 23 2
0 66 1
6 24 2
23 76 1
0 42 2
7 76 1
8 29 1
2 33 1
15 19 2
5 58 2
1 19 2
17 46 1
17 25 2
5 14 2
4 59 2
19 24 2
0 2 2
2 5 2
24 67 1
3 19 2
4 60 2
5 22 2
2 9 2
22 39 1
6 19 2
1 7 2
4 8 2
0 70 2
6 66 1
10 23 2
2 38 2
4 48 1
9 63 2
23 78 1
5 18 2
10 78 1
13 17 2
26 65 1
26 42 1
21 64 2
17 32 1
2 61 1
14 68 2
16 19 2
11 49 1
26 61 1
5 10 2
17 78 2
14 37 1
0 16 2
4 15 2
2 25 2
14 60 2
21 75 2
2 16 2
3 24 2
2 65 1
6 9 2
3 11 2
8 73 1
0 1 2
6 25 2
20 23 2
15 18 2
7 52 2
14 78 1
16 24 2
19 47 1
6 49 1
7 18 2
11 22 2
13 14 2
2 40 1
21 60 2
15 23 2
5 6 2
1 17 2
2 42 1
9 48 1
10 74 1
5 46 1
18 23 2
12 66 1
8 43 1
26 63 1
8 41 1
18 21 2
5 38 1
17 74 1
1 37 1
0 27 1
6 59 1
25 47 1
1 28 2
2 64 1
4 37 2
0 6 2
14 17 2
0 20 2
19 66 1
24 60 2
22 23 2
13 57 2
3 12 2
1 16 2
3 67 2
11 20 1
1 74 2
4 13 1
10 14 1
16 22 1
1 6 1
24 25 1
15 26 1
2 66 1
7 67 2
8 20 1
6 67 2
18 58 2
26 75 2
0 75 2
9 78 2
8 16 1
0 5 1
66 74 1
2 7 1
1 13 1
11 74 2
1 67 2
5 21 1
25 58 1
5 9 1
58 74 1
1 21 1
0 8 1
18 74 2
8 66 1
19 59 2
7 11 1
7 8 1
