% n=40 p=33 d=0.33 p_blue=0.33
% k=0
7 20 1
3 29 1
7 18 2
2 6 2
4 9 2
10 30 1
11 12 2
13 15 1
7 21 1
12 29 1
10 26 1
2 23 1
2 4 2
10 35 2
9 23 2
5 18 2
8 11 2
2 25 1
2 5 2
0 14 1
0 9 2
2 37 1
3 7 2
0 31 2
5 9 2
11 29 2
5 25 2
0 18 2
9 20 2
1 37 1
5 11 2
7 12 2
12 39 1
2 7 2
13 29 2
11 17 1
6 19 1
2 39 1
1 23 1
7 24 2
13 38 1
2 33 2
8 17 2
1 4 2
4 11 2
4 7 2
11 33 2
11 15 2
10 28 1
6 13 2
6 33 1
2 24 1
11 25 2
13 26 1
1 9 2
0 29 1
6 7 2
0 36 1
13 18 1
4 12 2
2 36 2
7 10 2
3 31 1
9 35 1
12 18 1
0 5 2
3 20 2
6 27 1
6 8 2
10 13 2
7 32 2
7 15 2
0 6 2
10 33 1
8 10 2
0 12 2
2 26 1
0 3 2
8 32 2
9 25 2
4 30 1
0 7 2
7 25 1
11 35 1
1 5 2
0 32 2
5 36 1
6 10 2
0 25 2
2 8 2
1 20 1
4 10 2
13 31 1
1 15 2
1 30 1
13 33 1
10 18 2
8 21 2
5 21 2
11 38 1
11 28 2
2 11 2
4 23 2
11 13 2
2 19 1
0 4 2
0 8 2
2 10 2
10 11 2
0 28 2
4 6 2
7 37 1
1 38 1
12 19 1
3 5 2
0 27 1
2 9 2
8 38 2
7 8 2
7 39 1
3 23 1
1 18 2
9 38 2
7 30 1
10 36 1
1 10 2
5 23 1
4 5 2
7 16 2
2 15 1
7 29 2
7 28 1
1 12 2
7 13 2
2 12 2
6 12 2
3 6 2
1 7 2
2 16 2
9 36 2
5 12 2
7 38 2
3 12 2
8 18 1
2 34 2
10 34 1
0 16 1
4 18 1
4 16 1
1 13 2
9 11 2
12 13 2
5 15 1
8 25 1
4 19 1
8 16 1
12 24 1
1 21 1
8 22 1
0 13 2
5 34 1
4 8 2
2 3 2
10 38 1
3 30 1
3 4 2
6 25 1
10 22 2
6 35 1
5 6 2
1 6 2
4 20 1
1 2 1
3 14 1
5 13 1
9 17 2
1 14 2
9 37 2
4 37 2
5 10 2
2 14 2
2 13 2
1 17 2
9 12 1
6 11 1
8 29 2
2 20 1
13 20 1
6 29 1
8 9 1
0 20 1
3 11 1
5 14 1
10 12 1
6 14 1
1 11 2
7 14 1
1 3 1
4 17 1
7 9 1
0 10 2
5 37 1
14 29 2
5 8 1
