% n=180 p=33 d=0.33 p_blue=0.66
% k=0
8 141 1
3 37 2
14 32 2
12 13 2
1 39 2
29 164 1
9 177 2
29 130 2
50 59 2
4 9 2
28 52 2
25 133 2
41 79 1
28 166 1
13 36 2
11 158 2
20 85 2
31 93 2
37 90 2
29 34 2
59 131 2
17 88 2
25 45 2
23 56 2
25 63 2
27 78 2
52 63 2
0 54 2
36 52 2
11 17 2
46 137 2
6 151 1
22 75 2
23 40 2
5 121 2
24 167 1
10 29 2
43 71 2
2 78 1
52 55 2
57 156 2
43 156 2
50 118 2
34 127 2
20 174 1
53 86 1
21 30 2
24 94 2
16 27 2
21 27 2
31 70 1
43 57 2
43 109 2
46 55 2
8 22 2
12 93 2
17 29 2
16 52 2
21 29 2
6 167 1
17 22 2
48 68 2
37 151 1
0 48 2
10 101 2
48 71 2
2 105 1
45 50 2
56 58 2
0 39 2
25 52 2
26 101 1
46 148 2
47 103 2
15 24 2
34 97 2
40 153 2
5 49 2
48 54 2
38 150 2
9 126 1
40 139 1
1 3 2
17 138 1
31 162 1
42 165 2
41 116 1
9 31 2
47 59 2
56 135 2
4 45 2
47 139 2
26 35 2
5 101 2
8 14 2
40 66 2
47 106 2
6 48 2
39 168 2
5 43 2
1 14 2
16 45 2
36 138 2
1 141 1
48 92 2
12 66 1
17 85 2
51 70 2
33 135 1
33 139 1
19 94 1
26 30 2
11 27 2
33 60 2
42 140 2
12 144 2
21 142 2
2 58 2
23 160 2
34 39 2
22 87 2
15 142 1
3 124 2
54 129 1
46 54 2
13 35 2
2 84 2
17 162 2
26 32 2
30 157 1
17 134 2
9 44 2
26 60 2
49 140 2
14 27 2
12 136 2
14 125 2
22 32 2
54 131 2
58 98 2
15 41 2
15 43 2
1 4 2
55 110 2
12 67 2
29 45 2
17 39 2
35 100 2
0 28 2
13 15 2
12 56 2
15 163 2
35 48 2
7 39 2
41 149 2
44 59 2
47 145 2
35 89 2
27 79 2
16 91 2
1 69 1
6 176 2
2 29 2
45 47 2
48 115 2
41 123 2
56 94 2
46 85 1
24 55 2
35 36 2
33 38 2
41 55 2
17 128 2
9 153 1
58 99 2
33 148 2
44 100 1
0 9 2
54 159 1
8 47 2
12 29 2
44 110 2
4 48 2
9 58 2
42 83 2
6 75 2
41 92 2
37 104 2
31 65 1
17 174 2
41 99 1
46 90 2
27 74 2
5 37 2
33 110 2
32 34 2
21 174 1
4 8 2
24 39 2
21 79 2
1 91 2
28 83 2
20 69 1
11 112 2
0 55 2
3 40 2
1 35 2
6 56 2
24 120 1
12 127 1
22 38 2
8 110 1
53 89 2
21 51 2
22 169 2
15 153 2
22 60 2
35 160 2
32 153 1
2 104 2
23 170 2
2 34 2
32 59 2
25 42 2
13 149 2
1 45 2
6 27 2
7 56 2
3 52 2
3 13 2
11 16 2
25 28 2
39 70 2
7 13 2
36 50 2
52 137 2
33 71 2
34 45 2
33 41 2
40 161 2
47 177 2
7 47 2
11 47 2
35 87 2
51 175 2
12 39 2
34 48 2
9 51 2
31 53 2
26 64 2
19 139 2
20 112 1
6 138 2
7 41 2
2 15 2
9 90 2
59 99 1
55 138 1
26 103 2
52 162 1
55 120 2
21 154 2
22 57 2
25 88 1
14 120 2
20 176 1
24 50 2
0 4 2
16 53 2
32 155 2
11 41 2
37 112 1
6 55 2
10 23 2
1 43 2
24 59 2
12 42 2
0 43 2
40 170 2
52 173 2
22 118 1
20 21 2
52 113 2
49 84 1
25 111 1
4 171 2
48 65 2
16 86 2
21 53 2
31 131 2
23 108 2
16 17 2
32 177 2
55 148 2
59 177 2
39 60 2
6 77 1
44 116 1
34 61 2
5 22 2
50 71 2
3 19 2
32 35 2
53 135 2
14 172 2
4 105 1
49 92 2
3 34 2
15 47 2
8 20 2
19 29 2
8 46 2
23 26 2
36 64 2
22 122 2
35 95 2
43 46 2
3 36 2
39 72 2
33 58 2
14 31 2
29 120 1
11 137 2
4 174 2
11 31 2
0 64 2
5 148 2
34 53 2
14 168 1
30 111 1
38 59 2
2 91 2
18 67 2
30 38 2
21 132 1
24 110 1
25 110 1
36 85 2
8 53 2
20 53 2
1 57 2
12 54 2
52 177 2
27 104 1
15 22 2
27 48 2
33 107 2
59 104 2
28 44 2
28 49 2
46 173 2
1 20 2
25 131 2
46 48 2
57 59 2
11 101 1
37 49 2
56 177 1
6 113 1
25 103 2
31 73 2
43 47 2
10 31 2
10 57 2
46 79 2
24 102 2
23 65 1
3 21 2
19 44 2
48 169 2
58 133 1
17 82 2
42 102 1
11 32 2
54 98 2
17 54 2
1 148 1
10 135 2
16 143 2
21 61 1
58 59 2
55 155 2
8 57 2
20 29 2
47 132 2
8 107 1
30 65 1
37 87 2
11 162 2
1 163 2
31 41 2
52 165 1
17 135 2
9 41 2
0 136 1
1 10 2
39 66 1
9 11 2
33 120 1
23 114 2
0 101 2
1 65 2
24 113 2
16 43 2
27 34 2
14 51 2
36 44 2
33 89 2
57 66 1
12 40 2
39 95 1
3 16 2
4 146 2
0 10 2
51 57 2
49 136 2
35 153 1
24 90 1
51 119 1
31 156 1
16 135 2
26 78 2
27 150 2
50 114 2
3 42 2
24 29 2
6 18 2
13 94 2
48 49 2
9 48 2
9 16 2
53 139 2
18 27 2
33 108 2
37 71 2
29 40 2
25 75 1
10 17 2
57 130 2
18 28 2
31 51 2
13 26 2
2 75 2
10 47 2
32 87 1
34 179 2
17 120 2
36 40 2
30 64 1
9 144 2
9 27 2
3 46 2
29 170 2
9 23 2
4 16 2
16 24 2
54 143 2
26 44 2
24 41 2
1 16 2
18 156 1
18 44 2
35 124 2
25 39 2
14 84 1
29 56 2
29 140 2
43 49 2
1 38 2
18 19 2
37 145 1
30 42 2
1 104 1
5 52 2
38 42 2
43 118 2
46 141 2
29 81 2
52 106 2
53 170 2
25 179 2
14 166 1
4 133 1
33 46 2
30 35 2
22 64 1
33 48 2
37 52 2
29 166 1
31 39 2
44 133 2
47 175 2
47 73 2
22 63 2
43 48 2
19 84 1
14 69 2
26 88 2
1 12 2
19 161 1
19 65 1
26 179 2
46 131 2
30 82 1
29 171 2
18 63 1
13 119 2
14 152 1
41 59 2
16 109 2
56 59 2
49 143 1
16 56 2
15 161 1
30 81 2
22 153 1
58 135 2
8 135 2
22 145 2
37 63 2
4 52 2
42 109 2
28 72 1
2 10 2
3 27 2
27 59 2
37 148 1
40 173 2
6 153 2
34 41 2
2 12 2
29 36 2
35 68 2
0 32 2
35 143 1
0 42 2
23 147 2
20 28 2
11 39 2
36 155 2
13 45 2
4 88 2
32 49 2
0 84 2
9 56 2
31 114 1
31 129 2
2 79 1
14 16 2
24 71 1
58 139 2
15 27 2
30 151 2
8 19 2
47 51 2
22 94 2
29 101 2
11 132 2
42 157 2
36 41 2
48 69 2
33 93 1
6 106 2
7 49 2
46 75 2
53 101 1
48 178 2
21 136 2
59 87 2
11 93 2
16 38 2
24 81 2
26 45 2
31 90 2
16 51 2
2 123 2
20 42 2
9 33 2
38 50 2
36 122 1
45 111 1
14 116 2
4 83 2
35 58 2
58 171 1
7 103 2
13 114 2
46 64 2
9 114 2
12 118 1
36 81 1
38 121 2
7 131 1
32 39 2
18 29 2
30 33 2
5 103 1
50 128 2
39 122 1
38 56 2
50 95 1
51 78 2
18 45 2
15 53 2
8 137 2
31 43 2
6 31 2
16 54 2
30 154 2
31 36 2
40 102 1
33 36 2
3 22 2
28 38 2
6 150 2
36 47 2
2 177 1
59 163 2
15 76 2
6 120 2
54 88 1
44 144 1
44 155 2
17 132 2
6 72 1
47 160 2
0 103 2
18 144 2
6 24 2
40 87 1
59 128 2
52 174 2
38 103 1
2 46 2
45 135 2
17 42 2
53 168 2
17 38 2
46 107 2
8 16 2
23 46 2
47 157 2
18 131 2
23 54 2
18 61 2
5 27 2
0 29 2
7 36 2
8 93 1
11 48 2
15 137 2
1 178 2
47 92 2
52 60 2
19 54 2
21 34 2
23 41 2
57 123 2
25 55 2
3 35 2
0 15 2
21 35 2
23 28 2
43 94 2
10 178 2
15 171 2
27 122 2
5 11 2
3 8 2
31 176 2
18 35 2
48 129 2
4 5 2
11 97 2
10 43 2
18 26 2
43 104 2
37 99 1
29 141 2
4 161 2
7 113 2
48 105 2
0 46 2
14 134 2
50 148 2
4 20 2
21 90 2
28 47 2
41 98 2
49 124 1
56 112 1
5 141 1
23 78 2
10 145 2
43 95 2
29 131 1
15 51 2
29 44 2
14 45 2
23 98 1
18 76 2
22 132 1
52 73 1
35 56 2
35 108 1
26 166 2
45 57 2
2 179 2
52 74 2
44 71 2
52 153 1
1 29 2
9 147 2
7 17 2
3 29 2
7 171 2
43 55 2
12 131 1
36 166 2
53 161 1
43 56 2
50 130 1
28 132 2
6 41 2
5 132 2
8 50 2
55 57 2
51 74 1
10 13 2
27 61 1
40 104 2
2 39 2
6 7 2
34 43 2
31 121 1
7 55 2
27 148 2
43 59 2
36 53 2
4 173 2
54 111 1
42 120 2
40 115 2
3 120 2
16 137 1
5 71 2
17 51 2
49 145 2
1 51 2
44 93 2
44 53 2
3 113 2
36 136 1
48 127 1
19 31 2
24 49 2
17 148 2
8 60 1
15 37 2
19 92 1
13 56 2
12 32 2
10 152 1
4 158 2
20 98 2
40 42 2
21 157 2
55 113 2
24 34 2
35 129 2
24 61 1
44 128 2
26 54 2
28 31 2
48 143 2
5 18 2
4 124 2
7 76 2
30 114 1
24 163 2
16 47 2
11 20 2
10 162 2
2 126 1
15 134 2
20 30 2
21 28 2
39 107 1
29 90 1
48 154 1
50 109 2
42 116 2
21 103 2
7 58 2
29 43 2
22 164 1
40 54 2
46 115 1
33 142 2
14 47 2
23 171 1
3 24 2
38 39 2
8 45 2
8 118 2
28 74 1
51 132 2
10 64 2
27 144 1
54 60 2
8 37 2
15 44 2
20 25 2
13 48 2
25 178 2
45 128 2
21 43 2
53 151 2
10 48 2
41 137 1
27 147 2
1 34 2
20 93 2
43 50 2
3 175 2
33 179 1
48 167 2
12 37 2
48 111 1
57 76 1
13 64 2
1 140 2
57 120 1
35 54 2
1 2 2
32 93 1
30 41 2
23 66 2
22 82 2
48 155 1
38 66 2
8 56 2
6 33 2
3 49 2
26 111 1
36 141 2
11 21 2
18 38 2
12 101 1
15 149 2
44 63 2
53 134 1
49 109 1
37 48 2
41 57 2
3 54 2
22 35 2
41 173 2
48 142 2
54 124 1
0 17 2
40 158 2
8 31 2
14 43 2
0 154 1
13 33 2
7 48 2
56 65 2
26 58 2
25 37 2
44 47 2
36 147 1
4 100 1
22 26 2
18 128 2
8 40 2
7 42 2
28 29 2
7 145 1
17 118 2
3 7 2
3 59 2
1 26 2
40 57 2
51 152 2
32 58 2
44 123 2
17 100 1
0 138 1
10 19 2
31 42 2
29 51 2
15 38 2
47 49 2
4 19 2
21 55 2
5 134 2
4 163 2
11 53 2
38 90 2
16 26 2
14 52 2
57 171 2
42 45 2
18 154 1
26 57 2
3 31 2
23 27 2
36 58 2
46 106 1
6 9 2
59 149 2
2 76 2
17 172 1
51 91 2
31 112 1
35 158 1
2 40 2
25 104 2
24 45 2
5 8 2
46 98 1
42 51 2
24 159 1
31 48 2
0 171 1
19 25 2
9 22 2
45 59 2
6 154 2
37 81 1
47 83 1
17 154 2
54 146 2
19 35 2
3 6 2
23 101 2
48 147 1
3 63 2
18 167 1
18 83 1
54 119 2
58 62 2
23 47 2
39 56 2
59 94 1
23 102 1
51 52 2
23 58 2
39 81 2
38 57 2
35 135 2
49 59 2
35 97 2
7 14 2
19 57 2
44 86 2
4 37 2
32 152 2
25 149 1
58 127 2
13 23 2
2 175 1
3 44 2
8 28 2
36 62 2
57 74 2
28 36 2
21 59 2
7 32 2
58 102 2
0 133 2
14 122 2
0 13 2
17 31 2
10 26 2
10 36 2
33 91 1
22 29 2
22 53 2
2 129 2
22 31 2
47 55 2
6 36 2
47 133 1
55 60 2
31 109 2
49 55 2
31 177 1
12 114 1
20 81 2
6 69 1
20 111 1
1 76 2
19 58 2
46 146 1
17 36 2
32 38 2
17 61 1
4 152 1
26 52 2
38 74 2
41 140 2
39 124 2
12 26 2
41 141 2
10 24 2
34 56 2
10 12 2
15 99 1
23 68 2
26 38 2
41 147 2
10 59 2
33 115 1
40 81 2
6 54 2
26 118 2
24 36 2
1 70 2
30 40 2
28 54 2
19 79 2
10 115 2
3 101 2
14 46 2
50 58 2
18 179 2
49 91 2
43 90 1
3 57 2
19 22 2
48 100 1
53 159 2
17 143 2
39 67 1
1 6 2
26 51 2
59 111 1
16 21 2
29 75 2
19 81 2
30 76 1
13 31 2
49 78 1
54 57 2
1 54 2
18 91 2
23 110 2
2 16 2
16 30 2
46 47 2
14 155 1
53 144 2
51 54 2
5 40 2
2 55 2
39 139 1
36 125 2
39 111 2
13 28 2
49 100 2
26 56 2
25 40 2
39 43 2
31 61 2
38 46 2
11 163 1
22 44 2
35 57 2
6 10 2
32 56 2
31 40 2
24 87 1
1 166 2
21 155 2
21 33 2
12 16 2
13 147 2
52 53 2
5 46 2
41 172 1
7 25 2
37 51 2
27 38 2
24 108 2
23 29 2
5 9 2
52 160 1
41 125 2
15 50 2
2 41 2
27 29 2
1 49 2
23 50 2
22 34 2
10 49 2
2 54 2
4 56 2
3 156 2
7 9 2
27 81 2
22 139 2
8 51 2
23 91 2
13 60 1
41 73 2
30 172 2
7 37 2
47 161 1
36 61 2
12 160 2
54 138 1
22 25 2
44 156 2
27 131 1
0 8 2
15 35 2
35 52 2
28 96 2
48 61 1
45 138 1
31 56 2
36 39 2
34 54 2
32 36 2
10 150 1
38 108 1
0 49 2
15 45 2
31 97 2
9 112 2
48 132 1
11 151 1
53 82 1
26 63 1
7 31 2
10 52 2
32 102 1
37 126 2
0 45 2
20 80 2
47 58 2
3 30 2
29 161 2
14 148 2
16 64 2
13 103 1
58 89 1
16 20 2
51 59 2
6 15 2
11 95 2
48 59 2
23 103 2
14 55 2
22 126 2
14 25 2
11 52 2
19 36 2
45 99 2
50 116 2
28 174 2
18 152 2
42 88 2
55 98 2
37 156 2
14 44 2
22 49 2
0 34 2
9 61 2
30 56 2
25 91 2
6 52 2
5 31 2
51 163 1
18 50 2
10 50 2
27 64 2
8 81 2
0 69 2
36 112 2
28 177 1
45 124 1
27 33 2
44 97 2
39 58 2
44 87 2
44 135 2
6 23 2
0 145 2
38 54 2
41 54 2
40 70 2
41 75 2
20 124 2
13 41 2
13 29 2
21 179 2
6 172 2
31 50 2
7 24 2
41 52 2
50 163 2
27 53 2
4 127 1
22 54 2
20 40 2
45 66 2
35 81 1
29 133 2
14 153 2
45 51 2
59 100 2
32 43 2
8 85 2
7 35 2
38 160 1
43 45 2
15 65 1
38 117 2
58 176 1
9 122 2
7 135 2
54 92 2
21 42 2
19 28 2
1 132 2
39 172 1
0 97 2
20 157 2
44 178 2
23 39 2
47 138 1
20 120 1
45 168 2
16 85 2
33 128 2
41 50 2
54 90 1
42 86 2
17 32 2
38 142 2
23 69 2
21 111 1
5 177 2
8 55 2
49 103 1
37 129 1
59 124 1
56 160 2
42 132 2
28 137 1
29 73 2
34 136 2
6 104 2
3 166 2
19 33 2
39 97 1
1 19 2
40 98 2
12 86 2
3 130 2
27 56 2
18 110 1
23 127 1
51 87 2
33 176 1
25 154 2
8 175 2
18 117 2
35 132 2
40 58 2
12 172 2
29 46 2
19 39 2
35 40 2
11 36 2
18 96 2
20 159 2
32 156 1
18 24 2
10 21 2
3 143 2
46 145 2
11 12 2
47 57 2
15 132 2
29 121 2
41 67 2
5 119 2
2 116 2
38 64 1
38 136 1
27 93 2
39 48 2
44 139 2
44 172 1
45 156 2
47 89 2
42 43 2
41 87 2
21 58 2
15 59 2
17 115 2
17 107 1
31 72 2
49 64 2
55 134 1
10 149 1
47 153 1
56 150 2
24 48 2
14 149 2
49 76 1
43 149 2
36 143 2
46 120 1
59 148 2
21 88 2
22 37 2
31 145 2
4 55 2
40 147 1
9 50 2
56 132 2
39 44 2
5 86 2
40 75 2
21 38 2
18 174 2
14 41 2
31 94 2
44 75 2
9 64 2
16 29 2
58 162 2
9 21 2
52 135 1
46 68 1
44 111 2
52 80 2
6 128 1
2 17 2
19 129 2
18 42 2
6 14 2
19 110 1
26 96 2
31 35 2
58 70 1
54 125 2
33 170 2
2 51 2
49 138 1
43 84 2
52 76 2
16 95 2
1 36 2
7 169 2
15 101 2
20 56 2
31 33 2
55 76 1
57 179 2
9 133 2
15 129 2
2 31 2
12 106 1
1 9 2
3 55 2
17 159 2
53 165 2
8 124 2
8 167 1
12 163 2
15 151 2
53 73 2
27 35 2
24 142 2
7 20 2
52 168 2
27 100 2
43 61 2
29 39 2
56 100 2
9 113 2
10 54 2
1 24 2
1 83 2
33 126 2
18 20 2
28 118 1
20 48 2
2 172 2
34 49 2
1 84 2
5 33 2
48 88 2
27 84 2
10 106 2
1 33 2
6 155 2
43 58 2
49 137 1
18 146 1
5 30 2
33 57 2
17 47 2
5 154 1
57 107 2
14 127 2
6 63 1
2 22 2
18 36 2
14 59 2
15 125 1
56 151 2
5 175 2
25 143 2
33 83 1
6 135 2
11 104 2
4 24 2
10 40 2
0 38 2
41 85 1
41 68 2
50 172 2
14 29 2
50 57 2
14 34 2
7 29 2
55 69 1
23 99 1
3 26 2
30 96 2
3 10 2
4 44 2
55 58 2
36 46 2
38 138 1
5 35 2
13 38 2
43 53 2
16 35 2
7 172 2
57 133 2
24 152 1
59 77 1
41 45 2
8 89 2
15 20 2
40 41 2
30 50 2
28 48 2
28 40 2
36 43 2
16 41 2
13 53 2
25 59 2
14 98 1
13 32 2
14 118 1
18 99 2
10 56 2
18 101 2
35 51 2
19 34 2
30 176 2
57 154 2
35 55 2
11 23 2
54 166 1
13 177 2
7 98 2
36 103 2
42 56 2
14 146 2
28 87 1
26 120 1
4 165 1
3 25 2
23 124 1
3 33 2
20 35 2
18 98 2
17 50 2
6 21 2
17 27 2
39 152 2
36 176 1
39 54 2
14 121 1
48 109 2
17 49 2
6 62 2
3 98 1
44 108 1
20 39 2
20 43 2
52 125 2
32 100 2
2 44 2
4 147 2
3 129 2
11 119 1
5 50 2
5 87 1
38 44 2
30 36 2
3 67 1
13 24 2
17 25 2
57 149 2
21 91 2
10 15 2
40 99 2
1 28 2
5 32 2
19 71 2
22 27 2
24 153 2
16 22 2
30 45 2
40 127 2
40 76 2
9 47 2
22 52 2
21 25 2
37 59 2
11 56 2
8 29 2
0 161 2
41 139 1
48 177 2
8 58 2
35 136 1
8 162 1
54 55 2
13 172 2
9 166 2
36 100 2
20 164 2
9 49 2
53 156 2
40 53 2
2 138 2
34 143 2
14 23 2
4 81 1
23 44 2
15 131 2
14 138 2
7 30 2
5 127 2
40 101 2
25 171 2
3 28 2
48 51 2
42 78 1
5 10 2
27 50 2
30 167 2
59 76 2
46 58 2
23 35 2
41 58 2
20 44 2
55 178 1
4 90 1
5 42 2
54 58 2
12 41 2
9 115 2
51 159 2
41 44 2
44 52 2
44 175 1
34 35 2
10 107 2
36 78 1
9 53 2
48 56 2
34 163 2
57 80 2
10 11 2
27 178 1
0 102 2
24 173 1
57 136 1
30 107 1
9 30 2
17 26 2
42 66 2
50 86 2
14 78 1
1 46 2
12 53 2
6 8 2
52 170 2
40 43 2
5 6 2
0 52 2
24 43 2
10 34 2
43 44 2
22 104 2
13 30 2
1 156 1
15 49 2
38 40 2
35 85 2
50 149 2
20 145 2
4 6 2
55 175 2
24 35 2
23 80 2
10 38 2
49 115 2
10 33 2
18 54 2
32 127 2
26 50 2
3 122 2
46 117 2
22 43 2
58 113 1
28 157 1
48 50 2
20 127 1
0 50 2
5 28 2
50 80 2
35 104 2
20 147 1
19 78 1
25 53 2
1 17 2
23 51 2
34 51 2
13 118 2
15 29 2
7 11 2
37 136 1
12 22 2
29 176 2
50 159 2
39 78 2
16 42 2
3 11 2
14 15 2
31 77 2
51 134 2
57 101 1
46 116 1
31 44 2
27 44 2
59 120 2
2 13 2
52 72 1
48 108 1
24 172 1
46 174 1
19 141 1
4 85 2
10 76 1
3 38 2
25 46 2
52 59 2
36 59 2
5 20 2
25 43 2
7 50 2
54 171 2
41 48 2
16 36 2
2 149 2
1 53 2
2 178 2
40 88 1
6 59 2
1 109 2
12 122 2
34 72 1
29 38 2
48 66 1
16 167 2
47 64 2
2 52 2
32 82 2
9 125 1
15 87 1
20 136 1
30 89 2
7 124 1
45 101 2
46 57 2
6 89 1
38 111 2
14 80 2
28 97 2
26 90 2
33 155 2
58 122 2
55 116 2
7 27 2
38 168 2
32 48 2
47 56 2
9 39 2
5 72 1
26 72 2
2 71 1
2 5 2
17 90 2
5 130 2
0 11 2
6 22 2
2 48 2
51 73 1
19 38 2
12 33 2
22 121 1
54 89 2
8 170 2
20 47 2
21 49 2
28 149 2
0 58 2
40 45 2
6 53 2
9 43 2
12 95 2
59 93 2
37 45 2
16 148 2
0 22 2
23 152 1
6 46 2
22 28 2
26 153 2
5 133 2
35 171 2
2 125 1
31 34 2
22 67 2
3 43 2
39 90 2
58 85 2
42 130 2
13 39 2
25 176 2
2 4 2
48 86 1
54 73 1
6 28 2
42 48 2
9 40 2
16 37 2
30 62 1
15 88 2
15 42 2
31 59 2
6 32 2
27 159 2
47 69 2
54 80 1
10 35 2
12 48 2
42 114 2
45 48 2
37 108 2
7 64 2
33 42 2
16 108 2
10 161 2
32 70 2
20 24 2
55 156 2
29 53 2
32 89 1
10 28 2
47 108 2
50 101 2
53 74 2
5 54 2
58 148 1
14 36 2
12 59 2
14 37 2
38 147 2
7 152 2
0 53 2
42 71 2
5 163 1
12 19 2
58 68 1
0 157 2
42 170 2
10 103 2
33 116 1
55 66 2
26 157 1
6 38 2
20 54 2
2 112 1
27 37 2
51 55 2
35 98 2
14 24 2
13 40 2
54 108 2
55 179 1
21 94 2
30 53 2
8 49 2
39 93 1
24 27 2
15 124 2
12 135 2
9 55 2
20 31 2
58 118 2
21 32 2
1 37 2
42 50 2
0 2 2
31 52 2
48 125 2
59 112 2
50 141 1
1 89 2
57 73 2
26 83 1
27 132 1
15 33 2
17 57 2
3 53 2
18 77 1
1 23 2
56 152 1
13 44 2
39 88 2
41 168 1
42 49 2
15 71 1
31 46 2
28 92 1
11 40 2
19 103 1
15 103 1
13 161 2
30 34 2
38 41 2
52 54 2
37 77 1
4 27 2
22 147 2
30 75 1
25 57 2
7 54 2
2 30 2
7 18 2
4 33 2
18 25 2
5 29 2
37 109 2
52 147 2
50 150 2
30 43 2
17 44 2
24 117 2
45 67 2
55 163 2
6 145 2
1 59 2
43 97 2
12 15 2
39 42 2
28 51 2
18 39 2
49 102 1
11 33 2
53 59 2
7 62 2
53 54 2
32 50 2
30 58 2
12 25 2
40 120 2
13 22 2
26 117 2
14 57 2
33 59 2
23 138 2
8 32 2
21 23 2
17 69 2
38 68 2
27 130 1
38 100 2
57 134 1
48 144 2
4 156 1
2 150 1
32 45 2
16 39 2
19 52 2
8 112 2
8 38 2
45 145 1
30 133 1
26 42 2
56 173 1
34 132 1
34 58 2
19 55 2
20 117 1
40 142 2
7 112 1
46 73 1
58 146 2
1 93 1
11 35 2
29 79 2
13 62 2
0 122 2
15 127 1
57 142 2
32 53 2
18 41 2
42 171 1
2 166 1
9 28 2
25 41 2
35 53 2
57 82 2
22 131 1
18 43 2
52 57 2
24 103 2
59 63 2
53 176 1
33 109 2
26 37 2
16 98 1
47 85 1
20 151 1
21 123 2
8 21 2
13 58 2
11 25 2
20 68 1
7 12 2
3 172 2
5 44 2
11 57 2
21 98 2
45 144 2
40 93 1
39 147 2
50 78 1
44 90 1
26 33 2
1 139 2
2 153 1
51 117 2
22 66 1
39 100 1
31 47 2
59 102 2
23 32 2
47 166 2
46 126 2
57 90 2
15 72 2
26 59 2
10 20 2
56 143 1
25 92 2
46 127 2
7 176 1
27 55 2
9 45 2
54 156 1
0 19 2
45 155 2
44 50 2
43 105 1
3 58 2
18 85 2
55 85 1
13 54 2
3 50 2
17 19 2
52 104 1
34 90 1
46 51 2
3 48 2
19 50 2
6 30 2
16 57 2
26 49 2
36 102 1
9 13 2
10 32 2
30 92 2
5 151 1
1 102 1
17 52 2
38 47 2
37 56 2
18 100 2
27 49 2
28 34 2
8 62 2
39 89 1
39 162 1
9 14 2
2 9 2
39 86 2
12 148 1
22 119 2
21 171 2
4 22 2
19 123 2
36 83 2
10 87 2
6 105 2
8 33 2
9 19 2
14 53 2
8 36 2
50 56 2
28 59 2
8 10 2
14 112 2
3 176 1
21 81 2
7 53 2
7 23 2
16 32 2
43 112 2
0 63 1
10 25 2
22 120 2
46 124 2
14 73 2
42 145 1
53 103 1
20 45 2
5 152 1
38 53 2
1 27 2
6 25 2
26 170 2
22 56 2
45 166 1
23 33 2
47 95 2
22 59 2
4 57 2
23 128 2
8 64 1
15 69 1
7 158 1
40 144 1
24 47 2
10 42 2
5 59 2
26 178 2
23 53 2
14 64 2
10 30 2
35 115 2
35 50 2
32 47 2
34 96 2
56 130 2
17 53 2
13 18 2
26 135 2
40 51 2
58 119 2
33 55 2
18 49 2
0 111 2
44 151 2
51 72 2
51 84 2
24 77 1
40 56 2
45 116 1
32 92 2
57 91 2
25 47 2
40 166 2
13 19 2
37 79 1
48 63 1
12 166 2
20 46 2
1 176 2
42 111 2
23 94 2
54 149 2
15 25 2
32 117 1
32 51 2
54 74 2
53 146 2
38 119 2
27 42 2
22 30 2
55 144 2
11 22 2
51 130 2
25 165 2
0 14 2
50 169 2
25 152 2
35 141 2
42 144 1
11 26 2
45 54 2
26 100 1
9 10 2
57 116 2
0 56 2
14 38 2
38 79 2
8 165 2
6 78 1
14 79 1
32 142 2
55 89 2
18 55 2
21 48 2
49 148 1
59 136 2
19 32 2
12 21 2
9 165 2
29 139 1
33 50 2
45 90 1
23 169 2
18 52 2
11 49 2
27 101 2
20 63 2
55 105 2
15 48 2
39 151 1
19 99 1
3 4 2
14 48 2
56 68 2
35 90 2
22 117 2
59 80 2
28 90 1
59 138 2
2 111 2
4 11 2
34 36 2
42 60 2
13 42 2
12 116 1
50 158 2
4 47 2
4 46 2
52 142 2
36 54 2
19 128 2
5 23 2
51 150 2
3 15 2
11 55 2
57 161 2
50 174 1
55 128 2
33 40 2
32 96 2
51 107 1
4 42 2
29 41 2
37 169 2
58 87 1
20 146 2
57 58 2
21 108 1
22 98 2
9 162 2
48 134 1
9 152 2
18 31 2
12 134 1
5 65 2
50 53 2
31 79 1
6 170 2
1 13 2
3 47 2
16 34 2
56 163 2
22 155 2
31 163 2
25 61 2
2 60 2
20 34 2
1 7 2
14 119 1
25 177 1
45 112 2
12 38 2
8 84 2
30 52 2
6 26 2
8 26 2
9 92 2
18 151 2
6 17 2
11 45 2
7 153 2
52 120 2
57 148 2
6 34 2
10 46 2
35 106 1
42 100 1
4 31 2
40 77 1
24 40 2
29 100 2
41 80 2
24 57 2
33 45 2
2 42 2
14 102 2
8 59 2
51 90 2
11 42 2
8 12 2
56 115 2
54 113 1
1 8 2
6 45 2
17 113 2
5 34 2
13 34 2
58 138 2
59 129 1
10 41 2
50 70 2
50 124 2
57 75 1
12 88 1
22 39 2
24 52 2
16 50 2
54 87 2
59 103 2
42 53 2
29 42 2
25 27 2
7 60 1
50 55 2
30 54 2
13 107 1
28 81 2
5 114 2
43 153 2
36 140 2
12 153 2
8 128 1
30 123 1
7 52 2
37 53 2
41 71 1
30 128 2
45 58 2
52 117 2
36 57 2
37 41 2
4 21 2
24 92 2
23 81 2
33 106 2
36 120 2
48 95 1
37 178 2
42 176 2
22 128 2
21 99 1
16 90 2
37 54 2
28 124 1
52 141 2
2 59 2
26 48 2
6 57 2
24 58 2
0 33 2
9 36 2
28 55 2
33 118 2
52 107 2
23 119 2
0 166 1
25 151 2
2 37 2
27 96 2
40 168 2
58 66 2
47 72 2
58 137 2
35 140 2
41 176 1
10 58 2
17 23 2
0 62 2
50 76 1
17 98 1
41 51 2
29 33 2
41 156 2
22 105 1
28 135 1
45 175 2
22 89 1
25 60 2
42 63 2
11 173 1
39 50 2
58 107 2
1 143 2
51 88 2
29 126 1
17 28 2
10 130 2
10 140 2
52 58 2
56 162 1
51 120 2
29 35 2
18 74 2
48 149 1
37 141 2
19 146 2
47 172 2
40 46 2
58 123 2
25 77 2
21 120 1
51 111 2
1 52 2
7 67 1
25 145 2
49 149 1
20 26 2
21 143 2
3 111 2
43 130 1
43 78 2
12 72 1
31 57 2
33 66 1
53 153 2
38 83 2
4 34 2
0 124 2
7 22 2
9 168 2
46 94 2
40 48 2
6 12 2
4 76 2
31 37 2
50 72 1
56 127 1
49 128 2
17 30 2
27 45 2
22 130 1
12 142 2
10 111 2
20 41 2
30 148 2
14 39 2
12 57 2
22 136 1
12 44 2
32 97 2
28 57 2
52 86 1
38 176 2
48 58 2
40 156 1
16 173 2
45 91 2
13 167 2
22 173 2
7 74 2
37 96 1
55 63 2
24 38 2
9 46 2
39 46 2
34 105 2
9 34 2
15 70 2
56 126 1
11 18 2
15 17 2
29 136 2
3 139 2
16 160 2
0 5 2
57 99 2
49 119 2
31 117 2
18 53 2
0 25 2
37 50 2
15 55 2
6 121 1
9 54 2
39 149 1
27 127 1
23 45 2
46 154 1
29 163 2
7 161 2
30 174 1
19 93 1
50 102 2
43 54 2
34 85 2
15 34 2
39 52 2
31 102 2
4 99 2
0 36 2
24 150 2
48 106 2
14 30 2
5 57 2
8 52 2
32 41 2
0 128 1
5 58 2
21 138 2
2 25 2
57 61 2
30 146 2
51 139 2
20 52 2
7 45 2
38 140 2
14 94 1
39 59 2
40 59 2
21 72 2
25 157 1
6 47 2
0 179 2
9 95 2
6 11 2
23 121 1
47 146 1
6 130 2
31 38 2
10 83 1
34 106 2
24 25 2
36 139 2
56 84 2
27 116 2
35 173 2
46 104 2
44 58 2
13 59 2
22 40 2
6 117 2
43 51 2
3 51 2
43 126 1
16 19 2
36 37 2
34 79 2
6 43 2
39 57 2
31 58 2
29 114 1
9 117 1
20 152 2
53 112 2
9 24 2
15 146 2
1 41 2
48 55 2
52 114 2
26 34 2
27 46 2
13 165 1
2 45 2
23 87 2
15 136 1
11 50 2
17 59 2
26 27 2
19 42 2
21 56 2
19 168 2
44 69 2
16 58 2
51 156 2
4 53 2
4 32 2
12 30 2
0 47 2
0 92 1
59 121 2
21 54 2
22 127 2
2 53 2
21 50 2
8 27 2
17 101 2
24 127 2
50 133 2
50 82 2
29 32 2
46 60 2
45 115 2
12 169 2
45 122 2
42 159 2
2 24 2
17 41 2
25 48 2
7 51 2
15 16 2
46 52 2
1 136 2
14 22 2
12 179 1
3 82 2
10 55 2
5 124 1
10 163 2
18 59 2
40 52 2
10 89 2
14 56 2
4 51 2
40 108 2
12 51 2
8 176 1
28 58 2
36 174 2
14 33 2
20 57 2
24 91 2
29 160 1
53 56 2
29 54 2
50 147 1
58 67 2
51 127 2
7 129 1
50 151 2
5 75 2
13 173 1
23 48 2
36 170 2
54 127 1
28 127 2
33 34 2
7 21 2
23 37 2
33 131 1
27 39 2
47 68 2
15 40 2
15 139 2
37 143 2
24 44 2
5 26 2
39 120 2
26 84 2
1 5 2
49 158 2
20 138 1
50 83 2
45 85 2
26 36 2
30 32 2
49 88 2
10 51 2
34 44 2
22 151 1
5 25 2
22 166 2
48 176 2
7 10 2
59 146 2
4 71 2
58 84 2
21 106 2
20 22 2
7 117 2
33 43 2
24 37 2
0 75 2
0 35 2
20 139 2
34 145 2
15 54 2
34 154 1
17 18 2
17 94 2
6 164 2
48 72 1
17 37 2
39 140 1
16 106 2
41 96 2
0 153 2
25 38 2
9 138 1
11 38 2
19 45 2
10 63 1
37 113 2
27 161 1
2 33 2
16 163 2
8 42 2
20 100 2
4 10 2
14 35 2
15 18 2
49 57 2
19 70 2
31 60 2
29 49 2
56 125 1
35 60 2
6 112 2
1 18 2
18 94 1
45 55 2
52 156 1
5 51 2
29 58 2
28 46 2
4 54 2
18 51 2
31 54 2
12 58 2
8 39 2
15 39 2
19 119 2
33 132 1
32 115 1
0 16 2
45 165 2
21 46 2
18 88 1
17 121 2
30 31 2
40 171 1
36 161 1
54 123 2
34 67 2
27 73 2
43 102 2
36 171 1
53 175 2
24 30 2
1 11 2
26 29 2
23 55 2
36 163 1
11 141 1
23 62 2
34 52 2
55 59 2
23 30 2
53 55 2
0 132 2
12 14 2
2 6 2
42 55 2
32 84 1
19 90 2
42 46 2
37 165 1
46 105 1
47 162 2
52 78 2
12 80 2
18 62 2
45 63 1
26 43 2
33 102 2
39 165 1
51 121 2
42 54 2
43 67 2
22 133 2
6 40 2
40 134 1
26 47 2
21 121 2
50 51 2
36 38 2
0 139 1
44 48 2
5 98 2
1 114 2
5 41 2
37 95 1
9 29 2
3 12 2
9 15 2
56 111 2
10 37 2
40 103 1
26 53 2
12 121 2
5 108 1
2 57 2
26 137 2
15 19 2
36 45 2
25 36 2
32 168 1
48 53 2
13 27 2
27 149 1
45 141 2
19 63 2
23 25 2
55 93 1
6 42 2
40 50 2
19 137 2
1 40 2
0 31 2
29 61 2
34 37 2
47 129 2
46 70 2
20 99 1
58 109 1
19 122 1
47 150 1
52 143 2
37 47 2
31 63 2
13 17 2
4 15 2
0 125 1
8 150 1
36 49 2
18 70 2
8 131 2
13 110 1
37 40 2
59 167 2
18 116 2
14 150 1
9 94 2
9 57 2
18 80 2
31 115 2
2 7 2
24 51 2
36 48 2
8 151 1
42 70 2
30 46 2
33 56 2
27 136 2
21 97 2
1 144 1
51 58 2
29 122 1
6 68 2
22 24 2
1 22 2
5 93 2
23 125 1
37 94 2
17 73 2
19 51 2
54 173 2
18 73 2
11 126 2
6 51 2
13 106 2
4 25 2
27 129 2
13 20 2
0 21 2
24 28 2
22 50 2
37 44 2
52 71 1
0 24 2
46 151 2
8 54 2
22 41 2
18 22 2
34 42 2
46 103 1
17 33 2
48 52 2
30 37 2
3 81 2
19 46 2
4 41 2
44 163 2
35 118 1
46 53 2
15 147 1
58 168 2
37 38 2
11 46 2
40 80 1
10 18 2
7 28 2
4 14 2
15 176 1
3 69 1
20 162 2
23 109 1
29 31 2
20 37 2
35 103 1
29 92 2
48 99 2
24 84 1
21 141 2
22 110 2
47 53 2
36 55 2
49 123 1
27 31 2
30 143 1
16 123 1
57 160 2
3 72 2
21 40 2
15 84 2
33 151 2
2 21 2
11 103 2
12 34 2
10 142 2
4 18 2
35 172 1
2 18 2
14 21 2
40 157 2
24 78 1
31 166 2
7 26 2
40 44 2
47 152 2
57 69 2
3 116 2
47 99 1
21 39 2
30 147 2
16 66 1
51 96 2
4 28 2
3 178 2
9 35 2
4 36 2
24 53 2
42 156 2
11 121 2
42 152 2
25 26 2
8 66 1
39 105 2
2 19 2
37 67 1
19 61 1
48 165 2
4 23 2
8 17 2
0 59 2
9 102 2
11 28 2
45 120 2
5 170 2
9 38 2
11 118 2
17 56 2
47 101 2
47 131 1
32 37 2
25 118 1
8 41 2
47 70 2
32 54 2
27 121 1
50 168 2
19 48 2
11 14 2
25 85 2
15 172 2
50 122 2
21 165 2
19 144 1
55 68 2
11 106 2
56 90 2
25 34 2
8 34 2
13 43 2
45 72 1
17 43 2
47 52 2
19 26 2
7 162 2
14 178 2
49 56 2
32 44 2
57 79 1
7 57 2
6 13 2
39 169 2
41 56 2
25 105 2
36 51 2
40 163 1
5 55 2
51 76 2
41 120 2
8 11 2
10 66 1
9 137 1
0 26 2
41 111 2
25 90 1
32 112 2
2 49 2
33 53 2
38 49 2
20 115 1
50 176 2
28 62 2
21 24 2
54 95 2
36 92 2
38 51 2
50 105 1
52 132 1
17 145 2
13 57 2
18 129 2
44 99 1
46 123 2
6 20 2
17 151 1
15 150 1
33 54 2
36 106 1
4 82 2
12 27 2
29 98 1
44 177 2
28 45 2
29 30 2
27 67 2
16 71 2
47 71 2
13 130 2
32 52 2
27 66 2
19 20 2
13 150 1
13 50 2
2 50 2
27 58 2
27 141 2
12 152 2
18 33 2
34 47 2
0 57 2
12 155 1
44 54 2
39 40 2
7 59 2
9 71 2
27 54 2
13 175 2
59 159 2
51 53 2
49 82 2
16 152 2
21 86 2
2 106 2
23 52 2
56 170 2
21 153 2
55 125 2
18 30 2
33 65 2
44 64 2
18 37 2
0 1 2
0 30 2
41 129 1
10 88 2
11 168 2
17 45 2
25 68 2
6 92 2
54 56 2
22 55 2
9 37 2
22 58 2
43 157 1
25 29 2
0 18 2
39 53 2
27 97 1
38 52 2
12 18 2
27 89 2
12 46 2
40 160 2
53 111 2
16 33 2
23 167 2
59 135 2
13 98 2
45 107 2
12 156 1
35 45 2
4 169 2
35 47 2
12 28 2
52 84 2
7 167 2
11 34 2
45 129 1
48 118 2
56 106 2
24 135 1
54 158 2
49 62 2
9 20 2
53 57 2
30 59 2
47 94 2
4 122 2
17 81 1
16 44 2
17 35 2
44 138 2
20 49 2
17 161 2
11 54 2
20 58 2
59 143 1
23 59 2
25 31 2
4 30 2
39 55 2
12 64 2
10 39 2
14 58 2
43 52 2
12 17 2
37 58 2
32 57 2
19 157 2
18 173 2
26 39 2
23 113 2
1 160 1
13 99 2
8 172 2
13 132 2
8 143 2
0 12 2
26 85 1
11 13 2
45 49 2
27 85 1
15 31 2
53 100 1
23 73 2
30 152 2
30 142 2
0 40 2
14 128 2
59 132 2
48 179 2
4 29 2
44 95 1
57 157 1
49 112 2
2 92 1
38 118 1
33 51 2
35 145 2
16 40 2
51 114 1
19 113 2
28 139 2
11 81 2
38 65 2
38 93 1
31 110 1
20 33 2
2 157 2
38 169 1
58 158 2
8 68 2
4 92 2
40 49 2
42 57 2
24 42 2
59 83 2
1 85 1
6 148 1
10 116 1
32 118 2
15 23 2
20 62 2
50 112 2
32 160 2
40 74 2
19 40 2
14 49 2
17 48 2
16 83 1
12 36 2
22 101 1
28 56 2
6 58 2
19 165 1
18 34 2
57 77 2
53 99 2
37 139 2
45 52 2
24 85 2
22 36 2
54 144 1
25 167 1
40 136 2
7 15 2
11 30 2
26 154 2
30 57 2
1 48 2
10 16 2
50 175 2
26 55 2
57 139 2
57 72 2
34 92 2
46 133 2
6 29 2
42 154 2
22 48 2
11 15 2
3 170 2
1 25 2
15 36 2
13 46 2
6 44 2
21 77 2
32 158 2
16 18 2
23 89 2
59 166 2
20 158 1
39 51 2
8 121 2
32 71 2
19 138 1
5 171 1
32 80 2
47 50 2
41 148 1
16 59 2
24 138 2
18 57 2
28 35 2
27 32 2
42 163 2
54 67 2
26 28 2
24 151 2
37 150 2
37 64 1
17 21 2
19 98 2
7 97 2
46 50 2
1 77 1
19 66 2
48 90 2
31 84 2
22 47 2
25 30 2
32 55 2
5 16 2
19 109 1
15 58 2
44 56 2
36 96 1
32 116 2
22 45 2
5 36 2
36 172 2
39 91 2
26 171 2
6 85 2
0 159 2
4 49 2
46 110 2
31 87 1
1 152 2
49 50 2
34 55 2
5 48 2
52 92 2
19 47 2
38 156 1
25 35 2
9 26 2
54 59 2
35 154 2
45 46 2
16 116 1
7 69 2
40 55 2
47 168 1
46 109 1
2 20 2
48 163 1
44 57 2
38 43 2
5 53 2
41 132 2
3 39 2
11 94 1
30 162 1
27 123 2
44 49 2
28 144 2
30 141 2
9 12 2
51 75 1
1 31 2
29 115 1
17 20 2
8 71 2
33 37 2
4 154 2
56 62 2
46 67 1
34 46 2
35 112 2
5 39 2
31 139 1
20 27 2
3 75 2
24 80 1
6 88 2
51 172 2
50 135 1
20 92 2
13 47 2
30 72 2
22 167 2
26 161 1
9 173 2
41 109 1
35 42 2
31 155 2
27 112 2
25 54 2
0 20 2
12 43 2
9 17 2
35 128 1
37 164 2
32 124 2
29 95 1
7 40 2
9 116 1
19 87 2
1 56 2
17 165 2
40 126 2
26 41 2
59 106 1
33 49 2
35 59 2
7 121 2
18 47 2
19 27 2
35 38 2
12 49 2
36 91 1
29 57 2
40 179 2
45 53 2
13 49 2
21 109 2
12 23 2
49 52 2
48 101 2
5 45 2
16 46 2
55 170 2
50 146 2
48 158 2
45 56 2
45 136 2
59 144 2
42 74 2
37 55 2
37 98 2
39 153 2
24 149 1
41 171 2
0 37 2
24 26 2
32 137 2
8 69 1
33 144 1
10 114 2
56 131 2
14 114 1
9 87 2
35 114 1
45 123 2
18 143 1
22 138 1
3 18 2
8 44 2
57 117 1
1 32 2
35 163 2
54 175 2
5 106 2
16 31 2
15 91 2
36 68 1
59 154 2
30 135 2
34 38 2
29 172 2
43 106 2
16 156 1
10 169 1
56 81 1
16 97 2
22 148 2
15 30 2
21 41 2
35 159 2
4 153 1
23 42 2
13 115 2
15 56 2
46 84 2
36 56 2
26 164 1
27 106 2
1 58 2
4 12 2
37 39 2
41 150 1
15 143 2
0 149 1
33 44 2
2 23 2
20 118 1
29 55 2
26 95 2
49 142 2
58 177 2
9 129 2
21 31 2
5 17 2
24 32 2
27 57 2
53 58 2
4 17 2
13 160 2
40 90 1
27 113 2
35 49 2
28 131 1
48 107 2
15 109 2
28 42 2
33 52 2
22 46 2
19 104 1
50 74 2
14 18 2
16 25 2
31 55 2
59 160 2
47 86 2
16 79 1
17 46 2
6 140 1
50 52 2
27 47 2
12 55 2
37 42 2
4 38 2
6 49 2
18 75 2
58 112 2
16 105 2
5 142 2
27 69 2
5 56 2
12 31 2
44 70 1
4 40 2
19 41 2
32 46 2
26 31 2
26 80 1
3 14 2
28 41 2
20 104 1
18 113 2
2 158 1
27 158 1
48 64 2
22 78 1
52 122 2
3 17 2
21 47 2
29 87 1
16 87 2
14 177 1
15 140 1
15 21 2
51 56 2
8 87 2
47 81 2
23 63 1
46 155 2
12 24 2
5 77 2
39 129 1
46 132 2
17 55 2
31 96 2
40 119 2
2 47 2
10 44 2
5 14 2
4 102 2
52 56 2
26 73 1
54 170 1
28 37 2
29 76 1
2 36 2
4 43 2
17 164 1
32 65 2
29 59 2
41 95 2
25 56 2
3 126 1
46 112 1
6 35 2
43 119 1
58 163 1
39 77 1
23 155 1
26 77 2
37 66 2
5 7 2
20 74 2
35 111 2
5 13 2
34 80 2
23 38 2
14 158 2
38 135 2
29 50 2
4 104 2
52 144 1
23 57 2
20 134 2
8 35 2
9 154 1
42 126 2
30 49 2
42 139 2
17 136 2
35 130 2
49 121 1
4 80 2
49 95 1
18 40 2
48 62 2
39 138 2
46 111 2
53 137 2
2 32 2
44 141 2
33 35 2
14 19 2
11 80 2
55 56 2
41 78 1
7 115 2
1 30 2
37 174 1
46 159 2
11 43 2
12 78 2
23 141 2
1 116 2
49 125 2
58 152 2
1 47 2
7 16 2
27 62 1
57 169 1
14 40 2
1 44 2
25 71 1
25 66 2
11 37 2
13 112 2
14 50 2
3 5 2
50 138 1
32 136 1
20 59 2
11 72 2
19 56 2
12 178 1
9 18 2
0 23 2
23 31 2
32 33 2
14 28 2
13 37 2
34 128 2
10 45 2
15 83 2
44 72 2
24 162 2
21 57 2
21 128 2
6 173 1
10 77 1
51 83 2
41 46 2
35 44 2
24 174 2
43 176 2
4 94 2
29 145 2
35 176 2
30 119 1
28 145 2
13 16 2
50 96 2
50 99 1
35 37 2
49 53 2
19 53 2
32 76 2
31 69 2
8 13 2
35 43 2
27 40 2
41 166 1
42 52 2
29 72 1
25 78 1
39 116 2
4 116 2
20 142 1
22 33 2
21 69 2
31 32 2
22 109 2
49 155 1
0 27 2
16 23 2
53 179 2
10 176 1
2 28 2
41 47 2
16 119 2
44 127 2
9 52 2
16 136 2
25 169 2
21 52 2
4 178 1
8 30 2
27 51 2
5 146 2
23 82 2
49 122 2
3 114 1
34 84 2
47 90 1
5 167 2
25 51 2
47 48 2
14 156 2
19 124 2
25 134 1
8 24 2
26 167 2
0 7 2
19 95 2
27 119 2
28 39 2
48 57 2
28 53 2
7 128 2
48 159 2
4 26 2
20 140 1
20 32 2
16 68 2
7 19 2
47 118 2
57 141 2
32 113 2
48 152 2
3 112 1
11 58 2
20 50 2
34 57 2
8 18 2
27 30 2
18 79 1
19 30 2
20 38 2
52 121 1
50 54 2
24 46 2
5 156 2
14 126 2
21 110 2
11 44 2
20 55 2
20 84 2
19 37 2
3 76 2
14 132 2
51 166 2
29 151 2
46 59 2
59 60 1
8 43 2
52 108 2
2 134 2
46 93 2
16 138 2
19 59 2
2 56 2
7 43 2
49 58 2
9 85 2
55 112 1
56 110 2
39 160 1
9 32 2
56 148 2
12 63 2
13 124 2
2 43 2
35 46 2
57 118 1
25 141 2
17 119 2
36 42 2
26 46 2
35 94 2
29 179 2
52 89 2
12 45 2
5 80 1
0 6 2
12 129 1
17 24 2
21 137 2
18 21 2
28 109 1
2 120 2
34 59 2
51 171 2
20 23 2
44 51 2
33 47 2
12 170 1
53 152 2
54 174 2
58 90 1
15 32 2
2 14 2
27 28 2
46 49 2
13 14 2
19 24 2
16 166 2
22 23 2
7 175 1
40 177 1
13 21 2
44 46 2
14 137 1
24 95 2
17 149 2
21 66 1
20 102 1
21 45 2
38 58 2
7 8 2
17 40 2
34 135 2
15 61 2
47 114 2
30 51 2
13 69 2
34 152 2
13 137 2
12 84 2
30 47 2
19 21 2
11 76 2
55 91 2
45 100 1
19 43 2
44 96 2
7 75 2
16 145 1
0 158 1
14 42 2
49 90 1
39 65 2
31 119 2
54 176 1
2 35 2
40 114 2
58 104 2
44 115 1
26 150 1
55 81 2
1 90 2
25 87 1
4 59 2
31 49 2
18 46 2
30 134 2
13 76 2
11 129 2
58 72 1
45 132 2
47 167 2
58 110 2
8 78 2
52 100 2
13 168 2
1 15 2
11 29 2
20 101 2
26 136 1
48 153 1
18 23 2
37 43 2
19 23 2
9 70 2
12 87 2
12 112 1
24 133 2
49 110 2
41 143 1
27 43 2
4 68 2
18 48 2
5 47 2
52 172 2
2 3 2
13 51 2
2 26 2
30 39 2
4 50 2
43 111 1
40 82 1
42 151 1
18 112 2
57 163 2
49 54 2
30 44 2
51 89 1
58 126 2
44 176 2
18 140 1
44 140 2
54 86 1
51 124 1
58 74 2
1 113 1
5 12 2
5 38 2
58 117 1
42 150 2
7 34 2
26 121 2
22 51 2
29 48 2
35 39 2
3 164 2
30 48 2
0 177 2
8 142 2
24 73 2
34 123 2
21 162 1
1 122 2
56 88 1
14 17 2
11 59 2
5 24 2
18 58 2
6 19 2
9 149 2
24 70 2
59 179 2
10 22 2
21 168 1
32 138 2
14 26 2
38 131 2
20 36 2
11 19 2
53 126 2
54 75 1
47 54 2
41 42 2
54 97 2
49 81 2
35 41 2
24 31 2
49 99 2
27 68 2
45 151 2
13 66 1
39 49 2
15 26 2
44 55 2
24 54 2
33 63 1
16 48 2
31 95 2
14 176 1
21 26 2
34 50 2
15 52 2
49 106 1
5 83 2
38 48 2
3 9 2
18 32 2
27 41 2
3 56 2
9 66 1
41 49 2
17 91 1
45 163 1
16 92 1
33 84 2
52 69 1
4 58 2
41 174 1
10 27 2
45 62 2
6 16 2
4 13 2
23 34 2
7 122 2
13 100 2
53 105 2
34 40 2
39 47 2
45 157 1
57 62 2
42 59 2
13 102 1
27 52 2
27 168 2
57 108 2
43 134 2
29 83 1
4 164 1
11 169 2
16 28 2
0 44 2
57 114 2
1 88 1
35 137 1
23 132 1
0 51 2
27 36 2
18 107 2
8 48 2
8 9 2
33 39 2
43 91 2
27 63 1
49 172 1
21 22 2
15 128 2
23 43 2
23 49 2
59 70 1
18 56 2
10 141 1
32 107 2
18 163 2
10 138 2
6 39 2
8 25 2
53 102 2
13 55 2
8 75 2
33 87 2
42 47 2
2 27 2
8 116 2
7 44 2
8 96 1
51 147 1
40 47 2
39 45 2
31 151 1
8 152 2
46 121 2
3 146 1
22 61 2
3 77 2
35 177 1
46 56 2
40 85 2
22 71 2
17 68 2
57 162 2
11 24 2
29 52 2
16 49 2
39 41 2
3 20 2
12 50 2
11 71 2
38 101 1
0 160 1
1 50 2
36 152 2
3 32 2
3 41 2
15 28 2
58 154 2
9 25 2
34 98 2
5 15 2
8 23 2
20 113 1
20 166 2
7 38 2
11 145 2
15 126 2
31 167 1
12 47 2
25 32 2
29 144 1
20 64 1
47 135 2
6 50 2
9 59 2
14 20 2
26 92 2
48 156 1
25 84 2
5 19 2
18 138 1
4 39 2
48 97 1
29 37 2
33 175 2
20 171 1
30 55 2
34 107 2
43 107 2
42 44 2
39 142 1
2 38 2
38 45 2
1 162 2
57 68 2
41 43 2
0 86 2
21 44 2
32 42 2
12 20 2
14 75 2
58 173 2
46 150 2
32 176 2
27 87 2
42 153 1
25 153 1
10 14 2
55 177 2
9 118 2
1 42 2
47 117 2
23 140 2
31 45 2
24 178 1
39 123 2
34 131 2
57 97 1
7 179 2
28 63 1
30 70 2
47 63 1
7 164 1
44 154 2
34 175 2
26 66 2
7 46 2
42 175 2
38 55 2
51 69 1
37 46 2
28 43 2
41 177 1
45 94 1
10 68 2
45 97 1
43 110 2
46 101 1
22 42 2
22 99 1
28 33 2
28 50 2
26 94 2
4 35 2
2 119 2
30 83 2
31 78 2
16 75 2
42 148 2
44 45 2
23 24 2
28 30 2
28 140 2
9 42 2
25 49 2
54 101 1
42 58 2
51 145 2
28 142 2
0 116 2
13 25 2
16 113 2
3 145 1
21 36 2
1 167 2
35 162 1
39 68 2
20 114 2
28 175 1
6 179 2
50 161 2
15 57 2
34 101 1
40 148 1
20 119 2
32 62 1
32 40 2
17 34 2
7 79 1
47 75 1
16 55 2
2 74 2
3 23 2
53 177 2
47 116 2
14 117 2
45 108 2
11 51 2
2 152 2
29 47 2
19 88 2
54 153 1
1 21 2
17 58 2
24 168 2
20 110 1
26 40 2
28 32 2
49 51 2
12 107 1
0 71 2
23 129 2
25 50 2
15 46 2
23 36 2
27 160 2
24 74 2
6 87 2
48 117 1
46 97 2
24 33 2
12 146 1
21 37 2
49 139 1
44 124 2
34 167 2
21 147 2
20 137 2
12 35 2
22 111 2
48 146 2
23 86 2
46 92 1
2 8 2
24 56 2
13 52 2
25 44 2
30 145 1
8 15 2
33 129 1
4 167 2
25 58 2
12 85 1
41 53 2
3 45 2
4 7 2
6 37 2
25 33 2
42 169 1
50 79 2
19 49 2
2 11 2
0 41 2
21 124 2
0 3 1
19 133 1
10 53 1
9 158 1
27 156 1
75 158 2
53 98 1
153 177 1
75 167 2
86 127 2
0 110 2
