% n=30 p=60 d=0.33 p_blue=0.33
% k=0
4 19 1
9 17 2
1 13 2
12 27 1
16 17 2
6 23 1
9 12 2
8 25 1
2 5 2
15 28 2
7 13 2
1 16 2
8 17 2
1 12 2
5 11 2
2 15 2
11 13 2
2 13 2
4 24 1
13 18 1
0 15 2
11 14 2
15 26 1
5 22 1
13 17 2
10 16 2
9 11 2
13 16 2
1 2 2
3 24 2
2 16 2
6 11 2
0 26 1
5 19 2
14 15 2
6 13 2
1 7 2
1 4 2
6 14 2
7 11 2
6 16 2
14 22 1
8 15 2
3 5 2
4 10 2
12 16 2
12 17 2
14 28 2
0 17 2
1 8 2
3 12 2
1 24 1
0 20 1
6 21 2
8 16 2
6 10 2
0 9 2
16 20 1
7 12 2
9 10 2
2 21 1
0 4 2
11 17 2
6 15 2
7 18 1
5 10 2
15 16 2
17 25 1
5 16 2
0 6 2
14 26 1
5 12 2
8 14 2
10 13 2
0 16 2
1 17 2
10 27 1
8 26 2
14 23 1
10 15 2
1 18 1
7 8 2
2 8 2
2 17 2
0 7 2
0 14 2
11 21 1
4 16 2
12 15 2
4 8 2
2 6 2
7 16 2
7 9 2
12 14 2
0 5 2
4 23 1
8 28 1
1 6 2
7 17 2
1 26 2
0 27 2
16 23 2
4 12 2
11 18 1
5 15 2
3 7 2
11 16 2
6 17 2
0 28 2
3 13 2
3 10 2
6 12 2
6 7 2
4 27 2
6 26 1
8 11 2
5 9 2
3 28 2
7 10 2
1 10 2
17 23 1
13 15 2
16 29 2
4 18 1
0 24 2
12 13 2
2 24 1
5 14 2
16 18 1
6 22 1
4 6 2
11 25 1
1 11 2
10 12 2
3 22 1
11 12 2
8 20 1
2 14 2
0 18 2
3 9 2
1 19 1
4 14 2
5 7 2
10 14 2
13 14 2
3 17 2
2 3 2
0 1 2
6 25 1
4 9 2
5 24 1
9 23 1
5 17 2
15 24 1
4 13 2
13 29 1
3 18 1
16 27 1
2 12 2
0 11 2
4 5 2
8 12 2
7 22 2
5 20 2
2 11 2
0 8 1
8 13 1
14 27 1
2 9 1
7 14 1
10 17 1
0 10 1
2 28 2
3 25 2
4 25 2
3 6 2
19 23 2
2 19 2
8 10 1
1 23 2
9 14 1
0 23 1
3 14 1
1 5 1
8 19 1
15 23 1
9 13 1
5 23 2
11 15 1
1 9 2
7 25 1
0 2 1
4 28 1
1 3 1
2 10 1
2 27 1
8 9 1
7 15 1
19 27 1
3 15 1
19 25 2
1 14 1
2 23 2
5 13 2
0 12 2
4 7 1
5 6 2
15 25 1
3 4 1
14 25 2
