% n=200 p=60 d=0.33 p_blue=0.66
% k=0
95 99 2
48 133 1
19 144 1
32 94 2
51 69 2
35 56 2
9 81 2
3 44 2
48 64 2
47 80 2
11 13 2
49 118 2
16 25 2
59 92 2
78 179 2
98 193 2
77 107 2
107 179 1
98 112 2
71 187 2
36 111 2
57 74 2
88 97 2
48 58 2
77 151 2
24 101 2
42 81 2
10 55 2
58 105 2
59 62 2
58 102 2
62 97 2
16 105 2
46 51 2
72 101 2
15 115 2
19 114 2
40 80 2
62 193 2
6 109 2
52 140 2
25 26 2
85 115 2
37 169 2
31 51 2
13 45 2
98 108 2
18 65 2
33 197 2
14 64 2
53 100 2
44 117 2
7 171 2
56 99 2
3 54 2
33 67 2
48 104 2
33 157 2
44 56 2
6 30 2
22 105 2
53 86 2
74 102 2
23 68 2
12 34 2
37 118 2
22 149 2
25 78 2
32 98 2
37 48 2
47 64 2
66 94 2
63 114 2
56 94 2
36 55 2
64 115 2
90 132 1
19 107 2
29 56 2
71 134 2
24 98 2
2 85 2
26 36 2
13 51 2
78 82 2
49 50 2
72 112 2
97 117 2
0 41 2
104 173 2
53 66 2
22 126 1
80 116 2
29 161 2
8 72 2
47 76 2
6 88 2
23 63 2
66 118 2
70 73 2
37 158 2
48 78 2
3 147 2
36 78 2
35 116 2
37 111 2
5 51 2
20 77 2
6 16 2
73 126 1
12 33 2
13 117 2
118 191 2
9 111 2
60 98 2
94 166 2
0 108 2
20 102 2
45 62 2
25 47 2
89 98 2
13 50 2
18 37 2
9 82 2
15 90 2
110 155 2
53 106 2
10 76 2
84 99 2
111 122 1
115 192 1
45 60 2
39 116 2
28 106 2
104 192 2
29 160 2
21 89 2
36 81 2
117 147 2
23 79 2
27 84 2
4 19 2
52 73 2
68 91 2
24 38 2
7 20 2
95 148 2
110 150 2
108 169 1
89 152 1
25 50 2
57 155 2
65 185 1
65 92 2
96 187 2
43 46 2
26 42 2
17 155 2
13 115 2
118 146 2
112 147 2
46 178 1
1 34 2
9 117 2
46 147 2
100 133 2
97 119 2
45 105 2
10 142 2
72 130 2
1 71 2
35 110 2
115 145 2
4 145 1
78 175 2
1 100 2
99 129 2
23 184 2
83 183 1
28 57 2
108 118 2
103 181 2
19 84 2
13 61 2
26 91 2
9 118 2
76 93 2
18 111 2
50 74 2
66 190 1
25 59 2
30 64 2
48 98 2
119 127 2
76 160 2
55 133 2
95 113 2
68 137 2
9 56 2
25 153 2
18 103 2
51 112 2
57 137 1
61 79 2
5 33 2
59 94 2
5 29 2
73 163 2
57 132 2
66 116 2
77 111 2
25 85 2
59 154 1
46 86 2
85 92 2
45 99 2
17 183 1
51 119 2
3 198 2
112 196 1
0 111 2
19 178 2
43 87 2
25 171 2
95 117 2
35 117 2
2 53 2
91 148 1
35 85 2
80 96 2
1 19 2
18 120 2
53 180 1
54 56 2
31 44 2
6 189 2
39 102 2
27 39 2
6 131 1
29 95 2
24 103 2
112 148 1
74 106 2
61 101 2
78 194 1
68 93 2
10 83 2
75 83 2
4 92 2
58 119 2
89 101 2
7 64 2
22 88 2
9 131 1
4 174 1
65 82 2
67 176 1
17 115 2
3 90 2
8 69 2
52 103 2
66 77 2
21 117 2
39 183 2
109 148 2
25 75 2
43 137 1
23 65 2
108 155 1
10 115 2
33 83 2
9 41 2
28 107 2
59 88 2
40 87 2
9 192 2
24 81 2
62 105 2
34 103 2
11 166 1
31 146 1
47 144 2
28 124 2
8 113 2
22 82 2
8 155 2
71 110 2
23 115 2
44 72 2
85 150 1
53 75 2
3 116 2
12 118 2
23 31 2
18 109 2
22 35 2
21 88 2
113 148 1
72 119 2
55 105 2
47 74 2
69 78 2
39 57 2
71 85 2
62 108 2
28 49 2
58 104 2
60 78 2
76 172 1
16 68 2
24 53 2
14 116 2
55 96 2
27 50 2
12 27 2
73 138 2
56 87 2
112 142 2
13 91 2
17 110 2
25 45 2
4 17 2
53 60 2
39 109 2
36 90 2
59 143 1
57 73 2
33 178 1
18 130 2
60 82 2
0 141 2
39 47 2
3 70 2
17 101 2
84 92 2
0 32 2
50 190 1
50 183 1
11 61 2
49 68 2
92 104 2
37 43 2
12 26 2
98 152 2
29 33 2
9 112 2
53 196 1
85 153 2
94 127 1
77 88 2
24 91 2
40 113 2
82 84 2
44 178 1
36 86 2
53 115 2
52 60 2
91 187 2
108 114 2
50 75 2
37 139 2
32 59 2
2 108 2
87 89 2
43 69 2
32 51 2
113 116 2
11 99 2
5 89 2
20 139 1
99 147 1
82 115 2
107 119 2
35 55 2
89 106 2
7 53 2
49 70 2
113 177 1
48 63 2
71 122 2
72 77 2
35 90 2
29 119 2
30 36 2
34 91 2
37 138 2
81 82 2
8 101 2
16 141 2
66 68 2
34 113 2
78 104 2
64 90 2
18 64 2
94 175 1
5 31 2
85 119 2
59 84 2
92 129 2
30 74 2
82 189 2
26 129 1
41 164 2
27 122 2
8 59 2
75 88 2
25 53 2
4 98 2
79 111 2
24 77 2
34 177 1
27 53 2
31 39 2
95 118 2
56 82 2
54 82 2
45 71 2
0 89 2
52 58 2
51 104 2
5 60 2
9 29 2
60 170 1
61 68 2
117 138 2
79 123 2
52 167 1
65 143 2
66 83 2
107 111 2
64 99 2
23 54 2
29 157 2
85 151 2
39 155 2
63 113 2
13 14 2
32 43 2
30 144 1
54 110 2
21 85 2
31 105 2
98 105 2
31 45 2
4 94 2
92 128 2
100 190 1
15 190 2
97 178 2
2 113 2
7 74 2
49 91 2
12 76 2
20 93 2
23 160 2
21 49 2
113 115 2
64 86 2
22 141 1
92 119 2
38 86 2
26 106 2
4 71 2
115 157 2
8 94 2
32 107 2
85 155 2
51 135 2
95 135 1
9 33 2
100 182 1
5 16 2
85 141 2
0 58 2
5 21 2
12 58 2
44 177 2
60 119 2
7 117 2
30 101 2
48 69 2
5 119 2
12 94 2
53 109 2
8 21 2
51 73 2
39 139 2
4 128 2
62 89 2
47 52 2
70 133 2
24 68 2
94 109 2
36 80 2
12 121 2
27 118 2
99 114 2
87 122 1
46 182 2
92 178 1
78 151 2
12 47 2
113 160 2
25 43 2
1 81 2
22 97 2
17 44 2
85 124 2
22 34 2
39 81 2
35 97 2
68 119 2
17 165 2
35 106 2
20 82 2
7 41 2
69 103 2
8 56 2
111 190 2
3 95 2
92 180 1
39 113 2
7 177 2
54 59 2
43 153 2
88 153 1
16 27 2
0 181 2
100 147 1
38 165 2
90 110 2
95 152 2
38 65 2
25 32 2
20 109 2
23 91 2
36 69 2
23 51 2
89 120 2
77 118 2
46 144 1
13 24 2
61 98 2
23 61 2
2 114 2
113 153 2
33 192 2
12 84 2
94 115 2
37 124 2
19 34 2
32 61 2
51 86 2
12 93 2
65 180 1
41 50 2
22 58 2
9 31 2
0 90 2
46 72 2
23 119 2
71 166 2
59 137 2
71 92 2
107 131 2
2 126 2
118 158 2
65 76 2
2 161 1
39 98 2
20 52 2
71 76 2
55 152 2
10 25 2
73 74 2
5 106 2
41 52 2
5 69 2
59 101 2
17 108 2
117 197 2
59 113 2
90 114 2
45 120 1
41 62 2
6 61 2
64 142 2
56 95 2
8 164 2
42 60 2
49 64 2
4 65 2
33 108 2
65 186 2
58 67 2
38 148 1
42 151 2
54 109 2
46 55 2
21 69 2
32 41 2
58 90 2
6 58 2
90 138 1
56 165 1
3 46 2
62 132 2
50 103 2
81 93 2
89 188 2
12 188 2
24 95 2
6 95 2
6 48 2
69 72 2
20 41 2
1 84 2
84 101 2
67 182 2
43 134 2
34 45 2
44 47 2
1 2 2
42 104 2
49 125 1
22 29 2
8 105 2
41 64 2
53 113 2
46 91 2
54 108 2
40 88 2
63 196 2
62 102 2
97 142 2
44 59 2
45 75 2
81 153 1
89 113 2
50 58 2
90 106 2
15 72 2
16 31 2
40 61 2
71 84 2
99 132 2
39 77 2
63 69 2
4 67 2
91 122 2
7 21 2
21 78 2
2 99 2
5 72 2
71 87 2
48 86 2
102 104 2
61 80 2
76 176 2
73 152 2
101 110 2
16 113 2
50 52 2
37 100 2
31 65 2
3 112 2
60 110 2
48 100 2
13 113 2
70 97 2
48 81 2
6 118 2
64 92 2
38 151 2
37 115 2
24 198 1
17 86 2
46 119 2
16 106 2
38 118 2
5 55 2
0 21 2
42 50 2
75 187 2
47 101 2
81 126 1
103 178 1
94 106 2
33 52 2
36 58 2
50 196 1
11 53 2
86 112 2
10 16 2
6 75 2
36 67 2
29 44 2
32 170 2
42 62 2
111 166 2
31 87 2
12 36 2
7 32 2
4 41 2
95 103 2
78 131 2
73 158 2
23 116 2
1 14 2
3 4 2
32 116 2
88 91 2
28 81 2
47 118 2
103 114 2
73 118 2
3 170 2
118 179 2
20 83 2
27 97 2
97 198 2
15 69 2
69 165 1
74 78 2
100 114 2
3 10 2
88 99 2
76 136 1
28 84 2
23 128 1
61 149 1
2 25 2
26 162 2
57 76 2
31 57 2
68 71 2
41 146 2
96 158 2
4 40 2
18 96 2
34 114 2
45 77 2
26 158 2
34 69 2
91 155 2
19 109 2
22 44 2
66 79 2
13 141 1
84 166 2
36 121 2
34 118 2
5 80 2
4 52 2
50 54 2
39 63 2
35 134 2
22 76 2
14 101 2
70 96 2
76 196 1
4 136 2
65 117 2
89 114 2
55 165 1
34 74 2
67 139 2
3 97 2
20 68 2
80 104 2
78 85 2
9 175 2
112 130 2
19 68 2
23 27 2
22 107 2
60 114 2
52 57 2
42 48 2
55 114 2
45 68 2
22 179 1
14 17 2
66 167 1
36 52 2
31 50 2
34 76 2
14 68 2
44 112 2
11 93 2
114 116 2
102 128 2
60 125 2
26 111 2
109 177 2
48 87 2
79 106 2
28 83 2
31 111 2
27 141 2
49 89 2
29 45 2
110 176 1
71 169 2
35 80 2
4 70 2
54 101 2
21 97 2
68 90 2
104 107 2
103 112 2
0 59 2
38 69 2
15 47 2
9 45 2
73 96 2
22 47 2
1 177 2
0 63 2
61 94 2
48 164 2
6 90 2
68 155 2
115 119 2
23 59 2
56 147 2
79 160 2
61 112 2
70 155 2
19 51 2
118 142 2
89 137 2
31 108 2
30 60 2
73 109 2
8 174 1
23 180 2
10 161 2
7 68 2
34 63 2
3 91 2
72 169 2
75 147 1
8 131 2
51 81 2
51 107 2
1 64 2
94 181 2
26 66 2
7 62 2
93 143 1
50 81 2
39 107 2
47 49 2
100 102 2
36 145 1
111 120 2
61 89 2
13 53 2
9 116 2
7 28 2
3 50 2
59 72 2
38 146 2
52 101 2
48 102 2
22 73 2
114 187 2
12 79 2
64 72 2
4 62 2
55 128 1
59 110 2
94 102 2
1 75 2
40 90 2
1 96 2
38 40 2
6 43 2
91 136 2
15 93 2
19 103 2
6 103 2
3 106 2
23 105 2
70 158 2
45 100 2
15 76 2
78 87 2
17 79 2
37 87 2
108 113 2
89 162 2
103 107 2
29 125 2
41 113 2
18 117 2
43 172 1
21 59 2
88 93 2
8 73 2
8 64 2
71 115 2
93 119 2
71 175 2
13 125 2
86 126 2
32 192 1
28 50 2
81 107 2
34 85 2
11 186 2
39 94 2
67 128 1
91 163 2
43 72 2
54 118 2
0 61 2
22 153 2
88 96 2
91 107 2
69 80 2
55 116 2
5 58 2
94 107 2
23 99 2
47 114 2
86 91 2
15 74 2
11 127 1
9 80 2
65 72 2
55 67 2
58 133 2
41 45 2
54 112 2
64 103 2
13 64 2
10 45 2
26 76 2
92 123 1
13 194 1
90 117 2
0 34 2
42 78 2
46 63 2
12 194 2
36 173 1
69 95 2
29 43 2
51 191 2
49 184 2
19 35 2
114 119 2
72 113 2
52 196 2
34 123 2
58 68 2
30 71 2
68 74 2
92 124 2
7 120 2
18 152 1
117 175 2
87 127 2
4 180 1
3 179 1
7 60 2
57 142 2
84 188 1
11 89 2
2 12 2
9 183 1
16 93 2
69 93 2
10 63 2
49 112 2
81 84 2
24 167 1
96 103 2
38 117 2
0 72 2
40 47 2
2 190 2
25 33 2
3 19 2
13 191 2
5 18 2
112 119 2
35 51 2
62 112 2
83 116 2
79 86 2
59 186 2
62 70 2
29 73 2
37 72 2
48 85 2
18 50 2
6 39 2
57 108 2
1 11 2
30 167 1
7 105 2
44 84 2
54 91 2
23 87 2
35 150 2
14 21 2
10 18 2
53 90 2
2 162 2
42 146 2
49 130 1
40 48 2
26 58 2
4 30 2
48 115 2
27 177 2
6 40 2
32 122 2
87 88 2
19 139 2
22 162 2
52 127 1
106 193 1
32 48 2
58 186 2
73 177 1
59 86 2
56 65 2
35 60 2
35 194 1
58 69 2
67 174 1
4 15 2
117 169 2
51 196 1
30 58 2
59 149 2
32 38 2
63 127 1
24 28 2
11 116 2
37 142 1
94 192 2
54 132 2
45 72 2
67 105 2
27 88 2
26 38 2
49 177 1
45 96 2
96 195 2
36 166 2
51 61 2
25 66 2
42 188 2
1 57 2
39 84 2
43 125 1
11 101 2
4 113 2
38 104 2
14 117 2
0 37 2
9 88 2
90 92 2
47 94 2
4 51 2
74 108 2
87 98 2
67 185 2
39 71 2
8 102 2
6 130 2
73 105 2
27 28 2
33 72 2
79 108 2
39 58 2
29 82 2
25 67 2
42 128 2
52 83 2
52 63 2
98 128 1
69 83 2
89 115 2
97 146 2
54 181 2
9 28 2
8 19 2
22 145 2
71 165 2
79 102 2
69 114 2
18 199 1
46 149 2
90 186 2
25 80 2
22 113 2
47 106 2
103 158 1
54 78 2
15 83 2
41 137 2
27 138 2
69 179 2
29 47 2
42 58 2
65 194 1
15 84 2
38 95 2
6 92 2
79 80 2
13 55 2
49 58 2
31 38 2
97 137 2
67 117 2
82 94 2
17 70 2
4 91 2
25 49 2
53 114 2
73 122 1
71 120 1
86 172 2
31 176 2
16 157 1
45 92 2
4 106 2
4 7 2
7 65 2
40 163 2
87 96 2
26 59 2
89 159 2
75 116 2
32 34 2
69 113 2
9 46 2
40 57 2
82 110 2
99 122 1
17 123 2
84 87 2
3 100 2
21 119 2
5 135 2
21 70 2
66 104 2
118 171 1
84 102 2
98 119 2
19 40 2
4 119 2
55 98 2
22 43 2
12 163 1
95 110 2
24 182 2
21 144 2
88 170 1
53 67 2
70 91 2
72 138 2
0 84 2
16 57 2
43 108 2
22 59 2
49 115 2
42 174 2
36 47 2
16 19 2
55 149 2
31 84 2
57 146 2
26 44 2
17 75 2
41 101 2
80 90 2
55 134 2
62 147 1
63 78 2
15 42 2
4 93 2
102 198 1
7 36 2
53 72 2
24 187 2
29 85 2
44 60 2
33 105 2
47 158 1
28 67 2
2 46 2
57 111 2
4 27 2
11 195 2
100 103 2
111 196 2
83 126 2
86 174 1
91 97 2
65 133 2
59 79 2
14 143 2
2 24 2
28 115 2
43 112 2
68 165 2
10 119 2
100 104 2
98 187 2
12 174 1
21 27 2
32 96 2
16 45 2
79 81 2
41 71 2
34 38 2
25 102 2
49 107 2
30 93 2
30 169 1
62 118 2
2 21 2
74 85 2
73 85 2
40 100 2
20 31 2
41 85 2
42 51 2
18 70 2
3 143 1
75 154 1
45 51 2
51 77 2
29 79 2
30 117 2
64 85 2
41 60 2
1 142 2
7 38 2
33 37 2
13 118 2
2 197 2
64 84 2
97 104 2
4 72 2
30 89 2
9 37 2
7 109 2
27 60 2
22 26 2
50 91 2
45 63 2
8 149 2
55 61 2
100 116 2
28 192 2
4 110 2
110 144 2
38 98 2
106 146 2
104 108 2
84 182 2
31 109 2
56 69 2
1 116 2
37 113 2
6 196 2
47 97 2
3 150 2
23 90 2
12 146 2
20 94 2
16 84 2
46 94 2
82 183 2
3 13 2
14 97 2
17 81 2
92 97 2
61 198 2
59 130 2
11 72 2
24 99 2
3 16 2
29 42 2
9 109 2
8 165 2
96 106 2
8 62 2
28 132 2
92 115 2
42 111 2
18 99 2
103 167 2
21 172 2
39 166 2
83 153 1
18 107 2
94 179 1
12 57 2
4 60 2
28 151 2
39 170 2
103 130 2
6 176 2
118 140 2
11 66 2
5 67 2
27 82 2
66 164 1
65 87 2
41 53 2
34 119 2
45 106 2
46 92 2
2 119 2
96 117 2
96 157 2
6 107 2
87 150 2
87 165 2
32 121 1
102 168 1
55 99 2
108 180 2
24 54 2
21 55 2
33 95 2
3 178 1
17 61 2
114 140 1
20 75 2
6 76 2
81 123 2
10 92 2
60 65 2
34 86 2
72 92 2
26 80 2
0 71 2
74 83 2
22 85 2
8 36 2
110 146 2
17 189 2
77 127 2
53 78 2
52 191 2
13 105 2
8 104 2
44 198 1
79 93 2
8 137 2
118 164 2
1 110 2
38 194 1
85 91 2
100 115 2
56 57 2
50 93 2
85 145 1
48 120 2
46 53 2
0 93 2
90 179 1
18 89 2
47 60 2
27 29 2
79 121 1
24 82 2
17 100 2
59 78 2
27 139 1
5 184 1
103 109 2
80 94 2
14 30 2
115 160 2
2 96 2
86 160 2
49 136 1
77 161 2
64 181 2
48 60 2
83 144 2
50 84 2
13 60 2
8 67 2
79 107 2
103 174 1
14 45 2
56 64 2
39 90 2
26 114 2
116 179 2
17 109 2
14 51 2
25 44 2
16 116 2
13 52 2
69 71 2
12 105 2
13 167 2
72 103 2
74 160 2
10 70 2
49 83 2
6 23 2
73 144 2
8 111 2
31 53 2
63 82 2
37 83 2
83 91 2
81 196 2
82 85 2
26 32 2
38 92 2
95 174 1
38 62 2
80 172 2
13 168 2
53 65 2
69 110 2
18 54 2
21 53 2
92 107 2
30 54 2
8 9 2
18 25 2
55 104 2
59 69 2
13 92 2
40 95 2
29 75 2
5 79 2
28 104 2
24 128 1
5 87 2
110 112 2
26 52 2
37 71 2
109 119 2
11 71 2
2 71 2
50 97 2
98 116 2
82 111 2
91 129 2
14 44 2
57 77 2
38 81 2
30 161 1
66 69 2
2 195 1
95 188 2
70 189 2
57 100 2
70 127 2
11 191 2
110 117 2
44 95 2
102 116 2
56 70 2
41 114 2
18 195 2
86 125 2
76 143 2
38 107 2
58 79 2
44 67 2
49 63 2
102 117 2
1 156 1
87 111 2
35 71 2
83 117 2
39 78 2
42 197 2
117 170 1
10 85 2
14 189 1
85 112 2
75 151 1
19 108 2
43 141 2
14 194 2
79 94 2
43 88 2
1 40 2
35 43 2
14 85 2
19 121 2
31 103 2
11 109 2
57 95 2
35 37 2
36 97 2
51 130 2
12 117 2
100 187 2
29 51 2
12 63 2
16 33 2
106 165 2
104 112 2
13 156 2
68 78 2
10 62 2
43 57 2
2 91 2
28 178 1
65 66 2
67 81 2
55 88 2
47 121 2
65 191 1
73 99 2
75 181 2
86 169 1
54 66 2
93 118 2
61 81 2
54 70 2
39 158 2
5 38 2
3 69 2
10 38 2
37 159 2
77 171 2
99 113 2
119 197 2
54 80 2
19 113 2
96 105 2
51 161 1
32 56 2
75 91 2
37 116 2
89 104 2
18 189 1
70 107 2
56 115 2
42 113 2
17 143 1
64 121 2
78 158 2
38 110 2
58 171 2
35 98 2
109 138 1
80 133 2
80 110 2
9 11 2
58 86 2
62 192 1
64 118 2
37 41 2
19 86 2
10 20 2
39 93 2
39 48 2
23 111 2
39 73 2
53 148 2
49 170 1
44 107 2
6 104 2
43 77 2
31 62 2
48 96 2
1 31 2
16 178 2
21 28 2
56 128 1
52 68 2
24 157 2
20 40 2
42 82 2
16 90 2
0 50 2
67 100 2
55 192 1
90 95 2
23 73 2
70 72 2
15 188 2
9 86 2
95 104 2
28 32 2
10 97 2
56 130 1
34 61 2
55 60 2
11 44 2
34 182 2
45 46 2
17 158 2
30 63 2
56 98 2
17 116 2
27 73 2
12 18 2
114 153 2
28 38 2
12 51 2
11 84 2
65 77 2
87 139 2
18 83 2
12 141 2
8 68 2
36 45 2
51 94 2
34 70 2
83 96 2
12 88 2
77 104 2
57 120 2
21 96 2
7 59 2
47 187 1
13 72 2
3 123 2
60 86 2
97 114 2
37 85 2
7 55 2
104 105 2
17 73 2
25 39 2
15 81 2
54 65 2
51 57 2
62 91 2
8 54 2
10 180 2
33 111 2
96 100 2
97 132 2
55 89 2
8 115 2
111 178 2
43 89 2
26 108 2
17 59 2
105 182 1
53 123 1
21 174 2
26 75 2
108 165 1
62 131 2
20 114 2
69 85 2
2 83 2
105 147 2
2 51 2
72 81 2
50 113 2
21 140 1
85 195 2
5 26 2
34 64 2
9 102 2
43 189 1
20 67 2
10 33 2
17 36 2
4 181 2
41 51 2
43 123 2
9 186 1
40 105 2
27 176 2
22 86 2
63 133 1
20 37 2
30 35 2
40 189 2
94 103 2
15 91 2
47 88 2
101 105 2
76 89 2
40 94 2
0 76 2
37 55 2
30 186 1
89 158 2
18 116 2
1 93 2
57 152 1
8 26 2
32 58 2
26 56 2
78 97 2
70 136 2
35 124 2
70 79 2
49 181 1
35 58 2
40 120 2
28 53 2
37 110 2
13 103 2
26 81 2
33 62 2
41 66 2
30 49 2
62 67 2
37 53 2
34 80 2
52 62 2
0 166 2
115 134 2
18 63 2
54 160 2
97 153 1
30 166 2
90 98 2
48 65 2
50 104 2
14 72 2
74 123 1
82 122 2
2 57 2
70 101 2
47 100 2
78 96 2
76 116 2
17 50 2
66 117 2
8 50 2
79 172 1
70 80 2
93 194 2
18 71 2
13 16 2
53 82 2
115 191 2
80 98 2
29 175 2
53 94 2
12 70 2
11 70 2
30 75 2
37 101 2
115 152 2
16 46 2
2 87 2
14 57 2
83 111 2
85 108 2
52 64 2
76 101 2
60 92 2
69 144 2
28 158 1
58 156 1
100 158 2
10 124 1
98 143 1
10 146 2
6 108 2
102 115 2
50 59 2
101 138 2
82 83 2
104 196 2
109 197 2
71 114 2
96 149 2
25 68 2
63 76 2
53 64 2
5 113 2
14 105 2
22 62 2
94 191 2
54 114 2
48 118 2
61 82 2
25 57 2
41 118 2
23 95 2
43 179 2
49 179 1
72 84 2
6 59 2
43 100 2
2 194 2
107 173 2
4 76 2
26 93 2
24 123 2
0 158 2
29 84 2
116 165 1
108 152 2
14 182 2
12 32 2
46 146 2
62 74 2
30 31 2
46 115 2
36 41 2
46 142 1
24 104 2
9 146 2
64 87 2
112 136 1
38 83 2
6 67 2
23 47 2
55 161 1
24 25 2
10 53 2
42 53 2
65 127 1
24 30 2
88 177 2
28 66 2
45 107 2
76 115 2
31 104 2
75 112 2
88 105 2
17 77 2
6 198 2
42 49 2
86 121 1
109 112 2
15 92 2
42 118 2
83 89 2
116 117 2
86 196 2
61 105 2
97 118 2
34 55 2
27 42 2
9 36 2
16 164 2
56 107 2
29 35 2
0 67 2
73 119 2
59 71 2
0 75 2
77 94 2
13 43 2
15 150 2
59 91 2
2 37 2
111 188 1
1 76 2
107 175 1
68 141 1
39 100 2
75 92 2
8 80 2
10 169 2
49 110 2
12 77 2
15 62 2
8 95 2
14 70 2
85 162 1
21 182 2
46 75 2
76 90 2
16 190 2
24 56 2
49 183 2
59 160 1
97 111 2
4 109 2
49 116 2
48 130 2
46 68 2
27 48 2
28 143 2
49 88 2
19 56 2
41 75 2
19 63 2
46 69 2
16 54 2
3 6 2
30 159 2
0 33 2
5 57 2
66 135 1
94 193 2
4 20 2
52 117 2
17 71 2
52 59 2
4 6 2
6 35 2
32 100 2
11 88 2
6 105 2
22 31 2
16 101 2
58 66 2
98 100 2
44 86 2
2 138 1
68 111 2
52 189 2
19 117 2
13 23 2
9 115 2
52 183 1
37 102 2
35 143 2
4 190 2
119 153 1
91 96 2
94 147 1
36 54 2
17 24 2
0 18 2
75 114 2
52 122 2
18 38 2
79 150 2
26 175 2
86 105 2
24 87 2
33 106 2
63 97 2
31 100 2
56 184 1
7 83 2
77 110 2
13 102 2
28 155 1
27 90 2
47 111 2
6 129 2
65 99 2
19 74 2
103 192 2
9 198 2
18 100 2
5 68 2
92 174 2
24 194 2
118 148 1
8 79 2
27 56 2
56 103 2
11 21 2
76 124 2
26 37 2
0 17 2
33 74 2
25 144 2
3 29 2
98 117 2
41 67 2
17 65 2
14 62 2
51 182 2
33 159 2
33 55 2
9 25 2
102 141 2
37 182 1
7 159 2
39 103 2
19 33 2
13 104 2
71 79 2
102 195 2
41 157 1
56 106 2
87 134 2
8 61 2
101 195 1
42 91 2
21 176 1
12 74 2
8 24 2
66 100 2
40 168 1
51 100 2
67 70 2
9 30 2
37 89 2
58 114 2
72 76 2
77 114 2
27 35 2
7 51 2
14 71 2
95 139 1
73 149 1
30 79 2
91 106 2
36 107 2
64 93 2
15 21 2
101 197 2
56 167 1
10 69 2
74 96 2
30 105 2
4 26 2
35 78 2
66 81 2
42 196 1
59 73 2
37 73 2
12 101 2
31 73 2
59 193 2
27 64 2
1 191 1
30 43 2
68 103 2
108 125 2
60 76 2
21 196 1
104 163 2
34 108 2
105 111 2
6 197 2
2 95 2
56 146 1
12 61 2
13 59 2
17 98 2
59 67 2
57 99 2
21 112 2
94 114 2
101 172 1
107 130 2
19 39 2
10 47 2
41 143 1
119 169 2
13 33 2
18 59 2
78 90 2
11 42 2
24 64 2
43 74 2
26 127 1
17 142 2
70 150 2
11 43 2
62 77 2
47 125 1
89 91 2
75 119 2
24 84 2
26 98 2
57 195 2
25 112 2
7 14 2
72 167 2
98 182 2
37 51 2
4 103 2
38 138 2
27 75 2
98 138 2
24 85 2
80 82 2
50 138 2
70 122 1
27 151 2
18 24 2
33 160 1
72 177 1
11 94 2
62 113 2
104 113 2
68 105 2
1 99 2
106 109 2
82 159 2
17 76 2
12 193 2
5 146 2
12 62 2
23 196 2
8 112 2
65 119 2
92 102 2
3 61 2
38 48 2
43 53 2
33 47 2
77 99 2
14 83 2
28 89 2
36 96 2
24 45 2
6 194 2
24 66 2
15 29 2
66 134 1
30 170 2
12 82 2
86 100 2
35 99 2
70 183 2
46 118 2
98 106 2
31 169 2
96 113 2
10 36 2
16 62 2
1 74 2
19 190 2
51 123 1
105 181 2
2 103 2
53 55 2
91 104 2
9 15 2
7 39 2
51 105 2
33 174 1
23 77 2
100 179 1
1 78 2
35 88 2
79 115 2
85 109 2
15 22 2
7 199 1
3 25 2
91 119 2
63 117 2
77 101 2
117 171 1
100 113 2
15 174 2
56 101 2
44 141 2
42 103 2
78 170 2
13 81 2
9 113 2
31 137 2
16 55 2
17 45 2
30 53 2
3 94 2
110 111 2
5 88 2
10 15 2
21 114 2
70 81 2
36 63 2
27 158 2
14 148 2
26 145 2
30 113 2
71 113 2
17 97 2
94 104 2
72 136 1
26 45 2
48 105 2
50 99 2
55 193 2
5 75 2
76 108 2
95 112 2
6 86 2
67 184 2
68 113 2
81 91 2
56 169 2
119 189 1
19 38 2
71 198 1
72 198 2
2 144 2
46 128 1
63 171 2
5 171 2
33 175 2
113 117 2
37 61 2
27 103 2
4 117 2
110 161 2
20 118 2
13 142 2
4 95 2
3 78 2
14 50 2
73 181 2
57 69 2
23 24 2
108 167 2
9 35 2
22 71 2
19 36 2
34 36 2
113 198 2
92 103 2
102 105 2
48 161 1
58 62 2
86 151 2
21 80 2
1 22 2
49 72 2
73 94 2
46 103 2
27 62 2
0 189 2
57 92 2
103 180 1
54 64 2
27 30 2
11 34 2
26 67 2
51 85 2
81 145 2
24 49 2
1 51 2
26 165 2
22 161 2
48 50 2
45 47 2
90 119 2
35 76 2
65 166 2
0 7 2
4 23 2
22 115 2
107 157 2
2 80 2
19 71 2
25 127 1
3 56 2
59 129 2
46 175 2
3 49 2
31 171 2
4 29 2
87 180 2
79 114 2
24 111 2
44 103 2
45 90 2
64 71 2
81 99 2
53 95 2
24 151 2
54 122 1
57 86 2
65 67 2
52 104 2
6 20 2
73 184 2
54 95 2
30 140 2
42 178 2
8 43 2
0 115 2
71 174 2
13 44 2
46 185 1
24 113 2
6 11 2
81 97 2
73 106 2
94 113 2
26 116 2
21 99 2
19 89 2
17 23 2
31 54 2
45 151 2
7 178 2
22 118 2
67 84 2
29 63 2
49 186 1
29 57 2
17 192 2
15 50 2
44 96 2
12 16 2
36 72 2
19 81 2
3 105 2
25 100 2
45 48 2
1 70 2
88 117 2
87 90 2
83 105 2
13 86 2
0 150 2
72 94 2
50 98 2
0 40 2
62 115 2
11 29 2
42 76 2
7 84 2
41 65 2
14 23 2
76 118 2
30 112 2
54 150 1
66 143 2
20 154 1
29 172 1
10 57 2
70 110 2
39 88 2
23 85 2
0 117 2
44 102 2
29 106 2
28 182 2
36 162 2
6 37 2
56 71 2
49 53 2
75 182 2
81 108 2
107 128 2
84 180 2
40 62 2
29 165 1
72 97 2
9 22 2
12 60 2
59 168 2
8 187 2
44 88 2
79 105 2
1 189 1
11 57 2
101 107 2
62 64 2
53 187 1
58 103 2
22 194 1
97 110 2
19 90 2
71 95 2
49 190 2
42 154 2
84 95 2
91 105 2
30 45 2
93 183 2
2 22 2
10 194 2
50 148 1
4 36 2
89 93 2
28 64 2
55 108 2
102 107 2
87 188 1
84 154 2
67 99 2
8 49 2
93 107 2
40 174 2
3 88 2
30 99 2
72 90 2
75 97 2
112 124 2
96 124 2
27 111 2
35 87 2
45 115 2
106 194 1
74 113 2
19 48 2
37 52 2
14 39 2
34 167 2
44 110 2
41 107 2
23 138 2
48 67 2
33 149 1
69 108 2
5 11 2
46 76 2
23 112 2
77 85 2
31 197 1
5 102 2
27 87 2
5 61 2
7 143 2
57 153 2
6 49 2
6 12 2
106 114 2
7 63 2
96 110 2
11 18 2
117 177 1
26 86 2
14 61 2
24 72 2
60 63 2
27 143 1
9 68 2
26 198 2
50 96 2
16 134 2
101 176 2
41 54 2
69 79 2
79 169 2
28 77 2
62 65 2
38 187 1
26 65 2
27 65 2
24 41 2
35 191 2
40 117 2
21 102 2
73 86 2
86 184 2
108 146 1
61 118 2
16 64 2
75 167 1
81 129 2
2 38 2
67 150 2
23 56 2
72 73 2
60 137 2
47 50 2
68 81 2
52 182 2
15 33 2
66 132 2
61 179 1
3 140 1
26 39 2
21 100 2
77 163 1
116 199 2
34 58 2
9 14 2
80 113 2
7 48 2
2 136 2
19 91 2
30 39 2
35 57 2
76 165 2
28 119 2
60 123 1
15 111 2
115 190 2
86 171 2
38 63 2
72 105 2
86 154 1
111 197 2
5 52 2
68 148 2
101 149 1
90 107 2
4 59 2
11 27 2
20 55 2
90 158 2
3 52 2
3 35 2
85 99 2
30 106 2
4 146 2
99 180 1
13 20 2
57 67 2
9 106 2
92 153 1
95 180 2
25 62 2
7 187 2
62 149 2
13 15 2
58 163 2
13 95 2
10 71 2
10 29 2
19 92 2
44 138 1
36 83 2
104 116 2
81 151 2
60 97 2
5 108 2
44 45 2
66 67 2
26 95 2
0 86 2
55 151 2
48 72 2
15 68 2
28 70 2
29 69 2
60 85 2
65 85 2
30 152 2
33 107 2
49 100 2
12 66 2
26 188 2
53 87 2
3 79 2
28 116 2
34 110 2
47 89 2
0 88 2
11 49 2
56 84 2
6 69 2
33 137 2
82 114 2
75 198 2
44 108 2
3 122 2
38 80 2
40 42 2
37 154 2
11 37 2
15 101 2
38 44 2
36 115 2
82 104 2
41 102 2
69 89 2
54 115 2
90 108 2
73 107 2
41 192 2
67 180 1
41 55 2
17 156 1
46 106 2
63 194 2
13 80 2
48 109 2
43 65 2
94 136 2
14 95 2
69 153 1
45 95 2
85 174 1
112 139 1
56 59 2
87 198 2
54 158 2
112 195 2
54 136 1
85 159 2
79 118 2
102 120 1
5 34 2
38 79 2
42 190 1
59 87 2
47 175 1
17 28 2
0 91 2
46 83 2
68 75 2
11 67 2
71 100 2
48 82 2
10 52 2
83 101 2
110 147 2
95 114 2
16 63 2
15 186 2
18 87 2
75 142 2
54 74 2
71 102 2
38 72 2
49 119 2
3 14 2
75 138 2
21 50 2
96 107 2
65 156 2
37 109 2
11 58 2
86 107 2
46 78 2
2 17 2
6 8 2
24 46 2
88 114 2
75 136 1
37 104 2
60 83 2
27 148 1
1 45 2
111 116 2
26 87 2
0 77 2
43 193 1
82 87 2
93 113 2
111 138 1
23 103 2
25 146 1
82 193 2
19 80 2
63 107 2
52 54 2
57 62 2
63 130 2
38 123 2
87 147 2
51 103 2
29 99 2
80 198 2
36 94 2
14 18 2
20 58 2
73 76 2
7 101 2
51 90 2
26 84 2
85 178 2
33 49 2
37 193 2
34 89 2
79 110 2
27 96 2
24 43 2
81 112 2
19 67 2
4 55 2
0 149 2
39 75 2
35 89 2
2 130 2
77 119 2
31 102 2
82 137 1
29 50 2
52 81 2
12 31 2
42 80 2
18 92 2
29 54 2
21 57 2
53 118 2
77 92 2
36 95 2
46 56 2
93 112 2
17 33 2
26 101 2
29 76 2
34 46 2
32 99 2
27 36 2
108 134 1
2 62 2
32 133 1
90 118 2
47 56 2
69 134 1
2 97 2
44 116 2
22 83 2
4 42 2
116 128 1
60 176 2
31 60 2
74 178 2
11 182 2
4 45 2
68 82 2
119 133 1
7 40 2
20 34 2
42 107 2
93 95 2
40 111 2
0 169 2
35 86 2
41 127 2
2 44 2
56 63 2
24 106 2
41 58 2
101 155 1
20 48 2
33 42 2
13 96 2
95 133 2
1 66 2
27 45 2
38 156 1
0 135 2
10 84 2
3 101 2
28 96 2
60 136 2
112 186 2
76 112 2
32 119 2
56 119 2
52 124 2
18 85 2
110 184 2
70 104 2
22 186 2
20 65 2
13 70 2
43 45 2
7 76 2
16 103 2
77 78 2
87 117 2
30 114 2
19 25 2
83 177 2
44 92 2
41 160 1
85 104 2
48 52 2
66 113 2
16 177 2
61 71 2
39 111 2
105 172 2
15 60 2
77 176 1
33 114 2
84 158 2
22 33 2
77 122 2
9 49 2
4 9 2
49 52 2
110 137 2
4 69 2
87 100 2
21 39 2
60 185 2
64 97 2
57 63 2
14 165 2
76 81 2
71 173 2
53 154 2
72 83 2
97 197 2
31 117 2
105 149 2
103 115 2
38 47 2
36 199 2
48 153 2
46 108 2
1 112 2
94 101 2
19 47 2
50 87 2
50 152 2
26 193 2
6 110 2
101 159 1
73 167 1
19 197 1
19 98 2
66 84 2
85 176 2
39 117 2
36 39 2
14 100 2
20 69 2
34 68 2
105 187 1
74 117 2
101 162 1
80 196 1
19 186 2
56 72 2
22 87 2
87 156 2
64 183 2
2 110 2
55 63 2
103 198 2
17 51 2
30 80 2
18 148 2
68 87 2
32 198 2
59 105 2
96 108 2
91 114 2
53 137 2
29 89 2
59 82 2
62 194 1
46 154 2
48 117 2
36 64 2
14 125 2
50 100 2
77 174 1
60 61 2
6 70 2
40 60 2
65 134 1
91 103 2
4 25 2
37 44 2
14 166 2
12 132 2
110 163 2
11 120 2
42 184 2
65 104 2
27 100 2
6 114 2
74 81 2
46 116 2
12 96 2
49 57 2
101 152 2
68 132 1
16 183 2
49 71 2
57 169 2
0 118 2
35 75 2
42 119 2
7 16 2
74 99 2
31 35 2
41 110 2
68 174 2
87 102 2
15 35 2
0 9 2
43 63 2
31 43 2
96 98 2
43 82 2
35 112 2
24 73 2
60 93 2
62 133 1
42 46 2
38 68 2
60 150 2
63 74 2
12 107 2
117 134 2
44 62 2
41 108 2
63 157 2
28 118 2
14 55 2
71 161 2
56 93 2
108 174 2
23 49 2
59 192 2
58 181 2
31 49 2
39 65 2
103 119 2
42 177 2
89 97 2
54 126 2
39 55 2
50 145 1
103 177 2
10 94 2
5 44 2
29 129 2
86 109 2
10 28 2
11 146 1
69 156 1
10 75 2
82 90 2
71 103 2
15 48 2
50 166 2
18 48 2
60 64 2
2 8 2
27 58 2
89 134 2
103 152 1
48 90 2
60 102 2
73 178 1
2 73 2
21 128 1
114 123 1
24 61 2
57 79 2
47 113 2
49 96 2
44 105 2
0 107 2
50 101 2
1 61 2
0 171 2
70 98 2
54 87 2
17 126 2
14 41 2
33 139 1
4 18 2
48 59 2
27 190 2
28 173 1
81 103 2
108 185 1
13 82 2
77 83 2
2 18 2
17 40 2
47 120 2
3 11 2
99 135 2
20 60 2
64 79 2
116 183 2
60 198 2
94 116 2
84 110 2
106 150 2
79 98 2
16 85 2
8 126 2
30 138 1
83 119 2
10 121 1
56 117 2
16 56 2
6 79 2
65 88 2
15 117 2
53 135 2
14 65 2
29 90 2
31 78 2
30 81 2
36 179 1
43 154 2
61 190 2
56 108 2
35 73 2
29 30 2
11 130 2
5 115 2
1 52 2
31 77 2
3 110 2
28 95 2
5 114 2
50 51 2
58 97 2
109 116 2
89 151 2
35 42 2
83 112 2
41 59 2
59 118 2
28 30 2
40 81 2
18 108 2
31 95 2
108 166 2
63 90 2
1 94 2
4 108 2
52 61 2
20 98 2
79 143 1
87 199 2
14 80 2
10 102 2
37 46 2
47 99 2
78 153 2
27 70 2
26 161 1
29 60 2
82 148 1
56 67 2
18 149 2
55 183 1
99 100 2
99 140 1
13 109 2
90 97 2
77 115 2
0 112 2
88 110 2
52 159 2
43 84 2
56 111 2
33 177 2
17 29 2
93 102 2
24 96 2
32 111 2
28 92 2
35 69 2
64 100 2
40 149 1
83 103 2
31 193 1
67 93 2
55 81 2
30 135 2
105 116 2
60 120 1
54 113 2
38 115 2
70 134 2
6 117 2
11 52 2
40 64 2
26 99 2
0 130 2
8 78 2
91 168 2
81 191 1
85 103 2
58 115 2
69 74 2
58 109 2
18 69 2
6 143 1
15 122 1
15 106 2
47 69 2
33 81 2
30 151 2
100 195 2
1 86 2
46 57 2
95 156 1
82 117 2
23 29 2
19 54 2
63 105 2
96 102 2
71 86 2
8 97 2
57 143 1
31 74 2
37 163 1
30 103 2
33 93 2
19 115 2
52 164 2
32 97 2
71 121 2
23 34 2
68 83 2
31 68 2
83 147 1
26 182 2
19 69 2
67 109 2
72 110 2
44 165 2
29 87 2
73 93 2
15 136 2
15 32 2
89 193 1
85 89 2
2 176 1
39 60 2
51 87 2
111 172 2
79 112 2
15 116 2
53 58 2
20 162 2
63 77 2
1 92 2
75 86 2
17 103 2
103 118 2
15 49 2
1 199 2
12 40 2
58 93 2
79 193 1
41 56 2
53 70 2
24 112 2
56 114 2
95 119 2
49 114 2
18 135 2
112 166 1
92 116 2
47 51 2
38 78 2
5 84 2
22 106 2
33 66 2
11 38 2
84 116 2
42 79 2
7 69 2
1 180 2
95 101 2
90 100 2
31 94 2
13 41 2
2 77 2
4 88 2
24 116 2
14 93 2
29 132 2
13 98 2
14 35 2
15 46 2
32 70 2
88 195 1
79 117 2
30 82 2
46 107 2
53 79 2
14 42 2
61 139 2
98 99 2
23 42 2
14 94 2
10 116 2
22 77 2
85 183 1
12 15 2
87 158 2
37 197 1
32 67 2
9 96 2
25 31 2
95 165 1
35 64 2
5 9 2
14 27 2
69 82 2
99 102 2
35 62 2
17 87 2
55 80 2
43 199 1
10 24 2
57 113 2
58 89 2
29 70 2
69 106 2
21 73 2
51 97 2
33 60 2
35 36 2
102 109 2
45 91 2
39 131 1
39 144 1
58 110 2
16 75 2
80 112 2
119 177 1
32 33 2
62 171 2
27 31 2
3 126 2
46 137 2
26 60 2
42 129 2
80 115 2
101 123 2
4 153 2
37 181 2
63 66 2
61 172 2
5 107 2
70 93 2
13 162 1
67 86 2
79 90 2
14 73 2
22 139 2
47 84 2
65 171 2
84 107 2
9 101 2
10 103 2
38 74 2
18 90 2
3 7 2
86 114 2
24 191 2
48 93 2
32 82 2
36 40 2
38 127 2
86 99 2
3 72 2
78 172 2
75 190 1
7 58 2
43 51 2
87 183 2
20 101 2
28 91 2
112 116 2
32 83 2
30 47 2
10 144 1
16 43 2
12 183 2
34 75 2
94 105 2
43 104 2
33 116 2
74 79 2
50 55 2
17 159 1
11 107 2
66 98 2
35 140 1
0 79 2
109 156 1
83 108 2
42 77 2
63 83 2
12 112 2
57 123 2
101 114 2
17 93 2
11 56 2
37 62 2
44 83 2
66 70 2
74 101 2
72 87 2
70 140 2
82 150 1
66 187 1
47 179 2
108 112 2
11 63 2
76 77 2
78 114 2
28 98 2
16 32 2
45 83 2
36 70 2
35 100 2
54 79 2
89 198 2
50 121 2
98 104 2
50 62 2
14 177 2
42 88 2
119 188 2
1 7 2
43 55 2
19 130 2
42 106 2
113 133 1
10 91 2
6 63 2
104 117 2
5 122 1
31 55 2
64 108 2
78 171 1
16 127 1
116 188 1
6 64 2
31 148 1
85 111 2
24 31 2
10 107 2
70 77 2
9 66 2
116 142 2
20 22 2
41 90 2
23 88 2
37 74 2
40 158 2
40 112 2
68 112 2
7 45 2
20 42 2
88 116 2
47 119 2
7 9 2
100 145 2
32 117 2
103 164 1
106 116 2
41 106 2
28 58 2
61 91 2
19 102 2
84 106 2
13 107 2
35 109 2
38 100 2
38 189 1
47 191 1
37 122 2
83 160 1
6 9 2
116 172 2
30 125 2
42 45 2
4 105 2
25 159 2
56 91 2
59 97 2
53 193 2
66 131 2
4 107 2
7 35 2
119 187 2
78 124 2
34 81 2
63 79 2
25 34 2
89 118 2
101 134 1
14 129 1
6 158 1
49 169 2
112 113 2
81 118 2
54 76 2
60 116 2
70 186 2
4 10 2
59 83 2
52 80 2
63 101 2
105 108 2
35 81 2
5 49 2
75 78 2
58 107 2
14 173 2
82 88 2
118 134 2
81 117 2
44 68 2
32 37 2
56 75 2
11 20 2
16 175 1
63 95 2
25 113 2
3 15 2
40 77 2
16 171 1
23 64 2
5 145 1
35 96 2
6 160 1
90 101 2
22 24 2
98 109 2
68 136 2
51 113 2
34 42 2
63 103 2
27 78 2
3 73 2
0 23 2
15 100 2
9 57 2
115 173 2
7 167 2
109 117 2
30 41 2
107 108 2
2 56 2
85 179 2
87 113 2
51 124 1
98 101 2
47 112 2
54 190 2
26 104 2
28 34 2
42 108 2
4 89 2
23 32 2
63 119 2
25 169 1
14 76 2
77 86 2
38 150 1
46 104 2
31 36 2
34 194 2
26 89 2
37 42 2
53 139 1
82 161 1
109 114 2
5 96 2
43 165 1
33 113 2
64 69 2
41 119 2
26 117 2
100 173 2
83 104 2
64 111 2
52 113 2
38 101 2
40 53 2
33 68 2
96 153 2
40 55 2
78 176 2
30 96 2
74 141 1
11 60 2
64 78 2
22 144 1
23 80 2
7 114 2
65 122 2
69 87 2
56 126 2
27 32 2
55 83 2
31 91 2
0 57 2
64 70 2
20 140 2
20 21 2
12 165 2
108 137 1
87 110 2
44 76 2
3 17 2
11 55 2
93 165 2
109 199 1
16 119 2
15 135 2
1 89 2
61 92 2
1 47 2
31 32 2
86 103 2
16 29 2
43 160 2
77 123 1
68 88 2
41 95 2
19 53 2
40 89 2
87 112 2
33 187 2
74 82 2
22 39 2
67 193 2
52 108 2
112 162 2
37 76 2
16 102 2
44 80 2
48 199 2
13 85 2
27 102 2
37 153 1
67 102 2
93 114 2
17 102 2
10 99 2
10 13 2
67 165 2
9 107 2
15 18 2
49 98 2
18 82 2
9 90 2
28 110 2
13 32 2
14 126 2
35 61 2
26 77 2
69 107 2
31 81 2
20 79 2
64 180 1
22 55 2
2 75 2
12 116 2
11 81 2
61 88 2
57 96 2
60 90 2
114 197 1
107 172 1
25 61 2
54 72 2
59 133 2
42 116 2
72 80 2
103 185 1
24 107 2
85 97 2
104 172 2
112 117 2
21 137 2
103 139 2
108 133 2
48 76 2
98 167 2
81 148 2
31 34 2
2 20 2
30 173 2
34 99 2
1 85 2
0 178 2
8 185 1
65 100 2
112 190 2
19 65 2
46 132 2
16 58 2
24 70 2
96 173 2
9 60 2
48 131 2
48 159 2
29 101 2
63 112 2
43 52 2
56 197 2
44 163 2
112 182 1
11 74 2
12 98 2
12 19 2
16 38 2
15 80 2
60 101 2
52 141 1
20 135 2
21 95 2
25 167 1
64 120 1
14 43 2
117 132 2
79 113 2
17 198 1
51 76 2
58 151 2
37 107 2
37 164 2
39 110 2
97 183 2
11 104 2
59 150 1
64 77 2
47 107 2
46 61 2
41 99 2
5 47 2
99 117 2
61 174 1
52 87 2
41 103 2
21 177 1
81 89 2
20 81 2
84 118 2
57 84 2
16 39 2
15 110 2
33 51 2
27 55 2
4 68 2
42 124 2
67 74 2
23 118 2
68 116 2
0 73 2
40 191 2
10 66 2
22 84 2
61 110 2
36 119 2
70 108 2
5 53 2
63 81 2
46 64 2
68 182 1
106 115 2
69 99 2
9 150 2
95 197 2
36 104 2
48 187 2
8 35 2
71 101 2
38 66 2
26 128 2
9 104 2
45 67 2
36 82 2
71 88 2
1 193 2
110 133 1
101 185 2
75 100 2
62 96 2
73 90 2
49 95 2
2 70 2
6 94 2
54 90 2
103 110 2
2 69 2
33 84 2
18 183 2
3 141 2
25 106 2
81 111 2
92 139 2
54 183 2
20 39 2
10 68 2
0 20 2
12 198 2
53 108 2
29 143 2
49 65 2
4 32 2
101 102 2
30 59 2
32 109 2
41 152 1
3 68 2
52 162 2
15 98 2
20 107 2
92 111 2
47 108 2
90 94 2
17 95 2
25 46 2
68 96 2
40 104 2
64 110 2
5 43 2
3 108 2
96 115 2
21 87 2
58 111 2
23 104 2
54 140 2
23 110 2
0 106 2
110 115 2
69 130 2
22 89 2
18 79 2
117 122 1
11 113 2
2 23 2
100 131 2
25 72 2
114 179 2
28 72 2
71 156 2
75 168 2
105 141 2
67 156 2
76 102 2
39 59 2
26 49 2
21 130 1
52 115 2
14 112 2
25 76 2
6 27 2
20 180 2
88 109 2
103 163 2
58 73 2
3 117 2
63 89 2
5 98 2
7 27 2
68 115 2
30 181 2
7 47 2
36 186 1
39 62 2
7 79 2
36 79 2
9 75 2
92 99 2
47 87 2
62 114 2
14 36 2
16 118 2
94 99 2
40 83 2
83 148 2
31 80 2
110 116 2
1 5 2
87 175 2
113 143 2
36 144 2
114 181 1
1 88 2
35 72 2
15 59 2
25 71 2
91 109 2
73 84 2
1 30 2
61 183 2
51 102 2
29 97 2
30 34 2
11 112 2
42 72 2
56 198 2
39 80 2
70 94 2
83 107 2
68 109 2
16 89 2
87 105 2
68 106 2
37 67 2
61 96 2
76 173 1
17 78 2
107 117 2
47 95 2
65 188 2
70 83 2
42 63 2
39 108 2
117 186 1
71 78 2
9 92 2
49 61 2
12 41 2
12 21 2
35 48 2
20 28 2
53 89 2
91 131 1
45 82 2
34 49 2
5 179 1
7 145 1
82 112 2
67 104 2
67 123 2
42 52 2
65 140 1
24 34 2
28 63 2
78 83 2
71 109 2
60 94 2
72 147 1
38 42 2
7 118 2
82 108 2
1 73 2
40 141 2
4 13 2
23 45 2
11 82 2
32 65 2
18 150 2
32 105 2
45 109 2
28 31 2
44 99 2
34 104 2
45 49 2
35 65 2
42 170 2
3 22 2
1 129 2
41 91 2
7 99 2
37 162 2
63 175 2
8 28 2
68 185 2
73 170 2
73 100 2
40 93 2
34 115 2
67 149 1
24 122 2
48 75 2
8 63 2
4 157 1
6 81 2
37 94 2
29 183 1
80 170 2
0 179 2
80 99 2
20 171 1
6 50 2
20 115 2
62 175 1
31 70 2
26 68 2
13 84 2
17 80 2
9 95 2
46 70 2
7 61 2
27 77 2
3 63 2
93 197 2
103 165 2
7 46 2
75 117 2
52 107 2
6 45 2
65 118 2
53 57 2
37 45 2
18 124 2
19 158 2
40 131 1
57 118 2
7 140 1
56 118 2
40 84 2
12 106 2
82 167 2
60 96 2
49 117 2
79 89 2
85 106 2
55 68 2
57 170 1
46 88 2
79 95 2
78 81 2
79 170 2
78 117 2
18 52 2
28 39 2
1 35 2
51 78 2
19 77 2
1 8 2
1 83 2
106 156 2
77 154 2
16 83 2
86 199 2
44 55 2
105 155 1
96 122 1
97 99 2
73 111 2
85 170 2
21 34 2
10 140 1
76 163 1
7 108 2
53 170 2
54 99 2
58 123 2
20 144 2
3 40 2
9 167 2
1 23 2
72 118 2
20 47 2
11 19 2
63 65 2
46 77 2
51 175 1
12 108 2
17 184 2
62 82 2
67 80 2
46 48 2
113 149 2
23 126 2
106 117 2
34 51 2
8 108 2
15 140 1
49 103 2
55 93 2
102 106 2
11 65 2
23 46 2
94 157 2
35 107 2
27 49 2
35 47 2
91 198 2
37 63 2
60 118 2
63 132 2
90 122 2
2 6 2
106 139 2
70 88 2
53 104 2
31 124 1
83 129 2
96 190 1
64 102 2
6 112 2
75 98 2
7 93 2
65 115 2
60 177 1
88 186 2
1 21 2
23 83 2
0 35 2
74 80 2
57 93 2
52 149 2
77 158 2
105 131 2
109 118 2
3 47 2
50 76 2
100 118 2
91 110 2
15 19 2
113 187 1
92 183 1
38 182 1
39 104 2
4 90 2
10 129 2
8 118 2
76 98 2
100 198 2
28 56 2
78 182 1
37 185 1
105 118 2
25 134 1
8 86 2
18 77 2
16 98 2
95 161 2
63 98 2
14 47 2
96 126 2
64 138 2
95 125 2
32 42 2
6 115 2
35 45 2
43 47 2
43 91 2
0 49 2
23 86 2
60 69 2
15 45 2
53 71 2
8 57 2
12 29 2
19 62 2
82 153 2
76 88 2
68 184 2
46 59 2
1 53 2
13 161 2
51 84 2
2 76 2
8 45 2
6 113 2
54 84 2
19 88 2
59 65 2
69 121 1
18 49 2
4 193 1
40 103 2
90 162 2
29 77 2
38 139 1
55 112 2
23 70 2
97 166 2
31 64 2
4 178 1
54 68 2
87 138 2
12 113 2
24 37 2
7 85 2
0 94 2
22 38 2
25 191 1
23 117 2
65 69 2
76 94 2
103 138 2
20 130 2
86 93 2
93 117 2
7 110 2
102 171 2
74 90 2
54 85 2
24 179 1
31 96 2
59 132 1
28 184 2
0 196 1
51 52 2
53 119 2
4 21 2
63 115 2
8 133 2
67 107 2
96 161 1
84 171 2
111 177 2
49 124 1
28 150 2
40 125 2
21 157 2
38 64 2
89 153 2
41 63 2
13 77 2
33 165 1
79 151 1
31 147 1
49 79 2
26 64 2
37 90 2
50 64 2
13 88 2
34 111 2
30 88 2
67 171 1
75 150 1
1 38 2
8 20 2
35 104 2
3 113 2
97 113 2
1 4 2
74 112 2
14 171 1
11 96 2
23 178 2
44 66 2
72 122 2
0 113 2
16 95 2
56 152 2
63 178 2
114 115 2
16 76 2
25 193 2
43 59 2
62 135 2
105 124 2
10 35 2
3 41 2
102 112 2
3 75 2
28 37 2
17 67 2
48 122 2
8 176 2
34 101 2
16 36 2
25 73 2
78 102 2
8 116 2
47 83 2
16 59 2
82 158 1
88 106 2
18 88 2
91 118 2
50 127 1
63 191 1
34 175 2
100 194 1
111 184 1
64 94 2
61 97 2
66 82 2
23 52 2
109 143 2
45 56 2
15 51 2
35 40 2
75 107 2
68 135 1
65 93 2
77 93 2
30 83 2
45 52 2
50 133 1
28 94 2
37 47 2
75 96 2
50 107 2
13 172 2
42 55 2
80 105 2
89 119 2
33 34 2
27 59 2
29 72 2
104 182 1
8 52 2
35 82 2
67 88 2
85 110 2
70 179 2
11 39 2
0 2 2
19 82 2
52 95 2
16 53 2
53 74 2
17 94 2
90 174 1
14 87 2
25 38 2
34 83 2
12 13 2
107 181 2
86 108 2
66 96 2
104 199 1
39 87 2
40 171 1
1 33 2
58 144 1
62 165 2
83 157 2
57 104 2
50 63 2
4 57 2
32 115 2
38 111 2
11 59 2
33 100 2
67 121 2
4 11 2
50 177 2
55 195 1
54 142 2
34 48 2
11 106 2
10 87 2
29 182 2
10 22 2
54 93 2
20 113 2
117 199 2
28 125 1
41 166 2
54 127 2
24 69 2
109 168 2
12 162 2
11 95 2
10 78 2
4 31 2
17 62 2
74 192 1
104 167 1
65 78 2
0 81 2
74 89 2
67 85 2
64 91 2
46 82 2
66 119 2
37 114 2
42 161 2
82 113 2
77 113 2
8 66 2
38 191 2
28 114 2
79 132 1
33 118 2
20 103 2
1 107 2
20 27 2
16 182 1
14 81 2
3 28 2
113 189 2
42 68 2
13 67 2
45 119 2
50 68 2
5 112 2
71 155 1
49 93 2
55 176 2
48 74 2
15 107 2
36 126 2
7 78 2
62 73 2
49 105 2
24 40 2
21 82 2
28 52 2
25 101 2
59 98 2
42 114 2
10 96 2
17 39 2
67 112 2
35 46 2
56 58 2
66 103 2
12 99 2
53 77 2
109 113 2
103 105 2
47 81 2
81 83 2
22 40 2
15 89 2
3 104 2
52 94 2
16 22 2
8 166 2
107 113 2
51 140 1
69 86 2
8 124 2
117 152 1
73 150 1
45 88 2
109 164 2
25 164 1
70 86 2
21 25 2
37 64 2
50 66 2
22 100 2
20 78 2
13 147 1
7 71 2
29 58 2
19 22 2
107 118 2
47 103 2
68 97 2
12 103 2
13 58 2
98 196 2
5 37 2
44 82 2
44 124 1
52 158 1
79 168 1
85 118 2
14 77 2
85 166 2
61 95 2
2 160 2
64 109 2
26 51 2
63 136 1
10 27 2
6 91 2
12 95 2
38 60 2
14 99 2
46 96 2
48 101 2
1 17 2
40 155 2
45 87 2
10 23 2
22 99 2
6 183 2
75 105 2
112 173 2
77 124 2
57 185 2
106 170 2
38 61 2
71 82 2
56 74 2
66 75 2
35 66 2
85 169 2
71 111 2
41 87 2
97 179 1
15 56 2
62 138 1
52 69 2
4 133 2
24 80 2
13 94 2
37 178 1
53 107 2
17 21 2
0 31 2
99 186 2
106 110 2
88 101 2
33 70 2
3 48 2
45 195 2
83 99 2
23 120 2
57 68 2
25 82 2
56 186 2
42 83 2
9 61 2
81 87 2
94 177 1
68 117 2
96 128 1
10 77 2
57 82 2
42 59 2
16 81 2
45 187 1
55 154 1
96 177 2
47 110 2
70 89 2
100 189 2
3 74 2
76 110 2
36 117 2
106 118 2
48 194 2
0 64 2
10 40 2
103 166 2
46 50 2
7 25 2
44 73 2
17 38 2
58 191 1
43 127 2
111 169 2
1 27 2
77 159 2
100 108 2
42 157 1
67 71 2
49 90 2
21 52 2
26 147 2
112 114 2
25 94 2
58 78 2
5 83 2
67 194 1
109 149 2
8 70 2
13 83 2
11 100 2
69 116 2
74 119 2
78 99 2
5 41 2
25 98 2
93 116 2
43 113 2
21 123 2
88 155 1
40 54 2
30 67 2
29 116 2
56 61 2
46 79 2
15 44 2
38 161 2
30 195 1
20 90 2
112 115 2
115 124 1
6 17 2
15 113 2
78 118 2
7 137 1
32 136 1
59 157 2
8 84 2
82 92 2
58 166 1
19 64 2
93 129 1
3 119 2
23 151 2
103 186 2
21 68 2
21 94 2
7 66 2
49 146 1
59 111 2
44 120 2
11 86 2
57 148 1
43 67 2
2 63 2
1 39 2
38 75 2
56 88 2
2 84 2
26 85 2
27 41 2
2 54 2
117 160 2
62 83 2
26 55 2
63 96 2
33 109 2
8 109 2
17 92 2
29 80 2
98 131 2
62 92 2
62 85 2
57 109 2
91 92 2
19 70 2
36 112 2
70 87 2
36 73 2
29 46 2
48 108 2
57 141 2
47 82 2
23 58 2
110 189 2
18 29 2
82 156 2
2 39 2
31 88 2
62 160 1
67 191 1
28 60 2
82 99 2
68 77 2
59 156 2
101 175 1
10 48 2
85 199 2
7 77 2
73 140 1
32 71 2
34 39 2
41 161 2
43 142 1
23 172 1
37 133 1
26 115 2
41 112 2
70 163 1
57 81 2
18 97 2
12 171 1
2 196 1
90 116 2
60 199 2
67 75 2
85 131 2
43 78 2
100 152 2
2 89 2
0 119 2
24 33 2
48 169 2
18 106 2
27 113 2
89 199 1
88 180 2
108 175 2
31 187 1
44 87 2
45 89 2
89 142 2
117 181 2
74 77 2
18 43 2
4 46 2
118 161 2
19 96 2
2 102 2
95 124 2
13 49 2
84 115 2
79 183 2
63 153 2
2 32 2
45 110 2
61 69 2
37 66 2
34 77 2
46 65 2
46 58 2
51 115 2
82 103 2
11 46 2
4 33 2
47 116 2
19 142 1
59 155 2
25 81 2
25 118 2
12 129 1
72 171 2
39 121 2
18 86 2
10 56 2
39 44 2
45 176 1
24 156 2
25 86 2
45 73 2
0 13 2
28 111 2
66 110 2
99 151 1
8 92 2
96 196 1
4 85 2
25 138 2
33 112 2
18 42 2
42 93 2
98 118 2
19 50 2
9 135 2
42 115 2
42 105 2
25 88 2
92 109 2
65 178 1
1 69 2
13 66 2
14 38 2
7 106 2
37 84 2
29 66 2
44 119 2
13 78 2
116 121 2
53 116 2
24 57 2
25 194 1
6 68 2
18 62 2
97 163 2
87 108 2
22 79 2
92 164 2
65 102 2
118 187 2
83 90 2
63 116 2
102 175 1
53 192 1
22 168 2
38 198 1
84 94 2
16 69 2
63 104 2
104 136 2
2 66 2
2 28 2
51 65 2
5 111 2
29 78 2
12 65 2
33 43 2
92 98 2
10 34 2
13 114 2
40 69 2
21 29 2
43 64 2
13 27 2
33 50 2
7 31 2
24 52 2
40 58 2
38 145 2
59 147 2
65 111 2
45 111 2
46 110 2
18 180 2
33 45 2
43 116 2
94 168 1
0 68 2
10 51 2
101 144 1
12 55 2
90 102 2
14 54 2
37 49 2
40 73 2
93 159 2
66 99 2
11 98 2
82 89 2
3 96 2
54 94 2
36 100 2
41 172 2
48 88 2
57 66 2
32 76 2
29 86 2
94 119 2
42 102 2
87 171 2
20 61 2
77 80 2
52 198 2
13 74 2
44 185 2
95 108 2
95 111 2
30 104 2
31 67 2
5 172 1
50 111 2
101 199 1
21 90 2
30 76 2
20 26 2
101 151 1
64 134 2
109 193 2
3 193 2
15 105 2
31 185 2
17 113 2
104 130 1
45 53 2
71 158 2
96 116 2
92 142 1
23 168 2
3 103 2
13 121 2
68 72 2
52 100 2
88 95 2
41 94 2
50 72 2
5 105 2
43 97 2
12 119 2
10 43 2
35 119 2
81 90 2
1 32 2
86 197 2
59 116 2
101 106 2
80 159 2
44 70 2
58 131 1
5 94 2
5 30 2
49 75 2
96 169 2
42 56 2
10 152 1
0 25 2
23 71 2
68 99 2
74 100 2
40 43 2
39 72 2
46 161 2
91 112 2
97 145 1
13 40 2
18 56 2
42 92 2
1 108 2
24 83 2
43 124 1
57 75 2
60 107 2
108 156 1
6 15 2
24 89 2
66 80 2
19 59 2
29 105 2
9 19 2
53 84 2
112 149 1
54 111 2
86 87 2
93 115 2
68 85 2
36 93 2
89 166 1
64 83 2
20 50 2
88 119 2
75 77 2
86 92 2
34 90 2
34 47 2
43 180 1
90 143 2
106 151 2
76 131 1
34 67 2
113 119 2
19 49 2
39 112 2
61 150 2
26 35 2
44 53 2
37 117 2
42 75 2
38 58 2
7 113 2
20 148 2
0 82 2
1 143 1
16 94 2
6 54 2
36 99 2
33 86 2
15 55 2
115 116 2
112 152 1
77 95 2
31 115 2
72 166 2
109 115 2
79 97 2
78 189 2
55 65 2
63 84 2
6 33 2
38 102 2
50 135 2
62 163 2
9 87 2
15 63 2
22 94 2
60 117 2
53 63 2
101 111 2
23 30 2
79 119 2
17 54 2
49 87 2
48 57 2
96 109 2
107 161 1
68 101 2
18 160 2
64 80 2
81 122 1
108 127 1
108 196 2
18 176 2
34 54 2
65 91 2
9 93 2
32 108 2
119 160 2
90 96 2
8 151 2
32 110 2
87 193 1
66 107 2
95 97 2
74 158 1
0 98 2
42 98 2
68 79 2
9 58 2
21 107 2
3 60 2
4 48 2
13 34 2
34 129 1
68 198 2
23 41 2
106 180 2
38 45 2
117 119 2
0 78 2
52 71 2
11 164 2
34 72 2
9 26 2
67 110 2
46 52 2
52 186 1
16 66 2
46 66 2
61 119 2
100 140 2
44 74 2
50 73 2
19 61 2
93 124 2
96 179 2
23 183 2
35 102 2
17 37 2
66 106 2
3 39 2
12 53 2
95 166 1
79 91 2
0 28 2
19 66 2
76 105 2
15 20 2
36 101 2
68 98 2
49 55 2
52 53 2
89 130 1
29 49 2
9 83 2
32 106 2
86 94 2
10 90 2
1 29 2
34 190 1
56 62 2
29 88 2
35 95 2
68 73 2
9 89 2
20 54 2
37 196 1
31 130 2
46 193 2
37 60 2
13 39 2
23 48 2
55 70 2
3 51 2
32 197 1
34 112 2
84 174 1
3 66 2
57 107 2
30 147 1
25 37 2
48 113 2
52 55 2
118 136 1
109 141 2
2 127 2
47 61 2
27 52 2
42 144 2
72 91 2
55 75 2
22 98 2
5 23 2
70 112 2
8 197 2
76 104 2
41 70 2
9 13 2
75 110 2
14 40 2
38 109 2
40 49 2
82 136 2
12 115 2
110 120 1
84 85 2
37 59 2
29 59 2
6 96 2
8 27 2
4 12 2
101 113 2
75 106 2
65 112 2
49 99 2
41 96 2
34 106 2
15 114 2
12 69 2
61 70 2
109 140 1
48 99 2
7 104 2
3 31 2
6 19 2
5 73 2
18 102 2
96 180 2
51 71 2
23 76 2
76 114 2
29 91 2
29 37 2
93 128 2
21 101 2
44 81 2
77 112 2
15 157 2
3 62 2
24 62 2
51 92 2
16 60 2
66 102 2
1 103 2
69 129 2
63 67 2
27 63 2
72 142 1
29 104 2
29 34 2
38 96 2
43 148 2
75 133 2
16 109 2
6 83 2
27 80 2
118 144 2
22 102 2
0 15 2
38 67 2
68 76 2
93 101 2
85 100 2
77 98 2
71 75 2
29 164 2
76 154 2
13 87 2
30 40 2
38 143 2
3 53 2
49 74 2
87 95 2
14 115 2
52 88 2
96 119 2
28 47 2
38 94 2
21 22 2
107 163 2
116 139 2
15 124 1
48 177 1
61 83 2
84 111 2
98 151 1
67 101 2
64 119 2
21 35 2
10 155 2
23 37 2
30 131 2
37 143 1
49 82 2
26 119 2
28 131 2
78 132 2
29 124 2
4 115 2
44 91 2
49 56 2
35 50 2
70 138 2
60 71 2
62 110 2
36 113 2
26 118 2
10 39 2
37 96 2
51 108 2
25 142 1
19 79 2
59 66 2
90 198 2
41 130 2
91 175 1
83 164 1
2 105 2
107 186 2
57 90 2
18 60 2
55 69 2
81 164 2
55 111 2
72 199 1
56 110 2
23 100 2
22 46 2
90 153 2
59 103 2
37 80 2
31 97 2
37 168 2
47 48 2
43 117 2
72 107 2
57 103 2
67 116 2
81 192 1
23 191 2
41 124 1
27 106 2
113 186 1
30 110 2
114 173 2
71 112 2
74 137 2
14 158 2
8 53 2
6 177 1
72 74 2
24 71 2
28 198 1
25 130 2
115 118 2
59 93 2
41 84 2
21 46 2
26 50 2
39 53 2
116 126 2
23 176 2
46 123 2
1 115 2
19 148 1
35 108 2
95 116 2
70 74 2
84 112 2
57 140 2
37 97 2
50 182 1
19 58 2
27 79 2
95 115 2
97 107 2
15 87 2
74 134 2
36 91 2
75 108 2
27 150 1
0 173 2
95 199 2
41 93 2
92 106 2
111 156 2
91 108 2
1 26 2
31 83 2
2 36 2
23 142 1
91 116 2
108 176 1
27 46 2
13 119 2
5 199 1
34 94 2
60 115 2
39 82 2
41 141 1
51 89 2
67 87 2
81 119 2
107 183 2
73 139 2
49 92 2
58 84 2
7 15 2
84 131 2
7 52 2
22 48 2
26 27 2
46 114 2
0 3 2
30 61 2
10 108 2
67 83 2
78 123 1
11 68 2
56 83 2
90 155 2
22 78 2
24 147 1
3 58 2
33 97 2
12 83 2
91 196 1
20 138 2
13 19 2
72 117 2
18 182 2
17 132 1
75 180 1
83 88 2
47 166 2
15 99 2
45 118 2
50 70 2
81 98 2
15 79 2
37 199 1
18 167 1
41 47 2
96 167 2
60 84 2
74 167 1
39 54 2
111 185 1
119 124 2
69 105 2
83 106 2
23 194 2
30 44 2
11 111 2
2 199 1
33 102 2
35 54 2
18 31 2
29 81 2
86 134 2
42 130 2
42 198 2
99 108 2
85 193 1
60 77 2
20 97 2
1 9 2
16 48 2
80 101 2
34 88 2
75 90 2
89 100 2
28 147 1
12 35 2
47 86 2
47 128 2
64 81 2
2 13 2
20 104 2
9 53 2
80 167 2
5 173 2
34 40 2
38 113 2
109 176 2
46 97 2
88 111 2
13 25 2
29 190 2
8 103 2
25 95 2
13 29 2
43 183 2
92 105 2
44 192 2
21 160 1
12 192 2
43 54 2
86 146 2
2 78 2
22 146 2
43 185 2
103 159 2
20 66 2
32 55 2
74 92 2
10 104 2
103 108 2
53 81 2
42 152 2
3 76 2
100 110 2
103 196 1
20 36 2
16 77 2
71 105 2
12 14 2
32 62 2
3 98 2
6 98 2
48 162 2
119 120 2
56 189 2
10 93 2
33 76 2
22 108 2
44 52 2
13 56 2
86 97 2
9 38 2
36 195 2
104 198 1
12 30 2
119 186 1
55 58 2
7 132 2
30 50 2
77 155 1
12 17 2
5 40 2
6 111 2
39 97 2
20 108 2
2 3 2
9 10 2
44 51 2
77 164 2
2 65 2
5 35 2
106 157 1
65 196 2
80 88 2
20 70 2
109 189 2
20 137 2
15 143 2
60 156 1
93 175 2
72 115 2
22 60 2
11 30 2
68 95 2
118 169 1
64 116 2
5 65 2
13 42 2
17 173 2
13 99 2
31 46 2
14 187 1
4 56 2
4 22 2
32 66 2
91 115 2
3 38 2
49 85 2
20 179 2
81 105 2
11 118 2
64 113 2
95 163 2
118 174 2
34 65 2
2 158 1
25 104 2
39 114 2
27 194 2
12 158 2
33 145 1
41 109 2
47 63 2
16 51 2
56 178 2
59 158 2
20 38 2
7 10 2
104 158 2
111 119 2
88 145 2
78 80 2
50 154 1
11 162 2
80 126 1
32 44 2
28 82 2
15 82 2
10 49 2
1 67 2
15 119 2
3 55 2
54 119 2
15 108 2
65 90 2
99 107 2
67 103 2
38 114 2
33 168 2
13 93 2
18 21 2
64 114 2
57 106 2
17 57 2
19 194 2
39 168 2
28 112 2
99 103 2
13 106 2
77 178 1
105 185 2
28 36 2
43 62 2
28 46 2
95 122 1
77 89 2
98 111 2
58 65 2
7 139 2
62 88 2
84 123 2
18 114 2
9 172 1
6 85 2
20 24 2
56 77 2
76 117 2
22 184 1
72 129 2
14 162 2
117 196 1
88 94 2
95 96 2
19 30 2
92 100 2
54 149 2
10 139 2
70 95 2
94 198 2
55 82 2
32 79 2
25 117 2
4 96 2
40 96 2
64 128 2
94 95 2
32 168 2
72 179 2
93 100 2
113 128 2
26 47 2
60 105 2
36 141 2
40 101 2
36 61 2
4 87 2
14 19 2
71 119 2
59 89 2
23 125 2
80 103 2
57 89 2
6 93 2
15 70 2
88 141 2
40 177 2
17 43 2
74 98 2
19 55 2
1 117 2
32 118 2
27 72 2
13 110 2
61 62 2
40 97 2
84 187 2
57 88 2
81 104 2
61 67 2
2 4 2
11 102 2
53 92 2
76 129 1
31 99 2
18 28 2
6 78 2
93 99 2
46 81 2
18 128 1
12 114 2
83 142 2
41 72 2
16 111 2
66 148 2
51 181 2
15 77 2
59 151 2
10 65 2
50 67 2
95 184 1
1 10 2
71 195 1
42 84 2
19 52 2
10 50 2
37 50 2
119 171 2
23 97 2
10 112 2
92 112 2
37 88 2
23 55 2
16 50 2
36 38 2
14 90 2
53 68 2
74 109 2
21 32 2
2 133 1
33 78 2
17 85 2
10 31 2
3 21 2
9 119 2
59 70 2
52 75 2
15 75 2
78 105 2
60 152 2
35 94 2
17 195 1
42 97 2
33 184 2
21 93 2
28 69 2
100 109 2
46 138 2
76 82 2
17 53 2
22 95 2
73 101 2
9 76 2
0 80 2
43 44 2
42 95 2
27 40 2
81 102 2
37 78 2
61 108 2
48 152 2
6 29 2
69 90 2
1 131 2
21 72 2
111 144 1
20 145 1
91 158 2
42 85 2
13 46 2
84 191 2
13 28 2
20 119 2
67 113 2
109 179 2
81 113 2
80 93 2
9 121 2
96 170 1
54 89 2
93 106 2
29 93 2
6 53 2
77 81 2
99 116 2
69 182 2
21 136 2
78 93 2
58 113 2
114 198 2
3 77 2
2 124 1
8 40 2
49 60 2
13 197 2
84 119 2
33 94 2
4 196 2
37 106 2
6 166 1
46 85 2
82 107 2
28 183 1
91 100 2
104 159 1
96 178 1
32 113 2
77 103 2
74 84 2
10 11 2
50 92 2
34 191 1
23 102 2
91 101 2
47 129 2
5 64 2
10 86 2
50 118 2
22 96 2
76 84 2
38 57 2
99 104 2
16 47 2
84 98 2
56 102 2
62 161 2
74 104 2
10 186 2
4 177 1
83 110 2
59 74 2
45 177 2
0 4 2
112 141 2
118 157 2
34 96 2
52 171 2
31 66 2
25 108 2
7 42 2
119 141 2
91 191 2
93 109 2
14 186 2
28 87 2
64 96 2
32 101 2
18 91 2
100 117 2
24 177 2
29 55 2
21 66 2
82 97 2
75 95 2
26 57 2
33 89 2
18 74 2
45 132 2
78 101 2
31 107 2
46 74 2
74 129 1
9 99 2
63 88 2
7 107 2
19 160 2
70 116 2
46 157 2
59 95 2
27 81 2
40 72 2
60 182 1
76 96 2
74 196 2
84 103 2
73 171 2
64 76 2
34 102 2
109 157 2
94 97 2
50 71 2
46 190 2
76 109 2
53 96 2
41 49 2
30 145 1
17 96 2
10 37 2
49 108 2
43 103 2
12 155 2
7 44 2
53 105 2
31 93 2
44 122 2
60 70 2
50 119 2
45 93 2
22 104 2
26 62 2
39 105 2
81 166 2
100 119 2
67 97 2
14 96 2
107 158 2
70 90 2
10 110 2
22 23 2
111 115 2
18 115 2
27 44 2
21 40 2
6 124 2
52 99 2
51 80 2
62 107 2
92 94 2
37 92 2
4 54 2
31 86 2
30 118 2
71 145 2
9 69 2
103 116 2
1 37 2
57 94 2
18 53 2
77 108 2
81 94 2
89 191 1
65 106 2
10 46 2
99 106 2
39 43 2
56 164 2
43 164 1
26 155 2
36 62 2
0 87 2
86 96 2
9 39 2
3 149 2
9 74 2
34 143 1
30 91 2
2 104 2
14 92 2
28 44 2
29 41 2
14 16 2
72 165 1
98 141 1
42 94 2
19 188 1
25 54 2
3 30 2
51 75 2
51 60 2
26 142 2
33 63 2
9 34 2
51 91 2
88 157 2
20 73 2
82 96 2
45 185 1
12 139 2
18 165 2
97 112 2
97 106 2
42 110 2
67 134 2
65 108 2
80 107 2
18 23 2
47 65 2
50 114 2
92 149 2
80 84 2
24 108 2
6 25 2
6 84 2
59 181 1
9 128 2
36 175 1
32 89 2
53 85 2
89 105 2
29 65 2
17 111 2
77 184 1
6 24 2
118 194 2
35 59 2
23 66 2
2 101 2
43 119 2
18 32 2
69 102 2
93 188 2
16 30 2
83 114 2
33 54 2
4 176 1
3 85 2
91 102 2
47 146 2
18 66 2
54 170 2
49 97 2
92 158 2
85 102 2
63 166 2
23 101 2
53 76 2
24 119 2
38 56 2
45 80 2
12 25 2
43 175 1
2 14 2
49 101 2
25 83 2
99 130 2
0 74 2
10 59 2
20 199 2
37 149 2
29 154 2
2 198 1
28 88 2
26 34 2
69 104 2
107 166 1
41 189 2
22 152 2
55 95 2
32 104 2
0 45 2
32 139 2
73 112 2
18 51 2
34 172 1
76 146 1
8 60 2
104 148 2
71 96 2
29 134 2
89 90 2
10 192 2
8 10 2
40 50 2
55 66 2
0 6 2
105 184 2
71 184 1
44 100 2
31 114 2
19 118 2
72 96 2
86 90 2
1 91 2
58 76 2
34 73 2
62 106 2
7 89 2
75 118 2
46 62 2
65 80 2
27 68 2
46 117 2
5 95 2
97 123 2
42 185 1
45 74 2
83 182 1
25 109 2
31 90 2
18 118 2
69 111 2
86 95 2
85 88 2
13 79 2
45 79 2
14 46 2
60 103 2
19 119 2
16 149 2
57 80 2
77 186 1
19 154 1
53 174 2
52 118 2
35 92 2
64 151 1
36 84 2
53 126 1
38 53 2
23 181 2
52 133 2
11 110 2
57 167 1
63 192 1
82 93 2
18 81 2
36 137 2
36 50 2
95 107 2
41 81 2
28 85 2
1 15 2
31 136 1
81 109 2
16 86 2
71 72 2
27 149 2
97 103 2
42 70 2
55 119 2
0 54 2
31 116 2
13 35 2
115 123 1
72 88 2
31 37 2
50 109 2
21 48 2
53 69 2
22 30 2
38 51 2
49 137 1
16 34 2
95 100 2
12 135 2
8 44 2
48 189 1
2 16 2
89 112 2
66 88 2
105 107 2
39 69 2
28 93 2
34 44 2
37 70 2
14 37 2
3 115 2
66 97 2
18 47 2
16 110 2
10 41 2
51 160 1
101 167 2
94 112 2
82 105 2
34 87 2
76 87 2
36 87 2
65 139 1
5 144 2
46 148 1
83 145 2
0 92 2
81 177 2
20 96 2
35 103 2
5 187 1
55 77 2
9 182 2
49 86 2
44 57 2
22 112 2
25 41 2
84 114 2
61 137 1
53 102 2
38 52 2
60 171 2
45 157 2
55 90 2
48 116 2
35 105 2
53 110 2
51 72 2
27 117 2
90 113 2
42 69 2
47 104 2
31 79 2
30 116 2
16 108 2
36 155 2
55 59 2
54 75 2
95 193 1
8 81 2
88 90 2
53 112 2
0 116 2
57 197 1
31 101 2
1 87 2
1 65 2
57 65 2
41 125 1
2 149 1
42 112 2
76 107 2
46 71 2
69 190 2
33 110 2
84 198 2
14 98 2
53 136 2
63 73 2
34 107 2
12 90 2
68 70 2
1 56 2
27 125 2
6 56 2
35 53 2
106 111 2
94 187 2
14 86 2
15 64 2
24 165 2
21 155 2
31 71 2
58 85 2
7 13 2
112 133 2
88 108 2
22 114 2
22 120 2
0 43 2
9 161 2
15 94 2
72 114 2
60 112 2
111 189 2
13 37 2
109 134 1
33 71 2
44 89 2
37 131 2
22 45 2
76 197 2
42 74 2
45 86 2
44 114 2
32 158 2
20 152 2
80 114 2
0 26 2
73 141 2
5 117 2
13 22 2
42 96 2
29 108 2
50 123 1
31 56 2
28 29 2
66 154 2
40 41 2
46 186 2
26 46 2
58 108 2
43 145 2
66 115 2
32 127 2
23 93 2
63 150 1
119 170 1
12 85 2
97 164 2
45 59 2
36 49 2
9 189 1
89 103 2
21 56 2
65 109 2
73 108 2
40 92 2
95 176 1
69 97 2
24 75 2
14 169 1
19 44 2
2 68 2
14 134 2
106 113 2
109 194 2
54 100 2
56 116 2
39 66 2
45 104 2
9 54 2
40 115 2
17 112 2
100 105 2
29 135 2
22 92 2
71 99 2
87 148 2
63 72 2
5 50 2
22 67 2
21 131 2
19 101 2
8 189 2
34 168 2
3 118 2
45 156 2
78 109 2
29 178 2
10 72 2
107 180 2
24 92 2
78 110 2
73 123 2
22 155 2
30 42 2
65 105 2
82 121 2
56 105 2
49 142 2
56 60 2
33 53 2
79 83 2
47 185 1
66 89 2
41 88 2
32 40 2
14 199 2
28 165 2
113 163 2
41 98 2
90 99 2
71 73 2
2 187 2
19 163 2
25 60 2
13 90 2
78 88 2
7 87 2
83 178 1
30 85 2
39 49 2
66 133 2
27 107 2
32 155 1
32 165 1
75 82 2
52 98 2
53 54 2
93 111 2
81 92 2
28 102 2
75 115 2
73 192 2
96 112 2
17 180 1
34 52 2
97 98 2
50 86 2
59 81 2
32 184 2
89 110 2
93 190 2
7 80 2
62 111 2
50 165 2
86 122 2
61 90 2
84 161 1
86 89 2
20 23 2
28 103 2
20 161 1
113 114 2
21 121 2
65 147 2
34 66 2
0 70 2
0 39 2
0 85 2
42 117 2
28 68 2
33 146 1
83 87 2
7 82 2
67 79 2
21 31 2
14 103 2
7 23 2
81 85 2
1 104 2
101 136 2
110 171 1
100 101 2
82 184 2
18 57 2
34 100 2
4 58 2
115 122 2
10 118 2
54 62 2
22 190 2
28 45 2
90 133 1
9 114 2
11 40 2
60 75 2
81 136 2
91 98 2
16 37 2
65 132 2
28 171 2
110 152 2
101 125 2
27 57 2
4 118 2
107 160 2
24 35 2
77 109 2
7 18 2
33 82 2
34 157 2
71 160 2
56 79 2
76 83 2
83 98 2
107 112 2
11 92 2
36 37 2
35 197 1
53 147 1
74 105 2
5 36 2
62 79 2
42 187 1
88 198 1
21 115 2
25 96 2
52 102 2
36 92 2
55 64 2
11 31 2
79 85 2
54 97 2
46 174 2
56 150 2
12 180 2
11 32 2
34 93 2
28 105 2
24 79 2
107 116 2
45 173 2
37 105 2
20 57 2
34 144 1
85 161 2
111 149 2
61 84 2
87 107 2
20 30 2
66 141 2
24 50 2
105 113 2
23 44 2
1 55 2
52 65 2
65 120 2
15 125 1
37 86 2
103 191 1
74 95 2
113 158 2
90 109 2
88 102 2
118 119 2
78 126 1
81 157 1
5 70 2
55 92 2
18 94 2
100 111 2
4 43 2
50 69 2
55 73 2
59 187 2
13 169 2
11 48 2
5 99 2
97 189 1
101 129 2
27 34 2
12 24 2
37 77 2
38 99 2
19 100 2
83 118 2
43 101 2
4 84 2
21 45 2
30 108 2
37 39 2
21 86 2
4 129 1
112 189 2
63 108 2
16 40 2
52 111 2
10 197 2
84 97 2
22 111 2
23 166 2
79 192 1
10 17 2
61 73 2
8 135 2
10 106 2
26 83 2
69 198 2
19 21 2
89 164 2
97 105 2
17 133 2
32 93 2
79 109 2
3 9 2
7 97 2
1 36 2
67 143 2
5 91 2
14 69 2
88 89 2
84 91 2
19 78 2
74 118 2
29 112 2
7 70 2
94 121 2
1 63 2
12 28 2
65 114 2
30 111 2
94 111 2
54 124 2
26 100 2
42 189 1
32 140 2
94 96 2
21 23 2
17 145 2
47 184 2
15 158 2
24 117 2
15 161 2
18 134 1
86 148 1
7 75 2
70 119 2
69 77 2
61 146 2
106 190 1
78 128 2
21 105 2
4 137 2
14 24 2
21 146 2
58 169 2
82 186 1
8 15 2
58 118 2
31 42 2
20 198 2
11 16 2
2 81 2
90 111 2
9 17 2
93 103 2
6 151 2
1 111 2
12 157 2
29 64 2
84 156 1
51 117 2
26 154 1
12 23 2
63 106 2
42 57 2
65 75 2
1 118 2
117 118 2
26 105 2
61 161 2
69 193 1
19 99 2
15 61 2
0 101 2
24 58 2
66 92 2
57 97 2
87 115 2
11 161 1
6 73 2
5 20 2
83 97 2
92 95 2
73 155 2
10 131 1
108 111 2
54 69 2
19 27 2
6 101 2
14 48 2
51 111 2
30 65 2
38 89 2
25 99 2
89 107 2
55 87 2
61 100 2
64 146 2
20 87 2
104 146 1
4 8 2
6 66 2
2 47 2
34 35 2
48 154 2
78 100 2
108 109 2
5 28 2
20 63 2
106 144 2
58 100 2
75 84 2
76 156 2
39 119 2
35 177 2
23 127 2
43 106 2
1 136 2
91 138 2
89 111 2
5 116 2
78 181 1
63 111 2
44 46 2
13 18 2
87 142 1
86 106 2
75 103 2
87 125 2
21 81 2
17 19 2
12 46 2
89 94 2
62 98 2
69 181 2
44 63 2
40 114 2
42 145 1
116 118 2
24 51 2
61 117 2
55 76 2
17 74 2
14 22 2
75 101 2
73 113 2
78 94 2
72 79 2
40 172 2
44 64 2
35 70 2
23 26 2
60 72 2
33 65 2
64 143 2
5 19 2
21 75 2
40 70 2
39 115 2
45 85 2
49 80 2
34 153 2
30 102 2
13 73 2
60 91 2
8 77 2
74 157 2
54 61 2
116 192 1
26 163 1
12 43 2
8 74 2
33 115 2
71 89 2
40 107 2
82 101 2
59 161 2
38 121 2
8 22 2
90 184 2
40 45 2
41 80 2
21 65 2
27 178 2
7 115 2
29 83 2
63 100 2
67 92 2
86 116 2
86 98 2
21 51 2
27 187 2
77 90 2
88 112 2
34 62 2
113 182 2
8 130 2
102 137 2
20 71 2
52 146 2
10 189 2
15 40 2
47 77 2
15 185 2
22 49 2
40 67 2
58 81 2
26 113 2
43 105 2
25 51 2
55 84 2
53 62 2
18 35 2
45 84 2
24 39 2
74 76 2
83 140 2
30 97 2
53 97 2
31 110 2
44 137 1
78 106 2
57 110 2
72 148 2
48 73 2
50 150 2
13 17 2
19 76 2
97 121 2
31 128 2
109 162 2
37 79 2
20 72 2
17 69 2
58 135 2
55 117 2
39 95 2
91 95 2
96 150 2
108 117 2
49 51 2
8 117 2
101 103 2
61 72 2
110 193 2
90 105 2
98 168 2
29 145 2
15 36 2
24 74 2
8 30 2
74 114 2
55 120 2
17 99 2
6 62 2
24 48 2
7 26 2
63 184 2
95 98 2
26 70 2
61 74 2
99 119 2
104 126 2
32 183 2
33 104 2
0 159 1
19 85 2
8 87 2
87 99 2
9 108 2
90 104 2
115 187 2
18 36 2
78 98 2
30 109 2
39 191 2
44 78 2
73 104 2
68 159 2
98 179 2
21 61 2
28 100 2
85 165 2
55 71 2
91 113 2
39 68 2
99 105 2
12 81 2
66 85 2
50 102 2
10 26 2
16 49 2
33 147 1
98 170 2
74 116 2
32 49 2
6 71 2
25 77 2
16 61 2
28 71 2
43 109 2
52 79 2
25 74 2
44 101 2
17 58 2
3 145 1
2 10 2
66 76 2
64 106 2
82 106 2
7 54 2
41 105 2
11 85 2
61 125 1
15 164 2
60 126 2
41 73 2
68 92 2
53 98 2
97 177 2
4 114 2
0 197 1
114 133 1
75 161 1
27 51 2
14 53 2
29 110 2
27 76 2
58 99 2
29 31 2
101 141 2
44 104 2
1 72 2
84 124 1
49 129 1
56 92 2
55 97 2
46 191 2
37 119 2
54 86 2
55 153 2
7 37 2
5 118 2
62 86 2
1 82 2
28 161 2
60 95 2
4 64 2
91 173 2
94 194 1
48 56 2
51 66 2
108 172 1
30 180 2
22 69 2
24 114 2
6 169 2
14 176 2
96 131 2
23 84 2
72 123 1
90 112 2
6 77 2
52 56 2
32 103 2
26 40 2
87 197 2
41 68 2
62 116 2
30 68 2
0 30 2
13 26 2
3 87 2
32 169 2
14 113 2
80 87 2
9 105 2
32 69 2
3 45 2
77 181 2
91 152 2
64 176 2
42 155 1
83 109 2
3 139 2
78 155 2
38 166 2
31 63 2
109 169 1
33 57 2
65 113 2
4 66 2
72 104 2
15 28 2
86 166 1
81 175 2
66 112 2
24 55 2
20 112 2
9 154 2
16 17 2
72 116 2
15 43 2
47 143 1
79 134 2
51 129 1
54 120 1
16 72 2
82 118 2
0 176 1
81 114 2
24 47 2
12 189 1
110 113 2
20 142 2
96 148 1
45 57 2
9 77 2
23 92 2
51 185 2
38 106 2
8 47 2
25 140 1
73 77 2
10 162 1
5 25 2
7 95 2
43 92 2
119 182 2
46 198 2
7 56 2
88 113 2
16 79 2
59 60 2
36 143 1
4 38 2
93 132 1
60 197 2
83 93 2
4 151 2
108 129 2
70 106 2
76 91 2
40 192 1
86 195 1
93 97 2
96 160 1
99 101 2
34 184 2
12 67 2
67 114 2
55 115 2
7 116 2
51 70 2
62 90 2
0 125 2
43 93 2
58 112 2
67 77 2
44 54 2
81 106 2
59 96 2
71 107 2
47 109 2
11 79 2
48 172 1
21 113 2
63 154 2
1 97 2
17 32 2
53 117 2
17 84 2
4 28 2
37 38 2
63 87 2
65 124 1
43 76 2
56 76 2
57 125 2
19 97 2
23 107 2
37 57 2
44 152 2
21 58 2
25 179 2
109 110 2
39 51 2
113 124 2
113 118 2
11 179 1
90 130 2
100 161 1
44 180 2
4 14 2
29 94 2
63 93 2
53 103 2
61 103 2
96 101 2
47 105 2
81 141 1
32 86 2
42 183 1
5 76 2
15 52 2
11 91 2
28 55 2
47 72 2
25 136 2
58 177 2
22 66 2
20 56 2
1 24 2
50 82 2
0 14 2
80 111 2
13 175 2
79 174 1
43 80 2
104 110 2
67 91 2
8 91 2
14 109 2
2 82 2
2 168 1
4 195 1
66 105 2
18 39 2
47 68 2
60 106 2
100 124 1
64 75 2
34 121 1
80 91 2
44 98 2
9 55 2
8 136 2
31 33 2
21 47 2
61 93 2
11 117 2
25 56 2
46 109 2
58 64 2
34 109 2
108 130 2
16 65 2
71 168 1
82 163 2
44 77 2
63 145 2
45 81 2
31 170 1
60 153 1
99 112 2
42 101 2
77 84 2
90 91 2
33 103 2
0 122 2
19 37 2
28 188 2
21 26 2
46 173 2
51 142 2
44 65 2
98 158 1
77 140 2
71 91 2
86 101 2
41 61 2
44 50 2
49 81 2
30 72 2
5 13 2
69 81 2
80 86 2
17 26 2
77 106 2
9 32 2
12 131 2
8 85 2
17 91 2
73 137 2
26 61 2
61 106 2
49 138 1
27 116 2
32 73 2
34 37 2
4 124 2
16 52 2
27 92 2
5 63 2
78 79 2
43 111 2
8 55 2
28 99 2
33 44 2
62 71 2
0 114 2
23 50 2
55 79 2
37 95 2
60 89 2
56 163 2
61 151 2
15 34 2
28 33 2
98 110 2
31 138 2
54 83 2
2 92 2
93 180 2
70 135 2
55 100 2
14 31 2
52 85 2
49 73 2
42 100 2
45 94 2
59 190 1
11 115 2
1 114 2
96 129 2
27 83 2
18 75 2
13 112 2
64 107 2
44 170 1
9 27 2
51 179 2
24 171 1
32 189 1
57 180 1
55 124 2
50 85 2
12 104 2
73 87 2
27 89 2
7 98 2
44 160 2
29 115 2
17 52 2
109 136 1
51 109 2
61 113 2
27 37 2
49 106 2
46 120 2
60 99 2
9 50 2
88 92 2
2 49 2
5 7 2
52 67 2
27 38 2
13 193 1
47 70 2
60 79 2
45 116 2
117 155 2
4 104 2
36 108 2
80 119 2
21 71 2
70 75 2
80 173 2
41 79 2
107 141 2
7 198 2
54 103 2
9 20 2
8 75 2
31 172 2
96 133 2
63 118 2
5 81 2
39 92 2
10 199 2
65 101 2
31 40 2
1 109 2
51 96 2
79 189 2
19 177 2
41 163 2
97 176 2
2 19 2
54 81 2
13 69 2
78 107 2
5 103 2
31 59 2
15 65 2
14 59 2
2 41 2
24 121 2
18 27 2
54 102 2
9 169 2
51 147 1
48 110 2
25 64 2
92 117 2
72 89 2
46 126 1
32 36 2
86 170 2
40 154 2
60 129 2
24 134 2
18 34 2
20 95 2
40 99 2
38 90 2
95 105 2
33 61 2
65 96 2
113 169 2
89 99 2
98 114 2
39 156 2
39 74 2
103 106 2
29 92 2
15 85 2
76 79 2
115 163 2
23 40 2
57 115 2
11 194 1
31 89 2
99 183 2
51 59 2
72 109 2
93 133 1
96 114 2
73 114 2
74 130 1
45 112 2
97 170 2
16 23 2
80 85 2
97 122 1
68 94 2
20 35 2
14 84 2
71 152 2
55 110 2
14 28 2
119 146 1
51 114 2
41 74 2
1 195 1
6 178 2
8 38 2
1 119 2
1 28 2
20 99 2
13 128 2
67 89 2
9 43 2
26 82 2
31 151 1
62 63 2
83 85 2
56 73 2
69 91 2
65 107 2
62 84 2
11 77 2
17 107 2
55 106 2
55 182 2
48 70 2
16 71 2
51 118 2
77 116 2
25 154 2
17 22 2
23 113 2
0 66 2
51 55 2
40 46 2
54 105 2
55 139 1
119 195 2
51 98 2
34 56 2
69 76 2
54 117 2
115 139 2
88 159 2
8 16 2
91 164 2
70 84 2
53 149 2
71 106 2
0 19 2
58 80 2
23 132 2
43 139 2
10 105 2
7 90 2
109 178 1
28 75 2
26 63 2
22 182 2
98 195 2
16 74 2
36 103 2
66 129 2
14 32 2
18 33 2
38 46 2
15 38 2
26 109 2
14 58 2
102 145 2
46 188 2
79 84 2
30 124 2
30 86 2
23 144 1
43 110 2
57 58 2
94 117 2
33 99 2
103 131 2
23 53 2
96 155 2
104 193 2
35 91 2
44 154 2
63 110 2
28 153 2
76 199 2
29 117 2
40 63 2
21 54 2
62 156 2
117 140 2
4 78 2
8 46 2
103 160 2
22 56 2
5 46 2
13 108 2
4 97 2
39 125 2
9 52 2
22 119 2
71 135 2
1 151 1
62 195 1
58 98 2
114 117 2
44 69 2
21 77 2
81 88 2
68 139 1
30 62 2
73 92 2
67 167 2
33 98 2
54 71 2
69 133 2
27 66 2
40 118 2
8 106 2
78 120 2
29 53 2
31 58 2
18 41 2
63 197 2
6 89 2
51 53 2
38 185 2
90 93 2
52 145 1
73 129 2
89 117 2
59 100 2
33 195 2
6 18 2
12 68 2
26 102 2
59 189 2
91 94 2
30 77 2
81 193 2
63 80 2
64 101 2
42 87 2
83 168 1
25 148 2
65 95 2
2 90 2
83 102 2
7 180 2
50 110 2
60 195 1
48 103 2
66 155 1
49 102 2
43 61 2
31 123 1
59 85 2
23 89 2
79 92 2
63 64 2
61 116 2
53 146 1
97 115 2
87 104 2
51 116 2
16 126 2
28 65 2
93 108 2
39 83 2
53 167 2
47 75 2
35 77 2
11 97 2
36 53 2
50 79 2
66 101 2
14 79 2
7 92 2
61 104 2
52 66 2
46 93 2
41 78 2
71 104 2
95 140 2
114 163 1
24 88 2
40 98 2
45 58 2
93 105 2
104 114 2
67 78 2
46 98 2
62 95 2
9 103 2
67 73 2
31 183 2
66 114 2
63 139 1
73 89 2
56 86 2
79 88 2
99 171 2
8 11 2
75 191 2
60 100 2
59 61 2
101 112 2
42 47 2
47 181 1
18 40 2
92 194 2
48 94 2
40 110 2
17 191 2
37 98 2
43 96 2
47 92 2
31 119 2
39 46 2
65 169 2
3 20 2
1 185 2
17 118 2
66 86 2
42 168 2
62 66 2
16 96 2
64 191 1
41 57 2
29 71 2
81 96 2
30 78 2
4 5 2
103 104 2
13 190 2
110 125 2
47 98 2
87 91 2
69 161 2
49 153 2
8 33 2
22 63 2
15 30 2
50 57 2
5 48 2
27 169 2
98 103 2
35 79 2
29 100 2
0 8 2
88 104 2
105 153 2
30 198 2
12 86 2
56 85 2
34 98 2
81 115 2
2 109 2
39 79 2
84 145 2
43 49 2
101 181 1
73 91 2
65 197 2
62 150 2
10 73 2
47 54 2
103 193 2
57 166 1
35 41 2
63 109 2
20 105 2
69 70 2
20 170 2
64 174 2
4 63 2
113 162 2
114 165 1
100 122 2
30 90 2
89 109 2
1 106 2
57 85 2
10 174 1
113 188 1
9 72 2
50 188 1
36 59 2
13 48 2
34 60 2
5 77 2
102 144 1
46 168 2
51 58 2
12 167 2
21 92 2
28 142 1
55 101 2
45 66 2
49 77 2
86 111 2
9 98 2
93 122 2
44 94 2
118 168 2
88 100 2
85 90 2
6 133 1
75 125 1
15 95 2
12 72 2
27 98 2
17 25 2
24 109 2
24 199 2
67 119 2
38 88 2
23 98 2
107 138 1
4 80 2
48 89 2
10 188 2
42 65 2
24 197 1
52 197 1
25 89 2
13 75 2
19 26 2
19 42 2
11 45 2
45 64 2
8 12 2
110 187 1
20 164 2
21 62 2
37 40 2
14 108 2
40 106 2
56 171 2
5 10 2
74 103 2
101 169 2
3 89 2
69 100 2
111 112 2
6 82 2
91 194 1
51 110 2
0 51 2
34 145 2
10 21 2
47 96 2
0 105 2
9 16 2
41 89 2
48 128 1
64 147 2
89 181 1
0 1 2
98 142 1
43 152 1
26 33 2
17 68 2
101 108 2
6 14 2
30 32 2
87 116 2
107 187 1
23 36 2
47 62 2
60 62 2
66 90 2
48 83 2
38 54 2
14 152 2
78 119 2
68 147 2
39 40 2
100 112 2
4 47 2
38 85 2
0 46 2
39 147 2
18 67 2
2 88 2
48 95 2
67 98 2
31 113 2
36 57 2
19 24 2
21 98 2
21 184 2
4 16 2
38 108 2
51 79 2
75 177 1
71 81 2
5 6 2
51 68 2
45 123 2
14 89 2
61 87 2
64 117 2
86 190 2
50 60 2
4 79 2
16 129 2
69 98 2
111 117 2
64 89 2
21 111 2
27 188 2
58 72 2
44 79 2
20 191 2
34 105 2
29 36 2
28 148 1
0 104 2
41 111 2
50 53 2
59 115 2
1 155 1
21 103 2
49 69 2
5 193 2
16 121 2
34 92 2
18 84 2
16 82 2
24 42 2
47 102 2
15 57 2
15 118 2
91 132 1
29 114 2
31 112 2
50 115 2
91 190 2
55 164 1
6 10 2
112 175 1
84 179 2
8 65 2
1 90 2
61 99 2
71 171 2
23 146 1
37 140 2
36 109 2
108 160 2
40 109 2
1 54 2
56 68 2
21 165 2
13 30 2
5 15 2
111 165 1
93 98 2
107 137 2
10 154 2
100 107 2
25 87 2
36 76 2
11 176 2
33 58 2
102 118 2
4 111 2
12 42 2
76 167 1
84 100 2
3 42 2
68 86 2
52 86 2
29 61 2
59 127 2
23 121 2
102 183 2
79 116 2
64 186 2
7 30 2
14 82 2
53 59 2
20 74 2
51 83 2
80 131 2
116 150 2
85 86 2
43 50 2
77 100 2
11 47 2
9 124 2
74 87 2
102 108 2
24 186 1
0 5 2
15 71 2
74 88 2
6 13 2
71 117 2
33 59 2
69 88 2
59 107 2
88 115 2
25 27 2
43 83 2
34 82 2
87 126 2
114 130 2
68 69 2
19 110 2
74 97 2
1 16 2
87 103 2
37 99 2
16 88 2
88 192 2
26 72 2
22 101 2
71 83 2
33 35 2
55 102 2
25 149 2
46 192 2
12 80 2
46 54 2
60 108 2
2 33 2
41 43 2
91 195 2
12 20 2
27 43 2
52 106 2
12 170 2
52 179 2
28 54 2
3 161 1
23 140 2
111 125 2
7 112 2
86 113 2
44 85 2
116 119 2
17 121 1
16 67 2
28 109 2
103 125 2
2 34 2
71 108 2
47 132 2
46 90 2
103 132 2
97 147 2
83 152 2
12 87 2
47 58 2
114 121 1
58 83 2
60 73 2
68 104 2
20 88 2
98 113 2
43 68 2
110 198 2
59 136 2
8 14 2
2 166 2
118 186 1
36 106 2
60 111 2
82 91 2
65 71 2
2 72 2
62 72 2
17 147 2
66 111 2
60 74 2
28 101 2
65 110 2
87 109 2
6 57 2
24 59 2
77 79 2
39 56 2
92 108 2
79 82 2
83 195 2
71 182 1
88 152 2
28 43 2
86 179 2
3 18 2
15 17 2
39 61 2
20 32 2
20 51 2
60 109 2
107 195 2
94 142 1
14 78 2
35 74 2
12 123 2
36 44 2
20 62 2
48 66 2
41 44 2
78 108 2
104 186 2
30 70 2
39 91 2
11 23 2
49 78 2
18 175 2
59 112 2
43 99 2
74 94 2
57 102 2
6 195 2
70 118 2
28 61 2
114 183 2
85 163 1
0 10 2
25 177 2
37 93 2
31 186 2
75 81 2
82 102 2
106 147 2
103 111 2
60 81 2
39 86 2
6 102 2
57 187 1
70 99 2
42 192 1
69 119 2
86 110 2
52 76 2
7 57 2
38 50 2
14 26 2
2 45 2
72 159 1
93 142 2
35 38 2
78 111 2
35 114 2
66 137 1
11 24 2
18 30 2
37 103 2
68 110 2
4 75 2
82 172 1
35 63 2
6 168 2
92 96 2
5 56 2
10 58 2
62 103 2
33 79 2
109 160 2
17 42 2
78 86 2
103 142 1
0 12 2
6 32 2
73 117 2
2 11 2
74 132 2
11 51 2
26 28 2
28 195 1
4 168 2
68 162 2
21 74 2
111 150 2
57 70 2
53 73 2
40 108 2
3 23 2
98 183 2
48 71 2
32 72 2
75 79 2
98 197 2
51 106 2
9 73 2
64 74 2
106 107 2
83 125 1
56 113 2
107 114 2
3 37 2
32 77 2
43 81 2
23 60 2
49 167 2
69 94 2
45 172 2
17 114 2
71 80 2
3 36 2
89 92 2
4 188 2
50 78 2
74 75 2
44 146 1
75 126 1
85 114 2
78 141 2
98 149 2
71 192 2
30 51 2
22 81 2
43 70 2
45 168 1
0 83 2
71 97 2
18 119 2
28 74 2
12 49 2
25 114 2
9 48 2
0 47 2
13 63 2
79 164 2
27 33 2
97 102 2
25 91 2
42 153 2
6 161 2
70 113 2
30 33 2
57 114 2
79 103 2
2 111 2
28 80 2
22 170 1
20 132 2
66 109 2
24 118 2
111 174 2
17 105 2
50 112 2
41 97 2
60 87 2
57 64 2
22 50 2
105 126 1
35 39 2
10 32 2
15 53 2
33 40 2
0 60 2
16 100 2
35 115 2
78 112 2
29 107 2
81 121 2
5 176 2
25 161 2
87 130 1
12 52 2
76 86 2
88 107 2
102 139 1
46 80 2
35 83 2
50 90 2
0 95 2
5 62 2
53 93 2
102 192 2
51 188 2
104 106 2
5 138 2
30 66 2
33 87 2
32 50 2
52 70 2
8 93 2
17 149 2
34 170 2
98 102 2
72 141 1
45 108 2
12 48 2
2 165 2
43 115 2
16 87 2
44 118 2
18 73 2
60 80 2
22 27 2
60 113 2
0 161 1
70 128 2
45 102 2
52 90 2
20 45 2
83 94 2
114 166 2
85 148 1
20 80 2
23 82 2
25 29 2
24 32 2
103 169 1
102 159 2
53 101 2
83 100 2
9 18 2
75 87 2
44 48 2
96 125 2
70 191 2
15 167 2
33 117 2
5 93 2
0 97 2
112 178 2
73 98 2
97 101 2
7 86 2
55 190 1
50 174 2
89 95 2
37 82 2
6 185 1
2 146 1
100 199 1
38 39 2
27 119 2
24 27 2
96 163 1
69 96 2
1 95 2
105 157 1
32 47 2
10 42 2
62 188 2
47 53 2
46 165 1
6 80 2
1 18 2
72 95 2
1 13 2
17 48 2
26 96 2
41 77 2
101 196 2
52 96 2
76 141 2
47 73 2
18 146 1
82 95 2
70 109 2
99 109 2
26 43 2
21 30 2
18 104 2
20 33 2
52 116 2
21 138 1
49 113 2
25 124 1
30 94 2
73 115 2
58 63 2
26 69 2
12 89 2
79 101 2
6 47 2
23 38 2
119 145 1
32 57 2
1 79 2
11 142 2
64 73 2
58 148 2
28 79 2
110 114 2
45 55 2
32 45 2
109 120 1
57 87 2
20 59 2
7 195 1
10 187 2
62 124 1
79 165 1
68 152 2
7 19 2
40 51 2
97 100 2
16 18 2
43 73 2
2 55 2
10 74 2
65 103 2
116 146 1
18 194 2
92 125 2
62 78 2
70 111 2
89 176 2
0 36 2
64 173 1
24 76 2
11 15 2
15 102 2
73 110 2
83 155 2
12 100 2
22 117 2
52 97 2
32 35 2
78 197 1
60 161 1
46 87 2
57 112 2
118 184 1
101 192 1
72 85 2
78 91 2
54 107 2
104 135 1
13 71 2
74 86 2
13 21 2
28 41 2
29 40 2
46 170 1
106 159 2
111 183 2
22 61 2
6 26 2
59 76 2
72 82 2
34 169 2
0 29 2
0 65 2
112 144 2
24 105 2
79 100 2
79 126 1
22 53 2
39 96 2
15 41 2
77 105 2
40 129 2
61 75 2
10 80 2
51 141 2
10 114 2
25 116 2
61 107 2
15 58 2
43 102 2
27 114 2
22 68 2
55 91 2
119 159 2
14 52 2
17 34 2
8 41 2
13 57 2
108 119 2
41 76 2
14 102 2
40 79 2
26 134 1
32 182 2
58 130 2
29 196 2
72 93 2
80 83 2
83 188 2
9 190 2
72 172 1
56 66 2
84 162 1
4 159 2
95 102 2
16 107 2
13 36 2
70 148 1
7 88 2
37 56 2
41 167 2
30 107 2
23 74 2
105 140 2
29 68 2
4 102 2
105 167 1
66 87 2
24 164 1
40 119 2
92 118 2
54 133 1
1 42 2
29 96 2
43 58 2
46 101 2
16 21 2
43 94 2
56 138 1
111 199 1
23 106 2
0 182 2
114 188 2
90 140 2
84 86 2
101 116 2
3 107 2
44 97 2
92 181 1
12 44 2
81 128 2
97 199 2
3 64 2
117 142 1
57 60 2
34 130 1
72 98 2
29 39 2
9 168 2
35 156 2
73 175 2
32 193 2
12 148 2
34 41 2
40 76 2
42 86 2
48 77 2
57 105 2
26 112 2
10 88 2
45 76 2
29 52 2
7 50 2
78 162 2
12 175 1
19 112 2
99 111 2
34 95 2
52 92 2
16 73 2
48 180 1
96 97 2
90 115 2
39 173 2
21 106 2
17 46 2
46 194 2
56 104 2
84 105 2
87 119 2
14 107 2
76 100 2
6 44 2
25 84 2
1 80 2
2 112 2
78 116 2
65 116 2
8 169 2
51 171 2
78 89 2
17 104 2
9 84 2
94 118 2
113 138 2
76 144 2
45 103 2
77 125 2
33 41 2
37 177 2
24 100 2
9 24 2
35 113 2
100 172 2
0 55 2
33 179 1
53 99 2
102 151 2
22 28 2
20 84 2
84 93 2
8 48 2
55 56 2
94 98 2
43 86 2
40 116 2
46 169 2
90 124 2
110 143 2
4 44 2
84 96 2
45 65 2
27 145 1
60 88 2
2 180 2
27 104 2
78 125 1
58 75 2
25 105 2
46 102 2
8 17 2
37 91 2
75 102 2
23 137 2
38 73 2
10 30 2
70 71 2
2 43 2
31 72 2
52 134 2
40 66 2
61 78 2
15 123 2
86 117 2
23 96 2
75 94 2
23 114 2
105 114 2
42 61 2
12 64 2
111 153 2
104 195 1
3 59 2
2 27 2
82 100 2
64 160 2
3 5 2
67 96 2
27 47 2
57 71 2
99 187 1
6 22 2
28 108 2
26 53 2
107 171 1
38 82 2
80 149 1
0 132 1
78 115 2
10 95 2
18 112 2
42 166 2
0 44 2
22 116 2
21 44 2
96 189 2
27 184 1
73 185 1
10 67 2
96 99 2
101 104 2
57 178 2
27 166 2
36 139 1
95 186 2
37 58 2
25 40 2
59 197 2
57 119 2
44 148 2
54 92 2
118 147 2
66 177 2
22 41 2
39 176 2
70 182 1
80 102 2
58 88 2
69 109 2
69 132 2
86 104 2
28 152 2
10 101 2
95 153 2
62 104 2
30 115 2
32 90 2
61 111 2
36 105 2
23 109 2
3 32 2
89 194 2
55 78 2
40 59 2
103 133 1
68 107 2
33 77 2
32 68 2
4 37 2
4 183 2
74 190 2
62 100 2
59 102 2
4 83 2
87 118 2
1 152 2
108 122 2
17 90 2
10 79 2
31 98 2
99 190 1
2 9 2
17 35 2
68 108 2
30 37 2
55 185 2
55 85 2
75 113 2
36 187 2
41 133 2
89 128 2
73 79 2
35 111 2
62 101 2
4 112 2
67 188 2
5 189 2
37 157 2
11 103 2
5 157 2
19 72 2
15 96 2
19 104 2
55 57 2
73 125 1
30 163 2
3 80 2
33 163 2
12 159 1
5 22 2
8 100 2
34 53 2
8 23 2
19 46 2
24 67 2
70 85 2
43 79 2
58 95 2
49 54 2
54 187 2
99 199 2
22 147 2
70 142 2
88 103 2
19 29 2
59 174 2
66 120 2
59 75 2
77 82 2
40 152 2
54 73 2
24 26 2
98 176 2
8 18 2
35 155 2
33 101 2
63 68 2
85 93 2
41 92 2
96 194 2
22 75 2
43 66 2
110 121 2
26 92 2
38 103 2
33 69 2
73 180 2
65 98 2
1 101 2
108 147 1
96 191 2
58 74 2
43 56 2
75 80 2
21 36 2
25 110 2
10 183 2
1 49 2
0 52 2
27 108 2
63 143 2
63 91 2
68 114 2
67 131 1
31 165 1
35 49 2
12 91 2
23 69 2
52 112 2
31 76 2
48 80 2
82 127 1
42 54 2
16 70 2
90 178 2
98 144 2
70 76 2
27 182 2
56 80 2
60 139 2
58 71 2
8 88 2
52 78 2
68 84 2
36 65 2
18 127 1
50 105 2
27 85 2
4 122 1
4 199 1
35 181 2
41 116 2
72 99 2
78 84 2
67 148 1
38 97 2
69 173 1
30 95 2
10 191 2
43 60 2
10 12 2
44 71 2
28 48 2
98 132 2
93 94 2
89 171 2
12 37 2
40 78 2
40 140 2
43 195 1
2 64 2
104 194 2
97 184 1
24 29 2
8 110 2
18 72 2
90 136 2
77 96 2
104 197 1
29 98 2
64 98 2
29 67 2
33 80 2
21 132 2
17 63 2
14 128 2
119 134 2
54 88 2
14 110 2
18 26 2
0 110 2
5 66 2
108 143 2
81 190 1
7 111 2
32 114 2
20 91 2
105 117 2
4 49 2
106 124 2
38 128 1
36 56 2
9 59 2
12 124 2
60 172 2
58 61 2
68 124 2
111 139 2
85 147 2
24 63 2
92 186 2
29 171 2
72 164 1
104 109 2
20 189 2
59 159 2
49 62 2
80 117 2
99 131 2
74 115 2
6 97 2
13 111 2
23 57 2
90 103 2
101 109 2
51 158 2
79 96 2
66 71 2
2 61 2
51 164 1
55 107 2
25 35 2
83 141 1
41 175 2
72 86 2
93 196 2
54 143 2
35 84 2
91 140 2
17 139 2
7 73 2
75 173 1
4 100 2
83 174 2
33 121 1
74 180 2
91 141 2
25 30 2
53 88 2
3 34 2
34 79 2
105 154 1
105 109 2
41 46 2
85 113 2
11 185 2
108 188 2
22 163 1
72 100 2
17 56 2
1 43 2
41 42 2
51 88 2
86 152 2
65 136 2
70 173 2
0 152 1
7 153 1
89 143 2
3 81 2
25 137 2
3 67 2
50 117 2
16 78 2
21 64 2
15 26 2
54 63 2
24 184 2
2 15 2
31 163 2
75 104 2
98 185 2
62 93 2
101 118 2
3 99 2
89 96 2
27 99 2
110 160 1
2 48 2
39 52 2
114 178 2
40 156 2
36 118 2
38 49 2
24 144 2
66 72 2
6 106 2
0 103 2
31 48 2
102 119 2
31 126 2
9 67 2
55 74 2
26 29 2
17 66 2
115 154 2
19 83 2
22 42 2
6 7 2
38 112 2
76 106 2
31 61 2
28 62 2
18 80 2
36 88 2
17 119 2
68 102 2
22 74 2
7 169 2
38 76 2
59 191 2
14 119 2
39 129 2
2 30 2
1 62 2
30 56 2
15 78 2
18 154 2
65 97 2
58 70 2
44 115 2
64 125 1
24 90 2
45 70 2
28 73 2
75 89 2
57 101 2
21 126 1
11 28 2
61 192 2
22 36 2
14 49 2
31 85 2
57 72 2
107 156 2
95 106 2
110 156 2
10 98 2
105 110 2
10 54 2
97 129 1
8 90 2
4 61 2
21 41 2
20 53 2
82 179 2
70 188 2
14 190 2
5 27 2
43 95 2
7 11 2
88 199 2
49 128 1
50 88 2
22 32 2
38 84 2
99 115 2
63 99 2
45 113 2
9 79 2
48 54 2
74 91 2
83 92 2
65 128 1
36 184 2
95 198 2
41 115 2
76 97 2
60 67 2
62 76 2
25 97 2
47 85 2
43 118 2
43 132 2
97 108 2
54 55 2
16 117 2
32 95 2
18 113 2
54 168 1
43 168 1
27 136 1
104 118 2
108 110 2
40 71 2
81 110 2
67 111 2
18 76 2
12 75 2
98 107 2
40 82 2
69 143 2
117 133 2
47 115 2
6 190 2
107 121 2
25 196 2
55 109 2
57 61 2
13 101 2
85 107 2
28 126 2
62 69 2
5 59 2
42 180 2
0 27 2
35 93 2
24 94 2
40 65 2
76 95 2
84 140 1
5 82 2
54 67 2
1 98 2
25 107 2
9 51 2
9 65 2
2 106 2
22 72 2
22 130 2
4 74 2
84 113 2
104 120 2
11 64 2
26 73 2
69 118 2
16 114 2
39 162 2
19 116 2
16 80 2
94 100 2
61 86 2
33 48 2
58 91 2
49 155 2
32 39 2
24 139 2
9 62 2
8 82 2
19 32 2
16 146 1
38 55 2
70 146 2
19 179 2
48 107 2
101 117 2
37 123 2
19 60 2
72 158 2
56 179 2
108 128 1
12 45 2
67 124 2
108 115 2
3 27 2
29 109 2
45 50 2
40 56 2
16 99 2
29 74 2
22 91 2
15 37 2
85 98 2
0 11 2
71 129 2
24 115 2
71 143 2
10 44 2
83 86 2
21 37 2
102 110 2
19 75 2
68 80 2
27 112 2
45 98 2
13 31 2
16 44 2
34 131 1
36 74 2
38 116 2
63 71 2
34 59 2
20 85 2
42 143 1
80 95 2
28 40 2
119 179 2
8 83 2
100 167 1
110 123 2
109 142 1
117 151 1
42 159 1
89 108 2
52 84 2
54 60 2
70 103 2
6 171 2
31 82 2
8 96 2
86 167 2
18 98 2
17 20 2
7 17 2
22 37 2
87 124 2
27 126 2
64 88 2
10 14 2
27 197 1
73 82 2
47 93 2
65 94 2
40 190 2
53 125 1
8 114 2
14 34 2
19 147 2
23 81 2
61 63 2
23 43 2
88 172 2
25 65 2
10 147 1
0 69 2
21 24 2
58 82 2
41 104 2
11 62 2
11 26 2
32 179 1
23 28 2
48 190 2
50 156 2
45 101 2
92 137 1
11 83 2
22 57 2
47 91 2
61 109 2
8 32 2
64 65 2
47 156 2
36 156 2
2 35 2
101 145 2
10 173 2
9 71 2
76 78 2
50 129 1
20 100 2
101 115 2
119 166 2
41 139 2
20 64 2
51 56 2
27 91 2
48 49 2
0 62 2
31 118 2
67 76 2
64 67 2
30 52 2
23 157 1
87 114 2
58 96 2
0 38 2
64 198 2
22 80 2
78 103 2
62 119 2
20 117 2
62 80 2
18 170 2
67 94 2
30 57 2
111 118 2
46 84 2
10 82 2
53 80 2
95 137 2
8 71 2
12 154 1
26 41 2
2 74 2
25 92 2
87 101 2
17 49 2
25 79 2
75 85 2
36 51 2
32 154 1
26 167 1
113 183 1
6 38 2
19 93 2
42 67 2
11 22 2
69 101 2
44 121 1
44 111 2
13 97 2
21 91 2
40 102 2
55 129 2
117 194 2
54 139 2
57 98 2
67 118 2
32 87 2
56 100 2
5 14 2
42 142 2
7 22 2
16 112 2
41 117 2
11 169 2
3 65 2
27 71 2
95 134 1
5 110 2
55 94 2
26 148 2
14 67 2
59 185 2
36 85 2
3 111 2
83 156 2
44 49 2
11 80 2
51 74 2
105 174 2
30 69 2
63 70 2
107 109 2
65 149 1
13 163 1
38 87 2
98 184 1
8 76 2
46 67 2
69 174 1
117 127 2
86 102 2
38 41 2
74 110 2
6 74 2
39 85 2
33 36 2
1 46 2
20 106 2
15 177 2
11 145 2
50 175 2
13 54 2
29 118 2
2 29 2
12 59 2
47 67 2
63 92 2
104 119 2
50 56 2
56 81 2
37 81 2
59 114 2
35 147 2
1 113 2
73 198 2
9 164 2
84 133 2
12 56 2
21 109 2
30 73 2
28 42 2
6 42 2
18 19 2
38 181 2
36 48 2
52 138 2
18 58 2
93 104 2
52 110 2
88 126 1
19 95 2
79 149 2
72 75 2
11 12 2
39 89 2
69 126 2
33 39 2
15 25 2
8 107 2
40 128 1
53 197 2
21 169 2
108 149 1
34 71 2
65 83 2
19 31 2
73 95 2
63 86 2
104 191 2
6 46 2
60 104 2
98 115 2
33 142 2
45 117 2
8 127 2
57 117 2
24 65 2
30 48 2
87 123 2
45 61 2
30 126 1
52 74 2
101 187 2
1 60 2
73 102 2
93 110 2
86 118 2
92 165 2
20 155 2
29 38 2
9 40 2
2 60 2
41 148 2
92 101 2
20 92 2
35 52 2
99 168 1
28 113 2
116 191 1
48 53 2
106 140 2
35 44 2
42 89 2
46 105 2
75 155 2
4 77 2
47 117 2
66 146 1
7 34 2
27 101 2
47 137 2
85 152 2
2 143 2
2 100 2
35 101 2
35 153 2
37 108 2
27 163 1
87 131 2
39 99 2
5 74 2
71 118 2
29 169 2
115 132 1
42 99 2
16 42 2
3 155 2
23 72 2
92 114 2
84 88 2
28 78 2
15 66 2
39 180 2
116 124 1
99 177 1
59 109 2
0 195 1
74 107 2
78 163 1
91 99 2
70 117 2
19 174 2
103 127 1
77 183 2
78 92 2
42 71 2
28 97 2
19 73 2
9 97 2
10 89 2
14 75 2
19 106 2
71 125 2
18 20 2
107 115 2
28 59 2
22 52 2
96 142 1
98 174 1
33 92 2
30 46 2
1 50 2
66 108 2
5 147 1
17 88 2
50 108 2
4 86 2
24 181 1
60 193 2
45 114 2
11 87 2
21 60 2
49 84 2
14 114 2
70 78 2
15 23 2
15 103 2
93 96 2
44 190 2
4 39 2
47 55 2
61 64 2
70 82 2
21 170 2
59 104 2
37 69 2
75 109 2
36 89 2
83 113 2
70 105 2
76 119 2
105 112 2
24 44 2
64 187 2
3 71 2
40 74 2
52 119 2
9 137 1
30 98 2
35 166 1
8 34 2
7 119 2
88 118 2
10 195 2
43 169 2
51 54 2
73 179 1
118 173 1
52 82 2
115 156 2
25 190 2
4 82 2
20 86 2
32 46 2
16 28 2
16 115 2
94 124 2
0 109 2
33 46 2
55 121 1
76 80 2
72 196 2
68 149 2
18 46 2
52 89 2
25 152 2
32 132 2
2 107 2
76 111 2
3 84 2
67 108 2
10 111 2
119 173 2
85 101 2
25 28 2
3 33 2
38 155 2
77 117 2
29 32 2
54 96 2
26 90 2
50 95 2
25 42 2
7 189 1
5 78 2
59 119 2
64 95 2
14 118 2
45 69 2
3 92 2
84 90 2
11 35 2
55 62 2
3 93 2
8 98 2
47 57 2
114 159 1
8 119 2
31 41 2
23 108 2
95 109 2
97 109 2
21 108 2
53 91 2
7 67 2
64 195 2
27 86 2
117 179 2
27 173 1
16 104 2
55 72 2
38 77 2
8 89 2
52 105 2
73 81 2
8 194 1
48 79 2
65 73 2
102 103 2
116 135 1
26 74 2
66 95 2
53 142 1
11 17 2
83 161 2
63 94 2
59 68 2
79 162 1
28 90 2
74 93 2
10 117 2
1 122 2
55 148 2
3 163 1
24 110 2
80 108 2
3 83 2
59 90 2
58 162 2
0 53 2
38 105 2
68 194 2
15 109 2
35 174 1
80 92 2
7 29 2
96 118 2
7 49 2
10 109 2
68 163 1
23 185 1
33 91 2
16 35 2
51 63 2
27 109 2
21 42 2
40 75 2
17 60 2
25 63 2
65 86 2
42 43 2
72 78 2
72 106 2
106 112 2
80 109 2
9 70 2
18 68 2
49 122 2
86 165 1
54 195 1
74 151 2
45 78 2
32 112 2
32 85 2
80 175 2
69 84 2
2 118 2
3 174 2
14 15 2
81 86 2
65 198 2
87 94 2
48 97 2
59 106 2
3 12 2
74 111 2
18 44 2
106 108 2
103 113 2
110 118 2
33 96 2
18 45 2
18 95 2
33 73 2
85 138 2
48 106 2
43 136 2
78 168 2
25 198 2
13 47 2
29 62 2
57 182 2
101 119 2
18 78 2
58 59 2
85 96 2
67 106 2
46 73 2
82 109 2
41 82 2
1 6 2
16 92 2
8 29 2
0 56 2
28 145 2
54 98 2
69 75 2
28 35 2
54 163 2
106 119 2
43 114 2
14 106 2
53 61 2
103 168 2
96 104 2
17 117 2
109 122 2
110 179 2
18 61 2
2 58 2
93 181 2
5 85 2
60 154 2
50 155 2
27 157 2
49 197 1
68 178 2
39 67 2
3 43 2
19 28 2
112 122 2
6 41 2
12 39 2
72 137 1
62 99 2
36 180 2
65 177 2
6 99 2
6 179 2
14 159 1
20 168 2
40 52 2
71 93 2
6 36 2
2 5 2
100 160 2
93 198 1
8 37 2
13 171 2
19 20 2
30 55 2
7 96 2
29 113 2
61 85 2
14 66 2
18 197 2
52 152 2
26 94 2
112 118 2
99 110 2
81 101 2
88 134 1
17 182 2
49 111 2
8 25 2
53 140 1
4 34 2
83 95 2
3 8 2
25 90 2
35 67 2
76 103 2
17 72 2
12 182 2
44 113 2
5 12 2
73 165 2
35 126 1
73 75 2
14 88 2
1 192 2
118 127 2
8 13 2
38 195 2
27 105 2
56 158 2
92 133 2
23 78 2
1 105 2
11 54 2
25 185 2
91 176 1
10 130 2
40 85 2
10 151 2
67 115 2
68 130 2
25 111 2
7 102 2
48 114 2
38 71 2
2 116 2
80 89 2
16 41 2
109 175 2
23 35 2
26 71 2
42 90 2
27 94 2
18 93 2
39 118 2
60 151 1
49 59 2
4 116 2
26 103 2
26 48 2
12 134 2
48 55 2
34 50 2
66 93 2
54 58 2
105 198 2
12 73 2
13 65 2
59 80 2
17 82 2
14 74 2
13 149 2
60 184 1
5 39 2
11 76 2
94 108 2
104 111 2
21 63 2
92 110 2
78 95 2
48 62 2
65 79 2
29 163 1
23 75 2
11 36 2
65 144 2
48 51 2
21 33 2
57 78 2
99 149 2
47 59 2
87 144 1
63 164 2
30 160 1
47 78 2
31 52 2
30 191 2
62 68 2
82 177 2
102 176 1
81 95 2
41 69 2
48 111 2
23 94 2
50 83 2
73 97 2
24 60 2
47 135 2
92 93 2
7 94 2
14 29 2
110 158 1
9 180 1
15 88 2
91 111 2
11 14 2
3 171 1
7 8 2
31 194 2
114 156 2
4 101 2
50 168 1
17 18 2
68 89 2
4 50 2
15 16 2
66 73 2
46 111 2
11 184 1
63 102 2
1 102 2
91 146 1
8 39 2
51 62 2
27 74 2
32 102 2
38 135 2
14 20 2
14 63 2
95 147 2
1 59 2
65 68 2
10 148 1
31 106 2
31 92 2
84 132 1
26 88 2
63 120 2
114 190 2
38 43 2
66 91 2
2 50 2
43 107 2
38 134 1
10 136 1
30 179 1
91 93 2
71 98 2
63 85 2
45 97 2
20 116 2
79 87 2
105 162 1
19 140 2
50 80 2
34 43 2
17 41 2
21 162 2
57 83 2
7 103 2
84 164 2
101 166 1
21 110 2
2 52 2
8 172 2
113 181 2
105 119 2
32 147 1
52 93 2
23 33 2
17 106 2
36 75 2
43 90 2
27 93 2
18 105 2
25 52 2
24 86 2
15 86 2
16 24 2
15 27 2
5 54 2
21 116 2
26 54 2
100 163 1
11 73 2
16 20 2
50 159 1
76 113 2
28 180 1
32 84 2
21 38 2
28 133 2
62 94 2
59 63 2
22 109 2
39 101 2
32 92 2
21 84 2
7 81 2
89 196 2
36 102 2
59 117 2
18 181 2
0 24 2
36 77 2
71 94 2
2 94 2
61 102 2
118 167 1
65 89 2
92 185 2
59 77 2
71 178 2
70 132 2
20 76 2
108 116 2
1 44 2
2 192 1
7 33 2
100 106 2
69 199 1
40 86 2
17 47 2
67 68 2
2 31 2
23 25 2
11 105 2
97 160 2
112 191 2
39 149 1
48 61 2
16 148 2
12 50 2
58 106 2
65 70 2
59 64 2
81 100 2
62 75 2
36 68 2
71 116 2
63 176 2
61 114 2
115 117 2
45 194 2
53 173 2
41 48 2
3 102 2
14 33 2
11 177 1
109 111 2
32 81 2
48 112 2
78 177 1
42 44 2
1 41 2
9 85 2
5 153 2
91 181 2
67 72 2
12 92 2
25 70 2
28 51 2
49 67 2
4 130 2
5 90 2
95 177 2
63 148 2
111 114 2
89 116 2
1 20 2
18 55 2
42 109 2
9 64 2
61 143 1
103 137 2
69 186 2
27 115 2
60 168 1
77 87 2
4 35 2
0 48 2
52 199 2
37 68 2
20 111 2
33 119 2
63 183 2
3 26 2
0 16 2
90 152 1
27 67 2
49 104 2
12 22 2
11 25 2
12 78 2
102 113 2
76 185 1
8 42 2
6 31 2
5 8 2
114 118 2
3 24 2
19 175 2
56 109 2
32 173 2
108 197 1
6 55 2
70 129 1
43 71 2
36 153 1
6 34 2
10 159 2
71 74 2
31 47 2
37 126 2
73 80 2
27 69 2
55 197 2
2 79 2
10 100 2
101 128 1
48 68 2
10 81 2
17 31 2
69 92 2
0 102 2
26 78 2
56 89 2
55 137 1
7 24 2
76 99 2
52 114 2
103 141 1
67 172 1
33 85 2
77 189 1
21 139 1
102 197 2
25 126 1
26 31 2
5 194 2
76 92 2
86 115 2
17 164 1
80 106 2
81 116 2
46 112 2
77 139 1
114 150 2
20 43 2
115 167 1
92 113 2
72 156 2
64 175 2
118 162 2
15 24 2
59 177 2
19 105 2
13 68 2
58 192 1
36 116 2
64 105 2
75 160 1
104 179 2
46 89 2
28 86 2
23 67 2
46 49 2
24 133 1
75 93 2
5 17 2
74 138 2
100 162 2
2 98 2
82 181 2
0 134 2
51 82 2
67 69 2
11 78 2
7 91 2
89 160 2
14 91 2
72 102 2
9 23 2
36 43 2
35 152 1
20 44 2
16 91 2
3 138 2
20 89 2
17 27 2
57 116 2
91 150 1
43 85 2
55 103 2
5 100 2
32 88 2
32 141 1
110 168 2
57 177 1
87 93 2
28 199 1
46 60 2
103 148 2
105 199 2
22 90 2
64 82 2
71 194 2
85 95 2
78 187 2
12 110 2
36 60 2
44 61 2
29 48 2
29 102 2
68 161 2
19 145 2
30 146 2
30 92 2
30 38 2
56 97 2
1 68 2
22 103 2
67 154 1
70 92 2
66 174 2
84 117 2
44 93 2
61 115 2
36 114 2
42 73 2
52 109 2
94 178 2
23 39 2
17 30 2
36 98 2
94 110 2
25 58 2
1 12 2
5 109 2
65 160 1
49 76 2
86 88 2
6 155 1
21 67 2
47 90 2
68 192 2
9 123 2
56 156 1
6 100 2
7 43 2
53 111 2
13 116 2
28 186 2
89 183 1
14 56 2
64 104 2
8 58 2
59 99 2
11 41 2
69 73 2
105 134 1
46 99 2
98 194 1
87 106 2
28 167 2
66 74 2
50 89 2
9 42 2
22 25 2
76 171 2
4 53 2
14 60 2
81 159 2
2 117 2
7 12 2
100 136 2
118 154 2
3 114 2
71 77 2
96 137 1
22 70 2
57 121 2
89 102 2
37 112 2
24 97 2
22 110 2
22 65 2
32 63 2
72 111 2
9 63 2
64 68 2
56 96 2
32 74 2
94 143 2
41 83 2
85 116 2
24 149 2
55 113 2
14 140 1
60 66 2
5 86 2
37 54 2
42 64 2
58 101 2
78 113 2
33 88 2
85 87 2
26 79 2
5 42 2
11 197 1
30 100 2
64 66 2
45 139 2
24 102 2
108 161 2
39 157 2
27 171 1
37 175 2
40 195 1
40 122 2
9 110 2
102 114 2
15 104 2
34 116 2
60 138 2
9 100 2
54 57 2
85 94 2
20 110 2
51 95 2
13 76 2
21 118 2
51 64 2
71 140 1
40 44 2
39 167 2
7 72 2
24 78 2
112 131 2
37 160 2
25 48 2
84 104 2
42 164 2
27 110 2
105 106 2
30 84 2
7 135 2
41 162 1
22 54 2
26 110 2
32 54 2
31 69 2
52 148 1
8 99 2
11 75 2
49 126 2
12 109 2
66 184 2
114 134 2
67 82 2
6 165 1
38 91 2
29 111 2
10 64 2
32 75 2
20 29 2
11 108 2
114 175 2
9 91 2
15 148 2
85 197 2
62 81 2
105 143 2
21 79 2
100 155 2
2 93 2
61 65 2
106 181 1
90 159 2
34 97 2
100 164 2
5 192 1
28 76 2
5 104 2
80 118 2
71 90 2
91 117 2
44 106 2
8 162 2
20 25 2
26 126 2
21 83 2
78 150 2
79 196 2
12 71 2
1 58 2
97 116 2
19 41 2
17 55 2
77 191 1
102 111 2
51 101 2
22 64 2
75 76 2
27 133 1
44 75 2
88 140 2
82 98 2
66 78 2
61 76 2
9 12 2
5 101 2
25 93 2
46 100 2
15 97 2
3 57 2
80 147 2
22 51 2
0 99 2
6 60 2
115 158 2
49 133 1
30 165 1
50 65 2
18 101 2
3 82 2
83 84 2
48 119 2
61 77 2
52 72 2
0 96 2
87 92 2
41 86 2
56 90 2
65 81 2
82 124 2
43 98 2
82 86 2
105 158 1
44 109 2
5 191 1
12 97 2
117 161 1
50 94 2
36 66 2
58 60 2
46 113 2
5 178 2
26 174 2
62 109 2
51 99 2
1 77 2
14 25 2
48 188 2
33 64 2
33 56 2
6 72 2
48 84 2
65 74 2
88 149 1
77 149 2
5 97 2
62 117 2
75 99 2
79 158 1
37 75 2
48 92 2
24 93 2
48 140 2
2 59 2
1 3 2
62 155 2
9 44 2
84 176 1
26 97 2
84 108 2
32 177 2
84 146 2
51 93 2
26 107 2
39 41 2
79 99 2
38 119 2
39 106 2
18 22 2
41 100 2
99 118 2
10 61 2
25 103 2
110 119 2
50 77 2
27 54 2
42 66 2
11 50 2
18 137 2
25 115 2
55 171 1
25 69 2
34 57 2
50 116 2
68 193 2
6 65 2
63 172 1
44 90 2
58 94 2
38 70 2
7 100 2
20 49 2
15 67 2
36 42 2
109 121 1
33 155 1
10 60 2
60 68 2
53 56 2
3 169 1
44 183 2
21 104 2
103 188 1
12 38 2
82 119 2
9 47 2
80 100 2
54 77 2
56 112 2
16 26 2
72 108 2
25 55 2
38 93 2
75 111 2
70 121 2
13 181 2
33 38 2
52 142 1
9 94 2
107 110 2
11 114 2
67 95 2
26 30 2
64 112 2
111 160 2
43 75 2
34 78 2
6 28 2
73 88 2
33 75 2
38 59 2
12 111 2
4 81 2
96 121 2
9 199 2
104 115 2
56 78 2
4 99 2
39 42 2
112 121 2
53 83 2
84 89 2
73 103 2
87 97 2
98 155 2
11 69 2
116 168 1
90 177 2
51 186 1
80 152 2
65 84 2
39 45 2
43 162 2
70 114 2
12 54 2
47 71 2
19 43 2
33 186 2
86 178 1
2 115 2
32 91 2
27 61 2
19 94 2
17 83 2
6 154 2
39 76 2
110 182 2
14 150 1
19 45 2
103 117 2
27 95 2
6 21 2
6 119 2
69 115 2
45 54 2
1 25 2
17 89 2
23 62 2
111 113 2
14 111 2
10 171 1
15 31 2
11 174 2
73 116 2
88 176 2
19 87 2
47 66 2
55 118 2
57 59 2
34 84 2
51 67 2
15 39 2
80 146 2
46 47 2
75 153 2
59 179 1
50 106 2
11 119 2
58 161 2
15 73 2
13 62 2
25 119 2
82 116 2
1 48 2
6 175 2
13 89 2
3 121 2
17 196 1
79 104 2
30 134 2
77 102 2
49 176 2
2 40 2
32 64 2
85 117 2
45 153 2
58 92 2
58 117 2
29 103 2
104 139 2
16 97 2
5 92 2
10 19 2
86 119 2
70 102 2
0 22 2
30 196 2
28 117 2
80 81 2
48 91 2
63 75 2
93 199 2
32 52 2
49 94 2
41 188 2
19 57 2
58 87 2
2 42 2
105 115 2
6 116 2
34 117 2
32 78 2
57 91 2
68 118 2
83 115 2
2 7 2
40 91 2
12 102 2
3 109 2
0 100 2
54 104 2
46 95 2
39 70 2
76 175 2
22 93 2
5 32 2
78 149 2
6 52 2
11 33 2
79 197 2
52 77 2
55 86 2
41 171 2
67 90 2
57 171 2
15 54 2
30 129 2
56 135 1
32 53 2
17 64 2
59 184 1
70 100 1
32 60 1
102 181 1
20 183 1
58 77 1
12 127 1
21 147 1
35 173 2
76 85 1
68 144 2
10 113 1
5 71 1
35 193 2
65 187 1
21 76 1
2 132 2
9 21 1
73 83 1
33 90 1
30 119 1
85 105 1
6 51 1
70 115 1
20 46 1
24 36 1
73 78 1
133 187 2
83 173 2
59 108 1
37 155 2
13 38 1
77 91 1
15 112 1
25 36 1
69 117 1
6 87 1
111 171 1
4 24 1
24 132 1
144 171 2
49 66 1
19 111 1
14 104 1
2 26 1
30 87 1
