% n=60 p=60 d=0.33 p_blue=0.66
% k=0
22 24 2
11 31 2
3 30 2
20 24 2
16 28 2
14 30 2
9 26 2
5 21 2
11 24 2
1 48 2
8 25 2
2 15 2
21 26 2
18 24 2
17 18 2
8 23 2
2 25 2
7 37 2
31 45 2
7 27 2
7 44 2
13 22 2
4 59 2
10 42 1
20 39 2
16 26 2
0 14 2
7 15 2
16 22 2
32 34 2
18 48 1
21 24 2
20 34 2
8 32 2
14 26 2
11 16 2
13 33 2
25 35 2
35 47 2
24 38 2
31 41 2
8 33 2
9 25 2
21 22 2
12 30 2
9 17 2
27 33 2
4 20 2
33 34 2
11 52 1
20 25 2
7 26 2
23 25 2
13 20 2
19 50 2
29 58 1
11 49 2
10 31 2
19 38 1
35 45 1
20 29 2
4 5 2
34 49 1
9 27 2
20 21 2
28 33 2
3 10 2
25 28 2
2 11 2
13 35 2
17 44 2
30 42 2
12 17 2
10 50 1
10 32 2
1 12 2
5 17 2
7 28 2
6 12 2
3 35 2
17 28 2
12 55 2
18 21 2
27 36 2
1 18 2
12 13 2
13 34 2
18 56 2
22 35 2
23 51 2
16 41 1
5 56 2
17 27 2
5 20 2
5 13 2
35 50 1
8 19 2
0 17 2
1 20 2
32 35 2
21 34 2
15 40 1
5 48 1
14 31 2
27 47 2
9 12 2
6 38 2
10 54 1
11 22 2
26 33 2
10 25 2
33 50 1
13 18 2
10 29 2
24 31 2
12 26 2
6 7 2
18 51 2
5 50 2
3 57 2
4 8 2
28 42 1
12 23 2
19 31 2
3 13 2
30 31 2
21 45 2
9 42 1
19 32 2
3 18 2
32 57 2
8 17 2
2 3 2
19 28 2
19 23 2
5 8 2
13 47 2
1 24 2
7 50 2
15 19 2
12 41 2
9 22 2
30 33 2
3 46 1
9 54 2
27 57 2
10 22 2
21 23 2
32 40 2
12 31 2
12 20 2
5 18 2
8 55 2
5 42 2
3 31 2
12 25 2
13 31 2
4 21 2
21 32 2
25 31 2
20 43 2
20 49 2
24 33 2
26 53 2
6 58 1
11 21 2
11 33 2
29 37 2
15 35 2
2 58 2
13 24 2
16 33 2
5 23 2
7 29 2
29 49 1
24 32 2
32 33 2
17 36 1
0 10 2
22 26 2
12 47 1
15 21 2
5 30 2
15 17 2
17 34 2
22 30 2
18 25 2
19 26 2
4 32 2
18 42 2
4 10 2
11 51 2
21 30 2
2 48 1
9 29 2
4 55 2
20 38 2
20 23 2
23 32 2
18 30 2
9 21 2
14 16 2
19 35 2
16 20 2
10 21 2
13 14 2
21 44 2
20 33 2
0 7 2
26 32 2
12 27 2
12 15 2
6 27 2
2 26 2
15 28 2
24 56 2
25 27 2
21 27 2
7 17 2
16 24 2
13 25 2
15 57 2
25 29 2
1 11 2
6 55 1
8 43 2
29 54 2
11 54 1
2 12 2
13 32 2
19 42 2
3 4 2
2 16 2
22 43 2
2 6 2
1 29 2
4 18 2
27 41 1
33 53 1
2 34 2
2 55 2
0 27 2
5 9 2
12 14 2
3 16 2
10 16 2
16 27 2
0 34 2
18 34 2
30 39 2
7 20 2
14 35 2
17 22 2
22 27 2
22 34 2
28 35 2
6 17 2
1 4 2
0 8 2
16 39 1
35 39 2
5 22 2
13 48 2
17 59 2
18 22 2
11 26 2
9 24 2
9 31 2
8 45 2
0 53 1
3 33 2
14 24 2
0 19 2
26 57 2
32 50 2
2 24 2
32 45 2
6 32 2
6 8 2
4 22 2
21 43 1
14 41 2
2 28 2
9 20 2
8 14 2
29 46 1
24 27 2
15 27 2
13 28 2
15 25 2
2 32 2
9 55 2
27 29 2
21 38 1
1 8 2
5 19 2
12 35 2
1 6 2
1 16 2
14 34 2
5 45 1
28 57 1
5 6 2
30 45 2
9 15 2
6 34 2
1 47 2
1 54 2
20 59 2
2 27 2
4 27 2
8 56 2
0 35 2
13 19 2
11 29 2
1 27 2
4 41 1
23 35 2
16 36 1
22 38 1
4 15 2
7 35 2
5 32 2
3 20 2
15 33 2
7 33 2
17 31 2
6 50 2
4 19 2
18 28 2
27 34 2
9 28 2
7 34 2
26 34 2
11 18 2
23 27 2
18 35 2
31 51 2
25 43 2
19 30 2
28 54 1
3 27 2
6 42 1
17 55 1
4 58 2
10 18 2
4 39 2
0 3 2
8 9 2
1 52 2
4 14 2
23 33 2
20 37 2
6 28 2
19 34 2
11 34 2
31 50 1
4 57 2
2 7 2
29 42 2
5 46 2
14 37 2
12 32 2
3 29 2
32 48 2
33 41 2
21 49 1
1 19 2
12 46 2
12 48 1
34 41 2
4 17 2
35 43 2
18 29 2
7 51 2
32 47 1
6 30 2
3 19 2
7 46 2
17 32 2
24 26 2
19 24 2
29 53 2
18 43 2
29 30 2
7 8 2
4 31 2
4 7 2
25 57 2
14 38 2
28 37 2
10 14 2
3 25 2
6 16 2
34 56 1
33 35 2
18 33 2
12 18 2
6 15 2
6 23 2
0 26 2
27 48 2
27 32 2
14 28 2
10 13 2
18 31 2
0 21 2
11 25 2
4 30 2
19 37 1
18 49 2
3 7 2
1 43 2
20 50 2
3 14 2
11 27 2
7 10 2
5 24 2
11 56 2
11 19 2
9 34 2
26 35 2
7 18 2
17 20 2
1 13 2
19 33 2
0 23 2
16 17 2
1 50 2
5 14 2
5 55 2
1 37 2
1 31 2
14 29 2
2 37 2
9 10 2
17 57 2
10 53 2
5 52 2
0 30 2
6 39 2
13 23 2
19 20 2
6 26 2
3 45 1
23 34 2
2 57 2
6 25 2
35 40 2
15 24 2
27 30 2
17 35 2
10 12 2
1 22 2
9 23 2
24 29 2
20 54 2
31 32 2
0 40 2
7 12 2
21 31 2
0 5 2
14 20 2
0 28 2
15 30 2
27 31 2
22 44 1
10 34 2
28 34 2
2 10 2
15 23 2
15 31 2
22 58 1
27 37 1
34 40 1
24 47 2
18 32 2
19 41 2
5 43 2
13 55 2
24 28 2
1 23 2
4 24 2
25 34 2
0 29 2
3 54 1
11 23 2
29 36 1
14 25 2
2 47 2
1 26 2
2 9 2
24 25 2
6 43 1
25 46 2
14 17 2
13 44 2
1 2 2
4 9 2
24 49 2
4 6 2
13 43 2
6 35 2
7 54 2
20 28 2
9 11 2
23 24 2
13 27 2
21 28 2
5 37 2
17 37 1
11 30 2
9 52 2
26 40 2
21 33 2
1 21 2
26 27 2
26 28 2
13 58 2
9 38 1
3 23 2
10 35 2
1 14 2
2 8 2
13 51 1
10 33 2
13 16 2
3 26 2
35 51 2
9 19 2
30 59 2
8 29 2
12 39 2
6 24 2
11 12 2
20 51 2
2 14 2
5 11 2
15 20 2
7 31 2
16 43 1
11 13 2
13 17 2
0 9 2
34 42 2
16 30 2
8 20 2
3 5 2
8 22 2
9 35 2
0 22 2
8 21 2
9 33 2
1 30 2
29 31 2
3 15 2
22 33 2
12 29 2
11 15 2
14 21 2
20 22 2
14 32 2
4 35 2
2 44 2
16 21 2
8 35 2
9 14 2
5 12 2
27 35 2
19 45 1
34 35 2
11 48 1
18 36 2
10 52 2
6 31 2
2 33 2
26 38 2
30 37 1
6 19 2
8 46 1
25 41 2
0 42 2
17 30 2
16 29 2
12 33 2
18 26 2
12 40 2
27 52 1
22 23 2
21 25 2
12 24 2
19 27 2
5 34 2
1 34 2
18 19 2
6 52 2
7 48 2
31 35 2
8 31 2
24 59 2
11 20 2
21 47 2
17 46 2
0 31 2
6 59 2
10 15 2
14 33 2
22 25 2
31 34 2
12 19 2
6 9 2
30 54 2
31 33 2
10 56 2
20 32 2
24 40 1
25 42 2
25 49 1
28 36 2
21 29 2
12 16 2
23 28 2
14 18 2
35 53 2
11 44 2
12 49 1
5 26 2
27 53 2
31 44 1
17 41 2
2 52 2
14 48 2
8 27 2
1 9 2
5 33 2
2 17 2
34 43 1
17 26 2
0 2 2
7 14 2
1 15 2
10 20 2
17 25 2
15 16 2
26 45 2
3 17 2
22 29 2
16 23 2
7 16 2
3 21 2
12 34 2
10 11 2
3 55 2
29 39 2
26 31 2
3 28 2
3 32 2
6 18 2
18 23 2
10 23 2
31 47 2
23 29 2
7 13 2
6 33 2
9 18 2
4 28 2
8 13 2
17 21 2
6 10 2
5 38 2
0 37 2
9 30 2
28 45 2
4 33 2
14 44 2
4 29 2
6 14 2
28 31 2
11 32 2
7 22 2
7 9 2
22 32 2
24 30 2
12 22 2
6 11 2
5 27 2
17 24 2
10 19 2
12 52 2
0 12 2
4 11 2
4 16 2
15 55 2
22 59 2
9 32 2
5 7 2
15 29 2
1 32 2
0 13 2
7 23 2
29 33 2
0 1 2
8 18 2
33 57 2
25 53 2
12 50 2
6 36 2
28 30 2
20 40 2
29 43 1
1 28 2
21 39 2
0 18 2
3 34 2
28 51 2
15 44 2
23 26 2
3 6 2
7 58 2
29 45 2
31 43 2
23 36 2
15 18 2
7 45 2
0 44 1
4 26 2
24 35 2
21 55 1
1 17 2
0 33 2
18 45 2
4 25 2
22 28 2
3 22 2
13 15 2
19 29 2
11 17 2
6 20 2
14 27 2
10 49 2
5 29 2
6 22 2
35 46 2
14 22 2
35 56 2
0 16 2
24 48 1
4 12 2
9 48 2
10 26 2
14 19 2
6 29 2
1 5 2
3 24 2
9 51 2
5 58 2
29 34 2
11 14 2
0 20 2
1 7 2
30 35 2
2 18 2
16 34 2
16 35 2
14 54 1
3 11 2
4 23 2
15 26 2
20 31 2
1 25 2
4 48 1
20 46 2
0 24 2
34 47 1
16 59 2
3 9 2
8 34 2
15 43 2
12 21 2
5 25 2
7 24 2
2 23 2
26 29 2
21 37 2
13 21 2
7 19 2
13 52 2
34 46 2
31 55 2
26 37 2
16 18 2
8 28 2
5 31 2
19 21 2
2 5 2
8 16 2
13 54 2
25 33 2
4 53 2
24 34 2
14 23 2
5 10 2
20 27 2
11 28 2
16 25 2
5 28 2
1 35 2
10 28 2
29 32 2
18 27 2
17 19 2
12 28 2
5 16 2
16 19 2
16 31 2
7 32 2
4 34 2
10 17 2
16 49 2
22 31 2
1 33 2
18 41 1
23 31 2
4 13 2
32 38 1
6 21 2
31 38 2
7 39 2
24 50 2
13 30 2
20 35 2
11 35 2
25 30 2
17 23 2
8 11 2
6 13 2
5 51 2
8 26 2
16 32 2
0 6 2
12 56 2
15 32 2
30 50 2
33 37 2
14 43 2
13 29 2
0 41 1
8 39 2
17 29 2
7 47 2
1 10 2
19 48 1
9 16 1
5 15 1
8 37 2
37 47 1
0 25 1
2 29 1
23 59 1
2 35 1
1 3 1
14 15 1
7 21 1
30 34 1
47 59 1
8 12 2
9 37 1
23 48 2
0 11 1
13 42 1
26 30 1
8 24 1
20 30 2
2 30 1
10 24 2
29 35 1
8 48 2
17 33 1
0 15 1
6 48 2
7 30 1
25 26 2
28 47 1
3 12 1
2 19 1
15 37 2
2 22 1
18 59 2
