% n=150 p=33 d=0.33 p_blue=0.66
% k=0
4 41 2
27 135 2
5 127 2
6 19 2
43 60 2
31 116 1
5 149 2
4 42 2
7 12 2
20 113 2
9 67 2
1 89 1
39 72 2
38 48 2
8 21 2
32 120 1
44 54 2
18 42 2
48 123 2
4 100 2
19 62 2
47 106 1
9 60 1
24 54 1
14 17 2
7 28 2
1 3 2
22 60 1
40 90 2
23 30 2
38 47 2
4 49 2
26 131 2
22 45 2
35 60 1
7 44 2
10 23 2
9 23 2
13 39 2
42 43 2
16 44 2
18 55 2
22 40 2
8 12 2
18 106 1
8 126 1
16 26 2
12 30 2
20 77 2
32 130 1
33 149 1
0 15 2
29 91 2
8 36 2
5 40 2
47 96 1
18 43 2
3 126 1
8 34 2
17 136 1
3 38 2
13 42 2
3 131 2
21 29 2
30 48 2
17 72 2
17 42 2
21 132 2
35 144 1
40 113 2
1 138 1
19 51 2
23 43 2
14 34 2
17 125 2
10 19 2
2 82 2
41 45 2
46 112 1
14 117 1
31 145 2
16 28 2
45 60 1
19 108 2
38 76 2
2 6 2
29 128 2
14 134 2
8 23 2
27 91 2
39 84 2
7 18 2
0 64 1
42 106 1
43 65 1
24 39 2
23 29 2
43 137 2
13 64 2
4 40 2
42 123 2
45 117 1
27 148 1
20 95 1
15 44 2
5 114 2
17 30 2
30 61 2
46 107 1
8 29 2
6 17 2
1 145 2
46 109 2
25 52 1
4 23 2
8 139 2
2 47 2
26 125 1
22 37 2
1 36 2
36 45 2
14 47 2
43 91 2
15 21 2
35 90 2
27 130 2
0 10 2
28 45 2
1 23 2
5 32 2
43 128 2
19 99 2
7 140 2
34 87 2
26 45 2
9 12 2
38 49 2
28 131 2
16 104 1
14 97 2
37 144 1
31 48 2
48 138 1
12 39 2
47 137 2
8 10 2
5 107 1
12 27 2
29 36 2
4 95 2
47 81 2
10 37 2
1 15 2
0 43 2
18 56 2
21 32 2
21 61 2
16 91 2
32 111 2
38 66 1
20 122 1
18 25 2
11 48 2
15 27 2
10 48 2
38 98 1
6 40 2
2 28 2
11 77 2
42 44 2
16 33 2
42 112 1
10 56 2
36 119 1
30 46 2
35 123 2
37 71 1
15 49 2
3 14 2
1 143 2
24 38 2
30 75 2
29 136 2
11 61 2
1 16 2
16 40 2
23 95 2
36 88 2
21 100 2
0 58 2
13 44 2
18 21 2
29 120 2
7 23 2
1 127 2
39 128 1
37 117 2
28 84 2
43 131 2
0 16 2
33 60 1
13 49 2
48 136 2
35 43 2
11 36 2
14 27 2
37 148 2
0 42 2
47 86 1
11 21 2
29 131 1
22 32 2
39 101 2
5 12 2
33 73 2
27 52 1
19 49 2
9 146 1
45 47 2
4 93 1
27 140 2
4 32 2
2 25 2
24 45 2
13 104 2
41 60 2
17 111 2
29 114 2
32 42 2
38 95 2
15 108 1
22 96 1
2 139 2
9 139 2
45 90 2
9 20 2
19 35 2
9 36 2
17 28 2
7 50 1
3 110 2
25 142 2
14 19 2
33 129 1
33 140 2
25 38 2
27 139 2
24 78 1
8 14 2
42 88 1
5 20 2
27 107 2
26 136 2
8 48 2
15 103 2
45 99 1
43 116 2
12 47 2
2 20 2
24 92 1
4 46 2
46 54 2
13 92 2
39 81 1
16 41 2
24 35 2
28 109 1
22 123 1
12 44 2
40 47 2
32 55 2
25 57 2
21 141 2
41 143 2
29 106 2
30 59 2
4 22 2
3 35 2
2 19 2
14 46 2
6 27 2
49 144 1
38 110 2
45 129 2
28 47 2
6 30 2
3 66 2
3 92 2
47 132 1
26 98 1
12 46 2
25 74 1
32 46 2
9 61 2
42 111 1
32 41 2
46 47 2
17 36 2
36 82 1
5 111 2
29 112 2
31 87 1
43 48 2
17 86 2
14 20 2
22 122 2
0 24 2
30 34 2
23 33 2
36 64 2
4 7 2
12 16 2
23 74 1
21 88 2
37 40 2
41 146 1
15 119 2
42 102 2
23 60 1
45 106 2
42 45 2
17 68 2
1 18 2
4 70 2
44 85 2
16 74 2
31 39 2
23 64 1
33 121 2
23 42 2
6 51 2
0 18 2
35 121 2
46 58 2
0 76 2
7 35 2
43 97 1
4 17 2
0 92 2
2 99 2
32 53 1
16 141 1
28 99 2
3 32 2
0 27 2
18 46 2
20 143 1
38 46 2
45 58 2
31 130 2
36 42 2
3 21 2
31 61 2
29 94 1
22 102 2
21 48 2
39 144 1
0 48 2
43 143 2
20 33 2
21 118 2
0 56 2
44 102 2
34 126 2
33 53 1
15 66 1
11 141 1
24 133 1
48 56 2
10 15 2
37 55 2
24 106 1
19 70 2
21 22 2
4 34 2
6 29 2
1 87 1
42 68 1
41 43 2
23 28 2
46 48 2
29 111 2
24 55 2
12 43 2
15 80 2
34 121 2
9 133 2
28 44 2
27 95 2
41 42 2
33 118 1
0 100 2
16 61 2
27 37 2
9 65 2
10 26 2
41 108 1
2 4 2
14 50 1
46 146 2
42 114 1
18 82 2
3 4 2
1 45 2
3 47 2
31 115 1
3 11 2
14 56 2
18 87 2
19 140 1
3 52 2
9 106 2
13 48 2
20 37 2
2 15 2
7 131 2
24 114 2
16 37 2
47 64 1
48 92 2
27 114 2
48 59 1
9 39 2
8 27 2
46 118 2
20 55 2
37 112 1
2 58 1
31 75 1
34 40 2
2 24 2
4 20 2
5 47 2
10 45 2
29 30 2
3 29 2
33 68 2
32 148 2
43 111 2
2 67 2
43 123 2
18 121 1
20 44 2
5 18 2
45 78 1
34 44 2
0 38 2
19 37 2
1 67 2
26 54 1
42 120 1
6 63 2
42 56 1
49 111 1
38 140 2
26 56 1
13 41 2
42 147 2
28 35 2
1 131 2
25 34 2
6 49 2
42 64 2
22 28 2
8 40 2
34 69 2
47 48 2
34 78 2
24 67 2
20 21 2
14 133 1
31 51 1
8 31 2
6 8 2
39 69 1
7 26 2
13 26 2
17 43 2
2 42 2
3 22 2
1 115 2
23 39 2
38 45 2
13 72 2
24 138 1
43 120 1
1 42 2
42 67 2
38 75 1
36 91 2
35 92 2
2 137 1
5 23 2
44 147 2
44 92 1
5 82 1
39 52 1
20 42 2
18 91 2
10 33 2
32 113 2
46 125 2
45 112 1
15 35 2
8 75 1
44 47 2
7 40 2
31 52 2
0 13 2
8 97 2
5 70 2
12 38 2
3 95 2
25 45 2
23 66 2
8 19 2
19 110 1
21 57 2
18 98 2
18 47 2
22 48 2
31 108 2
19 145 2
33 45 2
0 21 2
1 82 1
9 34 2
32 45 2
25 29 2
31 40 2
29 81 2
5 83 2
6 38 2
27 38 2
32 140 2
2 16 2
15 123 2
29 125 2
37 44 2
34 82 2
11 59 1
5 142 2
20 131 1
12 137 1
7 25 2
8 47 2
48 77 2
32 66 1
28 146 1
8 66 1
4 57 1
40 49 2
9 49 2
4 110 2
5 123 2
14 44 2
5 30 2
15 67 1
23 96 1
35 59 2
4 25 2
19 131 2
32 128 2
34 37 2
24 121 2
1 118 2
10 34 2
36 75 2
24 62 1
30 114 2
8 41 2
20 116 1
17 142 2
22 131 2
21 44 2
9 16 2
11 39 2
8 138 2
34 49 2
10 40 2
9 54 1
7 32 2
44 60 1
31 86 1
26 115 2
19 42 2
25 43 2
5 11 2
27 134 2
23 143 2
31 101 1
28 33 2
47 144 1
47 95 2
22 39 2
30 33 2
31 117 2
49 149 1
2 46 2
21 40 2
21 72 2
14 49 2
44 45 2
35 83 1
0 7 2
5 128 2
17 133 1
10 31 2
11 120 2
7 8 2
29 132 2
39 59 1
37 122 2
0 12 2
14 76 2
46 108 2
17 123 2
3 79 2
42 86 2
47 103 2
29 145 2
41 73 2
1 74 2
5 6 2
48 50 1
27 48 2
19 46 2
42 149 2
7 46 2
6 57 2
27 100 1
38 62 2
6 18 2
9 13 2
43 142 1
12 67 2
24 132 1
40 83 2
15 120 1
19 40 2
22 33 2
18 129 2
4 26 2
3 74 2
14 148 2
38 121 2
34 103 2
15 82 2
1 32 2
23 98 1
43 67 2
2 43 2
22 146 2
22 86 2
34 41 2
19 23 2
15 20 2
23 147 2
31 55 1
9 33 2
17 91 2
12 40 2
6 130 1
23 48 2
20 102 2
31 33 2
31 98 2
18 126 2
34 147 2
13 53 2
5 66 2
28 67 2
3 106 1
5 28 2
48 115 2
17 97 2
10 32 2
6 28 2
26 38 2
27 149 2
33 106 2
35 73 1
10 11 2
10 61 2
15 112 2
15 25 2
26 67 1
29 40 2
25 114 2
33 47 2
6 24 2
4 45 2
18 77 2
19 133 2
12 54 1
38 123 2
17 26 2
28 43 2
7 98 2
25 27 2
34 45 2
12 51 2
37 124 2
33 38 2
24 29 2
19 100 2
2 11 2
8 82 2
32 33 2
48 94 1
12 49 2
3 129 1
24 25 2
12 18 2
21 146 1
37 126 2
31 82 2
11 122 2
16 22 2
11 37 2
30 47 2
7 10 2
37 73 2
1 31 2
21 67 1
38 145 2
10 46 2
31 96 2
11 119 2
9 47 2
6 35 2
47 49 2
16 119 1
28 97 2
19 36 2
12 28 2
19 76 2
37 143 2
2 130 2
42 87 2
7 109 2
12 130 2
36 65 1
23 41 2
16 94 2
8 13 2
13 144 2
13 131 2
10 54 2
38 53 1
34 47 2
46 56 2
13 140 1
28 77 1
35 41 2
0 39 2
21 25 2
3 118 2
36 41 2
34 143 2
8 35 2
40 91 1
45 100 2
18 131 2
15 85 2
0 5 2
6 9 2
16 126 2
31 38 2
40 41 2
28 49 2
14 67 2
14 109 1
43 115 1
33 42 2
11 131 2
3 16 2
24 107 2
19 73 1
15 45 2
0 1 2
21 26 2
48 130 1
26 65 2
8 43 2
14 39 2
2 39 2
18 100 2
2 35 2
5 50 1
20 49 2
44 52 2
31 138 2
38 147 2
19 95 1
1 34 2
16 17 2
11 66 2
33 91 2
42 94 2
47 117 2
30 94 2
9 123 2
32 40 2
28 111 1
9 18 2
5 36 2
44 119 1
15 76 1
4 102 1
12 149 2
11 133 1
26 103 2
37 93 1
18 122 2
23 47 2
4 8 2
16 36 2
41 47 2
0 133 1
34 62 2
28 59 2
47 74 1
6 39 2
23 49 2
25 35 2
33 139 2
8 93 1
19 66 2
22 31 2
17 135 1
22 36 2
7 34 2
31 35 2
37 42 2
3 5 2
30 124 2
4 112 2
40 52 2
1 119 1
2 50 2
29 137 1
36 133 2
4 27 2
28 144 2
38 144 2
17 92 1
29 73 1
37 82 1
15 32 2
0 25 2
11 26 2
2 89 1
10 131 2
33 146 1
7 11 2
17 29 2
43 61 1
11 116 2
48 71 1
32 92 2
0 9 2
24 33 2
6 123 2
32 62 2
12 115 2
45 84 1
41 86 1
5 77 2
1 25 2
34 135 2
30 40 2
7 142 2
18 117 1
19 44 2
15 34 2
18 26 2
18 135 2
36 49 2
25 100 2
45 48 2
12 29 2
9 125 1
5 131 2
14 137 1
32 48 2
48 60 1
18 58 2
25 136 2
26 117 1
11 42 2
17 59 2
35 134 2
45 77 2
18 65 2
13 30 2
34 43 2
3 18 2
49 109 1
49 51 2
2 103 2
20 43 2
42 66 2
21 35 2
6 89 1
12 15 2
24 49 2
21 24 2
15 41 2
36 53 1
29 126 2
34 88 2
18 36 2
11 27 2
2 48 2
40 87 1
11 45 2
10 110 2
35 47 2
1 49 2
15 18 2
16 21 2
17 49 2
42 143 2
13 61 2
22 76 1
18 136 2
30 89 1
14 45 2
25 46 2
32 52 2
7 87 2
34 128 1
48 63 2
34 56 2
27 66 1
21 28 2
15 104 2
39 64 1
8 45 2
30 31 2
2 79 2
39 46 2
2 7 2
23 34 2
13 89 2
8 101 1
7 29 2
21 95 1
12 97 1
19 64 1
17 80 2
47 52 2
31 37 2
7 60 2
48 131 1
1 146 1
0 4 2
36 125 2
1 148 1
35 147 2
25 106 2
21 46 2
10 47 2
39 124 1
13 112 2
14 102 2
49 94 1
18 103 2
1 2 2
18 19 2
24 149 1
29 58 2
31 137 2
18 115 1
38 149 2
33 108 2
2 135 2
17 24 2
16 144 1
15 79 1
23 128 1
0 136 2
0 45 2
9 64 2
0 119 2
5 99 2
19 24 2
17 40 2
7 22 2
4 130 2
32 72 2
13 113 2
13 122 1
36 132 2
8 108 2
20 29 2
22 27 2
31 80 2
48 75 2
37 49 2
41 128 2
46 84 2
48 96 2
20 117 2
46 62 2
33 34 2
7 24 2
22 145 2
15 77 2
36 142 2
37 94 2
19 32 2
0 31 2
4 43 2
6 103 1
9 114 2
15 16 2
47 70 2
25 69 2
15 24 2
13 84 1
13 145 2
29 37 2
16 35 2
16 77 1
32 106 1
27 85 2
7 9 2
29 32 2
19 43 2
3 62 2
21 49 2
17 45 2
11 13 2
32 49 2
39 126 2
41 92 2
37 38 2
22 108 2
16 19 2
18 29 2
30 38 2
41 55 2
31 44 2
8 25 2
14 23 2
28 34 2
21 34 2
46 60 2
1 28 2
15 28 2
12 77 1
19 137 2
28 61 2
6 136 2
27 30 2
47 121 2
4 5 2
19 20 2
10 43 2
1 27 2
44 46 2
17 33 2
7 13 2
31 34 2
2 72 2
20 26 2
11 30 2
38 42 2
33 44 2
19 52 2
19 93 2
13 35 2
0 67 2
12 125 2
21 123 2
0 129 1
20 78 2
4 87 2
27 56 1
38 131 2
24 43 2
28 40 2
0 148 2
23 73 2
11 15 2
20 103 2
10 16 2
4 106 2
16 31 2
1 149 2
20 107 1
40 123 1
14 18 2
7 39 2
34 60 2
12 20 2
8 115 2
2 53 1
42 99 2
33 82 1
3 83 2
2 13 2
47 69 2
19 134 2
26 57 2
6 69 2
22 95 2
15 47 2
31 94 2
3 69 2
7 43 2
36 47 2
31 81 2
43 138 2
21 96 1
27 105 2
31 120 2
26 39 2
2 37 2
40 55 2
12 17 2
36 148 1
25 131 2
44 63 2
33 35 2
2 23 2
47 118 2
30 79 2
14 42 2
39 54 2
7 116 1
39 43 2
2 120 2
26 44 2
19 21 2
1 8 2
18 22 2
21 55 2
18 32 2
44 103 1
12 100 2
5 135 1
17 31 2
19 111 2
11 118 1
29 51 2
41 48 2
22 25 2
13 31 2
9 44 2
40 94 2
7 41 2
46 100 2
4 81 2
11 125 1
7 37 2
9 113 2
46 119 2
18 76 2
12 147 2
38 104 1
18 20 2
10 112 2
17 47 2
43 47 2
24 71 1
14 101 2
36 38 2
22 62 1
30 45 2
19 22 2
25 40 2
22 73 2
13 80 2
35 37 2
4 16 2
2 14 2
11 40 2
18 39 2
10 99 2
9 136 1
27 45 2
12 63 2
49 50 1
9 119 2
2 116 2
32 133 2
21 149 1
4 77 2
0 3 2
1 5 2
16 117 1
32 44 2
7 106 2
11 12 2
36 92 2
3 15 2
11 115 2
11 32 2
35 39 2
47 135 2
27 55 2
0 2 2
30 95 1
2 66 2
31 136 2
32 34 2
18 116 2
26 88 2
40 133 2
2 70 1
33 51 2
38 77 1
21 93 2
16 59 2
47 84 2
29 118 1
35 117 2
42 58 1
32 145 2
41 133 2
1 46 2
25 67 2
48 148 2
4 9 2
8 92 1
5 86 2
16 110 2
39 98 2
0 103 2
1 21 2
18 119 1
7 36 2
35 72 1
21 109 1
3 30 2
3 45 2
23 68 2
20 146 2
1 7 2
5 35 2
9 10 2
21 38 2
8 128 1
12 25 2
21 94 2
9 17 2
27 28 2
25 58 1
15 22 2
15 93 2
3 19 2
26 47 2
34 104 2
42 49 2
1 38 2
28 95 2
7 127 2
2 30 2
17 39 2
24 69 1
42 76 2
41 77 1
10 118 2
16 88 1
42 109 1
8 131 2
45 136 2
1 33 2
36 76 1
10 41 2
13 118 1
42 73 2
16 18 2
13 108 2
28 147 2
14 113 2
5 29 2
16 114 1
27 119 2
22 78 2
39 49 2
2 34 2
26 74 1
46 132 2
36 84 2
4 31 2
30 106 1
26 31 2
31 45 2
34 107 2
11 84 1
25 122 1
1 110 2
2 26 2
35 105 1
17 94 2
30 98 2
7 82 2
1 76 2
6 21 2
4 50 2
6 31 2
12 57 1
1 12 2
19 80 2
4 82 2
19 102 1
36 95 1
23 46 2
11 14 2
3 37 2
13 128 2
21 99 2
41 123 2
23 35 2
5 143 1
29 38 2
26 100 2
29 33 2
29 123 2
27 41 2
2 105 1
9 37 2
31 57 2
4 139 2
4 18 2
35 40 2
39 141 2
17 19 2
1 48 2
2 38 2
28 91 1
18 101 2
35 51 2
44 143 1
49 93 1
17 146 2
5 49 2
4 47 2
33 100 2
29 44 2
27 59 2
41 46 2
37 58 2
28 31 2
6 7 2
1 124 2
23 37 2
4 149 2
20 83 2
26 27 2
43 44 2
17 102 2
14 110 2
40 42 2
23 132 2
19 29 2
22 34 2
11 41 2
32 95 1
31 141 2
31 46 2
29 47 2
25 26 2
46 136 2
18 123 2
4 19 2
9 105 2
24 27 2
2 8 2
18 45 2
36 118 2
6 59 2
47 124 1
0 35 2
12 21 2
13 22 2
32 38 2
36 74 2
13 38 2
0 115 2
37 103 2
22 147 1
45 83 2
18 114 2
0 36 2
43 102 2
33 46 2
34 120 2
13 15 2
45 104 2
27 68 1
11 31 2
3 25 2
25 31 2
5 73 2
9 74 2
44 148 2
43 92 2
3 115 2
28 108 1
4 44 2
21 31 2
6 10 2
3 133 1
36 107 2
1 129 2
3 88 2
21 23 2
20 31 2
12 112 2
35 53 2
7 105 2
41 136 2
1 142 1
39 122 2
32 109 1
10 30 2
24 116 2
0 110 2
47 130 2
24 87 2
14 30 2
11 69 1
26 120 1
45 126 1
6 20 2
47 145 2
29 52 2
5 90 2
3 132 2
27 33 2
6 142 1
26 30 2
10 21 2
31 42 2
0 32 2
0 33 2
46 74 2
39 42 2
3 104 1
3 41 2
10 27 2
0 26 2
35 101 1
36 127 1
29 70 2
14 91 2
43 76 1
3 96 1
26 122 1
28 41 2
25 41 2
38 92 1
14 85 2
4 48 2
26 118 2
44 50 2
26 114 1
30 43 2
6 97 1
23 142 1
17 113 2
6 43 2
49 118 2
25 32 2
36 117 2
25 39 2
16 29 2
7 83 2
30 85 1
45 141 1
12 32 2
39 112 2
3 149 2
43 145 1
38 105 2
3 101 2
43 139 2
35 64 2
3 82 1
4 38 2
1 112 1
7 45 2
5 120 2
38 81 1
35 38 2
10 22 2
29 99 2
48 105 2
35 49 2
9 43 2
39 85 2
9 24 2
34 42 2
3 6 2
27 40 2
11 104 2
40 121 2
47 131 2
1 109 2
30 42 2
9 70 1
22 41 2
10 129 2
15 23 2
30 93 2
22 84 2
11 17 2
14 144 1
8 44 2
22 55 1
7 30 2
25 37 2
1 20 2
43 46 2
28 145 1
27 47 2
9 29 2
49 103 2
30 49 2
30 134 1
13 101 1
22 47 2
0 17 2
11 49 2
24 126 2
17 71 1
15 43 2
33 115 2
5 7 2
16 32 2
42 129 1
17 99 1
37 74 2
9 89 2
16 49 2
3 28 2
29 42 2
7 100 2
32 50 2
14 32 2
13 37 2
26 53 2
43 118 2
19 25 2
29 41 2
12 118 2
37 52 1
9 137 1
18 142 2
47 58 1
19 45 2
32 35 2
20 144 2
26 28 2
32 56 2
4 24 2
48 81 1
0 19 2
2 33 2
3 36 2
23 62 1
4 21 2
36 130 1
17 27 2
38 129 1
42 54 2
4 80 1
40 79 1
22 30 2
45 148 2
20 56 2
2 74 2
30 32 2
0 14 2
16 137 2
41 44 2
20 36 2
25 127 2
24 140 2
23 113 2
9 25 2
12 45 2
31 99 2
21 63 2
15 36 2
21 120 2
49 52 2
28 37 2
7 91 2
21 112 1
40 73 2
27 29 2
35 45 2
34 63 2
3 17 2
15 39 2
0 99 2
3 12 2
23 76 2
28 69 1
23 119 2
48 110 2
33 138 2
15 38 2
29 39 2
40 122 2
19 130 2
0 29 2
40 137 2
36 97 1
18 33 2
46 106 1
10 62 2
37 97 1
40 45 2
15 72 2
4 10 2
17 112 2
20 108 1
30 145 1
2 18 2
46 61 1
5 46 2
22 79 2
21 128 1
8 33 2
3 139 1
24 37 2
20 129 2
40 119 1
19 41 2
31 140 2
17 65 1
21 145 2
6 33 2
1 4 2
11 29 2
30 36 2
24 46 2
3 148 1
18 78 2
23 59 1
7 113 2
22 68 1
46 49 2
16 38 2
13 63 2
14 29 2
36 39 2
30 62 1
32 137 2
6 100 2
1 90 2
6 26 2
23 44 2
15 48 2
4 61 1
21 98 2
23 116 2
38 109 2
20 132 2
12 48 2
32 115 2
2 5 2
11 53 2
41 49 2
22 23 2
48 93 2
23 63 2
13 32 2
29 31 2
33 96 1
44 48 2
19 38 2
14 37 2
5 25 2
49 122 2
10 36 2
14 21 2
2 32 2
15 131 2
19 117 2
14 77 2
1 44 2
24 42 2
17 61 1
6 146 2
4 36 2
13 146 2
36 137 2
11 65 1
17 69 2
7 48 2
13 21 2
0 125 1
8 76 2
27 32 2
21 66 2
3 43 2
29 97 2
25 121 2
40 48 2
3 39 2
14 140 2
14 31 2
37 53 2
10 63 2
36 108 2
13 94 1
8 38 2
46 147 1
41 57 2
28 76 2
2 131 2
10 109 2
20 62 2
10 142 1
7 61 1
8 20 2
42 130 1
5 138 2
17 104 1
7 138 1
36 54 2
13 77 2
20 39 2
33 124 1
48 95 2
27 39 2
28 39 2
7 20 2
22 43 2
17 126 2
11 60 2
31 43 2
46 129 2
4 54 2
3 24 2
19 27 2
15 86 1
20 64 1
21 58 1
23 26 2
25 42 2
29 139 2
9 30 2
47 72 2
1 19 2
19 147 2
33 130 2
13 28 2
12 24 2
14 41 2
4 121 1
41 56 2
37 76 2
24 31 2
6 47 2
0 8 2
23 91 2
2 51 2
44 73 2
38 43 2
1 17 2
28 30 2
42 141 2
25 49 2
23 72 2
4 15 2
0 11 2
16 103 1
33 132 1
3 143 2
11 146 1
27 49 2
8 11 2
40 143 2
41 115 2
8 55 1
2 10 2
14 38 2
42 124 1
22 116 2
18 134 2
24 41 2
37 46 2
18 30 2
22 141 2
30 44 2
26 37 2
22 42 2
32 96 2
13 95 1
25 124 2
6 46 2
10 93 2
22 125 1
25 133 1
48 111 2
32 39 2
42 60 1
22 52 2
32 47 2
8 73 2
20 100 2
41 62 1
32 99 1
12 120 1
27 42 2
0 44 2
26 32 2
39 48 2
41 66 1
45 124 2
2 31 2
12 56 2
19 47 2
27 36 2
20 73 2
11 18 2
14 15 2
18 96 1
24 50 1
20 41 2
25 92 2
39 78 2
37 45 2
36 105 2
39 47 2
0 114 1
45 52 2
0 40 2
15 134 1
22 46 2
6 42 2
44 117 1
26 35 2
9 41 2
18 37 2
5 8 2
16 47 2
1 26 2
35 138 1
40 43 2
9 40 2
22 139 2
26 63 2
9 45 2
10 137 1
26 119 1
3 65 1
22 63 1
16 135 2
5 132 2
2 84 1
7 42 2
16 27 2
23 38 2
48 146 1
20 142 1
33 48 2
2 29 2
20 86 2
22 29 2
2 107 2
32 127 2
27 65 1
15 37 2
30 128 2
44 53 1
25 80 2
0 23 2
30 147 2
24 44 2
4 86 2
15 126 2
26 40 2
28 112 2
9 69 2
5 9 2
16 24 2
5 26 2
26 48 2
15 19 2
48 49 2
35 58 2
28 54 2
29 95 1
14 52 2
14 28 2
10 12 2
23 121 2
19 103 2
49 115 2
32 94 2
39 63 2
42 90 2
17 32 2
27 58 2
16 72 2
38 91 2
6 14 2
13 24 2
7 33 2
39 44 2
30 148 2
47 63 2
24 40 2
19 39 2
40 69 1
24 120 1
45 119 2
44 110 1
4 30 2
28 65 1
13 20 2
14 92 1
1 78 1
2 109 2
40 124 2
5 31 2
11 95 1
34 52 2
27 87 1
22 50 2
14 130 2
5 42 2
34 50 1
48 66 2
3 31 2
5 33 2
27 43 2
49 143 1
13 43 2
34 48 2
15 51 2
3 130 2
9 78 2
33 39 2
5 48 2
15 52 1
17 98 2
7 21 2
17 37 2
41 81 2
3 134 2
47 126 2
25 30 2
10 85 1
3 20 2
1 123 1
49 108 2
39 138 2
24 48 2
49 75 1
35 108 2
14 35 2
34 134 2
26 112 2
24 64 2
18 49 2
40 108 2
21 47 2
11 47 2
28 48 2
37 134 2
28 42 2
25 139 2
48 51 2
24 26 2
42 108 2
49 73 2
32 37 2
13 29 2
30 129 1
17 48 2
17 50 2
6 118 2
38 127 2
5 16 2
46 71 2
43 49 2
2 49 2
30 116 1
0 22 2
43 74 2
42 70 1
38 89 2
1 39 2
45 105 2
26 43 2
12 41 2
7 81 2
43 119 2
33 78 1
21 37 2
43 50 2
49 125 2
34 138 2
2 9 2
33 70 2
18 71 1
0 28 2
6 32 2
35 42 2
6 128 1
23 110 2
23 45 2
17 100 2
12 42 2
27 46 2
45 145 2
22 24 2
3 63 1
14 43 2
9 59 2
6 11 2
3 33 2
7 17 2
37 47 2
36 122 1
15 100 2
45 109 2
37 39 2
45 92 2
24 36 2
31 91 2
14 36 2
15 75 1
26 123 2
32 75 2
44 138 1
43 77 1
6 75 2
17 34 2
40 72 2
35 97 1
23 36 2
0 93 2
35 57 2
35 61 2
13 65 1
45 147 1
10 103 2
10 13 2
6 143 2
1 9 2
1 11 2
34 39 2
13 34 2
10 44 2
0 70 1
22 26 2
47 115 2
31 149 1
48 79 1
12 33 2
6 113 1
32 132 2
45 95 2
6 60 2
15 69 1
8 22 2
19 28 2
9 108 1
12 121 1
7 123 2
21 30 2
10 101 1
10 14 2
17 35 2
10 123 2
8 110 2
36 146 1
15 89 1
0 53 1
16 85 2
13 147 2
10 35 2
37 115 2
36 140 1
1 37 2
6 139 1
10 73 1
25 28 2
29 45 2
40 46 2
28 58 2
12 124 1
29 48 2
20 98 2
4 144 2
47 111 2
6 95 1
22 129 1
20 32 2
14 26 2
16 46 2
26 148 2
13 47 2
17 107 2
7 124 1
22 38 2
23 27 2
36 46 2
5 15 2
7 76 1
24 91 2
2 93 2
34 46 2
20 48 2
6 87 1
6 129 2
8 135 1
8 30 2
5 19 2
20 96 2
16 39 2
23 88 2
24 101 2
25 129 1
17 25 2
35 67 1
25 36 2
35 76 1
2 12 2
16 30 2
2 121 2
36 79 1
21 42 2
42 115 1
47 136 2
8 130 2
11 91 1
5 45 2
28 135 2
21 125 2
11 28 2
0 49 2
13 18 2
21 39 2
13 51 1
41 118 1
22 101 1
8 63 2
40 135 1
18 146 2
43 52 1
19 126 1
5 44 2
4 68 2
24 95 2
15 132 1
26 36 2
6 93 1
15 29 2
26 104 1
10 74 2
44 145 2
23 129 1
16 23 2
22 133 2
4 103 2
10 49 2
13 36 2
17 134 2
2 22 2
2 40 2
15 40 2
7 125 2
7 27 2
26 64 2
14 33 2
6 15 2
37 128 1
18 108 2
26 75 2
13 139 1
8 52 1
47 54 2
5 17 2
12 95 2
3 81 1
1 141 1
11 126 2
39 41 2
13 124 2
16 42 2
1 117 2
6 53 1
20 124 1
27 121 1
31 95 1
3 46 2
10 28 2
13 40 2
11 20 2
6 44 2
1 139 2
29 59 2
39 51 2
28 132 2
24 32 2
13 129 2
42 52 2
9 118 1
1 55 2
45 79 2
1 35 2
11 106 2
20 106 2
7 72 2
26 42 2
21 45 2
34 38 2
3 51 2
11 46 2
17 44 2
31 32 2
47 66 1
25 141 2
12 98 1
10 17 2
42 47 2
34 83 2
5 112 1
6 127 2
34 35 2
6 23 2
39 142 1
13 143 2
6 25 2
21 36 2
28 36 2
11 70 1
42 105 2
39 120 2
33 43 2
28 148 2
3 26 2
28 94 2
24 47 2
0 81 2
5 22 2
20 25 2
4 134 2
13 27 2
41 116 2
25 115 1
20 23 2
19 31 2
21 56 2
12 122 2
12 14 2
37 123 2
20 126 2
12 129 2
34 145 1
9 19 2
26 102 1
26 50 1
6 48 2
40 59 2
16 45 2
8 15 2
21 84 2
31 54 2
48 134 1
19 72 2
8 9 2
45 69 2
43 87 2
9 100 2
35 54 1
32 43 2
25 109 1
0 41 2
5 57 1
14 16 2
24 30 2
7 93 2
24 90 1
29 62 2
2 88 1
48 119 2
19 85 2
8 62 2
14 104 1
31 59 1
28 98 1
35 87 2
40 84 1
20 46 2
32 134 2
6 78 1
15 33 2
10 128 1
14 48 2
27 51 2
8 111 1
29 35 2
1 13 2
17 140 2
3 8 2
31 112 2
13 19 2
23 146 2
6 120 2
41 124 2
9 48 2
10 29 2
20 35 2
6 65 1
22 44 2
6 101 2
0 113 2
42 80 2
46 83 2
37 41 2
7 74 2
25 44 2
25 82 2
26 33 2
7 51 1
4 11 2
3 7 2
2 27 2
3 13 2
47 53 1
21 138 2
45 87 1
39 45 2
34 36 2
8 127 2
20 47 2
2 77 1
30 35 2
15 124 2
18 40 2
41 51 1
5 64 2
26 140 1
48 90 1
20 60 2
49 74 2
32 149 1
22 106 2
24 28 2
48 147 2
14 25 2
28 110 2
23 118 2
45 97 2
15 105 2
8 72 1
5 34 2
49 121 1
37 65 2
47 108 1
3 27 2
38 87 2
4 142 2
29 134 2
14 125 1
17 20 2
13 46 2
4 35 2
25 97 2
22 35 2
13 138 2
7 92 1
41 119 2
28 137 2
20 40 2
30 68 2
11 102 2
29 66 1
48 137 2
32 78 2
6 137 2
12 26 2
42 100 1
26 130 2
25 47 2
41 141 2
21 65 2
26 59 2
17 116 2
8 123 2
6 111 2
29 34 2
30 66 2
36 147 2
6 36 2
18 38 2
38 60 2
2 17 2
39 147 1
0 30 2
6 58 2
17 79 2
26 41 2
37 100 2
14 54 2
19 33 2
40 71 2
49 88 1
31 126 2
3 34 2
30 58 2
20 34 2
11 23 2
5 21 2
33 41 2
22 83 1
8 16 2
27 44 2
21 41 2
40 76 2
13 25 2
9 57 2
15 17 2
21 62 1
3 48 2
28 46 2
8 69 2
21 51 1
5 41 2
31 36 2
36 37 2
10 25 2
24 146 1
8 137 1
24 98 2
35 36 2
41 103 2
33 98 1
15 110 1
43 104 2
16 108 2
9 26 2
27 101 1
4 98 2
18 23 2
25 125 1
24 147 2
44 129 2
27 62 1
13 73 1
33 58 2
19 30 2
36 40 2
34 130 1
22 74 1
0 97 2
5 24 2
9 11 2
46 105 2
30 149 2
9 21 2
17 119 2
13 33 2
5 61 2
13 17 2
3 23 2
26 127 2
1 24 2
4 37 2
7 16 2
21 53 2
10 125 2
18 34 2
40 125 1
1 132 2
38 44 2
2 21 2
17 41 2
23 141 2
17 18 2
11 43 2
19 132 2
45 144 2
12 50 1
23 138 2
33 40 2
42 48 2
13 45 2
9 109 2
9 38 2
3 94 1
34 94 2
0 46 2
46 90 1
1 29 2
0 37 2
18 41 2
5 37 2
3 44 2
23 32 2
28 107 2
8 58 2
44 121 2
1 6 2
16 20 2
4 33 2
4 29 2
15 90 2
37 48 2
31 58 1
4 89 1
29 49 2
42 135 1
5 10 2
11 22 2
23 123 2
35 44 2
33 55 1
4 14 2
5 27 2
33 36 2
19 112 1
29 96 2
29 146 1
3 68 1
5 43 2
17 46 2
23 124 2
42 46 2
6 13 2
22 49 2
3 73 1
23 31 2
45 115 1
4 13 2
1 14 2
44 68 2
12 19 2
10 38 2
45 80 2
27 98 2
43 122 2
38 39 2
12 31 2
23 135 1
2 41 2
1 30 2
23 125 1
0 61 2
44 49 2
3 10 2
12 145 2
14 120 1
8 96 1
5 39 2
18 31 2
8 26 2
14 22 2
8 37 2
44 91 2
1 64 2
24 129 2
9 22 2
45 46 2
24 34 2
0 118 2
39 67 1
13 100 1
29 85 2
26 90 2
42 138 2
10 42 2
26 46 2
0 20 2
47 88 2
9 27 2
10 20 2
18 70 1
26 147 2
27 35 2
23 25 2
42 116 2
6 34 2
31 49 2
31 107 2
20 45 2
16 43 2
4 12 2
10 18 2
6 45 2
16 130 1
33 128 2
9 14 2
33 143 1
20 27 2
24 77 1
3 123 1
10 135 2
26 113 2
14 96 2
5 121 2
6 41 2
16 131 2
25 48 2
17 21 2
16 25 2
5 124 2
4 136 1
11 33 2
48 117 1
3 99 2
30 138 2
17 120 1
26 29 2
38 135 2
1 75 2
40 99 2
32 108 2
10 70 2
18 48 2
12 60 2
9 31 2
19 87 2
26 129 2
12 101 2
18 27 2
1 47 2
49 87 2
33 49 2
13 86 2
20 110 1
11 35 2
28 29 2
44 98 2
8 32 2
19 98 2
24 108 2
35 96 1
45 49 2
43 45 2
29 93 2
38 106 2
19 48 2
13 96 2
20 28 2
34 115 2
49 134 2
0 6 2
49 110 1
47 77 2
20 127 2
30 72 1
5 38 2
11 25 2
12 117 2
26 116 2
29 46 2
10 39 2
11 44 2
27 34 2
45 128 2
42 63 1
14 149 2
34 122 1
42 81 1
19 146 2
31 41 2
25 65 1
19 129 2
1 43 2
15 117 1
17 127 1
9 46 2
47 78 2
4 126 2
12 37 2
6 37 2
17 23 2
5 79 1
2 44 2
4 120 2
16 80 2
20 24 2
19 92 2
6 115 2
8 17 2
40 44 2
15 42 2
0 47 2
1 121 2
17 22 2
45 70 2
5 80 1
13 14 2
18 124 2
4 140 2
6 22 2
6 16 2
35 46 2
28 122 2
44 75 2
13 116 2
49 67 2
16 65 2
8 39 2
9 32 2
16 96 2
7 15 2
38 69 1
22 104 1
46 63 1
25 54 1
31 148 2
49 69 1
48 57 2
14 79 2
36 68 2
9 28 2
18 35 2
0 83 2
18 28 2
6 90 2
4 90 2
6 12 2
29 129 2
32 36 2
12 34 2
7 31 2
20 22 2
7 49 2
5 13 2
15 46 2
33 52 2
14 94 2
8 28 2
40 86 1
33 50 2
12 36 2
3 40 2
10 24 2
30 41 2
7 14 2
38 41 2
38 124 1
28 80 1
29 43 2
18 145 1
34 90 2
19 34 2
1 10 2
20 76 2
19 26 2
23 40 2
18 44 2
2 36 2
13 16 2
35 56 1
2 45 2
33 37 2
8 113 2
7 96 2
25 55 1
3 9 2
18 137 1
1 22 2
1 40 2
2 3 2
8 24 2
22 107 2
9 15 2
9 86 2
9 101 1
40 67 2
19 120 2
12 13 2
8 49 2
1 41 2
12 23 2
3 116 2
30 39 2
9 35 2
8 42 2
37 43 2
21 43 2
0 34 2
31 47 2
36 85 2
38 86 2
47 101 2
0 89 2
14 40 2
15 50 1
10 55 1
15 116 1
12 35 2
13 23 2
11 24 2
20 30 2
12 64 2
41 113 1
31 131 2
12 22 2
11 19 2
11 34 2
20 99 2
14 105 2
8 18 2
40 64 2
21 137 1
26 110 2
7 102 2
11 38 2
27 31 2
37 88 2
49 83 2
7 110 1
29 78 2
4 28 2
1 93 1
14 24 2
37 61 2
3 70 1
17 124 2
28 93 1
7 19 2
27 75 1
8 46 2
23 145 1
34 125 2
13 105 2
16 63 1
32 143 1
22 143 1
36 48 2
34 146 1
9 82 2
26 49 2
5 145 2
17 38 2
7 47 2
7 38 2
24 75 2
43 57 2
21 108 1
5 59 2
48 143 1
3 49 2
23 97 2
24 85 2
25 33 2
4 6 2
18 140 1
0 69 2
23 137 2
18 75 2
23 24 2
37 89 1
36 44 2
27 125 2
28 72 1
4 97 1
24 82 2
21 27 2
15 128 1
30 37 2
38 40 2
1 104 1
48 87 1
46 87 2
37 87 2
20 90 2
60 120 1
31 89 2
18 24 1
20 38 1
90 116 1
15 30 1
35 127 2
20 89 1
40 82 1
46 113 1
23 106 2
47 112 2
33 127 1
28 32 1
12 92 1
34 149 1
16 48 1
16 116 1
26 106 1
47 116 1
19 127 1
72 112 1
82 91 1
31 127 2
28 38 1
48 144 1
30 67 2
11 135 2
15 26 1
38 113 2
4 39 1
19 116 1
