% n=90 p=60 d=0.66 p_blue=0.66
% k=0
24 42 2
44 78 2
41 70 2
15 75 2
53 69 2
14 80 1
15 42 2
10 30 2
24 57 1
19 49 2
29 71 1
7 11 2
3 53 2
0 30 2
20 56 2
12 19 2
11 88 2
9 74 2
25 85 1
7 53 2
15 46 2
34 50 2
19 76 1
44 74 2
52 83 1
46 59 2
2 54 2
28 32 2
2 44 2
38 51 2
14 38 2
44 69 2
40 58 2
52 55 2
34 36 2
47 87 2
7 52 2
34 85 1
47 50 2
8 47 2
3 75 1
29 74 2
39 47 2
17 37 2
24 79 1
10 58 2
51 82 2
16 55 1
42 69 1
1 64 1
45 49 2
1 79 2
46 61 1
35 51 2
10 47 2
39 41 2
33 80 2
18 73 2
16 57 2
53 88 1
10 28 2
37 87 2
39 53 2
32 38 2
14 40 2
14 35 2
6 76 2
49 88 2
8 51 2
19 79 2
39 46 2
21 48 2
11 76 2
6 37 2
4 63 2
6 20 2
48 59 2
8 20 2
3 19 2
19 81 2
14 27 2
8 50 2
53 75 1
42 66 2
14 48 2
10 77 2
17 18 2
22 58 2
16 23 2
14 73 2
46 57 2
42 63 1
45 85 1
45 79 2
30 64 1
53 64 2
5 61 2
27 61 2
14 36 2
16 29 2
24 46 2
2 23 2
6 78 1
7 89 2
0 16 2
32 46 2
52 65 2
7 82 2
20 82 2
2 66 1
23 84 2
0 4 2
25 63 2
34 41 2
34 45 2
24 40 2
38 49 2
44 51 2
3 88 2
53 82 2
25 76 2
17 47 2
26 47 2
17 71 1
6 34 2
31 88 2
4 64 1
39 74 2
24 35 2
5 20 2
51 59 2
1 71 2
50 52 2
24 59 2
10 41 2
22 45 2
8 41 2
28 71 1
37 77 1
12 73 1
47 48 2
29 68 2
9 30 2
30 75 1
33 40 2
24 72 1
5 34 2
32 63 1
17 52 2
28 52 2
39 55 1
25 65 1
27 31 2
52 70 2
33 39 2
44 48 2
11 81 2
24 49 2
23 50 2
19 27 2
51 71 2
6 44 2
50 63 2
3 51 2
31 81 2
23 27 2
12 55 2
45 59 2
51 53 2
4 34 2
1 6 2
23 26 2
17 76 2
39 49 2
28 53 2
2 15 2
24 77 2
2 80 2
19 61 2
36 49 2
19 89 2
17 78 1
42 52 2
25 27 2
43 44 2
6 24 2
2 34 2
38 42 2
46 63 2
19 52 2
17 74 2
6 80 2
51 76 2
43 62 2
2 6 2
28 67 2
10 76 1
12 14 2
9 64 1
39 62 2
9 12 2
45 66 2
29 65 2
5 77 2
2 35 2
24 53 2
1 43 2
7 31 2
1 53 2
26 72 2
27 36 2
12 40 2
30 74 1
19 75 1
40 54 2
47 76 2
1 21 2
24 38 2
32 44 2
2 76 2
40 87 1
25 44 2
5 47 2
25 66 2
10 36 2
35 41 2
37 80 2
3 48 2
16 31 2
40 45 2
15 22 2
26 50 2
9 76 2
0 49 2
33 67 1
53 61 2
0 54 2
11 84 1
31 43 2
15 49 2
47 69 2
23 88 1
15 53 2
13 58 1
43 88 1
28 29 2
33 84 1
5 7 2
4 18 2
30 40 2
16 40 2
48 55 2
39 54 2
6 8 2
19 43 2
39 87 1
37 50 2
27 46 2
9 13 2
6 16 2
1 35 2
15 27 2
20 29 2
25 26 2
9 37 2
14 34 2
12 43 2
24 78 1
13 86 2
21 31 2
18 26 2
13 37 2
18 37 2
44 81 1
47 89 2
43 48 2
3 23 2
5 81 1
10 49 2
12 74 2
4 37 2
15 31 2
18 28 2
24 37 2
40 80 2
8 66 2
0 28 2
7 41 2
1 38 2
27 68 1
14 66 1
11 17 2
44 88 1
32 50 2
23 24 2
23 47 2
11 48 2
37 41 2
35 75 2
8 85 2
34 86 1
4 25 2
30 32 2
24 68 2
18 42 2
52 81 1
21 34 2
27 38 2
0 31 2
9 79 2
8 79 2
11 42 2
14 30 2
16 42 2
2 53 2
4 30 2
22 50 2
0 53 2
15 76 2
26 52 2
31 37 2
31 64 2
18 74 2
6 84 2
1 10 2
4 85 2
3 68 2
43 78 2
34 80 2
9 45 2
26 36 2
33 38 2
6 71 2
4 49 2
16 41 2
5 65 1
42 74 2
18 80 2
12 63 1
28 37 2
9 27 2
51 67 2
15 57 1
37 55 1
34 49 2
14 60 1
8 52 2
5 8 2
5 50 2
6 15 2
42 83 1
52 87 2
46 56 2
1 40 2
3 35 2
33 37 2
24 63 2
34 87 1
28 49 2
7 74 1
23 37 2
21 55 2
46 70 2
18 60 2
33 49 2
0 75 2
16 22 2
52 63 2
43 77 2
48 81 2
9 52 2
9 16 2
50 53 2
6 47 2
10 24 2
45 82 2
23 61 1
17 81 2
27 82 1
32 56 2
33 74 2
1 60 2
25 68 1
51 81 2
19 42 2
37 88 1
9 11 2
42 72 2
0 67 2
30 71 2
30 87 2
24 51 2
8 35 2
9 65 2
9 87 1
20 51 2
42 59 1
51 87 2
32 39 2
20 28 2
45 61 1
5 56 2
23 32 2
1 11 2
2 28 2
9 40 2
15 81 2
17 44 2
1 73 2
25 55 2
35 48 2
19 64 2
10 14 2
35 82 2
35 83 2
48 77 1
11 43 2
46 76 1
20 45 2
50 55 2
42 43 2
4 17 2
5 35 2
26 65 2
39 84 2
1 3 2
26 83 2
14 31 2
9 31 2
1 83 2
43 47 2
36 39 2
44 63 2
49 52 2
15 18 2
38 87 2
4 58 2
53 56 2
50 56 2
40 88 1
6 10 2
33 88 2
26 35 2
1 20 2
5 36 2
11 61 2
22 71 2
44 72 1
2 26 2
6 59 1
8 32 2
53 72 2
6 41 2
45 53 2
43 65 2
17 48 2
16 37 2
31 85 1
30 49 2
47 77 1
35 37 2
13 84 1
25 87 2
3 10 2
17 22 2
27 37 2
32 64 2
30 43 2
19 54 1
1 65 2
28 86 2
24 76 1
25 45 2
14 47 2
4 19 2
35 36 2
21 24 2
11 49 2
35 76 1
21 51 2
0 89 2
50 89 2
14 64 2
7 26 2
32 43 2
26 27 2
9 50 2
18 27 2
7 47 2
17 41 2
22 44 2
49 86 2
40 72 1
16 47 2
2 73 2
6 83 1
33 34 2
7 84 2
31 39 2
44 53 2
19 29 2
2 16 2
3 17 2
10 23 2
12 47 2
12 52 2
16 25 2
14 28 2
19 62 1
4 33 2
36 56 2
9 29 2
7 85 2
3 54 2
10 20 2
14 56 2
50 61 2
40 41 2
15 25 2
42 71 2
17 51 2
3 81 2
50 54 2
36 89 2
1 26 2
5 24 2
37 42 2
40 85 1
2 89 1
40 43 2
17 29 2
43 56 2
52 84 2
21 40 2
7 64 2
38 45 2
1 50 2
2 30 2
22 59 1
3 84 2
35 88 2
41 54 2
8 76 1
4 36 2
24 28 2
13 77 2
30 31 2
7 40 2
43 79 2
3 39 2
33 70 2
2 55 2
32 67 2
31 68 2
26 31 2
38 54 2
11 47 2
21 86 1
1 36 2
1 24 2
18 31 2
23 42 2
14 16 2
1 39 2
7 23 2
36 58 2
43 70 2
4 23 2
38 46 2
21 49 2
8 12 2
41 67 2
20 73 1
8 36 2
44 70 1
9 47 2
30 59 2
13 52 2
3 74 2
21 41 2
31 50 2
20 44 2
42 46 2
24 74 1
40 73 1
23 76 1
18 19 2
24 56 2
39 85 2
16 48 2
8 28 2
20 40 2
18 22 2
3 86 2
23 72 2
33 71 2
12 35 2
13 66 2
7 30 2
49 68 1
11 52 2
26 43 2
12 80 2
3 43 2
11 50 2
35 60 1
47 51 2
6 28 2
0 14 2
12 21 2
6 18 2
18 79 2
2 32 2
26 80 1
17 35 2
52 66 1
37 78 2
46 85 2
28 36 2
16 32 2
19 40 2
34 54 2
22 35 2
0 88 1
20 25 2
4 51 2
11 72 2
28 48 2
14 15 2
17 42 2
16 53 2
22 89 2
31 89 2
29 46 2
17 31 2
17 77 2
10 61 2
13 64 2
27 79 2
25 43 2
41 69 2
29 37 2
0 32 2
23 66 2
13 82 1
48 52 2
8 78 1
17 67 2
29 36 2
9 53 2
34 88 1
2 42 2
29 80 2
35 38 2
20 75 1
7 78 2
44 75 2
15 89 2
20 41 2
5 53 2
25 32 2
25 75 2
28 45 2
1 44 2
21 83 1
13 88 2
3 27 2
18 55 1
25 37 2
38 80 1
34 52 2
5 46 2
4 83 2
36 75 2
40 69 2
46 73 2
18 32 2
44 86 2
8 69 2
43 52 2
0 18 2
29 53 2
21 30 2
25 79 2
26 86 2
41 73 2
28 72 2
26 30 2
24 71 2
29 81 1
9 25 2
7 56 2
30 60 1
25 48 2
34 42 2
50 84 2
21 79 2
46 79 2
14 44 2
23 46 2
12 53 2
24 34 2
43 67 2
46 50 2
40 65 2
20 23 2
50 81 1
24 58 1
9 56 2
6 63 2
0 26 2
52 71 2
32 34 2
6 11 2
18 50 2
7 36 2
32 82 1
26 88 2
27 66 2
13 45 2
31 79 1
1 46 2
6 49 2
2 75 1
22 40 2
1 82 1
45 55 1
1 16 2
3 15 2
17 64 2
20 50 2
32 87 2
35 63 2
11 23 2
26 39 2
16 46 2
11 73 2
32 62 2
1 33 2
20 43 2
11 68 2
25 71 2
13 14 2
0 78 1
21 72 2
45 60 2
8 45 2
39 48 2
16 82 2
38 60 2
36 60 2
0 86 2
41 66 2
4 50 2
40 52 2
27 32 2
4 42 2
11 82 2
27 71 2
11 35 2
26 49 2
10 19 2
45 57 1
47 79 1
40 55 2
36 37 2
14 39 2
21 61 1
16 86 1
43 71 1
16 62 2
34 39 2
27 44 2
26 85 2
5 42 2
14 46 2
5 39 2
23 40 2
47 84 2
45 77 2
19 53 2
44 46 2
18 67 1
5 89 2
31 59 1
53 63 2
4 38 2
2 7 2
34 51 2
1 45 2
27 49 2
14 49 2
1 9 2
34 47 2
26 71 1
47 82 1
6 48 2
40 79 1
25 46 2
1 15 2
0 8 2
26 74 1
15 35 2
38 48 2
28 78 2
27 47 2
17 21 2
20 52 2
46 53 2
11 24 2
12 50 2
11 26 2
33 43 2
46 51 2
1 29 2
14 54 1
39 60 1
44 68 2
5 31 2
7 33 2
14 70 2
9 18 2
22 81 1
18 34 2
6 67 1
26 89 2
36 50 2
41 42 2
40 51 2
30 50 2
36 85 2
6 14 2
28 46 2
10 52 2
17 32 2
53 80 2
21 43 2
5 48 2
32 80 2
13 56 1
1 81 2
15 34 2
13 32 2
19 83 2
27 35 2
19 38 2
48 62 2
31 63 1
32 48 2
44 77 1
35 49 2
0 23 2
20 69 2
24 26 2
22 33 2
23 38 2
31 38 2
21 53 2
41 44 2
23 45 2
22 32 2
25 35 2
28 65 2
36 63 1
53 55 1
38 53 2
3 12 2
12 72 2
24 48 2
50 73 2
36 67 2
31 42 2
8 29 2
49 89 2
23 28 2
41 85 2
12 75 2
7 29 2
48 80 2
36 66 1
38 40 2
18 83 2
20 26 2
25 83 2
52 73 1
9 69 1
27 45 2
23 34 2
14 84 1
0 52 2
27 52 2
4 84 2
22 51 2
29 30 2
49 51 2
17 45 2
49 53 2
40 50 2
29 76 2
30 47 2
6 25 2
26 45 2
33 55 2
2 5 2
36 51 2
45 50 2
14 88 2
25 51 2
2 8 2
5 59 2
37 49 2
52 78 2
12 61 1
9 83 2
7 49 2
12 85 2
20 66 1
6 40 2
50 51 2
33 72 2
5 19 2
10 32 2
3 28 2
46 72 2
25 60 2
40 57 2
5 12 2
3 13 2
35 61 1
37 66 1
6 61 1
41 47 2
10 56 2
41 45 2
43 83 2
40 83 2
2 86 2
34 79 2
28 56 2
41 74 1
44 76 2
15 17 2
26 37 2
29 49 2
34 40 2
5 80 2
32 52 2
22 78 2
31 78 2
28 34 2
20 65 2
32 78 2
36 41 2
6 65 2
24 65 1
17 86 2
3 22 2
13 54 2
31 77 1
51 56 2
16 76 1
13 49 2
41 79 1
38 73 2
50 67 1
11 69 1
36 53 2
34 66 2
42 80 2
7 77 2
24 41 2
24 36 2
23 64 1
23 73 2
35 44 2
8 43 2
49 60 1
2 43 2
12 24 2
11 38 2
15 43 2
0 5 2
19 33 2
31 53 2
26 44 2
40 42 2
3 38 2
16 66 2
17 54 1
19 46 2
0 3 2
32 85 1
17 53 2
16 45 2
15 59 2
17 23 2
39 45 2
15 51 2
15 84 2
43 68 2
10 65 2
14 52 2
2 45 2
1 89 1
49 72 1
22 84 1
13 23 2
10 40 2
12 42 2
35 87 1
10 38 2
31 51 2
34 72 1
13 19 2
2 60 2
9 55 2
7 19 2
22 53 2
14 43 2
18 75 1
8 30 2
3 46 2
21 22 2
23 33 2
4 9 2
14 29 2
8 15 2
52 72 1
31 57 2
1 87 2
30 34 2
0 82 2
29 75 2
0 46 2
17 62 2
22 46 2
24 67 2
0 36 2
36 46 2
17 57 2
1 13 2
38 57 2
44 45 2
15 33 2
5 23 2
10 39 2
7 86 2
11 30 2
52 54 2
0 57 2
12 67 2
4 69 1
36 45 2
37 70 2
3 14 2
12 81 2
17 19 2
26 40 2
17 25 2
9 22 2
7 27 2
32 58 2
13 51 2
15 60 2
35 71 2
6 68 2
31 34 2
27 41 2
37 60 1
15 40 2
4 61 2
27 43 2
39 43 2
30 46 2
36 42 2
53 83 2
39 86 2
12 23 2
20 39 2
1 67 2
35 77 2
53 76 2
21 37 2
4 72 2
11 40 2
12 79 1
8 21 2
7 76 2
30 81 2
16 30 2
48 89 1
4 47 2
19 66 2
15 44 2
13 33 2
11 20 2
46 58 2
6 29 2
12 84 1
11 63 1
17 88 1
28 43 2
12 26 2
3 49 2
9 57 2
4 45 2
6 17 2
12 13 2
28 59 2
22 30 2
51 77 2
39 63 1
13 30 2
9 88 2
1 25 2
52 89 2
9 14 2
16 43 2
4 46 2
11 13 2
17 36 2
6 72 1
9 39 2
21 38 2
12 30 2
26 82 2
40 78 2
2 24 2
21 25 2
15 32 2
19 28 2
46 88 2
1 19 2
25 49 2
27 33 2
8 75 2
30 35 2
15 83 2
27 28 2
29 87 2
33 61 2
48 49 2
45 73 1
12 28 2
32 69 2
38 52 2
42 67 2
29 79 2
7 66 2
31 75 1
35 42 2
28 87 2
42 58 1
4 66 2
50 59 2
20 71 1
31 47 2
3 45 2
40 56 2
5 10 2
13 43 2
48 68 2
6 19 2
40 44 2
34 78 2
48 51 2
49 74 1
1 14 2
9 71 2
1 66 1
31 72 1
7 46 2
19 41 2
5 49 2
23 49 2
17 58 2
17 20 2
16 36 2
14 65 1
13 27 2
22 66 1
45 54 2
37 73 2
9 21 2
33 47 2
11 39 2
5 28 2
29 73 1
47 55 1
14 18 2
20 86 2
4 43 2
8 24 2
11 29 2
27 73 1
5 40 2
7 10 2
1 61 2
36 81 1
1 34 2
36 72 1
8 54 2
15 36 2
7 44 2
15 66 2
27 30 2
23 79 2
45 47 2
37 43 2
5 6 2
6 75 1
9 67 2
26 38 2
30 36 2
12 51 2
26 58 2
15 73 2
52 86 2
29 33 2
26 66 1
6 22 2
43 64 2
23 30 2
2 64 2
18 68 1
5 11 2
16 27 2
37 71 1
10 50 2
17 33 2
10 29 2
12 25 2
15 55 2
40 74 2
18 76 2
37 65 1
26 54 2
40 60 2
36 82 1
29 51 2
0 79 2
50 70 2
4 41 2
51 54 2
11 12 2
36 86 2
3 32 2
7 48 2
38 66 2
28 30 2
10 43 2
10 82 2
2 71 2
16 38 2
25 67 2
32 45 2
48 58 2
10 21 2
0 84 2
3 82 1
22 43 2
18 70 2
3 50 2
11 34 2
21 47 2
37 59 1
34 74 1
3 24 2
35 53 2
16 60 1
6 55 2
6 21 2
5 44 2
22 55 2
13 79 1
31 55 2
34 43 2
27 62 1
10 16 2
5 27 2
21 85 2
32 35 2
15 45 2
23 41 2
25 42 2
34 83 1
41 76 2
26 87 2
53 70 2
9 84 1
50 74 2
15 24 2
22 63 2
8 84 2
49 62 1
37 40 2
40 61 2
7 32 2
49 67 1
25 47 2
43 51 2
30 89 2
17 34 2
23 83 1
11 53 2
31 82 1
34 67 2
46 80 2
5 26 2
2 20 2
7 42 2
14 26 2
28 44 2
42 49 2
19 21 2
49 58 2
38 39 2
16 34 2
32 79 2
28 40 2
9 24 2
50 88 1
12 49 2
15 39 2
1 17 2
43 82 2
17 56 1
17 59 2
8 87 1
0 39 2
30 84 2
9 33 2
26 76 2
9 36 2
4 31 2
24 44 2
19 26 2
19 87 1
49 54 2
42 53 2
17 65 1
26 81 2
2 84 1
29 54 2
8 13 2
22 82 1
31 70 1
9 80 1
43 53 2
37 84 2
53 71 1
48 66 2
28 35 2
38 74 2
13 72 2
37 54 1
31 52 2
28 42 2
53 65 2
49 70 2
51 78 2
0 6 2
6 13 2
42 70 2
47 53 2
0 83 2
10 62 2
17 28 2
19 67 2
5 33 2
6 42 2
4 32 2
38 63 1
53 81 2
10 87 2
8 11 2
3 29 2
7 14 2
4 16 2
34 46 2
16 17 2
13 44 2
22 80 1
6 31 2
24 60 2
24 81 1
11 56 2
44 56 2
17 27 2
22 49 2
19 51 2
16 88 2
18 66 2
17 24 2
21 35 2
45 64 2
17 55 1
22 31 2
52 62 2
29 32 2
3 9 2
20 38 2
14 45 2
11 54 2
35 68 2
24 27 2
1 37 2
10 63 1
25 29 2
23 48 2
18 86 2
29 62 1
9 63 2
30 53 2
6 58 1
0 33 2
20 54 2
7 65 2
49 84 1
3 47 2
6 36 2
25 86 2
16 50 2
24 73 2
9 70 1
6 74 1
2 37 2
4 40 2
18 46 2
7 71 1
32 73 2
21 23 2
21 42 2
42 82 2
16 39 2
7 43 2
6 89 1
23 81 2
13 24 2
4 20 2
23 52 2
14 57 1
15 52 2
20 84 1
14 25 2
33 52 2
39 78 1
21 50 2
29 31 2
22 57 2
21 60 2
5 66 1
47 56 1
28 33 2
5 43 2
46 78 2
12 31 2
5 32 2
13 46 2
39 76 2
30 85 2
43 63 2
5 51 2
1 75 2
26 64 1
22 86 2
11 14 2
43 46 2
29 66 1
6 46 2
30 41 2
7 69 2
22 52 2
50 66 2
6 23 2
34 82 2
24 45 2
4 87 2
29 78 1
18 58 2
50 75 2
39 56 2
36 73 1
0 68 1
52 59 1
6 56 2
8 64 1
14 51 2
30 52 2
2 31 2
24 86 1
35 45 2
6 81 1
11 15 2
12 44 2
42 64 2
6 69 2
15 50 2
19 31 2
16 68 2
41 50 2
53 66 2
6 33 2
35 56 2
9 35 2
42 47 2
22 62 1
44 71 2
8 40 2
30 77 2
21 66 2
47 70 2
40 48 2
46 49 2
32 83 1
21 52 2
3 40 2
48 70 2
35 52 2
16 49 2
26 67 2
30 48 2
32 40 2
5 15 2
21 75 2
8 72 2
14 19 2
9 19 2
7 17 2
17 89 2
19 86 2
5 13 2
46 74 2
0 74 2
0 42 2
31 80 2
27 86 2
7 59 2
37 39 2
31 49 2
38 61 1
39 70 1
49 80 2
16 26 2
42 84 2
29 77 2
19 24 2
11 28 2
10 45 2
5 25 2
30 58 1
33 53 2
37 52 2
46 87 2
4 67 2
9 10 2
25 80 2
23 53 2
18 53 2
7 68 2
3 36 2
19 32 2
36 38 2
4 24 2
14 41 2
5 37 2
4 56 1
34 44 2
37 67 2
4 53 2
19 65 1
12 62 1
7 72 2
36 62 1
10 86 2
30 38 2
30 44 2
6 32 2
46 55 2
51 52 2
38 67 1
25 33 2
2 41 2
13 28 2
22 28 2
10 27 2
4 6 2
5 87 2
12 20 2
15 41 2
12 68 1
13 78 2
35 74 1
10 73 1
32 84 2
38 76 2
3 70 2
8 44 2
24 30 2
16 28 2
18 51 2
14 59 2
8 10 2
13 69 1
41 46 2
0 76 1
45 51 2
21 71 2
45 83 1
10 18 2
48 73 2
38 41 2
43 45 2
31 36 2
13 83 1
27 51 2
53 59 2
34 68 2
2 51 2
45 87 2
6 79 2
18 38 2
6 43 2
26 63 2
11 19 2
5 57 1
37 83 2
44 49 2
3 6 2
12 88 2
7 18 2
25 50 2
45 74 2
33 89 2
45 71 1
53 79 1
13 59 1
2 39 2
12 32 2
27 76 2
24 69 2
4 22 2
8 48 2
20 33 2
36 52 2
41 84 1
10 26 2
2 21 2
41 53 2
53 62 2
0 1 2
13 18 2
50 65 2
41 64 2
48 54 1
10 33 2
35 47 2
7 9 2
4 28 2
20 34 2
18 25 2
27 84 2
41 80 1
4 78 2
31 67 2
21 63 2
2 63 2
34 60 2
11 22 2
1 62 1
4 10 2
15 20 2
7 80 1
16 70 1
21 82 2
32 51 2
1 55 1
49 85 1
9 32 2
30 83 2
47 58 1
46 86 2
13 17 2
20 87 1
6 60 2
37 48 2
36 40 2
20 37 2
46 48 2
25 36 2
6 39 2
7 21 2
11 60 1
0 7 2
9 49 2
15 19 2
11 27 2
43 85 2
6 87 1
2 3 2
16 44 2
28 31 2
32 49 2
1 68 2
42 77 1
20 58 1
31 46 2
34 73 2
35 40 2
32 42 2
12 83 1
13 53 2
21 39 2
11 25 2
6 88 2
4 5 2
51 61 1
18 36 2
39 75 1
33 44 2
23 74 2
25 89 1
29 47 2
6 70 2
15 48 2
36 43 2
2 50 2
33 45 2
28 88 2
27 69 1
12 45 2
19 55 2
23 59 2
12 58 2
33 50 2
48 64 1
26 68 2
8 88 2
16 52 2
14 61 2
40 59 2
18 81 2
3 5 2
16 64 2
22 38 2
39 40 2
37 74 1
24 39 2
14 71 1
7 38 2
0 21 2
41 43 2
45 62 2
15 62 1
14 37 2
12 70 1
22 34 2
2 36 2
25 58 1
26 56 1
51 63 2
23 43 2
25 34 2
5 73 2
23 29 2
51 85 2
29 52 2
8 49 2
8 46 2
1 63 2
19 45 2
44 62 1
13 40 2
23 25 2
3 21 2
22 67 2
43 59 2
38 85 2
2 78 2
0 13 2
12 15 2
1 59 2
44 61 1
44 52 2
18 35 2
34 81 1
45 46 2
19 72 2
19 70 2
25 61 2
0 2 2
19 59 2
2 19 2
14 86 2
2 40 2
51 65 2
41 48 2
20 24 2
9 43 2
24 82 1
12 22 2
10 51 2
23 87 2
43 86 2
25 77 2
36 65 2
7 12 2
35 46 2
10 17 2
34 75 2
28 73 1
31 44 2
5 18 2
32 66 1
47 86 2
22 23 2
46 60 2
37 47 2
43 80 1
36 83 2
16 74 2
14 82 1
18 47 2
13 34 2
1 32 2
21 26 2
3 79 2
0 85 2
14 32 2
49 55 1
19 88 2
2 52 2
2 10 2
26 48 2
4 21 2
8 19 2
22 29 2
31 62 1
28 55 2
16 33 2
28 41 2
46 89 2
50 85 2
7 20 2
0 44 2
25 59 2
9 46 2
7 24 2
28 58 2
27 88 1
31 33 2
29 39 2
11 37 2
4 74 1
6 7 2
17 87 2
47 78 2
12 29 2
23 58 2
50 62 2
31 60 2
3 30 2
3 78 2
0 29 2
3 42 2
26 46 2
4 8 2
25 30 2
0 80 2
4 75 2
5 17 2
2 48 2
24 29 2
8 31 2
0 37 2
3 7 2
8 37 2
17 85 2
29 64 2
0 87 2
51 55 2
8 65 1
18 87 1
19 37 2
16 63 2
19 80 2
4 44 2
48 56 2
30 37 2
49 82 1
48 85 2
5 85 2
3 56 2
29 40 2
51 69 2
5 70 1
9 17 2
31 83 2
1 41 2
35 64 2
38 62 1
10 25 2
2 18 2
26 75 2
53 89 1
29 42 2
31 32 2
1 4 2
12 36 2
18 72 1
0 58 2
4 73 2
4 7 2
24 47 2
2 46 2
29 57 1
4 59 2
22 41 2
3 69 1
26 34 2
33 69 2
19 39 2
8 62 1
9 82 2
39 72 2
43 60 2
7 16 2
0 24 2
35 80 1
9 51 2
52 67 1
16 71 1
12 87 2
51 57 2
4 35 2
14 20 2
30 82 1
1 27 2
11 18 2
35 73 2
11 58 1
1 7 2
12 33 2
9 86 1
41 83 1
21 33 2
42 73 1
32 47 2
39 44 2
30 61 2
9 89 1
31 74 2
5 67 2
17 38 2
8 14 2
39 52 2
21 44 2
43 76 2
41 61 2
44 83 2
38 83 1
12 27 2
6 35 2
12 77 1
24 31 2
17 82 1
18 24 2
6 12 2
27 53 2
10 11 2
0 25 2
33 36 2
15 68 2
49 79 2
26 57 1
7 57 2
47 83 2
20 47 2
1 77 2
15 30 2
21 46 2
28 51 2
8 33 2
8 26 2
52 56 2
15 37 2
7 8 2
31 71 2
23 69 2
52 64 2
23 36 2
27 77 2
26 29 2
27 29 2
16 67 1
7 28 2
19 50 2
52 77 1
12 18 2
39 89 1
22 76 1
39 51 2
49 66 2
1 2 2
22 39 2
22 74 1
2 9 2
19 30 2
5 21 2
25 38 2
33 87 2
25 39 2
50 68 1
53 73 2
8 73 2
3 65 2
11 41 2
9 20 2
34 69 1
1 8 2
14 33 2
40 70 2
7 39 2
27 75 1
3 37 2
4 65 2
33 42 2
10 85 2
18 59 2
38 71 2
8 9 2
5 55 2
39 66 1
33 60 2
18 23 2
7 51 2
39 58 1
4 27 2
49 50 2
20 42 2
27 56 2
5 16 2
12 48 2
30 73 2
27 64 2
38 84 2
5 22 2
0 43 2
8 27 2
41 71 2
42 50 2
9 26 2
21 27 2
5 76 1
0 9 2
14 21 2
2 29 2
0 22 2
17 50 2
8 38 2
20 68 2
45 72 1
38 44 2
35 70 2
45 88 2
47 49 2
6 52 2
27 50 2
27 60 1
4 15 2
27 42 2
36 48 2
5 52 2
10 79 2
31 45 2
17 39 2
3 63 1
37 53 2
14 69 2
48 83 1
18 44 2
10 44 2
27 48 2
0 73 2
24 89 2
15 72 2
46 83 2
42 44 2
9 15 2
29 35 2
0 19 2
11 62 2
30 69 2
29 59 2
42 68 1
15 61 2
10 31 2
33 51 2
18 78 1
25 41 2
7 58 2
50 72 2
10 54 1
40 76 2
46 52 2
7 83 1
11 33 2
40 67 2
42 86 2
13 63 2
44 80 2
19 22 2
19 60 1
35 81 2
28 47 2
8 59 1
45 63 2
37 46 2
13 31 2
23 65 2
9 28 2
0 17 2
8 42 2
45 76 1
45 48 2
27 89 1
11 70 2
40 68 2
15 82 2
51 80 2
14 17 2
37 76 2
3 66 1
30 67 2
50 80 2
29 38 2
34 56 2
7 22 2
10 22 2
25 53 2
46 54 2
0 47 2
20 63 1
6 45 2
52 82 2
9 61 2
34 37 2
22 27 2
8 82 1
2 14 2
21 32 2
41 49 2
42 48 2
18 40 2
2 22 2
4 52 2
12 38 2
5 79 2
0 12 2
39 50 2
32 54 1
32 33 2
33 59 2
19 48 2
11 45 2
37 51 2
17 26 2
11 16 2
19 69 2
3 85 2
2 33 2
21 58 2
48 74 1
0 38 2
32 77 2
51 64 2
1 5 2
53 86 2
27 83 1
30 76 2
0 65 2
7 50 2
0 20 2
19 36 2
21 76 1
21 54 1
48 69 2
4 39 2
44 50 2
4 11 2
20 21 2
45 68 2
3 4 2
40 63 2
30 45 2
16 20 2
36 69 2
26 61 1
19 23 2
16 24 2
20 46 2
4 12 2
16 18 2
29 34 2
48 87 1
17 49 2
12 17 2
12 16 2
35 43 2
11 21 2
13 29 2
47 71 2
37 38 2
42 55 2
4 54 1
14 87 2
8 39 2
50 78 1
18 29 2
12 64 2
34 53 2
45 80 1
14 53 2
11 31 2
20 35 2
10 15 2
24 33 2
38 82 2
7 35 2
45 52 2
21 28 2
23 62 2
14 24 2
31 40 2
11 89 2
32 55 2
4 68 2
5 82 2
29 48 2
7 25 2
27 78 2
35 54 2
14 83 2
37 44 2
17 30 2
8 58 1
9 41 2
36 55 1
0 27 2
50 83 1
20 36 2
4 57 2
36 44 2
5 45 2
10 35 2
19 25 2
3 52 2
9 38 2
13 22 2
48 86 2
13 26 2
7 15 2
16 19 2
6 86 2
29 67 1
26 28 2
2 27 2
31 35 2
4 29 2
11 32 2
3 20 2
7 37 2
26 51 2
12 41 2
2 13 2
21 45 2
1 52 2
36 71 1
43 50 2
44 67 1
45 78 2
7 62 1
5 14 2
29 50 2
11 77 2
30 39 2
11 44 2
0 35 2
34 48 2
49 61 1
48 67 2
34 59 2
0 72 1
38 65 2
25 31 2
1 28 2
2 81 2
5 30 2
26 53 2
18 57 1
14 75 1
8 18 2
13 50 2
18 21 2
40 49 2
0 61 1
15 16 2
0 51 2
47 67 2
44 85 2
3 33 2
12 39 2
1 47 2
8 17 2
2 69 2
2 4 2
23 70 2
23 51 2
15 47 2
28 39 2
23 77 2
5 63 2
13 87 2
13 41 2
5 83 2
26 59 1
48 82 2
6 38 2
47 52 2
21 36 2
20 53 2
39 42 2
32 53 2
18 39 2
3 83 1
9 23 2
35 39 2
36 78 1
7 45 2
2 82 2
48 61 1
13 16 2
34 38 2
7 67 1
10 12 2
48 50 2
28 60 2
14 72 2
42 61 2
2 49 2
29 43 2
32 37 2
39 68 2
14 22 2
22 24 2
44 84 1
1 88 1
39 73 2
13 57 2
9 42 2
6 26 2
0 34 2
47 57 2
42 51 2
40 53 2
3 31 2
38 56 2
16 21 2
18 43 2
18 41 2
21 56 2
30 33 2
22 25 2
26 33 2
18 71 2
3 26 2
30 62 1
32 88 2
8 53 2
25 78 2
9 48 2
11 59 2
4 26 2
2 38 2
2 11 2
32 36 2
35 62 1
28 38 2
8 23 2
13 15 2
31 87 1
5 86 1
33 68 2
0 48 2
30 65 2
16 77 2
26 60 1
14 42 2
3 34 2
1 57 2
5 60 2
51 75 1
51 62 2
44 64 2
40 71 1
20 27 2
25 52 2
20 72 1
31 48 2
24 43 2
19 34 2
35 78 1
3 16 2
22 37 2
10 37 2
24 54 2
29 45 2
16 65 1
22 79 1
11 46 2
23 44 2
5 72 2
5 64 2
33 46 2
28 79 2
0 40 2
20 31 2
23 82 1
1 22 2
16 35 2
8 16 2
21 29 2
15 23 2
16 78 2
18 89 2
26 78 1
33 64 1
38 79 2
34 65 1
4 14 2
18 82 1
18 20 2
42 87 2
2 17 2
13 47 2
45 81 2
28 84 2
6 50 2
22 47 2
2 25 2
14 50 2
27 67 2
40 89 2
45 86 1
15 63 2
16 79 1
49 65 2
29 44 2
31 54 2
38 50 2
18 49 2
3 73 2
20 32 2
18 52 2
0 50 2
53 60 2
15 71 2
27 34 2
15 78 2
23 39 2
12 57 2
13 42 2
35 57 1
49 78 2
12 37 2
22 87 2
12 46 2
52 53 2
26 77 2
19 47 2
51 84 2
15 21 2
7 13 2
32 59 2
32 72 2
8 25 2
49 81 1
20 22 2
23 80 2
53 58 2
24 25 2
5 9 2
21 62 2
13 20 2
1 18 2
24 52 2
38 68 2
13 21 2
33 66 1
34 71 2
16 56 2
10 55 1
10 13 2
2 12 2
45 65 2
19 20 2
47 73 2
30 78 2
5 75 1
10 34 2
10 42 2
31 76 2
6 51 2
0 15 2
23 31 2
7 87 2
47 63 2
41 51 2
0 62 1
13 48 2
8 22 2
44 47 2
14 23 2
20 67 2
48 53 2
1 12 2
1 31 2
19 44 2
8 86 1
42 45 2
20 49 2
3 11 2
16 84 2
34 35 2
5 38 2
6 27 2
16 51 2
5 41 2
11 51 2
11 36 2
8 68 1
6 30 2
50 76 1
48 60 2
33 48 2
50 82 2
7 81 2
0 45 2
3 18 2
13 38 2
25 69 2
21 81 2
1 23 2
13 36 2
17 40 2
26 84 2
43 49 2
19 35 2
3 89 2
19 56 2
2 47 2
36 47 2
13 35 2
13 25 2
47 88 1
31 41 2
32 81 2
27 39 2
25 28 2
43 84 2
33 35 2
25 40 2
23 86 1
18 48 2
22 48 2
44 55 2
18 33 2
2 68 1
22 75 2
26 79 2
10 46 2
42 81 1
3 25 2
0 10 2
0 11 2
26 32 2
3 41 2
30 51 2
14 79 2
36 70 2
49 83 2
46 47 2
37 45 2
52 76 1
8 34 2
28 76 2
37 89 2
29 55 2
10 71 1
38 77 1
5 88 1
24 85 2
51 88 2
24 32 2
41 87 1
33 41 2
15 38 2
35 50 2
36 61 1
33 54 2
13 65 2
38 47 2
40 75 2
17 43 2
34 58 1
10 48 2
38 43 2
13 39 2
47 61 2
3 8 2
48 78 2
1 51 2
41 86 2
34 64 2
41 81 1
9 44 2
1 48 2
16 58 2
16 81 2
43 74 2
47 72 2
1 49 2
33 85 2
6 53 2
15 29 2
47 74 2
22 85 2
15 79 2
47 81 2
17 46 2
27 40 2
24 55 2
53 68 2
7 63 1
6 9 2
46 84 2
19 74 2
10 83 1
26 41 2
9 72 2
33 86 1
41 88 1
23 35 2
1 30 2
0 41 2
41 52 2
28 50 2
3 61 2
30 63 2
47 54 2
48 65 1
24 50 2
53 54 2
22 42 2
23 60 1
45 69 2
15 26 2
38 59 2
40 46 2
7 34 2
6 54 1
15 54 2
1 58 2
18 30 2
4 13 2
26 42 2
4 48 2
37 85 2
20 48 2
20 57 2
1 42 2
40 47 2
22 36 2
2 67 2
50 64 2
2 87 2
22 26 2
3 55 1
3 58 1
14 63 2
18 45 2
29 41 2
43 57 2
36 57 2
32 41 2
42 57 2
12 34 2
34 89 1
10 53 2
51 73 2
10 88 2
34 84 2
9 34 1
49 75 2
