% n=190 p=33 d=0.66 p_blue=0.66
% k=0
54 56 2
36 171 2
46 173 1
14 80 2
31 58 2
20 62 2
12 29 2
53 170 2
18 36 2
18 24 2
53 183 1
23 66 2
11 145 2
42 183 1
7 109 2
13 57 2
6 11 2
28 49 2
54 162 2
27 152 1
22 185 2
12 13 2
40 165 1
27 186 2
11 81 1
0 57 2
28 29 2
33 38 2
25 38 2
8 40 2
27 178 2
3 29 2
28 178 1
3 69 2
42 68 1
55 153 2
5 123 2
41 61 2
6 82 1
7 48 2
11 50 2
60 150 2
43 57 2
26 126 1
31 187 2
0 34 2
43 100 2
17 21 2
34 155 1
3 42 2
11 180 1
36 149 2
0 43 2
44 147 2
56 94 2
54 61 2
51 180 2
27 38 2
16 180 2
38 185 2
12 175 2
4 165 2
37 49 2
31 84 1
7 94 2
20 160 1
20 119 1
12 36 2
36 134 2
24 176 2
39 177 1
36 151 2
46 140 2
62 99 2
30 56 2
54 120 1
52 162 1
12 151 2
4 22 2
44 113 2
7 68 2
19 21 2
34 71 1
25 83 1
31 104 1
55 187 1
57 158 2
14 109 2
33 72 2
37 59 2
45 48 2
44 67 2
11 117 1
47 170 1
43 155 1
9 171 1
29 67 2
50 157 2
41 121 1
25 126 2
32 181 2
5 110 2
11 161 2
11 66 1
15 27 2
7 36 2
24 128 2
22 150 1
16 143 2
59 159 2
0 3 2
23 129 2
45 149 2
7 25 2
6 114 2
42 65 2
31 156 2
57 80 1
21 81 2
10 78 2
52 59 2
27 60 2
62 150 2
57 64 2
13 120 2
37 51 2
58 61 2
30 39 2
40 48 2
27 57 2
14 39 2
19 57 2
29 124 1
31 56 2
22 133 2
13 44 2
22 120 2
59 79 2
62 97 1
34 110 2
28 31 2
19 156 2
48 169 2
20 106 2
53 71 2
5 8 2
8 105 2
47 85 2
2 98 2
0 25 2
24 33 2
5 60 2
0 99 2
27 132 2
41 123 1
53 55 2
56 151 2
22 118 1
62 183 1
7 121 2
62 189 2
13 29 2
11 89 2
27 45 2
23 167 1
39 130 2
6 36 2
53 92 2
43 80 1
18 84 1
54 187 1
59 144 1
26 182 2
60 118 2
15 143 2
0 150 2
7 157 1
6 139 1
13 48 2
13 95 1
21 28 2
24 159 2
0 135 1
61 160 2
40 66 1
6 13 2
54 156 2
22 35 2
40 74 2
32 53 2
19 103 1
3 54 2
33 54 2
30 32 2
36 126 1
44 144 2
52 124 2
17 64 2
5 45 2
43 105 2
59 63 2
27 58 2
20 33 2
26 105 1
15 101 2
39 168 2
36 168 1
7 29 2
12 76 1
27 168 2
50 171 2
6 56 2
6 159 2
44 125 2
43 108 2
26 174 1
27 30 2
45 133 2
49 141 2
21 109 1
37 90 2
34 94 1
14 147 2
47 100 2
35 110 1
58 171 2
9 27 2
13 54 2
6 120 1
27 138 2
30 127 1
46 137 2
24 36 2
59 95 1
3 36 2
62 73 2
32 57 2
18 103 2
18 106 2
21 112 1
31 89 1
34 74 1
2 28 2
40 68 1
11 39 2
34 76 2
23 186 2
38 90 1
26 186 1
7 23 2
11 104 1
36 106 2
23 55 2
21 88 1
6 34 2
3 32 2
32 42 2
42 55 2
37 65 2
12 33 2
28 107 2
16 38 2
6 168 1
48 98 1
19 102 2
30 102 2
49 66 1
57 61 2
22 78 1
16 30 2
3 91 2
57 166 1
21 37 2
20 96 2
32 135 2
37 92 1
3 80 2
2 88 2
58 93 2
18 189 1
23 111 2
37 45 2
17 55 2
45 119 1
36 56 2
6 153 2
33 46 2
57 81 2
25 119 1
2 103 2
3 39 2
17 40 2
17 29 2
14 29 2
0 161 1
48 65 2
0 162 2
62 180 2
11 71 2
9 64 2
1 54 2
21 150 2
10 39 2
15 29 2
35 155 1
9 86 1
62 121 2
36 187 1
24 172 2
8 163 2
9 51 2
3 4 2
14 127 2
45 70 2
12 126 2
9 40 2
39 188 2
2 60 2
35 152 2
10 103 1
49 162 2
41 66 2
44 128 2
9 17 2
24 142 2
51 62 2
9 75 2
42 74 2
8 12 2
41 160 2
20 170 1
1 149 2
27 105 2
50 121 2
7 111 2
12 118 2
54 79 1
41 43 2
5 41 2
9 160 2
45 98 2
62 88 2
53 160 2
8 171 2
51 82 2
25 172 1
58 69 1
20 58 2
18 114 2
18 38 2
58 77 2
19 33 2
1 170 2
7 22 2
5 183 2
16 183 1
12 51 2
18 77 2
29 31 2
7 45 2
1 145 1
14 24 2
46 125 1
14 113 2
0 9 2
17 97 2
37 50 2
30 34 2
23 48 2
13 63 2
4 23 2
23 172 1
9 12 2
19 155 2
30 57 2
25 65 1
3 150 2
25 120 2
59 170 1
16 59 2
43 50 2
1 99 1
48 113 1
9 127 2
26 48 2
61 155 2
36 58 2
32 58 2
48 73 1
16 23 2
18 56 2
1 41 2
13 18 2
48 74 2
18 48 2
7 41 2
58 121 2
23 159 1
23 39 2
55 164 2
9 90 2
13 21 2
12 40 2
3 118 2
59 87 2
37 140 1
32 88 2
8 137 2
54 151 1
19 53 2
61 70 1
40 46 2
39 57 2
15 60 2
30 170 1
3 59 2
56 128 1
29 88 2
22 111 2
32 150 2
56 130 1
41 131 2
14 42 2
25 46 2
43 168 2
7 127 2
21 51 2
25 111 1
15 52 2
20 38 2
26 53 2
14 25 2
46 121 2
49 158 2
55 124 2
41 153 2
11 136 2
4 47 2
22 49 2
7 182 2
5 133 1
16 51 2
15 57 2
38 87 2
45 89 2
21 77 1
8 120 1
47 77 2
10 43 2
43 117 2
49 88 2
34 91 1
29 153 1
31 62 2
7 91 1
1 8 2
8 186 2
26 42 2
50 185 2
38 61 2
28 84 1
42 82 2
3 24 2
35 132 2
26 32 2
8 176 1
5 25 2
26 72 2
22 26 2
5 139 2
6 43 2
28 41 2
57 109 2
17 164 2
18 63 1
51 118 2
38 77 2
2 10 2
42 136 1
2 62 2
44 124 2
4 54 2
43 110 1
46 113 1
0 102 2
7 79 2
8 167 2
45 164 2
58 85 2
51 77 2
19 174 1
18 53 2
12 53 2
10 32 2
45 187 1
28 172 2
25 115 2
32 50 2
26 83 1
60 174 2
24 153 1
37 167 2
15 56 2
55 158 1
1 5 2
26 91 1
26 51 2
56 147 2
4 78 2
36 124 1
35 121 2
54 164 1
56 71 1
7 21 2
62 163 1
56 74 1
20 115 2
44 50 2
30 132 2
22 161 1
51 96 2
59 103 2
62 115 1
43 171 2
34 181 1
10 48 2
49 67 2
20 132 1
27 78 2
34 108 2
47 54 2
13 179 2
21 142 2
11 176 2
54 96 1
7 183 2
9 60 2
44 45 2
36 189 2
46 101 2
43 152 2
58 172 2
43 70 1
37 127 2
58 122 1
56 146 2
42 164 2
15 64 2
31 40 2
39 134 2
10 188 1
22 51 2
27 55 2
21 84 2
19 99 2
1 81 1
12 152 1
30 112 1
17 170 1
53 54 2
42 126 2
0 187 1
15 71 2
9 23 2
49 161 2
2 69 1
49 56 2
15 136 2
27 156 2
55 81 1
17 83 2
44 84 2
14 32 2
20 50 2
21 39 2
35 107 2
42 51 2
60 142 2
56 91 1
13 39 2
46 73 2
2 39 2
36 99 1
19 160 2
28 66 2
20 45 2
49 139 1
23 105 1
35 47 2
8 49 2
0 116 1
47 172 1
6 41 2
3 113 2
44 161 2
53 162 2
29 176 2
46 107 1
56 58 2
2 135 2
3 168 1
57 116 1
36 170 2
27 182 2
58 151 1
9 132 2
39 158 2
31 176 2
0 87 1
14 59 2
53 187 1
17 32 2
57 176 1
58 63 1
36 143 2
34 51 2
5 63 2
48 66 2
16 101 2
10 144 1
19 80 1
54 59 2
2 114 1
23 64 1
21 179 2
16 117 2
53 91 2
48 188 2
24 189 2
23 58 2
14 58 2
29 175 2
52 144 1
60 129 2
19 24 2
35 81 2
49 70 2
38 133 2
58 92 2
51 124 2
27 43 2
21 181 2
62 66 2
33 154 2
3 79 1
5 88 1
14 171 2
20 81 2
1 2 2
53 148 1
38 143 1
25 114 2
44 135 1
24 120 1
7 189 2
48 59 2
19 29 2
35 54 2
44 48 2
11 44 2
49 170 2
18 47 2
38 140 1
11 47 2
43 89 1
24 37 2
9 125 2
5 111 2
7 42 2
13 127 2
41 62 2
31 122 1
50 134 1
36 84 1
28 146 2
8 17 2
45 165 1
12 31 2
17 24 2
51 75 2
38 95 2
33 169 2
32 47 2
4 107 2
53 123 2
38 49 2
44 164 2
22 178 2
18 76 1
32 33 2
37 62 2
54 114 1
24 145 2
0 138 2
16 128 1
60 178 2
59 145 2
3 188 1
40 139 2
58 158 2
3 175 2
8 169 2
20 73 2
2 174 2
50 149 1
33 187 1
25 92 2
29 106 2
20 40 2
16 148 2
46 69 1
47 184 1
33 110 2
1 74 2
9 53 2
12 27 2
32 93 2
57 97 2
19 93 2
14 89 2
42 175 2
10 52 2
36 101 1
54 143 2
32 56 2
60 117 1
2 97 2
32 94 2
55 113 2
62 169 2
5 93 2
19 181 1
29 160 2
32 34 2
41 165 2
21 79 1
4 176 2
31 144 1
29 73 2
4 116 1
60 114 2
56 182 1
2 55 2
38 44 2
16 115 2
27 173 2
18 121 1
48 77 2
47 156 2
43 183 2
32 178 1
22 43 2
32 36 2
24 155 2
40 113 2
33 96 1
9 47 2
40 179 2
5 53 2
8 44 2
25 68 2
61 134 1
26 41 2
14 154 2
41 82 1
12 26 2
2 177 1
29 128 2
22 103 2
33 83 1
3 130 1
40 56 2
3 177 2
16 92 1
9 110 1
15 100 1
0 14 2
8 47 2
55 121 1
41 63 1
19 182 1
0 158 2
17 86 2
52 147 2
20 87 2
25 87 1
29 170 2
4 35 2
34 146 2
5 165 2
6 15 2
13 106 2
19 68 2
0 163 1
30 162 2
50 81 2
48 103 2
36 41 2
41 145 2
5 9 2
12 91 2
1 59 2
24 122 2
0 30 2
51 185 2
42 49 2
2 95 2
27 85 2
58 126 2
21 159 2
27 163 2
9 67 2
24 60 2
2 153 2
35 102 2
53 119 2
30 82 1
37 142 2
50 156 2
48 52 2
25 106 1
24 71 2
42 122 2
53 78 1
54 70 1
8 183 1
6 32 2
4 163 2
6 129 1
38 170 2
15 141 2
5 44 2
20 51 2
51 86 1
20 35 2
60 123 1
5 169 2
34 175 2
44 136 2
15 169 1
8 97 2
36 64 2
54 119 2
31 97 1
39 165 2
42 44 2
45 130 2
56 145 2
37 70 2
58 161 2
30 168 2
29 180 2
2 20 2
57 60 2
17 60 2
9 99 1
32 143 1
12 164 1
7 143 1
46 62 2
30 73 2
17 42 2
24 166 1
62 143 2
59 123 1
39 152 2
17 161 2
25 104 2
36 156 2
12 25 2
14 56 2
5 135 2
62 182 1
34 137 2
2 122 1
58 95 2
47 89 1
1 49 2
8 20 2
5 47 2
34 112 1
4 186 2
57 76 1
4 31 2
44 180 1
15 69 2
6 123 2
29 78 2
26 62 2
0 173 2
17 134 1
2 40 2
28 187 1
32 73 2
33 146 1
6 157 2
21 117 2
61 179 2
16 116 2
40 99 1
59 142 2
42 111 2
1 19 2
16 155 2
34 70 2
59 120 2
9 11 2
59 129 1
25 153 2
5 79 2
6 12 2
40 54 2
48 155 2
40 65 2
47 104 1
4 100 2
17 77 2
1 154 1
44 76 1
41 181 2
26 115 2
56 120 2
26 27 2
45 117 2
8 86 2
48 177 2
49 53 2
41 46 2
55 63 1
36 163 2
37 77 1
42 147 2
62 172 1
57 92 2
1 91 2
8 61 2
43 75 2
6 109 1
32 187 2
10 115 1
9 153 2
52 157 2
28 92 1
50 60 2
25 167 2
2 64 2
58 139 1
21 95 2
23 109 2
21 67 1
5 54 2
0 50 2
44 101 1
30 155 1
7 149 2
43 64 2
16 27 2
17 129 2
60 128 2
53 93 2
29 42 2
14 130 1
21 175 2
6 79 2
5 90 1
24 123 2
43 139 2
34 39 2
34 134 2
59 132 2
36 121 2
5 99 2
13 37 2
31 105 2
28 179 2
39 163 2
7 24 2
62 129 2
39 103 2
25 30 2
10 16 2
46 120 2
30 147 2
11 63 2
55 103 1
42 143 2
36 176 2
8 127 2
26 34 2
43 92 1
47 110 2
11 54 2
30 150 2
25 52 2
51 52 2
46 139 1
24 116 2
22 114 2
32 102 2
35 40 2
52 55 2
53 97 2
0 27 2
8 14 2
46 136 1
30 60 2
40 104 2
46 127 2
17 101 1
37 46 2
28 75 2
12 73 2
6 111 2
49 183 2
5 115 2
51 63 2
10 98 2
17 62 2
45 114 2
12 58 2
60 126 2
17 189 2
25 26 2
34 160 1
22 172 1
21 97 2
30 130 2
28 72 2
17 22 2
52 97 2
0 132 1
6 42 2
39 108 1
44 57 2
8 18 2
25 156 2
41 84 2
45 179 2
30 117 1
4 8 2
56 160 2
34 83 2
11 14 2
10 51 2
29 161 2
13 124 2
5 24 2
58 136 1
3 84 1
42 169 2
58 185 2
49 115 2
30 85 2
36 72 1
53 174 2
8 80 2
1 184 2
51 164 1
22 40 2
16 123 2
15 177 2
16 186 1
24 97 1
3 121 2
50 131 1
25 163 2
29 33 2
14 49 2
5 29 2
23 96 1
55 154 2
49 146 2
34 148 2
28 135 2
20 31 2
22 69 2
22 41 2
52 114 1
56 117 2
50 170 2
5 38 2
12 24 2
26 136 2
42 58 2
20 118 2
0 79 1
47 180 1
33 74 2
42 149 1
2 186 2
55 117 2
23 158 1
27 159 2
11 99 2
32 152 2
31 90 1
27 48 2
12 66 2
56 65 2
44 122 2
5 112 1
53 137 2
12 159 1
23 77 1
42 66 1
28 159 2
15 113 2
52 53 2
31 133 2
2 178 1
4 12 2
44 103 2
43 102 1
59 117 2
34 79 1
49 144 2
45 156 1
37 138 2
43 68 1
6 22 2
47 113 1
41 161 2
8 119 1
1 31 2
52 76 1
21 44 2
16 104 2
56 144 2
55 186 2
60 107 2
52 61 2
16 145 2
32 131 2
51 84 2
2 66 2
1 47 2
19 58 2
11 57 2
60 80 1
38 104 2
1 45 2
17 148 2
40 107 1
59 86 2
27 28 2
10 157 2
3 35 2
54 133 2
30 161 1
6 91 2
16 98 1
15 17 2
9 50 2
26 158 2
42 138 2
25 55 2
0 101 2
4 150 2
29 168 2
41 133 1
18 175 1
25 29 2
16 20 2
33 68 2
25 158 2
4 185 2
58 89 2
60 65 2
59 154 2
34 186 2
45 163 2
28 180 2
3 152 2
41 88 2
11 86 2
50 174 2
44 47 2
10 187 2
7 133 2
1 43 2
14 44 2
9 137 1
3 26 2
45 60 2
26 80 2
58 176 1
34 42 2
25 74 2
54 69 2
21 22 2
5 33 2
2 84 1
58 165 2
61 132 2
52 93 2
40 123 2
17 52 2
13 180 2
16 19 2
61 112 2
59 106 2
23 133 2
6 37 2
26 155 2
29 43 2
61 168 2
18 129 2
42 48 2
6 51 2
11 160 2
12 39 2
30 158 2
32 148 1
14 111 1
2 57 2
23 117 1
18 184 1
29 94 2
12 78 2
33 61 2
30 167 2
32 156 2
20 75 2
2 105 2
56 88 1
46 182 2
3 136 2
19 117 2
40 79 2
11 55 2
30 47 2
5 141 2
4 189 2
10 75 2
54 106 2
26 35 2
61 62 2
57 167 1
2 128 2
18 130 2
16 82 2
33 104 2
7 62 2
8 136 2
15 174 2
39 105 1
24 61 2
46 87 2
20 183 1
13 159 1
43 143 2
60 164 2
28 53 2
22 98 2
13 152 1
45 67 2
35 120 1
46 64 2
27 183 2
8 53 2
37 176 1
56 84 2
24 78 2
55 148 2
36 113 2
25 146 1
46 60 2
21 131 2
45 122 2
23 24 2
21 82 2
45 76 2
40 137 2
40 97 2
6 19 2
10 114 1
47 159 2
24 151 1
42 125 2
62 87 1
31 169 2
18 108 2
51 130 1
58 60 2
20 110 2
61 83 1
33 43 2
16 44 2
33 163 1
57 91 1
6 84 2
29 37 2
16 141 2
39 64 2
28 73 2
49 55 2
36 45 2
12 188 1
12 174 1
0 45 2
57 157 2
21 134 2
50 76 1
13 185 1
23 163 2
12 132 2
24 121 1
28 80 1
32 121 1
30 120 2
46 134 2
15 50 2
24 46 2
47 84 2
46 108 2
9 18 2
26 36 2
16 135 2
8 70 1
11 103 2
14 184 1
33 63 2
22 50 2
4 18 2
23 119 2
54 55 2
8 142 2
20 125 1
19 69 2
18 169 1
53 58 2
0 159 2
2 74 1
48 54 2
49 184 2
23 74 1
11 165 1
10 174 2
1 140 1
21 96 2
4 177 2
22 180 2
61 88 1
0 26 2
8 28 2
10 23 2
11 132 1
55 72 1
24 82 2
50 107 2
5 17 2
46 169 1
23 112 1
8 98 2
14 52 2
16 132 1
22 73 2
7 99 2
61 186 2
15 28 2
52 161 2
20 66 1
25 100 2
0 111 2
55 61 2
0 185 1
40 170 2
29 156 2
11 125 1
12 16 2
47 99 2
1 56 2
45 143 2
34 147 2
58 66 2
51 184 2
26 150 2
9 13 2
6 58 2
30 172 1
19 62 2
27 67 2
46 97 2
41 50 2
16 35 2
1 90 1
33 148 2
53 131 2
47 59 2
42 168 1
18 168 2
3 14 2
35 136 2
13 78 2
14 151 2
23 34 2
15 171 1
26 168 2
49 166 1
48 180 2
50 102 1
15 108 2
38 179 1
12 129 1
46 99 2
42 62 2
0 84 2
1 102 2
52 89 2
11 76 2
10 178 1
6 140 2
31 50 2
33 183 2
52 180 1
54 124 1
13 14 2
33 78 2
48 110 1
12 63 1
1 34 2
19 38 2
52 156 2
35 53 2
33 121 2
23 141 2
50 126 2
51 170 2
18 156 2
57 188 2
61 76 2
62 132 2
3 88 2
5 138 1
18 60 2
38 136 2
48 187 1
11 23 2
43 71 1
25 103 2
9 54 2
52 131 1
25 27 2
20 120 2
8 99 2
3 160 1
50 58 2
47 168 1
15 175 1
0 172 2
25 32 2
38 86 2
28 126 2
56 157 1
53 60 2
19 91 1
17 89 2
38 182 2
15 107 2
37 83 2
20 163 2
40 67 2
50 92 2
41 42 2
41 58 2
2 126 1
2 89 1
47 98 2
2 123 2
31 151 1
22 142 2
4 30 2
2 76 2
40 121 2
37 117 2
0 5 2
40 183 1
54 68 1
21 167 2
11 183 2
25 41 2
3 116 2
9 173 2
49 153 2
7 19 2
44 137 1
11 170 2
27 157 1
54 175 2
57 181 2
7 12 2
12 65 2
57 70 2
46 181 1
46 160 2
37 153 1
39 155 2
49 142 2
16 22 2
25 95 2
55 56 2
3 90 2
16 138 1
28 143 1
8 73 2
0 188 2
48 82 1
37 156 1
41 45 2
28 65 2
58 175 2
49 62 2
3 145 1
18 139 1
58 173 2
54 80 2
10 42 2
36 125 1
3 85 1
58 177 1
4 59 2
44 158 2
19 157 2
25 132 2
38 163 2
53 185 1
21 165 1
35 44 2
38 149 2
46 174 2
3 76 2
0 35 2
42 46 2
27 162 2
51 111 2
53 81 1
9 28 2
46 49 2
28 43 2
4 81 2
18 170 2
48 116 2
10 46 2
17 70 1
0 89 1
60 188 2
47 80 1
61 124 1
20 57 2
41 60 2
50 82 1
41 44 2
15 86 2
62 138 2
32 122 2
27 102 2
40 124 2
31 126 1
32 134 1
51 150 2
55 179 2
23 174 1
13 92 2
17 35 2
1 151 2
38 106 1
10 17 2
31 117 2
21 93 2
49 133 2
28 35 2
20 109 2
31 82 1
62 94 2
32 49 2
34 188 2
7 57 2
24 38 2
22 62 2
3 47 2
60 102 2
44 132 1
60 135 2
39 166 2
9 35 2
31 125 2
13 73 2
28 62 2
14 177 2
38 58 2
46 163 2
34 177 1
58 82 1
3 15 2
2 19 2
15 91 2
53 154 2
45 50 2
41 74 2
37 42 2
12 111 1
1 63 2
44 94 2
11 12 2
2 15 2
38 69 2
6 177 2
26 79 2
23 181 2
46 179 1
24 179 2
30 182 1
8 89 1
18 177 2
43 86 2
25 76 1
47 55 2
49 123 2
14 97 1
50 153 2
37 132 1
51 169 2
42 79 2
21 151 2
55 69 1
48 81 2
61 87 1
18 50 2
8 131 2
60 111 1
9 122 1
1 176 1
13 132 1
17 110 1
9 119 2
2 49 2
34 46 2
20 123 2
30 181 1
51 76 2
0 18 2
55 182 2
34 151 2
40 185 1
29 70 2
24 158 2
31 175 2
22 67 2
9 146 2
37 118 2
39 72 2
7 32 2
52 118 2
17 167 2
5 37 2
24 131 2
32 68 2
23 160 2
14 57 2
11 49 2
4 75 2
19 30 2
43 93 1
29 66 1
18 45 2
54 87 2
5 46 2
27 154 2
52 63 2
32 147 2
23 130 2
17 143 2
19 144 2
3 161 2
24 90 2
7 50 2
54 92 2
43 144 2
2 42 2
9 49 2
20 23 2
8 170 1
11 48 2
54 140 1
35 158 2
34 38 2
33 125 2
27 62 2
15 47 2
45 113 2
39 92 2
26 137 2
35 163 1
36 39 2
23 150 1
44 104 1
32 91 1
23 176 2
57 163 2
46 133 2
15 125 1
57 183 1
52 58 2
42 120 2
53 110 2
9 91 1
41 147 2
26 124 2
41 70 1
9 72 2
33 168 1
31 123 2
17 135 2
13 68 2
1 17 2
30 38 2
31 35 2
21 47 2
53 159 2
33 85 2
1 14 2
32 146 2
19 163 2
48 111 1
11 126 2
24 42 2
22 104 1
45 82 2
18 71 2
41 101 2
11 162 2
25 70 2
31 43 2
22 108 2
11 18 2
19 23 2
3 22 2
25 48 2
2 111 2
44 56 2
9 36 2
50 182 1
54 84 2
8 128 1
58 153 1
5 174 2
27 151 2
28 113 1
5 20 2
58 107 2
8 94 1
6 25 2
14 187 2
51 162 1
31 148 1
8 87 2
11 107 2
48 84 2
49 171 1
20 56 2
13 182 2
48 154 2
59 107 2
2 101 1
11 112 2
36 60 2
58 128 2
7 177 2
43 120 2
33 117 2
50 177 2
0 67 2
18 183 2
28 136 2
13 58 2
40 128 2
52 177 2
33 49 2
47 53 2
41 128 2
12 102 2
6 165 2
7 37 2
26 185 1
39 138 2
26 68 2
23 97 2
23 128 1
14 179 2
53 179 2
49 127 1
17 184 2
62 106 2
44 140 1
45 154 1
9 30 2
31 53 2
43 48 2
14 156 1
7 51 2
45 62 2
19 43 2
23 135 2
28 51 2
14 76 2
34 98 2
21 46 2
25 56 2
25 80 2
51 59 2
2 183 2
34 96 1
31 115 2
59 127 2
29 57 2
44 153 2
5 69 2
15 41 2
20 167 1
59 184 2
22 30 2
14 74 1
4 51 2
53 57 2
62 120 2
29 122 2
13 160 2
59 165 2
49 60 2
11 26 2
1 159 2
17 114 2
56 183 2
27 29 2
2 46 2
46 119 2
10 105 2
35 87 1
49 131 2
12 74 2
10 77 2
38 42 2
2 166 1
15 25 2
19 184 2
42 165 1
48 101 2
24 96 1
9 128 2
57 162 2
38 181 1
41 166 1
0 106 2
3 95 1
6 54 2
53 146 2
57 174 1
41 129 2
3 18 2
49 124 2
11 62 2
50 68 2
15 173 1
12 125 1
33 103 2
18 52 2
51 159 1
51 121 2
3 10 2
40 98 1
60 79 2
16 136 2
36 83 2
54 98 2
9 48 2
54 149 2
3 146 2
14 173 2
22 159 1
29 76 2
32 98 2
25 94 1
4 93 2
56 154 2
42 188 2
19 139 1
44 139 2
7 53 2
57 59 2
23 41 2
45 174 2
12 121 1
42 141 1
26 81 2
58 88 2
52 174 1
3 111 1
36 104 2
13 98 2
22 84 2
38 112 2
32 115 1
25 49 2
61 158 2
15 77 2
52 62 2
41 138 2
18 59 2
55 118 2
53 141 2
33 126 2
20 142 1
16 108 2
48 128 1
45 105 1
38 93 1
22 52 2
43 47 2
7 59 2
31 45 2
36 96 1
54 160 2
2 22 2
45 77 1
53 180 1
20 138 2
12 32 2
18 19 2
35 64 2
15 137 2
1 110 2
2 7 2
20 185 2
0 31 2
11 75 1
20 165 2
26 152 2
56 59 2
15 36 2
54 186 2
3 57 2
2 51 2
20 122 2
43 146 2
44 151 1
3 16 2
39 117 2
23 138 2
47 50 2
30 61 2
30 33 2
39 54 2
46 154 2
60 110 1
25 108 2
30 41 2
0 86 1
7 181 2
27 37 2
7 34 2
15 70 2
5 11 2
20 82 2
35 129 2
36 97 2
9 162 2
13 156 2
27 96 2
34 136 1
24 35 2
17 73 2
7 83 1
21 161 2
10 150 2
35 172 2
47 65 2
39 154 2
3 112 1
57 98 2
34 141 1
51 94 2
28 129 2
10 177 2
25 137 2
20 32 2
15 96 1
39 73 1
30 186 1
42 56 2
42 128 2
58 147 1
58 142 2
28 174 1
31 33 2
62 188 1
32 75 2
45 52 2
9 45 2
24 51 2
16 37 2
23 165 2
7 9 2
10 117 2
20 121 2
30 67 2
13 165 1
41 132 2
59 121 1
49 165 1
35 38 2
50 183 2
0 51 2
50 63 2
57 71 1
11 101 1
48 132 2
5 92 2
41 112 2
55 141 1
62 117 2
53 90 2
3 104 2
23 29 2
33 114 1
27 119 2
24 130 1
23 76 2
23 182 1
35 80 1
53 182 2
48 93 1
59 81 2
40 61 2
0 10 2
42 67 2
23 106 2
40 50 2
34 163 2
9 94 1
50 136 2
34 54 2
28 185 1
7 126 2
21 152 2
11 83 2
20 112 1
57 137 1
19 85 2
24 146 2
7 122 2
4 104 2
16 95 1
28 137 1
34 104 2
14 43 2
34 107 2
30 146 2
26 117 2
53 108 2
57 86 1
4 151 1
20 37 2
39 47 2
16 34 2
6 155 1
49 114 1
4 39 2
58 83 2
43 96 2
8 101 1
37 74 1
0 6 2
37 84 2
25 107 2
4 38 2
13 153 2
14 160 2
62 184 2
51 174 2
31 164 1
5 97 2
25 85 1
0 123 1
33 91 2
53 167 2
17 25 2
5 114 1
44 55 2
16 103 1
11 41 2
11 69 1
2 78 2
4 6 2
15 49 2
5 101 2
19 151 2
44 160 1
35 91 2
31 130 2
31 38 2
29 158 1
5 155 2
39 79 2
50 187 1
51 90 1
27 143 2
32 137 1
53 122 2
26 103 2
24 173 2
48 166 2
26 38 2
22 56 2
18 124 2
51 70 2
22 164 1
12 154 2
6 147 1
33 136 1
19 34 2
34 45 2
17 45 2
47 124 2
2 165 2
8 159 1
9 133 2
21 58 2
32 188 2
51 81 2
12 178 2
45 144 1
7 71 1
27 100 2
28 90 2
29 183 2
26 133 1
47 173 1
4 62 2
8 121 2
43 51 2
51 107 1
39 49 2
16 176 2
56 188 1
53 151 1
18 34 2
49 168 1
9 62 2
26 95 1
15 98 2
11 144 2
2 4 2
16 120 2
54 109 2
11 16 2
25 67 1
39 147 2
3 17 2
20 143 2
34 72 2
20 99 2
37 57 2
22 47 2
17 95 1
40 161 2
12 49 2
62 75 1
11 20 2
45 47 2
3 72 2
43 94 1
5 162 1
59 60 2
25 43 2
28 88 1
48 158 1
17 44 2
59 105 1
38 59 2
41 143 1
26 156 2
3 74 2
36 59 2
51 65 2
30 104 1
50 109 1
35 37 2
40 58 2
5 70 1
5 103 2
1 39 2
33 108 1
44 60 2
51 114 1
24 45 2
0 1 2
2 162 2
9 164 1
0 47 2
54 71 2
14 138 2
20 29 2
56 133 1
47 62 2
50 71 2
13 69 2
7 129 2
62 128 2
38 118 2
36 43 2
18 176 1
47 138 2
12 28 2
20 47 2
55 168 1
4 173 1
22 176 2
3 20 2
21 59 2
33 172 2
50 83 2
28 96 2
32 61 2
16 84 1
42 157 1
4 16 2
58 106 2
19 148 2
32 45 2
21 29 2
39 44 2
39 90 2
11 106 2
17 92 2
28 149 1
22 131 2
5 168 2
22 166 1
17 120 1
29 93 2
3 37 2
5 180 1
21 186 1
52 66 1
9 176 1
54 154 2
4 144 2
62 147 2
10 186 2
23 151 1
62 186 2
27 125 2
55 120 1
19 153 1
31 32 2
0 2 2
9 144 2
38 51 2
9 104 2
18 159 2
9 93 2
42 96 2
9 175 1
16 24 2
21 53 2
52 133 1
0 32 2
45 128 2
20 182 2
20 179 2
55 116 2
13 59 2
7 8 2
57 169 2
28 94 2
8 77 2
13 107 2
25 71 2
3 40 2
18 67 2
34 56 2
34 167 2
43 138 2
14 121 2
56 171 1
19 67 1
42 178 2
35 49 2
62 168 2
5 40 2
32 82 2
23 43 2
6 52 2
8 67 2
20 128 2
48 86 2
53 62 2
44 185 2
11 95 1
44 177 1
27 41 2
33 76 1
42 81 1
41 64 2
58 124 1
27 140 2
42 78 2
39 122 2
31 178 2
14 28 2
51 140 1
21 75 2
31 165 1
42 90 2
27 110 2
29 184 2
30 40 2
35 39 2
32 149 1
19 76 2
4 49 2
3 139 1
24 150 2
9 142 2
57 156 2
18 70 1
48 129 1
1 33 2
8 166 2
8 71 1
8 36 2
0 61 2
60 156 2
37 122 1
54 159 1
8 85 2
0 21 2
27 72 1
57 160 1
4 147 2
57 58 2
35 175 2
27 39 2
17 38 2
28 147 2
10 134 1
2 8 2
24 27 2
48 95 2
24 188 2
53 171 2
54 157 2
2 73 2
17 141 1
12 44 2
48 62 2
31 78 2
36 166 1
24 92 2
44 68 2
14 86 2
57 96 2
44 99 2
15 44 2
3 107 2
46 115 1
22 109 1
37 44 2
1 155 1
23 80 2
13 135 2
24 67 1
27 160 2
18 118 2
17 56 2
57 85 1
34 154 1
52 189 2
60 69 2
29 113 1
31 88 1
20 98 1
38 183 2
1 20 2
36 86 1
51 103 1
37 105 2
28 117 2
0 114 1
55 98 2
3 184 1
54 150 1
33 131 2
58 134 2
39 161 2
34 131 2
34 40 2
16 71 2
17 54 2
61 176 1
43 150 2
30 178 2
24 156 2
13 52 2
33 145 1
35 50 2
43 130 2
20 25 2
27 90 2
27 70 2
30 62 2
2 6 2
29 140 2
2 187 2
2 137 2
23 28 2
1 7 2
13 142 1
39 144 1
28 184 2
3 129 2
56 149 1
5 14 2
51 60 2
48 112 1
23 183 2
29 50 2
43 121 2
40 163 2
6 102 1
56 165 1
43 170 1
60 85 1
50 181 2
36 67 2
18 154 2
45 158 2
36 135 2
31 100 2
14 152 1
19 37 2
38 139 1
48 83 1
56 179 2
12 167 2
10 12 2
15 178 2
48 57 2
9 172 1
16 89 2
47 167 2
16 70 2
10 41 2
56 92 2
13 23 2
21 173 1
40 62 2
26 99 2
23 143 2
12 162 2
49 71 2
40 184 2
21 25 2
18 81 1
41 93 1
54 62 2
50 122 2
50 124 1
27 141 2
13 38 2
24 143 1
33 135 2
23 57 2
28 69 2
0 16 2
41 92 2
50 78 2
25 47 2
42 181 2
33 107 1
19 141 2
2 124 1
47 154 2
42 133 1
48 162 1
4 66 2
41 94 2
17 46 2
62 145 1
47 101 2
44 85 2
50 55 2
3 51 2
36 130 2
15 189 1
58 62 2
38 43 2
18 101 1
42 72 2
53 70 1
11 169 2
43 156 1
62 74 2
5 154 2
43 167 1
37 119 2
15 92 2
8 48 2
32 90 2
14 167 2
46 78 2
59 141 2
18 55 2
36 90 2
40 143 2
19 45 2
20 116 1
50 84 2
5 152 1
16 144 1
32 174 2
11 105 2
21 41 2
23 49 2
7 124 2
20 64 2
37 171 2
9 141 2
3 38 2
41 107 1
31 93 2
62 181 2
12 14 2
31 173 2
29 166 2
20 133 1
53 176 2
12 179 2
60 109 2
41 52 2
14 120 2
32 167 2
17 105 1
12 160 2
5 30 2
14 67 2
11 56 2
14 34 2
35 43 2
21 101 2
29 121 2
58 98 2
15 123 2
35 164 2
25 112 1
9 80 2
18 54 2
2 139 2
13 121 1
55 163 1
16 90 1
38 154 1
61 175 1
41 189 2
26 43 2
11 131 1
43 52 2
43 58 2
20 126 2
21 89 1
12 45 2
3 109 2
27 34 2
52 185 2
43 162 1
54 136 2
32 46 2
7 90 2
14 182 2
38 116 2
56 137 1
8 95 2
23 44 2
5 42 2
60 63 2
15 59 2
34 122 2
23 69 2
44 149 1
24 53 2
13 47 2
54 103 2
52 130 2
11 68 1
12 67 1
19 77 2
62 175 2
42 60 2
0 183 1
49 126 2
3 27 2
26 175 2
31 138 2
28 42 2
12 34 2
35 144 2
15 22 2
53 116 2
4 65 1
1 114 2
4 19 2
29 112 1
13 136 2
21 38 2
11 21 2
48 140 1
15 48 2
27 177 2
5 65 2
30 94 2
33 51 2
8 184 2
18 39 2
0 184 1
58 67 2
9 136 2
44 171 1
28 50 2
55 82 2
57 180 2
14 116 2
3 93 2
54 76 2
61 153 1
55 157 1
4 123 2
12 79 2
34 55 2
8 30 2
4 10 2
57 141 1
32 176 1
60 61 2
7 166 2
9 186 1
12 62 2
28 130 2
2 77 2
3 138 2
51 133 1
19 54 2
32 166 2
37 136 2
0 38 2
8 134 1
43 106 2
33 111 1
32 74 2
16 124 2
43 99 1
52 142 2
50 186 1
33 156 2
37 40 2
52 132 1
27 50 2
52 60 2
58 144 1
12 150 2
55 165 2
39 42 2
31 70 2
7 31 2
27 74 2
30 63 1
4 88 2
52 141 1
39 53 2
8 91 2
18 178 2
3 151 1
12 170 1
11 148 1
6 115 2
61 113 1
28 141 2
45 80 2
7 136 2
33 141 2
1 180 1
0 98 1
29 116 1
2 159 2
57 184 2
18 79 2
19 133 1
24 80 1
38 60 2
21 98 2
20 127 2
48 58 2
60 97 1
11 179 2
52 98 2
11 172 2
51 161 2
9 108 1
30 81 1
46 57 2
24 140 1
6 166 1
8 31 2
24 114 1
33 58 2
37 115 2
51 56 2
34 44 2
57 153 1
36 55 2
37 106 2
13 77 1
55 133 1
37 114 2
22 94 2
35 123 1
30 88 2
39 48 2
36 49 2
18 153 2
13 49 2
41 163 2
4 36 2
60 152 2
5 48 2
24 184 2
4 113 2
14 65 2
48 152 2
61 187 1
44 116 2
22 135 2
1 55 2
16 93 1
17 169 1
6 60 2
1 24 2
29 86 2
7 49 2
25 53 2
62 136 2
10 14 2
45 56 2
28 81 1
9 34 2
14 54 2
32 142 1
17 150 1
5 57 2
31 57 2
16 100 2
0 103 1
10 40 2
59 140 1
54 75 2
46 103 2
37 103 2
5 39 2
36 47 2
24 144 2
16 119 2
44 105 2
1 158 2
2 23 2
35 41 2
25 148 2
34 78 1
47 188 2
51 189 2
13 183 1
25 51 2
51 168 1
4 28 2
49 99 1
60 186 2
27 108 2
13 96 1
13 116 1
44 131 1
31 61 2
17 147 1
21 76 1
16 62 2
13 20 2
0 73 1
30 76 2
0 94 2
28 44 2
24 93 2
22 44 2
53 124 2
16 56 2
56 177 2
11 60 2
52 176 2
19 59 2
31 69 1
8 111 1
10 116 2
54 161 1
57 128 1
16 25 2
3 126 2
59 110 2
45 146 1
25 31 2
24 107 1
24 118 2
23 189 2
39 60 2
13 31 2
37 58 2
3 56 2
55 155 2
42 61 2
6 158 2
14 85 1
18 22 2
3 23 2
24 50 2
25 135 2
28 128 2
25 151 1
61 171 1
28 148 1
14 146 2
14 148 2
20 44 2
16 172 2
27 169 1
36 80 2
6 44 2
38 53 2
17 125 2
37 79 2
29 90 1
16 188 2
5 35 2
14 92 2
35 162 1
20 169 2
37 63 2
36 123 2
1 188 1
6 89 2
36 44 2
23 30 2
1 52 2
22 105 1
27 95 2
9 32 2
43 53 2
11 149 2
46 88 1
59 74 2
12 146 2
31 131 2
7 161 2
29 32 2
13 109 1
39 61 2
38 70 1
36 79 1
57 107 2
29 154 1
23 93 2
17 19 2
27 56 2
13 19 2
40 134 2
2 100 1
48 88 2
38 108 2
13 22 2
30 163 2
25 96 2
30 49 2
26 144 1
31 102 1
16 140 1
38 105 1
54 177 1
41 78 2
1 130 1
35 165 2
12 106 1
34 67 1
39 176 2
5 32 2
29 136 2
51 123 2
21 174 1
24 30 2
55 80 1
29 61 2
4 26 2
9 21 2
45 142 2
58 138 2
5 72 2
18 51 2
51 64 1
38 162 1
27 59 2
53 120 2
6 7 2
34 43 2
27 184 2
17 118 1
14 62 2
53 56 2
2 33 2
23 83 1
32 160 1
18 186 2
20 46 2
53 173 2
48 143 2
18 88 2
26 135 1
10 128 2
21 166 2
3 82 2
14 158 2
9 44 2
12 143 2
31 107 2
11 159 1
61 139 1
40 138 1
38 63 1
1 32 2
57 68 2
59 118 2
29 169 2
49 174 2
51 88 2
58 150 1
33 64 2
4 142 1
49 189 2
15 184 2
34 135 1
42 109 2
58 159 1
25 99 2
55 111 1
22 65 2
1 175 1
41 151 2
44 79 2
54 139 2
47 83 2
9 20 2
33 53 2
4 25 2
52 109 1
57 111 2
31 182 2
43 169 2
23 42 2
9 65 2
50 154 2
8 122 1
49 164 2
30 187 2
15 112 2
45 83 1
45 94 1
25 34 2
1 13 2
51 153 2
38 131 1
2 161 1
11 24 2
26 98 1
6 29 2
55 106 2
21 132 2
4 53 2
35 62 2
9 31 2
2 170 2
49 50 2
34 36 2
60 84 2
3 181 1
51 71 2
3 143 1
9 168 1
55 181 1
36 88 2
16 118 1
50 96 1
62 70 1
51 53 2
23 31 2
9 42 2
20 124 1
30 53 2
1 86 2
38 48 2
38 137 2
31 140 2
27 161 2
32 100 2
27 40 2
7 54 2
8 172 2
4 91 2
35 82 1
33 44 2
12 99 2
7 86 2
58 101 2
14 61 2
33 48 2
56 140 2
44 92 2
38 39 2
5 81 2
31 51 2
30 31 2
15 187 2
9 117 1
16 109 1
11 43 2
24 160 1
38 66 1
40 116 2
36 169 2
10 137 2
7 47 2
31 181 1
45 120 1
27 80 2
4 57 2
17 41 2
24 138 2
6 175 1
40 133 1
8 23 2
58 115 2
48 61 2
5 130 2
34 35 2
29 148 2
7 77 2
25 61 2
29 117 2
28 158 2
14 71 2
21 33 2
23 123 1
34 53 2
41 185 2
51 57 2
26 46 2
31 109 2
29 126 1
14 110 2
26 61 2
0 24 2
28 171 1
31 59 2
7 30 2
22 60 2
4 143 1
44 91 2
34 37 2
9 183 2
51 72 2
46 55 2
21 49 2
32 133 2
23 95 2
56 103 2
10 63 1
21 189 2
37 163 1
47 150 1
4 96 2
6 63 2
41 126 2
43 82 2
40 52 2
13 60 2
49 154 1
57 187 1
16 86 2
1 51 2
41 152 2
20 26 2
6 55 2
25 155 1
45 159 1
7 154 2
30 151 1
16 105 2
40 156 2
6 106 2
3 71 2
11 156 1
10 173 2
14 180 1
44 154 1
16 39 2
2 108 2
25 180 1
53 144 1
54 108 1
35 69 2
36 78 2
0 52 2
30 154 1
43 177 2
57 147 2
5 161 1
4 69 2
44 178 2
4 115 2
28 103 2
59 85 2
26 139 1
40 173 1
17 151 2
14 38 2
9 33 2
6 17 2
1 189 2
57 178 2
22 58 2
43 45 2
35 89 2
17 116 2
5 43 2
19 25 2
31 86 1
42 152 2
2 136 2
48 68 1
13 151 1
19 39 2
30 97 2
13 166 2
27 53 2
22 96 1
52 138 1
56 73 2
29 74 1
27 36 2
61 119 1
23 127 2
17 75 1
29 146 1
30 52 2
43 85 1
60 75 2
10 85 2
59 186 2
19 146 2
16 150 2
23 168 1
47 82 2
36 57 2
6 170 2
21 64 1
28 59 2
13 90 2
42 139 2
28 116 1
5 142 2
4 152 2
20 168 1
16 133 2
26 165 2
3 25 2
26 87 2
22 101 2
7 15 2
6 20 2
15 163 1
41 141 2
22 156 2
59 96 2
19 154 2
34 58 2
5 87 2
32 104 2
59 90 2
9 38 2
11 110 1
7 158 1
42 151 2
20 24 2
24 106 1
25 54 2
36 73 2
25 188 1
46 148 2
4 121 1
29 105 2
3 53 2
59 135 2
21 136 1
24 161 2
45 69 2
7 178 2
11 123 2
54 179 1
29 46 2
10 79 2
18 95 2
27 31 2
35 100 1
57 170 1
33 35 2
41 106 1
21 188 2
40 53 2
39 87 2
1 75 2
48 159 1
58 154 2
62 153 2
22 170 1
31 75 1
61 100 1
57 168 1
1 168 1
21 23 2
48 96 1
22 92 1
1 71 2
4 158 2
7 28 2
52 127 2
33 115 2
49 121 2
12 177 2
1 126 2
45 103 2
25 59 2
25 37 2
14 47 2
3 169 2
50 179 2
27 109 2
1 6 2
23 140 2
35 153 2
60 78 2
36 181 2
7 63 2
56 89 2
6 187 1
5 15 2
17 26 2
30 136 1
15 144 1
48 134 2
51 115 1
27 124 2
45 150 2
30 116 1
20 139 2
11 29 2
44 109 2
53 76 2
8 151 2
15 16 2
45 68 1
9 150 2
34 176 2
59 113 2
16 166 1
8 181 2
51 157 2
18 127 1
46 145 2
25 35 2
61 133 2
14 106 2
2 96 1
39 132 2
33 151 2
45 58 2
32 63 2
28 110 2
2 25 2
47 146 2
41 115 2
25 75 2
38 129 2
50 123 1
9 41 2
20 78 2
8 32 2
42 145 1
31 87 2
3 149 2
12 95 2
20 153 2
31 49 2
51 55 2
0 53 2
47 106 1
46 186 2
47 182 2
0 180 1
35 73 2
54 58 2
59 115 2
44 138 1
25 88 2
6 132 2
35 51 2
4 32 2
55 95 2
28 36 2
12 119 2
50 145 2
42 171 2
4 155 2
62 68 2
13 118 2
31 46 2
29 41 2
62 114 2
59 173 1
4 41 2
30 46 2
29 64 1
30 86 2
41 162 2
9 129 2
44 175 1
6 67 2
34 61 2
22 87 2
54 180 2
0 170 2
34 159 1
38 54 2
47 169 2
52 102 1
26 49 2
26 107 1
4 141 2
1 36 2
55 112 2
32 99 2
0 40 2
26 28 2
44 163 2
42 132 1
22 134 1
57 78 2
51 182 2
50 128 1
6 47 2
58 129 1
49 130 2
22 34 2
11 138 1
5 96 1
15 181 2
43 186 2
19 113 1
34 142 2
53 114 2
18 40 2
14 183 1
6 150 2
4 122 2
15 134 1
59 62 2
37 80 2
3 45 2
28 45 2
32 157 1
6 49 2
62 164 2
54 86 1
47 179 2
23 115 2
45 92 2
29 149 1
34 75 2
7 13 2
27 158 2
49 135 1
30 71 2
59 131 2
33 177 1
32 103 1
0 11 2
36 120 2
51 58 2
61 125 2
37 91 2
36 98 2
46 48 2
14 20 2
41 76 2
1 26 2
15 167 2
56 101 1
8 64 2
28 34 2
20 105 2
6 163 2
3 33 2
1 48 2
41 139 2
26 57 2
30 165 2
6 103 1
6 185 1
26 37 2
42 156 1
6 117 2
12 136 2
1 113 2
43 115 2
40 132 2
34 99 2
7 85 2
43 126 1
60 62 2
7 110 2
0 60 2
5 107 2
17 166 2
8 42 2
13 164 1
57 148 1
34 50 2
21 90 2
58 164 2
22 154 2
41 86 2
15 116 2
4 61 2
2 21 2
42 64 2
8 38 2
29 138 2
22 23 2
10 59 2
22 79 2
29 36 2
23 84 2
61 109 2
0 71 1
44 126 2
8 60 2
25 113 2
37 95 2
22 177 2
10 72 2
17 145 2
6 134 2
28 121 2
15 67 2
29 51 2
28 168 2
39 97 2
39 76 2
0 120 1
62 105 2
10 58 2
1 121 2
24 63 2
23 36 2
27 47 2
40 166 1
3 164 2
57 114 2
29 79 1
2 65 2
11 45 2
21 42 2
33 130 2
47 158 1
46 70 2
9 82 1
26 153 2
7 140 2
62 72 1
57 125 1
27 65 2
59 61 2
7 33 2
1 77 2
32 59 2
50 79 1
18 155 1
4 174 1
62 63 2
13 148 2
19 135 2
56 159 2
41 158 1
37 141 1
24 49 2
9 187 2
15 54 2
40 44 2
7 89 2
26 164 2
16 137 1
57 112 2
3 60 2
61 96 1
0 155 2
38 46 2
13 61 2
46 92 1
6 26 2
23 161 2
11 173 2
32 72 2
52 92 1
9 61 2
15 111 2
34 101 1
6 183 2
39 170 2
0 4 2
14 48 2
42 89 2
49 122 2
18 128 2
15 162 1
35 138 2
46 150 1
1 177 1
32 151 2
4 153 2
17 47 2
47 174 2
28 144 2
2 106 2
45 183 2
61 111 2
18 96 2
30 144 2
29 155 2
3 131 1
12 144 2
20 34 2
46 80 2
43 142 2
43 123 1
41 47 2
58 105 1
14 15 2
20 48 2
44 168 1
18 104 2
25 62 2
20 53 2
30 107 1
37 151 1
21 169 2
1 119 2
12 87 2
61 161 2
55 147 1
34 138 2
0 22 2
39 133 2
3 41 2
15 53 2
1 44 2
61 154 1
22 130 1
13 119 2
14 172 1
55 131 1
20 49 2
50 144 1
21 35 2
7 18 2
38 55 2
35 112 1
18 146 2
12 122 1
16 63 2
41 142 1
32 108 1
14 45 2
13 33 2
23 179 2
50 167 2
9 138 2
2 26 2
4 64 2
38 114 1
2 83 2
60 77 1
13 50 2
51 145 2
9 25 2
5 6 2
22 42 2
41 157 2
50 51 2
52 54 2
14 157 2
62 125 2
51 160 1
36 82 2
37 61 2
58 73 2
26 143 2
33 157 1
5 157 2
2 31 2
4 15 2
28 167 2
43 97 2
1 28 2
30 129 1
35 127 2
21 141 2
23 63 1
35 74 2
20 30 2
43 103 2
61 145 1
20 149 1
60 134 2
55 160 2
25 187 2
40 172 2
32 54 2
16 67 2
55 101 1
8 45 2
61 108 2
44 100 2
29 163 1
60 176 2
17 94 1
8 129 2
25 165 2
25 45 2
53 153 2
11 98 2
46 144 2
38 109 1
52 96 2
33 118 2
33 161 2
46 131 2
13 187 2
42 80 1
43 65 1
57 94 1
13 16 2
29 181 2
2 182 2
51 104 1
38 171 1
48 189 1
26 69 1
16 41 2
40 84 2
58 149 1
30 79 1
53 145 1
26 100 1
50 88 2
8 52 2
35 178 1
21 105 2
55 180 2
37 102 2
56 57 2
53 106 2
32 141 1
26 55 2
35 184 1
40 63 2
14 181 2
32 40 2
28 54 2
52 82 2
11 31 2
37 86 2
48 94 2
16 50 2
9 79 2
38 124 1
62 119 2
7 120 1
25 170 1
45 138 1
4 17 2
44 134 2
2 180 2
0 39 2
49 61 2
47 183 1
42 102 2
15 170 1
45 124 2
13 51 2
44 63 2
6 23 2
60 122 2
38 76 2
4 29 2
32 62 2
43 49 2
23 60 2
53 77 2
50 97 2
11 97 1
18 89 1
10 55 2
61 141 2
47 52 2
5 77 2
4 114 2
9 112 2
53 79 2
16 49 2
28 131 2
42 155 1
56 98 2
45 108 1
39 81 2
19 52 2
49 116 2
40 174 2
36 165 2
39 55 2
14 64 2
10 74 2
33 127 1
41 167 2
5 109 2
28 68 2
10 33 2
61 164 2
31 150 2
41 125 1
27 46 2
2 156 2
2 12 2
33 47 2
17 122 2
9 166 2
47 67 2
31 37 2
37 93 1
33 140 2
13 146 2
9 159 1
17 185 2
39 111 1
0 41 2
21 138 1
45 170 1
16 154 2
48 148 2
36 108 2
31 76 1
28 33 2
8 109 2
51 156 1
43 135 2
35 154 1
59 88 1
32 144 2
47 189 2
42 43 2
33 87 2
24 149 2
7 10 2
50 72 1
21 24 2
14 33 2
47 157 2
17 102 2
51 85 2
3 75 1
56 87 2
47 60 2
3 5 2
28 118 1
8 82 1
44 46 2
4 131 1
0 136 2
34 125 2
3 55 2
40 106 2
35 63 1
21 50 2
44 90 1
2 53 2
5 31 2
12 43 2
22 71 2
26 30 2
2 107 1
0 149 1
2 86 1
46 146 2
14 119 2
0 72 2
25 128 2
51 83 2
29 39 2
47 176 1
5 66 2
55 89 2
27 127 2
7 58 2
10 166 1
12 114 1
14 163 2
3 176 2
3 19 2
19 168 2
59 167 2
59 100 1
52 164 2
53 98 1
33 40 2
9 43 2
59 175 2
57 88 2
25 141 2
61 89 2
26 179 2
20 131 2
59 69 1
30 44 2
1 93 2
20 186 1
34 115 1
14 84 2
24 136 2
54 115 2
22 100 1
4 50 2
29 95 1
60 177 2
20 95 2
19 20 2
38 68 2
3 123 2
23 136 2
21 57 2
3 43 2
0 174 2
38 78 1
34 156 2
12 81 2
18 26 2
44 61 2
62 116 2
35 180 2
10 94 2
61 91 2
40 76 2
34 68 1
21 145 2
16 40 2
0 153 2
7 115 2
11 19 2
32 182 2
11 135 2
1 166 1
39 178 1
3 99 2
19 142 2
16 58 2
2 143 2
57 143 1
23 50 2
58 109 2
19 120 1
41 72 2
18 94 2
61 148 2
14 46 2
12 96 2
21 127 1
7 184 2
7 55 2
52 67 1
62 65 2
6 27 2
56 64 2
3 127 2
17 174 1
5 58 2
34 123 2
39 50 2
16 142 2
41 69 2
14 98 1
53 136 2
25 40 2
0 15 2
7 14 2
52 169 2
6 71 2
5 56 2
44 114 2
31 118 2
26 85 2
9 19 2
27 134 1
53 158 2
43 122 2
42 121 2
46 86 2
15 114 2
13 143 1
3 163 2
60 88 2
47 119 1
61 99 1
5 85 2
16 149 2
2 70 1
34 62 2
11 124 2
47 58 2
27 114 1
46 47 2
29 56 2
61 93 2
13 155 1
7 20 2
9 130 2
12 153 1
35 46 2
19 104 2
36 52 2
54 113 1
48 109 2
19 73 2
1 53 2
60 71 2
5 21 2
18 119 2
23 70 1
43 60 2
7 135 2
45 169 2
62 159 2
38 91 2
23 27 2
35 128 1
20 22 2
22 33 2
20 157 1
60 87 2
0 62 2
47 109 2
16 66 1
24 43 2
23 118 1
55 74 1
62 161 2
8 152 1
39 123 2
43 59 2
23 107 1
5 166 2
47 130 1
4 99 1
11 42 2
6 137 1
55 189 2
50 160 2
21 107 1
12 57 2
36 91 2
39 69 1
11 77 1
38 81 2
7 173 1
6 156 1
49 103 1
31 170 1
42 114 2
15 39 2
14 170 2
12 60 2
6 53 2
10 120 2
20 83 1
16 61 2
59 78 2
4 72 1
50 53 2
62 167 1
6 16 2
2 35 2
49 54 2
44 106 2
44 174 1
41 68 2
30 125 2
33 150 1
29 44 2
7 11 2
22 85 2
42 45 2
32 78 2
15 55 2
35 143 2
49 151 2
7 104 2
13 46 2
22 29 2
60 153 2
61 149 2
29 120 2
22 171 1
13 17 2
1 167 1
8 58 2
26 128 1
49 58 2
26 78 2
22 28 2
32 154 2
1 67 2
62 158 1
31 113 2
32 85 2
11 184 2
13 76 2
32 180 2
15 146 2
59 189 1
1 83 2
19 44 2
23 99 2
6 127 2
31 137 2
9 52 2
56 112 2
59 83 1
23 139 1
2 61 2
35 96 2
7 44 2
19 185 1
26 71 2
1 9 2
40 159 2
15 26 2
58 91 2
0 133 1
54 178 1
4 172 2
29 114 2
9 76 2
6 97 2
17 165 1
9 157 2
14 103 1
26 161 1
15 46 2
62 92 2
28 91 2
7 153 2
16 33 2
20 147 2
32 110 2
46 123 2
11 154 1
10 151 2
33 100 2
19 161 2
43 91 1
33 41 2
47 49 2
31 83 2
55 135 2
50 143 1
11 151 2
29 81 2
37 47 2
26 157 2
40 93 2
37 173 2
62 157 1
40 158 2
27 180 2
5 120 2
44 173 1
32 155 2
40 100 2
35 182 1
46 161 1
18 75 2
6 33 2
55 166 1
62 135 2
12 19 2
49 94 2
17 20 2
30 133 1
34 171 1
38 141 1
8 118 2
4 129 2
49 140 1
4 14 2
39 86 2
31 157 1
15 33 2
4 187 1
36 71 1
28 140 2
24 44 2
45 72 1
31 112 2
57 113 2
45 106 1
38 164 1
10 101 2
5 18 2
45 175 2
52 56 2
1 182 2
52 150 2
54 163 2
19 97 1
0 171 1
1 127 2
0 93 2
37 81 2
49 156 2
2 52 2
59 76 1
28 48 2
38 56 2
55 78 1
55 151 1
2 29 2
22 32 2
10 54 2
45 55 2
8 26 2
18 43 2
1 124 2
48 178 1
19 166 1
4 145 2
1 163 2
34 153 2
17 39 2
21 118 2
1 21 2
24 171 2
46 53 2
19 46 2
12 173 2
12 139 2
17 162 2
1 101 2
38 148 2
28 55 2
21 113 2
4 20 2
32 105 1
56 81 2
4 5 2
37 94 1
32 48 2
3 49 2
10 176 1
19 178 2
47 51 2
18 188 2
4 171 1
31 119 2
46 65 2
44 73 1
21 34 2
16 80 1
3 101 1
62 142 2
26 29 2
1 15 2
16 113 2
0 13 2
46 116 2
13 154 2
53 139 1
17 67 1
18 157 1
41 127 2
38 146 2
5 126 2
5 117 2
40 152 1
32 125 2
62 89 1
36 160 2
20 54 2
37 144 2
25 84 2
57 135 1
17 37 2
45 145 2
36 175 2
11 139 2
60 172 2
30 137 1
0 37 2
61 69 2
6 121 2
43 62 2
34 80 1
23 162 2
13 139 2
61 167 1
10 66 2
46 52 2
13 138 1
60 76 2
15 105 1
36 114 2
58 100 2
43 140 1
62 76 2
38 113 2
57 67 2
53 134 1
44 182 2
61 107 2
3 9 2
57 186 2
21 32 2
5 94 2
11 142 1
62 162 2
44 172 1
14 189 1
42 57 2
19 51 2
15 165 1
5 55 2
30 152 2
10 163 1
37 179 1
12 48 2
10 18 2
49 129 2
3 105 2
2 3 2
7 26 2
22 129 2
32 145 2
30 149 1
22 123 2
5 170 2
41 171 2
18 141 2
22 75 2
1 25 2
4 9 2
41 48 2
13 34 2
8 35 2
33 88 1
43 174 2
34 111 2
1 172 2
13 66 2
30 185 2
49 163 1
25 136 2
0 148 2
26 45 2
28 157 1
39 167 1
36 127 2
2 175 1
49 118 1
57 131 1
30 89 1
58 132 2
18 61 2
48 124 2
22 37 2
42 106 1
20 74 2
45 186 2
17 132 2
15 102 2
44 87 2
37 41 2
27 49 2
38 178 2
5 83 1
50 161 2
29 167 2
3 58 2
35 45 2
7 151 2
56 80 2
1 146 1
52 153 1
11 59 2
12 117 1
22 117 2
11 122 2
59 94 1
39 109 2
32 92 2
22 153 1
11 158 2
16 28 2
23 90 2
4 98 1
17 107 1
36 132 2
34 93 2
19 169 2
19 123 1
29 102 2
31 168 2
15 38 2
1 50 2
34 189 1
8 164 2
40 81 2
47 160 2
46 50 2
5 176 1
47 151 2
0 96 2
27 131 2
25 166 1
16 181 1
21 56 2
34 117 2
23 52 2
39 51 2
0 65 2
52 146 2
45 64 1
58 108 1
41 56 2
20 137 1
42 154 1
20 130 2
56 132 2
17 117 2
8 123 2
16 126 2
7 100 2
40 171 2
55 175 1
12 169 2
53 102 1
54 117 2
13 27 2
30 42 2
57 133 1
5 12 2
59 98 1
38 74 2
20 101 1
9 59 2
31 68 1
30 156 2
34 48 2
13 15 2
21 48 2
57 115 1
34 63 2
18 145 2
38 71 1
30 159 2
1 160 1
18 150 2
9 102 2
33 73 1
27 75 1
26 31 2
9 68 1
21 54 2
50 158 2
31 166 2
60 138 2
52 167 1
43 133 1
45 112 2
8 29 2
21 147 2
2 82 2
15 153 2
34 60 2
48 117 2
38 135 2
49 173 2
44 111 2
0 17 2
24 34 2
6 78 2
19 128 2
60 104 1
47 128 1
53 68 2
2 146 1
31 106 2
18 171 2
10 50 2
23 26 2
10 56 2
23 56 2
8 34 2
55 84 2
11 58 2
22 45 2
17 156 2
1 16 2
16 112 2
40 181 1
5 131 1
1 105 2
58 113 1
10 135 1
22 24 2
41 51 2
25 63 2
17 177 2
15 103 1
56 119 2
38 125 1
43 46 2
58 76 2
23 121 2
20 151 2
8 116 1
18 182 2
31 103 2
15 95 2
30 169 1
13 161 2
19 125 2
38 41 2
4 76 2
45 46 2
1 97 1
40 114 2
35 179 2
49 160 1
26 39 2
9 177 2
58 120 2
6 50 2
49 74 1
39 43 2
52 75 2
12 115 1
27 189 2
4 43 2
24 64 2
21 74 2
6 176 1
48 56 2
48 136 1
12 137 2
26 47 2
5 171 2
1 42 2
17 139 2
47 142 2
8 39 2
35 48 2
33 178 2
17 149 2
62 154 2
56 116 2
10 62 2
60 108 2
21 55 2
33 186 2
38 80 2
54 111 1
35 116 1
27 188 1
31 39 2
59 148 2
37 146 2
14 142 2
9 24 2
23 59 2
53 130 2
4 110 2
45 93 2
47 79 2
28 170 2
35 103 2
40 96 2
10 124 2
38 52 2
8 148 1
29 58 2
8 178 2
32 138 2
56 170 1
44 49 2
8 13 2
31 163 2
3 106 1
16 87 2
36 53 2
40 77 2
36 173 2
18 113 2
40 88 2
38 128 1
22 53 2
4 134 2
54 189 2
16 74 2
47 81 2
45 54 2
25 178 2
21 78 1
3 12 2
11 67 1
20 60 2
56 60 2
54 107 2
16 79 2
29 103 2
28 40 2
28 79 2
30 141 1
9 81 1
41 134 2
15 138 2
50 148 1
35 104 2
29 135 1
25 181 1
33 188 1
16 169 2
32 55 2
44 107 2
24 77 1
40 154 2
3 183 1
26 123 1
52 112 2
32 179 1
10 29 2
61 162 1
3 81 2
45 153 2
14 128 2
40 42 2
61 110 2
4 7 2
8 50 2
19 42 2
62 176 2
13 175 2
19 150 2
43 175 2
11 33 2
22 151 2
9 77 1
26 129 1
10 97 2
26 131 2
36 94 2
42 77 1
34 59 2
54 141 1
52 122 2
33 90 1
37 185 2
59 162 2
32 109 2
16 36 2
24 126 2
49 145 2
56 118 1
0 56 2
19 175 2
2 58 2
13 70 1
8 22 2
50 100 2
26 149 1
7 66 2
14 93 2
10 125 2
55 149 1
25 164 2
13 42 2
26 159 2
14 168 2
19 149 2
12 189 2
28 87 2
6 61 2
36 118 2
51 113 2
15 40 2
2 11 2
34 106 1
11 182 2
7 46 2
9 71 2
53 161 2
35 57 2
62 64 2
57 140 2
19 36 2
5 189 2
15 158 1
5 16 2
21 184 2
11 88 2
36 51 2
45 115 2
19 47 2
60 145 1
9 123 2
47 166 2
1 125 1
35 95 2
19 31 2
23 126 2
13 108 2
29 185 1
48 76 2
30 91 2
56 172 2
9 26 2
16 91 1
16 121 1
14 144 1
12 93 2
6 8 2
38 142 2
54 88 2
29 71 2
5 82 1
12 35 2
49 86 2
30 51 2
37 85 2
9 29 2
43 90 2
21 111 1
51 100 2
21 70 1
0 109 2
30 108 1
29 147 2
28 76 2
29 96 1
11 87 2
33 69 1
55 144 1
27 111 2
11 108 2
13 94 2
16 177 1
58 59 2
10 158 2
18 42 2
31 96 2
44 88 2
31 79 2
0 44 2
45 101 2
10 102 2
50 141 1
5 106 1
34 157 2
12 183 2
0 166 2
17 30 2
13 147 2
24 187 1
48 51 2
1 61 2
24 62 2
56 96 2
60 131 2
45 148 1
22 157 1
15 94 2
24 54 2
48 126 2
17 133 2
5 164 2
24 87 1
20 41 2
14 99 1
52 136 2
26 60 2
0 156 2
26 66 2
48 107 1
7 188 1
21 100 2
19 28 2
16 96 1
3 97 1
50 57 2
34 95 2
31 167 2
18 27 2
40 142 2
11 51 2
18 110 2
23 33 2
42 123 1
8 139 2
15 127 1
31 111 2
2 37 2
31 85 1
10 123 1
13 100 1
1 18 2
58 97 2
2 129 2
3 141 1
60 170 2
47 153 2
34 161 2
1 58 2
19 140 2
43 134 2
14 95 1
62 104 2
13 178 2
56 178 1
0 42 2
50 52 2
4 85 1
8 132 2
18 62 2
24 125 1
43 125 1
8 112 1
44 146 2
59 187 1
21 125 1
14 104 1
28 38 2
28 150 2
35 79 2
14 23 2
27 107 2
47 123 2
53 155 1
32 86 2
11 114 2
42 104 1
42 93 2
15 58 2
11 32 2
60 183 2
5 149 1
0 46 2
25 44 2
9 109 2
22 122 2
13 102 1
61 180 2
39 120 1
4 149 2
26 50 2
46 91 2
2 16 2
6 14 2
18 107 1
40 126 2
58 102 2
17 173 2
46 135 2
12 54 2
13 103 1
30 174 1
4 27 2
53 80 2
23 81 2
14 188 2
33 55 2
29 62 2
26 170 1
0 63 2
29 130 2
12 52 2
22 126 2
46 183 2
56 180 2
30 43 2
52 72 2
46 149 2
6 104 2
2 85 1
24 29 2
27 146 1
5 150 2
33 70 2
44 64 2
37 71 1
57 99 2
2 13 2
49 57 2
30 59 2
10 13 2
37 43 2
49 180 2
45 95 1
12 141 1
17 23 2
19 27 2
3 92 2
48 137 2
37 128 1
47 48 2
29 54 2
28 186 1
36 157 2
10 73 2
35 147 2
8 185 2
2 110 2
37 166 1
55 115 1
17 53 2
39 46 2
3 153 2
18 152 1
58 131 2
22 27 2
7 43 2
56 125 2
36 110 1
41 184 1
33 181 2
25 150 1
14 117 2
32 96 1
14 94 1
0 59 2
56 121 2
21 69 2
56 168 2
14 107 1
53 128 2
40 135 2
31 101 1
7 98 2
12 140 1
24 32 2
14 176 1
10 26 2
49 89 2
13 123 2
19 82 2
35 146 2
41 156 2
51 95 2
27 33 2
36 167 2
8 37 2
26 142 2
42 50 2
5 148 2
40 45 2
57 152 2
59 72 1
49 110 1
48 50 2
20 92 1
44 51 2
8 160 1
15 135 1
22 169 1
31 174 1
5 187 2
8 81 2
13 113 2
1 60 2
33 77 2
19 158 1
1 29 2
20 68 2
37 38 2
18 100 1
50 111 2
51 188 2
9 16 2
44 83 2
7 163 2
29 68 2
30 183 2
47 132 1
0 28 2
11 167 2
44 98 2
7 101 2
49 185 2
13 45 2
23 170 2
25 123 2
40 140 1
36 184 1
6 145 2
19 147 1
35 151 1
57 146 2
56 126 1
6 128 2
24 48 2
37 188 2
16 17 2
53 87 2
17 178 2
13 28 2
51 110 1
5 160 2
29 45 2
22 48 2
22 162 1
51 102 1
49 97 2
2 157 2
6 39 2
18 158 2
55 110 1
10 87 2
20 181 2
36 144 2
6 18 2
41 49 2
28 100 2
60 121 1
48 131 1
1 186 1
54 165 2
2 158 1
2 147 2
10 91 1
46 142 1
1 37 2
8 21 2
27 150 2
7 162 2
23 46 2
47 108 2
0 58 2
7 170 2
45 51 2
35 42 2
23 125 2
40 75 2
53 83 1
5 179 2
29 151 2
9 46 2
57 77 1
2 41 2
54 131 2
58 179 2
42 95 2
28 111 2
43 159 1
27 66 2
17 179 2
32 107 2
12 15 2
38 100 2
21 154 2
11 90 2
1 112 2
57 69 1
10 132 1
37 174 1
61 157 1
3 8 2
33 162 2
55 137 2
16 129 2
45 184 2
0 157 2
55 119 1
25 91 2
20 113 2
20 111 2
5 52 2
13 134 1
36 155 1
10 139 2
17 18 2
59 92 2
23 40 2
7 164 2
19 60 2
12 17 2
21 163 2
29 177 2
34 180 2
39 107 2
12 47 2
13 163 2
42 54 2
1 3 2
8 156 1
15 118 2
28 77 2
46 51 2
1 38 2
8 135 1
41 111 1
38 111 2
1 131 2
48 80 2
28 122 2
39 140 1
30 50 2
6 94 2
4 48 2
16 42 2
37 76 2
6 98 2
50 139 1
24 113 2
53 107 2
7 187 1
14 51 2
44 54 2
11 17 2
21 61 2
43 160 1
40 164 1
7 80 1
29 35 2
18 31 2
22 186 2
32 129 2
39 121 2
40 168 2
37 68 2
8 84 1
54 135 2
31 159 1
23 62 2
45 136 1
8 180 1
9 116 2
30 45 2
38 73 2
5 184 2
6 85 2
6 126 2
10 47 2
32 60 2
10 53 2
23 91 2
21 45 2
25 42 2
44 127 2
45 81 1
41 182 2
8 11 2
1 164 2
4 108 2
15 35 2
0 128 2
22 55 2
0 154 2
15 76 2
27 128 1
8 15 2
36 48 2
5 143 2
49 119 2
29 49 2
50 86 1
11 46 2
37 39 2
22 168 2
1 65 1
32 117 2
23 137 1
49 104 2
4 56 2
56 127 2
34 149 2
15 32 2
2 168 1
2 125 2
62 155 2
2 34 2
30 157 1
49 59 2
14 90 2
18 28 2
11 109 2
52 165 2
43 77 1
5 76 2
45 102 1
24 115 2
35 52 2
28 78 1
4 24 2
24 124 2
22 179 2
61 92 1
30 58 2
9 101 2
23 147 2
39 148 2
17 128 2
30 98 2
60 73 2
61 94 1
9 22 2
7 96 1
26 86 2
0 49 2
30 80 2
0 55 2
37 52 2
52 182 2
35 185 1
46 94 2
16 114 2
11 155 2
5 59 2
25 64 1
20 39 2
38 177 2
25 175 2
27 52 2
4 55 2
24 52 2
20 175 2
19 179 2
17 171 2
13 82 2
27 137 2
10 31 2
5 7 2
48 119 1
43 54 2
22 38 2
0 12 2
46 61 2
4 63 2
14 132 2
34 66 1
12 120 2
3 73 1
36 40 2
1 150 2
13 88 1
16 65 2
1 79 2
7 165 2
52 70 2
19 180 1
24 103 2
16 18 2
36 54 2
24 105 2
0 29 2
58 181 2
31 64 1
2 9 2
30 35 2
28 39 2
27 54 2
56 68 2
46 185 2
34 47 2
9 39 2
32 172 1
6 135 2
24 162 1
14 161 1
6 46 2
57 154 1
36 92 2
18 142 1
33 171 2
10 22 2
24 86 2
11 15 2
2 121 1
6 107 1
1 187 2
56 95 2
10 21 2
14 186 2
3 48 2
54 155 2
61 117 2
13 133 2
61 80 2
56 158 2
15 19 2
28 105 2
24 75 2
56 106 2
20 69 2
48 170 2
24 112 1
19 75 1
2 38 2
11 91 1
6 10 2
10 61 2
32 161 1
55 128 2
6 35 2
1 134 1
19 92 2
33 86 1
8 51 2
26 163 2
22 113 2
47 161 2
48 123 2
40 101 2
8 108 1
28 89 2
15 104 1
16 125 1
44 187 2
39 96 2
50 138 2
30 175 2
26 58 2
20 43 2
23 177 2
18 98 2
14 69 2
24 132 2
1 40 2
58 157 1
48 186 2
27 69 1
20 61 2
61 150 1
30 100 1
24 139 2
33 39 2
45 134 2
5 118 2
9 115 2
51 186 1
33 45 2
20 158 2
52 119 1
27 44 2
13 104 2
18 163 2
58 64 2
25 58 2
7 38 2
21 110 2
34 81 1
51 61 2
8 78 2
35 117 1
17 59 2
21 140 1
60 147 2
41 67 2
46 59 2
28 175 1
49 102 2
6 124 2
33 166 2
18 57 2
34 152 2
43 165 2
24 39 2
11 40 2
58 148 2
4 67 2
21 144 2
9 179 2
17 90 1
35 176 1
47 144 2
35 72 2
2 72 1
28 169 1
54 110 1
48 151 2
21 119 2
55 146 2
14 96 1
39 150 2
2 18 2
24 28 2
6 189 2
26 33 2
27 87 2
0 147 2
4 167 2
22 54 2
56 114 2
24 129 1
26 56 2
51 54 2
50 108 1
54 169 1
28 124 2
2 171 2
0 186 1
12 30 2
26 59 2
40 69 2
50 146 2
45 152 1
61 188 2
61 90 1
49 92 2
10 107 2
54 97 1
30 54 2
5 186 2
10 131 2
14 165 2
45 49 2
19 40 2
3 13 2
15 51 2
19 126 1
0 8 2
6 181 2
0 113 2
22 155 2
7 103 1
11 28 2
32 132 2
62 78 2
47 114 2
49 76 1
2 43 2
11 187 2
52 108 2
55 142 2
48 105 1
17 27 2
39 58 2
58 78 2
44 120 2
41 188 1
31 47 2
14 68 2
10 145 2
7 118 2
28 60 2
16 45 2
55 138 2
1 30 2
29 75 2
14 73 2
0 90 2
33 173 1
51 93 2
13 62 2
1 11 2
52 134 1
14 112 2
49 80 2
51 167 1
41 57 2
24 25 2
2 94 2
14 35 2
22 140 2
43 166 2
45 100 2
6 144 2
1 23 2
32 97 2
21 158 1
60 125 2
57 74 1
5 10 2
4 125 2
38 103 2
58 81 2
35 174 2
25 82 2
21 106 2
5 28 2
16 46 2
38 94 2
35 60 2
12 171 2
22 167 1
10 35 2
10 25 2
30 140 2
43 111 2
1 22 2
44 58 2
33 165 1
18 25 2
31 55 2
34 109 2
33 113 2
16 26 2
40 51 2
41 137 2
61 104 1
31 162 1
31 186 2
19 48 2
59 146 1
18 149 2
15 168 2
15 172 2
26 172 1
62 141 1
45 168 1
25 122 2
29 53 2
2 44 2
10 28 2
11 115 2
56 76 2
52 77 2
23 153 2
41 176 2
51 149 2
45 126 1
26 184 2
18 21 2
4 52 2
1 139 1
20 152 1
2 32 2
51 181 1
27 166 2
54 57 2
46 58 2
44 108 2
13 157 2
5 50 2
10 44 2
1 116 2
7 17 2
62 102 2
17 43 2
24 59 2
15 147 1
1 87 1
53 140 1
2 36 2
29 55 2
48 49 2
55 177 2
4 89 2
1 4 2
47 185 1
27 145 2
50 64 1
4 21 2
14 105 2
4 58 2
25 33 2
17 68 1
39 115 2
27 144 1
54 60 2
32 158 1
38 167 1
48 55 2
58 116 2
39 116 2
34 174 2
42 166 2
36 62 2
12 56 2
24 167 2
1 183 2
29 178 2
1 12 2
17 127 2
54 134 1
28 153 2
2 133 2
41 109 1
45 96 2
18 144 2
35 189 1
59 67 2
12 92 2
23 89 2
23 110 2
42 117 1
45 155 2
46 118 1
44 148 2
26 76 1
12 157 2
10 45 2
13 105 2
34 182 2
35 188 2
56 175 2
32 39 2
15 142 1
14 18 2
47 64 2
34 144 2
0 81 2
3 157 1
32 185 1
62 86 2
61 181 2
22 138 2
10 20 2
21 126 2
13 125 2
40 71 1
7 70 2
2 91 2
61 136 1
9 145 2
55 88 2
58 178 2
44 143 2
6 143 2
15 61 2
45 57 2
23 102 2
1 111 2
51 163 2
55 188 1
21 36 2
57 130 2
43 83 1
19 87 1
14 72 2
6 40 2
16 32 2
43 172 1
30 177 2
27 32 2
62 144 2
16 55 2
34 169 2
5 26 2
53 125 2
15 90 2
14 75 1
43 67 2
57 139 2
28 152 1
37 123 2
19 50 2
17 183 1
24 65 2
33 56 2
1 165 2
40 70 2
61 184 1
4 180 2
32 126 2
8 63 1
62 149 1
9 143 2
50 169 1
9 165 2
10 27 2
14 178 2
44 96 2
25 124 2
60 168 2
59 160 2
42 70 2
18 35 2
31 54 2
33 36 2
16 160 2
21 137 2
39 82 2
19 159 1
60 98 2
59 114 2
45 59 2
34 92 2
3 50 2
50 165 2
51 117 1
26 154 2
57 151 2
21 139 1
47 90 2
24 31 2
32 89 1
14 41 2
0 36 2
13 87 2
7 169 2
37 157 2
28 32 2
36 153 2
43 109 2
24 104 2
34 173 2
51 144 2
31 108 2
25 36 2
55 104 1
5 61 2
62 152 1
48 121 1
4 33 2
3 87 2
19 22 2
16 134 2
39 129 1
18 46 2
27 129 2
11 61 2
37 111 2
16 68 1
28 52 2
30 78 2
29 125 1
39 119 2
54 183 1
24 40 2
24 109 2
14 155 2
42 150 1
4 45 2
20 42 2
22 39 2
33 167 1
54 158 2
55 126 2
42 105 1
25 129 1
56 124 2
10 152 2
38 122 2
9 57 2
26 92 1
52 154 2
20 52 2
2 54 2
31 188 2
47 116 2
15 45 2
55 58 2
51 126 2
4 11 2
36 116 2
54 167 2
0 104 2
61 177 2
21 170 2
2 27 2
28 182 2
27 101 2
44 86 1
54 182 2
31 41 2
41 173 2
2 144 2
34 97 2
14 137 2
13 53 2
16 147 2
34 166 2
22 82 2
23 101 2
28 154 2
55 92 2
52 159 2
62 112 2
5 121 2
34 103 2
36 150 2
0 48 2
42 180 1
19 61 2
54 100 1
40 176 2
23 54 2
39 41 2
32 127 2
36 109 2
26 138 1
31 183 2
8 150 2
42 92 2
44 150 1
1 123 2
48 115 2
39 45 2
38 50 2
12 59 2
2 104 1
30 48 2
20 103 2
6 30 2
8 69 2
36 66 1
8 104 1
53 61 2
8 54 2
40 118 1
39 183 2
40 49 2
11 52 2
50 73 1
54 104 1
7 145 2
57 161 2
32 43 2
9 147 2
51 139 1
50 147 2
18 33 2
62 148 1
50 162 1
6 173 2
55 114 1
38 173 1
18 58 2
57 93 2
40 186 2
4 13 2
1 35 2
3 62 2
5 22 2
62 81 2
43 88 2
47 175 2
21 92 2
15 151 2
10 160 1
17 104 1
20 21 2
29 186 1
60 130 1
5 167 2
23 75 2
9 180 1
32 83 2
38 47 2
32 162 2
46 151 2
23 154 1
45 107 2
11 129 2
53 96 1
53 169 1
49 179 1
16 69 1
31 172 2
40 59 2
1 92 2
15 85 2
47 143 1
9 56 2
29 87 2
19 106 1
8 27 2
47 56 2
8 59 2
0 23 2
18 37 2
16 53 2
47 107 2
40 147 1
53 188 1
55 125 2
60 105 1
53 164 2
22 175 2
28 142 2
7 172 2
6 24 2
8 68 2
6 21 2
51 106 2
13 167 1
17 51 2
0 144 2
35 88 2
11 178 2
22 89 1
48 87 2
3 102 2
48 145 2
31 145 2
6 93 2
25 90 2
21 80 2
23 73 2
6 81 2
22 128 2
51 187 2
57 171 2
35 148 1
49 87 2
16 54 2
2 134 2
35 173 2
11 22 2
58 71 2
27 155 2
10 113 2
53 142 1
29 34 2
51 99 2
60 136 2
14 118 2
13 80 2
39 110 2
49 175 1
9 126 1
13 25 2
53 59 2
17 136 1
21 143 2
35 187 2
49 137 1
47 148 1
21 187 1
50 77 1
54 148 2
6 160 2
41 150 2
46 102 2
40 55 2
53 172 2
7 39 2
56 86 1
10 106 1
15 166 1
49 186 2
16 164 2
50 152 2
47 105 2
46 153 2
51 108 2
19 72 1
1 64 2
8 168 1
5 102 1
49 150 2
43 112 2
32 37 2
33 52 2
15 42 2
27 91 1
24 72 1
8 140 1
55 109 2
23 98 2
29 97 1
12 149 1
25 140 2
17 158 2
14 60 2
28 98 1
45 71 2
45 97 2
55 90 1
48 174 2
2 45 2
8 182 2
49 148 1
10 136 2
20 180 2
12 20 2
34 87 1
16 21 2
26 94 2
57 123 2
27 68 2
19 164 2
10 149 1
30 114 2
48 133 2
29 52 2
18 91 2
10 57 2
40 145 1
3 122 2
36 117 2
12 145 1
47 61 2
54 188 2
7 134 2
44 112 1
31 34 2
4 133 2
3 28 2
12 18 2
8 114 2
6 171 1
23 185 2
22 146 2
5 177 2
10 19 2
45 157 2
58 189 1
61 140 2
29 172 2
35 56 2
18 30 2
22 189 2
32 186 2
42 112 2
29 60 2
17 100 2
35 92 2
58 119 2
6 172 2
42 177 2
7 102 2
17 28 2
47 141 2
36 46 2
8 46 2
59 93 2
11 34 2
31 116 1
37 69 2
34 57 2
17 49 2
37 113 2
19 121 1
43 79 2
8 9 2
37 137 1
1 129 2
35 36 2
16 31 2
50 67 2
33 189 1
8 107 2
31 74 2
44 53 2
42 59 2
36 50 2
35 75 2
46 54 2
14 55 2
40 47 2
9 121 2
16 60 2
10 80 2
2 189 2
53 101 2
19 70 2
53 112 2
6 48 2
23 145 2
22 182 1
60 83 2
8 153 2
34 113 2
27 116 2
43 181 2
4 60 2
44 141 2
55 129 2
23 71 2
55 62 2
40 151 1
56 105 2
41 59 2
8 43 2
41 170 1
13 56 2
34 119 2
13 130 2
37 129 2
47 137 2
39 62 2
41 75 2
24 66 2
39 102 2
62 96 2
6 31 2
4 132 1
23 175 1
0 119 1
52 113 2
12 46 2
2 188 2
60 116 1
40 41 2
9 87 2
26 44 2
41 83 1
10 24 2
36 128 1
16 57 2
14 63 1
14 108 2
42 101 2
19 32 2
58 174 2
14 70 2
6 136 2
25 179 2
27 139 2
53 156 2
0 33 2
17 57 2
24 26 2
42 186 1
20 28 2
8 65 2
41 102 1
12 94 1
45 87 2
19 64 1
14 40 2
51 79 2
45 166 1
0 164 2
7 148 2
46 157 2
59 156 1
61 130 2
50 127 2
13 64 2
12 161 1
46 159 1
32 52 2
48 184 2
19 83 2
28 57 2
23 51 2
17 36 2
32 124 1
33 34 2
55 172 2
10 155 2
61 166 2
59 143 2
38 134 2
28 30 2
18 41 2
42 148 1
6 180 2
22 31 2
3 89 2
59 151 1
20 150 2
7 74 2
10 11 2
14 36 2
27 118 2
12 61 2
4 181 2
28 139 1
1 178 2
12 22 2
2 5 2
4 109 2
17 34 2
26 63 2
5 98 1
20 135 2
57 134 1
3 52 2
52 158 2
36 75 2
12 184 2
48 161 2
55 185 1
42 99 1
50 54 2
5 23 2
43 69 2
21 40 2
29 144 2
61 185 2
40 64 2
38 97 2
20 59 2
23 32 2
30 77 2
3 171 2
18 123 2
9 158 2
18 105 1
50 155 1
31 81 1
22 77 1
57 62 2
25 50 2
47 76 2
21 148 1
12 108 2
36 133 1
12 138 2
9 149 2
5 27 2
58 123 2
25 39 2
25 168 2
46 128 2
21 73 2
17 81 1
17 58 2
60 72 2
7 35 2
16 75 1
27 77 1
15 72 2
60 185 2
26 102 1
24 47 2
13 114 2
16 158 2
8 10 2
23 144 2
36 152 1
21 65 2
48 100 2
61 143 1
35 59 2
26 176 1
37 60 2
52 80 2
42 162 1
39 127 1
2 47 2
31 60 2
1 100 1
56 166 2
11 113 2
56 67 2
54 73 2
19 55 2
12 109 1
2 50 2
4 117 2
15 131 2
23 120 2
10 172 2
34 128 1
19 41 2
53 72 2
6 167 2
39 56 2
27 82 2
49 51 2
38 138 2
33 62 2
56 72 2
29 187 1
2 59 2
17 87 2
40 43 2
39 78 2
40 92 1
55 79 1
42 88 1
37 152 2
38 101 1
12 38 2
15 21 2
37 148 2
27 84 1
27 73 1
60 161 2
57 142 2
4 34 2
20 172 1
19 26 2
55 143 2
36 105 2
11 141 2
45 66 2
28 47 2
4 169 2
9 55 2
35 169 2
18 20 2
48 60 2
18 93 1
8 126 1
10 159 2
52 105 2
17 96 2
43 127 2
40 82 2
13 35 2
12 85 2
0 115 2
15 18 2
11 27 2
22 163 1
48 173 2
26 89 2
21 122 2
26 177 2
47 86 1
14 16 2
62 95 2
43 56 2
36 68 2
55 132 1
58 168 2
9 135 1
20 88 1
36 85 2
31 134 1
57 87 2
33 112 1
52 110 1
31 184 2
32 44 2
45 99 1
61 137 2
11 185 2
59 168 1
48 144 2
8 138 2
0 100 2
10 156 1
31 36 2
33 59 2
32 70 2
15 30 2
56 62 2
13 40 2
27 122 1
6 28 2
28 61 2
41 77 2
45 189 1
48 150 2
23 37 2
34 77 2
30 65 2
59 124 2
37 168 2
24 55 2
1 136 2
51 148 2
30 121 2
52 184 2
51 136 1
41 177 1
2 30 2
37 175 2
1 62 2
12 105 2
57 177 2
2 17 2
28 112 1
42 173 1
58 96 2
35 150 2
39 173 2
7 16 2
52 104 2
14 22 2
14 78 2
10 122 1
31 154 2
32 41 2
35 67 2
61 170 2
33 164 2
25 174 2
0 181 2
7 95 2
4 68 2
55 60 2
11 168 1
18 122 1
55 102 2
58 184 1
48 89 1
26 88 2
12 89 2
25 185 1
21 171 2
1 143 2
37 184 1
7 137 2
17 103 1
10 68 1
16 182 1
17 175 1
31 77 2
3 11 2
26 54 2
29 59 2
9 98 2
46 178 2
20 36 2
24 56 2
11 181 1
13 74 2
55 65 2
52 64 1
37 55 2
18 78 2
1 76 2
17 130 2
6 83 1
44 82 2
39 114 2
15 24 2
29 47 2
1 66 2
38 45 2
29 150 2
12 134 2
27 35 2
17 72 1
8 133 1
23 25 2
5 113 2
45 182 2
35 90 1
6 148 1
4 40 2
10 169 2
49 73 1
30 99 2
20 166 1
16 131 1
50 176 1
16 43 2
22 116 1
11 133 1
45 131 2
1 72 2
1 88 2
37 104 1
47 102 2
33 185 2
45 75 2
49 111 1
21 72 2
42 103 2
2 163 2
44 66 2
12 21 2
62 170 2
11 147 1
48 64 2
6 9 2
43 184 1
26 64 2
10 90 1
35 61 2
60 101 2
16 110 2
35 114 1
49 106 2
16 99 2
35 66 2
7 185 1
9 92 2
59 180 2
54 65 1
3 66 1
45 173 2
59 70 2
35 58 2
31 91 2
17 61 2
15 79 2
10 86 2
54 83 1
35 55 2
49 125 1
6 169 2
19 114 1
50 74 2
11 94 2
28 164 2
0 68 2
19 111 1
6 96 1
9 15 2
0 139 2
59 137 1
29 84 2
47 139 2
5 34 2
33 133 2
52 137 2
53 118 2
10 161 2
26 82 2
61 114 1
5 163 2
14 114 2
37 109 1
44 74 1
61 131 2
42 167 2
27 112 1
25 189 1
24 58 2
49 149 2
45 129 2
7 56 2
49 132 2
15 43 2
18 167 1
36 182 2
59 139 2
1 152 2
37 53 2
59 177 2
48 97 2
32 51 2
60 165 1
29 72 2
25 118 2
38 83 1
14 143 2
16 29 2
48 142 1
39 125 2
19 171 2
47 97 1
8 19 2
32 77 2
25 121 1
38 188 2
52 126 2
18 174 1
0 76 1
14 26 2
24 41 2
21 86 2
40 108 1
24 76 2
26 75 2
6 92 2
7 186 2
4 83 2
19 74 2
30 36 2
45 53 2
46 56 2
47 181 2
3 7 2
44 59 2
54 129 2
2 24 2
40 110 2
43 116 2
37 56 2
60 187 1
26 109 1
37 99 1
37 124 1
46 79 2
36 69 2
15 34 2
53 69 2
40 60 2
18 140 1
56 115 1
51 80 2
21 62 2
6 88 2
42 170 1
58 170 2
43 66 1
23 169 2
43 148 2
13 158 2
10 153 2
4 37 2
1 173 2
3 120 2
36 42 2
55 140 2
61 115 2
53 109 1
2 79 2
38 150 2
22 66 2
31 71 2
62 156 2
34 102 1
6 164 2
37 82 2
15 75 2
46 189 2
30 180 2
47 165 2
41 54 2
7 131 2
53 117 2
60 90 2
9 163 1
33 144 1
19 134 2
34 130 1
33 71 1
40 188 2
50 118 2
55 57 2
21 114 2
43 137 2
9 95 2
55 162 1
57 102 2
11 140 2
14 19 2
3 6 2
15 23 2
43 131 2
55 170 2
57 138 2
25 160 2
7 40 2
56 163 2
36 61 2
18 32 2
61 66 2
42 185 1
7 130 2
36 89 2
52 148 1
30 75 2
30 118 2
6 69 1
5 128 2
6 64 1
8 56 2
48 70 2
18 102 2
42 47 2
16 175 2
43 151 2
0 140 2
13 32 2
15 155 2
52 187 1
27 142 2
25 28 2
2 48 2
24 83 2
28 86 2
6 62 2
57 126 2
2 149 2
35 134 2
42 53 2
10 184 2
42 172 2
23 47 2
37 101 2
39 157 1
22 25 2
56 61 2
47 57 2
28 46 2
8 88 2
39 59 2
47 87 2
19 56 2
20 107 2
48 67 2
11 37 2
61 146 1
33 106 1
62 173 2
51 165 2
58 163 2
49 147 2
58 65 2
8 145 2
49 75 2
35 99 1
32 66 2
11 38 2
29 40 2
22 36 2
50 59 2
59 128 2
36 76 1
2 145 2
22 46 2
14 150 1
29 98 2
28 56 2
12 86 1
25 152 2
15 31 2
5 51 2
22 165 2
36 77 2
51 87 1
12 50 2
7 150 2
24 91 1
10 165 2
41 172 2
53 86 2
45 86 2
10 49 2
29 118 1
41 53 2
0 19 2
10 84 2
47 164 2
49 78 1
19 107 2
37 158 2
33 57 2
40 120 2
55 59 2
16 111 1
18 160 2
4 82 2
39 184 2
7 93 2
7 92 1
33 60 2
27 164 2
22 139 2
3 30 2
19 131 2
42 187 2
9 10 2
5 125 2
18 44 2
54 142 2
51 138 1
29 159 2
17 65 2
56 123 1
11 36 2
3 44 2
48 139 2
13 41 2
30 184 2
24 95 1
6 80 1
7 141 2
17 79 2
49 108 2
54 168 2
37 178 2
42 142 2
52 86 1
42 100 1
39 137 1
15 160 1
20 156 1
18 49 2
36 87 2
18 164 2
22 61 2
31 152 2
13 129 2
6 99 1
27 172 2
46 76 2
57 65 2
4 42 2
26 77 1
29 133 2
52 88 2
12 42 2
62 139 2
59 122 2
33 93 2
8 62 2
9 83 2
8 83 2
14 101 1
21 30 2
15 37 2
4 46 2
8 161 1
50 62 2
60 140 1
58 127 1
44 62 2
36 38 2
28 156 2
2 118 2
25 66 2
33 81 1
56 93 2
40 148 1
44 156 1
18 131 1
12 128 1
20 161 2
58 135 2
45 61 2
16 152 1
24 73 2
56 167 2
23 35 2
53 166 2
12 127 2
13 71 2
47 145 2
1 153 2
36 74 1
23 61 2
47 133 2
15 20 2
6 87 2
16 130 1
57 105 2
8 144 2
53 100 1
35 133 1
60 166 2
50 89 1
26 52 2
56 83 1
23 67 2
7 142 2
53 94 2
46 63 2
22 81 2
15 145 2
36 37 2
55 108 1
58 87 2
35 65 2
0 146 2
61 189 1
37 54 2
8 117 1
56 113 2
36 162 2
6 178 2
13 36 2
61 73 2
12 181 2
47 152 2
30 37 2
8 106 1
29 137 1
22 76 2
14 31 2
24 117 2
8 24 2
32 164 2
13 26 2
37 164 2
34 139 2
2 142 2
54 123 1
12 166 1
24 70 1
54 181 2
20 117 2
8 177 2
42 159 2
11 30 2
40 125 1
28 120 1
18 143 2
54 78 1
23 103 1
18 161 1
61 138 2
37 98 1
8 55 2
14 162 1
39 156 2
52 74 2
24 181 2
12 186 2
62 118 2
25 183 1
3 148 1
1 117 1
27 61 2
47 71 2
22 158 2
3 34 2
45 177 1
19 65 2
39 185 2
27 103 1
29 30 2
49 52 2
43 136 2
15 66 2
61 151 2
33 179 2
22 181 1
49 107 1
58 155 1
25 131 2
30 113 2
17 48 2
42 135 1
47 92 1
59 166 2
50 114 2
20 155 2
56 176 2
21 27 2
20 171 2
40 80 2
33 82 2
32 183 2
11 85 2
57 173 1
38 174 2
59 172 2
2 56 2
7 88 1
40 57 2
6 59 2
23 149 1
27 51 2
12 100 2
23 38 2
8 92 2
18 23 2
9 37 2
19 49 2
17 33 2
53 95 2
1 109 2
50 61 2
10 15 2
19 186 2
2 90 2
59 152 1
8 74 2
8 25 2
29 111 1
38 160 2
4 184 2
62 82 2
48 53 2
23 53 2
12 41 2
14 37 2
0 178 2
36 164 2
5 19 2
41 155 2
10 60 2
50 189 2
24 152 2
43 61 2
39 180 2
31 52 2
44 52 2
8 75 2
41 81 1
19 132 1
23 148 2
43 95 2
43 87 2
14 17 2
39 124 1
14 134 2
21 43 2
14 21 2
3 31 2
17 31 2
6 45 2
61 156 1
9 106 2
21 162 2
24 119 2
53 147 2
10 38 2
28 70 2
47 88 1
31 110 2
16 48 2
42 176 2
58 70 2
52 155 2
9 169 1
8 113 2
48 75 2
18 99 2
59 181 2
14 50 2
32 38 2
35 85 2
62 123 2
26 183 2
6 133 2
22 57 2
29 48 2
28 115 2
40 91 2
37 100 2
24 165 1
37 75 1
40 182 1
59 68 2
20 55 2
21 52 2
2 115 1
4 44 2
1 27 2
1 57 2
12 156 2
17 50 2
13 84 2
40 189 2
35 76 1
20 90 1
48 102 2
43 44 2
23 152 2
3 187 1
12 88 2
8 79 1
33 137 1
10 148 2
34 41 2
57 129 2
49 143 2
52 84 2
12 37 2
55 159 2
35 84 2
60 181 1
10 30 2
39 52 2
46 82 1
6 118 1
62 79 1
61 67 2
61 116 2
52 78 1
31 48 2
11 13 2
33 174 2
41 179 2
1 46 2
34 90 1
5 156 1
46 176 1
15 97 2
14 30 2
15 87 2
10 71 2
11 175 2
25 110 1
21 146 1
22 102 2
33 138 2
7 60 2
34 49 2
50 65 2
23 100 2
56 97 1
53 115 2
58 137 2
19 98 2
48 79 2
23 45 2
62 131 1
41 55 2
38 40 2
12 110 2
54 152 2
55 87 2
19 165 2
29 38 2
28 37 2
10 36 2
3 21 2
21 63 1
11 100 2
7 52 2
25 182 2
28 85 1
40 129 2
48 156 1
30 55 2
8 41 2
10 146 1
28 114 2
40 141 1
24 101 2
41 91 2
20 85 1
16 187 2
45 178 2
45 167 1
11 53 2
54 74 2
61 118 2
6 152 2
2 131 2
17 113 2
60 81 2
30 122 1
33 42 2
54 146 2
18 172 2
0 20 2
50 104 1
34 132 1
9 14 2
8 146 2
41 113 2
55 96 2
33 99 2
14 27 2
56 174 1
12 64 2
24 57 2
18 29 2
1 10 2
25 105 2
13 55 2
22 112 2
6 149 2
9 113 2
28 58 2
57 189 2
25 57 2
19 109 2
56 122 2
33 155 2
41 120 2
20 27 2
27 42 2
57 117 2
50 150 2
3 173 2
21 60 2
52 99 2
48 153 2
7 155 2
24 163 2
19 63 2
21 26 2
4 111 2
16 77 2
27 147 2
24 182 2
17 152 1
39 126 2
27 113 1
51 172 2
32 35 2
38 184 2
33 50 2
5 36 2
46 83 1
41 146 2
4 127 2
40 73 2
16 52 2
0 54 2
34 183 2
5 49 2
5 122 2
50 133 2
14 140 1
24 111 2
38 57 2
6 38 2
8 33 2
8 57 2
7 27 2
4 124 1
47 129 2
10 34 2
6 151 2
1 138 2
28 125 2
32 114 2
4 164 2
62 127 2
39 75 2
27 175 2
36 145 2
5 13 2
25 60 2
3 61 2
47 115 2
59 149 1
56 155 1
30 176 1
36 81 2
17 181 2
43 98 1
31 42 2
39 40 2
40 103 1
61 159 1
30 110 2
54 93 1
8 115 2
52 103 2
46 106 1
53 135 2
60 106 2
43 132 1
44 69 2
61 126 2
19 35 2
26 40 1
110 152 2
123 155 2
78 109 2
17 66 2
0 110 1
23 155 1
152 176 1
0 78 1
50 56 1
7 61 1
62 98 1
15 62 1
15 78 1
78 153 1
22 59 1
38 98 2
38 145 1
16 47 1
43 185 2
37 48 1
37 162 1
20 145 1
4 162 2
9 58 1
55 123 1
4 183 1
42 52 1
59 185 2
12 23 1
157 159 1
11 35 1
80 185 1
11 157 1
25 78 2
21 123 2
145 162 2
13 43 1
39 153 1
66 150 1
170 173 2
33 37 1
34 170 2
45 147 2
0 176 1
31 44 1
10 37 1
6 57 1
43 55 1
