% n=140 p=33 d=0.66 p_blue=0.66
% k=0
8 31 2
23 86 1
42 75 2
33 52 1
23 115 1
4 123 2
0 10 2
40 79 2
27 61 2
12 14 2
28 79 2
21 137 2
22 25 2
8 34 2
13 33 2
15 40 2
15 87 1
27 114 2
36 86 2
18 119 2
34 42 2
17 42 2
28 69 2
1 128 2
8 114 1
20 38 2
38 104 1
1 129 2
27 46 2
23 61 1
31 65 1
35 94 2
30 51 2
41 72 2
27 64 2
34 66 2
32 65 2
36 97 2
12 95 1
26 130 2
12 38 2
43 98 2
13 38 2
17 30 2
11 89 2
44 49 2
25 30 2
32 88 2
13 67 2
44 105 1
1 21 2
9 122 1
19 35 2
18 118 2
43 60 2
23 79 2
1 119 1
15 37 2
45 47 1
34 58 2
13 106 2
35 104 2
37 66 1
43 58 2
13 18 2
29 126 2
16 127 2
0 132 1
24 110 1
17 31 2
4 138 2
5 82 2
23 65 2
13 41 2
44 100 2
43 66 1
20 110 2
14 54 2
7 33 2
33 44 2
40 95 2
30 93 1
18 75 2
15 62 2
34 86 2
21 74 2
41 58 2
35 81 2
18 99 2
37 64 2
21 70 1
7 68 1
0 24 2
36 129 1
32 132 2
13 136 2
28 38 2
35 66 2
23 129 2
19 38 2
29 134 1
24 46 2
29 40 2
4 5 2
45 113 1
17 74 2
36 123 1
12 113 2
7 133 2
42 127 2
2 103 1
23 137 2
23 112 1
27 82 2
34 108 1
46 88 2
16 123 2
14 113 1
17 112 1
6 46 2
46 74 1
9 99 1
7 43 2
24 39 2
32 110 2
28 78 1
40 78 1
34 120 2
1 99 2
10 35 2
19 124 2
14 138 2
45 125 1
8 18 2
15 51 1
42 104 1
27 131 2
27 125 1
22 108 2
38 113 2
34 69 1
1 26 2
27 31 2
35 50 2
1 16 2
9 112 1
45 66 1
29 80 2
4 17 2
7 83 2
34 104 2
29 137 2
36 73 2
33 49 2
27 103 2
7 76 1
11 62 1
3 20 2
29 36 2
4 65 2
15 29 2
30 88 1
11 87 2
12 88 1
6 101 2
3 109 1
44 119 2
7 30 2
33 102 2
29 99 2
9 48 1
22 90 1
10 125 2
34 118 2
39 57 2
41 97 1
19 122 2
20 24 2
24 139 2
40 68 1
12 32 2
24 74 1
42 105 2
30 100 2
6 126 1
23 59 2
20 22 2
33 94 2
31 104 1
9 78 1
7 56 1
14 27 2
17 80 2
35 52 2
41 99 2
19 73 1
39 43 2
7 137 1
8 21 2
2 97 2
0 124 2
7 25 2
28 117 2
31 125 2
3 25 2
8 97 2
34 79 2
25 96 2
38 51 1
26 95 1
11 68 1
29 113 1
17 50 2
16 45 2
38 97 1
17 67 2
8 14 2
10 68 2
0 63 2
37 94 2
36 119 1
2 12 2
3 6 2
17 120 2
2 46 2
29 83 2
33 58 2
41 57 1
20 50 1
3 48 2
30 119 2
34 131 1
4 74 1
28 90 2
40 101 2
45 67 2
28 92 2
16 36 2
32 59 2
8 27 2
32 55 1
36 111 1
40 70 2
32 49 1
0 128 2
26 123 2
9 85 2
15 134 1
2 44 2
38 39 2
10 33 2
35 139 2
25 122 1
0 74 2
9 135 1
41 82 1
5 34 2
35 77 1
18 21 2
12 115 2
21 31 2
8 78 1
14 107 2
46 107 1
37 60 1
1 8 2
31 52 2
23 136 1
28 108 2
13 103 2
13 31 2
1 116 2
1 57 1
17 121 2
33 111 2
5 90 2
14 15 2
21 45 2
6 20 2
16 122 1
8 106 2
45 98 2
4 6 2
9 12 2
42 106 2
3 28 2
15 97 2
21 139 2
9 74 1
6 138 1
7 16 2
12 78 2
11 56 2
5 98 1
21 52 1
46 139 2
10 59 2
10 64 2
42 133 2
19 107 1
15 20 2
24 124 1
1 10 2
31 38 2
3 43 2
14 120 2
35 55 2
28 73 1
21 60 2
29 71 1
7 70 1
25 105 2
14 49 2
17 113 2
10 132 2
37 122 2
1 130 2
8 109 2
17 105 2
4 60 2
37 129 1
32 79 2
6 90 2
6 14 2
9 110 1
9 13 2
27 87 1
11 18 2
9 22 2
16 101 1
27 118 2
5 102 2
15 124 2
11 31 2
11 128 2
46 99 2
25 71 1
30 56 2
31 131 1
12 135 1
37 125 2
26 111 2
39 116 2
19 77 1
21 43 2
1 83 2
40 91 2
44 57 2
22 125 1
17 132 2
33 68 2
28 54 2
33 72 2
14 130 2
15 35 2
43 131 1
4 45 2
22 27 2
2 61 2
21 99 2
18 81 1
25 127 1
5 81 2
5 115 2
8 25 2
14 41 2
46 71 2
0 136 2
41 67 2
37 46 2
15 96 1
21 123 2
46 103 2
7 42 2
7 52 2
9 123 2
34 67 2
30 62 2
36 74 2
45 86 2
34 115 2
19 78 1
8 118 2
14 102 2
39 112 2
13 100 2
41 87 1
19 138 2
31 54 1
17 133 1
6 39 2
2 6 2
11 75 2
34 96 1
32 133 2
30 99 2
25 136 1
26 41 2
15 59 2
35 60 2
7 88 2
17 61 1
39 124 2
3 104 1
4 13 2
4 35 2
13 133 2
17 25 2
43 118 2
32 123 2
14 45 2
17 114 2
20 63 2
3 87 1
27 34 2
14 67 2
10 30 2
36 103 1
3 119 2
5 32 2
19 70 2
41 110 2
21 22 2
1 33 2
41 62 2
11 53 1
0 28 2
28 131 2
38 129 2
45 132 2
19 111 2
26 73 2
0 22 2
7 95 2
25 38 2
12 47 2
35 36 2
19 90 1
20 79 2
24 28 2
1 134 2
26 105 1
1 61 1
11 99 2
21 115 1
10 22 2
27 49 2
27 67 2
21 33 2
1 48 2
8 22 2
28 58 2
30 73 1
0 111 1
25 48 1
1 126 2
17 28 2
17 95 1
46 131 2
44 77 2
15 90 2
10 46 2
29 97 2
9 21 2
27 92 1
39 107 2
22 131 1
3 46 2
6 109 2
3 68 2
9 40 2
29 91 1
12 130 2
5 91 1
23 90 2
19 42 2
40 105 1
41 112 2
8 82 2
33 55 1
16 20 2
7 92 1
21 64 2
21 59 2
16 57 1
6 27 2
42 112 2
16 26 2
30 118 1
10 78 2
44 46 2
9 49 2
32 64 1
11 23 2
22 45 2
22 91 2
42 102 2
4 121 1
38 91 2
2 132 1
34 83 1
5 30 2
14 28 2
6 127 2
46 106 2
10 108 2
3 98 1
35 83 2
5 49 2
14 59 2
45 106 2
12 25 2
13 39 2
38 56 2
34 91 2
36 41 2
12 126 2
19 54 2
33 91 2
28 104 2
10 26 2
46 100 2
15 44 2
16 21 2
4 56 1
0 40 2
24 64 1
20 60 2
13 135 1
0 94 2
37 104 1
12 36 2
16 74 1
8 42 2
3 77 1
10 128 2
22 44 2
3 62 1
8 9 2
42 74 1
23 88 1
2 15 2
20 109 2
26 79 2
3 30 2
14 117 2
7 50 1
23 95 2
25 138 2
41 52 1
15 84 2
25 31 2
41 92 2
3 17 2
7 12 2
16 41 2
30 90 1
11 108 1
2 40 2
18 133 2
15 112 1
35 109 2
1 18 2
14 128 2
2 90 2
6 106 2
30 35 2
21 28 2
23 29 2
2 77 2
31 35 2
8 29 2
11 51 2
24 25 2
35 92 2
3 64 2
10 122 2
23 123 1
37 38 2
24 62 2
39 45 2
39 73 2
24 35 2
29 87 2
16 113 2
1 80 2
6 31 2
10 20 2
5 137 2
9 136 2
14 53 1
20 61 2
16 89 2
11 123 1
36 110 2
33 116 2
28 88 2
1 106 2
8 115 2
33 69 2
29 67 2
23 98 1
28 34 2
29 123 2
26 120 1
40 63 2
12 34 2
7 15 2
31 53 1
12 131 2
9 79 2
16 25 2
8 127 2
22 115 2
34 135 1
36 81 2
24 133 2
3 14 2
1 7 2
32 77 1
30 57 2
41 137 2
27 120 2
39 61 2
5 36 2
40 54 1
9 33 2
31 67 2
23 103 2
9 27 2
29 42 2
37 123 1
10 56 1
31 98 2
12 44 2
23 50 1
45 95 1
5 136 1
37 65 1
19 126 2
11 41 2
19 81 1
15 92 2
32 127 1
37 133 2
6 18 2
22 55 1
23 33 2
18 76 1
24 79 2
18 40 2
10 94 1
5 117 2
7 35 2
8 93 1
43 44 2
27 29 2
10 95 2
37 75 2
26 58 2
10 34 2
4 34 2
35 133 1
23 35 2
24 44 2
36 42 2
2 47 2
33 119 2
40 67 2
17 33 2
30 44 2
18 41 2
2 105 1
16 66 1
40 86 1
26 40 2
14 121 2
10 127 2
23 94 2
14 18 2
43 65 2
6 61 2
31 70 2
15 79 2
39 93 1
16 38 2
8 35 2
24 70 2
18 105 1
12 117 2
9 102 2
1 13 2
35 100 2
1 23 2
4 28 2
32 95 2
0 53 2
45 85 1
40 85 1
15 72 1
11 95 2
44 118 2
16 39 2
12 56 1
12 41 2
34 85 2
0 4 2
38 58 2
9 94 1
22 106 2
27 119 1
25 95 1
2 120 2
15 16 2
34 61 1
24 126 2
4 42 2
19 109 1
16 92 2
9 108 2
6 111 2
0 85 2
31 50 2
28 136 1
6 64 2
37 113 2
1 71 1
30 125 2
39 68 1
43 54 2
31 120 2
41 132 1
38 63 2
7 46 2
46 127 2
35 72 2
3 32 2
7 60 2
27 68 1
25 61 1
24 130 2
19 123 2
34 122 1
17 45 2
34 88 1
43 126 1
3 86 2
12 26 2
10 99 1
0 99 1
14 21 2
29 43 2
2 118 2
10 14 2
8 73 2
40 74 2
23 40 2
33 37 2
15 32 2
34 56 2
9 41 2
2 49 2
12 19 2
2 64 1
30 124 2
1 6 2
1 41 2
33 42 2
42 108 2
32 93 2
17 34 2
16 87 2
46 59 1
16 106 1
15 100 2
7 55 2
22 64 2
14 95 1
38 82 1
42 123 2
44 64 1
27 56 2
29 35 2
1 3 2
9 23 2
36 113 1
1 133 2
18 139 2
26 32 2
32 80 2
32 35 2
18 34 2
24 86 1
42 103 2
8 45 2
0 129 1
19 115 1
32 57 2
5 14 2
38 46 2
22 39 2
13 45 2
29 59 2
13 127 1
29 98 2
38 66 2
39 41 2
28 110 2
37 111 2
11 86 1
20 118 1
27 97 1
17 32 2
10 79 2
18 126 2
25 126 2
9 103 2
42 45 2
12 22 2
8 79 1
20 52 2
37 103 1
0 109 2
2 38 2
8 61 2
20 25 2
44 139 2
10 123 2
14 72 2
32 106 2
44 93 2
31 66 1
4 14 2
36 108 2
37 96 1
26 47 2
2 96 2
16 117 2
9 11 2
19 88 2
22 30 2
18 88 2
19 29 2
9 51 2
19 33 2
42 94 1
8 102 2
6 47 2
23 43 2
3 45 2
3 93 1
33 45 2
10 75 2
9 43 2
12 120 2
38 103 2
22 130 2
25 59 2
39 58 1
9 26 2
1 24 2
32 39 2
28 135 1
23 42 2
19 71 2
38 116 2
6 131 2
31 86 2
5 111 1
14 42 2
18 55 2
23 32 2
32 117 1
21 32 2
32 109 1
40 97 1
31 32 2
16 37 2
7 139 2
25 46 2
18 97 2
5 12 2
16 88 1
4 120 2
21 104 2
2 119 2
18 120 2
6 122 1
10 37 2
8 53 1
8 90 2
2 102 1
41 118 2
37 51 2
21 37 2
45 96 2
20 44 2
36 71 2
28 120 2
24 55 2
26 117 2
30 63 2
24 95 2
22 96 1
46 69 1
22 77 1
6 11 2
30 74 2
1 135 2
22 121 2
37 56 1
19 79 1
24 106 2
14 16 2
11 131 1
15 58 2
15 116 1
11 61 2
37 42 2
41 98 1
35 74 2
1 42 2
38 92 2
2 18 2
44 66 1
22 117 1
29 34 2
16 34 2
22 100 1
28 53 2
12 127 2
36 114 2
37 109 1
11 64 1
27 53 2
41 42 2
9 95 1
27 78 2
16 97 2
30 139 2
13 52 2
24 80 2
17 124 2
11 106 2
6 38 2
41 44 2
44 60 1
42 101 1
34 49 2
4 59 2
9 53 2
11 57 2
40 51 1
18 32 2
19 89 2
30 72 1
34 43 2
46 47 1
4 106 2
25 37 2
31 111 2
2 67 2
35 40 2
26 138 2
33 70 2
28 126 1
39 72 2
8 111 1
18 62 1
24 59 1
11 93 1
29 51 2
21 62 1
18 78 2
2 85 2
7 44 2
2 35 2
37 69 1
3 121 2
40 47 2
20 89 2
0 79 2
25 121 2
11 85 1
15 53 2
42 48 2
40 129 1
13 25 2
6 73 2
38 119 2
29 44 2
41 46 2
7 22 2
1 66 2
12 133 2
11 22 2
10 58 2
14 46 2
21 89 1
45 81 1
14 81 2
22 127 2
16 52 2
13 128 2
22 61 1
33 61 2
2 137 2
40 77 2
21 94 2
30 42 2
4 11 2
31 75 2
7 115 2
14 64 2
15 93 2
17 29 2
31 84 2
13 68 1
23 91 2
17 135 1
23 51 2
30 71 1
11 29 2
7 8 2
31 112 2
0 105 1
28 49 1
20 28 2
10 120 2
18 107 1
8 28 2
9 119 1
26 43 2
21 121 1
1 19 2
11 39 2
34 55 1
10 36 2
20 51 2
38 85 1
7 129 2
14 92 2
1 76 1
12 28 2
15 54 2
12 96 1
13 119 2
42 113 1
20 45 2
11 132 2
15 121 2
41 115 2
11 82 2
2 22 2
6 41 2
8 52 2
9 58 2
18 128 2
29 89 1
0 51 2
43 123 1
3 88 2
21 112 2
46 50 2
32 129 1
2 26 2
20 91 2
8 68 2
9 35 2
19 39 2
29 47 1
10 43 2
8 101 1
44 72 2
18 48 2
9 30 2
36 83 2
30 31 2
36 43 2
22 85 2
34 94 2
36 77 2
33 127 2
24 30 2
17 46 2
31 97 2
38 115 1
42 131 2
12 55 2
36 60 2
34 41 2
4 128 2
21 122 1
22 38 2
1 108 2
15 52 2
12 86 2
23 73 1
36 90 2
20 65 2
15 60 1
5 23 2
1 88 1
20 66 2
6 32 2
44 127 2
8 85 2
12 103 2
25 103 1
17 129 2
13 61 1
36 69 2
26 71 2
23 24 2
8 105 2
0 9 2
31 39 2
39 47 1
26 28 2
12 23 2
1 64 1
0 131 2
45 72 1
7 41 2
3 7 2
41 43 2
10 17 2
39 95 2
42 54 2
22 41 2
27 85 2
36 105 2
4 8 2
40 92 1
31 37 2
1 9 2
29 32 2
46 98 2
28 105 2
45 107 1
41 131 2
23 38 2
15 81 1
25 40 2
36 138 2
46 118 2
1 93 2
4 66 2
14 83 2
15 69 1
2 91 2
14 26 2
10 85 2
5 119 2
28 86 1
19 53 2
5 7 2
1 138 2
5 127 1
28 31 2
17 84 2
32 34 2
3 66 2
46 76 2
14 33 2
35 124 2
15 107 2
31 64 2
12 15 2
8 76 2
12 68 2
18 31 2
45 134 2
16 80 2
7 71 1
7 131 2
12 122 1
1 69 1
2 36 2
39 64 2
40 122 2
17 51 2
1 68 1
8 47 1
42 71 2
12 27 2
5 85 2
14 32 2
32 84 1
26 92 1
34 40 2
20 49 2
16 56 2
14 35 2
43 110 2
13 102 2
17 23 2
13 89 1
26 62 1
6 37 2
14 30 2
42 91 2
32 54 2
23 39 2
25 110 2
16 132 2
16 110 2
18 36 2
31 89 2
26 63 2
5 60 2
3 123 2
3 130 2
6 85 2
9 128 2
15 47 2
39 105 2
40 139 2
3 111 2
40 65 2
2 93 1
29 77 2
37 106 2
39 56 1
6 13 2
9 133 1
26 82 1
30 131 2
5 69 2
2 76 1
28 81 1
46 84 1
3 8 2
31 129 1
40 103 2
25 60 2
38 123 2
44 129 2
3 38 2
8 17 2
13 35 2
27 74 1
12 24 2
20 94 2
1 45 2
44 84 2
46 129 2
30 120 2
43 67 2
4 7 2
36 44 2
40 133 1
15 18 2
14 56 2
3 16 2
11 136 2
16 35 2
36 116 2
10 93 1
35 137 2
43 133 2
8 86 1
24 100 2
10 15 2
0 127 2
11 125 2
14 125 2
14 31 2
35 101 2
31 47 1
24 67 1
42 116 2
28 114 2
34 114 1
6 63 2
44 54 1
30 130 2
46 134 2
10 129 1
17 35 2
43 102 1
34 133 2
12 116 1
40 113 1
7 96 2
45 102 2
32 40 2
8 33 2
31 82 2
16 81 2
10 136 2
31 124 2
27 77 2
6 21 2
9 60 1
37 50 1
37 97 1
23 53 2
33 105 2
36 135 2
10 60 2
11 24 2
5 33 2
27 138 1
1 124 1
41 83 1
31 36 2
4 90 2
25 92 2
18 35 2
46 81 2
27 36 2
36 38 2
8 88 2
30 105 2
19 31 2
20 35 2
28 35 2
0 7 2
12 93 2
27 102 2
21 76 1
6 29 2
8 59 2
8 104 2
31 61 1
17 111 2
5 39 2
41 101 1
27 73 2
43 113 2
20 70 2
33 95 2
26 39 2
11 104 1
1 34 2
11 122 2
22 43 2
20 62 2
22 24 2
2 14 2
2 10 2
34 77 2
2 127 2
20 30 2
17 56 2
21 111 2
33 112 2
28 97 2
4 81 1
17 90 1
12 129 2
10 51 2
44 114 2
12 124 2
39 74 2
7 90 1
28 134 1
16 79 1
5 11 2
19 43 2
22 126 2
42 43 2
10 118 2
42 77 2
5 29 2
21 120 2
42 62 2
28 41 2
27 59 2
38 42 2
15 132 2
11 112 2
24 96 2
0 32 2
25 130 1
35 71 2
26 137 2
36 54 2
10 138 2
15 45 2
40 42 2
17 77 1
14 127 2
2 33 2
16 17 2
27 94 2
9 126 2
11 63 2
3 129 2
17 62 2
46 122 2
11 12 2
19 60 2
1 12 2
16 108 2
39 94 1
44 80 1
35 38 2
0 96 2
13 19 2
0 20 2
24 37 2
9 45 2
12 71 1
28 40 2
21 102 2
2 134 2
18 53 2
37 68 2
41 75 2
16 44 2
8 50 2
9 46 2
14 36 2
14 29 2
30 115 1
14 17 2
25 68 2
5 15 2
43 81 1
11 25 2
4 107 2
30 87 2
2 138 1
24 52 2
31 68 1
19 20 2
23 46 2
24 41 2
22 28 2
45 122 2
40 72 2
44 132 2
27 122 1
39 90 2
0 47 2
19 45 2
20 72 2
4 87 2
18 123 1
12 81 2
2 108 2
2 41 2
37 58 2
13 134 2
9 47 2
1 15 2
46 60 1
13 47 2
6 35 2
36 87 2
7 75 2
46 120 2
18 20 2
9 37 2
43 114 2
3 102 2
30 36 2
15 39 2
14 55 1
6 60 2
17 47 1
23 78 2
32 66 1
19 112 1
20 40 2
3 54 2
14 50 2
2 37 2
36 115 1
31 48 2
39 62 2
28 59 2
1 87 1
13 73 2
5 26 2
6 88 2
12 31 2
7 26 2
27 115 2
11 52 1
4 84 1
16 133 1
1 118 2
0 17 2
30 127 1
11 55 2
40 109 2
30 39 2
27 76 2
37 71 2
9 61 2
32 58 2
8 135 1
6 62 2
18 124 2
33 130 1
0 75 2
9 32 2
37 72 2
6 44 2
18 111 2
13 115 2
20 26 2
17 24 2
9 111 2
3 97 2
44 59 1
26 33 2
37 82 2
15 101 2
39 50 2
45 48 2
5 128 1
21 135 2
28 95 1
14 132 2
0 2 2
3 63 2
22 113 1
4 88 1
29 49 2
6 16 2
1 92 2
45 135 2
6 120 1
21 97 1
25 39 2
3 112 1
22 74 1
11 133 2
37 126 1
16 90 2
1 90 1
26 76 2
42 57 2
35 117 2
40 48 2
0 100 2
40 64 2
30 40 2
14 137 2
15 30 2
14 34 2
44 135 2
12 67 2
14 105 1
35 43 2
5 139 2
14 73 2
22 62 2
43 85 2
16 19 2
30 136 2
4 127 2
24 132 2
46 68 2
27 89 2
43 139 2
40 111 2
4 103 1
5 110 1
29 139 2
5 133 2
35 91 2
28 84 1
15 41 2
22 65 1
25 109 2
41 94 2
24 66 2
39 86 2
14 20 2
6 24 2
10 112 2
19 65 2
12 82 2
19 22 2
26 29 2
25 33 2
1 109 2
3 31 2
34 63 2
11 139 1
40 137 2
8 116 2
42 132 2
41 116 2
6 33 2
18 121 2
36 132 1
39 40 2
11 134 1
37 39 2
0 97 1
9 38 2
3 117 2
21 58 1
15 71 2
5 28 2
16 83 2
18 73 1
40 114 2
32 36 2
10 42 2
43 56 2
32 138 1
24 138 1
9 18 2
41 100 2
26 51 2
24 94 2
6 89 2
45 49 2
1 104 2
14 47 2
15 115 1
8 107 1
27 66 2
24 38 2
31 78 2
21 35 2
44 126 1
10 40 2
26 53 1
7 14 2
20 41 2
13 125 2
32 75 2
44 121 2
37 44 2
13 17 2
27 99 2
44 122 2
29 100 2
20 43 2
17 76 2
9 15 2
16 94 2
19 108 1
29 135 2
16 100 2
21 92 2
31 34 2
17 97 1
15 17 2
13 43 2
7 9 2
33 131 1
10 16 2
5 113 1
44 47 2
16 135 1
4 26 2
41 56 2
0 103 1
21 34 2
16 119 2
9 29 2
36 45 2
23 124 1
4 76 2
15 24 2
8 122 2
9 98 2
4 48 2
23 55 2
16 31 2
2 80 2
40 125 2
43 109 1
0 118 2
19 119 2
3 82 1
21 117 2
4 69 2
18 54 1
4 53 1
13 46 2
16 78 1
42 83 2
32 131 2
2 28 2
23 69 2
7 97 2
35 118 2
41 65 2
0 108 1
31 133 2
26 101 2
20 130 2
12 112 1
2 126 2
18 19 2
4 41 2
34 109 2
9 81 1
25 86 1
4 31 2
3 106 2
30 46 2
24 36 2
1 32 2
5 21 2
17 22 2
8 12 2
4 136 2
9 120 2
3 35 2
22 97 2
5 37 2
34 54 1
43 108 2
28 125 2
24 77 1
15 131 2
28 91 2
17 53 2
12 42 2
39 49 1
46 53 1
39 136 2
7 122 1
2 112 2
11 77 2
14 104 1
0 119 2
23 134 2
7 103 2
20 114 1
4 97 1
38 45 2
0 16 2
8 15 2
33 67 1
19 72 2
25 74 2
23 107 2
23 102 2
35 97 2
4 99 2
40 44 2
9 75 2
7 138 2
30 67 1
45 100 2
30 109 2
1 111 2
12 138 2
41 121 2
18 39 2
33 134 2
34 68 1
26 112 1
8 67 2
29 131 1
13 74 1
41 107 1
45 120 2
13 131 2
29 79 1
29 88 2
23 133 2
34 39 2
0 90 2
32 90 1
5 55 1
13 101 2
15 19 2
39 54 2
35 37 2
22 47 2
2 131 2
33 96 2
13 137 2
16 107 1
20 113 2
11 46 2
2 122 1
1 20 2
22 42 2
16 29 2
21 39 2
46 72 2
23 111 1
19 56 2
28 65 1
24 81 1
30 76 2
0 37 2
38 105 2
13 32 2
14 82 2
32 33 2
0 21 2
45 131 1
18 42 2
26 122 2
10 107 2
35 114 2
19 74 1
23 57 1
0 46 2
17 83 2
19 44 2
22 35 2
16 53 2
35 59 2
29 54 1
22 37 2
25 104 2
1 60 2
17 36 2
16 96 1
35 42 2
7 21 2
4 50 2
26 67 2
21 90 1
25 78 2
18 45 2
22 111 1
16 24 2
29 110 2
30 33 2
5 123 1
35 105 2
14 89 2
25 54 2
20 67 2
35 135 1
2 7 2
12 52 2
11 44 2
27 32 2
19 40 2
7 38 2
5 97 2
17 89 2
8 57 1
10 126 1
18 26 2
15 139 2
32 72 1
18 65 2
12 134 2
25 120 1
36 94 2
29 38 2
25 55 1
33 137 1
8 62 2
6 121 2
11 115 2
20 125 1
29 41 2
39 114 1
12 66 2
22 139 2
17 78 2
38 73 1
28 39 2
9 92 2
2 27 2
5 20 2
30 83 1
5 120 2
23 92 2
27 30 2
17 138 1
5 40 2
23 34 2
37 105 2
30 134 2
24 27 2
9 63 2
11 13 2
25 49 2
39 46 2
2 107 2
21 44 2
40 87 2
40 127 2
24 135 2
9 93 1
41 74 1
2 104 2
10 47 2
32 38 2
30 113 1
41 76 2
45 87 2
37 43 2
20 92 1
13 26 2
19 23 2
39 84 2
44 103 1
26 139 2
1 115 2
13 113 2
43 55 2
35 47 1
3 57 1
17 101 2
14 88 2
22 26 2
28 107 1
37 89 2
0 12 2
18 64 2
9 62 1
8 80 2
4 15 2
24 31 2
27 54 1
1 54 2
2 42 2
8 74 2
6 94 2
13 21 2
45 80 2
4 21 2
10 121 1
20 34 2
18 129 2
22 136 2
8 75 2
43 71 2
7 99 2
16 105 1
10 44 2
8 120 2
12 50 1
0 62 2
37 41 2
31 46 2
9 31 2
46 87 2
34 95 2
30 53 2
15 86 2
4 51 2
5 124 1
13 40 2
9 25 2
25 88 2
9 106 1
6 8 2
24 118 1
16 86 2
41 123 2
12 35 2
36 88 2
2 94 2
26 35 2
40 135 1
18 56 1
19 104 2
25 114 2
15 109 2
43 121 2
29 58 1
7 121 2
39 78 2
24 113 2
16 22 2
43 125 2
1 47 2
3 22 2
12 73 2
6 108 1
26 102 2
41 108 1
2 16 2
39 79 2
3 37 2
27 44 2
28 121 1
4 73 2
26 27 2
39 125 2
21 66 2
40 110 2
20 80 2
16 23 2
24 57 2
23 83 2
35 70 2
24 119 2
0 123 2
18 38 2
20 74 1
30 45 2
9 80 2
14 38 2
1 73 2
25 75 1
1 44 2
38 80 2
34 111 2
17 19 2
33 51 1
21 105 2
40 90 2
13 79 2
6 7 2
9 97 2
1 30 2
0 14 2
24 101 1
13 16 2
4 12 2
23 28 2
4 137 2
44 133 1
5 56 2
11 36 2
7 18 2
17 37 2
31 55 1
45 71 1
19 41 2
43 79 1
18 84 2
0 23 2
7 58 2
24 43 2
7 17 2
43 72 1
13 37 2
13 84 1
44 92 2
32 120 1
43 86 2
0 52 1
4 112 1
4 57 2
44 91 1
2 13 2
16 27 2
28 127 2
29 116 2
25 106 1
9 14 2
24 104 1
42 59 2
7 28 2
4 64 2
17 87 1
11 19 2
7 73 1
16 40 2
4 16 2
14 66 1
38 90 2
9 107 1
21 133 2
42 114 2
36 61 1
39 75 1
32 51 2
44 104 2
43 51 2
40 58 1
35 68 1
22 89 2
36 85 2
32 44 2
1 127 2
18 96 1
29 95 2
42 107 2
10 32 2
31 138 1
14 78 2
41 54 1
23 113 2
24 93 1
4 33 2
7 34 2
3 60 2
0 31 2
12 123 2
27 129 1
26 133 2
12 39 2
43 78 1
43 93 1
19 24 2
8 30 2
6 93 2
30 48 1
30 54 1
19 127 2
3 124 2
4 46 2
9 17 2
2 30 2
15 55 2
11 28 2
25 63 2
24 116 2
32 74 2
12 63 2
1 25 2
32 104 2
7 102 1
16 63 2
41 77 2
38 50 2
7 31 2
17 20 2
18 28 2
25 44 2
22 73 1
42 119 1
9 113 2
46 73 2
25 83 1
6 136 2
7 63 1
45 82 1
35 126 1
0 13 2
33 35 2
14 19 2
23 71 1
24 111 1
4 49 1
32 94 2
26 124 2
37 130 2
23 41 2
12 30 2
15 67 2
1 11 2
28 63 2
8 36 2
1 38 2
27 39 2
23 89 2
7 20 2
6 28 2
32 41 2
0 11 2
13 138 2
1 62 2
33 133 2
20 119 2
28 45 2
39 131 2
7 119 2
29 133 2
21 73 2
22 93 2
4 94 1
9 55 2
46 48 2
41 79 2
23 70 1
14 115 1
32 56 1
14 23 2
35 132 2
2 78 2
0 130 1
8 87 1
5 35 2
19 106 1
24 112 2
33 46 2
8 16 2
29 30 2
34 76 2
15 66 1
22 102 2
25 67 1
40 115 2
3 56 2
30 52 2
31 132 1
12 104 2
38 69 2
12 49 1
0 58 1
44 73 2
41 64 2
35 125 2
35 49 1
23 127 2
14 74 2
5 41 2
39 63 2
22 53 2
19 36 2
1 29 2
1 40 2
20 69 2
19 46 2
33 54 2
8 89 2
10 21 2
22 138 2
44 106 2
14 79 2
2 25 2
34 36 2
29 107 1
4 43 2
41 90 2
44 79 2
15 99 2
27 40 2
44 51 1
35 127 2
2 11 2
30 85 2
13 15 2
33 36 2
16 72 2
5 89 2
33 34 2
8 10 2
14 63 2
16 33 2
3 18 2
17 88 2
7 23 2
5 13 2
4 113 2
27 134 2
44 75 2
22 81 1
28 33 2
46 117 1
8 13 2
5 73 2
14 71 2
31 123 2
21 100 2
29 63 2
34 90 2
25 29 2
22 132 2
31 42 2
40 121 1
29 65 1
11 15 2
46 112 2
14 93 1
19 26 2
35 106 2
41 127 2
0 36 2
17 79 2
28 138 1
16 126 2
27 109 1
32 53 1
7 24 2
28 44 2
38 88 2
46 65 2
14 44 2
15 127 2
19 61 2
0 45 2
19 57 2
20 87 1
6 70 2
35 122 1
17 136 2
12 80 1
2 113 1
19 51 2
25 70 2
1 84 2
24 84 2
11 79 2
31 103 1
11 16 2
39 101 1
28 137 2
22 75 2
13 63 2
12 83 2
22 71 1
30 49 2
3 126 1
2 43 2
21 56 2
37 63 2
7 65 1
41 68 2
22 51 2
16 112 1
16 136 2
11 21 2
31 60 2
36 131 2
21 25 2
13 27 2
24 42 2
18 33 2
37 40 2
15 114 2
9 20 2
1 55 2
7 19 2
28 113 1
1 91 2
24 127 2
7 85 2
45 61 2
34 99 2
31 114 1
29 138 2
32 81 2
8 94 2
14 25 2
6 97 2
34 74 1
10 70 2
14 75 2
34 65 1
10 80 2
43 137 2
3 4 2
23 117 2
8 132 2
34 129 2
10 113 1
39 88 2
5 43 2
24 45 2
33 117 2
2 34 2
19 67 1
10 24 2
19 99 2
4 20 2
25 113 2
30 41 2
36 50 1
0 42 2
3 42 2
34 70 2
30 96 1
25 139 2
13 29 2
37 131 2
24 123 1
2 63 1
6 53 2
3 61 1
44 48 1
26 66 2
42 72 2
3 26 2
23 48 2
0 114 2
34 72 1
25 35 2
35 93 1
13 24 2
20 104 1
7 54 1
8 83 2
26 75 2
17 38 2
2 99 1
21 27 2
29 118 2
15 106 1
20 105 1
6 91 2
44 116 1
21 41 2
45 112 2
37 108 1
21 23 2
35 108 2
17 26 2
3 24 2
9 88 2
8 108 2
46 80 2
12 16 2
6 40 2
41 117 1
10 57 2
19 63 2
20 59 2
36 51 2
16 32 2
32 89 1
31 105 2
9 50 1
42 78 2
11 14 2
23 85 2
10 73 2
32 111 2
16 95 1
25 116 2
21 69 2
44 74 1
8 126 2
37 76 2
46 52 1
24 53 2
36 75 1
5 106 2
3 108 1
5 59 2
12 57 2
6 54 1
5 25 2
44 124 1
10 28 2
4 58 2
2 87 2
44 94 1
14 111 1
46 113 2
15 38 2
39 48 2
5 122 2
34 134 1
25 99 1
36 82 1
25 62 2
30 102 2
35 56 2
26 64 1
17 117 2
22 46 2
26 54 2
31 127 1
45 121 1
39 122 1
14 101 2
28 103 2
16 75 1
27 127 1
36 127 2
13 117 2
46 121 2
3 21 2
26 88 2
26 94 2
38 43 2
36 93 2
20 136 2
7 93 1
24 78 2
4 79 2
17 72 2
21 68 2
11 135 2
43 87 1
12 43 2
9 67 1
3 105 2
0 39 2
7 111 2
12 94 1
13 50 2
7 78 2
25 56 2
38 93 2
31 96 2
15 135 1
2 114 1
20 23 2
0 41 2
3 34 2
40 126 2
32 45 2
4 38 2
5 53 2
28 70 2
22 95 1
17 18 2
4 63 2
30 80 1
24 56 2
44 111 2
17 44 2
12 40 2
38 138 1
33 74 2
0 19 2
25 94 2
4 55 2
40 136 1
43 52 2
5 44 2
42 81 1
31 71 2
18 98 2
36 84 2
5 74 2
17 82 2
17 86 2
21 78 2
12 46 2
43 97 2
32 97 1
38 111 2
6 10 2
23 66 2
36 95 2
28 115 2
7 11 2
23 108 2
43 138 2
38 78 2
38 99 2
33 92 1
32 46 2
28 83 2
13 51 2
10 116 2
40 94 2
0 6 2
8 32 2
40 84 1
35 102 2
18 43 2
4 122 2
5 9 2
7 84 1
22 83 2
11 35 2
3 11 2
15 25 2
27 135 2
15 68 1
2 17 2
26 98 2
39 53 2
44 99 2
9 117 1
27 33 2
5 80 1
32 73 2
15 111 1
14 37 2
1 101 2
26 30 2
44 78 2
9 56 1
45 51 1
18 102 1
14 76 2
6 9 2
45 126 1
1 59 2
42 80 1
20 126 2
19 135 2
21 77 2
12 20 2
20 39 2
44 88 1
41 106 2
27 69 2
25 112 2
32 47 2
18 137 2
2 116 2
26 77 2
44 89 1
4 30 2
18 37 2
28 75 1
3 67 1
28 52 2
1 120 1
6 104 2
40 76 1
0 5 2
5 46 2
28 55 1
21 98 2
39 134 1
30 126 2
11 97 2
2 57 2
3 99 1
17 139 2
27 35 2
1 22 2
16 129 2
4 89 2
15 117 2
21 110 2
18 61 1
27 71 1
3 41 2
26 91 1
40 104 2
25 47 2
8 124 2
24 103 2
13 108 2
9 114 2
30 50 1
39 42 2
11 27 2
20 108 2
20 48 1
3 103 2
37 45 2
35 48 2
23 72 2
23 58 2
39 109 1
37 88 2
16 104 2
11 113 2
22 135 2
25 89 1
9 16 2
26 110 1
38 101 2
10 88 2
46 79 1
8 69 1
14 22 2
20 75 2
7 101 2
20 56 2
4 29 2
18 66 2
20 107 2
6 42 2
24 32 2
3 125 2
33 39 2
15 28 2
29 37 2
29 102 2
1 37 2
19 50 1
18 46 2
1 113 2
42 70 1
19 82 2
3 33 2
43 104 2
5 57 2
33 123 1
24 29 2
35 54 1
3 59 2
27 57 1
40 69 1
33 126 2
35 115 2
40 112 2
42 128 2
7 66 2
26 34 2
34 37 2
6 48 2
25 119 1
39 127 1
6 57 1
40 55 1
41 69 2
20 123 1
21 30 2
12 29 2
10 12 2
34 121 1
24 108 2
28 112 2
41 124 1
28 30 2
3 70 2
0 65 2
27 45 2
13 98 2
46 62 2
36 126 2
9 44 2
23 74 2
1 117 1
27 41 2
13 60 2
0 43 2
28 46 2
2 20 2
38 55 1
22 48 1
36 47 2
36 99 2
21 46 2
17 52 1
1 36 2
19 87 2
7 105 1
40 75 2
45 62 1
32 126 2
7 81 2
32 62 2
43 115 1
25 45 2
7 114 1
31 100 1
0 137 1
3 85 2
0 59 1
43 48 2
35 138 1
34 102 2
45 56 2
21 36 2
46 138 1
2 58 1
41 78 2
3 92 2
37 127 1
24 98 1
31 136 2
10 102 2
17 81 1
27 116 2
30 60 2
33 136 1
32 63 2
8 92 2
22 107 2
21 113 2
46 95 2
34 117 1
32 82 2
17 65 1
3 49 1
30 107 2
16 54 2
23 27 2
10 18 2
21 80 1
9 19 2
18 22 2
19 114 1
12 45 2
27 80 1
7 62 1
26 96 2
8 46 2
1 123 2
45 103 2
29 61 1
23 81 1
10 13 2
43 94 2
23 31 2
3 127 2
12 62 2
9 39 2
45 69 1
6 58 2
15 42 2
40 130 2
21 24 2
42 110 2
15 26 2
32 52 1
24 33 2
23 36 2
0 30 2
15 27 2
32 60 2
5 109 1
32 42 2
26 46 2
0 77 2
7 59 2
2 4 2
12 17 2
30 32 2
3 58 1
18 24 2
42 60 2
29 48 1
4 125 2
32 101 2
44 98 2
42 67 2
39 123 1
9 24 2
21 101 2
19 47 2
30 114 2
18 29 2
12 21 2
16 124 1
39 132 1
6 129 2
24 102 1
16 116 2
1 75 2
29 125 2
45 79 2
18 50 2
8 110 1
33 114 2
40 93 2
2 136 2
6 22 2
18 106 2
33 109 2
1 94 2
15 80 1
18 100 2
22 34 2
9 71 2
34 35 2
10 27 2
2 8 2
43 99 1
38 89 2
2 81 2
4 61 1
27 107 2
6 17 2
30 68 1
44 117 2
10 25 2
2 129 2
31 49 1
42 63 2
10 137 2
12 77 1
32 112 1
25 129 1
9 34 2
11 20 2
42 56 2
26 57 2
40 124 1
35 44 2
24 136 2
31 121 2
1 56 2
39 44 2
8 54 2
7 123 1
45 93 1
0 18 2
44 87 2
1 122 2
13 36 2
25 115 1
40 89 2
16 120 1
19 131 2
20 36 2
45 105 1
29 101 2
22 63 2
1 107 1
39 100 2
12 125 2
22 31 2
38 49 1
34 75 2
2 52 2
15 118 2
41 71 1
45 84 1
3 69 2
24 107 2
27 123 2
18 90 2
9 72 1
18 91 1
43 53 1
35 123 2
28 76 1
23 118 2
11 71 1
15 82 2
33 106 2
4 27 2
10 104 2
8 39 2
29 85 2
13 114 2
46 75 2
12 111 2
14 136 2
11 17 2
9 138 1
21 118 2
28 37 2
2 82 2
0 139 2
16 91 2
29 55 2
38 132 2
44 115 2
19 30 2
15 75 1
11 59 2
10 130 2
46 96 2
18 23 2
32 37 2
3 29 2
0 89 2
15 77 2
21 134 2
11 118 1
4 77 2
28 102 2
32 108 1
9 131 2
19 118 2
43 57 2
25 111 1
28 29 2
43 130 1
15 61 2
43 84 1
29 33 2
31 79 2
22 124 2
16 28 2
23 30 2
15 102 2
6 135 1
11 137 1
5 93 2
13 124 2
15 65 2
39 66 2
31 116 1
6 34 2
20 85 2
0 3 2
41 80 2
22 123 1
36 112 1
40 52 2
4 44 2
4 101 2
9 28 2
40 57 2
0 84 1
45 114 2
36 40 2
6 36 2
41 91 1
42 118 1
6 119 2
37 112 2
13 23 2
43 100 2
7 29 2
30 37 2
35 113 1
36 76 2
45 97 2
9 82 2
21 85 2
38 75 2
31 76 2
35 67 2
38 139 1
16 42 2
29 74 1
8 48 1
4 80 2
43 76 1
5 61 2
45 91 2
8 37 2
4 116 1
7 37 2
13 88 1
1 121 2
13 123 1
20 103 1
34 62 2
22 70 1
34 60 1
32 114 2
2 9 2
17 116 2
9 105 1
28 87 2
25 28 2
6 50 1
37 87 1
5 38 2
16 99 2
20 106 2
4 62 1
8 103 2
8 43 2
23 87 2
22 134 2
6 115 2
3 15 2
24 60 1
21 54 1
5 70 2
4 115 2
30 34 2
2 84 2
2 32 2
5 72 2
27 28 2
41 111 2
25 98 1
22 128 2
31 118 2
16 61 2
44 113 1
13 111 2
39 60 2
7 13 2
42 46 2
24 109 1
3 12 2
40 134 1
5 86 1
4 32 2
9 10 2
28 32 2
41 136 2
13 95 2
15 33 2
7 100 1
10 41 2
23 25 2
15 43 2
15 22 2
33 115 2
3 118 2
20 33 2
7 126 2
11 37 2
7 10 2
21 126 2
40 118 2
21 57 2
11 107 2
34 132 2
24 54 2
2 21 2
7 134 2
4 85 2
24 72 2
1 103 1
19 128 2
18 52 2
45 123 1
24 76 2
21 26 2
23 47 1
20 138 2
29 31 2
0 35 2
45 117 2
9 68 2
19 102 1
19 32 2
13 14 2
37 101 2
42 97 2
39 119 2
43 120 2
38 59 2
46 104 2
23 110 2
45 63 2
41 139 2
26 134 2
46 124 2
35 130 1
39 51 1
17 58 1
12 106 2
12 85 2
8 96 2
24 34 2
6 74 1
36 39 2
22 101 1
11 43 2
19 117 2
4 129 1
29 84 1
20 97 2
18 44 2
21 127 1
11 33 2
7 136 2
18 85 2
31 91 1
22 60 2
37 57 1
20 47 1
2 95 2
29 132 1
0 15 2
23 104 2
27 111 1
10 45 2
44 96 1
21 82 2
22 33 2
4 117 1
10 23 2
42 58 2
12 97 2
0 26 2
12 33 2
3 94 1
22 29 2
33 118 1
35 87 2
44 68 2
13 20 2
33 90 1
6 45 2
8 40 2
17 55 1
38 47 2
3 96 1
30 112 2
9 91 2
35 103 2
29 105 2
26 80 2
11 30 2
41 114 2
6 102 2
22 94 2
17 27 2
5 99 2
9 69 1
3 134 2
9 77 2
9 100 1
14 108 1
33 80 2
4 139 1
46 123 2
38 118 2
2 56 2
17 108 2
3 135 2
5 129 2
33 43 2
13 121 1
0 1 2
23 132 2
27 63 2
22 120 2
23 139 1
6 76 1
21 53 2
5 45 2
29 75 1
4 25 2
15 113 2
29 46 2
5 22 2
22 36 2
11 60 1
19 101 2
1 131 2
45 88 1
22 116 2
4 130 2
11 32 2
40 73 1
11 66 2
2 66 1
24 114 1
22 69 2
31 87 2
6 19 2
38 71 2
25 26 2
14 61 1
16 58 2
29 68 2
46 132 1
30 38 2
28 85 2
8 11 2
3 13 2
42 76 2
0 116 2
5 31 2
29 127 2
26 38 2
2 70 2
18 134 1
31 43 2
20 32 2
6 117 2
21 29 2
35 89 2
29 136 1
20 139 2
29 56 1
16 70 2
6 78 2
26 61 2
44 137 2
45 136 1
11 114 2
40 62 2
46 116 1
42 126 1
24 85 1
18 79 1
3 10 2
38 61 1
15 120 2
11 42 2
46 86 2
31 102 2
5 27 2
26 65 1
6 25 2
37 70 2
16 68 2
31 41 2
23 52 2
16 128 1
1 132 2
44 83 2
28 96 2
36 53 2
3 114 2
11 80 1
33 87 2
12 18 2
3 90 2
46 58 2
0 29 2
2 5 2
15 57 1
10 89 2
22 68 1
3 36 2
20 29 2
27 42 2
28 36 2
5 10 2
46 91 1
24 50 2
0 81 2
37 79 2
36 130 2
10 97 2
34 45 2
10 77 2
35 62 2
42 66 2
46 126 1
8 81 2
3 9 2
17 40 2
23 96 2
45 70 2
40 100 2
0 25 2
11 26 2
12 102 2
16 46 2
21 75 2
46 90 2
5 76 1
18 109 1
29 114 1
6 55 2
24 115 2
45 76 2
10 39 2
8 26 2
19 76 1
17 59 2
12 101 1
37 83 2
17 43 2
36 67 1
4 95 2
9 127 2
7 77 2
8 24 2
25 128 2
42 115 2
37 139 1
22 66 1
32 99 1
1 4 2
42 44 2
37 136 2
42 124 2
2 19 2
25 42 2
20 46 2
30 137 2
28 71 1
21 42 2
39 98 2
7 36 2
21 40 2
34 44 2
5 6 2
7 86 2
14 99 1
20 131 2
26 93 2
7 40 2
31 94 1
26 84 2
22 98 1
5 24 2
3 107 2
17 73 2
2 109 2
20 21 2
2 68 1
43 45 2
20 54 1
12 70 2
21 63 1
11 69 2
28 98 1
15 34 2
32 70 1
13 30 2
7 45 2
9 86 2
34 126 2
16 43 2
6 123 2
20 128 2
34 52 2
5 8 2
3 53 1
37 118 1
31 57 2
14 24 2
34 38 2
26 37 2
1 28 2
35 51 1
44 85 2
45 46 2
22 23 2
44 86 1
0 71 1
45 130 2
19 27 2
23 77 2
44 95 2
27 70 2
8 133 2
30 77 1
30 108 1
46 97 2
32 43 2
22 88 1
17 69 2
33 128 2
6 79 2
41 135 2
8 20 2
16 134 2
26 129 2
15 21 2
11 116 1
21 48 1
20 27 2
21 107 2
16 69 2
3 27 2
12 48 2
15 89 2
0 44 2
3 51 2
3 138 1
43 69 2
27 38 2
26 60 2
39 65 2
32 85 1
15 46 2
10 38 2
8 41 2
10 124 2
7 112 2
5 95 2
6 83 2
4 23 2
17 41 2
35 80 2
1 100 2
6 105 1
43 62 1
0 73 2
1 46 2
18 82 1
15 83 2
33 99 1
35 46 2
10 115 2
0 54 2
18 49 2
13 129 2
34 73 1
1 31 2
10 65 2
38 41 2
43 70 2
43 129 1
41 45 2
29 119 2
27 110 1
3 115 2
18 27 2
23 44 2
36 118 1
0 38 2
27 37 2
29 45 2
20 37 2
33 79 1
10 105 1
14 62 2
4 9 2
13 97 2
18 47 2
13 44 2
11 120 2
33 38 2
11 100 2
1 70 1
16 77 1
13 130 1
28 109 2
0 138 1
4 37 2
46 89 2
25 27 2
42 136 1
27 121 2
5 47 2
23 121 1
38 135 2
39 67 2
16 93 2
45 64 1
24 40 2
13 112 2
3 39 2
15 74 1
11 34 2
33 73 2
46 125 1
40 138 1
22 87 2
34 97 2
19 93 1
44 97 2
22 32 2
1 49 1
11 58 1
16 47 1
40 45 2
11 78 2
40 41 2
13 78 1
10 19 2
6 114 2
27 81 2
41 104 2
21 71 2
21 87 1
23 45 2
21 116 2
10 96 2
6 133 2
31 130 1
12 37 2
46 83 1
34 123 2
5 64 2
8 64 2
30 43 2
44 136 1
20 120 2
34 46 2
27 55 2
10 50 2
34 113 1
8 44 2
18 67 1
27 43 2
2 31 2
43 111 2
1 136 1
28 56 2
13 109 2
3 76 1
5 42 2
33 110 1
11 40 2
10 106 2
44 76 2
6 124 2
41 81 2
20 134 2
11 90 2
17 93 1
4 36 2
21 131 2
17 94 1
25 73 1
14 43 2
10 31 2
19 34 2
42 73 2
12 118 2
24 48 2
8 49 2
20 121 2
7 107 2
37 93 2
18 25 2
42 69 2
45 128 2
44 45 2
5 121 1
33 132 1
2 50 2
42 122 2
20 112 2
26 121 1
46 101 2
5 75 1
18 71 2
21 91 2
4 24 2
0 50 2
45 73 2
22 82 2
42 84 1
25 79 2
3 19 2
18 130 2
12 76 2
4 18 2
45 92 2
6 84 1
29 121 2
37 49 2
36 104 2
25 53 1
38 44 2
27 108 2
4 10 2
25 133 2
1 65 2
2 23 2
39 92 2
1 5 2
9 70 2
15 23 2
26 136 1
6 23 2
17 21 2
40 123 2
41 50 2
13 96 2
8 56 2
22 104 1
15 108 2
13 34 2
35 111 1
3 44 2
42 47 1
3 40 2
34 107 1
13 90 2
15 136 2
11 94 1
3 137 1
8 55 2
43 134 2
4 124 2
12 13 2
8 58 2
46 67 2
28 106 2
37 85 2
8 23 2
32 135 2
31 128 2
17 104 2
37 116 2
2 130 1
23 37 2
11 45 2
14 109 2
25 32 2
41 86 1
13 139 2
42 51 1
5 16 2
7 130 1
19 37 2
6 72 1
25 34 2
14 118 2
16 82 2
15 31 2
24 26 2
29 62 1
29 39 2
18 68 2
38 117 1
44 58 2
7 57 2
21 136 2
21 86 1
12 92 2
2 124 2
19 25 2
33 41 2
9 139 2
18 59 2
28 43 2
33 97 2
29 86 1
11 81 1
37 55 2
0 64 2
22 105 1
33 48 1
28 111 2
25 43 2
24 89 2
35 41 2
39 59 2
13 118 2
3 110 1
2 74 1
43 136 1
35 73 2
0 27 2
40 82 1
22 56 1
34 53 2
39 83 2
38 52 2
40 59 1
3 71 2
13 81 1
25 72 2
32 100 2
31 126 1
7 27 2
36 91 1
3 47 1
3 132 2
20 84 2
33 124 2
13 64 1
3 5 2
17 39 2
15 130 2
29 76 2
31 92 1
46 136 2
20 42 2
42 53 1
35 129 2
28 42 2
17 99 1
41 73 1
35 84 2
14 133 2
3 23 2
14 39 2
1 14 2
17 119 2
41 84 2
30 103 1
20 93 2
11 130 2
41 109 1
16 125 1
43 46 2
2 69 2
35 64 2
27 101 2
0 8 2
33 82 2
30 123 2
1 39 2
7 117 2
5 104 1
4 19 2
7 104 2
22 40 2
14 40 2
7 110 2
39 91 2
30 116 2
18 30 2
10 66 1
38 68 2
12 51 2
2 125 2
38 40 2
13 53 1
1 27 2
32 125 2
4 134 2
7 32 2
14 129 1
36 46 2
32 98 2
45 55 2
1 43 2
30 91 2
36 107 2
25 85 2
35 39 2
12 99 2
33 104 2
21 130 2
15 138 2
38 65 2
43 132 2
27 106 1
16 139 1
11 110 2
25 41 2
36 137 2
37 135 2
38 121 2
37 59 2
33 40 2
14 116 2
13 42 2
19 55 2
2 39 2
7 39 2
20 129 1
34 87 2
35 63 2
44 120 1
27 50 2
38 77 2
27 117 2
45 89 2
29 81 1
0 122 2
17 91 2
1 58 1
9 36 2
29 78 2
25 36 2
33 101 2
41 55 2
20 68 1
4 102 1
42 90 1
36 136 2
31 45 2
2 45 2
15 56 2
25 76 2
8 91 2
44 134 1
15 36 2
23 120 2
35 69 2
31 115 1
13 110 1
2 24 2
46 105 2
8 38 2
34 128 2
28 130 1
0 33 2
31 56 1
5 88 2
31 110 1
19 28 2
34 84 1
41 119 2
4 22 2
7 67 2
7 127 2
11 117 1
26 31 2
8 134 2
8 117 1
32 96 1
10 135 1
21 38 2
5 18 2
6 43 2
21 88 2
29 50 1
6 12 2
40 46 2
43 64 2
10 29 2
39 135 2
26 42 2
2 115 1
43 59 2
42 117 2
18 136 1
16 131 2
36 68 2
4 111 2
36 37 2
6 30 2
36 89 2
29 117 1
23 99 2
40 128 2
33 77 1
38 120 2
6 26 2
2 123 2
1 2 2
30 55 1
2 65 2
14 68 2
15 137 2
10 119 2
18 87 2
32 78 2
28 133 1
41 120 1
43 95 2
19 64 1
14 51 1
2 3 1
46 66 1
7 98 2
52 122 1
12 75 1
25 123 2
4 52 2
2 29 1
66 123 2
52 89 2
20 31 1
4 98 2
20 57 1
36 79 1
42 88 1
57 66 2
33 86 1
8 128 1
13 22 1
4 75 2
0 34 1
47 119 1
31 44 1
75 130 2
26 44 1
26 36 1
2 88 2
1 17 1
75 123 2
1 52 1
7 49 1
4 40 1
0 72 1
52 128 2
123 127 2
9 42 1
122 123 2
13 28 1
4 39 1
28 89 2
25 57 1
47 127 1
57 130 2
0 66 2
23 26 1
