% n=30 p=60 d=0.33 p_blue=0.66
% k=0
0 6 2
2 11 2
6 23 2
11 12 2
6 25 1
11 14 2
2 25 2
1 10 2
4 11 2
2 9 2
1 9 2
1 5 2
8 22 2
5 22 1
10 27 2
2 15 2
7 9 2
16 17 2
6 15 2
0 29 2
6 12 2
7 28 1
0 2 2
0 3 2
0 16 2
8 9 2
14 16 2
14 19 2
5 15 2
6 11 2
6 24 2
7 19 2
3 9 2
12 29 2
11 19 1
7 14 2
1 17 2
1 14 2
5 24 2
14 15 2
15 24 2
0 9 2
8 13 2
17 29 2
9 23 2
17 19 2
9 21 2
8 17 2
8 15 2
10 16 2
7 15 2
0 22 2
5 16 2
4 5 2
6 8 2
0 12 2
16 26 2
16 27 2
9 14 2
7 11 2
4 15 2
8 10 2
2 24 1
11 28 2
0 17 2
13 18 2
2 3 2
3 4 2
0 24 2
12 19 2
3 14 2
1 18 2
3 5 2
10 11 2
2 4 2
12 24 2
1 11 2
3 15 2
0 4 2
6 14 2
0 14 2
12 27 2
2 13 2
3 21 2
14 17 2
1 3 2
17 20 1
1 15 2
4 14 2
6 7 2
10 14 2
5 7 2
0 8 2
5 13 2
11 26 2
15 21 1
5 11 2
0 1 2
7 17 2
0 19 1
9 22 2
3 16 2
10 13 2
9 10 2
5 12 2
3 6 2
4 22 2
11 15 2
11 16 2
4 8 2
12 26 1
7 10 2
13 29 2
4 18 1
6 13 2
9 29 1
4 16 2
15 16 2
3 24 2
9 11 2
4 12 2
12 16 2
3 11 2
7 26 1
6 17 2
8 21 2
9 12 2
5 17 2
7 23 2
5 14 2
1 13 2
2 16 2
9 24 1
7 12 2
3 7 2
0 27 2
4 13 2
12 14 2
6 10 2
2 7 2
15 17 2
12 13 2
13 24 2
2 20 1
14 23 1
2 8 2
13 26 2
13 17 2
1 8 2
0 26 2
8 11 2
8 19 2
15 18 2
8 18 2
2 6 2
7 18 2
14 28 2
5 8 2
1 6 2
15 28 2
4 7 2
11 17 2
1 4 2
4 23 2
3 8 2
13 27 2
8 20 2
1 16 2
9 18 2
0 10 2
13 16 2
3 17 2
1 7 2
7 8 2
3 10 2
12 22 2
3 12 2
10 17 2
1 2 2
11 29 1
11 13 1
15 29 2
18 25 2
15 23 1
9 13 1
0 7 1
16 25 2
0 13 1
0 5 1
0 15 1
9 17 1
10 12 1
8 12 1
4 6 1
0 11 1
12 18 2
5 9 1
2 18 1
17 18 1
8 14 1
4 17 1
18 23 1
4 10 1
0 23 1
12 17 1
2 14 1
2 5 1
2 12 1
12 23 1
9 15 1
11 18 1
6 16 1
0 18 2
5 10 1
1 12 1
6 29 2
14 29 2
10 18 1
13 23 1
5 6 1
8 25 2
5 29 2
