% n=160 p=60 d=0.66 p_blue=0.33
% k=0
47 84 2
12 26 2
2 24 2
17 42 2
21 46 2
51 92 2
12 142 1
64 157 1
62 76 2
54 144 1
14 28 2
64 155 2
66 108 1
73 94 2
10 118 2
31 91 2
69 109 2
76 95 2
50 129 1
21 62 2
12 60 2
19 119 1
17 147 1
40 142 2
76 116 1
79 158 1
66 79 2
27 54 2
28 121 1
72 147 1
62 149 2
33 82 2
15 128 1
20 74 2
32 47 2
15 104 1
53 68 2
3 81 2
9 107 1
53 144 1
13 62 2
59 157 2
63 106 1
48 144 1
88 100 1
50 55 2
46 77 2
36 65 2
31 70 2
1 73 2
48 156 1
4 129 2
33 38 2
53 112 1
28 153 1
66 143 1
7 142 1
10 104 1
20 32 2
42 137 1
35 126 2
32 69 2
35 37 2
3 97 1
35 64 2
35 38 2
50 57 2
56 65 2
81 102 2
41 92 2
19 43 2
70 116 2
25 90 2
48 64 2
35 152 2
4 21 2
92 131 1
15 159 1
78 105 1
48 140 2
83 146 1
6 116 1
39 72 2
46 137 1
46 93 2
64 73 2
26 81 2
56 116 1
40 93 2
86 148 1
34 43 2
28 53 2
47 114 2
23 132 1
33 81 2
25 41 2
48 78 2
88 135 1
28 38 2
46 59 2
29 92 2
14 124 1
50 140 2
48 122 1
59 85 2
74 81 2
23 47 2
58 141 2
32 81 2
36 76 2
46 144 2
51 114 2
24 120 1
61 155 1
13 145 2
28 55 2
8 31 2
1 47 2
40 75 2
25 30 2
6 63 2
14 78 2
43 100 1
54 87 2
92 119 1
55 146 2
50 82 2
51 70 2
4 80 2
21 35 2
18 136 2
69 158 1
31 77 2
36 45 2
6 57 2
77 102 2
33 75 2
16 145 1
73 89 2
49 53 2
10 47 2
1 74 2
48 88 2
45 137 1
50 64 2
85 86 2
44 117 1
31 74 2
38 61 2
27 150 2
29 43 2
8 83 2
49 103 2
28 54 2
58 72 2
17 53 2
14 27 2
59 141 1
59 60 2
69 122 1
94 156 1
2 4 2
4 108 2
86 124 1
11 19 2
50 65 2
22 139 1
51 68 2
9 71 2
36 128 1
24 52 2
12 66 2
4 158 1
77 156 2
85 95 2
37 61 2
8 9 2
32 75 2
40 77 2
68 80 2
90 108 1
79 147 1
10 154 1
24 115 1
63 119 2
1 72 2
93 134 2
16 77 2
37 137 1
66 96 1
42 149 1
13 20 2
66 128 1
53 103 1
32 71 2
26 62 2
1 155 1
43 124 1
89 119 1
36 149 1
56 154 1
58 156 1
62 79 2
26 123 2
29 56 2
55 148 1
59 101 2
19 41 2
67 80 2
83 106 1
62 131 1
38 102 2
76 121 1
32 156 1
81 147 2
4 117 1
25 155 1
17 155 2
18 25 2
21 154 2
54 124 2
46 61 2
91 154 1
9 128 2
56 111 1
46 112 1
67 116 1
45 158 2
77 150 1
53 118 1
26 103 1
67 75 2
72 82 2
65 108 2
22 54 2
16 67 2
27 33 2
77 82 2
56 57 2
61 149 1
22 33 2
46 49 2
37 97 2
50 74 2
79 152 2
9 139 1
91 152 2
11 96 2
85 146 1
48 153 2
13 143 2
7 59 2
43 46 2
19 148 1
42 150 1
67 141 1
11 140 1
8 135 1
45 104 2
30 105 1
65 137 2
69 150 1
90 129 1
37 54 2
23 125 1
23 70 2
25 53 2
41 105 1
28 43 2
89 152 2
43 59 2
32 77 2
21 153 1
15 109 1
27 134 1
44 110 1
2 142 1
13 61 2
44 92 2
19 29 2
50 54 2
34 71 2
48 60 2
55 84 2
34 113 1
73 156 1
38 150 1
9 19 2
12 93 2
82 87 2
60 96 1
72 76 2
43 61 2
8 103 1
44 51 2
18 130 1
47 51 2
87 109 2
34 133 1
59 138 2
67 83 2
21 32 2
20 76 2
14 146 2
25 108 1
82 159 1
89 123 2
8 41 2
77 151 2
54 73 2
81 103 2
31 35 2
3 53 2
62 144 1
69 149 1
10 21 2
1 4 2
41 49 2
45 143 1
83 151 1
36 50 2
30 39 2
62 72 2
21 78 2
54 145 1
31 86 2
21 107 1
49 100 1
71 134 2
61 66 2
15 143 1
77 125 2
39 85 2
9 55 2
31 73 2
59 67 2
6 102 1
95 125 1
13 82 2
33 87 2
51 69 2
10 85 2
16 103 2
32 147 1
48 158 2
43 88 2
20 108 2
63 129 2
39 78 2
63 82 2
14 130 1
2 21 2
53 116 1
39 63 2
84 124 1
28 120 1
26 157 1
90 111 1
47 113 1
17 31 2
35 103 1
5 6 2
42 97 1
22 66 2
26 131 1
27 38 2
52 116 1
8 141 1
27 53 2
14 33 2
21 103 1
17 91 2
81 154 1
12 29 2
5 85 2
31 154 1
33 39 2
41 132 1
53 74 2
7 29 2
30 128 1
72 80 2
11 154 1
1 93 2
5 122 1
6 156 2
44 127 1
14 75 2
71 129 1
68 76 2
4 111 1
4 35 2
76 91 2
31 95 2
80 142 2
35 56 2
49 130 1
36 84 2
3 104 1
71 102 1
18 54 2
92 106 1
21 108 1
66 97 1
38 93 2
36 82 2
31 78 2
12 37 2
60 69 2
84 142 2
84 120 1
17 52 2
84 153 1
61 111 2
76 113 2
21 74 2
90 144 1
31 37 2
22 75 2
43 122 1
47 55 2
33 52 2
14 68 2
24 145 1
58 77 2
72 91 2
90 91 2
15 64 2
20 93 2
17 117 1
7 125 1
19 125 1
3 150 1
56 69 2
32 61 2
59 77 2
49 50 2
62 69 2
49 88 2
54 98 1
15 105 2
64 79 2
5 36 2
61 63 2
87 113 1
42 68 2
0 40 2
53 58 2
41 147 1
14 36 2
12 138 2
77 91 2
8 91 2
7 138 1
87 148 1
4 53 2
11 84 2
84 130 1
67 138 2
26 98 1
17 144 1
90 133 1
95 144 1
4 20 2
36 47 2
50 114 1
28 114 2
21 83 2
11 44 2
13 67 2
20 138 2
22 32 2
33 71 2
15 41 2
52 149 1
13 115 2
33 97 2
40 145 1
19 118 1
45 98 2
87 92 2
65 135 1
18 119 2
2 57 2
52 148 1
9 53 2
13 78 2
40 158 1
16 20 2
30 127 2
24 59 2
11 55 2
36 39 2
78 152 1
8 125 2
40 84 2
8 139 1
91 131 1
39 70 2
13 75 2
53 134 1
2 61 2
26 85 2
7 37 2
23 134 1
5 116 2
8 26 2
23 57 2
63 121 2
7 150 1
71 94 2
1 68 2
6 84 2
31 90 2
58 65 2
27 62 2
44 76 2
89 124 1
66 73 2
66 142 2
11 114 2
22 143 1
4 59 2
11 150 2
30 59 2
21 24 2
28 96 2
75 103 1
1 13 2
8 14 2
17 24 2
6 88 2
61 91 2
14 59 2
6 109 2
30 83 2
18 41 2
21 67 2
14 62 2
94 126 2
46 50 2
11 15 2
32 139 1
0 93 2
13 136 1
21 66 2
35 92 2
2 26 2
87 118 1
7 62 2
52 88 2
15 17 2
32 44 2
60 158 1
0 147 1
66 112 2
68 69 2
8 149 2
82 128 1
50 148 1
4 41 2
48 70 2
9 15 2
67 150 1
48 58 2
43 93 2
11 67 2
21 49 2
15 28 2
15 153 2
4 147 2
56 153 1
17 102 2
48 105 1
9 93 2
7 65 2
71 156 1
8 42 2
18 64 2
46 143 1
2 127 2
11 71 2
59 72 2
10 51 2
26 59 2
24 32 2
93 142 1
0 104 2
35 71 2
4 63 2
7 158 2
34 101 2
41 80 2
13 54 2
37 60 2
85 159 1
65 157 1
94 140 1
11 14 2
5 118 1
85 87 2
12 19 2
55 92 2
29 39 2
85 145 2
40 97 2
27 158 2
89 113 1
12 52 2
56 70 2
23 71 2
17 125 2
24 39 2
49 118 1
52 79 2
39 92 2
37 122 1
74 135 1
31 137 1
72 112 2
83 85 2
64 69 2
4 38 2
55 151 1
64 74 2
1 66 2
44 77 2
19 21 2
6 53 2
49 80 2
65 106 2
14 53 2
60 79 2
29 32 2
65 153 1
77 127 2
59 93 2
60 118 2
29 93 2
25 68 2
10 106 1
52 69 2
51 82 2
68 81 2
49 72 2
13 48 2
29 154 2
31 81 2
59 76 2
28 91 2
56 106 1
74 130 2
6 100 1
66 135 1
19 69 2
65 78 2
37 159 1
48 63 2
22 135 1
36 75 2
50 94 2
69 129 1
42 159 2
17 82 2
56 99 2
15 62 2
40 91 2
32 100 2
1 82 2
7 109 1
44 55 2
50 75 2
19 138 1
58 71 2
30 35 2
85 109 1
54 127 1
48 90 2
45 95 2
13 47 2
23 141 1
26 76 2
87 122 1
63 72 2
3 26 2
72 73 2
1 37 2
48 98 2
4 62 2
41 152 1
55 83 2
62 134 1
80 95 2
25 45 2
39 59 2
29 75 2
38 75 2
93 118 1
83 137 1
5 104 2
18 47 2
4 32 2
45 79 2
34 81 2
7 113 1
73 90 2
14 16 2
80 158 1
0 48 2
18 138 1
70 115 1
53 141 2
68 89 2
11 132 1
12 49 2
65 158 2
3 151 1
32 37 2
61 139 2
67 113 2
19 95 2
19 63 2
14 111 1
0 156 1
6 79 2
2 41 2
69 112 1
24 50 2
1 109 2
40 61 2
17 150 1
33 43 2
6 9 2
21 63 2
16 134 1
20 80 2
14 107 1
15 24 2
22 104 1
91 101 2
79 140 1
59 120 2
23 99 1
22 137 2
33 59 2
60 126 1
29 47 2
11 68 2
38 53 2
9 105 1
5 30 2
37 45 2
12 83 2
26 99 1
10 55 2
35 72 2
66 107 1
6 71 2
43 97 2
75 159 1
67 72 2
78 101 2
7 105 1
53 131 1
32 143 1
92 128 2
63 137 1
12 42 2
32 52 2
46 159 1
14 132 1
14 157 1
0 127 2
32 87 2
27 77 2
58 76 2
7 73 2
31 36 2
64 123 1
84 132 1
58 69 2
35 122 1
95 99 1
15 80 2
68 87 2
35 88 2
67 146 1
8 96 2
6 142 1
59 66 2
84 108 2
4 74 2
59 134 1
12 87 2
6 117 1
43 54 2
35 65 2
94 139 1
43 56 2
23 156 1
68 128 2
26 115 1
32 112 1
21 47 2
20 89 2
33 67 2
4 24 2
2 15 2
39 103 2
50 156 2
26 155 1
15 113 1
24 45 2
84 117 1
31 38 2
1 25 2
61 123 1
64 124 1
72 153 2
10 45 2
10 125 1
7 82 2
16 24 2
2 58 2
17 127 2
48 92 2
64 138 1
85 152 1
72 108 2
65 72 2
48 109 1
29 60 2
30 45 2
2 130 1
43 104 1
13 158 2
31 119 1
40 99 2
70 129 2
47 49 2
14 54 2
39 114 1
66 98 1
69 86 2
72 95 2
36 66 2
7 66 2
74 75 2
11 89 2
56 82 2
77 128 1
81 95 2
41 159 1
2 125 1
66 86 2
38 91 2
82 89 2
30 153 2
52 138 2
19 57 2
48 59 2
4 75 2
52 75 2
44 88 2
39 115 2
34 51 2
22 29 2
92 136 1
87 154 1
2 106 2
82 134 1
59 94 2
85 135 2
94 154 1
79 90 2
59 130 1
82 101 1
43 60 2
48 50 2
44 60 2
66 93 2
55 85 2
40 107 2
55 132 1
55 145 2
54 74 2
59 96 1
26 100 1
25 152 1
33 79 2
13 39 2
10 140 1
9 86 2
35 77 2
33 83 2
52 111 1
17 62 2
73 82 2
40 54 2
30 62 2
8 13 2
30 42 2
11 70 2
50 62 2
8 48 2
47 103 1
34 76 2
5 40 2
56 73 2
67 125 2
85 156 1
41 87 2
84 140 1
3 119 1
30 97 1
3 130 2
48 56 2
9 26 2
9 36 2
13 114 1
81 140 1
21 139 1
8 35 2
30 89 2
60 156 1
29 141 1
18 56 2
34 119 1
61 107 2
3 78 2
55 71 2
44 49 2
49 97 2
14 48 2
3 155 2
28 37 2
73 85 2
38 83 2
3 141 1
28 58 2
27 81 2
30 72 2
14 60 2
16 25 2
17 94 2
53 107 2
15 135 2
32 95 2
74 79 2
34 104 2
41 84 2
54 69 2
94 155 2
9 115 1
45 65 2
70 92 2
3 35 2
74 139 2
52 62 2
43 85 2
20 54 2
88 121 2
35 117 1
14 141 1
43 102 1
6 40 2
52 92 2
21 114 2
3 77 2
18 147 1
2 56 2
16 37 2
77 101 1
18 61 2
79 106 2
13 88 2
3 6 2
15 70 2
57 134 1
0 125 1
79 151 1
9 138 2
12 13 2
43 143 1
10 142 1
17 80 2
54 115 2
7 93 2
17 88 2
3 34 2
52 74 2
22 69 2
18 113 1
40 150 1
36 69 2
41 83 2
52 129 1
53 152 1
82 139 1
33 125 1
18 42 2
90 105 1
37 98 1
86 106 1
64 102 2
45 68 2
39 122 1
7 87 2
4 54 2
26 43 2
75 146 1
10 159 1
68 106 1
66 77 2
48 112 2
36 156 1
55 140 1
40 67 2
64 72 2
25 28 2
25 157 1
32 117 2
41 90 2
17 84 2
25 34 2
10 123 2
78 103 1
93 148 1
79 88 2
52 57 2
9 113 2
88 125 2
41 52 2
6 94 2
4 66 2
44 130 1
81 137 1
28 95 2
74 150 1
1 26 2
12 70 2
11 17 2
24 101 2
14 95 2
2 153 1
36 86 2
10 73 2
48 87 2
36 48 2
42 81 2
26 152 2
42 51 2
60 124 1
46 138 2
4 11 2
25 106 1
32 59 2
19 109 2
84 141 1
50 92 2
3 4 2
1 42 2
52 118 2
48 115 1
65 138 1
88 149 1
11 77 2
7 63 2
23 56 2
61 67 2
0 64 2
50 58 2
61 72 2
6 48 2
23 55 2
32 138 1
75 114 1
84 115 1
9 100 1
67 68 2
3 114 1
1 50 2
11 38 2
66 149 1
5 35 2
72 158 2
88 118 2
9 17 2
52 95 2
24 51 2
2 42 2
24 136 1
22 43 2
57 87 2
29 44 2
67 119 1
56 76 2
10 35 2
1 83 2
71 145 1
79 116 2
49 109 1
82 138 2
33 131 1
21 129 2
35 94 2
86 128 1
56 86 2
42 65 2
71 81 2
45 131 1
4 99 2
3 16 2
84 135 1
48 137 2
18 48 2
29 69 2
64 127 2
83 122 2
29 52 2
12 125 1
32 72 2
13 55 2
57 92 2
76 140 1
35 133 2
12 14 2
14 98 1
68 126 1
63 107 1
58 93 2
3 21 2
58 85 2
9 152 1
42 138 1
44 65 2
45 46 2
33 128 1
17 119 2
41 55 2
26 86 2
3 103 1
50 71 2
60 147 1
50 116 2
35 78 2
2 126 2
80 118 1
58 140 1
61 141 1
86 98 1
73 153 1
4 45 2
27 79 2
2 81 2
3 158 1
93 123 1
0 157 2
1 48 2
1 113 2
62 91 2
74 154 1
22 51 2
10 110 1
58 125 1
79 87 2
93 101 1
57 143 1
57 83 2
45 103 1
71 100 1
9 79 2
54 123 1
45 77 2
26 94 2
11 13 2
21 79 2
8 76 2
65 74 2
7 139 1
64 81 2
5 8 2
68 136 1
41 81 2
3 137 1
0 94 2
87 132 2
68 149 2
70 90 2
5 70 2
65 117 1
17 98 2
37 105 2
19 132 1
53 105 1
61 148 1
42 55 2
71 152 1
35 63 2
46 82 2
11 26 2
94 100 1
92 150 2
1 132 1
85 150 2
44 156 1
6 91 2
92 110 1
25 50 2
48 150 2
39 89 2
18 93 2
71 143 2
70 81 2
60 88 2
28 129 1
49 56 2
2 25 2
61 122 1
14 147 2
62 146 1
75 94 2
46 65 2
53 80 2
10 43 2
8 15 2
68 90 2
15 19 2
64 159 2
89 156 1
44 124 1
56 90 2
38 98 1
24 84 2
24 119 1
64 93 2
54 139 2
2 83 2
17 57 2
21 112 2
36 57 2
12 18 2
46 109 2
24 148 2
51 147 2
18 157 2
37 94 2
16 122 1
58 84 2
14 23 2
12 108 2
84 128 1
22 116 1
40 53 2
36 52 2
41 154 2
26 128 1
13 156 1
49 119 2
74 122 2
75 102 1
0 118 1
42 59 2
67 155 1
29 36 2
12 17 2
24 31 2
1 87 2
15 152 2
7 131 1
80 106 2
70 75 2
7 145 1
72 99 2
92 113 2
62 128 2
8 80 2
18 158 2
35 149 1
17 159 1
94 127 1
42 64 2
85 113 1
71 93 2
35 105 1
25 65 2
73 112 1
16 65 2
34 140 2
61 69 2
9 82 2
30 36 2
70 78 2
50 138 2
79 139 1
54 76 2
15 40 2
6 106 1
75 145 2
40 62 2
31 84 2
8 155 1
53 57 2
18 30 2
4 100 1
11 39 2
30 143 1
44 82 2
64 88 2
60 142 1
10 134 1
44 104 1
46 139 2
12 79 2
1 133 1
83 108 1
15 55 2
8 89 2
85 107 1
70 118 2
68 150 1
35 100 1
91 106 2
9 136 2
94 108 2
11 137 1
43 157 1
16 150 1
40 88 2
26 148 1
87 144 2
50 104 1
5 80 2
94 145 2
78 82 2
21 84 2
51 155 1
78 148 1
22 100 1
76 157 2
46 105 1
30 93 2
80 120 1
71 99 1
36 123 1
32 54 2
11 105 1
56 77 2
25 81 2
9 101 1
19 77 2
85 125 1
23 66 2
51 89 2
33 141 1
6 39 2
70 80 2
13 29 2
36 131 1
7 28 2
83 157 2
23 31 2
14 114 2
29 107 2
44 107 2
50 117 1
1 55 2
38 151 1
15 116 1
70 72 2
2 30 2
81 158 1
25 137 1
16 105 1
57 156 1
2 79 2
80 98 2
42 89 2
44 90 2
36 94 2
30 51 2
55 100 1
48 81 2
16 91 2
12 67 2
79 101 2
66 90 2
8 23 2
46 54 2
77 145 2
14 99 2
60 66 2
49 151 2
10 91 2
59 108 1
56 89 2
54 68 2
0 13 2
38 88 2
85 128 1
67 124 2
42 100 1
90 120 2
31 62 2
88 159 1
76 82 2
44 45 2
89 155 1
52 107 1
12 156 2
30 84 2
73 117 1
0 27 2
18 91 2
94 133 1
21 48 2
1 35 2
34 157 1
16 18 2
39 44 2
92 137 1
30 152 2
11 62 2
56 64 2
3 108 1
23 36 2
5 47 2
49 71 2
51 125 1
45 111 2
45 135 2
37 141 2
31 136 2
44 136 1
0 42 2
31 76 2
31 65 2
54 80 2
20 103 2
1 124 1
69 72 2
20 59 2
1 17 2
36 155 1
15 58 2
7 14 2
21 76 2
4 36 2
70 101 1
0 128 2
10 28 2
0 86 2
53 97 1
37 147 1
21 97 2
6 67 2
29 103 1
40 85 2
78 104 2
82 132 1
48 53 2
3 144 1
8 102 2
20 27 2
71 127 2
42 76 2
3 11 2
23 43 2
57 78 2
52 96 1
71 78 2
32 50 2
53 77 2
34 105 2
70 105 1
13 31 2
3 148 1
24 80 2
17 27 2
82 95 2
17 33 2
79 96 1
41 68 2
3 98 1
4 137 2
74 107 1
89 90 2
10 19 2
3 121 1
11 28 2
0 97 1
66 103 1
8 28 2
80 124 1
25 145 1
34 83 2
42 86 2
36 122 1
65 71 2
66 126 1
3 37 2
14 79 2
41 42 2
87 137 1
70 159 1
72 133 1
91 138 1
86 125 1
54 66 2
86 94 2
75 100 2
40 92 2
14 52 2
85 117 2
28 35 2
25 126 2
50 111 1
43 115 1
80 81 2
15 43 2
57 79 2
5 33 2
25 141 1
73 129 2
41 94 2
62 148 2
89 144 1
38 103 1
24 34 2
65 73 2
13 59 2
8 22 2
79 82 2
0 38 2
0 103 2
43 58 2
95 132 2
44 131 1
25 26 2
25 115 2
20 55 2
71 92 2
24 94 2
4 156 2
12 155 1
49 68 2
67 94 2
91 128 1
20 124 1
49 115 2
8 148 2
6 70 2
67 108 2
49 126 2
29 82 2
6 45 2
91 92 2
7 34 2
40 83 2
5 112 1
85 153 2
21 80 2
25 47 2
29 102 2
8 49 2
77 157 1
78 157 1
11 21 2
43 101 1
85 130 1
88 156 2
7 121 2
32 46 2
88 157 1
7 43 2
70 138 1
31 44 2
81 97 1
23 95 2
28 132 1
68 93 2
4 58 2
77 130 1
30 115 1
39 41 2
80 101 2
47 101 2
53 137 2
1 99 1
32 137 2
43 117 1
41 72 2
67 70 2
13 74 2
55 115 1
19 55 2
74 147 1
40 128 1
31 51 2
39 144 1
6 24 2
93 159 1
36 89 2
17 77 2
58 87 2
47 133 1
14 67 2
27 67 2
2 128 2
61 88 2
10 53 2
48 52 2
27 121 1
29 79 2
60 102 2
1 149 1
59 88 2
22 72 2
94 109 1
77 117 2
34 127 1
58 133 2
63 80 2
64 101 1
88 126 2
21 60 2
6 35 2
14 29 2
80 121 1
11 148 1
41 153 1
63 130 2
36 148 2
70 102 1
47 52 2
63 95 2
32 146 1
9 29 2
64 107 1
85 124 1
22 156 1
58 79 2
2 7 2
5 65 2
46 126 1
10 18 2
12 128 1
15 65 2
56 109 1
61 124 1
31 34 2
55 141 2
36 124 2
0 35 2
35 44 2
34 155 1
57 123 2
14 71 2
19 114 1
23 67 2
2 45 2
20 94 2
29 128 1
92 95 2
6 11 2
6 56 2
9 72 2
92 153 1
48 80 2
65 150 1
27 89 2
46 153 1
25 143 1
26 111 1
70 79 2
57 71 2
78 144 1
47 138 1
24 62 2
46 119 1
31 101 2
31 103 1
47 72 2
10 109 2
13 149 1
69 104 1
40 72 2
68 102 2
6 126 1
26 69 2
76 132 2
71 135 1
23 49 2
76 118 1
76 143 1
76 131 2
95 152 1
94 125 1
10 54 2
49 99 2
66 106 1
16 56 2
16 55 2
38 80 2
48 49 2
65 93 2
90 118 1
27 148 1
19 73 2
89 141 1
32 141 1
44 108 2
8 118 1
9 134 1
23 92 2
36 87 2
26 40 2
17 48 2
55 147 2
51 93 2
74 84 2
40 153 1
61 116 2
48 77 2
11 34 2
23 39 2
76 90 2
81 90 2
16 119 1
28 81 2
20 128 2
2 74 2
8 19 2
46 53 2
58 104 2
59 147 1
33 108 1
26 158 1
49 136 2
36 43 2
75 126 2
22 26 2
0 115 2
17 108 1
80 84 2
11 124 1
12 85 2
54 147 1
93 152 2
60 132 2
12 63 2
89 104 1
25 142 2
90 123 2
58 108 1
8 16 2
24 56 2
33 101 1
24 126 1
7 155 1
38 41 2
50 86 2
68 85 2
57 63 2
40 126 2
46 154 1
38 153 1
38 79 2
24 70 2
76 109 1
44 128 1
82 88 2
47 115 2
28 115 1
1 41 2
15 86 2
34 79 2
42 151 1
20 24 2
12 82 2
72 143 1
15 85 2
57 107 1
2 145 1
42 74 2
30 103 1
3 129 2
0 85 2
68 82 2
30 104 1
94 99 2
89 117 1
31 68 2
82 145 2
17 118 2
56 156 1
82 154 2
71 80 2
91 139 1
15 84 2
11 41 2
74 98 1
21 54 2
38 107 2
76 136 1
15 92 2
51 56 2
63 75 2
8 94 2
3 62 2
28 94 2
4 148 1
21 95 2
6 60 2
18 82 2
12 40 2
84 123 2
9 12 2
49 75 2
1 118 1
73 144 1
90 113 2
2 150 1
49 73 2
16 109 1
76 115 1
4 42 2
34 44 2
5 43 2
17 131 2
0 63 2
14 116 1
62 71 2
67 154 1
54 141 1
83 86 2
0 55 2
63 89 2
43 73 2
0 136 1
45 116 1
22 99 1
26 74 2
24 88 2
11 74 2
66 78 2
6 52 2
33 112 2
14 104 2
9 20 2
35 107 1
39 76 2
25 98 2
78 99 2
51 118 1
91 97 1
18 101 1
48 84 2
70 95 2
11 52 2
60 85 2
51 72 2
36 97 1
27 143 2
26 138 2
6 42 2
68 95 2
5 61 2
22 87 2
49 94 2
27 51 2
1 63 2
71 157 2
8 112 1
90 145 1
34 50 2
14 44 2
47 94 2
14 15 2
27 95 2
55 58 2
42 80 2
57 130 1
27 41 2
19 23 2
73 119 1
29 136 1
29 137 1
77 159 2
91 147 1
94 101 2
63 87 2
83 114 2
10 68 2
20 72 2
57 90 2
0 46 2
68 133 2
12 71 2
76 104 2
13 87 2
3 75 2
22 68 2
17 124 1
83 148 1
40 41 2
81 112 1
6 74 2
74 88 2
7 72 2
63 133 2
60 73 2
29 59 2
78 130 1
75 76 2
41 73 2
44 123 2
49 58 2
50 56 2
29 120 1
59 131 1
64 67 2
50 68 2
8 43 2
5 105 1
52 117 1
12 97 1
30 123 1
93 135 2
19 83 2
0 70 2
91 146 2
0 14 2
83 125 1
94 137 1
68 101 1
39 46 2
81 138 1
69 159 2
90 125 2
9 31 2
76 107 1
42 58 2
24 77 2
83 88 2
21 87 2
17 76 2
20 41 2
37 79 2
20 34 2
46 66 2
76 159 1
0 18 2
69 82 2
46 86 2
6 50 2
14 47 2
24 26 2
1 67 2
70 121 2
12 21 2
10 23 2
21 152 2
15 27 2
71 87 2
36 143 1
19 35 2
10 113 2
52 53 2
41 63 2
73 154 2
41 77 2
50 89 2
54 59 2
82 108 2
51 59 2
35 60 2
0 56 2
66 85 2
87 146 1
29 148 1
7 147 1
0 144 1
64 70 2
43 55 2
93 106 1
28 62 2
89 109 2
95 116 1
18 46 2
16 38 2
8 12 2
5 22 2
27 116 2
94 153 2
0 6 2
69 136 2
59 151 1
13 45 2
50 81 2
27 97 1
60 121 2
56 74 2
74 86 2
6 34 2
17 81 2
9 78 2
3 56 2
30 60 2
19 91 2
55 76 2
86 105 1
17 112 2
45 64 2
73 86 2
10 143 2
39 87 2
19 127 2
3 7 2
62 130 1
13 117 1
77 83 2
52 58 2
21 115 2
17 45 2
26 54 2
44 113 1
52 146 1
49 132 1
37 71 2
40 146 1
63 145 1
26 121 1
73 137 2
36 133 1
33 150 2
1 150 1
20 132 1
88 124 1
48 131 1
27 31 2
29 100 2
20 38 2
95 97 2
79 92 2
21 45 2
62 111 1
19 103 2
26 70 2
42 54 2
52 54 2
20 50 2
0 9 2
42 98 2
7 136 2
15 23 2
88 112 1
34 116 2
73 151 1
29 96 1
5 44 2
63 71 2
44 149 1
8 87 2
25 70 2
19 76 2
88 111 1
19 75 2
58 145 1
35 87 2
3 24 2
60 133 1
2 152 2
80 96 1
1 20 2
65 86 2
54 120 1
68 148 1
45 56 2
1 19 2
18 100 1
71 114 1
10 111 1
69 105 1
5 39 2
18 52 2
4 31 2
72 87 2
32 129 1
93 140 1
73 140 1
74 93 2
46 76 2
32 107 1
63 67 2
35 62 2
60 111 1
50 126 1
12 44 2
0 51 2
43 145 1
25 61 2
4 155 2
72 79 2
16 21 2
55 131 1
3 118 1
24 81 2
51 108 1
54 134 1
15 42 2
40 151 1
15 68 2
47 89 2
30 159 1
51 74 2
81 93 2
4 48 2
18 21 2
3 153 1
33 157 2
45 60 2
64 137 1
49 129 2
32 84 2
13 38 2
35 137 2
7 56 2
75 80 2
4 69 2
66 144 1
7 83 2
1 12 2
15 50 2
12 30 2
37 41 2
23 73 2
61 80 2
72 124 2
24 69 2
49 85 2
4 26 2
8 34 2
79 150 2
10 153 1
25 139 1
74 153 1
7 135 1
63 147 1
45 59 2
19 78 2
5 93 2
23 64 2
33 77 2
69 93 2
64 90 2
36 129 2
22 144 1
29 72 2
24 129 2
79 128 1
25 91 2
7 21 2
42 117 2
10 31 2
17 120 1
51 133 1
95 109 1
36 53 2
11 72 2
52 83 2
22 86 2
44 63 2
12 59 2
6 17 2
8 81 2
5 83 2
37 99 1
29 58 2
56 61 2
45 148 1
12 152 1
60 78 2
54 110 1
49 63 2
69 117 2
42 140 1
30 82 2
25 74 2
23 86 2
24 121 1
38 71 2
87 100 1
45 100 1
67 89 2
40 87 2
53 67 2
0 81 2
67 92 2
54 72 2
30 66 2
70 76 2
47 151 1
5 95 2
47 93 2
2 69 2
3 147 2
35 74 2
27 130 1
40 133 1
24 67 2
35 95 2
37 42 2
51 84 2
23 48 2
10 94 2
32 151 2
22 74 2
44 126 1
34 63 2
44 112 2
43 52 2
43 134 2
94 129 1
37 62 2
88 92 2
67 140 1
12 147 1
67 84 2
35 154 1
30 87 2
3 13 2
38 72 2
13 60 2
38 67 2
13 64 2
11 82 2
67 158 1
11 116 1
33 140 1
8 122 1
6 77 2
7 13 2
35 86 2
62 154 1
25 27 2
49 64 2
95 126 1
21 69 2
15 52 2
59 148 1
43 49 2
19 64 2
82 109 1
47 76 2
18 24 2
84 105 1
52 81 2
7 61 2
78 133 1
23 85 2
45 87 2
69 99 1
25 123 1
27 49 2
77 158 1
7 25 2
12 62 2
24 139 1
95 98 1
63 79 2
89 130 1
49 55 2
60 129 2
53 76 2
69 73 2
10 58 2
3 68 2
34 80 2
28 42 2
5 55 2
50 52 2
21 25 2
44 80 2
83 152 1
11 31 2
43 44 2
29 101 2
8 120 1
3 57 2
10 117 2
93 110 2
13 58 2
14 93 2
56 143 2
50 136 1
68 119 1
68 113 2
57 93 2
13 30 2
21 155 1
6 141 1
21 92 2
53 96 1
67 149 1
24 74 2
8 38 2
59 102 1
62 86 2
3 36 2
18 150 1
69 132 2
19 49 2
43 64 2
60 130 1
2 63 2
47 60 2
81 155 1
20 158 1
72 140 1
90 156 2
5 13 2
61 103 1
43 74 2
31 49 2
30 116 1
36 144 1
34 122 2
19 105 1
40 89 2
20 83 2
13 93 2
23 63 2
92 144 2
44 111 2
91 111 2
5 23 2
27 78 2
3 15 2
17 85 2
41 145 1
63 120 1
89 93 2
55 81 2
80 94 2
3 17 2
44 79 2
76 130 1
4 119 1
26 82 2
0 140 2
2 46 2
81 126 1
68 88 2
7 84 2
9 24 2
68 144 1
61 83 2
18 32 2
2 52 2
33 86 2
95 100 2
8 107 1
77 154 1
10 126 1
32 132 2
7 53 2
45 84 2
58 86 2
7 26 2
51 54 2
61 62 2
25 48 2
76 97 1
5 92 2
0 135 2
48 93 2
41 88 2
10 22 2
11 58 2
1 38 2
6 111 1
26 95 2
5 78 2
16 69 2
6 131 1
11 123 1
48 99 1
55 144 1
57 69 2
19 86 2
0 33 2
5 28 2
77 132 1
90 98 1
82 141 1
72 115 2
6 38 2
30 63 2
25 118 1
76 158 1
29 138 1
36 154 1
33 134 1
16 48 2
66 127 1
94 149 2
6 58 2
52 112 1
63 81 2
82 93 2
43 149 1
32 149 1
29 55 2
61 138 1
6 28 2
15 101 1
5 46 2
26 147 2
21 34 2
19 129 1
15 32 2
26 91 2
34 146 2
9 154 1
23 79 2
4 94 2
34 126 1
32 152 1
38 95 2
20 123 2
0 105 1
18 51 2
55 64 2
38 63 2
44 146 1
3 127 1
17 26 2
3 138 1
20 110 2
18 135 2
62 102 1
33 65 2
29 41 2
4 56 2
4 79 2
64 75 2
39 75 2
33 95 2
12 68 2
25 84 2
80 112 1
43 62 2
27 94 2
31 113 1
1 32 2
64 83 2
51 156 1
81 118 1
2 92 2
4 23 2
35 96 1
44 69 2
72 145 2
66 110 1
74 116 1
45 90 2
76 117 2
48 86 2
0 21 2
29 70 2
74 90 2
54 89 2
8 46 2
40 51 2
27 140 1
15 75 2
78 88 2
75 82 2
78 154 1
7 58 2
41 101 1
53 143 2
81 134 1
91 116 2
24 66 2
47 64 2
75 122 2
50 158 1
1 64 2
12 122 1
20 51 2
23 159 1
29 68 2
37 96 1
45 146 1
0 76 2
20 77 2
43 94 2
26 29 2
85 136 2
24 142 2
17 37 2
63 138 2
70 145 1
35 111 2
31 106 1
4 84 2
4 12 2
15 56 2
69 115 1
43 96 1
74 159 2
82 127 1
30 73 2
18 143 2
11 20 2
34 85 2
61 110 1
85 93 2
7 40 2
28 142 1
12 47 2
35 39 2
64 146 2
66 145 1
48 143 1
13 106 1
31 145 1
24 47 2
39 123 1
4 5 2
18 123 2
48 57 2
68 131 1
26 153 1
13 138 2
4 10 2
47 57 2
73 91 2
35 91 2
58 148 1
92 99 2
26 119 1
85 154 1
86 142 1
76 147 1
29 45 2
9 66 2
46 122 2
32 145 1
94 103 2
72 77 2
78 136 1
64 151 2
78 142 1
19 25 2
16 32 2
7 41 2
65 136 1
52 145 1
10 57 2
26 41 2
77 139 2
48 61 2
11 73 2
17 46 2
56 141 1
52 102 1
66 105 1
17 19 2
93 150 2
46 103 1
50 93 2
19 121 1
46 68 2
92 127 1
30 85 2
66 157 1
11 48 2
95 104 2
26 55 2
5 12 2
14 152 1
46 107 2
14 106 1
86 88 2
82 121 1
11 42 2
33 78 2
85 132 1
6 78 2
31 45 2
24 35 2
30 100 1
0 12 2
28 65 2
50 69 2
59 75 2
52 94 2
36 64 2
33 116 1
60 149 1
0 114 1
38 62 2
16 26 2
28 83 2
24 122 2
34 117 2
12 27 2
64 118 1
8 68 2
35 84 2
2 91 2
65 141 1
41 60 2
15 34 2
59 98 1
1 22 2
27 138 2
20 134 1
3 95 2
10 76 2
22 108 2
1 98 1
18 159 1
7 140 1
26 50 2
35 42 2
12 54 2
75 130 2
13 34 2
20 43 2
18 53 2
9 102 1
21 104 1
40 56 2
66 69 2
90 99 2
67 79 2
47 95 2
92 129 1
60 145 2
4 13 2
18 57 2
85 102 1
14 82 2
49 155 2
66 94 2
27 76 2
51 112 2
20 129 1
62 80 2
3 60 2
77 78 2
85 119 1
39 139 1
55 86 2
56 133 1
12 32 2
89 135 1
87 153 1
46 145 2
36 138 1
3 79 2
65 83 2
2 137 1
52 77 2
34 52 2
25 101 2
85 94 2
43 47 2
18 83 2
28 63 2
44 85 2
73 132 1
91 159 2
12 45 2
74 103 2
39 151 1
64 113 1
75 120 2
70 107 1
38 90 2
8 20 2
20 106 2
22 102 1
82 115 2
48 55 2
13 86 2
22 55 2
38 133 1
18 142 2
11 99 2
12 112 1
14 125 1
42 114 1
27 43 2
59 74 2
81 121 2
57 84 2
38 68 2
43 148 1
68 78 2
2 114 1
28 30 2
32 85 2
30 90 2
9 69 2
93 98 1
54 155 2
29 115 1
16 114 1
52 154 1
86 135 1
56 68 2
1 45 2
20 42 2
63 131 1
21 109 1
42 44 2
15 94 2
84 94 2
86 96 2
17 135 1
25 62 2
57 70 2
15 71 2
34 100 1
48 97 1
11 151 1
2 116 1
11 122 1
86 143 2
28 75 2
64 129 2
20 84 2
49 154 2
55 75 2
38 117 1
23 58 2
32 34 2
16 113 1
12 94 2
21 71 2
73 109 1
52 55 2
24 78 2
51 83 2
28 99 1
5 119 2
32 40 2
5 51 2
60 70 2
21 101 1
45 109 1
12 106 1
67 135 1
17 41 2
81 94 2
5 127 2
55 73 2
85 157 1
79 95 2
26 39 2
49 79 2
0 153 1
5 41 2
50 98 1
62 107 1
68 135 2
22 123 1
63 118 1
55 77 2
35 106 1
18 37 2
28 70 2
42 105 2
24 71 2
56 59 2
62 106 1
86 150 1
25 119 1
13 50 2
77 116 1
28 36 2
32 98 2
3 50 2
9 142 2
14 150 1
70 114 2
50 110 1
0 17 2
21 116 1
55 95 2
5 86 2
1 85 2
48 119 1
54 131 1
63 77 2
46 56 2
69 138 2
43 87 2
42 82 2
78 140 1
18 27 2
39 56 2
20 130 1
2 13 2
91 104 1
59 71 2
43 121 2
80 127 1
18 66 2
7 68 2
21 22 2
0 41 2
85 90 2
0 47 2
66 83 2
9 40 2
59 83 2
10 138 2
22 90 2
51 145 1
7 42 2
46 67 2
52 153 1
73 108 1
13 80 2
75 125 2
30 76 2
26 52 2
7 79 2
25 131 1
31 48 2
94 97 2
49 133 1
41 148 1
17 29 2
42 78 2
49 101 1
19 31 2
0 11 2
34 125 1
65 89 2
76 127 2
61 114 1
4 91 2
57 114 2
61 158 1
51 55 2
22 62 2
55 72 2
48 121 1
16 59 2
83 116 1
29 156 2
19 46 2
5 21 2
49 153 1
65 119 1
41 120 2
37 84 2
70 86 2
32 35 2
93 121 2
20 60 2
50 88 2
60 81 2
94 121 2
50 151 1
39 159 2
16 116 2
20 141 2
5 69 2
74 85 2
5 67 2
23 40 2
58 94 2
5 90 2
31 152 1
17 69 2
3 91 2
10 74 2
3 5 2
80 102 1
36 70 2
82 92 2
88 106 1
33 53 2
20 91 2
92 146 2
10 156 1
10 67 2
67 87 2
58 117 1
32 68 2
18 109 1
18 126 1
8 29 2
81 107 1
92 130 2
83 100 1
62 109 1
75 111 1
23 32 2
13 144 1
24 27 2
3 113 1
49 148 1
53 87 2
17 156 2
33 84 2
27 102 1
13 66 2
6 20 2
4 65 2
46 51 2
32 62 2
6 151 2
48 66 2
13 57 2
84 143 1
64 99 1
90 95 2
72 90 2
4 9 2
11 47 2
13 53 2
45 83 2
53 109 1
50 149 2
49 141 1
57 73 2
74 142 1
8 93 2
80 140 1
56 120 2
19 20 2
86 99 1
48 101 1
13 21 2
68 110 1
82 100 1
31 121 2
47 136 1
32 66 2
35 66 2
27 115 1
23 145 1
63 148 1
68 92 2
92 142 1
60 104 2
16 87 2
10 152 1
71 155 1
22 101 2
37 95 2
57 108 1
46 83 2
23 116 1
12 50 2
18 69 2
70 147 2
45 69 2
18 114 2
81 149 1
24 33 2
70 125 1
19 142 2
24 98 1
41 135 1
28 59 2
6 64 2
53 81 2
9 129 1
94 130 1
13 91 2
40 138 1
6 125 1
13 76 2
73 157 2
33 36 2
49 128 1
48 104 1
78 84 2
47 59 2
16 70 2
54 60 2
49 142 1
22 70 2
13 122 1
78 125 1
25 32 2
39 128 2
28 103 1
70 117 1
93 153 1
91 103 1
75 113 1
58 81 2
56 87 2
65 84 2
2 156 1
79 103 1
26 31 2
95 128 1
43 123 1
30 155 1
0 78 2
5 71 2
20 114 1
47 153 1
6 59 2
41 82 2
1 14 2
4 7 2
88 113 2
36 99 2
61 145 1
62 159 2
26 150 1
88 144 1
37 132 1
12 43 2
46 133 2
15 149 1
31 87 2
62 95 2
18 22 2
18 122 2
67 131 1
49 82 2
93 108 1
12 110 1
3 20 2
24 63 2
27 159 1
20 61 2
81 119 1
50 153 2
20 119 1
39 80 2
37 88 2
8 32 2
58 64 2
11 63 2
51 86 2
45 154 2
23 89 2
82 114 1
30 158 2
65 67 2
1 36 2
39 97 1
32 97 1
93 138 1
15 93 2
63 73 2
5 37 2
45 67 2
65 100 1
89 91 2
12 134 1
5 52 2
67 78 2
18 58 2
47 108 2
10 116 1
9 97 2
13 70 2
43 77 2
70 91 2
0 83 2
59 79 2
4 68 2
23 42 2
39 73 2
71 146 2
51 103 1
9 37 2
31 57 2
8 59 2
54 91 2
45 50 2
60 82 2
73 88 2
7 23 2
41 124 1
63 111 1
75 149 1
57 151 1
3 27 2
92 141 2
5 48 2
1 5 2
77 119 1
72 86 2
73 98 1
40 90 2
89 131 1
35 108 1
42 84 2
74 80 2
51 57 2
35 67 2
56 107 1
74 134 2
30 47 2
28 78 2
35 85 2
32 91 2
1 53 2
6 92 2
71 88 2
88 130 2
45 132 1
19 62 2
48 142 2
9 76 2
25 72 2
16 80 2
36 49 2
32 80 2
58 83 2
40 119 2
25 46 2
20 39 2
14 89 2
16 121 1
34 69 2
18 73 2
58 142 1
24 113 2
23 83 2
37 135 1
33 152 2
64 97 2
79 131 1
34 56 2
58 101 2
11 144 1
64 153 2
20 78 2
17 152 1
58 113 2
65 88 2
77 146 2
16 84 2
60 92 2
7 98 2
57 58 2
46 87 2
22 94 2
32 64 2
88 93 2
54 121 2
7 112 1
13 63 2
13 111 1
9 46 2
20 65 2
28 88 2
56 150 1
44 58 2
0 121 1
71 84 2
84 159 2
14 32 2
13 22 2
0 91 2
86 153 1
36 42 2
21 73 2
30 77 2
30 94 2
12 55 2
71 90 2
44 152 2
48 132 1
65 118 1
74 149 2
30 43 2
41 45 2
11 91 2
36 59 2
39 55 2
28 109 1
37 78 2
30 91 2
16 86 2
9 89 2
10 36 2
89 96 1
12 23 2
72 78 2
95 127 2
15 102 1
17 58 2
86 141 1
42 96 2
28 140 1
1 27 2
19 89 2
65 144 1
35 57 2
39 40 2
75 89 2
50 107 1
67 76 2
20 92 2
2 84 2
70 106 1
20 66 2
90 141 2
13 52 2
70 93 2
26 75 2
3 10 2
31 41 2
37 91 2
56 118 1
30 110 1
67 147 2
1 60 2
65 109 1
38 57 2
14 136 1
51 144 2
12 41 2
2 22 2
3 115 2
18 35 2
44 57 2
24 64 2
0 92 2
30 37 2
10 64 2
57 129 2
20 151 1
6 108 2
30 81 2
28 34 2
9 111 1
12 99 1
3 88 2
47 83 2
0 52 2
94 120 1
23 74 2
54 149 1
65 114 1
30 68 2
36 142 1
37 109 1
2 82 2
1 159 1
27 101 2
80 82 2
2 47 2
33 94 2
7 52 2
5 68 2
69 89 2
20 98 2
42 135 1
34 153 1
44 102 1
23 150 1
1 114 1
19 67 2
55 153 1
13 148 2
55 61 2
74 76 2
34 58 2
36 102 1
43 90 2
25 95 2
47 91 2
67 69 2
17 63 2
19 94 2
8 144 2
24 141 2
65 77 2
44 100 1
80 141 2
6 85 2
28 100 1
4 27 2
64 91 2
1 65 2
32 148 1
8 117 1
75 110 2
58 95 2
11 35 2
42 50 2
60 90 2
7 107 2
65 91 2
17 23 2
28 41 2
24 75 2
72 89 2
36 73 2
85 89 2
60 122 1
47 70 2
63 83 2
15 125 1
54 122 2
31 75 2
19 137 1
53 78 2
13 109 1
37 85 2
45 155 2
1 40 2
30 106 1
20 146 1
35 93 2
17 49 2
5 42 2
14 156 2
1 30 2
55 142 2
51 60 2
35 83 2
57 110 1
22 56 2
76 128 1
84 110 2
33 109 1
9 81 2
17 71 2
18 45 2
55 143 1
23 77 2
47 128 1
9 135 1
77 111 1
50 122 1
85 105 2
62 99 2
21 42 2
56 79 2
36 130 1
32 94 2
54 56 2
1 151 1
19 158 2
82 122 1
45 151 1
14 30 2
12 113 1
74 97 2
25 66 2
34 89 2
41 98 1
92 104 2
61 89 2
2 19 2
43 70 2
43 57 2
2 53 2
25 75 2
43 68 2
39 42 2
0 15 2
7 128 1
36 109 2
40 122 1
14 43 2
46 84 2
56 135 2
41 133 1
63 156 1
47 131 2
39 121 1
26 64 2
9 18 2
53 150 2
53 70 2
67 145 1
34 159 2
83 91 2
29 159 1
31 55 2
91 141 2
51 94 2
7 27 2
44 141 1
73 105 1
49 60 2
49 91 2
43 91 2
71 151 2
93 139 2
80 114 1
52 90 2
17 47 2
44 97 1
47 142 1
74 114 2
43 65 2
58 115 2
30 40 2
5 32 2
26 71 2
52 113 1
14 50 2
26 53 2
31 124 1
7 86 2
10 32 2
28 67 2
28 90 2
24 57 2
10 14 2
66 153 1
14 87 2
19 68 2
54 95 2
30 117 1
76 106 1
12 51 2
6 16 2
46 134 2
54 77 2
8 78 2
53 98 1
1 103 1
16 34 2
24 43 2
20 111 1
27 83 2
48 75 2
4 116 1
35 55 2
51 79 2
81 100 2
52 156 1
67 127 1
80 116 2
62 115 2
64 65 2
40 149 1
71 125 1
27 118 1
24 30 2
28 48 2
11 113 1
15 22 2
23 30 2
85 147 1
42 46 2
7 95 2
34 73 2
37 106 1
5 73 2
30 70 2
9 28 2
36 61 2
33 40 2
22 147 1
5 74 2
74 121 1
22 158 1
24 82 2
40 121 1
13 94 2
11 53 2
79 81 2
47 66 2
19 54 2
33 142 1
3 96 1
1 75 2
18 50 2
22 44 2
29 51 2
31 47 2
74 101 2
5 17 2
3 40 2
82 155 2
31 93 2
28 40 2
8 40 2
57 66 2
39 74 2
2 3 2
45 63 2
0 3 2
81 86 2
1 62 2
11 54 2
34 151 1
0 31 2
14 58 2
5 56 2
21 28 2
87 127 2
26 136 2
14 24 2
16 33 2
60 116 2
4 60 2
16 36 2
51 134 1
2 71 2
72 113 1
2 144 1
18 99 1
2 18 2
45 125 1
71 72 2
95 101 1
47 135 1
33 69 2
91 157 1
27 50 2
3 12 2
38 65 2
29 78 2
73 107 2
25 49 2
18 90 2
4 33 2
6 37 2
23 127 2
77 108 1
75 91 2
75 85 2
39 96 1
53 157 1
33 90 2
62 142 1
57 142 2
86 155 1
20 95 2
84 87 2
12 89 2
82 86 2
7 70 2
16 152 1
6 118 1
49 140 1
74 124 1
7 31 2
69 92 2
52 136 1
71 101 1
73 81 2
62 150 1
33 74 2
72 84 2
7 78 2
5 94 2
4 8 2
21 43 2
0 44 2
83 109 1
8 136 1
24 83 2
2 37 2
45 55 2
17 22 2
37 119 2
81 135 2
45 97 1
89 92 2
44 71 2
20 81 2
20 37 2
62 157 2
12 95 2
61 133 1
46 101 1
83 141 1
44 121 2
56 62 2
41 127 2
45 66 2
47 87 2
12 130 1
68 153 2
23 123 1
10 37 2
13 153 2
20 26 2
32 76 2
16 129 1
95 140 1
18 85 2
83 115 2
11 50 2
45 138 1
44 95 2
30 154 2
74 89 2
47 117 1
29 126 2
76 89 2
43 67 2
59 99 1
15 106 1
44 61 2
52 93 2
62 108 1
52 67 2
39 88 2
22 39 2
25 73 2
3 47 2
0 130 1
29 132 2
10 25 2
14 120 1
10 16 2
28 144 1
8 44 2
2 55 2
16 85 2
61 136 2
0 61 2
28 51 2
28 131 2
17 142 1
91 110 1
62 156 1
48 120 2
77 85 2
3 63 2
72 122 1
29 89 2
1 78 2
32 78 2
21 141 2
76 77 2
19 155 1
36 110 1
11 143 1
8 90 2
46 114 1
19 52 2
13 118 2
1 2 2
37 55 2
40 155 1
85 127 1
6 76 2
32 124 2
58 75 2
47 90 2
3 135 1
28 47 2
37 126 1
48 76 2
9 84 2
46 58 2
50 125 1
1 94 2
95 105 1
52 106 1
14 70 2
2 121 2
16 68 2
82 107 1
45 61 2
14 135 1
28 149 1
37 48 2
44 73 2
62 143 2
76 110 1
10 52 2
14 41 2
12 103 1
5 147 2
7 100 1
13 84 2
22 125 1
27 60 2
40 60 2
21 50 2
44 67 2
30 141 2
3 87 2
15 72 2
34 49 2
58 147 1
24 152 1
71 115 2
77 141 1
68 74 2
54 81 2
32 136 1
32 63 2
56 137 2
33 56 2
52 87 2
35 148 2
78 120 2
25 151 1
8 37 2
39 106 1
35 114 2
21 33 2
22 115 2
34 134 1
13 73 2
9 21 2
63 154 1
20 23 2
37 82 2
50 97 1
38 148 2
59 84 2
60 62 2
71 141 1
90 146 1
72 81 2
24 146 1
56 100 2
0 149 1
84 85 2
90 110 2
79 99 2
69 113 1
51 62 2
79 93 2
4 132 1
53 75 2
82 152 1
0 88 2
88 101 2
7 91 2
37 90 2
11 64 2
72 110 2
40 86 2
73 96 1
81 136 2
21 85 2
0 123 2
86 126 1
70 119 1
11 80 2
14 85 2
13 69 2
50 139 2
31 63 2
70 157 1
8 130 2
36 38 2
38 44 2
26 33 2
56 104 2
33 51 2
43 129 1
23 61 2
32 103 1
38 84 2
44 142 1
41 93 2
4 113 1
9 91 2
13 32 2
81 117 1
26 93 2
42 141 1
3 67 2
15 36 2
27 99 2
66 88 2
58 151 2
85 88 2
37 38 2
0 90 2
60 154 2
30 92 2
87 155 2
1 92 2
18 94 2
66 74 2
20 85 2
31 153 2
10 155 2
91 94 2
31 128 2
73 155 2
8 21 2
91 95 2
66 68 2
69 153 1
78 90 2
24 105 1
17 140 2
43 159 1
26 84 2
21 56 2
71 74 2
63 142 2
15 115 1
26 36 2
38 47 2
62 74 2
12 69 2
14 138 1
44 89 2
33 50 2
68 146 1
64 96 1
24 48 2
15 21 2
67 148 1
34 86 2
9 58 2
11 18 2
80 131 2
11 24 2
54 67 2
64 116 1
59 90 2
18 111 1
6 158 1
43 135 2
29 157 1
0 49 2
7 106 1
62 68 2
33 107 2
6 90 2
5 98 2
84 92 2
47 63 2
53 90 2
92 125 2
28 56 2
12 109 1
0 159 1
28 57 2
9 32 2
4 152 1
19 45 2
10 62 2
13 124 2
65 95 2
37 121 2
22 130 1
69 126 2
30 140 2
46 151 2
24 158 2
62 110 1
86 119 1
34 68 2
3 132 1
1 61 2
29 49 2
14 35 2
61 79 2
44 75 2
42 125 2
43 120 1
55 127 2
17 143 1
0 62 2
8 69 2
20 57 2
72 123 2
12 58 2
51 107 2
38 59 2
7 103 1
22 52 2
18 156 1
5 31 2
0 25 2
63 125 1
4 71 2
17 96 2
77 88 2
58 149 2
63 122 1
51 81 2
73 116 1
29 73 2
66 71 2
60 77 2
47 111 1
50 87 2
3 22 2
50 91 2
25 79 2
5 133 1
5 10 2
7 57 2
16 76 2
22 46 2
12 92 2
71 79 2
77 105 2
38 108 2
66 104 2
79 110 2
10 124 1
26 80 2
55 106 1
23 96 1
44 125 1
37 77 2
94 114 1
27 119 1
29 122 2
67 71 2
25 42 2
28 108 1
50 78 2
80 139 1
48 148 2
17 32 2
82 118 2
51 90 2
79 85 2
16 81 2
69 119 1
39 94 2
52 68 2
2 90 2
9 148 1
30 44 2
37 145 1
60 114 2
25 38 2
16 35 2
9 68 2
77 104 1
76 126 2
4 135 1
57 124 1
8 156 1
72 132 1
93 143 1
72 107 2
69 111 2
69 94 2
34 46 2
30 86 2
77 109 1
39 93 2
51 52 2
14 69 2
15 46 2
7 159 2
45 48 2
3 8 2
6 93 2
58 90 2
23 72 2
46 135 1
22 112 1
34 66 2
89 136 1
88 105 1
34 37 2
48 130 1
29 71 2
14 91 2
74 110 1
66 146 2
3 139 1
0 36 2
21 121 2
59 61 2
24 60 2
48 73 2
86 115 2
3 70 2
94 159 2
69 71 2
79 107 1
0 68 2
21 133 1
9 77 2
53 56 2
58 152 1
44 46 2
3 41 2
4 64 2
90 107 1
5 146 2
31 147 1
47 149 1
1 58 2
29 123 1
61 99 1
10 89 2
7 36 2
64 94 2
32 48 2
41 44 2
59 155 1
80 133 2
35 110 1
10 63 2
40 59 2
90 104 2
10 147 1
21 31 2
21 119 2
2 118 1
10 92 2
41 89 2
37 67 2
29 108 1
32 53 2
28 134 1
31 50 2
52 86 2
74 127 1
39 45 2
80 87 2
73 78 2
59 91 2
46 131 1
64 122 1
35 47 2
40 46 2
92 112 1
43 154 1
54 94 2
4 102 2
35 139 1
14 109 2
12 36 2
23 35 2
36 63 2
33 104 1
22 60 2
22 63 2
58 157 1
24 96 2
32 41 2
37 142 1
11 59 2
40 125 1
63 149 1
13 121 1
40 47 2
15 77 2
74 91 2
27 35 2
55 105 1
9 104 1
48 96 1
22 37 2
8 18 2
17 28 2
68 124 2
10 50 2
15 69 2
9 150 1
34 41 2
21 77 2
37 131 2
0 73 2
34 53 2
16 66 2
11 133 1
38 87 2
15 67 2
6 44 2
61 71 2
57 112 2
49 59 2
41 146 2
87 91 2
70 103 1
38 116 1
22 126 2
36 83 2
74 125 1
46 141 1
31 80 2
89 128 1
90 155 1
22 78 2
52 142 2
18 38 2
1 29 2
53 66 2
60 107 1
54 79 2
42 155 1
62 129 1
56 158 1
19 139 1
56 71 2
90 112 2
0 60 2
13 33 2
59 125 1
10 84 2
38 66 2
34 70 2
45 80 2
1 18 2
2 107 1
71 116 2
2 10 2
0 151 2
22 79 2
76 103 2
17 83 2
40 100 1
86 116 1
39 131 1
30 67 2
57 146 1
0 74 2
65 94 2
27 90 2
94 131 1
64 128 1
3 131 2
30 38 2
16 158 1
56 63 2
63 144 1
15 39 2
56 140 2
79 91 2
38 156 2
28 117 1
32 42 2
33 127 2
19 50 2
41 67 2
63 124 1
58 106 2
11 138 1
35 81 2
32 134 2
9 64 2
37 112 2
41 50 2
88 97 2
6 129 2
2 11 2
62 94 2
28 158 2
4 73 2
22 109 1
10 29 2
83 89 2
18 86 2
55 111 1
39 52 2
23 38 2
7 157 1
82 94 2
7 67 2
45 54 2
57 91 2
9 103 1
13 152 1
28 44 2
2 23 2
15 137 2
57 145 1
84 88 2
56 126 1
16 112 1
21 39 2
2 76 2
91 109 1
6 150 2
15 45 2
7 45 2
88 133 2
6 81 2
2 59 2
49 67 2
93 115 1
49 131 1
10 88 2
34 88 2
68 120 1
11 76 2
18 75 2
93 157 1
93 126 1
64 68 2
26 32 2
89 146 1
27 42 2
10 33 2
27 65 2
72 105 2
13 19 2
65 113 1
91 140 1
37 73 2
2 73 2
23 135 1
14 105 1
24 138 1
57 121 1
62 139 1
7 17 2
30 33 2
33 62 2
37 46 2
72 109 1
42 57 2
92 109 1
36 37 2
48 107 2
11 30 2
89 108 2
71 147 2
82 123 1
36 74 2
76 120 1
5 148 1
83 158 1
5 63 2
63 65 2
17 60 2
83 117 1
60 108 1
25 96 1
6 82 2
27 52 2
65 69 2
78 85 2
41 76 2
76 119 2
47 62 2
35 68 2
19 101 1
42 72 2
86 111 1
20 56 2
34 64 2
31 83 2
2 65 2
5 60 2
14 76 2
52 110 1
61 84 2
10 77 2
8 25 2
22 141 1
86 103 2
31 33 2
12 39 2
15 147 2
17 38 2
23 104 2
45 149 1
54 83 2
72 134 1
57 88 2
31 61 2
33 68 2
42 127 1
24 79 2
15 49 2
11 46 2
61 68 2
49 93 2
44 54 2
33 41 2
14 19 2
19 88 2
50 124 1
27 128 1
2 119 2
14 37 2
61 151 2
53 136 1
36 141 2
94 110 1
68 73 2
5 66 2
11 134 1
72 149 1
45 49 2
82 99 2
38 64 2
14 20 2
6 69 2
72 74 2
15 81 2
44 64 2
27 145 1
21 136 1
69 133 1
25 117 1
50 102 1
28 86 2
2 67 2
80 147 1
40 82 2
89 159 1
81 85 2
41 95 2
25 64 2
61 118 2
5 156 1
77 153 1
52 105 2
93 128 1
30 151 2
7 85 2
21 156 2
46 62 2
45 85 2
86 117 2
40 45 2
21 53 2
89 134 2
41 65 2
20 122 1
61 128 1
31 148 1
53 60 2
83 121 2
20 90 2
60 98 2
63 84 2
22 59 2
28 82 2
2 99 2
29 77 2
60 76 2
39 137 1
76 83 2
37 80 2
29 135 1
14 63 2
72 156 2
51 104 2
48 128 1
31 82 2
94 113 2
62 70 2
59 149 2
4 93 2
47 159 2
48 157 1
19 61 2
51 80 2
13 112 2
28 69 2
26 133 1
36 111 1
28 97 1
45 89 2
90 92 2
37 123 1
81 114 2
60 94 2
18 125 1
36 46 2
34 67 2
8 98 1
16 63 2
24 133 2
8 95 2
8 92 2
10 90 2
30 132 1
4 44 2
62 81 2
33 93 2
4 30 2
53 127 2
57 153 1
26 87 2
33 126 1
15 151 2
68 105 1
1 11 2
71 89 2
1 7 2
43 63 2
69 84 2
41 74 2
52 70 2
67 85 2
3 74 2
80 89 2
45 86 2
53 123 1
8 11 2
29 109 1
4 6 2
50 61 2
36 150 2
8 70 2
14 140 1
79 138 1
25 105 2
40 81 2
58 98 1
55 103 1
24 29 2
17 70 2
15 121 1
26 57 2
53 63 2
20 87 2
43 79 2
1 136 1
91 150 2
17 90 2
31 133 1
13 123 2
91 108 2
58 70 2
29 98 2
50 118 1
4 134 1
18 104 2
17 56 2
8 82 2
14 49 2
15 136 2
11 83 2
20 152 2
81 159 1
43 105 1
41 47 2
54 55 2
79 109 1
11 128 2
34 38 2
22 47 2
15 117 1
21 94 2
29 88 2
49 78 2
7 114 1
67 109 2
32 133 1
10 86 2
7 88 2
10 119 1
27 154 1
16 41 2
71 105 1
21 57 2
1 77 2
5 88 2
93 130 2
71 91 2
3 46 2
24 151 1
78 145 1
87 121 1
15 141 1
3 23 2
12 121 1
4 131 2
51 91 2
24 99 2
60 64 2
53 113 1
4 55 2
7 71 2
46 71 2
22 149 1
27 28 2
70 155 2
78 96 1
31 58 2
17 64 2
21 58 2
31 54 2
70 74 2
33 135 2
10 20 2
24 107 1
44 155 1
13 46 2
89 118 1
2 143 2
56 96 1
73 92 2
28 111 1
40 48 2
29 104 1
52 158 1
9 88 2
63 74 2
38 127 1
56 139 1
6 51 2
89 147 2
19 124 1
27 70 2
91 130 1
57 62 2
43 125 1
1 127 1
48 123 1
16 156 1
19 90 2
3 69 2
74 77 2
18 29 2
81 153 1
6 29 2
7 127 2
72 104 2
15 155 1
2 87 2
25 154 2
91 133 1
19 82 2
32 82 2
75 119 2
59 63 2
3 48 2
71 126 1
8 131 1
78 122 1
3 110 1
16 58 2
33 85 2
39 60 2
89 145 1
65 147 1
54 88 2
71 109 2
44 50 2
93 99 1
20 73 2
56 93 2
36 68 2
60 110 1
1 147 1
4 112 1
2 20 2
52 147 2
52 121 1
69 87 2
22 50 2
39 116 1
14 26 2
39 54 2
18 71 2
0 145 1
3 29 2
30 142 2
5 152 1
42 102 1
82 83 2
49 147 1
13 26 2
86 144 2
95 136 1
48 108 1
24 132 1
40 112 1
78 89 2
53 135 1
2 113 1
51 65 2
58 110 1
63 90 2
28 79 2
58 89 2
14 38 2
48 154 1
13 23 2
41 78 2
14 31 2
16 148 1
81 146 2
62 90 2
73 97 1
23 33 2
80 93 2
19 102 2
27 123 2
17 68 2
46 158 1
85 91 2
68 147 1
13 28 2
27 84 2
8 56 2
23 51 2
14 86 2
15 31 2
55 119 1
51 129 1
23 129 2
30 65 2
74 78 2
15 148 1
5 138 2
22 119 1
38 140 2
25 69 2
39 155 2
66 76 2
42 132 1
49 87 2
70 87 2
26 108 1
16 88 2
37 74 2
31 67 2
44 119 2
55 87 2
45 99 1
44 94 2
95 102 2
38 78 2
67 152 2
54 114 1
68 94 2
18 96 1
19 79 2
21 134 1
44 83 2
26 83 2
29 81 2
15 63 2
68 151 1
39 111 2
5 143 1
41 58 2
27 71 2
1 152 1
77 147 1
1 115 2
13 27 2
88 154 2
18 133 1
57 149 2
88 123 1
22 96 1
13 83 2
4 115 2
56 148 1
53 110 1
17 101 1
34 62 2
74 143 1
70 71 2
2 36 2
22 91 2
65 154 2
81 129 1
50 70 2
61 82 2
26 90 2
8 50 2
21 144 1
43 107 1
46 117 1
59 65 2
33 146 1
54 61 2
49 57 2
21 44 2
30 69 2
10 66 2
37 134 2
61 90 2
26 112 1
8 157 2
58 88 2
89 112 1
33 58 2
59 104 1
1 54 2
61 87 2
77 138 2
5 49 2
45 93 2
56 58 2
1 69 2
9 126 1
18 81 2
42 45 2
42 130 2
18 59 2
75 104 2
20 101 1
18 40 2
26 116 2
3 83 2
3 93 2
10 129 2
61 134 2
78 121 1
36 120 1
66 136 1
48 95 2
31 143 1
69 83 2
80 152 1
50 83 2
68 91 2
70 85 2
66 159 1
21 86 2
71 113 1
28 85 2
6 147 1
11 125 1
56 142 1
58 134 1
19 84 2
47 132 1
75 121 2
31 43 2
7 102 1
27 37 2
24 134 1
46 157 1
51 67 2
11 81 2
28 93 2
74 141 1
42 60 2
24 72 2
13 126 1
50 96 1
0 65 2
69 144 1
68 121 1
58 61 2
35 143 2
63 113 2
6 114 2
4 127 1
29 74 2
6 14 2
28 74 2
23 62 2
23 139 1
2 108 1
76 101 2
0 96 1
90 159 2
48 51 2
65 96 2
94 132 1
16 71 2
1 138 1
5 58 2
21 93 2
34 74 2
3 89 2
29 127 2
51 152 1
57 65 2
11 32 2
15 33 2
49 111 1
0 154 1
32 38 2
40 109 1
7 90 2
10 26 2
28 31 2
68 159 1
29 35 2
66 129 1
14 18 2
39 66 2
51 85 2
7 97 1
25 88 2
66 118 1
4 18 2
19 140 1
26 67 2
33 47 2
87 96 1
59 110 2
42 88 2
32 114 1
17 44 2
18 62 2
49 62 2
26 46 2
37 139 2
14 145 1
31 150 2
63 103 1
64 121 1
18 63 2
52 73 2
52 80 2
78 153 2
43 78 2
91 132 1
73 99 2
81 83 2
10 83 2
55 56 2
11 146 2
39 82 2
2 111 1
16 47 2
37 116 1
11 104 2
71 73 2
5 107 2
39 108 2
15 82 2
30 98 1
15 110 1
37 56 2
47 126 1
55 82 2
87 151 1
62 64 2
14 22 2
32 130 2
57 131 1
22 83 2
0 2 2
5 145 1
26 159 2
5 53 2
5 27 2
14 45 2
27 66 2
42 92 2
47 137 1
27 45 2
59 70 2
2 80 2
13 25 2
32 106 2
34 96 2
15 35 2
19 99 1
28 84 2
92 123 2
38 51 2
41 86 2
3 55 2
40 98 1
77 155 1
40 58 2
28 80 2
48 94 2
53 130 1
35 125 1
9 159 1
28 76 2
81 108 1
6 68 2
3 66 2
89 106 1
30 149 1
7 12 2
13 85 2
34 131 1
29 40 2
54 112 2
54 129 1
58 91 2
46 88 2
42 47 2
7 22 2
21 70 2
65 82 2
49 123 2
32 43 2
37 39 2
77 86 2
41 140 1
40 129 2
36 44 2
0 133 1
0 5 2
2 51 2
3 42 2
0 23 2
29 50 2
59 82 2
54 150 1
2 103 2
0 58 2
78 150 2
8 110 1
76 80 2
44 159 1
11 98 2
65 79 2
29 30 2
91 153 2
79 114 1
22 82 2
12 76 2
83 153 2
23 78 2
33 122 1
42 43 2
80 159 2
74 140 1
53 64 2
47 58 2
6 43 2
69 125 1
87 98 2
6 22 2
33 91 2
6 62 2
78 112 1
75 112 1
18 84 2
1 56 2
3 44 2
6 80 2
3 73 2
85 112 2
18 77 2
9 16 2
0 137 1
87 105 2
8 79 2
63 134 1
53 54 2
1 43 2
76 96 2
19 107 1
86 129 2
8 57 2
7 154 2
79 127 1
75 150 2
76 86 2
16 45 2
78 79 2
15 157 1
80 107 1
66 109 2
50 67 2
70 82 2
25 36 2
38 146 1
54 137 1
5 136 1
10 41 2
19 40 2
5 11 2
91 137 1
8 114 1
64 150 1
25 135 1
28 145 1
70 83 2
23 60 2
15 51 2
42 129 1
44 109 1
12 16 2
57 157 1
47 68 2
0 10 2
44 81 2
81 122 1
1 16 2
51 158 1
12 102 1
63 109 1
50 51 2
29 54 2
73 134 1
35 98 1
10 148 1
84 111 2
81 99 2
20 53 2
7 92 2
64 145 1
44 132 1
75 109 2
76 84 2
4 51 2
19 141 1
1 81 2
67 99 1
35 75 2
51 111 2
73 102 1
47 65 2
47 112 2
56 80 2
44 138 1
48 89 2
78 138 1
24 46 2
15 122 1
95 108 1
73 80 2
64 89 2
25 82 2
62 123 2
69 74 2
32 57 2
16 124 1
50 99 1
95 107 1
58 92 2
31 156 2
23 69 2
41 112 1
19 97 1
21 106 1
44 91 2
34 78 2
25 71 2
37 100 2
16 72 2
85 148 2
40 76 2
79 143 2
16 83 2
60 128 1
28 150 2
42 69 2
46 64 2
27 114 1
77 79 2
75 83 2
74 128 1
45 75 2
71 83 2
91 123 1
15 25 2
38 74 2
19 151 1
14 81 2
39 53 2
34 90 2
60 93 2
18 110 1
17 66 2
61 85 2
4 61 2
40 69 2
16 62 2
58 74 2
31 66 2
94 150 1
6 10 2
39 48 2
18 74 2
28 77 2
79 157 2
43 146 1
11 22 2
20 157 1
90 115 2
25 57 2
43 66 2
84 136 1
70 149 1
9 59 2
43 108 1
16 19 2
0 138 1
77 126 1
22 76 2
1 130 2
82 143 1
45 53 2
0 112 2
5 20 2
61 92 2
10 59 2
74 157 1
6 152 2
14 64 2
69 100 2
85 123 1
68 79 2
69 103 2
2 75 2
46 73 2
49 105 1
93 146 1
13 37 2
10 100 1
24 95 2
11 86 2
26 60 2
26 49 2
50 73 2
95 137 1
28 139 1
33 44 2
75 92 2
60 91 2
73 83 2
52 103 1
16 28 2
39 109 1
1 86 2
57 144 2
30 54 2
81 88 2
8 62 2
26 151 1
41 100 1
62 104 2
71 82 2
55 128 1
38 152 1
34 91 2
18 141 2
29 140 2
40 70 2
19 33 2
60 89 2
26 124 2
82 140 1
87 89 2
26 89 2
81 110 1
6 89 2
47 82 2
62 93 2
24 90 2
58 123 1
63 88 2
20 154 2
69 76 2
76 78 2
42 131 1
89 133 1
66 80 2
16 39 2
95 142 2
8 51 2
17 51 2
49 106 2
82 146 1
95 159 1
28 50 2
61 64 2
35 82 2
62 113 1
65 76 2
94 116 1
37 49 2
14 149 1
6 49 2
10 93 2
44 115 2
61 137 1
31 140 1
33 73 2
66 82 2
57 126 1
39 57 2
32 90 2
62 126 2
95 115 2
61 104 2
25 58 2
29 155 1
41 51 2
16 100 1
11 79 2
37 47 2
14 21 2
27 57 2
4 47 2
76 94 2
65 80 2
1 119 2
17 40 2
52 132 2
8 121 1
67 104 2
67 105 1
38 105 2
6 72 2
0 107 1
12 75 2
92 158 1
9 73 2
38 50 2
36 113 1
20 46 2
77 118 2
31 59 2
93 132 2
6 153 2
73 93 2
87 106 2
4 121 1
4 50 2
19 32 2
3 51 2
52 124 1
12 157 1
13 105 1
59 153 1
15 18 2
34 103 1
90 109 1
50 84 2
22 84 2
23 138 1
16 127 2
40 157 2
24 103 2
24 91 2
11 51 2
16 64 2
77 149 1
91 158 1
61 105 2
31 142 1
28 64 2
88 89 2
25 59 2
4 125 2
18 23 2
72 126 1
87 124 1
26 135 2
9 11 2
68 75 2
91 98 2
74 92 2
53 153 2
5 14 2
65 130 2
53 94 2
75 133 1
83 93 2
25 60 2
6 61 2
8 58 2
6 75 2
2 129 2
21 124 1
50 59 2
17 61 2
42 90 2
95 129 1
12 107 2
54 154 1
83 135 2
7 60 2
78 135 1
25 29 2
45 92 2
35 90 2
1 49 2
52 64 2
55 152 1
5 77 2
27 136 1
23 46 2
9 80 2
25 121 1
29 91 2
83 139 1
2 86 2
24 53 2
5 25 2
68 114 2
21 65 2
89 149 2
19 130 1
26 127 2
27 61 2
88 95 2
16 102 2
18 60 2
49 95 2
35 45 2
93 94 2
16 126 2
3 25 2
82 158 2
36 135 2
72 75 2
39 152 2
39 43 2
41 48 2
39 81 2
36 140 1
76 88 2
10 115 1
48 141 1
89 157 1
63 139 2
42 70 2
6 135 1
4 92 2
8 86 2
51 61 2
15 83 2
55 124 1
35 135 2
0 129 2
3 14 2
35 50 2
65 75 2
73 75 2
40 71 2
74 148 2
32 86 2
57 118 2
95 113 1
45 52 2
44 140 2
2 154 2
40 131 1
9 43 2
31 99 2
41 62 2
18 89 2
57 75 2
75 86 2
50 119 1
5 29 2
81 98 1
78 94 2
24 149 1
38 92 2
57 99 1
17 105 2
17 89 2
10 128 1
53 129 2
30 48 2
75 157 2
74 94 2
40 44 2
1 46 2
14 117 1
46 110 2
30 52 2
4 34 2
38 132 1
73 111 1
12 22 2
17 136 1
46 155 2
69 78 2
34 109 1
32 159 1
84 89 2
62 96 2
7 20 2
38 54 2
56 146 1
79 80 2
0 45 2
19 37 2
28 124 1
15 73 2
27 34 2
84 127 2
82 156 2
57 102 1
2 54 2
31 69 2
66 81 2
79 142 1
94 102 1
33 147 1
38 77 2
2 38 2
3 94 2
19 81 2
76 85 2
3 86 2
36 41 2
18 155 1
16 95 2
2 29 2
5 121 1
17 148 1
75 153 1
46 55 2
55 159 2
84 138 2
36 136 2
28 135 2
19 93 2
38 142 1
15 150 2
85 138 2
37 57 2
49 69 2
36 159 1
47 102 2
85 155 2
94 152 1
92 156 1
38 58 2
89 121 1
18 79 2
65 151 1
40 64 2
22 111 1
27 59 2
72 83 2
57 86 2
4 19 2
17 115 1
4 89 2
76 129 1
26 88 2
38 118 2
47 80 2
16 22 2
18 26 2
90 150 1
80 132 2
17 153 1
1 154 1
21 89 2
13 77 2
2 141 2
31 85 2
33 45 2
36 88 2
50 157 2
22 36 2
84 114 1
29 38 2
37 69 2
72 142 1
88 110 1
33 102 2
33 99 2
37 81 2
84 149 1
29 63 2
57 76 2
93 124 1
7 141 1
47 96 2
45 94 2
22 61 2
29 48 2
14 66 2
45 73 2
2 136 1
61 140 1
69 106 1
14 51 2
82 85 2
53 69 2
4 46 2
71 112 1
39 101 1
0 57 2
93 104 1
60 151 1
0 1 2
78 134 2
42 62 2
2 17 2
65 116 2
76 134 1
54 100 1
86 110 2
93 111 1
78 139 1
39 91 2
78 98 1
32 144 1
1 126 2
22 65 2
3 99 1
71 136 2
57 106 2
16 23 2
2 122 1
78 86 2
48 133 2
25 156 1
19 39 2
12 105 2
26 109 1
13 131 2
12 88 2
54 71 2
0 111 1
87 99 1
92 145 1
31 52 2
28 66 2
71 142 2
21 102 2
85 96 2
27 93 2
35 48 2
49 84 2
34 40 2
57 113 1
15 158 2
80 86 2
13 108 1
1 110 2
56 131 2
53 89 2
95 155 1
22 38 2
43 50 2
11 29 2
40 66 2
47 54 2
18 154 1
94 111 1
11 85 2
31 120 1
8 36 2
36 72 2
72 121 1
48 149 1
39 86 2
72 98 1
64 110 2
44 133 1
50 123 2
52 109 1
62 66 2
35 73 2
83 154 1
43 45 2
45 88 2
43 82 2
64 76 2
9 57 2
94 122 1
18 92 2
68 112 1
47 123 1
28 147 2
4 72 2
23 155 1
10 48 2
26 66 2
89 103 2
92 134 2
12 38 2
9 143 1
27 48 2
45 81 2
43 142 2
61 115 2
1 51 2
57 158 2
25 33 2
20 107 1
57 60 2
39 141 1
29 80 2
12 65 2
71 132 2
64 134 1
92 117 1
8 60 2
31 42 2
83 90 2
36 95 2
52 72 2
65 139 1
3 61 2
4 81 2
87 158 1
86 104 2
38 89 2
13 141 1
1 59 2
2 48 2
20 58 2
2 101 2
19 72 2
76 79 2
74 96 2
30 121 2
57 77 2
20 28 2
53 158 1
5 97 2
40 80 2
38 128 2
28 71 2
38 73 2
34 87 2
41 113 1
7 134 1
78 129 1
61 130 2
9 146 2
9 27 2
6 19 2
10 65 2
11 75 2
22 64 2
61 65 2
58 82 2
2 5 2
94 151 1
44 47 2
12 104 1
6 30 2
24 85 2
86 139 2
59 86 2
3 18 2
89 154 1
69 91 2
27 146 1
4 25 2
69 154 1
43 113 2
74 104 2
56 88 2
14 90 2
27 74 2
58 153 1
25 93 2
6 8 2
28 73 2
79 112 1
33 61 2
68 84 2
10 71 2
39 83 2
34 45 2
5 155 1
23 114 2
35 141 1
5 157 1
17 123 1
10 78 2
23 26 2
0 75 2
5 159 1
2 66 2
42 75 2
3 58 2
36 92 2
68 83 2
44 78 2
18 149 1
66 91 2
71 122 1
49 143 1
0 80 2
55 138 1
1 105 2
41 99 1
6 157 1
69 70 2
85 137 1
84 152 1
23 81 2
48 71 2
37 154 1
25 86 2
46 81 2
36 62 2
59 89 2
42 120 1
82 153 1
46 132 1
33 70 2
51 106 1
29 94 2
33 63 2
49 76 2
24 37 2
55 70 2
92 140 1
30 146 1
27 111 1
22 42 2
41 56 2
51 126 2
27 47 2
83 129 1
6 144 1
28 45 2
27 86 2
50 53 2
30 135 2
38 147 1
12 86 2
47 145 1
89 137 1
93 116 2
51 53 2
68 96 1
42 61 2
61 153 2
45 130 1
70 150 1
74 158 1
19 152 2
8 143 1
14 42 2
12 48 2
91 114 2
11 145 1
75 124 1
5 59 2
62 73 2
43 76 2
49 51 2
18 148 2
56 110 1
91 93 2
63 99 2
61 100 1
91 136 1
67 93 2
17 103 1
6 13 2
0 72 2
26 143 2
24 65 2
25 89 2
8 116 2
60 67 2
51 117 2
31 40 2
62 122 1
64 148 1
25 92 2
77 140 1
76 102 2
56 67 2
80 151 1
25 124 2
69 81 2
13 98 2
19 27 2
16 43 2
20 71 2
56 102 1
12 116 2
4 78 2
13 154 2
35 119 1
3 65 2
43 151 1
34 57 2
28 87 2
4 96 1
46 74 2
2 77 2
58 131 2
9 48 2
24 118 1
45 124 1
86 138 2
9 87 2
16 78 2
21 30 2
6 148 1
54 82 2
27 36 2
19 98 2
50 90 2
95 139 2
3 76 2
37 68 2
6 127 1
61 129 1
17 138 1
73 125 2
3 52 2
46 63 2
43 69 2
16 135 1
20 115 1
65 127 1
25 78 2
13 96 2
9 45 2
4 98 1
31 94 2
62 153 1
16 144 2
59 103 2
33 57 2
6 47 2
52 61 2
4 144 1
10 44 2
45 119 1
55 88 2
4 15 2
14 56 2
86 154 1
57 59 2
59 80 2
85 116 2
5 91 2
66 111 1
18 55 2
44 74 2
28 141 2
85 134 2
73 131 1
42 52 2
17 43 2
19 58 2
25 149 2
41 121 1
32 49 2
33 110 2
45 110 2
82 98 2
15 124 1
11 95 2
41 131 1
1 156 1
5 57 2
7 76 2
5 108 1
71 144 1
9 83 2
46 80 2
56 105 1
24 73 2
0 30 2
34 65 2
4 107 1
43 109 2
0 37 2
7 89 2
8 71 2
67 118 2
68 129 2
42 124 2
1 140 1
19 60 2
35 43 2
18 28 2
6 65 2
40 94 2
65 129 2
5 26 2
0 120 1
18 80 2
55 94 2
18 87 2
24 112 1
17 93 2
22 129 1
67 101 1
61 86 2
31 146 1
34 72 2
53 154 1
59 87 2
20 88 2
0 7 2
63 153 2
57 67 2
10 42 2
8 27 2
0 77 2
35 76 2
5 72 2
0 22 2
77 148 2
8 65 2
54 75 2
4 106 1
0 4 2
59 81 2
20 79 2
27 88 2
46 52 2
29 34 2
39 64 2
38 99 2
20 109 1
95 138 1
29 57 2
42 126 2
9 49 2
3 28 2
77 112 1
19 74 2
67 95 2
64 85 2
91 121 2
20 147 1
65 104 1
14 65 2
17 110 1
17 79 2
12 73 2
2 12 2
44 72 2
42 53 2
3 19 2
32 128 1
5 75 2
61 81 2
43 83 2
28 110 2
25 85 2
87 149 2
33 80 2
7 32 2
59 121 1
52 89 2
87 90 2
11 93 2
4 87 2
24 159 2
76 112 1
23 68 2
48 91 2
16 159 1
23 105 1
10 30 2
47 92 2
32 51 2
45 58 2
49 102 1
27 126 2
79 153 1
93 154 1
75 143 1
30 137 1
0 108 2
84 98 2
73 84 2
49 89 2
64 80 2
49 146 1
10 136 2
38 48 2
84 97 2
10 108 1
45 144 2
23 84 2
23 151 2
70 140 1
44 84 2
19 44 2
9 35 2
24 86 2
83 102 1
52 91 2
54 85 2
65 126 1
85 114 2
22 89 2
53 86 2
25 83 2
4 77 2
56 113 1
94 104 1
86 121 1
53 82 2
13 89 2
32 96 2
22 35 2
29 116 1
30 49 2
2 40 2
46 78 2
14 151 1
76 148 1
55 78 2
29 147 1
80 134 1
93 145 1
26 48 2
11 36 2
90 93 2
3 59 2
20 64 2
60 131 1
89 120 1
40 50 2
66 67 2
38 94 2
5 117 1
3 136 2
40 55 2
39 62 2
47 86 2
71 133 2
38 42 2
73 146 2
83 134 1
21 149 1
68 145 2
16 46 2
15 57 2
9 38 2
80 83 2
34 93 2
53 55 2
29 142 1
23 137 1
71 76 2
19 38 2
94 135 1
59 64 2
10 61 2
38 52 2
3 145 2
38 55 2
6 73 2
35 51 2
37 150 1
16 115 2
46 60 2
3 154 2
31 96 1
31 100 2
39 154 2
11 152 2
79 159 1
5 139 1
34 39 2
88 115 1
16 93 2
26 56 2
29 95 2
52 71 2
20 153 1
11 149 1
52 99 1
48 69 2
18 88 2
87 150 1
67 77 2
75 88 2
75 148 1
27 69 2
36 67 2
38 49 2
20 63 2
76 92 2
20 29 2
23 24 2
14 73 2
5 81 2
32 92 2
9 145 1
13 17 2
22 73 2
62 85 2
95 135 1
9 61 2
38 70 2
69 80 2
14 129 1
46 92 2
20 117 2
68 100 1
30 96 1
46 100 1
23 94 2
56 124 1
91 107 2
1 34 2
32 60 2
5 128 2
57 89 2
20 156 1
23 143 2
79 83 2
58 126 1
72 135 2
2 109 1
60 125 2
58 78 2
18 68 2
87 123 1
73 150 2
12 154 2
72 129 1
46 90 2
25 43 2
59 137 1
21 146 2
7 47 2
0 106 1
15 61 2
12 35 2
24 42 2
10 27 2
89 140 2
47 75 2
14 84 2
10 60 2
42 91 2
38 157 1
35 79 2
28 125 1
75 118 2
29 33 2
92 135 1
7 118 1
53 117 1
16 40 2
47 116 1
22 31 2
31 72 2
64 152 2
26 34 2
33 60 2
65 111 1
70 133 1
15 107 2
20 149 2
27 46 2
26 47 2
0 71 2
5 101 2
69 139 2
79 115 1
45 62 2
12 57 2
18 121 2
19 36 2
46 47 2
14 118 1
31 114 2
60 112 1
20 21 2
15 53 2
45 70 2
51 130 1
1 21 2
86 157 1
9 13 2
4 101 1
31 88 2
81 82 2
84 90 2
52 60 2
76 133 2
53 62 2
55 158 2
77 136 1
51 76 2
43 92 2
55 125 1
83 112 1
22 80 2
7 54 2
35 113 1
3 126 1
20 96 1
40 116 2
73 142 1
19 92 2
8 10 2
94 124 1
88 104 2
28 46 2
24 108 2
21 105 1
51 136 1
43 127 1
51 77 2
24 125 1
13 56 2
82 91 2
12 148 1
84 158 1
10 107 1
7 130 2
32 83 2
13 51 2
63 66 2
46 118 1
12 77 2
19 30 2
37 133 1
49 86 2
2 70 2
62 127 1
30 79 2
65 145 1
24 89 2
44 158 1
47 119 1
82 104 1
44 150 1
7 149 2
29 150 1
4 67 2
0 152 2
92 126 1
23 122 1
59 126 1
5 149 2
0 126 1
35 49 2
27 149 1
14 131 1
64 86 2
73 135 1
48 147 1
3 72 2
25 52 2
8 64 2
30 74 2
0 54 2
9 98 1
44 62 2
61 95 2
22 25 2
69 120 2
75 84 2
31 102 2
45 76 2
60 97 1
18 43 2
78 97 1
36 71 2
24 49 2
14 112 2
14 77 2
3 32 2
40 104 2
68 155 1
43 81 2
15 90 2
21 131 1
20 33 2
51 75 2
82 106 1
25 114 2
6 32 2
65 87 2
15 87 2
36 40 2
62 84 2
61 106 1
47 81 2
7 39 2
19 80 2
38 154 1
11 135 1
55 108 1
3 92 2
58 105 2
16 17 2
12 78 2
11 56 2
68 138 2
27 64 2
73 159 1
83 110 2
75 77 2
74 95 2
80 128 2
19 22 2
39 156 2
48 135 1
18 44 2
60 100 1
78 80 2
36 139 1
30 31 2
13 137 1
38 76 2
21 23 2
36 79 2
71 130 1
16 146 1
48 145 2
19 122 1
36 51 2
42 48 2
29 65 2
85 115 2
2 72 2
16 29 2
25 63 2
24 40 2
62 82 2
15 145 1
35 102 2
8 138 1
17 75 2
40 73 2
14 61 2
59 129 1
11 90 2
25 54 2
18 78 2
35 124 1
89 132 1
17 145 2
3 123 1
62 112 2
36 121 2
74 118 1
23 75 2
87 112 1
37 92 2
10 87 2
5 140 1
15 144 1
25 31 2
16 79 2
38 56 2
32 109 1
3 82 2
4 110 1
66 120 1
2 50 2
84 107 2
13 120 1
34 154 2
53 108 1
9 74 2
40 115 2
26 126 2
13 44 2
57 82 2
44 154 2
61 78 2
55 59 2
60 83 2
35 59 2
48 74 2
13 113 1
11 12 2
1 33 2
86 149 1
64 78 2
80 105 1
9 109 1
83 87 2
4 16 2
25 51 2
27 105 2
9 60 2
8 150 1
1 39 2
37 114 1
85 100 2
42 128 1
23 126 2
64 105 2
25 67 2
89 107 2
69 152 1
17 39 2
60 95 2
47 109 2
17 50 2
33 48 2
53 99 1
8 74 2
83 111 1
2 89 2
46 156 1
62 103 1
60 68 2
5 84 2
47 98 1
70 98 2
44 53 2
30 109 1
36 90 2
32 99 1
30 130 1
1 137 1
46 79 2
58 73 2
85 101 1
52 78 2
8 24 2
2 68 2
12 150 1
63 151 2
23 41 2
41 118 2
68 86 2
53 65 2
39 104 1
84 95 2
8 53 2
76 105 1
36 54 2
40 79 2
26 96 1
24 144 1
25 140 1
78 137 1
78 95 2
95 106 1
14 55 2
1 89 2
23 45 2
21 55 2
70 104 2
41 91 2
26 68 2
59 78 2
40 42 2
80 149 1
39 150 1
5 7 2
26 120 1
15 30 2
74 108 2
64 84 2
95 96 1
9 52 2
23 87 2
65 92 2
36 91 2
64 115 1
56 72 2
20 47 2
55 60 2
27 55 2
87 93 2
61 120 1
7 132 2
31 64 2
56 94 2
6 36 2
2 115 1
61 75 2
73 79 2
32 108 1
89 114 1
60 84 2
46 146 1
19 26 2
62 87 2
27 124 2
32 67 2
79 89 2
40 68 2
4 52 2
18 97 1
12 46 2
78 155 1
29 37 2
13 35 2
62 89 2
11 25 2
13 14 2
88 94 2
73 115 1
29 62 2
67 73 2
1 8 2
52 59 2
74 152 1
29 83 2
19 123 2
48 83 2
22 93 2
59 107 1
95 156 1
3 90 2
13 127 1
79 111 1
5 50 2
11 87 2
19 146 1
20 82 2
42 110 2
28 89 2
36 85 2
15 26 2
0 87 2
5 64 2
58 136 2
14 137 1
49 144 1
24 68 2
13 92 2
41 107 1
80 153 1
21 88 2
90 119 1
4 22 2
74 151 2
59 73 2
54 78 2
58 150 2
41 61 2
17 97 2
13 133 1
4 49 2
34 92 2
62 88 2
26 130 1
17 78 2
49 70 2
70 146 2
1 108 1
69 124 1
52 85 2
25 35 2
32 115 2
71 150 1
3 33 2
43 114 2
5 100 1
90 96 1
72 141 1
53 59 2
73 114 2
5 135 2
62 158 1
61 146 1
67 122 2
70 151 1
65 110 1
19 56 2
44 145 2
19 42 2
2 6 2
10 40 2
56 66 2
42 71 2
43 51 2
67 82 2
18 95 2
29 111 1
41 134 2
53 133 1
25 158 2
58 135 1
1 15 2
62 92 2
14 34 2
37 40 2
82 150 1
43 80 2
38 45 2
35 61 2
53 125 1
1 111 2
87 135 1
79 86 2
45 82 2
1 9 2
87 88 2
93 112 1
78 100 1
30 75 2
67 123 1
39 157 2
8 67 2
0 69 2
8 45 2
65 148 1
58 68 2
8 84 2
61 125 1
13 159 2
8 108 2
22 40 2
33 124 1
92 93 2
87 131 1
30 57 2
26 38 2
83 131 1
17 34 2
7 74 2
55 63 2
23 91 2
29 76 2
94 138 2
27 72 2
32 123 1
79 141 1
12 31 2
76 87 2
29 84 2
83 138 1
37 75 2
15 108 1
34 135 1
32 135 1
3 80 2
28 61 2
21 72 2
51 124 1
51 78 2
78 92 2
55 89 2
29 66 2
45 147 1
55 97 1
88 137 1
84 131 1
53 83 2
43 72 2
4 128 1
67 156 1
3 38 2
52 100 1
27 40 2
0 20 2
87 114 2
3 106 1
45 156 1
70 94 2
16 57 2
12 74 2
70 127 1
33 155 1
13 42 2
35 53 2
93 103 1
33 144 1
50 85 2
40 130 2
72 85 2
42 142 2
63 159 1
1 90 2
2 32 2
17 72 2
9 153 2
9 50 2
9 47 2
40 136 2
21 151 1
8 52 2
73 138 1
1 101 1
77 93 2
86 123 1
6 95 2
41 71 2
0 28 2
95 119 1
56 91 2
44 52 2
62 78 2
63 94 2
17 86 2
48 136 1
73 143 1
48 129 1
91 112 2
4 76 2
0 142 1
68 77 2
13 36 2
33 129 1
69 155 1
53 85 2
20 86 2
6 101 1
36 78 2
92 159 2
12 61 2
67 130 1
14 72 2
87 142 1
67 90 2
9 75 2
77 92 2
15 95 2
0 89 2
5 82 2
20 120 1
13 68 2
15 20 2
52 134 1
2 39 2
39 133 1
90 106 1
5 34 2
54 135 1
37 102 1
11 40 2
65 112 1
28 49 2
70 153 1
92 152 2
22 81 2
30 88 2
52 63 2
32 150 1
45 71 2
13 71 2
25 136 1
10 56 2
2 43 2
20 31 2
70 77 2
90 94 2
12 72 2
10 139 1
57 85 2
54 57 2
19 133 1
15 76 2
28 98 1
6 21 2
2 14 2
5 87 2
38 82 2
5 113 2
24 130 1
83 118 1
49 92 2
28 60 2
21 148 2
17 30 2
78 108 2
49 90 2
12 20 2
44 66 2
32 65 2
27 135 1
34 145 1
71 148 1
23 93 2
3 84 2
77 80 2
5 15 2
86 136 1
77 152 1
31 108 1
42 87 2
20 69 2
1 76 2
26 129 1
5 158 1
37 148 2
79 84 2
40 154 1
22 88 2
40 111 1
38 43 2
35 58 2
79 126 1
21 82 2
60 120 2
79 94 2
52 76 2
41 122 2
43 147 2
31 139 2
24 116 1
35 41 2
82 113 1
45 51 2
31 127 1
35 142 2
19 154 2
57 81 2
2 93 2
32 56 2
33 34 2
69 95 2
44 120 1
82 112 1
57 155 1
83 107 1
82 117 1
75 108 2
64 92 2
16 154 2
44 86 2
42 122 1
15 48 2
78 110 1
21 37 2
37 157 1
14 148 1
41 57 2
74 136 1
78 87 2
21 61 2
58 120 2
55 67 2
45 57 2
6 66 2
86 152 1
67 74 2
24 97 2
56 117 2
60 155 1
54 143 1
34 77 2
57 120 1
59 117 1
90 117 1
60 65 2
13 95 2
54 102 1
17 133 1
72 118 2
63 68 2
46 149 1
36 126 1
70 73 2
1 80 2
5 9 2
32 157 1
49 81 2
85 98 2
75 144 2
27 87 2
68 115 1
75 135 1
63 86 2
18 19 2
85 97 1
84 147 1
65 133 1
23 50 2
46 94 2
19 53 2
31 56 2
69 127 1
53 73 2
0 79 2
58 97 2
24 92 2
66 158 2
55 66 2
43 132 1
64 103 1
8 146 1
16 30 2
5 106 1
52 66 2
12 90 2
63 91 2
37 53 2
85 120 1
41 117 2
41 75 2
37 76 2
34 60 2
76 142 1
59 69 2
15 54 2
84 119 1
13 72 2
61 73 2
6 54 2
52 140 1
93 149 2
42 85 2
84 145 1
91 155 1
70 134 1
51 116 1
76 139 2
63 143 1
58 107 1
70 88 2
42 93 2
11 60 2
19 66 2
24 87 2
49 54 2
39 145 2
33 42 2
24 28 2
21 51 2
54 125 1
21 118 1
68 103 2
25 37 2
20 121 1
75 106 2
0 98 1
52 119 1
50 95 2
10 38 2
44 116 1
86 145 2
18 67 2
11 94 2
30 136 2
7 80 2
14 128 2
62 124 2
9 44 2
1 24 2
87 145 1
46 125 2
58 137 2
19 71 2
70 84 2
9 94 2
70 97 1
38 136 2
41 116 1
23 25 2
64 82 2
20 62 2
16 51 2
74 129 2
63 93 2
81 89 2
17 109 1
51 88 2
37 93 2
45 91 2
6 46 2
40 78 2
64 104 1
48 111 1
34 36 2
81 127 1
1 10 2
10 82 2
68 71 2
9 70 2
36 60 2
9 10 2
66 95 2
92 122 2
89 126 1
31 71 2
55 118 1
2 123 2
57 68 2
55 123 1
9 90 2
93 109 1
89 95 2
60 157 1
8 39 2
9 54 2
40 49 2
47 67 2
11 23 2
54 62 2
53 151 2
45 78 2
37 113 1
29 87 2
75 98 2
3 143 1
15 100 1
5 115 1
89 99 1
83 92 2
40 95 2
9 51 2
84 148 1
51 95 2
15 127 1
22 24 2
34 147 2
29 42 2
18 151 2
19 85 2
94 142 1
73 120 1
82 84 2
51 115 1
58 96 1
12 91 2
12 98 2
85 139 1
53 84 2
64 139 1
95 124 2
63 116 1
46 115 1
80 103 1
63 157 2
55 79 2
56 123 1
58 67 2
49 61 2
6 27 2
77 98 2
32 58 2
80 85 2
35 157 2
51 66 2
26 45 2
29 67 2
30 150 1
51 96 2
32 79 2
64 133 2
37 66 2
6 83 2
27 133 2
79 154 1
35 158 2
39 79 2
57 61 2
14 46 2
26 58 2
7 51 2
73 152 2
66 124 1
6 86 2
65 101 1
54 86 2
17 21 2
1 88 2
51 71 2
27 91 2
84 139 1
75 123 1
69 79 2
0 34 2
21 120 1
21 91 2
17 59 2
0 66 2
2 95 2
71 95 2
55 98 1
81 125 1
27 68 2
24 127 1
57 122 2
56 129 1
37 89 2
44 93 2
1 125 2
79 100 2
54 93 2
6 55 2
50 150 1
54 103 1
86 120 1
9 25 2
42 99 1
87 115 1
57 104 2
73 104 1
26 145 2
57 154 2
51 142 2
88 90 2
4 141 1
17 95 2
15 79 2
44 143 1
30 56 2
38 114 1
30 71 2
55 93 2
5 62 2
0 131 1
80 117 2
11 131 1
45 72 2
61 76 2
58 80 2
10 121 1
71 154 1
63 85 2
12 123 2
47 53 2
58 62 2
46 57 2
29 64 2
1 158 1
39 69 2
13 15 2
26 105 1
41 54 2
33 64 2
1 120 1
57 150 1
4 90 2
88 155 1
19 106 2
11 61 2
47 121 2
78 149 1
45 47 2
3 45 2
24 104 1
4 57 2
50 66 2
32 88 2
53 71 2
45 141 1
41 70 2
21 75 2
16 50 2
24 114 1
70 123 2
24 135 1
43 128 1
32 36 2
80 91 2
82 119 1
18 70 2
24 55 2
48 110 1
30 80 2
7 151 2
36 153 2
95 110 2
33 111 1
3 105 1
60 143 1
15 59 2
21 59 2
24 76 2
5 111 1
2 94 2
34 148 1
82 157 2
20 155 1
59 145 2
57 159 1
28 39 2
46 70 2
73 77 2
44 70 2
58 114 1
50 135 1
22 140 2
2 85 2
24 100 2
49 77 2
84 144 1
56 97 1
47 74 2
22 28 2
61 152 1
33 76 2
16 110 1
39 105 1
26 30 2
6 104 2
52 130 1
91 113 1
27 85 2
7 16 2
24 54 2
61 77 2
2 44 2
29 143 1
55 157 1
25 77 2
37 63 2
27 137 1
11 43 2
17 54 2
14 25 2
55 110 1
86 140 1
85 141 1
6 33 2
3 49 2
60 61 2
2 134 1
66 139 2
41 66 2
70 135 1
8 132 1
49 145 1
5 99 2
2 62 2
10 12 2
73 74 2
20 133 1
6 138 1
72 120 2
9 92 2
91 127 2
60 127 2
63 136 2
53 91 2
2 133 1
49 107 1
92 149 2
92 151 2
66 70 2
23 34 2
75 95 2
15 103 1
95 111 1
15 118 1
83 132 2
74 87 2
10 75 2
85 104 1
27 32 2
54 58 2
33 136 1
78 109 2
12 129 2
34 35 2
20 44 2
65 68 2
33 49 2
34 142 2
35 54 2
33 92 2
47 155 2
56 151 2
38 113 1
64 98 1
24 61 2
49 159 1
41 149 1
54 130 1
34 48 2
29 53 2
76 155 1
90 127 1
9 85 2
33 120 1
42 95 2
23 154 1
35 97 1
41 108 1
48 100 2
86 113 1
12 100 2
63 76 2
75 97 1
14 94 2
26 65 2
6 97 2
78 113 1
28 32 2
53 88 2
26 51 2
25 116 1
45 113 1
49 52 2
31 89 2
19 65 2
54 64 2
75 105 2
63 70 2
11 33 2
39 68 2
22 30 2
84 102 2
59 92 2
24 44 2
74 155 2
22 142 2
22 23 2
47 146 1
7 55 2
31 158 1
11 65 2
21 29 2
15 47 2
29 106 1
56 125 1
36 58 2
35 151 1
87 95 2
57 98 1
0 32 2
26 77 2
32 125 2
59 119 1
13 147 1
8 61 2
82 90 2
7 111 2
61 144 1
16 49 2
18 76 2
39 127 1
19 104 2
22 34 2
27 122 2
56 95 2
25 87 2
84 86 2
30 50 2
52 98 1
54 63 2
44 59 2
13 125 2
6 18 2
28 68 2
30 95 2
34 112 1
35 69 2
9 63 2
65 155 1
14 92 2
75 93 2
73 95 2
19 70 2
12 84 2
27 58 2
88 120 2
27 107 1
72 152 1
33 132 2
57 140 1
24 93 2
0 53 2
94 95 2
3 43 2
10 69 2
22 145 2
58 66 2
22 85 2
61 93 2
50 120 1
17 55 2
70 89 2
83 136 1
48 68 2
3 64 2
82 147 2
50 63 2
76 151 2
33 119 1
43 48 2
12 56 2
71 153 2
20 100 2
0 29 2
26 37 2
50 132 1
91 120 1
0 82 2
19 117 1
46 48 2
34 139 1
49 150 1
46 95 2
39 149 1
81 144 1
24 58 2
31 32 2
47 88 2
61 126 1
37 64 2
73 87 2
7 108 1
30 64 2
11 78 2
0 146 1
35 80 2
37 151 2
28 72 2
5 154 2
40 43 2
53 72 2
1 57 2
72 111 1
25 55 2
52 101 2
17 121 1
23 88 2
87 101 1
38 111 1
44 68 2
18 49 2
18 72 2
42 67 2
64 77 2
64 141 2
79 129 1
24 38 2
12 149 1
66 92 2
35 46 2
37 65 2
25 125 2
11 107 1
88 129 2
83 126 1
14 40 2
8 33 2
31 129 2
20 105 1
82 105 1
18 39 2
86 91 2
23 65 2
47 69 2
37 51 2
14 101 1
2 148 2
47 154 2
37 44 2
40 57 2
8 63 2
8 75 2
16 52 2
55 62 2
25 153 1
38 81 2
54 132 1
93 95 2
94 96 1
78 91 2
26 44 2
58 60 2
69 75 2
92 133 2
36 137 1
23 136 1
48 155 1
16 75 2
42 73 2
78 111 2
88 116 1
62 116 1
73 136 2
40 124 1
55 90 2
23 52 2
53 140 2
86 87 2
16 125 2
17 18 2
0 95 2
37 140 1
34 128 2
88 152 1
29 31 2
23 82 2
8 154 1
7 33 2
37 111 1
47 97 1
77 131 2
38 141 1
23 76 2
62 77 2
44 99 1
26 92 2
81 115 1
58 59 2
39 147 2
71 111 1
32 33 2
24 36 2
12 53 2
9 141 1
9 65 2
59 140 1
38 115 1
77 87 2
18 31 2
51 63 2
6 15 2
87 125 2
34 94 2
19 87 2
31 39 2
25 104 1
36 56 2
39 77 2
83 95 2
8 129 2
75 99 2
22 77 2
3 39 2
55 156 2
54 159 2
57 80 2
51 64 2
39 146 2
10 70 2
55 155 1
28 105 1
78 93 2
0 124 1
13 24 2
60 138 1
69 102 1
71 85 2
27 75 2
59 144 1
86 89 2
26 27 2
86 95 2
39 58 2
0 8 2
14 142 1
15 88 2
11 157 2
3 54 2
69 88 2
5 18 2
95 145 1
36 108 1
7 10 2
55 57 2
45 142 1
87 156 1
12 24 2
19 51 2
53 93 2
3 85 2
40 103 2
21 36 2
9 23 2
19 110 2
60 63 2
81 128 2
48 65 2
30 34 2
53 79 2
9 108 2
61 109 1
5 123 1
52 155 1
90 153 1
50 103 2
62 114 1
46 89 2
74 120 1
32 93 2
26 35 2
67 110 2
11 45 2
30 41 2
9 33 2
11 119 1
46 106 2
91 118 1
62 135 1
51 137 1
56 130 1
47 122 1
6 7 2
39 118 1
21 68 2
59 100 1
59 113 2
65 90 2
18 33 2
51 139 1
15 44 2
89 94 2
55 80 2
47 85 2
80 100 2
91 149 2
35 70 2
37 83 2
52 159 2
17 25 2
94 117 2
45 101 2
48 72 2
77 84 2
77 81 2
25 44 2
58 144 1
16 42 2
10 15 2
71 86 2
4 157 1
15 16 2
22 57 2
47 77 2
30 53 2
16 157 1
19 34 2
64 112 1
62 75 2
47 48 2
14 108 2
13 41 2
44 98 2
22 71 2
7 156 1
11 16 2
35 52 2
37 101 1
16 137 1
20 140 1
30 156 1
85 108 1
62 152 2
38 104 1
7 46 2
26 63 2
42 83 2
20 136 2
77 90 2
71 108 2
28 137 1
21 142 1
16 101 1
27 92 2
51 101 2
7 11 2
40 127 1
32 39 2
1 31 2
15 123 1
62 67 2
0 24 2
58 63 2
9 62 2
0 101 1
10 97 2
70 96 1
10 24 2
13 43 2
48 138 1
35 89 2
10 72 2
88 99 2
2 35 2
14 80 2
30 46 2
93 129 2
79 119 1
25 56 2
15 38 2
28 29 2
67 115 1
19 153 1
17 65 2
56 60 2
0 109 2
15 97 2
78 124 1
74 115 1
55 121 1
72 119 1
37 128 1
13 130 1
37 50 2
75 136 1
5 38 2
19 159 1
12 135 2
32 73 2
1 79 2
4 149 1
24 102 1
17 36 2
41 46 2
15 29 2
14 126 1
46 72 2
30 32 2
7 9 2
35 138 1
40 108 2
11 27 2
38 39 2
3 133 1
58 119 1
19 48 2
92 139 2
61 94 2
90 154 2
10 11 2
1 52 2
67 112 1
11 101 2
5 120 1
62 125 1
46 99 1
33 72 2
10 131 1
30 139 1
4 14 2
62 63 2
16 92 2
85 92 2
18 128 2
28 143 2
51 87 2
1 134 2
13 151 1
10 114 1
79 144 1
7 8 2
39 61 2
49 98 1
28 33 2
16 140 2
72 88 2
14 74 2
75 79 2
77 89 2
38 158 1
55 68 2
43 86 2
24 137 2
72 127 1
60 144 2
33 55 2
48 106 1
79 155 1
26 28 2
34 150 2
60 80 2
91 156 1
0 158 1
30 99 1
84 93 2
86 90 2
41 138 2
34 54 2
70 126 1
10 149 1
61 97 1
39 113 1
27 56 2
20 70 2
81 101 1
66 87 2
48 82 2
10 46 2
50 152 1
19 100 1
21 126 2
34 84 2
39 49 2
23 101 1
29 118 1
37 52 2
16 74 2
53 139 1
56 81 2
55 137 2
10 34 2
41 79 2
27 29 2
9 22 2
46 104 2
7 35 2
75 81 2
71 149 1
4 114 1
48 102 1
23 44 2
82 102 1
2 100 2
90 132 1
36 80 2
27 73 2
82 148 1
66 89 2
15 134 1
11 147 1
32 89 2
55 91 2
45 114 1
7 18 2
49 124 1
45 159 1
64 130 1
41 69 2
8 66 2
80 90 2
33 114 2
23 106 1
11 69 2
4 95 2
54 157 2
31 104 2
5 45 2
4 70 2
47 79 2
59 150 2
35 132 1
55 130 2
37 87 2
49 139 1
24 41 2
51 131 2
88 119 2
2 16 2
88 153 1
47 124 1
80 155 1
65 70 2
31 118 1
20 36 2
73 106 2
47 71 2
10 101 2
88 141 1
23 119 1
5 24 2
30 61 2
66 132 1
89 142 2
82 151 1
26 107 1
15 60 2
42 79 2
50 60 2
8 142 1
41 53 2
2 112 1
13 40 2
2 33 2
34 59 2
33 88 2
13 102 1
18 152 1
18 137 1
75 90 2
14 102 2
92 157 1
22 151 1
6 31 2
2 49 2
38 40 2
42 134 2
92 94 2
80 145 1
27 82 2
22 53 2
12 64 2
51 58 2
63 69 2
51 146 1
44 56 2
2 64 2
92 116 1
43 71 2
77 121 1
36 81 2
31 53 2
5 126 2
90 131 1
90 114 1
70 122 2
74 132 1
20 102 1
62 117 1
54 90 2
4 28 2
20 113 1
21 100 1
26 101 1
2 98 1
65 102 1
69 85 2
39 143 1
5 114 1
66 130 1
4 83 2
9 99 2
45 74 2
12 81 2
38 60 2
89 139 1
2 8 2
22 41 2
52 84 2
3 116 2
12 140 2
21 27 2
7 75 2
20 25 2
11 100 1
16 149 1
66 151 2
66 75 2
81 113 2
9 42 2
61 127 1
20 45 2
53 111 1
2 157 2
61 157 1
71 103 1
39 153 2
1 23 2
9 56 2
42 152 2
44 135 2
0 43 2
34 82 2
45 136 1
13 16 2
64 66 2
53 159 1
79 137 1
35 121 1
6 25 2
11 118 1
23 28 2
51 99 1
77 134 1
83 99 2
59 132 2
41 43 2
14 100 2
19 24 2
70 139 1
11 130 1
2 78 2
51 121 1
17 87 2
68 125 2
75 127 1
8 77 2
74 131 2
17 111 1
7 143 1
16 94 2
15 89 2
4 136 1
84 126 1
20 22 2
23 90 2
12 151 1
37 146 1
1 71 2
70 120 2
2 149 2
7 110 1
31 122 1
43 103 1
36 93 2
38 46 2
19 120 1
90 97 1
77 137 1
1 3 2
46 75 2
16 44 2
26 78 2
21 117 1
7 19 2
80 119 2
7 44 2
84 91 2
62 132 1
80 126 2
37 72 2
12 158 2
72 93 2
6 12 2
16 61 2
55 74 2
18 134 1
7 30 2
11 37 2
1 91 2
94 148 2
41 59 2
56 78 2
2 104 2
33 66 2
0 39 2
64 71 2
73 76 2
33 54 2
54 84 2
33 46 2
32 55 2
7 69 2
1 139 2
4 97 1
52 122 1
8 30 2
41 85 2
44 48 2
66 84 2
50 147 1
57 148 2
51 143 1
87 94 2
37 58 2
20 30 2
8 85 2
2 28 2
22 92 2
87 140 2
21 132 1
29 121 1
60 71 2
81 143 2
4 109 1
59 95 2
46 97 1
22 45 2
42 49 2
20 67 2
23 27 2
73 103 2
67 88 2
4 140 1
76 153 1
3 30 2
50 79 2
4 17 2
89 125 1
17 67 2
53 115 1
34 121 2
63 146 1
9 39 2
48 67 2
59 68 2
9 14 2
46 147 1
55 120 1
51 123 1
35 147 2
15 78 2
19 59 2
8 17 2
45 115 1
40 120 1
71 121 1
8 99 1
37 59 2
34 98 2
34 42 2
82 116 1
21 41 2
47 50 2
60 105 1
15 74 2
31 116 2
34 95 2
54 107 2
26 79 2
69 90 2
31 149 1
42 119 1
54 113 1
17 104 2
26 72 2
71 77 2
74 126 1
61 154 2
5 19 2
39 65 2
68 72 2
21 90 2
39 47 2
60 86 2
93 100 2
43 89 2
39 138 2
51 73 2
12 137 2
67 142 1
62 141 1
49 66 2
49 108 1
21 81 2
61 70 2
89 143 1
40 52 2
14 83 2
24 153 1
47 125 1
54 156 2
54 140 2
22 58 2
9 106 1
9 120 1
53 102 1
61 142 2
7 77 2
30 148 1
77 94 2
31 111 2
27 39 2
8 73 2
55 65 2
56 108 2
83 94 2
10 96 1
17 92 2
39 84 2
10 80 2
32 120 1
20 68 2
39 50 2
23 148 2
38 124 1
49 114 2
9 131 1
16 27 2
57 119 1
68 111 2
64 147 1
35 156 2
52 56 2
9 95 2
14 113 1
24 25 2
1 70 2
18 36 2
42 109 2
48 114 1
68 70 2
21 64 2
71 75 2
5 142 1
4 40 2
32 70 2
15 66 2
76 156 2
26 42 2
7 137 2
22 67 2
47 73 2
7 38 2
72 139 1
26 61 2
64 95 2
86 93 2
0 19 2
79 124 2
25 159 2
83 84 2
58 118 1
39 148 1
16 107 1
28 92 2
89 129 1
37 43 2
76 81 2
47 56 2
56 83 2
9 41 2
16 54 2
71 117 2
11 109 2
7 94 2
21 40 2
16 153 2
15 111 1
33 158 1
10 79 2
73 122 1
40 114 2
88 91 2
22 49 2
30 58 2
27 44 2
7 152 1
21 128 1
42 157 1
50 72 2
54 105 1
45 123 2
21 125 2
33 89 2
0 150 2
31 92 2
30 107 1
63 158 1
52 65 2
1 44 2
40 137 1
5 79 2
8 72 2
16 90 2
41 64 2
25 94 2
30 111 1
79 135 1
79 121 1
3 9 2
94 118 1
62 65 2
43 153 2
3 124 2
25 107 1
12 80 2
31 98 1
71 110 1
41 141 1
7 15 2
84 99 1
36 55 2
10 95 2
49 138 1
2 27 2
59 143 1
2 9 2
52 125 2
60 140 1
20 52 2
57 139 1
49 74 2
29 85 2
35 99 2
50 77 2
33 145 1
62 83 2
31 123 1
60 72 2
57 64 2
33 138 1
7 119 1
10 141 2
32 74 2
52 151 1
40 65 2
39 120 1
23 29 2
23 53 2
65 81 2
29 46 2
92 155 1
10 49 2
87 126 1
62 140 1
45 152 1
67 91 2
17 130 1
25 138 1
7 49 2
43 53 2
9 127 2
20 75 2
67 100 1
82 131 1
92 100 1
38 100 2
40 144 1
59 62 2
6 41 2
56 84 2
35 40 2
16 89 2
78 158 1
68 137 1
17 20 2
26 113 1
39 90 2
45 145 1
60 87 2
38 122 1
66 121 1
12 33 2
5 54 2
54 111 1
75 78 2
42 63 2
78 83 2
77 97 1
13 81 2
46 69 2
88 107 1
12 28 2
13 90 2
3 71 2
59 109 1
92 96 1
57 74 2
55 122 1
77 95 2
56 92 2
30 125 1
5 16 2
26 102 2
3 31 2
46 91 2
41 125 1
18 34 2
15 91 2
16 31 2
6 87 2
37 70 2
20 49 2
47 107 1
25 76 2
21 123 2
13 18 2
39 67 2
29 90 2
60 74 2
34 55 2
11 57 2
7 24 2
27 125 1
60 159 1
0 84 2
63 92 2
23 37 2
48 117 2
28 123 2
21 38 2
76 137 2
89 102 2
73 133 2
16 53 2
12 119 2
27 147 1
20 135 1
43 95 2
60 150 2
62 151 1
28 155 1
49 65 2
43 137 1
81 84 2
48 54 2
4 86 2
7 50 2
50 80 2
6 122 2
7 81 2
10 132 2
46 85 2
28 133 2
73 145 1
14 39 2
8 134 1
74 83 2
81 87 2
77 115 1
2 60 2
48 134 1
18 65 2
18 112 1
91 126 2
38 97 2
33 105 1
35 36 2
37 118 2
40 63 2
67 159 1
15 138 1
19 116 1
75 141 2
5 89 2
10 13 2
1 95 2
10 39 2
46 98 1
75 128 1
34 61 2
73 121 1
67 107 2
78 81 2
42 56 2
29 152 1
37 86 2
12 15 2
33 133 1
71 158 1
87 119 2
77 143 2
20 142 1
57 72 2
12 34 2
18 102 2
62 98 2
17 35 2
25 40 2
36 77 2
65 103 2
2 88 2
70 152 1
95 153 1
40 117 1
35 130 2
79 113 1
14 57 2
65 66 2
64 87 2
11 88 2
1 129 2
13 49 2
88 136 2
10 81 2
27 127 1
80 135 2
61 74 2
80 92 2
62 118 1
54 65 2
57 109 2
26 139 2
48 85 2
4 85 2
20 48 2
0 59 2
17 74 2
7 64 2
38 85 2
1 84 2
31 60 2
57 94 2
8 88 2
33 98 1
6 26 2
22 148 2
54 70 2
19 47 2
29 61 2
46 113 1
4 43 2
59 106 2
22 27 2
74 144 2
52 82 2
54 92 2
36 132 1
30 55 2
47 61 2
24 154 2
0 16 2
25 147 1
12 101 1
57 117 1
84 109 1
16 60 2
42 94 2
5 76 2
51 153 2
55 134 1
23 59 2
54 97 1
49 127 1
47 78 2
43 75 2
56 75 2
33 35 2
28 52 2
61 101 1
75 132 2
13 65 2
23 108 1
9 30 2
53 61 2
69 108 1
19 134 1
56 85 2
1 6 2
82 135 1
8 153 1
26 156 1
0 67 2
57 141 2
27 117 1
34 75 2
23 80 2
75 87 2
9 147 2
8 47 2
94 141 1
56 122 1
5 141 1
27 30 2
31 46 2
50 76 2
25 148 2
10 102 1
19 135 2
80 88 2
79 117 2
8 159 1
2 31 2
8 54 2
43 84 2
67 114 1
27 80 2
47 147 1
4 88 2
81 91 2
45 139 2
44 96 2
15 126 1
13 79 2
5 130 1
25 39 2
31 79 2
83 130 2
1 28 2
91 143 1
40 74 2
16 120 1
68 117 1
12 118 1
54 146 1
27 63 2
14 119 1
9 34 2
22 48 2
57 95 2
16 82 2
19 28 2
32 45 2
33 153 2
8 140 1
55 69 2
11 92 2
4 122 2
86 92 2
70 148 1
66 101 1
25 111 2
41 114 1
66 72 2
18 20 2
46 96 1
48 62 2
66 156 1
76 93 2
17 141 1
6 140 2
4 146 1
65 85 2
32 158 1
39 95 2
8 124 1
56 115 2
31 131 2
72 92 2
45 108 1
65 159 1
95 131 2
50 131 1
26 137 1
55 116 1
11 49 2
76 138 1
48 79 2
63 64 2
14 17 2
12 25 2
15 37 2
0 26 2
9 67 2
21 113 1
21 52 2
10 17 2
52 115 1
81 92 2
20 35 2
67 86 2
9 110 1
49 83 2
75 134 1
22 95 2
30 119 2
85 133 1
23 54 2
48 125 1
78 107 1
33 151 1
26 73 2
4 37 2
7 48 2
42 77 2
63 78 2
42 66 2
8 55 2
58 122 1
95 143 2
6 23 2
65 124 2
33 37 2
38 69 2
53 95 2
20 40 2
57 137 1
72 94 2
44 87 2
38 86 2
16 73 2
79 130 1
64 108 1
34 47 2
29 86 2
2 34 2
39 71 2
67 81 2
79 104 1
4 39 2
4 82 1
60 75 1
65 132 2
53 92 1
69 77 1
74 82 1
21 26 1
4 29 1
39 51 1
0 50 1
1 117 2
