% n=70 p=33 d=0.33 p_blue=0.66
% k=0
1 15 2
19 49 1
2 35 2
4 25 1
4 64 1
1 23 2
7 43 2
1 35 1
0 7 2
2 63 2
2 30 2
20 26 1
10 51 1
3 5 2
7 61 1
0 41 2
18 67 2
20 67 2
6 14 2
16 18 2
6 20 2
18 64 2
7 10 2
10 41 2
17 32 2
5 12 2
4 43 2
9 51 2
9 19 2
3 12 2
6 69 2
10 69 1
18 23 2
19 42 2
7 27 1
8 31 2
5 8 2
17 22 2
18 61 1
15 18 2
6 32 2
2 12 2
12 13 2
2 14 2
1 12 2
19 32 2
0 15 2
2 58 2
22 55 2
23 34 2
13 19 2
5 38 2
13 52 2
1 54 1
0 16 2
21 31 2
0 10 2
3 11 2
3 18 2
13 18 2
7 9 2
4 60 2
10 11 2
6 13 2
15 38 1
7 50 1
2 67 2
8 53 2
4 20 2
5 22 2
0 13 2
7 16 2
10 13 2
2 18 2
8 11 2
1 42 2
12 37 1
1 31 2
8 16 2
20 51 1
9 20 2
15 20 2
0 36 2
1 66 1
18 24 1
4 23 2
10 20 2
11 31 1
14 15 2
2 19 2
1 11 2
1 16 2
13 58 2
16 46 2
12 55 2
5 64 2
13 28 2
0 11 2
13 22 2
3 10 2
3 20 2
3 16 2
12 16 2
1 6 2
22 45 2
0 4 2
21 49 1
9 29 2
18 19 2
6 9 2
9 13 2
8 28 2
8 10 2
21 46 2
12 61 2
2 4 2
10 16 2
14 43 2
7 20 2
6 10 2
3 19 2
13 40 1
9 25 2
4 21 2
1 27 2
2 6 2
4 18 2
2 22 2
3 49 1
14 44 1
12 54 2
3 24 1
19 66 2
5 36 2
18 21 2
16 41 2
18 46 2
12 51 2
10 12 2
9 63 2
7 15 2
11 63 2
21 53 1
3 60 1
16 54 2
3 36 2
7 21 2
23 24 2
7 11 2
11 29 2
7 12 2
7 39 2
13 14 2
12 29 2
15 29 2
1 39 2
23 30 1
3 34 2
16 21 2
2 17 2
1 14 2
3 14 2
5 13 2
15 16 2
8 23 2
0 42 1
11 16 2
2 47 1
1 48 1
6 39 1
3 63 2
7 8 2
17 37 2
7 13 2
13 27 1
4 24 2
3 53 2
12 27 2
5 14 2
1 10 2
0 9 2
6 15 2
12 25 2
4 67 1
13 16 2
7 59 2
9 16 2
22 39 1
9 23 2
3 8 2
8 56 2
3 9 2
7 53 2
4 39 2
22 29 1
22 31 2
23 64 2
10 21 2
18 43 2
6 16 2
11 69 1
18 37 1
14 22 2
9 57 2
0 54 2
15 31 2
9 49 2
3 6 2
0 18 2
3 23 2
0 12 2
22 51 1
2 20 2
5 49 2
21 42 2
22 33 1
5 54 2
11 15 2
3 42 1
1 7 2
4 6 2
13 26 2
14 55 2
12 57 2
8 55 2
7 19 2
16 34 2
6 21 2
13 48 2
17 61 2
22 63 2
2 38 2
5 18 2
17 63 1
15 65 1
2 3 2
0 6 2
11 45 2
10 25 2
19 68 2
16 39 2
3 17 2
1 52 2
0 28 1
17 21 2
14 64 2
14 21 2
9 10 2
2 13 2
18 20 2
13 59 1
21 22 2
21 38 1
3 35 2
16 52 1
10 64 2
21 47 2
8 15 2
3 69 2
7 38 2
5 7 2
8 18 2
7 37 1
7 23 2
5 17 2
14 23 2
22 61 2
13 61 2
1 2 2
1 37 1
14 19 2
15 61 2
1 55 2
14 16 2
15 19 2
9 44 1
3 57 2
0 20 2
5 20 2
1 13 2
4 19 2
5 11 2
22 44 2
3 13 2
12 17 2
4 40 2
7 17 2
0 1 2
8 46 2
13 69 2
4 57 2
16 42 2
3 21 2
20 25 2
22 49 1
21 68 1
12 56 2
21 39 2
6 17 2
3 22 2
11 65 2
12 15 2
1 21 2
16 61 2
12 14 2
17 46 2
16 31 2
2 8 2
12 59 2
22 23 2
11 48 2
4 17 2
1 17 2
2 15 2
15 53 1
6 51 1
2 36 2
8 38 2
13 17 2
12 18 2
15 27 2
4 35 2
23 39 2
9 21 2
12 19 2
20 32 2
19 23 2
9 50 1
3 15 2
2 10 2
20 61 1
0 2 2
11 20 2
10 53 2
7 36 1
17 58 2
23 32 2
19 21 2
23 47 2
13 30 2
8 37 2
20 44 1
11 13 2
20 28 1
22 24 1
10 19 2
1 8 2
12 41 1
7 26 1
2 44 2
10 42 1
6 30 2
20 21 2
6 19 2
17 18 2
18 41 2
11 42 2
11 23 2
11 18 2
15 22 2
9 15 2
16 32 1
15 52 2
20 50 2
17 52 1
8 9 2
14 18 2
2 55 2
15 63 2
4 8 2
9 18 2
17 38 1
14 33 2
10 61 1
12 46 2
20 64 2
2 33 2
20 49 2
22 69 2
0 14 2
3 7 2
8 57 2
6 31 2
7 41 1
6 8 2
9 65 2
13 57 1
5 19 2
1 46 2
19 22 2
13 45 2
14 68 1
0 23 2
5 23 2
21 54 2
11 39 2
20 69 2
11 17 2
20 52 1
4 5 2
8 41 2
7 18 2
4 15 2
18 54 2
16 17 2
21 60 2
19 27 2
14 32 2
11 56 2
10 23 2
1 3 2
3 50 2
12 23 2
17 20 2
17 35 2
0 3 2
17 60 2
11 66 1
9 68 2
14 49 1
16 43 1
23 29 1
5 67 1
4 63 2
19 28 2
5 28 2
14 20 2
13 15 2
12 21 2
13 23 2
9 28 2
2 42 2
8 32 2
17 19 2
10 15 2
8 19 2
7 49 2
20 39 1
11 14 2
5 29 2
4 10 2
4 14 2
1 22 2
18 32 2
8 61 1
17 45 2
21 45 1
17 42 2
11 67 1
6 44 2
0 5 2
10 60 2
8 13 2
3 4 2
5 35 2
12 43 2
0 63 2
22 37 1
2 68 1
6 7 2
5 41 2
2 37 1
12 32 2
10 56 1
9 62 2
22 46 2
23 49 2
21 24 2
18 44 2
10 17 2
14 46 1
20 43 2
22 27 1
8 12 2
21 57 2
15 67 2
8 21 2
14 52 2
23 42 2
4 11 2
1 62 1
4 13 2
1 67 1
11 21 2
18 48 2
23 38 2
12 26 2
11 64 1
16 65 2
11 19 2
17 62 2
0 19 2
5 56 2
9 38 2
11 43 1
8 27 1
4 34 2
17 23 2
16 66 2
6 22 2
6 18 2
10 18 2
0 22 2
5 69 1
11 26 2
7 14 2
7 57 1
23 53 1
10 63 2
4 33 2
1 33 2
16 57 2
21 23 2
23 25 2
6 12 2
0 31 2
19 20 2
15 21 2
7 47 1
3 54 1
19 64 1
10 14 2
16 58 1
9 12 2
4 31 2
0 26 2
14 17 2
21 66 2
11 51 2
20 23 2
5 10 2
18 45 2
6 43 2
16 22 2
5 45 1
15 17 2
22 26 1
11 54 1
13 21 2
2 26 1
17 43 1
0 21 2
12 22 2
2 21 2
8 49 2
10 22 2
8 58 1
3 51 2
12 28 1
9 66 1
7 31 2
11 22 2
3 59 1
6 45 2
8 22 2
6 55 2
15 49 2
13 20 2
8 17 2
16 55 2
7 62 2
16 20 2
8 45 1
1 20 2
8 14 2
2 16 2
20 22 2
9 22 2
1 5 2
2 23 2
4 16 2
12 20 2
1 9 2
3 30 2
5 31 1
7 22 2
5 21 2
11 34 2
10 29 2
2 7 2
23 61 2
16 38 1
9 17 2
2 9 2
19 46 2
4 22 2
8 40 2
6 23 2
23 59 2
2 5 2
18 22 2
4 9 2
13 37 2
19 54 1
5 9 2
11 12 2
1 18 2
16 23 2
0 17 2
23 66 1
18 57 2
3 44 2
0 8 2
6 11 2
2 11 1
23 31 2
18 34 1
35 55 1
17 34 2
5 15 1
9 11 1
4 12 1
14 35 1
11 55 2
5 16 1
19 25 1
8 20 1
1 49 1
1 4 1
23 35 1
21 32 2
7 55 2
9 14 1
31 35 2
17 26 2
22 67 1
5 6 1
