% n=80 p=33 d=0.66 p_blue=0.33
% k=0
26 64 1
22 39 2
17 18 2
3 59 2
16 77 2
22 30 1
1 8 2
5 56 2
13 72 1
25 48 2
18 21 2
6 58 1
1 25 2
10 16 2
21 29 2
9 68 2
19 46 1
19 66 1
7 46 2
0 73 1
19 77 2
5 30 1
21 42 1
16 69 2
23 63 2
5 11 2
20 56 1
15 25 2
17 21 2
9 62 1
5 60 2
10 21 2
1 36 1
9 31 1
8 20 2
23 62 2
21 32 1
2 4 2
24 35 1
4 45 1
16 65 2
0 76 2
18 34 1
24 34 2
13 75 1
9 24 2
16 19 2
18 78 1
4 31 1
17 67 1
20 26 2
22 35 1
15 69 2
4 30 1
24 29 2
7 15 2
18 64 2
23 42 2
26 75 2
8 26 2
16 18 2
0 19 2
3 23 2
19 22 2
8 51 1
5 65 1
26 72 1
16 31 2
5 14 2
25 79 1
6 63 2
8 62 2
6 50 2
13 23 2
15 61 1
4 22 2
2 79 1
20 68 1
16 30 2
5 57 1
6 23 2
24 44 1
8 56 1
24 66 2
22 74 1
4 49 1
20 60 2
21 34 1
18 79 1
2 14 2
18 26 2
11 31 2
7 22 2
3 14 2
5 23 2
25 46 2
0 47 2
1 22 2
11 71 1
3 73 2
20 51 1
4 35 1
7 24 2
2 78 1
11 67 1
7 44 2
18 24 2
6 19 2
4 15 2
1 29 1
3 11 2
8 24 2
21 70 1
15 76 1
5 19 2
15 16 2
2 26 2
6 47 2
21 33 2
14 26 2
18 56 1
6 13 2
6 46 1
23 74 2
5 46 2
4 19 2
10 35 1
22 65 2
4 11 2
11 73 1
0 25 2
18 39 1
26 70 1
0 18 2
2 46 1
7 55 1
14 70 1
2 76 1
13 52 2
4 20 2
11 57 1
24 52 2
8 44 1
7 53 2
9 78 1
8 47 2
26 37 2
5 75 1
25 71 1
26 36 2
16 35 1
10 32 1
9 16 2
21 44 1
21 54 1
11 18 2
20 21 2
5 21 2
22 32 1
15 77 1
26 27 2
4 79 1
7 36 1
12 55 1
6 79 1
9 17 2
22 38 1
9 43 2
24 53 1
19 28 1
26 51 1
26 74 1
22 79 1
16 37 1
16 50 2
4 50 1
0 2 2
14 29 1
21 60 1
19 67 2
5 52 1
10 70 1
7 67 2
9 20 2
5 25 2
9 50 1
22 58 1
10 23 2
5 33 2
7 29 1
18 49 2
0 29 2
24 54 2
22 66 1
20 57 1
23 65 1
21 55 1
11 55 1
6 15 2
1 70 1
3 10 2
11 47 1
1 37 1
25 65 1
4 25 2
3 32 1
23 30 2
19 62 1
16 63 1
14 50 1
7 76 2
6 26 2
4 8 2
13 31 1
3 21 2
18 71 1
23 61 2
24 77 1
15 17 2
6 41 1
9 58 1
3 76 1
20 22 2
7 8 2
18 66 2
9 64 1
3 37 1
19 64 2
0 22 2
7 69 1
5 13 2
8 55 1
19 78 1
8 67 1
0 11 2
9 18 2
21 74 1
14 31 1
0 37 1
1 58 1
26 54 1
2 16 2
14 42 1
23 33 2
7 54 1
20 50 1
10 11 2
12 78 1
22 45 2
22 25 2
21 43 1
22 28 2
3 34 2
12 13 2
14 34 1
19 35 1
12 22 2
12 17 2
24 70 1
11 23 2
24 67 1
9 76 1
14 59 2
15 55 1
20 53 1
16 71 2
5 55 1
11 76 2
5 48 1
25 41 2
2 38 1
11 53 1
4 55 1
20 35 1
8 65 1
20 54 1
18 31 1
19 79 1
8 38 2
13 65 2
14 45 1
25 42 1
0 14 2
4 21 2
8 22 2
0 17 2
0 64 1
8 25 2
19 23 2
25 32 1
22 23 2
6 45 2
26 40 2
16 67 1
7 66 1
8 23 2
8 39 1
9 14 2
18 60 1
0 61 1
6 44 1
15 22 2
26 78 2
23 25 2
3 58 2
12 47 1
12 26 2
6 62 1
6 71 2
15 24 2
13 35 1
13 40 2
20 37 1
14 25 2
0 69 2
9 38 1
15 36 1
26 39 1
3 74 1
18 25 2
7 61 2
23 24 2
5 45 1
1 9 2
6 12 2
6 24 2
7 57 1
14 41 1
14 64 1
2 58 1
9 42 2
16 43 1
17 41 1
13 39 1
16 51 1
22 72 2
15 21 2
5 22 2
14 18 2
2 22 2
7 41 1
4 14 2
0 59 2
17 32 1
18 65 1
4 65 2
4 17 2
17 37 2
9 28 1
13 53 1
23 79 1
13 43 1
7 14 2
18 68 1
5 47 1
3 42 2
6 9 2
17 26 2
2 5 2
22 57 1
6 74 1
3 15 2
16 23 2
11 42 1
16 48 1
14 55 2
20 79 1
16 45 1
19 29 2
18 62 2
22 51 1
1 34 1
6 65 1
10 25 2
23 46 1
0 72 1
25 78 1
9 47 2
24 71 2
6 78 1
3 75 1
9 60 1
9 69 1
21 78 1
1 35 2
12 16 2
10 31 2
18 40 1
15 40 1
23 31 2
3 18 2
16 57 2
10 79 2
9 11 2
21 25 2
24 75 2
12 59 2
8 14 2
8 43 1
2 36 1
23 73 1
1 5 2
0 48 2
0 5 2
13 59 1
21 76 1
1 3 2
20 75 2
1 52 2
13 77 1
25 51 1
4 28 2
10 15 2
5 15 2
7 35 2
19 25 2
12 27 1
13 16 2
18 20 2
0 51 2
7 39 1
19 20 2
21 79 1
4 18 2
16 25 2
26 77 1
0 6 2
18 44 2
3 22 2
7 19 2
5 77 1
21 63 2
1 2 2
11 79 1
12 33 2
5 27 1
16 36 1
0 35 1
2 28 2
3 8 2
12 53 1
0 4 2
13 22 2
24 69 1
4 41 2
12 76 2
7 21 2
15 60 2
0 62 1
3 50 1
6 68 1
1 26 2
1 13 2
5 51 2
19 60 1
8 18 2
20 44 2
25 53 2
14 79 1
18 35 2
5 28 1
13 38 2
10 54 1
3 7 2
15 30 1
19 31 1
22 54 1
22 31 1
10 30 1
19 24 2
5 7 2
17 63 1
6 72 1
0 1 2
25 34 2
22 26 2
3 9 2
17 44 1
4 69 1
6 76 1
16 32 1
24 46 1
11 52 1
17 35 2
26 73 2
11 43 1
14 21 2
21 48 2
14 77 1
21 69 2
5 20 2
25 26 2
17 38 1
15 74 2
1 23 2
5 26 2
17 74 1
18 43 2
11 59 2
15 52 2
6 43 1
3 78 1
9 65 1
20 74 1
5 37 1
23 45 2
13 57 1
8 52 2
18 33 2
11 34 1
26 42 2
6 10 2
6 30 2
24 61 1
20 62 2
1 4 2
13 14 2
11 46 1
3 67 1
15 56 2
1 45 1
1 69 1
4 38 2
6 57 1
3 57 1
16 26 2
15 20 2
13 34 1
10 36 1
3 4 2
7 33 1
11 24 2
4 24 2
15 64 2
10 64 1
21 35 1
0 70 1
17 61 1
21 67 1
18 29 1
2 21 2
1 48 1
5 68 1
15 66 1
18 37 2
20 55 2
12 21 2
26 33 2
9 55 1
12 23 2
17 54 1
1 60 2
7 64 1
7 40 2
14 58 1
14 43 1
10 28 1
0 34 1
5 32 2
13 32 2
11 14 2
18 70 1
26 43 1
10 46 1
11 68 1
18 42 2
18 22 2
21 57 1
11 39 1
17 65 1
25 37 2
19 40 2
16 79 2
20 28 1
5 69 1
21 66 1
2 6 2
2 29 1
13 29 1
6 33 1
12 63 2
6 69 1
1 32 2
24 65 1
25 35 1
1 14 2
6 75 1
15 41 2
8 28 1
24 68 1
20 59 1
12 29 1
3 56 1
4 16 2
7 38 1
12 57 1
2 63 1
25 75 1
11 36 1
7 70 2
6 7 2
11 16 2
18 30 1
25 39 1
8 21 2
25 50 1
11 77 2
1 50 1
18 72 1
4 71 2
17 55 1
18 19 2
1 10 2
18 51 1
25 44 2
3 24 2
17 69 2
2 65 1
6 8 2
15 57 1
6 37 1
3 53 1
1 56 2
24 49 1
6 22 2
22 76 1
17 71 1
15 38 1
20 34 1
9 13 2
5 36 1
24 36 1
9 39 1
11 25 2
21 47 2
20 72 1
5 16 2
10 58 2
15 43 1
14 65 1
13 26 2
3 48 1
22 73 1
7 58 1
22 52 1
10 34 2
7 75 1
10 20 2
14 36 2
10 65 2
1 59 2
3 36 2
13 37 2
0 77 1
10 33 1
5 64 1
5 71 1
10 50 1
11 27 1
10 38 2
3 19 2
12 18 2
7 9 2
12 20 2
14 17 2
5 40 1
9 57 2
24 64 1
8 50 1
1 11 2
20 52 1
21 75 1
22 29 1
1 12 2
14 24 2
19 74 1
23 69 1
24 40 2
7 34 2
6 32 2
24 39 1
0 21 2
24 63 1
16 28 1
0 24 2
20 30 2
17 77 2
24 25 2
16 29 1
9 41 2
0 16 2
19 72 2
3 12 2
8 41 1
10 63 1
14 74 2
9 44 2
3 17 2
26 41 2
7 20 2
4 56 2
12 42 1
9 12 2
8 53 1
4 61 1
13 21 2
3 55 2
0 44 1
1 42 1
10 49 1
7 78 1
21 62 1
12 41 1
20 25 2
4 60 1
22 27 1
16 78 2
17 60 1
13 71 1
17 33 1
2 70 1
11 69 2
11 33 2
8 16 2
0 45 2
10 52 1
23 27 1
4 12 2
2 25 2
1 24 2
25 55 1
5 67 1
19 26 2
14 78 1
21 65 1
7 25 2
25 72 1
4 5 2
9 32 2
17 43 2
19 65 2
17 20 2
15 19 2
6 21 2
0 46 1
10 59 1
10 12 2
15 29 1
7 79 1
14 47 1
2 11 2
19 41 1
10 57 1
16 60 1
5 6 2
3 13 2
20 48 1
3 40 2
9 52 1
13 33 2
14 72 1
10 75 2
23 58 1
3 43 1
26 32 1
7 10 2
18 76 2
23 44 2
15 70 1
15 78 1
1 18 2
18 27 1
3 62 1
5 74 1
12 24 2
2 56 1
25 57 1
11 38 1
9 72 2
16 73 1
22 49 2
9 46 1
24 43 1
10 19 2
6 20 2
17 25 2
7 23 2
6 27 2
8 68 2
21 40 2
0 13 2
17 62 2
23 75 1
10 14 2
19 50 2
2 54 2
18 50 1
11 54 1
4 48 1
26 30 2
23 56 1
13 41 1
22 78 1
19 75 2
13 76 1
14 16 2
14 19 2
13 64 1
23 53 2
7 18 2
14 15 2
8 48 1
2 67 2
20 39 2
12 38 1
8 32 2
13 28 1
8 31 1
20 32 1
12 64 1
19 48 1
1 16 2
11 19 2
5 8 2
16 20 2
15 54 1
1 75 1
4 13 2
22 67 2
13 15 2
4 47 1
13 73 2
24 76 1
22 36 1
4 40 2
10 13 2
13 78 1
7 71 2
16 75 1
11 72 1
24 55 1
10 39 2
24 27 1
6 17 2
7 17 2
24 30 2
0 23 2
19 39 1
6 61 1
16 24 2
18 73 1
17 78 1
0 9 2
16 22 2
14 23 2
24 60 1
16 44 2
10 67 2
11 12 2
8 60 1
23 76 1
2 18 2
22 69 1
16 41 1
17 70 1
3 47 1
16 21 2
21 72 2
10 37 1
23 64 1
25 45 2
2 51 1
14 38 1
18 45 1
3 6 2
13 44 1
16 42 2
15 79 2
4 59 1
2 15 2
12 79 1
20 41 1
23 38 1
10 51 2
1 57 1
19 21 2
22 37 1
3 20 2
21 68 1
16 17 2
0 31 2
2 71 2
20 38 1
23 43 2
23 28 1
15 34 2
5 50 1
2 24 2
23 60 1
19 52 2
15 18 2
6 49 1
4 74 2
2 9 2
21 61 2
11 40 2
17 46 1
26 60 1
21 24 2
4 36 1
5 43 1
22 70 1
12 51 2
1 31 1
21 36 1
8 13 2
9 73 1
4 27 2
13 24 2
25 56 2
4 6 2
1 6 2
9 26 2
13 67 2
24 28 1
9 49 2
8 66 1
13 58 1
5 44 2
13 74 2
17 48 1
9 25 2
6 48 1
8 33 2
6 28 1
11 49 2
7 43 1
8 17 2
8 37 2
17 56 1
4 53 1
9 37 1
4 39 1
22 71 1
20 58 1
18 32 1
15 72 1
10 29 2
26 58 2
12 39 2
19 30 2
26 35 1
20 64 1
10 41 1
25 28 1
3 25 2
20 78 1
6 59 1
0 20 2
26 50 2
2 69 1
12 58 1
16 52 1
23 26 2
26 46 2
4 26 2
9 40 1
3 79 2
3 65 2
12 74 2
14 37 2
26 55 2
13 30 1
12 40 2
2 66 1
1 65 2
2 23 2
18 48 1
21 23 2
4 10 2
6 66 1
7 59 1
13 79 1
22 64 2
12 43 1
0 10 2
5 12 2
0 8 2
5 9 2
11 26 2
26 69 2
22 43 1
4 9 2
6 31 1
9 15 2
8 10 2
19 59 2
15 50 2
17 28 2
21 64 1
23 48 2
13 36 2
17 76 2
17 64 1
14 60 2
20 43 2
20 40 1
2 60 1
5 78 1
20 46 1
1 77 2
8 40 2
17 51 2
3 68 1
26 61 2
26 48 2
25 76 2
2 44 1
7 63 1
9 22 2
4 33 1
4 58 1
17 66 1
10 24 2
1 43 2
3 39 1
11 21 2
1 17 2
10 26 2
10 78 1
25 62 1
10 66 1
4 52 1
10 17 2
15 44 1
15 48 2
18 46 1
18 61 1
3 30 1
12 15 2
25 63 2
24 32 1
20 24 2
3 70 1
2 3 2
24 38 1
10 43 2
1 67 1
16 62 1
5 58 1
13 70 1
17 40 1
13 56 1
20 49 1
7 42 1
17 42 1
1 53 1
14 22 2
14 75 1
18 23 2
4 54 1
3 51 1
0 7 2
9 67 1
2 7 2
8 54 2
4 67 2
15 23 2
25 70 1
10 27 1
1 38 1
21 77 1
24 58 1
1 44 2
7 11 2
14 52 2
0 57 1
19 55 1
14 30 1
9 21 2
6 11 2
2 19 2
2 55 1
16 70 1
24 45 1
15 26 2
7 26 2
3 64 1
12 37 1
21 22 2
5 17 2
25 60 1
3 5 2
12 52 1
9 34 1
1 39 2
7 16 2
0 71 1
0 78 1
16 61 2
11 13 2
18 74 2
9 29 2
11 65 2
20 70 1
3 28 1
4 7 2
16 49 2
15 39 2
23 78 1
13 49 1
25 61 2
10 73 2
21 28 2
2 17 2
19 51 2
23 40 2
5 42 1
8 78 1
22 75 1
1 41 1
1 20 2
11 50 2
5 66 1
3 46 2
14 35 1
26 65 1
1 49 1
19 71 1
15 75 1
1 62 2
2 48 1
16 66 1
10 77 1
10 72 1
7 60 1
4 77 2
2 8 2
0 60 2
9 30 1
21 49 1
26 52 2
13 19 2
2 13 2
0 12 2
6 53 1
0 15 2
17 19 2
0 56 2
26 63 1
10 22 2
24 37 2
13 54 1
5 18 2
7 12 2
0 42 1
21 45 1
6 73 1
4 34 1
6 52 1
17 22 2
14 66 1
8 9 2
12 48 1
4 73 1
9 10 2
19 68 1
1 21 2
15 42 1
2 68 1
19 57 1
4 43 1
16 33 1
9 23 2
1 19 2
12 19 2
6 64 1
4 64 2
14 57 1
11 15 2
4 23 2
13 66 2
20 23 2
25 73 1
22 53 1
1 15 2
22 77 1
3 41 1
22 46 1
22 60 1
2 10 2
11 37 2
1 54 1
18 63 1
7 50 2
13 62 1
0 50 1
21 51 2
20 33 2
14 33 2
17 23 2
15 68 1
5 24 2
2 50 1
25 77 1
15 33 2
5 54 2
24 62 1
6 18 2
10 48 2
0 26 2
4 46 1
8 79 1
15 46 2
10 47 1
12 71 1
0 3 2
11 22 2
0 66 1
1 74 1
17 24 2
3 16 2
23 50 2
24 50 1
20 61 2
14 54 1
6 16 2
16 74 1
11 32 2
11 74 1
13 18 2
1 71 2
12 44 1
20 76 1
9 19 2
26 34 2
5 31 1
8 64 1
7 13 2
10 68 1
13 17 2
10 18 2
5 35 1
7 37 1
10 53 1
25 49 1
3 26 2
11 20 2
4 51 2
22 50 1
8 11 2
26 67 1
24 26 2
11 60 1
0 36 1
8 19 2
24 72 1
9 53 1
13 25 2
18 47 1
3 29 1
12 14 2
26 38 2
16 56 2
8 15 2
25 66 1
13 55 1
22 56 2
14 20 1
22 59 2
46 63 1
49 63 1
2 20 1
2 12 1
48 59 2
16 68 1
24 73 2
35 39 2
20 31 2
0 58 1
11 17 1
13 45 1
16 39 1
13 63 2
58 63 2
13 20 1
2 27 2
22 63 1
21 26 1
