% n=30 p=33 d=0.33 p_blue=0.33
% k=0
2 20 2
1 4 2
2 28 1
2 8 2
2 26 1
1 6 2
3 21 1
5 23 1
0 22 1
8 24 1
3 26 2
5 8 2
7 25 1
0 13 2
6 8 2
1 26 2
1 16 1
5 24 1
3 9 2
3 23 1
6 7 2
2 19 1
9 15 1
4 10 1
6 17 1
2 3 2
0 2 2
2 16 1
3 8 2
0 14 1
1 19 2
0 7 2
9 13 1
4 11 2
9 16 2
5 27 1
2 10 2
3 13 1
2 6 2
4 7 2
4 6 2
1 8 2
1 28 1
3 19 1
2 5 2
0 28 1
3 7 2
6 11 1
5 9 2
0 1 2
2 23 1
1 20 1
7 27 2
3 12 1
6 24 1
7 24 1
7 20 2
4 9 2
1 3 2
5 15 2
0 6 2
0 12 1
6 9 2
8 27 1
9 12 1
3 27 1
8 28 1
7 9 2
7 10 2
4 8 2
6 16 2
5 10 1
5 6 2
4 28 2
0 15 1
9 11 1
0 4 1
9 18 2
22 25 2
1 18 1
4 25 2
5 29 2
0 8 1
1 22 1
9 25 2
0 23 1
18 21 1
9 29 2
0 9 1
7 22 1
8 29 2
7 18 2
2 18 1
7 21 1
2 29 2
0 3 1
25 29 2
20 29 1
0 5 1
3 29 1
2 7 1
0 29 2
2 4 1
3 6 1
20 23 1
18 25 1
4 20 1
18 23 1
9 21 2
5 20 1
6 23 1
8 18 2
5 7 2
8 23 1
9 20 2
1 25 1
2 9 1
4 5 1
8 9 1
1 7 1
