% n=120 p=33 d=0.33 p_blue=0.33
% k=0
34 112 1
2 30 2
1 7 2
14 105 1
17 105 1
1 35 2
30 77 1
31 59 2
31 86 1
23 29 2
11 35 2
4 25 2
7 96 1
0 7 2
21 91 1
11 66 1
26 55 1
19 30 2
4 93 1
12 33 2
27 84 1
7 11 2
26 41 1
17 27 2
3 19 2
6 25 2
31 102 2
39 71 2
33 107 2
23 31 2
33 36 2
31 60 1
17 38 2
27 109 2
17 39 2
16 44 2
27 30 2
35 75 1
17 34 2
26 86 1
16 104 1
32 58 1
39 106 1
28 75 2
25 85 1
12 76 1
26 105 1
11 41 1
23 89 1
0 96 2
30 32 2
7 112 1
24 39 2
0 80 1
3 15 2
13 92 1
2 57 1
25 49 1
3 107 2
19 45 1
16 109 1
7 79 2
19 103 1
5 65 1
11 33 2
25 29 2
21 54 1
5 28 2
32 53 1
1 43 1
27 36 2
18 48 2
4 73 2
0 14 2
16 112 1
8 35 2
12 37 2
3 17 2
1 18 2
8 29 2
8 55 1
0 34 2
35 62 1
3 38 2
23 62 2
32 59 1
6 86 2
8 20 2
1 27 2
22 51 2
16 20 2
23 76 2
35 110 2
10 100 1
37 74 2
30 65 2
1 41 2
19 97 2
20 89 2
27 104 1
28 29 2
7 17 2
23 104 1
5 53 1
15 65 2
18 110 2
36 91 1
31 61 1
7 67 1
15 93 1
29 78 2
6 37 2
9 24 2
16 39 2
29 70 1
19 68 1
20 71 1
0 37 2
17 28 2
34 64 1
15 19 2
35 36 2
25 45 1
3 11 2
21 33 2
9 34 2
39 63 1
35 100 1
2 85 1
37 75 2
33 79 1
24 34 2
18 58 1
19 38 2
3 8 2
12 70 1
11 71 1
19 22 2
21 34 2
21 64 1
2 91 1
7 22 2
4 17 2
10 11 2
21 36 2
31 87 2
4 92 1
15 78 1
7 32 2
33 87 2
14 107 1
15 21 2
4 44 2
1 21 2
0 10 2
2 66 1
11 114 1
15 70 1
9 74 2
10 97 1
7 44 2
27 45 2
27 79 2
7 98 2
21 22 2
28 83 1
25 31 2
29 43 1
15 79 1
17 32 2
38 99 1
8 38 2
30 34 2
5 35 2
19 35 2
27 31 2
38 64 2
2 25 2
23 98 1
4 21 2
25 36 2
8 34 2
5 93 1
36 118 1
36 37 2
14 34 2
6 11 2
31 37 2
31 50 1
26 117 2
34 53 2
5 16 2
8 13 2
26 93 2
35 64 1
11 44 1
6 13 2
13 57 1
10 33 2
35 119 2
30 103 1
11 81 2
7 16 2
19 92 1
2 9 2
8 46 1
4 63 1
8 62 2
3 86 2
17 21 2
11 19 2
19 32 2
6 38 2
32 71 1
15 69 2
15 71 1
23 95 1
36 88 1
5 15 2
18 107 1
31 39 2
12 69 1
5 88 1
5 13 2
22 60 1
23 117 2
26 31 2
4 18 2
18 90 2
2 11 2
36 108 2
17 104 2
5 64 1
12 83 1
14 20 2
32 39 2
16 38 2
8 57 1
20 22 2
20 46 2
7 60 1
38 71 1
23 30 2
9 35 2
2 7 2
27 85 1
33 114 2
25 30 2
39 54 2
37 116 2
29 106 1
2 22 2
29 51 1
20 33 2
24 95 1
30 40 1
14 28 2
13 63 1
27 47 1
28 40 1
30 119 1
39 102 2
11 31 2
3 57 1
33 100 1
10 38 2
35 58 2
1 112 2
30 49 2
9 12 2
6 57 1
24 52 1
36 115 2
3 33 2
8 11 2
29 30 2
34 87 1
9 27 2
3 71 1
21 119 1
3 37 2
19 107 1
23 107 2
0 15 2
14 88 2
11 60 1
9 104 1
20 85 1
19 78 2
0 32 2
2 26 2
9 92 2
14 63 2
7 56 1
19 40 1
35 44 1
2 54 2
16 19 2
17 33 2
35 118 1
4 11 2
32 80 1
36 77 1
20 109 1
6 35 2
19 24 2
22 34 2
17 36 2
9 31 2
34 39 2
7 33 2
9 68 1
15 20 2
9 21 2
2 6 2
10 22 2
19 79 2
2 31 2
9 111 1
37 44 1
2 23 2
7 23 2
19 33 2
0 38 2
18 102 2
2 41 1
4 26 2
9 22 2
19 42 2
1 96 1
13 39 2
7 26 2
23 78 1
11 34 2
32 118 1
6 71 2
14 73 1
12 68 1
32 95 2
19 54 1
1 3 2
7 21 2
15 37 2
9 28 2
38 59 2
10 92 1
3 28 2
4 45 1
24 54 2
16 35 2
20 25 2
21 24 2
16 57 2
0 66 2
8 14 2
24 35 2
14 53 1
3 43 2
9 33 2
32 63 2
37 79 1
33 88 1
11 25 2
25 34 2
15 34 2
20 23 2
25 33 2
13 49 2
2 33 2
8 26 2
28 101 1
23 53 2
16 111 1
29 39 2
23 115 2
14 68 1
25 111 1
0 94 1
2 38 2
26 34 2
6 28 2
24 38 2
2 3 2
14 118 1
30 31 2
4 90 1
39 92 1
4 36 2
16 50 1
6 16 2
7 20 2
0 11 2
5 14 2
30 102 1
13 82 2
8 89 2
13 36 2
6 33 2
2 29 2
14 58 1
14 40 1
17 24 2
14 102 1
16 98 2
4 35 2
38 75 1
3 119 1
7 29 2
5 36 2
25 73 2
9 115 1
1 40 2
25 38 2
1 113 1
31 117 1
4 85 2
7 72 2
33 37 2
25 48 1
8 74 1
7 24 2
8 70 1
35 102 1
12 23 2
1 102 1
5 32 2
27 66 2
35 48 1
25 27 2
11 24 2
26 27 2
13 18 2
11 92 2
23 32 2
38 39 2
25 70 1
14 62 1
19 50 2
6 84 1
39 117 1
23 67 1
10 72 2
25 47 2
22 102 1
34 35 2
14 56 1
28 61 1
10 82 2
5 69 2
32 93 2
19 101 2
37 61 1
16 24 2
39 78 1
13 105 2
13 26 2
28 30 2
39 66 2
10 104 1
20 92 1
5 37 2
19 112 1
0 100 1
4 31 2
1 31 2
9 80 1
38 41 2
4 28 2
16 75 1
0 16 2
13 14 2
15 27 2
18 36 2
26 95 1
19 31 2
30 95 1
2 12 2
11 20 2
15 92 1
37 98 1
20 70 1
4 81 1
22 73 2
7 19 2
39 64 1
12 21 2
0 99 2
4 61 2
37 39 2
29 65 1
31 82 2
33 81 1
15 43 1
0 5 2
3 62 2
16 56 1
11 27 2
24 69 2
27 98 2
3 80 2
14 26 2
34 77 1
10 14 2
19 59 2
17 31 2
11 26 2
12 110 1
13 32 2
20 65 1
20 117 2
11 17 2
6 88 1
10 88 2
28 38 2
1 2 2
34 105 1
6 95 2
3 10 2
1 11 2
28 63 1
31 115 1
33 104 2
13 20 2
23 24 2
20 119 2
39 61 2
15 32 2
8 24 2
20 50 1
3 118 1
25 65 1
1 74 2
24 106 1
7 36 2
0 31 2
2 36 2
26 35 2
36 38 2
7 10 2
5 24 2
6 32 2
15 31 2
21 27 2
11 56 1
28 34 2
5 19 2
25 115 2
13 87 2
18 69 2
0 22 2
6 23 2
13 103 1
14 116 1
10 19 2
11 45 1
21 31 2
26 43 2
31 33 2
1 75 2
20 115 1
34 107 2
9 76 1
5 80 1
19 61 1
3 87 1
19 36 2
28 96 2
9 23 2
38 116 1
23 105 2
38 45 1
36 67 2
22 59 2
0 117 1
25 100 1
7 39 2
34 91 2
8 115 1
25 60 1
33 49 1
5 17 2
22 36 2
8 117 1
15 17 2
15 97 1
5 52 2
5 95 1
29 82 1
15 16 2
21 72 1
4 76 2
21 65 1
20 106 1
2 35 2
30 63 2
13 40 1
16 85 2
6 80 2
0 81 1
1 51 1
15 30 2
10 75 1
12 88 1
7 103 1
15 38 2
13 89 1
15 64 2
13 117 1
13 72 1
0 2 2
35 116 2
5 30 2
1 19 2
26 66 2
22 61 1
18 32 2
31 65 1
4 70 1
1 20 2
3 108 1
17 91 2
29 37 2
35 97 2
27 28 2
22 70 2
6 117 1
21 42 1
13 31 2
12 18 2
10 34 2
7 31 2
26 39 2
15 42 1
2 100 1
34 67 2
37 50 1
22 56 1
7 119 1
24 29 2
6 96 2
31 103 1
9 67 1
6 49 1
4 38 2
4 71 2
31 52 1
9 48 2
31 35 2
22 38 2
32 73 1
28 87 2
6 93 2
15 113 2
10 35 2
1 22 2
4 34 2
16 22 2
27 99 1
17 22 2
12 27 2
20 67 2
9 25 2
2 118 1
3 58 2
0 20 2
29 73 1
18 35 2
6 56 1
27 65 1
22 47 2
1 17 2
1 48 1
1 5 2
8 108 1
0 70 2
35 81 1
0 19 2
16 26 2
6 77 1
13 19 2
13 102 2
3 35 2
12 105 1
36 60 2
6 21 2
5 99 1
5 73 1
38 57 1
34 111 1
0 67 1
24 112 2
20 93 1
8 116 1
24 49 1
26 50 1
5 23 2
11 18 2
12 29 2
28 39 2
19 29 2
10 12 2
21 53 1
9 14 2
21 70 1
16 59 2
32 36 2
39 52 1
18 31 2
23 51 2
31 75 1
6 110 1
2 70 2
0 21 2
29 56 1
14 81 1
24 42 2
7 30 2
23 45 2
2 37 2
0 39 2
15 90 1
18 25 2
24 28 2
3 23 2
36 44 1
7 57 1
12 31 2
19 80 2
34 116 2
14 35 2
18 45 1
30 38 2
1 12 2
5 50 1
2 82 1
15 50 2
14 29 2
8 39 2
15 100 1
20 40 2
16 55 2
2 93 1
0 88 2
13 64 1
20 57 1
32 35 2
1 15 2
32 112 2
18 47 2
11 23 2
38 73 2
34 69 2
15 116 1
33 58 2
27 100 1
6 104 2
8 33 2
29 81 1
34 44 1
28 35 2
3 113 2
23 70 1
13 71 1
4 118 1
7 88 1
11 28 2
3 12 2
25 57 1
20 26 2
18 28 2
28 110 1
13 24 2
3 7 2
5 60 1
23 116 2
6 34 2
3 45 1
5 7 2
4 19 2
23 99 1
17 25 2
17 77 1
14 117 2
33 46 2
10 37 2
5 114 2
9 29 2
6 79 1
18 103 1
8 49 2
4 32 2
34 80 1
30 81 1
16 28 2
11 16 2
35 93 2
3 110 1
4 20 2
12 78 2
24 31 2
5 22 2
36 73 1
27 67 1
34 97 2
21 30 2
26 99 1
14 31 2
32 34 2
2 99 2
4 74 1
5 10 2
30 52 2
24 108 1
7 38 2
39 87 1
27 39 2
30 74 1
20 35 2
20 44 1
7 34 2
1 30 2
35 94 1
12 71 2
5 61 2
14 59 2
4 23 2
3 30 2
33 83 2
21 35 2
7 27 2
26 37 2
23 27 2
14 19 2
8 19 2
1 33 2
17 57 2
6 61 1
18 39 2
26 46 2
18 30 2
22 27 2
17 26 2
26 111 1
20 68 1
13 52 2
0 23 2
6 98 1
16 18 2
3 9 2
15 18 2
24 109 2
14 51 1
2 88 2
25 40 2
19 20 2
0 69 1
34 84 1
36 61 2
4 99 1
2 80 1
19 25 2
0 36 2
4 24 2
8 28 2
18 20 2
17 29 2
4 54 1
29 52 1
23 80 1
3 70 2
12 73 1
25 96 1
15 23 2
34 70 2
19 76 1
12 55 1
23 37 2
1 100 2
0 35 2
23 38 2
21 25 2
16 23 2
4 16 2
38 108 1
38 50 1
29 96 1
36 110 1
6 29 2
8 31 2
12 104 2
10 32 2
20 74 2
1 10 2
6 30 2
16 36 2
21 45 2
20 114 2
21 62 1
9 38 2
23 52 2
5 33 2
13 15 2
10 23 2
2 67 1
10 94 1
9 37 2
9 97 2
5 79 2
7 110 1
12 61 1
2 28 2
22 52 2
16 32 2
23 25 2
39 74 2
10 17 2
6 60 1
11 69 2
39 115 1
1 98 2
2 51 1
5 29 2
31 83 2
16 52 1
4 96 2
16 34 2
39 57 2
36 119 1
38 98 2
7 90 1
12 25 2
4 8 2
22 26 2
14 49 1
5 8 2
37 38 2
3 41 2
0 6 2
16 25 2
19 47 1
32 54 1
28 56 2
0 25 2
38 65 1
13 107 2
1 57 2
31 77 2
10 99 2
29 104 2
33 105 2
11 13 2
13 22 2
10 20 2
22 32 2
11 15 2
28 33 2
11 21 2
0 9 2
11 36 2
5 45 1
1 111 2
4 29 2
3 32 2
26 28 2
1 14 2
16 54 1
2 68 1
5 86 1
16 105 1
1 54 1
19 26 2
1 77 2
36 85 1
30 73 1
14 75 2
5 27 2
26 49 1
18 82 1
24 87 1
19 53 1
19 56 1
25 109 1
12 57 1
17 42 2
8 12 2
2 4 2
28 104 1
39 48 2
23 33 2
8 66 2
3 22 2
5 12 2
22 68 1
1 37 2
2 34 2
17 68 1
8 54 1
5 31 2
1 24 2
10 80 1
8 109 1
0 89 2
21 39 2
30 35 2
12 53 1
15 25 2
2 21 2
2 24 2
4 12 2
8 36 2
12 46 2
12 36 2
1 38 2
34 42 1
34 100 2
7 95 1
22 82 2
38 55 1
9 11 2
17 113 1
25 52 1
15 33 2
31 42 2
4 22 2
5 9 2
19 23 2
0 57 1
0 12 2
18 54 2
29 83 1
16 113 1
2 81 1
7 35 2
19 28 2
4 6 2
16 27 2
3 4 2
4 10 2
14 24 2
18 22 2
32 106 1
24 104 1
13 91 1
0 41 1
22 50 1
23 88 2
17 23 2
26 85 1
39 51 1
16 106 1
35 38 2
1 32 2
27 33 2
6 101 1
31 32 2
24 26 2
36 116 1
2 16 2
22 106 2
32 38 2
18 29 2
10 25 2
36 78 1
6 100 1
34 114 2
26 113 2
1 16 2
38 72 2
24 45 1
23 36 2
3 18 2
6 17 2
24 64 2
27 34 2
34 38 2
5 90 1
1 119 2
18 33 2
7 81 2
24 33 2
8 50 1
8 37 2
4 75 1
7 18 2
32 81 2
6 12 2
20 27 2
22 95 1
28 93 1
10 27 2
18 37 2
12 19 2
20 21 2
29 36 2
31 92 2
34 57 1
6 22 2
2 64 2
35 89 2
25 105 1
18 21 2
4 13 2
34 49 2
26 92 2
5 59 1
9 36 2
22 39 2
16 33 2
32 103 1
38 87 1
1 91 2
2 18 2
32 70 1
8 30 2
22 58 1
35 56 1
10 31 2
8 16 2
28 64 1
3 44 2
7 61 1
33 92 1
16 79 1
33 85 1
32 94 1
32 66 1
33 40 1
3 26 2
15 73 2
3 49 1
23 86 2
2 47 1
11 39 2
39 96 2
2 106 1
32 40 1
15 36 2
4 14 2
33 59 1
31 111 1
9 112 1
0 114 2
7 94 1
25 39 2
7 45 2
20 103 2
6 41 1
18 67 2
20 32 2
5 107 1
21 44 1
23 57 2
6 10 2
8 102 2
6 15 2
26 107 2
12 102 1
18 77 1
23 39 2
16 37 2
9 20 2
8 71 2
20 75 1
35 115 1
21 57 1
25 56 1
24 36 2
39 101 1
8 18 2
36 49 2
3 104 1
15 51 1
9 26 2
13 30 2
10 18 2
4 37 2
31 69 1
30 75 1
5 34 2
15 102 1
0 13 2
6 7 2
11 97 1
20 53 1
28 54 1
7 25 2
4 30 2
17 66 1
6 64 1
3 77 2
3 31 2
34 72 1
37 89 2
0 30 2
15 26 2
22 110 1
3 5 2
24 65 1
18 112 1
15 39 2
4 62 1
5 26 2
10 21 2
24 97 1
6 39 2
12 16 2
30 118 1
23 111 2
11 52 1
32 87 2
3 29 2
21 28 2
10 13 2
29 74 1
38 54 2
36 69 1
21 38 2
18 97 1
15 82 1
39 83 2
22 33 2
3 25 2
3 74 1
9 117 2
10 29 2
33 101 1
39 109 1
23 26 2
3 46 1
3 39 2
14 16 2
1 8 2
24 30 2
29 118 2
0 33 2
38 67 1
8 23 2
26 29 2
13 110 1
9 16 2
13 23 2
14 38 2
13 27 2
18 24 2
14 27 2
14 106 1
29 110 2
22 74 2
1 39 2
2 15 2
28 36 2
16 29 2
7 15 2
14 97 1
26 87 2
11 93 1
36 52 2
8 103 1
17 87 1
21 96 1
15 35 2
32 68 2
37 40 1
7 52 1
19 66 2
17 35 2
26 101 2
39 76 1
13 95 2
39 70 2
4 5 2
6 68 1
33 66 2
32 33 2
15 22 2
1 58 1
23 50 1
28 114 2
11 61 1
7 12 2
10 62 1
29 38 2
8 15 2
0 24 2
34 37 2
15 28 2
21 29 2
32 100 2
10 26 2
2 8 2
13 21 2
13 67 1
12 39 2
0 112 1
7 65 1
33 35 2
0 29 2
5 81 1
9 43 1
12 98 1
4 46 1
21 116 1
8 104 1
22 89 1
35 37 2
25 98 2
6 116 2
17 72 1
11 64 1
1 26 2
33 39 2
10 66 1
8 9 2
12 28 2
30 36 2
5 18 2
13 34 2
7 13 2
26 32 2
17 74 1
27 71 1
18 50 1
12 24 2
14 17 2
23 48 2
20 96 1
18 23 2
31 64 1
10 87 1
38 91 2
5 38 2
1 13 2
17 53 1
17 20 2
14 23 2
36 80 2
27 49 2
24 96 1
25 35 2
22 96 2
20 116 1
28 76 1
38 44 1
20 38 2
21 74 1
36 96 1
30 72 1
16 21 2
37 88 1
5 75 2
13 37 2
22 62 1
7 9 2
12 34 2
5 82 1
4 51 2
32 37 2
19 55 1
11 32 2
24 59 1
21 109 1
35 45 2
27 38 2
38 115 1
13 45 1
5 25 2
4 68 1
1 42 1
32 60 1
29 53 2
34 109 2
14 83 1
2 62 2
20 37 2
13 77 1
10 28 2
9 15 2
0 4 2
34 85 1
24 37 2
37 107 2
17 83 1
8 10 2
15 52 2
3 13 2
31 38 2
3 42 1
22 31 2
14 39 2
36 82 2
34 50 2
33 109 1
18 38 2
10 69 1
11 12 2
20 24 2
22 30 2
34 75 2
18 116 1
39 58 2
14 30 2
15 62 1
10 119 1
35 90 1
27 81 1
12 38 2
12 48 1
1 93 2
20 36 2
21 111 1
15 81 1
13 16 2
8 32 2
14 46 1
35 52 1
33 117 1
20 34 2
8 27 2
20 86 1
6 108 1
27 88 2
14 60 2
25 37 2
2 17 2
14 18 2
8 17 2
6 114 1
9 39 2
12 92 2
33 98 1
31 110 2
5 43 1
36 70 1
14 85 1
1 90 2
6 36 2
38 79 1
23 65 1
0 26 2
10 52 1
10 111 1
29 33 2
1 4 2
11 58 1
3 24 2
0 28 2
2 39 2
24 25 2
24 27 2
11 48 2
7 8 2
9 13 2
15 24 2
8 21 2
23 28 2
6 20 2
27 64 1
11 37 2
38 53 1
26 33 2
4 57 2
29 35 2
0 8 2
16 76 1
25 68 1
22 63 2
28 31 2
18 60 2
26 38 2
22 28 2
4 102 2
22 66 1
21 94 1
18 83 1
37 77 2
31 43 1
34 61 2
17 18 2
5 57 2
4 60 1
24 83 2
17 99 1
32 91 1
14 21 2
12 15 2
26 53 2
34 79 1
15 72 1
25 26 2
0 27 2
27 61 1
28 86 1
20 78 1
3 16 2
15 66 2
29 91 1
11 113 1
19 27 2
23 81 1
19 37 2
16 42 2
22 25 2
24 86 1
34 52 1
6 111 1
19 39 2
33 69 1
6 8 2
16 30 2
2 27 2
18 86 1
21 73 1
18 19 2
37 71 2
36 109 2
30 114 1
7 101 2
10 67 2
6 90 2
2 45 1
28 105 2
27 32 2
19 88 2
18 27 2
17 19 2
16 43 1
23 34 2
13 85 1
31 53 1
13 33 2
33 55 2
13 51 1
3 47 2
4 110 1
9 19 2
23 73 1
7 47 1
1 59 1
30 93 2
27 40 1
14 110 1
3 27 2
3 20 2
32 107 1
21 48 1
18 52 1
12 13 2
23 35 2
27 29 2
27 42 1
2 58 1
9 18 2
27 103 1
39 108 1
20 102 1
16 31 2
30 33 2
29 55 2
13 29 2
35 87 1
31 95 2
21 23 2
18 104 1
17 71 2
29 44 2
19 100 1
4 9 2
6 118 1
2 5 2
17 107 2
7 66 1
37 60 1
3 6 2
5 20 2
10 39 2
8 44 1
38 46 1
8 119 1
31 71 1
28 32 2
19 34 2
32 109 1
29 66 1
39 47 2
1 25 2
6 27 2
22 29 2
34 90 1
12 22 2
6 19 2
4 27 2
14 80 1
4 97 1
20 29 2
9 105 1
16 117 1
36 92 2
1 36 2
5 51 1
35 69 2
14 98 1
9 75 2
27 35 2
16 108 1
1 28 2
30 37 2
3 78 2
20 30 2
0 104 1
6 31 2
4 39 2
8 60 2
1 55 2
8 25 2
1 56 2
30 99 1
24 89 1
33 34 2
31 89 1
18 34 2
22 64 1
9 17 2
16 86 1
2 73 1
20 39 2
23 72 1
27 77 1
1 23 2
2 87 1
19 71 2
2 32 2
0 3 2
30 39 2
6 78 1
2 20 2
9 56 1
22 108 1
8 83 1
4 33 2
30 64 1
0 105 2
38 119 1
14 55 1
28 52 1
6 14 2
6 107 2
21 78 1
7 37 2
1 118 2
0 18 2
6 24 2
2 14 2
13 44 1
34 36 2
13 62 2
35 68 2
24 32 2
22 37 2
39 67 2
9 30 2
9 10 2
16 63 2
4 52 2
14 33 2
1 117 1
14 15 2
14 32 2
16 64 1
12 114 2
5 11 2
15 108 2
20 54 1
11 29 2
12 14 2
15 106 1
38 100 2
0 1 2
14 37 2
31 100 2
13 83 1
5 71 2
36 63 1
18 73 1
7 53 1
7 78 1
30 87 1
23 66 1
10 24 2
34 117 1
3 21 2
28 37 2
13 17 2
26 30 2
33 42 1
2 77 1
21 106 1
11 103 2
29 32 2
21 26 2
20 28 2
14 22 2
1 88 1
33 72 2
18 105 1
20 31 2
5 49 1
2 10 2
8 22 2
19 114 1
12 108 1
1 66 1
15 29 2
6 87 1
11 30 2
3 75 1
32 42 1
18 88 1
12 91 1
11 14 2
17 30 2
11 38 2
31 48 2
22 24 2
10 90 1
7 87 2
37 72 2
4 15 2
27 44 1
35 39 2
37 66 1
5 21 2
5 6 2
9 95 2
11 68 1
14 76 2
35 113 2
9 32 2
33 38 2
26 36 2
3 34 2
20 95 2
0 74 1
12 30 2
1 34 2
12 20 2
13 38 2
37 110 1
13 25 2
24 46 1
12 32 2
7 14 2
4 7 1
30 84 2
65 99 1
13 48 2
36 39 1
26 48 1
84 96 2
18 84 2
30 100 2
1 76 1
71 99 1
32 65 2
31 105 1
25 32 1
13 28 1
10 74 2
6 9 1
28 44 1
10 48 1
19 91 2
10 76 2
91 96 2
2 71 2
7 105 1
75 76 1
20 76 2
74 76 2
58 75 1
31 74 1
13 65 1
13 76 2
25 28 1
6 65 1
18 65 2
59 84 2
37 100 2
99 112 1
33 51 2
12 17 1
25 44 2
3 36 1
29 31 1
1 6 1
17 37 1
44 99 2
23 96 1
12 51 1
27 37 2
19 96 1
26 96 2
9 71 1
10 15 1
10 65 2
14 36 1
17 84 2
27 48 1
15 75 2
39 100 2
18 26 1
30 91 2
