% n=20 p=60 d=0.33 p_blue=0.66
% k=0
2 13 2
10 14 2
5 12 1
4 6 2
11 19 2
8 11 2
1 8 2
1 2 2
5 18 2
8 10 2
11 16 2
0 19 2
2 19 2
5 6 2
10 11 2
2 3 2
0 5 2
3 7 2
8 13 2
7 8 2
1 17 1
1 10 2
4 9 2
3 5 2
4 12 2
7 16 1
5 9 2
1 16 2
11 17 2
0 4 2
3 9 2
1 11 2
5 19 2
1 6 2
5 15 2
0 7 2
6 16 2
1 3 2
0 2 2
0 15 2
3 12 2
0 12 2
10 17 1
6 10 2
9 12 1
4 11 2
6 13 1
6 9 2
7 9 2
7 15 1
5 11 1
5 7 1
2 7 1
7 11 1
9 13 2
0 1 2
6 8 1
8 14 1
4 10 1
1 5 2
2 4 1
0 13 1
9 10 1
3 11 2
11 14 2
1 13 1
3 13 2
3 4 1
2 14 1
1 7 1
2 11 1
1 14 2
4 13 2
2 6 2
0 9 1
6 11 1
0 11 1
5 14 2
2 9 1
0 8 1
6 7 2
5 13 1
7 10 1
