% n=20 p=60 d=0.33 p_blue=0.33
% k=0
4 9 2
0 5 2
6 11 2
6 9 2
8 11 2
3 7 2
1 3 2
5 13 1
2 5 2
1 10 2
4 6 2
2 11 2
0 15 1
5 10 2
5 7 2
2 13 2
9 10 2
2 9 2
9 16 2
1 4 2
10 18 1
3 4 2
2 15 2
8 13 1
2 7 2
6 18 1
5 9 2
2 3 2
5 11 2
9 13 2
4 17 1
3 13 2
9 14 2
7 11 2
3 9 2
1 18 1
6 14 1
0 13 2
1 5 2
5 6 2
6 19 1
3 11 2
0 6 2
0 1 2
2 18 1
5 12 1
0 4 2
7 9 2
1 17 2
9 11 2
4 19 1
9 18 2
3 5 2
7 14 1
1 12 1
0 16 2
7 10 2
10 11 2
2 8 2
5 8 2
0 18 1
16 19 2
6 16 2
2 4 1
3 10 1
3 19 2
3 8 1
4 5 1
7 8 1
2 10 1
0 10 1
1 2 1
1 15 1
2 6 2
8 16 2
1 11 2
5 15 2
7 19 2
11 15 1
8 19 1
4 10 1
8 10 1
15 16 1
3 15 1
4 11 2
1 9 1
4 7 1
11 16 2
5 16 1
