% n=40 p=33 d=0.33 p_blue=0.66
% k=0
3 10 2
1 34 1
7 32 1
1 15 2
10 12 2
9 31 1
10 11 2
10 16 2
4 27 2
12 38 2
6 39 1
1 25 2
1 23 1
7 15 2
8 37 2
1 19 1
2 27 1
12 23 2
8 39 2
0 6 2
0 17 2
11 33 2
8 25 1
8 18 1
4 23 2
1 6 2
12 15 1
2 25 2
10 34 1
11 21 2
1 3 2
5 10 2
11 14 1
9 10 2
0 38 2
2 36 1
1 8 2
4 12 2
3 11 2
3 34 2
12 28 1
1 35 2
2 21 2
2 13 2
1 10 2
0 25 2
7 14 2
7 35 2
1 14 1
1 27 2
2 38 1
5 25 2
0 12 2
10 18 1
2 23 2
8 36 2
9 27 2
1 11 2
5 8 2
5 22 1
1 37 1
6 8 2
8 13 2
6 17 2
2 20 2
2 7 2
6 28 2
9 18 1
4 6 2
9 34 1
9 25 1
2 9 2
0 3 2
4 32 2
13 16 2
7 10 2
2 6 2
11 39 2
5 20 2
5 13 2
9 13 2
10 22 2
4 9 2
9 11 2
6 30 1
10 14 2
4 37 2
9 19 1
6 12 2
9 32 2
0 5 2
6 9 2
1 13 2
0 2 2
4 8 2
6 23 2
7 11 2
12 39 2
6 11 2
1 28 2
2 12 2
12 29 2
1 9 2
3 25 2
6 13 2
8 11 2
5 9 2
5 33 2
1 7 2
10 28 1
3 29 1
9 33 1
2 31 2
2 14 2
7 30 1
4 26 2
0 7 2
13 25 2
0 27 1
2 19 2
2 30 2
0 22 1
11 16 2
2 18 2
8 12 2
4 21 2
8 22 1
1 21 2
9 35 2
13 30 2
9 12 2
5 6 2
2 3 2
1 12 2
7 34 2
13 39 2
7 27 2
2 17 2
3 4 2
7 36 2
4 13 2
13 37 2
1 36 2
0 9 2
11 35 2
3 9 2
2 10 2
11 17 2
2 8 2
13 21 2
9 39 2
0 29 2
11 12 2
5 12 2
10 13 2
0 36 1
11 25 2
1 24 2
13 26 2
7 18 2
5 7 2
2 4 2
6 32 1
13 18 1
2 39 2
0 1 2
4 10 1
3 7 1
0 15 2
5 31 2
10 31 2
8 15 1
0 8 1
2 35 2
3 27 2
13 27 2
6 20 2
27 38 2
3 38 1
8 19 2
3 20 1
19 35 2
1 4 1
1 20 1
15 19 2
11 19 1
0 19 1
2 5 1
2 11 1
1 31 2
5 11 1
4 38 2
19 20 1
0 13 1
6 35 1
15 35 1
11 13 1
3 13 1
3 19 1
3 31 1
5 27 2
11 31 2
9 38 2
13 19 1
7 31 1
10 38 2
4 5 1
11 38 1
2 15 2
7 9 1
4 20 1
12 20 2
0 31 2
9 15 1
7 19 1
4 11 1
0 4 1
3 15 1
31 38 2
7 12 1
20 35 2
