% n=190 p=60 d=0.33 p_blue=0.33
% k=0
89 136 2
19 139 1
46 48 2
16 24 2
86 173 1
55 80 2
9 40 2
36 87 2
19 60 2
11 29 2
21 66 2
40 105 2
13 69 2
46 108 2
51 186 1
20 108 2
0 5 2
38 74 2
21 87 2
58 109 2
22 28 2
106 167 1
60 112 2
43 78 2
3 86 2
13 74 2
52 82 2
52 65 2
111 173 1
37 156 1
17 98 2
31 177 1
21 52 2
6 32 2
39 102 2
66 146 1
28 56 2
50 52 2
12 49 2
31 49 2
91 94 2
40 122 1
92 120 1
112 138 1
11 72 2
30 69 2
8 160 2
85 149 1
17 19 2
59 70 2
32 86 2
73 90 2
75 163 2
10 71 2
31 32 2
11 39 2
60 115 2
90 181 1
40 88 2
6 110 2
66 72 2
83 103 2
42 150 1
9 104 2
49 59 2
82 144 2
59 71 2
23 109 2
41 63 2
4 110 2
14 110 2
66 148 1
90 184 1
67 174 2
61 121 1
31 101 2
15 182 2
107 155 1
22 133 1
36 180 1
23 61 2
62 85 2
14 30 2
77 79 2
58 134 1
10 19 2
3 59 2
81 130 1
76 89 2
34 160 2
63 132 2
6 46 2
22 39 2
99 186 1
65 128 1
3 100 2
21 147 2
23 24 2
6 155 1
8 90 2
91 117 2
53 171 1
97 112 2
81 122 2
25 69 2
60 116 1
37 104 2
91 111 2
0 72 2
12 154 2
44 58 2
5 27 2
77 116 1
97 103 2
15 70 2
16 62 2
39 176 2
28 29 2
19 40 2
77 167 1
38 108 2
0 63 2
9 27 2
0 32 2
35 111 2
110 120 2
65 69 2
6 42 2
17 119 2
58 63 2
77 132 1
40 75 2
10 95 2
15 74 2
49 82 2
83 112 2
62 80 2
93 170 2
29 75 2
76 98 2
75 108 2
56 164 2
104 118 1
98 149 1
80 135 2
34 99 2
10 125 2
21 49 2
60 66 2
54 112 2
2 174 1
87 90 2
13 73 2
55 66 2
15 77 2
26 94 2
75 77 2
113 131 1
14 72 2
10 77 2
15 86 2
14 83 2
69 134 2
51 89 2
44 143 2
102 148 1
88 113 2
41 123 1
12 86 2
86 94 2
20 62 2
13 157 2
27 168 1
70 88 2
33 95 2
68 109 2
17 25 2
59 78 2
51 111 2
72 95 2
66 88 2
25 178 2
36 143 2
22 172 1
27 79 2
29 72 2
46 72 2
8 103 2
6 82 2
65 93 2
37 178 1
107 111 2
12 90 2
109 115 2
28 105 2
29 37 2
0 80 2
53 132 1
36 160 1
56 61 2
44 157 1
102 171 1
11 28 2
52 56 2
37 116 1
78 153 1
78 79 2
56 119 1
26 32 2
70 168 1
46 113 2
34 153 1
93 126 1
58 133 1
77 154 1
10 124 2
4 103 2
79 101 2
105 157 1
24 78 2
75 113 2
0 150 2
5 37 2
10 24 2
62 118 1
24 109 2
47 91 2
102 113 2
3 17 2
64 124 1
50 156 1
31 102 2
4 70 2
36 48 2
13 22 2
7 71 2
99 121 2
75 123 1
71 122 1
8 113 2
42 55 2
63 83 2
33 54 2
12 19 2
15 59 2
4 56 2
67 69 2
19 36 2
27 104 2
40 110 2
59 110 2
66 167 1
45 98 2
9 76 2
100 148 1
40 43 2
82 94 2
5 117 1
62 125 1
78 151 2
103 182 2
4 163 1
52 188 1
19 83 2
101 151 1
27 59 2
20 56 2
33 59 2
52 176 1
20 46 2
69 89 2
13 14 2
21 133 2
44 75 2
29 109 2
58 176 1
61 151 2
27 89 2
41 169 1
92 165 1
30 68 2
95 98 2
19 157 1
65 186 1
27 65 2
1 38 2
73 85 2
47 132 1
43 177 2
109 162 1
107 110 2
37 130 1
23 43 2
52 68 2
68 148 1
21 51 2
8 25 2
62 153 1
28 103 2
15 168 1
70 79 2
51 102 2
89 95 2
0 82 2
48 59 2
13 118 1
1 51 2
20 31 2
4 131 2
22 64 2
26 62 2
26 51 2
6 96 2
15 108 2
44 93 2
8 21 2
104 116 1
50 100 2
11 105 2
87 129 1
10 21 2
28 78 2
71 140 1
49 70 2
92 128 2
82 93 2
58 84 2
68 118 2
70 104 2
33 42 2
75 91 2
32 119 2
74 100 2
62 98 2
4 66 2
76 88 2
46 95 2
12 48 2
89 163 1
49 138 1
30 96 2
58 103 2
67 105 2
17 90 2
101 140 2
91 171 1
38 72 2
1 78 2
9 17 2
37 47 2
14 23 2
61 64 2
107 139 1
4 84 2
53 141 1
73 80 2
6 90 2
46 98 2
61 105 2
75 110 2
15 73 2
9 23 2
49 66 2
19 111 2
3 70 2
16 41 2
23 34 2
12 99 2
37 62 2
90 135 1
99 106 2
39 66 2
50 146 1
11 73 2
72 91 2
72 82 2
39 139 1
8 55 2
32 184 2
81 106 2
39 113 2
29 112 2
45 89 2
12 115 1
35 49 2
86 154 1
7 37 2
109 112 2
61 84 2
63 101 2
103 147 1
46 135 2
90 103 2
34 68 2
44 57 2
23 33 2
52 98 2
71 80 2
3 147 1
60 87 2
32 79 2
17 109 2
22 174 1
42 65 2
4 31 2
24 74 2
11 14 2
3 63 2
7 112 2
33 62 2
53 94 2
18 22 2
7 66 2
1 34 2
30 33 2
49 76 2
0 124 1
31 53 2
9 122 2
106 131 2
89 92 2
10 70 2
84 93 2
3 98 2
81 95 2
58 106 2
5 51 2
37 90 2
23 90 2
99 123 1
15 66 2
6 106 2
70 112 2
1 171 1
57 66 2
5 101 2
40 48 2
0 61 2
41 67 2
28 83 2
6 157 2
1 82 2
9 106 2
71 83 2
16 50 2
15 52 2
93 110 2
16 105 2
24 62 2
37 92 2
75 103 2
26 91 2
23 65 2
5 100 2
90 137 1
106 134 1
24 98 2
16 45 2
86 93 2
27 181 2
43 106 2
81 108 2
65 164 1
67 107 2
31 70 2
5 15 2
56 64 2
2 101 2
91 188 1
27 83 2
54 183 1
98 142 1
42 77 2
105 188 1
11 63 2
31 100 2
76 112 2
61 132 1
41 187 1
35 37 2
40 167 1
15 85 2
6 9 2
91 96 2
92 96 2
46 147 1
17 75 2
4 97 2
37 184 2
78 92 2
4 107 2
34 148 2
24 54 2
2 63 2
42 71 2
50 115 1
20 119 1
6 81 2
31 99 2
29 103 2
10 129 1
12 97 2
21 86 2
104 110 2
56 72 2
10 144 1
16 86 2
113 179 1
82 172 1
46 93 2
72 129 1
84 104 2
1 26 2
5 76 2
24 83 2
80 104 2
8 124 1
4 73 2
32 90 2
80 105 2
53 113 2
22 61 2
57 91 2
0 143 1
91 121 1
15 149 1
2 175 1
0 164 1
53 98 2
0 38 2
106 112 2
16 57 2
5 24 2
4 120 1
61 83 2
96 187 1
13 82 2
17 89 2
0 86 2
16 27 2
0 51 2
55 59 2
97 107 2
19 178 1
56 76 2
79 87 2
71 173 2
7 32 2
105 111 2
31 98 2
0 122 1
26 89 2
4 181 2
14 129 1
83 94 2
16 52 2
92 102 2
107 130 1
74 117 1
13 33 2
38 164 1
15 71 2
59 153 2
73 122 1
54 113 2
40 87 2
4 48 2
65 83 2
35 39 2
33 79 2
11 109 2
16 18 2
24 142 1
36 107 2
46 51 2
98 112 2
76 176 2
89 118 1
41 91 2
27 170 2
42 63 2
56 85 2
53 99 2
36 79 2
90 107 2
53 65 2
103 109 2
52 53 2
45 52 2
13 64 2
24 151 1
55 125 1
39 79 2
9 72 2
82 176 2
94 184 1
77 128 2
108 179 1
17 48 2
18 86 2
33 64 2
9 77 2
74 99 2
86 156 1
7 46 2
4 125 1
40 56 2
14 93 2
75 99 2
100 160 2
15 96 2
32 40 2
58 184 2
17 111 2
12 113 2
6 138 2
39 140 2
58 170 2
54 100 2
93 142 1
9 105 2
56 105 2
20 110 2
36 153 1
45 126 1
99 113 2
103 110 2
0 107 2
24 108 2
7 31 2
32 41 2
8 28 2
37 79 2
58 187 2
1 87 2
46 100 2
41 62 2
109 180 2
17 73 2
74 108 2
95 184 1
64 110 2
14 70 2
37 60 2
27 88 2
91 119 1
93 98 2
9 68 2
5 40 2
49 83 2
24 144 1
48 112 2
74 189 1
31 189 2
64 75 2
23 172 2
37 89 2
20 54 2
36 103 2
20 106 2
26 42 2
4 76 2
44 78 2
100 175 1
72 174 1
76 128 1
70 90 2
5 112 2
105 152 1
51 156 1
73 170 1
77 169 2
38 57 2
33 74 2
28 76 2
3 14 2
1 29 2
28 129 1
95 105 2
7 48 2
50 63 2
22 59 2
15 19 2
95 182 2
31 150 1
79 91 2
95 122 1
15 46 2
1 66 2
22 74 2
4 69 2
36 49 2
0 106 2
24 166 2
50 91 2
4 47 2
17 54 2
14 142 2
10 14 2
101 120 1
48 69 2
44 111 2
74 83 2
23 59 2
36 113 2
13 164 1
47 52 2
5 109 2
3 40 2
35 56 2
1 61 2
62 181 1
76 101 2
93 145 2
56 77 2
47 77 2
8 61 2
25 105 2
48 90 2
88 101 2
98 138 1
32 37 2
68 82 2
2 41 2
32 85 2
59 94 2
3 60 2
40 102 2
102 105 2
45 102 2
15 103 2
22 95 2
24 26 2
29 38 2
16 30 2
55 65 2
48 66 2
100 134 1
61 86 2
47 48 2
2 149 1
18 156 1
74 82 2
64 166 2
82 128 1
43 162 1
84 98 2
25 142 1
19 108 2
56 159 1
62 75 2
84 132 1
27 127 2
105 133 2
5 89 2
13 56 2
40 73 2
29 73 2
46 60 2
36 61 2
85 150 1
52 81 2
35 48 2
17 155 2
20 145 1
11 23 2
3 84 2
109 183 1
24 64 2
3 25 2
15 98 2
55 89 2
60 76 2
34 44 2
62 77 2
40 114 2
50 66 2
24 153 2
0 125 2
87 97 2
33 112 2
45 69 2
7 122 1
104 114 2
94 130 1
8 114 1
12 107 2
38 142 1
51 172 2
25 81 2
86 107 2
58 186 1
76 106 2
83 167 1
54 66 2
21 76 2
43 109 2
52 111 2
12 38 2
42 103 2
60 72 2
14 47 2
44 81 2
84 106 2
47 124 1
24 92 2
13 103 2
56 74 2
55 101 2
12 89 2
7 21 2
19 94 2
33 58 2
87 172 2
41 154 1
100 117 1
10 47 2
72 111 2
56 91 2
50 72 2
59 84 2
100 112 2
3 37 2
99 128 2
103 172 1
43 56 2
11 126 1
60 121 2
94 105 2
22 83 2
19 163 2
45 86 2
21 109 2
13 61 2
57 58 2
100 108 2
1 62 2
35 40 2
34 57 2
4 51 2
27 121 1
30 104 2
32 68 2
2 173 1
94 188 1
24 163 1
11 34 2
33 179 1
108 113 2
26 47 2
13 63 2
42 108 2
25 72 2
98 121 1
34 97 2
29 34 2
13 45 2
88 107 2
10 62 2
18 24 2
32 53 2
12 92 2
13 125 2
62 63 2
37 73 2
33 53 2
38 148 1
47 70 2
5 107 2
87 158 1
29 70 2
63 73 2
41 99 2
85 178 1
0 75 2
53 57 2
36 139 2
101 118 1
52 120 1
44 149 1
1 86 2
9 12 2
15 147 1
85 181 2
81 83 2
29 98 2
34 162 2
51 83 2
31 86 2
9 132 1
37 93 2
12 94 2
81 162 1
14 42 2
69 86 2
19 76 2
23 156 1
54 144 1
44 112 2
45 75 2
14 165 2
11 61 2
14 111 2
39 110 2
31 114 2
66 182 1
8 102 2
8 19 2
96 150 1
27 137 2
20 33 2
30 76 2
80 136 2
43 89 2
79 111 2
7 126 2
78 110 2
11 186 2
47 86 2
84 89 2
67 74 2
112 151 1
43 87 2
67 111 2
3 88 2
26 113 2
39 127 1
52 189 1
29 111 2
4 162 2
19 99 2
6 57 2
86 160 1
7 146 1
53 64 2
25 119 1
99 137 2
108 133 1
27 139 1
7 62 2
11 50 2
79 158 1
101 166 1
36 43 2
2 60 2
81 90 2
17 102 2
0 17 2
50 99 2
49 68 2
10 90 2
63 112 2
0 84 2
15 51 2
21 94 2
3 51 2
84 119 2
41 49 2
26 46 2
106 154 1
75 111 2
27 47 2
80 81 2
38 61 2
57 60 2
9 56 2
13 50 2
9 24 2
45 57 2
18 93 2
18 83 2
104 130 1
77 175 1
21 173 1
54 110 2
1 56 2
3 73 2
55 79 2
7 61 2
40 99 2
54 73 2
12 54 2
3 49 2
8 85 2
5 74 2
0 26 2
20 51 2
90 187 1
89 157 2
39 68 2
83 113 2
84 179 1
21 61 2
54 146 1
33 40 2
44 135 1
46 82 2
18 28 2
10 82 2
59 133 1
12 166 1
59 93 2
57 121 2
44 98 2
59 158 1
10 131 1
17 112 2
39 42 2
10 16 2
109 119 1
63 69 2
36 98 2
9 49 2
14 17 2
95 175 1
27 125 1
27 37 2
3 109 2
3 31 2
11 67 2
10 49 2
24 53 2
18 154 1
19 33 2
15 112 2
90 96 2
98 120 1
33 76 2
29 105 2
11 102 2
20 189 2
57 166 1
25 61 2
35 94 2
111 168 1
15 92 2
59 97 2
66 95 2
113 184 1
22 79 2
50 76 2
57 95 2
51 139 1
23 54 2
4 63 2
47 98 2
82 130 1
74 85 2
58 107 2
88 104 2
27 36 2
3 175 1
20 97 2
70 81 2
6 25 2
79 98 2
42 174 2
15 34 2
18 105 2
40 91 2
20 71 2
45 109 2
84 105 2
78 98 2
62 64 2
29 33 2
62 168 2
72 99 2
7 77 2
61 89 2
86 101 2
27 78 2
74 171 1
41 61 2
79 102 2
37 65 2
23 75 2
0 57 2
36 100 2
47 60 2
47 57 2
57 94 2
35 64 2
31 73 2
2 104 2
7 69 2
45 94 2
68 107 2
23 74 2
88 89 2
0 55 2
102 108 2
6 16 2
34 40 2
1 108 2
82 105 2
83 105 2
74 75 2
6 22 2
63 148 1
35 53 2
60 92 2
90 102 2
78 185 1
25 77 2
32 54 2
84 100 2
36 91 2
32 78 2
108 158 2
8 189 2
78 89 2
22 128 1
8 30 2
15 178 2
67 161 2
36 44 2
6 180 2
15 22 2
27 50 2
105 151 1
44 95 2
41 90 2
21 42 2
76 124 1
99 111 2
5 94 2
95 166 1
0 83 2
18 95 2
49 75 2
77 104 2
87 118 1
20 104 2
6 104 2
3 47 2
35 57 2
8 26 2
5 64 2
34 166 2
58 97 2
4 61 2
6 28 2
65 79 2
25 114 1
15 165 1
69 109 2
7 161 2
40 92 2
21 78 2
34 79 2
98 125 2
12 30 2
103 179 1
74 103 2
12 183 2
46 167 1
59 61 2
70 129 1
14 31 2
43 68 2
61 87 2
49 171 2
7 60 2
2 39 2
62 113 2
24 49 2
33 55 2
25 67 2
49 95 2
35 188 1
56 109 2
83 143 1
40 63 2
42 52 2
18 102 2
77 99 2
3 33 2
0 12 2
2 105 2
5 85 2
20 178 2
68 101 2
12 161 1
21 137 1
45 121 2
28 131 1
23 42 2
22 25 2
14 99 2
78 101 2
26 41 2
74 96 2
67 103 2
7 110 2
78 81 2
15 69 2
10 42 2
17 101 2
25 112 2
31 60 2
94 96 2
81 107 2
29 106 2
42 84 2
9 73 2
7 9 2
30 135 2
70 94 2
37 68 2
32 107 2
8 13 2
69 135 1
103 119 2
104 107 2
11 31 2
36 90 2
52 116 1
7 78 2
21 91 2
50 97 2
6 80 2
53 79 2
47 106 2
22 63 2
50 133 1
40 162 1
14 153 1
39 144 1
42 54 2
69 82 2
39 111 2
36 127 2
45 58 2
19 50 2
1 113 2
72 77 2
15 126 1
67 89 2
0 68 2
35 103 2
21 84 2
73 105 2
64 101 2
103 131 1
19 34 2
10 13 2
33 73 2
35 71 2
33 80 2
32 188 2
10 20 2
1 85 2
4 49 2
73 108 2
54 87 2
22 118 1
10 44 2
68 163 1
41 52 2
6 107 2
3 92 2
1 112 2
25 59 2
102 183 2
20 34 2
46 154 2
26 52 2
12 13 2
82 146 2
5 17 2
3 158 1
19 137 1
45 111 2
84 176 2
24 89 2
65 100 2
87 107 2
89 110 2
53 90 2
16 46 2
47 66 2
40 90 2
75 151 1
42 114 2
92 157 1
67 167 1
8 33 2
15 102 2
44 120 1
18 21 2
71 89 2
18 80 2
49 120 1
61 73 2
35 54 2
4 35 2
16 138 1
76 177 1
54 99 2
41 101 2
32 181 1
113 138 1
109 173 1
106 168 2
14 28 2
2 30 2
5 32 2
53 87 2
54 59 2
21 145 1
31 160 1
14 25 2
37 105 2
43 142 2
33 102 2
28 118 1
101 178 1
35 66 2
29 80 2
67 85 2
84 187 1
13 83 2
45 143 1
49 56 2
81 115 2
23 30 2
59 100 2
15 113 2
20 164 1
20 111 2
3 91 2
2 17 2
13 100 2
32 106 2
95 133 1
40 152 1
54 117 1
71 148 1
23 81 2
21 59 2
24 50 2
68 181 1
8 18 2
4 22 2
8 146 2
64 65 2
113 120 1
47 167 1
86 120 2
81 89 2
3 78 2
60 78 2
61 95 2
16 175 2
88 103 2
56 137 1
52 112 2
113 114 2
33 43 2
37 49 2
92 175 2
0 104 2
69 108 2
1 48 2
16 25 2
30 183 1
33 148 1
4 33 2
91 107 2
43 104 2
21 164 2
9 79 2
42 96 2
0 99 2
72 182 1
45 96 2
55 104 2
4 64 2
6 15 2
22 37 2
65 92 2
15 54 2
29 134 1
29 77 2
21 34 2
52 156 1
55 88 2
24 27 2
19 23 2
61 176 1
39 90 2
108 137 1
6 27 2
0 186 1
18 85 2
18 20 2
53 139 2
72 159 1
61 159 2
3 35 2
50 104 2
51 60 2
38 98 2
47 148 1
29 124 1
81 86 2
7 52 2
24 130 1
21 154 1
38 168 1
5 149 1
64 71 2
8 107 2
71 81 2
85 111 2
10 97 2
81 177 2
74 160 1
40 151 2
65 109 2
106 164 1
75 82 2
17 31 2
63 104 2
87 94 2
94 98 2
41 107 2
112 158 1
20 113 2
0 87 2
78 177 1
63 74 2
38 67 2
54 101 2
13 41 2
0 70 2
93 97 2
89 108 2
63 185 2
11 66 2
0 76 2
27 72 2
63 96 2
11 82 2
50 77 2
97 117 1
78 116 1
48 70 2
25 60 2
62 102 2
69 80 2
8 88 2
42 87 2
28 47 2
23 128 1
37 125 2
41 46 2
75 97 2
8 164 2
41 72 2
27 44 2
22 123 1
2 177 1
9 154 1
34 85 2
25 97 2
81 180 1
66 92 2
98 104 2
56 60 2
7 38 2
14 96 2
55 152 1
43 52 2
1 123 1
59 66 2
73 179 1
65 122 1
4 17 2
101 108 2
11 100 2
35 81 2
55 186 2
23 112 2
5 69 2
98 160 2
75 86 2
14 20 2
60 103 2
87 164 2
4 87 2
72 84 2
43 99 2
21 106 2
16 113 2
31 68 2
54 80 2
49 100 2
5 110 2
25 186 1
67 82 2
60 187 2
50 113 2
8 74 2
113 139 2
70 116 1
90 113 2
98 107 2
26 67 2
53 161 2
26 145 1
58 171 1
24 51 2
8 67 2
62 106 2
30 64 2
85 104 2
4 67 2
22 40 2
33 183 1
61 69 2
20 87 2
62 93 2
11 64 2
54 175 2
0 48 2
76 149 2
4 10 2
52 84 2
26 96 2
19 169 1
31 104 2
13 39 2
11 103 2
105 138 2
80 89 2
100 181 1
29 48 2
83 178 1
11 87 2
40 179 2
81 102 2
39 152 1
17 83 2
77 101 2
84 109 2
46 67 2
58 141 1
53 56 2
44 104 2
7 96 2
51 136 2
6 141 1
29 60 2
10 89 2
22 72 2
78 138 1
85 133 1
51 81 2
26 79 2
92 166 1
0 36 2
11 47 2
0 105 2
98 106 2
66 79 2
9 53 2
46 155 1
72 74 2
55 105 2
96 104 2
20 93 2
33 49 2
37 78 2
35 157 1
13 179 2
18 79 2
7 49 2
97 106 2
69 102 2
50 163 1
91 185 2
0 34 2
63 113 2
32 123 1
65 99 2
29 94 2
45 129 2
50 88 2
36 56 2
26 58 2
8 100 2
95 108 2
67 78 2
12 32 2
74 174 1
91 154 1
73 82 2
39 112 2
1 166 1
70 161 2
56 87 2
41 47 2
66 138 1
1 170 2
94 102 2
58 163 1
18 129 1
9 43 2
108 175 1
69 106 2
24 101 2
35 138 2
41 85 2
30 65 2
55 84 2
22 109 2
78 87 2
54 103 2
30 172 1
99 160 1
7 72 2
99 107 2
40 121 1
26 116 1
2 26 2
91 150 1
15 43 2
68 180 2
36 169 2
77 135 1
48 57 2
12 91 2
1 110 2
16 117 2
20 152 1
47 118 1
10 113 2
90 116 2
66 81 2
28 50 2
24 156 1
79 95 2
83 187 2
12 51 2
32 161 1
79 85 2
44 49 2
7 68 2
108 155 1
86 100 2
87 100 2
93 104 2
53 60 2
94 97 2
24 59 2
104 178 2
70 75 2
4 13 2
51 146 1
50 96 2
45 84 2
20 181 2
10 75 2
36 40 2
42 177 2
50 172 1
10 86 2
77 130 1
102 139 1
105 163 2
48 86 2
72 89 2
87 98 2
50 59 2
61 70 2
38 92 2
60 109 2
68 98 2
41 130 1
61 109 2
68 83 2
47 111 2
2 81 2
5 71 2
75 96 2
46 125 1
40 82 2
23 49 2
12 104 2
27 140 1
15 37 2
81 171 1
16 140 2
21 132 1
48 94 2
3 30 2
56 66 2
85 110 2
2 59 2
93 174 1
24 77 2
33 51 2
16 98 2
78 80 2
42 57 2
16 92 2
95 180 1
13 38 2
2 57 2
64 95 2
58 69 2
23 69 2
22 68 2
1 35 2
101 117 2
3 105 2
78 103 2
19 71 2
103 181 1
24 63 2
21 79 2
54 65 2
85 163 2
24 32 2
54 115 1
67 68 2
10 87 2
48 160 1
62 103 2
85 175 1
20 40 2
20 44 2
92 103 2
52 127 2
4 128 1
92 99 2
4 177 2
38 78 2
28 74 2
77 166 2
27 53 2
9 62 2
4 39 2
45 70 2
18 49 2
58 79 2
42 67 2
43 128 2
1 31 2
46 68 2
63 124 1
21 90 2
10 105 2
90 144 1
98 136 2
79 177 1
32 35 2
50 111 2
12 124 2
106 165 1
3 54 2
57 86 2
21 36 2
27 30 2
71 166 1
46 182 2
29 54 2
93 94 2
7 56 2
39 43 2
30 132 2
57 98 2
59 113 2
43 48 2
11 185 1
9 82 2
96 100 2
52 67 2
22 99 2
10 59 2
66 173 1
90 125 1
51 104 2
8 147 1
6 89 2
22 103 2
24 126 2
48 157 1
38 45 2
16 49 2
2 15 2
43 67 2
26 55 2
100 130 1
2 37 2
16 79 2
107 165 2
98 110 2
71 88 2
55 78 2
13 102 2
3 99 2
3 151 2
91 169 1
65 150 1
68 85 2
71 74 2
71 97 2
30 185 1
23 67 2
21 70 2
32 66 2
16 47 2
102 147 1
99 153 1
63 122 1
23 28 2
44 181 1
0 6 2
50 179 1
7 64 2
34 56 2
86 176 1
99 118 1
33 47 2
41 57 2
9 158 1
40 46 2
49 87 2
101 114 1
22 77 2
41 89 2
42 121 2
17 18 2
31 125 2
4 160 1
32 162 2
3 5 2
11 94 2
62 155 1
101 105 2
92 97 2
81 182 1
71 98 2
71 107 2
31 89 2
66 73 2
1 5 2
53 96 2
17 57 2
112 114 2
8 9 2
19 55 2
44 183 1
36 57 2
103 104 2
87 111 2
112 142 1
7 55 2
27 61 2
33 78 2
59 60 2
18 99 2
48 93 2
9 97 2
62 107 2
43 60 2
4 170 1
53 122 1
45 171 2
47 90 2
23 100 2
65 77 2
96 164 2
25 80 2
24 172 1
40 77 2
19 51 2
42 50 2
3 77 2
8 46 2
10 32 2
18 134 1
20 39 2
10 150 1
63 94 2
77 90 2
30 75 2
36 71 2
41 112 2
61 104 2
47 138 1
91 158 1
36 67 2
8 59 2
91 103 2
43 54 2
63 180 1
53 77 2
62 104 2
4 78 2
68 137 1
36 137 2
30 157 1
26 98 2
84 86 2
12 43 2
100 101 2
36 118 2
106 187 1
31 42 2
49 135 1
42 82 2
14 55 2
92 143 1
31 57 2
8 50 2
66 179 1
91 100 2
3 126 1
46 61 2
60 106 2
104 117 2
13 108 2
95 112 2
28 99 2
69 118 2
44 123 2
31 107 2
64 92 2
102 120 1
9 171 2
68 74 2
24 56 2
37 43 2
61 93 2
7 17 2
25 71 2
28 77 2
58 90 2
40 173 2
39 87 2
8 45 2
7 75 2
75 118 1
0 100 2
15 44 2
10 46 2
103 112 2
49 63 2
1 185 1
96 106 2
75 126 1
54 107 2
50 114 1
58 83 2
45 54 2
69 84 2
76 91 2
9 28 2
3 145 1
18 46 2
37 103 2
1 81 2
14 85 2
59 145 1
45 71 2
54 160 1
55 82 2
18 25 2
58 155 1
95 107 2
28 66 2
83 86 2
43 88 2
50 105 2
62 108 2
79 120 1
24 33 2
36 97 2
50 58 2
8 16 2
40 174 1
97 136 1
80 109 2
1 88 2
12 100 2
12 23 2
45 72 2
64 176 1
0 44 2
73 111 2
101 133 1
13 17 2
72 113 2
7 94 2
7 43 2
47 99 2
76 184 2
33 84 2
49 54 2
12 41 2
28 138 1
17 45 2
9 150 1
36 108 2
30 52 2
17 106 2
23 56 2
7 88 2
29 83 2
18 112 2
69 107 2
35 51 2
6 21 2
7 33 2
14 45 2
28 107 2
48 188 1
22 70 2
43 176 1
34 107 2
93 119 1
52 57 2
71 87 2
9 46 2
72 185 1
24 179 2
98 101 2
22 106 2
46 109 2
0 58 2
18 38 2
78 88 2
55 92 2
43 93 2
32 102 2
67 181 1
2 49 2
9 90 2
36 111 2
28 63 2
67 71 2
18 66 2
14 97 2
87 128 1
71 112 2
45 141 1
20 70 2
29 67 2
11 71 2
45 66 2
98 102 2
25 76 2
75 157 2
78 106 2
86 169 1
48 92 2
80 161 2
24 43 2
55 108 2
66 84 2
58 66 2
66 184 1
38 71 2
33 35 2
11 68 2
82 174 1
29 65 2
49 107 2
13 128 1
9 57 2
14 63 2
4 184 1
43 50 2
13 84 2
51 167 1
57 142 1
18 62 2
21 100 2
33 172 1
50 174 2
8 87 2
20 24 2
64 68 2
77 179 2
91 110 2
101 126 1
21 71 2
2 89 2
53 184 1
79 81 2
63 75 2
107 174 2
48 71 2
42 59 2
26 84 2
35 139 2
2 54 2
30 181 1
60 133 1
103 168 2
13 107 2
11 110 2
40 83 2
90 157 1
81 149 1
71 94 2
30 50 2
58 110 2
18 37 2
8 62 2
5 102 2
19 86 2
38 91 2
27 35 2
102 104 2
16 89 2
63 99 2
34 35 2
70 86 2
50 187 2
37 100 2
13 78 2
29 142 2
12 28 2
33 147 2
6 156 1
68 97 2
14 24 2
15 107 2
2 36 2
61 189 1
39 74 2
40 79 2
53 105 2
36 83 2
71 108 2
91 168 2
36 84 2
10 30 2
15 110 2
50 70 2
14 125 2
51 173 1
85 168 1
90 98 2
7 100 2
35 187 1
48 65 2
15 45 2
72 102 2
61 79 2
4 27 2
35 87 2
51 110 2
3 21 2
30 56 2
41 51 2
69 160 1
102 161 1
42 83 2
15 78 2
44 53 2
109 188 1
6 29 2
13 163 1
40 49 2
25 170 1
40 51 2
10 54 2
33 57 2
51 143 2
65 111 2
29 43 2
73 75 2
38 73 2
75 135 2
87 176 2
43 149 1
44 148 1
50 101 2
87 110 2
23 108 2
113 158 1
65 149 1
19 24 2
47 93 2
84 180 1
4 75 2
33 140 1
41 115 2
34 43 2
21 152 1
13 134 1
4 6 2
13 36 2
6 84 2
8 65 2
104 129 2
0 73 2
35 92 2
25 64 2
48 55 2
108 109 2
40 78 2
66 77 2
6 67 2
27 101 2
22 53 2
50 65 2
27 73 2
1 83 2
41 56 2
87 99 2
112 152 1
47 83 2
49 147 2
24 79 2
12 63 2
73 91 2
33 99 2
102 121 1
105 135 1
38 109 2
14 37 2
55 76 2
44 153 1
25 45 2
20 86 2
23 95 2
21 101 2
10 106 2
90 104 2
6 74 2
96 171 1
7 50 2
40 53 2
17 165 1
23 134 2
56 93 2
77 92 2
6 60 2
64 109 2
56 63 2
85 118 1
21 48 2
70 100 2
37 85 2
52 93 2
50 182 1
10 53 2
64 111 2
45 68 2
103 138 1
25 86 2
6 98 2
37 110 2
5 77 2
71 104 2
23 138 2
45 142 1
9 95 2
103 165 1
52 148 1
101 104 2
1 97 2
59 80 2
18 54 2
31 90 2
70 163 1
18 111 2
45 56 2
5 93 2
43 105 2
62 99 2
52 113 2
97 131 2
8 184 1
61 173 1
77 188 1
1 106 2
74 104 2
24 157 1
25 43 2
23 140 1
0 116 1
58 105 2
54 106 2
5 53 2
24 36 2
88 95 2
12 134 1
15 48 2
51 105 2
4 59 2
49 133 1
27 95 2
105 106 2
40 112 2
79 167 2
14 61 2
30 165 2
51 108 2
45 78 2
58 147 2
0 65 2
34 69 2
42 100 2
21 50 2
51 62 2
5 80 2
94 183 1
11 144 1
14 15 2
28 52 2
35 80 2
16 119 2
20 65 2
23 32 2
18 41 2
52 109 2
49 72 2
25 30 2
51 98 2
19 105 2
36 134 2
1 2 2
49 111 2
23 46 2
57 85 2
10 57 2
87 174 1
41 83 2
57 157 1
14 108 2
58 178 1
73 107 2
1 147 1
87 180 2
13 87 2
57 130 2
69 130 1
107 138 1
50 75 2
35 101 2
14 137 1
15 81 2
8 38 2
67 170 1
108 182 1
8 154 1
14 22 2
42 89 2
56 83 2
37 131 2
22 157 1
29 96 2
1 49 2
33 50 2
20 74 2
74 92 2
68 70 2
46 52 2
47 139 1
17 105 2
69 104 2
48 104 2
18 88 2
8 162 1
59 105 2
110 112 2
66 87 2
30 53 2
65 85 2
11 132 1
8 41 2
58 131 1
72 134 1
10 101 2
54 95 2
44 83 2
35 44 2
89 177 1
35 102 2
66 94 2
53 85 2
10 78 2
21 158 1
83 85 2
98 105 2
79 92 2
23 120 1
83 162 1
68 103 2
0 14 2
4 25 2
17 110 2
58 72 2
10 31 2
28 49 2
26 83 2
17 47 2
56 158 1
90 110 2
4 74 2
52 108 2
32 48 2
79 103 2
110 146 1
56 127 1
59 103 2
50 51 2
57 110 2
56 143 1
4 36 2
89 106 2
29 44 2
49 150 2
41 77 2
60 94 2
27 60 2
86 127 2
7 73 2
66 68 2
2 136 2
15 56 2
32 64 2
48 58 2
9 80 2
20 41 2
6 71 2
18 39 2
8 73 2
35 172 1
46 162 1
107 157 1
20 36 2
55 115 1
4 186 1
76 115 2
25 38 2
9 18 2
66 108 2
79 185 2
5 11 2
48 79 2
4 102 2
65 107 2
5 91 2
19 78 2
15 111 2
55 113 2
54 182 1
91 157 1
16 44 2
81 109 2
65 151 1
68 175 1
85 91 2
53 80 2
8 92 2
75 115 2
3 36 2
111 126 1
13 105 2
54 77 2
13 21 2
68 93 2
63 82 2
4 29 2
3 129 1
71 171 1
13 47 2
37 101 2
15 127 2
21 104 2
44 68 2
33 63 2
50 94 2
57 144 1
83 179 1
5 185 1
86 103 2
44 77 2
72 155 1
53 76 2
93 102 2
60 79 2
15 100 2
34 66 2
61 99 2
30 86 2
21 96 2
58 95 2
56 59 2
17 39 2
14 180 2
101 106 2
13 54 2
47 54 2
1 156 1
16 94 2
4 93 2
104 105 2
80 179 2
49 53 2
2 45 2
12 27 2
47 65 2
38 84 2
0 93 2
11 97 2
53 67 2
96 168 1
0 155 1
2 8 2
56 78 2
26 179 1
43 98 2
113 145 2
11 106 2
62 188 2
80 90 2
5 46 2
66 78 2
65 146 1
34 109 2
81 159 1
106 113 2
73 92 2
90 148 1
59 67 2
36 132 1
12 102 2
35 115 1
35 93 2
12 72 2
113 151 2
101 185 2
44 89 2
28 154 1
33 45 2
4 77 2
47 67 2
41 110 2
18 43 2
8 72 2
55 127 1
74 167 2
6 129 2
78 164 1
32 55 2
4 28 2
4 57 2
25 102 2
96 161 2
18 104 2
34 49 2
51 87 2
62 92 2
65 108 2
47 76 2
59 85 2
71 75 2
45 110 2
39 57 2
7 89 2
40 117 1
21 93 2
39 103 2
5 45 2
13 71 2
87 104 2
36 104 2
62 132 1
70 106 2
1 160 2
46 89 2
59 74 2
55 185 1
20 21 2
95 183 1
55 148 1
9 74 2
12 42 2
5 70 2
12 163 1
69 96 2
48 78 2
22 111 2
28 46 2
95 101 2
31 116 1
91 130 1
54 187 1
67 102 2
34 113 2
70 109 2
61 94 2
40 41 2
45 67 2
91 178 1
105 162 1
9 36 2
76 78 2
59 99 2
1 180 2
3 39 2
76 180 1
39 105 2
55 56 2
48 53 2
105 155 1
30 74 2
26 68 2
14 44 2
21 53 2
49 81 2
4 55 2
74 179 1
41 104 2
34 63 2
69 95 2
45 65 2
23 131 2
110 189 1
19 88 2
43 127 1
15 79 2
10 153 1
68 185 1
64 96 2
89 173 2
37 39 2
44 91 2
41 146 1
54 70 2
72 147 2
41 103 2
68 71 2
18 70 2
88 112 2
82 98 2
64 93 2
48 50 2
75 187 2
50 107 2
62 164 2
18 108 2
16 97 2
85 93 2
5 113 2
15 99 2
40 61 2
16 102 2
29 102 2
48 60 2
57 93 2
27 38 2
17 44 2
89 132 1
40 47 2
41 134 1
19 170 1
106 141 1
38 75 2
65 82 2
70 169 1
71 126 2
32 47 2
23 47 2
59 98 2
46 142 1
21 80 2
30 49 2
46 56 2
2 126 1
2 161 1
19 128 1
88 122 2
78 96 2
20 95 2
47 112 2
13 49 2
24 41 2
27 42 2
10 36 2
52 105 2
7 106 2
57 68 2
1 40 2
76 109 2
6 20 2
53 59 2
34 128 1
67 86 2
49 169 2
0 18 2
1 72 2
32 70 2
43 146 1
6 54 2
77 78 2
21 30 2
75 168 1
54 177 2
22 47 2
78 83 2
8 34 2
1 152 1
3 46 2
26 102 2
31 48 2
23 169 2
91 99 2
55 58 2
51 68 2
24 86 2
35 42 2
3 58 2
11 51 2
84 88 2
2 172 2
95 173 2
32 92 2
22 89 2
61 90 2
43 159 2
26 29 2
48 64 2
6 105 2
72 132 1
52 69 2
52 70 2
23 181 2
53 71 2
66 181 1
19 41 2
82 113 2
86 182 1
54 56 2
3 83 2
46 80 2
45 101 2
61 67 2
29 90 2
0 64 2
41 75 2
36 112 2
54 88 2
17 117 2
44 56 2
44 103 2
31 103 2
7 28 2
99 183 2
15 38 2
9 45 2
43 69 2
9 99 2
11 169 1
89 104 2
28 159 1
73 169 1
11 99 2
51 96 2
72 175 1
21 148 1
22 34 2
13 153 2
3 94 2
50 143 2
26 72 2
71 96 2
95 106 2
94 167 1
77 96 2
30 84 2
21 55 2
45 79 2
25 151 2
63 157 2
61 66 2
12 118 2
16 91 2
31 87 2
51 93 2
12 60 2
65 101 2
34 132 1
24 100 2
98 134 1
78 112 2
8 10 2
22 94 2
71 157 1
92 167 1
27 54 2
21 118 1
94 104 2
69 143 1
40 67 2
87 157 1
45 73 2
23 68 2
75 116 1
22 29 2
7 63 2
81 113 2
24 39 2
61 98 2
10 43 2
35 171 1
7 101 2
103 154 1
35 86 2
77 108 2
70 180 2
88 152 2
95 128 1
49 93 2
77 98 2
39 183 1
1 129 1
90 179 2
21 24 2
30 88 2
32 139 1
72 164 1
16 29 2
70 93 2
64 108 2
31 84 2
50 183 2
108 159 1
27 85 2
33 97 2
90 94 2
82 107 2
43 100 2
80 167 2
51 61 2
25 90 2
7 23 2
3 38 2
85 96 2
15 154 2
6 85 2
40 80 2
59 76 2
30 173 1
70 84 2
56 110 2
28 40 2
92 108 2
63 105 2
20 82 2
83 96 2
75 105 2
20 37 2
37 109 2
106 155 2
39 58 2
58 88 2
4 185 1
2 65 2
17 188 2
78 85 2
9 137 1
64 121 1
19 65 2
45 82 2
93 185 1
25 93 2
106 111 2
5 55 2
24 104 2
0 115 1
38 56 2
106 179 2
25 111 2
67 101 2
48 75 2
83 159 1
45 100 2
26 56 2
51 92 2
38 176 1
5 171 1
8 12 2
99 105 2
42 111 2
23 64 2
38 60 2
52 83 2
0 41 2
40 155 1
20 61 2
24 95 2
11 42 2
23 29 2
56 100 2
10 52 2
19 131 1
20 59 2
84 90 2
26 183 1
14 48 2
65 94 2
112 137 1
60 159 1
0 177 1
76 92 2
21 62 2
50 98 2
37 96 2
89 96 2
78 128 2
109 169 1
74 125 1
29 99 2
36 135 1
90 111 2
44 94 2
98 159 1
61 130 2
64 107 2
2 46 2
49 57 2
9 31 2
18 61 2
5 155 2
28 175 1
61 92 2
3 22 2
1 93 2
11 111 2
47 141 2
34 42 2
32 112 2
27 111 2
109 178 1
44 101 2
19 113 2
111 146 2
11 88 2
68 132 2
44 125 1
0 35 2
66 123 1
61 150 1
26 30 2
34 96 2
31 43 2
13 30 2
16 111 2
88 106 2
24 48 2
22 41 2
4 37 2
18 55 2
63 70 2
12 153 2
41 80 2
28 72 2
2 14 2
9 75 2
56 68 2
50 109 2
55 96 2
28 34 2
14 100 2
49 94 2
17 58 2
11 80 2
1 36 2
38 46 2
23 41 2
49 102 2
5 153 2
11 48 2
5 18 2
35 89 2
32 91 2
99 101 2
2 16 2
38 44 2
48 137 1
35 143 1
16 85 2
87 88 2
111 179 1
21 27 2
6 102 2
22 184 1
51 79 2
63 156 2
80 98 2
40 55 2
12 109 2
25 92 2
36 52 2
12 83 2
17 37 2
85 113 2
46 85 2
44 96 2
34 59 2
99 110 2
52 110 2
42 129 2
69 76 2
41 105 2
46 77 2
9 61 2
14 75 2
11 35 2
4 99 2
51 94 2
59 75 2
45 83 2
69 99 2
91 129 1
34 154 1
10 112 2
13 109 2
1 69 2
19 91 2
67 124 2
4 62 2
85 108 2
56 112 2
57 111 2
30 107 2
41 45 2
54 105 2
8 101 2
48 113 2
17 128 2
35 85 2
14 113 2
32 45 2
3 81 2
38 59 2
68 178 1
37 63 2
28 73 2
34 36 2
10 107 2
63 171 1
41 93 2
98 127 2
14 73 2
42 104 2
3 15 2
7 20 2
84 113 2
34 71 2
9 64 2
9 10 2
14 128 1
57 81 2
68 108 2
4 81 2
66 107 2
17 68 2
0 88 2
51 69 2
73 100 2
87 101 2
30 97 2
65 140 2
2 146 2
27 67 2
60 69 2
7 57 2
38 48 2
8 115 1
49 90 2
55 75 2
40 161 2
23 91 2
15 174 2
23 132 1
84 87 2
111 124 2
11 37 2
12 179 1
42 53 2
67 154 2
102 162 1
32 149 1
25 82 2
72 105 2
65 95 2
37 56 2
90 124 1
8 111 2
64 106 2
21 56 2
80 186 2
31 36 2
12 122 2
55 147 1
43 125 2
36 45 2
51 163 2
41 54 2
67 84 2
37 95 2
37 140 2
57 153 1
36 63 2
67 178 1
35 76 2
2 44 2
100 174 1
65 161 1
13 35 2
63 77 2
10 184 2
47 147 2
10 18 2
81 140 1
50 184 2
21 47 2
28 106 2
27 74 2
25 104 2
30 79 2
39 82 2
58 101 2
13 75 2
21 37 2
88 187 1
45 90 2
24 73 2
62 154 2
73 166 1
74 106 2
15 57 2
46 153 1
0 30 2
4 150 1
92 109 2
92 178 2
25 94 2
28 109 2
75 93 2
16 63 2
34 180 2
66 70 2
14 64 2
77 110 2
7 104 2
79 135 1
55 71 2
76 139 1
65 96 2
44 179 1
3 113 2
51 109 2
31 81 2
8 141 2
3 55 2
12 73 2
43 83 2
5 66 2
15 89 2
5 111 2
43 94 2
100 118 1
10 94 2
54 108 2
105 180 1
55 165 2
80 82 2
88 116 1
31 159 2
49 51 2
5 23 2
17 53 2
21 85 2
57 106 2
67 76 2
36 120 1
76 82 2
2 99 2
76 85 2
0 77 2
6 56 2
73 163 1
86 96 2
66 143 1
21 68 2
36 51 2
3 76 2
19 134 1
44 188 2
110 115 2
91 95 2
98 99 2
16 40 2
77 82 2
35 98 2
94 178 1
113 130 1
65 98 2
14 76 2
43 80 2
40 68 2
72 93 2
81 154 1
41 68 2
58 157 1
58 82 2
80 118 1
60 71 2
105 166 1
44 69 2
45 50 2
108 151 2
73 106 2
61 77 2
40 58 2
63 97 2
84 111 2
8 29 2
13 132 1
43 97 2
60 77 2
4 41 2
53 106 2
31 112 2
82 182 1
0 49 2
46 53 2
8 60 2
17 42 2
86 111 2
50 73 2
60 97 2
14 77 2
70 186 2
93 152 1
113 146 2
30 47 2
41 111 2
21 39 2
50 122 2
75 90 2
7 79 2
7 42 2
7 172 2
0 27 2
42 138 1
68 117 1
2 82 2
39 78 2
20 79 2
29 56 2
17 49 2
30 83 2
16 70 2
20 134 1
17 93 2
38 87 2
15 125 1
8 69 2
76 103 2
90 141 1
6 34 2
44 102 2
28 91 2
12 74 2
50 90 2
6 58 2
98 145 1
0 28 2
111 187 1
42 51 2
22 167 2
81 124 2
22 32 2
73 74 2
97 182 1
34 53 2
0 56 2
8 71 2
0 183 2
33 182 2
86 142 1
54 96 2
70 111 2
55 174 2
10 50 2
26 87 2
12 116 2
61 135 1
40 94 2
81 129 1
7 39 2
30 127 1
28 32 2
23 124 2
71 176 1
8 158 1
20 72 2
72 76 2
38 65 2
99 130 1
53 62 2
67 118 2
15 88 2
38 77 2
39 98 2
58 65 2
55 112 2
69 114 2
0 101 2
21 102 2
17 40 2
39 86 2
29 164 1
85 109 2
74 86 2
32 95 2
38 62 2
65 67 2
14 27 2
8 42 2
16 37 2
7 25 2
0 174 2
29 153 1
52 106 2
1 109 2
11 19 2
52 90 2
44 86 2
10 64 2
81 168 1
96 97 2
54 111 2
34 75 2
39 104 2
4 135 1
77 178 1
14 38 2
78 90 2
5 79 2
91 173 1
73 110 2
76 84 2
60 82 2
9 51 2
82 177 2
65 118 2
9 114 2
98 173 1
20 116 1
48 88 2
36 72 2
48 87 2
31 127 2
98 162 1
63 150 1
20 60 2
22 48 2
17 79 2
59 79 2
24 107 2
65 88 2
49 112 2
20 142 1
51 154 2
92 104 2
64 102 2
21 99 2
2 56 2
5 35 2
87 91 2
21 140 1
89 181 1
44 47 2
9 41 2
29 32 2
63 98 2
31 39 2
50 60 2
23 40 2
51 188 2
52 91 2
4 5 2
15 41 2
98 132 1
101 107 2
93 112 2
49 110 2
93 158 1
106 107 2
41 43 2
40 97 2
81 88 2
12 80 2
53 108 2
73 88 2
1 95 2
0 168 2
21 125 1
52 172 1
72 80 2
45 179 2
5 56 2
48 106 2
73 78 2
14 173 1
18 34 2
33 103 2
13 112 2
27 75 2
90 105 2
41 106 2
63 80 2
49 55 2
14 16 2
10 74 2
57 87 2
12 148 1
11 129 2
36 70 2
0 25 2
80 99 2
0 31 2
23 27 2
100 125 1
28 51 2
66 111 2
90 91 2
9 89 2
25 156 2
88 108 2
4 108 2
64 76 2
100 113 2
73 161 1
23 187 1
2 141 2
2 113 2
9 66 2
74 76 2
30 105 2
6 8 2
49 162 2
104 125 1
3 26 2
43 141 2
26 109 2
8 20 2
44 165 1
18 94 2
49 91 2
3 89 2
81 92 2
58 138 1
5 21 2
26 95 2
20 89 2
3 142 1
94 146 1
24 30 2
11 32 2
71 76 2
97 114 1
4 100 2
48 61 2
16 82 2
60 107 2
77 81 2
98 108 2
2 98 2
4 189 1
44 63 2
32 63 2
97 175 1
1 27 2
10 48 2
2 33 2
108 134 2
47 56 2
84 94 2
41 60 2
85 90 2
22 96 2
60 167 1
13 43 2
18 33 2
34 48 2
55 110 2
47 96 2
67 127 2
74 94 2
70 76 2
1 92 2
11 142 2
0 127 1
20 182 1
0 89 2
12 88 2
90 95 2
13 110 2
34 80 2
79 109 2
7 35 2
104 139 1
48 54 2
57 79 2
57 76 2
104 127 2
37 106 2
34 70 2
36 99 2
35 79 2
85 98 2
71 95 2
5 14 2
43 158 1
77 162 1
50 102 2
41 84 2
15 35 2
4 46 2
5 10 2
72 151 1
57 77 2
73 83 2
25 68 2
13 70 2
111 189 1
83 115 1
13 52 2
90 99 2
70 105 2
12 98 2
86 109 2
39 94 2
62 95 2
34 112 2
13 67 2
8 99 2
112 172 2
14 36 2
13 51 2
76 111 2
37 137 1
64 172 1
39 65 2
88 110 2
9 103 2
83 129 2
74 141 2
10 23 2
3 32 2
47 115 1
59 64 2
24 70 2
9 26 2
70 165 1
5 62 2
6 179 1
1 145 1
106 132 1
31 55 2
12 112 2
2 55 2
1 104 2
6 38 2
4 94 2
30 162 2
96 102 2
0 85 2
25 50 2
79 96 2
19 37 2
30 44 2
6 95 2
15 175 1
74 116 2
54 74 2
70 160 1
35 99 2
19 103 2
65 152 1
88 99 2
39 69 2
54 68 2
14 82 2
22 50 2
2 91 2
60 158 1
33 92 2
79 133 1
28 45 2
73 130 1
19 56 2
8 49 2
86 106 2
102 107 2
58 168 1
43 145 2
66 86 2
76 173 1
32 60 2
108 156 1
19 72 2
11 52 2
96 101 2
98 163 1
27 108 2
8 109 2
10 88 2
44 97 2
4 85 2
15 68 2
71 167 1
8 105 2
17 63 2
9 101 2
73 84 2
65 90 2
26 54 2
54 55 2
92 141 2
12 24 2
6 72 2
26 97 2
31 154 1
36 37 2
48 73 2
0 108 2
39 76 2
28 59 2
19 107 2
57 80 2
23 76 2
48 51 2
9 139 1
25 57 2
40 183 1
15 53 2
52 88 2
15 169 2
71 165 1
65 148 1
16 28 2
19 27 2
98 111 2
21 25 2
77 177 1
17 148 2
10 135 1
65 132 2
69 169 1
30 58 2
5 16 2
17 130 1
35 73 2
47 50 2
49 60 2
41 50 2
91 102 2
6 173 2
96 165 1
40 111 2
108 165 1
44 46 2
48 80 2
37 41 2
11 85 2
33 116 2
17 21 2
82 159 2
17 133 2
56 172 1
22 45 2
10 60 2
9 112 2
12 35 2
88 97 2
83 87 2
21 63 2
63 78 2
72 78 2
27 96 2
46 105 2
41 109 2
47 109 2
71 142 1
2 27 2
18 117 2
41 186 2
13 85 2
69 92 2
45 134 1
83 93 2
49 137 1
91 104 2
55 57 2
65 80 2
31 40 2
36 123 1
3 28 2
59 87 2
47 55 2
37 70 2
37 48 2
106 130 1
47 131 1
10 45 2
82 112 2
46 71 2
18 146 1
15 61 2
1 33 2
27 63 2
52 54 2
79 86 2
32 169 1
64 173 2
33 86 2
55 86 2
83 102 2
102 151 2
51 88 2
34 101 2
0 182 1
94 110 2
103 148 1
5 30 2
78 157 1
42 47 2
26 82 2
67 77 2
39 186 1
79 97 2
21 98 2
58 85 2
16 93 2
12 93 2
37 135 1
4 72 2
13 111 2
38 106 2
41 42 2
26 43 2
82 96 2
24 111 2
48 127 2
100 177 1
31 121 2
19 26 2
53 177 1
3 87 2
31 56 2
25 39 2
25 109 2
44 142 1
32 38 2
43 107 2
1 67 2
19 48 2
45 104 2
15 64 2
48 116 1
29 161 1
95 170 1
74 105 2
38 64 2
82 156 1
77 91 2
46 81 2
45 112 2
3 9 2
61 116 2
64 103 2
36 88 2
30 150 1
13 96 2
91 101 2
50 82 2
42 76 2
88 132 1
41 81 2
8 81 2
30 37 2
85 172 1
12 36 2
49 161 1
47 163 2
75 80 2
73 79 2
95 150 1
2 184 2
99 125 2
40 106 2
73 98 2
37 175 2
28 104 2
25 27 2
0 151 2
3 41 2
85 87 2
42 112 2
92 105 2
79 105 2
17 52 2
38 118 1
93 96 2
20 91 2
43 147 2
44 52 2
21 135 2
53 73 2
23 58 2
43 164 1
82 97 2
26 80 2
40 108 2
62 178 1
31 35 2
31 72 2
24 82 2
54 163 2
18 89 2
39 54 2
17 113 2
9 164 1
70 82 2
16 54 2
8 66 2
38 153 2
9 67 2
51 66 2
81 99 2
72 90 2
57 105 2
38 96 2
48 153 1
19 102 2
7 97 2
1 159 2
53 63 2
14 80 2
80 92 2
73 164 1
93 155 2
41 97 2
98 117 2
49 166 1
79 82 2
13 76 2
24 58 2
2 34 2
80 178 1
26 173 1
53 182 2
57 107 2
39 85 2
35 58 2
102 170 1
28 97 2
83 156 1
25 88 2
53 61 2
105 114 2
60 113 2
76 100 2
101 145 2
31 113 2
12 50 2
35 112 2
30 59 2
42 113 2
5 12 2
15 80 2
2 80 2
94 189 1
45 106 2
28 48 2
16 131 1
35 184 1
20 98 2
32 129 1
30 32 2
6 65 2
46 74 2
18 19 2
1 24 2
47 134 1
48 97 2
3 104 2
4 45 2
10 39 2
11 69 2
16 59 2
46 102 2
69 111 2
25 48 2
11 59 2
55 157 1
26 188 1
29 55 2
49 119 1
31 109 2
18 51 2
36 42 2
49 108 2
55 107 2
51 118 1
4 122 2
0 3 2
5 176 2
56 89 2
93 127 1
16 109 2
19 133 1
48 115 1
38 181 1
83 107 2
40 76 2
13 86 2
60 101 2
19 62 2
109 144 1
76 145 2
26 71 2
20 53 2
70 72 2
22 52 2
28 57 2
48 98 2
9 84 2
60 64 2
6 165 2
41 64 2
8 53 2
68 79 2
25 106 2
38 99 2
76 94 2
64 73 2
44 99 2
1 101 2
8 36 2
76 127 1
100 127 1
100 119 1
26 108 2
11 43 2
86 87 2
34 182 1
15 140 1
2 180 1
23 103 2
100 104 2
80 139 1
9 50 2
106 160 1
21 108 2
61 115 2
24 132 2
96 113 2
47 107 2
30 57 2
7 29 2
9 187 2
42 91 2
93 122 1
0 22 2
18 23 2
6 103 2
10 28 2
36 74 2
46 103 2
17 104 2
31 96 2
7 102 2
12 44 2
6 59 2
54 91 2
47 95 2
31 65 2
4 88 2
10 111 2
109 186 1
11 112 2
37 145 1
10 80 2
70 95 2
70 74 2
11 125 1
67 108 2
48 158 1
18 31 2
37 44 2
22 24 2
39 161 1
1 9 2
27 34 2
31 122 1
23 96 2
30 141 2
32 159 1
18 35 2
60 61 2
63 123 2
40 54 2
15 104 2
104 109 2
82 124 2
13 58 2
77 107 2
28 92 2
3 110 2
49 109 2
23 188 1
68 92 2
34 108 2
103 105 2
17 108 2
82 92 2
61 137 2
3 43 2
68 112 2
29 152 2
56 101 2
14 187 1
6 50 2
88 109 2
83 92 2
44 70 2
25 95 2
38 172 1
3 4 2
88 91 2
26 64 2
44 109 2
20 109 2
33 75 2
52 97 2
84 151 1
9 107 2
102 140 1
54 97 2
85 88 2
61 74 2
9 39 2
28 95 2
20 112 2
46 106 2
21 156 1
50 71 2
11 93 2
18 159 1
33 101 2
20 47 2
78 147 1
1 100 2
93 163 2
3 19 2
2 185 1
48 74 2
46 70 2
26 165 2
46 112 2
94 111 2
14 54 2
2 103 2
29 137 2
15 47 2
42 99 2
45 48 2
13 141 2
65 87 2
21 168 1
111 188 2
35 84 2
21 113 2
8 151 1
11 113 2
13 81 2
85 105 2
9 91 2
26 138 1
29 119 1
19 69 2
83 126 1
23 106 2
26 44 2
2 138 1
43 131 1
0 135 1
34 58 2
28 33 2
69 74 2
28 86 2
94 132 1
0 92 2
72 85 2
25 113 2
12 22 2
21 26 2
41 53 2
29 86 2
22 93 2
25 40 2
61 183 2
65 115 2
48 143 1
1 73 2
8 52 2
54 72 2
25 42 2
13 48 2
40 44 2
17 62 2
48 134 2
45 81 2
46 94 2
45 85 2
63 95 2
82 111 2
43 102 2
35 110 2
56 156 1
39 64 2
77 111 2
73 114 2
79 115 1
11 65 2
37 102 2
18 92 2
0 37 2
93 149 1
31 97 2
82 102 2
65 86 2
78 93 2
7 80 2
80 153 1
65 138 1
4 101 2
27 92 2
65 112 2
2 61 2
4 140 2
6 44 2
75 124 1
64 112 2
19 46 2
25 148 1
79 169 1
71 109 2
2 47 2
48 72 2
7 145 1
0 140 2
103 141 2
38 105 2
89 107 2
37 98 2
61 85 2
58 93 2
54 119 1
61 100 2
42 117 2
48 76 2
3 18 2
4 109 2
65 113 2
14 156 1
37 67 2
29 130 1
45 103 2
22 54 2
68 81 2
80 183 1
65 175 1
49 64 2
7 11 2
24 31 2
38 159 1
33 65 2
2 112 2
9 94 2
87 96 2
18 113 2
74 88 2
25 66 2
29 76 2
94 114 1
52 118 1
12 47 2
51 90 2
2 97 2
18 57 2
58 99 2
75 104 2
2 28 2
4 118 2
79 110 2
77 134 1
46 84 2
24 65 2
21 107 2
74 89 2
19 101 2
43 63 2
25 182 2
62 66 2
50 55 2
1 19 2
26 70 2
99 133 1
59 62 2
41 113 2
13 66 2
104 150 1
84 127 2
6 63 2
60 80 2
23 105 2
46 88 2
44 128 1
46 134 1
45 80 2
28 61 2
75 172 1
15 76 2
54 83 2
5 28 2
36 47 2
58 62 2
52 183 1
8 17 2
23 31 2
70 97 2
29 81 2
97 148 1
86 122 1
6 13 2
40 129 1
71 82 2
50 89 2
14 86 2
5 151 1
19 148 2
6 79 2
26 118 1
23 60 2
74 139 1
3 95 2
66 98 2
6 17 2
23 77 2
7 24 2
12 75 2
24 35 2
100 168 2
54 78 2
12 78 2
82 165 1
23 36 2
49 117 2
24 28 2
34 72 2
105 169 1
2 90 2
58 104 2
25 184 2
57 150 1
53 68 2
101 160 2
2 31 2
62 110 2
93 160 1
34 46 2
10 99 2
22 80 2
16 36 2
18 36 2
71 91 2
36 60 2
40 60 2
6 66 2
97 132 1
69 87 2
32 57 2
107 187 1
10 104 2
66 67 2
93 137 2
6 100 2
9 110 2
71 93 2
15 109 2
53 78 2
22 86 2
58 89 2
8 108 2
83 169 1
8 104 2
75 183 1
52 101 2
44 67 2
65 162 2
42 80 2
56 92 2
69 151 1
58 181 2
13 92 2
30 66 2
34 123 1
17 66 2
100 186 1
32 89 2
4 50 2
42 73 2
66 90 2
38 133 2
103 129 2
69 83 2
52 89 2
32 100 2
65 70 2
17 32 2
64 83 2
2 9 2
76 80 2
18 157 1
14 106 2
15 90 2
28 60 2
32 34 2
95 111 2
38 88 2
75 98 2
37 54 2
101 110 2
62 76 2
17 74 2
62 158 2
44 108 2
0 21 2
26 77 2
14 151 2
2 70 2
0 74 2
10 145 1
17 145 1
101 179 1
5 174 1
73 103 2
85 166 1
25 108 2
10 108 2
45 95 2
18 47 2
58 130 1
12 101 2
88 117 2
90 93 2
101 152 1
71 159 1
7 83 2
43 55 2
55 182 2
70 131 1
55 90 2
32 96 2
7 16 2
12 14 2
6 113 2
69 144 1
111 143 1
108 163 1
26 151 2
11 181 2
101 169 1
50 83 2
22 81 2
26 60 2
71 144 1
64 94 2
73 112 2
100 116 1
41 163 2
61 156 1
48 108 2
50 61 2
39 129 1
43 90 2
37 76 2
30 78 2
69 91 2
83 158 1
76 147 2
22 85 2
13 151 1
3 118 1
71 110 2
56 118 1
15 106 2
48 186 2
82 85 2
44 131 2
76 154 1
58 92 2
70 89 2
23 52 2
38 167 1
30 85 2
88 100 2
10 140 2
38 83 2
49 65 2
44 76 2
22 130 1
17 121 1
10 15 2
37 139 2
87 187 1
0 79 2
48 95 2
65 78 2
36 64 2
112 130 1
5 29 2
64 74 2
40 95 2
48 81 2
102 103 2
69 186 1
62 74 2
27 86 2
22 38 2
86 105 2
32 52 2
84 85 2
105 126 1
103 106 2
18 29 2
90 166 1
109 189 1
4 106 2
58 98 2
2 19 2
98 103 2
27 90 2
51 77 2
3 106 2
51 57 2
6 86 2
75 92 2
41 76 2
36 105 2
2 86 2
13 99 2
26 88 2
3 103 2
14 104 2
70 91 2
19 67 2
36 69 2
69 167 2
16 151 2
21 31 2
65 135 1
59 90 2
39 67 2
47 80 2
62 83 2
2 85 2
110 137 1
97 157 2
80 85 2
30 112 2
29 156 1
13 60 2
91 97 2
59 129 2
2 24 2
75 107 2
86 98 2
60 136 1
3 107 2
1 84 2
30 48 2
32 167 1
26 86 2
14 78 2
27 145 1
50 57 2
52 125 1
10 162 1
0 4 2
57 71 2
51 100 2
24 138 1
2 13 2
57 122 1
103 121 1
86 177 1
43 85 2
1 8 2
31 186 1
19 95 2
80 84 2
32 33 2
2 48 2
33 41 2
92 116 1
73 101 2
0 111 2
78 146 2
9 20 2
104 124 1
108 144 2
13 154 1
78 105 2
89 113 2
50 53 2
2 10 2
58 76 2
5 41 2
62 67 2
104 174 1
99 158 1
20 153 2
44 50 2
74 102 2
72 86 2
101 149 2
25 65 2
71 188 1
1 121 2
53 54 2
64 135 2
49 62 2
18 178 1
6 62 2
69 152 2
104 134 1
3 8 2
32 51 2
23 107 2
5 88 2
28 90 2
36 78 2
78 94 2
80 108 2
21 111 2
106 108 2
21 28 2
64 100 2
87 89 2
30 123 1
10 26 2
81 85 2
50 69 2
8 79 2
59 73 2
77 182 1
69 98 2
4 12 2
47 110 2
19 127 2
46 183 1
106 110 2
40 71 2
40 186 1
36 162 1
13 29 2
3 80 2
2 93 2
61 162 1
20 80 2
33 81 2
15 31 2
13 65 2
59 108 2
23 62 2
20 68 2
70 80 2
4 175 1
1 114 2
35 158 1
78 158 1
104 181 1
99 161 1
95 97 2
45 107 2
41 78 2
23 85 2
3 20 2
54 186 2
4 80 2
49 88 2
17 69 2
23 115 1
9 148 1
90 108 2
16 90 2
62 73 2
43 61 2
27 49 2
43 185 1
37 87 2
25 51 2
10 179 1
43 134 1
16 108 2
54 116 1
52 100 2
100 133 1
8 24 2
24 40 2
15 26 2
26 61 2
17 169 1
36 75 2
78 142 2
6 112 2
86 91 2
14 105 2
40 86 2
57 97 2
55 142 2
100 110 2
35 125 1
16 130 1
24 44 2
41 135 1
21 29 2
10 85 2
69 110 2
54 81 2
86 180 1
6 75 2
17 77 2
16 64 2
3 111 2
17 36 2
15 24 2
52 55 2
7 14 2
101 127 1
22 108 2
3 79 2
12 16 2
17 27 2
57 74 2
20 81 2
5 81 2
56 67 2
97 102 2
71 84 2
82 169 2
67 155 2
24 88 2
61 65 2
5 96 2
56 131 2
14 147 1
59 102 2
6 14 2
26 40 2
87 109 2
74 118 1
57 117 1
34 82 2
53 93 2
39 95 2
6 47 2
30 41 2
4 14 2
42 181 1
62 183 2
20 132 2
45 162 2
36 81 2
107 109 2
27 48 2
53 148 1
2 100 2
25 171 2
54 86 2
25 85 2
51 107 2
81 103 2
33 177 1
21 81 2
42 124 1
10 96 2
29 82 2
39 100 2
111 172 2
51 64 2
29 39 2
92 126 1
6 186 2
6 55 2
25 36 2
27 177 2
102 179 1
14 65 2
9 69 2
29 110 2
20 99 2
112 119 1
48 56 2
60 176 1
14 40 2
31 79 2
71 127 2
69 105 2
5 9 2
8 76 2
42 64 2
65 180 2
20 85 2
65 71 2
40 101 2
18 44 2
27 29 2
51 76 2
45 159 1
100 109 2
84 91 2
49 118 1
19 165 1
11 86 2
15 58 2
80 103 2
15 65 2
42 105 2
89 137 1
105 173 1
29 108 2
32 80 2
25 100 2
68 88 2
45 92 2
56 111 2
38 103 2
67 159 1
43 112 2
40 127 2
84 103 2
55 60 2
77 180 2
17 24 2
54 94 2
48 103 2
60 151 1
79 183 1
33 70 2
22 98 2
43 101 2
37 179 1
28 186 2
31 46 2
0 66 2
16 157 1
23 78 2
83 109 2
1 18 2
27 97 2
107 119 1
0 91 2
46 160 1
23 51 2
50 92 2
23 35 2
76 188 2
93 118 1
66 100 2
102 154 1
15 63 2
45 146 2
52 99 2
5 127 1
68 113 2
15 20 2
51 74 2
3 24 2
5 75 2
20 163 1
37 141 1
49 61 2
49 67 2
31 128 1
12 18 2
79 168 2
17 135 1
30 43 2
11 15 2
7 15 2
30 145 2
68 77 2
92 164 2
20 76 2
110 117 2
38 69 2
68 87 2
76 131 1
18 26 2
10 41 2
64 84 2
44 110 2
23 150 1
58 115 1
18 101 2
2 52 2
3 90 2
87 136 2
96 111 2
31 80 2
101 153 2
30 169 1
86 175 1
45 113 2
42 85 2
61 82 2
52 75 2
72 79 2
60 157 1
44 79 2
47 102 2
14 41 2
45 105 2
9 35 2
77 86 2
14 90 2
98 140 1
41 58 2
4 30 2
43 172 1
32 104 2
80 86 2
52 63 2
42 106 2
33 52 2
30 90 2
34 185 1
9 163 1
7 40 2
11 173 1
54 93 2
22 180 2
62 101 2
95 143 1
2 73 2
33 82 2
109 110 2
67 90 2
27 103 2
5 82 2
53 82 2
65 106 2
37 55 2
98 100 2
0 98 2
1 6 2
95 138 1
18 72 2
88 134 1
47 104 2
2 32 2
29 31 2
24 103 2
6 49 2
81 110 2
1 52 2
33 105 2
67 168 2
54 67 2
60 111 2
30 73 2
25 29 2
8 130 1
102 157 2
39 56 2
27 105 2
46 163 2
78 187 1
27 56 2
56 160 1
11 165 1
63 109 2
1 57 2
4 86 2
48 102 2
70 103 2
8 183 1
27 159 2
35 75 2
52 157 1
106 136 1
31 64 2
50 135 2
96 163 1
29 66 2
4 90 2
74 84 2
63 166 2
82 83 2
67 106 2
17 35 2
49 86 2
56 113 2
30 124 1
33 46 2
27 109 2
39 41 2
86 147 1
66 158 1
55 95 2
54 153 2
77 89 2
38 179 1
81 84 2
112 135 1
19 90 2
0 11 2
42 72 2
44 84 2
44 113 2
74 95 2
100 124 1
11 70 2
82 104 2
34 51 2
80 95 2
8 97 2
89 168 1
97 166 1
94 109 2
42 74 2
43 163 1
8 94 2
9 119 1
85 182 2
1 22 2
30 42 2
58 77 2
3 97 2
55 83 2
39 72 2
25 55 2
60 152 2
97 149 1
105 187 1
29 113 2
10 98 2
103 142 2
52 62 2
37 52 2
95 188 2
76 99 2
70 98 2
18 50 2
102 111 2
65 121 1
28 87 2
25 37 2
17 82 2
26 140 1
77 171 1
32 176 2
29 101 2
4 18 2
55 145 1
0 7 2
104 159 1
32 166 2
64 97 2
20 96 2
40 146 2
73 149 1
1 94 2
13 55 2
43 46 2
83 90 2
7 26 2
7 22 2
59 142 2
19 45 2
79 89 2
55 102 2
53 100 2
83 99 2
26 110 2
68 105 2
25 26 2
46 58 2
79 88 2
66 102 2
32 61 2
53 75 2
60 95 2
14 26 2
47 105 2
1 179 1
38 110 2
24 87 2
35 72 2
39 108 2
27 31 2
59 81 2
1 77 2
36 95 2
24 68 2
29 42 2
5 92 2
16 55 2
82 95 2
16 158 2
94 162 1
27 77 2
87 102 2
1 161 1
66 103 2
68 104 2
2 92 2
13 130 1
94 116 2
25 32 2
20 173 1
84 107 2
21 176 1
88 163 1
61 102 2
40 52 2
57 141 1
89 109 2
12 162 1
101 111 2
13 26 2
4 34 2
1 71 2
39 45 2
17 173 1
100 155 1
32 67 2
50 108 2
18 98 2
7 82 2
56 57 2
1 44 2
48 67 2
8 82 2
65 104 2
40 62 2
80 111 2
9 37 2
28 37 2
34 39 2
29 51 2
19 59 2
38 68 2
41 73 2
16 75 2
8 95 2
44 100 2
112 167 2
79 188 1
0 9 2
69 77 2
7 105 2
49 99 2
5 49 2
57 70 2
54 82 2
61 126 1
51 73 2
53 134 1
51 82 2
20 158 1
63 140 1
49 96 2
17 189 1
34 65 2
12 68 2
63 92 2
82 103 2
62 156 1
96 128 2
105 113 2
1 17 2
0 71 2
19 31 2
19 106 2
27 102 2
43 96 2
88 93 2
58 112 2
12 59 2
1 14 2
42 43 2
36 59 2
78 175 1
0 52 2
39 80 2
52 160 1
39 188 1
84 123 1
43 81 2
23 57 2
44 61 2
94 187 1
9 189 1
52 96 2
27 106 2
39 182 2
40 89 2
28 88 2
23 38 2
28 100 2
60 96 2
1 158 1
58 60 2
46 96 2
83 108 2
15 117 1
69 154 1
52 71 2
17 50 2
71 102 2
24 37 2
99 102 2
79 182 2
91 113 2
76 93 2
85 99 2
34 67 2
31 76 2
68 144 2
1 64 2
13 23 2
7 109 2
91 189 1
12 114 1
80 106 2
35 90 2
12 185 1
14 52 2
1 59 2
100 105 2
38 95 2
60 74 2
29 89 2
29 46 2
70 87 2
38 141 2
25 169 1
95 157 1
56 108 2
55 73 2
54 104 2
26 160 1
76 169 2
48 177 1
66 115 1
51 183 1
35 78 2
29 63 2
0 103 2
32 135 1
109 181 1
30 129 2
80 124 1
39 89 2
21 32 2
4 82 2
54 167 1
82 89 2
38 104 2
94 145 2
68 91 2
31 66 2
36 55 2
14 150 1
13 136 2
12 123 1
45 166 1
110 111 2
45 188 1
24 71 2
20 49 2
31 108 2
26 74 2
73 96 2
59 101 2
92 101 2
37 174 1
42 66 2
8 54 2
1 28 2
37 46 2
17 170 1
23 86 2
104 108 2
61 101 2
20 105 2
57 63 2
25 188 2
33 117 1
3 96 2
105 124 2
93 107 2
11 33 2
3 57 2
34 61 2
76 189 1
3 29 2
24 96 2
107 129 1
42 56 2
38 43 2
15 87 2
46 177 1
42 102 2
86 92 2
66 134 1
8 150 1
61 175 2
70 102 2
78 139 1
4 169 1
67 113 2
77 145 1
37 107 2
32 111 2
45 164 2
53 58 2
53 97 2
55 98 2
6 30 2
42 95 2
57 173 1
44 87 2
3 62 2
47 62 2
44 54 2
7 92 2
12 57 2
86 125 1
23 93 2
50 81 2
11 96 2
105 185 1
41 71 2
95 169 1
55 97 2
88 167 2
1 11 2
45 46 2
16 83 2
28 58 2
48 105 2
34 73 2
74 87 2
76 141 2
73 94 2
23 88 2
92 131 1
45 99 2
24 176 1
47 63 2
58 67 2
69 137 1
26 105 2
5 48 2
42 88 2
67 75 2
67 91 2
27 45 2
41 65 2
8 98 2
112 136 1
8 47 2
36 54 2
49 74 2
37 38 2
38 102 2
46 146 2
93 161 1
31 54 2
8 75 2
68 73 2
45 187 1
53 83 2
16 88 2
92 150 1
91 147 2
14 95 2
86 179 1
42 126 2
41 88 2
54 188 1
37 126 2
60 142 1
39 93 2
20 50 2
12 37 2
26 85 2
30 71 2
53 144 1
8 110 2
51 95 2
10 73 2
6 64 2
92 125 1
56 115 2
25 41 2
8 80 2
3 149 1
22 121 2
74 80 2
81 105 2
89 111 2
32 110 2
6 19 2
36 62 2
13 95 2
16 35 2
76 86 2
82 88 2
30 77 2
4 54 2
62 120 2
15 82 2
2 87 2
24 52 2
19 153 2
69 121 1
30 40 2
61 103 2
13 91 2
59 111 2
38 58 2
80 129 1
5 141 1
42 58 2
3 7 2
48 109 2
25 62 2
34 54 2
26 49 2
81 184 2
62 91 2
45 49 2
36 89 2
23 44 2
107 112 2
44 66 2
51 114 1
3 127 2
90 109 2
31 44 2
19 52 2
14 56 2
50 110 2
0 62 2
58 80 2
96 149 1
61 141 1
74 78 2
89 179 1
18 75 2
17 96 2
26 112 2
111 147 2
35 91 2
80 175 1
22 82 2
85 103 2
47 69 2
68 102 2
17 81 2
54 60 2
94 95 2
36 181 1
65 129 1
19 66 2
104 151 1
49 85 2
28 79 2
103 167 1
28 116 1
81 94 2
104 189 2
57 75 2
97 108 2
41 94 2
67 146 1
58 78 2
17 95 2
15 18 2
72 106 2
0 158 1
37 42 2
63 106 2
34 134 2
0 144 1
104 126 2
35 96 2
47 74 2
34 52 2
69 73 2
1 12 2
10 63 2
73 186 2
17 55 2
58 75 2
18 65 2
33 96 2
51 63 2
14 53 2
62 176 1
41 55 2
100 107 2
69 103 2
43 179 1
48 84 2
11 168 1
59 88 2
37 94 2
4 26 2
37 186 1
29 35 2
47 61 2
93 148 2
15 36 2
102 172 1
113 128 2
34 84 2
77 103 2
6 36 2
71 174 2
1 148 1
30 111 2
78 102 2
16 74 2
69 161 2
83 104 2
38 97 2
41 70 2
19 154 2
23 111 2
99 109 2
5 95 2
24 84 2
12 181 2
88 98 2
64 91 2
82 115 2
51 85 2
5 84 2
22 51 2
19 122 1
3 53 2
0 23 2
12 39 2
65 89 2
63 110 2
91 93 2
61 174 2
24 113 2
5 63 2
35 52 2
18 90 2
49 177 2
89 90 2
11 17 2
108 160 2
29 79 2
11 79 2
12 87 2
105 108 2
58 61 2
48 118 1
52 94 2
2 83 2
16 99 2
42 44 2
92 110 2
36 92 2
33 157 1
106 142 1
34 64 2
75 89 2
12 25 2
72 148 1
4 142 1
18 130 2
89 100 2
1 75 2
5 65 2
26 66 2
34 81 2
27 112 2
4 15 2
3 61 2
22 30 2
53 70 2
71 85 2
2 74 2
78 91 2
1 30 2
29 41 2
14 92 2
75 101 2
78 95 2
23 66 2
16 68 2
49 78 2
55 183 2
84 97 2
5 122 1
34 131 2
1 127 1
15 170 1
64 134 1
57 100 2
51 65 2
12 172 1
70 110 2
35 88 2
24 102 2
19 142 1
52 103 2
34 38 2
56 99 2
1 142 2
18 45 2
103 107 2
53 91 2
9 181 2
56 102 2
55 109 2
30 80 2
43 62 2
71 123 1
77 124 1
31 34 2
34 88 2
52 119 1
57 188 2
9 42 2
66 76 2
77 185 1
26 101 2
35 47 2
64 157 2
3 108 2
49 113 2
37 91 2
19 85 2
54 57 2
92 95 2
85 102 2
64 67 2
17 87 2
9 59 2
6 11 2
97 110 2
85 112 2
52 73 2
48 49 2
25 75 2
43 59 2
74 91 2
70 108 2
11 81 2
9 60 2
16 106 2
21 77 2
27 93 2
25 53 2
11 187 2
25 91 2
27 143 1
35 60 2
84 96 2
35 156 1
84 160 1
39 61 2
6 70 2
9 78 2
13 31 2
43 51 2
39 109 2
8 83 2
78 109 2
53 74 2
29 84 2
71 154 2
20 133 1
101 102 2
11 45 2
2 62 2
83 154 1
18 82 2
90 183 1
99 112 2
47 156 1
97 127 1
40 165 1
55 94 2
33 87 2
31 141 1
14 50 2
85 106 2
42 75 2
28 149 2
88 96 2
15 62 2
57 109 2
29 97 2
68 158 1
6 76 2
72 110 2
34 110 2
61 164 1
77 181 1
16 95 2
0 147 2
57 125 1
2 96 2
3 137 1
79 108 2
55 128 1
93 103 2
63 71 2
38 100 2
44 90 2
88 102 2
9 134 1
79 84 2
67 83 2
42 69 2
10 34 2
7 74 2
54 79 2
43 182 2
32 50 2
82 91 2
31 77 2
27 94 2
27 99 2
4 44 2
40 57 2
45 108 2
46 49 2
1 55 2
32 46 2
56 146 1
77 97 2
1 4 2
17 41 2
18 52 2
23 123 1
28 36 2
20 27 2
45 63 2
5 26 2
79 113 2
72 103 2
22 65 2
72 92 2
25 89 2
93 109 2
1 128 2
79 159 2
106 138 1
93 157 1
22 26 2
19 80 2
99 187 1
1 37 2
67 97 2
26 126 2
94 180 1
56 80 2
49 52 2
32 72 2
51 84 2
67 123 1
0 78 2
32 88 2
38 170 1
16 42 2
103 132 1
65 105 2
50 123 1
95 146 2
35 109 2
67 96 2
39 53 2
66 101 2
31 85 2
13 42 2
19 173 2
73 87 2
93 138 2
96 98 2
87 139 1
5 22 2
80 93 2
111 169 2
13 188 2
38 144 1
13 104 2
76 87 2
27 80 2
57 96 2
3 56 2
28 54 2
74 107 2
3 68 2
71 92 2
79 93 2
90 177 1
14 87 2
22 49 2
39 107 2
16 107 2
63 76 2
55 121 2
89 98 2
73 134 1
105 181 1
18 71 2
46 189 1
19 79 2
0 19 2
62 97 2
86 167 2
19 61 2
76 110 2
36 145 2
43 168 2
86 95 2
34 94 2
25 79 2
56 98 2
93 95 2
30 63 2
7 41 2
19 32 2
19 84 2
23 183 1
24 177 1
46 75 2
63 188 1
22 57 2
8 11 2
17 43 2
61 111 2
79 134 1
19 104 2
43 47 2
3 48 2
34 140 1
63 81 2
45 60 2
106 159 2
66 93 2
13 127 1
55 68 2
21 69 2
32 76 2
33 155 2
42 48 2
108 149 1
11 25 2
28 70 2
10 17 2
75 150 2
91 151 1
4 53 2
15 55 2
2 72 2
17 88 2
17 85 2
36 50 2
20 149 1
77 189 1
5 136 2
67 104 2
65 97 2
1 42 2
74 111 2
84 120 2
9 16 2
30 106 2
12 29 2
8 133 1
6 183 1
78 86 2
53 109 2
23 45 2
28 93 2
35 133 1
36 46 2
24 80 2
101 159 1
36 93 2
28 102 2
56 103 2
49 142 1
5 99 2
23 80 2
30 98 2
54 69 2
2 5 2
113 121 1
26 90 2
17 65 2
31 94 2
11 44 2
21 82 2
64 81 2
57 67 2
31 105 2
52 77 2
80 83 2
2 25 2
73 81 2
0 185 2
22 91 2
104 106 2
93 189 2
60 99 2
15 128 1
12 108 2
95 96 2
8 32 2
17 176 1
13 77 2
51 78 2
14 21 2
75 79 2
9 175 2
109 111 2
14 29 2
63 68 2
6 77 2
27 40 2
24 55 2
67 130 1
23 82 2
8 112 2
32 178 2
74 164 1
52 114 1
60 89 2
96 103 2
26 75 2
30 39 2
70 96 2
21 40 2
111 142 1
9 111 2
13 165 1
57 176 2
10 134 2
77 102 2
38 76 2
74 178 1
12 96 2
41 48 2
19 28 2
11 57 2
95 99 2
11 54 2
52 61 2
48 89 2
36 119 1
16 127 1
20 26 2
11 46 2
34 86 2
55 103 2
81 100 2
4 32 2
1 74 2
22 115 1
68 111 2
62 94 2
86 124 1
75 85 2
73 184 1
43 65 2
79 186 1
17 86 2
33 110 2
0 59 2
14 62 2
41 177 1
11 36 2
75 88 2
82 139 2
107 122 1
90 174 2
58 81 2
45 183 1
71 139 1
56 62 2
63 151 2
35 108 2
14 84 2
30 101 2
46 168 1
19 96 2
40 184 2
8 68 2
57 182 1
1 54 2
5 47 2
94 101 2
4 71 2
61 97 2
26 184 1
100 102 2
0 109 2
4 165 1
29 64 2
1 138 1
47 64 2
2 42 2
13 44 2
46 101 2
70 113 2
10 152 1
82 90 2
10 137 1
39 177 2
77 113 2
26 103 2
26 35 2
101 109 2
27 33 2
6 41 2
13 40 2
76 83 2
42 62 2
32 101 2
100 145 1
14 60 2
15 94 2
12 70 2
48 96 2
11 98 2
3 102 2
83 177 2
27 58 2
43 110 2
18 96 2
3 157 1
57 102 2
0 184 2
16 121 1
40 103 2
83 97 2
65 66 2
99 175 1
27 184 1
94 125 1
12 58 2
62 116 1
55 100 2
6 172 1
5 43 2
15 172 1
37 88 2
5 42 2
10 55 2
7 18 2
54 92 2
10 27 2
16 154 2
40 123 2
108 180 2
17 61 2
52 78 2
107 134 1
64 88 2
15 67 2
67 95 2
32 62 2
23 157 1
51 151 2
112 156 1
39 175 1
5 86 2
62 111 2
90 138 2
37 80 2
50 54 2
8 129 1
57 73 2
60 105 2
53 101 2
11 107 2
9 83 2
25 56 2
13 18 2
31 45 2
32 187 1
53 84 2
28 65 2
24 110 2
28 166 1
93 187 1
64 89 2
32 137 1
67 80 2
42 70 2
52 92 2
37 83 2
12 81 2
60 85 2
33 72 2
11 12 2
13 20 2
55 146 2
56 94 2
1 89 2
82 100 2
31 59 2
56 106 2
71 99 2
105 128 1
47 73 2
27 39 2
26 99 2
78 148 2
72 100 2
35 59 2
49 101 2
86 89 2
68 140 1
5 67 2
8 43 2
61 119 1
63 135 1
70 99 2
22 178 1
3 23 2
49 97 2
90 101 2
58 74 2
21 184 1
60 67 2
59 120 2
0 40 2
66 176 1
96 174 1
61 62 2
51 99 2
67 172 1
22 150 1
27 84 2
56 82 2
21 74 2
94 157 1
86 113 2
45 64 2
78 165 1
72 98 2
12 149 1
13 113 2
51 97 2
15 49 2
18 100 2
63 120 1
17 71 2
85 141 1
55 74 2
76 79 2
47 101 2
71 155 2
55 63 2
7 45 2
24 105 2
4 188 1
67 112 2
89 159 1
63 103 2
38 111 2
17 107 2
0 54 2
58 94 2
64 105 2
35 95 2
26 27 2
48 68 2
13 98 2
7 53 2
2 3 2
39 59 2
16 100 2
41 66 2
70 92 2
54 84 2
12 76 2
2 67 2
21 65 2
4 127 1
78 107 2
58 140 2
30 113 2
14 89 2
54 109 2
4 113 2
80 120 1
22 73 2
6 51 2
43 108 2
48 63 2
8 51 2
67 116 1
30 46 2
65 110 2
43 95 2
11 13 2
38 82 2
27 57 2
10 79 2
13 186 1
1 79 2
111 158 1
29 45 2
93 106 2
83 100 2
1 16 2
21 112 2
33 144 1
26 63 2
70 123 2
15 75 2
110 152 2
47 168 2
0 67 2
30 70 2
11 119 2
17 103 2
6 94 2
69 149 1
81 120 1
33 127 2
96 170 1
23 99 2
72 122 1
3 45 2
93 143 1
39 181 1
10 66 2
56 95 2
72 83 2
41 79 2
15 27 2
24 165 1
21 110 2
46 76 2
100 157 2
102 110 2
31 82 2
18 30 2
6 117 1
51 54 2
23 119 1
30 38 2
26 33 2
27 81 2
87 93 2
91 92 2
70 83 2
4 178 1
72 139 2
38 41 2
79 132 1
62 109 2
78 108 2
16 26 2
17 51 2
85 151 1
12 111 2
63 87 2
69 125 2
52 102 2
80 162 2
20 83 2
49 105 2
37 53 2
41 86 2
65 173 2
73 77 2
44 48 2
66 91 2
6 68 2
54 89 2
16 61 2
9 70 2
25 58 2
90 129 1
10 38 2
73 109 2
107 113 2
12 178 2
46 122 1
24 127 1
8 143 1
24 106 2
21 187 1
101 155 1
62 88 2
103 113 2
71 101 2
38 53 2
17 29 2
73 76 2
2 51 2
70 139 1
30 179 1
19 47 2
101 143 2
28 53 2
18 74 2
16 53 2
92 183 1
51 80 2
37 161 1
77 85 2
51 55 2
25 146 1
71 78 2
14 94 2
3 85 2
23 73 2
21 73 2
104 187 1
59 92 2
67 79 2
39 51 2
36 176 1
63 91 2
60 180 1
75 171 1
22 87 2
37 61 2
59 69 2
77 148 1
16 139 1
46 123 2
48 172 1
31 50 2
18 107 2
64 156 1
14 102 2
56 88 2
5 57 2
91 108 2
18 115 1
79 129 1
11 53 2
90 106 2
60 62 2
31 83 2
60 156 1
22 107 2
98 150 1
5 52 2
13 19 2
5 58 2
0 119 2
87 143 1
63 100 2
7 70 2
42 92 2
53 86 2
50 103 2
9 33 2
41 114 1
10 76 2
18 73 2
50 78 2
17 23 2
21 181 1
33 93 2
66 168 1
26 104 2
38 54 2
51 123 1
86 104 2
18 56 2
26 76 2
74 177 2
9 87 2
8 44 2
49 141 2
14 34 2
19 87 2
35 62 2
63 79 2
74 119 1
28 173 1
91 109 2
22 69 2
40 118 2
64 164 1
15 39 2
58 64 2
18 81 2
94 107 2
49 98 2
10 84 2
54 98 2
80 112 2
3 71 2
58 111 2
27 188 2
63 155 1
55 143 1
83 84 2
89 99 2
92 93 2
53 152 1
7 84 2
4 24 2
10 40 2
0 10 2
31 170 2
92 174 2
25 107 2
47 169 1
20 58 2
6 43 2
56 107 2
23 113 2
84 162 2
54 63 2
1 7 2
4 9 2
87 125 1
49 73 2
109 118 1
4 21 2
87 95 2
14 101 2
2 29 2
97 100 2
71 168 1
27 51 2
32 69 2
107 135 2
93 111 2
57 88 2
16 73 2
49 50 2
39 121 1
9 108 2
10 83 2
98 144 1
59 109 2
40 59 2
1 76 2
10 81 2
29 92 2
17 59 2
28 162 2
68 96 2
68 84 2
36 76 2
71 133 2
22 97 2
102 158 2
1 25 2
84 182 1
60 98 2
50 79 2
47 88 2
47 128 1
17 146 1
10 25 2
0 13 2
6 188 1
77 112 2
52 72 2
18 63 2
75 95 2
87 162 1
28 98 2
11 84 2
111 150 1
39 47 2
102 144 2
23 72 2
6 83 2
7 107 2
108 174 1
68 80 2
88 149 1
64 82 2
52 76 2
80 94 2
21 54 2
35 70 2
6 69 2
84 101 2
29 58 2
74 186 1
44 133 1
92 115 1
11 22 2
67 88 2
62 128 1
12 157 1
25 28 2
24 112 2
32 128 1
9 65 2
68 128 1
12 144 1
88 111 2
102 188 1
53 55 2
43 175 1
51 86 2
84 189 1
51 72 2
64 66 2
63 108 2
103 175 2
20 101 2
82 188 2
41 74 2
17 46 2
32 43 2
7 30 2
41 119 1
20 78 2
55 70 2
2 20 2
81 111 2
29 172 1
31 78 2
53 164 1
4 83 2
4 65 2
28 112 2
22 104 2
23 89 2
83 110 2
12 33 2
102 106 2
8 121 1
80 87 2
22 102 2
7 86 2
1 13 2
22 67 2
19 74 2
107 167 2
30 67 2
6 53 2
98 174 1
22 56 2
20 63 2
17 91 2
33 106 2
39 49 2
28 62 2
21 88 2
16 81 2
44 72 2
7 10 2
46 90 2
107 166 1
15 50 2
55 77 2
24 161 1
19 81 2
23 79 2
16 22 2
66 75 2
63 178 2
44 107 2
51 58 2
74 90 2
32 145 2
29 71 2
20 92 2
1 65 2
4 43 2
108 189 2
9 25 2
72 87 2
26 154 2
26 100 2
51 56 2
25 83 2
108 152 2
62 70 2
11 27 2
74 77 2
23 114 1
43 44 2
29 95 2
89 97 2
28 136 1
9 63 2
70 73 2
8 39 2
82 86 2
18 48 2
55 85 2
30 81 2
96 140 2
12 65 2
59 104 2
21 92 2
19 70 2
7 115 1
84 99 2
31 75 2
28 81 2
33 85 2
61 108 2
39 75 2
68 100 2
66 109 2
106 115 2
5 179 1
19 82 2
45 62 2
22 44 2
48 99 2
46 97 2
14 79 2
34 105 2
58 96 2
73 173 1
22 60 2
53 116 2
76 77 2
37 167 2
92 106 2
9 156 1
20 48 2
108 172 1
57 178 1
31 67 2
51 126 1
93 108 2
33 109 2
19 29 2
16 137 1
71 158 1
49 89 2
19 98 2
18 91 2
55 87 2
2 79 2
8 57 2
9 44 2
41 131 1
19 58 2
105 160 1
13 155 1
34 93 2
75 142 2
24 85 2
65 179 1
26 45 2
65 72 2
59 123 2
67 93 2
21 35 2
1 91 2
41 69 2
64 114 1
47 152 1
98 148 1
77 164 2
54 128 2
98 165 2
6 39 2
113 161 1
37 124 1
81 165 2
46 86 2
37 40 2
0 60 2
67 137 1
26 28 2
32 74 2
83 130 2
68 95 2
27 107 2
78 97 2
32 116 2
24 72 2
55 99 2
93 136 2
86 88 2
30 54 2
31 37 2
58 100 2
60 68 2
50 121 1
18 165 1
26 107 2
44 55 2
6 88 2
97 173 1
69 85 2
30 118 1
69 90 2
22 43 2
38 119 1
11 90 2
24 69 2
2 75 2
1 125 1
86 97 2
47 59 2
2 12 2
40 66 2
22 113 2
49 104 2
58 142 1
1 98 2
13 46 2
16 33 2
89 93 2
55 69 2
52 79 2
5 25 2
42 49 2
25 110 2
7 174 2
58 70 2
2 88 2
33 36 2
70 135 2
11 89 2
47 72 2
23 101 2
60 104 2
11 152 1
20 66 2
14 19 2
36 68 2
26 53 2
61 68 2
0 102 2
2 22 2
80 107 2
4 58 2
45 169 1
108 118 2
66 85 2
54 85 2
29 85 2
48 163 2
64 80 2
36 53 2
42 81 2
30 95 2
20 94 2
19 22 2
113 159 2
77 87 2
0 50 2
39 77 2
94 154 1
62 161 2
32 84 2
7 13 2
110 132 1
55 111 2
7 81 2
23 87 2
2 58 2
102 138 1
11 75 2
59 65 2
29 49 2
49 164 1
57 156 1
82 122 2
105 107 2
50 80 2
4 11 2
87 155 1
25 78 2
46 92 2
33 111 2
89 164 1
33 119 1
81 98 2
55 61 2
15 83 2
37 183 1
8 48 2
29 104 2
55 158 1
67 173 2
102 159 1
57 108 2
11 41 2
87 113 2
1 102 2
45 51 2
28 171 1
75 159 2
87 156 1
2 94 2
17 26 2
72 101 2
63 64 2
11 147 1
25 34 2
34 169 1
22 92 2
85 107 2
69 94 2
63 84 2
73 113 2
94 169 1
32 65 2
41 98 2
15 93 2
100 161 2
1 63 2
64 104 2
92 136 1
2 189 1
16 103 2
69 100 2
60 63 2
17 147 1
6 24 2
7 98 2
23 151 1
83 146 2
33 174 1
13 24 2
12 53 2
41 133 1
14 91 2
43 49 2
19 21 2
12 139 1
72 117 2
56 84 2
5 36 2
0 81 2
6 128 2
7 108 2
25 73 2
35 43 2
54 76 2
32 82 2
12 184 2
22 183 1
94 121 1
60 65 2
63 102 2
6 149 1
40 107 2
6 116 2
89 103 2
36 66 2
48 114 1
0 94 2
24 29 2
30 94 2
35 55 2
31 167 1
0 33 2
36 94 2
87 103 2
61 106 2
14 46 2
3 10 2
112 166 2
74 113 2
11 16 2
23 70 2
93 180 2
64 79 2
17 22 2
13 88 2
61 179 2
23 37 2
31 111 2
42 94 2
8 96 2
110 154 1
10 102 2
28 31 2
10 100 2
75 78 2
48 107 2
34 136 1
35 63 2
46 180 1
5 39 2
33 137 1
21 178 1
16 173 1
81 93 2
57 90 2
34 90 2
88 105 2
6 48 2
17 56 2
77 159 1
0 29 2
95 126 1
62 171 1
63 90 2
4 96 2
34 50 2
1 43 2
69 112 2
22 88 2
43 73 2
10 109 2
47 84 2
39 70 2
12 71 2
68 90 2
59 72 2
47 114 1
35 36 2
45 130 2
11 58 2
6 139 1
16 31 2
35 100 2
43 155 2
94 128 2
110 113 2
1 47 2
109 113 2
27 70 2
3 34 2
96 160 1
33 91 2
14 18 2
41 82 2
12 62 2
13 89 2
77 143 2
20 22 2
74 109 2
98 109 2
50 87 2
25 31 2
82 84 2
68 99 2
18 40 2
79 117 1
80 102 2
76 186 2
17 163 1
94 152 2
91 137 1
45 97 2
104 111 2
47 53 2
23 98 2
27 91 2
79 104 2
40 72 2
10 110 2
79 148 2
35 97 2
68 188 1
32 158 1
6 12 2
46 79 2
89 94 2
15 105 2
5 116 1
39 92 2
84 108 2
59 176 1
4 20 2
33 38 2
101 124 1
43 70 2
68 146 2
2 76 2
4 157 1
22 124 2
7 8 2
37 74 2
6 31 2
61 91 2
57 99 2
73 104 2
26 31 2
36 77 2
65 102 2
66 113 2
46 66 2
44 106 2
18 64 2
9 93 2
76 105 2
49 77 2
2 53 2
34 95 2
94 113 2
79 99 2
54 61 2
9 11 2
43 136 2
78 111 2
106 124 2
49 179 1
90 132 1
81 96 2
61 122 1
101 116 2
0 129 1
12 95 2
34 91 2
29 93 2
9 102 2
16 147 1
10 163 1
21 44 2
50 173 2
16 164 1
81 87 2
44 169 1
42 46 2
65 91 2
55 64 2
17 184 1
28 123 1
39 106 2
18 84 2
86 90 2
1 103 2
113 115 1
31 74 2
33 66 2
4 42 2
59 122 1
30 31 2
1 118 2
69 127 2
86 112 2
7 58 2
2 106 2
67 99 2
25 132 1
26 37 2
78 82 2
96 109 2
28 44 2
40 70 2
16 58 2
101 182 2
1 144 2
29 74 2
17 78 2
57 65 2
82 106 2
85 154 1
56 86 2
63 65 2
43 45 2
20 102 2
42 164 1
22 114 2
33 170 1
1 53 2
32 81 2
47 97 2
75 112 2
61 63 2
49 186 1
67 128 1
70 107 2
9 115 1
45 61 2
4 156 1
47 186 2
2 4 2
78 117 1
10 58 2
72 130 1
109 172 2
38 81 2
94 123 1
47 87 2
21 83 2
10 118 1
7 65 2
12 140 1
77 163 1
91 114 1
72 112 2
8 77 2
48 110 2
31 58 2
107 176 1
34 55 2
97 189 1
16 112 2
49 84 2
41 100 2
16 34 2
39 60 2
28 115 1
17 76 2
37 143 2
7 34 2
59 95 2
99 108 2
30 108 2
95 103 2
18 68 2
32 87 2
26 92 2
25 131 2
72 170 1
60 110 2
77 93 2
28 43 2
109 137 1
24 47 2
32 99 2
16 87 2
48 82 2
2 23 2
9 14 2
71 111 2
68 75 2
72 189 2
68 120 1
98 143 2
9 147 1
68 169 1
54 120 1
40 157 2
79 90 2
82 151 1
68 86 2
102 109 2
16 66 2
6 10 2
42 147 1
47 94 2
69 75 2
46 57 2
28 67 2
46 91 2
1 46 2
70 122 2
109 142 2
50 62 2
71 79 2
48 62 2
58 102 2
95 119 1
66 104 2
95 123 2
58 175 1
2 123 1
13 184 1
13 15 2
26 39 2
23 104 2
94 108 2
15 143 2
5 105 2
93 105 2
19 112 2
27 135 1
18 110 2
13 167 2
92 113 2
82 87 2
96 99 2
42 97 2
93 99 2
33 107 2
80 97 2
19 121 1
13 138 1
24 93 2
90 92 2
59 106 2
28 82 2
57 92 2
79 107 2
2 35 2
37 99 2
111 165 1
35 182 1
9 38 2
20 43 2
17 161 1
61 88 2
67 73 2
17 30 2
95 178 1
48 91 2
46 124 1
60 73 2
71 103 2
62 69 2
108 111 2
68 76 2
36 109 2
17 67 2
52 104 2
75 106 2
83 111 2
59 157 1
97 113 2
3 66 2
8 86 2
84 112 2
33 56 2
43 113 2
62 68 2
78 126 1
90 97 2
89 101 2
56 97 2
33 37 2
64 85 2
66 69 2
6 18 2
20 25 2
50 84 2
12 106 2
85 156 1
15 16 2
49 143 2
37 149 2
18 60 2
60 86 2
86 158 1
47 49 2
54 151 2
10 138 1
37 122 2
27 176 1
100 122 1
58 87 2
34 170 2
111 128 1
64 77 2
22 33 2
4 92 2
37 45 2
101 112 2
0 8 2
34 111 2
89 166 1
52 58 2
100 139 1
43 77 2
82 123 1
29 78 2
25 99 2
23 149 2
13 68 2
20 38 2
2 108 2
26 65 2
112 113 2
5 133 2
54 75 2
38 107 2
11 56 2
33 34 2
6 87 2
37 81 2
12 34 2
7 87 2
15 29 2
64 189 1
62 96 2
65 139 1
47 164 1
76 97 2
30 89 2
69 136 2
16 32 2
15 28 2
62 89 2
92 98 2
23 186 2
31 106 2
67 109 2
31 91 2
89 105 2
66 131 1
43 72 2
85 95 2
8 140 1
64 188 2
43 53 2
55 67 2
9 96 2
40 85 2
20 57 2
38 113 2
22 132 1
2 50 2
84 131 1
58 59 2
76 96 2
31 95 2
38 112 2
44 82 2
46 63 2
11 76 2
25 54 2
6 97 2
21 115 2
94 103 2
35 147 2
6 78 2
71 86 2
42 60 2
44 141 1
92 189 1
55 62 2
107 108 2
66 180 1
8 31 2
79 94 2
67 152 2
63 107 2
5 31 2
6 26 2
95 185 1
32 58 2
50 106 2
28 160 2
109 148 1
11 38 2
52 173 1
63 86 2
16 78 2
60 181 1
53 81 2
34 74 2
19 20 2
24 42 2
6 126 1
8 148 1
28 38 2
10 12 2
93 113 2
42 98 2
51 70 2
26 69 2
76 95 2
96 125 2
11 40 2
14 88 2
29 107 2
73 93 2
81 104 2
67 98 2
1 3 2
1 39 2
30 100 2
33 122 2
93 100 2
27 66 2
12 26 2
28 110 2
38 80 2
9 100 2
91 106 2
17 156 1
0 15 2
40 93 2
42 93 2
70 77 2
91 140 1
73 95 2
8 149 1
21 60 2
58 73 2
39 88 2
113 180 1
25 47 2
78 180 1
16 21 2
10 37 2
5 68 2
61 110 2
5 60 2
24 99 2
28 119 2
32 59 2
37 150 2
5 97 2
51 71 2
100 103 2
15 17 2
9 109 2
103 108 2
55 118 1
0 53 2
82 99 2
60 91 2
113 182 1
8 175 1
0 156 1
24 61 2
15 60 2
60 83 2
53 103 2
7 95 2
57 104 2
38 51 2
46 87 2
63 167 1
63 85 2
30 82 2
5 61 2
29 59 2
50 119 2
105 172 2
16 23 2
50 85 2
42 169 2
85 137 1
8 37 2
72 135 1
99 173 1
73 86 2
53 146 1
27 43 2
112 162 1
62 134 2
61 71 2
70 154 1
44 88 2
52 74 2
89 151 1
35 74 2
32 77 2
90 123 1
50 74 2
86 186 1
55 140 1
34 186 1
51 175 1
76 171 1
82 178 1
57 83 2
42 101 2
86 153 1
5 108 2
18 97 2
64 145 1
83 95 2
4 68 2
82 152 1
24 60 2
9 183 1
9 85 2
112 168 2
80 113 2
25 87 2
15 30 2
59 77 2
37 86 2
46 73 2
4 95 2
74 79 2
17 80 2
59 149 2
32 113 2
23 145 1
14 35 2
7 113 2
94 112 2
83 131 2
85 100 2
68 133 1
35 83 2
20 69 2
1 90 2
28 42 2
2 6 2
26 136 2
53 102 2
9 32 2
54 165 1
38 70 2
5 103 2
6 108 2
40 189 2
74 93 2
30 138 2
20 114 1
72 184 1
10 91 2
18 59 2
19 38 2
103 177 2
45 76 2
111 112 2
19 135 1
15 32 2
64 69 2
32 49 2
87 108 2
0 20 2
24 114 1
75 165 1
12 169 1
3 171 1
98 130 1
14 103 2
74 128 1
80 114 2
111 119 2
36 80 2
22 42 2
7 12 2
81 97 2
53 143 1
29 50 2
46 164 2
23 170 1
1 99 2
0 46 2
91 163 1
28 39 2
12 64 2
97 101 2
23 50 2
11 30 2
0 181 1
2 125 1
27 130 1
12 85 2
9 98 2
77 100 2
46 83 2
112 173 1
44 105 2
66 106 2
48 111 2
12 105 2
51 75 2
44 60 2
31 52 2
108 169 2
45 177 1
10 93 2
9 34 2
81 176 1
13 80 2
104 173 1
43 184 1
25 63 2
40 133 1
86 183 1
3 69 2
56 75 2
34 76 2
55 135 2
24 115 1
68 136 1
108 154 2
99 119 1
58 146 1
113 154 1
32 39 2
75 83 2
14 32 2
39 62 2
20 23 2
38 40 2
29 127 1
4 98 2
40 42 2
36 39 2
18 53 2
20 107 2
77 95 2
40 65 2
37 64 2
57 145 1
7 51 2
13 93 2
69 101 2
37 84 2
34 78 2
28 113 2
28 94 2
43 130 1
4 183 2
22 76 2
97 98 2
3 64 2
36 106 2
13 25 2
74 97 2
40 100 2
21 103 2
85 92 2
36 41 2
70 127 1
12 82 2
65 68 2
73 89 2
31 110 2
11 133 1
66 83 2
57 103 2
23 94 2
67 81 2
41 92 2
90 100 2
35 41 2
27 69 2
19 184 1
38 52 2
35 68 2
61 76 2
102 145 1
62 90 2
29 120 1
29 183 1
7 36 2
52 134 1
16 48 2
24 66 2
29 91 2
32 163 1
97 105 2
104 112 2
13 34 2
12 79 2
8 22 2
2 71 2
105 156 1
32 73 2
69 171 1
63 67 2
14 182 1
16 38 2
54 185 1
16 180 1
12 15 2
67 189 2
93 164 2
32 75 2
77 105 2
68 72 2
17 64 2
62 82 2
2 110 2
37 69 2
60 75 2
45 55 2
100 179 1
28 69 2
38 147 1
96 115 1
102 112 2
32 94 2
43 91 2
29 36 2
51 152 2
39 97 2
24 45 2
65 117 1
12 84 2
47 82 2
11 18 2
10 35 2
12 56 2
66 162 1
76 138 1
1 41 2
19 189 1
14 74 2
33 159 1
39 116 1
78 160 2
94 143 2
32 103 2
39 84 2
20 73 2
36 85 2
73 99 2
37 51 2
18 179 1
11 108 2
96 112 2
30 103 2
13 116 2
112 178 2
2 64 2
43 71 2
26 106 2
104 131 1
79 121 1
89 114 2
63 164 2
81 112 2
22 100 2
42 178 1
43 84 2
1 178 2
15 25 2
19 30 2
105 112 2
0 69 2
47 68 2
50 67 2
103 160 2
0 1 2
53 186 2
35 145 2
51 106 2
26 50 2
95 168 2
44 62 2
69 164 1
12 61 2
34 45 2
6 52 2
75 161 1
22 62 2
63 88 2
87 112 2
39 44 2
4 112 2
40 84 2
40 138 2
13 53 2
7 133 2
13 101 2
21 105 2
82 164 1
57 69 2
20 55 2
106 119 1
4 38 2
20 160 1
27 62 2
71 149 1
12 45 2
33 83 2
72 88 2
57 180 1
10 167 1
53 88 2
23 63 2
1 58 2
34 62 2
69 70 2
82 108 2
31 47 2
75 87 2
111 113 2
77 80 2
105 179 1
24 128 1
26 34 2
76 183 1
94 106 2
74 151 1
7 54 2
31 38 2
95 109 2
64 113 2
30 156 1
112 145 1
56 121 1
45 59 2
87 135 2
69 146 2
55 141 1
60 93 2
27 46 2
13 27 2
61 120 1
1 105 2
83 128 1
56 73 2
70 177 2
83 101 2
9 15 2
35 69 2
62 84 2
31 174 1
35 65 2
3 44 2
28 71 2
77 106 2
74 149 1
95 102 2
19 73 2
69 120 1
8 14 2
59 83 2
58 86 2
12 20 2
65 181 1
3 132 1
88 92 2
2 69 2
31 156 1
46 181 1
96 110 2
35 106 2
16 169 1
73 102 2
30 35 2
98 135 1
13 28 2
1 10 2
99 100 2
0 43 2
34 146 2
22 31 2
79 80 2
3 12 2
79 125 2
37 72 2
11 24 2
4 23 2
77 109 2
30 102 2
23 55 2
31 61 2
0 95 2
23 84 2
46 132 2
2 84 2
11 101 2
14 124 2
39 46 2
53 170 1
57 112 2
3 27 2
40 96 2
8 179 1
80 141 1
18 78 2
11 49 2
8 58 2
53 179 1
19 25 2
79 112 2
56 65 2
5 83 2
10 72 2
18 58 2
34 87 2
20 140 1
52 66 2
22 71 2
5 50 2
64 90 2
12 110 2
44 167 2
13 32 2
22 35 2
76 107 2
26 93 2
24 181 1
80 110 2
16 187 2
11 83 2
85 86 2
42 45 2
47 108 2
16 19 2
40 149 1
7 67 2
63 115 1
48 101 2
62 79 2
29 68 2
41 150 2
86 110 2
28 30 2
70 78 2
40 64 2
88 94 2
15 173 2
61 72 2
77 139 2
31 63 2
44 173 2
44 166 2
45 114 1
0 97 2
36 101 2
52 87 2
95 113 2
75 137 1
27 52 2
14 112 2
110 121 1
37 112 2
37 75 2
73 140 1
37 50 2
73 177 2
25 44 2
42 109 2
37 108 2
96 108 2
29 155 1
6 92 2
17 70 2
1 23 2
61 96 2
33 188 1
35 67 2
72 81 2
70 121 1
5 33 2
21 23 2
5 34 2
72 126 1
7 116 1
55 72 2
98 114 2
14 66 2
16 77 2
37 59 2
28 101 2
18 77 2
43 150 1
8 167 1
64 87 2
5 44 2
20 75 2
70 101 2
59 112 2
83 98 2
23 83 2
57 84 2
39 99 2
16 84 2
76 102 2
29 100 2
9 58 2
65 84 2
76 81 2
13 170 1
34 83 2
30 91 2
66 71 2
21 33 2
78 166 2
1 68 2
0 42 2
82 160 1
47 79 2
6 132 1
70 85 2
101 103 2
8 186 1
14 43 2
46 107 2
25 103 2
69 119 2
30 45 2
72 73 2
4 60 2
5 59 2
44 85 2
17 99 2
95 104 2
30 92 2
6 73 2
30 61 2
13 16 2
59 107 2
7 130 2
25 98 2
84 143 1
67 87 2
53 95 2
71 90 2
110 147 1
76 90 2
82 150 1
34 60 2
81 172 2
46 148 2
38 101 2
53 142 1
13 106 2
85 89 2
66 120 1
94 99 2
39 63 2
58 189 1
22 169 1
20 35 2
62 105 2
29 47 2
41 124 2
23 97 2
23 92 2
25 49 2
21 97 2
1 107 2
17 20 2
27 149 1
5 73 2
0 123 1
111 156 1
54 159 2
7 76 2
18 148 1
104 166 1
12 69 2
66 99 2
67 114 1
66 96 2
16 69 2
113 163 1
76 113 2
39 40 2
29 53 2
78 84 2
104 177 1
54 90 2
47 100 2
58 182 2
60 88 2
102 116 1
21 58 2
99 136 2
48 83 2
16 17 2
19 43 2
69 173 1
21 45 2
28 153 1
34 47 2
56 96 2
29 61 2
38 94 2
62 100 2
20 88 2
11 78 2
42 128 1
17 28 2
46 64 2
43 111 2
20 67 2
57 64 2
23 71 2
13 79 2
25 150 2
75 84 2
17 34 2
67 94 2
17 141 1
8 63 2
61 112 2
2 109 2
16 101 2
70 71 2
59 179 2
62 112 2
10 160 1
16 181 1
33 100 2
85 97 2
31 41 2
18 87 2
27 76 2
3 67 2
83 186 1
10 11 2
0 112 2
20 77 2
35 38 2
80 100 2
19 53 2
62 81 2
28 55 2
99 103 2
20 42 2
71 177 1
5 104 2
16 56 2
26 149 2
111 121 1
51 135 1
19 54 2
21 75 2
73 168 2
33 60 2
27 32 2
60 132 1
2 151 2
69 72 2
57 118 1
103 139 1
96 107 2
3 13 2
93 101 2
7 85 2
27 41 2
59 96 2
16 80 2
22 144 1
45 140 1
100 187 1
88 151 1
45 182 1
51 59 2
7 44 2
35 104 2
46 65 2
113 171 2
103 162 1
12 137 2
42 120 2
111 185 1
2 77 2
3 189 1
82 171 1
10 92 2
11 74 2
94 100 2
6 93 2
33 69 2
12 66 2
6 45 2
60 131 1
37 57 2
52 137 2
78 99 2
69 122 1
52 174 1
56 70 2
33 89 2
92 162 1
77 84 2
11 176 2
103 135 1
64 98 2
56 71 2
39 96 2
16 110 2
63 169 1
65 81 2
84 129 1
11 104 2
5 6 2
23 53 2
49 106 2
2 38 2
98 113 2
10 29 2
77 161 1
72 96 2
61 81 2
32 83 2
42 78 2
24 97 2
57 113 2
68 89 2
95 110 2
51 122 1
13 189 2
54 58 2
0 2 2
8 173 1
60 81 2
46 62 2
43 79 2
38 55 2
7 189 1
25 84 2
22 78 2
21 41 2
31 71 2
5 106 2
73 97 2
12 103 2
48 85 2
63 184 1
22 58 2
24 90 2
48 77 2
78 125 1
39 48 2
1 20 2
51 112 2
24 76 2
9 81 2
24 91 2
76 130 1
30 36 2
72 107 2
19 93 2
17 94 2
72 75 2
55 189 2
26 164 1
28 132 1
20 90 2
92 145 1
32 108 2
26 81 2
105 171 1
52 60 2
41 168 1
36 86 2
19 75 2
9 29 2
68 94 2
37 168 2
67 149 2
34 103 2
11 92 2
28 41 2
92 112 2
20 84 2
34 37 2
6 61 2
37 173 1
19 174 1
52 95 2
86 102 2
46 140 1
27 110 2
33 71 2
0 110 2
39 101 2
54 64 2
18 141 2
16 71 2
27 98 2
87 106 2
11 77 2
25 158 1
56 90 2
75 76 2
39 157 1
41 137 1
69 187 2
38 47 2
14 127 1
41 102 2
113 167 1
79 149 1
78 169 1
4 111 2
67 110 2
82 109 2
66 89 2
43 167 1
50 95 2
76 150 1
57 62 2
95 187 2
68 106 2
7 91 2
40 148 2
100 132 2
17 97 2
46 139 1
44 45 2
9 117 1
35 107 2
103 117 2
25 74 2
16 72 2
16 76 2
3 115 1
80 96 2
26 59 2
19 100 2
9 86 2
72 109 2
86 99 2
38 79 2
54 62 2
60 147 2
51 184 1
51 113 2
19 109 2
23 110 2
62 78 2
39 71 2
53 112 2
62 147 1
22 75 2
1 151 1
26 186 1
56 58 2
46 69 2
65 184 1
67 92 2
17 100 2
22 23 2
92 94 2
68 78 2
34 142 2
15 33 2
6 7 2
33 187 1
66 80 2
28 108 2
66 110 2
18 69 2
8 64 2
57 101 2
47 166 1
47 75 2
8 27 2
17 123 1
40 98 2
35 122 2
6 145 1
38 39 2
28 35 2
48 100 2
46 110 2
43 74 2
24 46 2
60 84 2
14 98 2
17 38 2
3 116 2
43 86 2
87 105 2
27 113 2
1 15 2
2 95 2
14 67 2
27 28 2
21 116 1
67 157 2
30 87 2
64 72 2
71 106 2
82 101 2
39 81 2
25 35 2
73 181 1
36 65 2
38 86 2
57 89 2
91 105 2
21 188 1
91 112 2
77 151 1
66 74 2
22 101 2
43 151 2
32 105 2
40 109 2
62 71 2
20 28 2
24 129 1
30 34 2
50 147 2
80 88 2
37 66 2
16 186 1
32 165 1
10 22 2
92 107 2
85 101 2
20 103 2
41 44 2
69 113 2
38 66 2
99 169 1
27 171 1
64 129 1
10 33 2
91 160 1
45 53 2
74 101 2
42 86 2
15 97 2
72 97 2
49 127 1
46 54 2
25 101 2
0 113 2
105 115 1
40 81 2
109 184 2
80 91 2
50 93 2
99 145 2
83 124 1
12 40 2
47 78 2
30 99 2
75 102 2
100 176 1
57 78 2
92 177 1
31 155 2
17 151 1
7 99 2
77 141 1
88 90 2
42 183 1
36 184 2
55 137 2
67 140 1
10 67 2
59 86 2
14 69 2
24 25 2
53 72 2
29 62 2
64 86 2
28 96 2
31 51 2
20 100 2
67 100 2
76 142 2
39 137 2
60 182 1
1 45 2
60 100 2
59 82 2
13 59 2
49 79 2
4 145 1
25 46 2
49 69 2
29 88 2
104 154 1
71 72 2
72 94 2
48 181 1
50 64 2
17 92 2
67 72 2
66 117 1
36 110 2
33 44 2
0 45 2
66 135 2
29 52 2
16 20 2
54 126 1
34 89 2
47 51 2
1 96 2
33 104 2
57 82 2
105 110 2
14 68 2
53 66 2
13 129 1
39 73 2
13 178 2
4 104 2
47 85 2
95 181 1
81 101 2
53 89 2
48 52 2
106 127 1
43 57 2
22 55 2
12 173 1
55 153 2
26 57 2
27 87 2
43 75 2
46 99 2
5 98 2
0 16 2
18 143 2
18 27 2
3 75 2
109 152 1
54 168 1
19 160 2
107 181 1
9 21 2
31 93 2
26 111 2
51 52 2
41 95 2
37 77 2
18 76 2
45 77 2
40 166 2
0 90 2
34 92 2
33 113 2
31 92 2
15 91 2
27 82 2
25 96 2
67 166 1
79 137 2
44 74 2
43 66 2
38 187 1
53 136 1
47 113 2
0 148 2
66 187 1
9 19 2
62 157 1
84 92 2
46 50 2
71 184 1
25 70 2
0 162 2
81 135 1
11 26 2
62 87 2
39 52 2
62 136 2
68 125 1
55 81 2
35 61 2
23 102 2
17 33 2
19 57 2
15 95 2
5 19 2
57 61 2
0 161 2
87 92 2
42 110 2
3 42 2
97 162 1
37 111 2
22 125 2
16 60 2
11 62 2
23 26 2
30 146 2
100 111 2
4 8 2
21 43 2
27 64 2
5 8 2
108 187 1
97 109 2
48 140 2
29 116 1
105 150 1
36 96 2
63 93 2
29 57 2
33 77 2
91 123 1
14 58 2
10 51 2
9 52 2
26 78 2
42 186 1
62 65 2
38 49 2
53 107 2
58 119 2
41 87 2
71 105 2
7 59 2
74 144 2
39 142 2
10 61 2
10 56 2
60 70 2
47 58 2
12 17 2
84 110 2
67 70 2
23 25 2
24 81 2
61 113 2
2 21 2
8 106 2
64 168 2
5 7 2
69 93 2
55 91 2
33 94 2
19 89 2
79 123 1
41 59 2
91 126 1
30 93 2
24 67 2
12 55 2
54 157 1
22 112 2
3 72 2
64 99 2
28 64 2
92 100 2
24 57 2
52 85 2
9 113 2
110 114 2
14 49 2
50 56 2
40 45 2
68 110 2
22 27 2
64 123 1
67 169 1
7 27 2
33 61 2
17 179 2
46 78 2
8 91 2
4 16 2
63 111 2
34 150 1
44 59 2
31 62 2
30 55 2
76 104 2
23 139 2
9 30 2
6 111 2
38 63 2
103 183 2
4 52 2
33 48 2
2 111 2
9 133 2
2 40 2
3 74 2
79 106 2
43 82 2
66 112 2
50 86 2
28 85 2
11 55 2
95 148 1
1 182 1
14 57 2
22 158 1
4 19 2
64 70 2
32 44 2
9 22 2
31 132 2
71 180 1
113 176 2
15 139 2
10 68 2
45 87 2
7 47 2
33 98 2
64 161 1
36 58 2
89 135 1
105 109 2
106 109 2
32 97 2
28 80 2
106 123 2
6 99 2
41 179 1
38 85 2
43 103 2
42 68 2
9 47 2
50 137 1
4 40 2
38 50 2
52 64 2
34 102 2
15 123 2
44 185 1
8 70 2
89 112 2
9 88 2
52 80 2
74 81 2
46 47 2
37 113 2
20 45 2
4 7 2
111 171 1
41 108 2
40 69 2
2 78 2
62 185 1
5 184 1
19 64 2
99 104 2
36 38 2
15 23 2
15 136 1
28 182 1
4 121 2
17 72 2
15 40 2
47 136 1
92 111 2
16 96 2
98 126 2
8 93 2
102 166 2
64 186 1
15 101 2
14 107 2
88 127 1
5 54 2
31 140 1
34 77 2
3 11 2
55 93 2
27 68 2
112 181 1
100 184 1
28 111 2
23 48 2
56 183 1
66 116 1
77 83 2
48 125 1
49 71 2
10 103 2
91 132 1
19 110 2
21 38 2
16 104 2
1 80 2
51 103 2
98 178 1
17 167 2
50 112 2
61 107 2
34 178 2
39 131 2
2 107 2
43 76 2
28 75 2
63 66 2
44 130 2
61 165 1
81 82 2
5 13 2
45 120 2
37 171 1
46 55 2
39 91 2
77 136 1
6 37 2
31 88 2
81 161 1
2 18 2
54 71 2
1 70 2
96 105 2
2 7 2
14 51 2
38 89 2
9 160 2
47 92 2
27 134 1
13 94 2
7 93 2
36 171 2
5 90 2
75 100 2
45 91 2
6 109 2
11 91 2
103 187 2
56 69 2
52 107 2
65 75 2
73 158 1
12 21 2
43 58 2
40 50 2
19 152 1
112 118 1
53 110 2
59 89 2
11 21 2
66 136 1
0 39 2
20 64 2
13 90 2
39 55 2
97 104 2
63 72 2
40 104 2
11 60 2
8 78 2
108 121 2
88 140 1
19 77 2
43 92 2
33 108 2
64 174 2
8 35 2
16 65 2
58 108 2
18 109 2
60 102 2
7 111 2
106 172 1
77 88 2
14 39 2
89 102 2
3 112 2
106 117 1
19 68 2
2 11 2
57 135 2
32 36 2
3 16 2
13 97 2
54 102 2
35 45 2
26 48 2
19 44 2
77 94 2
74 98 2
6 101 2
60 108 2
20 32 2
7 90 2
0 24 2
34 104 2
108 110 2
78 104 2
24 38 2
0 47 2
42 79 2
3 52 2
4 89 2
83 89 2
49 58 2
47 71 2
22 155 1
15 72 2
103 134 2
23 39 2
87 171 1
26 162 1
18 106 2
26 157 1
86 108 2
5 20 2
81 119 2
15 159 2
44 73 2
37 146 1
17 182 1
25 125 1
32 42 2
22 90 2
57 181 1
30 60 2
16 51 2
100 106 2
27 116 1
48 129 1
25 33 2
111 181 2
105 137 1
32 98 2
34 100 2
27 55 2
24 75 2
15 42 2
37 128 2
56 79 2
22 148 1
113 148 1
89 91 2
4 91 2
44 64 2
36 163 1
35 113 2
5 87 2
4 79 2
32 56 2
104 113 2
12 167 1
51 187 1
77 144 2
5 178 2
80 174 2
18 32 2
85 94 2
47 89 2
97 124 2
80 101 2
52 86 2
21 95 2
6 91 2
90 112 2
0 170 1
44 65 2
8 40 2
52 181 1
38 42 2
56 81 2
30 110 2
32 109 2
13 72 2
87 137 2
103 111 2
7 103 2
32 93 2
22 153 1
61 80 2
40 113 2
15 21 2
12 135 2
37 187 1
12 31 2
21 46 2
31 69 2
32 147 1
106 122 2
29 40 2
33 39 2
30 62 2
65 74 2
19 118 1
101 113 2
71 73 2
29 158 2
80 137 1
51 53 2
13 57 2
0 188 1
19 97 2
3 150 1
54 129 1
24 34 2
49 92 2
44 92 2
58 113 2
95 100 2
9 13 2
90 120 1
18 67 2
68 159 2
86 145 2
14 81 2
30 72 2
45 47 2
62 86 2
16 67 2
107 171 2
40 74 2
98 181 2
71 113 2
20 29 2
18 42 2
17 60 2
83 88 2
74 110 2
3 50 2
8 23 2
57 185 1
73 144 1
16 43 2
34 41 2
22 110 2
37 71 2
47 81 2
98 154 1
60 90 2
30 51 2
33 173 1
47 149 1
14 59 2
33 90 2
72 108 2
83 91 2
51 67 2
64 139 2
6 178 1
7 19 2
6 118 1
2 68 2
69 88 2
20 30 2
9 54 2
21 72 2
0 136 2
24 94 2
47 184 2
74 112 2
26 36 2
50 116 1
101 173 1
79 116 2
29 87 2
58 91 2
14 109 2
6 40 2
26 114 2
62 72 2
2 102 2
37 97 2
6 35 2
9 55 2
113 187 1
65 159 1
28 89 2
66 97 2
1 111 2
8 89 2
83 106 2
54 143 1
36 126 1
38 90 2
56 179 1
40 143 1
14 71 2
21 67 2
35 82 2
69 81 2
65 167 1
7 177 1
51 91 2
1 21 2
3 168 2
3 93 2
49 103 2
35 77 2
43 120 1
32 71 2
8 56 2
10 139 2
58 116 2
0 131 1
43 154 1
22 84 2
43 64 2
107 183 1
60 123 1
33 88 2
61 75 2
38 93 2
49 80 2
29 166 1
18 133 1
43 114 2
96 143 1
78 113 2
52 59 2
32 170 2
15 119 1
45 74 2
71 77 2
28 84 2
4 115 2
28 68 2
2 43 2
19 63 2
13 62 2
76 108 2
12 67 2
111 167 1
36 82 2
16 39 2
53 111 2
34 152 2
75 94 2
27 100 2
22 36 2
95 120 2
51 101 2
39 83 2
17 84 2
84 95 2
5 123 1
35 46 2
33 68 2
29 187 2
19 129 1
82 110 2
108 181 2
29 114 1
79 100 2
59 91 2
15 84 2
10 65 2
36 183 1
25 152 1
76 181 1
66 105 2
113 118 1
57 72 2
24 159 2
79 83 2
35 105 2
37 82 2
21 57 2
18 103 2
33 67 2
75 109 2
104 170 1
61 78 2
21 89 2
44 51 2
1 130 2
22 105 2
0 96 2
54 156 1
72 104 2
57 59 2
70 134 2
53 92 2
35 127 1
101 177 1
6 23 2
53 69 2
3 101 2
91 98 2
65 76 2
48 117 1
55 106 2
42 107 2
10 69 2
71 119 2
42 90 2
81 91 2
91 180 2
39 50 2
33 156 1
3 6 2
37 58 2
69 78 2
50 164 1
65 73 2
66 165 1
99 180 2
81 127 2
19 39 2
21 22 2
13 37 2
86 141 2
78 100 2
56 104 2
58 71 2
19 49 2
26 73 2
97 99 2
25 52 2
51 145 2
29 30 2
23 159 1
66 188 2
4 105 2
22 46 2
97 161 2
84 116 1
19 35 2
8 169 2
9 92 2
22 66 2
12 52 2
36 73 2
66 139 1
109 165 1
86 171 1
51 119 2
30 167 2
42 152 1
9 71 2
29 69 2
60 169 2
51 140 1
36 102 2
34 98 2
9 48 2
34 106 2
72 149 1
21 174 2
44 71 2
87 134 1
11 20 2
46 104 2
97 158 1
59 63 2
35 135 1
12 46 2
48 182 1
5 38 2
10 148 2
37 189 1
59 68 2
35 50 2
8 15 2
38 177 1
21 64 2
87 186 2
92 170 1
27 71 2
43 156 1
110 176 1
58 68 2
95 176 2
20 52 2
12 77 2
99 142 2
69 79 2
108 112 2
66 82 2
14 152 1
5 72 2
65 103 2
14 33 2
50 158 1
53 104 2
75 81 2
69 71 2
95 147 2
71 100 2
5 78 2
63 89 2
47 103 2
45 88 2
72 169 1
6 33 2
108 183 2
26 38 2
1 32 2
8 84 2
12 147 1
98 146 1
28 169 1
78 121 1
41 96 2
46 111 2
68 69 2
17 153 1
20 126 1
5 172 1
75 146 1
39 185 2
2 66 2
46 156 2
87 150 1
24 148 2
11 95 2
50 68 1
18 173 2
18 131 1
45 173 2
64 160 1
108 186 1
19 42 1
83 160 2
99 155 2
44 80 1
42 61 1
7 156 2
3 82 1
17 136 1
34 157 2
46 170 2
46 59 1
31 33 1
30 109 1
1 60 1
84 102 1
19 92 1
