% n=140 p=60 d=0.66 p_blue=0.33
% k=0
79 120 1
44 85 1
72 99 2
16 22 2
71 81 2
35 63 2
10 46 2
3 67 2
19 36 2
15 69 2
17 22 2
21 66 2
15 125 1
23 49 2
2 124 2
12 15 2
33 45 2
42 136 2
15 128 1
52 125 1
10 45 2
28 64 2
4 53 2
67 75 2
53 99 1
24 96 1
40 62 2
66 90 1
1 64 2
46 84 2
76 81 2
6 8 2
25 59 2
72 87 2
57 86 2
71 80 2
53 72 2
25 109 1
42 101 2
14 64 2
12 37 2
74 93 2
34 97 2
30 42 2
2 108 1
15 59 2
71 133 1
72 98 1
60 121 1
41 46 2
43 52 2
23 37 2
58 101 1
48 138 2
32 65 2
61 89 2
70 107 1
29 113 2
49 115 1
66 100 1
34 64 2
0 36 2
39 109 1
1 15 2
47 116 1
26 45 2
80 84 1
1 12 2
45 54 2
61 83 2
23 136 1
17 62 2
45 47 2
24 29 2
14 81 2
2 13 2
33 118 2
79 115 1
6 77 2
68 131 2
36 46 2
5 48 2
74 131 1
80 122 2
64 66 2
2 36 2
34 52 2
62 65 2
16 25 2
23 26 2
46 47 2
32 107 1
2 83 2
0 14 2
34 96 2
21 32 2
38 72 2
16 46 2
45 128 2
55 112 1
21 23 2
32 55 2
17 77 2
9 65 2
20 66 2
69 109 1
57 118 1
20 105 2
25 28 2
48 112 1
1 4 2
70 138 1
39 44 2
10 118 2
37 56 2
1 20 2
2 82 2
23 86 2
26 83 2
64 115 1
16 29 2
19 46 2
67 92 1
6 78 2
64 73 2
66 80 2
72 109 1
28 44 2
46 72 2
36 76 2
40 103 2
60 129 2
49 77 2
39 48 2
33 59 2
12 96 2
21 114 1
5 77 2
10 86 1
2 9 2
18 137 1
27 81 2
58 67 2
3 45 2
4 95 1
62 82 2
9 28 2
58 137 2
28 76 2
64 138 1
40 49 2
70 89 2
61 71 2
14 55 2
78 118 2
65 73 2
17 124 1
8 55 2
20 45 2
27 71 2
16 27 2
29 131 1
43 101 1
15 26 2
27 92 2
0 25 2
35 54 2
1 46 2
7 81 2
13 51 2
7 90 1
15 53 2
41 74 2
46 57 2
28 67 2
10 119 1
8 61 2
69 72 2
17 82 2
62 91 1
42 50 2
46 52 2
30 72 2
3 80 2
38 45 2
3 61 2
50 70 2
34 91 1
43 113 1
58 113 1
5 38 2
62 115 1
36 65 2
5 20 2
69 108 1
8 31 2
60 107 1
22 29 2
5 49 2
25 76 2
37 106 1
52 58 2
83 109 2
6 49 2
32 62 2
28 129 2
42 106 2
13 126 1
59 104 1
27 97 1
39 136 1
63 76 2
22 112 1
80 128 1
74 136 2
73 114 1
62 129 1
57 60 2
44 102 1
35 104 1
47 55 2
22 32 2
19 87 1
49 92 1
27 73 2
48 51 2
0 38 2
6 59 2
56 79 2
31 139 2
14 35 2
37 122 1
3 41 2
80 116 1
69 120 1
43 68 2
50 72 2
43 94 1
9 25 2
34 126 2
41 133 1
18 61 2
50 56 2
11 76 2
39 55 2
2 99 1
45 73 2
28 126 1
30 45 2
4 98 1
9 30 2
15 28 2
43 130 1
33 95 1
83 89 1
1 128 1
58 116 2
3 18 2
66 126 1
49 66 2
78 101 1
18 32 2
17 70 2
40 118 1
49 74 2
3 107 1
16 37 2
53 56 2
26 100 1
7 78 2
72 76 2
35 126 2
0 75 2
82 126 1
19 47 2
14 129 2
14 30 2
20 88 2
72 86 1
1 58 2
15 40 2
35 58 2
46 139 1
12 38 2
13 15 2
47 121 1
11 44 2
19 95 2
75 91 1
43 100 1
8 110 2
22 118 2
14 32 2
12 80 2
46 135 1
13 82 2
34 54 2
26 44 2
30 99 1
8 102 1
8 41 2
22 113 1
39 121 2
22 105 1
13 28 2
58 82 2
41 70 2
25 69 2
29 32 2
0 74 2
3 56 2
50 122 2
74 108 2
31 45 2
21 57 2
81 96 1
18 66 2
65 82 2
63 64 2
57 122 2
82 130 1
9 41 2
3 70 2
18 28 2
26 62 2
25 139 2
24 132 1
71 72 2
51 114 1
68 134 2
25 102 2
16 43 2
46 48 2
42 65 2
11 35 2
20 137 1
20 50 2
20 123 2
41 80 2
4 71 2
54 76 2
18 110 2
15 138 1
38 54 2
28 48 2
76 131 1
20 129 2
27 83 2
42 123 2
20 52 2
30 118 2
27 45 2
25 39 2
69 124 2
40 136 1
61 98 1
25 134 1
30 48 2
26 121 2
29 50 2
68 79 2
32 47 2
39 117 1
24 88 1
4 76 2
43 84 1
74 83 2
24 106 2
33 121 1
65 66 2
51 95 2
16 71 2
34 76 2
63 74 2
22 53 2
23 138 2
18 93 1
65 122 1
9 130 1
61 94 1
65 83 2
2 25 2
18 39 2
77 83 2
37 103 2
83 97 2
14 136 2
30 129 1
13 21 2
83 115 1
24 47 2
41 71 2
44 64 2
15 19 2
1 92 2
35 127 2
55 124 1
28 68 2
54 87 1
16 103 1
74 101 1
30 130 1
25 50 2
56 60 2
38 106 1
56 138 1
38 71 2
35 46 2
5 129 1
39 126 2
10 110 1
9 106 1
54 86 1
29 128 1
45 74 2
54 92 1
35 100 1
54 75 2
47 106 2
43 53 2
72 103 1
56 114 1
59 109 2
16 98 2
82 120 2
1 21 2
38 138 2
60 124 2
28 105 1
55 115 2
0 138 2
82 88 1
46 92 1
3 75 2
34 78 2
33 60 2
16 124 1
37 67 2
57 120 1
16 94 1
4 70 2
17 80 2
15 39 2
22 103 2
18 76 2
42 70 2
28 31 2
4 118 1
7 91 1
11 53 2
73 100 2
55 128 1
26 137 2
21 113 1
64 139 2
36 130 1
38 91 2
30 131 1
55 117 1
68 125 1
46 81 2
8 40 2
62 120 1
77 97 2
24 40 2
75 95 1
3 90 1
61 79 2
36 45 2
56 99 2
23 135 1
23 45 2
31 118 1
26 58 2
34 75 2
60 74 2
59 121 1
34 89 2
2 29 2
22 62 2
40 72 2
70 77 2
51 89 1
49 85 1
71 139 1
38 68 2
40 47 2
17 55 2
75 117 2
43 64 2
60 61 2
11 22 2
29 135 1
47 108 2
48 64 2
65 68 2
9 71 2
28 85 2
58 69 2
11 54 2
41 52 2
29 117 2
28 63 2
18 94 2
29 133 1
17 48 2
1 139 2
7 8 2
20 108 1
62 77 2
22 107 1
7 77 2
15 102 1
39 131 1
11 106 1
15 54 2
21 75 2
71 113 1
47 75 2
38 44 2
4 9 2
33 72 2
7 59 2
75 110 2
38 42 2
60 101 2
42 87 1
55 89 1
4 57 2
10 15 2
56 65 2
75 97 1
45 49 2
76 94 2
65 109 2
46 106 1
10 60 2
61 134 2
59 127 1
64 136 1
33 65 2
63 75 2
35 52 2
48 96 1
17 34 2
22 74 2
5 117 1
11 105 2
54 64 2
15 74 2
0 40 2
73 81 2
79 107 1
60 79 2
19 48 2
28 121 1
26 98 2
67 125 1
50 83 2
41 42 2
46 124 1
3 127 1
30 67 2
79 92 1
40 68 2
27 136 2
48 78 2
51 70 2
83 128 2
17 120 1
31 94 1
59 87 1
23 31 2
80 119 2
81 138 1
46 111 1
11 70 2
59 108 1
12 65 2
69 93 1
30 38 2
2 48 2
28 36 2
80 117 1
10 72 2
51 108 1
21 30 2
55 61 2
3 131 1
9 123 1
68 88 1
29 91 2
30 47 2
69 75 2
74 75 2
81 128 1
5 7 2
2 111 1
23 70 2
9 119 1
3 73 2
8 12 2
27 41 2
51 99 1
12 59 2
65 99 1
76 108 1
16 81 2
46 137 1
7 48 2
74 139 1
73 136 1
19 105 1
13 55 2
53 113 1
63 71 2
15 37 2
45 117 1
15 131 1
78 116 2
3 43 2
21 111 1
30 50 2
5 23 2
16 72 2
56 134 1
14 52 2
28 49 2
11 15 2
0 42 2
23 58 2
22 25 2
23 54 2
61 115 1
21 50 2
57 75 2
62 95 1
42 72 2
31 65 2
38 52 2
33 127 1
14 19 2
1 77 2
0 8 2
3 57 2
15 121 2
5 116 1
34 60 2
61 72 2
18 101 1
44 97 1
12 114 1
44 82 2
24 38 2
15 136 1
8 79 2
9 55 2
57 61 2
75 123 1
19 114 2
77 111 2
83 93 2
53 73 2
26 70 2
13 75 2
30 121 1
78 98 1
48 54 2
33 37 2
35 125 2
13 58 2
59 86 1
29 70 2
1 60 2
60 135 1
4 5 2
23 78 2
46 82 2
20 125 1
10 68 2
13 117 1
14 76 2
1 109 1
14 46 2
4 103 2
6 22 2
68 123 1
2 14 2
57 94 1
12 66 2
49 120 1
28 72 2
80 91 2
70 71 2
64 112 1
20 58 2
73 131 1
29 89 1
83 122 1
19 52 2
4 81 2
81 83 2
53 75 2
9 46 2
0 97 2
12 83 2
3 69 2
8 44 2
54 126 1
52 75 2
7 65 2
53 122 1
18 56 2
63 94 1
8 14 2
39 45 2
65 71 2
72 75 2
11 100 1
6 89 1
31 57 2
64 132 2
58 59 2
41 44 2
8 80 2
77 82 2
28 125 1
68 108 2
65 133 1
54 133 1
16 136 2
13 18 2
27 120 1
35 39 2
48 65 2
12 128 1
11 38 2
39 72 2
13 84 1
34 117 1
50 94 2
19 89 1
11 67 2
32 73 2
69 97 1
11 42 2
66 67 2
77 100 1
9 21 2
0 71 2
65 97 1
20 75 2
70 72 2
33 94 1
8 96 1
33 42 2
70 121 1
11 68 2
48 103 2
40 107 2
19 40 2
26 42 2
14 43 2
69 92 1
51 58 2
78 130 1
53 79 2
29 101 1
59 85 1
76 127 1
13 43 2
14 126 1
52 100 2
51 86 2
14 60 2
39 75 2
4 25 2
32 81 2
83 121 2
5 62 2
44 70 2
66 109 1
71 118 1
20 30 2
1 30 2
80 101 2
8 74 2
33 86 2
80 97 1
32 106 1
49 90 1
38 103 1
32 95 1
16 128 1
5 75 2
14 124 1
9 22 2
29 116 2
27 33 2
11 109 2
16 31 2
12 47 2
33 43 2
40 120 2
33 81 2
49 68 2
28 94 1
41 135 1
6 31 2
7 35 2
54 95 1
11 66 2
14 34 2
8 75 2
60 76 2
1 45 2
20 56 2
59 61 2
4 78 2
21 76 2
4 18 2
79 124 1
18 121 1
4 137 1
45 111 1
17 103 1
10 56 2
66 68 2
23 82 2
16 30 2
8 65 2
79 138 1
9 87 2
61 62 2
8 13 2
64 86 2
80 95 1
3 34 2
73 128 1
25 104 1
42 53 2
1 3 2
52 68 2
35 53 2
8 112 2
41 127 1
63 122 2
40 111 1
54 59 2
72 112 1
21 131 1
5 59 2
35 38 2
14 73 2
43 56 2
60 96 2
9 37 2
78 91 1
33 75 2
12 46 2
16 119 1
5 73 2
16 26 2
58 109 1
28 120 1
10 115 1
30 55 2
59 60 2
14 72 2
0 49 2
82 139 1
1 11 2
24 58 2
18 41 2
24 34 2
48 98 1
50 97 2
0 98 1
40 96 1
41 108 2
32 130 2
22 47 2
2 46 2
48 56 2
15 70 2
28 41 2
11 80 2
36 58 2
6 9 2
24 84 1
51 74 2
42 131 2
16 92 1
11 91 1
32 82 2
56 126 1
2 39 2
67 97 1
17 91 1
0 51 2
28 124 1
21 78 2
4 87 1
18 78 2
34 59 2
55 99 2
41 65 2
41 87 1
9 36 2
48 131 1
26 55 2
75 127 1
12 136 1
25 70 2
26 59 2
27 39 2
45 53 2
66 94 2
39 41 2
3 29 2
19 134 1
51 124 1
59 79 2
37 112 2
28 86 1
68 75 2
43 60 2
57 83 2
3 26 2
28 46 2
25 130 2
77 129 2
44 117 1
12 110 1
80 99 2
33 122 1
15 114 2
59 122 2
31 82 2
16 41 2
30 69 2
21 36 2
49 119 2
53 125 1
17 38 2
0 86 1
5 53 2
5 81 2
57 103 1
6 95 1
73 78 2
32 87 2
11 37 2
3 122 2
37 75 2
31 89 2
64 82 2
52 102 1
12 34 2
15 30 2
39 43 2
2 38 2
1 80 2
2 81 2
10 133 1
1 34 2
67 99 1
0 104 2
36 135 1
37 84 1
47 56 2
11 69 2
26 93 2
26 99 1
21 68 2
51 123 1
4 20 2
76 85 1
75 120 1
22 61 2
15 46 2
44 125 2
75 112 1
41 49 2
14 41 2
1 104 1
16 74 2
21 34 2
16 115 2
25 54 2
61 78 2
47 129 1
70 119 1
65 111 1
33 64 2
16 138 1
83 88 1
61 92 2
44 137 2
17 118 1
33 100 1
33 35 2
83 137 1
23 25 2
5 80 2
15 108 2
27 67 2
2 22 2
82 131 2
38 69 2
8 45 2
15 61 2
63 67 2
7 95 2
21 24 2
61 66 2
6 30 2
72 97 1
56 125 1
51 53 2
40 42 2
26 81 2
28 32 2
51 93 1
65 128 1
6 41 2
14 130 1
83 110 1
18 24 2
38 126 2
5 52 2
71 106 1
54 93 1
11 41 2
48 126 1
27 86 1
16 126 1
50 54 2
27 32 2
37 62 2
4 124 1
8 46 2
44 72 2
60 94 1
6 66 2
11 26 2
17 41 2
52 77 2
43 62 2
9 20 2
73 130 1
56 75 2
16 20 2
0 6 2
43 85 2
13 57 2
0 111 1
3 117 1
25 120 1
55 118 1
69 77 2
14 58 2
21 123 1
13 138 2
24 48 2
13 85 1
35 137 2
15 32 2
70 83 2
31 134 1
8 119 1
11 58 2
28 35 2
70 80 2
39 69 2
39 122 1
55 85 1
8 94 2
60 64 2
23 64 2
58 63 2
29 93 1
8 58 2
11 98 1
6 62 2
4 28 2
42 57 2
75 122 1
42 122 1
5 6 2
23 120 1
10 26 2
3 21 2
7 45 2
63 107 1
78 80 2
49 50 2
42 79 2
32 88 1
29 106 2
83 125 1
23 48 2
30 97 1
72 125 1
63 138 1
0 30 2
69 83 2
56 108 1
38 125 1
18 64 2
45 130 2
72 127 1
7 25 2
18 98 2
47 87 1
66 115 2
2 54 2
59 80 2
43 82 2
80 136 2
80 112 2
1 49 2
58 81 2
16 135 1
39 63 2
58 94 1
27 62 2
31 44 2
61 137 1
17 133 1
65 104 2
39 100 2
5 43 2
39 68 2
47 120 1
10 42 2
18 118 1
10 137 1
6 56 2
43 78 2
37 64 2
52 57 2
68 100 1
75 121 1
62 124 1
7 109 2
41 58 2
2 50 2
18 75 2
13 42 2
79 134 1
12 102 1
5 70 2
0 67 2
18 125 1
27 50 2
11 112 1
64 75 2
51 109 1
39 89 1
39 67 2
6 136 1
18 105 1
66 138 2
29 41 2
73 96 1
16 47 2
9 49 2
7 69 2
39 61 2
25 74 2
23 28 2
36 128 1
21 90 1
55 87 1
5 90 1
1 59 2
50 86 2
54 129 1
13 56 2
78 125 2
3 42 2
75 107 1
69 137 2
44 71 2
26 135 2
51 62 2
56 87 1
35 102 2
35 81 2
58 99 1
62 114 1
3 66 2
66 86 2
70 124 2
5 60 2
46 51 2
69 81 2
50 129 1
76 129 1
69 74 2
47 61 2
15 101 1
66 131 1
50 52 2
31 120 1
0 26 2
45 62 2
24 44 2
80 87 1
38 122 1
20 55 2
4 108 1
75 101 2
50 85 1
47 92 1
58 125 1
83 132 2
10 41 2
59 117 1
61 90 1
9 34 2
49 71 2
81 119 2
17 130 2
5 85 2
3 119 1
2 5 2
38 49 2
16 130 1
20 69 2
46 104 1
33 103 1
17 23 2
72 104 1
5 26 2
73 123 2
8 24 2
50 106 2
2 45 2
17 128 1
26 97 1
13 131 1
8 52 2
77 136 2
32 97 1
39 103 1
15 57 2
69 80 2
37 65 2
24 46 2
44 65 2
2 21 2
38 41 2
61 101 1
13 96 2
36 121 1
42 71 2
44 55 2
46 131 1
56 130 1
45 92 1
12 52 2
8 28 2
5 96 1
16 132 2
9 29 2
10 73 2
38 90 1
40 67 2
55 80 2
14 135 2
52 76 2
17 107 1
8 97 2
68 122 1
44 136 1
49 69 2
22 124 2
7 79 2
42 107 1
26 116 2
7 34 2
56 83 2
36 57 2
21 25 2
7 96 1
83 86 1
32 67 2
53 97 1
22 42 2
24 69 2
29 120 1
60 127 1
4 85 2
60 131 1
43 134 2
42 55 2
4 6 2
2 118 2
48 93 1
27 119 1
61 67 2
60 116 1
60 133 2
9 105 2
67 108 1
77 96 2
4 58 2
16 77 2
15 56 2
38 62 2
56 111 2
25 68 2
80 82 2
13 69 2
55 64 2
11 126 1
20 57 2
13 89 1
43 99 2
4 27 2
0 128 1
81 112 1
18 113 1
9 97 1
20 27 2
67 74 2
48 62 2
30 125 1
14 25 2
33 111 2
30 127 1
9 14 2
6 84 1
10 125 2
17 101 1
38 53 2
12 25 2
76 128 1
75 83 2
22 70 2
19 123 1
22 88 1
46 123 1
40 81 2
42 78 2
11 59 2
7 28 2
54 66 2
34 65 2
21 117 1
51 97 1
70 98 2
62 109 1
27 35 2
1 24 2
63 96 1
82 100 1
48 69 2
4 130 2
49 60 2
25 35 2
15 93 2
41 92 1
18 48 2
20 25 2
12 40 2
10 55 2
61 75 2
43 122 1
63 73 2
40 84 1
7 124 1
74 106 2
22 137 1
21 63 2
0 82 2
15 86 1
22 79 2
10 16 2
27 104 2
30 122 2
9 38 2
27 74 2
83 138 2
38 136 2
26 73 2
63 78 2
33 63 2
40 93 2
51 107 1
21 105 2
35 70 2
71 138 2
38 59 2
36 61 2
2 77 2
29 125 1
77 138 1
25 63 2
10 69 2
18 38 2
10 48 2
5 29 2
26 40 2
59 77 2
76 102 1
1 76 2
65 110 1
76 137 1
3 62 2
21 71 2
27 53 2
0 105 1
51 60 2
25 126 1
1 100 2
12 82 2
7 118 1
9 27 2
9 19 2
3 44 2
51 59 2
19 74 2
45 52 2
50 95 2
47 125 1
57 80 2
27 28 2
3 68 2
60 89 1
20 82 2
13 116 2
50 136 1
53 83 2
44 110 1
16 109 2
9 108 2
9 45 2
20 73 2
46 117 2
57 70 2
3 36 2
62 122 1
37 117 1
22 114 1
52 105 2
10 66 2
62 75 2
6 91 1
77 118 2
3 53 2
13 24 2
2 97 1
2 65 2
70 118 2
17 74 2
47 80 2
56 71 2
26 48 2
33 52 2
55 111 1
27 55 2
37 60 2
27 138 2
2 24 2
44 133 1
1 41 2
10 12 2
37 98 2
44 47 2
83 99 2
8 16 2
60 105 1
49 134 1
2 42 2
47 71 2
0 46 2
25 53 2
58 61 2
22 71 2
3 40 2
46 121 1
8 90 2
9 92 1
50 60 2
57 62 2
37 86 2
23 121 1
3 25 2
24 52 2
22 90 1
29 88 1
40 100 1
55 126 1
7 73 2
45 93 1
39 53 2
52 119 1
9 113 1
76 138 1
29 81 2
42 132 1
40 60 2
44 126 1
24 72 2
23 105 2
73 85 1
24 50 2
10 65 2
35 42 2
48 49 2
52 130 1
34 72 2
3 128 2
52 118 2
21 56 2
11 122 2
35 120 1
13 110 1
0 16 2
56 57 2
39 134 1
73 99 1
33 50 2
34 90 1
80 81 2
21 101 1
14 36 2
11 32 2
12 17 2
17 18 2
49 129 2
42 127 2
42 73 2
53 59 2
20 97 1
0 123 1
20 60 2
74 111 1
37 136 1
41 120 2
54 78 2
14 54 2
25 27 2
44 81 2
23 52 2
36 54 2
66 118 1
53 63 2
23 65 2
20 40 2
14 80 2
61 73 2
48 83 2
35 66 2
9 58 2
43 70 2
2 131 1
16 66 2
18 134 1
79 139 2
18 47 2
1 108 1
13 53 2
6 98 1
4 37 2
62 88 1
65 116 1
8 82 2
75 131 1
15 65 2
0 132 1
41 116 1
3 129 1
38 51 2
62 78 2
30 100 2
8 36 2
60 80 2
47 96 1
51 78 2
26 74 2
28 106 1
37 126 1
48 109 1
4 10 2
15 73 2
51 56 2
36 80 2
71 73 2
27 37 2
0 93 2
30 109 1
15 80 2
19 55 2
34 69 2
22 96 1
0 59 2
48 118 2
17 39 2
43 75 2
37 97 1
41 67 2
12 69 2
2 31 2
44 53 2
24 25 2
75 119 2
10 71 2
47 53 2
25 78 2
28 43 2
11 36 2
2 127 2
74 92 2
34 120 1
33 98 1
56 110 1
58 138 2
17 56 2
0 52 2
77 109 1
13 130 1
55 74 2
2 40 2
48 125 1
24 138 1
34 128 2
64 105 2
24 122 1
34 41 2
58 84 1
79 116 1
55 56 2
38 92 1
76 130 1
14 85 1
77 81 2
25 30 2
27 82 2
2 68 2
58 65 2
82 105 1
63 108 2
50 133 2
30 112 1
34 103 1
17 31 2
14 113 2
23 91 1
9 16 2
30 66 2
2 16 2
13 83 2
36 137 2
16 57 2
28 116 1
22 49 2
31 63 2
35 37 2
18 81 2
81 116 1
43 95 2
0 47 2
15 68 2
46 83 2
67 69 2
79 96 2
58 71 2
13 32 2
62 73 2
24 31 2
45 80 2
58 104 2
38 73 2
20 135 2
55 72 2
12 77 2
31 64 2
9 103 1
24 67 2
39 83 2
83 96 1
46 66 2
82 106 2
73 77 2
15 60 2
42 118 1
25 38 2
43 118 2
27 65 2
68 85 2
17 106 1
41 59 2
20 74 2
35 132 1
5 35 2
19 83 2
11 21 2
5 137 1
35 94 1
8 56 2
23 59 2
32 139 1
10 61 2
28 84 2
53 134 2
49 109 1
44 131 1
6 94 1
3 19 2
45 88 1
20 70 2
47 72 2
12 134 1
69 121 2
4 26 2
10 98 1
2 43 2
59 74 2
83 114 1
73 110 1
56 78 2
36 47 2
15 81 2
36 39 2
25 47 2
25 81 2
36 55 2
6 68 2
0 117 1
44 56 2
23 46 2
22 92 1
14 105 1
3 46 2
30 139 1
38 40 2
11 23 2
57 133 1
20 59 2
65 67 2
38 78 2
65 79 2
19 76 2
8 92 1
4 60 2
1 54 2
39 52 2
9 124 1
19 25 2
24 71 2
35 51 2
3 64 2
9 126 2
58 76 2
31 43 2
44 121 1
10 19 2
31 46 2
0 65 2
27 51 2
14 134 2
66 88 1
38 105 2
54 89 1
77 139 1
31 54 2
69 94 1
22 54 2
71 111 1
7 30 2
32 103 1
65 72 2
9 40 2
7 84 1
51 64 2
18 36 2
34 138 2
49 67 2
39 65 2
50 53 2
73 120 1
18 25 2
8 107 1
9 73 2
77 115 1
8 77 2
33 137 2
43 61 2
27 98 2
31 42 2
0 126 1
66 74 2
60 125 1
1 120 1
41 76 2
38 57 2
25 55 2
66 92 2
4 139 1
1 44 2
12 30 2
3 133 1
36 71 2
35 98 1
58 119 1
52 134 1
13 46 2
75 134 2
9 134 1
20 51 2
4 61 2
31 114 1
0 118 1
3 11 2
25 138 1
83 85 1
7 87 1
62 64 2
63 109 2
13 132 1
69 129 2
2 17 2
30 135 1
49 111 1
9 101 1
23 67 2
78 104 2
1 112 1
76 93 2
65 69 2
34 67 2
42 130 1
34 109 1
56 107 2
10 32 2
34 77 2
83 87 1
28 87 1
9 26 2
1 16 2
41 99 2
15 16 2
20 72 2
60 117 1
30 136 1
29 73 2
9 18 2
10 59 2
5 68 2
41 60 2
80 121 1
34 48 2
2 52 2
36 131 1
4 14 2
38 47 2
81 104 1
43 54 2
30 64 2
20 138 1
65 121 1
26 53 2
29 71 2
49 80 2
3 65 2
10 58 2
19 41 2
38 64 2
34 92 2
66 85 2
15 119 1
12 60 2
61 85 1
9 11 2
0 70 2
23 51 2
50 71 2
67 102 1
21 118 2
27 40 2
73 80 2
30 44 2
13 91 1
58 83 2
41 43 2
26 117 1
27 103 1
47 66 2
13 36 2
24 127 1
40 63 2
1 43 2
58 97 1
5 72 2
29 64 2
26 31 2
42 113 1
59 96 2
63 113 2
72 77 2
15 100 2
14 15 2
15 129 2
28 55 2
53 67 2
36 40 2
40 79 2
19 109 1
28 70 2
13 38 2
77 104 2
57 129 2
51 139 1
74 78 2
22 95 1
62 121 1
8 81 2
36 115 1
55 90 1
83 134 1
30 78 2
59 125 1
51 101 2
44 111 1
23 134 1
24 111 1
25 82 2
35 61 2
70 96 2
30 85 1
27 126 1
15 22 2
48 75 2
8 93 1
14 90 2
55 105 1
33 62 2
20 132 2
64 69 2
16 52 2
54 106 1
57 114 1
15 89 1
67 109 1
56 105 1
16 90 1
78 108 1
47 113 1
73 138 1
25 94 2
32 93 1
67 70 2
37 88 1
33 89 1
46 136 1
46 50 2
23 60 2
13 30 2
49 59 2
7 16 2
3 72 2
33 77 2
78 120 2
34 39 2
32 61 2
59 90 1
3 4 2
79 112 1
66 129 1
0 60 2
53 119 1
69 70 2
66 103 1
78 103 2
2 73 2
9 17 2
16 112 1
63 102 1
0 45 2
20 35 2
22 121 2
47 85 2
31 121 2
36 68 2
7 115 2
8 62 2
5 21 2
31 106 1
62 94 1
43 112 1
20 119 1
27 69 2
80 139 1
42 125 1
44 78 2
51 127 1
34 130 1
18 80 2
83 104 1
50 69 2
48 59 2
29 43 2
10 106 1
4 123 2
41 66 2
7 88 1
13 107 2
29 121 1
41 51 2
70 100 1
19 43 2
63 116 1
72 116 1
53 61 2
82 132 2
19 82 2
56 97 1
30 102 1
28 74 2
1 130 1
68 91 2
41 91 2
23 33 2
65 118 1
2 18 2
69 130 1
8 114 1
62 132 1
36 49 2
36 90 1
78 83 2
16 139 1
6 12 2
7 127 1
9 129 2
18 120 1
0 55 2
57 76 2
52 85 1
42 67 2
8 91 2
35 57 2
23 116 1
8 23 2
66 73 2
66 81 2
31 52 2
32 50 2
79 117 2
15 110 2
2 61 2
44 113 1
17 136 2
60 126 1
39 71 2
5 71 2
3 37 2
34 38 2
59 84 1
14 102 1
35 65 2
1 31 2
19 104 1
14 38 2
46 58 2
35 134 1
27 93 1
65 77 2
31 83 2
39 62 2
36 85 2
35 124 1
60 71 2
11 120 2
0 135 1
72 105 1
82 84 1
52 65 2
1 66 2
44 79 2
20 53 2
37 101 1
51 83 2
24 74 2
47 101 1
82 111 2
11 47 2
83 123 2
45 125 1
7 14 2
60 108 2
26 119 2
46 126 2
28 91 1
33 34 2
66 75 2
61 114 1
7 136 1
53 138 1
31 91 2
48 72 2
70 90 1
54 69 2
18 99 1
63 82 2
44 73 2
48 76 2
17 40 2
5 69 2
43 73 2
32 38 2
47 99 1
14 63 2
53 88 1
62 76 2
75 114 1
39 49 2
47 68 2
17 126 1
34 107 2
10 124 2
29 30 2
64 118 2
2 19 2
17 42 2
39 120 1
57 112 1
16 35 2
0 122 1
61 118 1
45 114 2
8 125 1
2 59 2
74 85 1
17 71 2
30 71 2
4 44 2
12 73 2
7 37 2
38 137 2
32 99 2
9 82 2
27 90 1
69 73 2
40 56 2
0 19 2
41 63 2
34 114 1
80 102 1
5 86 2
59 83 2
55 104 2
19 70 2
34 55 2
51 105 1
54 111 1
81 139 1
78 119 1
45 105 2
78 99 1
27 94 2
10 95 1
14 33 2
35 62 2
63 69 2
16 59 2
26 37 2
16 60 2
43 63 2
39 94 1
7 13 2
6 15 2
45 57 2
56 73 2
50 76 2
12 22 2
30 57 2
26 138 2
9 56 2
31 38 2
73 116 1
28 51 2
70 84 1
38 113 1
23 66 2
26 103 2
34 81 2
31 68 2
50 137 1
7 72 2
31 75 2
42 62 2
46 75 2
29 58 2
53 107 1
26 51 2
1 6 2
47 69 2
72 115 2
44 58 2
29 40 2
18 51 2
44 130 1
16 67 2
45 103 2
80 134 2
24 59 2
15 76 2
43 57 2
36 53 2
52 56 2
76 87 1
1 118 1
56 123 1
1 29 2
69 113 2
18 33 2
21 87 2
23 63 2
10 49 2
27 89 1
63 100 1
59 71 2
40 80 2
11 48 2
50 82 2
17 129 2
59 95 1
12 42 2
0 53 2
24 80 2
2 20 2
4 17 2
16 28 2
19 49 2
41 57 2
3 22 2
63 79 2
30 75 2
10 70 2
77 101 1
55 79 2
5 63 2
14 132 2
0 133 2
47 86 1
42 63 2
29 136 1
20 92 1
15 77 2
36 87 1
10 28 2
48 66 2
57 102 1
1 55 2
0 137 1
73 82 2
33 67 2
19 85 1
19 130 1
47 124 2
16 134 2
48 91 1
25 61 2
30 43 2
16 40 2
59 81 2
28 123 1
20 93 2
33 85 1
29 65 2
62 70 2
46 76 2
42 133 1
15 66 2
76 132 2
10 62 2
15 130 1
11 117 2
1 32 2
52 82 2
10 79 2
46 53 2
66 139 1
59 63 2
64 71 2
71 108 1
23 42 2
45 56 2
54 79 2
72 79 2
24 82 2
61 80 2
55 73 2
22 36 2
19 81 2
49 58 2
5 106 1
21 96 1
46 86 1
15 64 2
18 91 1
6 114 2
5 65 2
77 89 1
37 118 1
56 106 1
38 115 2
19 110 2
4 96 2
37 110 2
36 69 2
31 51 2
17 28 2
18 132 1
15 34 2
1 53 2
10 130 1
49 114 2
2 62 2
29 80 2
57 91 2
30 79 2
22 108 1
53 117 2
2 6 2
22 39 2
32 98 1
48 60 2
10 112 1
52 66 2
71 122 1
42 68 2
71 115 2
72 73 2
46 64 2
10 76 2
61 95 1
39 73 2
60 85 1
8 122 1
0 134 1
31 61 2
24 119 2
4 21 2
7 39 2
33 46 2
13 65 2
31 137 1
77 107 2
5 89 1
41 83 2
61 113 1
26 136 1
7 133 1
79 82 2
4 80 2
35 82 2
81 130 1
83 92 1
63 88 1
35 108 1
14 20 2
29 86 2
12 49 2
38 58 2
6 67 2
26 101 1
53 103 2
58 120 2
61 123 1
56 72 2
6 20 2
36 72 2
55 58 2
56 96 1
57 106 1
67 116 1
38 98 2
36 103 1
11 83 2
2 8 2
49 55 2
10 78 2
20 22 2
7 10 2
23 79 2
3 14 2
21 48 2
26 43 2
30 104 1
37 66 2
67 106 1
37 40 2
54 56 2
20 116 1
31 76 2
3 121 1
12 35 2
75 111 1
27 43 2
20 91 1
32 74 2
29 72 2
74 110 1
62 69 2
7 110 2
36 105 1
22 111 1
13 97 1
47 130 1
32 64 2
40 44 2
2 30 2
83 112 1
62 93 1
23 90 1
16 32 2
51 88 1
46 120 1
26 88 1
27 116 1
30 34 2
69 101 1
19 66 2
37 81 2
58 110 2
53 76 2
18 79 2
6 80 2
47 76 2
35 74 2
34 105 2
32 39 2
41 61 2
48 70 2
42 49 2
0 58 2
19 54 2
20 62 2
42 52 2
32 102 1
23 73 2
62 96 1
16 38 2
22 94 1
53 115 1
2 121 2
71 136 2
80 126 2
35 73 2
4 52 2
8 59 2
58 66 2
3 30 2
35 107 1
74 82 2
22 84 2
49 82 2
34 37 2
21 128 1
72 123 1
75 128 2
75 92 2
33 66 2
21 62 2
0 92 2
56 68 2
55 108 2
82 104 1
45 59 2
73 107 1
67 104 1
73 117 1
69 87 2
14 65 2
80 108 1
60 136 1
27 115 1
13 54 2
27 128 1
50 108 2
16 61 2
40 75 2
5 126 1
71 89 1
29 122 1
58 72 2
45 95 1
55 135 1
57 111 2
39 85 1
34 80 2
6 92 1
28 136 1
52 98 1
64 123 2
62 85 1
22 48 2
62 134 2
50 107 2
4 11 2
48 71 2
22 139 1
4 64 2
81 132 1
52 136 2
53 62 2
34 86 1
55 83 2
4 109 1
43 137 2
30 93 1
67 133 2
18 73 2
20 41 2
3 76 2
3 32 2
13 22 2
75 138 1
33 73 2
78 128 1
16 18 2
41 115 1
44 62 2
1 10 2
7 128 1
25 36 2
20 61 2
75 88 1
60 75 2
24 116 1
40 112 1
80 114 1
46 65 2
60 73 2
21 73 2
42 56 2
26 91 1
1 125 1
6 70 2
15 137 1
29 68 2
62 119 1
52 126 2
64 113 2
60 62 2
15 79 2
11 33 2
44 57 2
42 124 2
33 69 2
78 82 2
28 40 2
61 93 1
8 133 1
9 32 2
23 75 2
8 63 2
22 57 2
46 95 2
19 29 2
36 59 2
57 126 2
67 98 1
7 70 2
5 41 2
75 81 2
12 62 2
44 48 2
75 130 2
5 121 2
5 130 1
43 48 2
27 54 2
47 51 2
59 82 2
9 51 2
49 72 2
70 126 1
76 115 2
62 106 1
70 136 1
26 78 2
24 66 2
53 136 1
36 70 2
42 83 2
23 93 2
76 116 1
16 21 2
17 64 2
52 123 1
0 29 2
7 44 2
26 76 2
80 103 1
49 78 2
42 64 2
77 130 1
13 35 2
5 27 2
27 70 2
5 19 2
31 102 1
20 134 2
33 107 1
17 102 2
16 68 2
18 74 2
80 98 2
65 139 1
4 43 2
12 71 2
79 91 1
14 123 1
30 76 2
31 66 2
33 71 2
60 66 2
66 70 2
43 50 2
79 133 1
26 115 2
54 88 1
66 135 2
38 43 2
24 32 2
4 45 2
32 44 2
56 115 1
9 44 2
67 122 2
6 102 1
32 63 2
30 51 2
47 123 1
53 81 2
2 119 2
7 24 2
44 91 2
9 64 2
78 84 1
30 39 2
26 66 2
31 48 2
73 94 1
27 44 2
3 58 2
81 114 2
0 50 2
59 78 2
0 2 2
4 51 2
26 120 2
30 80 2
7 100 1
17 47 2
72 133 2
53 106 2
26 133 2
5 24 2
48 113 1
1 102 1
57 74 2
82 93 1
4 112 1
18 29 2
5 109 2
14 128 1
64 129 1
1 86 2
40 119 1
13 33 2
69 110 1
11 61 2
47 137 1
22 35 2
5 15 2
14 45 2
35 89 1
20 71 2
1 107 1
6 116 1
3 8 2
62 137 1
9 85 1
10 53 2
9 94 2
35 60 2
24 28 2
1 138 1
40 55 2
79 85 1
21 45 2
28 54 2
22 44 2
13 50 2
17 75 2
1 122 1
28 80 2
21 130 2
19 28 2
63 128 1
30 46 2
82 94 1
37 93 2
20 48 2
29 107 1
5 78 2
16 39 2
19 21 2
49 83 2
34 82 2
76 83 2
80 104 1
34 124 1
3 63 2
1 14 2
28 110 1
17 127 1
0 61 2
76 113 1
18 67 2
16 107 1
23 29 2
22 134 1
30 58 2
61 65 2
79 81 2
9 98 1
17 76 2
25 60 2
36 92 1
64 102 1
25 73 2
63 112 1
53 65 2
10 81 2
31 101 2
46 138 2
22 40 2
51 82 2
56 59 2
8 88 2
83 124 2
7 94 1
31 34 2
42 99 1
28 42 2
32 115 1
58 132 2
78 95 1
59 106 1
52 104 1
59 103 2
16 42 2
45 109 2
5 12 2
68 84 1
2 57 2
3 60 2
77 123 1
8 120 1
8 72 2
9 24 2
42 105 1
23 38 2
23 81 2
79 119 1
40 108 1
10 94 1
77 93 2
26 94 1
5 120 1
12 74 2
70 82 2
46 61 2
9 109 1
71 129 1
48 67 2
53 114 1
77 110 1
4 35 2
19 133 1
60 82 2
19 64 2
23 132 2
50 81 2
39 47 2
32 36 2
8 20 2
65 80 2
76 99 2
16 125 2
14 68 2
40 43 2
56 101 2
22 131 1
11 45 2
62 87 1
32 35 2
58 95 1
74 121 1
2 15 2
55 71 2
42 98 1
62 74 2
76 104 2
67 90 2
40 133 1
7 11 2
38 55 2
1 13 2
46 125 2
25 135 1
60 92 1
50 128 1
20 68 2
0 39 2
25 71 2
17 72 2
40 134 2
77 88 2
28 89 1
12 53 2
51 96 1
43 136 1
26 33 2
25 103 2
64 134 1
55 70 2
41 54 2
12 100 1
27 75 2
82 115 1
0 63 2
44 69 2
28 58 2
68 111 1
72 92 1
35 36 2
24 91 1
39 119 1
4 49 2
49 93 2
12 139 1
12 39 2
7 121 2
11 19 2
5 36 2
83 126 1
4 79 2
3 71 2
27 30 2
33 54 2
39 76 2
46 88 1
65 135 1
38 118 1
45 61 2
18 133 1
19 93 2
33 138 1
53 84 1
20 121 1
9 70 2
11 20 2
32 69 2
56 86 1
7 21 2
48 94 1
68 106 2
18 87 2
57 82 2
1 56 2
4 121 1
42 46 2
10 139 2
55 84 1
40 65 2
13 59 2
76 91 2
14 49 2
10 84 2
32 45 2
7 33 2
40 128 1
24 108 2
72 129 2
19 98 2
18 35 2
16 111 1
29 84 1
8 137 1
56 131 2
18 83 2
32 70 2
19 120 2
15 90 1
21 55 2
19 90 1
0 88 2
32 110 2
17 44 2
3 106 1
20 39 2
23 77 2
17 30 2
54 109 1
37 59 2
55 57 2
57 59 2
3 28 2
19 57 2
36 81 2
69 102 1
44 107 2
67 73 2
17 112 2
12 56 2
4 30 2
35 56 2
7 57 2
13 79 2
39 54 2
10 11 2
35 40 2
17 58 2
71 99 2
48 77 2
75 124 2
46 134 1
25 75 2
64 89 1
2 58 2
62 71 2
77 117 1
31 58 2
47 122 2
41 79 2
59 102 2
65 81 2
19 124 1
53 68 2
55 95 1
30 53 2
36 38 2
22 31 2
7 75 2
38 100 1
45 116 2
80 129 1
25 51 2
18 50 2
35 41 2
11 113 1
13 45 2
13 68 2
24 26 2
29 61 2
20 44 2
13 90 2
42 47 2
4 15 2
47 59 2
14 50 2
6 130 1
45 69 2
11 104 1
49 54 2
22 64 2
60 63 2
15 120 2
59 132 1
7 137 2
52 60 2
28 53 2
13 119 1
6 124 1
8 27 2
40 126 1
34 122 2
42 89 2
22 55 2
40 51 2
67 100 1
14 56 2
26 69 2
46 114 1
44 92 2
59 64 2
82 103 2
11 43 2
31 113 1
13 52 2
65 74 2
23 130 1
3 126 1
43 46 2
12 79 2
70 78 2
13 76 2
33 134 1
2 66 2
9 81 2
10 27 2
47 64 2
11 17 2
12 41 2
12 45 2
42 120 1
12 61 2
32 135 1
3 49 2
78 107 2
66 124 1
56 118 1
40 92 1
67 135 1
44 105 2
41 130 1
28 45 2
41 69 2
48 79 2
9 74 2
23 57 2
14 100 2
31 80 2
32 53 2
83 113 2
48 106 2
37 52 2
53 93 2
12 55 2
24 42 2
12 44 2
66 99 1
52 79 2
38 83 2
27 106 1
38 67 2
29 127 1
7 99 1
79 83 2
7 113 2
61 133 1
1 5 2
27 63 2
40 45 2
0 78 2
45 98 1
37 41 2
5 84 1
61 87 2
29 66 2
32 75 2
62 112 1
60 77 2
19 37 2
72 135 1
40 77 2
34 135 1
23 32 2
63 89 2
3 108 1
8 83 2
18 106 1
43 117 1
59 72 2
10 52 2
24 99 1
60 67 2
41 101 1
31 131 2
68 126 2
18 70 2
73 105 1
34 40 2
51 61 2
4 110 2
23 89 1
44 114 1
8 32 2
36 52 2
30 83 2
31 81 2
11 13 2
34 47 2
52 116 2
25 34 2
8 18 2
22 37 2
67 84 1
26 57 2
1 62 2
81 84 2
39 101 1
62 89 2
1 90 1
43 105 1
70 76 2
58 105 2
54 132 1
75 80 2
54 107 1
13 98 2
23 62 2
23 107 1
41 77 2
58 107 1
5 30 2
83 130 1
21 46 2
11 27 2
65 76 2
40 104 1
40 61 2
31 56 2
65 93 1
40 54 2
51 63 2
73 115 1
41 68 2
3 27 2
81 124 2
21 115 1
43 44 2
55 78 2
1 78 2
79 127 2
22 34 2
69 89 1
9 121 2
34 99 2
6 47 2
81 100 1
10 88 2
7 83 2
9 50 2
0 41 2
4 75 2
50 55 2
12 132 2
8 34 2
79 110 1
57 99 2
6 107 2
43 89 1
6 38 2
35 71 2
51 126 1
29 79 2
23 103 1
8 73 2
67 78 2
6 85 1
22 98 1
26 28 2
60 123 1
18 82 2
44 68 2
26 108 1
24 90 1
45 115 2
60 111 1
26 47 2
57 72 2
0 13 2
40 66 2
52 95 1
9 59 2
54 82 2
22 72 2
38 129 1
30 94 1
28 98 2
3 84 1
24 54 2
13 63 2
2 100 1
5 9 2
9 88 1
58 128 2
38 65 2
32 89 2
64 91 1
44 66 2
36 134 1
68 128 1
50 77 2
29 62 2
6 75 2
31 110 2
33 123 1
39 70 2
65 105 2
1 51 2
50 64 2
20 32 2
38 82 2
31 100 1
29 74 2
36 62 2
19 86 1
13 78 2
71 128 2
37 38 2
63 84 1
49 51 2
26 35 2
54 136 1
51 128 1
29 118 1
81 102 1
5 76 2
58 62 2
32 118 2
6 97 1
29 109 2
46 69 2
24 104 1
2 12 2
39 84 2
55 67 2
69 134 1
39 113 1
28 69 2
13 49 2
46 122 1
51 115 2
79 129 1
3 125 2
58 64 2
22 81 2
10 31 2
37 91 2
15 98 2
57 137 1
77 112 1
8 135 1
24 97 1
36 48 2
5 31 2
4 113 2
5 18 2
5 17 2
46 71 2
76 111 1
40 90 1
33 56 2
14 17 2
8 66 2
6 82 2
47 139 2
60 113 2
54 105 2
41 139 1
58 131 1
36 50 2
8 87 1
34 73 2
54 104 1
15 20 2
14 93 1
66 79 2
44 61 2
27 47 2
32 116 2
2 53 2
52 69 2
32 43 2
11 16 2
21 108 1
48 101 1
9 84 1
40 76 2
3 10 2
7 29 2
36 97 1
27 129 1
53 104 1
80 83 2
69 71 2
74 118 1
43 102 1
2 105 2
25 98 1
54 57 2
35 75 2
3 138 1
39 93 1
52 72 2
1 36 2
42 94 1
40 59 2
6 72 2
34 88 1
6 25 2
50 59 2
4 29 2
47 119 1
2 123 1
62 111 1
75 77 2
76 82 2
49 137 1
30 81 2
4 12 2
22 73 2
4 104 1
64 100 1
27 95 1
32 72 2
15 47 2
76 118 1
40 52 2
12 31 2
21 51 2
81 121 1
25 118 1
5 125 1
57 97 1
37 45 2
17 20 2
15 23 2
44 50 2
12 67 2
56 91 1
15 58 2
46 78 2
38 63 2
15 45 2
48 119 1
23 39 2
19 38 2
72 100 1
9 135 1
1 83 2
11 125 1
38 110 2
29 124 1
65 115 1
71 109 1
73 125 2
22 80 2
1 70 2
5 128 1
66 121 2
44 80 2
12 97 1
24 103 2
54 84 1
27 111 2
11 72 2
1 91 1
15 38 2
18 109 1
2 132 1
64 85 1
52 137 1
17 35 2
30 77 2
55 91 2
14 110 1
23 56 2
25 58 2
70 73 2
11 63 2
12 51 2
7 50 2
72 113 1
61 108 1
70 95 1
33 91 1
8 69 2
49 70 2
10 89 1
18 27 2
65 70 2
29 59 2
32 123 1
34 46 2
35 99 1
1 129 2
70 104 1
10 57 2
11 88 1
47 97 2
6 18 2
69 79 2
51 67 2
74 117 2
0 33 2
44 103 2
2 130 1
17 57 2
2 37 2
71 132 1
63 95 2
50 62 2
24 75 2
15 25 2
67 114 2
17 94 2
37 54 2
62 63 2
67 88 1
52 80 2
71 125 1
34 58 2
20 110 2
72 118 1
66 76 2
54 115 1
16 117 2
40 41 2
57 65 2
7 27 2
59 101 1
15 44 2
33 83 2
74 123 1
48 88 2
37 113 1
79 114 1
23 72 2
67 76 2
22 30 2
74 89 1
77 128 1
30 54 2
54 68 2
39 139 2
47 60 2
8 64 2
82 86 1
45 104 1
28 52 2
17 134 2
75 113 1
33 80 2
22 87 1
6 40 2
29 38 2
46 115 1
82 83 2
60 104 1
78 136 2
67 101 2
62 83 2
37 39 2
22 91 2
31 117 1
58 68 2
61 128 1
15 123 2
17 105 1
57 77 2
29 57 2
19 39 2
71 131 1
18 37 2
16 96 1
14 131 2
38 46 2
55 77 2
13 88 1
13 48 2
0 108 1
8 130 1
71 79 2
30 119 1
61 127 2
43 109 1
9 91 2
28 66 2
3 13 2
32 83 2
16 63 2
57 128 1
73 126 1
23 129 1
25 42 2
42 114 2
6 139 1
35 69 2
4 47 2
55 125 2
58 118 1
53 70 2
10 83 2
33 36 2
28 29 2
46 109 1
30 65 2
12 29 2
49 52 2
73 76 2
18 89 1
32 56 2
5 127 2
27 60 2
0 110 2
28 50 2
15 97 1
42 103 1
38 76 2
28 56 2
15 49 2
79 109 2
18 86 1
46 70 2
21 64 2
18 60 2
22 125 1
46 68 2
29 104 2
74 90 1
38 66 2
72 111 1
53 100 1
14 95 2
72 91 1
34 139 1
74 138 1
56 82 2
29 82 2
48 57 2
63 90 2
21 81 2
61 126 1
64 83 2
7 97 2
6 23 2
33 101 1
18 42 2
74 128 1
2 114 2
23 41 2
6 55 2
6 39 2
69 103 1
46 74 2
56 66 2
2 110 1
18 59 2
15 83 2
55 86 1
80 88 2
42 81 2
22 63 2
48 61 2
6 74 2
62 131 2
65 86 1
9 47 2
29 31 2
51 76 2
35 135 2
5 100 2
2 3 2
25 37 2
1 7 2
45 68 2
37 100 2
80 110 2
34 68 2
62 113 2
30 134 1
32 59 2
50 114 1
48 80 2
45 139 2
28 38 2
6 10 2
45 86 1
20 136 1
7 102 1
71 90 2
39 138 2
3 23 2
29 39 2
32 79 2
11 30 2
48 135 1
3 52 2
64 80 2
17 121 1
32 37 2
25 77 2
18 44 2
26 132 2
25 122 1
68 116 2
63 120 1
12 26 2
49 102 2
4 90 1
13 44 2
67 81 2
4 8 2
51 69 2
54 108 2
45 82 2
39 137 2
6 35 2
23 44 2
38 80 2
23 110 1
0 124 2
8 35 2
76 110 2
22 69 2
50 63 2
2 75 2
66 87 1
22 66 2
53 55 2
55 82 2
27 134 2
80 120 1
54 80 2
23 27 2
18 21 2
9 136 1
17 66 2
7 38 2
9 116 2
12 95 1
1 87 1
11 49 2
64 120 2
6 57 2
17 88 2
83 116 2
1 22 2
20 80 2
21 38 2
69 78 2
68 69 2
16 123 1
15 113 1
23 68 2
59 91 1
57 66 2
47 115 1
81 134 2
10 40 2
4 102 1
14 39 2
30 98 2
10 37 2
51 102 1
51 120 2
37 55 2
2 103 1
57 85 1
29 69 2
37 80 2
41 98 1
17 37 2
52 55 2
45 63 2
65 85 1
5 87 1
8 11 2
42 77 2
47 62 2
31 88 1
64 127 1
19 116 2
28 133 2
18 108 1
40 57 2
27 112 1
51 52 2
44 67 2
24 37 2
71 94 1
74 100 2
14 99 1
4 86 2
13 93 2
19 92 1
11 51 2
78 85 2
57 58 2
21 104 1
25 52 2
14 67 2
51 77 2
26 60 2
6 61 2
31 97 1
25 56 2
49 73 2
47 90 1
61 112 1
9 104 1
2 139 2
48 102 2
63 130 1
18 69 2
75 86 1
75 103 2
8 84 1
33 47 2
30 91 1
55 96 1
45 48 2
7 17 2
11 128 1
35 72 2
26 63 2
58 60 2
45 76 2
55 127 1
12 57 2
19 34 2
7 139 2
55 116 2
30 41 2
9 79 2
37 63 2
22 67 2
82 134 1
6 46 2
21 93 1
28 82 2
12 32 2
4 67 2
51 90 2
53 112 1
10 51 2
48 50 2
15 112 1
43 49 2
23 69 2
21 100 2
36 75 2
71 75 2
24 62 2
16 24 2
53 110 1
30 123 2
36 106 1
17 45 2
23 76 2
2 79 2
43 66 2
8 100 2
26 109 1
16 62 2
8 22 2
65 95 1
14 31 2
72 119 1
33 114 2
0 15 2
37 78 2
15 95 1
59 88 1
78 97 1
4 94 2
12 76 2
26 36 2
28 101 2
25 88 1
9 67 2
6 44 2
16 56 2
41 50 2
26 89 2
11 78 2
12 33 2
21 59 2
13 108 1
13 16 2
0 66 2
1 73 2
24 76 2
8 104 1
4 38 2
9 83 2
16 34 2
20 43 2
40 70 2
52 83 2
7 63 2
64 92 1
72 108 1
14 139 1
39 87 2
39 42 2
18 96 2
56 62 2
5 14 2
55 93 1
32 42 2
33 74 2
31 37 2
34 125 1
56 135 2
32 68 2
57 73 2
56 139 1
11 46 2
48 81 2
67 124 2
18 103 2
80 135 1
35 105 2
15 35 2
46 73 2
4 82 2
16 82 2
4 77 2
66 78 2
0 1 2
32 76 2
22 26 2
35 68 2
0 12 2
44 115 1
61 64 2
56 63 2
1 8 2
10 108 2
49 57 2
46 103 1
13 25 2
4 56 2
67 112 1
19 119 1
9 138 1
44 104 1
6 111 1
19 107 2
42 91 1
21 28 2
7 54 2
8 116 1
13 80 2
17 61 2
2 69 2
4 59 2
5 118 2
49 86 2
77 92 1
78 113 2
52 54 2
52 62 2
30 59 2
46 97 2
16 93 1
40 82 2
32 34 2
69 106 1
5 13 2
2 33 2
6 83 2
0 9 2
72 114 2
66 72 2
0 48 2
21 79 2
22 110 2
60 90 1
8 95 2
59 73 2
22 56 2
24 136 2
34 95 2
31 127 2
40 127 2
66 71 2
25 137 2
22 127 1
15 29 2
35 59 2
4 24 2
44 74 2
70 75 2
9 15 2
63 92 2
35 49 2
17 26 2
22 50 2
68 118 1
72 80 2
49 65 2
20 42 2
8 19 2
33 58 2
7 89 1
33 53 2
11 62 2
56 95 1
37 72 2
4 23 2
64 94 1
67 89 1
17 29 2
10 102 2
51 80 2
8 60 2
22 45 2
16 79 2
50 68 2
38 77 2
6 64 2
61 77 2
48 110 1
7 80 2
5 95 1
31 32 2
46 105 1
18 72 2
41 114 1
16 19 2
72 138 1
12 138 1
30 52 2
45 51 2
27 91 1
59 115 1
70 137 1
51 75 2
50 74 2
30 73 2
53 71 2
74 88 2
69 95 1
37 70 2
1 121 2
35 139 1
54 110 2
65 108 2
40 129 1
14 44 2
48 82 2
11 29 2
9 48 2
45 94 2
81 106 2
1 96 1
43 120 1
35 47 2
28 59 2
6 90 1
57 81 2
40 117 1
14 40 2
18 65 2
10 18 2
37 77 2
35 79 2
6 33 2
27 46 2
69 99 2
13 77 2
78 139 1
65 98 2
11 110 1
12 98 1
44 99 1
34 101 2
19 50 2
43 77 2
24 83 2
18 43 2
30 108 1
13 81 2
22 68 2
25 112 2
41 55 2
7 67 2
79 131 1
46 101 1
18 55 2
14 70 2
59 100 2
43 79 2
43 55 2
78 94 1
9 75 2
26 50 2
27 31 2
6 54 2
6 7 2
47 83 2
76 126 2
55 106 2
71 112 2
6 76 2
37 119 2
14 117 1
78 89 1
34 87 1
29 77 2
49 110 1
35 112 2
7 18 2
57 109 1
32 96 1
78 111 1
60 68 2
29 96 1
45 50 2
2 117 2
13 41 2
57 63 2
12 70 2
2 78 2
0 31 2
36 117 1
37 71 2
35 43 2
2 67 2
54 77 2
51 79 2
63 77 2
0 115 2
9 132 2
26 46 2
2 4 2
5 101 2
29 87 1
34 100 1
50 96 1
14 91 2
51 54 2
10 13 2
25 67 2
1 136 1
48 134 1
19 102 1
55 110 2
32 80 2
45 124 1
10 54 2
0 80 2
27 101 1
58 114 1
12 72 2
26 113 1
51 71 2
41 137 1
6 103 2
37 108 1
65 126 1
39 92 1
28 47 2
11 90 1
59 68 2
43 93 1
18 58 2
19 75 2
44 132 1
67 107 1
76 101 1
27 59 2
36 37 2
59 139 1
9 61 2
2 96 1
0 76 2
8 68 2
8 113 2
26 29 2
1 117 1
58 77 2
40 50 2
52 81 2
76 123 2
19 115 1
76 77 2
37 125 2
33 104 1
52 59 2
54 65 2
22 28 2
28 88 1
26 125 2
2 106 1
65 124 1
18 40 2
31 71 2
75 76 2
19 126 2
24 63 2
55 81 2
44 86 1
82 114 2
16 23 2
7 106 1
63 131 1
80 85 1
19 137 1
39 127 2
13 70 2
51 55 2
14 23 2
10 22 2
47 135 1
46 90 2
68 109 1
3 15 2
2 10 2
47 67 2
29 55 2
15 17 2
27 66 2
24 78 2
19 118 2
3 98 2
24 70 2
46 89 1
10 30 2
41 105 1
14 138 1
29 56 2
25 46 2
3 83 2
27 64 2
21 26 2
1 79 2
1 27 2
19 67 2
59 70 2
23 30 2
21 129 2
39 124 1
51 66 2
59 137 1
25 66 2
51 116 1
64 93 1
21 54 2
43 126 1
38 128 1
55 102 1
20 126 2
3 51 2
3 86 1
79 122 1
39 64 2
42 134 1
64 128 1
5 61 2
38 61 2
11 94 1
54 100 2
43 127 1
9 13 2
26 49 2
81 115 2
53 137 2
26 27 2
68 83 2
4 33 2
79 103 1
32 78 2
1 72 2
21 53 2
47 50 2
27 49 2
13 64 2
19 30 2
29 54 2
15 88 1
52 67 2
63 93 1
18 52 2
62 66 2
0 81 2
51 103 1
12 16 2
3 109 1
25 86 1
17 32 2
19 72 2
40 58 2
37 82 2
74 76 2
71 101 1
1 67 2
3 116 1
80 124 2
25 132 1
46 49 2
75 99 2
41 53 2
4 114 2
68 98 1
54 63 2
43 87 2
30 49 2
14 115 1
26 80 2
34 136 1
55 122 1
12 75 2
27 57 2
20 77 2
7 129 1
68 94 2
67 85 1
45 102 2
0 20 2
51 106 1
47 52 2
36 64 2
78 137 2
53 69 2
36 111 1
25 31 2
53 58 2
10 96 1
32 71 2
53 133 1
5 67 2
21 70 2
17 60 2
31 60 2
18 68 2
18 71 2
11 71 2
17 132 2
29 46 2
82 119 1
34 42 2
26 34 2
24 102 1
27 58 2
35 64 2
57 119 1
19 44 2
65 137 2
5 39 2
30 62 2
42 115 1
75 118 1
66 122 1
13 118 2
4 134 2
6 79 2
63 106 1
42 44 2
17 83 2
59 62 2
63 91 1
67 139 2
23 61 2
12 81 2
7 132 2
20 29 2
79 97 1
19 78 2
19 23 2
5 83 2
0 89 1
32 77 2
46 102 1
81 131 2
52 106 1
77 86 1
58 103 1
29 37 2
50 120 2
17 21 2
39 50 2
7 43 2
23 94 2
38 60 2
29 52 2
14 22 2
51 65 2
37 124 1
26 64 2
9 23 2
47 63 2
11 137 1
26 61 2
72 82 2
67 68 2
20 76 2
10 29 2
31 111 1
6 51 2
24 107 1
28 81 2
44 83 2
17 69 2
11 34 2
49 121 1
33 57 2
68 70 2
5 55 2
19 58 2
39 91 1
82 125 1
82 135 1
12 88 1
0 68 2
40 115 1
60 81 2
68 121 1
17 81 2
46 93 2
17 59 2
5 51 2
72 74 2
27 76 2
19 135 1
66 130 1
39 128 2
5 105 1
34 119 2
23 101 1
5 33 2
48 117 1
35 129 1
40 122 1
48 92 1
40 48 2
46 127 1
71 84 1
20 83 2
9 66 2
49 108 1
68 112 1
2 32 2
48 124 2
29 35 2
14 133 1
22 77 2
39 66 2
17 135 1
19 80 2
23 43 2
0 112 1
6 58 2
25 100 2
0 32 2
57 67 2
17 33 2
41 45 2
41 47 2
28 79 2
20 89 1
29 49 2
42 75 2
56 102 2
10 39 2
54 73 2
69 122 1
15 27 2
69 117 1
51 137 2
3 103 1
53 66 2
11 85 1
2 49 2
42 59 2
42 135 1
37 99 1
4 50 2
9 35 2
74 124 1
49 61 2
6 27 2
41 72 2
13 26 2
54 124 2
65 88 1
16 54 2
8 17 2
41 107 2
30 68 2
12 19 2
33 39 2
81 91 2
25 114 1
45 77 2
16 17 2
70 123 2
2 74 2
47 93 1
0 35 2
25 79 2
44 128 2
28 65 2
43 107 1
7 92 1
4 13 2
45 81 2
44 52 2
27 137 1
30 35 2
4 72 2
76 112 1
6 81 2
8 86 1
24 65 2
20 113 1
39 80 2
32 124 1
83 120 2
44 45 2
14 94 1
29 63 2
0 62 2
64 79 2
28 78 2
14 59 2
36 78 2
34 79 2
78 79 2
7 74 2
77 80 2
4 100 1
48 74 2
54 83 2
68 74 2
53 80 2
13 105 1
42 112 1
15 132 1
29 36 2
11 64 2
35 48 2
37 102 1
55 98 1
23 80 2
23 88 2
72 106 1
41 73 2
22 99 1
40 116 2
37 104 1
12 13 2
32 101 1
34 98 1
32 66 2
42 76 2
73 103 2
22 51 2
37 95 1
6 43 2
8 39 2
34 57 2
15 92 1
45 136 2
68 78 2
3 6 2
3 91 1
33 79 2
3 20 2
57 68 2
23 124 2
59 105 2
31 40 2
3 48 2
8 42 2
49 98 1
32 121 1
39 110 1
23 40 2
16 58 2
66 120 1
2 55 2
54 120 1
0 129 2
31 128 1
23 131 2
74 79 2
22 43 2
30 90 2
46 80 2
13 23 2
42 100 1
77 87 1
10 80 2
4 138 1
7 12 2
63 68 2
42 60 2
0 21 2
14 57 2
34 63 2
57 71 2
4 34 2
21 27 2
27 102 1
13 71 2
2 11 2
2 134 1
72 89 1
37 120 1
1 17 2
53 121 1
67 71 2
62 67 2
6 50 2
57 135 1
39 86 2
36 120 2
63 126 1
40 132 1
52 117 1
19 79 2
68 72 2
12 21 2
22 41 2
25 57 2
3 12 2
26 38 2
53 87 1
32 128 1
40 102 1
20 98 2
21 95 1
30 60 2
80 107 2
13 125 1
79 80 2
78 88 2
24 79 2
81 113 2
53 132 1
5 136 2
11 97 2
21 72 2
3 16 2
18 119 2
82 91 1
5 46 2
16 129 1
21 52 2
37 137 2
27 127 2
15 139 1
71 107 1
17 53 2
34 104 1
1 19 2
70 115 1
11 52 2
42 109 1
10 75 2
28 83 2
22 58 2
27 38 2
48 58 2
42 74 2
14 109 1
49 113 1
12 91 2
74 80 2
28 62 2
30 133 1
72 131 1
43 123 2
33 105 1
67 105 1
48 73 2
41 56 2
13 47 2
44 93 1
62 80 2
53 60 2
26 67 2
6 129 2
23 118 2
21 44 2
83 127 2
51 57 2
49 104 1
31 122 2
40 87 2
17 86 2
48 52 2
25 107 1
11 82 2
40 135 1
68 114 1
64 106 2
42 104 2
1 99 2
2 28 2
69 82 2
35 76 2
73 87 1
10 85 2
62 72 2
43 67 2
3 47 2
50 80 2
43 76 2
81 120 1
37 49 2
34 121 2
52 61 2
1 18 2
40 95 2
7 20 2
25 90 2
5 22 2
45 84 1
31 35 2
23 127 2
17 52 2
23 123 1
39 135 1
22 60 2
23 83 2
10 128 1
40 78 2
77 78 2
63 81 2
4 116 1
36 93 1
20 38 2
29 34 2
71 117 1
12 109 2
49 96 2
10 93 1
31 103 1
21 37 2
28 75 2
24 33 2
52 78 2
1 71 2
36 79 2
1 28 2
39 123 1
13 112 1
29 44 2
79 101 2
45 133 1
12 23 2
15 52 2
6 11 2
76 122 1
11 25 2
54 72 2
62 100 1
4 73 2
16 65 2
24 81 2
11 57 2
52 122 1
83 118 1
56 69 2
20 54 2
18 63 2
17 73 2
0 43 2
26 106 2
61 96 2
32 41 2
45 120 1
31 39 2
54 131 1
1 61 2
19 68 2
55 66 2
69 107 2
3 78 2
21 83 2
44 122 1
79 113 1
42 97 1
33 70 2
17 49 2
29 137 2
29 100 2
55 134 1
8 15 2
13 95 2
2 129 1
2 72 2
33 106 1
9 77 2
26 56 2
44 63 2
45 96 1
0 83 2
15 134 2
13 103 1
14 26 2
5 98 1
23 87 1
12 63 2
46 98 2
8 48 2
28 37 2
61 69 2
8 51 2
57 84 2
17 92 1
33 55 2
39 51 2
31 138 1
25 48 2
75 84 1
10 136 2
51 111 1
33 38 2
12 64 2
27 107 2
2 80 2
62 135 1
53 57 2
32 33 2
24 105 1
9 10 2
14 53 2
49 84 2
3 110 1
46 59 2
25 127 2
57 69 2
21 103 2
67 115 1
20 102 2
63 72 2
33 41 2
42 51 2
68 81 2
33 49 2
19 94 2
37 94 1
58 80 2
51 68 2
7 51 2
37 51 2
23 71 2
43 69 2
27 133 1
63 80 2
7 76 2
43 88 1
68 136 1
31 112 2
2 44 2
25 62 2
68 77 2
38 111 1
25 80 2
11 18 2
73 83 2
9 33 2
5 119 2
14 48 2
10 99 2
2 101 2
30 40 2
39 116 2
5 132 1
26 90 1
2 112 2
15 62 2
38 132 1
12 14 2
65 136 1
21 42 2
29 42 2
7 9 2
72 102 1
43 138 1
27 118 1
13 66 2
32 111 1
20 78 2
20 86 1
34 51 2
14 77 2
2 56 2
6 13 2
27 61 2
20 65 2
81 87 2
12 92 1
35 115 1
43 111 1
65 130 2
16 84 2
82 138 1
5 32 2
56 80 2
54 70 2
36 107 1
34 106 2
68 113 1
18 26 2
39 57 2
22 76 2
3 74 2
38 117 1
37 44 2
60 83 2
54 60 2
16 80 2
44 75 2
15 104 2
0 116 2
19 101 1
37 74 2
2 76 2
70 130 1
55 101 1
29 78 2
48 53 2
27 79 2
65 103 1
24 133 1
65 119 1
35 90 1
49 122 2
14 28 2
11 50 2
15 135 1
25 26 2
65 92 1
20 49 2
63 65 2
17 100 1
19 53 2
1 38 2
9 31 2
65 117 1
45 66 2
26 68 2
44 76 2
57 113 1
18 22 2
17 63 2
54 55 2
29 92 2
23 53 2
32 129 1
15 43 2
42 43 2
43 131 1
23 34 2
18 62 2
59 119 2
64 74 2
36 77 2
52 71 2
62 123 1
58 78 2
26 131 2
79 125 1
24 73 2
0 10 2
39 104 1
36 83 2
13 20 2
10 77 2
6 104 2
71 116 2
1 52 2
52 103 2
35 111 2
70 114 1
23 100 2
4 83 2
49 130 2
21 47 2
1 74 2
43 45 2
21 58 2
73 113 1
5 56 2
17 87 1
60 69 2
37 105 2
8 71 2
36 100 2
21 74 2
76 92 1
15 55 2
33 44 2
35 128 1
37 43 2
27 29 2
17 27 2
37 83 2
46 108 1
30 89 1
28 71 2
7 23 2
73 132 1
16 45 2
37 57 2
13 34 2
38 74 2
4 89 1
19 31 2
70 127 1
66 82 2
8 21 2
14 16 2
54 96 2
63 83 2
61 120 1
12 112 1
73 133 2
21 60 2
5 82 2
33 131 1
44 59 2
70 85 1
71 76 2
39 81 2
74 114 1
64 124 2
25 32 2
11 79 2
50 135 1
41 122 1
12 58 2
0 18 2
3 38 2
14 87 2
18 114 1
44 54 2
63 134 1
17 25 2
13 40 2
28 111 1
7 66 2
11 75 2
42 95 2
67 129 2
61 68 2
19 73 2
7 123 2
6 115 2
64 67 2
49 75 2
22 132 1
37 53 2
35 123 1
2 126 2
24 51 2
50 66 2
64 108 2
57 78 2
57 93 1
26 92 1
35 130 1
63 70 2
47 78 2
68 90 1
39 107 2
80 100 1
49 128 1
16 76 2
41 121 1
19 62 2
58 88 1
63 117 2
3 92 1
62 81 2
64 68 2
58 129 2
47 104 1
3 95 1
48 139 1
3 39 2
54 62 2
56 104 2
21 125 1
41 118 1
53 111 1
8 9 2
42 80 2
19 77 2
3 24 2
24 45 2
16 55 2
31 79 2
59 66 2
9 39 2
55 63 2
21 65 2
9 12 2
4 115 2
18 130 1
20 26 2
48 121 2
64 72 2
7 117 1
9 100 1
38 75 2
52 115 1
74 96 1
41 62 2
81 89 2
3 105 2
40 138 1
47 131 1
81 98 1
46 60 2
33 76 2
79 104 2
45 79 2
2 47 2
67 83 2
73 75 2
15 51 2
11 77 2
56 117 2
31 73 2
2 133 1
44 116 2
30 111 1
16 110 1
36 88 1
47 100 2
63 123 1
30 92 1
13 61 2
83 105 2
40 123 1
5 104 1
29 67 2
18 30 2
5 42 2
50 75 2
44 84 1
47 105 2
0 54 2
11 123 1
1 57 2
54 74 2
71 74 2
24 77 2
44 109 1
36 104 2
45 58 2
29 33 2
22 38 2
21 40 2
13 101 1
41 81 2
20 34 2
44 51 2
13 87 2
14 83 2
37 121 1
42 54 2
70 99 1
53 127 1
50 98 1
7 36 2
61 136 1
50 127 2
9 53 2
64 84 2
1 111 2
79 111 2
24 49 2
54 81 2
56 81 2
66 83 2
59 67 2
50 124 1
52 63 2
13 67 2
15 78 2
18 31 2
20 31 2
23 50 2
0 95 1
4 22 2
5 107 2
56 74 2
6 16 2
0 28 2
3 104 1
61 97 2
17 51 2
83 107 1
63 101 2
12 20 2
10 82 2
4 135 1
73 74 2
71 85 2
17 24 2
69 138 2
22 86 1
24 68 2
22 46 2
37 130 1
42 48 2
45 64 2
24 94 2
64 77 2
60 78 2
37 47 2
4 42 2
38 121 2
51 132 1
1 47 2
37 69 2
68 76 2
34 102 1
9 115 1
1 35 2
49 105 2
48 68 2
33 135 1
5 99 1
61 121 1
77 116 2
17 19 2
82 118 2
35 83 2
12 18 2
45 67 2
83 102 1
7 101 2
19 26 2
38 95 2
68 137 1
32 49 2
77 137 2
43 72 2
7 55 2
64 125 1
23 47 2
58 127 1
6 42 2
10 101 1
32 57 2
22 82 2
5 8 2
8 105 1
32 54 2
38 48 2
15 94 2
21 134 2
36 67 2
7 64 2
18 49 2
25 129 1
33 115 2
6 37 2
7 111 1
66 93 1
28 60 2
19 33 2
61 124 1
37 115 2
15 72 2
33 136 1
70 74 2
15 71 2
13 99 2
3 54 2
19 111 2
3 94 1
80 133 1
30 128 1
71 82 2
7 53 2
66 112 1
51 81 2
47 111 1
14 62 2
1 69 2
4 66 2
58 89 1
30 70 2
58 106 1
4 32 2
11 74 2
40 71 2
24 60 2
14 71 2
7 56 2
52 94 1
9 131 2
0 94 2
21 82 2
33 117 2
10 135 2
37 90 1
49 79 2
1 2 2
33 125 1
38 50 2
36 63 2
67 72 2
50 57 2
23 112 1
18 104 2
75 82 2
22 83 2
5 37 2
55 62 2
29 139 2
24 27 2
13 92 1
55 139 2
43 97 1
13 123 2
43 80 2
71 121 1
9 110 1
5 102 2
45 99 1
23 99 1
46 79 2
20 127 2
44 134 1
37 46 2
54 116 1
79 108 1
81 111 1
41 125 2
35 55 2
59 120 1
11 28 2
37 48 2
7 61 2
50 51 2
22 102 1
52 88 2
31 135 2
14 47 2
29 123 1
48 127 1
63 66 2
21 99 2
29 83 2
10 24 2
56 89 2
39 59 2
55 59 2
21 80 2
32 60 2
39 77 2
5 79 2
60 119 1
72 81 2
24 123 1
17 50 2
2 135 2
1 98 1
31 77 2
81 93 2
31 49 2
46 96 1
15 50 2
61 76 2
5 135 2
3 136 2
47 79 2
12 126 2
33 40 2
11 84 2
62 130 1
56 90 2
36 51 2
68 82 2
21 31 2
21 77 2
13 74 2
8 124 1
11 81 2
30 63 2
36 122 1
1 39 2
22 27 2
34 74 2
78 135 1
6 28 2
40 69 2
80 109 1
44 60 2
57 121 2
2 7 2
72 121 1
28 77 2
8 38 2
80 86 1
71 86 1
9 76 2
73 108 1
15 127 1
23 113 1
26 130 2
78 133 1
1 65 2
41 103 1
1 42 2
19 60 2
36 56 2
0 27 2
16 50 2
13 120 1
21 69 2
78 131 1
53 78 2
1 40 2
40 98 2
42 108 2
20 63 2
16 64 2
15 36 2
58 74 2
45 65 2
14 75 2
68 133 2
16 120 2
5 54 2
5 93 1
7 125 1
36 82 2
36 41 2
39 79 2
57 95 1
9 57 2
24 98 1
60 99 2
56 67 2
1 135 1
36 110 2
74 98 2
27 123 2
45 75 2
15 48 2
21 91 2
46 55 2
70 101 1
77 135 2
12 68 2
57 89 1
59 76 2
34 53 2
54 67 2
53 90 1
24 39 2
16 73 2
40 46 2
14 18 2
55 113 1
4 19 2
39 108 1
31 136 1
67 79 2
21 22 2
17 84 1
11 55 2
60 70 2
41 78 2
4 74 2
57 90 1
28 30 2
49 64 2
8 54 2
10 17 2
12 122 1
35 80 2
33 126 2
43 115 1
53 82 2
20 46 2
21 132 1
73 102 2
14 82 2
20 124 1
30 61 2
6 87 1
12 131 1
29 60 2
16 36 2
52 70 2
3 59 2
17 54 2
52 73 2
50 131 1
77 119 2
54 71 2
39 78 2
31 90 1
14 21 2
10 63 2
20 139 1
11 60 2
77 94 2
18 127 1
30 82 2
17 97 2
6 63 2
20 114 1
53 116 2
68 80 2
79 88 2
51 117 2
5 34 2
71 87 2
4 131 2
66 110 1
57 96 1
68 93 1
4 41 2
68 73 2
1 37 2
14 29 2
10 67 2
26 102 1
37 79 2
68 117 2
26 54 2
47 81 2
71 134 1
47 49 2
18 112 2
15 33 2
16 49 2
62 101 1
28 108 1
33 109 1
12 84 1
74 77 2
36 126 1
9 139 1
52 124 1
24 55 2
19 69 2
6 69 2
30 36 2
4 31 2
78 86 1
15 63 2
59 94 1
38 114 1
41 138 1
1 133 1
9 63 2
39 58 2
12 93 2
11 107 1
8 106 2
19 22 2
41 89 1
3 111 1
7 62 2
9 72 2
82 133 1
64 81 2
2 107 1
8 49 2
34 71 2
17 115 1
82 110 1
4 111 2
17 99 1
3 82 2
12 117 2
37 139 1
72 95 1
67 91 2
19 27 2
38 107 1
50 123 2
2 116 2
7 86 1
17 85 1
9 60 2
47 114 1
8 76 2
21 109 1
11 101 2
11 116 2
26 75 2
55 129 2
5 115 1
7 60 2
78 112 1
8 67 2
50 103 1
53 126 1
6 45 2
35 67 2
3 31 2
15 42 2
47 70 2
11 73 2
27 68 2
23 74 2
1 137 1
57 79 2
14 118 1
20 33 2
5 66 2
42 61 2
1 23 2
0 11 2
3 35 2
55 109 1
12 27 2
26 72 2
68 92 1
3 130 2
0 34 2
24 139 1
55 76 2
32 40 2
12 116 1
14 106 2
50 73 2
54 58 2
6 34 2
21 39 2
1 68 2
17 138 1
67 80 2
0 57 2
13 17 2
62 139 1
44 112 2
39 97 1
27 48 2
7 26 2
36 94 2
28 61 2
15 82 2
5 50 2
71 98 1
52 84 2
72 124 1
48 63 2
83 131 1
21 67 2
47 48 2
26 86 1
11 40 2
1 131 2
27 108 1
4 63 2
52 64 2
11 14 2
21 127 1
47 132 1
24 61 2
78 100 1
31 70 2
41 48 2
20 85 2
6 14 2
34 35 2
7 49 2
30 31 2
69 135 1
3 85 2
43 51 2
33 120 2
37 42 2
49 76 2
11 31 2
81 82 2
56 137 1
11 92 1
36 108 1
65 78 2
68 87 2
18 131 1
47 109 1
0 130 1
22 78 2
67 113 1
14 37 2
51 73 2
30 32 2
2 64 2
72 93 2
8 108 1
2 51 2
2 60 2
34 83 2
45 87 1
13 60 2
58 73 2
17 96 1
17 90 2
60 65 2
3 137 2
33 87 1
18 123 2
21 49 2
25 116 2
20 81 2
70 86 1
62 68 2
49 124 1
45 97 1
33 90 2
40 64 2
50 134 1
16 70 2
24 64 2
37 73 2
25 33 2
53 130 1
46 100 2
65 91 1
42 86 2
52 108 2
51 84 1
30 113 1
54 113 1
45 135 2
31 47 2
39 118 2
36 42 2
54 135 1
53 101 2
14 79 2
1 26 2
11 121 1
33 51 2
1 110 1
31 67 2
55 97 1
14 69 2
16 53 2
16 75 2
12 50 2
12 123 2
0 125 2
0 56 2
29 48 2
32 94 1
40 124 1
2 88 1
43 83 2
66 69 2
29 132 2
78 90 2
60 138 1
9 86 1
74 116 1
45 83 2
25 83 2
0 77 2
76 79 2
55 138 2
21 61 2
27 131 1
9 127 1
49 88 1
27 113 1
49 62 2
32 117 1
36 132 1
54 61 2
58 123 1
61 131 1
21 136 1
8 37 2
66 107 2
5 92 1
74 86 1
31 53 2
20 36 2
48 122 1
45 129 1
82 109 1
15 41 2
10 20 2
53 94 1
41 82 2
14 78 2
10 74 2
48 111 1
47 136 1
75 93 2
22 104 1
27 135 1
29 102 1
3 87 1
29 108 2
38 123 2
37 61 2
18 95 2
38 56 2
63 136 1
27 130 1
39 56 2
33 48 2
33 68 2
4 97 1
7 40 2
3 115 1
49 117 1
6 26 2
50 101 1
25 41 2
0 24 2
16 51 2
1 119 1
19 71 2
73 86 1
79 121 2
69 111 1
81 135 2
36 136 1
0 79 2
65 114 1
32 120 1
72 83 2
9 78 2
7 15 2
56 136 1
6 119 2
16 44 2
16 127 1
40 53 2
44 94 1
1 81 2
5 11 2
6 53 2
62 84 2
31 69 2
62 86 1
12 127 1
15 67 2
54 85 1
6 36 2
65 75 2
68 110 1
39 102 1
38 102 1
13 27 2
19 88 1
63 103 2
28 33 2
3 7 2
46 62 2
61 102 1
31 41 2
27 42 2
19 56 2
7 42 2
19 51 2
45 72 2
0 139 1
60 128 1
36 119 2
40 83 2
20 21 2
34 118 1
58 75 2
13 121 1
5 10 2
56 61 2
30 74 2
14 111 1
79 94 1
19 131 1
61 110 1
26 41 2
12 54 2
66 106 1
34 70 2
31 123 1
64 135 1
5 64 2
21 33 2
3 50 2
14 107 1
8 43 2
46 118 1
34 43 2
20 64 2
39 74 2
46 77 2
47 133 1
40 110 1
39 40 2
7 22 2
76 90 1
30 105 1
77 99 2
25 64 2
12 87 1
10 34 2
2 41 2
54 114 1
4 16 2
17 104 1
19 112 1
38 109 1
8 131 2
40 73 2
48 116 2
8 53 2
16 33 2
4 68 2
7 116 1
8 70 2
25 115 1
33 82 2
17 36 2
8 47 2
69 118 1
33 96 2
20 79 2
80 130 1
43 58 2
72 88 2
55 107 1
28 109 1
24 53 2
58 79 2
5 40 2
47 74 2
22 106 2
8 101 2
31 99 2
28 131 2
52 87 1
8 29 2
4 40 2
48 123 1
61 82 2
68 71 2
75 79 2
20 23 2
8 98 2
12 24 2
34 50 2
45 112 2
34 66 2
66 96 1
7 135 1
3 81 2
59 131 2
75 94 1
32 126 1
61 130 1
70 112 1
19 20 2
13 124 1
1 75 2
3 9 2
58 111 2
71 83 2
63 118 1
22 33 2
64 78 2
45 78 2
46 130 2
49 125 1
24 36 2
13 62 2
75 89 1
77 102 1
49 63 2
26 87 2
26 105 1
3 5 2
40 74 2
75 96 1
68 124 1
33 61 2
39 82 2
37 76 2
26 52 2
29 76 2
78 102 1
34 36 2
60 109 1
36 109 1
50 65 2
8 25 2
76 86 1
50 118 1
29 47 2
36 60 2
14 114 1
55 65 2
41 88 2
45 46 2
55 119 1
37 138 1
38 79 2
7 82 2
28 57 2
51 136 1
10 35 2
2 91 1
47 95 1
53 95 1
40 94 1
8 10 2
73 135 1
4 120 1
69 125 1
17 67 2
51 91 1
81 85 2
34 133 1
20 47 2
61 63 2
79 135 1
32 58 2
64 65 2
36 43 2
25 43 2
10 38 2
72 94 1
10 44 2
5 134 1
28 114 1
4 69 2
62 98 1
31 98 1
25 84 1
2 70 2
29 51 2
23 55 2
27 78 2
39 111 2
46 107 1
5 25 2
4 36 2
62 90 2
19 121 1
52 107 1
71 77 2
47 57 2
43 65 2
34 44 2
25 49 2
42 82 2
72 107 2
26 79 2
59 75 2
42 126 1
15 107 2
1 95 1
48 87 2
49 127 1
47 73 2
18 19 2
56 133 1
34 116 1
10 25 2
73 139 1
45 55 2
45 134 1
73 79 2
6 73 2
35 109 1
25 95 2
15 126 1
1 82 2
62 125 1
16 99 2
69 86 1
38 99 1
13 39 2
12 48 2
31 36 2
38 104 1
41 123 1
20 103 1
4 119 1
5 57 2
13 37 2
2 63 2
11 124 2
61 81 2
36 114 2
35 110 1
64 122 2
16 108 1
2 23 2
5 74 2
47 126 1
5 123 2
77 113 1
7 105 1
7 47 2
64 96 1
43 106 1
21 35 2
43 92 1
60 95 2
63 99 2
10 23 2
29 95 1
0 23 2
23 125 1
27 88 1
9 68 2
9 62 2
80 111 1
31 55 2
19 42 2
32 51 2
17 46 2
37 50 2
72 122 1
37 128 1
30 138 1
19 35 2
22 24 2
67 77 2
48 136 2
12 106 1
0 99 2
3 88 1
31 78 2
36 66 2
42 66 2
48 129 1
31 50 2
7 58 2
18 92 1
79 87 2
26 30 2
27 139 2
20 28 2
50 61 2
54 125 1
28 134 2
32 100 2
25 29 2
48 86 1
56 113 2
31 87 2
15 31 2
71 96 1
58 121 2
6 71 2
42 139 1
31 72 2
41 95 2
76 106 1
63 127 1
21 29 2
0 72 2
24 35 2
1 50 2
59 65 2
41 64 2
22 75 2
4 48 2
6 24 2
5 97 1
8 26 2
58 70 2
53 135 1
19 65 2
22 59 2
43 71 2
31 62 2
24 30 2
11 12 2
66 132 1
6 17 2
38 93 2
76 133 1
2 35 2
68 104 2
23 24 2
70 79 2
73 127 1
35 50 2
57 88 1
53 74 2
14 74 2
10 103 2
56 132 1
53 77 2
8 30 2
49 81 2
19 129 1
32 91 1
38 70 2
32 84 2
49 139 1
27 36 2
64 70 2
9 43 2
61 74 2
47 82 2
14 51 2
64 103 2
33 92 1
32 104 1
17 108 1
29 45 2
68 97 2
46 56 2
58 122 2
62 92 1
50 67 2
26 71 2
8 127 1
44 49 2
49 53 2
5 47 2
34 62 2
35 44 2
4 62 2
41 97 1
74 132 1
51 112 1
57 98 1
12 78 2
44 123 1
13 109 1
76 136 2
9 69 2
73 106 1
72 101 2
23 109 1
61 135 1
5 28 2
56 64 2
44 77 2
50 87 1
43 129 1
4 39 2
59 135 1
9 80 2
18 54 2
16 86 1
5 58 2
23 108 2
60 72 2
6 112 1
53 54 2
42 45 2
55 131 1
56 85 1
26 32 2
56 119 1
7 103 1
35 87 1
26 126 2
16 78 2
63 110 1
43 116 1
20 130 2
18 90 1
27 77 2
36 74 2
30 103 1
18 57 2
6 122 1
13 72 2
28 39 2
4 65 2
46 67 2
50 58 2
70 134 1
26 77 2
69 76 2
79 84 2
31 107 1
49 103 2
20 24 2
31 133 1
41 106 2
12 135 1
56 77 2
7 52 2
48 55 2
22 52 2
33 133 2
23 36 2
31 105 2
15 117 1
56 94 1
3 33 2
25 72 2
10 47 2
56 58 2
77 79 2
26 65 2
36 44 2
31 33 2
16 89 1
27 34 2
5 16 2
62 99 2
64 76 2
64 90 1
52 53 2
12 28 2
45 132 1
69 119 1
3 114 1
56 70 2
57 105 1
38 89 1
19 84 1
18 77 2
10 138 2
43 74 2
11 39 2
0 127 1
49 138 1
7 31 2
36 73 2
63 121 1
82 90 1
18 45 2
28 34 2
70 81 2
2 71 2
6 60 2
38 119 1
80 115 1
28 118 1
72 126 1
32 119 1
39 129 2
37 68 2
32 46 2
32 52 2
23 104 1
13 14 2
2 94 1
27 52 2
76 80 2
0 3 2
75 90 2
27 56 2
47 65 2
24 113 1
11 65 2
44 46 2
19 61 2
24 117 1
53 129 2
69 85 2
60 84 1
38 124 1
9 54 2
33 78 2
47 117 1
80 113 2
33 108 1
18 116 1
79 130 2
6 19 2
8 78 2
19 97 2
71 104 2
20 37 2
38 85 2
24 56 2
8 103 1
18 20 2
59 111 1
34 61 2
20 67 2
61 129 1
4 7 2
0 7 2
37 134 1
18 53 2
15 24 2
6 32 2
2 138 1
7 71 2
19 63 2
0 5 2
48 90 1
39 60 2
17 65 2
26 82 2
30 33 2
59 123 1
5 45 2
19 24 2
25 128 2
45 70 2
38 39 2
71 126 2
13 29 2
49 87 1
12 36 2
55 75 2
9 122 2
28 112 1
0 4 2
14 119 1
14 27 2
11 56 2
37 58 2
18 23 2
12 133 1
7 46 2
13 19 2
62 126 2
25 65 2
79 86 1
43 47 2
0 87 1
28 113 2
64 87 2
56 76 2
0 69 2
32 133 1
30 56 2
12 101 1
19 96 1
7 112 1
6 21 2
9 42 2
9 52 2
46 54 2
51 134 2
74 81 2
21 43 2
74 130 1
10 50 2
70 109 2
51 87 2
12 113 1
34 56 2
2 104 1
79 95 1
23 35 2
23 102 1
75 78 2
5 111 1
26 39 2
72 139 1
74 135 2
3 55 2
55 120 1
20 95 1
19 45 2
17 95 2
1 48 2
10 64 2
17 113 1
1 9 2
52 121 1
71 78 2
55 60 2
68 135 1
35 78 2
17 78 2
45 119 2
10 36 2
75 129 1
42 69 2
19 59 2
75 135 1
62 110 1
14 42 2
38 81 2
47 94 1
47 134 1
34 49 2
76 78 2
77 131 2
51 122 2
21 122 1
30 37 2
50 89 1
28 73 2
4 84 1
1 63 2
32 137 1
40 101 1
24 41 2
57 130 1
67 111 2
6 65 2
48 133 1
4 55 2
8 128 1
64 98 1
6 48 2
8 57 2
0 17 2
58 102 1
41 75 2
81 122 1
0 22 2
5 44 2
78 81 2
5 94 1
67 82 2
4 46 2
19 103 1
29 75 2
25 40 2
78 134 1
7 68 2
17 68 2
15 105 2
34 94 1
14 61 2
55 68 2
3 79 2
11 119 1
44 129 1
19 32 2
61 70 2
42 58 2
25 87 1
3 99 1
70 94 2
34 45 2
41 102 1
52 132 2
71 119 1
21 85 1
15 21 2
17 43 2
17 79 2
28 95 2
1 123 1
14 24 2
35 77 2
19 138 1
58 136 2
43 59 2
42 102 2
7 130 2
6 109 1
55 103 1
83 133 1
14 89 1
1 103 1
45 60 2
16 48 2
50 79 2
14 66 2
82 85 1
25 44 2
76 97 2
4 54 2
72 85 2
43 81 2
46 94 1
3 77 2
21 41 2
33 116 2
56 122 1
17 139 1
29 105 2
77 108 2
14 116 1
49 101 1
10 104 1
13 73 2
26 123 1
7 126 1
52 127 1
69 139 1
57 64 2
47 54 2
2 125 1
6 29 2
13 31 2
62 103 1
35 45 2
47 77 2
31 74 2
59 110 1
0 37 2
58 112 1
0 44 2
10 33 2
44 120 2
0 64 2
65 123 2
11 130 1
7 41 2
39 96 1
24 86 1
14 98 2
7 32 2
66 89 1
82 96 1
10 43 2
6 133 1
38 87 1
1 25 2
1 115 2
52 92 1
46 63 2
0 100 1
45 71 2
36 124 2
26 112 1
57 101 2
18 46 2
63 115 1
0 73 2
64 133 1
32 48 2
29 53 2
49 56 2
13 128 1
53 89 2
25 93 1
62 128 1
22 23 2
8 33 2
15 75 2
37 116 1
63 135 1
49 91 2
24 57 2
25 45 2
53 64 2
24 43 2
27 121 1
25 92 1
1 33 2
31 59 2
30 132 1
48 107 1
59 69 2
8 126 1
0 109 2
16 69 2
2 34 2
15 18 2
50 78 2
2 26 2
11 24 2
40 105 1
27 72 2
67 123 1
52 74 2
35 93 1
25 91 1
47 58 2
15 85 1
39 46 2
46 132 1
81 110 2
38 131 2
10 21 2
6 52 2
4 106 2
62 79 2
66 77 2
3 17 2
74 87 1
51 72 2
7 19 2
33 132 1
18 34 2
26 104 1
23 84 1
77 106 2
22 65 2
12 43 2
58 93 2
27 80 2
78 122 1
2 27 2
8 50 1
65 131 2
77 120 1
83 117 1
55 69 1
