% n=40 p=60 d=0.66 p_blue=0.33
% k=0
22 28 1
15 26 1
2 36 2
8 14 2
16 25 2
9 18 2
2 32 1
0 29 2
3 22 2
11 21 2
4 23 2
15 20 2
4 24 1
8 27 2
15 28 2
4 18 2
17 19 2
4 32 1
1 22 2
1 6 2
12 22 2
19 30 2
12 16 2
5 35 1
8 24 2
11 22 2
0 30 1
2 18 2
4 29 1
5 14 2
11 27 1
22 38 1
9 39 1
8 29 2
7 11 2
11 18 2
17 30 1
21 37 1
16 29 1
12 37 1
20 30 1
6 17 2
11 34 1
13 15 2
23 27 2
4 17 2
23 31 2
14 15 2
1 12 2
2 23 2
3 5 2
6 36 1
11 12 2
12 32 1
5 38 1
11 32 1
18 37 1
23 38 1
1 18 2
7 12 2
8 19 2
2 8 2
12 39 2
0 35 1
2 29 1
2 20 2
15 21 2
2 21 2
22 35 2
9 23 2
18 39 2
2 6 2
1 36 1
21 22 2
7 21 2
14 37 2
13 19 2
7 23 2
9 29 1
6 14 2
3 30 1
7 39 1
0 9 2
9 28 1
11 19 2
3 13 2
18 32 2
5 7 2
23 24 2
15 22 2
0 16 2
4 12 2
12 19 2
22 33 1
15 17 2
15 32 2
14 29 1
1 2 2
5 32 2
3 23 2
14 26 1
8 9 2
1 8 2
21 28 1
5 21 2
14 34 2
9 17 2
7 15 2
0 27 1
3 18 2
9 30 1
2 15 2
2 22 2
5 36 2
16 21 2
6 24 2
1 34 2
16 23 2
13 32 1
11 30 2
7 35 1
2 9 2
2 14 2
6 25 1
1 11 2
16 19 2
13 37 2
18 31 1
13 22 2
13 16 2
18 30 2
2 28 2
19 22 2
23 32 1
4 27 1
3 19 2
7 28 1
17 32 2
8 10 2
15 18 2
19 29 1
2 10 2
7 37 1
1 32 1
10 11 2
8 11 2
7 17 2
11 33 1
11 17 2
20 38 1
7 22 2
15 16 2
10 28 1
13 21 2
10 32 2
0 7 2
4 15 2
19 31 1
3 9 2
20 22 2
3 38 2
9 20 2
10 13 2
18 36 2
12 33 1
17 21 2
0 3 2
8 28 1
6 37 1
7 29 1
16 20 2
2 26 1
23 28 1
8 23 2
3 6 2
14 18 2
22 26 1
16 33 1
3 8 2
19 21 2
7 24 1
0 1 2
1 7 2
6 19 2
5 6 2
5 15 2
0 15 2
7 16 2
19 34 2
11 25 1
13 31 2
2 31 2
20 28 1
10 15 2
13 30 1
2 27 1
6 39 1
15 23 2
5 22 2
9 21 2
2 38 2
5 25 2
5 9 2
0 5 2
15 27 1
21 32 1
19 32 1
23 35 2
19 35 1
9 32 1
5 8 2
9 10 2
6 28 1
14 20 2
0 6 2
19 23 2
13 34 1
23 34 1
5 24 1
12 14 2
2 33 2
7 32 1
0 21 2
6 38 1
0 32 1
6 27 1
2 3 2
5 16 2
12 23 2
8 13 2
12 34 2
9 12 2
4 16 2
8 31 1
3 10 2
17 18 2
7 9 2
20 29 2
23 39 1
16 27 1
15 35 2
6 30 1
4 11 2
0 34 2
1 4 2
1 31 2
14 24 2
3 12 2
2 12 2
2 13 2
1 19 2
13 17 2
18 34 1
15 33 1
2 19 2
4 5 2
10 39 1
16 35 2
12 15 2
6 9 2
19 25 1
10 38 1
0 19 2
15 29 2
4 37 1
19 24 2
8 16 2
16 18 2
8 38 1
1 24 1
13 24 1
19 20 2
2 4 2
10 33 1
15 30 1
21 25 1
16 22 2
19 38 1
17 22 2
19 27 1
16 38 2
22 29 1
15 38 1
8 36 2
14 32 1
7 26 1
8 15 2
18 19 2
14 28 1
17 28 1
18 26 2
3 7 2
1 30 2
12 21 2
0 23 2
13 20 2
11 26 1
14 17 2
20 31 1
17 39 2
21 35 2
0 22 2
4 33 1
7 31 1
6 20 2
14 16 2
5 26 2
12 25 1
20 23 2
1 20 2
14 22 2
10 22 2
6 15 2
8 20 2
6 35 1
16 34 1
13 26 1
14 23 2
7 8 2
1 15 2
8 21 2
1 26 1
17 26 1
6 18 2
2 7 2
14 19 2
20 37 1
11 37 1
11 14 2
3 4 2
22 32 2
10 29 1
5 19 2
9 37 1
11 20 2
3 16 2
0 10 2
18 22 2
7 33 1
16 17 2
0 17 2
15 37 1
18 23 2
14 36 2
22 23 2
14 25 2
10 26 1
9 19 2
0 20 2
15 39 1
16 37 1
3 27 1
4 20 2
0 28 2
13 23 2
22 31 2
18 27 2
10 35 2
17 33 1
20 27 2
17 23 2
8 32 2
6 10 2
11 39 1
10 17 2
12 36 1
9 38 1
0 4 2
4 30 1
8 17 2
12 13 2
10 36 1
11 38 1
2 37 1
11 23 2
6 21 2
3 11 2
20 25 1
5 10 2
1 14 2
6 11 2
12 27 1
8 22 2
20 33 2
9 27 2
7 20 2
9 35 1
7 19 2
9 11 2
7 27 1
0 14 2
10 14 2
4 31 1
14 21 2
0 11 2
5 39 1
4 10 2
1 9 2
6 12 2
14 39 1
23 30 1
11 16 2
0 37 1
8 35 2
7 34 2
3 34 1
0 13 2
19 33 2
6 31 1
3 35 2
10 21 2
1 16 2
15 25 1
13 38 1
6 23 2
7 13 2
3 26 1
8 26 1
1 27 1
21 33 2
12 30 1
4 38 1
4 7 2
4 14 2
19 37 2
20 39 2
5 37 1
11 15 2
13 18 2
0 8 2
5 18 2
9 22 2
12 28 2
6 13 2
9 33 1
18 35 1
23 29 2
1 21 2
4 8 2
2 34 1
12 35 1
6 26 2
6 22 2
12 18 2
0 33 1
21 34 1
7 10 2
1 3 2
10 19 2
12 20 2
10 18 2
7 18 2
18 38 1
15 19 2
23 33 1
22 36 2
2 24 1
21 36 2
5 20 2
21 26 1
14 31 2
17 20 2
17 24 2
6 16 2
9 25 1
5 17 2
8 39 1
4 25 2
18 21 2
4 6 2
21 31 2
4 22 2
19 36 1
10 27 1
21 24 2
4 21 1
8 34 1
18 20 1
12 26 1
2 16 1
17 25 2
4 36 2
3 17 1
10 16 1
1 10 1
0 36 1
9 16 1
4 13 1
1 25 1
3 36 1
4 28 1
2 11 1
1 28 1
11 29 1
4 34 1
9 36 1
5 11 1
19 26 2
11 35 1
3 29 2
8 12 1
1 23 1
9 13 1
16 30 2
25 26 1
28 29 2
15 36 1
0 12 1
17 34 2
30 35 2
14 35 1
23 25 2
26 36 2
12 17 1
5 12 1
3 15 1
6 7 1
1 13 1
3 21 1
2 17 1
29 35 2
