% n=200 p=33 d=0.33 p_blue=0.66
% k=0
15 63 2
53 184 1
19 70 2
33 60 2
4 173 2
11 138 2
47 131 2
42 159 1
36 114 2
45 128 2
30 56 2
27 106 2
5 174 2
18 22 2
16 40 2
43 156 2
9 46 2
23 130 2
56 191 1
3 132 2
22 101 2
29 33 2
27 44 2
63 162 2
7 154 1
37 189 2
57 189 2
52 142 2
38 112 2
36 110 2
4 13 2
35 168 1
22 113 2
5 132 2
45 124 1
54 64 2
39 122 2
3 111 1
10 112 2
0 63 2
19 84 2
11 24 2
25 155 2
38 97 2
20 43 2
60 189 2
33 43 2
36 153 1
47 61 2
22 43 2
24 34 2
4 15 2
45 61 2
40 46 2
18 110 2
19 62 2
6 23 2
50 131 2
3 192 2
17 164 2
12 108 1
56 58 2
7 147 1
49 54 2
55 65 2
44 81 1
19 43 2
1 107 1
0 14 2
53 190 1
37 128 2
13 190 2
53 85 2
17 154 2
9 22 2
34 39 2
4 34 2
32 69 1
0 8 2
8 130 2
10 79 2
35 156 2
9 83 2
24 115 2
41 73 1
30 158 2
32 52 2
26 49 2
11 142 1
51 158 2
18 23 2
18 187 2
61 177 2
0 138 1
29 56 2
4 36 2
6 33 2
17 48 2
8 13 2
3 47 2
18 64 2
24 26 2
55 61 2
3 82 1
49 102 1
48 80 1
32 121 2
27 160 2
51 63 2
37 54 2
17 109 2
39 184 1
10 49 2
8 199 2
44 107 1
22 117 2
44 187 2
61 77 1
4 100 2
5 23 2
7 32 2
33 140 2
10 68 1
4 123 2
38 53 2
26 140 1
61 136 2
15 53 2
5 67 2
34 57 2
40 150 2
44 163 2
26 27 2
27 137 1
49 167 1
5 32 2
5 153 1
8 90 2
53 139 2
17 174 2
7 22 2
41 60 2
6 144 2
19 126 2
2 17 2
3 94 2
30 90 2
9 44 2
2 42 2
16 116 2
10 64 2
23 63 2
7 9 2
49 172 2
29 110 2
6 47 2
31 43 2
29 58 2
32 39 2
20 85 2
21 43 2
29 188 2
16 33 2
2 60 2
32 45 2
36 43 2
53 156 2
52 158 2
41 42 2
28 159 1
58 192 2
26 38 2
48 52 2
30 170 2
14 18 2
65 79 2
13 21 2
9 13 2
58 165 1
62 122 1
11 192 2
47 69 2
40 185 2
17 19 2
22 55 2
13 15 2
33 155 2
48 66 1
14 56 2
17 199 2
10 58 2
60 65 2
19 91 2
49 182 1
52 177 2
29 50 2
4 73 2
7 79 2
11 38 2
12 167 1
40 60 2
38 179 2
15 161 2
42 119 2
44 132 2
9 19 2
63 93 2
26 44 2
19 60 2
42 187 2
32 128 2
11 12 2
41 177 1
7 21 2
32 180 2
56 60 2
9 69 1
44 64 2
14 22 2
1 54 2
15 31 2
25 61 2
31 118 2
37 40 2
18 35 2
28 138 2
23 187 2
28 53 2
0 48 2
1 56 2
8 15 2
54 65 2
38 89 2
7 58 2
38 64 2
42 56 2
23 43 2
5 125 1
7 177 2
33 63 2
24 53 2
6 20 2
12 13 2
24 36 2
5 44 2
13 75 2
26 40 2
25 42 2
23 198 2
11 28 2
63 71 2
54 197 2
0 22 2
11 124 1
7 90 1
53 169 2
8 70 2
9 47 2
5 194 2
27 141 2
43 57 2
31 162 2
44 47 2
51 102 2
30 89 2
30 66 2
30 34 2
23 41 2
50 106 2
3 183 2
10 38 2
41 138 2
38 148 1
18 120 1
47 78 2
12 65 2
59 144 2
33 72 2
43 50 2
1 155 2
25 53 2
12 23 2
24 78 2
61 149 1
61 138 1
16 67 2
7 97 1
14 112 2
32 48 2
59 74 1
41 120 1
1 24 2
21 70 2
0 52 2
14 189 1
46 48 2
11 57 2
6 100 2
30 80 2
42 136 2
14 181 2
10 69 1
7 41 2
20 195 1
32 95 2
31 100 1
15 43 2
8 79 2
0 46 2
54 177 2
3 65 2
19 154 1
44 54 2
15 73 2
21 52 2
35 148 2
12 38 2
13 41 2
20 64 2
20 60 2
65 72 2
3 18 2
31 72 2
9 62 2
30 37 2
4 80 2
53 99 1
36 38 2
2 156 2
12 34 2
1 28 2
26 181 2
18 88 2
5 24 2
46 130 1
10 164 2
37 119 2
45 147 1
47 149 1
39 160 2
2 33 2
33 56 2
63 73 2
26 175 2
56 120 1
21 42 2
0 190 1
9 15 2
39 45 2
15 56 2
65 154 1
33 59 2
27 78 2
43 176 1
3 180 2
11 29 2
14 30 2
22 129 1
3 41 2
41 183 2
38 85 2
0 35 2
29 36 2
28 88 2
53 186 1
64 192 2
37 190 2
30 102 2
15 66 2
49 57 2
2 22 2
3 11 2
24 181 1
12 46 2
33 197 2
23 39 2
46 90 1
60 190 1
65 142 2
41 72 1
21 147 2
46 133 1
50 153 1
61 99 2
2 37 2
40 54 2
45 78 2
5 188 2
30 33 2
43 125 1
25 123 1
36 162 2
14 49 2
3 66 1
63 183 2
30 47 2
59 127 1
4 43 2
15 163 2
26 52 2
12 64 2
17 55 2
12 148 2
8 10 2
63 123 1
22 58 2
25 67 2
44 62 2
46 63 2
26 34 2
38 84 2
27 148 2
35 43 2
35 48 2
65 108 1
33 122 2
22 179 1
32 38 2
9 65 2
63 122 1
34 149 2
10 170 2
28 124 2
11 14 2
57 75 2
16 85 2
24 30 2
32 105 2
59 170 2
17 136 2
18 34 2
37 46 2
23 27 2
31 147 2
14 27 2
14 26 2
53 197 1
15 78 2
10 139 2
14 48 2
11 37 2
21 56 2
35 87 2
27 102 2
16 168 2
15 130 2
57 146 2
17 27 2
18 27 2
37 193 1
2 43 2
10 188 2
59 183 2
51 114 1
6 120 2
13 55 2
35 147 1
58 72 2
30 195 1
32 49 2
30 172 2
34 66 2
30 38 2
7 52 2
50 129 2
50 199 2
27 92 2
27 42 2
56 169 1
56 179 2
13 17 2
7 53 2
24 25 2
40 109 2
27 151 2
51 153 1
1 7 2
25 143 2
33 57 2
21 46 2
5 183 2
31 171 1
38 181 2
10 181 2
30 55 2
0 45 2
50 53 2
12 33 2
36 157 2
39 125 1
6 128 2
17 38 2
41 174 1
32 126 1
21 87 2
31 44 2
41 108 2
39 169 1
42 111 2
27 29 2
42 59 2
6 25 2
47 104 2
26 146 2
8 56 2
13 23 2
25 48 2
60 61 2
12 125 2
3 78 2
19 49 2
52 118 1
41 50 2
64 112 1
40 61 2
30 176 1
59 98 2
37 89 1
40 73 2
39 123 1
30 148 1
30 177 2
32 116 2
38 143 2
25 35 2
9 155 2
9 36 2
4 101 2
20 36 2
55 87 2
28 56 2
48 168 2
3 188 2
51 119 2
60 111 1
32 60 2
4 135 1
44 198 1
9 25 2
36 55 2
37 161 2
28 186 2
12 52 2
32 77 1
40 62 2
17 187 1
52 133 1
9 127 2
11 165 1
60 62 2
32 63 2
37 63 2
5 29 2
2 21 2
23 56 2
32 87 2
0 165 2
47 53 2
8 47 2
15 188 2
1 18 2
3 161 2
42 53 2
8 156 2
25 138 2
11 27 2
27 52 2
17 107 2
62 99 2
36 52 2
11 107 2
53 178 1
64 111 2
26 90 2
3 182 2
32 89 1
56 175 2
50 177 2
4 72 2
16 76 1
2 11 2
46 150 2
6 36 2
10 26 2
37 58 2
7 84 2
34 64 2
21 23 2
1 160 1
48 166 2
1 42 2
0 173 2
21 187 2
60 129 2
7 29 2
7 108 2
8 78 1
63 171 2
25 157 1
2 35 2
25 65 2
28 81 2
13 62 2
44 79 1
62 149 1
23 194 2
19 22 2
65 122 2
13 35 2
0 30 2
39 113 2
63 84 2
56 98 1
24 183 2
47 142 2
54 109 2
49 134 1
58 109 2
27 91 2
29 49 2
45 85 1
31 192 2
28 47 2
8 59 2
9 136 2
3 97 2
49 64 2
16 128 2
11 54 2
33 37 2
7 88 1
22 133 2
20 138 2
53 187 2
25 56 2
65 118 2
45 48 2
28 97 2
53 54 2
58 133 1
63 142 2
40 59 2
51 140 2
29 113 1
6 61 2
0 194 2
10 158 2
6 129 1
38 55 2
2 58 2
5 58 2
23 190 1
59 85 2
1 49 2
14 145 2
9 104 1
32 143 2
32 119 1
20 59 2
31 48 2
45 158 1
52 185 1
17 47 2
7 174 1
44 80 2
2 12 2
10 29 2
9 77 2
9 164 2
32 57 2
59 86 1
1 21 2
4 190 2
30 61 2
58 143 2
12 89 2
51 59 2
57 191 2
11 88 1
3 37 2
17 167 1
12 18 2
65 112 2
3 29 2
58 148 2
55 91 2
40 102 1
18 124 2
28 179 2
29 105 1
29 145 2
51 86 2
55 168 1
33 128 1
10 51 2
27 113 1
64 135 1
20 180 2
42 57 2
25 88 2
34 163 2
31 131 2
24 71 2
7 15 2
10 85 2
26 194 1
4 31 2
32 158 2
51 96 2
37 109 2
43 139 2
13 194 1
42 61 2
17 104 1
24 190 2
32 146 1
12 22 2
47 58 2
21 29 2
46 112 2
19 99 2
9 78 2
13 47 2
24 182 1
39 151 2
1 25 2
0 47 2
25 135 2
57 78 2
34 63 2
8 18 2
7 56 2
37 139 2
13 117 2
18 99 2
18 179 2
62 65 2
22 49 2
45 50 2
31 60 2
1 159 1
22 115 2
22 130 2
60 92 1
23 189 2
47 48 2
24 40 2
37 64 2
1 61 2
18 130 1
16 56 2
2 18 2
7 186 2
36 64 2
32 36 2
44 48 2
22 62 2
39 43 2
4 142 1
64 175 2
47 184 2
20 183 2
59 194 2
12 113 2
14 92 2
27 81 1
50 143 1
14 91 2
42 135 1
1 51 2
46 194 2
17 75 2
52 126 1
29 68 2
47 62 2
7 193 1
34 60 2
28 114 1
34 115 2
18 26 2
29 158 2
25 63 2
20 61 2
4 25 2
14 34 2
34 37 2
48 63 2
30 171 2
43 65 2
20 112 2
13 163 2
39 50 2
39 129 2
15 22 2
50 133 2
40 92 1
19 138 2
44 128 2
0 68 2
18 43 2
10 14 2
24 197 2
22 105 2
31 57 2
63 99 2
62 82 2
7 42 2
33 53 2
53 148 2
31 35 2
6 134 2
13 34 2
10 33 2
32 53 2
27 94 2
23 48 2
4 62 2
20 161 2
47 51 2
8 196 1
38 195 2
44 110 2
0 127 2
49 70 2
33 40 2
1 196 2
34 74 2
51 183 2
55 197 1
51 107 2
38 137 1
37 56 2
3 127 2
11 87 1
8 190 1
14 129 1
6 46 2
20 185 2
31 40 2
2 57 2
47 60 2
25 33 2
46 55 2
17 141 1
30 58 2
50 188 2
56 119 1
34 75 2
23 55 2
30 69 2
40 105 1
5 10 2
13 14 2
40 47 2
31 32 2
15 42 2
54 112 1
28 52 2
33 150 1
1 35 2
27 64 2
6 34 2
32 91 2
0 92 2
21 24 2
32 99 2
18 146 2
8 50 2
60 101 1
29 39 2
14 193 2
62 150 2
18 44 2
51 76 2
47 65 2
3 27 2
56 83 2
27 130 2
54 142 1
8 41 2
10 27 2
18 138 2
38 56 2
6 62 2
13 56 2
10 184 1
40 155 2
35 89 2
24 144 1
45 55 2
12 150 2
18 46 2
0 57 2
0 65 2
16 44 2
40 120 1
5 107 2
10 161 2
2 130 2
25 158 2
44 134 2
33 109 2
14 36 2
48 176 2
1 30 2
34 101 1
13 53 2
16 39 2
16 129 2
22 23 2
55 182 2
14 57 2
29 173 2
30 41 2
49 67 2
54 160 2
50 68 1
19 112 1
4 24 2
19 156 2
28 161 1
12 27 2
42 58 2
25 178 1
48 199 2
47 179 2
49 62 2
52 70 1
48 77 2
25 64 2
7 72 2
11 177 2
29 73 2
10 39 2
1 40 2
51 163 1
34 93 2
20 31 2
1 50 2
40 143 2
10 132 2
56 64 2
28 30 2
46 151 2
11 18 2
41 43 2
9 96 1
15 176 2
14 51 2
36 141 1
54 132 1
1 131 2
42 52 2
1 145 2
3 58 2
31 68 2
19 64 2
11 153 2
12 133 2
30 84 1
29 74 1
20 86 2
9 74 2
38 65 2
31 173 1
55 172 1
38 126 2
17 140 2
40 111 2
32 138 1
24 147 1
3 24 2
52 61 2
36 173 2
33 49 2
28 98 2
29 62 2
29 61 2
17 188 1
57 61 2
58 77 2
23 97 1
24 75 1
19 27 2
62 108 2
38 63 2
39 85 1
25 171 1
0 25 2
23 38 2
48 56 2
46 106 1
24 122 2
54 63 2
13 46 2
0 34 2
14 136 2
35 52 2
2 61 2
4 19 2
45 183 2
12 25 2
10 15 2
2 3 2
49 56 2
4 45 2
20 24 2
10 160 1
23 169 1
2 59 2
10 134 2
46 145 1
21 22 2
1 186 2
21 65 2
21 174 2
22 109 2
60 179 2
2 198 1
14 25 2
13 160 2
23 77 1
43 95 2
5 60 2
10 54 2
54 74 2
22 67 1
31 108 2
53 152 1
15 17 2
59 78 2
50 67 2
27 51 2
42 88 2
34 158 2
32 163 1
60 95 2
51 164 1
33 156 2
62 155 1
7 25 2
6 59 2
29 52 2
2 125 2
57 124 2
43 44 2
6 54 2
11 33 2
23 30 2
22 39 2
56 87 2
3 48 2
23 32 2
61 171 2
6 162 2
44 116 2
59 148 2
20 45 2
29 160 1
25 51 2
4 9 2
29 127 1
36 111 1
50 56 2
17 60 2
19 40 2
19 50 2
9 49 2
0 20 2
29 159 1
40 198 2
47 93 2
4 20 2
45 182 2
8 62 2
13 58 2
4 53 2
18 50 2
18 41 2
19 61 2
19 25 2
42 60 2
13 94 1
56 92 1
54 83 1
14 78 1
22 37 2
8 125 1
52 162 1
31 45 2
6 57 2
21 125 1
32 194 2
11 34 2
31 52 2
29 59 2
65 124 2
3 45 2
39 193 2
37 61 2
56 170 1
52 115 2
16 28 2
13 28 2
0 147 2
4 37 2
14 58 2
46 166 1
57 134 2
14 23 2
11 43 2
60 64 2
9 194 2
11 26 2
43 59 2
56 182 2
39 70 1
39 61 2
39 138 1
27 196 2
22 34 2
14 39 2
59 128 1
21 163 2
1 137 1
29 156 2
58 62 2
47 71 2
48 55 2
7 184 2
21 34 2
44 191 1
20 51 2
24 193 2
21 145 2
1 167 2
23 122 1
11 82 1
27 56 2
3 13 2
2 19 2
30 50 2
19 81 2
30 131 2
16 41 2
56 160 1
50 99 2
5 26 2
59 60 2
26 54 2
11 176 1
11 63 2
64 94 2
0 49 2
26 177 2
63 164 1
31 119 2
5 17 2
35 176 1
8 57 2
64 65 2
21 94 2
42 161 2
8 51 2
6 52 2
57 190 1
44 189 1
56 115 2
22 51 2
60 182 2
50 54 2
29 135 2
21 62 2
10 23 2
22 28 2
26 39 2
6 103 1
31 71 2
40 44 2
9 158 1
28 160 1
37 60 2
22 74 2
20 79 2
31 117 1
63 176 2
18 78 1
59 180 2
2 95 1
0 15 2
8 20 2
20 21 2
25 32 2
22 41 2
46 50 2
45 197 1
44 69 2
57 58 2
25 120 1
22 25 2
61 100 2
4 150 1
4 79 1
36 51 2
61 89 1
1 38 2
39 176 1
14 144 2
13 36 2
40 74 2
44 68 1
9 165 1
3 50 2
1 116 2
28 42 2
11 58 2
62 69 2
25 173 2
11 39 2
11 31 2
58 59 2
4 60 2
31 41 2
0 121 2
20 135 2
47 49 2
39 92 2
28 84 2
20 67 1
49 111 2
65 127 2
11 56 2
14 15 2
29 198 2
8 144 1
27 47 2
53 63 2
20 174 2
11 60 2
2 143 2
17 57 2
12 126 2
1 175 2
26 77 1
5 96 1
9 33 2
61 64 2
13 20 2
28 121 1
8 181 2
35 195 1
1 82 2
12 54 2
15 41 2
46 60 2
26 48 2
64 176 2
36 158 2
33 34 2
39 62 2
47 164 1
22 65 2
17 45 2
13 59 2
19 74 2
1 115 2
7 23 2
34 144 2
28 128 2
48 78 2
3 175 2
47 64 2
35 162 2
28 37 2
29 30 2
11 162 1
37 49 2
13 66 1
4 58 2
51 58 2
40 88 1
19 35 2
63 70 2
45 46 2
8 22 2
14 152 2
41 197 2
39 112 1
16 125 2
33 96 2
0 11 2
61 121 2
46 74 2
42 141 1
50 160 2
43 148 2
62 194 1
23 137 2
60 76 1
36 60 2
1 64 2
52 58 2
64 193 1
37 76 1
6 30 2
50 126 2
47 59 2
53 168 2
6 49 2
43 61 2
53 59 2
63 181 2
48 60 2
4 81 2
46 92 2
51 169 2
20 95 1
60 183 1
0 16 2
5 51 2
32 108 2
6 64 2
56 125 1
62 167 1
50 130 2
3 31 2
18 160 2
53 125 1
64 142 2
26 45 2
30 65 2
62 163 1
52 187 2
9 196 1
13 113 2
2 140 2
40 125 1
45 150 2
65 99 2
4 54 2
31 46 2
3 106 2
10 55 2
44 58 2
65 170 1
6 55 2
15 50 2
20 57 2
23 90 2
34 103 2
30 53 2
65 195 1
11 47 2
44 99 2
39 120 2
5 104 2
4 29 2
58 162 1
2 111 1
19 38 2
9 23 2
43 132 1
38 57 2
18 100 2
27 104 1
0 31 2
4 44 2
11 51 2
4 68 2
13 29 2
1 140 2
8 68 1
1 29 2
18 123 2
49 160 2
3 54 2
12 129 1
38 59 2
1 16 2
60 169 2
53 100 1
53 189 2
53 180 1
38 141 1
17 69 1
20 142 2
7 158 2
11 62 2
32 106 2
39 154 2
18 65 2
40 85 2
39 111 1
14 65 2
6 24 2
19 26 2
9 183 1
15 34 2
16 46 2
4 165 2
8 27 2
49 184 2
6 137 2
45 64 2
44 50 2
23 51 2
2 15 2
10 145 2
27 192 2
65 149 1
38 191 2
17 171 1
32 43 2
25 182 2
12 163 1
15 59 2
24 44 2
1 62 2
36 50 2
8 133 1
54 122 1
5 157 2
41 105 2
61 151 2
10 50 2
22 60 2
15 21 2
52 76 2
33 48 2
15 166 2
37 126 2
10 40 2
55 154 2
6 21 2
9 11 2
44 53 2
19 167 2
31 184 2
4 193 1
25 38 2
57 150 2
7 89 1
4 172 1
8 159 1
52 99 1
4 188 2
22 38 2
48 190 2
21 39 2
24 179 2
13 50 2
7 99 1
28 85 2
14 97 2
53 113 2
57 118 2
10 61 2
62 177 2
35 56 2
61 173 2
35 58 2
39 109 2
12 16 2
21 194 2
31 121 2
17 178 1
58 97 1
35 64 2
27 45 2
3 71 1
21 51 2
26 36 2
44 65 2
29 46 2
30 31 2
25 79 1
62 100 2
3 43 2
20 25 2
47 133 1
47 111 2
22 48 2
13 136 2
38 139 2
28 38 2
17 111 1
28 70 1
25 93 2
17 23 2
8 93 2
45 62 2
22 149 2
21 123 2
28 140 2
25 37 2
54 81 1
60 79 2
53 174 2
28 96 2
57 170 1
51 61 2
47 63 2
58 73 2
63 64 2
37 80 1
3 93 1
15 141 2
29 78 2
12 50 2
28 164 2
40 183 2
63 175 2
9 154 2
8 63 2
20 33 2
13 27 2
19 164 1
0 87 2
58 152 1
43 62 2
0 62 2
53 79 2
58 107 1
30 94 2
28 113 2
50 190 2
52 54 2
11 41 2
7 39 2
30 111 1
65 100 1
61 158 2
17 41 2
18 63 2
34 125 2
63 147 2
14 45 2
43 178 2
52 188 1
24 112 2
42 49 2
8 169 2
47 56 2
61 133 1
36 75 2
18 51 2
62 63 2
33 39 2
14 185 2
20 39 2
4 51 2
54 58 2
7 124 2
40 188 1
15 27 2
14 46 2
37 101 2
41 144 1
21 57 2
2 128 2
64 156 1
65 141 2
41 69 2
41 156 2
0 44 2
29 140 1
63 95 2
30 182 1
25 26 2
55 130 2
4 61 2
39 60 2
31 58 2
38 111 2
25 45 2
57 65 2
63 75 1
46 58 2
24 28 2
44 71 1
55 90 2
53 83 1
24 100 2
38 120 2
33 42 2
4 65 2
22 52 2
23 114 1
33 87 2
31 190 2
17 24 2
27 194 2
51 64 2
61 196 1
33 107 2
20 184 2
29 194 1
5 98 2
51 123 2
34 61 2
4 27 2
9 40 2
45 94 1
61 65 2
56 80 2
63 163 2
22 152 2
58 161 2
64 119 2
64 83 1
39 44 2
1 74 2
2 69 2
33 93 1
27 77 2
7 24 2
17 58 2
28 50 2
3 99 1
35 45 2
26 93 1
55 148 1
41 182 2
28 115 2
7 163 2
0 60 2
23 181 1
41 64 2
3 59 2
47 99 2
37 62 2
13 54 2
28 134 1
33 176 1
43 187 1
19 54 2
38 44 2
16 177 2
16 151 2
28 33 2
2 55 2
19 20 2
3 64 2
18 122 2
21 128 2
57 165 2
17 191 2
4 35 2
6 8 2
49 95 2
41 171 2
31 105 1
58 171 2
19 141 1
51 142 1
34 171 2
54 82 2
15 129 1
54 59 2
32 179 1
20 42 2
11 53 2
9 30 2
30 44 2
56 74 2
9 45 2
46 64 2
8 72 2
1 66 1
41 90 2
21 139 2
35 124 2
40 191 2
20 54 2
62 146 2
54 198 2
64 127 2
59 64 2
63 126 1
24 178 1
34 48 2
1 48 2
55 93 2
40 52 2
36 65 2
18 82 1
8 149 2
20 35 2
32 141 2
9 29 2
6 191 1
21 41 2
30 189 2
60 104 2
6 170 2
22 63 2
11 21 2
6 38 2
41 46 2
37 149 2
26 65 2
58 128 2
39 53 2
0 188 1
22 50 2
35 59 2
30 145 1
52 57 2
49 63 2
38 69 2
41 48 2
0 128 1
62 123 2
48 158 2
41 62 2
8 43 2
37 43 2
23 37 2
62 198 2
5 45 2
23 160 1
42 184 2
18 125 2
42 87 1
25 96 1
15 147 2
16 61 2
25 75 1
34 117 1
14 38 2
58 130 2
65 76 2
18 109 1
27 38 2
39 54 2
54 62 2
57 136 2
6 17 2
36 188 1
18 106 2
15 18 2
62 103 2
21 105 1
52 125 1
20 148 2
45 118 1
40 55 2
46 143 2
26 198 2
56 162 1
39 49 2
39 163 2
28 54 2
15 37 2
38 47 2
34 129 1
43 100 1
43 54 2
2 32 2
37 179 2
42 54 2
59 126 2
28 64 2
52 120 2
23 140 2
18 53 2
39 41 2
0 37 2
1 32 2
27 62 2
26 51 2
34 52 2
25 161 1
36 69 2
18 192 1
11 101 2
21 195 2
20 114 2
3 28 2
9 41 2
19 110 2
57 160 1
54 189 2
3 197 2
34 44 2
36 102 2
42 62 2
26 132 2
8 191 2
3 44 2
7 11 2
1 39 2
36 45 2
37 178 1
32 64 2
2 16 2
32 112 1
12 49 2
45 84 1
17 20 2
34 41 2
9 51 2
45 68 1
35 37 2
55 136 1
11 198 2
56 194 2
30 194 2
22 57 2
17 88 2
23 50 2
17 37 2
53 118 2
42 91 2
18 141 2
32 152 1
12 48 2
63 188 1
50 139 2
15 36 2
26 68 2
31 160 1
13 32 2
20 153 1
32 35 2
48 116 2
55 98 1
43 45 2
49 109 2
25 69 2
22 190 2
35 54 2
41 45 2
42 47 2
6 39 2
35 140 1
52 198 2
38 92 1
22 30 2
21 50 2
0 105 1
45 73 1
20 170 1
24 58 2
30 39 2
15 164 2
1 41 2
7 178 2
30 152 1
62 119 1
7 171 1
18 28 2
15 26 2
51 55 2
7 48 2
22 96 2
43 140 2
20 163 2
37 98 2
46 59 2
12 61 2
16 31 2
35 84 2
59 87 1
5 78 2
6 48 2
48 131 2
59 62 2
42 64 2
17 29 2
42 85 2
30 64 2
4 94 1
9 146 2
45 153 2
4 86 2
8 184 2
13 162 1
1 15 2
17 124 2
6 42 2
5 14 2
18 157 2
8 195 2
19 34 2
46 108 2
30 68 2
3 42 2
28 94 2
16 36 2
23 168 2
0 167 2
50 136 2
50 144 1
44 77 2
4 17 2
52 91 2
45 167 1
7 50 2
47 84 2
45 190 2
10 74 2
10 187 2
54 61 2
24 27 2
37 42 2
4 64 2
17 81 2
19 159 2
40 156 2
13 45 2
6 19 2
9 81 2
27 39 2
2 64 2
22 54 2
9 53 2
0 7 2
43 138 2
21 100 1
44 117 1
35 39 2
1 47 2
60 87 1
13 72 1
33 199 1
10 47 2
16 30 2
41 97 2
26 72 2
29 96 2
40 123 2
50 155 2
18 172 2
35 180 2
27 34 2
5 18 2
52 144 2
3 189 1
22 165 2
32 59 2
24 52 2
17 74 2
24 88 2
3 52 2
14 175 1
38 61 2
27 32 2
20 26 2
54 187 2
47 125 2
23 178 2
13 126 2
25 82 2
6 124 2
33 36 2
19 103 2
41 63 2
12 39 2
49 158 2
35 67 2
9 55 2
0 21 2
3 6 2
62 165 2
52 186 2
39 46 2
36 163 2
12 197 1
55 58 2
38 52 2
48 108 1
25 43 2
48 99 1
1 12 2
20 196 1
37 75 1
41 66 2
40 114 2
17 153 2
48 185 2
19 95 2
14 172 2
31 50 2
64 177 1
33 185 2
28 59 2
46 49 2
27 150 2
36 54 2
59 96 2
0 86 2
30 54 2
3 10 2
10 37 2
2 34 2
61 154 2
0 43 2
40 49 2
55 192 1
7 59 2
32 56 2
3 15 2
44 93 1
36 84 2
13 52 2
25 40 2
0 196 1
54 118 1
28 51 2
8 28 2
9 27 2
15 23 2
28 130 2
38 60 2
24 188 2
0 51 2
42 51 2
53 56 2
1 52 2
45 179 2
41 123 2
5 154 2
51 109 1
17 21 2
65 114 1
18 68 2
10 124 1
3 101 1
34 56 2
1 141 1
20 121 1
16 53 2
63 74 2
2 48 2
24 124 1
48 138 2
27 49 2
18 55 2
18 135 2
8 160 2
42 82 2
26 107 2
32 140 2
1 13 2
14 29 2
21 98 1
18 57 2
25 115 2
6 45 2
14 126 1
62 92 2
12 188 2
26 117 2
10 11 2
49 66 1
21 103 1
2 38 2
24 142 1
8 35 2
37 175 2
13 31 2
27 37 2
15 64 2
13 22 2
12 31 2
35 129 2
22 61 2
3 23 2
28 144 1
50 65 2
28 153 2
26 33 2
52 104 2
30 57 2
33 47 2
52 170 1
7 31 2
6 50 2
3 70 1
56 199 2
16 91 2
29 55 2
11 143 2
24 97 1
38 83 2
34 78 2
23 185 2
46 119 2
32 182 2
22 134 2
1 36 2
2 171 1
12 24 2
47 124 2
22 139 2
34 51 2
38 118 2
47 75 1
59 143 2
12 32 2
12 189 2
58 139 2
64 92 2
2 147 2
31 109 2
28 45 2
11 159 2
18 140 2
9 63 2
16 78 1
40 131 2
7 94 2
24 46 2
61 147 2
65 143 1
43 63 2
11 55 2
17 63 2
54 99 2
8 17 2
4 22 2
56 107 2
14 170 1
10 46 2
16 104 1
3 21 2
13 63 2
15 32 2
24 54 2
28 60 2
35 160 2
16 26 2
10 59 2
19 137 2
47 50 2
50 55 2
11 52 2
0 174 2
8 92 2
55 112 2
18 21 2
5 34 2
46 168 2
27 73 2
51 179 2
26 31 2
22 64 2
42 96 2
42 132 2
8 104 2
15 55 2
15 153 2
58 178 2
37 160 2
19 29 2
8 103 1
27 116 2
43 58 2
51 135 2
45 51 2
28 36 2
21 84 2
65 94 1
42 107 2
1 26 2
47 55 2
26 109 2
29 88 2
62 87 2
30 180 1
25 126 1
0 53 2
14 21 2
2 52 2
28 129 2
3 7 2
8 74 2
35 44 2
15 58 2
0 10 2
9 66 2
11 193 1
25 97 2
19 73 1
58 61 2
23 180 2
26 137 2
48 95 1
42 63 2
15 85 2
29 122 1
41 54 2
56 189 2
58 113 2
16 109 2
9 56 2
38 40 2
7 57 2
57 171 2
56 177 1
2 174 2
39 147 2
17 39 2
15 173 2
57 66 2
4 102 1
35 158 1
0 114 2
6 109 1
23 35 2
39 65 2
18 42 2
30 122 2
24 29 2
6 9 2
48 58 2
6 102 1
0 9 2
23 57 2
55 186 2
34 54 2
4 40 2
16 45 2
42 183 1
4 196 1
21 32 2
33 158 1
15 20 2
41 71 2
8 167 1
11 77 1
61 62 2
58 82 1
44 115 2
6 81 1
53 65 2
49 116 2
36 47 2
27 41 2
35 192 2
9 110 2
5 57 2
14 133 1
35 68 1
45 196 1
48 53 2
44 125 2
54 124 2
56 133 2
31 59 2
65 119 2
19 108 2
12 105 1
34 50 2
50 58 2
43 174 2
1 67 2
45 188 2
54 172 2
39 89 1
39 63 2
9 130 2
5 21 2
13 51 2
50 164 2
42 138 1
33 51 2
27 103 2
17 185 2
31 70 1
13 115 2
11 113 2
21 109 1
25 144 2
38 62 2
31 36 2
2 28 2
25 188 2
11 110 1
10 110 1
57 169 2
16 194 2
46 61 2
26 111 2
50 173 2
27 126 2
4 112 2
46 91 2
6 44 2
7 13 2
55 171 2
2 36 2
26 53 2
46 198 2
41 164 2
15 52 2
23 54 2
49 55 2
14 32 2
54 111 1
45 72 2
47 68 1
3 17 2
4 6 2
39 55 2
21 27 2
45 104 2
32 73 2
59 152 2
30 45 2
19 63 2
31 39 2
57 161 2
42 50 2
26 64 2
36 41 2
5 111 1
53 60 2
19 177 2
36 58 2
62 89 2
41 114 1
8 23 2
3 16 2
0 3 2
16 199 2
35 49 2
5 59 2
5 47 2
19 111 2
32 151 2
52 141 2
15 113 1
5 36 2
6 60 2
25 54 2
25 27 2
20 63 2
37 166 2
9 87 2
13 48 2
4 30 2
7 77 1
65 198 2
25 50 2
49 59 2
28 105 2
61 87 1
51 105 1
23 88 2
24 132 2
13 183 1
27 185 1
36 57 2
63 91 1
15 46 2
41 49 2
2 110 1
8 48 2
35 96 2
4 23 2
31 91 2
60 88 2
19 168 2
29 60 2
46 71 2
54 163 2
8 126 1
41 151 2
28 83 2
38 182 2
20 179 1
14 40 2
42 133 2
58 65 2
18 87 2
54 135 2
50 162 2
31 191 1
13 69 2
61 187 2
29 32 2
39 64 2
10 189 2
20 27 2
36 138 1
52 135 1
8 155 1
23 142 1
50 73 1
23 52 2
6 65 2
24 33 2
16 20 2
63 143 2
43 73 1
4 71 1
42 148 2
52 59 2
17 83 1
35 61 2
57 89 2
15 146 2
0 38 2
29 182 2
28 63 2
29 136 2
28 190 2
33 44 2
56 82 1
52 130 2
34 59 2
41 74 2
45 163 1
19 42 2
19 151 1
62 183 2
46 51 2
32 149 2
0 17 2
21 54 2
62 80 1
40 50 2
4 46 2
4 14 2
23 138 1
33 58 2
8 89 2
8 58 2
5 38 2
10 13 2
36 93 1
8 163 2
2 51 2
61 67 2
14 62 2
42 55 2
37 51 2
3 57 2
1 5 2
25 187 1
64 102 1
23 42 2
38 39 2
26 30 2
27 50 2
1 11 2
31 62 2
21 153 2
34 141 2
21 178 1
4 148 1
60 116 1
12 70 2
21 170 2
2 9 2
12 174 2
4 198 2
11 183 2
34 175 1
18 30 2
48 51 2
27 133 2
20 125 2
45 66 2
11 65 2
29 164 2
1 154 2
29 34 2
38 136 2
52 69 2
32 181 1
57 64 2
54 195 2
2 25 2
10 180 2
12 42 2
47 126 1
55 64 2
61 132 2
10 96 2
27 97 2
31 179 2
14 63 2
61 107 2
34 43 2
15 44 2
33 184 2
13 83 2
15 19 2
31 56 2
27 99 1
11 32 2
17 170 2
12 194 2
56 136 2
46 125 1
33 55 2
37 48 2
26 60 2
34 153 1
43 105 2
11 186 1
64 198 2
5 40 2
25 60 2
20 97 2
42 45 2
52 108 1
61 75 2
45 53 2
2 6 2
25 104 2
30 71 1
32 41 2
15 182 1
65 134 2
49 127 1
20 66 2
18 31 2
59 181 2
3 22 2
20 150 1
34 109 2
51 141 2
22 85 2
6 53 2
53 107 2
57 67 2
57 176 2
27 55 2
5 97 1
21 44 2
62 186 2
26 59 2
33 54 2
47 162 2
12 169 2
45 130 1
12 43 2
50 157 2
21 137 1
16 29 2
38 49 2
8 67 2
0 27 2
14 43 2
2 172 1
13 40 2
9 86 2
6 51 2
16 172 2
36 56 2
18 71 1
7 65 2
11 64 2
34 62 2
14 191 2
62 79 1
59 191 1
0 150 2
41 55 2
2 180 2
41 65 2
15 159 2
25 31 2
18 56 2
38 45 2
1 121 2
45 156 1
33 50 2
25 68 1
0 54 2
17 158 2
27 46 2
20 40 2
5 7 2
13 49 2
14 148 1
35 38 2
50 195 1
17 34 2
2 146 1
19 152 2
23 25 2
3 39 2
12 77 1
1 192 2
13 178 2
13 146 2
44 90 2
1 77 1
3 40 2
3 25 2
12 14 2
22 31 2
29 87 2
50 71 2
52 180 1
39 124 2
51 52 2
40 170 1
43 71 2
29 139 1
1 147 1
8 91 1
10 20 2
54 129 1
25 46 2
22 131 2
34 167 2
57 168 1
21 97 2
41 188 2
31 127 2
39 58 2
18 184 1
7 27 2
44 56 2
15 104 1
3 114 2
3 151 2
14 90 1
14 113 1
16 190 2
25 44 2
46 163 2
55 137 2
34 139 2
14 74 2
2 40 2
52 86 2
7 157 2
49 88 1
27 54 2
21 90 1
60 196 2
2 84 2
17 22 2
22 171 2
14 85 1
10 121 1
34 53 2
33 83 1
36 164 1
10 36 2
49 198 1
6 13 2
5 6 2
34 47 2
29 40 2
46 47 2
2 63 2
57 99 2
62 104 1
50 172 1
27 60 2
65 113 2
27 86 1
14 53 2
30 119 2
21 132 2
28 41 2
4 52 2
50 52 2
12 60 2
63 65 2
63 170 1
54 114 2
45 194 1
11 23 2
15 165 1
9 156 1
11 150 1
59 101 2
20 23 2
43 52 2
47 182 2
4 178 2
59 186 1
10 65 2
18 49 2
19 31 2
27 61 2
34 58 2
47 194 2
8 110 2
13 16 2
35 57 2
15 62 2
12 37 2
54 166 2
0 72 2
42 46 2
4 131 2
14 107 1
65 77 2
15 110 2
53 166 1
2 14 2
61 95 2
16 60 2
23 135 2
45 98 2
15 183 2
13 140 2
21 38 2
10 60 2
55 141 2
52 89 1
62 95 1
2 49 2
2 23 2
11 61 2
8 128 1
58 102 2
55 131 2
32 61 2
29 115 2
10 25 2
9 12 2
59 130 2
40 48 2
60 137 2
20 147 1
28 168 2
53 160 1
12 154 2
8 112 2
8 24 2
34 70 2
43 153 2
14 122 2
57 179 2
53 111 2
23 28 2
39 51 2
26 153 2
6 126 2
56 86 2
54 182 2
9 60 2
23 29 2
59 72 1
19 56 2
1 189 2
0 198 2
10 28 2
47 135 2
14 118 2
29 42 2
25 124 2
28 49 2
4 125 1
0 181 2
1 3 2
54 149 2
17 32 2
5 65 2
33 112 2
2 29 2
65 81 2
10 148 1
1 9 2
16 142 1
22 44 2
48 171 1
41 168 2
32 198 1
25 149 2
45 148 1
4 59 2
6 197 1
3 108 2
30 92 2
31 196 1
53 71 1
56 154 2
45 127 1
0 18 2
32 47 2
32 40 2
20 49 2
7 54 2
22 121 2
20 156 2
17 56 2
63 114 2
34 164 2
59 123 2
47 88 2
44 141 2
52 103 1
33 171 1
9 179 1
26 63 2
58 100 1
53 117 1
52 129 2
3 60 2
6 27 2
28 65 2
1 4 2
8 55 2
29 77 2
65 179 2
12 36 2
47 181 2
38 58 2
14 192 2
1 60 2
33 98 2
9 85 2
57 119 2
5 9 2
41 52 2
64 133 2
8 60 2
60 159 1
25 58 2
31 170 1
11 25 2
43 186 1
1 90 2
6 32 2
12 137 2
24 55 2
10 57 2
43 53 2
53 77 2
51 133 2
16 38 2
17 159 2
7 194 1
7 68 2
11 196 2
12 128 2
0 28 2
8 9 2
29 128 2
15 38 2
4 55 2
1 118 1
39 165 2
44 161 2
45 77 1
4 5 2
18 39 2
17 26 2
58 79 1
20 81 2
56 122 2
11 79 2
5 72 1
18 37 2
17 44 2
25 165 2
20 178 2
32 139 1
65 97 2
0 56 2
59 65 2
24 37 2
1 169 2
16 37 2
25 28 2
35 97 1
44 66 1
2 7 2
50 62 2
34 135 1
45 58 2
24 154 1
15 29 2
10 18 2
36 165 2
15 187 2
44 188 1
27 40 2
2 31 2
59 161 2
5 95 2
57 82 1
47 87 1
1 69 2
25 36 2
24 42 2
64 76 1
34 40 2
33 131 2
15 95 1
64 159 2
7 187 2
6 63 2
50 161 1
37 65 2
21 31 2
58 108 1
30 42 2
45 198 2
6 148 2
21 58 2
2 81 2
36 81 1
16 63 2
27 182 2
49 72 1
4 10 2
2 170 2
24 31 2
55 60 2
44 55 2
64 77 1
5 12 2
33 157 2
46 129 2
22 170 1
46 186 1
63 72 2
14 42 2
16 110 2
6 29 2
6 157 2
2 26 2
21 173 2
22 169 2
16 198 1
3 177 1
4 185 2
9 61 2
13 44 2
7 8 2
24 59 2
33 66 2
8 139 1
38 95 2
16 35 2
20 41 2
5 43 2
46 65 2
8 136 1
43 90 2
6 111 1
0 23 2
11 42 2
13 154 1
27 188 2
57 143 2
4 48 2
7 87 1
29 191 2
53 104 2
63 199 1
31 140 1
6 12 2
65 157 1
19 55 2
19 30 2
49 53 2
0 117 2
44 46 2
54 85 1
30 125 1
9 138 2
9 42 2
9 150 2
0 2 2
17 53 2
62 180 1
24 45 2
42 43 2
55 79 1
37 69 2
61 168 2
53 142 2
14 17 2
7 37 2
43 101 1
10 30 2
23 146 2
7 10 2
29 108 2
4 49 2
18 25 2
12 151 1
11 129 2
15 47 2
48 87 2
25 49 2
19 146 2
1 95 1
43 78 2
18 98 2
58 175 1
7 28 2
57 91 2
49 185 2
20 29 2
9 123 2
2 75 1
14 190 2
54 57 2
48 76 2
8 198 2
23 60 2
48 59 2
48 196 1
55 59 2
35 93 1
38 51 2
22 126 2
52 64 2
6 11 2
29 142 2
2 41 2
24 39 2
10 52 2
22 32 2
17 54 2
43 46 2
12 85 2
13 135 1
56 161 2
23 26 2
15 152 1
0 55 2
5 70 2
16 185 2
18 32 2
15 74 2
5 46 2
6 184 1
52 178 1
14 54 2
31 172 1
36 131 1
23 53 2
12 44 2
40 141 2
40 101 1
18 149 2
18 48 2
16 90 2
51 191 2
50 165 2
52 121 1
42 170 2
31 47 2
45 67 2
4 160 1
32 166 1
10 70 1
6 187 2
16 59 2
25 137 1
37 138 2
0 69 1
2 159 2
61 74 1
19 65 2
33 120 2
9 20 2
11 152 1
15 135 2
2 44 2
55 103 2
6 71 1
8 40 2
44 106 2
47 57 2
39 42 2
18 62 2
30 52 2
37 121 2
10 56 2
21 49 2
61 111 2
12 144 2
60 130 1
15 133 2
1 44 2
21 28 2
19 59 2
60 132 2
6 10 2
20 50 2
50 60 2
35 159 2
10 35 2
54 78 2
37 95 1
5 49 2
54 183 2
26 100 2
12 143 1
55 158 2
32 196 2
27 48 2
23 44 2
12 51 2
5 129 2
22 81 2
23 119 1
40 57 2
37 167 2
28 148 2
7 35 2
1 34 2
13 24 2
49 120 1
51 104 1
56 187 2
38 93 1
36 62 2
11 46 2
26 178 1
45 57 2
62 77 2
50 72 1
11 197 1
6 43 2
65 144 2
7 45 2
26 61 2
10 135 2
45 116 1
16 32 2
64 86 2
1 92 2
19 47 2
29 45 2
11 148 2
18 58 2
27 80 2
8 37 2
58 153 2
40 41 2
33 52 2
19 66 1
56 59 2
51 57 2
2 47 2
40 166 2
6 15 2
14 16 2
54 116 2
8 42 2
30 106 2
48 62 2
2 10 2
51 79 2
9 79 2
39 183 2
2 145 1
22 33 2
15 25 2
6 26 2
39 48 2
15 49 2
16 23 2
9 26 2
9 109 2
35 155 2
58 116 1
43 79 2
38 168 2
53 145 2
25 163 1
22 35 2
28 125 2
34 38 2
10 45 2
24 125 2
58 191 1
5 53 2
21 48 2
4 8 2
8 162 2
44 185 2
47 52 2
62 91 2
20 173 2
35 42 2
29 41 2
45 151 2
56 57 2
17 186 2
27 33 2
5 22 2
16 54 2
46 84 1
1 85 2
32 74 2
17 49 2
20 98 2
48 54 2
44 111 2
65 171 1
47 176 2
64 121 2
21 26 2
57 71 2
12 53 2
1 10 2
42 65 2
16 98 2
58 95 2
8 117 2
9 50 2
29 35 2
0 133 2
11 175 2
49 177 2
25 174 2
16 158 2
30 83 1
13 33 2
48 124 1
17 31 2
51 101 1
24 73 2
43 109 1
4 176 2
5 128 2
7 16 2
31 64 2
31 168 2
50 97 1
56 172 1
61 112 1
30 62 2
1 23 2
39 57 2
59 63 2
1 63 2
1 33 2
48 49 2
3 38 2
45 189 2
2 139 1
62 169 2
19 23 2
1 181 1
44 143 2
3 81 2
28 195 2
5 77 2
10 17 2
48 145 1
55 63 2
26 62 2
43 60 2
16 58 2
14 24 2
35 65 2
23 64 2
5 136 2
54 178 1
58 146 2
36 46 2
10 67 2
19 21 2
58 104 2
30 67 1
60 167 2
40 147 2
34 198 2
1 14 2
22 29 2
8 39 2
34 49 2
19 53 2
35 113 2
5 94 1
62 160 2
58 64 2
3 187 2
5 54 2
32 65 2
50 63 2
21 184 2
15 35 2
26 122 1
25 168 2
44 168 2
25 30 2
7 44 2
46 118 1
23 46 2
46 104 2
22 56 2
55 198 1
11 106 2
18 19 2
58 182 2
65 87 2
65 98 2
15 48 2
5 19 2
23 59 2
33 65 2
28 40 2
31 194 1
6 143 2
22 104 1
35 118 2
1 17 2
1 157 1
21 35 2
61 63 2
29 72 1
5 178 2
36 130 2
1 105 1
15 16 2
25 105 2
24 43 2
49 58 2
37 114 1
45 166 2
57 93 1
61 96 2
8 44 2
37 83 2
59 94 2
18 168 2
9 152 1
65 123 2
48 198 2
35 47 2
37 39 2
17 146 2
32 33 2
36 142 2
45 56 2
2 162 2
17 35 2
56 105 2
40 51 2
36 99 1
20 181 2
49 52 2
56 102 1
5 63 2
62 131 2
29 38 2
6 58 2
17 61 2
7 152 2
52 65 2
44 113 1
14 81 2
34 194 1
11 19 2
44 49 2
8 12 2
48 61 2
58 106 2
2 30 2
48 130 2
46 181 2
20 30 2
12 41 2
20 144 2
59 137 1
49 91 2
28 57 2
55 62 2
16 49 2
53 57 2
22 70 2
30 49 2
18 185 2
7 141 2
58 69 2
41 141 1
22 181 1
6 121 2
50 122 2
54 115 2
11 59 2
0 175 2
13 153 2
5 52 2
14 166 2
24 51 2
22 66 2
43 150 1
28 44 2
16 24 2
37 59 2
14 127 2
10 24 2
29 51 2
59 77 1
15 45 2
3 51 2
56 89 1
44 97 1
41 53 2
63 153 2
28 135 2
7 128 2
29 193 2
43 114 2
3 53 2
8 46 2
39 121 2
0 159 1
41 51 2
10 34 2
34 119 2
56 149 1
5 88 1
39 84 2
14 28 2
17 51 2
14 139 1
44 61 2
5 41 2
15 71 1
32 96 2
8 158 2
11 121 1
29 44 2
21 118 1
14 35 2
12 72 2
6 167 2
20 52 2
17 73 2
59 154 2
14 52 2
0 41 2
63 166 2
33 62 2
6 181 2
35 46 2
10 182 1
55 102 2
8 54 2
6 37 2
26 66 2
41 143 1
10 168 2
48 150 1
10 117 2
22 98 2
25 170 2
7 105 2
6 41 2
36 113 2
19 36 2
16 17 2
3 193 1
22 142 2
11 151 2
15 51 2
35 62 2
35 40 2
0 197 2
35 85 2
56 158 2
12 17 2
38 115 2
21 179 1
26 186 2
12 100 1
12 166 1
11 188 2
24 172 2
54 60 2
34 134 2
8 33 2
38 117 2
11 48 2
40 190 1
26 98 2
1 57 2
39 81 1
18 152 2
27 121 2
51 73 2
43 56 2
52 55 2
32 54 2
9 58 2
43 146 2
15 75 2
0 85 2
22 45 2
0 13 2
16 162 1
63 124 1
43 80 2
39 108 1
28 43 2
3 186 1
34 154 1
1 58 2
4 82 2
0 148 1
30 70 2
34 127 1
7 20 2
32 67 1
19 48 2
4 41 2
29 133 2
5 48 2
16 51 2
50 92 1
54 55 2
52 123 2
4 50 2
4 195 2
38 86 2
17 130 1
39 116 2
16 82 1
65 173 2
44 59 2
64 179 2
8 29 2
51 53 2
51 176 2
5 191 2
33 146 2
32 81 2
14 161 2
27 35 2
0 78 2
29 54 2
1 134 1
43 77 2
65 160 2
56 65 2
42 130 2
8 32 2
51 181 1
18 170 2
30 196 1
12 141 1
35 115 2
53 62 2
16 22 2
0 149 1
40 58 2
7 103 2
14 61 2
5 146 2
46 62 2
8 173 2
49 113 2
5 105 2
0 24 2
24 194 2
39 130 2
34 65 2
28 61 2
16 27 2
26 182 1
46 183 1
11 30 2
4 119 1
22 185 2
44 160 1
3 160 2
18 24 2
3 103 2
21 196 2
60 191 2
29 37 2
17 62 2
62 152 2
38 192 1
17 93 2
34 126 2
6 174 1
44 195 2
7 26 2
8 25 2
9 52 2
15 24 2
42 122 1
25 52 2
13 165 1
13 155 1
45 75 1
3 98 2
10 43 2
6 95 2
11 35 2
34 150 2
19 44 2
50 59 2
47 54 2
56 71 2
61 98 1
57 92 2
14 103 2
61 123 2
37 45 2
15 137 2
56 109 2
43 55 2
37 106 1
5 186 2
17 67 2
19 41 2
2 165 2
24 32 2
26 74 2
26 108 1
1 2 2
8 121 1
35 41 2
30 174 2
57 72 1
15 82 1
10 44 2
3 30 2
35 50 2
32 42 2
19 52 2
58 89 1
13 37 2
18 104 2
2 123 1
0 33 2
12 20 2
1 22 2
40 186 2
31 38 2
48 147 2
9 38 2
30 167 1
23 31 2
28 109 2
23 104 2
17 194 2
63 151 2
6 14 2
5 173 2
45 90 2
18 20 2
3 4 2
32 171 2
32 55 2
47 180 2
60 74 2
37 136 1
61 135 2
63 194 2
8 45 2
19 32 2
19 165 1
18 126 1
10 78 1
25 179 2
22 26 2
20 56 2
30 161 2
46 141 2
1 161 2
0 179 2
40 42 2
0 84 2
40 192 2
42 180 2
12 63 2
35 165 2
65 166 2
50 57 2
5 28 2
49 141 2
5 64 2
12 19 2
65 191 2
30 93 2
6 28 2
65 146 2
47 192 1
18 61 2
0 5 2
13 161 2
24 56 2
19 87 1
64 151 2
43 48 2
33 143 2
26 35 2
19 24 2
39 198 2
14 131 1
0 12 2
28 68 2
40 63 2
5 69 2
40 152 1
15 172 1
16 166 2
8 34 2
29 174 2
21 33 2
19 39 2
9 111 1
62 175 2
28 79 1
6 35 2
65 117 1
12 115 1
25 73 2
61 66 2
41 94 2
45 102 2
9 106 2
0 6 2
24 187 2
21 129 1
7 125 1
8 143 2
48 84 2
7 142 1
22 191 1
21 197 1
23 34 2
20 117 1
50 192 1
14 19 2
60 70 1
56 159 2
46 117 2
26 37 2
17 46 2
39 149 2
16 100 2
23 40 2
54 139 2
51 54 2
51 173 2
31 55 2
7 49 2
1 37 2
12 40 2
59 140 1
65 150 2
37 53 2
43 197 2
8 107 2
30 51 2
26 192 2
37 57 2
0 50 2
61 128 1
56 165 1
8 53 2
41 179 2
6 40 2
17 59 2
45 159 2
0 4 2
32 62 2
37 142 1
37 135 1
3 184 2
13 25 2
44 162 2
52 132 2
41 61 2
61 69 1
59 172 2
45 47 2
12 58 2
19 185 2
14 59 2
54 76 2
21 40 2
3 32 2
7 17 2
30 141 2
31 125 2
29 63 2
60 81 2
44 60 2
13 43 2
17 64 2
20 132 2
3 34 2
28 108 1
42 199 2
1 19 2
8 16 2
42 76 1
3 19 2
32 37 2
11 44 2
44 137 2
17 65 2
48 136 2
1 59 2
18 79 2
9 37 2
29 107 1
28 55 2
47 86 2
29 196 1
62 130 1
36 109 1
55 135 2
13 150 1
2 24 2
42 125 2
16 183 2
14 37 2
34 174 2
22 198 1
39 59 2
2 74 2
21 150 2
45 60 2
65 188 2
26 135 2
0 186 2
33 147 1
50 120 2
31 42 2
16 34 2
63 161 2
38 157 2
25 132 1
25 57 2
7 139 2
55 56 2
36 37 2
20 102 2
8 19 2
20 136 2
9 173 1
9 195 2
49 60 2
27 28 2
56 61 2
41 133 2
5 37 2
1 20 2
49 105 1
40 45 2
18 45 2
41 139 1
49 77 2
10 183 1
33 91 2
12 180 2
9 43 2
31 73 2
7 104 2
41 129 1
3 174 2
9 73 2
27 58 2
39 47 2
9 98 1
3 55 2
62 81 2
51 170 2
32 150 2
44 52 2
47 118 1
40 56 2
58 129 1
37 38 2
34 36 2
38 109 2
13 192 2
46 197 2
27 30 2
5 8 2
32 111 1
7 63 2
56 155 2
21 161 1
29 101 2
28 31 2
52 73 2
6 87 1
4 47 2
24 83 2
5 11 2
5 130 1
12 26 2
36 63 2
3 35 2
9 59 2
57 149 2
4 155 2
56 197 1
16 64 2
24 64 2
33 64 2
1 6 2
11 17 2
8 52 2
38 46 2
23 62 2
6 56 2
54 192 2
19 197 1
21 60 2
58 197 1
26 47 2
38 145 2
51 99 1
65 197 1
19 46 2
29 183 2
16 47 2
19 92 1
26 159 1
4 97 2
23 86 2
10 42 2
19 143 2
16 55 2
11 40 2
25 55 2
34 80 1
7 12 2
56 148 2
36 182 2
58 112 2
0 59 2
52 53 2
0 118 2
7 62 2
61 73 2
2 5 2
25 41 2
13 39 2
60 181 2
37 47 2
2 20 2
13 84 2
65 92 1
50 194 2
42 189 2
9 105 2
36 120 2
26 57 2
2 164 2
5 160 2
49 79 2
49 87 2
30 48 2
16 50 2
35 36 2
32 167 2
10 122 1
18 47 2
62 158 2
55 165 2
48 64 2
20 129 2
18 40 2
27 57 2
38 48 2
65 89 2
54 171 2
60 123 2
20 53 2
26 133 1
13 61 2
59 107 2
41 165 2
4 7 2
12 35 2
57 177 2
1 102 2
19 93 1
25 91 1
2 135 2
38 194 2
23 65 2
16 175 1
64 101 2
34 45 2
13 104 2
49 170 1
9 161 1
13 42 2
46 53 2
55 82 2
55 57 2
57 68 2
21 37 2
9 17 2
1 112 2
38 135 2
31 33 2
1 179 1
25 94 2
12 56 2
13 38 2
61 180 2
58 85 1
28 163 1
23 36 2
6 138 2
26 32 2
39 143 1
32 34 2
40 64 2
4 11 2
18 72 2
20 78 2
15 54 2
1 149 1
0 95 2
64 182 1
37 55 2
14 41 2
29 117 1
3 14 2
22 72 2
19 57 2
32 118 2
13 64 2
13 122 2
32 159 2
10 19 2
10 32 2
10 48 2
0 61 2
51 167 1
40 122 1
17 169 1
18 54 2
32 117 2
51 195 2
47 161 2
41 189 1
22 24 2
26 160 2
1 81 2
14 64 2
34 91 2
57 87 1
41 59 2
50 51 2
5 116 1
42 44 2
8 65 2
15 28 2
32 58 2
11 49 2
1 31 2
24 65 2
7 60 2
33 192 2
36 197 2
8 30 2
9 57 2
11 13 2
3 168 1
39 56 2
0 26 2
9 64 2
6 7 2
40 68 2
22 187 2
10 114 1
10 12 2
4 104 1
30 36 2
21 36 2
13 125 1
17 33 2
44 57 2
9 18 2
28 193 2
22 27 2
19 170 2
26 148 2
27 152 1
9 166 2
6 31 2
5 113 1
30 97 2
26 191 1
7 19 2
61 144 2
61 109 2
34 140 2
20 152 1
14 114 2
48 128 2
30 63 2
9 28 2
41 115 2
25 34 2
13 68 1
40 43 2
21 64 2
15 181 2
9 97 2
9 121 2
24 159 2
37 182 2
3 61 2
11 134 1
5 31 2
24 57 2
8 36 2
58 78 1
28 58 2
64 141 2
46 94 2
20 28 2
22 186 1
13 98 2
25 29 2
10 22 2
32 190 2
24 189 2
48 178 2
41 107 2
19 37 2
18 29 2
30 60 2
24 60 2
49 118 2
63 69 1
55 181 2
30 107 2
15 123 2
20 115 2
20 44 2
26 190 2
45 143 2
61 131 1
23 196 1
5 39 2
10 186 2
20 111 2
26 29 2
4 26 2
51 56 2
46 52 2
5 176 1
38 198 2
37 86 1
50 187 2
28 150 2
9 34 2
12 55 2
43 97 2
18 59 2
53 131 1
23 33 2
21 63 2
15 97 2
7 30 2
31 102 2
53 64 2
57 98 2
20 113 2
30 134 1
4 154 1
32 76 1
13 30 2
53 110 2
13 18 2
26 136 2
4 169 2
29 47 2
1 45 2
64 143 1
27 169 2
0 58 2
7 14 2
62 126 2
24 120 2
30 143 1
52 93 2
37 188 2
56 62 2
28 35 2
12 59 2
28 34 2
61 190 2
26 55 2
55 170 2
39 71 1
55 160 2
11 195 2
23 112 2
59 196 2
2 195 2
44 51 2
41 58 2
32 44 2
58 60 2
26 43 2
31 53 2
4 12 2
1 119 2
43 86 2
12 191 1
43 166 2
20 58 2
5 50 2
39 189 2
21 110 1
31 144 2
7 110 2
54 119 1
39 88 2
8 66 1
0 106 2
20 22 2
38 50 2
41 83 1
57 188 2
60 89 2
20 48 2
1 55 2
1 198 2
0 94 2
3 75 2
2 46 2
51 60 2
2 137 2
43 103 2
8 14 2
10 63 2
20 154 1
46 160 2
31 49 2
3 8 2
12 134 2
65 95 2
11 16 2
21 131 2
47 186 1
28 90 2
6 154 2
48 90 2
12 190 1
55 120 2
25 62 2
55 174 1
43 144 1
56 93 1
46 124 2
37 52 2
0 64 2
19 192 2
59 178 1
50 82 2
17 50 2
8 49 2
2 50 2
9 147 2
6 22 2
36 49 2
8 38 2
42 48 2
1 8 2
64 172 1
24 61 2
29 114 2
42 192 2
2 13 2
48 179 2
59 82 2
4 38 2
53 72 1
58 186 2
54 77 2
12 138 2
5 118 1
32 123 2
34 97 2
39 153 2
19 158 2
7 61 2
61 81 2
22 46 2
11 179 1
2 90 2
37 91 2
21 166 1
20 62 2
50 148 2
10 93 2
2 142 2
59 146 2
7 55 2
30 59 2
1 46 2
11 36 2
56 193 2
63 179 2
46 188 1
45 59 2
20 122 2
14 171 1
50 61 2
5 86 1
0 74 2
34 35 2
36 39 2
53 133 1
24 196 2
57 62 2
17 18 2
27 36 2
36 105 2
0 193 2
0 153 1
14 44 2
48 74 1
7 47 2
65 84 2
41 47 2
62 151 1
16 65 2
2 65 2
18 33 2
43 168 2
9 54 2
18 90 2
47 150 2
40 53 2
7 80 2
29 57 2
28 117 2
51 132 1
59 112 2
42 123 2
43 133 2
60 171 2
6 88 2
15 61 2
22 40 2
27 162 2
7 36 2
33 46 2
27 31 2
25 59 2
23 49 2
62 188 2
38 41 2
53 61 2
5 61 2
18 38 2
21 142 1
7 167 2
60 113 1
32 98 2
23 99 1
45 113 1
33 41 2
15 57 2
13 19 2
4 105 2
8 31 2
58 63 2
5 198 2
24 95 2
45 49 2
2 67 1
25 74 1
23 186 2
21 172 2
41 157 1
30 46 2
15 116 1
12 57 2
24 38 2
46 57 2
42 110 2
16 52 2
18 195 2
16 18 2
23 127 2
29 116 2
49 50 2
2 97 2
60 180 2
3 46 2
4 56 2
5 56 2
42 156 1
49 101 2
28 39 2
45 63 2
10 88 2
25 71 2
49 183 2
7 18 2
5 142 2
44 63 2
0 1 2
22 78 1
7 38 2
26 50 2
26 139 2
21 89 2
50 84 2
27 164 2
25 84 2
2 54 2
9 14 2
55 191 2
21 47 2
7 64 2
6 145 2
4 16 2
16 19 2
45 144 1
22 180 2
52 62 2
16 43 2
26 28 2
42 137 2
39 40 2
12 102 1
25 86 2
13 152 2
3 62 2
22 53 2
14 50 2
52 163 2
10 53 2
7 51 2
17 100 2
22 168 2
53 97 2
20 34 2
22 47 2
37 44 2
64 150 2
7 40 2
65 78 2
53 165 2
0 96 1
43 141 2
27 63 2
43 151 2
42 185 2
3 12 2
23 174 1
36 42 2
24 49 2
35 135 2
48 57 2
30 162 1
24 62 2
5 62 2
18 118 1
31 77 2
29 31 2
20 47 2
5 75 1
26 41 2
46 87 2
19 169 2
55 109 1
0 185 2
6 153 2
17 155 1
38 130 2
22 148 2
5 55 2
12 164 2
0 199 2
38 77 1
8 21 2
22 176 2
3 63 2
42 154 2
46 199 2
21 59 2
43 115 2
26 157 1
56 76 2
30 32 2
25 39 2
34 114 2
57 59 2
36 40 2
16 148 2
51 110 2
21 61 2
2 27 2
58 84 1
28 72 2
40 82 1
49 61 2
3 69 1
26 56 2
14 47 2
21 80 2
62 189 2
12 62 2
10 62 2
15 184 2
52 60 2
42 142 2
20 37 2
5 13 2
4 28 2
32 50 2
41 104 1
35 150 2
30 142 2
50 171 1
32 137 1
20 46 2
34 85 1
31 133 2
9 48 2
30 149 1
10 123 2
7 33 2
2 108 2
24 111 2
3 49 2
26 46 2
20 89 2
5 184 2
36 196 2
24 123 2
19 45 2
0 137 2
19 33 2
33 38 2
29 166 2
16 42 2
51 62 2
32 51 2
41 56 2
22 154 2
61 104 2
59 187 1
39 52 2
34 55 2
53 146 1
38 43 2
1 183 2
3 169 2
61 172 1
0 36 2
33 125 2
3 5 2
0 178 1
7 43 2
48 157 2
4 42 2
3 172 2
15 33 2
8 26 2
13 151 2
11 22 2
9 16 2
20 92 1
0 32 2
26 110 2
48 89 1
16 150 1
38 107 1
45 52 2
5 33 2
49 196 1
54 193 2
63 146 2
31 65 2
26 156 2
29 48 2
6 18 2
12 47 2
64 131 2
28 48 2
14 60 2
26 167 1
28 46 2
2 91 2
59 106 1
39 134 2
21 198 2
61 192 1
29 53 2
38 75 2
43 83 2
54 56 2
41 44 2
11 189 2
18 136 2
14 31 2
28 116 2
35 63 2
60 63 2
30 76 2
49 65 2
35 53 2
17 28 2
45 71 2
10 16 2
33 92 1
9 24 2
44 192 2
31 37 2
45 103 2
30 35 2
62 179 1
33 35 2
15 109 2
27 110 2
13 81 2
21 55 2
10 137 1
49 152 2
42 68 2
12 45 2
43 70 1
35 174 2
1 132 2
3 195 2
48 65 2
21 193 2
23 106 2
28 32 2
21 53 2
12 21 2
9 153 2
4 91 2
0 42 2
6 163 1
8 108 2
48 197 2
27 193 1
13 60 2
27 53 2
24 81 1
8 150 1
22 42 2
51 65 2
26 79 2
7 34 2
49 189 1
13 26 2
53 116 2
65 153 2
44 103 1
12 15 2
62 174 2
37 113 1
44 153 2
40 137 1
28 62 2
14 20 2
0 71 2
27 124 1
11 139 2
54 147 2
4 170 2
38 74 2
2 56 2
46 96 2
61 193 2
34 166 2
23 24 2
26 58 2
57 139 1
16 186 2
35 164 2
21 113 2
12 30 2
33 61 2
53 55 2
22 199 2
50 64 2
23 45 2
22 36 2
56 63 2
31 63 2
14 33 2
47 127 1
17 43 2
25 175 1
48 81 2
22 59 2
62 64 2
20 145 2
45 155 1
24 93 2
48 142 2
62 192 2
30 73 1
27 65 2
11 50 2
3 91 2
38 183 2
4 184 2
28 198 1
1 151 2
59 61 2
58 83 1
58 193 2
32 193 2
31 61 2
24 130 2
15 122 1
28 69 2
14 140 2
24 50 2
54 101 2
27 59 2
21 45 2
52 56 2
0 19 2
15 65 2
46 56 2
16 48 2
4 57 2
5 30 2
28 118 2
57 105 1
46 140 1
17 52 2
63 135 1
52 63 2
31 54 2
24 77 1
14 55 2
63 106 2
7 189 2
24 199 2
23 128 2
32 186 2
22 106 1
16 21 2
4 63 2
6 16 2
23 144 2
8 11 2
65 185 2
32 46 2
18 52 2
17 172 2
7 67 1
1 27 2
18 60 2
32 129 1
29 119 1
26 42 2
5 80 2
46 54 2
15 60 2
47 157 2
9 21 2
38 162 2
29 91 1
36 48 2
24 99 2
33 196 2
11 45 2
65 80 2
21 108 2
35 51 2
42 104 2
20 38 2
39 97 2
58 92 2
51 148 2
28 191 2
55 78 2
39 93 2
23 73 2
9 39 2
9 117 2
17 25 2
19 58 2
3 33 2
39 182 2
41 84 1
57 174 2
49 188 1
52 81 2
41 57 2
57 60 2
42 150 2
32 80 2
13 57 2
5 35 2
4 106 2
12 152 1
62 112 2
27 198 1
38 169 2
36 95 2
29 148 2
36 61 2
33 45 2
39 152 2
16 139 1
2 53 2
15 40 2
10 41 2
25 189 2
0 67 2
30 150 2
5 25 2
47 156 2
16 62 2
20 160 2
25 47 2
8 64 2
10 31 2
9 10 2
3 117 2
37 41 2
27 43 2
17 36 2
62 197 2
21 30 2
35 144 2
29 65 2
12 29 2
30 40 2
37 110 2
34 199 2
38 54 2
4 18 2
45 65 2
30 173 2
60 136 2
17 40 2
23 47 2
42 128 2
52 116 1
18 119 1
3 96 2
43 49 2
3 134 2
36 92 2
53 179 1
6 86 1
21 66 2
22 114 1
3 162 1
8 95 2
3 20 2
34 46 2
28 29 2
53 58 2
50 123 2
43 51 2
5 123 1
21 188 2
35 169 2
56 78 1
40 77 1
20 55 2
53 162 2
33 130 1
3 143 2
41 101 1
36 59 2
1 79 1
4 21 2
31 51 2
3 56 2
63 85 2
49 51 2
57 154 1
16 57 2
48 183 1
7 46 2
53 130 1
36 112 1
61 162 2
2 45 2
20 99 1
13 65 2
24 35 2
29 43 2
3 9 2
15 39 2
44 88 1
16 105 1
5 15 2
36 186 1
24 41 2
0 29 2
49 107 2
8 61 2
55 129 2
44 45 2
26 129 1
46 95 1
37 50 2
5 126 1
19 51 2
62 134 2
27 87 2
31 34 2
2 39 2
38 196 2
30 43 2
43 64 2
50 96 2
11 15 2
34 118 2
3 26 2
42 176 2
9 35 2
24 63 2
9 31 2
22 195 2
24 128 1
29 195 2
40 117 1
5 16 2
14 80 1
23 58 2
2 83 2
48 153 2
34 42 2
56 166 2
1 65 2
12 146 1
49 132 2
10 21 2
0 40 2
48 98 2
11 130 2
19 28 2
1 43 2
23 172 2
24 48 2
12 122 1
31 104 2
23 61 2
4 33 2
54 154 2
10 133 1
39 118 2
52 166 1
45 54 2
56 75 1
29 64 2
18 36 2
33 110 2
16 68 1
49 163 2
37 118 2
30 105 2
36 53 2
55 128 2
11 67 2
43 47 2
5 20 2
20 32 2
40 65 2
46 81 1
51 71 2
49 99 2
42 106 1
31 69 1
35 60 2
57 63 2
15 138 2
51 116 1
53 196 2
2 62 2
5 27 2
1 53 2
59 164 1
20 65 1
15 108 2
36 44 1
42 158 2
73 138 1
15 30 1
16 184 1
21 25 1
31 189 1
48 177 2
4 192 2
53 70 1
142 168 2
36 128 2
73 81 2
73 107 2
63 174 1
38 142 1
23 192 1
34 131 2
17 42 1
16 25 1
3 36 1
6 131 1
138 164 1
48 50 1
2 8 1
46 131 2
131 168 1
27 168 1
17 30 1
112 132 1
23 154 1
4 32 1
73 159 1
35 55 1
14 155 1
