% n=20 p=60 d=0.66 p_blue=0.66
% k=0
5 12 2
2 17 1
5 19 2
2 16 2
7 11 2
1 18 2
2 18 2
6 15 2
10 13 2
9 17 1
0 10 2
3 12 1
9 18 2
0 4 2
5 11 2
2 4 2
5 6 2
3 7 2
2 14 2
0 6 2
2 19 2
4 12 2
7 16 2
8 14 1
7 14 1
11 19 2
2 13 2
4 14 1
0 7 2
1 6 2
0 1 2
2 6 2
0 5 2
1 17 2
5 8 2
6 18 2
3 13 2
9 19 2
9 16 2
2 8 2
1 10 2
0 19 2
3 10 2
2 9 2
10 11 2
8 19 2
4 7 2
1 8 2
2 7 2
11 17 2
6 10 2
8 13 2
11 14 2
6 11 2
7 8 2
2 5 2
10 15 2
4 10 2
8 9 2
4 5 2
3 14 2
2 10 2
1 19 2
7 9 2
3 6 2
4 13 1
0 12 2
10 16 2
0 2 2
5 10 2
1 7 2
10 17 2
9 11 2
2 11 2
7 10 2
8 10 2
7 19 2
4 9 2
1 3 2
10 18 2
0 9 2
1 11 1
3 11 1
3 5 1
12 15 1
5 17 1
5 15 1
14 19 1
0 14 2
3 18 1
3 19 2
0 11 1
15 16 1
0 13 1
3 17 2
18 19 2
7 18 2
13 18 1
4 19 2
11 12 1
0 17 2
8 16 1
1 5 1
0 18 1
14 17 2
9 14 1
2 3 1
8 17 1
1 9 1
8 11 1
0 3 2
13 19 1
1 2 1
9 15 2
7 17 2
1 4 2
9 10 1
12 18 1
6 12 1
10 19 1
9 12 1
6 17 2
6 8 2
3 9 1
1 16 2
3 4 1
