% n=20 p=60 d=0.66 p_blue=0.33
% k=0
0 19 1
6 12 2
1 7 2
7 17 1
4 14 2
6 17 1
11 15 1
1 19 1
0 14 1
8 17 1
5 16 1
6 13 2
0 13 2
8 16 2
0 15 1
8 15 1
4 16 2
3 15 1
11 13 2
2 8 2
1 15 1
9 15 1
3 9 2
2 4 2
3 16 2
3 5 2
5 17 1
6 15 2
10 12 1
0 4 2
5 13 1
0 9 2
7 14 1
4 11 2
8 9 2
3 12 2
6 18 1
4 18 1
5 8 2
10 13 2
11 17 1
6 14 1
11 14 1
1 11 2
0 8 2
6 19 2
9 12 1
2 13 2
2 9 2
10 14 1
8 13 1
7 8 2
7 12 2
1 14 2
3 4 2
9 13 1
1 17 2
1 4 2
2 3 2
0 6 2
7 13 1
4 13 1
0 12 2
0 7 2
8 12 2
1 12 1
4 17 1
10 17 1
9 17 1
3 10 2
4 19 1
3 17 1
7 11 1
1 9 1
3 19 2
2 11 1
0 2 1
2 10 1
3 11 1
10 18 2
16 19 1
6 8 2
9 18 2
6 16 1
1 5 1
5 7 1
3 8 2
0 5 1
5 11 1
4 8 1
0 1 2
1 16 1
0 10 2
3 18 1
4 5 2
9 16 2
11 19 2
1 10 1
1 18 2
6 9 1
10 19 2
6 10 2
18 19 2
7 18 2
2 16 1
9 10 1
10 11 1
7 10 1
8 10 1
