% n=20 p=60 d=0.33 p_blue=0.33
% k=0
4 9 2
0 5 2
6 9 2
0 3 2
8 11 2
1 2 2
3 7 2
4 8 2
5 13 1
7 15 1
2 11 2
10 15 1
0 2 2
5 10 2
5 7 2
3 15 2
2 13 2
11 16 1
9 10 2
9 16 2
1 9 2
0 10 2
10 18 1
3 10 2
8 13 1
2 7 2
6 18 1
2 3 2
5 11 2
9 13 2
4 17 1
3 13 2
9 14 2
1 7 2
1 18 1
6 14 1
2 10 2
0 13 2
1 5 2
5 6 2
2 4 2
3 11 2
2 18 1
5 12 1
0 4 2
1 17 2
7 8 2
4 19 1
5 16 1
9 18 2
7 14 1
1 12 1
10 11 2
0 18 1
6 15 1
4 10 1
7 11 1
1 6 2
4 6 1
5 9 1
2 9 2
0 6 1
2 5 2
1 11 1
6 10 1
2 6 2
3 5 1
8 10 2
0 11 1
10 19 2
5 19 1
4 11 1
9 11 2
1 19 2
7 9 2
0 16 1
15 19 1
7 16 1
6 16 1
0 9 1
4 5 1
1 10 1
7 19 1
11 19 2
2 8 1
9 15 2
2 15 1
3 4 1
0 15 2
6 19 1
0 7 1
1 15 1
6 8 1
3 9 1
3 8 2
