% n=80 p=60 d=0.33 p_blue=0.66
% k=0
20 22 2
6 58 2
10 42 2
15 26 2
35 63 2
42 47 2
10 21 2
30 45 2
26 52 2
5 73 2
6 7 2
10 31 2
25 35 2
13 39 2
25 49 2
9 34 2
4 6 2
42 67 1
3 4 2
42 59 2
12 41 2
0 2 2
33 40 2
38 59 2
34 35 2
17 23 2
18 24 2
38 56 2
21 54 1
29 62 1
1 26 2
20 28 2
9 16 2
13 32 2
39 42 2
7 40 2
13 65 2
20 27 2
14 27 2
0 43 2
31 65 1
18 50 2
2 23 2
23 29 2
23 69 2
7 17 2
1 41 2
37 73 1
7 51 2
16 44 2
7 57 2
29 32 2
9 37 2
8 47 2
6 74 2
1 59 2
2 19 2
27 38 2
28 68 1
21 75 1
4 19 2
17 45 2
6 46 2
26 38 2
6 36 2
21 49 2
19 71 2
8 18 2
16 45 2
28 40 2
40 61 2
46 58 1
2 33 2
6 37 2
5 68 2
3 20 2
9 30 2
23 72 2
1 21 2
15 31 2
28 78 1
16 20 2
32 36 2
13 36 2
25 48 2
36 43 2
11 62 2
2 78 2
19 29 2
26 31 2
10 17 2
6 14 2
26 57 2
13 42 2
26 40 2
26 41 2
11 39 2
35 38 2
45 49 2
5 9 2
34 41 2
12 13 2
11 27 2
6 65 2
15 27 2
24 31 2
15 47 2
7 79 2
5 16 2
30 50 2
45 57 2
29 45 2
7 30 2
21 37 2
13 45 2
0 20 2
10 69 2
22 66 2
20 30 2
22 33 2
10 26 2
4 8 2
22 32 2
5 67 2
4 27 2
0 50 1
15 42 2
29 65 2
5 47 2
10 20 2
37 40 2
24 67 1
30 43 2
8 44 2
43 44 2
5 50 2
10 24 2
2 14 2
3 37 2
30 48 2
28 29 2
7 19 2
0 55 1
5 53 1
47 71 2
21 65 1
18 26 2
9 44 2
14 34 2
2 13 2
26 34 2
42 64 2
5 25 2
17 46 2
3 52 1
33 35 2
47 58 2
21 23 2
8 43 2
3 34 2
3 7 2
9 73 1
5 74 2
43 60 2
31 36 2
7 36 2
18 43 2
9 26 2
6 12 2
24 69 2
17 40 2
10 68 2
5 46 2
18 73 1
17 37 2
8 9 2
5 55 1
9 32 2
31 34 2
2 50 2
10 28 2
0 69 2
11 33 2
34 37 2
22 47 2
27 32 2
3 74 2
10 37 2
2 11 2
24 79 2
9 62 1
10 44 2
39 45 2
42 49 2
27 28 2
10 63 2
41 79 1
4 77 2
28 31 2
33 47 2
7 67 1
14 22 2
46 52 2
31 32 2
16 74 2
28 30 2
6 25 2
4 13 2
44 66 1
2 18 2
0 13 2
29 68 2
47 49 1
35 75 1
12 46 2
17 42 2
40 56 2
22 26 2
8 37 2
26 78 2
0 36 2
15 23 2
1 6 2
1 14 2
37 46 2
41 43 2
47 74 1
21 38 2
24 25 2
18 63 2
12 30 2
9 15 2
21 43 2
9 40 2
0 11 2
13 17 2
3 76 1
27 63 2
43 47 2
23 36 2
9 18 2
3 26 2
6 35 2
17 52 2
1 44 2
16 76 2
11 26 2
41 63 2
19 26 2
6 39 2
16 60 2
27 40 2
1 24 2
41 55 2
8 19 2
25 36 2
30 41 2
16 57 2
7 14 2
9 54 2
14 31 2
1 36 2
4 31 2
0 56 1
21 59 2
5 33 2
7 34 2
12 38 2
43 65 2
0 40 2
5 38 2
41 44 2
12 17 2
3 6 2
9 33 2
27 33 2
17 50 2
31 45 2
6 27 2
23 47 2
9 71 2
22 36 2
4 39 2
14 40 2
41 70 2
34 36 2
19 21 2
7 32 2
20 78 2
47 65 2
14 38 2
33 56 2
43 45 2
2 25 2
27 48 2
6 26 2
18 51 2
0 17 2
6 30 2
12 23 2
3 44 2
5 14 2
25 78 2
36 47 2
29 60 2
26 43 2
11 24 2
2 24 2
16 29 2
18 37 2
0 46 2
10 27 2
24 56 2
25 44 2
19 59 2
39 41 2
12 14 2
8 13 2
31 48 2
4 41 2
6 24 2
35 47 2
13 16 2
8 10 2
35 37 2
24 43 2
8 12 2
13 49 1
22 61 1
24 53 2
47 72 1
44 74 1
16 26 2
26 46 2
31 78 1
4 37 2
9 42 2
18 29 2
42 48 1
23 45 2
34 54 2
17 29 2
1 39 2
7 45 2
28 32 2
5 11 2
23 34 2
2 27 2
13 70 2
12 79 1
8 45 2
42 79 1
12 29 2
22 25 2
40 63 2
13 67 2
17 33 2
30 63 1
15 32 2
20 34 2
26 42 2
7 35 2
7 77 1
18 56 2
25 38 2
14 65 2
16 47 2
7 56 2
2 47 2
14 23 2
5 31 2
2 39 2
14 30 2
28 65 2
26 49 2
12 15 2
30 32 2
21 45 2
10 76 2
27 35 2
3 75 2
8 40 2
13 31 2
30 67 2
29 66 1
18 55 1
12 35 2
26 36 2
9 31 2
34 40 2
18 40 2
0 1 2
27 43 2
37 42 2
7 47 2
12 49 2
38 57 1
13 73 2
8 11 2
25 27 2
45 54 2
44 58 1
0 10 2
17 43 2
12 18 2
4 28 2
25 74 2
9 10 2
14 50 2
1 40 2
17 30 2
29 74 2
35 59 2
34 53 2
19 34 2
11 23 2
5 26 2
2 37 2
17 26 2
14 19 2
23 37 2
41 52 2
14 43 2
4 10 2
9 39 2
19 75 2
10 11 2
7 24 2
11 60 2
1 72 2
4 74 2
23 38 2
4 16 2
27 47 2
5 22 2
11 41 2
7 22 2
10 18 2
16 37 2
36 44 2
1 28 2
20 25 2
17 47 2
5 36 2
45 46 2
15 43 2
42 44 2
28 46 2
38 72 2
5 28 2
23 70 2
24 30 2
37 54 1
4 24 2
34 72 1
15 71 2
40 47 2
8 75 2
43 63 2
0 6 2
23 67 2
11 15 2
19 45 2
4 9 2
4 34 2
4 36 2
40 44 2
29 33 2
14 21 2
19 42 2
3 21 2
5 35 2
18 27 2
14 70 1
11 69 2
37 38 2
2 36 2
20 31 2
6 23 2
13 63 2
27 65 1
8 17 2
11 16 2
20 39 2
9 79 1
26 39 2
38 39 2
17 38 2
20 42 2
6 18 2
27 42 2
38 55 1
6 17 2
28 47 2
19 57 1
35 77 2
16 21 2
22 48 2
3 66 2
5 17 2
9 23 2
2 7 2
8 22 2
4 46 2
6 63 2
16 27 2
8 24 2
4 15 2
7 28 2
13 18 2
20 77 2
1 7 2
26 76 2
39 59 1
16 42 2
31 37 2
31 64 2
13 34 2
8 56 1
31 40 2
3 54 1
16 64 2
23 77 2
3 42 2
31 43 2
19 44 2
2 22 2
3 24 2
32 74 2
28 44 2
5 39 2
19 22 2
12 16 2
15 44 2
24 44 2
41 48 1
12 28 2
36 67 1
31 35 2
6 19 2
13 56 2
16 24 2
15 45 2
30 36 2
16 23 2
31 42 2
13 14 2
14 29 2
4 23 2
1 25 2
34 68 2
43 48 2
5 44 2
1 4 2
21 31 2
2 34 2
19 38 2
2 3 2
3 31 2
21 26 2
28 70 1
3 47 2
2 40 2
46 73 1
9 12 2
7 23 2
10 39 2
0 31 2
31 56 2
14 41 2
45 65 2
38 49 2
32 33 2
24 59 1
0 29 2
40 58 1
1 67 2
10 14 2
8 42 2
40 42 2
36 65 1
35 71 2
0 49 2
21 24 2
12 27 2
29 44 2
47 53 2
22 54 2
8 54 2
47 56 2
4 47 2
14 33 2
0 42 2
7 69 2
36 45 2
23 40 2
22 43 2
8 35 2
25 60 2
34 46 2
1 45 2
5 34 2
20 35 2
3 9 2
0 39 2
16 36 2
0 15 2
14 15 2
27 36 2
30 47 2
27 34 2
8 15 2
22 74 2
27 44 2
39 78 2
27 51 2
42 78 2
41 67 2
27 64 2
7 29 2
21 61 2
13 20 2
2 54 2
11 22 2
16 28 2
10 23 2
7 8 2
34 50 2
45 66 1
5 6 2
11 72 2
3 16 2
8 38 2
20 40 2
28 54 1
24 46 2
14 37 2
18 47 2
4 43 2
19 40 2
15 22 2
45 73 2
39 51 2
32 41 2
28 33 2
13 46 2
14 63 1
1 13 2
15 46 2
15 38 2
16 18 2
18 52 1
32 47 2
24 36 2
12 37 2
42 58 2
7 12 2
10 34 2
12 21 2
1 69 1
13 28 2
0 18 2
41 60 2
9 61 2
40 45 2
28 74 2
26 28 2
36 46 2
3 18 2
3 10 2
23 44 2
18 23 2
24 65 2
14 16 2
41 45 2
16 25 2
18 31 2
6 22 2
10 43 2
44 47 2
32 45 2
25 39 2
12 59 1
2 46 2
15 36 2
10 16 2
18 61 2
11 20 2
2 72 1
44 64 2
18 45 2
36 40 2
26 29 2
4 14 2
39 52 2
3 13 2
18 66 2
4 35 2
22 45 2
2 45 2
27 67 2
16 31 2
4 5 2
14 39 2
15 29 2
6 29 2
40 60 1
25 47 2
9 38 2
20 65 2
36 59 2
11 55 1
2 59 2
7 10 2
24 41 2
9 25 2
7 20 2
30 42 2
10 40 2
22 44 2
10 38 2
39 44 2
4 18 2
38 45 2
39 68 1
2 77 2
21 28 2
22 23 2
19 43 2
9 76 2
30 38 2
1 71 1
17 21 2
18 39 2
36 39 2
2 42 2
34 59 1
17 27 2
17 36 2
8 34 2
11 78 2
7 11 2
18 67 2
4 45 2
5 20 2
27 55 2
25 67 2
4 25 2
15 35 2
5 13 2
17 28 2
2 70 1
12 22 2
6 16 2
2 17 2
22 69 2
17 59 1
34 43 2
21 30 2
27 60 2
34 48 2
7 42 2
2 43 2
2 9 2
21 40 2
12 39 2
14 24 2
13 19 2
4 42 2
8 21 2
6 41 2
1 66 1
26 63 1
3 11 2
16 17 2
27 56 2
35 58 2
4 69 1
7 59 2
47 69 2
1 47 2
11 44 2
19 30 2
2 5 2
11 32 2
8 14 2
25 45 2
13 21 2
3 61 1
10 25 2
8 29 2
14 46 2
10 19 2
7 21 2
10 52 1
5 18 2
29 43 2
36 51 2
8 28 2
13 52 2
21 33 2
7 27 2
38 46 2
8 36 2
8 25 2
6 67 2
38 41 2
3 32 2
6 42 2
47 57 2
16 19 2
25 28 2
30 34 2
14 66 2
9 74 2
2 12 2
6 21 2
16 32 2
39 40 2
29 42 2
1 61 1
20 62 2
9 35 2
45 47 2
4 22 2
3 36 2
25 34 2
6 15 2
1 22 2
10 30 2
1 43 2
42 51 1
31 61 2
3 22 2
0 5 2
9 11 2
38 67 2
37 74 2
15 19 2
12 77 2
11 49 2
4 20 2
30 35 2
20 46 2
26 37 2
21 51 2
18 36 2
8 41 2
29 40 2
20 70 2
32 34 2
22 38 2
9 46 2
15 67 1
40 48 1
41 50 1
14 78 2
0 30 2
40 75 1
36 42 2
15 73 2
21 69 2
23 31 2
22 34 2
39 57 1
4 51 1
25 37 2
31 44 2
15 30 2
23 33 2
22 29 2
5 79 1
36 69 1
41 42 2
12 53 1
29 51 2
28 37 2
16 33 2
7 31 2
32 65 2
23 35 2
41 66 1
42 43 2
13 30 2
29 31 2
17 25 2
2 32 2
19 41 2
29 69 1
2 67 1
8 39 2
5 21 2
1 11 2
9 36 2
11 71 1
27 31 2
20 29 2
5 49 1
9 24 2
46 59 2
7 13 2
44 75 2
15 24 2
24 66 2
46 51 2
16 79 1
2 8 2
13 15 2
19 32 2
35 44 2
44 60 2
28 35 2
11 42 2
23 39 2
37 45 2
0 22 2
25 41 2
20 21 2
41 54 2
30 60 2
13 60 2
29 35 2
1 53 2
25 42 2
33 37 2
41 57 1
28 41 2
15 28 2
19 36 2
12 44 2
8 31 2
5 8 2
10 13 2
7 41 2
33 45 2
29 30 2
0 66 2
29 47 2
44 46 2
16 39 2
11 46 2
0 16 2
12 70 1
24 34 2
19 61 1
26 47 2
44 69 2
0 23 2
7 33 2
22 42 2
28 61 2
20 33 2
4 11 2
4 65 2
46 48 2
11 25 2
11 17 2
40 62 1
16 55 2
24 33 2
5 29 2
34 47 2
37 48 1
2 79 2
11 43 2
11 38 2
15 39 2
30 40 2
8 50 2
5 40 2
19 49 1
21 47 2
35 50 2
1 12 2
22 75 2
0 4 2
9 27 2
17 71 2
34 62 1
10 45 2
9 22 2
1 42 2
21 27 2
40 49 2
33 65 1
2 15 2
2 20 2
1 9 2
2 62 2
26 44 2
16 71 2
20 47 2
32 38 2
29 36 2
24 27 2
19 33 2
36 38 2
17 19 2
8 30 2
1 8 2
4 40 2
30 37 2
12 54 1
9 14 2
35 36 2
23 28 2
3 46 2
0 7 2
25 40 2
42 45 2
1 35 2
27 68 2
26 33 2
26 35 2
15 34 2
35 42 2
7 58 2
26 62 2
24 29 2
22 39 2
14 26 2
33 46 2
2 26 2
6 38 2
31 66 1
6 47 2
12 50 2
19 20 2
11 21 2
28 58 1
22 72 2
33 44 2
26 32 2
18 38 2
42 73 2
3 28 2
43 46 2
27 52 2
20 64 2
23 46 2
15 21 2
28 45 2
0 54 2
11 29 2
9 17 2
11 47 2
19 25 2
1 37 2
35 41 2
23 53 2
3 60 2
19 47 2
12 33 2
21 41 2
32 37 2
6 40 2
37 43 2
1 18 2
10 78 2
1 16 2
40 66 2
28 39 2
1 20 2
10 75 2
18 30 2
26 77 2
6 20 2
29 61 2
30 33 2
40 53 2
31 74 2
13 23 2
31 52 2
36 56 2
18 34 2
24 39 2
7 26 2
0 73 2
3 41 2
23 79 2
5 12 2
12 26 2
23 24 2
12 19 2
10 35 2
40 68 2
4 17 2
5 71 2
9 21 2
37 44 2
13 37 2
15 17 2
43 70 1
8 27 2
31 47 2
22 28 2
3 35 2
5 30 2
24 45 2
11 45 2
7 39 2
32 63 1
12 45 2
36 37 2
40 73 2
24 37 2
22 60 1
2 30 2
22 30 2
6 75 1
37 62 2
8 71 1
14 17 2
8 20 2
23 26 2
15 33 2
24 74 1
17 62 2
15 40 2
24 42 2
15 57 1
33 75 2
23 30 2
35 45 2
1 19 2
20 79 2
11 34 2
20 43 2
33 57 2
17 35 2
9 43 2
1 23 2
21 39 2
4 12 2
19 31 2
18 19 2
39 47 2
0 37 2
17 20 2
2 35 2
6 33 2
0 3 2
27 46 2
11 30 2
35 40 2
10 22 2
11 12 2
22 67 1
25 30 2
3 30 2
24 32 2
20 32 2
23 43 2
24 73 1
38 60 1
36 53 2
41 72 2
19 35 2
6 79 2
6 10 2
36 41 2
43 69 1
46 79 1
2 31 2
17 24 2
40 43 2
16 34 2
32 60 2
19 51 1
1 10 2
10 29 2
14 18 2
0 44 2
3 27 2
27 39 2
3 8 2
44 45 2
8 16 2
23 32 2
3 53 1
41 59 1
12 63 1
7 60 2
8 32 2
11 19 2
29 37 2
14 20 2
35 54 1
24 26 2
14 49 1
25 26 2
41 47 2
3 39 2
8 79 2
2 10 2
29 38 2
0 26 2
33 43 2
14 44 2
18 65 2
0 19 2
11 73 2
12 32 2
15 41 2
9 65 2
4 38 2
18 70 2
9 20 2
33 62 2
17 51 1
6 32 2
33 51 2
13 74 2
27 41 2
0 34 2
4 33 2
8 53 2
5 41 2
3 43 2
28 36 2
2 4 2
14 25 2
10 47 2
5 23 2
16 46 2
9 28 2
30 31 2
0 47 2
10 50 1
39 43 2
45 63 1
1 34 2
2 41 2
7 44 2
15 18 2
0 71 2
22 37 2
20 26 2
31 33 2
2 38 2
30 44 2
13 38 2
10 36 2
32 46 2
13 24 2
5 7 2
19 23 2
6 8 2
0 32 2
42 70 2
9 51 2
37 79 2
0 27 2
0 8 2
11 13 2
1 29 2
4 60 2
23 25 2
33 36 2
23 42 2
13 40 2
27 37 2
22 31 2
30 77 2
11 14 2
3 14 2
4 75 2
5 37 2
29 41 2
40 69 1
1 30 2
26 27 2
13 27 2
10 55 2
16 43 2
40 41 2
18 21 2
8 69 2
22 35 2
16 62 1
1 17 2
1 65 1
21 35 2
11 36 2
31 46 2
20 36 2
6 9 2
11 18 2
20 68 2
0 28 2
16 22 2
2 16 2
21 68 1
22 65 2
5 69 2
17 41 2
12 47 2
18 22 2
9 57 2
41 46 2
12 36 2
32 42 2
16 38 2
34 73 2
1 3 2
33 39 2
26 68 1
9 29 2
46 47 2
11 40 2
4 32 2
39 70 2
20 24 2
17 74 1
7 43 2
21 46 2
11 35 2
32 44 2
2 28 2
22 40 2
29 34 2
6 31 2
18 41 2
17 53 1
39 66 2
17 34 2
29 76 1
5 45 2
3 19 2
14 45 2
0 12 2
23 48 2
17 18 2
17 72 1
10 15 2
30 46 2
18 42 2
17 60 2
0 24 2
18 25 2
23 57 1
5 24 2
39 64 2
26 30 2
12 52 2
20 44 2
1 38 2
4 44 2
19 46 2
2 68 2
24 47 2
19 39 2
7 25 2
13 47 2
33 48 1
23 73 2
1 33 2
17 39 2
16 30 2
32 43 2
27 29 2
13 25 2
38 43 2
35 64 2
47 55 2
13 33 2
21 29 2
5 43 2
34 39 2
16 41 2
2 44 2
28 71 1
5 70 2
20 38 2
32 40 2
10 59 2
46 72 2
34 44 2
5 15 2
15 20 2
3 33 2
20 23 2
31 51 1
0 38 2
22 24 2
15 74 2
16 35 2
19 37 2
1 74 2
28 43 2
11 61 2
17 31 2
4 21 2
32 50 2
32 39 2
3 25 2
25 46 2
22 27 2
46 78 2
24 35 2
9 13 2
17 32 2
23 27 2
34 45 2
1 46 2
26 69 2
18 46 2
26 64 2
4 29 2
3 15 2
6 28 2
14 47 2
9 41 2
12 42 2
21 58 1
18 32 2
33 41 2
3 29 2
24 61 1
38 42 2
47 61 2
10 33 2
2 74 2
39 74 2
21 36 2
27 30 2
35 49 2
0 45 2
0 74 2
31 73 2
42 46 2
18 28 2
8 26 2
34 63 2
33 61 2
1 31 2
23 41 2
11 74 2
8 61 2
14 32 2
33 42 2
41 77 2
19 24 2
13 48 2
38 78 1
7 46 2
16 77 1
9 19 2
0 25 2
7 18 2
5 59 2
34 78 1
16 40 2
20 59 1
6 43 2
25 53 2
29 39 2
38 47 2
35 43 2
11 28 2
22 41 2
4 76 2
20 41 2
41 74 2
7 37 2
27 70 2
12 24 2
10 12 2
21 77 2
4 50 2
5 52 2
1 15 2
35 39 2
14 61 1
22 46 2
5 42 2
3 12 2
6 34 2
14 36 2
18 44 2
18 35 2
2 6 2
13 43 2
28 63 1
27 45 2
20 45 2
7 75 1
15 37 2
13 35 2
21 32 2
26 45 2
12 34 2
19 28 2
35 46 2
46 60 2
9 45 2
10 56 2
15 25 2
23 65 1
1 27 2
34 67 2
5 10 2
3 67 1
26 61 1
25 43 2
3 17 2
1 2 2
17 48 1
4 30 2
12 69 2
12 40 2
8 33 2
30 39 2
3 5 2
0 41 2
43 52 2
3 40 2
25 62 2
25 31 2
12 25 2
3 45 2
11 37 2
29 71 2
7 15 2
32 35 2
40 46 2
0 33 2
46 49 1
34 38 2
2 53 2
45 77 2
16 50 2
11 31 2
5 19 2
4 26 2
15 54 2
39 46 2
8 70 2
37 39 2
35 76 2
21 22 2
5 32 2
37 47 2
39 61 2
24 72 2
39 73 2
3 38 2
12 31 2
25 29 2
19 27 2
28 38 2
6 44 2
10 41 2
24 40 2
0 14 2
31 67 2
34 42 2
31 38 2
46 70 1
14 42 2
19 77 2
26 71 2
43 55 1
6 45 2
18 33 2
30 78 1
0 79 2
7 38 2
6 57 2
37 55 2
27 49 2
26 55 1
25 33 2
15 65 1
3 23 2
14 28 2
24 28 2
15 79 2
38 44 2
4 61 1
31 50 1
18 20 2
0 9 2
9 47 2
19 78 1
1 32 2
13 41 2
33 34 2
2 29 2
12 20 2
9 77 1
15 16 2
2 21 2
29 46 2
28 72 2
31 41 2
9 60 2
17 44 2
12 43 2
13 22 2
33 38 2
9 75 2
1 5 2
10 46 2
21 25 2
46 53 2
13 29 2
30 49 1
37 77 2
24 38 2
40 59 1
11 48 2
7 64 2
30 54 2
21 34 2
28 42 2
28 34 2
21 42 2
7 16 2
7 9 2
38 40 2
20 37 2
21 71 2
45 55 2
15 62 2
8 23 2
5 61 1
21 44 2
12 66 2
10 66 2
5 27 1
13 54 2
6 13 1
46 63 2
37 41 1
25 32 1
17 22 1
43 58 1
0 21 1
