% n=20 p=60 d=0.33 p_blue=0.33
% k=0
4 9 2
3 6 2
0 5 2
8 9 2
6 11 2
6 9 2
8 10 2
4 7 2
0 11 2
5 13 1
7 15 1
4 5 2
2 11 2
2 13 2
11 16 1
9 10 2
2 9 2
6 10 2
9 16 2
1 9 2
2 6 2
10 18 1
3 4 2
2 15 2
3 10 2
8 13 1
2 7 2
6 18 1
5 11 2
9 13 2
4 17 1
2 16 1
3 13 2
9 14 2
1 18 1
6 14 1
0 13 2
5 6 2
6 19 1
2 18 1
5 12 1
6 7 2
0 9 2
1 17 2
4 19 1
9 18 2
7 14 1
1 12 1
7 10 2
10 11 2
0 8 2
2 8 2
0 18 1
1 4 1
7 19 1
0 2 1
1 19 2
8 15 1
11 19 1
9 19 2
4 10 1
3 7 1
5 15 2
6 15 2
3 9 1
8 19 1
3 5 1
8 11 1
7 8 1
4 15 1
10 15 1
3 8 1
4 8 2
5 19 1
16 19 2
4 16 2
0 10 2
0 3 1
15 19 1
9 15 2
6 16 1
1 7 2
3 15 1
2 3 1
4 6 2
7 11 2
7 16 2
1 10 1
2 5 1
0 4 1
2 19 2
5 10 2
3 11 1
1 8 1
