% n=130 p=60 d=0.33 p_blue=0.66
% k=0
32 57 2
8 51 2
62 72 2
72 88 2
46 73 2
17 51 2
44 94 1
14 124 2
15 71 2
12 35 2
53 74 2
60 67 2
32 55 2
26 79 2
27 28 2
24 28 2
34 74 2
25 76 2
42 75 2
38 39 2
47 125 2
3 54 2
65 119 2
66 121 2
19 40 2
31 118 2
29 34 2
11 57 2
9 52 2
60 127 1
46 70 2
21 45 2
22 59 2
26 101 1
40 81 2
17 30 2
70 127 2
31 60 2
25 36 2
29 67 2
52 61 2
43 57 2
52 89 2
17 70 2
18 48 2
57 66 2
38 92 2
4 16 2
36 99 2
4 104 2
0 54 2
71 106 2
34 72 2
8 31 2
7 118 2
61 65 2
19 112 2
23 101 2
52 64 2
2 15 2
46 57 2
59 110 2
52 55 2
27 64 2
63 79 2
40 113 2
9 75 2
15 93 1
35 56 2
38 73 2
14 48 2
2 60 2
32 65 2
5 57 2
74 123 2
62 77 2
9 106 2
2 35 2
19 46 2
30 36 2
38 46 2
7 40 2
42 56 2
10 56 2
31 41 2
24 62 2
36 65 2
9 11 2
18 52 2
1 14 2
12 128 2
33 64 2
14 63 2
25 29 2
16 37 2
20 55 2
12 29 2
24 118 2
47 68 2
55 62 2
45 56 2
24 100 2
1 72 2
59 72 2
41 112 1
1 80 2
34 41 2
71 75 2
11 58 2
28 58 2
15 48 2
12 21 2
27 59 2
55 127 1
49 87 2
20 45 2
36 40 2
55 103 1
24 45 2
55 71 2
31 40 2
15 55 2
56 129 1
10 50 2
0 81 2
0 2 2
53 73 2
51 97 1
28 37 2
71 97 1
11 26 2
69 84 2
17 28 2
31 77 2
51 66 2
9 59 2
52 102 1
38 85 2
13 38 2
6 41 2
48 57 2
32 72 2
7 96 1
31 67 2
12 52 2
63 78 2
28 30 2
26 57 2
43 77 2
11 107 1
14 39 2
22 76 2
36 115 1
50 66 2
28 95 2
35 78 2
22 45 2
65 125 2
65 77 2
22 71 2
8 28 2
12 31 2
55 61 2
6 125 2
71 77 2
48 56 2
49 118 2
33 41 2
46 89 2
14 86 1
45 53 2
22 33 2
19 53 2
5 61 2
35 94 1
3 57 2
29 39 2
27 55 2
18 86 2
58 65 2
21 42 2
0 88 2
26 44 2
12 38 2
33 68 2
21 29 2
13 73 2
42 125 2
74 101 2
72 118 2
46 99 2
47 67 2
10 81 2
55 68 2
24 47 2
20 35 2
0 74 2
69 111 1
71 126 2
33 38 2
14 35 2
33 104 2
60 72 2
51 127 2
44 92 2
20 33 2
11 101 2
44 57 2
76 99 2
13 36 2
71 73 2
7 10 2
12 99 1
15 54 2
37 113 1
54 121 2
51 73 2
5 56 2
22 65 2
7 49 2
15 59 2
43 91 2
38 86 1
14 85 2
8 55 2
7 23 2
36 127 2
71 99 1
67 69 2
67 96 2
15 64 2
71 83 2
27 60 2
15 109 1
48 63 2
42 87 2
46 77 2
40 43 2
27 43 2
14 92 1
32 39 2
29 129 1
28 123 2
12 97 1
72 104 1
11 61 2
44 93 2
44 117 2
25 42 2
6 13 2
63 71 2
23 64 2
7 37 2
61 83 2
15 115 2
35 87 2
70 103 1
14 23 2
0 12 2
22 112 1
21 111 2
46 109 2
10 122 2
2 52 2
36 53 2
59 69 2
34 68 2
4 35 2
29 50 2
3 68 2
36 63 2
43 49 2
18 25 2
20 53 2
8 66 2
8 120 2
44 72 2
39 96 1
0 72 2
3 58 2
53 104 1
13 39 2
18 73 2
21 49 2
59 74 2
21 35 2
37 109 1
27 31 2
77 78 2
55 72 2
19 30 2
37 38 2
27 66 2
21 32 2
32 76 2
23 37 2
48 51 2
44 98 1
77 95 2
20 30 2
16 34 2
40 93 2
1 26 2
33 71 2
16 73 2
22 36 2
2 4 2
19 47 2
28 49 2
50 129 2
30 73 2
1 15 2
23 49 2
71 121 1
31 127 2
31 112 2
59 61 2
32 68 2
10 41 2
29 37 2
8 77 2
3 11 2
61 119 2
45 61 2
6 71 2
28 41 2
21 79 2
18 51 2
40 49 2
24 78 2
46 68 2
14 24 2
37 67 2
18 27 2
47 55 2
33 35 2
54 65 2
6 77 2
10 12 2
26 38 2
48 90 2
1 39 2
15 29 2
41 65 2
48 73 2
4 60 2
7 51 2
25 51 2
12 63 2
32 59 2
39 45 2
19 68 2
31 65 2
30 57 2
12 47 2
2 41 2
16 56 2
0 35 2
19 38 2
3 65 2
53 121 2
3 72 2
9 71 2
44 71 2
34 54 2
16 55 2
2 14 2
53 64 2
67 70 2
49 59 2
4 54 2
23 90 2
16 47 2
17 120 2
74 107 2
71 84 1
30 110 2
17 23 2
34 49 2
12 20 2
4 17 2
69 90 2
9 96 2
11 50 2
12 76 2
50 119 2
35 83 2
0 71 2
25 109 1
3 34 2
64 77 2
19 50 2
43 46 2
24 73 2
43 122 1
48 74 2
38 126 2
54 56 2
13 74 2
10 67 2
32 109 2
48 82 1
5 94 2
34 66 2
42 49 2
22 30 2
39 69 2
45 52 2
40 69 2
20 59 2
23 57 2
46 48 2
23 30 2
22 67 2
30 51 2
9 100 1
16 19 2
37 42 2
42 72 2
22 86 2
10 24 2
18 28 2
29 35 2
25 69 2
32 53 2
3 23 2
52 106 1
51 64 2
31 35 2
29 53 2
7 78 2
0 41 2
18 30 2
9 15 2
10 37 2
10 33 2
56 99 2
11 24 2
72 117 1
18 107 1
1 68 2
21 28 2
22 52 2
61 93 2
36 43 2
22 50 2
31 37 2
21 89 2
10 18 2
19 22 2
16 83 2
30 75 2
2 70 2
24 56 2
46 67 2
9 70 2
60 99 2
34 108 1
11 70 2
48 54 2
18 41 2
31 55 2
30 38 2
23 79 2
1 17 2
1 20 2
14 27 2
34 48 2
2 116 2
8 50 2
12 64 2
16 20 2
48 94 2
39 48 2
33 73 2
54 113 2
77 119 1
17 97 2
37 72 2
56 64 2
41 56 2
17 29 2
22 75 2
17 103 2
62 78 2
58 63 2
36 64 2
28 99 1
20 124 2
48 60 2
41 72 2
23 99 1
37 64 2
8 47 2
23 25 2
41 55 2
24 109 2
42 70 2
65 83 2
64 116 2
15 43 2
31 89 2
52 75 2
11 42 2
31 62 2
21 56 2
12 112 1
11 25 2
39 65 2
30 45 2
11 19 2
56 63 2
46 85 2
17 27 2
13 68 2
43 51 2
40 101 2
36 54 2
31 70 2
8 101 2
51 54 2
18 36 2
49 74 2
58 100 1
25 77 2
17 21 2
3 41 2
48 76 2
34 69 2
61 68 2
57 114 2
60 69 2
48 68 2
19 45 2
29 72 2
13 67 2
40 73 2
6 43 2
32 50 2
47 105 2
43 123 1
9 53 2
8 17 2
22 73 2
16 30 2
75 81 2
36 47 2
35 64 2
27 39 2
2 25 2
7 44 2
10 34 2
7 59 2
29 45 2
45 127 2
26 74 2
30 66 2
13 96 2
21 76 2
51 114 2
45 76 2
28 40 2
25 84 2
40 41 2
23 52 2
4 76 2
14 26 2
1 34 2
11 90 2
23 62 2
23 34 2
52 73 2
16 45 2
43 67 2
77 105 2
51 63 2
27 30 2
18 55 2
38 128 2
60 66 2
44 128 2
1 12 2
33 42 2
48 49 2
64 94 2
52 114 2
34 80 2
23 26 2
20 47 2
25 67 2
27 67 2
25 70 2
39 72 2
15 37 2
71 100 2
75 76 2
55 76 2
47 113 2
27 29 2
58 76 2
2 31 2
34 110 1
0 26 2
6 70 2
53 62 2
24 85 2
38 118 2
27 128 1
26 76 2
38 42 2
64 85 2
7 63 2
7 74 2
43 45 2
41 61 2
18 38 2
5 18 2
41 60 2
0 7 2
40 114 1
43 100 2
19 84 2
56 112 2
65 94 2
34 51 2
4 51 2
24 57 2
20 27 2
34 38 2
6 8 2
13 19 2
29 38 2
70 112 1
70 74 2
3 16 2
14 37 2
16 61 2
20 39 2
31 116 2
4 13 2
27 52 2
57 125 1
11 14 2
11 18 2
44 122 1
14 31 2
47 51 2
49 100 1
42 44 2
18 116 2
19 31 2
8 9 2
44 62 2
33 50 2
18 44 2
33 76 2
57 71 2
40 100 2
12 30 2
25 60 2
68 116 1
58 68 2
52 74 2
23 60 2
31 96 1
8 73 2
74 84 2
20 57 2
18 46 2
33 59 2
9 48 2
31 52 2
16 77 2
13 37 2
67 72 2
9 56 2
35 76 2
54 68 2
11 15 2
3 56 2
40 85 2
58 73 2
21 116 2
21 40 2
22 28 2
20 36 2
61 72 2
12 55 2
11 56 2
28 60 2
4 109 2
39 49 2
6 31 2
19 25 2
54 66 2
59 70 2
46 51 2
2 40 2
6 48 2
3 51 2
7 9 2
14 70 2
17 123 2
5 44 2
9 73 2
15 85 2
28 43 2
70 73 2
40 63 2
15 67 2
12 53 2
37 45 2
8 67 2
9 93 2
32 40 2
32 37 2
26 45 2
1 21 2
35 114 2
6 16 2
14 46 2
5 26 2
2 38 2
65 87 2
12 26 2
20 48 2
22 95 2
64 124 1
15 27 2
18 63 2
18 99 2
25 54 2
44 84 2
13 122 2
45 57 2
19 35 2
35 63 2
32 103 2
4 61 2
29 66 2
75 90 2
2 76 2
43 112 2
49 61 2
16 33 2
12 56 2
76 109 1
5 122 2
56 75 2
2 125 1
34 43 2
3 26 2
43 81 2
63 67 2
23 76 2
65 90 2
14 42 2
6 20 2
0 58 2
34 115 2
30 39 2
0 55 2
73 86 2
38 64 2
48 93 1
50 59 2
28 61 2
24 71 2
4 40 2
36 74 2
33 56 2
43 129 1
69 73 2
44 75 2
39 44 2
23 45 2
31 80 2
28 48 2
37 128 2
9 13 2
28 35 2
25 45 2
26 69 2
13 47 2
8 56 2
29 32 2
55 91 1
76 118 2
26 40 2
9 67 2
40 70 2
47 76 2
32 119 2
23 36 2
12 22 2
7 62 2
7 13 2
16 121 1
60 105 2
17 50 2
74 118 2
22 58 2
1 76 2
55 83 2
16 100 2
43 62 2
38 66 2
60 92 2
30 63 2
12 81 2
9 44 2
4 38 2
42 115 2
16 64 2
57 119 2
1 11 2
8 33 2
55 60 2
32 126 1
1 83 2
70 81 2
20 110 1
40 42 2
21 31 2
42 50 2
37 60 2
16 79 2
19 65 2
39 74 2
3 17 2
9 115 1
46 74 2
0 116 1
13 18 2
19 105 2
0 68 2
57 78 1
54 98 1
71 101 2
0 38 2
21 72 2
1 52 2
7 103 2
11 71 2
1 38 2
11 129 2
17 100 1
9 22 2
13 65 2
14 111 2
2 102 1
3 96 2
23 53 2
41 114 2
22 32 2
2 89 1
10 75 2
75 77 2
18 97 2
49 69 2
32 71 2
6 33 2
21 101 2
23 126 2
21 41 2
10 111 1
52 110 1
24 25 2
55 108 2
64 125 2
10 126 1
25 46 2
71 116 1
0 108 2
47 57 2
63 119 2
51 102 2
31 79 2
61 69 2
66 79 1
12 19 2
40 56 2
47 127 1
1 49 2
40 62 2
48 59 2
19 57 2
17 74 2
55 88 2
0 46 2
14 30 2
10 57 2
9 23 2
4 83 1
63 115 2
4 108 2
1 36 2
29 128 2
50 123 1
0 60 2
3 52 2
43 76 2
5 62 2
64 73 2
34 42 2
16 76 2
14 28 2
6 38 2
16 68 2
4 41 2
5 41 2
52 68 2
1 2 2
56 120 2
18 32 2
56 93 1
63 69 2
36 75 2
19 52 2
6 51 2
53 67 2
9 109 1
8 27 2
18 42 2
17 63 2
64 65 2
17 64 2
28 75 2
53 107 2
43 59 2
21 30 2
75 113 2
0 51 2
17 26 2
59 62 2
22 124 1
30 54 2
63 64 2
28 62 2
77 129 2
7 60 2
30 46 2
19 61 2
58 74 2
23 120 2
13 14 2
13 71 2
40 95 2
10 88 2
50 93 2
27 42 2
27 63 2
69 120 1
32 41 2
6 65 2
9 17 2
23 43 2
8 24 2
12 24 2
22 49 2
7 98 2
22 87 2
31 72 2
4 77 2
77 93 1
4 49 2
15 87 1
74 75 2
4 39 2
26 77 2
22 88 2
2 53 2
17 24 2
47 119 2
4 6 2
19 71 2
33 92 1
24 77 2
54 78 2
47 80 2
27 122 2
14 43 2
71 127 1
36 71 2
33 66 2
6 32 2
41 102 2
0 9 2
37 39 2
22 38 2
11 68 2
2 28 2
11 118 2
15 92 2
12 62 2
3 79 2
36 70 2
24 66 2
49 107 2
6 49 2
50 53 2
2 37 2
12 109 1
7 41 2
30 127 1
39 119 2
14 33 2
50 69 2
27 34 2
68 110 2
7 71 2
46 100 1
24 69 2
30 96 1
69 83 1
68 123 2
10 97 2
7 14 2
23 66 2
17 55 2
11 81 2
2 122 2
7 80 2
8 59 2
31 69 2
4 67 2
42 63 2
70 78 1
29 41 2
26 31 2
60 126 1
38 80 2
59 67 2
66 110 2
34 35 2
31 90 1
14 20 2
65 71 2
50 71 2
3 8 2
13 69 2
24 70 2
73 126 2
25 71 2
66 73 2
32 94 2
15 111 1
11 39 2
5 7 2
27 40 2
19 49 2
6 14 2
16 62 2
64 68 2
60 117 1
42 53 2
22 40 2
25 94 2
14 78 2
27 75 2
15 50 2
26 30 2
2 128 1
26 33 2
59 108 2
32 34 2
29 76 2
9 24 2
30 55 2
20 61 2
50 109 2
18 35 2
41 69 2
46 81 2
42 60 2
50 101 2
55 70 2
7 55 2
1 25 2
54 107 1
3 29 2
36 106 1
18 21 2
10 35 2
59 113 1
24 63 2
51 101 2
0 14 2
27 48 2
4 53 2
2 34 2
4 62 2
50 68 2
7 95 2
10 128 2
1 90 1
16 35 2
68 83 2
20 63 2
17 36 2
66 68 2
18 77 2
69 92 2
5 48 2
50 81 2
18 70 2
14 66 2
17 46 2
51 113 2
35 48 2
44 49 2
48 65 2
17 125 1
28 31 2
14 99 2
10 102 2
39 51 2
22 82 2
0 31 2
16 29 2
13 40 2
42 111 2
59 66 2
5 125 1
10 69 2
10 62 2
16 128 1
51 58 2
46 72 2
34 46 2
30 113 2
71 118 1
19 26 2
46 59 2
19 73 2
20 58 2
14 64 2
19 60 2
72 90 1
13 49 2
35 46 2
74 76 2
1 27 2
14 38 2
35 39 2
36 67 2
34 44 2
45 65 2
35 65 2
12 123 2
69 70 2
57 75 2
57 110 1
62 96 1
45 55 2
26 27 2
43 80 1
17 35 2
71 76 2
9 69 2
15 77 2
51 69 2
19 23 2
54 67 2
0 17 2
38 44 2
22 53 2
63 106 2
61 111 2
31 61 2
7 20 2
45 66 2
63 122 1
25 57 2
34 63 2
11 95 2
53 83 1
15 26 2
3 31 2
27 91 2
47 101 2
73 113 2
13 76 2
0 39 2
4 20 2
0 34 2
42 86 1
73 89 2
31 34 2
21 80 1
23 39 2
28 71 2
21 61 2
76 121 1
44 64 2
71 119 2
70 72 2
36 73 2
2 68 2
37 76 2
36 110 2
24 74 2
37 78 1
28 56 2
51 119 2
1 35 2
47 110 2
44 70 2
30 53 2
16 69 2
62 64 2
24 60 2
28 82 2
7 30 2
31 75 2
64 129 2
13 33 2
18 23 2
60 79 2
5 73 2
6 55 2
37 44 2
39 42 2
7 53 2
49 120 2
30 105 2
0 33 2
55 96 2
54 108 1
20 44 2
11 29 2
45 92 1
23 38 2
25 66 2
39 40 2
47 74 2
46 60 2
52 59 2
62 74 2
59 64 2
31 98 2
22 68 2
15 61 2
55 85 2
39 67 2
15 19 2
63 75 2
44 47 2
8 29 2
27 36 2
42 71 2
1 74 2
0 52 2
7 25 2
61 126 2
28 83 1
56 121 1
23 69 2
35 69 2
77 103 2
73 78 1
72 99 2
58 71 2
22 34 2
22 39 2
13 61 2
25 41 2
0 119 2
11 38 2
15 18 2
3 37 2
5 19 2
53 108 2
33 124 1
62 68 2
20 72 2
26 53 2
12 51 2
37 53 2
63 102 2
37 111 2
36 96 1
64 90 2
18 103 2
12 70 2
2 3 2
59 68 2
77 116 2
17 71 2
32 46 2
28 38 2
3 15 2
53 60 2
7 76 2
24 91 1
10 28 2
43 102 2
3 64 2
14 56 2
6 27 2
2 54 2
25 33 2
56 88 2
34 76 2
10 36 2
9 82 2
58 118 1
71 96 2
16 70 2
18 56 2
9 60 2
9 86 2
43 116 2
13 46 2
76 123 2
30 76 2
33 37 2
18 20 2
27 47 2
29 80 2
58 66 2
14 72 2
44 73 2
45 64 2
18 26 2
33 123 2
5 43 2
12 54 2
29 82 2
1 9 2
0 22 2
4 34 2
52 58 2
19 109 2
55 66 2
39 105 2
0 75 2
48 106 2
6 108 1
10 60 2
49 70 2
4 129 2
7 57 2
39 41 2
62 112 1
48 86 2
2 72 2
26 49 2
0 5 2
2 44 2
15 83 1
10 66 2
3 118 2
6 86 2
60 118 2
11 127 1
34 52 2
7 112 2
19 67 2
30 33 2
1 101 2
28 70 2
17 58 2
7 48 2
32 38 2
27 124 2
48 77 2
2 33 2
36 107 2
67 75 2
33 40 2
55 59 2
51 78 2
32 101 1
0 48 2
27 70 2
20 29 2
24 49 2
53 68 2
6 37 2
3 6 2
48 75 2
44 100 2
0 49 2
1 6 2
9 49 2
12 65 2
60 73 2
10 77 2
5 91 1
17 105 2
21 78 1
8 122 1
50 90 2
76 126 1
19 103 1
40 120 2
30 104 1
17 75 2
70 117 2
4 31 2
73 82 2
38 55 2
4 59 2
15 80 2
14 110 2
12 60 2
19 37 2
14 73 2
42 77 2
41 103 2
55 111 2
24 33 2
41 52 2
21 47 2
66 125 2
34 58 2
50 89 2
30 68 2
38 63 2
10 42 2
0 66 2
70 84 2
42 107 1
11 94 1
40 89 2
15 40 2
8 23 2
38 65 2
42 74 2
5 83 2
6 112 2
65 69 2
13 50 2
3 4 2
45 60 2
28 108 2
25 61 2
35 57 2
57 127 2
35 41 2
68 77 2
25 68 2
21 118 2
21 53 2
2 23 2
3 76 2
38 124 2
73 87 2
25 100 2
14 109 1
1 33 2
52 69 2
56 74 2
16 40 2
50 67 2
54 63 2
0 95 2
24 30 2
10 47 2
51 60 2
15 22 2
67 121 1
21 55 2
45 71 2
29 101 2
34 40 2
74 78 2
2 27 2
47 56 2
31 48 2
20 66 2
4 45 2
18 47 2
70 123 2
59 73 2
50 55 2
1 48 2
33 121 1
24 32 2
36 77 2
37 73 2
20 67 2
0 77 2
46 54 2
0 45 2
36 109 2
56 70 2
24 52 2
30 97 2
9 54 2
10 13 2
21 48 2
45 69 2
18 69 2
37 97 2
18 127 2
18 121 1
21 39 2
25 32 2
30 115 1
3 13 2
69 127 2
14 65 2
47 52 2
47 70 2
51 55 2
24 55 2
46 76 2
50 114 1
31 38 2
42 64 2
1 44 2
15 33 2
23 82 1
0 99 1
56 61 2
32 125 2
17 53 2
12 13 2
66 120 2
20 51 2
24 99 2
70 98 2
12 98 2
25 62 2
6 56 2
1 23 2
8 70 2
50 76 2
41 107 1
9 30 2
18 64 2
5 10 2
29 54 2
36 58 2
14 61 2
8 41 2
17 42 2
70 76 2
34 90 2
2 8 2
7 38 2
35 102 2
24 40 2
73 83 2
46 50 2
45 123 2
3 12 2
9 37 2
3 7 2
30 117 2
1 111 2
29 70 2
38 67 2
15 62 2
11 66 2
13 24 2
9 35 2
10 17 2
28 53 2
42 57 2
8 69 2
12 77 2
49 57 2
51 68 2
23 68 2
26 73 2
29 71 2
54 116 1
5 31 2
7 50 2
61 71 2
11 115 1
5 17 2
31 58 2
34 75 2
6 68 2
35 47 2
25 95 1
7 52 2
35 118 1
0 47 2
45 113 2
54 125 1
2 24 2
26 115 2
24 119 2
10 68 2
60 95 2
40 52 2
18 72 2
37 59 2
30 81 1
23 44 2
68 78 2
66 86 2
36 123 1
56 96 1
6 78 1
30 43 2
21 54 2
45 99 2
42 52 2
9 77 2
41 49 2
15 60 2
44 53 2
39 57 2
9 19 2
59 60 2
74 95 1
17 99 2
43 64 2
61 77 2
12 16 2
0 32 2
30 44 2
1 13 2
8 71 2
18 24 2
22 44 2
6 115 1
41 70 2
7 64 2
53 80 2
54 60 2
8 18 2
65 70 2
42 85 2
1 3 2
77 89 2
15 57 2
0 104 2
6 84 2
23 48 2
46 49 2
14 32 2
39 46 2
72 113 1
33 49 2
46 127 2
51 90 1
6 22 2
5 126 2
3 14 2
16 93 2
36 60 2
6 39 2
16 54 2
12 18 2
35 122 2
42 59 2
50 73 2
35 67 2
0 40 2
6 57 2
38 72 2
74 87 2
49 64 2
30 69 2
58 107 1
3 42 2
45 51 2
0 90 2
51 123 2
36 52 2
77 99 2
4 69 2
9 34 2
21 24 2
19 93 1
43 94 1
60 65 2
47 106 2
53 56 2
18 59 2
20 40 2
68 71 2
19 79 2
25 31 2
21 27 2
13 16 2
40 87 2
42 68 2
41 68 2
11 33 2
15 112 2
3 36 2
0 21 2
18 62 2
25 58 2
15 45 2
34 56 2
35 71 2
63 68 2
22 25 2
11 44 2
66 82 1
2 63 2
3 21 2
55 78 2
32 60 2
31 129 2
5 30 2
28 76 2
26 51 2
18 61 2
53 106 2
67 76 2
47 50 2
3 46 2
62 92 1
5 25 2
11 20 2
0 4 2
50 100 2
43 97 2
52 60 2
4 8 2
31 44 2
29 44 2
46 120 1
1 29 2
6 64 2
65 73 2
24 35 2
1 64 2
49 50 2
29 33 2
6 47 2
28 45 2
1 108 1
29 118 1
29 58 2
0 28 2
7 16 2
36 113 1
17 34 2
56 58 2
27 57 2
65 78 2
19 64 2
60 61 2
2 47 2
23 55 2
57 117 1
30 60 2
22 56 2
62 127 1
72 122 2
66 72 2
6 61 2
33 75 2
22 72 2
38 53 2
16 72 2
34 39 2
15 106 1
10 31 2
6 7 2
5 38 2
48 69 2
8 74 2
0 65 2
40 65 2
38 41 2
56 98 2
5 75 2
48 81 2
73 99 1
19 62 2
18 91 1
13 57 2
10 127 2
58 77 2
36 50 2
30 90 1
0 44 2
16 75 2
69 128 1
62 66 2
22 35 2
19 88 1
35 61 2
68 75 2
14 71 2
59 71 2
53 76 2
25 73 2
39 77 2
35 112 2
55 75 2
16 22 2
24 53 2
23 27 2
12 42 2
13 29 2
75 88 1
10 44 2
61 105 2
32 51 2
3 71 2
56 65 2
5 35 2
29 60 2
2 97 1
40 88 2
17 20 2
0 13 2
21 73 2
0 20 2
8 63 2
21 63 2
11 77 2
6 72 2
34 89 2
1 59 2
67 118 2
58 95 2
5 53 2
65 76 2
51 71 2
41 43 2
32 64 2
63 70 2
3 48 2
0 62 2
45 49 2
46 65 2
60 123 2
20 49 2
61 73 2
26 64 2
33 65 2
70 85 1
52 85 1
36 80 2
17 40 2
29 75 2
77 121 2
27 37 2
20 54 2
54 102 1
32 80 1
69 77 2
3 9 2
14 106 1
19 33 2
58 62 2
63 73 2
11 32 2
36 112 2
58 60 2
39 53 2
7 94 2
60 115 2
64 67 2
35 62 2
77 97 2
20 21 2
49 66 2
4 9 2
13 63 2
27 102 2
12 41 2
27 35 2
17 69 2
2 12 2
8 53 2
11 62 2
51 70 2
13 75 2
30 94 2
42 62 2
60 87 2
68 109 2
69 74 2
1 117 2
28 114 2
44 61 2
7 56 2
20 106 2
45 58 2
34 65 2
14 108 1
44 51 2
22 69 2
11 63 2
9 89 2
16 24 2
39 54 2
21 57 2
5 69 2
13 20 2
27 41 2
7 35 2
49 73 2
10 19 2
31 56 2
4 74 2
28 55 2
42 58 2
25 59 2
9 33 2
19 87 1
8 49 2
41 46 2
20 37 2
63 72 2
39 52 2
68 122 2
14 19 2
46 55 2
60 77 2
55 57 2
43 60 2
18 34 2
38 90 2
28 118 1
57 72 2
9 46 2
31 32 2
35 42 2
15 99 2
6 10 2
44 58 2
54 95 2
71 72 2
11 69 2
16 43 2
17 73 2
46 64 2
20 74 2
51 76 2
23 63 2
55 73 2
5 77 2
18 53 2
9 29 2
31 81 2
47 49 2
19 115 2
45 87 2
64 72 2
6 62 2
22 51 2
8 107 2
21 65 2
19 44 2
37 103 2
0 11 2
55 67 2
47 64 2
1 56 2
23 33 2
42 83 1
4 81 2
31 51 2
27 49 2
75 116 1
54 110 1
8 21 2
6 24 2
13 21 2
6 19 2
10 11 2
7 39 2
31 85 2
64 109 2
5 39 2
73 106 2
1 60 2
15 34 2
41 45 2
34 70 2
28 66 2
12 32 2
16 88 2
35 73 2
8 65 2
29 43 2
3 90 1
56 71 2
60 76 2
15 53 2
76 106 2
32 99 2
64 117 1
65 100 1
37 96 2
50 70 2
54 103 1
14 54 2
9 61 2
56 83 2
16 18 2
65 114 2
25 119 1
1 57 2
27 65 2
73 110 2
30 61 2
74 89 2
1 43 2
28 63 2
39 126 2
23 103 1
19 51 2
10 45 2
4 47 2
69 75 2
40 66 2
42 48 2
16 109 1
24 121 1
34 53 2
4 103 1
11 28 2
67 102 1
3 43 2
57 102 1
55 74 2
41 53 2
4 55 2
41 74 2
58 98 2
46 87 1
19 24 2
1 7 2
6 15 2
6 30 2
27 104 1
1 24 2
17 44 2
32 47 2
49 71 2
10 103 1
21 75 2
3 74 2
20 34 2
43 89 2
69 71 2
35 68 2
15 66 2
65 116 2
57 73 2
57 68 2
11 98 1
58 59 2
7 17 2
46 58 2
4 14 2
54 122 1
55 118 1
22 94 1
26 71 2
47 120 2
13 72 2
2 77 2
35 37 2
3 73 2
36 45 2
30 79 1
44 60 2
5 66 2
59 106 2
57 63 2
47 93 2
30 48 2
28 88 1
49 75 2
22 81 2
31 53 2
44 76 2
14 29 2
9 66 2
37 93 1
69 76 2
27 92 2
36 62 2
24 58 2
20 83 2
42 97 2
29 36 2
47 65 2
6 52 2
54 64 2
26 34 2
19 34 2
1 77 2
42 76 2
58 88 2
2 39 2
40 48 2
66 74 2
60 63 2
20 71 2
38 74 2
6 106 2
11 49 2
61 115 1
56 67 2
11 16 2
72 73 2
57 91 2
30 70 2
41 64 2
0 3 2
40 117 2
51 57 2
36 44 2
14 17 2
31 39 2
18 74 2
20 42 2
11 27 2
11 31 2
4 102 2
71 91 2
29 42 2
9 10 2
24 112 2
1 55 2
23 88 2
0 15 2
2 32 2
24 95 2
13 45 2
35 126 2
27 56 2
75 117 2
44 55 2
50 61 2
5 104 2
31 50 2
9 63 2
47 63 2
12 45 2
44 45 2
15 68 2
6 53 2
18 58 2
7 8 2
36 41 2
5 72 2
31 105 1
4 30 2
22 114 1
25 101 2
24 67 2
38 58 2
32 106 2
1 53 2
43 55 2
37 48 2
6 42 2
65 74 2
57 118 2
12 46 2
76 100 1
3 75 2
28 64 2
10 49 2
18 115 2
69 86 2
41 67 2
69 96 2
5 8 2
42 118 2
9 12 2
70 75 2
13 58 2
22 90 2
25 48 2
20 73 2
54 73 2
31 42 2
0 63 2
3 111 1
33 57 2
6 99 2
77 122 2
23 84 1
48 61 2
29 62 2
10 48 2
62 111 2
49 117 2
4 71 2
23 75 2
59 75 2
47 121 2
29 68 2
13 23 2
66 69 2
16 60 2
24 108 2
46 56 2
24 72 2
0 42 2
54 62 2
15 102 1
60 121 1
3 104 2
35 58 2
20 77 2
3 50 2
22 74 2
36 68 2
57 65 2
10 59 2
11 17 2
71 74 2
6 21 2
17 65 2
19 59 2
32 63 2
28 69 2
63 77 2
42 121 2
1 63 2
5 113 1
12 94 2
26 67 2
50 57 2
22 61 2
60 82 1
51 52 2
40 96 2
19 42 2
66 70 2
2 58 2
64 74 2
9 16 2
39 117 2
12 37 2
28 34 2
56 94 2
9 31 2
3 116 2
72 102 2
15 123 2
38 71 2
1 16 2
4 66 2
12 111 1
24 29 2
38 49 2
19 108 2
65 67 2
55 110 2
47 75 2
15 98 2
65 81 2
61 108 2
41 62 2
24 106 2
6 11 2
2 26 2
11 47 2
38 52 2
37 66 2
16 36 2
40 50 2
12 25 2
48 88 2
59 79 2
74 104 2
35 75 2
64 115 1
12 69 2
34 57 2
33 48 2
66 78 2
59 90 2
31 63 2
24 80 2
4 29 2
7 12 2
26 43 2
24 76 2
1 47 2
77 123 2
75 80 2
43 52 2
35 74 2
73 93 2
16 106 2
32 36 2
17 76 2
11 82 1
0 10 2
12 28 2
36 118 2
32 75 2
4 18 2
41 42 2
12 23 2
34 73 2
56 73 2
5 34 2
28 106 2
31 73 2
67 84 2
38 120 2
5 120 1
6 85 2
49 79 1
44 88 1
15 38 2
53 118 1
13 41 2
0 19 2
38 60 2
27 51 2
23 118 1
49 121 2
3 5 2
30 83 1
55 125 2
5 107 2
59 112 2
7 75 2
8 15 2
13 60 2
3 66 2
14 22 2
60 78 1
76 77 2
33 36 2
15 65 2
34 62 2
4 72 2
9 118 2
4 73 2
28 33 2
12 59 2
44 126 1
66 128 1
38 115 2
37 62 2
56 57 2
20 114 2
55 129 1
39 68 2
10 54 2
1 4 2
32 35 2
23 67 2
12 50 2
29 69 2
1 65 2
40 68 2
13 128 2
38 101 1
13 70 2
8 11 2
8 58 2
25 50 2
26 66 2
40 64 2
4 48 2
73 128 1
68 101 1
1 88 2
10 25 2
58 85 2
19 55 2
12 71 2
11 48 2
5 11 2
72 93 1
1 51 2
16 27 2
18 22 2
17 39 2
20 75 2
46 63 2
29 57 2
38 62 2
7 18 2
38 77 2
52 63 2
15 25 2
45 95 2
5 46 2
74 98 1
37 77 2
8 72 2
39 61 2
0 29 2
10 20 2
8 38 2
4 46 2
32 49 2
55 56 2
19 28 2
5 81 2
37 49 2
33 47 2
46 61 2
51 61 2
28 52 2
0 18 2
29 30 2
5 42 2
7 26 2
18 29 2
59 129 1
14 41 2
6 45 2
31 46 2
15 47 2
26 90 2
69 80 2
20 87 1
31 107 1
26 122 1
5 59 2
39 43 2
55 58 2
4 24 2
27 112 2
37 54 2
43 53 2
1 69 2
67 108 2
33 45 2
45 50 2
39 102 2
33 89 1
14 62 2
17 85 1
1 93 2
8 42 2
60 64 2
43 56 2
27 77 2
32 52 2
13 105 2
29 55 2
15 28 2
32 58 2
1 10 2
26 60 2
16 71 2
46 105 2
8 44 2
4 25 2
8 62 2
10 89 2
66 77 2
51 124 2
41 71 2
26 121 2
9 42 2
74 105 2
74 77 2
1 61 2
7 22 2
12 93 1
48 80 2
31 33 2
4 22 2
30 72 2
0 105 2
25 53 2
48 64 2
20 62 2
27 68 2
45 73 2
1 71 2
3 62 2
26 35 2
50 74 2
45 46 2
9 26 2
36 55 2
43 71 2
25 63 2
52 70 2
57 67 2
8 14 2
54 82 2
3 47 2
12 106 2
5 54 2
14 36 2
9 14 2
28 107 1
12 49 2
11 73 2
53 66 2
22 96 2
37 74 2
8 16 2
72 75 2
38 48 2
26 62 2
19 77 2
25 74 2
54 77 2
54 59 2
12 43 2
23 111 2
62 75 2
13 48 2
0 24 2
36 66 2
75 101 1
74 80 2
16 38 2
40 53 2
33 43 2
14 40 2
9 18 2
9 40 2
10 100 1
59 89 2
50 65 2
30 114 2
45 88 2
45 74 2
49 99 1
52 67 2
53 77 2
53 81 1
5 95 1
9 101 2
64 71 2
12 66 2
29 59 2
15 73 2
28 47 2
57 70 2
7 101 1
11 65 2
17 115 1
8 46 2
5 102 2
44 65 2
35 53 2
5 67 2
15 63 2
22 42 2
31 57 2
49 53 2
2 65 2
39 79 1
57 111 1
46 47 2
5 28 2
17 49 2
49 98 2
24 31 2
29 96 1
7 65 2
15 32 2
75 126 2
41 129 2
34 82 2
22 129 2
20 65 2
60 86 2
8 13 2
4 75 2
21 38 2
10 52 2
41 66 2
4 44 2
2 11 2
61 128 1
12 75 2
35 100 2
16 90 2
40 46 2
1 19 2
16 59 2
23 86 2
15 23 2
7 122 1
17 77 2
44 77 2
27 116 1
43 61 2
68 94 2
8 32 2
35 55 2
34 45 2
53 105 1
45 54 2
34 94 2
17 25 2
75 110 1
40 71 2
14 49 2
53 58 2
26 75 2
33 70 2
52 72 2
14 18 2
59 124 2
27 82 2
35 96 2
20 41 2
19 80 2
36 51 2
7 32 2
34 55 2
67 77 2
23 51 2
49 56 2
5 21 2
17 62 2
23 85 2
29 77 2
7 129 2
33 69 2
43 50 2
26 61 2
50 56 2
37 58 2
32 67 2
48 78 2
17 104 2
48 125 2
23 59 2
44 119 1
28 42 2
47 62 2
35 70 2
47 59 2
3 98 1
49 55 2
12 72 2
18 50 2
11 54 2
17 92 2
28 44 2
4 23 2
22 31 2
27 74 2
24 46 2
8 43 2
16 39 2
32 123 2
1 46 2
30 84 1
16 46 2
20 38 2
1 18 2
1 105 1
26 109 1
5 29 2
44 66 2
45 89 2
16 92 1
31 113 1
15 76 2
50 84 1
27 120 2
44 80 2
51 67 2
22 63 2
27 45 2
43 125 2
65 128 1
37 110 1
63 80 1
2 59 2
61 75 2
50 54 2
30 40 2
48 91 1
58 72 2
7 11 2
30 91 2
8 40 2
8 111 2
38 122 2
29 49 2
34 77 2
58 86 2
22 125 2
4 42 2
63 101 1
10 46 2
63 99 2
0 50 2
22 55 2
20 50 2
51 59 2
9 68 2
19 96 1
16 57 2
19 27 2
20 84 1
17 52 2
5 51 2
33 77 2
35 51 2
48 62 2
9 65 2
5 9 2
56 82 1
76 78 2
31 106 1
15 51 2
14 69 2
11 76 2
10 38 2
38 43 2
19 66 2
37 63 2
32 56 2
11 41 2
75 109 2
23 65 2
4 43 2
15 128 2
56 76 2
14 126 1
56 77 2
23 46 2
8 57 2
17 32 2
44 63 2
31 45 2
23 31 2
7 89 2
7 34 2
18 90 1
49 65 2
16 96 2
46 69 2
20 25 2
8 39 2
40 67 2
52 125 2
28 50 2
50 78 2
16 42 2
17 48 2
36 61 2
26 36 2
9 43 2
11 23 2
45 62 2
39 63 2
70 92 2
37 55 2
36 42 2
13 92 1
10 65 2
23 24 2
40 58 2
75 120 2
61 70 2
45 107 1
40 74 2
8 60 2
29 74 2
5 58 2
8 12 2
18 104 2
25 52 2
29 107 1
20 68 2
36 56 2
32 42 2
24 59 2
11 104 1
9 62 2
2 66 2
13 17 2
10 72 2
68 113 2
33 58 2
39 55 2
30 52 2
4 64 2
2 123 1
10 15 2
31 76 2
18 71 2
21 23 2
57 61 2
21 50 2
35 80 1
50 52 2
68 70 2
21 81 2
1 32 2
7 70 2
10 70 2
58 61 2
21 70 2
24 51 2
31 36 2
44 79 2
38 40 2
16 66 2
43 47 2
40 76 2
77 115 2
15 122 2
5 74 2
6 18 2
3 55 2
49 92 2
65 120 2
8 36 2
62 110 1
0 111 2
21 34 2
5 49 2
18 66 2
54 129 2
13 77 2
47 66 2
17 54 2
64 111 1
50 64 2
8 19 2
4 92 2
16 80 2
42 43 2
14 53 2
39 83 2
51 83 2
22 54 2
55 119 2
40 55 2
5 22 2
54 75 2
44 74 2
22 23 2
21 122 2
19 117 1
20 24 2
5 118 2
45 79 1
4 10 2
49 72 2
59 95 2
68 72 2
10 29 2
23 56 2
3 32 2
14 128 1
33 34 2
49 60 2
16 107 1
4 68 2
45 125 2
2 61 2
19 107 1
0 8 2
32 62 2
41 81 2
48 67 2
51 80 1
8 37 2
69 72 2
3 39 2
26 110 2
28 72 2
30 77 2
12 27 2
45 59 2
48 70 2
12 14 2
15 44 2
64 76 2
10 21 2
14 81 2
7 19 2
57 58 2
14 58 2
21 90 1
20 31 2
62 65 2
59 76 2
9 57 2
4 63 2
29 56 2
5 55 2
32 70 2
10 58 2
26 111 1
9 20 2
25 30 2
25 123 2
19 21 2
6 102 2
36 49 2
6 69 2
19 76 2
20 70 2
12 121 2
20 100 2
2 74 2
14 21 2
46 107 2
53 82 1
70 87 2
1 30 2
4 125 2
15 46 2
12 39 2
22 57 2
14 15 2
21 37 2
27 38 2
13 31 2
62 120 2
14 44 2
52 77 2
11 123 2
48 84 2
2 93 2
17 47 2
13 59 2
37 57 2
16 53 2
65 68 2
18 88 2
22 93 2
32 66 2
30 32 2
15 75 2
33 91 2
29 79 2
43 44 2
6 26 2
48 50 2
17 59 2
56 59 2
36 46 2
41 51 2
55 65 2
5 99 2
21 74 2
28 36 2
57 101 2
2 36 2
37 122 1
7 91 1
20 46 2
3 107 2
7 66 2
26 125 2
21 33 2
12 44 2
62 113 2
25 64 2
10 117 1
30 41 2
69 103 2
33 60 2
37 46 2
38 70 2
46 53 2
18 122 1
6 29 2
22 41 2
33 83 2
68 129 2
49 88 2
56 86 2
2 115 1
22 118 1
41 77 2
36 88 1
16 101 2
52 65 2
52 66 2
26 55 2
11 75 2
8 64 2
28 103 2
66 76 2
8 48 2
25 40 2
70 106 1
63 118 2
23 50 2
4 36 2
60 116 1
53 125 2
7 21 2
14 16 2
52 62 2
25 75 2
25 82 2
58 97 1
70 125 2
75 106 1
21 51 2
19 43 2
2 101 1
14 68 2
38 57 2
23 35 2
2 5 2
66 67 2
30 35 2
14 47 2
7 58 2
10 55 2
6 90 1
52 53 2
16 118 2
70 94 1
14 129 2
3 35 2
51 84 2
2 45 2
0 124 2
54 69 2
37 65 2
35 38 2
6 60 2
42 46 2
44 59 2
34 37 2
42 67 2
26 32 2
14 75 2
74 124 2
43 72 2
33 53 2
21 22 2
63 98 2
9 72 2
76 128 2
16 23 2
75 91 2
22 110 1
51 65 2
17 90 2
10 53 2
65 72 2
40 124 2
76 86 2
8 54 2
28 79 1
6 25 2
39 58 2
18 37 2
6 63 2
70 71 2
49 77 2
28 46 2
42 61 2
24 38 2
15 101 2
15 118 2
5 13 2
49 76 2
54 61 2
0 96 2
17 66 2
74 111 1
57 121 2
45 120 2
56 101 2
70 79 2
36 37 2
6 89 1
63 90 2
38 69 2
28 39 2
16 31 2
22 64 2
8 89 2
11 84 2
9 108 1
9 36 2
52 57 2
14 119 1
51 74 2
20 56 2
33 82 2
64 118 2
29 93 1
29 48 2
30 65 2
57 80 2
5 70 2
18 95 1
35 59 2
53 55 2
15 49 2
20 121 1
26 41 2
7 124 2
7 102 2
75 114 1
53 69 2
3 22 2
17 43 2
26 28 2
12 48 2
41 63 2
16 85 1
23 58 2
62 71 2
23 47 2
60 75 2
14 121 1
2 49 2
55 77 2
35 72 2
14 113 2
29 88 1
68 97 2
21 96 1
6 123 1
1 5 2
6 119 1
0 36 2
2 22 2
28 29 2
26 63 2
54 100 2
66 75 2
57 59 2
36 72 2
9 21 2
17 38 2
41 122 2
5 116 1
2 30 2
0 37 2
66 106 2
20 113 1
33 80 2
1 75 2
73 74 2
5 32 2
25 72 2
36 57 2
15 31 2
43 99 2
56 102 2
61 62 2
9 80 1
9 41 2
25 37 2
0 6 2
13 15 2
14 51 2
49 52 2
25 44 2
57 82 1
66 94 2
16 122 1
7 15 2
3 70 2
53 59 2
4 50 2
69 78 2
33 128 1
73 112 2
18 43 2
6 54 2
31 88 2
66 71 2
4 57 2
11 13 2
46 91 1
8 84 2
73 77 2
8 105 2
2 13 2
19 99 2
15 20 2
22 60 2
28 77 2
3 59 2
3 38 2
8 35 2
70 107 2
32 44 2
25 55 2
0 53 2
30 31 2
49 108 1
40 45 2
27 73 2
8 75 2
52 56 2
15 129 2
54 91 2
66 101 2
3 18 2
4 33 2
6 67 2
57 126 2
12 68 2
2 57 2
9 47 2
46 88 2
29 86 1
30 112 2
19 39 2
1 31 2
69 91 2
38 45 2
0 64 2
58 87 2
66 118 2
11 45 2
9 90 2
18 60 2
27 54 2
10 115 2
3 67 2
38 106 2
2 56 2
33 74 2
20 60 2
42 47 2
26 72 2
10 73 2
1 97 2
39 59 2
21 77 2
22 26 2
24 27 2
72 103 1
53 126 2
62 73 2
3 60 2
11 52 2
41 94 2
29 73 2
34 47 2
5 52 2
3 61 2
41 110 2
31 117 2
23 70 2
33 52 2
7 72 2
73 122 1
0 73 2
9 39 2
3 27 2
2 10 2
33 111 2
6 44 2
30 93 1
34 127 2
12 126 2
2 17 2
1 66 2
7 24 2
1 22 2
6 76 2
15 58 2
34 71 2
0 56 2
53 71 2
23 41 2
62 69 2
19 91 2
0 16 2
27 88 2
19 70 2
7 45 2
23 71 2
46 90 2
6 59 2
2 50 2
1 45 2
40 54 2
36 79 2
21 36 2
4 11 2
9 58 2
33 61 2
7 36 2
26 65 2
60 93 1
27 62 2
65 118 1
3 49 2
7 125 1
17 93 2
38 50 2
28 65 2
47 53 2
44 54 2
13 129 2
41 75 2
6 75 2
30 59 2
37 43 2
19 95 2
40 57 2
53 75 2
64 81 2
9 64 2
43 69 2
61 109 1
32 124 1
37 50 2
51 91 1
2 46 2
11 117 2
56 72 2
46 102 2
15 96 1
18 57 2
66 113 2
15 69 2
53 65 2
26 50 2
5 71 2
56 68 2
39 50 2
26 117 1
42 54 2
13 79 2
10 64 2
46 111 1
24 39 2
20 104 2
27 50 2
28 124 2
20 23 2
35 98 2
77 83 1
7 43 2
29 121 2
1 96 2
26 48 2
12 36 2
5 60 2
50 108 1
9 122 1
32 69 2
48 53 2
13 64 2
27 69 2
44 46 2
22 83 1
63 93 2
51 62 2
42 79 2
65 85 2
26 119 2
0 1 2
13 27 2
46 123 2
46 103 2
58 64 2
0 61 2
2 7 2
13 30 2
1 58 2
32 100 1
8 68 2
7 81 2
25 28 2
23 28 2
9 51 2
72 120 1
75 78 1
22 111 1
37 47 2
2 75 2
29 99 2
19 29 2
68 106 2
54 88 2
43 73 2
2 73 2
49 68 2
13 52 2
64 95 2
11 21 2
54 104 2
77 88 1
59 105 2
37 61 2
7 54 2
66 109 2
50 72 2
49 51 2
8 34 2
39 81 1
25 122 2
1 50 2
14 57 2
60 108 2
67 71 2
10 61 2
19 69 2
3 28 2
11 22 2
44 50 2
5 24 2
39 97 2
3 69 2
2 69 2
30 58 2
33 62 2
24 42 2
40 75 2
37 40 2
9 110 2
60 70 2
12 113 2
35 40 2
13 44 2
36 48 2
8 10 2
10 30 2
27 113 2
75 99 2
62 94 2
32 73 2
36 38 2
23 78 2
6 36 2
38 47 2
5 23 2
24 48 2
37 56 2
32 54 2
61 92 2
1 28 2
41 57 2
0 25 2
13 56 2
47 103 2
48 58 2
21 69 2
64 93 1
3 53 2
26 103 2
54 105 2
68 76 2
44 52 2
16 63 2
47 48 2
21 60 2
13 35 2
7 73 2
47 77 2
26 85 2
13 54 2
18 33 2
62 67 2
2 16 2
30 118 1
21 64 2
22 48 2
21 43 2
75 96 1
15 35 2
10 96 2
38 68 2
21 26 2
17 41 2
65 108 2
12 82 2
4 95 2
46 75 2
40 60 2
22 127 1
1 62 2
46 62 2
23 74 2
64 75 2
70 97 1
21 102 1
33 63 2
8 113 2
61 117 2
52 104 1
63 74 2
62 76 2
37 75 2
24 36 2
36 76 2
1 67 2
20 78 1
52 115 2
27 33 2
22 66 2
58 121 2
73 92 2
19 48 2
58 75 2
52 105 1
3 45 2
20 90 2
42 51 2
24 105 1
43 58 2
2 95 1
43 65 2
11 37 2
3 40 2
59 109 2
68 121 2
48 52 2
28 67 2
40 82 2
3 20 2
18 54 2
35 77 2
37 71 2
0 59 2
31 74 2
75 89 2
57 77 2
7 28 2
8 20 2
13 28 2
43 87 1
33 87 2
44 102 2
9 74 2
25 26 2
54 76 2
2 64 2
17 72 2
40 128 2
48 55 2
67 68 2
15 16 2
24 43 2
64 88 1
39 47 2
33 67 2
16 48 2
45 48 2
35 123 2
22 43 2
37 70 2
26 81 2
5 15 2
6 46 2
2 55 2
9 94 2
61 78 2
16 32 2
16 112 2
25 56 2
24 26 2
3 25 2
14 67 2
30 62 2
2 29 2
40 44 2
26 70 2
24 65 2
16 126 2
6 121 1
26 54 2
21 68 2
27 72 2
33 125 2
16 58 2
23 29 2
19 63 2
0 27 2
40 59 2
4 28 2
37 69 2
34 93 2
15 17 2
50 97 2
6 107 1
49 58 2
14 83 2
31 47 2
13 55 2
38 51 2
35 79 2
30 49 2
39 56 2
29 105 2
18 19 2
28 120 2
7 31 2
5 45 2
54 93 1
6 116 2
41 73 2
57 60 2
24 50 2
61 76 2
72 77 2
3 127 2
54 106 1
41 113 2
11 60 2
43 70 2
34 50 2
48 72 2
68 112 2
43 106 2
21 59 2
31 110 2
57 74 2
41 118 1
25 43 2
5 115 1
31 64 2
59 65 2
11 55 2
11 124 1
56 90 1
36 39 2
51 121 1
22 70 2
46 83 2
17 129 2
35 49 2
3 77 2
62 91 2
31 49 2
43 66 2
12 40 2
25 34 2
7 29 2
16 21 2
56 89 2
29 124 1
44 56 2
12 17 2
66 97 2
10 51 2
66 89 2
68 73 2
7 47 2
54 72 2
64 92 2
39 71 2
43 74 2
52 122 2
20 52 2
40 123 2
26 52 2
38 61 2
13 97 1
41 50 2
11 30 2
58 115 2
2 19 2
38 76 2
27 32 2
74 109 2
4 12 2
23 128 1
6 34 2
0 100 2
31 43 2
33 44 2
8 123 2
38 56 2
51 118 2
13 109 1
21 71 2
71 125 2
0 76 2
5 37 2
5 65 2
39 73 2
6 74 2
29 46 2
64 70 2
3 24 2
36 69 2
31 59 2
13 25 2
61 129 2
56 62 2
9 79 1
60 74 2
68 69 2
51 72 2
21 66 2
50 75 2
37 52 2
13 26 2
18 39 2
16 67 2
48 71 2
13 62 2
20 76 2
51 75 2
17 31 2
16 41 2
25 38 2
49 124 2
58 70 2
38 54 2
30 37 2
1 79 1
22 29 2
26 42 2
28 51 2
14 79 2
24 34 2
77 91 2
38 59 2
3 19 2
18 76 2
16 74 2
18 49 2
39 104 1
1 8 2
25 49 2
54 74 2
15 41 2
41 105 1
43 92 2
16 25 2
8 61 2
53 63 2
21 62 2
26 47 2
21 67 2
6 58 2
17 56 2
53 54 2
14 52 2
39 66 2
34 59 2
38 93 2
0 43 2
18 45 2
52 76 2
33 46 2
70 122 2
51 56 2
73 97 1
39 90 1
28 68 2
47 69 2
12 33 2
22 62 2
23 72 2
11 51 2
14 76 2
37 127 1
15 74 2
41 59 2
61 107 2
18 65 2
59 84 1
1 54 2
49 62 2
38 110 1
67 90 1
32 43 2
35 44 2
14 127 1
24 115 2
68 74 2
65 99 1
17 37 2
60 71 2
17 67 2
37 41 2
10 43 2
31 123 1
35 52 2
19 75 2
35 45 2
8 25 2
3 44 2
11 35 2
10 39 2
7 67 2
28 105 2
57 128 2
17 22 2
33 39 2
14 25 2
5 14 2
22 37 2
57 93 2
34 61 2
40 72 2
10 79 1
4 37 2
22 77 2
27 53 2
40 47 2
9 119 2
29 65 2
45 70 2
7 46 2
2 9 2
54 71 2
4 15 2
55 92 1
5 6 2
3 33 2
61 66 2
21 25 2
41 58 2
26 68 2
35 43 2
6 50 2
26 46 2
23 61 2
1 115 2
11 43 2
4 5 2
41 76 2
17 91 1
5 33 2
16 65 2
50 106 1
0 67 2
5 127 2
12 74 2
32 45 2
13 53 2
33 118 2
18 75 2
30 74 2
18 31 2
51 108 1
48 85 1
53 90 2
64 120 1
12 67 2
66 83 2
10 26 2
47 128 1
76 117 1
18 68 2
57 76 2
9 55 2
26 95 2
5 12 2
53 61 2
19 101 1
27 61 2
71 89 1
76 108 2
24 61 2
14 45 2
19 32 2
51 77 2
11 40 2
23 73 2
42 45 2
30 56 2
2 51 2
36 59 2
26 58 2
76 116 1
49 113 2
40 51 2
27 71 2
7 115 1
72 74 2
25 35 2
57 69 2
24 41 2
27 58 2
43 83 2
28 32 2
1 40 2
70 114 1
29 51 2
46 52 2
37 84 2
1 124 1
21 52 2
63 65 2
29 120 1
29 52 2
0 23 2
21 46 2
64 112 2
20 96 2
4 32 2
13 66 2
6 17 2
32 48 2
24 54 2
64 66 2
59 102 1
64 69 2
18 40 2
14 60 2
32 122 2
11 72 2
2 92 2
54 58 2
16 26 2
58 67 2
20 26 2
71 98 2
15 36 2
10 27 2
31 126 2
53 70 2
5 50 2
14 50 2
22 101 2
43 68 2
70 124 2
5 63 2
16 105 2
30 71 2
64 110 1
22 24 2
55 63 2
35 60 2
36 83 1
31 66 2
28 54 2
35 36 2
55 69 2
42 100 2
0 122 1
31 68 2
12 92 2
15 24 2
41 83 2
24 75 2
14 77 2
21 95 2
42 92 1
34 36 2
5 76 2
8 30 2
55 87 2
23 32 2
72 94 1
48 112 2
65 107 1
46 66 2
41 48 2
2 67 2
62 63 2
15 56 2
30 99 1
30 67 2
25 125 2
67 73 2
24 64 2
2 42 2
4 56 2
30 106 1
23 40 2
45 67 2
10 23 2
31 54 2
28 74 2
41 54 2
6 120 2
57 62 2
31 83 1
67 115 2
30 34 2
60 68 2
43 54 2
37 51 2
52 71 2
56 69 2
66 96 1
10 32 2
16 113 2
30 64 2
54 70 2
46 71 2
11 100 1
26 29 2
39 70 2
2 20 2
39 76 2
62 70 2
29 61 2
15 21 2
37 129 2
68 92 2
50 127 1
47 73 2
26 105 1
10 76 2
4 58 2
5 112 2
69 122 1
33 101 1
52 81 2
13 34 2
22 27 2
67 74 2
41 125 2
62 84 2
13 42 2
72 97 2
56 108 2
43 48 2
48 121 2
31 124 2
20 43 2
74 93 2
33 54 2
70 77 2
19 36 2
43 63 2
16 52 2
34 67 2
65 75 2
0 70 2
32 61 2
44 67 2
6 12 2
61 85 2
4 65 2
28 73 2
27 44 2
52 54 2
13 32 2
23 42 2
13 51 2
14 74 2
9 32 2
65 79 1
9 76 2
9 27 2
67 82 2
10 107 2
38 114 2
11 64 2
14 118 2
0 69 2
65 84 2
29 78 1
46 97 1
59 111 1
67 116 1
57 107 2
53 97 2
5 36 2
52 112 1
26 96 2
32 85 2
61 63 2
73 75 2
17 19 2
26 56 2
9 28 2
32 81 1
6 23 2
54 57 2
24 37 2
58 69 2
10 16 2
11 46 2
19 54 2
44 69 2
55 64 2
10 92 2
16 28 2
5 123 1
26 37 2
65 66 2
41 124 1
4 21 2
67 79 1
5 64 2
29 40 2
26 39 2
47 61 2
8 52 2
10 63 2
9 25 2
13 22 2
19 74 2
59 77 2
7 108 2
38 75 2
34 60 2
4 19 2
3 83 1
22 79 2
2 18 2
56 66 2
11 34 2
13 119 2
14 59 2
64 96 2
73 102 2
7 27 2
17 45 2
59 63 2
5 20 2
2 48 2
44 48 2
36 116 1
45 75 2
53 72 2
4 70 2
16 44 2
46 115 2
42 55 2
50 117 2
47 72 2
20 32 2
43 75 2
16 84 1
45 100 1
10 71 2
1 42 2
67 97 1
22 47 2
16 120 1
27 76 2
72 76 2
45 68 2
0 57 2
10 108 2
31 100 1
12 34 2
0 30 2
47 54 2
11 59 2
1 73 2
21 58 2
9 38 2
62 129 2
72 106 2
76 81 2
47 58 2
8 26 2
25 65 2
61 67 2
19 72 2
19 56 2
47 86 1
76 113 2
40 122 2
1 41 2
8 97 1
15 72 2
15 70 2
17 33 2
39 60 2
8 76 2
57 64 2
58 83 2
45 63 2
4 52 2
76 83 1
13 43 2
10 40 2
12 57 2
28 85 1
70 121 1
25 114 1
5 68 2
29 64 2
40 61 2
49 67 2
5 27 2
5 92 1
20 28 2
15 30 2
22 46 2
25 103 1
31 78 2
9 45 2
30 47 2
19 41 2
4 7 2
33 72 2
11 53 2
8 45 2
37 68 2
15 52 2
68 108 2
33 86 2
17 106 2
14 55 2
73 76 2
71 78 2
20 64 2
39 88 2
16 49 2
69 121 1
49 102 2
7 42 2
49 54 2
6 66 2
54 109 2
40 77 2
39 64 2
32 33 2
19 58 2
39 106 1
5 16 2
21 107 2
42 73 2
30 42 2
23 54 2
11 74 2
29 47 2
50 51 2
63 108 2
15 42 2
69 114 1
4 27 2
3 63 2
7 33 2
19 20 2
33 55 2
41 44 2
10 22 2
35 66 2
8 22 2
23 102 1
11 36 2
30 50 2
11 12 2
7 68 2
20 22 2
45 77 2
6 28 2
6 73 2
48 66 2
23 77 2
59 101 2
3 10 2
27 46 2
17 61 2
32 74 2
12 58 2
54 55 2
63 76 2
43 115 1
16 127 1
58 80 1
1 37 2
51 53 2
13 82 2
16 51 2
26 97 2
4 26 2
26 59 2
2 62 2
7 61 2
28 57 2
41 47 2
17 57 2
28 59 2
6 35 2
2 43 2
54 124 2
2 71 2
68 86 2
34 64 2
33 85 2
35 50 2
7 77 2
35 54 2
6 40 2
47 102 1
25 39 2
37 79 1
44 68 2
50 58 2
17 60 2
42 66 2
44 118 2
11 67 2
56 60 2
50 88 2
25 27 2
25 47 2
4 113 1
24 68 2
20 69 2
17 68 2
16 17 2
50 77 2
5 40 2
1 89 2
61 64 2
49 91 1
9 50 2
16 50 2
49 63 2
15 39 2
12 61 2
60 62 2
39 124 1
32 77 1
46 118 1
1 70 1
50 63 1
53 57 1
47 71 1
14 34 1
20 125 1
42 65 1
12 73 1
94 113 2
7 69 1
29 31 1
50 62 1
32 79 2
21 44 1
24 44 1
45 72 1
59 94 1
33 51 1
15 119 1
45 47 1
1 127 2
44 127 1
3 101 1
39 62 1
5 119 1
47 60 1
78 125 1
17 18 1
12 15 1
61 113 2
5 47 1
31 71 1
