% n=80 p=33 d=0.33 p_blue=0.66
% k=0
23 47 2
11 66 1
6 76 2
18 25 2
22 62 1
13 75 1
25 37 1
12 72 2
12 70 2
4 22 2
3 7 2
0 72 1
22 60 2
9 16 2
24 42 2
17 42 1
24 55 2
10 49 2
4 74 2
13 73 2
0 1 2
9 18 2
2 67 2
12 74 2
9 13 2
13 47 2
7 44 2
6 39 2
10 30 2
15 48 2
15 21 2
7 27 1
0 21 2
21 24 2
5 15 2
11 41 2
6 21 2
3 10 2
4 60 1
21 38 1
7 12 2
5 54 1
11 17 2
19 32 2
12 47 2
18 65 2
0 6 2
26 69 1
26 35 2
5 23 2
3 76 2
14 22 2
13 17 2
7 11 2
18 55 1
9 69 2
18 36 1
23 64 2
0 49 2
20 33 2
18 70 2
13 43 2
17 74 2
5 16 2
5 41 1
6 28 1
12 71 1
18 78 2
24 77 2
2 35 1
12 76 1
6 32 2
12 21 2
3 14 2
1 33 1
3 13 2
7 8 2
21 51 2
18 67 2
12 50 1
6 58 1
23 72 1
10 27 2
13 34 2
24 62 1
5 20 2
10 31 2
6 17 2
9 15 2
24 52 2
7 19 2
4 24 2
8 50 1
11 30 2
0 57 2
18 19 2
24 67 2
12 79 2
4 18 2
23 38 1
4 45 1
5 25 2
8 73 1
8 10 2
5 17 2
11 70 2
17 22 2
0 15 2
10 68 2
12 13 2
3 19 2
22 69 2
23 31 2
25 68 1
19 62 2
21 60 2
3 77 2
3 66 2
23 52 1
16 26 2
16 42 2
18 40 1
15 67 2
3 25 2
0 26 2
13 25 2
0 22 2
15 74 2
20 23 2
19 36 1
16 59 1
9 73 2
18 42 2
8 26 2
0 13 2
20 41 2
4 50 2
0 3 2
14 37 2
3 45 2
15 50 1
25 67 2
20 49 2
1 19 2
24 50 2
19 28 2
16 25 2
3 22 2
3 64 1
16 22 2
12 32 1
15 19 2
24 76 2
1 75 1
10 79 2
4 53 1
15 70 2
1 54 1
8 17 2
6 18 2
15 18 2
2 15 2
9 21 2
4 27 2
9 25 2
14 46 2
12 26 2
17 25 2
21 42 1
6 15 2
14 19 2
26 33 1
10 22 2
11 34 1
22 24 2
5 65 2
22 26 2
15 40 2
11 56 2
1 18 2
13 33 1
24 36 1
25 28 1
8 29 2
4 42 1
12 63 2
4 20 2
3 56 1
25 77 2
13 63 2
21 71 1
4 10 2
0 50 1
5 51 2
17 49 2
18 29 2
22 55 2
6 22 2
12 44 2
8 25 2
4 64 1
2 16 2
10 17 2
18 39 2
13 16 2
8 21 2
18 74 1
9 75 2
8 75 2
9 64 1
0 24 2
4 31 1
12 52 2
16 70 2
9 12 2
11 25 2
5 58 1
14 28 1
3 21 2
22 56 2
1 35 2
7 24 2
4 12 2
16 21 2
10 45 1
2 18 2
20 46 2
3 8 2
2 4 2
18 59 2
6 59 1
4 9 2
15 62 2
7 37 1
12 17 2
1 48 2
11 57 2
17 26 2
2 14 2
18 20 2
8 14 2
21 63 1
5 74 2
15 76 1
6 14 2
19 29 1
1 20 2
19 49 1
12 57 1
3 20 2
6 71 2
1 7 2
1 17 2
23 78 2
22 37 2
2 42 2
8 40 1
2 9 2
7 47 2
3 23 2
15 26 2
11 35 1
6 52 1
1 10 2
9 14 2
15 61 2
6 24 2
17 72 2
14 18 2
1 14 2
2 20 2
14 25 2
3 12 2
4 58 2
1 71 2
7 16 2
11 72 2
8 19 2
3 26 2
0 2 2
7 10 2
9 17 2
16 71 2
14 38 2
20 36 2
21 79 2
11 52 2
4 47 2
5 7 2
11 43 2
1 78 2
3 18 2
0 71 2
25 49 2
5 27 2
5 39 1
25 34 2
12 20 2
18 22 2
14 23 2
17 60 2
3 11 2
18 31 1
3 54 2
15 59 2
7 67 2
3 43 2
10 66 1
19 22 2
6 43 1
20 40 2
15 17 2
2 71 2
1 73 1
19 77 1
6 8 2
18 33 1
17 21 2
25 53 2
22 51 2
23 63 1
2 5 2
8 46 1
15 22 2
14 20 2
19 27 1
7 17 2
22 46 2
5 11 2
5 24 2
11 24 2
19 51 2
3 6 2
15 68 2
23 24 2
21 39 1
1 13 2
18 60 1
18 38 1
2 60 2
15 66 2
8 24 2
12 68 1
17 54 2
9 61 1
3 17 2
20 25 2
3 58 2
10 36 1
1 23 2
10 55 2
3 53 1
5 13 2
8 56 1
12 43 1
26 32 2
12 38 1
17 20 2
17 43 1
0 75 1
2 79 2
5 12 2
16 78 2
18 26 2
9 42 2
4 34 1
2 52 2
8 60 2
4 13 2
25 64 2
0 14 2
10 11 2
15 29 2
3 79 2
21 23 2
17 70 2
7 23 2
8 28 2
16 19 2
3 46 2
5 14 2
20 60 2
3 60 2
0 30 2
26 75 1
17 19 2
3 4 2
18 32 2
6 75 2
14 24 2
9 27 2
14 66 2
4 35 2
14 59 1
12 61 1
0 5 2
9 41 2
12 34 2
15 51 2
13 22 2
11 15 2
0 20 2
12 18 2
11 14 2
2 53 2
25 76 2
8 51 1
2 11 2
4 41 1
11 32 1
7 77 2
4 17 2
15 30 1
13 70 1
18 21 2
12 22 2
11 64 2
14 71 2
1 15 2
6 36 2
23 57 2
21 22 2
17 68 1
1 45 2
21 25 2
7 22 2
5 10 2
25 42 1
11 26 2
11 21 2
21 45 2
3 71 2
5 34 2
5 18 2
4 11 2
13 48 2
19 26 2
10 64 2
0 18 2
2 23 2
6 23 2
2 65 2
21 46 1
14 15 2
12 25 2
24 32 2
24 74 2
12 16 2
6 19 2
9 20 2
11 75 2
8 70 2
2 38 2
1 26 2
26 54 2
5 22 2
10 47 1
11 62 1
17 32 2
4 7 2
5 6 2
16 79 2
2 27 2
23 26 2
8 12 2
21 49 1
8 11 2
2 25 2
25 51 2
3 5 2
13 14 2
1 8 2
23 51 2
4 28 2
17 63 1
10 62 1
6 20 2
20 37 1
1 11 2
8 16 2
10 58 1
0 10 2
4 5 2
24 31 2
12 15 2
18 58 2
1 24 2
3 68 2
9 31 1
2 8 2
9 56 2
10 24 2
24 26 2
9 10 2
12 45 2
7 58 1
25 72 2
6 25 2
20 57 2
21 50 2
25 55 2
25 59 2
19 79 2
5 38 2
13 23 2
19 60 2
1 16 2
3 16 2
19 20 2
20 28 2
1 32 1
15 20 2
9 63 2
4 6 2
4 63 2
20 75 2
25 60 2
26 42 2
13 26 2
10 70 1
13 19 2
2 3 2
3 63 2
1 6 2
21 53 1
9 77 2
17 27 2
19 24 2
11 39 2
17 71 1
14 54 2
10 20 2
5 60 1
2 6 2
11 22 2
2 13 2
24 70 1
24 41 2
2 29 2
13 71 1
0 25 2
20 77 1
7 21 2
11 23 2
0 29 1
13 65 2
0 7 2
7 69 2
1 2 2
14 17 2
7 14 2
13 74 2
23 71 2
19 25 2
0 9 2
6 50 2
8 18 2
4 21 2
9 50 2
13 66 2
14 27 1
9 44 2
24 25 2
5 19 2
9 72 2
7 26 2
22 50 2
4 23 2
2 12 2
23 74 2
6 46 1
5 55 2
3 70 2
17 18 2
12 14 2
0 77 2
9 74 1
10 16 2
6 27 2
23 35 2
16 68 1
14 68 2
4 62 2
11 16 2
14 26 2
6 9 2
13 20 2
9 23 2
13 52 2
10 29 1
10 51 2
6 16 2
9 59 1
4 8 2
16 51 2
16 54 2
19 23 2
13 18 2
0 61 2
15 34 2
23 48 2
10 14 2
7 36 2
21 26 2
20 21 2
8 15 2
0 76 2
7 9 2
7 18 2
10 23 2
15 47 2
7 25 2
8 23 2
13 24 2
11 61 2
6 7 2
2 24 2
6 74 2
19 47 2
0 4 2
7 15 2
7 13 2
1 21 2
1 9 2
12 23 2
17 45 2
6 11 2
14 21 2
9 29 1
4 16 2
9 26 2
12 46 1
15 16 2
15 23 2
6 13 2
8 22 2
10 26 2
5 9 2
0 17 2
14 42 2
22 53 2
5 52 1
9 24 2
10 25 2
13 31 1
9 22 2
11 45 2
16 18 2
2 7 2
16 65 2
8 13 2
11 18 2
22 23 2
4 14 2
13 54 2
6 10 2
12 49 2
14 40 2
5 73 2
1 38 2
10 28 2
8 78 1
17 61 2
11 49 1
16 36 1
3 36 1
25 26 2
3 65 2
9 55 2
6 69 2
9 11 2
21 73 1
11 36 2
17 23 2
24 27 2
0 23 2
17 67 2
13 29 2
1 25 2
17 65 2
23 69 1
3 15 2
2 10 2
18 24 2
8 55 1
9 19 2
18 64 2
22 57 1
6 62 2
7 70 2
22 41 2
23 53 2
22 48 2
1 22 2
23 25 2
2 19 2
0 12 2
6 12 2
10 12 2
5 49 1
10 21 2
21 59 1
8 44 2
26 47 2
23 77 2
25 56 1
5 26 2
20 47 2
12 19 2
10 19 2
9 34 2
1 30 2
11 33 1
2 21 2
10 44 2
14 58 1
1 4 2
20 63 2
10 67 2
3 9 2
23 75 2
15 72 2
1 62 1
20 22 2
5 64 2
16 47 2
3 24 2
10 41 1
6 26 2
0 11 2
16 20 2
19 33 2
1 72 2
0 8 2
11 60 1
3 27 2
25 52 2
13 15 2
10 18 2
1 51 2
26 41 2
21 44 2
15 25 2
20 39 2
12 78 1
22 66 1
1 69 1
17 24 2
19 66 1
7 20 2
20 70 2
20 24 2
13 21 2
10 59 1
0 31 1
3 74 2
4 25 2
13 51 2
8 20 2
25 27 2
2 22 2
12 30 1
16 43 2
16 41 2
24 65 1
2 43 2
19 59 2
9 54 1
16 67 2
18 43 2
2 17 2
12 35 1
2 46 1
22 25 2
15 35 2
16 23 2
1 3 2
12 59 2
4 19 2
0 16 2
6 61 1
5 21 2
22 27 2
1 5 2
11 13 2
8 9 2
16 49 2
2 41 2
7 53 2
23 27 1
15 24 2
1 64 2
22 42 2
20 26 2
14 75 2
8 37 2
26 29 1
11 69 2
18 48 2
5 8 2
1 12 2
7 56 2
11 12 2
17 44 2
8 59 2
26 37 1
4 15 2
18 23 2
22 33 2
2 26 2
6 41 2
0 19 2
21 76 2
13 49 2
22 40 2
10 13 2
6 77 2
14 16 2
11 63 2
11 19 2
22 44 2
18 28 2
2 72 2
9 68 1
5 32 1
50 76 2
4 75 2
24 66 1
5 72 2
21 32 2
10 15 1
13 76 1
4 48 2
21 47 1
12 67 1
