% n=30 p=33 d=0.66 p_blue=0.66
% k=0
3 19 2
7 16 2
5 27 2
9 17 2
0 8 2
4 20 2
8 29 1
0 26 2
1 23 2
5 24 2
0 10 2
9 24 1
2 3 2
7 15 1
0 11 1
9 22 2
5 17 2
9 18 1
7 11 2
3 29 1
6 8 2
0 13 1
5 20 2
6 19 2
0 1 2
0 2 2
6 21 1
7 14 2
2 25 2
9 26 1
7 25 2
5 26 1
9 11 2
1 21 1
5 15 1
1 3 2
8 14 2
1 26 2
2 18 2
5 14 1
4 15 2
6 22 1
4 25 2
5 29 2
7 23 2
5 22 2
3 18 2
0 23 1
8 18 2
7 13 2
5 10 2
2 13 1
1 19 2
5 13 2
3 25 2
5 11 1
3 17 2
6 16 2
3 23 1
1 18 1
2 21 1
6 11 1
1 17 2
3 21 1
2 17 2
7 20 2
6 23 2
5 23 2
9 20 2
3 7 2
3 24 2
6 24 2
4 26 2
8 11 2
0 25 2
0 22 2
8 27 1
1 2 2
0 3 2
3 11 2
3 6 2
4 9 2
2 6 2
0 18 2
3 22 1
6 10 1
6 12 1
5 25 2
4 12 2
8 20 2
0 17 1
2 24 1
0 6 2
9 13 2
8 26 1
9 12 1
7 21 1
7 18 2
3 20 2
2 20 1
6 9 2
1 10 2
3 28 2
4 10 1
4 11 2
2 29 2
2 12 2
3 10 2
6 15 1
3 12 2
0 4 2
0 21 1
6 14 2
1 13 1
2 14 2
8 10 2
4 14 2
4 23 2
9 10 1
3 8 2
3 14 2
5 18 2
4 8 2
9 25 2
0 24 1
2 5 2
9 15 2
6 20 2
0 7 2
0 29 1
1 24 1
4 17 2
7 12 2
2 10 2
7 10 1
8 15 2
1 29 2
8 13 2
1 15 2
1 22 2
1 9 1
2 7 1
5 9 1
16 28 1
2 16 2
5 6 1
16 19 1
4 6 1
9 27 1
3 5 1
2 9 1
7 9 1
1 4 1
6 27 2
3 9 1
6 7 2
27 28 2
7 27 1
4 19 1
6 28 2
9 16 1
1 8 2
1 6 2
4 7 2
8 16 2
0 9 1
5 8 1
0 28 2
4 5 2
1 5 1
8 19 1
0 5 1
1 16 2
5 7 1
2 8 2
