% n=190 p=33 d=0.33 p_blue=0.66
% k=0
13 24 2
1 128 2
2 29 2
46 148 2
57 179 2
0 41 2
7 11 2
4 182 1
2 55 2
26 45 2
60 121 2
40 111 1
51 115 2
38 136 2
13 23 2
50 55 2
39 103 2
59 189 2
6 43 2
30 140 2
33 175 1
13 46 2
30 62 2
36 60 2
16 178 2
10 44 2
42 81 1
8 9 2
51 175 2
48 60 2
52 77 1
20 47 2
12 146 1
24 54 2
21 30 2
16 39 2
31 156 2
43 53 2
55 106 1
50 152 1
34 44 2
48 131 2
5 146 1
16 102 2
15 174 1
9 57 2
39 61 2
1 179 2
14 175 1
27 53 2
33 188 1
35 177 2
14 127 2
8 174 2
5 39 2
2 129 2
54 169 2
39 48 2
14 62 2
50 123 1
48 134 2
29 58 2
16 23 2
45 166 1
31 54 2
36 173 2
11 25 2
52 182 2
14 28 2
27 85 1
5 62 2
25 37 2
52 137 2
34 94 2
11 114 1
31 40 2
5 35 2
32 112 2
31 171 2
60 176 1
1 76 1
14 102 2
20 131 2
25 133 2
46 151 1
61 119 2
8 13 2
12 135 1
57 134 2
20 91 1
9 186 2
8 135 2
9 135 2
62 110 1
28 56 2
23 24 2
31 152 1
24 128 2
40 142 2
16 45 2
4 26 2
35 55 2
40 162 2
1 142 2
37 104 1
28 52 2
49 127 2
40 80 2
1 178 2
41 42 2
39 126 1
33 48 2
3 18 2
60 142 1
0 15 2
8 69 2
45 129 2
51 129 2
37 132 1
11 37 2
2 173 2
25 86 2
37 112 2
43 174 2
38 114 2
1 22 2
49 109 2
1 47 2
62 179 1
0 164 2
7 108 1
8 106 2
1 141 1
20 37 2
15 136 1
0 59 2
21 105 2
14 46 2
2 42 2
52 60 2
47 188 2
49 77 1
23 95 1
14 20 2
57 58 2
3 135 2
18 94 1
44 82 2
19 62 2
8 51 2
3 176 2
28 43 2
58 183 2
4 62 2
38 85 2
2 162 1
54 146 2
62 89 1
26 39 2
52 56 2
24 50 2
24 57 2
37 60 2
19 45 2
18 59 2
19 185 1
60 138 2
39 45 2
23 32 2
5 52 2
42 113 2
48 142 1
34 46 2
6 54 2
14 174 1
6 144 2
50 121 2
59 129 2
2 19 2
22 23 2
62 163 1
36 93 1
55 189 2
28 41 2
39 47 2
61 156 2
0 25 2
59 178 2
47 66 1
16 34 2
35 74 2
46 54 2
19 72 2
6 51 2
30 183 2
7 110 1
20 145 1
39 176 1
2 104 2
9 82 2
16 113 2
38 57 2
29 92 2
32 49 2
29 186 2
31 59 2
2 3 2
4 146 1
53 57 2
37 91 2
3 58 2
57 95 2
19 32 2
0 51 2
35 121 1
19 35 2
47 115 2
18 54 2
18 39 2
7 47 2
22 26 2
51 59 2
9 61 2
22 89 1
31 55 2
9 134 1
32 81 2
38 187 2
19 143 1
4 28 2
28 78 2
24 166 2
2 178 2
33 50 2
8 104 1
15 36 2
51 88 2
6 82 1
21 38 2
20 129 2
12 107 2
10 26 2
41 142 2
16 36 2
16 154 2
21 52 2
57 144 1
43 87 2
33 61 2
24 130 2
17 135 2
31 120 2
1 30 2
28 54 2
27 54 2
48 175 2
23 115 1
9 21 2
51 99 2
26 65 1
2 32 2
32 132 2
6 45 2
31 102 1
1 100 2
30 31 2
28 34 2
3 156 1
34 58 2
45 82 2
4 94 2
37 163 1
2 188 2
45 188 2
5 38 2
26 99 2
8 43 2
4 16 2
51 61 2
3 54 2
22 91 1
12 28 2
2 125 1
7 130 2
19 61 2
22 64 2
0 60 2
1 98 1
2 134 2
42 56 2
41 156 2
14 85 1
21 113 1
30 54 2
24 86 2
20 85 1
39 108 2
8 53 2
45 135 2
5 136 2
7 8 2
0 64 2
26 83 1
12 64 2
35 56 2
29 75 1
3 29 2
17 55 2
29 48 2
6 132 2
33 78 1
53 171 1
19 136 1
46 79 2
11 15 2
23 96 1
10 53 2
1 21 2
30 42 2
0 10 2
20 103 2
19 163 2
2 40 2
19 41 2
18 58 2
22 35 2
14 121 1
25 129 2
24 52 2
27 164 2
21 169 2
23 49 2
17 52 2
9 127 2
13 154 1
1 124 1
38 189 2
11 13 2
8 56 2
26 34 2
15 40 2
48 52 2
56 63 2
42 62 2
42 181 2
53 109 1
26 54 2
6 186 1
26 184 2
16 100 2
6 49 2
40 74 2
20 25 2
35 52 2
6 33 2
17 69 2
11 72 1
22 76 1
15 48 2
60 135 2
39 43 2
51 183 2
20 82 2
4 69 1
12 50 2
48 157 2
9 31 2
28 74 2
34 49 2
23 108 2
58 162 1
2 124 2
18 47 2
31 38 2
2 186 2
5 33 2
4 102 2
36 39 2
11 17 2
40 167 2
25 71 2
14 49 2
7 76 1
37 79 1
56 134 1
23 111 2
12 43 2
37 71 2
13 41 2
23 170 2
37 93 2
6 57 2
49 56 2
34 82 2
49 170 1
30 135 2
15 145 1
6 18 2
5 13 2
42 43 2
0 42 2
7 89 2
36 106 2
3 23 2
5 42 2
22 27 2
0 28 2
18 88 1
59 103 2
43 73 2
55 115 1
28 189 2
31 57 2
32 51 2
3 90 2
59 121 2
52 128 1
54 95 2
38 77 2
4 41 2
5 15 2
6 114 2
29 111 1
20 147 1
16 42 2
8 19 2
6 149 2
52 117 2
0 171 2
26 112 1
8 11 2
38 169 2
7 181 2
8 151 2
16 25 2
36 164 2
8 48 2
8 139 2
2 6 2
2 115 1
38 94 1
4 108 2
50 160 2
36 154 1
4 9 2
14 15 2
12 39 2
28 44 2
36 175 1
43 181 2
42 92 2
10 168 2
42 82 2
10 37 2
24 53 2
33 84 2
3 181 1
38 90 1
2 170 1
49 168 1
24 164 1
14 23 2
2 168 1
2 26 2
38 89 2
29 60 2
13 107 1
16 35 2
7 122 2
5 141 2
6 67 2
8 28 2
30 50 2
30 36 2
54 107 1
1 158 2
51 122 2
21 80 1
7 127 2
25 56 2
5 27 2
16 72 1
50 62 2
32 89 1
24 55 2
33 39 2
21 135 1
38 62 2
24 48 2
34 40 2
15 27 2
20 42 2
52 133 2
36 158 2
19 33 2
18 19 2
38 130 2
2 45 2
15 113 2
24 28 2
4 111 1
13 119 1
22 34 2
14 167 2
0 12 2
3 99 1
59 167 2
20 121 1
47 52 2
28 131 2
42 143 2
62 96 2
11 153 1
5 36 2
2 130 2
5 54 2
19 78 2
5 25 2
0 87 2
33 112 1
4 103 2
17 50 2
9 84 2
49 171 1
23 98 2
60 100 2
4 57 2
19 189 2
47 187 1
29 41 2
13 33 2
10 16 2
11 132 1
19 39 2
9 139 2
13 108 1
0 16 2
57 104 1
20 34 2
18 40 2
6 124 1
44 62 2
58 100 2
58 164 2
14 22 2
56 184 1
43 135 2
23 27 2
3 77 2
23 58 2
14 31 2
14 186 2
50 159 2
6 101 2
1 58 2
15 168 2
9 132 2
26 38 2
15 82 1
0 39 2
26 31 2
22 24 2
19 92 2
7 39 2
14 162 2
23 26 2
32 57 2
11 57 2
20 157 2
17 29 2
8 109 2
1 24 2
28 39 2
36 48 2
15 95 2
57 102 2
38 68 2
3 30 2
31 85 2
13 152 2
43 74 2
36 109 2
1 57 2
36 76 1
28 49 2
25 82 2
44 51 2
54 62 2
61 107 2
40 63 2
18 45 2
41 44 2
58 129 2
14 161 2
25 123 2
40 177 2
33 59 2
46 56 2
48 119 2
26 130 2
21 69 2
26 41 2
53 186 2
47 58 2
11 44 2
9 63 2
8 113 2
15 129 2
38 101 2
37 39 2
21 50 2
14 86 2
23 54 2
1 49 2
53 187 2
5 7 2
24 27 2
9 175 2
4 43 2
12 47 2
3 60 2
26 44 2
15 23 2
34 163 2
40 187 2
14 55 2
2 27 2
27 68 2
14 52 2
9 185 2
21 57 2
0 45 2
4 30 2
58 122 1
26 179 1
55 153 2
14 154 1
24 45 2
14 60 2
10 57 2
16 49 2
0 57 2
1 35 2
37 75 2
34 75 2
2 75 2
34 115 2
5 163 2
51 53 2
9 13 2
35 50 2
12 158 2
46 76 1
5 70 2
7 142 2
61 132 2
0 139 2
31 175 2
2 41 2
10 174 2
5 44 2
34 177 2
14 24 2
52 170 2
33 109 1
15 159 2
2 48 2
35 41 2
13 172 2
53 170 2
41 129 2
2 33 2
3 164 2
0 90 2
44 153 1
6 29 2
26 56 2
19 42 2
3 11 2
38 131 1
20 181 1
5 61 2
55 100 2
14 16 2
36 188 2
59 69 1
2 12 2
34 127 2
62 105 2
35 62 2
35 60 2
21 90 1
41 147 2
11 92 2
35 61 2
57 150 1
15 24 2
37 179 2
4 97 2
26 43 2
36 42 2
14 97 1
1 20 2
23 66 2
38 148 1
6 28 2
5 14 2
6 27 2
36 143 2
15 62 2
50 116 1
16 17 2
11 35 2
17 154 1
35 174 2
33 71 2
26 61 2
20 72 1
9 85 2
22 33 2
11 152 1
2 18 2
16 18 2
0 134 2
44 100 1
44 91 1
60 139 1
36 61 2
35 53 2
60 74 2
47 180 2
31 173 2
47 128 2
36 157 2
5 156 2
31 60 2
7 33 2
0 43 2
5 18 2
23 152 1
2 85 2
15 18 2
22 100 2
5 116 2
2 57 2
0 113 2
50 119 2
55 85 2
42 134 2
9 16 2
59 113 2
35 51 2
30 171 2
8 58 2
57 170 2
37 187 2
58 119 2
31 73 2
36 40 2
9 113 2
35 39 2
22 62 2
24 62 2
26 76 2
25 132 2
16 110 1
48 107 1
12 42 2
52 61 2
39 49 2
2 43 2
51 170 1
6 181 2
30 189 1
9 17 2
30 35 2
56 66 1
18 165 2
17 173 1
41 53 2
59 92 2
14 181 1
42 96 2
36 62 2
24 126 2
23 38 2
0 163 2
18 140 2
22 130 1
32 174 2
12 31 2
36 96 1
29 152 1
54 136 2
22 59 2
9 145 2
14 188 2
50 158 2
39 114 2
38 178 2
19 52 2
5 68 1
38 54 2
6 56 2
31 47 2
62 64 2
12 177 1
32 41 2
56 178 2
2 5 2
37 164 2
56 138 2
15 21 2
38 138 1
13 74 2
51 93 2
18 22 2
60 123 2
38 159 2
25 80 2
42 180 1
29 46 2
35 76 1
53 98 1
24 110 2
40 79 1
25 141 1
29 68 2
35 108 2
8 148 2
56 60 2
16 30 2
13 144 1
25 40 2
0 48 2
51 188 2
18 139 1
12 37 2
5 184 1
0 27 2
1 48 2
33 128 2
19 49 2
7 36 2
46 88 2
51 78 1
37 38 2
13 170 2
21 99 2
9 103 2
35 154 2
4 37 2
37 44 2
32 179 1
37 149 1
18 37 2
2 91 2
27 126 2
10 58 2
27 181 2
47 76 1
10 30 2
9 146 1
6 143 1
37 41 2
31 180 2
25 163 2
30 46 2
14 148 2
4 115 1
53 172 2
15 121 2
16 40 2
48 184 1
36 51 2
32 144 2
47 153 2
22 73 1
30 73 2
5 56 2
22 44 2
1 36 2
47 59 2
0 56 2
52 124 2
52 57 2
42 142 2
22 136 2
43 44 2
28 59 2
58 110 2
9 12 2
23 41 2
5 22 2
44 58 2
27 60 2
52 165 1
12 170 2
21 141 2
49 87 2
21 142 1
25 49 2
59 146 1
43 105 2
6 11 2
54 76 2
8 170 2
55 168 1
30 79 1
34 79 2
26 50 2
41 187 1
36 49 2
6 23 2
50 185 2
6 89 2
5 151 2
59 115 1
12 23 2
62 70 1
24 150 1
33 102 2
30 86 2
9 49 2
6 24 2
4 11 2
54 122 1
59 168 1
10 40 2
20 88 1
5 16 2
44 47 2
56 130 2
1 149 2
56 96 1
30 181 1
59 97 2
37 52 2
26 33 2
7 161 2
50 60 2
42 174 2
2 52 2
36 58 2
3 10 2
37 51 2
30 58 2
28 48 2
27 45 2
56 150 2
33 43 2
7 120 2
43 144 1
18 56 2
61 165 2
30 34 2
14 146 2
41 159 2
21 47 2
8 50 2
58 135 1
42 54 2
21 25 2
44 81 2
9 10 2
11 141 1
26 90 2
41 143 1
8 159 2
35 173 1
31 49 2
32 36 2
20 125 2
0 58 2
14 144 2
55 118 2
7 30 2
52 132 1
21 156 2
0 152 2
55 59 2
4 142 2
10 11 2
5 91 2
17 62 2
13 49 2
37 159 2
21 46 2
12 22 2
62 184 1
8 62 2
8 45 2
57 78 2
60 164 2
9 25 2
48 180 2
30 121 1
47 154 2
0 24 2
8 31 2
62 98 1
34 181 1
35 148 2
6 10 2
32 167 2
45 99 1
26 35 2
1 67 2
39 104 2
24 43 2
0 133 2
42 85 2
26 136 2
23 102 1
32 58 2
44 144 1
21 61 2
28 65 1
11 47 2
9 23 2
13 53 2
27 89 2
23 75 1
24 47 2
29 51 2
15 128 1
34 42 2
29 38 2
34 134 1
17 98 2
43 176 1
58 63 2
49 167 2
0 180 2
41 57 2
57 127 2
22 82 2
28 32 2
51 57 2
42 115 1
50 157 2
23 36 2
44 57 2
61 147 2
35 42 2
51 158 2
22 39 2
16 53 2
21 126 1
44 185 2
43 61 2
58 81 2
44 94 2
11 42 2
6 69 1
30 56 2
17 42 2
24 158 2
38 59 2
57 167 2
62 66 2
2 145 2
9 56 2
35 49 2
44 49 2
28 50 2
14 113 2
51 54 2
0 19 2
23 31 2
38 185 2
17 117 2
2 68 1
43 50 2
21 24 2
14 182 2
16 114 2
6 8 2
51 79 1
25 38 2
1 102 2
32 76 1
3 130 1
1 6 2
28 164 1
45 81 2
3 15 2
23 40 2
5 58 2
23 34 2
29 160 1
28 55 2
26 164 1
9 20 2
1 152 2
34 125 2
15 142 1
23 45 2
5 76 1
58 68 2
22 145 1
53 60 2
57 75 1
59 114 1
53 140 2
38 163 2
18 20 2
14 65 1
8 34 2
32 61 2
15 19 2
14 54 2
52 90 2
0 151 2
34 128 2
4 23 2
49 148 1
4 31 2
15 53 2
17 189 2
40 141 1
7 61 2
21 55 2
15 41 2
7 69 2
27 188 1
60 184 1
2 182 2
48 86 2
9 35 2
48 186 2
53 150 2
27 31 2
0 46 2
0 29 2
47 62 2
12 25 2
13 52 2
35 86 2
41 183 2
7 158 2
17 59 2
47 186 2
56 146 2
56 112 2
37 158 2
46 89 1
26 48 2
28 121 1
26 188 1
16 43 2
3 25 2
1 44 2
38 47 2
42 95 1
1 59 2
29 31 2
35 57 2
45 74 2
16 136 2
2 36 2
11 171 1
30 131 1
30 149 2
29 107 2
50 117 2
44 118 1
4 78 2
26 122 2
15 42 2
26 114 1
36 128 2
0 186 2
21 116 1
18 30 2
33 62 2
48 111 2
7 18 2
15 155 2
60 187 2
36 161 2
48 57 2
52 155 2
10 126 1
44 79 2
17 61 2
44 184 2
48 54 2
62 116 2
3 114 2
3 8 2
21 22 2
21 42 2
51 52 2
9 48 2
37 167 2
56 61 2
39 100 2
32 35 2
7 19 2
42 59 2
25 34 2
58 86 1
19 50 2
42 58 2
12 59 2
32 40 2
49 92 1
59 128 2
58 174 2
1 53 2
23 104 2
58 158 2
50 59 2
3 122 1
6 161 2
21 94 2
23 114 2
54 164 2
13 28 2
14 45 2
62 171 2
27 142 2
19 129 1
1 113 2
3 91 2
31 56 2
9 52 2
28 38 2
21 180 2
1 17 2
36 125 1
28 91 1
9 68 2
22 121 1
23 175 2
38 188 2
6 137 2
22 49 2
34 153 1
15 50 2
28 177 2
10 106 2
38 49 2
3 166 2
9 50 2
58 78 2
41 78 2
2 10 2
39 76 2
41 50 2
43 46 2
3 13 2
22 52 2
38 66 2
53 127 1
58 170 1
11 99 2
19 183 2
16 20 2
4 144 2
16 179 2
52 80 2
52 140 2
60 78 2
15 71 2
26 36 2
19 169 2
14 38 2
44 157 1
20 63 2
40 51 2
8 22 2
25 151 2
19 131 1
37 123 2
9 131 1
36 182 1
4 51 2
54 160 2
3 12 2
16 82 2
23 161 2
21 40 2
4 22 2
53 77 2
37 188 1
11 20 2
29 109 2
17 65 2
24 44 2
44 87 2
30 60 2
3 173 2
25 61 2
31 160 1
33 163 2
8 88 2
54 173 2
20 53 2
23 113 2
15 152 2
17 137 2
48 135 2
13 15 2
45 167 1
5 20 2
13 181 2
33 60 2
38 119 2
0 92 2
52 72 2
22 46 2
33 41 2
25 45 2
45 183 2
51 149 1
54 92 2
55 149 1
23 137 1
52 187 2
31 188 2
45 92 2
24 33 2
16 70 1
58 168 2
34 164 2
47 149 2
5 49 2
42 130 2
12 136 1
4 81 2
11 31 2
40 105 2
58 79 2
25 125 2
50 181 2
35 73 2
2 15 2
33 45 2
13 160 1
5 46 2
8 96 2
34 36 2
16 71 1
23 71 2
11 14 2
50 139 2
53 115 1
7 53 2
60 66 1
3 47 2
9 59 2
0 4 2
24 40 2
27 121 2
22 69 2
20 61 2
7 128 1
60 175 1
6 25 2
13 54 2
26 47 2
53 73 2
35 48 2
59 143 2
60 105 2
60 136 1
18 53 2
11 51 2
29 52 2
19 113 2
24 25 2
31 45 2
8 90 1
55 95 2
32 185 1
4 59 2
55 56 2
10 42 2
19 88 1
7 28 2
27 132 1
15 158 1
22 151 2
2 23 2
17 133 1
20 38 2
2 17 2
26 81 2
5 57 2
42 45 2
1 13 2
10 17 2
30 52 2
18 50 2
0 115 2
62 129 2
45 187 2
24 49 2
34 57 2
27 96 2
38 58 2
40 55 2
32 37 2
44 60 2
44 89 2
34 53 2
41 146 1
9 34 2
61 73 2
16 81 2
7 162 2
3 22 2
33 74 1
18 116 2
25 64 2
54 104 2
51 85 2
7 65 2
23 73 2
7 54 2
37 152 1
46 116 1
31 51 2
35 37 2
51 126 2
21 44 2
49 105 2
29 59 2
38 100 2
6 48 2
40 171 2
4 150 2
6 106 2
51 151 1
25 27 2
12 100 2
39 186 2
56 62 2
14 59 2
27 186 1
0 109 2
18 49 2
14 41 2
8 172 2
39 42 2
11 45 2
18 55 2
23 68 1
40 183 1
23 181 2
19 142 1
8 46 2
50 88 2
56 122 2
1 29 2
44 99 2
9 101 1
31 44 2
52 136 1
23 134 1
1 32 2
60 99 2
17 22 2
59 170 1
4 138 1
42 46 2
45 67 2
28 185 2
18 61 2
3 146 2
7 23 2
33 103 1
12 184 2
56 106 2
18 132 1
1 168 2
19 47 2
49 154 1
3 55 2
3 68 2
7 175 2
7 140 1
20 62 2
26 57 2
4 116 2
26 60 2
13 137 2
3 21 2
12 95 2
28 97 2
0 55 2
6 58 2
56 103 2
4 171 2
38 39 2
12 34 2
44 48 2
35 78 2
25 138 2
4 58 2
39 60 2
18 62 2
32 46 2
22 53 2
31 68 2
9 114 2
1 91 1
52 127 2
35 130 2
5 19 2
56 70 2
25 33 2
3 28 2
17 151 2
6 103 2
21 23 2
23 60 2
32 55 2
46 119 1
32 82 1
16 54 2
3 14 2
8 95 2
22 54 2
7 29 2
14 17 2
3 51 2
31 62 2
28 85 2
18 180 2
45 58 2
24 105 2
34 54 2
45 104 2
47 163 2
39 151 2
40 126 2
7 129 2
5 107 2
20 177 2
58 75 2
15 56 2
11 26 2
8 164 2
11 12 2
9 28 2
41 45 2
27 36 2
7 51 2
2 58 2
10 13 2
24 139 1
2 119 1
6 97 2
2 54 2
31 96 2
9 47 2
4 124 2
23 42 2
32 147 1
39 181 2
19 167 1
2 53 2
9 77 1
50 189 1
44 171 2
13 87 2
15 83 2
45 144 2
10 165 2
32 52 2
28 76 1
26 74 2
24 37 2
6 136 1
62 164 1
16 168 2
50 130 2
30 159 2
17 134 2
5 98 1
27 182 2
1 12 2
29 163 1
48 154 2
29 80 2
13 29 2
55 158 1
57 62 2
4 147 2
42 106 2
41 160 2
17 40 2
20 48 2
20 93 1
21 48 2
26 42 2
11 36 2
22 28 2
34 35 2
9 22 2
6 47 2
41 74 2
42 65 1
36 114 2
22 140 2
31 41 2
25 35 2
30 69 1
13 58 2
11 54 2
12 24 2
15 114 1
31 43 2
17 32 2
47 101 2
26 58 2
17 108 2
33 161 2
35 124 1
9 142 2
37 50 2
16 66 2
35 100 1
29 45 2
25 53 2
49 58 2
19 144 1
48 49 2
22 75 1
61 161 2
9 104 2
3 169 2
6 31 2
20 57 2
41 112 2
62 145 1
37 125 2
46 72 1
40 83 2
23 30 2
59 116 1
24 80 2
13 97 2
50 151 2
16 159 2
3 37 2
5 153 2
60 80 2
39 158 1
41 173 2
60 155 2
15 97 1
7 106 2
38 179 1
39 175 2
30 41 2
14 93 2
18 43 2
17 165 2
45 59 2
51 184 2
24 30 2
22 142 2
19 36 2
15 176 2
56 87 2
26 111 2
17 63 2
23 132 2
16 132 2
0 93 2
39 62 2
30 141 2
7 42 2
6 30 2
0 73 1
20 116 2
45 56 2
8 78 2
28 45 2
14 90 2
2 169 1
34 47 2
6 46 2
12 52 2
30 53 2
17 73 2
41 164 1
27 40 2
8 122 2
19 22 2
41 114 1
20 32 2
36 110 1
30 179 1
12 166 2
24 56 2
13 95 2
58 101 1
35 176 1
18 112 1
52 62 2
54 67 1
16 60 2
13 157 2
10 78 2
29 165 1
14 107 1
8 16 2
11 128 1
13 35 2
11 32 2
39 96 2
36 59 2
23 81 1
48 149 2
50 67 1
13 18 2
10 84 2
12 54 2
3 57 2
42 112 1
42 78 2
47 111 2
14 50 2
15 94 1
6 39 2
39 119 2
8 150 2
10 104 2
12 55 2
26 129 1
0 157 1
44 136 2
24 35 2
37 129 1
7 31 2
59 60 2
36 144 2
39 112 2
53 144 2
24 51 2
10 150 2
34 175 1
22 185 2
4 5 2
32 181 1
4 48 2
23 120 2
53 70 2
5 123 2
24 124 2
47 108 2
36 53 2
47 168 2
0 3 2
4 20 2
43 92 2
62 106 2
45 50 2
6 22 2
26 139 1
31 91 2
2 47 2
3 69 2
16 90 2
4 42 2
0 153 2
28 61 2
27 104 2
44 138 1
49 181 2
45 101 2
23 46 2
8 187 2
2 61 2
61 128 2
6 139 1
58 154 2
46 161 1
10 138 1
12 30 2
11 52 2
10 148 2
7 166 2
37 160 1
2 144 2
25 31 2
5 23 2
27 35 2
7 98 1
54 98 1
2 120 2
16 51 2
14 58 2
3 53 2
1 133 1
7 50 2
22 31 2
32 88 2
60 117 1
25 156 2
1 15 2
16 97 2
13 36 2
7 25 2
32 60 2
47 123 2
32 54 2
22 71 2
45 55 2
10 51 2
9 94 2
19 100 1
31 169 1
42 186 1
46 166 2
40 54 2
43 62 2
22 58 2
7 59 2
30 38 2
27 62 2
57 59 2
40 48 2
17 184 1
15 120 2
26 55 2
15 44 2
49 189 1
16 52 2
39 162 1
33 120 2
7 84 2
2 67 2
27 88 1
48 167 2
33 151 2
6 174 1
33 136 1
20 75 2
36 155 2
49 178 2
13 177 2
9 151 1
30 116 1
0 166 1
29 98 2
46 52 2
34 61 2
1 52 2
29 119 2
26 28 2
12 56 2
59 144 2
45 53 2
13 27 2
7 38 2
9 15 2
16 57 2
25 52 2
14 29 2
20 55 2
62 140 1
4 18 2
2 165 2
25 93 1
39 51 2
45 155 2
4 14 2
10 176 2
25 183 2
54 135 2
29 37 2
61 72 2
61 134 2
3 42 2
24 169 1
19 37 2
8 38 2
54 75 2
34 70 2
4 113 1
28 57 2
10 28 2
17 34 2
28 104 1
33 46 2
10 82 2
59 159 2
41 43 2
33 105 2
15 127 2
53 108 1
53 56 2
59 179 1
58 80 2
24 85 2
26 106 2
36 142 2
32 44 2
13 42 2
51 181 2
22 106 2
3 43 2
9 78 2
46 84 1
21 27 2
1 26 2
26 79 1
2 142 2
12 33 2
13 66 1
25 74 2
10 64 1
29 40 2
0 26 2
51 142 2
2 62 2
13 55 2
3 71 1
3 52 2
33 38 2
40 150 2
36 55 2
46 48 2
60 109 2
50 154 2
60 93 2
18 113 1
24 71 2
9 43 2
52 79 2
16 112 2
16 78 2
35 54 2
31 81 2
54 121 2
28 174 2
1 107 1
29 148 1
37 186 2
13 32 2
0 5 2
23 82 2
26 97 2
2 21 2
41 127 2
1 4 2
12 40 2
54 87 2
20 189 1
39 75 1
57 187 1
53 54 2
58 60 2
26 113 2
57 110 2
24 125 2
62 102 1
6 61 2
55 61 2
44 55 2
18 103 1
28 62 2
8 55 2
37 48 2
55 188 2
62 188 2
40 160 2
50 111 1
59 163 1
32 124 2
33 180 2
59 83 2
14 77 1
56 91 1
56 58 2
47 155 2
18 82 1
37 139 1
28 161 2
39 73 2
49 55 2
24 60 2
40 130 2
45 49 2
58 62 2
1 3 2
0 1 2
52 100 2
50 132 1
0 11 2
0 31 2
48 83 2
44 158 1
34 45 2
27 158 2
47 189 2
30 102 1
57 118 2
7 58 2
24 178 1
40 101 2
10 61 2
2 4 2
3 5 2
43 143 1
18 97 2
2 153 2
40 73 1
57 172 2
42 144 2
23 29 2
51 179 2
0 53 2
10 96 2
32 154 1
24 87 1
0 21 2
24 59 2
37 72 1
8 24 2
50 69 1
30 91 1
7 57 2
38 45 2
40 123 2
0 124 2
9 149 2
48 79 1
45 61 2
46 142 2
46 53 2
24 70 2
12 51 2
51 114 1
32 143 2
4 35 2
29 39 2
22 87 1
41 47 2
33 85 2
1 189 2
28 35 2
53 118 1
43 149 1
46 182 2
16 47 2
4 60 2
19 57 2
33 178 1
29 162 2
49 117 1
29 61 2
5 47 2
15 63 1
3 35 2
37 58 2
21 34 2
12 21 2
16 50 2
6 35 2
1 16 2
16 29 2
48 187 2
32 39 2
34 56 2
25 83 2
2 107 2
13 17 2
44 149 2
10 116 2
53 74 1
44 148 2
10 139 2
15 60 2
1 120 2
28 103 1
5 175 2
2 73 2
27 58 2
4 134 1
51 77 2
19 26 2
37 45 2
27 56 2
40 46 2
53 81 2
6 42 2
42 117 1
22 127 2
17 140 2
10 153 2
59 96 1
8 57 2
24 144 2
40 47 2
35 36 2
44 121 2
22 38 2
49 150 2
16 21 2
1 126 2
15 131 2
8 119 1
19 69 2
21 188 2
15 85 2
28 77 1
27 165 2
5 99 2
26 123 2
25 97 2
25 51 2
27 38 2
27 29 2
45 51 2
28 60 2
32 173 2
15 46 2
6 169 2
14 164 2
48 58 2
20 54 2
18 38 2
56 76 2
7 27 2
49 163 1
21 110 2
20 44 2
45 52 2
14 21 2
28 58 2
33 53 2
18 186 2
0 30 2
32 160 2
41 58 2
33 49 2
61 163 1
29 67 2
31 69 1
37 171 2
52 53 2
40 43 2
50 87 2
43 187 1
14 42 2
54 56 2
1 34 2
24 36 2
13 47 2
25 91 2
3 6 2
6 135 2
12 125 2
1 172 1
40 94 2
37 59 2
30 111 2
53 59 2
19 154 2
53 134 2
9 128 2
50 134 2
24 26 2
3 16 2
13 68 2
34 52 2
17 90 1
33 160 1
49 160 2
14 105 1
35 92 2
5 32 2
53 154 2
11 50 2
40 84 2
12 103 1
20 128 2
33 34 2
15 22 2
51 135 1
58 167 2
22 150 2
28 46 2
1 11 2
38 161 2
13 133 2
4 162 1
1 19 2
42 48 2
16 58 2
33 100 2
12 46 2
6 36 2
18 26 2
59 76 2
16 115 2
27 28 2
21 39 2
4 130 2
43 63 1
27 163 2
49 60 2
57 178 1
5 51 2
29 32 2
55 122 2
35 187 2
51 177 2
41 103 2
46 67 2
11 27 2
39 56 2
33 63 1
10 56 2
7 22 2
5 31 2
22 116 1
18 183 2
55 105 2
3 158 1
14 176 2
55 174 2
0 17 2
46 92 1
13 64 2
51 62 2
19 81 2
12 140 2
45 83 2
31 127 2
9 14 2
23 28 2
52 176 2
41 169 2
2 157 2
43 124 1
40 140 1
20 22 2
28 81 2
54 57 2
18 60 2
3 38 2
6 159 2
46 62 2
50 127 2
19 38 2
53 151 2
32 92 2
12 106 1
4 46 2
41 180 1
54 84 1
10 39 2
13 79 1
7 40 2
18 52 2
42 175 1
14 140 2
19 182 1
43 182 1
5 85 2
19 171 2
14 183 1
21 131 2
0 50 2
39 58 2
17 20 2
4 21 2
19 40 2
30 163 2
0 37 2
34 179 1
16 96 2
15 26 2
23 153 2
47 144 2
52 144 1
34 38 2
53 103 2
14 26 2
48 65 2
58 65 2
5 60 2
25 119 2
30 55 2
26 189 1
1 56 2
47 119 1
54 68 1
35 38 2
41 48 2
5 92 2
11 76 2
28 73 2
25 188 1
34 89 2
9 109 2
36 41 2
19 28 2
34 50 2
20 29 2
3 170 1
17 127 2
4 36 2
8 47 2
19 179 2
56 59 2
2 20 2
46 57 2
51 55 2
57 60 2
29 85 2
39 183 2
42 109 1
49 89 2
12 157 2
46 137 1
7 17 2
11 43 2
35 46 2
33 42 2
17 53 2
20 173 2
17 155 2
43 55 2
55 68 2
9 39 2
19 111 2
47 157 2
1 110 1
61 62 2
30 134 2
11 55 2
29 42 2
35 161 1
57 136 1
33 89 2
40 49 2
53 174 2
0 181 2
34 169 2
7 111 1
39 54 2
30 119 1
25 143 2
0 169 2
55 159 1
20 52 2
5 24 2
24 58 2
12 44 2
3 40 2
1 96 2
15 51 2
17 119 1
15 30 2
3 61 2
19 20 2
20 58 2
10 69 2
10 19 2
34 41 2
39 69 1
27 30 2
0 54 2
48 50 2
2 37 2
24 120 2
28 115 2
32 34 2
33 36 2
27 37 2
10 75 2
1 71 2
20 39 2
34 166 2
4 40 2
0 7 2
50 180 2
11 181 1
36 146 2
3 131 2
0 33 2
22 124 1
61 91 1
51 146 2
38 52 2
5 26 2
51 134 2
20 23 2
27 92 2
15 25 2
28 141 2
21 45 2
29 62 2
40 64 2
2 25 2
12 29 2
29 86 2
33 65 1
24 168 2
32 38 2
1 61 2
10 22 2
13 101 2
48 69 1
43 60 2
12 181 1
30 59 2
50 179 2
6 16 2
15 171 2
33 164 2
16 77 1
3 39 2
14 185 2
31 100 2
10 54 2
0 6 2
22 138 1
17 64 1
4 176 2
18 179 1
38 79 2
11 21 2
12 183 2
17 49 2
9 72 2
4 54 2
13 20 2
10 33 2
19 44 2
35 123 2
26 185 2
14 61 2
45 54 2
7 182 2
20 59 2
30 44 2
6 52 2
24 143 2
17 51 2
20 172 2
52 55 2
18 32 2
16 46 2
16 173 1
60 116 1
6 163 2
23 25 2
7 60 2
17 24 2
23 138 2
35 156 1
55 70 2
55 163 1
4 10 2
29 159 2
57 159 2
54 183 2
18 79 2
38 118 1
11 60 2
22 143 2
17 57 2
4 175 1
45 57 2
33 56 2
45 172 1
0 18 2
20 33 2
25 98 1
42 188 1
22 29 2
26 109 2
53 90 2
2 22 2
28 42 2
19 138 2
54 112 1
28 88 2
39 71 2
10 29 2
9 41 2
53 61 2
14 165 2
12 35 2
17 159 2
21 78 2
19 181 2
37 47 2
33 44 2
48 91 1
17 19 2
10 98 2
24 162 1
51 60 2
20 60 2
62 177 1
28 79 2
58 59 2
34 167 2
24 102 1
34 95 1
36 45 2
1 97 2
8 60 2
2 60 2
38 43 2
16 74 2
32 53 2
17 31 2
42 182 2
16 37 2
15 182 2
58 70 2
4 82 2
35 126 1
27 44 2
12 17 2
28 31 2
53 114 2
9 26 2
24 92 2
52 139 2
47 137 2
37 46 2
30 43 2
26 30 2
15 31 2
18 29 2
6 179 2
46 122 2
16 44 2
3 27 2
18 145 2
14 133 2
41 87 2
35 43 2
61 148 2
56 126 1
61 149 2
29 188 2
31 76 1
25 47 2
57 79 2
16 87 1
4 25 2
13 25 2
11 38 2
10 125 2
31 33 2
61 115 2
25 30 2
2 135 1
7 43 2
36 54 2
21 54 2
19 108 2
1 18 2
14 112 1
49 62 2
43 56 2
5 79 2
1 37 2
6 62 2
62 134 1
26 167 2
17 77 2
38 129 1
10 47 2
38 48 2
3 41 2
8 15 2
23 51 2
45 170 1
45 174 1
9 46 2
29 47 2
20 46 2
31 165 1
19 155 1
13 59 2
33 183 2
62 172 2
5 11 2
60 77 1
21 35 2
24 159 1
22 47 2
0 40 2
11 16 2
24 79 2
13 40 2
18 187 1
20 89 2
40 155 2
1 5 2
27 151 2
19 34 2
4 19 2
14 34 2
16 38 2
47 81 1
5 142 1
24 61 2
9 42 2
12 147 2
17 149 2
8 163 2
10 73 1
49 52 2
22 45 2
36 163 1
23 35 2
29 35 2
3 56 2
14 187 2
8 52 2
18 184 2
10 20 2
24 174 1
18 75 2
5 8 2
31 167 1
22 81 2
48 124 1
3 49 2
6 17 2
15 20 2
55 147 1
46 109 2
20 30 2
22 37 2
19 59 2
36 176 2
9 76 2
13 37 2
9 38 2
11 48 2
48 162 1
10 70 1
41 55 2
37 55 2
18 101 2
26 80 1
6 134 2
1 25 2
4 122 2
8 41 2
5 53 2
52 175 1
5 176 2
22 164 1
41 62 2
55 160 1
24 82 2
50 146 2
20 122 2
5 17 2
5 12 2
45 103 2
48 71 2
16 164 1
43 49 2
40 109 2
47 139 2
19 134 2
9 83 2
32 104 2
13 175 2
33 64 2
29 177 2
21 43 2
19 157 1
9 93 2
12 57 2
23 44 2
3 33 2
43 99 2
12 49 2
10 52 2
3 4 2
50 78 1
25 46 2
35 90 1
20 95 1
0 162 2
20 142 2
13 16 2
9 44 2
31 90 2
47 55 2
16 172 1
1 73 2
51 180 2
6 60 2
38 127 2
13 99 2
50 52 2
23 158 1
23 47 2
54 91 1
47 78 2
5 73 2
13 94 1
16 75 2
11 137 2
9 11 2
4 8 2
31 58 2
16 26 2
16 28 2
1 42 2
58 163 2
34 64 1
4 17 2
14 48 2
29 127 2
15 104 2
10 142 2
60 132 1
8 87 2
28 29 2
7 94 1
45 62 2
13 73 2
46 82 2
44 61 2
33 146 1
16 22 2
17 43 2
1 81 1
5 29 2
27 49 2
9 27 2
25 103 2
20 21 2
3 36 2
38 40 2
15 79 1
17 33 2
52 63 1
18 76 2
7 14 2
16 152 2
17 148 1
1 2 2
16 111 2
18 143 2
60 108 1
40 57 2
5 80 2
5 90 2
3 183 2
7 73 1
37 144 1
54 55 2
1 31 2
13 21 2
18 44 2
28 109 1
5 37 2
22 57 2
41 148 2
2 11 2
15 43 2
42 108 2
22 56 2
14 139 1
6 19 2
36 120 2
49 182 2
3 75 1
54 182 1
49 106 1
4 15 2
48 53 2
20 41 2
51 97 2
51 168 2
47 145 2
45 121 2
20 118 1
13 171 1
0 127 1
16 160 1
4 152 2
10 152 2
49 72 1
17 122 1
41 85 2
16 147 2
40 175 1
26 119 1
8 14 2
28 30 2
15 175 2
48 158 2
24 31 2
11 172 2
9 45 2
23 180 1
23 129 2
0 23 2
51 56 2
26 40 2
32 98 2
29 103 2
30 64 2
42 99 2
49 88 1
27 83 1
40 58 2
49 51 2
27 109 1
40 56 2
34 66 2
49 84 2
14 30 2
39 44 2
31 39 2
27 65 2
31 46 2
50 58 2
3 9 2
32 115 2
26 53 2
57 103 2
40 66 2
48 61 2
40 53 2
44 52 2
15 47 2
32 94 2
29 65 2
6 125 2
49 97 1
48 109 2
4 166 2
8 17 2
1 27 2
6 155 2
21 171 2
42 184 2
24 41 2
21 64 2
23 52 2
9 125 2
38 51 2
32 138 2
42 136 2
4 53 2
37 118 2
47 94 2
59 79 1
6 110 1
61 180 2
6 41 2
24 29 2
9 60 2
6 26 2
17 48 2
1 7 2
8 107 1
5 121 2
54 115 1
10 55 2
38 176 1
56 82 2
49 151 1
54 167 1
9 62 2
11 115 2
29 33 2
1 69 2
22 55 2
20 119 2
10 38 2
61 166 2
15 28 2
15 49 2
53 162 2
28 155 2
37 166 2
37 49 2
62 187 2
41 188 2
6 34 2
47 132 1
38 75 1
57 109 1
51 159 2
51 145 2
3 20 2
48 103 2
11 98 1
45 122 2
11 90 1
38 41 2
21 172 2
37 181 2
57 152 2
35 179 2
22 50 2
25 189 2
13 19 2
57 129 2
10 129 1
11 33 2
41 54 2
10 46 2
54 155 2
39 53 2
4 185 2
13 57 2
13 51 2
30 117 1
59 154 2
38 149 2
30 45 2
35 68 1
7 133 1
39 117 2
4 151 1
6 50 2
12 32 2
32 48 2
39 180 2
3 81 2
18 134 1
36 162 2
41 113 2
39 102 2
15 59 2
25 42 2
54 61 2
25 26 2
56 187 2
47 72 2
14 27 2
43 65 1
42 158 1
58 136 2
12 138 2
0 47 2
55 58 2
33 37 2
25 55 2
46 129 1
58 180 1
34 39 2
12 53 2
10 27 2
4 153 2
44 154 2
17 153 2
1 9 2
1 23 2
21 107 1
17 54 2
10 166 1
29 132 1
27 154 2
4 143 1
10 15 2
30 185 1
1 186 1
8 37 2
6 59 2
38 44 2
35 95 2
28 95 2
58 176 2
7 173 2
11 124 2
28 156 2
4 52 2
32 163 2
0 61 2
25 85 2
7 32 2
37 107 2
52 159 2
11 165 1
55 110 1
60 75 2
24 66 2
18 71 1
34 132 2
21 59 2
8 25 2
19 56 2
17 82 2
62 155 2
0 2 2
49 104 2
55 74 2
18 28 2
2 156 2
40 50 2
21 102 2
47 97 1
61 137 2
27 33 2
32 63 2
12 61 2
1 45 2
13 188 2
46 60 2
22 132 2
28 87 2
62 183 2
34 60 2
0 52 2
34 149 2
22 43 2
51 95 2
32 47 2
44 180 2
10 80 2
15 39 2
51 69 2
24 179 2
22 61 2
55 113 1
61 70 1
25 44 2
62 104 1
21 118 2
7 21 2
14 115 2
6 109 2
54 147 2
43 189 2
36 83 2
12 142 2
45 154 2
60 156 2
5 158 1
23 159 1
32 184 2
3 189 2
37 54 2
5 28 2
47 54 2
55 102 2
1 137 2
7 186 1
7 77 1
56 57 2
50 183 2
13 178 2
47 48 2
26 66 1
7 46 2
11 39 2
62 72 1
2 83 2
45 48 2
10 23 2
23 87 1
56 159 2
11 117 1
0 14 2
52 174 1
30 90 2
60 167 2
33 57 2
27 131 2
52 162 2
54 129 2
56 153 2
10 101 2
35 82 2
19 83 2
10 14 2
32 134 2
7 55 2
14 37 2
13 34 2
31 94 2
7 34 2
14 51 2
54 141 1
61 116 2
60 163 1
27 128 1
0 20 2
29 129 1
6 175 1
23 43 2
30 48 2
41 94 1
43 51 2
45 125 1
8 29 2
19 30 2
58 111 2
50 65 2
10 34 2
19 21 2
38 56 2
55 96 1
56 169 2
57 135 1
43 126 2
9 40 2
9 37 2
27 42 2
42 44 2
6 72 2
57 94 1
12 48 2
19 27 2
4 72 2
9 129 2
12 20 2
39 160 2
59 118 2
2 35 2
20 107 2
23 143 2
27 139 2
7 86 2
25 81 1
23 56 2
13 80 2
26 51 2
58 130 1
13 150 2
11 160 2
41 86 1
4 73 1
34 51 2
6 32 2
16 131 2
53 160 2
14 57 2
6 119 2
0 22 2
8 32 2
5 94 1
2 7 2
7 35 2
27 107 2
40 136 2
52 113 2
26 93 2
26 63 2
27 51 2
34 96 2
7 15 2
17 182 1
29 30 2
4 32 2
25 187 2
0 32 2
56 117 2
14 19 2
22 41 2
45 60 2
20 31 2
39 165 2
3 140 1
11 19 2
7 45 2
62 74 2
22 66 1
15 45 2
34 104 2
4 179 2
21 36 2
60 104 2
44 115 2
55 77 2
48 74 2
20 27 2
4 98 2
52 180 1
23 76 1
11 29 2
45 113 1
50 124 1
17 39 2
49 146 2
23 48 2
30 33 2
0 117 2
34 97 2
36 181 2
15 188 2
36 118 2
17 25 2
17 129 1
61 189 1
58 169 2
42 71 1
31 143 2
35 135 2
10 43 2
10 85 1
54 73 2
46 58 2
53 125 2
16 109 2
13 149 1
4 6 2
36 57 2
50 184 2
24 119 2
61 75 2
43 140 2
18 36 2
7 179 2
6 53 2
1 14 2
49 173 2
22 174 1
37 85 2
34 183 2
29 141 2
41 133 2
33 54 2
33 177 2
42 80 2
2 56 2
11 18 2
24 173 1
54 156 1
48 59 2
24 96 1
17 36 2
24 39 2
50 162 2
23 125 2
42 52 2
26 46 2
36 46 2
12 126 1
15 119 2
12 36 2
35 47 2
50 120 1
30 120 2
29 53 2
4 140 2
27 148 2
53 153 2
7 13 2
61 113 2
7 62 2
11 61 2
9 33 2
51 58 2
47 87 2
37 162 2
8 184 2
52 186 2
37 86 2
5 78 2
21 32 2
52 185 2
27 160 1
25 41 2
15 58 2
17 56 2
20 51 2
17 70 1
44 163 2
3 187 2
5 45 2
12 185 2
4 109 2
54 60 2
40 88 2
6 15 2
26 178 2
35 44 2
22 51 2
24 93 2
2 147 1
8 12 2
42 87 2
26 142 2
3 46 2
14 36 2
47 80 1
1 10 2
14 103 2
25 50 2
36 47 2
35 40 2
9 58 2
14 25 2
8 10 2
20 154 2
21 66 2
44 170 2
36 127 2
31 189 2
29 34 2
54 102 2
46 94 2
1 60 2
58 121 2
15 153 2
41 123 2
62 111 2
50 56 2
46 170 2
26 96 2
29 56 2
6 116 2
18 48 2
7 44 2
21 41 2
22 40 2
10 32 2
32 50 2
33 171 1
12 13 2
28 67 1
52 151 1
19 147 1
10 79 1
30 70 2
2 46 2
55 171 1
18 72 2
16 41 2
4 13 2
39 57 2
49 147 1
3 32 2
19 46 2
46 131 1
31 42 2
32 33 2
33 144 2
42 187 2
7 72 2
41 161 1
18 46 2
43 165 1
57 164 2
57 85 1
44 181 2
15 16 2
4 47 2
42 49 2
16 174 2
6 154 1
26 27 2
43 163 2
9 29 2
0 69 2
40 52 2
15 34 2
48 140 2
23 39 2
9 97 2
34 139 2
10 48 2
56 156 2
40 60 2
46 150 2
17 179 2
32 42 2
1 62 2
21 67 1
35 152 2
55 109 2
14 147 2
18 25 2
40 121 2
53 169 1
36 38 2
55 167 2
43 75 2
18 23 2
15 57 2
26 29 2
3 115 2
20 45 2
55 57 2
21 97 1
23 142 1
13 85 2
34 85 2
51 169 1
30 96 2
0 13 2
25 62 2
24 116 2
61 105 1
52 93 2
31 35 2
29 54 2
21 144 2
26 125 1
13 83 2
14 40 2
17 131 1
45 108 2
55 111 2
15 169 1
47 131 2
26 70 2
40 61 2
10 35 2
2 31 2
37 57 2
7 52 2
46 179 2
61 151 2
12 172 1
21 51 2
2 50 2
58 72 2
60 189 2
39 40 2
10 36 2
49 130 2
15 147 2
51 72 1
11 56 2
30 37 2
18 27 2
13 45 2
25 176 2
31 148 2
53 82 2
51 63 2
16 61 2
43 186 2
51 80 1
31 52 2
30 39 2
6 160 2
23 72 1
40 44 2
42 159 2
22 25 2
36 178 2
11 125 2
10 45 2
48 56 2
40 119 1
4 61 2
17 46 2
1 38 2
8 183 2
53 62 2
8 59 2
39 72 2
55 83 2
24 147 2
17 44 2
59 81 1
25 171 2
17 172 2
42 60 2
0 36 2
44 128 2
32 161 2
32 84 1
40 78 2
54 125 1
12 15 2
19 116 2
58 67 2
42 47 2
31 113 1
46 134 1
30 81 1
20 24 2
20 43 2
6 9 2
7 115 2
53 176 1
56 136 2
49 124 2
41 51 2
9 30 2
6 182 2
19 23 2
25 88 1
8 169 2
45 70 2
59 85 2
29 57 2
4 29 2
18 42 2
27 50 2
37 155 1
43 67 1
9 18 2
0 62 2
45 46 2
2 49 2
12 16 2
13 43 2
6 111 2
18 128 2
18 80 2
54 189 1
42 61 2
13 183 2
6 44 2
59 112 2
13 44 2
15 76 1
29 156 2
5 185 1
11 169 1
34 136 2
15 29 2
43 86 2
17 21 2
49 61 2
35 117 1
23 64 2
12 145 2
54 59 2
25 39 2
38 92 2
9 51 2
22 167 2
58 107 2
34 37 2
39 59 2
52 58 2
16 94 2
16 183 1
38 160 1
22 187 2
7 26 2
41 118 2
25 29 2
18 33 2
17 124 2
47 56 2
57 91 2
36 50 2
37 42 2
46 59 2
18 175 2
48 78 1
25 65 2
37 62 2
5 164 2
47 161 2
30 40 2
43 132 2
22 36 2
29 44 2
3 111 2
27 48 2
26 78 1
36 92 2
37 53 2
56 128 2
17 58 2
38 154 2
3 7 2
29 89 2
51 108 1
47 106 2
17 60 2
30 85 1
51 92 1
18 162 2
32 56 2
47 117 1
61 172 2
9 162 2
5 9 2
55 103 2
48 156 2
40 62 2
10 60 2
27 46 2
25 126 1
57 128 2
51 76 1
19 63 2
44 178 2
4 49 2
16 129 2
16 135 2
15 61 2
17 26 2
3 162 1
7 134 1
31 32 2
43 52 2
33 185 1
36 113 2
11 22 2
30 32 2
52 148 2
11 46 2
37 61 2
61 145 2
42 120 1
33 143 2
49 54 2
3 177 2
7 12 2
50 68 2
59 101 1
11 80 2
18 51 2
38 74 2
2 8 2
7 141 2
50 53 2
62 137 2
56 158 2
49 134 1
45 151 1
55 104 2
47 64 2
37 97 2
12 38 2
21 84 2
1 177 2
24 32 2
17 23 2
17 156 2
58 112 1
8 134 2
3 19 2
29 161 2
31 166 2
32 45 2
12 111 1
23 188 2
15 37 2
6 14 2
15 73 1
19 24 2
13 61 2
59 135 2
57 145 1
44 155 2
16 123 2
44 73 2
2 90 2
62 168 2
25 32 2
58 93 1
18 110 2
46 47 2
61 120 2
39 141 1
1 46 2
17 97 2
5 30 2
50 176 1
32 165 2
27 177 2
46 110 2
7 48 2
11 100 2
1 50 2
20 35 2
4 34 2
29 36 2
27 39 2
36 112 2
49 188 2
34 117 2
42 138 1
40 114 2
12 26 2
39 123 2
45 95 2
44 46 2
36 102 2
13 14 2
41 64 1
10 179 2
44 45 2
49 50 2
47 53 2
50 109 2
18 35 2
35 99 2
41 80 2
20 152 2
5 43 2
45 47 2
13 56 2
11 94 2
4 44 2
18 21 2
30 61 2
34 172 1
6 98 2
55 156 1
19 177 2
17 68 2
0 75 2
12 45 2
17 76 2
35 71 2
43 78 2
31 185 2
14 95 2
40 86 2
2 177 1
34 81 2
12 93 2
13 62 2
23 172 2
12 105 2
11 41 2
5 183 1
60 62 2
8 82 2
37 56 2
40 180 1
31 34 2
12 60 2
8 27 2
1 75 2
11 88 2
19 121 1
22 157 1
6 77 2
3 48 2
4 12 2
19 85 1
6 12 2
38 55 2
23 131 2
29 49 2
16 55 2
5 6 2
33 107 2
21 53 2
35 87 1
11 161 2
36 37 2
32 62 2
54 165 2
33 55 2
44 77 2
25 43 2
26 37 2
20 99 1
26 158 2
7 16 2
40 98 2
12 62 2
18 182 1
8 33 2
39 81 2
38 99 2
2 70 1
29 50 2
39 46 2
1 43 2
5 10 2
12 41 2
18 57 2
32 142 1
20 50 2
48 171 2
14 67 2
11 59 2
34 63 2
31 110 2
34 59 2
37 135 2
12 19 2
52 54 2
29 158 2
26 68 2
29 136 2
44 54 2
1 39 2
49 53 2
9 24 2
11 28 2
4 24 2
1 121 2
32 77 2
17 28 2
13 26 2
0 49 2
30 170 2
31 61 2
40 129 1
27 34 2
2 180 1
12 144 2
2 34 2
61 90 2
53 180 2
37 43 2
50 142 2
33 91 2
40 45 2
53 55 2
12 162 1
43 45 2
52 129 2
6 21 2
26 180 2
52 183 2
22 32 2
39 134 2
54 82 1
51 136 2
31 108 2
58 61 2
37 141 2
19 105 2
1 40 2
50 51 2
16 155 1
35 186 2
47 173 1
15 17 2
37 74 1
32 43 2
41 49 2
15 122 2
30 51 2
19 25 2
46 152 2
61 104 2
5 40 2
23 61 2
21 56 2
46 124 1
13 118 1
36 78 2
47 49 2
19 93 1
19 54 2
45 96 2
33 77 2
4 45 2
7 24 2
43 59 2
33 119 2
14 35 2
46 49 2
8 142 2
50 145 1
35 59 2
4 55 2
41 56 2
45 150 1
50 54 2
30 184 2
44 108 1
53 106 1
51 165 1
22 93 2
27 117 2
1 170 1
25 60 2
40 91 2
9 140 2
22 111 2
34 84 1
33 52 2
23 50 2
10 18 2
56 170 2
32 59 2
21 28 2
55 181 2
10 50 2
46 155 1
19 51 2
8 23 2
33 35 2
5 139 2
28 33 2
42 189 2
6 38 2
43 97 2
3 148 2
13 31 2
3 82 2
2 30 2
12 82 2
39 50 2
28 127 2
13 182 2
23 55 2
6 80 2
15 134 2
15 32 2
6 177 2
59 161 2
27 32 2
0 44 2
14 131 2
46 103 1
12 154 2
17 120 2
61 139 2
19 29 2
17 37 2
57 158 2
17 18 2
27 137 2
7 20 2
17 41 2
31 48 2
49 57 2
43 138 1
3 100 1
42 57 2
24 121 2
4 27 2
51 119 2
46 55 2
22 133 2
29 55 2
20 49 2
33 157 1
19 60 2
9 89 1
34 48 2
25 168 1
57 67 2
1 95 2
6 187 1
16 59 2
41 116 1
38 144 2
49 59 2
2 44 2
60 157 2
38 60 2
26 32 2
53 133 2
8 114 2
33 97 1
2 69 2
62 97 2
48 64 1
27 133 2
41 83 1
22 42 2
19 53 2
8 44 2
26 137 1
4 186 2
17 30 2
12 79 2
35 113 2
15 91 2
24 65 2
20 36 2
47 124 2
27 47 2
19 43 2
6 121 1
5 41 2
0 65 1
58 179 1
5 50 2
3 123 2
50 161 1
16 182 2
15 55 2
31 131 2
56 171 2
3 184 2
0 34 2
3 26 2
8 181 1
16 95 1
38 42 2
11 34 2
2 112 2
9 53 2
13 50 2
15 177 2
48 87 2
43 72 1
52 97 1
3 83 1
42 53 2
27 41 2
24 129 2
34 83 2
20 28 2
21 136 2
46 173 1
17 126 1
53 83 1
2 14 2
30 47 2
44 56 2
29 145 2
8 61 2
55 69 1
9 55 2
6 20 2
38 97 1
60 113 1
25 59 2
43 122 2
20 126 1
25 77 2
26 87 2
28 163 2
25 48 2
2 13 2
41 132 2
0 140 2
4 33 2
9 183 2
27 52 2
18 152 1
42 50 2
16 32 2
20 56 2
5 167 1
62 132 1
8 54 2
51 147 2
50 186 2
50 144 2
55 166 2
5 169 2
8 18 2
22 108 1
27 59 2
55 87 1
55 177 1
33 95 2
12 14 2
46 61 2
41 59 2
15 105 1
11 96 2
20 73 2
40 152 1
16 19 2
19 101 1
53 122 2
43 58 2
7 93 2
30 172 1
11 140 2
13 48 2
6 13 2
10 66 1
27 81 1
19 55 2
8 100 1
1 146 1
52 177 1
2 89 2
2 9 2
37 100 2
20 94 2
20 26 2
24 72 2
32 65 1
52 172 1
31 83 2
22 30 2
3 126 2
26 151 2
57 82 2
26 134 2
8 64 2
31 150 1
12 168 1
58 177 1
17 67 2
47 177 2
41 60 2
23 33 2
52 59 2
6 37 2
18 171 2
13 22 2
43 68 1
55 140 2
53 86 2
6 166 1
19 151 2
27 98 1
22 182 1
8 39 2
38 53 2
3 112 2
36 52 2
37 40 2
8 26 2
12 58 2
44 159 2
21 182 2
2 24 2
8 83 1
39 41 2
56 118 1
9 32 2
48 80 2
43 102 2
12 122 1
1 28 2
16 106 2
10 21 2
14 44 2
33 51 2
41 109 1
34 146 1
62 76 2
31 36 2
26 62 2
27 61 2
14 18 2
18 24 2
22 153 2
1 94 2
50 178 2
2 97 2
3 17 2
24 115 2
13 143 1
43 96 2
18 34 2
56 80 1
34 62 2
33 40 2
11 49 2
28 36 2
48 182 2
0 81 2
14 56 2
43 147 1
11 103 2
52 135 2
19 31 2
4 157 2
59 108 2
52 66 2
13 100 2
8 21 2
52 86 1
43 57 2
31 37 2
25 67 1
8 66 1
8 42 2
55 60 2
42 55 2
12 76 2
38 152 2
26 89 2
62 158 2
14 53 2
15 38 2
6 104 2
40 41 2
15 52 2
21 49 2
53 88 2
43 47 2
10 59 2
1 54 2
0 9 2
17 45 2
28 37 2
42 51 2
0 148 1
25 147 1
3 62 2
47 50 2
18 153 2
47 112 1
54 58 2
39 52 2
34 55 2
26 72 2
15 70 2
49 78 1
5 48 2
48 62 2
52 121 1
5 143 2
59 158 1
59 62 2
33 58 2
10 31 2
47 158 2
55 94 1
6 7 2
61 64 2
18 99 2
2 39 2
50 61 2
28 176 1
48 89 2
12 27 2
20 155 2
60 161 1
33 47 2
3 59 2
50 172 2
20 40 2
11 53 2
13 138 2
47 164 2
23 37 2
52 168 2
17 27 2
55 62 2
3 24 2
22 103 1
19 112 2
28 66 1
43 70 1
46 50 2
56 144 1
4 50 2
25 36 2
5 95 2
42 77 2
53 75 2
25 54 2
15 65 1
46 162 1
46 132 2
46 51 2
40 188 2
17 78 1
25 28 2
5 34 2
23 85 2
5 59 2
3 152 2
35 172 2
2 51 2
30 49 2
32 105 2
0 74 2
36 56 2
35 167 2
20 98 1
60 177 2
5 128 1
27 43 2
59 89 1
15 33 2
29 146 2
13 60 2
50 83 2
26 168 2
41 46 2
3 31 2
10 12 2
27 55 2
24 76 1
45 85 2
26 91 2
62 139 1
51 124 2
1 33 2
1 134 1
30 68 1
8 40 2
4 39 2
26 49 2
8 20 2
31 95 1
43 54 2
31 123 1
21 62 2
27 180 2
14 33 2
2 150 2
1 171 2
40 42 2
17 38 2
43 48 2
11 30 2
35 58 2
62 94 2
36 150 1
13 30 2
6 100 1
8 176 2
5 155 2
36 91 2
31 53 2
17 35 2
6 40 2
4 66 2
41 52 2
29 74 2
58 73 2
3 120 2
22 168 2
3 45 2
25 76 2
54 134 2
25 57 2
11 106 2
7 102 2
39 55 2
7 9 2
22 169 2
8 89 2
57 61 2
45 163 1
18 66 1
4 101 2
15 178 1
57 169 1
36 115 2
44 59 2
13 141 1
56 140 2
2 171 2
20 97 1
48 51 2
4 38 2
48 55 2
56 137 2
7 49 2
6 55 2
5 168 1
11 62 2
22 48 2
34 90 2
37 84 2
21 154 2
18 149 2
44 188 1
36 43 2
27 127 2
47 51 2
25 186 2
24 142 2
34 184 1
2 16 2
0 8 2
22 104 2
19 75 2
44 50 2
28 188 1
42 167 2
23 62 2
21 26 2
49 183 2
26 124 2
39 135 2
54 80 2
40 59 2
21 162 2
32 172 2
39 128 2
2 38 2
8 147 2
59 93 2
36 70 1
21 60 2
55 76 2
11 23 2
29 43 2
28 150 1
40 100 2
28 70 2
33 130 1
55 132 1
10 62 2
44 53 2
32 187 1
23 53 2
29 79 1
23 100 1
8 49 2
40 172 2
37 108 2
33 133 2
10 93 2
16 48 2
21 31 2
29 108 2
23 59 2
7 80 2
14 83 1
42 119 2
44 142 2
53 67 2
21 29 2
44 186 1
28 40 2
47 98 1
7 56 2
8 36 2
33 67 1
17 47 2
0 145 1
35 128 2
56 68 2
22 77 2
50 57 2
4 56 2
32 85 1
2 59 2
37 177 2
41 172 1
56 98 2
13 165 2
31 70 1
16 27 2
21 91 1
7 41 2
52 73 1
28 51 2
15 54 2
40 95 2
3 34 2
25 58 2
30 57 2
10 41 2
47 60 2
30 93 2
30 175 2
1 8 2
24 95 2
49 85 2
30 103 2
18 41 2
20 80 2
29 169 2
10 24 2
0 35 2
18 181 2
55 82 2
56 120 2
7 10 2
49 139 2
38 46 2
47 61 2
21 37 2
22 183 1
2 28 2
5 55 2
0 38 2
8 84 1
4 159 1
24 117 1
28 53 2
14 32 2
21 33 2
35 45 2
21 164 2
17 103 2
36 44 2
13 39 2
51 139 2
59 82 2
38 107 2
34 93 1
5 21 2
7 37 2
3 186 2
40 159 2
51 105 2
20 150 2
31 146 2
47 122 1
0 173 2
49 125 1
21 58 2
2 76 2
13 102 2
1 160 2
38 61 2
39 121 2
59 61 2
11 24 2
3 121 1
23 150 1
15 88 1
56 164 2
16 62 2
12 114 2
13 98 1
8 35 2
47 57 2
0 105 2
3 50 2
4 168 2
41 61 2
27 77 2
61 92 1
9 19 2
16 33 2
19 48 2
60 61 2
28 181 2
9 36 2
54 120 1
18 185 2
13 169 2
26 59 2
17 81 2
30 187 2
36 89 2
1 51 2
16 56 2
34 43 2
12 179 2
4 7 2
11 134 2
62 78 2
19 165 1
52 104 1
13 38 2
10 115 2
14 43 2
31 78 2
19 118 2
58 147 2
53 121 2
13 110 2
18 178 2
15 35 2
3 113 2
8 30 2
19 58 2
25 109 2
5 125 2
58 137 2
0 112 2
56 116 2
11 58 2
58 104 2
37 126 2
14 177 1
57 165 2
53 123 1
57 181 2
24 42 2
19 97 1
41 125 1
30 122 2
38 50 2
11 40 2
21 175 1
59 169 1
13 112 2
109 128 2
21 148 2
25 121 1
23 179 2
12 18 1
9 54 1
39 136 1
23 57 1
61 179 1
17 115 1
25 169 2
6 148 2
17 109 2
111 169 1
57 146 1
33 179 1
14 189 2
10 111 2
62 174 1
51 178 2
178 183 2
10 25 1
128 140 1
22 60 1
26 52 1
40 179 1
1 55 1
175 179 1
1 175 1
58 182 2
59 148 1
18 177 2
