% n=70 p=33 d=0.66 p_blue=0.66
% k=0
1 51 2
19 21 2
5 15 2
2 18 2
4 18 2
12 29 1
13 28 1
7 11 2
0 39 2
15 62 2
8 31 2
22 36 2
17 49 2
13 52 2
6 57 1
8 58 2
6 50 2
13 15 2
7 21 2
14 58 2
0 21 2
17 20 2
3 17 2
11 62 2
4 11 2
7 64 2
12 14 2
15 68 1
5 22 2
17 64 1
0 5 2
5 62 1
7 26 1
9 15 2
18 28 2
12 20 2
12 44 1
15 19 2
11 61 2
22 39 1
5 16 2
1 9 2
17 68 1
12 35 1
14 17 2
9 17 2
13 67 2
1 58 2
1 16 2
23 47 1
9 42 1
13 53 1
10 13 2
8 33 2
17 37 1
8 23 2
2 4 2
13 19 2
3 40 1
2 15 2
3 9 2
20 56 1
13 57 2
19 68 1
4 52 1
2 23 2
7 68 1
1 3 2
23 62 1
4 8 2
21 48 1
2 21 2
1 6 2
8 60 2
2 54 2
14 20 2
13 17 2
22 60 1
20 25 1
5 41 2
2 38 2
0 52 2
4 34 1
1 11 2
7 45 2
5 65 2
4 31 2
7 27 2
4 44 2
2 44 1
16 56 1
21 32 2
14 16 2
4 60 2
5 13 2
16 64 2
13 49 2
23 27 1
15 58 2
5 34 1
7 43 2
11 66 2
9 23 2
14 44 1
9 22 2
6 44 2
0 42 1
11 52 2
11 43 1
9 65 2
14 21 2
7 51 1
6 36 1
1 8 2
7 8 2
0 35 1
10 50 1
11 58 2
21 25 1
18 68 2
16 53 2
11 19 2
9 47 1
20 40 2
10 41 1
13 37 2
19 20 2
8 46 2
17 47 2
1 21 2
21 38 1
3 35 1
22 40 2
8 30 2
10 32 2
9 25 1
19 33 1
9 62 2
0 12 2
13 16 2
23 33 2
8 57 2
2 27 2
23 36 2
7 39 1
16 62 2
3 6 2
18 35 1
2 31 2
4 14 2
10 21 2
5 37 1
10 23 2
11 38 2
1 29 2
4 29 2
20 64 2
4 65 2
14 15 2
2 62 2
9 41 1
21 69 2
0 33 2
12 19 2
16 19 2
6 59 1
7 47 1
11 26 1
2 63 2
22 45 2
7 12 2
0 4 2
5 54 2
17 69 2
7 53 2
15 23 2
19 29 2
1 43 2
8 14 2
1 17 2
1 19 2
12 69 2
2 46 1
13 14 2
21 54 2
12 49 2
3 57 2
1 7 2
4 62 1
0 20 2
8 68 2
19 22 2
13 22 2
17 53 2
20 59 1
18 55 1
10 24 2
16 34 2
13 32 2
12 45 1
7 9 2
4 16 2
23 39 2
16 35 2
10 37 1
18 41 2
18 32 2
8 29 1
20 43 2
5 29 2
23 31 2
9 59 1
5 7 2
4 43 2
5 60 2
6 66 2
12 66 1
20 36 2
5 40 1
4 63 1
11 27 1
1 68 2
5 48 1
1 44 1
16 32 2
3 54 2
10 39 2
9 55 2
0 46 1
15 44 1
8 25 2
13 21 2
20 53 1
7 38 1
1 36 1
0 69 1
20 44 2
4 15 2
14 28 2
16 18 2
6 22 2
6 13 2
15 46 1
17 35 1
15 47 1
23 25 2
17 60 1
13 20 2
8 36 2
17 66 2
11 45 1
18 20 2
10 64 1
0 47 1
6 52 2
16 43 1
10 34 2
8 62 1
16 65 1
17 23 2
19 61 1
3 14 2
11 53 2
10 52 2
15 27 1
6 25 2
0 44 2
13 24 2
6 20 2
5 64 2
1 32 2
22 63 2
2 64 1
14 22 2
21 36 2
5 57 2
13 23 2
7 52 2
13 66 2
4 20 2
10 66 2
3 15 2
0 23 2
5 26 2
7 59 2
3 66 1
22 55 2
23 37 1
14 66 2
17 45 2
3 58 2
15 43 2
17 58 2
5 53 2
8 67 1
16 26 2
12 59 2
9 44 2
22 35 2
21 26 2
4 23 2
4 33 2
6 12 2
11 36 2
15 24 2
5 18 2
4 35 1
2 16 2
5 38 2
7 29 1
11 18 2
18 61 2
7 22 2
10 18 2
13 48 1
2 65 2
8 44 1
17 67 1
6 63 2
13 27 2
23 34 2
10 31 2
16 39 2
15 48 1
4 6 2
20 55 1
22 62 2
14 23 2
2 17 2
3 19 2
0 25 2
17 44 1
1 39 2
20 37 2
14 47 2
19 25 2
22 52 2
20 32 2
0 50 2
14 26 2
13 46 2
1 13 2
3 56 1
2 11 2
21 59 2
19 65 1
19 38 2
6 68 1
12 22 2
21 24 2
18 62 2
15 40 2
8 18 2
9 66 1
5 6 2
20 22 2
22 49 2
18 64 1
16 54 2
1 24 2
7 41 1
19 58 1
17 38 1
7 20 2
19 62 1
21 61 2
5 8 2
21 52 2
0 13 2
10 43 2
3 34 2
8 39 1
21 67 2
18 26 2
12 51 1
17 26 2
7 66 2
19 69 1
4 10 2
7 18 2
18 59 1
22 64 2
10 22 2
13 59 2
8 53 2
9 11 2
10 57 2
10 19 2
18 30 2
13 61 1
14 61 2
1 60 2
12 40 2
12 52 2
22 58 1
21 37 2
5 46 1
3 46 2
4 64 1
6 69 1
0 2 2
17 40 2
11 12 2
8 40 2
23 69 1
3 12 2
4 49 1
6 35 2
8 12 2
14 32 2
9 13 2
3 31 1
1 55 2
1 65 2
12 31 2
21 68 1
8 55 2
18 47 2
18 58 2
19 27 2
6 15 2
9 32 2
5 12 2
22 46 2
4 66 2
14 52 2
14 64 2
6 7 2
9 49 2
19 24 2
6 42 2
11 29 1
12 57 2
1 27 2
18 69 2
12 62 1
3 69 1
23 28 2
22 37 1
6 26 2
3 22 2
7 23 2
12 16 2
19 67 2
21 40 2
6 18 2
2 43 1
21 53 1
4 13 2
14 59 2
17 41 2
8 45 2
12 15 2
5 47 2
14 18 2
16 33 2
15 57 2
23 46 2
16 24 1
4 21 2
6 9 2
1 54 2
5 20 2
2 45 2
2 33 2
15 26 2
1 15 2
11 67 1
9 51 1
14 55 2
9 33 2
2 39 1
4 22 2
18 57 1
9 35 2
10 68 2
8 15 2
9 69 2
4 58 2
10 11 2
9 26 2
4 9 2
5 28 2
22 24 1
23 56 2
14 27 2
3 45 1
13 36 2
13 30 2
16 23 2
10 56 2
19 52 1
3 29 2
8 65 1
12 28 1
7 19 2
19 23 2
20 27 2
3 59 2
4 54 2
10 25 1
2 69 2
18 52 2
6 8 2
18 38 2
16 68 1
21 39 2
5 19 2
3 49 2
5 43 2
0 3 2
13 35 2
0 18 2
6 47 2
12 18 2
21 30 2
22 42 2
4 37 2
2 60 1
20 67 2
18 27 1
6 21 2
12 13 2
3 5 2
17 18 2
15 49 1
18 31 1
18 22 2
20 68 2
21 57 2
12 50 2
0 43 2
7 49 2
22 56 1
12 55 1
6 64 2
23 30 2
8 20 2
10 20 2
18 21 2
0 16 2
0 66 2
20 42 2
19 42 2
4 46 2
2 50 2
13 38 1
3 61 2
1 22 2
0 26 1
4 68 1
11 15 2
13 29 2
9 46 2
0 6 2
2 47 2
20 41 2
7 25 2
0 58 2
8 64 1
20 24 2
7 32 1
14 42 2
17 63 2
10 12 2
3 28 2
6 62 1
15 38 2
12 43 2
10 61 2
3 21 2
11 34 1
3 7 2
9 16 2
21 31 1
2 6 2
6 46 1
1 53 1
1 62 2
15 64 1
8 10 2
11 41 2
9 28 2
8 34 2
10 54 2
13 41 1
3 13 2
18 19 2
3 68 1
15 35 1
6 17 2
8 22 2
4 42 2
2 51 2
23 38 1
4 61 1
8 17 2
21 65 1
15 31 1
17 22 2
7 31 1
0 29 2
1 25 2
12 33 1
0 9 2
0 65 1
12 56 1
11 14 2
5 52 1
22 53 2
8 11 2
19 64 1
15 21 2
0 48 2
2 13 2
17 46 2
8 52 1
6 30 2
1 4 2
2 12 2
15 33 2
9 31 1
1 35 1
3 20 2
11 57 2
14 36 2
21 62 2
12 23 2
21 51 1
20 51 1
22 65 2
5 10 2
11 17 2
1 20 2
7 13 2
19 26 2
15 45 2
3 10 2
10 59 2
3 60 2
19 28 2
23 54 1
13 26 2
11 47 2
7 35 2
5 32 1
6 60 2
7 40 2
16 59 2
14 67 2
10 15 2
0 27 2
2 8 2
7 10 2
6 31 2
22 66 1
12 34 1
20 54 2
3 25 2
16 20 2
17 52 1
1 18 2
12 21 2
16 52 2
7 46 2
0 37 1
4 45 2
10 16 2
3 52 1
13 31 1
0 63 1
11 39 1
2 29 2
3 4 2
5 49 2
7 17 2
14 46 2
9 24 2
17 33 2
0 40 2
14 24 2
10 51 2
22 23 2
11 44 2
5 50 2
11 54 1
20 65 2
0 7 2
11 25 1
13 45 2
6 51 2
6 34 2
6 27 2
15 18 2
18 63 2
5 33 2
5 11 2
15 16 2
4 12 2
0 19 2
1 2 2
5 9 2
0 1 2
3 43 2
11 63 1
16 21 2
3 38 2
19 41 2
1 57 2
19 32 2
7 16 2
23 24 2
15 66 2
23 41 1
21 47 2
8 16 2
19 45 2
2 42 2
8 9 2
15 25 2
0 24 2
5 61 2
17 57 2
5 68 2
20 69 1
22 26 2
2 5 2
3 11 2
12 37 2
13 65 2
15 54 2
23 44 2
20 30 2
12 65 2
13 40 2
17 31 2
22 33 2
11 22 2
4 27 2
8 13 2
20 46 2
9 20 2
17 29 2
8 47 2
18 50 2
11 42 1
6 16 2
16 41 2
0 34 2
16 45 2
10 53 1
15 17 2
15 61 2
9 40 2
11 64 2
13 68 1
0 49 2
21 50 2
13 69 2
10 60 2
12 38 1
8 37 1
13 25 1
6 11 2
8 19 2
3 67 2
16 67 2
1 12 2
3 16 2
10 67 2
5 42 1
19 31 2
21 46 1
1 63 1
12 41 1
16 27 2
6 29 2
19 63 1
23 32 1
1 66 2
9 61 2
20 21 2
11 48 2
2 3 2
22 38 1
6 24 2
15 56 2
8 38 2
19 47 2
9 10 2
3 36 2
21 22 2
17 34 2
16 63 2
16 17 2
12 53 1
10 33 2
4 47 1
5 44 2
11 16 2
12 25 2
2 40 2
9 52 1
1 46 1
23 42 2
16 48 1
21 43 1
6 23 2
1 10 2
9 21 2
5 21 2
9 57 2
17 39 2
9 12 2
20 52 2
2 26 2
0 22 2
8 50 1
2 66 2
21 44 2
15 32 2
22 30 2
20 33 2
9 58 2
12 32 2
4 39 2
11 55 1
14 48 2
23 67 2
23 64 2
3 48 2
4 50 1
17 30 2
6 45 2
11 20 2
0 67 2
6 10 2
2 61 2
1 49 2
1 41 2
9 37 2
22 31 1
4 32 2
11 21 2
19 48 2
10 47 1
8 42 2
23 48 1
3 62 2
12 60 2
3 63 2
2 68 2
7 14 2
10 63 2
14 62 2
1 30 2
7 30 1
18 53 2
6 55 1
4 5 2
17 36 1
4 48 2
2 10 2
2 59 2
7 42 2
1 45 2
18 44 2
5 66 1
14 19 2
21 49 2
22 41 2
9 14 2
17 21 2
3 18 2
7 57 2
3 23 2
5 17 2
17 62 1
6 19 2
2 22 2
10 28 2
7 55 2
10 49 2
18 66 1
6 41 2
22 29 2
8 48 2
7 58 2
10 17 2
22 34 2
18 42 1
14 45 1
15 20 2
11 60 1
19 34 2
11 35 2
14 65 1
18 56 2
4 19 2
6 61 2
5 35 1
18 46 1
3 65 2
2 14 2
2 48 2
18 25 1
20 62 1
4 7 2
8 51 2
13 18 2
18 40 2
17 19 2
6 54 1
14 41 2
11 23 2
1 69 2
8 21 2
6 14 2
5 23 2
21 55 2
20 47 2
19 36 2
15 60 2
20 66 1
4 69 2
10 44 2
10 69 2
23 40 2
18 37 1
17 65 2
0 53 2
16 57 2
4 53 2
5 63 2
6 65 2
22 61 1
2 28 2
11 68 2
0 10 2
10 35 2
9 38 2
12 26 2
11 31 1
7 69 2
21 29 2
13 62 2
19 50 1
2 7 2
18 49 2
15 51 1
23 26 1
21 42 2
5 14 2
19 49 2
13 60 1
21 63 1
19 54 2
15 22 2
0 32 2
20 45 2
12 17 2
7 28 1
18 23 1
13 58 1
47 57 1
1 5 1
2 36 1
4 36 1
1 56 1
22 47 1
2 9 1
14 29 2
11 49 1
0 56 2
28 47 1
23 50 2
9 36 1
21 23 1
1 23 1
5 56 2
14 50 2
19 57 2
9 39 1
0 14 1
20 57 2
29 49 1
20 50 1
16 22 1
50 56 2
0 17 1
6 49 1
5 36 2
0 11 1
0 8 2
