% n=160 p=33 d=0.66 p_blue=0.66
% k=0
20 41 2
0 81 2
28 75 1
1 148 1
22 74 1
16 40 2
52 72 1
7 81 1
11 43 2
4 30 2
42 47 2
28 128 2
20 54 1
6 74 2
8 22 2
6 33 2
0 33 2
12 72 2
7 10 2
1 77 2
26 94 1
12 94 2
41 81 1
47 94 1
13 94 2
18 39 2
52 154 2
5 100 2
10 131 2
13 17 2
24 155 2
36 134 2
12 85 2
2 13 2
19 146 1
43 156 2
39 109 2
38 91 2
7 31 2
46 137 2
47 118 2
19 110 2
26 127 1
2 151 1
7 119 2
44 120 2
36 121 2
23 149 1
0 99 2
44 61 2
8 13 2
24 126 2
52 81 2
6 141 2
31 76 1
50 71 2
15 47 2
37 137 2
10 151 1
13 76 2
16 37 2
15 40 2
38 111 2
34 52 2
51 60 2
35 63 2
49 80 2
15 67 2
3 128 2
26 75 2
26 82 1
6 135 2
30 40 2
46 107 1
36 78 2
20 79 1
14 110 2
26 53 2
48 121 2
12 44 2
29 42 2
15 143 1
43 155 2
48 140 1
35 55 2
13 18 2
33 137 2
26 60 2
38 106 2
34 92 1
15 56 2
40 60 2
38 63 2
47 48 2
32 151 2
34 150 2
49 115 1
4 139 2
45 112 2
0 73 2
37 65 2
19 51 2
16 89 2
39 89 2
15 72 1
35 38 2
16 31 2
15 153 2
27 51 2
13 62 2
46 100 1
30 92 1
37 89 1
0 152 1
23 112 2
4 127 2
32 52 2
9 75 2
24 119 2
37 45 2
15 83 1
27 38 2
6 136 2
36 137 1
23 34 2
3 103 1
4 123 1
0 7 2
20 157 1
39 111 1
22 31 2
0 92 1
42 84 1
40 119 2
6 29 2
38 123 2
44 88 2
17 107 1
4 9 2
2 40 2
42 70 1
20 148 1
6 14 2
26 44 2
45 72 1
40 45 2
26 78 1
3 147 2
47 155 2
51 105 1
4 112 2
19 54 2
7 50 2
15 46 2
14 43 2
0 69 2
39 159 1
13 66 2
4 12 2
15 106 2
29 95 1
17 118 2
20 86 2
0 150 2
38 79 1
36 38 2
2 35 2
11 23 2
36 139 2
14 132 2
21 140 2
31 46 2
0 43 2
11 71 2
4 99 2
43 55 1
21 45 2
2 65 2
26 136 2
17 102 2
1 32 2
9 151 2
10 95 2
21 37 2
10 92 2
28 83 2
36 67 2
17 46 2
30 104 2
1 6 2
27 138 2
8 107 2
19 137 2
31 115 2
24 31 2
2 45 2
12 14 2
1 158 2
33 89 2
25 81 2
26 52 2
23 45 2
22 70 2
16 117 2
41 76 2
24 149 1
7 137 2
3 56 1
5 76 1
2 106 2
12 69 2
29 104 1
25 126 2
14 81 2
10 39 2
46 149 1
11 46 2
5 39 2
40 66 1
2 12 2
29 74 1
10 13 2
39 150 2
36 132 2
26 138 2
18 23 2
29 52 2
24 138 2
19 26 2
31 141 2
18 101 2
40 65 2
37 124 1
44 152 1
37 102 2
41 121 2
50 116 1
36 84 2
26 34 2
5 130 1
41 127 2
35 139 1
6 122 2
51 90 1
15 141 2
16 39 2
0 49 2
6 90 2
41 52 2
45 158 1
7 99 1
7 21 2
27 105 2
41 152 2
17 142 1
38 154 1
27 125 2
43 68 1
6 16 2
49 137 2
26 126 1
34 47 2
17 41 2
3 110 2
21 106 1
6 20 2
43 115 1
10 159 2
5 71 2
0 11 2
29 109 2
34 81 2
37 158 2
0 25 2
35 72 1
27 153 1
40 94 2
42 105 2
21 55 1
29 77 1
39 58 2
24 141 1
13 157 2
5 15 2
48 137 2
41 158 2
49 140 1
15 118 2
3 120 2
20 33 2
19 104 2
46 131 1
7 126 2
14 151 2
15 133 2
15 121 1
25 124 2
39 156 2
15 111 2
28 78 2
18 56 2
14 127 2
36 94 2
34 40 2
1 8 2
29 44 2
22 69 1
41 147 2
17 77 2
40 151 2
18 38 2
22 60 2
9 70 2
13 123 2
41 48 2
49 94 2
10 16 2
17 100 2
15 127 2
31 154 2
27 159 2
49 85 1
50 139 2
7 151 2
19 88 2
1 24 2
16 69 2
2 60 2
11 92 1
6 108 2
9 95 1
22 100 2
39 105 2
38 81 2
48 107 2
38 89 2
20 136 2
13 31 2
42 143 2
34 138 2
50 154 1
30 48 2
10 155 1
31 140 2
23 53 1
37 100 1
8 64 1
37 107 2
26 88 2
33 74 2
27 39 2
18 115 2
13 148 2
8 117 1
5 35 2
40 136 2
22 119 2
36 52 2
29 101 2
23 144 2
17 72 1
11 98 2
41 51 2
20 76 2
50 64 2
49 118 1
17 149 2
3 94 2
16 100 2
45 97 1
52 83 1
23 96 2
26 142 2
48 119 2
6 30 2
15 125 1
46 68 1
7 149 2
15 87 2
12 65 1
28 60 2
18 138 2
32 82 1
37 74 1
21 142 2
15 79 2
22 23 2
27 73 2
28 135 1
16 34 2
43 152 1
17 76 1
47 80 1
33 34 2
37 150 1
29 78 1
10 107 2
21 28 2
31 127 1
26 45 2
12 149 2
8 158 2
6 63 2
10 26 2
7 12 2
17 32 2
52 133 2
52 149 1
17 73 1
29 58 2
34 120 2
34 152 1
49 112 1
12 108 2
39 157 1
25 72 1
45 152 2
23 43 2
2 112 2
29 36 2
13 26 2
24 63 1
0 122 2
28 121 2
3 148 2
13 72 2
1 46 2
39 138 2
22 54 2
45 115 1
31 159 2
4 6 2
29 116 1
24 67 2
12 13 2
30 117 2
0 143 2
51 148 2
45 140 2
7 87 2
33 39 2
10 117 2
10 41 2
44 148 1
45 120 1
8 65 2
28 42 2
5 142 2
25 58 2
14 23 2
41 103 2
39 77 2
8 35 2
23 39 2
12 115 2
42 99 2
2 105 1
25 121 2
28 74 1
50 77 1
1 62 1
45 94 1
5 109 2
18 151 1
7 18 2
25 29 2
3 122 2
22 67 2
23 145 1
11 132 1
33 50 2
43 74 1
36 146 2
12 25 2
2 95 2
33 91 2
20 144 2
21 29 2
8 20 2
7 16 2
18 71 2
7 146 2
16 30 2
26 31 2
47 127 1
29 46 2
7 15 2
12 133 1
43 79 2
22 136 1
7 76 1
47 74 2
46 111 1
49 89 1
22 127 2
14 112 2
24 27 2
32 114 2
4 61 2
39 47 2
30 105 1
36 88 1
45 125 2
8 9 2
15 91 2
14 85 2
35 48 2
50 114 2
16 114 2
44 147 1
6 78 1
13 83 2
27 37 2
21 81 2
49 128 1
0 140 2
39 62 2
9 87 1
20 32 2
41 65 1
2 82 2
0 135 2
13 49 2
41 58 2
47 71 2
2 102 2
30 53 1
13 92 2
27 157 2
18 98 2
28 69 2
5 70 1
14 98 2
24 80 1
49 72 1
27 137 1
48 138 2
19 48 2
37 47 2
10 133 1
38 135 1
52 128 2
33 80 2
1 31 2
43 151 2
32 43 2
10 132 2
5 112 1
27 98 2
21 95 2
50 113 2
51 103 2
38 130 2
29 71 2
17 26 2
13 128 2
1 95 1
6 140 1
12 43 2
2 64 2
43 107 1
15 21 2
45 57 2
8 143 1
40 116 2
27 50 2
8 84 2
25 39 2
1 108 2
42 74 1
35 129 1
9 50 2
33 134 2
0 95 1
9 142 2
26 58 2
30 141 2
48 58 1
0 20 2
11 22 2
22 102 2
22 32 2
36 100 1
39 110 2
5 77 2
12 52 2
16 44 2
0 90 1
7 109 1
9 126 2
13 125 2
11 29 2
30 146 1
19 87 1
6 8 2
34 130 2
39 148 1
47 89 2
24 38 2
42 101 2
9 90 2
21 75 1
11 69 1
8 57 1
44 55 2
11 74 1
44 52 2
15 105 2
2 127 1
32 137 2
37 46 2
48 123 2
24 132 2
1 42 2
9 38 2
24 44 2
52 116 2
43 49 2
17 148 2
38 109 1
42 44 2
43 143 1
32 125 2
10 46 2
14 74 2
43 120 1
1 115 1
15 30 2
52 132 1
48 131 2
7 83 2
7 148 1
3 64 2
4 21 2
45 52 2
24 91 1
31 136 1
2 76 1
41 42 2
0 5 2
42 78 1
20 99 2
10 38 2
9 33 2
20 115 2
5 111 1
23 101 2
30 98 1
4 59 2
37 136 2
1 135 2
20 70 2
3 159 1
18 45 2
24 95 2
20 23 2
22 83 1
18 106 1
3 130 2
40 100 1
18 143 1
16 146 1
28 47 2
12 64 2
26 131 1
48 72 1
14 60 2
24 152 2
31 129 2
22 81 2
8 141 1
6 41 2
26 38 2
24 116 1
6 94 1
12 101 2
22 25 2
0 3 2
14 70 1
25 68 2
3 150 1
22 66 1
20 137 2
25 28 2
9 157 1
42 53 2
46 114 1
7 33 2
49 99 2
4 8 2
31 98 2
28 116 1
2 75 1
40 123 1
41 134 2
4 87 1
25 59 1
48 115 1
45 68 2
34 35 2
32 74 2
12 114 1
11 16 2
28 102 2
11 111 2
23 155 1
45 135 1
16 42 2
40 120 2
46 47 2
42 87 2
19 93 2
22 111 2
45 66 1
43 146 1
46 136 2
16 18 2
13 150 2
22 89 2
6 48 2
47 57 1
49 107 1
24 51 2
46 63 2
50 85 1
35 68 2
5 51 2
21 88 2
12 22 2
19 35 2
39 50 2
16 142 1
16 45 2
23 126 2
3 52 2
2 10 2
22 36 2
48 79 2
24 61 1
32 123 2
18 25 2
21 22 2
35 36 2
10 111 2
13 45 2
49 102 2
13 78 2
21 144 2
46 127 1
9 14 2
24 30 2
42 57 2
52 87 1
15 150 2
35 99 2
18 90 2
0 80 1
0 126 2
29 158 1
14 83 2
17 35 2
20 63 2
27 40 2
30 110 1
3 5 2
8 150 2
11 26 2
17 125 1
10 72 1
1 157 2
46 134 2
45 111 1
25 69 1
38 62 1
5 132 1
32 84 2
12 127 1
11 105 2
14 31 2
4 34 2
0 28 2
17 28 2
2 109 1
15 90 2
45 130 1
24 137 2
7 116 1
39 55 1
35 44 2
10 61 1
19 40 2
41 49 2
17 44 2
0 106 1
26 46 2
3 17 2
9 65 2
13 30 2
15 94 2
16 26 2
36 43 2
46 88 1
3 46 2
47 148 2
30 69 2
1 45 2
28 126 1
27 69 1
32 68 2
15 37 2
38 115 2
2 63 2
44 51 2
52 145 1
50 137 2
36 102 1
23 139 2
6 52 2
11 52 2
1 152 2
0 84 1
25 41 2
4 158 1
51 84 1
23 61 2
7 80 2
23 102 2
19 45 2
50 97 2
2 55 2
34 145 1
1 59 2
28 113 2
7 98 2
31 113 2
51 87 2
3 8 2
5 110 2
20 37 2
31 38 2
2 96 2
20 102 2
43 48 2
42 103 2
44 121 2
25 113 2
45 154 2
51 153 1
47 140 2
11 93 2
27 86 1
29 93 2
32 118 1
7 27 2
5 99 2
31 32 2
33 40 2
13 57 1
38 41 2
3 51 2
0 87 2
20 91 1
3 40 2
34 41 2
38 107 2
21 36 2
21 77 2
2 146 2
9 115 1
3 133 1
51 96 2
51 119 2
17 60 1
19 80 1
22 110 2
18 122 2
36 158 2
41 113 2
43 45 2
30 49 2
30 134 1
24 33 2
15 51 2
2 143 2
32 33 2
46 67 2
12 155 1
18 37 2
2 7 2
21 68 2
19 47 2
37 39 2
27 66 1
44 48 2
6 97 2
39 120 1
38 136 2
52 73 2
22 156 2
39 87 2
6 53 1
15 26 2
18 81 2
27 132 2
36 135 2
17 123 2
6 138 2
32 99 2
24 93 2
20 59 2
20 81 2
42 136 1
1 43 2
15 66 2
18 46 2
24 52 2
18 84 2
26 97 2
6 124 2
2 50 2
37 77 1
32 65 2
14 101 1
44 99 2
25 38 2
2 85 2
49 62 1
43 78 2
6 119 1
6 73 1
0 23 2
27 124 2
6 37 2
15 81 2
11 130 1
35 45 2
1 50 2
31 35 2
29 141 2
32 48 2
45 71 2
14 58 2
52 96 1
10 52 2
24 81 2
33 112 1
28 80 2
49 71 1
32 78 1
36 66 1
31 61 1
21 135 1
34 123 2
13 119 1
28 100 2
30 80 1
36 149 2
41 64 1
44 72 2
35 47 2
12 146 2
47 73 2
21 71 2
35 103 2
9 99 2
48 141 2
39 68 1
4 96 2
12 84 2
5 118 2
11 63 2
26 156 1
45 150 1
44 71 2
19 149 2
32 44 2
31 93 2
17 128 2
16 113 2
37 110 2
27 53 1
44 126 1
31 84 1
51 100 1
28 137 1
21 148 2
6 157 1
7 52 2
0 85 2
36 125 2
22 129 2
10 88 2
0 18 2
14 115 2
28 105 2
3 86 2
2 66 2
46 62 1
11 142 1
50 80 1
17 29 2
23 50 2
27 146 1
37 149 2
20 71 1
48 117 1
43 62 1
36 82 2
28 31 2
41 130 2
15 110 2
4 31 2
47 86 2
3 88 1
0 50 2
51 120 2
19 133 2
1 17 2
21 23 2
36 143 1
4 39 2
40 105 2
6 18 2
16 110 1
31 144 2
21 35 2
49 158 1
15 39 2
22 146 2
42 130 2
18 57 2
17 143 1
27 139 2
8 97 2
29 97 2
21 119 1
11 126 2
14 37 2
15 74 1
1 38 2
40 144 1
35 124 2
39 146 2
28 95 1
26 42 2
20 96 1
49 155 1
42 138 1
48 147 2
33 151 1
28 32 2
49 125 1
29 61 2
30 112 1
3 72 1
43 106 1
3 97 2
4 15 2
4 47 2
35 61 2
19 109 2
1 111 2
7 58 2
9 146 2
33 113 1
23 93 1
20 45 2
11 87 2
32 86 2
23 125 2
18 96 2
0 68 1
18 35 2
5 32 2
6 152 1
11 86 2
47 99 2
5 6 2
32 72 2
34 157 2
48 143 2
23 25 2
50 133 1
23 49 2
21 48 2
17 63 2
50 134 2
15 28 2
28 84 2
5 157 1
2 15 2
20 89 2
32 49 2
0 1 2
48 150 2
34 64 2
17 56 2
22 76 2
47 72 2
19 41 2
20 98 2
20 50 2
45 132 2
11 115 1
45 118 1
24 107 2
29 69 2
25 42 2
24 26 2
8 33 2
6 84 2
0 145 2
24 77 1
48 120 2
22 45 2
24 100 1
3 93 2
14 92 2
44 137 2
9 73 1
27 148 1
29 64 1
47 49 2
50 152 2
41 50 2
25 96 1
25 95 1
34 79 2
29 122 1
9 110 2
9 72 1
11 79 2
43 108 1
4 146 2
51 85 2
26 48 2
41 109 2
19 61 2
17 129 2
3 138 1
35 42 2
47 68 1
47 126 2
8 27 2
0 42 2
0 66 2
5 137 2
32 38 2
25 88 2
41 110 2
38 138 2
23 74 2
31 126 2
14 54 2
52 139 2
24 130 1
14 75 2
3 126 1
33 109 1
8 25 2
34 153 2
43 102 2
4 90 1
14 51 2
50 106 1
5 87 1
11 33 2
52 108 2
12 26 2
1 124 1
43 134 1
1 151 1
4 48 2
36 58 2
5 147 1
40 82 1
38 104 2
16 27 2
9 81 2
21 125 2
30 149 2
29 86 2
49 123 1
8 126 1
31 116 2
8 140 2
49 119 1
14 134 2
26 41 2
23 27 2
50 75 2
8 78 2
47 144 2
42 60 2
0 59 1
48 154 1
36 150 2
45 121 2
11 27 2
43 90 2
30 122 1
3 152 2
5 125 1
40 118 2
18 152 1
25 86 2
7 42 2
42 159 1
51 143 2
23 123 1
19 107 2
34 114 1
22 79 1
8 90 2
6 109 1
2 14 2
22 105 2
0 45 2
36 74 2
2 34 2
35 112 1
27 141 2
36 69 2
25 128 2
33 64 1
26 112 1
12 28 2
1 119 2
35 80 2
4 72 1
31 50 2
4 105 2
30 97 2
32 73 2
32 135 2
7 39 2
2 68 2
34 122 2
1 122 1
3 89 2
28 103 1
9 113 1
19 38 2
28 158 2
42 107 2
12 30 2
24 48 2
11 78 2
2 101 2
41 115 1
35 155 2
13 140 2
33 140 2
14 128 1
33 78 2
31 68 2
25 132 2
29 132 2
14 62 1
15 85 2
10 54 1
18 123 1
14 47 2
51 150 1
0 64 2
7 26 2
51 92 1
17 18 2
26 36 2
28 139 2
26 99 2
6 45 2
32 139 2
33 45 2
42 129 1
19 57 1
22 35 2
5 9 2
34 56 2
11 38 2
6 92 2
11 17 2
10 48 2
17 112 1
8 23 2
28 81 1
10 141 1
13 113 2
46 50 2
26 29 2
40 153 1
28 89 2
41 93 2
51 131 2
28 87 2
21 100 2
23 150 1
22 38 2
43 51 2
28 77 2
12 95 2
46 59 1
22 49 2
32 156 2
42 121 2
12 33 2
10 43 2
40 51 2
11 59 2
13 29 2
12 60 2
11 25 2
5 8 2
41 78 2
39 99 1
20 92 1
45 141 2
8 51 2
17 58 1
45 87 2
22 53 1
27 45 2
1 9 2
18 145 2
24 123 1
4 52 2
33 37 2
28 154 1
41 106 2
20 125 1
2 115 1
49 129 2
15 71 2
15 145 1
8 75 2
20 77 1
42 151 2
23 97 2
16 128 1
12 24 2
47 85 2
35 115 2
27 84 2
32 133 2
47 149 2
4 19 2
4 145 2
4 132 2
11 129 2
12 118 2
1 150 2
11 57 1
23 38 2
11 143 1
0 17 2
8 105 1
35 117 2
18 47 2
23 33 2
24 105 1
46 72 2
39 66 2
20 123 1
14 69 2
25 102 2
43 52 2
29 84 2
32 51 2
49 55 2
51 66 1
51 133 2
0 44 2
47 116 2
31 158 1
19 98 2
3 116 1
27 94 2
12 135 2
11 18 2
14 131 1
9 23 2
9 47 2
24 156 2
4 88 1
19 36 2
16 22 2
3 137 2
13 143 1
36 156 2
49 143 2
42 134 2
29 124 1
14 36 2
20 43 2
38 85 1
47 133 2
18 43 2
18 21 2
7 82 2
5 154 2
45 77 1
23 103 2
47 77 2
11 21 2
12 49 2
12 137 2
12 46 2
49 96 2
9 58 2
41 44 2
2 77 1
0 136 1
48 155 2
19 76 1
29 126 2
50 83 2
30 118 2
1 44 2
2 108 2
3 112 1
25 127 2
3 35 2
10 108 1
22 42 2
0 8 2
9 89 2
22 150 2
22 159 2
28 99 2
29 136 2
15 92 1
24 104 1
16 50 2
11 97 2
29 138 1
26 51 2
8 31 2
29 133 2
4 26 2
3 142 2
30 138 2
13 134 2
7 66 1
47 82 2
40 92 2
15 101 2
33 47 2
28 70 2
10 98 1
7 37 2
4 70 2
44 133 1
32 149 2
29 33 2
8 88 1
46 119 1
50 84 1
9 43 2
9 51 2
31 81 2
22 33 2
14 136 2
2 22 2
13 21 2
1 4 2
47 75 1
0 157 2
14 53 2
30 43 2
28 155 2
22 28 2
27 42 2
17 93 2
47 120 2
33 73 2
11 128 1
32 117 2
18 67 2
12 29 2
13 118 2
30 151 1
1 20 2
6 159 2
1 99 2
10 44 2
4 14 2
27 114 1
32 46 2
22 30 2
41 87 2
46 78 2
37 63 2
0 115 2
23 99 2
44 70 2
26 106 1
52 77 2
19 151 2
14 17 2
5 59 1
30 39 2
15 97 2
10 94 1
8 46 2
21 115 2
8 26 2
36 122 2
38 96 1
8 112 2
21 131 1
29 98 2
34 49 2
41 69 1
2 3 2
39 113 2
0 16 2
14 143 2
17 50 2
19 22 2
34 86 2
27 140 2
25 32 2
1 22 2
36 111 2
0 55 1
38 113 2
30 81 1
10 36 2
28 29 2
19 43 2
21 156 2
25 92 1
36 44 2
29 155 2
48 109 1
45 153 2
34 117 2
6 56 2
11 148 1
2 140 1
50 145 2
2 21 2
13 25 2
17 122 1
39 69 2
20 68 2
47 50 2
8 32 2
25 106 2
14 82 2
10 93 2
12 81 2
22 133 2
15 32 2
38 84 2
22 109 2
33 123 2
21 102 2
24 42 2
36 152 1
42 66 2
52 85 1
35 77 2
0 46 2
33 94 1
11 56 2
24 55 1
19 27 2
20 25 2
11 48 2
10 102 2
15 31 2
3 59 2
4 45 2
21 63 2
49 134 2
31 122 2
0 35 2
13 112 2
38 150 2
2 88 2
28 144 2
34 156 2
34 146 2
2 37 2
40 113 2
34 65 2
6 55 1
37 66 2
19 141 1
33 108 2
45 114 2
35 74 1
16 48 2
48 151 1
49 56 2
27 36 2
30 155 2
40 140 2
33 58 2
44 92 2
6 32 2
1 29 2
11 150 2
28 30 2
12 15 2
23 116 2
52 146 2
20 53 2
8 148 2
5 28 2
51 99 1
10 120 1
7 8 2
51 155 2
21 57 1
22 44 2
27 143 1
15 114 2
42 135 2
4 104 1
52 59 1
8 15 2
0 21 2
19 94 2
13 33 2
8 113 1
15 45 2
22 73 2
16 24 2
27 136 2
1 41 2
25 34 2
47 152 2
6 132 1
6 39 2
27 28 2
15 48 2
41 45 2
41 85 2
42 152 2
13 144 1
3 29 2
11 73 2
33 53 1
2 134 2
35 135 2
39 67 1
14 42 2
35 57 2
29 59 2
4 33 2
15 99 2
42 55 2
11 72 2
25 143 2
48 76 2
8 110 2
29 139 2
7 36 2
37 43 2
15 132 2
37 48 2
39 130 1
45 60 1
34 155 1
41 124 1
31 79 1
3 69 2
24 122 2
5 34 2
34 43 2
1 5 2
31 124 2
50 126 2
2 29 2
3 100 2
12 159 1
0 9 2
1 107 1
40 122 2
10 11 2
0 10 2
6 77 1
37 154 2
30 119 2
50 158 2
26 130 2
3 28 2
3 92 2
14 34 2
48 80 1
52 55 1
35 75 1
5 42 2
22 101 2
1 52 2
34 129 2
46 70 2
51 146 2
36 110 1
33 48 2
22 65 2
18 129 1
48 57 2
20 122 2
10 20 2
15 135 1
49 95 2
7 34 2
7 49 2
10 129 2
35 54 2
6 111 2
7 55 1
1 68 2
20 150 2
13 90 2
17 140 2
12 147 1
31 146 1
37 143 2
35 79 2
4 157 1
19 111 2
7 102 2
2 86 2
6 61 2
40 127 2
37 54 2
40 76 2
5 57 1
25 99 2
51 63 2
26 141 1
15 50 2
31 148 1
21 62 2
4 136 2
50 118 2
32 35 2
11 35 2
17 134 1
44 46 2
50 67 2
27 126 2
11 135 2
40 89 2
12 70 2
45 61 2
30 95 2
35 49 2
5 46 2
27 106 1
19 79 1
35 120 2
16 81 2
24 47 2
5 131 2
27 112 2
12 42 2
32 69 2
21 73 2
1 126 1
25 141 1
44 108 2
48 135 1
40 134 2
3 42 2
48 125 2
20 87 2
51 98 2
16 107 1
15 73 2
8 24 2
8 74 2
5 159 2
7 69 2
15 57 2
23 82 2
19 82 2
3 71 2
17 42 2
25 62 2
7 9 2
20 100 2
44 65 2
10 33 2
38 122 2
49 53 1
10 18 2
36 104 2
13 102 1
20 52 2
36 142 1
22 29 2
39 93 1
8 99 2
47 150 2
6 83 2
37 98 1
21 49 2
5 123 2
11 30 2
19 21 2
16 106 2
38 67 2
51 134 1
18 49 2
17 137 2
18 155 2
39 114 1
46 145 2
10 35 2
17 139 2
33 85 2
22 147 2
4 16 2
0 111 2
50 155 2
26 68 2
15 126 1
4 62 1
3 67 1
13 24 2
31 66 1
39 125 2
25 105 1
49 82 1
3 118 2
32 120 2
24 73 1
1 11 2
21 53 1
51 83 1
44 150 1
41 83 2
21 83 2
16 77 2
15 154 1
45 155 2
7 43 2
16 122 1
7 48 2
49 90 2
32 83 2
17 94 2
40 109 2
9 21 2
17 49 2
51 82 2
50 86 2
52 123 1
17 153 2
14 93 2
40 111 2
11 159 2
6 82 2
18 116 1
5 33 2
26 133 2
16 148 1
7 63 2
5 62 1
18 34 2
5 133 2
48 142 1
5 7 2
18 99 2
14 108 2
11 36 2
8 36 2
13 35 2
48 159 2
37 51 2
12 31 2
4 115 1
41 46 2
23 119 2
34 85 2
28 51 2
29 38 2
29 43 2
22 84 2
41 95 2
1 12 2
3 45 2
17 22 2
45 64 2
35 125 2
23 151 1
3 18 2
21 141 1
50 131 2
5 63 1
16 112 2
23 129 1
24 133 1
47 70 2
2 123 1
27 33 2
10 19 2
13 75 1
8 138 2
21 99 2
36 40 2
35 144 2
14 61 2
9 35 2
27 88 2
9 102 2
41 79 1
14 77 2
32 152 2
8 30 2
28 153 2
24 39 2
11 19 2
34 140 2
6 98 2
2 159 2
20 82 2
4 140 1
25 130 2
49 77 2
2 94 1
2 23 2
23 64 1
15 63 1
19 78 1
15 108 1
7 32 2
5 17 2
2 51 2
10 55 1
48 54 2
38 153 2
4 41 2
18 141 2
28 36 2
27 41 2
27 47 2
19 158 2
36 97 2
17 40 2
23 152 2
51 102 1
30 44 2
13 82 1
19 34 2
32 148 1
20 106 1
21 149 2
29 62 2
10 65 2
5 27 2
35 65 1
11 15 2
4 5 2
45 76 1
1 67 2
40 114 1
2 44 2
33 60 2
4 92 1
22 56 1
27 43 2
29 37 2
29 70 2
42 145 2
27 56 1
12 139 1
33 51 2
30 37 2
15 120 2
43 153 2
16 68 2
27 151 2
14 91 1
7 30 2
35 76 1
5 50 2
11 58 2
30 148 2
3 12 2
33 157 2
25 40 2
52 137 2
39 75 1
42 104 2
33 97 2
5 30 2
29 130 1
3 43 2
49 131 1
26 71 2
3 90 2
23 147 2
12 88 2
20 143 2
45 119 2
47 69 2
52 111 2
27 147 2
25 36 2
1 73 2
12 103 2
39 92 2
1 21 2
14 25 2
1 34 2
26 95 1
36 87 1
12 16 2
50 51 2
6 95 2
15 17 2
47 124 1
30 113 1
24 153 2
45 49 2
5 115 1
13 46 2
29 103 1
20 109 1
1 159 2
7 45 2
49 88 2
3 38 2
35 136 1
29 107 1
13 71 1
46 142 2
25 134 1
32 97 1
14 154 2
34 151 1
22 103 2
30 76 2
33 127 2
39 98 1
48 133 1
3 54 2
36 72 2
11 94 2
25 85 2
38 125 2
17 34 2
42 157 2
40 56 1
9 67 2
13 110 1
50 102 2
48 132 2
38 78 1
46 93 1
7 13 2
13 51 2
20 21 2
22 122 1
43 148 2
29 56 2
18 72 2
39 45 2
0 123 1
3 87 2
31 95 1
8 10 2
9 15 2
9 79 2
38 137 1
3 115 2
0 132 2
50 68 2
27 96 2
27 85 2
7 122 1
7 75 2
40 48 2
12 58 2
20 117 2
7 152 2
12 124 2
15 157 2
4 103 2
37 56 2
25 120 2
8 63 1
11 110 2
36 41 2
44 129 2
11 42 2
22 62 2
24 37 2
43 136 2
41 100 2
44 96 2
5 113 2
24 97 2
39 73 1
50 96 1
14 111 2
9 34 2
37 40 2
45 128 2
45 157 1
7 44 2
0 32 2
42 71 1
22 46 2
31 96 2
40 97 2
4 13 2
20 127 2
29 83 2
10 37 2
11 31 2
37 94 2
23 135 2
34 76 1
30 145 2
3 25 2
1 40 2
41 56 1
12 23 2
14 153 2
28 92 1
47 59 1
13 48 2
3 33 2
34 57 2
20 88 2
5 97 2
26 50 2
1 97 1
3 119 2
0 114 2
49 106 1
50 52 2
33 62 1
10 77 1
8 114 2
45 83 2
2 9 2
22 124 2
11 124 2
23 100 2
18 65 1
15 33 2
33 152 2
26 77 2
15 134 2
26 56 1
22 112 1
33 121 2
29 147 2
42 95 2
30 56 1
30 147 2
19 37 2
7 159 2
33 41 2
24 92 2
3 145 2
18 50 2
1 14 2
50 107 1
4 85 2
34 44 2
46 66 1
5 135 1
10 49 2
34 78 1
38 82 1
38 121 2
41 141 2
12 143 1
44 102 2
49 78 2
47 156 1
42 137 1
37 71 2
47 147 1
45 89 2
40 47 2
50 105 2
33 132 2
46 122 1
8 19 2
52 92 1
26 69 1
38 159 2
11 47 2
44 67 1
18 134 2
4 23 2
49 70 1
26 47 2
11 100 1
19 120 2
7 41 2
33 38 2
21 46 2
33 63 2
32 87 1
21 54 2
3 62 2
10 84 2
34 58 2
31 43 2
6 9 2
37 146 2
44 103 2
14 19 2
49 101 2
48 94 2
48 83 2
29 76 1
31 80 2
33 57 1
2 24 2
27 122 2
45 122 1
27 49 2
23 80 2
1 25 2
0 34 2
39 41 2
50 60 2
12 51 2
4 91 2
38 40 2
2 74 2
18 31 2
35 43 2
0 158 2
36 60 2
16 36 2
37 120 2
47 104 1
42 114 1
40 90 2
48 127 1
38 72 2
27 46 2
7 24 2
20 35 2
52 62 1
7 120 1
20 26 2
34 91 2
23 44 2
3 34 2
2 59 2
17 156 2
42 158 1
37 131 2
25 47 2
6 79 2
7 134 1
34 37 2
9 78 2
12 37 2
49 117 2
18 19 2
24 34 2
9 132 2
40 41 2
5 29 2
28 41 2
7 19 2
9 25 2
38 116 2
47 145 2
12 107 2
34 107 2
21 103 1
2 97 2
31 33 2
7 91 2
35 66 2
52 138 2
8 159 1
35 92 1
2 113 1
4 29 2
25 54 1
10 127 2
22 78 1
0 117 2
34 148 1
38 71 2
3 49 2
22 24 2
42 110 2
10 118 1
30 41 2
4 42 2
30 142 1
20 116 1
30 47 2
20 66 2
9 145 1
9 17 2
46 89 1
21 114 2
7 135 2
5 43 2
34 73 2
41 82 2
47 93 1
35 84 2
48 62 1
41 114 1
18 103 2
18 83 1
50 66 2
17 83 1
1 100 2
50 58 1
38 108 2
4 7 2
26 85 2
3 23 2
49 61 2
32 96 1
38 140 2
52 124 1
23 40 2
9 88 1
23 42 2
6 130 2
4 67 1
33 46 2
5 101 2
43 110 2
24 114 2
9 46 2
7 118 2
40 64 2
9 29 2
14 65 2
10 140 2
10 53 2
30 63 2
15 64 2
8 136 2
19 81 2
31 49 2
20 46 2
5 156 1
52 53 1
40 137 1
32 130 2
33 105 1
15 109 2
45 54 1
13 20 2
47 51 2
33 147 1
37 119 2
36 131 2
23 104 2
6 150 1
36 71 1
37 59 2
22 61 2
44 132 1
30 116 2
50 108 1
9 40 2
43 94 2
38 132 2
6 75 2
14 121 1
1 2 2
21 128 1
5 13 2
36 53 2
8 17 2
10 42 2
3 22 2
1 74 2
31 107 2
18 139 1
19 31 2
27 107 2
18 119 2
25 108 2
47 142 1
25 157 2
27 156 1
9 152 1
3 123 2
47 97 2
13 22 2
40 77 2
6 36 2
12 130 2
9 39 2
4 24 2
26 110 2
23 55 2
9 44 2
15 61 2
36 45 2
0 30 2
9 125 2
23 156 1
1 37 2
8 156 2
30 99 2
48 92 2
30 35 2
18 24 2
36 79 2
45 159 1
5 138 2
13 159 1
7 142 2
16 74 2
34 70 2
12 157 1
38 103 2
44 49 2
41 116 2
31 70 1
11 114 2
45 103 2
12 120 2
23 60 1
36 46 2
5 151 2
47 62 2
34 104 2
12 148 2
17 52 2
25 147 1
38 158 1
31 41 2
46 58 2
42 65 2
5 38 2
33 138 2
5 22 2
36 57 2
46 156 2
19 102 2
21 127 1
51 80 2
25 137 2
24 87 2
21 104 1
20 38 2
36 77 2
8 132 2
15 62 2
24 94 1
25 158 1
34 102 1
36 65 2
5 31 2
38 101 1
0 149 1
7 129 2
7 104 2
42 94 2
26 132 1
25 122 1
7 40 2
51 127 1
43 73 2
28 59 1
8 39 2
1 16 2
24 103 2
44 153 2
25 103 2
17 55 1
31 77 2
41 53 2
3 48 2
27 57 1
13 42 2
16 47 2
18 130 2
21 150 2
4 49 2
3 114 2
38 83 2
15 98 2
17 120 2
38 55 2
51 159 1
40 157 1
10 31 2
52 101 1
12 138 2
46 97 1
3 108 1
5 45 2
8 28 2
3 21 2
22 39 2
43 111 1
11 107 2
35 152 1
25 151 2
16 51 2
37 152 2
6 117 2
5 19 2
3 157 2
49 120 1
3 79 2
14 86 2
31 131 1
19 112 2
16 108 2
8 49 2
47 146 2
45 149 1
49 110 1
9 68 2
19 128 1
9 76 2
28 125 2
5 84 1
14 56 2
25 50 2
23 26 2
8 50 2
7 132 2
2 5 2
12 98 1
32 85 1
16 64 2
34 126 1
42 118 1
29 123 2
16 17 2
19 39 2
25 129 2
45 129 2
43 46 2
42 79 2
36 113 1
19 67 2
18 41 2
5 81 1
0 134 1
14 140 2
21 101 1
50 101 2
28 108 2
50 88 2
38 43 2
3 134 2
41 119 2
47 119 1
6 10 2
25 31 2
28 64 2
0 24 2
0 56 2
10 112 2
35 150 2
48 136 2
39 97 2
13 74 1
42 83 2
50 72 2
27 131 2
22 88 2
24 129 2
9 59 2
38 47 2
1 154 2
6 131 2
49 146 2
24 49 2
39 96 2
31 42 2
25 104 2
28 37 2
42 116 2
27 34 2
25 78 1
24 140 1
13 39 2
22 63 2
7 92 2
3 57 2
44 78 1
25 27 2
18 20 2
36 86 1
5 67 2
9 119 1
42 120 2
29 31 2
38 49 2
11 54 1
32 39 2
42 153 2
24 147 2
9 20 2
15 25 2
26 91 2
24 58 2
17 91 2
8 87 2
22 139 2
24 118 1
52 157 1
51 156 1
22 137 2
13 44 2
15 119 2
51 86 1
7 106 2
6 23 2
33 148 1
50 93 1
13 155 1
30 159 1
28 66 2
12 21 2
44 146 2
22 116 2
0 40 2
17 27 2
43 91 1
4 25 2
43 109 1
6 35 2
18 80 1
15 122 1
7 145 1
12 75 1
18 110 2
34 77 2
22 141 1
36 153 2
19 30 2
37 70 2
0 36 2
13 121 1
23 69 1
51 67 2
2 99 2
4 10 2
31 138 2
20 103 1
31 109 2
36 119 1
34 116 2
3 16 2
33 125 1
9 71 1
19 92 2
39 63 2
42 117 2
31 114 1
29 63 2
6 104 2
33 61 2
25 48 2
21 26 2
34 55 2
18 140 2
12 61 2
28 38 2
5 105 1
27 145 2
29 39 2
26 114 2
18 36 2
21 40 2
14 147 2
32 62 2
14 159 1
8 66 1
7 115 2
19 42 2
23 24 2
21 159 1
31 106 2
45 123 2
46 65 2
48 105 2
40 152 2
19 108 2
39 119 2
7 154 2
25 77 2
24 99 2
42 45 2
3 32 2
6 47 2
13 56 2
21 84 2
4 76 2
46 49 2
47 65 2
32 153 1
2 79 1
44 74 2
35 126 1
19 143 2
27 123 2
32 101 1
42 154 1
34 96 2
17 51 2
14 39 2
14 76 2
22 96 1
34 68 1
26 109 2
9 41 2
1 27 2
16 154 2
45 80 2
3 24 2
3 149 1
8 86 2
14 20 2
0 112 2
24 66 2
4 68 2
9 19 2
17 106 2
0 60 2
37 83 2
7 88 2
48 101 2
37 73 1
47 84 2
39 46 2
31 39 2
10 75 2
43 70 2
52 61 2
51 152 1
18 59 1
19 97 2
4 40 2
31 101 1
6 46 2
7 29 2
37 88 2
29 125 2
8 139 2
14 102 1
12 32 2
22 52 2
4 17 2
12 77 1
12 36 2
22 51 2
5 66 2
11 41 2
2 119 1
13 138 2
40 43 2
32 142 2
2 4 2
33 43 2
46 126 1
34 147 1
37 114 2
31 145 1
10 21 2
35 40 2
22 149 2
36 115 2
38 156 2
14 71 2
26 140 1
14 44 2
46 132 2
24 41 2
43 44 2
14 119 1
19 96 2
9 144 2
3 11 2
37 148 2
3 6 2
41 62 2
29 159 1
1 118 2
32 67 2
48 93 2
34 36 2
23 79 1
5 120 1
36 61 2
20 135 2
17 159 1
51 52 2
29 108 2
9 135 1
19 157 2
46 153 2
32 146 2
13 108 2
27 113 2
6 110 1
28 71 2
23 63 1
2 30 2
28 55 1
5 126 2
2 6 2
52 71 1
9 100 2
13 106 2
42 59 2
20 85 2
30 54 2
30 51 2
18 52 2
27 116 1
33 114 1
16 149 2
5 102 2
0 98 2
8 134 2
39 128 2
19 33 2
34 100 1
46 151 2
8 142 2
42 146 2
27 135 2
16 73 1
10 80 2
34 71 2
46 74 1
28 96 1
46 152 2
1 79 2
11 67 2
32 37 2
36 154 2
17 23 2
21 80 2
5 141 2
32 143 2
32 58 2
47 56 2
27 117 2
8 42 2
42 49 2
36 50 2
4 36 2
13 105 2
19 58 2
14 49 2
14 145 2
13 93 1
19 44 2
27 119 1
17 111 2
35 83 2
38 77 1
31 78 1
14 107 2
39 65 2
47 96 1
29 79 1
17 109 2
29 140 2
52 117 2
31 133 2
11 14 2
9 118 1
6 115 2
27 133 1
47 87 2
15 144 2
43 125 2
25 91 2
11 66 2
11 49 2
3 81 2
3 146 2
20 27 2
8 120 1
9 27 2
6 19 2
30 136 2
33 49 2
37 42 2
44 54 1
46 98 2
4 133 1
34 74 1
27 35 2
51 106 1
47 61 1
18 28 2
33 149 2
7 35 2
22 82 2
48 89 2
52 94 2
7 68 2
49 65 2
26 40 2
52 115 2
32 34 2
44 73 2
16 159 2
39 48 2
16 63 1
21 58 2
45 46 2
15 93 1
37 132 2
29 146 2
28 133 1
18 117 1
48 98 1
7 89 2
51 114 1
38 98 2
41 138 2
22 77 2
1 155 2
7 84 2
23 110 2
21 39 2
51 145 2
23 35 2
34 124 1
49 91 2
41 86 2
3 101 2
25 146 2
9 155 1
45 106 2
16 102 1
14 35 2
26 115 2
29 72 2
16 52 2
27 67 2
9 98 2
44 144 2
18 51 2
46 92 2
46 106 2
22 48 2
10 138 2
27 108 2
51 72 2
10 91 1
52 126 2
23 32 2
33 129 2
20 110 2
29 127 2
1 64 1
25 57 1
30 71 2
30 132 1
23 95 2
0 71 1
12 141 2
39 151 1
17 57 2
35 78 2
31 82 2
14 96 2
12 62 1
28 49 2
24 50 2
19 101 2
7 47 2
34 48 2
27 154 2
39 56 1
16 158 2
3 77 2
44 57 1
19 83 2
30 157 1
7 127 2
15 113 2
25 125 2
26 149 2
21 111 1
10 152 2
31 117 2
43 126 2
27 65 2
35 51 2
3 68 1
5 49 2
1 7 2
7 56 1
3 73 2
5 47 2
46 85 2
15 69 1
44 124 2
44 101 2
14 21 2
26 146 1
10 137 2
15 16 2
40 57 2
42 140 2
37 156 2
24 108 1
49 84 2
14 67 1
2 147 1
33 99 2
50 140 2
21 108 2
19 105 2
26 28 2
16 38 2
17 96 2
28 46 2
12 19 2
27 100 2
16 93 2
40 156 2
0 76 1
12 123 2
4 86 2
26 70 1
40 74 1
17 121 2
44 125 1
41 77 2
28 50 2
0 6 2
25 45 2
0 13 2
24 135 2
16 59 2
13 158 2
31 69 2
37 108 2
47 91 2
37 41 2
41 61 2
3 80 1
3 36 2
34 119 2
3 98 2
44 127 1
5 53 2
37 38 2
14 137 1
11 88 1
13 15 2
31 48 2
21 76 1
13 101 2
29 114 2
20 55 1
30 150 1
16 98 2
39 124 1
19 23 2
30 115 2
2 81 2
2 18 2
22 130 1
51 128 2
36 108 2
5 18 2
6 42 2
42 52 2
23 98 1
20 34 2
40 69 1
19 89 2
33 101 2
28 131 2
23 59 1
13 37 2
29 145 2
1 92 1
38 131 2
17 66 2
10 24 2
6 144 1
33 136 2
9 111 2
25 83 2
41 107 2
39 106 2
20 60 1
15 23 2
6 67 2
2 153 2
17 30 2
35 157 2
29 90 1
20 28 2
52 70 2
25 49 2
41 139 2
19 84 1
52 104 2
37 113 2
37 151 2
23 130 2
22 144 2
45 63 2
32 154 2
8 100 2
4 27 2
18 48 2
21 64 1
39 137 2
17 25 2
38 90 2
27 55 2
37 50 2
7 110 2
38 149 2
24 158 1
52 125 2
23 52 2
31 51 2
18 154 2
33 135 2
22 106 2
39 122 2
10 110 2
2 11 2
36 47 2
8 115 1
16 151 2
12 74 1
14 105 2
36 48 2
18 148 2
47 76 1
3 107 1
22 90 2
44 66 2
36 42 2
40 130 2
33 35 2
43 149 2
15 22 2
16 25 2
44 68 1
13 50 2
42 144 1
4 43 2
3 39 2
37 104 2
17 117 2
45 65 1
39 152 2
44 58 1
14 41 2
17 45 2
36 91 2
4 120 1
9 30 2
6 156 1
20 67 2
38 66 2
23 71 2
14 68 1
32 92 2
25 155 2
9 149 2
14 72 1
28 94 1
23 113 1
9 13 2
16 138 1
6 17 2
24 127 2
43 101 2
20 69 1
43 144 2
38 142 2
9 10 2
44 64 1
41 142 1
8 108 1
29 51 2
18 74 2
30 131 2
20 119 1
23 107 1
22 98 2
35 95 2
9 82 1
29 144 2
25 55 2
47 129 2
12 119 2
13 98 2
51 129 2
12 17 2
37 123 2
3 136 2
29 129 2
28 79 2
28 152 1
6 155 2
35 39 2
19 124 2
43 54 2
30 74 1
1 71 2
2 133 1
24 60 1
3 96 2
25 65 1
11 76 2
19 70 2
21 24 2
2 27 2
18 29 2
6 21 2
27 80 1
45 116 2
1 137 2
20 44 2
29 73 2
12 41 2
27 103 1
1 88 1
33 142 2
25 30 2
41 73 1
29 154 1
30 45 2
25 79 2
30 46 2
14 120 2
9 153 2
36 120 1
3 55 2
46 56 2
16 140 1
50 91 1
8 102 2
51 124 2
5 114 2
16 144 1
21 27 2
11 83 2
9 156 1
51 158 2
40 52 2
45 143 1
51 149 2
46 159 1
15 80 2
16 120 2
29 30 2
31 125 1
6 93 2
32 45 2
2 38 2
49 59 1
2 52 2
29 35 2
7 78 1
5 88 1
4 150 2
27 93 2
10 29 2
2 48 2
26 107 1
3 13 2
23 85 2
23 30 2
45 151 2
19 122 2
10 50 2
51 157 2
37 78 2
39 84 2
10 17 2
50 121 2
6 99 2
1 48 2
21 126 2
11 75 2
15 35 2
7 11 2
46 79 2
20 49 2
48 49 2
23 81 2
46 95 2
30 108 2
37 117 2
2 42 2
17 108 1
48 104 1
27 30 2
5 54 2
32 60 1
4 106 2
33 75 2
30 42 2
4 137 2
35 114 2
36 157 2
8 47 2
30 59 2
20 72 1
0 113 2
44 85 1
18 33 2
29 153 2
21 78 2
25 159 1
26 89 2
18 149 2
38 133 1
52 99 2
27 71 2
19 113 2
16 85 2
13 64 1
11 55 2
28 33 2
19 127 2
24 25 2
24 146 2
36 75 1
32 100 2
30 126 2
3 140 2
20 42 2
29 34 2
3 44 2
50 82 1
51 61 2
36 49 2
20 30 2
0 151 2
2 154 1
22 40 2
3 15 2
23 132 2
13 146 1
1 15 2
6 133 1
17 62 2
1 36 2
30 128 2
43 72 2
42 58 1
14 114 2
26 90 2
21 112 2
5 74 2
18 77 2
2 136 1
16 105 2
39 44 2
17 119 1
38 127 2
14 57 2
15 24 2
32 98 2
48 100 2
8 52 2
43 82 1
14 99 2
15 34 2
50 143 2
3 82 2
7 147 2
17 98 2
11 28 2
22 94 2
30 91 2
41 89 2
31 152 2
10 113 1
14 142 2
0 159 2
15 75 1
6 129 1
38 94 1
1 144 2
32 91 1
43 159 2
13 67 1
8 11 2
17 86 2
38 48 2
30 89 2
41 55 2
26 93 2
7 25 2
46 147 1
52 102 1
6 28 2
12 83 2
38 64 1
5 104 2
29 32 2
10 79 2
1 156 1
6 113 2
36 62 1
19 52 2
5 69 2
9 94 2
26 96 1
24 110 2
48 149 2
30 127 2
48 52 2
46 77 1
35 85 2
13 152 2
46 154 1
16 143 2
15 58 1
14 144 1
43 69 2
14 27 2
35 118 2
37 69 2
24 36 2
47 158 1
31 111 1
27 32 2
4 11 2
48 69 2
22 117 2
8 76 1
13 139 2
19 28 2
26 86 2
6 70 2
31 142 1
52 152 2
9 83 2
45 88 2
41 105 2
34 39 2
23 68 2
11 101 1
44 45 2
31 150 1
3 30 2
8 48 2
1 104 2
36 85 2
13 16 2
13 70 2
0 52 2
1 47 2
11 13 2
38 93 1
6 85 1
37 80 2
0 61 2
40 139 1
14 100 2
0 15 2
24 121 1
20 138 1
52 82 2
25 109 2
50 136 1
31 63 1
13 28 2
5 80 1
10 134 2
27 99 2
23 154 2
4 32 2
20 107 2
33 42 2
9 85 2
38 51 2
15 104 2
27 144 1
19 142 2
30 70 1
10 125 2
18 136 2
6 57 1
49 135 2
17 21 2
10 74 2
41 74 1
28 39 2
34 94 1
38 128 1
5 143 2
44 122 1
51 62 1
46 75 2
15 142 2
14 30 2
35 148 2
31 45 2
1 84 1
20 47 2
17 131 2
16 21 2
40 79 2
34 60 2
49 145 2
43 61 2
13 136 1
48 50 2
35 109 1
44 80 2
0 142 2
33 104 2
41 153 1
29 88 2
22 120 2
9 127 2
2 137 1
3 4 2
17 138 2
33 71 1
41 60 2
14 33 2
21 98 2
24 45 2
6 146 2
21 44 2
43 138 2
43 132 2
1 69 2
23 115 1
0 131 1
34 87 1
27 68 1
50 120 2
14 15 2
45 138 2
5 11 2
34 54 2
10 45 2
26 35 2
43 85 2
41 66 2
13 89 2
13 47 2
47 52 2
10 34 2
25 26 2
26 118 2
52 86 2
5 36 2
30 31 2
16 49 2
35 133 2
10 47 2
31 67 2
11 103 1
2 124 1
6 151 1
27 87 2
8 135 2
25 70 2
12 18 2
4 124 2
48 74 2
34 80 2
28 129 1
13 41 2
1 54 1
16 32 2
23 31 2
45 75 2
14 50 2
4 66 1
25 37 2
5 60 2
17 104 2
13 103 1
9 48 2
38 57 1
51 125 1
3 41 2
42 51 2
34 135 2
0 141 1
46 102 2
2 117 1
15 54 2
51 111 2
12 93 2
15 44 2
18 89 2
35 96 1
5 121 2
9 105 2
43 80 1
9 26 2
28 52 2
48 68 2
10 147 1
46 141 2
42 111 2
24 40 2
33 44 2
42 50 2
45 99 2
21 154 2
6 153 2
2 17 2
45 109 1
41 90 2
17 130 2
19 126 2
10 32 2
4 46 2
47 109 2
47 138 1
11 140 2
33 158 2
42 46 2
23 47 2
17 43 2
35 69 2
6 88 2
30 130 2
10 68 2
28 98 2
4 51 2
33 59 2
6 68 2
47 132 2
39 144 1
51 110 1
20 145 2
23 46 2
2 16 2
5 86 1
22 37 2
35 137 1
11 62 2
18 127 2
46 99 2
3 27 2
19 123 1
43 119 2
46 129 2
49 58 2
12 87 2
9 114 1
19 148 1
7 79 2
28 148 2
40 143 2
12 96 2
17 59 2
18 124 2
1 98 1
17 87 1
43 67 2
51 130 2
20 39 2
40 87 2
20 129 2
21 110 1
42 81 2
44 112 2
32 155 2
18 22 2
0 77 2
8 43 2
48 124 2
8 21 2
48 63 2
5 10 2
21 43 2
24 32 2
40 88 2
42 124 2
41 155 2
42 119 2
29 67 2
41 84 2
36 123 1
2 125 2
24 86 1
24 46 2
5 24 2
14 24 2
4 102 2
24 29 2
11 116 2
32 112 1
24 145 2
28 91 2
36 140 2
8 123 2
8 127 2
11 39 2
17 33 2
8 146 2
15 129 1
18 64 2
32 42 2
32 53 1
24 56 2
23 51 2
4 134 1
33 77 2
38 144 1
22 80 2
43 75 2
14 29 2
38 52 2
0 110 1
17 157 1
11 152 2
23 158 1
13 43 2
0 107 2
40 49 2
30 144 2
7 22 2
25 101 2
27 83 1
2 110 2
6 134 2
8 129 2
25 142 1
48 51 2
18 93 2
31 120 2
43 88 2
47 60 1
37 58 2
3 53 2
3 102 2
15 38 2
28 145 2
48 87 2
1 26 2
30 140 2
6 49 2
49 152 2
30 152 1
33 124 2
17 31 2
18 159 2
15 156 2
25 112 2
31 149 2
18 68 2
21 33 2
4 122 2
20 56 2
6 103 2
29 53 2
45 126 1
42 72 2
1 76 2
4 89 2
21 47 2
35 101 2
14 118 2
18 40 2
17 151 2
27 102 1
32 134 2
35 143 2
5 96 1
39 127 1
12 134 2
2 58 2
2 26 2
21 72 2
8 67 2
9 108 2
34 89 2
51 64 2
1 33 2
0 14 2
23 76 2
29 55 1
25 152 1
28 35 2
47 123 2
36 124 1
48 118 2
25 156 2
31 139 2
16 127 2
36 117 2
37 52 2
14 32 2
41 112 2
30 36 2
27 48 2
12 131 1
25 135 1
44 106 2
9 45 2
26 66 1
15 155 1
52 76 2
9 120 2
47 100 1
0 57 1
21 146 2
40 50 2
27 31 2
25 61 1
19 90 1
9 12 2
24 112 2
39 131 1
30 38 2
8 38 2
3 37 2
36 81 1
15 70 2
0 31 2
45 56 2
11 121 2
20 151 1
34 137 1
42 149 1
28 34 2
21 89 2
40 86 2
40 67 1
25 51 2
38 157 2
14 64 2
47 63 1
10 142 2
2 111 2
34 97 2
36 51 2
48 113 2
6 148 1
5 122 1
13 91 1
35 151 1
13 86 1
43 128 2
4 44 2
4 130 2
48 146 2
41 148 2
3 153 1
15 84 1
28 146 2
16 41 2
35 88 1
0 82 2
52 130 2
11 40 2
22 138 2
32 159 2
12 129 2
47 141 2
43 71 2
15 18 2
40 98 1
50 110 2
32 57 2
36 101 2
28 44 2
15 27 2
31 88 2
40 107 1
9 137 2
46 112 2
3 111 1
33 154 1
0 78 1
4 37 2
26 65 2
2 157 2
44 93 1
21 74 2
37 126 1
17 24 2
31 100 1
8 95 2
10 25 2
19 24 2
15 42 2
12 66 2
48 88 1
44 81 2
40 124 2
6 15 2
36 126 1
16 46 2
31 71 2
47 154 1
52 95 1
18 30 2
37 97 2
49 156 2
31 91 1
33 56 2
29 156 2
5 146 1
51 123 2
28 72 1
7 46 2
30 83 2
0 146 2
16 116 2
1 70 2
8 101 1
52 121 2
3 9 2
32 70 2
52 143 1
6 116 2
21 97 2
30 57 2
29 50 2
46 139 2
17 135 2
4 56 2
47 139 2
32 127 2
12 34 2
24 28 2
31 121 1
37 106 1
13 109 1
21 34 2
16 94 2
30 32 2
39 94 2
15 77 2
5 40 2
24 70 2
33 36 2
38 44 2
9 28 2
11 122 1
19 50 2
2 36 2
17 79 2
30 67 1
18 137 1
6 59 2
39 116 1
51 81 2
9 32 2
2 98 1
26 39 2
30 94 1
48 82 1
21 151 1
35 50 2
48 61 1
12 104 1
3 60 1
41 96 1
2 39 2
16 70 2
13 63 1
34 118 2
49 127 2
16 35 2
44 119 2
32 102 2
28 85 1
39 95 2
16 123 2
30 114 1
52 144 1
1 82 2
12 38 2
1 96 1
32 158 1
38 97 1
48 65 1
28 127 1
16 29 2
5 85 2
20 113 2
50 148 1
39 40 2
9 11 2
38 46 2
25 90 1
26 159 1
28 115 1
5 152 1
29 41 2
28 140 2
31 128 1
13 88 2
15 148 1
31 74 2
0 153 1
45 51 2
41 47 2
29 48 2
15 140 2
0 2 2
14 130 2
16 67 2
11 32 2
47 79 2
38 45 2
0 103 2
46 81 1
39 107 2
10 158 2
15 52 2
2 19 2
32 50 2
15 29 2
17 158 1
10 130 2
5 48 2
22 87 2
3 125 2
12 50 2
20 24 2
18 95 2
19 119 1
43 97 1
38 119 1
7 103 2
47 125 2
1 89 2
14 16 2
10 51 2
25 119 2
50 79 2
5 139 2
16 56 2
5 68 2
10 60 2
42 85 2
4 94 1
14 138 2
7 28 2
38 143 1
19 68 1
52 79 2
44 145 1
10 148 1
23 36 2
40 128 2
6 81 1
24 148 2
22 158 1
32 80 2
40 133 2
3 91 2
8 104 2
9 22 2
5 103 1
47 81 2
0 88 2
7 20 2
12 86 2
20 155 2
31 62 2
18 107 2
36 56 2
44 136 2
15 53 1
45 93 2
36 39 2
13 27 2
21 50 2
39 142 2
4 119 1
47 95 1
15 102 2
39 129 2
40 141 1
47 55 2
1 149 2
14 59 1
51 104 2
6 44 2
18 76 1
13 54 2
37 49 2
27 120 2
21 129 2
16 109 2
10 28 2
6 96 2
34 84 2
39 49 2
32 128 1
20 126 1
7 14 2
42 54 1
10 69 2
16 156 1
52 89 1
26 117 1
52 155 1
18 32 2
19 20 2
39 76 2
0 93 1
42 106 2
30 139 2
5 52 2
41 91 1
10 22 2
36 107 2
20 78 1
1 123 2
12 128 1
21 25 2
25 123 1
49 50 2
4 126 2
18 111 2
10 157 2
51 70 2
6 125 2
0 137 1
48 108 1
47 121 2
5 20 2
2 46 2
32 90 2
28 119 1
13 147 1
2 49 2
13 52 2
49 57 2
42 98 2
16 121 2
12 132 2
10 30 2
30 61 1
29 81 2
50 112 2
35 70 2
45 47 2
12 136 1
1 3 2
0 104 2
29 100 2
35 156 2
30 154 2
45 48 2
8 56 2
4 108 1
43 150 2
52 58 2
46 71 1
5 94 1
14 22 2
39 147 1
37 127 2
0 124 1
8 116 1
39 140 1
8 12 2
22 41 2
23 111 2
26 152 1
50 128 2
16 20 2
14 55 2
31 112 2
46 90 2
51 101 2
20 40 2
40 108 2
16 135 2
34 105 2
8 54 2
16 88 2
31 47 2
33 118 2
8 96 1
11 127 2
21 79 2
25 64 1
12 76 2
19 139 1
49 147 1
32 41 2
19 85 2
22 114 1
42 148 2
51 117 2
21 56 1
16 131 1
7 138 2
45 62 2
52 107 2
20 130 2
2 100 2
7 38 2
34 141 2
36 159 2
10 81 2
21 60 1
4 50 2
37 121 2
45 113 1
44 157 2
50 57 1
27 62 2
15 137 2
14 150 1
22 85 2
5 26 2
32 109 2
17 19 2
34 46 2
18 126 1
0 100 1
43 47 2
41 57 2
39 51 2
38 152 2
39 52 2
4 79 2
2 61 1
0 29 2
8 149 1
25 35 2
19 53 2
13 79 2
26 32 2
30 58 2
21 139 2
21 69 1
34 82 2
33 52 2
3 85 1
45 133 2
14 18 2
13 34 2
20 48 2
3 143 1
39 90 2
8 37 2
13 131 2
26 59 2
24 35 2
29 111 2
43 57 2
4 148 2
51 116 1
30 156 2
0 27 2
52 141 2
28 118 1
4 109 2
5 21 2
29 106 2
38 42 2
17 54 2
0 4 2
41 135 1
19 130 1
32 110 1
6 158 2
21 121 2
31 57 1
43 56 1
6 13 2
30 55 2
28 120 2
9 141 2
32 59 2
37 79 2
22 157 1
20 22 2
1 39 2
13 19 2
43 95 2
42 108 2
44 97 2
3 121 1
33 159 1
9 18 2
17 69 2
17 47 2
6 25 2
15 115 2
3 99 1
12 56 1
9 131 2
0 51 2
13 69 2
11 144 1
31 130 2
46 148 2
27 89 2
31 59 1
25 111 1
37 130 1
16 119 2
9 69 2
7 61 2
46 158 2
28 48 2
35 82 1
44 139 1
8 103 2
24 78 1
10 27 2
4 114 2
38 39 2
0 47 2
4 151 1
49 74 2
8 69 2
18 61 2
17 20 2
21 152 1
8 18 2
46 146 2
4 65 2
19 114 2
8 91 1
14 52 2
25 43 2
20 31 2
20 73 2
14 28 2
17 53 2
5 14 2
11 137 1
41 144 1
24 111 1
30 50 2
48 85 2
4 81 2
12 55 2
15 128 2
42 142 1
38 86 2
16 153 2
28 45 2
39 103 1
2 47 2
11 117 1
14 45 2
46 69 2
22 140 2
34 143 2
0 48 2
43 121 2
36 83 2
2 43 2
39 132 2
4 28 2
24 43 2
44 56 1
38 95 2
20 64 1
4 141 2
11 34 2
4 53 2
45 84 1
33 66 2
40 110 2
50 125 2
42 102 1
13 40 2
0 37 2
6 26 2
44 95 2
20 142 2
28 157 1
5 83 2
36 64 1
16 28 2
31 147 2
45 78 1
2 118 1
37 141 1
14 48 2
30 52 2
31 34 2
49 113 2
18 27 2
47 102 2
46 125 2
1 13 2
30 86 2
28 56 2
25 133 2
50 147 1
25 136 1
1 61 2
39 149 2
17 88 2
17 65 2
4 128 2
3 50 2
4 135 2
29 40 2
33 70 2
51 57 2
17 105 1
47 111 1
31 105 2
34 38 2
12 73 1
1 23 2
26 84 1
0 26 2
6 11 2
32 150 1
32 47 2
12 153 2
23 29 2
21 153 2
45 70 2
50 115 2
41 118 2
20 118 1
29 110 2
23 122 2
28 104 1
10 14 2
20 83 1
27 134 2
37 44 2
12 121 1
41 99 2
37 99 2
26 105 2
13 68 1
17 61 2
37 135 2
7 60 2
39 81 2
46 150 2
14 106 2
12 39 2
29 150 2
44 87 2
49 153 2
26 135 1
41 129 2
9 42 2
27 44 2
22 26 2
23 141 2
27 64 1
16 124 2
42 112 2
42 68 1
2 32 2
28 61 2
48 153 2
26 30 2
42 131 1
14 116 2
23 58 2
22 126 1
9 84 2
40 54 2
2 141 2
46 51 2
51 68 1
35 108 2
11 37 2
0 65 2
47 106 2
12 35 2
26 54 2
26 151 2
28 138 1
38 88 2
22 142 2
33 110 1
51 59 1
13 127 1
42 156 2
25 71 1
25 84 2
21 109 2
46 48 2
35 87 2
20 131 2
3 10 2
23 54 2
8 14 2
40 68 1
30 82 1
16 65 2
9 106 2
7 94 2
19 155 2
42 56 2
31 83 2
49 144 2
36 133 2
1 113 2
15 76 2
43 130 2
46 57 1
17 82 1
21 87 2
17 64 2
22 27 2
28 43 2
12 20 2
15 36 2
49 79 1
44 59 2
15 89 1
30 75 2
21 52 2
4 77 1
36 145 1
4 118 2
51 138 1
23 143 2
44 116 2
24 159 2
25 98 1
44 82 1
41 67 1
26 37 2
36 151 1
2 138 1
45 82 2
6 51 2
37 138 2
16 33 2
45 69 2
50 89 2
39 153 1
7 85 1
50 90 2
37 134 1
26 92 2
6 137 1
35 37 2
5 91 2
18 92 2
40 70 2
5 44 2
46 103 2
21 42 2
26 43 2
21 91 1
4 116 2
4 22 2
10 59 1
21 143 1
4 82 1
27 121 2
9 63 2
5 55 2
33 83 2
34 144 2
9 54 1
50 119 1
20 139 1
51 139 1
8 154 2
11 146 1
29 115 2
14 26 2
0 53 2
43 122 2
5 98 2
17 36 2
50 65 2
40 101 1
0 74 1
31 156 2
12 59 1
47 112 2
30 103 2
19 136 2
23 57 2
6 126 1
1 65 2
16 61 2
8 85 1
50 94 2
16 75 1
7 101 1
3 19 2
7 144 2
6 50 2
3 58 2
29 49 2
1 138 1
37 103 2
15 96 1
6 154 2
22 92 1
43 96 1
3 127 1
7 96 1
0 12 2
36 129 2
1 49 2
43 83 2
20 121 1
18 42 2
31 97 1
30 111 1
19 55 2
28 107 2
40 58 2
31 75 2
16 60 2
49 83 2
5 127 2
13 32 2
30 93 2
20 51 2
6 24 2
17 37 2
16 118 1
52 100 1
47 114 2
5 16 2
22 115 2
33 82 2
3 31 2
26 145 2
6 34 2
8 72 2
49 139 1
16 133 2
31 89 2
38 105 2
20 114 2
27 59 2
3 14 2
51 132 1
38 92 2
38 70 1
32 108 1
19 32 2
29 137 1
7 51 2
51 144 2
25 118 2
46 108 1
4 93 2
51 69 2
37 53 1
36 109 1
23 41 2
8 70 1
1 116 2
37 128 2
14 63 2
28 149 2
6 89 1
6 102 2
48 86 2
11 149 2
7 23 2
9 55 1
30 33 2
6 43 2
12 82 1
31 52 2
34 88 2
38 134 2
12 27 2
16 157 2
1 87 2
11 45 2
1 129 2
11 50 2
11 118 2
7 17 2
28 97 2
46 83 1
12 40 2
24 96 1
19 59 1
4 147 2
44 105 1
51 151 2
52 64 1
23 65 1
34 93 1
32 131 1
40 96 2
18 156 2
18 26 2
34 131 2
17 150 2
18 94 2
27 149 1
34 90 2
48 116 2
9 103 1
21 117 2
51 113 1
42 76 1
17 70 2
12 105 1
16 19 2
33 86 2
48 77 1
26 143 1
26 49 2
34 133 1
8 29 2
31 37 2
44 91 2
7 64 2
20 58 2
5 37 2
52 150 2
22 132 1
43 127 2
52 131 2
24 106 2
6 38 2
13 97 2
41 70 2
42 141 2
27 92 2
35 52 2
36 37 2
0 39 2
52 103 2
34 53 2
22 55 1
17 103 2
1 30 2
49 124 2
21 41 2
16 66 2
9 37 2
34 158 2
25 87 2
40 42 2
2 25 2
41 122 2
31 135 1
33 81 2
34 51 2
2 56 1
41 156 2
46 105 1
8 89 2
28 143 2
16 130 1
35 102 1
51 122 2
46 52 2
17 67 2
12 150 2
1 35 2
11 44 2
28 114 2
43 105 1
2 20 2
13 137 1
31 108 2
13 111 2
17 48 2
20 152 2
15 147 2
49 51 2
19 153 2
43 116 2
16 54 1
10 89 2
30 153 2
30 34 2
40 46 2
20 108 1
20 97 1
24 88 2
47 66 1
2 72 1
18 150 1
14 95 2
13 14 2
4 117 2
0 130 2
15 43 2
37 145 1
48 71 2
21 107 2
28 123 1
20 75 1
0 19 2
22 125 1
49 66 2
12 48 2
1 28 2
50 130 2
6 58 2
31 36 2
10 124 1
45 105 2
35 130 2
50 153 1
41 68 2
49 97 2
44 111 2
11 123 1
36 136 1
47 117 1
26 27 2
43 50 2
25 46 2
11 12 2
35 46 2
32 40 2
5 61 2
11 109 1
13 38 2
25 145 2
9 16 2
52 112 2
19 129 1
22 43 2
10 144 2
28 58 1
2 41 2
21 30 2
34 61 2
1 57 1
45 101 1
3 47 2
9 128 2
31 44 2
46 54 2
1 18 2
44 156 2
26 113 1
41 72 2
11 81 2
9 31 2
6 31 2
6 71 2
20 36 2
21 31 2
12 144 2
29 117 2
11 20 2
14 97 1
2 89 2
46 109 2
50 61 2
2 152 1
10 12 2
29 47 2
9 117 2
39 42 2
27 90 2
15 19 2
39 139 2
4 20 2
39 126 1
24 69 2
5 75 2
18 108 2
45 79 2
34 50 2
2 33 2
46 113 2
32 36 2
17 116 2
5 41 2
2 130 1
48 81 1
43 98 2
51 55 2
13 100 2
7 72 2
11 95 1
40 80 1
26 33 2
42 126 2
12 92 2
18 114 2
23 127 2
5 23 2
34 159 1
29 66 2
21 93 2
0 41 2
30 107 1
28 156 1
28 90 2
23 90 2
38 129 2
50 109 2
30 123 2
2 91 2
13 84 2
2 139 1
7 105 2
16 78 2
31 123 2
8 45 2
38 65 2
8 41 2
27 155 2
25 154 1
38 50 2
14 158 1
37 105 1
36 106 2
33 103 2
37 61 2
39 57 1
49 86 1
14 80 2
5 119 2
2 28 2
8 16 2
25 66 2
46 110 2
40 44 2
6 123 1
19 46 2
15 41 2
21 61 1
39 121 2
45 85 2
35 62 2
47 135 2
3 20 2
49 73 2
2 149 1
10 116 2
42 43 2
37 157 2
39 117 2
51 88 2
49 130 2
28 54 2
1 72 1
25 44 2
13 80 2
22 50 2
32 126 2
17 39 2
10 90 2
5 72 1
34 111 2
33 155 2
49 154 2
19 116 2
49 64 2
37 75 1
45 156 2
8 34 2
28 40 2
35 58 1
11 65 2
26 125 2
34 109 1
30 120 2
23 121 1
13 149 2
13 81 2
13 23 2
2 31 2
41 88 2
16 43 2
45 86 2
10 23 2
25 75 1
15 49 2
41 43 2
3 7 2
7 130 2
21 136 2
42 48 2
13 145 1
34 106 2
45 55 2
1 128 1
48 90 2
36 144 2
17 136 1
11 80 1
37 112 1
52 118 2
9 52 2
29 45 2
49 54 1
7 156 2
13 141 2
16 96 1
5 12 2
5 158 1
25 33 2
50 63 2
8 109 2
22 59 2
24 157 2
14 117 2
1 130 2
37 72 1
26 121 1
46 116 2
6 66 2
11 61 1
50 150 2
12 53 2
29 135 2
8 40 2
45 50 2
6 40 2
46 82 2
30 106 2
33 117 2
29 121 2
34 42 2
50 111 1
13 60 2
41 98 2
12 106 1
35 59 2
1 51 2
30 133 2
9 49 2
3 151 1
14 38 2
39 74 2
42 132 2
19 49 2
44 47 2
42 100 2
21 134 1
26 101 1
11 51 2
6 22 2
19 29 2
20 132 1
36 155 2
2 8 1
38 110 2
10 40 1
23 48 1
0 120 2
49 76 1
7 112 2
0 72 1
94 140 2
0 38 1
5 134 2
71 76 2
19 25 1
15 20 1
38 151 1
41 137 2
49 52 1
17 38 1
120 155 2
45 134 2
20 29 1
22 47 1
16 134 1
21 32 1
120 148 2
18 44 1
4 18 1
46 140 1
9 140 2
121 131 1
8 44 1
0 128 1
7 128 1
18 100 1
74 137 2
6 27 1
34 45 1
47 134 2
16 91 2
39 134 1
36 80 2
40 131 2
0 22 1
26 76 2
14 46 1
19 63 1
6 7 1
17 71 2
12 45 1
11 134 2
35 110 2
80 81 2
9 36 1
