% n=40 p=33 d=0.66 p_blue=0.66
% k=0
9 22 2
4 36 2
4 11 2
10 18 1
3 34 1
10 33 1
9 12 2
3 22 1
0 19 2
0 26 2
4 19 1
4 6 2
6 33 1
13 14 2
10 26 1
11 15 2
0 5 2
3 11 2
3 16 1
3 5 2
2 13 2
9 18 2
6 22 2
1 8 2
10 28 2
7 24 1
0 4 2
13 17 2
9 28 2
3 10 2
7 38 1
6 12 2
5 11 2
6 35 1
2 6 2
7 22 2
8 12 2
5 39 1
2 17 2
13 29 1
2 29 1
8 37 1
1 24 2
0 10 2
4 35 2
13 32 2
10 29 1
11 37 1
10 21 1
10 34 2
5 32 1
6 18 2
6 10 2
12 17 2
3 37 1
6 29 1
0 18 2
11 32 1
5 15 1
0 30 2
6 26 2
11 25 2
8 21 2
6 27 2
6 8 2
0 3 2
8 16 2
12 37 2
8 23 2
3 15 2
6 37 1
7 32 2
4 28 1
13 28 2
4 7 2
6 21 1
11 22 2
2 3 2
8 36 1
5 22 1
11 30 2
4 20 1
3 28 2
8 11 2
7 23 1
5 17 2
1 5 2
4 37 2
10 30 2
9 20 2
11 12 2
9 33 2
7 17 2
2 25 2
13 27 1
7 30 2
0 39 2
3 18 2
1 11 2
11 28 2
7 33 2
9 32 1
9 30 1
2 35 2
5 27 2
4 13 2
11 38 2
9 27 2
8 32 2
6 14 2
6 34 2
11 13 2
10 39 2
13 25 2
8 10 2
6 20 2
12 33 2
4 29 2
4 10 2
7 11 2
1 16 2
5 37 1
2 18 1
3 27 2
12 27 2
11 14 1
8 38 2
13 34 1
6 23 2
13 26 1
5 38 2
0 22 2
10 11 2
7 26 1
7 12 2
6 36 1
1 39 1
10 27 2
0 1 2
12 32 2
2 11 2
5 20 2
2 31 2
5 35 1
10 23 2
8 26 2
1 35 2
8 22 1
3 26 2
4 25 2
9 11 2
0 8 2
5 33 2
7 25 2
1 20 2
13 30 1
0 17 2
1 10 2
5 16 1
11 20 2
9 29 2
3 25 1
0 28 2
7 13 2
6 25 2
5 9 2
2 38 2
3 20 2
1 22 1
11 21 2
3 12 2
13 22 2
0 21 2
3 9 2
12 35 2
3 38 2
10 22 2
9 13 2
1 2 2
5 12 2
10 14 2
3 29 2
3 32 2
1 37 2
6 32 1
1 33 1
8 19 2
8 33 2
12 18 2
1 26 2
2 27 2
2 4 2
3 36 1
4 12 2
12 28 2
4 22 2
2 21 1
6 30 1
7 19 1
0 35 2
0 37 1
2 33 2
10 37 1
3 6 2
12 38 1
11 35 1
4 27 2
5 10 2
6 28 2
13 23 1
0 24 2
10 25 1
10 16 2
1 7 2
7 34 2
10 36 2
1 32 2
1 28 2
4 34 1
3 35 1
9 39 1
8 18 1
7 18 2
7 28 2
1 6 2
8 29 2
1 25 2
11 27 2
1 3 2
2 7 2
1 30 2
12 25 2
8 25 2
4 32 1
2 30 2
12 20 2
0 2 2
11 18 2
6 9 2
3 8 2
2 37 1
2 19 2
7 16 2
1 14 2
0 29 1
5 13 2
6 11 2
8 13 2
1 23 1
9 26 1
6 19 2
0 6 2
6 39 2
4 24 1
9 15 2
1 13 2
4 21 1
9 24 1
8 39 1
0 38 2
5 6 2
0 12 2
9 23 2
0 20 2
11 23 2
12 39 1
6 31 2
5 18 1
2 5 2
5 36 2
0 34 2
6 7 1
5 24 1
33 34 2
0 11 2
9 36 1
0 15 2
13 33 2
10 12 1
0 14 2
19 34 1
2 10 1
15 34 1
7 15 1
12 14 2
2 24 2
2 9 1
6 13 2
6 24 1
10 13 1
7 14 2
12 13 1
15 33 2
0 33 2
14 15 1
8 9 1
11 34 1
9 10 1
4 17 2
24 33 2
11 33 1
2 15 1
3 14 2
1 4 1
10 19 1
14 34 1
3 33 1
3 4 1
3 24 1
5 7 1
8 15 1
0 7 1
1 9 1
14 24 2
1 17 1
15 17 2
12 19 2
1 12 1
