% n=110 p=33 d=0.66 p_blue=0.33
% k=0
7 8 2
31 79 1
22 95 1
6 23 2
15 16 2
30 47 1
9 11 2
25 76 2
17 58 2
17 27 2
24 86 1
19 58 2
26 32 2
34 85 2
31 72 1
1 105 1
10 36 2
3 19 2
21 33 2
11 64 2
16 70 1
34 91 2
24 30 2
9 60 2
10 16 2
22 52 1
27 28 2
27 85 2
3 57 2
17 24 2
17 81 2
7 23 2
8 24 2
34 51 2
4 19 2
20 22 2
21 98 1
20 57 2
1 14 2
14 68 1
8 70 1
10 13 2
8 63 1
25 86 1
16 66 1
8 109 1
5 68 1
15 77 2
11 65 1
20 97 1
22 25 2
31 80 2
14 17 2
35 66 2
29 53 2
7 99 1
27 104 1
2 8 2
5 7 2
27 45 2
8 40 1
34 39 2
36 41 2
26 69 1
0 20 2
34 40 2
18 63 1
32 54 1
13 108 1
28 78 1
0 6 2
24 56 2
2 7 2
19 69 1
20 21 2
6 9 2
35 80 2
0 33 2
28 67 1
34 102 1
5 40 2
18 103 1
31 76 1
6 87 1
13 21 2
9 33 2
24 100 2
1 86 1
20 33 2
12 13 2
22 79 1
24 31 2
5 90 1
27 107 2
13 19 2
18 83 1
27 42 1
8 75 1
27 73 1
1 95 2
18 87 2
26 47 2
9 31 2
8 48 1
6 77 1
25 45 2
20 32 2
23 91 2
7 26 2
11 17 2
19 85 1
17 34 2
1 94 1
20 66 2
17 97 1
14 88 2
20 79 1
25 32 2
15 34 2
27 94 1
28 59 2
19 70 2
13 82 1
10 65 1
25 73 2
31 92 1
25 98 1
20 84 1
10 93 2
27 80 1
1 30 2
5 27 2
29 31 2
14 107 1
36 80 1
6 8 2
18 106 1
12 27 2
6 92 2
36 68 2
24 57 1
14 59 1
19 82 2
15 85 1
23 63 1
11 38 1
17 32 2
13 16 2
21 66 1
19 77 1
11 76 1
25 78 1
17 40 1
12 34 2
31 60 1
18 78 2
35 57 2
1 25 2
30 103 1
29 103 2
5 25 2
29 30 2
25 91 2
32 77 2
23 48 1
35 50 2
9 107 2
21 95 1
26 93 2
20 91 1
1 93 2
23 109 1
30 43 2
24 51 1
8 64 1
9 106 1
33 79 1
14 77 1
14 72 1
8 36 2
4 64 1
18 77 2
1 72 1
6 25 2
2 32 2
10 14 2
30 106 1
17 99 1
1 54 1
34 35 2
13 64 2
8 72 1
30 89 2
20 49 1
23 86 1
10 83 2
16 25 2
34 47 1
14 20 2
9 66 1
27 74 1
23 93 2
17 36 2
0 31 2
29 101 1
12 86 1
32 48 1
4 101 1
12 108 1
21 81 2
30 64 1
2 60 1
14 102 2
33 92 1
33 106 1
22 27 2
0 18 2
10 42 1
6 53 1
12 82 2
27 96 1
2 13 2
25 90 1
0 13 2
4 45 1
16 80 1
22 32 2
12 43 2
2 71 1
18 23 2
21 72 1
24 59 2
26 86 1
31 98 1
12 62 1
22 43 1
27 68 1
1 13 2
2 9 2
22 34 2
2 61 2
17 95 2
26 48 2
20 61 1
3 5 2
0 53 2
10 91 1
31 99 2
21 84 1
10 24 2
32 35 2
32 61 2
4 69 1
24 99 1
27 33 2
5 88 1
32 66 1
23 31 2
2 91 1
10 28 2
0 4 2
7 78 1
16 90 1
27 31 2
30 41 1
16 67 2
27 67 1
4 14 2
16 104 1
35 74 1
18 57 1
22 29 2
15 65 1
1 59 1
3 60 2
15 35 2
1 7 2
25 43 1
32 103 2
5 70 1
24 108 1
18 68 1
36 100 1
11 66 1
8 38 1
17 49 1
28 97 2
15 39 1
5 17 2
26 104 2
26 109 2
10 109 2
14 98 1
2 55 1
0 37 1
32 87 1
7 46 1
34 58 1
18 46 1
17 73 1
33 47 1
11 93 1
12 64 1
2 80 1
22 67 2
3 108 1
28 47 1
8 71 1
11 35 2
8 34 2
4 26 2
24 78 1
36 91 1
3 89 1
33 36 2
6 60 1
3 90 1
25 62 1
21 52 1
34 93 1
24 38 1
19 73 2
19 24 2
8 85 2
18 75 1
13 31 2
9 14 2
21 24 2
15 25 2
35 48 2
21 59 1
15 18 2
14 63 2
4 67 1
25 80 2
28 35 2
11 14 2
29 47 2
1 48 2
29 105 1
21 67 1
27 90 1
5 28 2
1 108 1
12 33 2
8 18 2
32 53 1
29 81 1
1 4 2
16 18 2
19 80 2
17 106 1
25 70 2
5 107 1
22 24 2
36 58 1
31 71 2
27 57 2
29 35 2
28 51 1
5 72 1
17 46 2
22 61 1
2 67 1
15 82 1
24 63 1
12 20 2
34 103 1
15 49 1
0 25 2
20 50 1
18 67 1
9 34 2
3 59 2
29 32 2
9 64 2
13 42 1
27 76 1
29 78 1
14 40 1
14 96 2
17 78 1
3 80 1
4 88 1
6 11 2
20 71 2
11 47 2
15 31 2
6 72 2
19 60 1
5 37 1
3 32 2
24 45 1
32 38 1
3 79 1
27 89 1
7 43 2
4 34 2
15 98 2
26 64 2
5 55 1
9 63 1
3 15 2
16 94 1
2 27 2
36 45 1
24 25 2
4 105 1
20 34 2
9 51 2
3 76 1
16 73 1
14 19 2
0 5 2
19 21 2
22 98 1
22 35 2
10 59 2
31 104 2
27 88 1
24 88 2
6 99 2
28 70 1
25 92 2
0 68 2
6 16 2
0 2 2
3 27 2
23 98 2
1 26 2
19 94 2
8 16 2
19 86 1
24 62 1
13 93 2
5 75 1
9 58 1
29 108 1
22 91 2
3 53 2
0 1 2
3 45 1
18 84 2
4 62 1
11 84 2
15 97 1
27 54 1
32 76 2
0 76 1
23 30 2
8 91 2
4 42 1
21 60 1
2 10 2
15 90 1
26 73 1
24 85 1
4 92 2
7 92 2
27 102 1
19 48 1
30 63 1
12 63 1
15 56 1
19 104 2
2 79 1
6 44 1
13 52 2
22 62 2
7 49 1
29 90 1
11 51 1
23 25 2
20 76 2
28 55 2
21 47 1
18 27 2
21 97 1
16 76 1
5 18 2
21 61 1
15 57 1
26 51 1
2 25 2
21 31 2
3 22 2
11 108 2
10 98 2
15 48 1
23 37 1
34 82 1
4 33 2
6 51 2
15 50 2
6 83 2
25 85 1
10 46 1
22 76 1
9 97 1
17 92 1
27 81 1
33 107 2
7 19 2
9 74 1
34 107 2
4 21 2
9 89 1
27 66 2
24 70 1
27 30 2
35 43 1
12 54 1
27 36 2
27 60 1
10 40 1
1 61 1
29 44 1
26 44 1
14 52 1
15 70 2
4 81 1
7 59 1
8 51 1
17 45 1
22 71 1
2 92 2
26 49 2
34 46 1
2 42 1
10 69 1
35 86 1
27 38 2
29 64 2
8 87 2
2 19 2
10 26 2
1 40 2
0 104 2
15 52 1
28 54 1
2 70 1
24 55 1
23 32 2
27 86 1
13 73 2
14 86 1
1 96 1
24 89 1
5 24 2
32 46 1
23 71 1
21 86 1
33 61 1
3 65 1
27 50 1
19 74 1
4 32 2
33 35 2
18 90 1
9 39 1
32 73 2
11 60 1
19 25 2
31 77 2
32 36 2
21 22 2
3 20 2
9 62 1
31 101 1
4 18 2
6 80 1
21 108 1
21 75 1
25 58 1
17 77 2
33 42 1
31 36 2
9 27 2
4 5 2
15 26 2
35 85 1
10 64 1
5 89 2
1 46 1
35 36 2
4 28 2
16 45 1
20 77 2
23 34 2
7 57 2
30 65 1
16 37 1
2 44 1
9 108 1
20 74 1
22 92 1
36 75 2
19 92 1
35 103 1
9 53 1
28 104 2
17 105 1
33 37 1
26 39 2
28 61 2
3 21 2
3 102 1
34 59 2
7 85 1
13 45 1
2 78 1
10 82 1
0 80 1
32 98 2
1 71 1
16 39 1
29 55 1
22 108 1
29 56 1
21 44 1
36 56 2
32 58 1
14 41 1
21 40 1
16 83 1
21 53 1
32 75 1
3 8 2
35 94 2
3 68 1
4 51 2
13 24 2
18 45 2
14 24 2
7 105 1
25 64 1
1 104 1
21 101 2
8 25 2
16 51 1
7 10 2
35 54 1
4 71 1
11 15 2
21 80 1
16 60 1
10 11 2
2 30 2
36 39 1
3 44 2
11 40 2
32 106 1
30 73 1
19 67 1
26 105 1
11 28 2
12 100 1
6 68 1
20 65 1
3 35 2
18 42 1
25 95 2
29 107 1
32 42 2
10 78 2
13 78 1
2 103 1
2 34 2
34 74 1
31 83 2
0 21 2
0 34 2
32 99 1
17 103 2
36 46 1
20 44 1
9 76 1
1 63 1
31 63 2
20 42 1
9 29 2
10 99 1
15 92 1
11 70 1
23 101 2
36 74 1
26 94 2
23 81 1
26 54 2
27 35 2
29 34 2
3 56 1
18 94 1
23 104 1
1 23 2
10 34 2
8 49 2
24 81 1
32 96 1
33 89 1
5 50 2
23 107 1
11 36 2
3 106 2
34 66 1
30 102 1
15 94 2
35 37 1
15 55 1
23 72 1
28 96 1
28 44 2
14 106 1
1 57 1
12 72 1
12 79 1
4 16 2
20 36 2
36 52 1
3 98 1
33 46 1
10 33 2
24 26 2
16 72 1
28 65 1
13 99 2
22 47 1
3 51 1
6 85 1
3 36 2
5 22 2
19 101 2
5 31 2
27 108 1
3 23 2
29 65 2
30 87 2
0 109 1
7 94 1
4 11 2
14 36 2
35 83 1
14 85 1
3 50 2
5 80 1
14 61 2
5 99 1
31 108 1
15 83 2
10 106 2
0 15 2
27 75 2
27 84 1
4 96 2
31 38 1
8 102 1
5 21 2
12 85 1
23 35 2
22 65 2
16 108 1
31 95 1
17 35 2
2 77 1
1 37 1
20 28 2
32 60 1
19 46 1
0 30 2
12 19 2
19 44 1
17 83 1
26 38 1
6 88 1
25 57 1
28 84 1
10 101 1
4 84 2
32 40 1
27 83 1
2 17 2
6 13 2
12 91 1
20 30 2
15 42 1
6 12 2
17 91 2
31 33 2
0 58 1
29 51 2
18 41 1
15 109 1
7 60 1
5 74 2
30 49 1
32 83 1
15 36 2
12 89 2
3 84 1
8 17 2
31 91 2
31 64 1
21 48 1
7 63 2
31 34 2
25 56 1
13 39 2
36 66 1
4 59 2
1 47 1
2 84 1
34 75 1
29 85 2
2 95 1
23 58 1
26 80 1
28 33 2
2 68 1
29 58 1
21 73 1
18 28 2
19 33 2
31 97 1
14 28 2
24 101 1
28 31 2
13 44 1
8 21 2
6 81 2
11 87 1
4 82 1
1 91 1
26 88 1
24 41 2
35 64 2
16 109 2
2 82 1
0 39 2
5 42 1
3 28 2
17 67 1
28 29 2
10 89 1
30 33 2
2 59 2
11 77 2
32 49 1
12 104 1
1 28 2
24 67 1
12 75 1
8 100 1
8 28 2
29 46 1
25 42 1
34 50 2
28 36 2
1 33 2
22 80 1
36 69 1
22 81 1
17 43 2
27 78 1
1 76 1
9 102 1
16 78 1
7 17 2
29 57 1
4 20 2
1 99 1
28 85 1
10 56 2
5 30 2
23 55 1
0 67 1
25 72 2
11 25 2
9 28 2
4 48 2
7 44 1
2 81 1
1 51 1
2 40 2
17 50 2
0 7 2
30 88 2
29 62 2
24 84 1
25 34 2
35 51 1
36 85 1
10 52 1
5 52 2
33 69 2
30 55 1
34 63 1
8 45 1
1 35 2
32 84 1
14 44 1
29 79 1
12 90 2
36 47 1
31 53 2
11 44 1
5 14 2
34 104 1
16 106 1
2 106 2
26 37 1
5 64 2
0 77 1
8 33 2
28 39 2
7 62 1
23 36 2
25 84 2
35 82 1
17 82 2
29 73 2
0 102 2
16 31 2
0 57 2
11 67 1
1 20 2
30 68 1
6 24 2
6 33 2
4 90 1
6 48 1
21 36 2
12 109 1
18 37 1
26 33 2
14 93 1
5 104 1
21 39 1
28 49 2
9 55 2
7 9 2
14 35 2
14 15 2
12 105 1
11 29 2
7 68 1
3 104 1
17 87 1
11 107 1
34 88 1
14 27 2
6 59 2
4 15 2
6 90 2
24 36 2
4 74 1
29 91 1
17 88 1
35 106 1
28 30 2
0 50 1
11 97 2
17 108 1
6 86 2
10 53 2
0 92 1
16 22 2
4 70 2
32 44 1
33 97 1
25 38 2
11 101 2
31 75 1
16 89 1
13 34 2
0 16 2
5 46 1
33 38 1
8 78 1
31 82 1
9 25 2
17 38 2
20 37 2
14 62 2
14 66 2
28 92 1
29 95 2
9 100 1
13 65 2
35 102 1
9 65 1
8 27 2
16 21 2
14 95 1
13 30 2
7 83 1
15 71 2
14 79 1
16 91 1
3 9 2
9 71 1
2 53 2
18 74 1
29 69 2
30 104 2
19 27 2
13 29 2
12 65 1
7 16 2
18 34 2
5 44 1
29 84 2
0 75 2
5 26 2
36 88 1
2 29 2
4 109 1
23 27 2
12 53 2
6 82 1
2 22 2
4 91 1
33 49 1
33 94 1
10 74 1
26 98 1
16 29 2
31 39 1
10 58 1
18 36 2
28 34 2
31 61 1
21 23 2
36 102 1
26 34 2
34 36 2
6 70 1
14 67 2
10 80 2
24 42 2
17 107 2
1 81 1
3 66 2
4 7 2
9 92 1
6 21 2
28 74 1
0 19 2
0 3 2
24 91 1
25 28 2
15 101 1
1 74 2
9 47 1
17 23 2
22 105 2
9 17 2
22 86 1
4 6 2
18 33 2
9 88 2
4 25 2
27 105 1
28 45 1
14 39 2
13 86 1
33 99 2
16 84 1
27 69 2
22 46 1
6 37 1
3 92 2
4 60 2
33 87 2
35 95 2
4 38 1
10 77 1
7 35 2
18 107 1
36 50 1
13 28 2
12 14 2
17 60 1
3 26 2
20 23 2
34 62 1
24 76 2
8 12 2
6 71 2
30 93 1
33 43 2
21 56 1
0 24 2
16 55 1
12 32 2
34 49 1
29 66 2
17 18 2
12 102 1
18 89 1
3 49 1
26 45 2
32 47 1
15 19 2
2 83 1
35 91 1
13 71 2
6 18 2
8 35 2
31 66 1
11 19 2
17 65 1
27 87 2
30 101 1
9 12 2
12 92 1
24 61 2
7 38 1
8 84 1
8 52 2
22 36 2
9 35 2
20 73 1
28 48 1
0 82 2
18 97 2
21 45 1
15 40 1
30 32 2
25 40 1
0 101 2
2 24 2
7 80 1
16 56 1
0 93 1
20 108 1
21 35 2
18 19 2
25 27 2
1 27 2
3 55 2
7 77 1
21 37 1
32 104 2
23 40 1
21 74 2
1 21 2
29 74 2
23 61 2
29 36 2
12 30 2
0 100 2
6 43 1
31 85 2
23 59 2
25 99 1
29 33 2
4 94 1
32 68 1
28 106 1
3 41 1
20 41 1
35 89 1
17 62 1
33 84 1
33 68 2
21 100 2
33 66 2
15 80 1
1 12 2
18 82 1
8 92 1
4 55 2
18 80 2
16 23 2
24 33 2
32 108 2
27 29 2
15 58 1
24 35 2
18 99 2
17 47 1
24 29 2
7 20 2
12 17 2
21 82 1
0 73 1
5 10 2
18 98 2
18 51 2
15 73 1
2 36 2
34 80 1
7 95 1
3 95 1
2 39 1
22 103 1
0 42 2
30 66 2
5 23 2
9 43 1
10 30 2
22 102 2
33 48 1
16 24 2
13 26 2
17 98 1
6 69 1
5 20 2
22 73 1
15 72 1
24 72 2
21 76 1
8 58 2
31 69 1
20 31 2
30 35 2
23 26 2
13 91 1
18 59 1
7 22 2
17 48 1
24 28 2
22 89 1
20 104 1
22 104 1
9 15 2
11 16 2
7 107 1
32 55 2
3 6 2
36 42 1
10 25 2
9 30 2
10 95 1
6 36 2
12 46 2
7 27 2
9 19 2
21 91 1
7 84 2
6 34 2
35 107 1
21 26 2
11 55 2
20 106 1
18 91 1
14 78 2
26 41 1
27 59 1
34 56 1
3 62 1
17 66 1
0 48 1
12 56 1
1 18 2
5 73 1
14 105 1
27 48 2
35 69 1
26 87 1
36 65 1
35 61 2
3 58 1
15 38 2
3 75 2
9 57 1
22 84 1
14 25 2
2 93 2
1 52 1
11 31 2
24 106 1
11 33 2
2 96 2
8 31 2
15 22 2
18 109 1
9 52 1
34 64 1
27 106 1
13 85 1
30 94 1
22 56 2
4 98 1
3 67 1
21 30 2
36 60 2
2 69 1
13 17 2
11 34 2
7 65 2
24 83 2
17 59 1
9 21 2
1 85 1
17 54 1
33 64 1
2 37 1
22 45 1
28 80 1
0 23 2
13 59 1
20 55 2
3 16 2
5 60 1
27 32 2
26 35 2
1 66 1
31 40 1
19 96 1
11 85 1
6 20 2
9 46 1
36 59 1
1 24 2
8 47 1
11 43 1
7 18 2
15 105 2
33 45 1
1 67 1
22 63 1
18 40 2
23 33 2
12 57 1
8 50 2
5 94 2
33 34 2
5 86 1
20 86 1
6 84 1
32 97 1
2 72 1
4 23 2
19 54 1
7 106 2
5 33 2
5 34 2
4 30 2
31 58 2
18 61 1
2 58 1
17 30 2
9 20 2
0 12 2
3 18 2
4 8 2
26 29 2
9 54 1
19 108 1
19 78 2
4 12 2
14 38 2
15 33 2
9 67 2
16 33 2
21 104 1
10 31 2
20 26 2
24 58 1
33 78 1
16 93 2
6 65 1
34 45 1
7 34 2
32 95 1
8 56 1
31 74 2
2 88 2
23 102 1
32 81 1
17 53 2
27 91 1
23 100 1
17 29 2
15 84 2
4 36 2
2 14 2
8 94 1
4 24 2
25 65 1
30 44 1
29 104 2
7 11 2
5 9 2
6 49 1
18 43 1
12 99 2
26 96 2
18 73 1
33 88 2
20 63 1
25 30 2
24 27 2
10 37 1
10 29 2
33 56 1
9 90 2
16 65 1
11 27 2
21 49 1
25 82 2
2 33 2
6 79 1
25 74 1
1 5 2
0 40 2
4 40 1
15 68 1
0 27 2
18 22 2
14 23 2
9 16 2
25 29 2
22 44 1
9 78 1
24 34 2
28 105 2
8 10 2
20 64 1
28 102 1
35 49 2
13 92 1
1 10 2
26 75 1
33 82 1
7 24 2
13 20 2
6 26 2
23 64 1
0 95 1
1 9 2
34 67 2
35 71 2
1 19 2
1 31 2
0 10 2
16 102 1
1 69 1
20 105 1
16 50 2
8 44 1
15 93 1
19 89 2
7 56 1
6 62 2
28 72 1
33 57 2
31 105 1
7 64 2
35 59 1
13 36 2
1 58 1
15 23 2
25 35 2
6 19 2
6 66 1
19 52 1
22 23 2
29 48 1
1 102 1
6 54 2
21 90 1
19 109 2
29 109 1
7 21 2
10 67 1
13 22 2
8 41 2
26 74 1
11 18 2
19 32 2
2 4 2
22 40 1
2 5 2
10 61 1
29 41 2
33 55 1
23 75 1
33 52 1
6 89 1
26 36 2
35 105 1
6 15 2
16 20 2
10 102 1
5 58 1
28 88 1
36 62 1
2 62 1
14 31 2
8 26 2
9 79 2
12 59 1
10 21 2
0 83 2
18 64 2
11 61 2
20 93 1
31 49 1
1 6 2
5 91 1
4 10 2
22 69 1
18 71 1
7 47 1
26 28 2
29 72 1
8 23 2
16 28 2
26 97 1
22 51 1
9 85 1
13 104 2
19 20 2
21 25 2
8 93 2
31 35 2
30 83 1
17 61 1
36 67 1
9 23 2
2 28 2
6 105 2
6 56 1
16 100 1
26 78 2
3 7 2
27 82 1
8 65 2
10 32 2
13 109 1
9 22 2
20 107 2
36 73 2
0 90 2
22 50 1
21 88 1
11 32 2
4 61 2
17 26 2
19 93 1
3 10 2
36 76 1
12 35 2
31 78 1
18 69 2
5 87 1
0 94 2
21 34 2
5 12 2
16 19 2
14 94 1
28 41 1
13 32 2
19 103 2
4 39 1
29 102 1
7 12 2
0 71 1
18 47 2
14 34 2
2 18 2
28 53 2
12 74 1
26 82 2
32 50 1
18 86 1
20 29 2
14 33 2
0 105 1
1 34 2
31 32 2
14 53 1
16 35 2
4 31 2
5 82 2
19 31 2
29 45 1
11 95 1
18 31 2
3 94 1
8 20 2
16 17 2
14 83 1
21 99 1
11 72 1
1 15 2
11 26 2
10 79 1
30 71 1
32 67 2
7 40 2
26 31 2
14 29 2
36 63 2
3 38 2
11 30 2
26 77 1
33 54 1
2 20 2
13 27 2
14 54 2
16 105 2
0 26 2
14 30 2
30 80 2
32 56 1
33 70 2
23 103 2
13 96 1
2 56 1
32 34 2
11 103 1
16 44 2
9 105 1
3 14 2
33 101 1
34 77 1
4 104 2
30 76 1
27 77 2
26 60 1
5 109 1
16 49 1
1 29 2
28 42 1
0 74 1
26 89 1
18 62 1
12 51 2
34 54 1
20 80 1
32 107 2
3 72 1
10 84 1
7 15 2
20 82 1
27 101 2
0 98 1
8 99 2
6 96 1
10 70 2
29 97 1
19 90 2
24 65 1
14 51 1
35 45 2
5 67 2
7 48 2
35 56 1
27 44 2
0 14 2
25 41 1
28 83 1
4 53 2
32 80 1
12 16 2
16 48 1
21 28 2
2 12 2
17 31 2
15 30 2
10 22 2
26 52 1
13 89 1
25 47 1
19 66 1
0 9 2
22 53 1
3 37 1
32 78 1
15 53 1
19 50 1
1 17 2
0 87 1
27 40 2
2 26 2
25 48 2
31 65 2
14 26 2
11 24 2
9 32 2
14 18 2
10 94 1
5 56 1
10 23 2
29 96 1
3 103 2
16 87 2
20 69 1
1 68 1
15 87 2
13 54 2
8 11 2
2 43 1
12 23 2
5 66 1
1 16 2
32 37 1
34 92 1
25 33 2
13 80 1
15 24 2
14 16 2
9 95 2
5 100 2
34 44 2
13 33 2
8 55 2
23 49 2
15 32 2
5 84 2
8 62 1
13 40 2
1 8 2
12 31 2
19 35 2
34 100 2
1 42 2
20 68 2
5 79 1
8 81 1
22 33 2
13 15 2
5 97 1
6 108 1
23 44 1
15 29 2
0 17 2
31 93 1
7 86 1
14 57 2
20 90 1
17 19 2
22 42 1
23 82 1
22 64 2
30 86 1
6 27 2
25 106 1
6 7 2
1 103 1
13 18 2
21 92 1
28 37 1
2 104 2
5 49 1
17 96 1
31 46 2
32 57 1
7 96 1
3 100 2
18 60 2
24 47 1
22 100 2
7 25 2
2 11 2
13 60 2
2 101 2
23 106 1
6 17 2
10 86 1
12 83 1
5 48 1
36 87 1
26 68 1
23 87 2
5 16 2
2 3 2
5 39 1
17 70 1
5 51 1
7 55 1
14 21 2
23 52 1
17 63 2
15 108 1
0 81 1
8 29 2
11 54 1
0 62 2
36 104 1
4 54 1
5 19 2
22 39 1
0 22 2
15 17 2
29 42 1
25 103 1
16 27 2
12 69 1
13 14 2
1 101 1
32 86 1
25 87 1
24 48 2
0 8 2
10 45 2
20 47 1
12 28 2
3 87 1
8 15 2
3 74 1
7 54 1
19 22 2
36 103 1
25 39 1
18 56 2
34 101 2
19 97 1
35 44 1
1 106 1
17 75 1
12 98 1
16 61 1
23 29 2
10 66 1
18 21 2
3 43 1
11 96 2
12 44 1
22 93 1
13 77 1
28 89 1
18 24 2
12 106 2
6 40 1
22 30 2
6 14 2
21 57 2
10 68 1
28 91 1
26 59 1
25 69 1
31 86 2
22 94 1
10 27 2
18 29 2
1 49 1
4 95 1
21 102 1
13 47 1
7 31 2
14 32 2
20 25 2
32 93 1
17 21 2
28 71 1
32 33 2
20 35 2
7 28 2
2 90 1
6 61 2
0 55 1
4 49 2
4 100 1
19 100 2
2 102 1
1 62 1
3 13 2
32 69 1
14 71 2
34 81 1
28 50 1
34 42 1
26 76 2
8 59 1
6 98 1
16 26 2
18 55 1
30 85 2
5 35 2
30 57 2
11 109 1
21 69 2
3 52 1
5 59 1
2 23 2
7 32 2
1 32 2
30 96 1
21 70 2
23 70 2
34 38 2
22 58 1
8 37 1
2 49 1
34 106 2
1 22 2
17 102 1
11 42 1
16 36 2
4 78 1
17 28 2
28 52 1
29 38 1
36 64 2
18 35 2
26 57 2
10 20 2
4 9 2
1 11 2
24 77 2
19 79 2
17 104 1
31 106 1
11 91 2
0 38 1
26 65 2
7 14 2
6 35 2
30 97 1
11 23 2
4 85 2
1 60 1
27 53 2
9 13 2
2 16 2
5 32 2
26 91 1
4 29 2
11 39 2
3 4 2
15 96 1
25 88 1
7 104 1
5 43 1
11 102 2
0 36 2
19 45 1
31 51 2
1 2 2
29 80 1
10 19 2
30 56 1
31 107 2
31 67 2
36 105 1
25 108 1
14 76 1
19 30 2
9 24 2
8 46 2
16 30 2
15 99 1
1 45 1
15 86 1
3 109 2
35 58 1
11 41 2
31 70 2
7 81 1
13 83 1
1 41 2
35 63 1
16 41 1
6 30 2
25 31 2
26 27 2
21 29 2
10 55 1
16 96 2
23 60 1
7 52 1
27 70 2
16 53 2
7 39 2
19 43 2
23 105 1
6 22 2
16 46 2
6 29 2
8 22 2
7 109 1
8 9 2
8 19 2
25 46 2
11 52 1
12 21 2
5 83 1
8 30 2
9 68 2
10 48 1
26 42 1
16 64 1
35 76 1
31 102 1
11 46 1
36 54 2
4 89 1
24 92 1
1 53 1
2 98 1
30 75 2
18 93 1
21 87 1
13 87 1
30 69 1
10 47 1
18 48 1
25 71 1
5 36 2
19 38 1
18 95 1
35 68 2
31 62 2
22 31 2
13 58 1
10 15 2
19 29 2
2 89 1
20 59 1
15 20 2
13 35 2
27 109 1
29 98 1
30 42 1
9 45 1
23 51 1
12 95 2
24 80 2
11 90 1
12 15 2
12 45 1
8 101 2
9 77 1
16 82 1
14 60 2
29 94 1
18 25 2
3 31 2
19 87 1
25 26 2
11 63 1
20 100 2
11 98 2
9 75 1
18 72 2
23 99 1
35 46 1
6 75 2
32 88 2
32 101 1
18 30 2
28 46 1
10 43 1
18 26 2
18 70 1
25 68 2
4 79 1
2 66 1
17 89 2
11 56 1
0 43 1
2 15 2
11 79 2
2 99 1
2 6 2
6 100 2
14 22 2
19 84 1
26 101 1
30 109 1
22 90 1
19 34 2
17 33 2
15 27 2
15 88 1
23 94 2
15 60 2
14 37 1
14 75 2
11 58 1
3 83 1
29 75 1
7 72 1
15 81 1
6 58 2
22 83 1
0 70 1
6 67 1
3 33 2
10 96 1
5 96 1
21 106 2
35 70 1
9 103 1
31 88 1
22 70 2
6 28 2
13 105 1
16 38 1
2 21 2
10 35 2
1 73 2
9 84 1
30 37 1
18 32 2
0 91 2
13 70 1
3 46 2
4 87 1
23 24 2
12 71 2
10 17 2
22 72 2
7 13 2
13 37 1
8 14 2
24 60 1
16 92 1
18 79 2
8 13 2
4 37 1
3 24 2
10 12 2
16 32 2
20 53 1
30 100 1
30 36 2
35 75 2
17 84 1
25 81 1
11 13 2
6 32 2
29 83 1
35 72 2
17 80 2
27 47 1
12 36 2
19 88 2
8 95 1
23 95 2
9 59 1
24 32 2
33 86 1
13 23 2
18 54 1
10 51 1
5 8 2
19 23 2
8 108 2
4 80 1
20 39 1
3 81 1
20 99 2
6 73 1
22 48 2
5 92 2
28 73 1
15 66 1
20 58 1
33 80 2
24 46 1
24 75 2
35 97 1
7 30 2
7 29 2
13 46 1
2 54 1
5 45 1
14 101 2
9 38 1
33 90 2
14 42 1
15 89 1
36 51 1
6 31 2
20 46 1
12 24 2
30 34 2
0 35 2
19 39 2
1 44 2
9 87 2
0 28 2
26 40 2
31 56 2
2 31 2
2 35 2
31 94 2
0 45 1
24 50 1
21 27 2
22 54 1
22 82 1
16 69 1
34 37 2
23 28 2
9 72 1
25 53 1
5 6 2
0 11 2
7 33 2
29 93 1
3 86 1
3 73 2
35 101 2
16 107 2
27 56 1
12 58 1
18 52 2
11 81 1
16 59 2
26 71 1
12 18 2
11 71 2
26 90 1
13 57 1
10 107 1
23 43 1
36 61 1
22 75 1
4 13 2
0 66 2
35 87 1
0 32 2
30 77 2
13 49 1
4 35 2
25 44 1
36 107 1
24 73 2
6 10 2
19 51 1
20 83 1
29 54 2
26 106 1
30 31 2
18 44 2
1 56 1
11 22 2
28 66 2
25 61 1
6 78 1
11 59 1
6 107 1
18 96 1
23 39 1
0 108 1
14 46 2
12 40 1
27 103 1
6 45 1
20 48 2
18 105 1
22 26 2
12 97 2
15 104 1
5 65 1
24 74 1
7 36 2
11 21 2
19 102 1
6 93 1
10 49 1
33 104 1
1 88 1
32 82 1
29 37 1
35 78 2
23 108 1
1 36 2
0 56 1
27 97 1
6 94 2
20 38 1
5 13 2
3 11 2
23 73 1
8 32 2
0 61 2
9 40 1
4 41 2
27 34 2
4 22 2
26 30 2
25 36 2
0 97 1
0 64 1
5 81 1
13 53 2
24 103 2
20 102 1
1 92 1
11 12 2
35 93 1
33 59 2
11 88 2
8 39 1
5 41 1
11 62 1
15 21 2
32 71 1
22 57 1
0 29 2
35 84 2
3 29 2
13 38 1
3 30 2
15 28 2
15 69 1
25 102 1
24 52 1
26 83 1
36 71 2
28 76 1
17 85 2
2 41 1
26 92 1
21 32 2
11 20 2
3 25 2
5 101 2
3 71 2
36 40 2
8 97 1
4 93 2
16 34 2
3 64 2
36 96 1
15 76 1
35 99 1
34 79 1
10 18 2
1 107 1
19 59 1
30 108 2
9 61 2
21 83 1
12 93 1
3 63 1
18 20 2
23 79 1
34 94 1
34 55 1
5 95 1
30 52 1
15 62 1
10 81 2
22 28 2
1 87 1
30 45 1
14 65 1
27 99 2
22 55 1
10 92 1
19 26 2
3 12 2
12 25 2
24 82 1
33 58 1
28 64 1
29 70 1
26 66 1
22 85 1
17 20 2
14 97 2
12 52 1
4 68 1
0 99 1
32 63 2
13 43 1
32 91 1
6 109 2
28 32 2
35 96 1
25 83 1
27 39 1
4 52 1
2 73 2
30 59 2
33 81 1
30 46 2
28 79 2
8 42 2
4 75 2
31 84 1
28 108 1
24 43 1
3 17 2
28 103 1
9 26 2
25 63 2
18 76 1
12 29 2
30 78 1
5 85 1
4 17 2
16 88 1
35 100 1
3 34 2
5 11 2
5 15 2
32 105 1
32 79 1
14 99 1
17 22 2
21 63 1
2 65 1
28 77 1
12 48 1
1 3 2
9 42 1
20 89 1
24 104 1
33 73 1
6 38 1
17 74 2
21 77 1
14 45 2
8 60 2
9 36 2
0 51 1
19 28 2
13 25 2
17 71 1
19 105 2
58 66 2
11 53 1
5 29 1
20 24 1
20 27 1
12 26 1
23 76 1
12 22 1
17 25 1
19 53 2
8 66 1
35 81 1
