% n=180 p=60 d=0.33 p_blue=0.66
% k=0
61 128 2
73 103 2
9 59 2
43 85 2
17 55 2
23 27 2
74 127 2
9 35 2
29 101 2
17 170 1
6 87 2
77 138 2
68 100 2
32 43 2
36 160 2
38 78 2
19 58 2
28 31 2
45 51 2
84 93 2
78 81 2
65 91 2
3 82 2
67 137 2
4 33 2
39 86 2
33 53 2
28 165 2
80 82 2
72 80 2
56 63 2
8 18 2
85 132 1
79 103 2
83 101 2
26 32 2
26 73 2
19 46 2
16 72 2
46 87 2
2 67 2
52 127 1
18 70 2
18 97 2
62 80 2
70 100 2
60 67 2
24 139 2
80 152 1
38 106 2
14 55 2
77 103 2
63 117 1
24 26 2
74 175 2
54 84 2
45 173 1
101 178 2
39 73 2
57 117 2
30 77 2
24 38 2
17 92 2
16 102 2
2 13 2
59 76 2
15 33 2
8 103 2
86 106 2
13 150 2
64 73 2
0 157 1
41 118 2
39 89 2
28 113 2
76 106 2
75 99 2
48 161 1
6 162 2
59 164 2
12 161 2
8 88 2
20 94 2
32 99 2
3 27 2
12 31 2
34 79 2
54 67 2
57 106 2
23 78 2
7 48 2
46 48 2
7 33 2
49 90 2
11 135 1
6 33 2
8 24 2
36 100 2
22 68 2
80 123 1
90 153 2
45 76 2
14 49 2
16 32 2
54 148 1
64 146 1
61 72 2
42 61 2
24 39 2
50 58 2
18 102 2
65 176 1
100 147 2
31 136 1
62 82 2
5 51 2
68 70 2
27 86 2
16 78 2
2 100 2
74 107 2
53 70 2
11 160 2
11 103 2
4 69 2
4 173 2
71 112 2
45 136 2
0 12 2
22 109 1
15 70 2
33 93 2
24 158 2
47 135 2
49 69 2
76 98 2
7 110 2
66 77 2
2 103 2
3 30 2
8 114 1
4 160 2
30 47 2
34 95 2
97 102 2
44 70 2
70 87 2
12 43 2
43 119 1
33 90 2
45 150 1
72 177 1
51 83 2
18 66 2
107 118 2
56 92 2
6 20 2
13 14 2
35 38 2
76 100 2
21 142 2
40 95 2
96 122 2
47 77 2
1 46 2
14 165 2
10 79 2
49 67 2
21 95 2
59 169 2
19 81 2
42 85 2
58 80 2
23 150 2
79 87 2
15 82 2
69 79 2
70 72 2
94 153 1
43 162 1
12 48 2
24 93 2
90 137 2
28 67 2
27 67 2
54 140 1
22 55 2
42 101 2
74 80 2
10 102 2
91 119 1
0 6 2
102 123 2
0 23 2
6 45 2
10 50 2
15 30 2
35 138 2
11 99 2
42 83 2
12 62 2
60 138 2
73 97 2
3 163 2
24 157 2
31 48 2
86 104 2
29 40 2
101 135 1
56 58 2
11 169 1
31 166 2
56 139 2
16 82 2
77 100 2
40 170 1
31 177 1
9 25 2
12 47 2
10 118 2
5 103 2
66 158 2
85 106 2
40 90 2
62 118 2
34 82 2
28 64 2
68 76 2
8 128 2
54 73 2
15 166 2
28 163 2
21 104 2
18 51 2
6 83 2
10 145 2
13 92 2
61 68 2
102 167 2
29 59 2
103 176 2
95 173 2
23 90 2
37 42 2
0 85 2
55 59 2
28 49 2
5 43 2
23 72 2
89 162 2
10 46 2
10 61 2
62 163 2
87 95 2
42 106 2
90 105 2
50 52 2
76 176 2
35 39 2
8 56 2
54 177 2
24 59 2
107 164 1
9 110 2
23 63 2
8 26 2
9 52 2
22 174 2
8 166 2
64 167 1
64 80 2
11 31 2
16 96 2
14 87 2
55 100 2
4 65 2
79 111 2
51 95 2
50 144 2
67 107 2
15 24 2
17 174 2
6 88 2
50 83 2
42 171 2
102 152 1
28 69 2
9 113 2
17 121 2
31 57 2
1 17 2
11 118 2
104 165 1
16 42 2
63 174 2
45 92 2
81 157 2
13 28 2
43 94 2
50 163 1
15 101 2
44 75 2
30 39 2
69 98 2
96 97 2
78 91 2
52 78 2
42 119 2
49 71 2
80 87 2
31 167 1
21 46 2
22 106 2
45 177 2
9 97 2
13 113 1
51 176 1
11 77 2
41 51 2
11 83 2
39 107 2
2 51 2
27 74 2
34 100 2
45 75 2
35 137 1
31 44 2
70 101 2
8 54 2
79 85 2
20 30 2
4 148 2
23 68 2
62 172 1
32 152 2
70 84 2
31 66 2
103 130 1
23 76 2
15 32 2
30 63 2
84 113 1
36 99 2
53 167 2
83 88 2
97 155 1
11 130 2
47 75 2
26 92 2
40 118 2
45 68 2
34 49 2
6 71 2
70 113 1
86 98 2
67 161 2
12 156 1
14 28 2
49 93 2
33 137 1
45 48 2
5 68 2
0 60 2
22 30 2
3 56 2
43 105 2
31 40 2
29 147 1
2 74 2
65 158 2
71 177 1
52 84 2
53 178 2
64 90 2
15 163 2
66 177 1
43 47 2
47 86 2
23 83 2
15 104 2
45 55 2
85 93 2
15 83 2
30 128 1
26 128 1
86 88 2
46 111 1
44 52 2
9 83 2
33 92 2
30 70 2
102 137 2
56 88 2
18 71 2
47 159 2
44 83 2
15 69 2
12 89 2
50 99 2
19 63 2
71 96 2
36 63 2
99 157 2
5 72 2
53 86 2
24 33 2
11 98 2
57 63 2
16 121 1
7 169 2
86 145 2
36 113 2
6 12 2
66 89 2
34 160 2
48 123 2
54 128 1
54 96 2
4 73 2
69 103 2
92 106 2
0 105 2
35 126 2
96 103 2
56 90 2
28 36 2
77 82 2
3 77 2
64 75 2
74 103 2
27 124 2
5 16 2
0 39 2
2 101 2
71 74 2
30 34 2
13 25 2
39 49 2
1 9 2
43 161 1
16 122 2
59 144 2
67 89 2
90 91 2
48 51 2
41 85 2
20 21 2
30 46 2
102 124 2
31 59 2
49 78 2
19 96 2
44 103 2
46 51 2
72 123 1
9 121 1
7 91 2
62 175 2
25 36 2
18 34 2
19 20 2
9 100 2
64 77 2
58 178 2
41 89 2
23 48 2
0 33 2
2 102 2
41 65 2
95 167 2
81 116 1
56 86 2
71 86 2
28 78 2
73 108 2
6 106 2
91 167 2
69 100 2
20 90 2
34 83 2
42 179 1
64 159 1
2 79 2
101 105 2
6 112 2
50 102 2
45 133 2
18 80 2
13 55 2
20 77 2
59 101 2
19 39 2
9 93 2
49 86 2
11 111 1
69 178 1
44 68 2
42 102 2
64 72 2
7 30 2
15 162 1
38 149 2
8 101 2
65 103 2
38 92 2
8 87 2
16 65 2
18 63 2
84 122 2
28 111 1
71 73 2
10 15 2
64 117 2
69 72 2
38 64 2
39 115 2
100 164 2
8 91 2
98 134 1
5 45 2
11 84 2
73 91 2
49 163 2
33 126 2
21 110 2
21 89 2
57 86 2
3 142 1
102 106 2
36 104 2
64 148 2
63 98 2
86 99 2
24 49 2
11 174 2
13 71 2
10 162 2
54 60 2
72 128 1
47 63 2
27 161 2
43 77 2
2 85 2
13 29 2
38 52 2
60 122 2
7 28 2
11 55 2
55 73 2
31 120 2
40 149 2
9 98 2
26 46 2
57 139 2
46 67 2
4 92 2
62 141 2
20 45 2
96 160 2
16 105 2
14 38 2
3 152 2
50 176 2
69 117 2
15 102 2
39 42 2
30 106 2
94 163 1
39 44 2
36 174 2
76 174 2
86 137 2
10 80 2
6 34 2
64 171 2
27 134 1
31 43 2
57 94 2
107 115 2
103 113 2
97 131 2
100 145 2
21 69 2
42 53 2
22 83 2
29 70 2
26 36 2
20 95 2
42 72 2
69 112 2
30 158 1
9 117 1
14 75 2
10 47 2
31 72 2
86 129 1
59 177 2
107 151 2
31 46 2
14 179 2
11 48 2
9 44 2
30 35 2
45 64 2
67 177 2
8 34 2
4 119 2
73 78 2
17 25 2
60 111 2
50 85 2
19 33 2
21 79 2
77 163 2
2 39 2
28 146 1
40 164 1
34 47 2
103 153 2
17 73 2
76 111 1
80 91 2
106 159 2
91 95 2
27 44 2
58 77 2
39 165 2
66 68 2
16 97 2
2 49 2
17 49 2
25 58 2
1 125 1
69 155 1
80 101 2
7 55 2
25 48 2
81 98 2
4 158 1
61 98 2
15 97 2
34 81 2
20 119 2
43 103 2
57 156 1
66 107 2
30 48 2
22 167 1
38 95 2
0 82 2
20 39 2
18 103 2
43 122 2
73 105 2
77 102 2
14 66 2
106 113 1
7 159 2
15 93 2
37 61 2
93 151 2
91 110 2
97 156 2
73 89 2
82 158 2
67 145 2
82 98 2
93 177 2
68 135 2
7 37 2
0 31 2
80 108 2
56 103 2
12 23 2
37 76 2
34 146 1
9 26 2
1 47 2
86 87 2
30 121 1
19 135 2
85 170 2
19 94 2
60 109 2
50 113 2
39 91 2
29 92 2
33 103 2
25 30 2
26 72 2
97 107 2
40 61 2
18 129 1
17 35 2
45 153 2
37 156 2
89 97 2
8 52 2
66 76 2
24 94 2
28 33 2
4 36 2
13 90 2
39 123 2
86 167 2
10 66 2
10 154 2
3 96 2
28 93 2
82 95 2
38 99 2
65 104 2
13 24 2
32 119 2
35 151 2
51 64 2
93 100 2
5 125 2
17 159 1
18 154 2
28 42 2
34 64 2
104 118 1
32 127 1
72 81 2
53 134 2
47 54 2
51 74 2
2 107 2
15 68 2
57 68 2
76 87 2
78 164 2
24 128 2
15 53 2
7 88 2
10 30 2
44 98 2
2 78 2
42 136 2
4 56 2
27 66 2
18 62 2
47 65 2
93 95 2
63 179 2
51 117 1
46 98 2
73 137 1
20 169 1
69 151 2
76 167 2
11 87 2
10 24 2
5 107 2
68 77 2
21 51 2
7 109 2
82 156 2
6 56 2
56 69 2
7 94 2
58 102 2
22 100 2
29 116 1
18 150 1
24 57 2
1 12 2
9 49 2
64 74 2
89 148 2
43 163 2
15 90 2
34 84 2
24 51 2
35 57 2
17 153 2
100 103 2
53 58 2
42 70 2
26 136 1
65 96 2
50 156 2
19 25 2
13 157 2
8 155 1
19 93 2
87 94 2
44 60 2
68 80 2
80 163 2
6 22 2
13 98 2
92 127 2
36 83 2
68 90 2
71 104 2
30 57 2
59 75 2
55 88 2
52 77 2
69 104 2
39 167 2
33 58 2
24 137 1
28 61 2
33 56 2
18 49 2
2 59 2
8 97 2
14 61 2
53 68 2
43 63 2
39 145 2
45 143 1
37 58 2
29 106 2
2 174 1
12 74 2
7 51 2
81 165 2
30 171 2
3 80 2
102 114 1
0 141 2
7 25 2
39 79 2
97 119 2
32 75 2
14 51 2
9 79 2
39 100 2
33 43 2
47 176 2
97 169 2
42 52 2
2 31 2
9 60 2
50 172 2
88 117 2
21 41 2
74 87 2
42 139 2
19 127 2
60 69 2
4 50 2
44 166 2
106 162 2
65 79 2
14 37 2
73 82 2
37 116 2
82 174 2
64 71 2
28 75 2
27 169 2
39 61 2
6 179 2
54 161 2
99 155 2
64 83 2
75 122 1
12 22 2
25 39 2
3 170 2
48 56 2
47 111 2
19 29 2
33 76 2
27 112 2
26 60 2
9 16 2
54 72 2
10 35 2
26 54 2
22 48 2
4 108 1
19 48 2
20 79 2
37 69 2
4 29 2
60 75 2
11 162 2
12 109 1
2 94 2
10 137 2
70 146 2
106 117 2
8 85 2
12 69 2
20 22 2
15 112 2
52 71 2
13 79 2
43 102 2
32 128 2
86 95 2
57 178 1
104 173 2
84 106 2
33 80 2
38 43 2
18 98 2
80 175 2
42 50 2
52 158 2
77 81 2
67 70 2
45 87 2
100 172 2
14 68 2
18 47 2
27 62 2
53 107 2
68 81 2
73 149 2
7 60 2
84 105 2
45 147 1
20 87 2
15 87 2
61 80 2
20 75 2
29 121 2
17 74 2
60 107 2
21 28 2
2 35 2
19 65 2
30 31 2
37 71 2
82 96 2
52 177 1
39 56 2
59 65 2
62 74 2
46 177 2
10 104 2
27 92 2
4 5 2
76 99 2
49 145 1
23 153 2
0 78 2
55 82 2
84 157 2
82 108 1
20 80 2
8 105 2
92 169 2
17 88 2
93 118 2
64 139 2
24 83 2
33 40 2
33 50 2
22 94 2
30 81 2
72 95 2
37 87 2
12 61 2
48 57 2
58 104 2
27 38 2
52 118 2
2 98 2
6 47 2
25 52 2
21 39 2
5 71 2
15 28 2
3 92 2
82 168 2
54 120 2
25 44 2
46 123 1
25 115 1
68 168 2
17 30 2
12 49 2
4 10 2
43 179 2
82 159 1
7 72 2
35 74 2
3 93 2
98 107 2
82 99 2
50 87 2
76 133 2
33 98 2
17 114 2
40 105 2
101 107 2
18 54 2
36 116 2
32 98 2
62 142 2
76 85 2
87 123 1
47 76 2
83 103 2
52 101 2
32 64 2
13 60 2
93 144 1
45 91 2
37 39 2
91 111 1
28 116 2
6 84 2
30 33 2
24 172 2
92 108 2
44 89 2
49 51 2
57 102 2
51 166 2
26 107 2
3 9 2
40 51 2
17 81 2
71 89 2
11 107 2
89 154 2
33 85 2
4 58 2
39 57 2
48 82 2
37 166 2
35 65 2
5 164 2
13 85 2
44 63 2
5 93 2
19 91 2
24 41 2
38 77 2
9 67 2
72 102 2
72 96 2
35 76 2
30 40 2
9 45 2
65 85 2
61 62 2
13 41 2
44 148 2
31 135 1
39 41 2
69 102 2
75 105 2
82 120 2
53 95 2
45 95 2
25 91 2
21 94 2
14 100 2
55 76 2
77 164 2
60 65 2
4 67 2
21 29 2
47 95 2
13 17 2
84 114 1
44 77 2
44 158 1
86 89 2
13 81 2
21 73 2
41 81 2
24 60 2
10 28 2
20 53 2
84 153 2
13 33 2
62 83 2
32 68 2
33 67 2
16 38 2
3 104 2
5 12 2
51 105 2
25 132 2
50 89 2
63 90 2
16 76 2
42 94 2
22 113 1
59 62 2
34 57 2
40 97 2
6 102 2
0 72 2
1 4 2
11 65 2
26 91 2
2 69 2
67 156 1
44 177 2
90 161 1
22 29 2
14 20 2
95 106 2
94 96 2
32 97 2
32 134 2
50 112 2
91 104 2
6 32 2
59 171 2
71 121 1
68 113 1
20 110 2
8 62 2
26 102 2
39 121 2
74 172 2
13 108 1
47 50 2
24 153 2
64 67 2
41 121 1
40 119 2
48 92 2
94 128 2
17 162 1
32 42 2
12 54 2
44 74 2
51 73 2
0 28 2
21 70 2
61 63 2
27 76 2
24 53 2
54 90 2
71 105 2
3 20 2
6 62 2
106 107 2
6 61 2
87 106 2
16 128 1
5 104 2
44 99 2
77 165 1
38 97 2
71 122 2
8 107 2
26 135 1
16 133 2
41 156 1
29 95 2
27 54 2
89 142 1
24 70 2
75 76 2
6 107 2
3 18 2
17 126 2
15 60 2
10 84 2
58 60 2
84 139 2
29 125 1
10 44 2
14 77 2
47 177 2
53 73 2
4 106 2
88 154 2
58 117 2
61 65 2
29 96 2
24 81 2
30 161 2
51 72 2
85 112 1
61 74 2
72 135 2
73 74 2
43 166 2
14 23 2
22 145 2
82 101 2
39 55 2
36 37 2
32 47 2
39 43 2
9 24 2
10 52 2
24 29 2
21 92 2
78 139 2
18 116 1
79 174 2
40 64 2
11 88 2
22 86 2
76 122 2
13 52 2
94 109 2
58 108 2
63 73 2
70 163 2
89 137 1
36 87 2
7 64 2
18 56 2
23 49 2
15 39 2
33 41 2
26 171 2
15 134 2
3 105 2
24 105 2
23 67 2
106 120 1
23 82 2
53 91 2
67 90 2
12 50 2
17 68 2
82 89 2
90 176 2
10 19 2
13 20 2
37 157 2
31 41 2
83 159 2
36 41 2
69 82 2
11 41 2
27 61 2
37 100 2
47 99 2
8 129 1
56 115 1
54 106 2
86 171 1
71 81 2
89 160 2
95 135 2
70 73 2
71 103 2
1 105 2
13 18 2
25 102 2
27 69 2
75 112 2
77 104 2
39 51 2
3 24 2
8 70 2
69 137 1
67 141 1
8 145 2
58 81 2
78 82 2
76 97 2
43 68 2
46 83 2
9 56 2
97 123 2
18 96 2
76 89 2
63 101 2
16 107 2
5 94 2
20 89 2
32 37 2
97 162 2
29 82 2
48 71 2
106 133 2
59 138 2
83 89 2
60 106 2
23 52 2
44 72 2
29 97 2
8 15 2
5 56 2
94 166 2
97 104 2
9 82 2
75 123 2
41 109 2
42 110 2
52 104 2
24 44 2
13 78 2
43 70 2
78 171 2
102 103 2
60 161 2
19 50 2
9 86 2
104 175 1
78 96 2
59 147 2
64 103 2
70 78 2
68 88 2
25 126 2
0 3 2
59 93 2
29 86 2
65 75 2
84 145 2
86 124 1
107 157 1
12 160 2
29 74 2
81 142 2
24 177 2
16 91 2
61 134 1
60 91 2
43 51 2
23 25 2
6 67 2
27 43 2
86 141 2
27 57 2
25 67 2
21 74 2
99 167 1
10 98 2
34 40 2
2 109 2
41 78 2
0 66 2
107 171 1
35 104 2
77 97 2
27 93 2
36 44 2
20 32 2
90 136 2
16 159 2
52 65 2
28 102 2
73 80 2
14 93 2
18 132 2
47 93 2
40 82 2
17 106 2
75 92 2
67 80 2
6 159 2
56 100 2
34 77 2
39 96 2
54 86 2
13 23 2
58 132 2
5 14 2
61 100 2
5 48 2
46 65 2
42 107 2
27 120 1
52 81 2
38 54 2
37 67 2
42 55 2
26 45 2
34 118 2
68 102 2
56 89 2
15 40 2
20 70 2
77 106 2
66 72 2
31 103 2
66 79 2
66 75 2
36 70 2
27 41 2
51 93 2
16 106 2
15 37 2
16 51 2
16 34 2
52 87 2
10 90 2
18 27 2
18 65 2
61 178 2
52 144 2
44 50 2
42 131 1
14 119 1
10 42 2
74 83 2
32 54 2
8 19 2
16 94 2
7 127 2
90 145 1
1 63 2
14 91 2
38 45 2
28 136 2
59 67 2
9 72 2
71 151 2
38 89 2
69 116 2
1 89 2
50 67 2
73 88 2
44 151 1
23 53 2
22 62 2
8 67 2
31 35 2
5 33 2
3 106 2
96 136 1
63 69 2
99 128 2
52 59 2
22 116 2
26 150 1
39 81 2
73 86 2
14 62 2
13 142 2
73 102 2
96 101 2
5 25 2
20 178 1
66 139 1
74 86 2
4 91 2
43 46 2
86 140 2
56 138 2
50 145 2
75 100 2
0 26 2
9 37 2
6 111 2
38 102 2
15 81 2
57 82 2
76 103 2
47 171 1
22 43 2
64 87 2
9 156 1
12 65 2
25 65 2
57 104 2
14 39 2
29 31 2
5 169 1
45 53 2
95 127 2
51 142 2
80 83 2
38 80 2
28 92 2
102 163 2
2 7 2
14 17 2
8 93 2
25 85 2
54 70 2
26 125 1
65 74 2
87 162 1
60 63 2
24 67 2
90 141 1
94 175 2
11 49 2
12 179 2
0 100 2
52 74 2
79 130 2
14 114 1
72 104 2
4 85 2
50 171 2
71 161 2
10 106 2
77 93 2
47 106 2
99 163 2
23 101 2
103 125 1
38 100 2
12 83 2
72 149 2
43 88 2
7 82 2
21 66 2
66 99 2
21 131 2
72 101 2
39 46 2
23 57 2
0 47 2
61 176 2
62 81 2
9 54 2
23 56 2
14 158 2
22 52 2
22 108 1
14 108 1
10 116 2
11 95 2
61 151 1
46 77 2
4 25 2
35 63 2
92 99 2
27 101 2
20 105 2
10 20 2
17 75 2
12 59 2
79 122 2
13 57 2
31 74 2
8 41 2
31 113 2
11 12 2
76 158 1
50 78 2
10 13 2
6 37 2
88 101 2
10 128 1
55 65 2
6 125 2
66 94 2
9 33 2
55 68 2
14 69 2
82 171 2
38 41 2
32 135 2
51 126 1
21 71 2
1 18 2
95 121 2
83 164 2
46 47 2
55 60 2
18 19 2
1 8 2
2 63 2
74 84 2
96 144 2
42 126 1
106 114 2
39 124 1
1 16 2
1 102 2
91 107 2
7 178 2
13 168 2
45 100 2
35 172 2
19 95 2
51 61 2
72 105 2
22 26 2
5 92 2
100 178 1
2 43 2
38 167 2
55 92 2
36 71 2
80 149 2
6 157 2
17 103 2
0 4 2
32 105 2
7 102 2
37 93 2
78 148 2
101 147 2
69 96 2
31 45 2
78 152 1
38 90 2
38 56 2
45 90 2
57 88 2
23 167 2
72 88 2
6 13 2
4 47 2
43 52 2
3 34 2
97 115 1
33 111 1
4 98 2
75 111 2
10 63 2
17 48 2
76 168 1
31 58 2
52 137 1
19 165 2
34 62 2
64 69 2
29 141 1
57 163 1
84 100 2
59 161 1
29 55 2
12 20 2
16 71 2
5 9 2
22 73 2
5 160 2
34 170 1
11 91 2
20 152 1
92 101 2
85 155 2
84 132 2
73 173 2
51 165 1
12 93 2
13 103 2
70 122 1
42 71 2
12 24 2
24 27 2
3 158 2
2 22 2
3 55 2
15 63 2
60 145 2
14 18 2
5 82 2
15 92 2
37 102 2
32 40 2
91 161 1
22 101 2
40 72 2
71 165 2
37 118 2
47 142 2
32 49 2
30 141 1
10 105 2
36 43 2
89 151 2
30 60 2
61 91 2
34 80 2
64 86 2
89 107 2
0 29 2
11 43 2
88 98 2
21 88 2
7 160 2
94 161 2
54 81 2
54 97 2
0 50 2
83 100 2
6 29 2
73 83 2
40 88 2
31 64 2
89 92 2
26 59 2
50 93 2
26 33 2
48 49 2
34 75 2
5 28 2
14 30 2
13 72 2
26 44 2
29 72 2
41 100 2
101 122 2
5 89 2
92 129 2
9 138 2
43 48 2
25 37 2
36 129 1
75 140 2
58 170 2
27 129 2
39 45 2
66 71 2
3 42 2
100 141 2
1 7 2
99 161 1
53 78 2
46 167 2
15 106 2
73 161 2
80 84 2
53 172 2
58 103 2
48 62 2
0 5 2
3 174 2
81 168 2
11 166 2
18 75 2
77 109 2
4 26 2
17 76 2
90 96 2
71 173 2
95 100 2
85 139 2
30 135 2
52 114 2
4 11 2
67 78 2
34 124 2
22 59 2
3 148 2
35 72 2
32 33 2
75 107 2
65 72 2
23 74 2
4 118 2
59 74 2
14 98 2
105 108 2
25 64 2
70 99 2
5 90 2
11 47 2
95 105 2
2 95 2
55 98 2
98 106 2
50 114 1
43 56 2
97 116 2
49 142 1
24 100 2
24 36 2
72 137 2
15 100 2
37 129 2
56 72 2
85 107 2
62 66 2
89 114 2
6 85 2
0 179 1
88 131 2
54 103 2
103 163 1
32 93 2
98 101 2
95 171 2
79 97 2
48 95 2
62 148 1
62 139 2
18 94 2
13 135 2
21 128 2
16 92 2
82 119 2
35 55 2
101 133 2
93 124 2
16 59 2
71 102 2
27 106 2
55 75 2
20 98 2
67 77 2
51 52 2
26 98 2
35 92 2
53 75 2
42 173 1
26 55 2
21 30 2
67 151 1
46 113 2
57 64 2
52 128 1
107 172 2
18 106 2
43 147 2
59 80 2
84 109 1
105 148 2
70 76 2
3 70 2
84 112 2
23 102 2
65 68 2
3 72 2
8 10 2
50 105 2
10 93 2
38 107 2
28 96 2
72 112 1
12 71 2
59 71 2
13 45 2
69 135 2
83 99 2
59 165 2
50 86 2
1 65 2
23 38 2
88 91 2
78 100 2
25 119 1
79 118 2
16 80 2
32 177 2
16 90 2
81 85 2
53 166 2
102 175 2
3 103 2
8 99 2
80 89 2
57 80 2
3 7 2
20 38 2
19 157 1
1 160 2
57 87 2
47 74 2
16 125 2
62 87 2
81 178 2
68 132 2
20 91 2
52 145 1
27 59 2
41 129 2
47 105 2
36 118 2
9 36 2
51 77 2
14 150 2
95 120 2
2 36 2
28 70 2
21 36 2
66 80 2
1 51 2
26 48 2
12 75 2
87 148 1
21 65 2
30 149 1
91 146 1
12 168 1
31 109 1
61 66 2
90 123 1
12 82 2
19 164 1
29 32 2
27 156 2
5 39 2
95 114 2
4 99 2
8 49 2
16 57 2
9 163 2
56 57 2
63 132 1
13 99 2
33 128 1
39 127 2
41 49 2
50 96 2
23 62 2
24 43 2
100 110 1
22 142 2
41 122 1
83 92 2
19 26 2
81 171 2
52 79 2
81 166 2
15 86 2
94 140 2
48 105 2
10 87 2
26 122 2
87 102 2
13 84 2
57 62 2
74 99 2
71 174 2
5 99 2
89 95 2
6 43 2
44 127 2
59 97 2
52 69 2
37 46 2
82 163 1
26 31 2
35 100 2
55 146 1
38 68 2
34 105 2
39 125 2
72 143 2
49 97 2
12 134 2
43 49 2
82 83 2
71 79 2
35 93 2
37 94 2
58 155 2
53 110 1
17 64 2
45 88 2
64 157 1
68 97 2
50 59 2
24 146 2
66 67 2
20 56 2
30 51 2
106 143 1
0 111 2
5 55 2
69 87 2
42 99 2
15 35 2
22 39 2
48 134 2
101 158 2
1 48 2
84 101 2
13 80 2
6 164 2
74 82 2
27 65 2
21 83 2
9 137 2
63 79 2
28 86 2
8 71 2
5 53 2
7 31 2
8 21 2
43 123 2
11 133 1
2 60 2
9 22 2
93 162 2
61 148 2
48 80 2
88 177 2
1 84 2
36 62 2
100 165 1
41 154 2
41 48 2
12 73 2
13 46 2
52 117 2
73 85 2
31 81 2
48 98 2
55 118 1
4 127 2
61 146 2
29 79 2
4 63 2
51 140 2
35 59 2
21 42 2
1 37 2
6 27 2
16 88 2
25 54 2
20 62 2
26 66 2
6 66 2
29 160 2
61 133 1
9 106 2
53 56 2
103 142 2
19 105 2
10 95 2
65 132 2
0 107 2
27 47 2
20 82 2
22 37 2
62 69 2
7 171 2
107 150 2
66 83 2
75 85 2
103 108 1
33 78 2
37 88 2
82 132 2
56 107 2
65 76 2
94 98 2
2 53 2
46 137 2
15 65 2
16 33 2
24 28 2
50 54 2
60 80 2
20 118 2
84 169 2
32 74 2
37 54 2
29 48 2
49 70 2
39 66 2
9 101 2
88 134 2
48 96 2
1 15 2
48 179 1
23 39 2
48 54 2
40 41 2
102 146 2
48 78 2
42 104 2
6 49 2
70 102 2
37 50 2
88 156 2
32 90 2
27 72 2
53 80 2
14 102 2
9 23 2
76 78 2
25 90 2
4 8 2
1 43 2
74 121 2
20 88 2
20 41 2
4 96 2
17 119 2
49 68 2
47 156 2
41 82 2
59 146 1
9 65 2
40 59 2
82 123 2
26 29 2
31 114 2
79 172 1
39 62 2
34 76 2
1 94 2
43 99 2
19 69 2
15 122 1
31 78 2
8 73 2
86 113 2
35 122 2
80 81 2
1 50 2
20 159 2
7 106 2
19 90 2
103 158 1
41 139 2
11 121 2
88 149 2
38 51 2
20 168 2
70 161 2
3 78 2
30 55 2
88 90 2
39 92 2
48 61 2
27 89 2
18 59 2
30 71 2
7 15 2
99 173 2
47 110 2
40 160 2
7 98 2
17 104 2
53 92 2
71 106 2
56 99 2
9 102 2
19 23 2
77 177 1
84 152 2
76 105 2
59 131 2
38 53 2
4 60 2
5 8 2
53 159 1
53 71 2
58 67 2
46 114 2
30 85 2
41 64 2
106 115 1
37 60 2
44 81 2
35 37 2
0 156 2
91 101 2
34 38 2
40 77 2
77 173 2
7 29 2
26 40 2
57 103 2
59 79 2
36 154 2
6 75 2
12 44 2
90 150 2
14 97 2
6 51 2
49 91 2
48 64 2
103 150 2
12 67 2
6 40 2
1 72 2
41 69 2
15 29 2
0 43 2
1 2 2
4 44 2
25 26 2
48 107 2
7 104 2
7 57 2
31 70 2
30 86 2
35 145 1
5 98 2
34 131 2
84 95 2
50 149 2
20 29 2
27 37 2
61 81 2
12 60 2
92 97 2
33 164 1
40 121 2
7 11 2
3 109 1
47 82 2
39 50 2
13 138 2
4 66 2
10 26 2
12 117 1
106 164 2
62 63 2
46 102 2
0 74 2
9 19 2
12 27 2
40 162 2
10 148 2
10 21 2
41 75 2
65 97 2
1 3 2
81 88 2
78 103 2
91 103 2
0 38 2
87 128 2
75 113 2
0 45 2
12 81 2
34 104 2
42 67 2
42 150 2
51 69 2
91 106 2
80 105 2
89 93 2
61 64 2
63 66 2
32 51 2
61 99 2
65 86 2
6 110 2
43 54 2
41 54 2
53 87 2
4 86 2
11 62 2
40 113 2
19 21 2
10 142 1
19 43 2
54 117 2
33 34 2
17 54 2
53 122 1
61 161 2
37 73 2
79 100 2
68 71 2
59 156 1
50 66 2
29 115 2
15 16 2
57 85 2
26 96 2
70 94 2
26 142 2
21 52 2
18 37 2
12 155 2
55 70 2
58 123 2
17 95 2
57 93 2
95 126 2
15 110 2
103 123 2
15 50 2
76 86 2
27 154 1
16 17 2
28 103 2
60 154 2
8 20 2
104 167 2
92 122 1
67 130 2
85 99 2
60 170 1
0 167 2
11 127 1
18 149 2
98 124 2
39 88 2
15 46 2
95 97 2
24 65 2
10 122 1
10 111 2
1 151 2
49 73 2
26 53 2
24 107 2
31 85 2
62 97 2
46 78 2
11 76 2
75 132 2
1 60 2
17 44 2
32 44 2
12 101 2
18 84 2
42 54 2
23 147 1
50 127 1
32 84 2
50 77 2
28 89 2
55 58 2
74 95 2
91 93 2
23 80 2
103 152 2
68 147 1
14 25 2
11 17 2
20 46 2
76 102 2
25 73 2
5 32 2
60 127 2
41 67 2
16 89 2
25 93 2
35 51 2
5 135 1
38 82 2
56 70 2
44 66 2
26 78 2
59 84 2
38 93 2
57 65 2
94 152 2
33 46 2
34 106 2
66 90 2
99 100 2
14 116 2
1 53 2
50 69 2
1 81 2
8 64 2
77 87 2
34 45 2
100 112 2
89 131 1
24 138 2
47 88 2
69 134 1
72 116 2
64 106 2
98 123 2
6 41 2
2 34 2
2 42 2
71 175 2
84 87 2
98 103 2
6 31 2
35 106 2
93 117 2
1 147 2
72 168 2
70 110 2
86 109 2
24 132 1
7 16 2
86 107 2
67 144 2
15 150 2
65 161 1
53 83 2
2 141 2
4 97 2
51 157 2
48 65 2
79 138 2
28 43 2
23 93 2
76 96 2
61 83 2
101 108 1
92 105 2
30 103 2
76 82 2
26 34 2
14 76 2
84 154 2
2 11 2
81 96 2
22 28 2
55 164 1
47 61 2
39 70 2
13 54 2
32 72 2
44 54 2
4 76 2
57 73 2
2 33 2
7 85 2
10 49 2
18 85 2
27 96 2
101 164 1
32 172 2
3 36 2
13 94 2
6 89 2
28 105 2
33 44 2
41 66 2
51 156 1
4 16 2
103 115 1
26 143 1
88 104 2
5 123 2
28 106 2
86 105 2
27 30 2
62 101 2
5 146 2
10 25 2
102 172 1
4 102 2
80 129 2
102 142 1
72 76 2
26 38 2
32 163 2
9 63 2
6 36 2
1 127 2
45 46 2
52 132 1
24 37 2
96 125 2
50 79 2
32 71 2
1 55 2
47 49 2
49 58 2
5 59 2
82 85 2
74 132 2
14 120 1
6 63 2
66 159 2
96 106 2
8 89 2
4 15 2
81 136 2
0 65 2
52 66 2
55 77 2
78 90 2
46 136 1
12 25 2
44 120 1
16 48 2
26 170 2
92 100 2
69 142 2
56 91 2
55 157 2
5 137 2
93 167 2
33 73 2
65 107 2
62 111 2
36 131 2
72 157 2
15 17 2
19 38 2
82 143 2
51 104 2
76 172 2
15 54 2
47 51 2
74 93 2
59 153 2
11 154 2
62 115 2
80 119 1
72 98 2
55 67 2
36 110 2
33 169 2
6 124 2
25 98 2
4 133 2
43 89 2
13 65 2
17 71 2
28 39 2
10 34 2
79 178 1
27 56 2
19 40 2
72 87 2
3 4 2
33 45 2
71 87 2
5 108 1
67 102 2
13 97 2
26 43 2
19 86 2
0 104 2
40 83 2
40 93 2
8 36 2
47 85 2
95 148 2
32 41 2
75 81 2
54 94 2
19 173 1
55 113 1
2 70 2
2 77 2
56 126 2
1 80 2
58 99 2
96 119 2
45 80 2
97 99 2
55 91 2
41 95 2
98 109 1
3 71 2
13 58 2
16 85 2
11 124 2
20 172 2
7 65 2
25 79 2
28 45 2
31 91 2
42 128 2
68 92 2
32 88 2
11 68 2
63 141 2
3 98 2
11 34 2
5 106 2
19 102 2
68 89 2
48 121 2
33 54 2
2 23 2
10 91 2
33 35 2
56 106 2
50 74 2
34 74 2
77 79 2
63 85 2
13 141 2
6 23 2
33 150 2
52 89 2
24 77 2
14 60 2
36 58 2
31 155 2
60 103 2
16 58 2
28 55 2
4 35 2
25 51 2
25 31 2
100 101 2
37 55 2
53 77 2
100 134 1
20 81 2
45 89 2
85 89 2
22 50 2
15 19 2
35 52 2
14 22 2
94 103 2
38 172 1
21 146 2
67 174 1
18 26 2
73 123 2
82 87 2
68 178 2
32 136 2
15 105 2
21 164 1
67 160 2
91 154 2
67 83 2
74 90 2
17 90 2
26 35 2
26 105 2
54 108 2
36 79 2
96 177 2
43 76 2
17 139 2
43 45 2
1 54 2
26 84 2
84 104 2
100 105 2
80 100 2
29 91 2
1 98 2
56 75 2
67 72 2
42 68 2
11 71 2
58 73 2
10 60 2
23 91 2
89 163 1
58 91 2
27 58 2
93 158 1
102 158 2
31 159 1
36 40 2
46 135 2
33 70 2
51 87 2
53 55 2
64 168 2
46 168 1
1 95 2
82 122 2
39 74 2
24 115 2
16 30 2
42 132 1
89 179 2
107 119 2
107 147 1
58 98 2
29 94 2
83 86 2
52 169 1
13 76 2
8 104 2
94 97 2
20 24 2
57 92 2
13 47 2
12 66 2
11 148 2
18 104 2
63 81 2
38 73 2
54 101 2
55 89 2
26 145 2
23 59 2
2 84 2
10 136 2
2 91 2
70 98 2
19 57 2
62 76 2
8 61 2
49 53 2
49 104 2
74 167 2
25 47 2
42 153 2
29 87 2
54 100 2
15 52 2
66 165 2
11 18 2
46 70 2
16 36 2
55 80 2
17 32 2
2 20 2
23 75 2
90 166 1
7 32 2
37 49 2
47 53 2
105 125 1
46 157 2
38 103 2
27 75 2
93 173 2
58 68 2
47 89 2
10 86 2
51 149 2
8 60 2
57 105 2
4 153 1
30 118 2
70 75 2
2 66 2
74 92 2
41 50 2
6 68 2
2 52 2
25 172 2
0 14 2
70 136 1
12 133 2
30 105 2
85 102 2
14 42 2
13 125 2
28 52 2
16 169 1
36 64 2
6 130 1
52 179 2
4 52 2
34 99 2
74 78 2
0 134 2
14 88 2
52 164 1
38 114 2
68 121 2
65 73 2
105 162 2
93 106 2
56 68 2
19 144 2
4 72 2
0 27 2
41 77 2
53 72 2
25 61 2
22 95 2
6 7 2
28 74 2
90 103 2
21 107 2
51 130 2
74 88 2
77 111 1
13 114 2
49 103 2
33 63 2
23 79 2
45 73 2
14 73 2
10 53 2
57 74 2
31 133 1
90 125 2
48 76 2
8 29 2
81 97 2
8 90 2
101 127 1
16 73 2
31 62 2
15 36 2
95 146 2
3 159 2
92 107 2
56 67 2
63 124 2
69 170 1
1 100 2
14 63 2
42 97 2
70 92 2
23 85 2
14 35 2
66 82 2
30 172 2
57 101 2
34 176 1
31 178 2
55 61 2
46 150 2
73 99 2
17 78 2
44 178 2
15 48 2
32 122 2
94 142 2
62 103 2
69 150 2
85 133 2
56 80 2
70 80 2
25 97 2
44 71 2
45 65 2
16 108 1
11 82 2
10 117 2
25 63 2
0 59 2
7 90 2
7 47 2
15 84 2
28 59 2
3 97 2
0 102 2
24 89 2
26 89 2
66 92 2
62 177 1
45 54 2
6 26 2
25 133 2
13 49 2
23 97 2
66 95 2
66 97 2
55 121 2
34 93 2
52 76 2
8 147 2
59 157 1
17 132 2
27 70 2
44 104 2
33 59 2
60 143 2
38 127 2
48 174 2
43 129 2
37 97 2
107 156 1
102 128 2
3 95 2
8 69 2
91 102 2
83 95 2
75 98 2
13 48 2
25 96 2
91 138 2
88 164 1
25 84 2
2 76 2
45 162 2
35 47 2
74 97 2
40 42 2
60 148 1
26 67 2
79 82 2
6 39 2
74 94 2
14 15 2
37 79 2
10 76 2
71 84 2
66 148 1
101 160 2
12 17 2
30 56 2
8 9 2
88 148 2
55 152 2
2 81 2
61 86 2
66 70 2
21 55 2
57 100 2
50 106 2
78 162 2
3 62 2
5 6 2
34 51 2
29 119 2
45 62 2
35 163 2
26 83 2
57 61 2
74 105 2
54 55 2
36 74 2
48 108 2
45 85 2
10 33 2
11 36 2
28 68 2
36 66 2
37 41 2
45 102 2
24 80 2
81 94 2
44 134 1
98 175 1
59 150 1
52 94 2
49 106 2
10 88 2
8 79 2
43 82 2
53 82 2
26 69 2
62 107 2
63 103 2
84 99 2
62 71 2
16 144 2
35 73 2
3 15 2
47 71 2
78 89 2
14 106 2
23 43 2
69 90 2
9 176 2
2 27 2
79 95 2
13 104 2
102 168 2
45 126 2
91 159 1
105 167 1
27 121 2
40 126 1
41 120 2
30 76 2
71 156 1
34 44 2
1 91 2
31 104 2
25 154 2
45 179 2
20 113 2
4 88 2
4 13 2
37 51 2
47 138 2
12 86 2
88 170 2
0 62 2
64 105 2
89 103 2
42 82 2
90 107 2
54 63 2
83 168 2
51 59 2
55 101 2
22 41 2
90 97 2
11 106 2
66 149 2
52 157 2
35 107 2
70 86 2
21 61 2
46 74 2
89 161 2
80 177 2
46 94 2
36 76 2
58 89 2
18 82 2
7 93 2
47 97 2
50 152 2
40 45 2
79 161 2
18 46 2
71 91 2
57 83 2
3 84 2
83 85 2
21 27 2
1 22 2
1 61 2
68 96 2
53 89 2
6 42 2
54 62 2
19 99 2
8 37 2
16 20 2
31 71 2
85 96 2
75 93 2
3 25 2
82 113 2
11 25 2
29 64 2
46 58 2
5 77 2
4 144 1
95 103 2
11 102 2
52 61 2
28 95 2
17 34 2
52 54 2
72 173 1
42 137 2
13 127 2
100 137 1
63 87 2
2 6 2
9 85 2
43 67 2
11 116 2
1 99 2
40 131 2
92 139 2
17 150 1
10 151 2
8 50 2
18 24 2
22 76 2
44 64 2
11 75 2
4 7 2
12 16 2
68 73 2
15 96 2
73 81 2
30 64 2
33 107 2
74 104 2
43 145 2
102 148 2
83 162 1
27 83 2
28 117 2
20 176 2
60 141 1
9 76 2
67 136 2
14 74 2
33 173 2
67 133 1
47 72 2
3 85 2
38 85 2
27 90 2
90 94 2
8 27 2
14 144 1
18 30 2
20 35 2
7 78 2
14 177 1
21 58 2
58 130 2
17 155 1
16 44 2
14 141 2
20 92 2
2 29 2
96 99 2
13 116 2
57 141 2
6 90 2
50 90 2
69 83 2
101 163 1
13 64 2
86 168 1
81 145 2
7 38 2
26 104 2
84 103 2
39 64 2
54 92 2
60 70 2
3 23 2
39 84 2
76 77 2
89 100 2
36 124 1
87 168 2
65 81 2
68 145 2
42 48 2
35 120 2
43 104 2
32 35 2
60 64 2
26 75 2
21 175 2
7 14 2
7 141 1
91 141 1
59 66 2
33 49 2
92 119 2
24 98 2
63 116 2
62 90 2
97 121 2
42 78 2
23 99 2
24 134 2
73 117 2
88 105 2
7 156 2
72 78 2
90 111 1
65 121 1
5 46 2
62 86 2
35 79 2
13 59 2
4 117 1
4 41 2
15 23 2
78 123 1
33 161 1
81 118 2
19 104 2
0 101 2
40 57 2
19 101 2
9 30 2
57 110 2
58 78 2
43 93 2
11 69 2
59 87 2
49 57 2
25 50 2
5 49 2
42 149 2
11 35 2
46 72 2
42 151 1
39 90 2
36 149 1
22 42 2
32 73 2
11 37 2
34 43 2
38 101 2
76 81 2
21 67 2
12 114 1
89 144 1
50 60 2
14 36 2
21 40 2
29 37 2
70 79 2
80 130 2
34 90 2
11 97 2
7 39 2
24 61 2
50 157 1
14 44 2
96 141 2
94 120 2
89 177 1
53 65 2
72 172 2
25 43 2
76 107 2
13 38 2
77 91 2
51 144 1
5 66 2
0 177 2
39 99 2
21 68 2
18 61 2
26 42 2
62 122 2
17 26 2
63 74 2
5 163 2
64 104 2
6 16 2
13 44 2
66 74 2
70 176 2
31 56 2
89 98 2
28 85 2
4 64 2
97 120 2
82 104 2
11 110 2
37 84 2
29 77 2
79 96 2
10 94 2
0 22 2
105 145 2
3 51 2
14 53 2
38 84 2
29 104 2
42 75 2
30 42 2
46 127 1
40 173 2
75 108 1
85 154 2
35 85 2
22 97 2
79 158 1
26 77 2
64 136 2
27 85 2
20 49 2
14 133 1
60 97 2
52 86 2
5 15 2
44 92 2
59 100 2
54 66 2
68 126 2
6 30 2
85 88 2
35 81 2
80 96 2
20 125 2
87 108 2
9 123 2
98 104 2
7 89 2
6 35 2
11 64 2
6 65 2
13 69 2
43 50 2
99 153 2
25 34 2
82 114 1
15 74 2
58 74 2
45 142 1
18 169 2
19 54 2
55 87 2
17 85 2
91 171 2
45 81 2
44 111 2
107 178 1
16 29 2
59 123 2
35 56 2
29 49 2
13 50 2
19 110 2
0 35 2
37 82 2
105 120 2
40 110 2
35 71 2
31 47 2
33 81 2
3 29 2
61 85 2
4 37 2
0 11 2
59 105 2
33 52 2
52 68 2
47 174 1
18 20 2
14 19 2
88 116 2
26 90 2
4 101 2
55 139 1
1 150 2
97 159 2
105 106 2
45 78 2
25 80 2
68 120 2
35 95 2
47 100 2
9 27 2
35 80 2
3 116 2
77 92 2
5 18 2
17 149 2
30 96 2
48 60 2
67 97 2
10 27 2
54 169 2
34 60 2
67 178 1
18 57 2
7 164 1
23 35 2
32 91 2
36 90 2
41 68 2
26 88 2
59 81 2
61 79 2
7 9 2
65 88 2
15 169 1
19 61 2
37 72 2
3 74 2
29 80 2
34 41 2
51 167 2
74 100 2
67 95 2
32 50 2
8 86 2
42 69 2
17 63 2
11 44 2
0 97 2
72 146 2
45 52 2
61 93 2
51 92 2
29 88 2
74 129 1
38 40 2
2 41 2
67 105 2
17 91 2
88 113 1
48 103 2
80 174 2
43 71 2
4 75 2
18 93 2
7 95 2
37 68 2
1 104 2
2 32 2
20 55 2
8 76 2
18 72 2
35 84 2
104 144 2
48 155 2
5 35 2
24 25 2
26 49 2
55 174 2
18 73 2
10 81 2
15 67 2
76 120 1
80 151 1
31 149 2
91 125 1
59 61 2
28 168 2
78 101 2
19 83 2
22 175 1
56 123 2
27 40 2
8 84 2
30 78 2
57 115 1
19 85 2
14 27 2
104 141 1
22 103 2
9 70 2
17 123 1
93 103 2
62 173 2
19 24 2
22 31 2
36 61 2
71 92 2
97 142 2
39 101 2
68 93 2
63 96 2
67 93 2
40 153 2
79 99 2
5 31 2
26 99 2
15 95 2
65 84 2
30 62 2
0 171 2
30 52 2
43 97 2
43 106 2
20 102 2
26 79 2
57 116 2
22 121 1
19 115 2
3 113 2
21 145 2
64 102 2
62 104 2
21 56 2
0 67 2
70 77 2
13 74 2
1 66 2
60 61 2
0 146 2
40 79 2
95 145 1
105 150 2
23 36 2
29 129 1
25 140 2
7 73 2
32 83 2
58 90 2
16 41 2
43 118 2
32 76 2
43 115 1
37 89 2
54 99 2
40 80 2
13 83 2
47 101 2
69 97 2
61 94 2
36 46 2
75 159 1
19 162 2
37 43 2
56 76 2
93 174 2
53 104 2
20 71 2
4 105 2
67 108 1
28 169 2
16 24 2
50 56 2
103 131 2
73 141 1
41 152 1
26 50 2
43 96 2
5 10 2
0 70 2
11 74 2
58 110 1
7 49 2
1 30 2
24 55 2
84 91 2
106 124 2
25 83 2
17 87 2
27 119 1
72 99 2
8 25 2
32 82 2
33 38 2
36 103 2
4 82 2
66 69 2
56 177 2
60 102 2
29 78 2
40 103 2
84 167 2
7 84 2
35 175 2
79 107 2
67 175 2
101 137 1
1 82 2
26 58 2
41 155 2
55 99 2
18 50 2
58 61 2
62 89 2
36 54 2
52 175 2
14 79 2
14 81 2
16 79 2
62 85 2
58 101 2
56 105 2
33 99 2
46 99 2
63 135 2
7 152 2
82 169 2
36 96 2
9 46 2
10 85 2
13 42 2
65 101 2
85 104 2
34 65 2
27 99 2
23 119 1
96 129 1
77 78 2
69 76 2
78 85 2
40 84 2
100 111 1
5 156 1
33 71 2
30 44 2
57 84 2
48 67 2
15 131 2
45 70 2
44 174 1
68 134 2
85 92 2
39 103 2
91 105 2
30 37 2
49 96 2
15 76 2
21 26 2
84 146 2
26 158 1
66 122 2
2 75 2
73 95 2
104 107 2
22 47 2
0 48 2
71 99 2
42 176 2
17 58 2
56 163 1
79 94 2
27 73 2
15 107 2
36 102 2
80 139 2
68 78 2
38 145 1
9 28 2
15 41 2
93 178 2
29 102 2
17 98 2
72 73 2
97 137 2
43 164 2
10 45 2
78 88 2
33 39 2
48 74 2
18 38 2
64 94 2
35 46 2
26 41 2
75 91 2
96 108 1
32 53 2
47 56 2
62 70 2
85 103 2
2 10 2
8 17 2
60 79 2
58 59 2
32 111 1
66 100 2
2 162 1
21 50 2
25 55 2
12 139 1
57 99 2
12 85 2
11 63 2
17 21 2
2 93 2
47 98 2
79 119 1
54 82 2
69 85 2
13 36 2
66 96 2
92 173 2
38 61 2
48 114 2
6 101 2
75 149 2
32 66 2
73 109 2
76 90 2
42 45 2
106 146 2
13 171 2
37 85 2
1 20 2
43 73 2
1 77 2
49 120 2
18 36 2
63 102 2
28 54 2
55 90 2
84 86 2
83 97 2
48 85 2
80 92 2
46 79 2
77 95 2
21 63 2
7 34 2
19 118 2
17 40 2
52 120 1
72 155 1
3 49 2
95 142 1
47 64 2
62 98 2
101 141 1
23 144 1
43 57 2
45 50 2
51 115 2
34 88 2
27 51 2
0 124 2
20 149 2
68 174 1
71 76 2
17 19 2
57 79 2
25 27 2
84 96 2
17 57 2
78 134 2
70 74 2
5 134 2
52 151 2
24 95 2
85 124 2
54 58 2
18 33 2
30 95 2
36 59 2
78 142 2
14 52 2
10 131 2
19 49 2
104 157 2
69 114 1
67 103 2
7 131 2
52 106 2
25 103 2
44 116 2
48 146 2
78 83 2
43 72 2
89 146 2
82 146 2
30 53 2
81 129 1
63 172 2
53 66 2
12 149 2
4 154 1
44 59 2
48 73 2
53 140 1
12 112 2
24 88 2
90 106 2
59 70 2
30 114 2
7 23 2
102 104 2
35 78 2
16 35 2
34 102 2
40 168 1
64 78 2
63 89 2
64 76 2
54 91 2
70 88 2
30 74 2
17 61 2
23 172 2
26 56 2
52 97 2
63 134 1
58 133 2
81 102 2
74 148 2
42 51 2
89 174 2
26 103 2
20 93 2
15 77 2
44 102 2
52 122 2
14 152 2
64 153 2
28 82 2
8 81 2
14 160 1
37 59 2
57 155 2
82 125 1
55 86 2
2 170 2
75 103 2
93 94 2
68 95 2
28 84 2
72 75 2
47 126 2
30 72 2
42 118 1
77 169 2
23 29 2
42 117 1
4 104 2
66 112 2
41 83 2
71 77 2
19 146 2
25 66 2
78 159 1
62 128 2
55 134 1
37 95 2
79 80 2
57 81 2
25 41 2
44 122 2
15 21 2
21 165 2
82 107 2
68 85 2
20 76 2
27 78 2
76 101 2
33 61 2
0 69 2
23 64 2
15 18 2
43 83 2
83 90 2
15 98 2
6 59 2
92 178 2
73 107 2
57 91 2
97 146 1
53 61 2
19 92 2
3 50 2
41 99 2
17 59 2
12 178 2
42 73 2
12 29 2
4 145 2
70 83 2
106 144 2
4 55 2
53 85 2
50 57 2
9 139 2
3 69 2
59 73 2
61 107 2
32 46 2
62 78 2
44 55 2
6 28 2
1 19 2
24 34 2
12 42 2
18 44 2
50 141 2
96 111 1
10 77 2
10 32 2
53 74 2
21 119 1
61 126 1
5 78 2
42 120 1
5 81 2
34 96 2
3 19 2
64 118 2
65 157 2
60 76 2
13 21 2
26 37 2
16 47 2
99 107 2
33 115 1
2 160 1
0 77 2
77 84 2
67 176 2
55 124 2
102 125 2
16 75 2
17 65 2
53 76 2
13 129 2
24 97 2
61 96 2
14 16 2
75 79 2
34 61 2
51 120 2
6 126 2
8 35 2
64 178 2
20 59 2
81 126 1
27 48 2
88 163 2
18 138 2
87 138 1
104 166 2
15 85 2
2 90 2
69 74 2
14 33 2
52 67 2
107 142 1
11 108 1
51 58 2
6 81 2
90 104 2
50 161 2
97 134 2
55 115 1
1 21 2
50 82 2
93 97 2
63 139 1
24 69 2
62 140 2
42 64 2
42 43 2
38 83 2
10 100 2
73 156 2
29 81 2
79 106 2
30 102 2
88 142 2
23 40 2
99 156 1
15 58 2
6 17 2
31 77 2
39 58 2
52 96 2
77 90 2
31 93 2
42 66 2
15 43 2
46 63 2
94 100 2
3 87 2
106 121 1
101 102 2
12 104 2
45 113 2
36 73 2
6 11 2
94 107 2
23 94 2
19 116 2
13 148 2
51 75 2
11 66 2
3 107 2
37 109 2
35 178 2
1 38 2
21 100 2
59 167 1
66 104 2
22 131 2
49 156 2
13 67 2
7 24 2
51 107 2
8 57 2
91 100 2
57 98 2
19 41 2
67 138 2
12 76 2
16 93 2
73 114 2
21 90 2
44 57 2
50 53 2
16 18 2
28 57 2
14 48 2
17 28 2
36 80 2
95 133 2
23 128 1
91 122 1
98 99 2
0 137 2
29 63 2
23 135 1
25 42 2
79 145 2
61 84 2
57 66 2
82 173 2
4 116 2
69 88 2
6 165 1
29 57 2
58 86 2
39 154 2
29 164 2
38 46 2
17 66 2
50 103 2
31 86 2
15 45 2
36 86 2
50 117 1
71 178 1
2 17 2
24 68 2
5 97 2
7 80 2
51 60 2
32 89 2
12 84 2
19 52 2
41 62 2
14 175 2
89 139 1
46 103 2
69 81 2
93 135 2
23 92 2
88 106 2
87 105 2
44 48 2
18 101 2
44 101 2
14 67 2
23 134 1
92 138 1
44 80 2
16 69 2
70 106 2
53 155 2
21 116 1
67 79 2
41 93 2
39 104 2
44 78 2
63 119 2
95 104 2
20 44 2
42 121 1
29 38 2
55 160 2
11 51 2
35 61 2
62 100 2
93 105 2
3 89 2
4 6 2
23 44 2
32 65 2
36 98 2
62 165 2
10 55 2
59 159 2
19 28 2
63 99 2
87 97 2
10 39 2
42 105 2
67 98 2
51 94 2
6 73 2
20 107 2
44 93 2
24 58 2
102 173 2
39 60 2
50 120 2
1 75 2
22 58 2
63 86 2
4 90 2
4 84 2
89 118 2
60 86 2
46 62 2
39 54 2
45 72 2
15 25 2
12 170 2
0 16 2
56 95 2
17 97 2
29 105 2
59 89 2
0 10 2
36 173 1
15 73 2
83 160 1
16 23 2
83 117 2
48 156 2
96 102 2
19 37 2
0 144 2
81 144 2
21 43 2
5 67 2
15 71 2
33 91 2
49 94 2
33 95 2
36 143 1
26 111 2
47 141 2
87 93 2
40 47 2
31 87 2
47 58 2
105 133 2
16 99 2
9 130 2
65 67 2
57 172 1
37 75 2
81 87 2
41 58 2
20 68 2
9 68 2
7 69 2
6 8 2
60 104 2
36 142 2
106 152 1
7 58 2
49 134 2
41 88 2
59 173 1
49 99 2
79 89 2
61 104 2
25 87 2
67 68 2
28 32 2
3 102 2
68 107 2
0 89 2
5 102 2
7 10 2
32 59 2
59 91 2
13 16 2
43 61 2
6 115 2
47 149 2
23 122 2
16 52 2
30 98 2
21 166 2
11 96 2
100 102 2
11 39 2
60 159 2
34 36 2
41 114 2
49 84 2
71 82 2
1 26 2
20 58 2
46 56 2
45 67 2
35 36 2
39 85 2
46 105 2
24 86 2
9 88 2
55 57 2
15 91 2
33 105 2
76 165 2
51 145 2
14 153 2
76 95 2
90 164 2
38 119 2
59 88 2
21 77 2
23 71 2
37 78 2
79 109 2
33 120 2
16 40 2
21 45 2
36 107 2
33 60 2
43 146 2
84 107 2
65 99 2
1 31 2
29 35 2
70 96 2
20 34 2
8 53 2
0 91 2
22 51 2
29 93 2
88 126 2
104 140 1
49 95 2
46 49 2
101 103 2
21 163 1
57 114 2
45 61 2
21 99 2
43 101 2
7 107 2
74 102 2
46 96 2
40 68 2
36 77 2
14 92 2
10 16 2
34 179 2
22 85 2
14 58 2
16 143 1
12 92 2
13 31 2
6 93 2
23 55 2
29 145 2
47 124 2
50 95 2
64 122 2
37 137 2
9 91 2
59 94 2
24 179 1
5 117 1
11 72 2
93 126 1
74 120 2
23 46 2
48 53 2
19 167 2
22 70 2
12 130 1
19 68 2
13 77 2
15 47 2
5 61 2
15 78 2
32 103 2
29 41 2
4 71 2
57 140 1
75 77 2
46 84 2
93 137 2
97 171 2
25 135 2
79 88 2
24 66 2
13 62 2
103 141 1
22 124 2
95 107 2
55 63 2
8 82 2
59 82 2
20 54 2
10 29 2
71 108 1
66 81 2
6 104 2
4 159 2
42 91 2
47 90 2
88 169 2
45 82 2
49 56 2
19 179 2
33 94 2
92 130 2
6 69 2
14 46 2
61 95 2
38 169 1
45 66 2
20 60 2
6 91 2
89 152 2
53 102 2
9 58 2
32 61 2
80 98 2
36 55 2
7 18 2
25 40 2
49 74 2
1 25 2
93 107 2
4 18 2
22 54 2
34 71 2
77 123 2
8 47 2
49 80 2
47 68 2
3 90 2
84 102 2
28 156 2
31 63 2
1 5 2
40 106 2
30 84 2
25 28 2
9 128 1
69 94 2
68 69 2
7 101 2
1 169 1
43 142 1
4 30 2
28 62 2
55 78 2
44 97 2
88 146 1
84 92 2
10 54 2
99 102 2
15 55 2
53 126 2
20 57 2
36 93 2
50 97 2
9 173 2
80 90 2
60 144 2
72 103 2
60 94 2
51 63 2
16 37 2
66 103 2
73 75 2
22 72 2
10 135 1
73 100 2
5 27 2
48 143 2
8 153 1
2 56 2
47 78 2
99 104 2
11 73 2
36 85 2
94 111 1
45 74 2
43 60 2
14 90 2
71 109 2
88 111 2
5 64 2
63 75 2
78 114 2
5 80 2
20 136 1
55 133 2
11 171 2
25 53 2
0 83 2
57 154 2
94 105 2
23 145 2
95 112 2
42 88 2
58 88 2
36 49 2
12 80 2
0 63 2
88 92 2
67 94 2
63 105 2
31 168 2
54 131 1
18 74 2
70 175 1
22 93 2
17 101 2
57 77 2
40 89 2
74 157 1
3 21 2
46 57 2
104 150 1
9 154 2
44 88 2
60 62 2
20 42 2
19 31 2
64 147 1
72 152 2
54 110 2
1 74 2
18 107 2
79 142 2
44 91 2
87 89 2
72 100 2
43 167 2
34 67 2
65 110 1
55 109 1
61 69 2
49 88 2
47 107 2
33 158 1
27 50 2
34 168 1
36 72 2
69 95 2
47 83 2
27 160 2
25 101 2
1 45 2
16 87 2
7 59 2
19 169 2
64 137 2
17 102 2
23 28 2
18 90 2
49 72 2
85 178 1
23 81 2
66 105 2
10 99 2
25 136 2
6 44 2
71 115 2
29 50 2
54 59 2
29 165 2
51 135 2
2 61 2
6 15 2
5 62 2
49 139 2
85 97 2
56 62 2
39 67 2
71 142 2
55 69 2
81 159 1
37 170 2
33 143 2
48 58 2
37 45 2
46 54 2
8 44 2
99 131 1
26 65 2
81 82 2
94 123 2
37 40 2
30 104 2
64 100 2
0 15 2
0 79 2
18 25 2
64 98 2
66 145 2
3 88 2
23 73 2
69 111 2
43 80 2
67 88 2
83 174 2
47 87 2
3 44 2
36 95 2
38 123 2
51 175 2
2 121 1
71 113 1
2 104 2
4 34 2
53 81 2
24 102 2
21 174 2
42 140 1
93 98 2
8 42 2
24 48 2
34 72 2
19 34 2
59 92 2
37 177 2
14 82 2
52 123 2
47 79 2
45 63 2
31 96 2
42 87 2
46 82 2
10 38 2
65 69 2
15 159 2
71 90 2
4 79 2
9 34 2
22 91 2
5 21 2
0 103 2
17 43 2
35 97 2
70 107 2
33 131 1
40 65 2
3 58 2
79 155 2
37 48 2
2 65 2
54 79 2
7 96 2
9 105 2
9 53 2
35 108 1
7 17 2
14 71 2
40 53 2
47 48 2
98 153 2
46 110 2
69 129 2
28 79 2
52 55 2
19 119 1
4 121 1
49 83 2
0 96 2
63 112 2
81 122 2
36 101 2
40 48 2
22 67 2
35 82 2
88 137 1
69 86 2
17 79 2
4 28 2
36 94 2
75 106 2
31 138 2
29 71 2
43 84 2
27 107 2
18 68 2
59 96 2
0 7 2
40 107 2
89 91 2
18 87 2
67 92 2
9 66 2
68 87 2
47 158 2
2 46 2
41 44 2
38 55 2
51 146 1
50 76 2
60 155 2
70 128 1
65 93 2
22 63 2
52 92 2
55 83 2
35 96 2
20 65 2
66 91 2
16 129 1
31 52 2
49 65 2
1 27 2
43 159 1
60 78 2
8 32 2
88 140 1
44 79 2
27 98 2
24 72 2
30 38 2
33 65 2
18 39 2
30 68 2
37 52 2
3 28 2
22 60 2
50 100 2
53 69 2
24 147 2
67 96 2
48 170 2
21 103 2
21 59 2
51 89 2
7 111 1
53 62 2
14 31 2
91 96 2
48 63 2
42 138 2
46 59 2
40 75 2
77 136 1
81 95 2
53 88 2
23 33 2
54 104 2
39 95 2
35 44 2
35 64 2
94 101 2
61 102 2
92 96 2
83 165 2
31 55 2
22 87 2
12 46 2
38 60 2
10 147 2
21 147 1
42 84 2
66 102 2
62 161 1
8 38 2
73 98 2
27 95 2
15 94 2
27 144 2
3 10 2
32 169 2
49 101 2
22 107 2
67 106 2
0 52 2
71 75 2
78 157 2
71 149 1
91 168 1
50 71 2
23 116 2
10 68 2
6 57 2
63 100 2
25 174 2
32 57 2
23 105 2
28 37 2
82 94 2
48 113 2
34 144 1
27 109 2
55 128 2
42 175 2
61 76 2
65 125 1
74 106 2
5 85 2
6 46 2
51 54 2
51 116 2
13 89 2
8 43 2
1 10 2
30 66 2
8 39 2
89 125 2
36 89 2
0 94 2
37 122 2
9 21 2
62 126 2
58 107 2
28 97 2
7 46 2
13 70 2
9 62 2
81 155 1
54 56 2
31 107 2
52 57 2
21 158 1
10 78 2
53 106 2
106 171 1
49 89 2
59 78 2
85 86 2
68 79 2
60 85 2
2 73 2
57 136 2
18 43 2
0 53 2
3 157 2
34 70 2
25 89 2
5 17 2
4 45 2
11 46 2
92 102 2
58 84 2
40 78 2
37 162 2
59 103 2
84 123 2
33 84 2
12 68 2
87 92 2
14 101 2
13 102 2
17 51 2
44 121 2
22 46 2
21 64 2
15 179 2
53 57 2
27 82 2
27 97 2
32 104 2
71 83 2
57 76 2
81 175 2
51 76 2
39 47 2
38 88 2
105 143 2
24 54 2
60 82 2
54 98 2
26 93 2
82 136 2
3 91 2
40 112 1
27 34 2
17 24 2
82 105 2
58 92 2
30 99 2
83 87 2
32 161 2
11 105 2
90 101 2
8 66 2
81 146 2
3 16 2
23 96 2
23 151 1
54 149 1
85 131 2
17 60 2
33 177 2
84 94 2
10 115 2
72 92 2
2 80 2
62 99 2
78 151 1
94 95 2
47 92 2
1 42 2
54 74 2
63 76 2
21 160 2
7 140 2
85 94 2
56 79 2
23 77 2
17 70 2
31 69 2
12 97 2
38 87 2
80 103 2
19 152 2
31 89 2
32 45 2
45 98 2
29 44 2
44 87 2
99 112 1
69 149 2
54 85 2
6 137 2
7 36 2
6 100 2
14 99 2
20 96 2
14 162 2
89 94 2
1 69 2
23 45 2
38 66 2
47 94 2
15 49 2
86 118 2
11 158 2
22 99 2
39 65 2
93 113 2
34 132 2
74 140 1
24 99 2
23 86 2
29 83 2
95 108 2
0 8 2
64 96 2
8 161 1
32 116 2
28 107 2
67 101 2
41 94 2
36 57 2
71 93 2
21 137 1
63 162 2
51 82 2
11 70 2
32 80 2
35 162 2
14 65 2
88 93 2
17 82 2
2 127 2
57 112 1
52 135 2
33 89 2
42 65 2
35 68 2
58 93 2
11 89 2
52 53 2
16 104 2
11 67 2
73 122 2
13 91 2
12 95 2
28 172 2
60 162 2
14 123 2
9 80 2
95 175 2
3 6 2
20 40 2
56 136 2
52 107 2
62 151 2
42 93 2
20 114 2
13 176 1
43 120 1
32 38 2
32 92 2
46 68 2
53 160 2
40 56 2
90 98 2
25 76 2
20 99 2
53 103 2
39 177 1
41 59 2
14 64 2
97 149 2
20 64 2
79 84 2
16 101 2
23 37 2
5 41 2
69 161 2
21 23 2
54 95 2
38 178 2
63 80 2
47 70 2
5 88 2
33 96 2
60 93 2
99 143 1
73 76 2
25 82 2
34 66 2
38 158 1
58 95 2
19 132 2
66 73 2
22 61 2
50 151 2
36 97 2
60 74 2
0 73 2
15 118 2
3 135 1
41 101 2
5 127 2
9 41 2
40 67 2
35 86 2
0 36 2
46 95 2
24 143 2
95 102 2
31 53 2
21 123 2
5 26 2
48 70 2
18 58 2
32 150 2
75 83 2
61 67 2
82 84 2
97 161 1
60 139 1
65 66 2
68 74 2
82 90 2
5 52 2
29 69 2
19 60 2
46 81 2
24 47 2
34 73 2
53 67 2
56 84 2
7 63 2
15 138 2
61 75 2
17 107 2
87 154 1
13 61 2
44 161 1
62 156 1
53 59 2
31 127 2
20 83 2
68 91 2
81 104 2
54 80 2
99 101 2
31 88 2
20 161 2
37 103 2
91 140 1
7 86 2
35 90 2
41 71 2
19 89 2
47 66 2
14 47 2
48 112 2
44 107 2
47 84 2
15 80 2
49 176 2
106 172 2
30 50 2
29 142 1
22 40 2
67 71 2
77 83 2
52 105 2
52 93 2
4 22 2
25 168 2
67 76 2
8 83 2
30 143 2
88 89 2
67 116 2
34 52 2
29 90 2
26 120 2
56 151 2
40 66 2
11 53 2
56 82 2
47 150 2
32 100 2
10 37 2
31 60 2
68 158 1
11 13 2
18 131 2
47 69 2
47 59 2
51 121 1
24 42 2
37 99 2
38 50 2
93 102 2
26 61 2
53 90 2
56 101 2
16 74 2
15 26 2
7 75 2
16 100 2
51 84 2
21 44 2
24 91 2
56 159 2
60 166 2
10 97 2
26 85 2
87 98 2
29 61 2
45 97 2
75 84 2
22 74 2
6 60 2
84 98 2
2 8 2
54 138 2
38 76 2
16 45 2
40 74 2
6 152 2
35 128 2
12 18 2
17 115 2
29 98 2
19 107 2
79 134 1
103 177 2
46 88 2
20 63 2
9 55 2
3 66 2
65 102 2
34 98 2
68 75 2
41 47 2
12 120 2
28 128 1
7 12 2
23 104 2
48 137 1
35 70 2
40 136 2
69 105 2
6 103 2
24 96 2
7 103 2
25 123 1
98 105 2
26 140 2
58 116 2
34 56 2
53 99 2
3 64 2
39 48 2
18 21 2
11 28 2
37 86 2
72 113 2
61 70 2
53 63 2
40 43 2
35 48 2
21 106 2
31 179 1
45 112 2
21 154 2
98 167 2
22 102 2
13 27 2
75 97 2
23 103 2
85 98 2
30 69 2
9 13 2
57 135 2
51 155 2
25 57 2
25 99 2
28 87 2
63 77 2
23 50 2
72 82 2
48 102 2
53 105 2
67 104 2
63 78 2
71 135 2
12 57 2
16 21 2
11 126 2
102 107 2
49 87 2
77 88 2
32 60 2
5 24 2
66 162 2
43 131 2
28 115 2
43 74 2
4 51 2
40 151 2
29 84 2
74 96 2
43 92 2
48 127 2
76 162 2
35 94 2
90 100 2
47 81 2
69 70 2
5 101 2
37 47 2
20 115 1
26 76 2
24 76 2
27 28 2
96 113 2
24 112 1
20 61 2
4 14 2
34 87 2
3 22 2
22 65 2
0 24 2
2 24 2
49 162 2
28 47 2
58 75 2
25 68 2
107 124 2
55 114 2
51 98 2
72 136 2
82 141 2
57 142 2
6 25 2
19 82 2
50 68 2
64 65 2
48 89 2
42 58 2
0 95 2
75 96 2
9 107 2
19 36 2
36 38 2
47 103 2
69 80 2
33 104 2
44 163 1
6 82 2
50 65 2
30 67 2
50 133 1
29 99 2
25 107 2
87 109 2
29 34 2
39 53 2
6 176 2
25 49 2
96 172 2
39 72 2
63 67 2
8 59 2
63 72 2
62 96 2
12 79 2
4 27 2
58 167 2
39 68 2
0 58 2
51 68 2
62 93 2
50 81 2
14 103 2
14 29 2
12 102 2
25 92 2
45 123 2
9 15 2
77 86 2
3 41 2
20 101 2
98 130 2
27 142 1
11 56 2
4 19 2
19 134 2
38 81 2
47 55 2
56 74 2
12 36 2
2 126 2
24 164 1
48 79 2
55 95 2
52 150 1
1 33 2
68 82 2
2 40 2
73 101 2
12 55 2
44 58 2
39 117 1
63 94 2
61 71 2
20 85 2
44 176 2
36 105 2
20 25 2
64 85 2
22 89 2
77 107 2
23 110 2
17 45 2
62 64 2
32 96 2
26 168 2
78 102 2
95 125 2
32 55 2
31 49 2
77 105 2
43 91 2
57 161 2
5 63 2
75 164 2
35 49 2
4 20 2
93 115 2
100 118 2
35 116 2
16 67 2
10 92 2
40 158 2
17 120 2
32 95 2
68 84 2
8 120 1
0 84 2
19 47 2
30 101 2
11 141 2
27 31 2
49 169 2
7 74 2
46 101 2
26 160 2
91 94 2
53 93 2
4 24 2
1 28 2
25 111 2
16 19 2
37 104 2
10 156 2
63 150 2
106 175 2
44 46 2
49 105 2
39 106 2
12 107 2
44 155 2
90 129 1
24 87 2
54 93 2
72 91 2
44 139 2
29 56 2
56 170 2
5 22 2
71 85 2
12 94 2
73 77 2
67 69 2
67 171 2
99 172 2
31 68 2
79 162 2
78 79 2
10 107 2
71 148 2
15 124 2
101 140 2
60 81 2
38 96 2
5 38 2
5 149 2
4 21 2
58 79 2
11 109 2
70 90 2
2 71 2
49 77 2
27 60 2
46 90 2
63 88 2
10 58 2
8 96 2
13 19 2
26 94 2
34 78 2
3 43 2
64 81 2
32 102 2
22 105 2
70 148 1
4 95 2
70 140 1
73 118 2
9 31 2
15 38 2
28 158 2
65 80 2
7 41 2
19 77 2
55 84 2
71 101 2
0 75 2
25 38 2
21 60 2
30 45 2
99 105 2
17 94 2
41 53 2
48 86 2
9 11 2
42 60 2
59 77 2
13 164 2
95 177 2
78 99 2
9 61 2
48 97 2
64 155 2
22 23 2
51 90 2
33 62 2
26 86 2
32 106 2
25 72 2
33 130 2
19 80 2
96 127 2
44 76 2
88 161 2
62 73 2
60 174 2
15 132 2
10 36 2
7 27 2
38 160 1
9 38 2
90 119 2
86 111 2
13 140 2
19 30 2
74 89 2
68 172 2
24 75 2
33 144 1
83 104 2
79 104 2
2 158 1
50 123 2
6 50 2
0 20 2
30 75 2
3 59 2
30 58 2
71 78 2
20 112 2
17 158 2
25 46 2
35 50 2
9 12 2
69 71 2
48 50 2
19 87 2
13 95 2
8 94 2
87 96 2
27 153 2
33 172 1
98 156 2
69 106 2
88 112 2
12 51 2
43 44 2
86 146 1
102 122 2
0 170 2
82 177 1
35 102 2
24 101 2
36 78 2
64 174 2
76 104 2
24 63 2
4 43 2
46 158 2
1 79 2
34 69 2
73 93 2
7 77 2
69 107 2
59 63 2
40 85 2
17 52 2
39 93 2
30 32 2
31 76 2
41 55 2
30 92 2
82 106 2
49 147 2
25 94 2
14 84 2
43 125 1
80 104 2
61 89 2
21 78 2
12 128 2
66 119 1
13 26 2
12 88 2
82 102 2
9 89 2
97 168 2
59 106 2
105 153 2
22 53 2
16 27 2
11 90 2
4 49 2
22 44 2
34 159 2
2 4 2
3 139 1
12 34 2
55 81 2
23 66 2
41 61 2
78 84 2
4 94 2
38 147 1
94 138 1
103 106 2
76 173 2
21 122 2
82 133 1
62 75 2
48 68 2
60 92 2
57 171 2
9 42 2
16 62 2
13 88 2
56 73 2
75 89 2
17 135 2
8 127 2
9 84 2
52 64 2
40 163 1
7 83 2
23 89 2
19 78 2
36 53 2
1 13 2
12 152 2
15 99 2
28 100 2
46 172 2
12 123 1
1 73 2
23 98 2
4 174 1
55 127 1
47 145 1
41 177 2
7 87 2
56 96 2
68 105 2
9 92 2
51 80 2
10 126 2
11 140 1
100 121 2
99 115 2
103 178 2
22 69 2
19 35 2
2 156 2
31 98 2
37 70 2
44 85 2
36 176 2
2 9 2
1 130 2
14 146 1
14 72 2
42 103 2
91 145 2
88 99 2
64 179 1
39 83 2
77 121 2
29 62 2
28 46 2
72 178 2
3 38 2
40 140 1
39 52 2
12 87 2
16 55 2
106 139 1
7 105 2
9 90 2
90 108 1
34 157 2
39 69 2
70 97 2
10 101 2
50 126 1
5 54 2
0 40 2
30 91 2
45 60 2
5 34 2
28 83 2
44 86 2
32 158 1
36 106 2
94 106 2
68 129 2
35 143 2
10 18 2
21 80 2
1 78 2
63 95 2
55 107 2
81 101 2
66 98 2
49 79 2
27 146 2
106 156 2
46 106 2
23 125 2
7 176 2
33 48 2
48 140 2
6 105 2
23 70 2
3 168 2
81 93 2
64 101 2
26 80 2
5 161 2
9 81 2
16 64 2
17 105 2
97 106 2
33 82 2
69 152 1
80 109 2
80 93 2
18 76 2
62 72 2
57 175 2
45 107 2
86 166 1
22 88 2
51 171 1
33 74 2
25 176 2
21 22 2
28 130 2
79 83 2
64 68 2
30 83 2
2 144 1
31 119 1
71 138 2
12 28 2
7 20 2
39 131 2
25 69 2
14 110 1
26 30 2
1 59 2
12 52 2
14 70 2
21 169 2
5 60 2
103 151 2
39 118 1
21 47 2
73 147 1
10 173 2
50 62 2
93 169 2
52 80 2
80 117 2
17 50 2
19 103 2
38 71 2
37 125 1
1 57 2
19 53 2
46 61 2
32 86 2
36 48 2
25 62 2
14 56 2
71 130 2
29 46 2
82 130 2
9 74 2
42 142 1
79 156 2
82 139 1
26 63 2
25 88 2
56 175 2
18 95 2
29 75 2
76 79 2
28 53 2
37 123 1
2 5 2
41 45 2
35 98 2
17 20 2
34 165 1
27 173 2
48 138 2
41 103 2
70 82 2
0 90 2
30 43 2
10 70 2
3 128 2
56 93 2
5 29 2
47 146 2
12 40 2
6 140 2
12 41 2
93 96 2
32 107 2
21 57 2
37 90 2
46 93 2
36 50 2
107 134 1
20 36 2
25 171 2
19 74 2
67 74 2
24 135 2
44 56 2
45 59 2
15 88 2
34 94 2
91 178 2
100 104 2
29 53 2
78 97 2
36 165 2
17 46 2
56 71 2
54 57 2
23 31 2
1 35 2
60 178 2
8 11 2
14 83 2
64 141 2
22 33 2
23 32 2
77 89 2
15 66 2
81 151 1
26 71 2
42 44 2
9 32 2
19 59 2
13 32 2
41 63 2
91 92 2
35 60 2
90 95 2
1 36 2
23 26 2
45 149 2
14 43 2
80 107 2
67 85 2
38 70 2
16 53 2
70 141 2
7 19 2
80 106 2
92 171 2
37 96 2
0 98 2
8 122 2
2 48 2
79 101 2
23 69 2
41 42 2
7 43 2
62 114 2
50 73 2
90 149 1
92 146 2
25 86 2
25 32 2
11 38 2
12 96 2
29 65 2
26 64 2
85 100 2
19 128 2
18 171 2
36 114 2
0 131 2
28 63 2
20 27 2
84 88 2
86 130 2
21 76 2
86 135 1
51 57 2
22 92 2
12 53 2
88 168 2
33 72 2
3 32 2
14 178 2
2 130 1
98 102 2
75 179 2
38 152 2
55 149 2
43 78 2
102 108 1
28 50 2
68 149 2
55 74 2
40 58 2
44 53 2
38 62 2
92 135 2
74 79 2
59 107 2
43 75 2
21 32 2
9 14 2
29 103 2
68 104 2
7 40 2
55 161 2
36 117 2
84 125 2
103 175 2
31 73 2
81 138 1
53 54 2
101 149 1
35 77 2
11 139 1
21 48 2
86 103 2
34 68 2
100 107 2
37 98 2
14 125 2
25 70 2
81 91 2
103 118 1
65 100 2
14 54 2
62 92 2
0 57 2
20 31 2
83 106 2
92 103 2
2 64 2
47 169 1
55 171 1
13 40 2
75 146 1
79 90 2
1 92 2
8 33 2
17 99 2
31 37 2
42 100 2
39 179 2
10 138 1
1 40 2
14 80 2
11 170 2
13 22 2
44 170 1
86 94 2
20 108 1
80 94 2
51 71 2
14 40 2
92 95 2
51 79 2
100 152 2
51 55 2
17 141 2
1 58 2
87 103 2
18 64 2
29 52 2
64 92 2
42 160 2
52 90 2
39 98 2
31 105 2
1 103 2
61 87 2
10 11 2
18 35 2
30 59 2
34 37 2
6 86 2
68 151 2
20 128 2
40 54 2
107 132 2
74 98 2
46 71 2
31 172 2
3 130 2
88 100 2
88 103 2
13 63 2
27 29 2
28 44 2
28 99 2
92 124 2
104 164 1
98 136 1
5 42 2
1 86 2
49 76 2
14 24 2
32 36 2
4 62 2
66 106 2
31 90 2
51 158 2
10 150 2
24 78 2
84 179 2
31 108 2
35 69 2
34 107 2
73 87 2
65 90 2
22 155 2
31 150 2
10 17 2
16 43 2
82 109 1
45 71 2
12 169 1
39 146 1
38 75 2
2 28 2
43 59 2
17 176 2
71 164 2
39 111 1
34 175 2
6 99 2
47 73 2
49 121 2
43 107 2
9 96 2
28 101 2
96 173 1
94 102 2
33 79 2
14 57 2
9 48 2
39 40 2
32 114 1
50 88 2
59 68 2
53 96 2
31 152 2
38 48 2
2 54 2
89 127 2
21 37 2
41 76 2
47 136 2
57 150 1
43 69 2
72 79 2
0 128 1
28 34 2
66 86 2
36 109 2
4 70 2
25 29 2
64 175 2
27 103 2
56 97 2
11 26 2
79 92 2
60 77 2
79 173 2
28 153 2
5 58 2
105 163 1
44 45 2
41 104 2
48 149 1
95 99 2
15 62 2
26 95 2
17 69 2
11 104 2
60 87 2
18 163 2
75 114 2
9 104 2
76 124 2
27 53 2
33 100 2
34 39 2
12 72 2
45 94 2
78 86 2
28 30 2
17 89 2
66 140 2
1 101 2
65 179 1
60 68 2
24 46 2
85 163 2
75 101 2
20 132 2
35 105 2
45 148 1
98 162 1
3 81 2
96 98 2
56 77 2
32 101 2
25 146 2
31 36 2
18 67 2
16 63 2
43 143 2
12 45 2
12 140 1
35 167 2
52 95 2
36 51 2
104 149 2
28 51 2
39 102 2
71 94 2
75 157 2
72 126 2
19 32 2
11 16 2
14 107 2
8 65 2
13 43 2
11 24 2
2 166 1
3 47 2
11 101 2
67 113 2
84 97 2
2 175 2
3 48 2
8 55 2
24 52 2
74 170 2
6 58 2
59 90 2
28 60 2
28 48 2
59 95 2
24 144 2
8 106 2
65 95 2
5 79 2
20 50 2
83 93 2
24 85 2
2 89 2
11 93 2
44 61 2
46 146 2
48 69 2
40 99 2
83 129 2
10 67 2
82 137 1
10 74 2
3 33 2
25 71 2
87 115 1
20 84 2
65 114 1
18 77 2
31 54 2
2 72 2
94 148 2
37 141 2
0 13 2
21 91 2
90 168 1
49 50 2
79 86 2
46 73 2
67 158 2
94 99 2
48 169 1
57 75 2
81 84 2
42 90 2
16 66 2
80 127 2
62 77 2
15 103 2
16 39 2
10 69 2
18 41 2
11 33 2
38 49 2
3 65 2
52 85 2
16 176 2
20 33 2
46 80 2
0 30 2
52 60 2
66 84 2
5 86 2
15 31 2
58 82 2
43 128 2
64 70 2
2 155 1
4 78 2
90 155 1
47 129 2
6 95 2
7 45 2
34 103 2
27 39 2
29 73 2
91 170 1
66 120 2
58 64 2
18 83 2
46 60 2
7 66 2
12 177 2
25 120 1
42 92 2
44 84 2
33 138 1
11 86 2
49 115 1
48 100 2
28 72 2
62 179 2
11 23 2
71 170 2
57 97 2
10 72 2
10 14 2
53 101 2
105 178 1
61 136 1
16 139 2
43 65 2
3 76 2
2 55 2
40 44 2
17 169 2
63 107 2
99 113 2
13 105 2
75 115 2
96 165 2
13 175 1
95 136 1
15 57 2
9 39 2
30 80 2
20 73 2
42 56 2
89 126 2
39 175 2
54 76 2
10 62 2
96 100 2
5 19 2
47 161 2
10 22 2
2 44 2
3 8 2
90 92 2
17 93 2
3 39 2
36 92 2
48 52 2
38 39 2
66 101 2
43 58 2
41 52 2
94 104 2
44 100 2
47 60 2
29 68 2
42 49 2
17 42 2
41 110 2
19 76 2
78 106 2
63 106 2
5 75 2
20 72 2
17 80 2
17 23 2
67 109 2
83 177 2
16 31 2
54 61 2
102 144 2
50 84 2
64 95 2
34 97 2
9 77 2
48 163 1
46 107 2
36 60 2
58 127 2
89 102 2
5 20 2
21 111 2
55 103 2
39 76 2
41 171 1
16 61 2
7 68 2
43 53 2
75 104 2
60 129 1
102 159 2
102 116 2
95 98 2
29 107 2
57 168 1
11 15 2
73 104 2
85 165 2
64 99 2
76 92 2
21 34 2
51 88 2
75 131 2
4 132 2
5 100 2
69 173 1
64 97 2
58 69 2
16 60 2
30 54 2
91 118 1
21 155 2
12 129 2
95 101 2
59 176 1
87 100 2
17 56 2
8 22 2
38 116 2
41 162 2
77 110 1
27 81 2
28 88 2
33 64 2
82 92 2
15 27 2
54 87 2
27 71 2
99 119 1
27 45 2
40 96 2
10 103 2
55 62 2
86 156 2
48 99 2
50 92 2
58 152 2
5 96 2
3 53 2
62 113 2
21 82 2
29 138 2
19 67 2
32 179 1
9 150 2
44 90 2
81 89 2
45 56 2
92 159 1
15 51 2
89 104 2
86 169 2
0 34 2
39 105 2
60 96 2
41 132 1
9 140 2
3 52 2
67 139 2
74 146 2
26 82 2
22 66 2
61 97 2
33 106 2
26 70 2
50 101 2
10 161 1
11 52 2
78 105 2
0 76 2
81 90 2
17 83 2
1 76 2
54 65 2
9 157 2
41 107 2
97 114 2
70 105 2
5 40 2
14 104 2
77 98 2
18 29 2
25 149 2
55 97 2
36 68 2
38 113 2
66 88 2
48 142 1
11 85 2
11 60 2
82 93 2
11 57 2
70 93 2
3 46 2
55 79 2
64 91 2
24 35 2
72 89 2
0 44 2
49 64 2
54 107 2
82 86 2
13 34 2
37 53 2
11 40 2
4 140 2
0 1 2
45 69 2
101 106 2
97 108 1
64 66 2
12 98 2
68 155 1
71 123 2
103 128 1
83 167 2
31 42 2
35 101 2
55 105 2
20 116 1
105 160 1
100 146 2
93 176 2
3 79 2
40 171 2
13 100 2
27 102 2
75 90 2
9 69 2
18 48 2
21 49 2
39 71 2
41 86 2
94 150 2
22 159 2
20 52 2
62 67 2
73 94 2
33 37 2
86 134 2
30 90 2
18 151 2
17 67 2
83 91 2
77 132 2
75 129 1
1 88 2
81 105 2
16 68 2
20 67 2
58 71 2
10 73 2
6 52 2
89 116 2
1 68 2
4 42 2
55 162 2
40 73 2
55 66 2
34 63 2
12 30 2
45 99 2
46 91 2
17 100 2
49 150 1
55 130 2
2 14 2
7 99 2
72 83 2
53 139 2
13 128 2
27 175 2
2 157 1
42 47 2
10 31 2
74 75 2
45 77 2
36 169 2
6 14 2
24 145 1
11 27 2
3 131 2
14 105 2
52 111 1
33 160 2
77 126 2
21 98 2
11 79 2
53 116 1
27 55 2
37 105 2
15 175 1
58 63 2
38 79 2
42 59 2
12 90 2
12 119 1
83 169 2
32 156 2
10 89 2
41 80 2
2 92 2
22 123 2
50 150 2
8 138 2
14 86 2
59 60 2
96 112 2
18 105 2
47 52 2
52 103 2
15 79 2
53 94 2
98 100 2
90 102 2
60 105 2
50 107 2
43 98 2
37 107 2
12 21 2
102 151 2
40 60 2
71 107 2
37 57 2
52 88 2
35 45 2
0 86 2
22 45 2
2 120 2
27 36 2
64 79 2
39 132 2
66 155 1
74 101 2
18 100 2
27 80 2
78 94 2
12 64 2
3 86 2
61 117 1
36 69 2
17 179 1
51 85 2
106 155 1
18 31 2
21 105 2
102 112 2
61 73 2
9 57 2
97 136 2
100 174 2
57 90 2
7 8 2
61 92 2
63 104 2
22 139 2
45 178 1
91 98 2
55 93 2
39 80 2
12 154 2
27 126 2
85 87 2
57 67 2
6 54 2
0 93 2
18 28 2
76 94 2
35 146 1
0 54 2
4 57 2
51 67 2
5 70 2
83 98 2
1 39 2
3 37 2
6 18 2
57 89 2
11 167 2
8 80 2
70 137 1
32 115 2
62 95 2
26 154 1
7 44 2
39 77 2
8 30 2
2 97 2
34 162 2
29 47 2
84 115 1
14 94 2
92 177 1
8 13 2
19 106 2
61 78 2
39 87 2
48 94 2
7 52 2
49 100 2
58 177 2
37 106 2
9 29 2
58 65 2
11 92 2
31 162 1
41 79 2
32 81 2
38 124 1
98 115 2
5 11 2
87 173 2
33 110 2
24 74 2
94 173 2
5 47 2
14 113 2
42 135 1
26 68 2
11 80 2
2 134 2
51 102 2
12 56 2
12 39 2
22 152 2
37 113 2
42 144 1
47 91 2
72 97 2
9 152 2
4 68 2
19 64 2
50 70 2
2 86 2
54 83 2
42 95 2
88 96 2
59 85 2
60 95 2
102 135 2
20 106 2
52 56 2
43 55 2
85 91 2
9 43 2
17 96 2
67 100 2
32 70 2
4 89 2
8 144 2
63 177 2
43 86 2
83 96 2
93 143 2
17 41 2
40 98 2
73 170 1
11 78 2
49 107 2
10 43 2
26 101 2
93 99 2
0 32 2
26 39 2
49 137 2
25 75 2
42 79 2
44 105 2
11 29 2
6 74 2
14 59 2
101 104 2
52 63 2
55 96 2
63 70 2
25 78 2
40 71 2
1 93 2
25 106 2
4 40 2
36 45 2
51 81 2
51 101 2
6 21 2
42 86 2
13 30 2
35 66 2
57 72 2
45 58 2
3 73 2
33 57 2
41 74 2
46 97 2
28 38 2
65 117 2
9 64 2
61 144 1
41 70 2
8 116 2
39 97 2
92 98 2
37 143 2
42 81 2
68 136 2
38 162 2
5 13 2
86 101 2
24 178 2
96 105 2
63 122 2
50 72 2
88 120 1
43 64 2
19 84 2
24 71 2
44 126 2
56 83 2
76 80 2
4 31 2
53 84 2
36 82 2
36 84 2
68 177 2
87 88 2
17 27 2
52 82 2
48 77 2
63 131 2
12 106 2
80 102 2
12 105 2
32 146 2
8 40 2
16 25 2
12 78 2
2 19 2
4 61 2
35 83 2
51 62 2
67 157 1
4 38 2
31 95 2
97 103 2
58 139 1
30 164 2
53 60 2
44 95 2
26 87 2
12 70 2
25 177 1
33 75 2
17 37 2
41 102 2
1 106 2
87 104 2
72 110 1
71 98 2
81 164 1
52 70 2
48 93 2
35 75 2
6 178 2
41 92 2
7 21 2
32 69 2
49 52 2
47 80 2
70 104 2
107 170 2
66 85 2
37 92 2
46 129 2
67 117 1
56 61 2
43 66 2
76 113 2
72 118 1
0 152 2
32 87 2
65 92 2
33 66 2
16 54 2
33 136 2
39 178 2
52 100 2
31 176 2
25 81 2
48 106 2
58 66 2
33 102 2
17 72 2
8 74 2
38 42 2
4 170 2
41 56 2
5 36 2
105 107 2
51 143 2
43 170 2
71 136 2
27 110 1
21 54 2
19 117 2
41 90 2
78 104 2
11 100 2
91 176 1
37 62 2
4 32 2
54 139 2
102 157 2
41 146 1
23 42 2
15 75 2
61 77 2
26 47 2
5 83 2
48 173 2
62 65 2
100 171 2
49 63 2
70 117 2
28 94 2
32 137 2
96 148 2
23 47 2
0 61 2
107 133 1
72 93 2
33 51 2
81 99 2
45 83 2
83 121 1
3 31 2
6 38 2
37 56 2
57 69 2
37 83 2
20 126 2
6 98 2
76 153 2
11 14 2
62 105 2
21 112 1
67 87 2
40 52 2
71 72 2
7 56 2
106 147 2
10 139 2
99 106 2
54 105 2
19 75 2
24 40 2
14 26 2
29 60 2
61 153 2
77 80 2
34 42 2
2 179 2
69 101 2
49 81 2
51 65 2
38 104 2
44 167 2
59 114 2
44 73 2
70 91 2
40 50 2
84 149 2
44 47 2
2 47 2
93 104 2
32 39 2
83 138 1
1 87 2
1 56 2
1 70 2
73 171 2
37 168 2
62 91 2
0 178 1
39 172 2
45 104 2
24 90 2
23 131 1
94 141 2
85 128 2
37 74 2
102 110 2
29 30 2
37 65 2
8 102 2
32 144 1
29 39 2
54 125 2
17 143 1
29 109 2
54 68 2
40 101 2
95 159 1
97 101 2
2 68 2
10 71 2
83 107 2
11 32 2
21 96 2
67 84 2
20 146 2
85 166 2
45 106 2
23 106 2
57 78 2
50 51 2
28 77 2
13 66 2
16 86 2
18 173 1
37 117 2
21 24 2
49 128 1
65 89 2
41 43 2
21 135 1
12 13 2
5 105 2
51 106 2
38 47 2
18 89 2
65 83 2
56 141 2
36 65 2
41 96 2
98 126 1
54 77 2
87 91 2
7 26 2
38 120 2
45 115 2
46 140 2
28 56 2
1 155 2
27 63 2
69 132 2
1 11 2
10 12 2
59 104 2
2 26 2
21 35 2
72 107 2
79 127 2
30 79 2
22 80 2
14 145 1
49 62 2
106 111 1
10 48 2
3 26 2
3 5 2
33 69 2
41 46 2
61 122 1
19 73 2
52 98 2
69 121 1
41 106 2
23 175 1
21 86 2
19 27 2
64 93 2
12 33 2
95 116 2
44 142 2
55 104 2
19 147 2
54 112 2
49 82 2
79 146 2
80 99 2
2 87 2
53 79 2
21 53 2
75 121 2
39 153 1
94 136 2
54 113 2
50 98 2
28 90 2
61 123 2
0 21 2
63 147 1
41 72 2
21 102 2
81 110 1
26 178 2
38 74 2
68 101 2
65 77 2
2 15 2
12 77 2
56 60 2
18 53 2
71 120 1
72 77 2
32 56 2
107 146 2
23 24 2
73 92 2
22 112 1
81 153 2
19 156 1
18 69 2
77 96 2
46 92 2
51 56 2
28 104 2
8 164 2
44 94 2
19 177 2
71 168 1
1 107 2
18 145 2
40 46 2
21 97 2
9 20 2
7 79 2
92 94 2
29 54 2
21 81 2
41 60 2
70 114 2
23 34 2
1 52 2
65 71 2
57 160 2
86 102 2
42 77 2
47 62 2
18 88 2
40 100 2
7 76 2
69 84 2
17 36 2
44 106 2
38 94 2
13 106 2
95 111 1
81 154 2
9 71 2
92 104 2
22 27 2
30 97 2
50 61 2
6 10 2
8 14 2
5 37 2
81 103 2
25 95 2
42 109 2
61 103 2
19 44 2
31 153 2
9 95 2
10 82 2
36 52 2
76 91 2
16 77 2
53 97 2
3 61 2
24 32 2
53 98 2
27 33 2
73 152 1
20 66 2
5 30 2
37 91 2
69 133 2
52 73 2
33 87 2
18 22 2
8 77 2
38 59 2
77 101 2
61 114 1
80 126 2
68 115 2
49 161 1
57 58 2
20 78 2
41 124 2
63 64 2
96 107 2
13 15 2
34 91 2
9 143 2
107 162 2
5 76 2
0 42 2
19 55 2
37 77 2
37 101 2
11 61 2
8 78 2
31 32 2
15 56 2
13 161 1
90 114 2
34 109 2
52 62 2
15 44 2
82 157 2
64 110 2
45 122 1
88 95 2
40 146 2
29 100 2
23 120 1
51 70 2
36 67 2
4 177 2
4 93 2
52 83 2
61 105 2
69 73 2
3 68 2
27 108 1
81 92 2
18 81 2
30 107 2
96 137 2
24 116 2
45 93 2
55 155 1
65 106 2
27 94 2
63 82 2
46 69 2
8 157 2
45 144 2
82 91 2
70 109 2
31 130 1
75 86 2
44 119 1
46 175 1
68 139 1
21 75 2
58 72 2
99 118 2
78 80 2
32 48 2
64 88 2
42 130 1
54 102 2
5 7 2
62 106 2
30 93 2
22 36 2
54 69 2
26 151 1
75 102 2
24 92 2
20 69 2
81 106 2
20 43 2
19 72 2
2 3 2
0 55 2
97 98 2
16 95 2
60 84 2
46 76 2
2 38 2
30 61 2
69 75 2
16 103 2
23 61 2
34 50 2
52 99 2
9 99 2
54 89 2
22 119 2
0 99 2
12 26 2
56 64 2
47 104 2
8 172 1
16 84 2
47 155 2
13 39 2
67 91 2
38 109 1
4 109 2
38 67 2
22 25 2
83 127 2
27 176 2
22 56 2
8 16 2
50 178 1
65 70 2
100 179 2
51 96 2
58 100 2
19 51 2
71 80 2
61 167 2
17 18 2
60 72 2
102 105 2
70 85 2
94 168 1
48 72 2
0 19 2
62 121 1
18 99 2
31 94 2
75 88 2
59 102 2
56 66 2
83 102 2
25 35 2
100 119 1
16 28 2
3 35 2
68 72 2
15 59 2
68 86 2
70 158 2
72 84 2
25 153 1
49 60 2
23 107 2
69 89 2
4 100 2
4 77 2
87 131 1
7 67 2
3 40 2
27 32 2
41 131 2
48 88 2
104 106 2
3 132 2
103 107 2
8 51 2
9 47 2
80 166 2
92 145 2
40 55 2
19 98 2
22 98 2
68 137 1
69 99 2
28 131 2
105 147 1
30 82 2
9 142 2
19 71 2
12 143 1
1 29 2
66 132 1
62 88 2
100 106 2
61 106 2
107 129 2
13 87 2
0 2 2
7 92 2
26 121 2
40 49 2
17 22 2
53 141 2
66 78 2
48 101 2
67 153 2
0 115 1
12 58 2
49 141 2
8 174 2
32 62 2
48 66 2
59 86 2
28 29 2
79 102 2
74 81 2
17 39 2
0 106 2
36 156 2
16 70 2
11 42 2
10 56 2
63 97 2
62 68 2
67 75 2
42 96 2
69 154 2
75 78 2
22 49 2
20 100 2
38 44 2
81 86 2
73 159 2
45 84 2
55 102 2
8 63 2
16 135 2
101 134 2
103 157 2
36 75 2
50 94 2
29 89 2
12 19 2
16 22 2
37 80 2
69 92 2
51 66 2
62 150 1
22 141 1
26 62 2
18 32 2
70 154 1
23 84 2
89 96 2
18 55 2
6 175 2
9 40 2
4 80 2
24 106 2
60 156 2
25 105 2
2 106 2
27 46 2
7 50 2
101 109 2
33 148 1
1 14 2
23 157 1
7 100 2
50 55 2
3 11 2
77 178 1
59 110 2
45 86 2
27 88 2
44 96 2
74 128 2
22 176 1
9 103 2
40 94 2
36 47 2
86 90 2
19 160 2
16 173 1
2 12 2
84 85 2
71 132 2
6 72 2
1 23 2
26 51 2
1 64 2
29 33 2
52 58 2
33 47 2
54 64 2
0 51 2
12 103 2
40 70 2
66 93 2
12 118 2
56 158 1
4 9 2
57 107 2
43 95 2
3 45 2
72 86 2
1 163 1
85 105 2
58 97 2
70 172 1
41 172 1
31 34 2
6 77 2
42 57 2
67 73 2
23 100 2
55 71 2
87 160 1
1 71 2
7 108 2
22 34 2
104 105 2
79 115 1
10 83 2
40 166 1
30 100 2
15 149 1
17 31 2
5 65 2
8 75 2
70 179 2
94 119 2
90 99 2
61 116 1
0 37 2
14 85 2
64 82 2
19 88 2
56 65 2
74 123 2
61 173 2
40 104 2
35 58 2
55 56 2
78 112 2
24 84 2
104 151 2
30 73 2
27 49 2
53 112 2
1 96 2
11 59 2
4 87 2
103 137 1
57 95 2
101 112 2
8 123 2
28 35 2
83 84 2
71 88 2
32 126 2
38 105 2
90 112 2
8 98 2
26 146 2
91 99 2
4 17 2
20 86 2
78 130 2
18 79 2
73 106 2
6 79 2
23 163 2
9 145 1
0 92 2
60 100 2
7 71 2
40 86 2
104 172 1
81 156 2
34 85 2
8 95 2
71 97 2
7 22 2
54 127 2
17 38 2
17 124 2
33 86 2
46 52 2
49 138 2
33 88 2
23 58 2
8 100 2
89 158 2
34 58 2
40 62 2
23 95 2
14 45 2
51 100 2
31 139 2
32 77 2
60 99 2
97 100 2
49 119 1
19 79 2
66 87 2
34 55 2
17 62 2
101 129 2
28 81 2
25 60 2
7 53 2
29 36 2
7 97 2
58 122 1
36 42 2
24 123 1
82 115 2
66 113 2
7 138 2
77 99 2
78 87 2
2 112 2
27 105 2
3 101 2
3 57 2
43 100 2
19 70 2
39 94 2
1 62 2
37 64 2
63 93 2
6 55 2
0 174 1
80 147 2
62 84 2
48 91 2
7 130 2
13 73 2
18 52 2
35 41 2
26 173 2
97 135 1
83 94 2
4 39 2
12 91 2
5 69 2
57 96 2
34 35 2
14 95 2
47 102 2
85 101 2
14 78 2
37 114 1
43 108 2
60 150 2
2 25 2
2 149 2
79 126 1
85 156 1
32 79 2
29 133 2
3 99 2
19 97 2
36 172 2
74 76 2
20 74 2
28 58 2
28 161 2
48 55 2
92 160 2
11 19 2
45 96 2
28 152 1
30 154 2
56 78 2
6 121 2
14 89 2
2 50 2
99 103 2
7 42 2
92 93 2
46 64 2
84 90 2
44 115 2
60 66 2
36 166 2
83 151 1
46 85 2
40 76 2
26 134 2
82 175 2
79 91 2
10 41 2
12 14 2
38 151 2
19 66 2
26 81 2
31 134 2
5 178 1
2 105 2
73 174 2
33 112 2
53 64 2
63 138 2
9 179 2
51 137 2
69 174 1
78 107 2
70 89 2
35 103 2
91 132 2
96 164 2
63 84 2
60 89 2
23 60 2
42 80 2
29 85 2
45 57 2
56 59 2
8 163 2
59 72 2
40 81 2
4 83 2
32 78 2
6 76 2
60 101 2
49 66 2
24 62 2
90 93 2
13 68 2
22 104 2
82 116 2
88 115 2
58 76 2
15 113 2
91 97 2
31 106 2
50 75 2
79 105 2
7 35 2
16 134 1
16 46 2
83 141 1
16 117 1
70 125 1
72 74 2
8 28 2
21 62 2
41 98 2
30 41 2
23 41 2
52 102 2
23 88 2
41 57 2
0 147 2
6 92 2
5 50 2
0 81 2
75 95 2
30 163 2
5 128 1
77 167 1
42 63 2
4 53 2
1 41 2
10 51 2
43 121 1
87 142 2
2 37 2
56 81 2
61 129 2
59 160 2
27 84 2
54 78 2
62 171 1
68 83 2
5 84 2
35 112 2
74 85 2
92 134 2
26 100 2
95 158 2
48 83 2
50 110 1
53 100 2
27 138 2
72 106 2
2 18 2
13 93 2
12 147 2
16 111 1
19 56 2
15 64 2
68 106 2
62 120 2
87 99 2
2 57 2
13 53 2
1 44 2
38 63 2
30 65 2
14 170 2
34 122 1
7 70 2
32 34 2
75 138 2
43 153 1
88 94 2
3 54 2
58 83 2
65 98 2
80 97 2
28 173 2
64 107 2
80 141 2
0 80 2
49 131 2
8 31 2
45 105 2
4 81 2
41 87 2
32 52 2
95 128 1
25 152 1
18 117 2
107 130 2
79 93 2
35 62 2
3 100 2
103 159 2
8 92 2
18 133 2
3 13 2
55 176 2
21 31 2
4 143 1
23 159 2
82 100 2
9 51 2
32 67 2
9 112 2
16 161 1
74 91 2
54 147 2
31 39 2
6 64 2
20 23 2
71 150 2
80 95 2
46 104 2
0 140 2
72 94 2
77 94 2
107 136 2
38 91 2
100 130 1
37 154 1
8 48 2
56 148 2
70 121 1
77 115 2
28 71 2
46 50 2
25 77 2
29 66 2
11 54 2
28 73 2
85 167 1
27 77 2
59 163 2
80 85 2
78 141 1
57 60 2
2 118 1
10 57 2
46 151 2
6 97 2
31 83 2
22 78 2
22 64 2
7 62 2
44 118 2
37 66 2
63 68 2
50 91 2
15 34 2
0 18 2
48 90 2
46 125 2
92 170 1
31 92 2
72 90 2
29 120 1
9 18 2
101 113 1
50 63 2
48 84 2
69 153 2
86 142 2
51 99 2
1 24 2
42 74 2
86 96 2
0 49 2
13 56 2
14 21 2
38 98 2
59 98 2
24 30 2
28 80 2
16 56 2
74 77 2
75 82 2
61 101 2
21 127 2
43 87 2
71 143 2
9 166 2
6 53 2
50 158 1
87 124 2
43 81 2
40 63 2
8 159 2
12 99 2
69 165 2
13 96 2
38 173 2
22 81 2
14 34 2
31 101 2
32 58 2
35 89 2
35 159 2
6 48 2
27 35 2
68 138 2
30 89 2
14 32 2
18 147 1
52 109 2
25 104 2
54 71 2
31 67 2
46 55 2
47 96 2
0 130 2
45 79 2
6 169 2
72 119 2
42 89 2
56 145 1
15 22 2
40 87 2
49 92 2
31 51 2
8 58 2
94 151 2
29 45 2
42 141 2
28 40 2
1 138 2
6 78 2
87 137 2
64 89 2
3 165 1
56 98 2
9 174 2
44 49 2
18 92 2
1 83 2
75 127 2
43 79 2
82 97 2
35 42 2
31 99 2
17 53 2
11 94 2
103 139 2
20 37 2
97 105 2
36 162 2
15 144 2
78 92 2
0 41 2
80 86 2
13 107 2
4 103 2
71 100 2
34 46 2
21 93 2
78 158 2
27 52 2
82 161 1
11 20 2
19 62 2
85 95 2
79 81 2
59 69 2
52 91 2
73 79 2
57 59 2
81 131 1
83 105 2
57 147 1
20 26 2
21 84 2
59 134 1
24 73 2
59 174 2
22 84 2
86 160 2
11 22 2
34 53 2
29 58 2
68 94 2
40 114 2
29 130 2
9 169 1
8 46 2
6 174 1
28 41 2
86 93 2
26 106 2
11 81 2
18 23 2
41 97 2
48 59 2
10 75 2
5 115 1
6 9 2
59 99 2
36 88 2
50 154 2
73 96 2
66 116 1
5 91 2
32 63 2
7 13 2
25 158 2
0 64 2
23 87 2
71 155 2
13 136 2
91 165 1
49 98 2
69 91 2
20 104 2
16 81 2
1 85 2
95 115 2
65 113 1
1 124 2
69 125 2
53 143 2
15 61 2
18 60 2
35 40 2
53 152 1
26 27 2
100 160 2
37 63 2
13 75 2
67 81 2
38 57 2
2 96 2
21 72 2
60 83 2
56 87 2
1 149 2
16 98 2
96 158 1
7 61 2
75 170 2
9 147 1
81 100 2
55 111 1
12 100 2
71 134 2
69 77 2
24 103 2
76 83 2
49 59 2
36 56 2
39 63 2
63 91 2
58 145 1
103 105 2
65 78 2
47 160 2
41 130 1
49 55 2
46 75 2
58 96 2
6 19 2
32 94 2
38 86 2
57 109 2
63 83 2
60 73 2
20 48 2
22 75 2
23 146 2
87 101 2
48 81 2
31 38 2
2 115 2
60 98 2
17 86 2
24 45 2
26 28 2
35 54 2
3 83 2
89 123 1
1 90 2
44 69 2
16 158 2
38 72 2
64 143 2
35 99 2
50 80 2
92 132 1
60 71 2
24 166 2
63 92 2
10 23 2
8 12 2
9 73 2
1 49 2
37 134 1
93 101 2
7 168 2
17 47 2
21 178 1
80 169 2
31 102 2
58 94 2
31 100 2
24 127 2
6 24 2
26 108 2
0 25 2
36 81 2
48 87 2
67 115 2
11 50 2
97 113 2
24 31 2
0 68 2
18 78 2
40 102 2
31 75 2
38 58 2
85 162 2
12 32 2
6 96 2
28 66 2
32 110 2
41 138 2
30 87 2
47 57 2
101 128 2
12 144 1
45 146 2
19 45 2
59 83 2
44 51 2
35 88 2
34 86 2
34 92 2
35 132 1
4 12 2
86 91 2
35 87 2
8 72 2
20 103 2
37 38 2
76 93 2
30 88 2
22 71 2
31 65 2
76 88 2
1 133 2
9 50 2
13 82 2
37 131 1
55 85 2
77 85 2
25 100 2
52 72 2
13 35 2
12 15 2
49 85 2
43 151 1
52 75 2
62 102 2
21 120 2
51 168 2
75 130 1
43 90 2
42 76 2
88 97 2
70 157 1
56 104 2
94 170 2
26 57 2
12 63 2
6 70 2
77 133 2
72 85 2
33 68 2
69 163 2
34 120 2
5 118 2
5 95 2
23 65 2
70 95 2
91 177 1
33 117 2
90 128 2
72 176 2
106 169 2
19 42 2
81 107 2
76 116 1
94 169 2
86 97 2
15 20 2
4 48 2
39 78 2
34 154 1
34 101 2
25 56 2
8 141 1
3 17 2
58 106 2
58 62 2
79 98 2
43 62 2
87 90 2
41 84 2
69 78 2
26 152 2
24 82 2
43 144 1
46 119 2
36 39 2
22 96 2
45 49 2
30 49 2
56 85 2
51 97 2
78 95 2
46 164 2
10 96 2
20 51 2
17 77 2
21 25 2
62 79 2
80 118 1
103 112 2
25 45 2
21 101 2
19 126 2
21 38 2
22 35 2
56 94 2
26 130 2
0 88 2
39 75 2
89 99 2
19 22 2
45 103 2
27 68 2
0 87 2
21 85 2
23 51 2
34 48 2
100 151 1
50 104 2
33 83 2
55 72 2
106 138 1
8 23 2
26 52 2
83 163 1
73 166 1
31 97 2
56 127 2
81 160 1
22 57 2
10 40 2
37 44 2
39 82 2
61 164 1
68 148 1
10 64 2
13 51 2
27 104 2
55 166 1
76 160 2
25 169 1
28 76 2
100 166 2
104 148 2
2 21 2
33 97 2
46 53 2
16 50 2
40 69 2
44 62 2
21 87 2
48 75 2
0 17 2
97 140 2
34 89 2
61 82 2
61 90 2
15 89 2
29 112 2
54 88 2
79 143 2
31 79 2
31 33 2
32 85 2
31 61 2
75 80 2
48 135 1
27 64 2
49 61 2
46 159 1
2 88 2
21 33 2
24 64 2
77 117 2
9 10 2
3 14 2
18 91 2
2 45 2
59 64 2
26 74 2
36 91 2
22 38 2
91 128 2
59 154 1
9 87 2
91 162 1
22 82 2
27 114 2
48 160 2
18 152 2
27 91 2
24 104 2
29 67 2
36 136 2
44 82 2
98 146 1
82 88 2
18 175 2
87 111 1
49 102 2
89 105 2
2 58 2
4 54 2
86 100 2
50 64 2
89 165 2
80 153 2
18 40 2
39 152 2
1 32 2
30 36 2
65 105 2
20 97 2
28 91 2
34 59 2
42 98 2
17 145 2
105 155 1
22 79 2
67 82 2
5 44 2
72 150 1
1 34 2
9 78 2
15 129 2
2 154 2
22 24 2
13 86 2
11 30 2
14 41 2
41 73 2
27 79 2
17 33 2
67 99 2
100 149 1
10 65 2
38 134 1
24 160 1
79 108 1
51 78 2
0 9 2
22 170 2
3 60 2
16 49 2
58 105 2
9 75 2
55 64 2
28 65 2
55 106 2
88 102 2
65 82 2
4 46 2
31 115 1
29 76 2
86 92 2
64 84 2
21 133 1
90 172 2
57 146 1
56 140 1
6 94 2
2 16 2
4 59 2
35 67 2
38 69 2
26 97 2
46 89 2
81 83 2
95 96 2
66 135 2
0 46 2
0 71 2
68 103 2
56 102 2
3 94 2
25 33 2
3 63 2
30 94 2
17 152 2
41 135 2
27 100 2
14 50 2
87 152 2
92 118 1
17 29 2
24 56 2
19 100 2
46 163 1
25 74 2
5 57 2
37 81 2
73 84 2
42 46 2
46 174 2
4 23 2
49 54 2
5 87 2
89 101 2
10 174 2
46 100 2
41 91 2
71 141 2
70 71 2
23 54 2
12 37 2
45 47 2
22 90 2
20 47 2
16 26 2
61 130 2
14 96 2
58 85 2
2 82 2
89 90 2
2 99 2
18 86 2
103 104 2
0 56 2
1 97 2
41 105 2
51 91 2
29 43 2
70 81 2
51 53 2
58 87 2
39 59 2
12 38 2
106 118 2
41 125 2
9 17 2
12 35 2
61 88 2
13 101 2
73 116 2
3 67 2
1 6 2
106 166 2
104 142 2
99 162 2
33 42 2
36 126 1
60 88 2
69 93 2
78 93 2
38 65 2
24 79 2
12 164 1
69 168 2
18 42 2
22 77 2
76 137 1
65 166 2
27 42 2
92 144 1
44 65 2
28 98 2
68 112 2
101 146 2
80 88 2
31 50 2
35 43 2
31 84 2
46 86 2
7 54 2
49 75 2
24 50 2
15 158 1
11 21 2
85 90 2
82 103 2
33 77 2
25 59 2
67 86 2
52 115 2
33 55 2
31 80 2
57 70 2
8 169 2
48 104 2
35 130 1
6 142 1
16 83 2
13 155 1
4 74 2
58 70 2
5 73 2
23 118 2
18 45 2
0 155 2
1 67 2
5 74 2
11 45 2
3 75 2
4 139 2
10 129 1
13 37 2
3 12 2
88 114 2
35 53 2
6 80 2
53 146 2
71 95 2
71 153 2
15 72 2
9 94 2
42 62 2
54 75 2
73 153 2
65 94 2
63 71 2
4 107 2
35 91 2
22 32 2
23 30 2
84 89 2
51 86 2
66 166 1
78 98 2
55 94 2
87 107 2
63 65 2
37 152 2
34 54 2
96 104 2
84 111 1
52 161 2
73 90 2
59 139 2
33 36 2
5 23 2
47 163 2
40 92 2
50 137 2
2 62 2
7 81 2
60 90 2
10 59 2
29 42 2
72 142 1
1 157 1
47 137 1
45 101 1
2 83 1
76 84 1
27 118 2
65 87 1
27 87 1
89 106 1
29 51 1
70 103 1
68 98 1
46 66 1
8 45 1
8 68 1
89 112 2
57 71 1
88 107 1
31 82 1
33 101 1
68 122 1
64 135 1
11 58 1
51 103 1
100 122 1
47 67 1
2 135 1
98 142 2
