% n=20 p=60 d=0.66 p_blue=0.66
% k=0
5 12 2
2 17 1
11 16 2
5 19 2
1 18 2
3 5 2
10 13 2
9 17 1
1 16 1
6 9 2
3 12 1
9 18 2
3 9 2
0 4 2
5 11 2
5 6 2
3 7 2
2 14 2
0 6 2
2 19 2
4 12 2
7 16 2
8 14 1
0 11 2
7 14 1
11 19 2
2 13 2
4 14 1
3 16 2
0 7 2
1 6 2
0 1 2
2 3 2
2 6 2
9 14 2
1 17 2
4 15 1
1 9 2
3 13 2
2 15 1
9 16 2
5 9 2
1 2 2
1 11 2
1 10 2
11 18 2
0 19 2
2 9 2
3 8 2
8 19 2
4 7 2
3 18 2
2 7 2
11 17 2
11 14 2
10 15 2
8 11 2
4 5 2
1 4 2
3 14 2
2 10 2
10 12 2
1 19 2
11 12 2
4 13 1
0 3 2
10 16 2
0 2 2
5 10 2
0 8 2
4 6 2
0 13 2
1 7 2
10 17 2
9 11 2
7 12 1
2 11 2
8 10 2
7 19 2
4 9 2
1 3 2
6 7 2
15 17 1
12 16 1
3 17 2
6 10 1
6 18 1
4 10 1
5 8 1
8 9 1
12 19 1
14 17 2
13 16 2
1 14 2
6 17 2
15 19 1
1 5 1
7 18 1
7 10 1
3 4 2
0 14 1
9 10 1
5 7 1
15 18 1
11 13 1
3 6 1
2 18 1
14 15 2
8 18 1
7 11 1
2 4 2
10 11 2
2 16 2
6 15 1
0 10 1
3 11 1
1 8 2
4 11 1
14 16 2
6 16 1
6 12 1
6 8 1
13 19 1
