% n=130 p=33 d=0.33 p_blue=0.66
% k=0
3 127 2
39 42 2
5 17 2
42 99 2
28 40 2
3 57 1
6 47 2
7 47 1
8 43 2
28 49 1
8 79 1
5 30 2
20 99 1
1 28 2
3 72 2
34 96 2
5 51 2
30 41 2
18 28 2
15 36 2
23 111 2
42 106 2
24 79 1
0 8 2
7 95 2
13 60 2
37 68 1
32 98 1
7 31 2
21 98 2
8 41 2
30 81 2
37 99 2
20 77 2
3 24 2
6 53 2
0 72 2
4 35 2
2 16 2
31 99 2
18 71 2
35 126 1
18 52 2
4 88 1
31 76 1
15 70 2
34 64 2
40 42 2
29 95 1
9 13 2
41 94 2
6 68 2
21 113 2
32 102 2
14 40 2
14 72 1
2 57 2
39 52 2
29 40 2
13 36 2
1 15 2
2 56 1
6 13 2
14 117 2
5 125 2
34 109 2
17 36 2
12 37 2
12 24 2
31 68 2
4 38 2
39 123 2
21 105 2
16 116 2
1 129 2
20 88 1
1 106 2
12 119 2
14 97 1
5 20 2
0 40 2
6 41 2
5 34 2
35 99 1
37 75 2
10 35 2
16 129 2
9 51 1
5 6 2
37 80 2
25 61 2
28 41 2
17 83 2
18 33 2
35 72 1
39 46 1
16 92 2
9 15 2
3 4 2
8 39 2
10 71 1
23 114 1
18 84 2
8 77 2
0 36 2
16 57 1
4 21 2
18 39 2
38 56 2
4 30 2
31 117 2
9 42 2
11 35 2
33 38 2
8 26 2
33 41 2
1 3 2
10 105 2
12 88 1
0 96 2
9 23 2
15 87 2
26 54 1
36 45 1
5 25 2
5 41 2
12 60 2
3 37 2
29 100 1
16 54 2
0 54 1
28 75 2
29 82 2
30 89 1
13 101 2
6 12 2
28 122 1
36 124 2
18 23 2
0 74 2
20 37 2
32 50 1
26 91 2
24 60 2
10 129 2
20 42 2
39 128 2
33 126 2
9 87 2
8 21 2
13 28 2
22 75 2
16 31 2
12 28 2
9 59 2
2 53 1
31 40 2
5 13 2
32 75 2
42 92 2
21 76 2
16 67 2
8 113 2
21 27 2
5 97 2
7 78 2
5 38 2
28 118 2
17 48 2
9 29 2
9 81 2
23 119 2
40 83 2
28 65 2
39 73 2
9 80 2
9 38 2
22 28 2
34 116 2
24 103 1
24 107 2
0 117 2
12 96 2
2 73 2
13 68 2
33 51 2
25 26 2
23 75 2
4 84 2
32 33 2
2 14 2
1 30 2
23 60 2
28 87 2
27 53 2
3 26 2
41 42 2
7 121 1
14 118 1
4 40 2
15 125 2
3 109 2
33 93 2
1 39 2
17 61 1
7 93 2
11 29 2
21 44 1
26 29 2
23 113 2
19 27 2
8 11 2
33 80 1
8 16 2
8 110 2
32 121 2
19 43 1
28 60 2
17 20 2
17 38 2
2 120 1
26 72 2
5 90 1
11 30 2
23 40 2
9 40 2
20 93 2
4 5 2
14 74 2
17 37 2
10 103 1
8 12 2
22 79 1
11 26 2
6 24 2
3 22 2
25 97 2
11 36 2
18 37 2
30 42 2
31 119 1
20 40 2
14 102 2
2 117 2
15 84 2
34 43 2
3 15 2
26 50 2
20 49 1
37 79 1
7 115 1
38 65 2
13 32 2
26 35 2
38 40 2
26 83 2
30 36 2
12 120 2
28 88 2
7 122 2
5 85 2
11 42 2
2 27 2
15 18 2
13 30 2
30 38 2
40 45 2
21 33 2
37 127 2
3 34 2
18 38 2
39 64 2
22 31 2
5 59 2
24 30 2
2 32 2
33 53 2
4 53 1
17 107 1
33 70 1
16 41 2
3 42 2
17 102 2
4 12 2
30 57 2
0 10 2
20 94 2
21 123 2
0 31 2
14 39 2
9 84 2
3 43 2
7 11 2
31 79 1
36 78 2
26 42 2
23 41 2
22 44 1
17 23 2
19 122 2
35 125 2
6 56 1
42 60 1
0 116 1
9 36 2
18 36 2
11 68 2
9 18 2
14 73 1
12 48 2
27 100 1
31 33 2
30 102 1
24 39 2
0 80 1
23 104 2
37 83 2
1 80 1
13 115 2
10 56 1
35 38 2
23 35 2
28 30 2
6 28 2
25 42 2
26 66 2
10 29 2
33 129 2
2 98 2
3 27 2
27 121 1
40 75 2
3 30 2
2 83 2
7 23 2
35 85 2
1 27 2
25 66 1
26 31 2
7 36 2
25 105 1
35 51 2
8 22 2
0 106 2
16 29 2
8 28 2
23 25 2
0 35 2
27 39 2
4 33 2
21 73 1
14 41 2
34 37 2
13 31 2
17 89 2
38 67 1
40 73 1
17 29 2
18 26 2
39 92 2
27 52 2
32 39 2
18 25 2
2 91 2
38 45 2
17 101 2
2 30 2
30 33 2
1 9 2
0 17 2
6 66 1
16 20 2
12 109 1
12 89 1
29 38 2
15 17 2
1 97 2
15 69 2
18 30 2
18 22 2
28 44 2
39 105 2
1 90 2
2 86 2
21 93 2
38 60 2
40 70 2
5 12 2
1 89 1
7 8 2
7 111 2
1 16 2
9 44 2
1 40 2
12 36 2
20 33 2
8 18 2
13 82 2
36 38 2
11 15 2
29 37 2
4 14 2
17 111 2
3 19 2
5 69 2
31 56 1
6 33 2
37 110 2
0 91 2
29 113 2
6 32 2
22 27 2
23 69 2
10 25 2
40 98 1
4 29 2
25 74 1
0 109 1
12 25 2
14 45 1
5 121 2
17 80 2
10 83 1
33 92 2
3 40 2
8 84 2
23 121 1
30 55 2
14 67 1
10 21 2
20 36 2
32 42 2
14 123 1
13 40 2
27 77 2
7 88 2
31 66 2
25 129 2
11 69 1
4 121 2
36 94 2
37 88 2
15 42 2
14 128 2
8 30 2
35 107 2
41 112 2
21 39 2
33 103 2
10 13 2
1 11 2
1 81 2
11 17 2
29 94 2
3 11 2
38 107 1
6 108 1
10 126 2
18 35 2
41 64 1
3 79 2
39 99 2
38 115 2
18 32 2
8 35 2
0 13 2
35 67 1
26 80 2
12 69 2
24 92 1
16 32 2
22 43 2
29 73 1
41 101 2
42 54 1
26 46 2
7 54 2
9 22 2
19 30 2
10 93 1
34 35 2
4 28 2
12 26 2
42 71 2
17 22 2
11 123 2
4 9 2
4 6 2
8 120 1
2 18 2
18 55 1
11 108 2
21 109 2
16 21 2
5 19 2
1 5 2
19 28 2
15 25 2
1 86 2
26 86 2
31 75 2
20 23 2
21 28 2
8 66 2
3 98 2
13 70 2
32 43 2
2 3 2
29 41 2
18 42 2
23 33 2
30 91 2
19 21 2
1 57 1
6 25 2
10 124 1
13 21 2
39 95 2
22 102 2
42 86 1
4 39 2
11 40 2
25 63 2
12 15 2
11 83 1
39 75 2
18 104 2
37 60 2
4 36 2
40 103 2
35 121 2
32 46 2
2 23 2
16 105 2
3 84 2
24 31 2
18 74 2
13 18 2
17 21 2
28 96 1
14 59 2
35 71 1
1 79 2
18 86 2
2 31 2
35 127 2
13 23 2
10 88 2
35 42 2
15 39 2
21 53 1
30 62 2
24 117 2
22 53 2
15 31 2
41 91 2
27 122 1
1 25 2
33 73 1
37 84 1
9 66 2
5 46 1
1 36 2
13 27 2
17 69 2
6 95 2
10 32 2
9 56 2
19 79 2
10 57 1
14 21 2
23 109 1
40 52 2
37 125 1
14 15 2
16 95 2
1 38 2
39 44 2
13 14 2
11 87 2
1 32 2
12 42 2
7 20 2
33 35 2
42 65 2
1 76 2
12 72 2
31 73 1
22 33 2
1 34 2
14 23 2
38 73 2
29 85 2
9 86 2
26 117 2
30 49 2
0 14 2
26 71 2
3 29 2
10 37 2
14 70 1
12 35 2
38 96 1
12 92 2
2 33 2
12 27 2
30 110 1
2 29 2
6 34 2
6 40 2
20 116 1
2 90 1
2 21 2
15 23 2
18 69 2
4 37 2
35 57 1
32 105 2
39 116 2
2 24 2
15 90 2
2 42 2
2 97 2
8 14 2
22 36 2
24 67 2
42 124 2
13 41 2
36 51 2
25 33 2
13 22 2
9 65 1
9 34 2
18 46 1
13 126 2
6 94 2
15 53 1
30 106 2
19 46 2
34 53 2
26 108 2
7 29 2
22 78 2
23 100 2
5 37 2
17 120 2
4 16 2
8 15 2
23 30 2
24 101 2
0 21 2
25 84 1
36 129 2
14 51 2
39 122 2
0 3 2
16 109 2
27 50 2
4 13 2
17 87 2
36 108 1
20 104 2
0 71 2
0 121 1
15 41 2
38 54 1
1 125 2
37 118 1
28 47 2
8 57 2
10 30 2
26 34 2
37 122 1
10 28 2
29 42 2
14 34 2
10 61 1
7 13 2
13 39 2
3 13 2
0 6 2
37 53 2
28 86 1
41 95 1
12 53 2
19 25 2
24 37 2
41 119 2
5 36 2
6 39 2
4 81 1
0 43 2
18 41 2
11 109 1
12 33 2
26 44 2
21 88 2
11 111 2
19 32 2
19 26 2
20 117 2
42 46 1
5 29 2
22 37 2
21 120 1
17 78 1
7 16 2
19 35 2
32 127 1
20 45 2
13 103 2
29 84 2
31 36 2
1 6 2
35 36 2
15 63 2
9 117 2
40 61 2
30 32 2
22 52 1
38 104 1
30 34 2
1 115 1
24 27 2
16 115 2
4 26 2
19 39 2
3 58 1
28 123 2
34 92 2
7 127 2
13 42 2
21 40 2
15 121 1
25 117 1
12 21 2
6 59 2
5 16 2
9 31 2
36 57 1
35 105 2
19 84 2
15 24 2
28 84 2
20 22 2
0 1 2
29 55 2
20 105 1
3 94 1
5 15 2
39 83 2
20 41 2
22 29 2
10 40 2
22 108 2
31 67 2
15 47 2
27 116 2
9 12 2
32 72 2
34 129 2
9 37 2
0 23 2
5 42 2
8 40 2
36 82 2
12 117 1
7 41 2
32 89 1
16 94 2
8 105 1
3 16 2
13 29 2
33 102 2
5 43 2
15 20 2
21 65 1
12 19 2
10 20 2
30 108 2
24 55 1
34 84 2
5 8 2
16 36 2
21 23 2
42 57 1
29 60 2
41 98 1
11 37 2
21 95 2
4 11 2
0 42 2
20 70 2
10 97 2
7 101 2
18 31 2
7 10 2
27 96 2
28 32 2
0 11 2
36 74 1
14 43 2
7 57 1
29 99 2
36 114 2
11 12 2
30 68 1
4 109 1
11 14 2
20 31 2
5 91 1
17 66 1
15 16 2
40 111 2
40 118 2
28 69 1
29 89 2
5 21 2
40 66 1
2 37 2
18 61 1
15 38 2
10 15 2
24 33 2
7 38 2
25 59 2
20 109 2
2 12 2
5 33 2
29 117 2
41 53 2
39 89 1
14 16 2
25 27 2
21 115 2
33 57 2
28 31 2
5 122 2
18 19 2
8 126 2
8 36 2
28 100 2
6 30 2
4 10 2
16 17 2
20 97 1
7 125 2
26 30 2
10 120 1
11 41 2
12 39 2
37 106 1
12 29 2
0 15 2
0 30 2
23 97 2
24 32 2
24 80 1
39 43 1
19 98 1
31 86 2
34 41 2
11 24 2
34 103 2
23 83 2
31 107 2
4 119 2
34 102 2
31 61 1
38 74 2
13 99 2
31 41 2
12 74 2
19 80 2
27 34 2
36 68 2
30 39 2
20 32 2
2 103 2
11 129 2
24 25 2
3 101 2
34 106 2
28 38 2
15 73 2
24 36 2
14 69 2
17 113 1
8 87 2
14 38 2
34 74 1
36 111 1
8 104 1
0 9 2
3 18 2
0 63 1
22 94 1
40 125 2
17 91 2
22 25 2
17 128 1
21 36 2
0 33 2
30 63 2
33 75 1
40 41 2
1 113 2
19 115 2
27 120 1
27 97 1
13 43 2
0 29 2
41 99 2
3 5 2
26 41 2
18 120 1
27 35 2
8 31 2
0 41 2
0 73 2
10 23 2
30 69 2
3 123 1
6 23 2
3 91 2
30 125 1
25 108 2
11 107 1
8 71 1
3 66 1
12 31 2
9 109 2
0 103 2
25 43 1
29 126 2
1 48 2
39 41 2
42 49 2
31 38 2
26 40 2
15 129 2
17 40 2
36 55 1
27 61 2
9 128 2
9 24 2
12 41 2
9 124 1
29 77 1
25 98 2
36 98 2
27 54 2
35 108 2
39 102 1
36 122 2
28 67 1
19 34 2
23 29 2
18 27 2
20 90 2
26 37 2
18 29 2
24 93 1
0 94 1
28 90 2
4 8 2
1 22 2
10 39 2
16 34 2
3 56 2
2 124 1
9 30 2
39 124 2
29 46 2
10 54 2
16 70 2
17 59 1
0 112 2
30 75 2
23 99 2
24 109 1
13 90 2
39 77 1
14 121 2
15 21 2
40 86 2
9 11 2
32 94 2
25 126 2
19 41 2
3 21 2
7 35 2
24 111 2
29 33 2
28 92 2
20 34 2
13 19 2
5 7 2
3 80 2
31 62 2
11 18 2
22 23 2
39 50 2
30 46 2
7 19 2
3 25 2
8 51 2
8 75 2
27 36 2
3 60 2
13 127 2
42 128 1
14 30 2
27 46 2
19 49 2
33 40 2
37 39 2
7 34 2
26 39 2
32 34 2
28 105 2
30 44 1
32 118 1
40 80 2
13 100 2
37 101 2
13 16 2
29 39 2
1 117 2
12 90 2
0 27 2
12 85 2
35 89 1
26 107 1
33 63 2
18 20 2
29 90 2
1 100 1
11 50 1
20 63 2
6 10 2
11 23 2
5 32 2
24 35 2
19 96 2
7 24 2
10 48 2
24 34 2
3 46 2
12 13 2
36 54 2
21 81 2
25 31 2
20 28 2
29 59 2
9 20 2
2 116 2
9 104 2
13 24 2
5 23 2
24 28 2
12 30 2
16 77 2
32 108 2
19 36 2
22 59 2
2 47 2
5 26 2
13 79 1
39 126 1
19 123 2
0 108 2
17 18 2
15 43 2
33 59 2
2 123 2
26 52 1
24 108 1
3 36 2
36 64 2
20 50 2
31 35 2
12 40 2
32 64 2
21 116 2
18 40 2
25 77 2
2 22 2
26 36 2
35 114 1
36 40 2
26 28 2
34 101 2
23 38 2
16 85 1
16 23 2
1 41 2
16 78 1
39 78 2
24 29 2
0 22 2
34 117 1
5 57 1
0 4 2
33 108 2
8 100 2
18 113 1
9 75 2
28 35 2
32 65 2
31 50 1
21 71 2
17 25 2
18 105 1
8 55 2
25 119 2
40 54 1
14 47 1
3 6 2
29 81 1
25 34 2
14 105 1
21 41 2
6 87 2
29 62 2
15 32 2
34 40 2
10 17 2
19 22 2
14 49 1
13 124 2
25 95 1
22 85 2
37 96 2
25 113 2
13 119 2
24 84 1
30 31 2
42 94 2
4 76 2
22 35 2
42 126 2
31 59 2
29 74 1
17 28 2
26 90 2
4 27 2
8 70 1
3 64 1
12 59 2
36 58 2
32 113 2
6 50 2
11 92 1
38 111 2
40 112 2
4 19 2
7 32 2
33 39 2
28 33 2
0 78 1
15 96 2
42 55 2
38 113 1
22 34 2
22 46 2
0 65 1
39 68 2
2 105 2
23 126 2
30 72 1
41 104 2
17 30 2
26 65 2
5 39 2
27 30 2
39 125 2
27 42 2
16 33 2
21 24 2
19 126 2
36 60 1
0 119 2
20 69 1
5 62 2
14 22 2
1 31 2
37 109 1
29 35 2
0 113 2
1 19 2
41 75 1
28 125 2
15 79 2
0 89 1
42 107 1
1 13 2
2 113 2
18 81 2
31 124 1
16 63 1
7 33 2
9 14 2
16 30 2
16 26 2
27 41 2
14 104 2
32 101 1
36 69 2
12 34 2
13 66 1
31 54 1
10 11 2
11 80 2
30 83 2
29 30 2
19 40 2
39 69 2
12 114 1
8 20 2
22 63 2
32 41 2
17 31 2
27 29 2
9 94 1
8 37 2
4 17 2
14 96 1
0 84 2
10 19 2
7 21 2
10 42 2
19 113 1
7 17 2
12 22 2
21 108 2
20 27 2
2 75 2
22 95 2
2 5 2
4 34 2
0 19 2
42 87 1
27 33 2
17 100 2
3 102 2
25 44 2
14 18 2
6 26 2
2 13 2
15 19 2
15 52 1
17 19 2
6 19 2
7 87 2
36 80 1
28 81 2
9 32 2
7 14 2
0 20 2
36 42 2
26 127 1
37 42 2
6 16 2
5 28 2
41 129 2
31 37 2
7 25 2
5 10 2
31 88 2
29 87 2
2 64 2
15 74 2
21 43 2
35 41 2
18 108 2
42 112 1
5 40 2
28 124 2
29 31 2
32 53 2
15 30 2
4 65 2
14 35 2
41 124 2
20 47 1
19 37 2
32 35 2
23 117 2
18 102 1
19 109 2
10 34 2
35 68 2
14 28 2
24 26 2
19 31 2
22 42 2
24 40 2
15 35 2
0 2 2
20 121 2
26 70 1
8 88 2
23 98 2
31 115 2
7 15 2
35 103 2
31 128 1
11 120 2
15 40 2
3 89 2
9 127 2
18 44 1
28 42 2
0 16 2
6 73 2
2 35 2
5 129 2
23 106 1
34 68 2
12 50 2
13 34 2
37 74 2
0 86 2
37 92 2
37 54 2
23 37 2
27 38 2
6 129 1
0 28 2
5 119 1
17 85 2
37 47 2
18 34 2
2 54 2
13 86 1
5 115 2
40 106 2
41 74 2
35 82 2
13 33 2
38 52 1
11 34 2
6 71 2
42 47 1
2 19 2
21 25 2
28 34 2
27 113 2
3 23 2
30 73 2
3 10 2
18 91 2
13 72 2
38 116 2
37 38 2
13 78 2
7 64 2
33 97 1
6 81 2
37 111 2
15 86 1
16 27 2
8 19 2
25 76 1
25 32 2
14 17 2
14 55 2
12 32 2
28 29 2
36 50 1
8 91 1
9 27 2
21 30 2
34 95 2
2 15 2
36 56 2
14 33 2
35 115 2
29 93 2
17 63 1
32 36 2
1 24 2
17 33 2
35 91 2
17 95 1
16 22 2
27 28 2
38 125 2
30 85 2
28 121 2
18 106 2
19 120 2
27 32 2
30 61 2
36 81 2
1 105 2
30 37 2
20 24 2
15 124 1
36 39 2
27 66 1
31 77 2
14 42 2
15 28 2
17 105 2
30 88 2
32 52 2
42 101 2
32 81 2
33 55 2
23 28 2
0 7 2
25 37 2
20 107 2
9 100 1
30 124 2
26 109 2
6 9 2
34 36 2
42 98 2
0 12 2
39 94 2
15 27 2
13 69 2
16 39 2
33 36 2
31 51 2
4 46 1
7 100 1
13 15 2
14 24 2
33 68 2
32 74 2
42 109 1
23 39 2
7 129 1
6 36 2
30 115 2
9 26 2
6 80 2
23 32 2
1 69 1
21 56 2
40 60 2
2 11 2
0 39 2
5 9 2
19 110 2
20 43 1
11 13 2
25 38 2
38 39 2
8 128 2
3 8 2
35 90 2
28 107 1
19 23 2
26 59 2
28 57 2
21 72 2
11 78 2
42 85 1
3 39 2
7 30 2
17 32 2
33 82 2
10 31 2
10 49 2
22 24 2
0 47 2
39 49 1
28 36 2
19 38 2
5 35 2
42 50 2
33 125 2
21 57 2
3 7 2
32 128 2
14 94 2
39 90 1
12 115 1
5 14 2
4 102 1
2 34 2
41 80 1
17 42 2
12 16 2
32 44 1
38 44 2
27 40 2
14 57 1
2 9 2
19 59 2
19 119 1
42 52 2
13 80 1
27 76 2
1 21 2
24 74 2
17 123 2
8 42 2
37 43 1
29 36 2
6 22 2
23 82 2
1 33 2
23 24 2
4 7 2
19 62 2
0 105 1
24 38 2
1 26 2
4 112 2
0 48 1
17 118 1
15 85 1
34 100 2
31 84 2
12 56 1
29 34 2
17 119 2
10 18 2
10 89 2
27 88 2
15 56 2
3 28 2
16 40 2
19 63 2
25 40 2
32 116 2
18 24 2
9 10 2
7 22 2
10 58 2
35 52 2
16 79 2
23 102 1
21 31 2
17 51 1
20 39 2
2 39 2
7 12 2
38 120 1
35 100 1
0 32 2
6 20 2
31 39 2
9 16 2
42 102 2
2 10 2
31 87 2
36 53 2
6 88 2
35 55 1
2 67 2
6 11 2
12 17 2
42 81 2
36 112 2
34 38 2
4 125 2
1 14 2
7 39 2
7 9 2
42 90 2
7 92 2
41 52 2
8 94 2
21 96 1
3 115 1
7 37 2
30 40 2
3 33 2
27 37 2
7 45 2
3 71 1
1 126 1
2 41 2
11 127 2
2 110 1
32 129 2
14 44 2
16 35 2
3 96 2
37 57 2
27 119 2
5 104 2
7 73 2
18 95 2
38 87 2
2 66 2
15 22 2
21 35 2
25 114 2
16 47 2
8 46 2
23 57 2
8 34 2
30 47 2
0 97 2
19 42 2
17 73 2
5 27 2
32 106 2
16 61 2
25 106 1
6 17 2
9 17 2
22 41 2
34 58 1
5 18 2
1 98 2
6 29 2
34 51 2
28 83 1
15 26 2
38 42 2
4 31 2
41 123 2
13 25 2
8 32 2
9 54 1
30 67 1
16 83 1
18 92 2
26 47 1
1 4 2
10 27 2
32 96 1
4 25 2
3 31 2
5 11 2
21 69 2
23 42 2
24 78 2
4 71 2
11 33 2
20 108 2
27 82 1
21 52 2
29 120 1
11 19 2
10 22 2
15 37 2
14 29 2
14 81 2
10 104 2
4 20 2
10 26 2
6 31 2
20 29 2
24 116 2
35 124 2
31 32 2
37 102 2
24 112 2
2 36 2
39 45 1
34 65 1
10 12 2
32 37 2
1 42 2
2 26 2
22 39 2
13 20 2
21 32 2
9 110 2
9 25 2
0 18 2
12 62 2
13 125 1
12 38 2
0 102 2
34 45 2
37 85 1
31 113 2
39 53 2
10 38 2
16 90 1
17 26 2
27 67 2
23 70 2
24 123 1
3 105 1
22 50 2
10 41 2
4 62 2
16 72 2
9 64 2
25 39 2
9 46 2
25 36 2
21 124 1
20 67 2
7 68 2
27 31 2
29 110 2
22 30 2
21 92 2
22 58 2
19 20 2
12 23 2
9 48 2
25 30 2
33 37 2
8 61 2
42 84 1
5 118 2
42 113 2
18 123 2
20 72 2
34 118 1
11 48 1
4 42 2
2 69 1
11 25 2
38 63 2
20 127 2
27 47 1
21 26 2
2 28 2
35 46 2
27 44 1
2 8 2
15 29 2
41 110 2
42 105 2
2 121 1
35 37 2
15 58 2
2 82 1
14 20 2
26 27 2
1 68 2
23 26 2
7 106 2
29 32 2
10 52 2
9 35 2
11 32 2
8 96 2
16 37 2
9 101 1
16 38 2
4 55 1
8 17 2
7 28 2
6 72 2
27 45 2
32 107 1
23 112 1
12 77 2
8 29 2
8 27 2
6 35 2
7 44 1
41 81 1
3 14 2
0 26 2
0 87 2
13 54 2
1 17 2
26 68 1
38 83 1
27 108 1
6 18 2
40 57 2
34 48 2
17 65 2
10 24 2
17 41 2
1 12 2
38 84 2
24 41 2
18 127 2
37 89 2
29 57 2
14 25 2
28 53 1
25 107 1
9 49 2
28 97 2
5 48 2
31 106 1
32 66 1
6 15 2
8 122 1
13 94 2
21 29 2
13 53 2
20 25 2
11 16 2
7 40 2
39 107 1
18 51 2
7 117 2
13 83 2
31 93 2
39 120 1
12 20 2
13 48 2
3 41 2
3 35 2
2 7 2
22 82 2
16 107 2
21 85 1
11 27 2
15 120 2
34 42 2
16 19 2
19 47 2
22 123 2
7 58 2
1 10 2
7 60 2
0 34 2
12 58 2
31 69 2
1 8 2
2 17 2
28 94 1
23 34 2
41 122 1
8 97 1
30 87 2
9 62 2
17 114 2
10 96 2
8 58 2
38 77 1
34 75 2
2 96 2
19 29 2
9 106 2
29 121 2
17 88 2
26 118 1
29 114 2
7 116 2
20 60 1
9 50 2
29 48 2
2 79 1
17 35 2
24 42 2
21 42 2
5 31 2
4 77 1
4 124 1
36 120 1
17 24 2
16 108 2
0 25 2
33 54 1
21 87 2
42 80 1
3 95 1
20 30 2
6 37 2
8 38 2
36 41 2
14 19 2
28 39 2
8 24 2
17 125 1
4 24 2
24 88 2
39 84 1
17 39 2
1 29 2
38 106 1
9 88 2
11 57 2
3 12 2
10 119 2
10 44 2
2 25 2
16 112 2
3 45 1
8 13 2
26 33 2
1 120 2
32 99 2
7 97 2
8 59 1
38 126 1
26 38 2
19 33 2
17 27 2
18 128 1
32 40 2
9 114 2
29 71 2
14 84 2
21 86 1
23 71 2
6 14 2
10 47 2
4 89 2
26 125 2
16 42 2
16 106 2
18 94 1
6 42 2
4 83 1
18 118 2
21 37 2
1 20 2
20 96 1
27 99 1
1 49 2
21 64 2
7 123 1
16 25 2
6 79 1
3 17 2
20 66 1
17 77 2
1 23 2
10 36 2
39 115 2
8 124 2
21 114 2
20 114 2
38 70 2
25 29 2
7 105 1
30 126 1
5 105 2
15 100 1
22 126 2
8 119 1
6 113 1
10 33 2
15 126 2
31 34 2
18 101 2
4 22 2
34 83 2
13 38 2
7 26 2
12 51 1
18 82 2
21 38 2
11 21 2
16 24 2
37 123 2
4 32 2
6 8 2
11 39 2
38 79 2
1 35 2
10 122 2
22 32 2
3 32 2
11 20 2
4 23 2
24 83 2
2 6 2
4 15 2
0 5 2
15 33 2
29 106 2
35 113 1
8 112 2
12 14 2
11 38 2
30 74 2
41 83 1
11 31 2
32 76 2
24 43 2
11 60 2
7 110 2
0 37 2
2 71 2
12 63 1
10 125 2
33 117 2
29 67 1
19 89 2
18 98 1
33 42 2
1 7 2
24 70 1
22 68 1
5 106 2
28 59 1
0 24 2
34 39 2
3 20 2
28 110 2
33 113 1
3 38 2
2 68 1
37 40 2
20 21 2
32 119 2
36 89 2
23 31 2
20 38 2
30 97 2
35 45 2
16 49 1
2 77 2
15 81 2
14 101 2
27 124 1
21 22 2
25 41 2
28 48 2
25 99 1
24 54 2
11 110 2
35 47 2
8 33 2
25 128 2
10 114 1
31 74 2
16 18 2
9 39 2
9 33 2
26 76 1
22 83 2
11 59 1
4 51 2
3 100 2
21 54 2
25 28 2
26 129 1
17 34 2
34 105 1
9 41 2
6 38 2
18 83 1
18 126 2
32 103 2
1 108 2
2 115 2
11 71 1
18 21 2
19 51 2
8 72 2
7 96 2
39 40 2
15 64 2
7 104 2
19 72 1
13 37 2
16 124 1
19 24 2
14 37 2
41 76 2
14 100 2
5 68 2
20 26 2
13 87 2
5 22 2
2 65 2
33 34 2
3 9 2
8 25 2
36 66 2
35 102 1
26 73 2
12 46 1
40 47 1
13 17 2
28 37 2
2 4 2
15 34 2
32 122 2
8 90 2
9 28 2
14 31 2
8 9 2
41 47 2
22 40 2
32 47 1
2 40 2
7 82 1
9 19 2
7 43 2
22 38 2
13 93 2
38 47 2
7 18 2
28 128 1
18 75 2
14 36 2
32 38 2
9 96 2
43 95 2
1 37 1
26 56 1
35 39 1
10 16 1
17 75 1
28 99 2
1 61 1
7 42 1
25 101 2
28 61 1
13 35 1
8 10 1
33 60 1
3 92 1
41 68 1
8 23 1
14 32 1
75 98 1
41 111 1
19 68 2
11 95 2
7 61 2
35 40 1
36 37 1
31 42 1
54 98 2
39 47 2
30 35 1
23 36 1
21 68 1
19 101 1
1 2 1
16 68 1
6 7 1
95 99 2
9 68 1
101 127 1
42 61 1
26 95 2
15 99 1
23 101 1
13 26 2
38 95 1
22 99 1
0 56 2
15 75 2
38 41 1
4 95 1
61 75 1
12 18 1
68 99 2
56 68 1
2 38 1
40 79 1
14 27 1
29 68 2
23 27 1
25 127 2
19 92 2
