% n=80 p=60 d=0.66 p_blue=0.66
% k=0
3 79 2
36 63 2
3 15 2
3 5 2
6 38 2
43 75 2
1 40 2
33 53 1
39 59 2
17 30 2
19 40 2
1 27 2
15 19 2
3 12 2
38 40 2
45 74 1
17 39 2
23 31 2
9 64 2
26 52 2
5 44 2
23 59 2
31 45 2
4 44 2
24 43 2
4 8 2
38 70 1
17 45 2
46 76 1
1 41 2
9 43 2
1 64 2
42 77 2
1 36 2
7 43 2
18 61 1
18 19 2
12 66 2
5 21 2
12 28 2
12 21 2
10 15 2
41 43 2
8 13 2
18 31 2
39 77 2
17 58 2
1 77 2
16 56 1
5 41 2
6 40 2
5 13 2
10 50 2
6 27 2
0 20 2
4 67 1
8 77 2
16 28 2
46 62 2
28 78 1
15 70 2
2 24 2
10 72 1
1 10 2
2 48 2
3 58 2
18 38 2
21 35 2
13 75 2
29 55 2
30 57 2
32 34 2
42 50 2
14 47 2
3 44 2
15 67 2
1 71 2
15 25 2
32 71 1
23 62 1
3 59 2
25 67 2
20 26 2
6 61 2
2 75 1
0 36 2
9 37 2
8 15 2
29 44 2
2 21 2
23 35 2
27 40 2
0 42 2
28 73 2
47 68 2
4 47 2
36 39 2
35 46 2
33 35 2
23 41 2
25 42 2
3 64 2
0 65 2
15 16 2
1 18 2
28 40 2
26 56 2
22 51 2
30 44 2
18 50 2
1 50 1
1 35 2
21 66 2
7 9 2
35 41 2
24 29 2
32 49 2
17 27 2
8 47 2
2 8 2
16 36 2
27 48 2
34 73 2
8 20 2
34 54 2
40 45 2
28 48 1
35 54 2
10 76 1
12 72 1
2 16 2
1 16 2
31 39 2
45 73 1
11 61 2
8 43 2
8 21 2
25 73 2
44 59 2
26 29 2
10 66 2
1 59 2
27 42 2
45 58 1
26 43 2
40 75 2
11 28 2
8 10 2
17 23 2
24 52 1
27 31 2
3 7 2
37 79 1
0 69 2
9 42 2
9 14 2
3 62 2
9 24 2
12 30 2
3 54 2
24 56 2
11 33 2
21 27 2
26 37 2
3 18 2
33 60 1
2 58 1
22 41 2
5 15 2
32 39 2
8 70 1
2 31 2
30 46 2
38 46 2
40 50 2
7 71 2
1 5 2
47 65 2
15 32 2
8 12 2
43 79 2
15 46 2
44 66 2
35 74 2
5 18 2
31 64 2
27 49 2
11 20 2
30 51 2
33 43 2
22 73 2
3 47 2
28 75 2
6 79 2
0 76 2
4 35 2
14 41 2
14 18 2
24 54 1
18 67 1
12 23 2
15 54 1
1 45 2
28 69 2
29 46 2
3 39 2
3 11 2
42 56 2
7 78 2
20 31 2
22 63 1
23 30 2
18 79 2
5 14 2
11 66 2
7 17 2
20 49 2
6 28 2
9 26 2
4 69 1
36 49 1
5 17 2
37 65 2
13 52 2
25 69 2
11 24 2
43 47 2
28 30 2
38 59 1
45 54 1
39 76 1
9 62 2
23 50 2
24 34 2
34 62 2
17 31 2
4 22 2
5 25 2
14 22 2
13 79 2
4 66 2
2 77 1
14 69 1
17 76 1
0 17 2
27 44 2
23 58 2
44 64 2
2 10 2
16 71 2
10 67 1
18 32 2
23 71 2
7 24 2
7 50 2
21 41 2
2 9 2
4 53 2
18 45 2
12 53 1
16 57 2
31 68 2
16 41 2
20 21 2
12 26 2
28 52 1
11 18 2
0 26 2
30 59 1
39 75 2
14 64 2
18 60 2
8 17 2
28 33 2
7 77 2
22 38 2
30 77 1
31 65 1
1 42 2
6 78 2
42 76 1
13 62 1
0 15 2
37 69 2
4 25 2
40 67 1
40 78 1
16 51 2
39 42 2
28 36 2
9 58 1
6 72 2
19 67 2
26 64 2
2 5 2
8 25 2
7 46 2
1 32 2
14 16 2
34 78 1
1 60 2
30 55 2
10 40 2
21 45 2
0 44 2
39 51 2
8 66 2
30 47 2
6 20 2
5 50 2
15 40 2
13 20 2
41 63 1
1 69 1
15 17 2
33 72 2
29 42 2
13 27 2
26 39 2
21 57 2
44 69 2
26 40 2
3 14 2
25 64 2
22 33 2
15 36 2
28 76 1
19 20 2
0 38 2
0 22 2
31 35 2
7 40 2
32 51 2
16 45 2
4 41 2
40 57 2
46 66 2
10 43 2
1 43 2
30 36 2
14 67 2
0 40 2
24 31 2
2 49 2
16 76 2
1 21 2
38 65 2
3 4 2
25 31 2
24 60 1
26 49 2
39 49 1
0 58 2
43 70 1
44 70 2
11 67 2
12 47 2
12 44 2
45 62 1
27 36 2
3 30 2
25 38 2
43 55 2
1 15 2
20 40 2
16 66 2
40 44 2
21 36 2
4 24 2
14 56 2
1 30 2
26 53 2
25 28 2
8 33 2
23 43 2
9 40 2
30 48 2
4 77 2
3 9 2
25 36 2
40 49 2
3 21 2
17 79 2
16 34 2
40 41 2
27 37 2
28 68 1
2 3 2
43 77 2
9 72 2
38 60 1
8 38 2
9 67 2
24 59 1
11 36 2
7 34 2
37 68 2
21 46 2
0 73 1
9 17 2
19 41 2
1 58 2
30 43 2
1 47 2
3 6 2
19 77 2
23 33 2
17 73 2
10 54 2
5 27 2
9 35 2
26 36 2
42 54 1
12 75 1
3 16 2
46 61 2
5 11 2
28 66 1
5 65 2
22 29 2
39 40 2
2 42 2
0 29 2
2 34 2
23 40 2
21 24 2
21 53 2
33 34 2
7 74 2
1 61 1
28 55 2
10 26 2
2 15 2
7 72 1
42 69 2
44 62 2
3 45 2
37 46 2
22 42 2
19 31 2
32 47 2
31 73 1
4 14 2
20 55 2
46 51 2
15 33 2
23 52 2
42 68 2
25 46 2
6 19 2
19 36 2
0 3 2
5 36 2
26 75 2
1 26 2
21 50 1
23 28 2
17 54 2
3 23 2
28 35 2
7 62 2
27 79 1
40 71 2
20 57 1
17 32 2
10 12 2
25 35 2
16 59 1
14 15 2
13 55 2
36 73 2
44 53 2
11 72 2
9 49 1
8 68 1
8 22 2
6 12 2
5 78 2
7 47 2
24 32 2
14 31 2
6 58 1
46 72 1
32 38 2
4 43 2
41 44 2
46 56 2
0 24 2
37 40 2
18 28 2
10 75 2
7 44 2
45 57 2
23 78 2
4 42 2
1 51 2
19 21 2
7 58 2
30 74 1
22 59 1
41 45 2
17 48 2
45 76 2
43 69 2
2 13 2
34 52 2
2 40 2
19 50 2
36 55 1
43 54 2
7 38 2
1 14 2
9 69 2
2 43 2
18 56 2
30 50 1
7 16 2
33 59 1
47 56 1
17 40 2
5 66 2
6 52 2
8 71 2
40 72 1
23 24 2
37 57 1
30 72 2
2 14 2
9 19 2
34 61 1
36 62 2
38 41 2
27 54 2
11 26 2
30 68 2
44 47 2
17 26 2
12 39 2
31 38 2
5 9 2
12 17 2
12 35 2
44 61 2
8 11 2
24 33 2
36 52 2
1 76 2
34 67 2
0 37 2
24 64 1
13 38 2
11 42 2
10 17 2
6 56 1
33 38 2
22 24 2
20 32 2
1 11 2
1 2 2
38 42 2
37 49 2
15 62 2
13 77 1
20 73 2
26 73 2
38 75 1
20 33 2
26 77 2
17 75 2
21 78 2
28 45 2
22 34 2
8 78 1
19 37 2
0 27 2
16 72 2
25 71 2
15 65 1
17 66 2
29 31 2
11 40 2
11 25 2
9 50 1
21 73 2
29 63 1
6 26 2
2 36 2
25 41 2
32 45 2
46 47 2
41 46 2
23 51 1
4 74 1
0 45 2
24 48 1
23 74 2
2 23 2
12 36 2
16 54 2
18 63 2
11 41 2
19 23 2
9 38 2
18 62 2
44 50 1
16 58 2
2 69 2
28 39 2
30 34 2
43 52 2
43 58 2
8 65 2
22 54 1
44 75 2
8 35 2
1 22 2
24 26 2
1 7 2
12 55 2
17 63 1
5 28 2
44 56 2
42 58 2
11 49 2
10 45 2
7 66 2
2 25 2
1 3 2
12 33 2
25 56 1
3 36 2
9 47 2
1 24 2
7 73 1
14 29 2
17 67 1
18 35 2
5 6 2
40 53 1
36 42 2
2 66 1
7 52 2
21 59 1
42 44 2
42 73 1
36 61 2
15 66 2
14 32 2
29 54 2
26 48 1
2 26 2
24 71 2
19 52 2
6 34 2
14 52 2
20 69 1
29 74 2
33 61 1
37 44 2
11 34 2
19 48 1
27 60 2
34 38 2
0 21 2
11 35 2
11 27 2
7 67 2
21 55 1
47 79 2
14 35 2
34 75 2
0 72 2
21 42 2
27 66 2
7 13 2
24 57 1
14 49 2
22 72 2
17 33 2
29 70 1
38 61 2
16 39 2
42 53 2
13 34 2
31 33 2
15 57 1
2 71 1
24 35 2
16 32 2
44 72 1
3 31 2
1 20 2
0 28 2
21 38 2
22 32 2
30 31 2
4 40 2
33 79 1
37 63 2
15 43 2
31 34 2
1 19 2
10 46 2
36 72 2
15 22 2
18 76 1
2 4 2
13 46 2
15 58 1
25 63 2
47 73 2
15 34 2
11 12 2
47 76 2
41 61 1
12 46 2
9 46 2
32 73 2
11 74 1
29 39 2
4 10 2
22 68 2
3 41 2
24 46 2
3 46 2
28 47 2
28 32 2
47 62 1
31 57 2
2 65 2
0 5 2
10 30 2
33 42 2
18 74 1
0 30 2
10 20 2
16 60 2
29 35 2
5 23 2
2 44 2
8 39 2
13 22 2
16 44 2
40 63 1
21 71 2
24 61 2
15 56 2
33 37 2
13 17 2
22 45 2
8 42 2
1 12 2
15 21 2
22 49 2
10 41 2
16 42 2
46 64 1
7 39 2
41 75 2
32 35 2
42 49 2
1 78 2
13 31 2
38 79 2
16 30 2
0 41 2
7 22 2
7 11 2
16 43 2
29 59 1
2 35 2
18 21 2
4 15 2
23 60 2
20 28 2
2 57 2
11 77 2
2 22 2
13 26 2
22 36 2
1 4 2
28 53 2
10 38 2
14 65 1
18 64 1
2 30 2
3 66 1
22 47 2
28 57 1
32 65 1
25 27 2
1 28 2
3 8 2
16 53 2
17 59 2
7 18 2
20 62 2
9 39 2
41 50 2
7 37 2
35 56 1
34 74 2
13 36 2
2 6 2
11 78 2
33 75 1
36 40 2
5 62 1
6 10 2
12 25 2
35 40 2
23 49 2
6 65 2
32 79 2
23 66 2
6 22 2
22 46 2
4 5 2
10 61 2
17 70 1
21 22 2
9 75 2
28 74 2
5 22 2
23 56 2
42 45 2
32 76 2
14 30 2
8 52 2
12 27 2
17 41 2
7 64 1
30 70 2
33 40 2
38 58 2
32 42 2
11 21 2
28 42 2
33 64 1
21 28 2
13 29 2
36 77 2
25 76 2
4 60 1
38 57 1
40 70 1
18 43 2
24 75 1
39 71 2
0 43 2
3 43 2
5 20 2
4 27 2
44 48 2
45 47 2
20 46 2
13 54 1
25 40 2
3 37 2
30 79 2
27 75 2
19 76 2
14 42 2
0 33 2
18 57 2
0 23 2
20 53 2
42 79 2
42 71 2
23 48 2
6 14 2
27 28 2
7 33 2
41 42 2
38 50 1
5 43 2
14 73 2
10 14 2
47 72 2
9 45 2
11 43 2
12 34 2
44 79 1
8 40 2
21 54 1
38 51 2
20 39 2
2 39 2
29 38 2
6 11 2
1 23 2
20 36 2
34 49 2
17 34 2
26 35 2
15 72 2
21 34 2
6 21 2
27 78 1
13 50 1
2 62 1
5 63 1
15 27 2
8 69 2
6 35 2
7 57 2
12 18 2
30 78 2
13 58 2
26 66 2
45 79 1
15 52 1
10 39 2
19 61 1
14 39 2
5 51 2
3 35 2
1 38 2
17 49 1
16 18 2
34 71 2
5 74 2
41 74 1
31 49 2
10 11 2
4 19 2
43 72 2
37 51 2
15 18 2
18 34 2
3 26 2
11 68 2
31 72 2
20 51 2
6 49 2
7 60 2
11 37 2
4 54 2
13 45 2
42 67 2
35 47 2
45 46 2
28 38 2
18 65 2
0 4 2
2 29 2
39 58 1
2 41 2
32 59 2
14 27 2
18 36 2
27 55 2
28 44 2
39 78 1
19 46 2
2 51 2
13 43 2
25 50 2
2 38 2
26 44 2
15 28 2
12 54 1
21 33 2
39 61 2
12 45 2
5 33 2
38 68 1
1 37 2
13 67 2
43 68 1
22 56 1
0 13 2
18 66 2
28 41 2
15 42 2
13 56 2
25 49 1
12 76 2
39 57 2
6 23 2
29 62 2
29 33 2
42 70 2
7 27 2
42 65 2
25 48 2
23 63 2
4 23 2
0 39 2
26 69 1
4 65 1
27 65 1
4 73 2
22 27 2
5 57 2
20 35 2
30 40 2
12 32 2
14 38 2
15 39 2
23 26 2
45 61 2
46 78 1
8 44 2
22 74 2
25 72 2
3 19 2
9 23 2
25 53 2
5 30 2
40 76 1
4 9 2
5 35 2
4 38 2
17 57 2
34 77 1
39 68 2
47 53 2
37 71 2
45 51 1
4 56 2
34 53 2
16 68 2
19 33 2
26 33 2
29 67 1
16 49 2
16 62 2
13 39 2
16 40 2
27 43 2
4 45 2
31 37 2
36 41 2
26 74 2
38 67 1
3 60 2
14 25 2
11 29 2
2 78 2
19 47 2
45 71 1
26 38 2
40 43 2
1 31 2
43 76 1
13 72 2
25 44 2
1 57 2
24 40 2
5 67 1
13 30 2
30 54 1
30 45 2
2 28 2
45 72 2
4 29 2
31 69 2
39 44 2
3 27 2
27 46 2
14 28 2
39 55 2
17 52 1
17 38 2
8 34 2
5 24 2
28 77 1
21 47 2
5 47 2
8 60 2
36 44 2
24 68 2
21 56 1
32 69 2
23 34 2
21 72 1
27 30 2
17 69 2
27 58 1
5 60 2
0 55 2
30 35 2
10 37 2
31 40 2
11 57 1
12 49 1
2 32 2
7 19 2
9 77 2
3 24 2
36 75 1
11 44 2
9 33 2
26 62 2
4 6 2
26 30 2
12 58 2
47 78 2
16 77 2
20 58 2
33 46 2
9 73 2
35 66 2
31 41 2
21 58 2
8 29 2
25 51 2
17 35 2
6 32 2
20 42 2
18 24 2
26 32 2
0 52 2
27 38 2
33 50 2
3 65 1
11 58 2
4 36 2
19 57 2
24 25 2
0 53 1
10 13 2
7 15 2
38 49 2
7 31 2
35 68 2
25 45 2
8 79 2
11 54 1
1 48 2
1 46 2
29 66 2
16 73 1
10 19 2
4 26 2
12 62 2
32 53 2
3 32 2
24 37 2
31 61 1
10 44 2
12 42 2
3 73 2
20 60 2
40 77 1
15 63 2
26 60 2
32 50 1
15 31 2
12 29 2
1 17 2
31 32 2
46 67 2
8 24 2
30 42 2
15 44 2
6 13 2
40 59 2
26 27 2
30 64 2
37 78 1
9 34 2
0 35 2
12 41 2
34 47 2
5 64 2
8 54 1
17 42 2
25 34 2
16 26 2
44 65 2
15 29 2
20 71 2
11 32 2
9 20 2
20 24 2
9 66 1
14 71 1
22 66 2
5 73 1
4 78 1
30 67 2
5 26 2
20 43 2
25 55 1
3 13 2
19 71 1
36 50 2
13 51 2
39 41 2
13 70 1
12 52 2
6 41 2
15 64 1
26 70 2
21 37 2
33 55 2
8 23 2
41 65 2
3 28 2
7 69 2
27 77 2
41 67 2
15 30 2
27 33 2
46 70 2
25 57 2
32 41 2
33 56 1
31 36 2
21 40 2
28 29 2
9 61 2
38 43 2
10 24 2
27 35 2
37 73 1
44 58 2
24 36 2
0 32 2
22 78 2
5 58 2
35 44 2
7 30 2
11 69 1
5 49 1
12 20 2
3 75 1
0 34 2
3 77 2
18 33 2
9 12 2
17 47 2
15 48 2
4 62 2
38 71 1
38 56 2
11 38 2
6 44 2
9 36 2
0 62 2
43 44 2
8 73 2
7 55 2
33 63 2
33 45 2
45 68 2
25 59 2
29 60 2
38 66 2
47 74 2
31 70 1
4 7 2
1 55 2
47 67 1
22 75 2
24 41 2
19 28 2
10 74 2
8 37 2
9 78 2
10 31 2
11 48 2
37 60 2
6 45 2
7 8 2
26 31 2
47 48 2
16 24 2
1 33 2
36 38 2
32 77 2
34 41 2
13 19 2
18 40 2
13 44 2
43 65 2
9 29 2
12 19 2
22 44 2
36 57 2
16 35 2
46 79 2
39 62 1
28 31 2
14 33 2
11 47 2
20 50 2
14 54 2
47 77 2
40 61 1
44 67 1
23 45 2
13 64 2
11 22 2
17 50 1
6 15 2
29 73 1
9 53 2
23 36 2
22 43 2
39 73 2
30 53 2
29 40 2
14 46 2
39 79 1
7 26 2
10 47 2
5 34 2
16 74 2
8 16 2
16 21 2
33 41 2
20 67 1
26 67 1
1 25 2
3 61 2
10 28 2
9 56 1
38 63 1
43 64 2
35 72 1
11 71 1
25 32 2
3 67 2
43 53 2
11 31 2
38 47 2
8 28 2
14 58 2
10 27 2
0 2 2
31 44 2
13 21 2
17 25 2
2 53 2
36 78 2
29 34 2
4 11 2
6 42 2
6 47 2
40 47 2
11 13 2
0 1 2
12 71 2
25 52 2
24 70 2
17 18 2
17 55 2
32 75 1
10 53 2
42 72 2
5 38 2
11 55 1
5 16 2
22 37 2
33 47 2
25 61 2
31 79 1
18 68 1
33 78 2
27 56 2
45 70 2
36 37 2
2 79 2
22 28 2
5 19 2
14 34 2
19 53 1
14 77 2
35 59 1
11 70 2
16 20 2
28 72 2
0 7 2
8 18 2
16 31 2
15 68 1
8 63 2
5 7 2
2 19 2
20 41 2
3 38 2
34 79 2
13 14 2
22 53 1
24 72 1
14 37 2
5 72 1
0 46 2
26 28 2
43 48 2
31 42 2
36 47 2
9 15 2
19 78 2
37 62 1
14 66 2
8 41 2
14 45 2
11 17 2
6 37 2
5 29 2
21 26 2
1 70 2
3 17 2
14 61 2
33 36 2
5 69 2
10 23 2
47 54 1
3 50 1
8 58 1
0 75 1
26 45 2
14 17 2
32 46 2
33 70 2
12 65 2
6 16 2
46 68 2
31 56 2
36 53 2
16 22 2
23 79 1
4 32 2
10 55 2
12 37 2
27 67 1
36 51 2
18 58 2
14 24 2
21 23 2
21 30 2
13 23 2
12 38 2
12 22 2
34 59 2
24 47 2
24 44 2
24 45 2
3 57 1
31 47 2
40 79 2
13 48 2
42 43 2
13 47 2
20 25 2
19 43 2
7 12 2
21 68 1
27 72 2
28 59 1
20 78 2
9 32 2
24 38 2
3 72 2
26 34 2
6 59 1
13 24 2
15 20 2
40 48 2
9 22 2
22 57 1
26 41 2
2 76 1
2 11 2
1 34 2
38 62 2
13 71 2
11 16 2
30 38 2
18 52 2
9 31 2
9 11 2
14 19 2
25 39 2
18 75 1
39 53 2
18 20 2
4 71 2
47 64 2
13 28 2
9 25 2
46 75 2
41 55 2
13 41 2
7 61 2
41 70 2
13 18 2
4 12 2
3 53 2
2 67 2
31 78 2
11 46 2
20 47 2
39 54 2
22 23 2
25 30 2
12 56 2
3 52 2
35 36 2
10 16 2
22 40 2
21 29 2
26 68 2
21 43 2
2 18 2
4 17 2
24 55 1
39 46 2
8 27 2
3 10 2
34 50 2
23 54 2
22 30 2
7 79 2
23 69 2
12 13 2
1 75 2
29 72 2
32 70 2
11 52 2
34 55 2
44 78 2
6 17 2
19 25 2
34 35 2
17 46 2
19 60 2
12 16 2
33 57 2
12 73 2
5 42 2
1 74 1
5 55 2
38 39 2
6 33 2
41 68 2
44 46 2
9 54 1
27 57 2
27 47 2
2 64 1
23 53 1
0 56 2
8 57 1
43 71 1
23 61 1
28 58 2
10 63 2
39 45 2
9 21 2
19 55 1
43 50 2
16 23 2
11 39 2
16 19 2
35 64 1
22 64 2
14 23 2
24 78 1
18 53 2
39 60 2
19 32 2
30 49 2
21 39 2
29 32 2
7 42 2
3 25 2
5 37 2
8 59 1
12 59 1
24 74 1
20 29 2
13 61 1
9 28 2
3 63 2
43 46 2
32 36 2
17 74 1
9 70 2
6 39 2
7 23 2
0 10 2
19 38 2
5 39 2
8 26 2
45 48 2
32 60 2
29 30 2
20 30 2
2 7 2
7 21 2
3 29 2
32 63 1
41 62 2
8 14 2
0 50 2
8 31 2
6 67 1
16 50 1
39 66 2
37 59 2
26 42 2
16 78 1
19 26 2
29 76 1
10 32 2
37 45 2
28 37 2
9 79 2
38 72 1
9 13 2
30 75 2
46 54 1
26 47 2
43 67 1
4 70 1
4 49 2
22 65 2
18 22 2
5 79 2
2 12 2
5 8 2
34 43 2
34 37 2
6 8 2
12 24 2
21 70 1
22 55 2
1 49 2
36 74 2
30 41 2
11 63 2
0 8 2
0 16 2
18 37 2
15 26 2
9 10 2
4 76 1
19 27 2
23 29 2
24 42 2
28 61 2
45 69 2
20 61 2
17 68 2
24 30 2
40 65 2
32 68 2
41 54 2
18 49 1
32 40 2
37 77 1
6 50 1
7 35 2
34 46 2
36 60 1
33 54 2
9 44 2
19 39 2
5 12 2
23 37 2
41 64 2
2 20 2
22 25 2
22 62 2
20 52 1
28 43 2
27 76 2
47 51 2
16 33 2
6 57 2
0 31 2
10 34 2
42 47 2
7 51 2
19 69 2
19 74 1
32 33 2
14 43 2
4 46 2
13 37 2
38 78 2
45 64 2
29 43 2
0 51 2
23 55 2
4 37 2
3 40 2
4 20 2
13 15 2
0 9 2
16 46 2
45 60 1
23 68 2
8 67 2
14 70 1
18 27 2
35 70 1
10 62 2
46 53 1
3 22 2
2 46 2
11 14 2
23 42 2
38 45 2
30 60 1
34 44 2
10 22 2
24 28 2
17 21 2
0 49 1
40 54 1
10 25 2
9 27 2
3 71 2
26 65 2
25 29 2
22 60 2
27 29 2
22 35 2
42 46 2
34 42 2
38 54 2
12 77 1
24 65 1
8 46 2
13 59 2
15 60 2
4 50 2
11 15 2
9 16 2
12 64 2
16 25 2
17 19 2
21 31 2
3 20 2
6 43 2
2 17 2
7 45 2
17 44 2
40 42 2
1 79 2
6 30 2
28 34 2
41 49 2
23 27 2
25 37 2
34 36 2
43 51 1
9 41 2
0 25 2
31 75 2
25 26 2
6 64 2
46 57 2
47 58 2
14 63 2
2 33 2
20 23 2
0 71 2
12 57 2
13 33 2
28 46 2
25 70 2
21 32 2
39 64 2
16 29 2
28 64 1
43 66 2
1 67 2
3 34 2
7 36 2
6 7 2
32 54 2
29 48 2
32 44 2
7 32 2
34 68 2
27 39 2
7 14 2
6 31 2
42 60 2
28 54 2
1 39 2
20 76 2
2 47 2
6 73 1
17 28 2
41 56 2
13 73 2
10 29 2
10 42 2
7 48 1
12 79 2
8 74 2
35 39 2
43 60 2
33 71 1
7 28 2
17 60 2
31 62 2
23 39 2
15 45 2
20 34 2
47 59 2
15 24 2
27 45 2
25 47 2
8 30 2
22 79 1
35 45 2
3 49 2
18 78 2
18 42 2
1 8 2
2 55 2
7 63 1
10 71 2
5 31 2
7 25 2
44 77 1
30 52 2
33 51 2
38 69 2
15 75 1
13 69 2
44 71 2
37 47 2
29 56 2
27 32 2
12 74 2
14 62 2
34 48 2
29 36 2
19 45 2
1 6 2
4 21 2
30 62 2
8 45 2
10 77 1
29 65 1
19 29 2
4 39 2
11 23 2
6 9 2
18 29 2
7 49 1
47 49 1
27 41 2
11 30 2
8 32 2
30 39 2
44 54 2
24 51 2
21 64 2
20 63 1
16 37 2
8 19 2
42 48 2
13 74 2
5 53 2
38 53 2
9 65 2
1 65 1
47 66 1
15 38 2
21 65 1
5 70 2
17 64 2
29 52 2
32 57 1
19 35 2
32 56 2
42 64 2
40 52 1
1 73 2
17 43 2
35 77 2
18 30 2
9 30 2
20 56 2
29 50 1
6 29 2
16 67 2
18 44 2
7 41 2
32 43 2
13 35 2
28 65 2
37 39 2
0 74 1
18 46 2
9 55 1
5 46 2
29 41 2
36 45 2
34 70 2
0 14 2
5 40 2
37 61 2
40 55 1
14 72 1
45 78 1
3 56 1
4 30 2
24 39 2
1 72 2
6 25 2
35 79 2
14 40 2
26 46 2
24 77 1
18 48 2
15 35 2
14 21 2
14 68 1
42 51 2
0 47 2
11 19 2
3 76 1
31 43 2
44 52 2
20 70 2
27 34 2
0 68 1
40 73 2
8 55 2
20 74 2
0 6 2
31 58 2
8 72 1
24 50 1
19 22 2
20 37 2
21 61 2
9 18 2
30 37 2
47 50 1
34 40 2
34 60 2
25 33 2
14 36 2
16 47 2
6 66 1
8 75 2
31 60 2
23 76 2
25 54 2
23 77 1
20 22 2
44 74 2
7 70 1
5 10 2
17 29 2
39 43 2
37 56 2
36 76 2
16 38 2
4 33 2
35 42 2
13 53 1
40 46 2
35 67 2
25 68 2
12 43 2
41 73 2
7 20 2
36 43 2
25 75 2
47 63 2
39 52 2
33 77 2
0 12 2
42 57 1
13 32 2
36 46 2
8 36 2
19 30 2
22 39 2
4 75 1
23 57 2
22 31 2
34 66 2
17 22 2
37 64 2
39 47 2
13 16 2
19 42 2
40 62 2
7 29 2
1 63 2
19 44 2
21 25 2
12 40 2
25 79 2
17 24 2
30 33 2
3 69 2
12 15 2
17 53 2
17 72 2
0 19 2
4 31 2
32 37 2
22 52 2
18 26 2
33 44 2
37 43 2
11 45 2
44 45 2
38 44 2
23 25 2
3 70 2
4 18 2
36 79 2
18 47 2
8 9 2
15 23 2
39 50 1
3 42 2
17 37 2
6 70 2
29 37 2
37 41 2
3 33 2
25 43 2
7 10 2
13 25 2
17 36 2
37 48 1
4 68 2
47 57 1
34 39 2
34 45 2
20 27 2
38 64 2
14 20 2
18 23 2
32 64 1
1 53 2
1 54 1
37 38 2
45 59 2
22 58 2
3 68 2
18 41 2
34 57 2
14 44 2
18 55 2
5 45 2
21 44 2
23 47 2
40 66 2
25 60 2
3 48 1
15 49 1
15 47 2
0 11 2
12 69 2
19 70 2
23 38 2
24 27 2
13 40 2
16 27 2
16 17 2
20 45 2
35 38 2
39 63 2
10 33 2
41 47 2
22 26 2
4 48 2
10 78 2
2 45 2
6 63 2
18 39 2
24 49 2
26 54 1
19 24 2
4 13 2
1 9 2
11 75 1
0 79 2
46 71 2
35 37 2
35 43 2
1 68 2
21 74 2
24 58 1
5 32 2
20 44 2
4 28 2
30 71 1
6 68 2
0 18 2
6 24 2
29 47 1
10 18 1
41 59 2
37 42 1
2 27 1
4 16 1
21 79 1
31 63 1
21 51 1
14 51 2
31 46 1
15 41 1
28 51 2
15 55 2
23 46 1
4 34 1
8 76 1
34 76 1
26 59 1
10 21 1
29 64 2
40 74 2
16 61 1
12 14 1
51 63 1
45 67 1
43 45 1
2 37 1
61 63 2
18 25 1
43 59 1
5 75 1
0 63 1
1 13 1
14 26 1
13 42 1
55 77 1
6 36 1
14 79 1
