% n=30 p=33 d=0.33 p_blue=0.33
% k=0
2 7 2
1 4 2
2 28 1
2 8 2
2 26 1
8 29 1
3 21 1
5 23 1
9 25 1
1 2 2
0 22 1
7 18 1
8 24 1
3 26 2
5 8 2
7 25 1
0 13 2
7 22 2
1 26 2
1 16 1
1 5 2
5 24 1
3 9 2
4 5 2
6 7 2
2 19 1
0 5 2
9 15 1
4 10 1
3 4 2
6 17 1
2 3 2
0 2 2
2 16 1
3 8 2
0 14 1
1 19 2
9 13 1
4 11 2
9 16 2
5 27 1
0 8 2
2 10 2
3 13 1
2 6 2
9 18 1
4 7 2
1 28 1
3 19 1
0 28 1
6 11 1
0 1 2
2 23 1
7 27 2
3 12 1
0 25 1
2 4 2
6 24 1
7 24 1
7 20 2
9 21 1
5 15 2
0 12 1
8 27 1
7 8 2
9 12 1
4 25 1
3 6 2
3 5 2
3 27 1
6 23 2
8 28 1
7 10 2
4 8 2
6 16 2
5 10 1
4 28 2
0 15 1
9 11 1
2 5 1
3 23 2
7 23 1
2 22 2
3 7 1
0 23 2
4 29 2
21 23 1
6 29 2
1 29 1
0 20 1
18 25 1
0 21 2
1 20 2
0 9 1
2 25 1
5 25 1
1 18 2
2 18 2
9 29 1
8 9 1
22 23 1
5 18 1
0 18 1
4 18 1
9 22 1
3 25 1
1 21 1
1 22 2
6 20 1
8 22 2
2 29 2
20 29 1
6 18 1
0 7 1
22 25 2
2 9 2
7 9 1
20 22 1
8 23 2
20 23 1
5 21 1
5 6 1
