% n=70 p=33 d=0.33 p_blue=0.33
% k=0
1 42 1
8 20 2
10 13 2
12 26 1
15 52 1
14 46 1
1 57 1
0 19 2
6 10 2
12 63 2
21 54 1
2 60 1
10 14 2
1 5 2
22 62 1
20 21 2
11 49 2
7 13 2
23 49 1
22 63 2
0 43 2
2 41 1
9 22 2
0 10 2
0 18 2
9 12 2
1 19 2
10 25 1
0 23 2
5 52 1
6 21 2
0 28 1
9 38 1
17 59 1
4 69 1
6 49 1
13 25 2
1 16 2
15 66 2
5 7 2
4 20 2
1 47 1
19 31 1
22 26 2
7 58 2
11 39 2
11 38 2
2 21 2
7 22 2
1 32 1
14 33 2
6 52 1
9 16 2
13 20 2
10 30 1
1 34 1
7 30 1
6 9 2
2 47 1
8 26 2
1 60 2
5 47 1
11 20 2
8 30 1
3 59 1
0 13 2
16 18 2
10 16 2
1 3 2
9 67 1
17 18 2
20 37 1
6 16 2
16 17 2
20 47 2
15 22 2
18 63 2
6 32 1
21 66 1
8 51 2
12 21 2
9 35 1
7 10 2
13 15 2
12 37 1
9 24 1
4 58 1
2 54 2
8 10 2
1 48 1
2 64 1
5 29 2
4 18 2
9 54 2
22 50 1
10 22 2
19 62 1
9 41 2
9 11 2
6 23 2
7 11 2
11 48 2
17 20 2
1 50 1
10 15 2
6 19 2
12 62 1
17 22 2
15 23 2
7 8 2
1 23 2
17 58 2
9 61 1
6 13 2
7 19 2
5 6 2
2 35 1
3 20 2
21 40 2
11 16 2
20 41 1
8 43 2
15 41 1
15 65 2
5 43 1
6 8 2
13 18 2
9 63 2
18 57 1
21 23 2
22 66 1
0 20 2
15 31 2
0 59 2
13 57 1
9 37 1
11 54 1
18 39 2
4 19 2
15 68 1
19 23 2
13 59 1
23 29 1
17 67 1
6 63 1
20 23 2
0 15 2
5 12 2
14 15 2
17 64 1
1 27 1
13 17 2
0 12 2
19 58 1
12 14 2
0 34 2
9 21 2
0 8 2
1 10 2
8 17 2
21 65 2
0 17 2
8 55 2
19 66 1
1 6 2
20 44 1
7 21 2
6 14 2
7 60 1
14 28 1
8 68 1
11 13 2
10 54 1
14 19 2
7 17 2
17 32 1
12 18 2
4 63 1
5 10 2
5 48 1
17 19 2
5 25 2
11 30 1
1 15 2
18 36 1
11 58 1
16 19 2
2 13 2
10 33 1
14 66 1
13 56 1
6 45 2
13 66 1
19 21 2
10 45 2
3 50 2
3 23 2
21 35 1
22 45 2
11 23 2
14 50 1
11 15 2
3 11 2
8 22 2
15 21 2
20 50 1
6 29 1
13 50 2
4 56 1
7 45 2
18 68 1
8 50 2
3 47 1
13 37 1
12 15 2
13 21 2
1 14 2
5 21 2
5 35 1
10 34 1
4 49 1
3 4 2
2 38 1
20 51 1
10 50 1
1 8 2
23 55 1
19 63 2
17 69 2
0 67 1
12 55 2
7 38 1
22 23 2
13 14 2
7 18 2
4 23 2
18 20 2
14 63 2
10 63 2
20 36 1
3 7 2
19 39 2
18 46 1
19 47 2
9 34 1
6 24 2
1 39 2
1 40 1
21 44 2
16 64 2
23 24 1
8 12 2
11 18 2
15 20 2
11 52 2
6 11 2
0 29 1
12 31 2
2 67 1
16 21 2
6 34 1
14 57 2
9 17 2
5 69 1
21 43 2
3 5 2
4 16 2
0 26 1
8 52 1
22 54 2
1 2 2
5 28 2
6 43 1
1 12 2
5 44 1
2 17 2
17 21 2
2 19 2
1 67 2
14 35 1
8 19 2
0 3 2
4 28 2
19 25 1
7 68 1
11 22 2
0 22 2
15 56 1
20 52 2
4 21 2
1 24 1
21 46 1
4 22 2
2 8 2
5 40 1
11 19 2
19 30 1
23 35 1
11 21 2
11 14 2
2 23 2
22 39 2
14 43 1
0 42 1
6 22 2
10 62 1
0 5 2
23 28 1
6 26 1
3 13 2
2 22 2
2 10 2
7 9 2
6 12 2
11 45 1
2 12 2
4 55 1
15 67 2
18 35 1
22 30 2
11 53 1
21 49 1
6 17 2
4 26 1
10 56 1
4 59 1
15 17 2
4 34 2
4 35 1
7 56 1
21 56 1
7 32 2
5 8 2
23 58 2
20 32 1
18 19 2
4 31 2
0 21 2
22 55 1
23 26 1
10 60 1
16 37 1
11 29 1
9 60 2
10 12 2
16 54 1
16 68 1
3 10 2
1 4 2
3 17 2
11 41 2
3 14 2
20 35 2
15 61 1
18 65 1
6 7 2
18 47 1
21 60 1
12 53 1
4 5 2
17 40 1
19 34 1
16 25 2
9 14 2
1 56 1
7 34 1
3 22 2
6 40 2
0 2 2
10 36 1
14 56 1
3 64 1
9 45 2
5 41 1
8 16 2
7 15 2
15 62 2
9 43 1
14 22 2
8 14 2
20 22 2
10 43 1
6 27 1
20 62 1
17 46 2
5 22 2
16 38 2
19 56 1
9 13 2
11 17 2
15 32 1
7 14 2
3 21 2
18 22 2
13 49 1
19 22 2
1 9 2
10 51 1
19 24 1
2 51 1
10 19 2
16 24 2
22 67 1
13 63 1
19 46 2
3 15 2
9 69 1
17 54 2
11 32 1
14 52 1
20 33 1
23 47 2
5 23 2
5 39 1
8 67 2
19 29 1
19 59 1
5 20 2
23 51 1
21 48 1
22 28 1
3 9 2
4 7 2
5 16 2
1 69 2
7 26 1
13 45 1
8 47 1
21 27 1
23 41 1
6 65 1
3 32 2
5 17 2
7 65 1
2 6 2
14 61 1
8 23 2
2 16 2
3 31 2
1 55 1
9 10 2
8 48 1
18 58 1
13 33 1
14 42 1
17 23 2
12 65 2
0 54 1
19 61 2
5 66 1
10 20 2
9 31 2
7 50 1
11 67 1
9 18 2
15 60 1
13 29 2
11 27 1
15 18 2
17 65 2
17 44 2
2 44 1
16 63 2
7 16 2
15 55 1
6 60 1
10 53 2
20 55 1
1 11 2
11 57 1
3 16 2
6 54 1
5 14 2
8 24 2
1 59 1
8 62 1
2 63 1
16 20 2
11 44 2
10 27 1
6 15 2
9 20 2
12 20 2
19 20 2
2 9 2
20 31 1
16 39 2
2 28 2
20 27 1
12 67 2
0 14 2
1 51 1
15 69 1
11 63 1
14 64 1
3 40 2
13 23 2
9 49 2
9 28 2
10 18 2
4 39 1
16 22 2
8 15 2
0 6 2
13 16 2
5 27 2
16 44 2
10 35 1
1 21 2
18 50 1
4 41 1
17 28 2
4 9 2
18 23 2
8 36 1
2 56 2
13 22 2
7 12 2
5 15 2
8 21 2
15 58 1
3 44 1
4 17 2
2 20 2
2 4 2
4 43 2
23 63 1
11 69 2
14 23 2
13 53 1
9 68 1
9 15 2
4 36 2
13 67 1
22 29 2
11 24 1
9 47 1
2 3 2
1 7 2
21 22 2
2 5 2
7 20 2
2 59 2
9 36 1
2 18 2
5 33 2
4 25 1
3 18 2
8 9 2
6 31 2
23 42 2
5 13 2
12 16 2
2 14 2
10 21 2
1 33 2
10 24 1
4 68 1
16 23 2
11 28 1
3 56 1
19 68 1
21 30 1
14 20 2
12 17 2
9 23 2
21 61 1
5 19 2
8 41 1
12 43 2
14 38 1
13 55 1
7 41 1
9 19 2
3 6 2
22 61 1
9 33 2
14 27 2
11 55 1
18 64 2
2 48 1
10 23 2
18 59 1
8 39 2
0 9 2
9 51 1
20 63 1
9 40 2
20 42 1
7 23 2
0 63 1
0 52 1
11 40 1
12 27 2
15 16 2
13 27 1
14 16 2
2 46 1
13 19 2
5 62 1
14 53 2
3 36 1
5 53 1
0 16 2
2 15 2
3 49 1
15 59 1
6 68 2
18 67 1
16 65 2
6 20 2
3 61 1
6 57 1
21 53 2
5 11 1
46 62 1
3 26 1
59 69 2
29 49 2
1 52 1
0 4 1
21 42 1
2 11 1
3 52 1
18 69 2
26 52 2
13 62 2
14 17 1
11 59 1
4 11 1
46 59 2
1 22 1
12 23 1
15 46 1
6 18 1
26 69 2
14 59 2
11 12 1
8 29 1
2 42 1
12 22 1
20 29 2
10 11 1
4 14 1
18 29 1
2 7 1
10 42 2
29 52 2
13 42 1
20 54 2
8 13 2
4 46 2
17 29 2
4 54 2
3 8 1
6 62 2
17 26 1
18 21 2
8 18 1
17 49 1
14 18 1
5 9 1
21 62 2
15 19 1
12 69 1
49 62 1
42 49 1
1 49 1
