% n=80 p=33 d=0.66 p_blue=0.66
% k=0
11 35 2
22 50 1
6 73 2
22 63 2
0 79 2
13 15 2
8 54 1
0 22 2
14 66 2
26 77 2
12 57 2
3 73 2
19 67 1
6 41 2
13 79 1
16 72 2
9 75 2
13 25 2
10 63 2
19 72 1
5 23 2
10 39 2
11 76 2
7 71 2
20 65 2
11 40 2
17 70 2
5 42 1
12 49 2
11 29 1
25 79 2
2 3 2
1 27 2
19 24 2
15 18 2
1 57 1
14 72 1
13 20 2
21 36 1
9 13 2
15 49 2
17 51 2
22 34 2
16 63 2
0 17 2
25 42 1
23 51 2
24 52 2
4 10 2
22 58 1
19 39 2
17 68 1
13 73 2
13 62 2
26 56 2
18 51 2
6 62 2
4 25 2
2 77 2
8 76 1
12 29 1
8 33 1
2 42 1
6 7 2
19 74 2
9 29 2
18 69 2
19 70 1
24 50 2
3 21 2
9 25 2
5 33 1
7 40 1
26 49 1
7 29 1
20 30 2
7 49 1
2 26 2
9 68 2
0 23 2
4 37 2
5 25 2
12 53 1
26 54 2
8 78 1
10 68 2
6 60 1
0 30 2
2 79 2
8 22 2
22 26 2
3 46 1
7 77 2
22 49 2
3 33 2
5 51 1
9 65 1
18 40 2
2 32 2
8 67 1
21 29 2
23 48 2
6 76 2
8 14 2
1 56 2
6 33 1
13 71 2
20 51 2
25 36 2
12 55 1
24 71 2
1 47 2
3 25 2
1 55 2
21 67 1
0 25 2
25 59 2
14 39 2
15 26 2
0 28 2
0 46 1
2 7 2
5 69 2
8 43 2
10 20 2
10 38 2
10 34 2
16 70 2
4 15 2
26 42 1
21 54 2
22 39 1
7 32 2
9 33 1
17 48 2
1 23 2
3 51 2
4 73 2
13 29 2
5 9 2
15 41 2
14 25 2
12 61 2
13 16 2
11 64 2
25 38 2
11 67 2
11 48 2
10 16 2
8 25 2
17 31 1
16 77 1
19 71 2
21 68 2
22 79 2
14 64 1
10 13 2
7 14 2
19 44 2
19 41 2
23 79 2
15 77 2
5 20 2
10 24 2
13 47 2
2 10 2
4 47 2
7 20 2
20 76 1
9 50 1
21 45 2
10 26 2
17 23 2
16 60 2
0 76 1
12 47 2
7 48 2
11 79 1
15 29 1
1 76 2
22 41 1
0 32 1
5 64 2
5 48 1
2 17 2
6 66 1
19 77 1
2 47 1
11 36 2
10 15 2
13 59 2
9 37 2
12 24 2
16 25 2
16 40 1
4 30 1
2 74 2
5 29 2
22 59 2
3 78 1
0 61 2
17 32 1
14 58 1
3 54 2
7 55 2
20 64 2
2 33 2
0 1 2
5 65 2
23 28 1
24 38 2
21 39 2
17 19 2
23 31 2
15 39 2
13 37 2
6 57 2
13 55 2
8 9 2
3 18 2
16 53 2
2 22 2
22 68 1
25 63 2
11 24 2
10 31 2
7 66 1
4 57 2
10 64 1
4 71 1
9 77 2
7 16 2
2 55 2
25 55 2
11 13 2
15 62 2
5 47 2
23 38 2
22 29 1
8 31 1
18 54 2
22 62 2
21 64 2
25 29 1
15 35 2
3 16 2
24 42 2
15 74 1
7 31 2
17 69 2
3 64 2
6 13 2
19 59 2
19 43 2
2 5 2
4 7 2
26 58 2
19 38 1
20 41 2
5 63 2
6 51 2
4 72 2
24 54 1
8 75 2
9 59 2
13 31 2
6 29 2
9 61 2
1 63 2
24 37 1
4 62 2
3 36 2
4 11 2
0 36 2
0 14 2
5 18 2
14 68 1
24 43 2
8 11 2
8 49 2
8 74 2
18 44 2
11 15 2
25 35 2
21 60 1
20 52 1
2 76 2
1 62 2
12 34 1
18 66 2
0 50 2
9 35 1
4 40 2
3 56 2
21 58 2
17 64 2
17 72 2
1 25 2
14 47 2
1 6 2
3 12 2
26 43 2
1 4 2
14 51 2
12 58 1
11 45 1
12 36 2
18 61 2
9 34 1
1 9 2
0 27 2
25 43 1
1 5 2
20 42 1
11 52 2
15 45 2
5 59 2
6 21 2
17 75 2
12 18 2
7 47 2
17 79 2
8 48 2
25 68 2
1 43 2
20 70 2
3 52 2
1 12 2
5 10 2
13 26 2
2 15 2
11 39 1
9 16 2
10 70 2
18 42 2
16 54 1
3 47 2
9 36 1
10 29 1
13 78 2
9 54 1
14 57 2
12 64 2
10 11 2
24 46 1
10 65 2
10 27 1
15 25 2
11 25 2
6 24 2
18 24 2
9 18 2
15 22 2
20 72 1
22 61 1
3 40 2
0 13 2
1 48 2
19 78 2
22 51 1
14 50 2
23 46 1
4 41 2
2 71 1
2 60 2
14 42 2
19 57 2
26 61 1
5 19 2
15 54 2
4 17 2
23 27 2
10 41 1
0 33 2
15 44 2
5 24 2
20 43 1
12 68 1
11 22 2
3 30 2
7 50 1
21 25 2
14 56 2
3 69 1
2 19 2
23 76 2
3 27 1
5 75 2
10 62 1
11 12 2
3 65 2
25 47 2
3 43 1
3 68 2
8 40 1
18 19 2
6 27 2
18 77 2
13 49 2
0 11 2
5 22 2
8 62 1
4 24 2
3 7 2
6 19 2
21 42 1
8 35 2
26 38 2
7 18 2
24 74 2
21 32 2
17 65 2
22 45 2
0 48 2
13 61 2
15 63 1
5 79 2
8 41 2
26 55 1
1 68 2
12 46 2
6 64 2
0 40 2
1 71 2
8 45 2
14 46 2
26 73 2
16 66 1
23 63 1
1 49 2
10 60 2
3 20 2
13 51 2
22 28 2
18 70 2
19 47 1
4 44 2
24 67 1
13 14 2
15 24 2
5 11 2
8 47 2
24 25 2
14 79 1
21 43 2
11 16 2
21 76 1
9 57 2
25 78 1
1 26 2
14 78 2
15 79 2
21 30 2
4 54 2
6 68 2
20 54 1
4 13 2
11 37 1
5 49 2
4 12 2
20 36 1
0 16 2
14 52 2
4 18 2
8 24 2
10 55 2
11 33 1
5 16 2
24 59 2
6 78 2
15 16 2
4 22 2
2 11 2
21 28 2
6 14 2
10 21 2
25 45 2
21 69 2
2 45 1
24 56 1
6 15 2
0 45 2
10 77 1
1 3 2
22 46 1
18 53 2
16 23 2
13 67 1
14 16 2
23 32 2
18 43 2
19 35 1
8 17 2
2 8 2
20 44 2
7 43 2
4 79 2
23 34 2
10 47 2
18 48 2
16 62 2
0 9 2
12 22 2
2 18 2
3 19 2
20 73 1
25 66 2
20 56 1
23 29 2
18 52 1
14 22 2
22 23 2
0 20 2
1 67 2
5 62 1
6 77 2
12 16 2
5 66 2
16 20 2
5 45 2
26 47 2
3 38 1
5 56 2
14 73 2
21 72 2
7 27 1
13 22 2
17 57 2
10 19 2
5 55 2
1 46 1
26 44 2
10 53 1
7 22 2
6 35 1
16 71 2
7 58 1
9 78 1
16 50 1
24 48 2
9 74 1
20 68 1
8 77 2
6 32 1
1 16 2
13 18 2
8 53 2
14 31 2
7 12 2
5 13 2
20 25 2
9 17 2
0 77 2
1 18 2
10 44 2
8 57 1
5 32 1
21 27 1
9 10 2
22 54 2
1 61 2
4 60 2
2 35 1
19 25 2
15 78 2
23 72 1
4 74 2
15 68 1
10 17 2
15 67 2
3 74 1
24 41 2
22 24 2
1 53 1
16 19 2
3 22 2
9 73 2
9 21 2
16 55 2
8 20 2
4 77 2
9 38 1
20 60 2
24 75 1
23 42 2
6 20 2
10 61 1
26 36 1
6 22 2
0 53 1
19 50 2
3 75 2
16 28 2
16 35 2
12 15 2
16 32 1
10 22 2
7 21 2
10 66 1
5 67 2
19 73 2
6 70 2
17 18 2
6 58 2
14 55 1
9 45 2
6 61 2
22 75 1
11 23 2
4 5 2
12 60 1
4 33 1
13 40 2
4 9 2
11 28 2
14 59 2
3 58 2
23 24 2
2 30 2
15 23 2
16 59 1
3 53 2
23 26 2
20 26 2
16 33 1
21 26 2
8 27 2
1 11 2
14 77 1
16 49 2
7 70 1
26 46 2
1 30 1
7 8 2
5 31 2
12 45 2
1 17 2
8 71 1
9 63 2
18 76 2
17 20 2
16 41 2
3 55 2
4 43 2
9 14 2
4 39 2
7 17 2
17 44 2
25 41 2
19 46 2
8 21 2
24 53 1
3 4 2
1 20 2
21 52 1
0 78 2
15 17 2
18 31 2
9 62 2
12 31 1
12 27 1
2 68 2
21 59 2
17 22 2
25 27 1
23 30 2
9 55 1
14 28 2
15 52 2
14 76 1
17 61 1
9 44 1
26 48 2
2 63 2
13 58 1
18 79 2
1 2 2
18 29 2
3 60 2
25 54 1
4 52 2
20 29 1
14 48 1
17 60 2
0 71 2
20 23 2
11 65 2
16 56 2
7 65 1
16 69 1
12 59 2
0 31 2
18 21 2
11 53 1
26 35 2
19 61 2
7 25 2
3 8 2
26 69 2
0 6 2
24 28 2
2 36 2
13 52 1
15 55 2
8 34 2
23 49 2
18 28 2
17 34 2
0 34 2
0 65 2
17 39 1
15 21 2
7 10 2
11 75 1
21 48 2
18 60 2
19 58 2
5 6 2
12 35 1
0 2 2
5 8 2
20 57 2
8 37 1
16 30 2
22 38 2
1 13 2
26 41 1
0 24 2
0 62 1
11 55 2
1 15 2
25 71 2
1 59 2
2 58 2
3 23 2
5 46 1
7 52 1
9 23 2
2 25 2
6 25 2
12 20 2
4 19 2
12 74 2
16 29 1
10 75 2
13 60 2
14 20 2
26 31 2
15 57 1
4 6 2
3 29 2
11 42 1
3 14 2
7 57 1
26 59 1
19 40 1
25 37 1
21 57 1
18 62 2
23 62 1
17 38 1
3 6 2
10 40 2
4 26 2
14 32 2
13 17 2
12 40 2
13 75 2
23 69 2
7 54 2
7 11 2
12 19 2
25 46 1
16 17 2
1 7 2
7 46 2
10 30 1
15 59 2
12 67 2
26 28 2
7 23 2
20 75 2
18 38 2
22 67 2
10 32 2
22 52 1
21 24 2
15 51 2
9 32 2
16 26 2
15 20 2
0 21 2
25 39 1
16 44 2
26 33 2
23 25 2
22 32 2
8 18 2
2 13 2
3 13 2
12 21 2
6 18 2
10 43 2
9 47 1
3 15 2
12 56 2
3 77 2
7 53 2
24 30 1
7 19 2
0 38 1
19 22 2
3 66 2
8 66 2
14 53 2
2 48 2
3 5 2
22 40 2
11 20 2
18 30 2
18 71 2
1 8 2
3 70 2
2 65 2
14 60 2
15 40 2
25 31 2
10 46 1
13 44 1
9 24 2
10 18 2
21 66 1
22 76 2
21 51 2
24 26 2
16 34 1
12 25 2
13 70 1
18 56 1
15 43 2
2 41 2
9 79 2
23 74 2
15 19 2
7 34 2
8 44 1
11 17 2
9 49 1
6 31 2
2 38 2
10 59 2
7 24 2
19 45 1
4 65 2
18 37 2
14 54 2
1 40 2
21 65 1
5 21 2
25 53 2
0 15 2
17 62 2
18 57 2
18 23 2
14 43 1
24 39 2
1 10 2
26 50 2
2 6 2
17 46 2
21 31 1
11 63 2
4 34 2
3 79 2
10 57 2
14 29 1
17 43 2
15 60 2
12 26 2
26 63 2
5 58 1
15 42 1
11 61 1
6 69 1
7 37 2
13 33 2
2 64 2
19 60 2
11 14 2
1 28 2
22 44 2
2 52 2
3 45 2
10 51 2
1 22 2
5 37 1
15 71 2
22 25 2
21 37 2
6 12 2
7 33 1
20 34 2
13 46 2
10 37 1
14 36 1
4 27 1
8 26 2
6 44 2
3 62 2
6 71 2
2 75 2
4 29 1
0 74 2
9 11 2
8 16 2
26 34 2
20 69 2
11 44 1
6 9 2
13 72 1
5 50 1
3 26 2
10 79 2
21 75 2
17 47 1
13 53 1
16 38 2
17 58 2
19 20 2
10 36 2
19 69 2
10 58 2
4 20 2
0 70 2
14 41 2
2 50 1
4 78 2
22 35 2
3 28 2
12 76 1
19 54 2
3 9 2
18 25 2
0 26 2
12 44 2
14 71 2
10 25 2
6 54 1
1 45 2
5 70 2
17 78 1
26 57 2
9 46 2
22 33 2
26 30 1
21 23 2
12 13 2
6 34 2
26 65 2
0 37 1
17 76 2
23 50 2
0 69 2
9 43 2
11 41 1
20 24 2
11 66 2
17 25 2
26 51 2
24 72 2
16 18 2
3 10 2
10 23 2
4 76 1
23 59 2
17 36 2
2 23 2
17 35 1
5 76 2
0 47 2
0 56 1
13 41 1
6 17 2
13 32 2
14 35 2
21 70 1
1 79 1
13 54 2
23 56 2
2 9 2
4 58 2
14 24 2
23 64 2
19 52 2
12 62 2
18 67 2
6 43 2
21 61 1
0 42 1
9 64 2
5 15 2
0 60 2
2 39 2
15 53 1
18 34 2
2 16 2
23 77 2
5 68 2
21 56 2
0 55 2
3 50 2
17 55 2
16 78 2
0 5 2
19 26 2
20 50 2
23 41 2
9 69 1
26 72 1
10 67 2
10 33 2
8 51 2
12 17 2
5 39 1
11 19 2
25 64 2
10 14 2
4 42 2
20 38 1
13 43 2
20 47 2
22 65 2
10 74 1
24 68 2
11 72 1
14 65 2
15 30 1
11 77 2
5 26 2
9 72 2
20 46 1
3 44 1
11 73 1
11 32 2
25 69 2
5 74 1
16 58 1
24 47 2
2 57 2
13 76 2
19 49 1
3 24 2
2 34 1
19 51 1
25 58 2
24 63 2
6 72 2
24 34 2
10 56 2
11 71 2
1 64 2
16 43 2
26 29 2
0 35 2
19 76 1
3 17 2
12 78 1
9 22 2
17 77 1
6 23 2
0 8 2
20 32 1
6 65 2
15 72 1
13 68 1
7 15 2
17 67 1
22 42 1
18 35 1
12 52 2
2 21 2
7 26 2
7 38 2
2 14 2
23 67 2
5 54 1
21 35 1
26 27 2
2 72 2
24 79 2
5 57 1
6 10 2
7 35 2
20 61 2
19 29 1
8 36 1
8 68 1
20 53 1
21 40 2
13 57 2
13 39 1
18 75 2
0 54 2
12 50 2
23 53 2
9 12 2
12 23 2
3 35 1
8 15 2
8 23 2
0 4 2
11 26 2
16 65 2
4 21 2
4 14 2
9 60 2
6 63 2
11 21 2
22 30 2
19 63 2
0 64 1
3 37 1
12 39 1
5 38 1
13 56 2
11 18 2
2 73 1
6 26 2
4 75 2
22 70 1
5 28 1
17 26 2
18 72 2
10 12 2
16 21 2
8 12 2
4 49 2
0 68 1
2 37 2
11 30 1
8 73 2
18 46 2
8 10 2
15 64 1
19 21 2
5 14 2
8 42 2
17 56 2
25 57 1
25 50 1
2 24 2
3 76 2
7 67 2
17 49 2
2 31 2
18 78 1
6 8 2
2 20 2
23 40 2
18 26 2
16 57 2
13 21 2
7 56 2
0 10 2
20 71 1
3 71 1
14 19 2
5 17 2
9 39 1
11 46 2
7 30 1
26 32 2
21 22 2
11 47 1
15 66 2
18 27 1
17 21 2
13 48 2
1 73 1
0 19 2
5 77 1
6 30 2
17 24 2
4 8 2
20 27 1
14 23 2
2 46 1
18 22 2
1 14 2
12 37 2
13 23 2
23 35 2
12 79 1
6 11 2
19 48 1
25 77 1
16 46 1
9 70 1
12 71 2
2 62 2
0 67 2
2 12 2
14 30 2
24 55 2
26 74 1
16 24 2
25 26 2
5 12 2
11 60 2
17 53 2
24 77 2
12 14 2
0 18 2
24 66 2
6 38 1
7 9 2
9 27 2
9 26 2
3 61 1
5 52 1
15 76 1
1 66 2
3 32 1
1 75 1
20 58 2
24 57 2
22 74 2
4 23 2
21 74 1
19 55 1
13 64 2
14 26 2
8 70 1
25 76 1
24 58 1
4 67 2
23 65 2
23 37 2
11 38 1
13 24 2
3 41 1
14 21 2
2 78 2
5 71 2
9 19 2
18 20 2
13 42 1
8 72 2
7 13 2
13 63 2
14 17 2
14 18 2
25 33 1
0 49 2
7 72 1
26 67 2
14 67 2
12 30 2
1 21 2
3 48 2
9 15 2
12 69 2
0 7 2
8 13 2
18 41 2
20 22 2
25 56 2
9 71 2
14 15 2
22 66 2
8 61 2
3 11 2
25 34 2
22 64 2
13 74 2
8 19 2
20 21 2
24 69 1
16 47 2
11 62 2
8 55 2
0 57 2
7 74 1
1 19 2
12 66 2
0 12 2
2 40 2
4 16 2
2 4 2
5 60 2
22 72 1
13 36 2
10 69 2
5 40 2
7 39 2
15 65 1
13 69 1
7 45 1
6 16 1
21 63 2
70 73 2
1 54 1
25 51 1
35 73 2
16 22 1
0 3 1
27 72 1
50 63 1
63 79 2
67 75 1
