% n=20 p=33 d=0.66 p_blue=0.66
% k=0
0 18 2
5 10 1
5 7 2
5 16 1
2 17 2
5 9 1
1 16 2
0 7 1
1 9 2
2 13 2
0 1 2
1 11 1
6 16 2
2 9 2
4 7 1
2 15 2
6 8 2
3 8 1
4 18 2
3 12 1
0 17 2
5 18 2
0 12 1
4 13 2
6 15 1
2 18 1
2 4 2
3 16 2
3 9 2
3 7 1
5 17 2
1 12 2
1 17 2
4 16 1
6 13 1
6 7 1
0 10 1
4 15 2
0 9 2
2 12 1
2 8 1
5 15 1
5 13 1
4 10 2
6 9 2
0 11 1
10 15 1
1 15 1
6 19 2
1 3 1
14 19 2
1 4 1
2 14 2
10 14 2
15 19 1
0 6 1
0 3 1
4 5 1
1 19 2
3 10 1
0 5 2
5 19 1
3 14 2
5 14 1
2 6 1
6 14 2
2 3 2
14 15 2
1 14 2
0 19 2
4 19 2
3 4 2
1 2 1
3 5 1
