% n=30 p=33 d=0.33 p_blue=0.66
% k=0
5 11 1
2 3 2
1 19 2
7 23 2
5 10 1
0 13 2
2 16 2
2 24 1
3 9 2
8 24 1
9 24 1
5 27 2
1 7 2
4 13 2
3 22 1
0 26 2
8 29 2
8 12 1
0 4 2
0 9 2
8 25 1
3 21 2
3 10 2
0 14 1
7 20 2
0 29 2
0 5 2
1 17 2
0 7 2
4 22 1
3 25 1
4 29 1
9 21 2
5 19 2
1 4 2
0 25 2
2 8 2
2 10 2
1 22 2
9 15 2
2 5 2
8 27 1
4 12 1
2 27 2
5 6 2
7 22 2
1 21 1
5 12 2
5 9 2
3 6 2
6 16 2
2 22 2
3 19 2
1 3 2
8 10 1
2 14 2
4 5 2
9 25 1
3 8 2
7 26 2
3 14 2
1 14 2
4 8 2
0 17 2
6 21 2
9 19 2
2 21 2
6 15 2
1 29 2
3 7 1
4 18 1
6 7 1
2 28 2
0 6 1
2 7 2
1 5 1
2 20 1
2 9 1
5 8 1
1 8 1
18 23 1
3 18 1
3 20 2
7 9 1
6 28 1
0 3 1
20 28 2
1 6 1
0 1 1
5 20 2
4 11 2
0 11 2
6 23 2
7 18 1
6 11 1
0 18 1
8 9 2
2 23 2
9 28 2
4 6 1
8 18 2
3 5 1
8 23 1
23 28 1
2 4 1
0 2 1
9 11 2
0 23 2
2 6 1
11 18 1
9 18 1
6 20 1
20 23 1
1 2 1
