% n=180 p=60 d=0.66 p_blue=0.66
% k=0
71 151 2
36 61 2
89 103 2
43 105 2
69 128 1
35 95 2
93 144 2
5 87 2
7 146 1
19 160 2
5 133 1
13 143 2
24 51 2
66 135 2
68 91 2
0 44 2
73 162 1
35 74 2
20 162 2
0 108 1
22 111 2
12 85 2
44 60 2
53 116 2
35 130 2
20 53 2
92 107 2
38 104 2
29 70 2
66 139 2
36 129 2
54 60 2
52 134 2
86 106 2
14 21 2
54 140 1
63 87 2
37 85 2
8 76 2
58 157 1
16 24 2
103 156 2
53 73 2
82 121 2
93 140 2
60 75 2
28 97 2
21 30 2
96 103 2
31 137 2
0 102 2
94 96 2
55 120 2
36 84 2
47 62 2
61 167 2
35 70 2
4 123 2
12 79 2
37 166 1
77 128 2
14 54 2
4 153 1
43 149 1
19 46 2
83 118 2
32 56 2
37 172 2
20 45 2
47 131 1
30 68 2
1 82 2
0 34 2
2 49 2
39 152 2
3 43 2
69 97 2
56 57 2
80 175 1
63 91 2
67 145 2
62 176 2
21 119 2
31 92 2
63 85 2
27 36 2
61 123 2
10 150 2
20 61 2
40 53 2
74 82 2
22 141 1
20 22 2
67 164 1
3 76 2
10 176 1
9 48 2
72 134 2
42 60 2
81 120 1
98 119 2
33 99 2
35 83 2
49 100 2
78 79 2
27 29 2
52 65 2
77 86 2
17 46 2
3 78 2
80 86 2
35 75 2
14 86 2
50 96 2
32 116 2
28 138 2
57 99 2
19 124 2
42 169 2
20 56 2
70 83 2
81 95 2
81 82 2
48 100 2
75 93 2
24 63 2
22 88 2
32 77 2
2 121 1
38 115 2
6 73 2
88 135 2
34 143 2
4 152 2
20 107 2
49 81 2
97 116 1
57 97 2
23 75 2
6 9 2
84 131 1
9 91 2
64 86 2
70 132 1
5 33 2
60 74 2
46 47 2
2 4 2
14 37 2
80 119 2
5 98 2
30 176 1
47 129 2
73 119 1
9 110 2
1 93 2
59 94 2
51 109 2
20 161 1
27 86 2
35 55 2
7 129 2
0 111 1
21 178 2
68 87 2
82 85 2
10 147 2
46 161 1
42 132 2
60 132 2
36 37 2
76 177 1
83 90 2
11 82 2
3 129 2
35 100 2
62 174 2
4 176 2
95 101 2
8 100 2
49 64 2
41 127 2
107 124 2
15 41 2
14 40 2
91 153 2
54 57 2
39 44 2
84 110 1
64 84 2
60 101 2
47 76 2
57 178 2
22 121 2
10 114 2
81 157 1
10 73 2
72 168 2
3 150 2
72 161 2
68 92 2
44 160 2
89 125 2
85 139 1
13 169 1
26 53 2
82 161 2
10 62 2
36 142 2
78 87 2
28 107 2
0 54 2
54 131 2
53 174 2
19 152 2
38 105 2
11 49 2
12 97 2
76 108 2
98 111 2
82 100 2
65 93 2
91 178 2
31 60 2
87 145 2
7 63 2
58 97 2
103 153 1
13 163 2
10 159 2
1 73 2
75 169 2
22 58 2
32 58 2
19 154 1
43 136 1
46 178 1
5 76 2
58 129 2
99 154 2
30 41 2
58 121 1
55 166 1
19 101 2
6 26 2
4 16 2
91 126 1
67 133 2
70 145 2
104 105 2
31 52 2
12 175 1
25 174 2
87 144 2
0 146 2
53 148 2
0 170 2
63 121 1
40 85 2
66 90 2
25 59 2
58 128 2
1 99 2
79 170 2
21 125 2
76 174 1
81 162 2
40 96 2
85 91 2
44 55 2
53 122 2
68 120 1
7 22 2
50 79 2
47 53 2
22 48 2
16 94 2
37 142 2
42 172 1
8 65 2
87 124 1
54 97 2
22 82 2
10 167 2
32 105 2
43 75 2
19 77 2
106 151 1
105 174 1
26 95 2
69 106 2
55 90 2
21 160 2
26 40 2
7 80 2
40 62 2
43 96 2
64 162 2
32 51 2
36 58 2
55 76 2
19 40 2
34 120 2
51 166 1
99 100 2
31 53 2
10 109 2
57 82 2
35 45 2
68 70 2
16 169 1
19 95 2
46 98 2
79 92 2
103 175 2
23 68 2
15 66 2
18 107 2
27 44 2
54 177 2
38 120 2
31 163 1
30 51 2
91 103 2
6 64 2
27 85 2
100 151 1
33 160 2
2 43 2
38 81 2
41 86 2
95 99 2
79 82 2
24 100 2
0 81 2
24 112 1
13 102 2
10 118 1
38 137 2
50 75 2
76 94 2
23 173 1
41 54 2
32 113 2
28 59 2
73 159 2
18 41 2
9 170 2
72 147 1
33 78 2
50 125 2
46 117 2
31 96 2
11 95 2
74 151 2
4 104 2
9 76 2
12 23 2
58 141 1
49 101 2
47 105 2
44 119 1
72 100 2
19 51 2
14 76 2
2 84 2
57 83 2
47 119 2
48 121 1
9 59 2
0 85 2
53 106 2
23 53 2
100 111 2
67 91 2
41 57 2
62 129 2
107 136 2
36 67 2
15 60 2
7 101 2
50 139 1
76 179 2
17 114 2
62 79 2
72 137 1
77 78 2
96 150 2
6 82 2
74 90 2
101 127 2
78 163 2
14 105 2
27 56 2
34 154 1
54 103 2
104 119 2
25 115 1
105 108 1
52 90 2
88 91 2
87 136 2
24 108 1
16 42 2
21 61 2
80 91 2
29 178 1
46 81 2
46 179 2
91 148 2
67 157 2
83 92 2
31 66 2
94 137 2
106 160 2
28 167 1
33 57 2
44 120 2
3 155 1
27 115 2
7 111 2
19 71 2
28 70 2
63 101 2
33 77 2
83 124 2
27 68 2
93 162 2
70 142 2
39 41 2
20 31 2
101 144 2
3 77 2
91 149 1
54 86 2
16 105 2
17 73 2
100 179 2
81 130 2
43 79 2
31 39 2
94 102 2
26 147 2
4 56 2
58 122 2
40 91 2
62 126 2
87 104 2
62 95 2
35 159 2
12 76 2
7 106 2
16 103 2
48 136 2
68 136 1
21 51 2
96 166 1
44 114 2
40 179 2
48 96 2
19 23 2
1 160 2
12 82 2
88 152 2
77 99 2
25 166 2
105 156 2
24 131 2
15 16 2
23 99 2
69 149 2
91 142 1
31 173 2
10 171 2
51 63 2
34 57 2
1 174 2
75 111 2
82 102 2
90 100 2
33 76 2
17 112 1
20 58 2
46 52 2
29 61 2
18 58 2
50 130 1
7 37 2
78 102 2
73 156 2
86 94 2
18 24 2
25 103 2
27 152 1
17 138 2
29 94 2
22 56 2
33 65 2
2 8 2
71 118 2
75 104 2
38 79 2
10 19 2
46 69 2
10 146 2
54 137 2
69 94 2
104 147 2
33 144 2
29 126 2
8 46 2
1 67 2
3 161 2
3 95 2
7 119 2
0 166 1
89 139 2
42 163 2
18 153 2
20 106 2
69 75 2
0 25 2
2 51 2
38 71 2
28 31 2
27 98 2
62 91 2
80 105 2
3 79 2
47 157 2
3 33 2
21 110 2
45 125 2
21 167 1
92 123 2
52 94 2
33 74 2
103 154 2
81 89 2
35 89 2
39 142 1
11 164 2
1 65 2
44 47 2
28 99 2
71 91 2
48 115 1
28 158 1
69 101 2
44 84 2
37 68 2
22 24 2
13 168 2
23 160 1
33 177 1
44 87 2
82 131 2
55 71 2
56 160 2
7 62 2
16 53 2
2 50 2
57 70 2
62 156 2
76 127 1
3 71 2
38 122 1
18 133 2
12 83 2
60 113 2
63 161 2
78 104 2
40 55 2
70 137 2
17 47 2
43 104 2
0 125 2
73 174 1
64 92 2
11 155 2
35 138 2
30 94 2
100 163 2
34 53 2
46 55 2
25 96 2
13 78 2
26 88 2
62 72 2
0 2 2
73 168 1
42 64 2
82 107 2
2 110 2
2 131 2
16 92 2
45 102 2
18 26 2
92 132 2
67 85 2
100 105 2
11 79 2
14 47 2
60 88 2
6 176 2
53 103 2
15 65 2
1 5 2
40 74 2
32 144 2
84 146 1
25 28 2
56 161 2
39 149 2
24 60 2
25 60 2
96 106 2
27 143 2
28 124 2
104 164 2
14 148 2
40 83 2
68 175 2
21 139 2
106 130 2
1 171 2
10 57 2
8 86 2
12 20 2
88 107 2
11 64 2
11 70 2
70 163 2
45 54 2
46 86 2
95 163 1
22 94 2
15 61 2
62 172 1
64 70 2
93 173 1
77 157 1
5 78 2
24 89 2
10 34 2
27 178 1
1 3 2
14 42 2
13 81 2
11 12 2
20 90 2
40 135 2
7 159 2
86 111 2
3 70 2
4 17 2
2 91 2
14 174 2
53 78 2
24 137 2
79 160 2
33 52 2
22 76 2
9 60 2
100 119 1
49 177 1
88 153 1
106 162 1
80 145 2
20 109 2
47 106 2
19 47 2
31 56 2
38 76 2
57 88 2
29 139 2
27 50 2
43 77 2
2 48 2
25 129 1
95 174 2
11 17 2
2 7 2
27 57 2
90 114 1
4 87 2
53 126 2
72 152 2
39 79 2
77 84 2
58 104 2
38 54 2
3 130 2
53 74 2
0 87 2
107 164 2
11 111 1
58 107 2
61 89 2
36 93 2
87 160 2
9 22 2
35 36 2
63 100 2
20 80 2
41 71 2
24 144 1
16 170 1
55 97 2
18 61 2
4 105 2
13 97 2
28 30 2
27 146 2
17 81 2
1 114 2
50 144 1
6 17 2
21 78 2
53 81 2
71 105 2
19 30 2
4 117 2
57 140 2
16 83 2
66 103 2
17 70 2
10 74 2
15 95 2
35 84 2
11 58 2
99 155 2
43 71 2
52 77 2
3 98 2
97 107 2
20 64 2
93 177 2
5 38 2
26 79 2
45 132 2
101 118 1
62 163 2
77 164 1
35 41 2
33 124 2
87 115 2
35 96 2
42 173 1
77 87 2
56 117 2
31 85 2
10 113 2
60 105 2
4 145 2
42 104 2
72 150 2
32 97 2
5 101 2
19 48 2
74 129 2
19 98 2
26 126 2
80 95 2
29 54 2
0 29 2
22 86 2
9 34 2
84 91 2
40 169 2
95 161 2
51 80 2
52 108 1
34 136 2
36 138 2
107 140 2
32 37 2
35 44 2
27 71 2
49 134 1
42 108 2
5 83 2
5 65 2
90 131 2
28 33 2
36 99 2
2 146 2
15 164 2
64 160 1
62 150 2
4 21 2
29 124 1
56 113 2
35 40 2
7 59 2
1 4 2
19 144 2
30 157 1
67 98 2
16 176 2
23 82 2
35 144 2
75 117 2
2 23 2
71 176 1
82 148 1
2 104 2
66 89 2
17 136 2
73 77 2
60 66 2
104 173 2
86 169 1
64 137 2
79 152 2
15 138 1
12 60 2
10 100 2
60 166 2
27 92 2
41 69 2
66 95 2
91 154 1
62 90 2
68 122 2
27 65 2
0 70 2
48 49 2
56 81 2
34 49 2
59 142 1
40 157 1
84 144 2
89 99 2
32 125 1
19 79 2
79 118 2
100 131 2
25 177 1
105 120 2
31 72 2
24 61 2
37 92 2
25 135 2
99 128 2
97 98 2
5 43 2
17 93 2
27 126 1
57 76 2
28 140 2
81 178 2
81 96 2
92 143 2
32 87 2
87 139 1
36 171 1
22 92 2
52 89 2
60 99 2
71 93 2
82 140 1
17 30 2
93 135 1
85 163 2
8 84 2
15 86 2
2 99 2
30 144 1
77 129 2
86 132 2
90 98 2
43 117 2
13 133 2
5 67 2
86 131 2
13 70 2
35 122 2
89 173 1
82 99 2
78 107 2
31 168 2
12 96 2
7 179 2
35 104 2
73 125 2
106 166 2
2 179 2
51 170 1
58 90 2
70 166 2
84 132 2
28 69 2
43 67 2
28 29 2
56 158 2
45 124 1
0 154 2
94 173 2
28 154 1
87 175 2
49 136 2
23 149 1
64 71 2
19 32 2
3 12 2
45 94 2
81 152 2
97 124 2
73 127 2
19 105 2
53 82 2
2 159 2
33 45 2
53 102 2
104 116 2
2 118 2
49 106 2
23 64 2
66 74 2
7 50 2
19 59 2
63 147 1
19 43 2
70 151 2
93 172 2
12 70 2
5 117 2
27 168 1
106 113 1
23 36 2
73 104 2
17 148 1
12 68 2
61 103 2
72 87 2
38 41 2
36 43 2
59 103 2
31 123 2
72 162 2
15 63 2
0 66 2
102 146 2
24 27 2
15 117 1
14 97 2
32 40 2
7 132 2
75 144 1
69 154 1
13 65 2
30 33 2
105 116 1
101 111 1
5 52 2
7 96 2
42 63 2
49 166 2
63 125 1
5 123 1
29 149 2
41 77 2
62 178 1
20 36 2
21 104 2
30 127 1
24 52 2
21 45 2
101 116 2
30 110 2
64 76 2
25 89 2
39 100 2
76 134 2
10 177 2
6 52 2
11 78 2
4 41 2
9 71 2
107 116 1
7 75 2
55 144 2
95 134 2
10 65 2
22 27 2
78 80 2
47 114 2
53 65 2
66 73 2
3 34 2
64 97 2
24 154 2
13 125 1
82 115 2
19 89 2
0 92 2
37 131 2
16 99 2
11 48 2
67 106 2
14 100 2
30 97 2
10 58 2
2 142 2
79 101 2
51 74 2
50 92 2
23 63 2
48 179 2
35 146 1
83 84 2
19 81 2
1 27 2
80 170 1
34 108 2
13 98 2
73 89 2
52 67 2
40 82 2
13 113 1
57 77 2
67 138 2
84 176 2
30 149 2
74 178 1
89 169 2
25 127 2
37 49 2
57 71 2
0 21 2
37 110 1
86 130 2
101 176 2
11 28 2
20 52 2
45 104 2
20 129 2
12 129 2
50 177 2
103 150 1
46 76 2
24 110 1
29 74 2
101 162 2
28 135 1
67 86 2
78 138 2
62 122 1
4 54 2
67 120 2
46 147 2
51 58 2
37 63 2
74 170 1
66 152 2
68 100 2
66 78 2
37 88 2
58 175 2
63 122 2
96 172 2
37 54 2
31 160 2
38 83 2
37 43 2
58 178 2
59 167 2
24 38 2
37 86 2
32 101 2
51 69 2
83 169 1
94 142 2
5 29 2
33 158 1
56 142 1
13 50 2
15 91 2
59 107 2
39 172 1
36 131 2
15 94 2
1 107 2
30 70 2
48 67 2
18 71 2
9 43 2
52 145 1
39 77 2
68 82 2
49 107 2
41 90 2
51 76 2
20 88 2
60 125 2
18 40 2
37 138 2
95 96 2
39 91 2
9 93 2
29 122 1
55 133 1
8 57 2
12 15 2
29 85 2
71 98 2
34 125 2
31 88 2
6 40 2
54 61 2
40 57 2
20 166 2
17 101 2
76 82 2
44 145 1
75 102 2
3 69 2
9 126 1
94 104 2
2 69 2
67 83 2
82 143 1
32 49 2
4 61 2
68 128 1
26 45 2
38 153 1
29 51 2
57 173 2
6 11 2
60 172 2
59 71 2
36 136 1
47 100 2
6 177 2
82 159 2
44 124 2
73 143 1
104 141 1
41 76 2
11 132 1
19 97 2
4 70 2
46 53 2
87 133 2
16 45 2
17 86 2
87 140 2
61 98 2
25 149 1
42 47 2
83 130 2
22 105 2
1 12 2
67 151 2
69 157 2
1 6 2
14 93 2
71 124 2
20 140 1
88 95 2
72 82 2
1 15 2
60 92 2
28 78 2
84 165 2
18 136 2
0 121 1
34 35 2
35 92 2
65 157 2
50 137 2
24 50 2
88 111 2
46 131 2
81 135 2
79 148 1
90 124 1
104 142 2
53 100 2
43 100 2
70 120 2
14 18 2
6 168 2
88 136 2
3 80 2
68 99 2
61 128 2
76 87 2
56 168 2
22 54 2
75 80 2
24 179 2
1 81 2
31 55 2
15 146 2
17 174 2
74 122 1
39 97 2
104 153 2
39 72 2
37 162 1
99 164 2
91 135 2
54 110 2
50 99 2
8 104 2
51 78 2
47 81 2
14 156 2
21 157 2
60 111 2
13 123 1
47 125 2
47 145 2
98 127 1
32 47 2
4 161 1
95 169 2
66 164 1
11 66 2
88 133 2
51 163 2
9 168 2
21 92 2
3 15 2
70 85 2
39 64 2
82 144 2
5 148 2
102 131 2
21 47 2
43 145 2
50 117 2
45 57 2
58 101 2
26 73 2
13 103 2
10 25 2
22 125 1
42 69 2
50 57 2
68 154 2
56 85 2
10 131 2
55 68 2
47 108 2
66 100 2
12 63 2
45 126 2
62 104 2
2 152 2
101 170 1
19 66 2
49 55 2
88 129 2
6 38 2
64 174 2
29 38 2
92 110 2
85 116 2
57 118 2
89 124 2
82 123 2
13 99 2
50 66 2
79 136 2
85 98 2
68 142 2
66 120 1
19 108 1
34 107 2
50 78 2
10 179 2
94 154 2
78 86 2
47 163 2
4 43 2
61 96 2
63 135 1
77 124 2
61 139 2
42 159 2
1 147 1
1 13 2
54 62 2
56 99 2
1 75 2
98 136 2
6 32 2
55 65 2
50 68 2
25 37 2
16 179 2
87 88 2
15 155 2
31 89 2
21 53 2
24 96 2
27 114 1
46 103 2
49 94 2
32 92 2
0 33 2
5 112 2
90 177 2
46 140 2
87 99 2
50 74 2
55 164 1
28 82 2
5 105 2
35 80 2
39 135 2
89 158 2
14 82 2
78 81 2
79 157 1
25 146 1
48 116 1
42 152 2
52 150 2
87 168 1
7 19 2
69 116 2
72 120 1
28 53 2
9 100 2
31 83 2
15 87 2
80 134 2
3 114 2
65 179 2
2 129 2
62 138 1
45 75 2
59 141 2
88 140 1
20 133 2
102 108 2
92 114 2
27 104 2
38 128 2
26 101 2
45 157 2
21 77 2
29 37 2
81 85 2
82 90 2
8 145 1
52 63 2
26 78 2
56 124 1
14 41 2
97 102 2
27 106 2
41 160 2
68 71 2
56 120 2
57 92 2
44 162 2
69 80 2
59 140 2
49 163 2
4 101 2
96 160 1
48 72 2
81 97 2
82 169 2
31 44 2
7 99 2
9 42 2
85 178 2
10 66 2
69 132 2
27 153 2
9 26 2
65 84 2
33 48 2
17 123 2
1 164 1
10 60 2
89 122 1
97 150 1
47 144 2
10 70 2
30 52 2
6 136 2
77 137 2
98 99 2
105 152 2
36 74 2
91 102 2
22 90 2
56 103 2
28 143 2
52 155 2
41 145 2
27 89 2
74 143 2
7 65 2
72 149 2
82 145 2
63 131 1
102 116 2
73 158 2
5 77 2
47 110 2
56 111 2
34 91 2
24 69 2
17 25 2
41 125 2
14 101 2
16 178 2
48 132 1
68 158 1
64 88 2
42 140 1
59 96 2
55 103 2
88 156 1
71 126 2
99 140 2
47 85 2
17 99 2
6 16 2
107 121 2
50 97 2
32 157 2
8 24 2
12 28 2
61 164 2
16 158 2
24 47 2
50 109 2
43 70 2
7 142 1
70 154 1
1 59 2
49 89 2
68 178 1
5 146 2
58 150 1
87 138 1
29 132 2
58 158 1
57 151 2
54 105 2
100 154 2
44 169 1
18 37 2
46 60 2
69 135 1
65 115 1
28 38 2
0 119 2
9 134 2
51 161 2
2 26 2
93 130 2
34 146 2
81 165 2
39 114 2
15 18 2
2 72 2
51 60 2
14 122 2
5 28 2
5 106 2
26 47 2
23 119 2
89 129 2
63 64 2
54 155 2
89 162 2
95 122 1
14 72 2
5 71 2
39 153 2
13 115 1
38 56 2
71 168 2
17 126 2
15 176 2
13 28 2
18 46 2
31 118 2
56 70 2
10 54 2
4 128 2
18 19 2
14 85 2
94 171 2
3 56 2
66 86 2
61 150 1
1 57 2
28 109 2
2 97 2
56 63 2
81 88 2
27 128 1
71 144 2
6 97 2
2 35 2
41 91 2
17 59 2
46 127 2
72 131 2
37 81 2
96 179 1
90 167 2
62 143 2
17 102 2
11 107 2
17 139 2
58 64 2
85 168 2
37 59 2
91 94 2
24 44 2
47 151 1
37 129 2
81 116 1
75 149 1
84 142 2
99 139 1
45 165 2
98 131 2
97 179 1
41 62 2
77 154 1
83 159 1
88 130 2
72 122 2
56 157 2
88 102 2
87 106 2
25 48 2
20 117 1
17 119 2
56 79 2
96 162 1
54 58 2
27 125 2
53 101 2
91 100 2
49 56 2
84 87 2
99 136 1
55 99 2
23 88 2
55 67 2
19 118 1
64 112 1
33 157 2
30 158 2
23 86 2
66 104 2
73 154 1
49 54 2
80 106 2
58 103 2
49 95 2
81 172 1
96 171 2
44 108 1
26 36 2
57 69 2
2 67 2
35 155 2
40 167 2
16 67 2
42 102 2
41 103 2
7 107 2
44 140 2
0 94 2
22 60 2
24 54 2
91 150 1
17 31 2
47 170 1
23 51 2
33 132 2
78 115 1
102 111 1
94 100 2
22 122 2
32 170 1
45 106 2
73 152 2
68 102 2
28 139 1
33 125 1
4 92 2
49 87 2
0 40 2
45 114 2
75 97 2
66 147 2
69 123 1
21 120 2
70 139 1
10 42 2
41 101 2
71 83 2
56 74 2
10 63 2
12 27 2
2 178 2
8 170 2
11 153 1
37 100 2
17 103 2
58 102 2
96 133 2
40 80 2
87 118 2
46 82 2
51 68 2
27 165 1
97 119 2
9 32 2
74 75 2
67 177 2
10 120 2
10 36 2
4 31 2
62 115 1
96 139 2
8 178 1
69 93 2
78 93 2
95 136 1
20 178 2
46 58 2
107 148 1
70 168 1
9 105 2
22 135 2
12 21 2
2 19 2
3 168 1
0 153 1
4 71 2
82 108 1
13 164 2
26 131 1
37 158 2
4 99 2
15 36 2
18 20 2
13 104 2
22 148 2
33 154 1
27 58 2
19 25 2
55 106 2
67 88 2
87 159 1
42 55 2
20 59 2
84 150 2
93 143 1
93 97 2
107 138 2
31 67 2
24 39 2
12 80 2
5 34 2
38 126 2
4 159 1
92 121 2
71 84 2
49 58 2
26 111 1
21 144 2
43 144 2
25 36 2
23 174 2
45 96 2
45 52 2
80 104 2
50 60 2
59 178 2
64 128 2
82 135 1
40 153 1
70 106 2
51 155 1
13 34 2
92 170 1
96 141 2
84 130 2
63 103 2
6 89 2
25 156 2
7 168 2
74 95 2
12 173 2
49 61 2
24 53 2
27 134 2
73 169 2
55 119 2
83 114 2
24 174 2
41 150 1
53 70 2
50 121 2
81 142 2
37 62 2
36 162 2
10 141 2
106 140 2
45 56 2
72 167 1
62 83 2
51 81 2
57 60 2
11 85 2
78 134 2
98 156 2
44 85 2
36 87 2
6 53 2
50 133 2
31 108 2
26 129 2
45 68 2
88 105 2
30 93 2
84 143 1
16 73 2
65 125 2
70 72 2
11 159 2
18 74 2
38 72 2
25 154 2
65 113 2
30 61 2
85 152 2
24 42 2
55 173 2
22 84 2
54 108 2
9 99 2
0 27 2
49 63 2
21 50 2
29 50 2
16 124 1
44 52 2
21 128 1
84 177 2
46 175 1
26 100 2
25 113 1
55 111 1
3 145 2
2 80 2
5 159 2
20 103 2
70 175 2
79 89 2
6 157 2
49 96 2
73 123 1
24 28 2
19 34 2
54 89 2
1 37 2
40 86 2
16 95 2
79 95 2
14 22 2
30 122 2
18 110 1
34 153 2
95 108 2
8 71 2
94 136 2
12 95 2
89 147 2
86 167 2
57 68 2
4 175 2
52 148 2
88 89 2
38 50 2
96 154 1
40 155 1
34 95 2
22 39 2
29 75 2
75 83 2
15 174 1
23 147 2
10 170 2
78 152 2
8 97 2
41 144 2
11 146 2
6 78 2
102 119 2
41 108 1
38 147 2
38 141 2
52 83 2
8 29 2
13 66 2
91 99 2
24 75 2
45 81 2
56 127 2
52 165 2
86 93 2
6 31 2
26 161 2
60 77 2
67 74 2
40 93 2
16 151 2
49 65 2
41 124 2
63 104 2
11 93 2
98 152 2
10 98 2
15 133 2
103 159 2
41 115 2
75 178 1
17 91 2
75 101 2
49 93 2
53 155 1
32 141 2
98 163 1
95 173 2
96 161 2
104 171 2
58 106 2
32 63 2
102 163 2
10 89 2
1 89 2
77 130 2
53 149 1
22 136 2
32 43 2
21 63 2
22 75 2
19 146 2
64 175 2
97 132 1
19 115 2
98 167 2
6 147 1
14 39 2
7 93 2
53 146 2
102 104 2
51 145 2
20 21 2
30 82 2
28 131 2
9 30 2
64 103 2
85 172 2
47 56 2
52 86 2
26 141 2
66 166 1
73 115 2
103 161 2
92 103 2
24 41 2
44 136 2
69 119 1
53 179 2
43 64 2
5 51 2
83 144 2
72 107 2
34 83 2
49 165 2
45 79 2
1 105 2
37 78 2
7 152 1
15 19 2
98 170 2
47 77 2
53 60 2
19 158 1
54 91 2
39 55 2
60 174 2
80 114 2
86 96 2
29 100 2
40 106 2
53 94 2
43 147 2
9 111 2
32 62 2
20 124 2
21 172 1
26 61 2
17 66 2
13 85 2
11 50 2
1 72 2
28 88 2
0 50 2
35 108 2
42 94 2
63 158 1
62 157 2
3 96 2
26 117 2
13 30 2
6 49 2
98 154 2
3 11 2
7 31 2
44 143 2
107 108 1
0 60 2
44 111 2
70 109 2
29 106 2
1 126 2
27 32 2
41 84 2
35 164 2
11 152 2
104 112 1
0 59 2
98 133 2
45 120 2
80 127 2
57 67 2
72 110 2
45 118 2
9 140 2
75 107 2
58 82 2
14 128 2
46 59 2
4 95 2
50 88 2
30 81 2
59 156 1
24 104 2
73 149 1
78 119 2
33 81 2
14 110 2
19 57 2
75 129 2
97 134 1
66 70 2
23 137 2
15 136 2
16 106 2
37 170 2
56 97 2
29 137 2
75 135 2
70 77 2
40 72 2
26 124 1
84 116 1
31 103 2
44 95 2
87 152 2
5 60 2
74 101 2
100 164 2
24 33 2
33 143 2
65 101 2
68 162 1
32 50 2
87 105 2
34 48 2
41 133 1
64 81 2
25 164 2
8 139 2
71 120 1
22 32 2
72 135 1
77 91 2
50 169 2
29 136 1
12 48 2
20 120 2
29 60 2
50 164 2
35 85 2
24 147 2
25 86 2
80 125 2
88 119 2
71 73 2
28 76 2
18 76 2
0 136 2
29 33 2
2 73 2
79 87 2
97 178 2
78 92 2
23 150 2
6 14 2
63 80 2
73 107 2
1 69 2
48 172 1
47 146 2
7 177 1
16 168 1
30 137 1
1 138 2
12 66 2
11 19 2
27 101 2
4 163 1
92 98 2
51 164 2
95 157 2
75 89 2
3 38 2
11 102 2
101 106 2
43 139 2
27 145 2
27 39 2
41 44 2
13 25 2
24 25 2
101 166 2
15 43 2
23 40 2
19 120 1
17 75 2
43 84 2
43 55 2
39 160 1
20 179 2
50 80 2
90 101 2
28 128 2
74 177 1
98 101 2
35 82 2
21 43 2
89 133 2
11 144 1
11 96 2
50 178 2
14 38 2
4 22 2
44 176 1
54 88 2
21 79 2
28 52 2
98 177 2
2 170 2
35 120 2
38 53 2
23 52 2
4 127 2
101 102 2
4 164 2
18 49 2
93 171 2
39 154 2
60 157 2
86 151 2
62 70 2
20 75 2
62 87 2
3 156 2
40 64 2
53 167 2
13 19 2
20 39 2
79 105 2
13 61 2
42 114 1
7 35 2
72 99 2
106 110 2
49 147 2
86 133 2
9 64 2
66 159 2
43 66 2
88 93 2
45 168 2
24 72 2
38 119 2
35 158 2
41 174 2
13 51 2
89 90 2
5 58 2
49 79 2
55 56 2
1 127 1
36 113 2
8 155 2
20 177 2
72 90 2
52 56 2
16 74 2
87 142 2
43 137 2
8 133 1
48 143 1
38 57 2
42 75 2
16 71 2
81 171 2
87 98 2
53 118 2
95 120 1
6 62 2
14 155 1
84 86 2
73 160 2
41 134 2
11 94 2
78 162 1
84 133 2
54 77 2
54 153 2
5 62 2
89 160 2
65 158 2
75 164 2
42 92 2
98 140 1
40 42 2
18 97 2
30 42 2
16 143 1
46 121 1
94 103 2
36 101 2
95 142 1
36 52 2
15 68 2
14 161 2
32 123 2
16 26 2
41 83 2
102 144 2
5 147 2
52 68 2
104 156 1
85 132 1
35 66 2
77 178 2
12 25 2
54 161 2
45 98 2
4 69 2
45 138 1
42 137 2
76 142 1
29 157 1
22 40 2
76 146 2
37 56 2
27 130 2
11 109 2
85 102 2
87 161 2
47 171 2
14 104 2
46 102 2
88 166 2
74 93 2
79 83 2
73 99 2
10 140 2
31 112 2
51 140 1
68 109 1
25 132 2
58 119 1
46 113 2
10 138 2
12 84 2
26 41 2
56 170 2
38 78 2
4 80 2
89 130 2
75 88 2
56 72 2
45 169 1
37 64 2
71 128 2
32 73 2
81 127 2
77 146 2
83 105 2
44 82 2
86 175 2
31 61 2
54 149 1
0 10 2
80 162 2
51 174 2
52 71 2
8 53 2
1 84 2
79 171 2
17 33 2
18 22 2
33 156 2
35 48 2
20 135 2
31 161 2
20 136 2
85 153 2
60 72 2
19 126 1
25 152 1
1 172 2
35 86 2
21 58 2
104 122 1
44 158 2
69 134 1
91 109 2
33 107 2
4 64 2
57 93 2
0 77 2
105 159 2
33 94 2
87 154 1
107 165 2
92 157 2
78 97 2
104 176 2
41 68 2
91 115 1
21 133 2
42 77 2
17 39 2
89 107 2
50 154 2
12 88 2
44 67 2
58 68 2
4 34 2
12 32 2
17 69 2
25 47 2
1 58 2
55 141 2
76 123 2
46 62 2
102 112 2
75 118 1
33 64 2
20 93 2
42 95 2
54 156 2
18 80 2
22 70 2
0 105 2
40 100 2
22 178 2
25 31 2
67 110 1
19 85 2
43 170 1
39 66 2
66 77 2
49 151 1
87 170 2
9 112 2
107 123 2
65 149 2
60 138 1
56 96 2
7 136 1
49 67 2
64 170 2
40 101 2
64 68 2
66 108 1
63 112 2
44 50 2
46 101 2
77 95 2
18 99 2
63 69 2
31 152 2
41 105 2
51 175 2
33 80 2
7 79 2
15 35 2
2 135 1
44 102 2
100 121 1
31 79 2
103 145 1
17 51 2
31 77 2
31 144 2
27 53 2
76 128 1
22 50 2
80 81 2
69 110 2
52 91 2
71 140 2
74 152 2
52 106 2
74 153 2
92 172 1
80 129 1
85 108 1
18 56 2
21 76 2
81 176 2
10 88 2
72 96 2
4 52 2
13 56 2
27 70 2
96 173 2
25 139 2
6 126 1
74 135 2
36 141 2
97 130 2
99 147 2
104 161 2
39 101 2
84 106 2
64 77 2
81 163 2
16 104 2
25 160 1
93 110 2
45 161 2
62 152 1
8 55 2
68 148 2
40 127 2
89 116 2
4 98 2
91 172 1
102 110 2
92 166 2
8 94 2
40 161 2
33 92 2
12 81 2
48 74 2
64 163 1
25 171 1
14 134 1
24 107 2
0 98 2
70 161 1
13 37 2
41 162 2
64 139 2
43 103 2
52 99 2
35 65 2
74 88 2
103 162 2
3 136 2
64 73 2
31 99 2
6 24 2
15 101 2
32 143 2
53 136 1
107 146 2
50 56 2
38 46 2
72 143 2
91 101 2
7 84 2
38 114 1
44 135 2
63 82 2
4 94 2
12 24 2
11 92 2
16 142 2
26 75 2
42 109 2
29 160 1
40 142 2
92 155 2
98 130 2
71 75 2
69 162 2
27 59 2
49 121 1
103 178 1
15 20 2
63 174 2
6 81 2
13 77 2
88 146 2
1 38 2
47 82 2
27 38 2
85 88 2
55 102 2
74 86 2
51 95 2
42 71 2
7 25 2
18 95 2
77 88 2
59 92 2
8 41 2
60 97 2
4 148 2
80 172 2
26 140 2
7 60 2
20 48 2
65 68 2
21 163 2
0 144 1
14 96 2
16 137 2
55 124 2
18 145 2
60 128 2
65 119 2
36 64 2
90 147 1
41 148 2
75 152 2
19 174 2
47 99 2
2 139 2
23 67 2
22 29 2
94 99 2
92 133 1
16 122 1
22 99 2
24 142 2
48 120 2
65 90 2
15 57 2
56 115 2
69 125 1
55 109 2
57 74 2
0 36 2
34 124 2
39 56 2
24 67 2
105 142 2
16 23 2
105 127 2
50 59 2
63 72 2
95 100 2
0 61 2
79 108 1
25 64 2
11 163 2
0 26 2
97 113 1
79 128 2
19 110 1
13 87 2
9 58 2
106 174 1
67 140 2
88 172 1
76 166 2
69 90 2
57 75 2
13 90 2
76 158 1
2 58 2
26 134 2
36 42 2
31 178 1
4 45 2
42 130 2
25 66 2
83 141 2
48 50 2
19 106 2
63 124 1
86 114 2
1 150 2
91 124 1
57 164 2
78 170 1
5 61 2
27 137 1
11 51 2
75 85 2
69 82 2
28 68 2
31 124 1
45 93 2
0 12 2
59 163 2
82 139 2
30 128 1
71 106 2
9 80 2
39 49 2
96 105 2
60 83 2
3 63 2
15 28 2
66 154 1
74 97 2
29 77 2
20 89 2
15 80 2
17 120 1
15 79 2
28 119 1
42 151 2
76 124 1
82 84 2
63 168 2
45 86 2
81 84 2
33 147 2
43 49 2
56 106 2
27 142 2
5 12 2
24 35 2
0 45 2
50 102 2
41 122 2
60 94 2
77 116 2
14 178 1
99 114 2
58 163 2
48 137 2
1 121 1
33 142 1
77 94 2
33 87 2
96 156 2
0 115 2
67 69 2
88 106 2
26 103 2
61 140 2
89 141 2
8 50 2
75 87 2
93 94 2
57 134 2
74 158 2
60 86 2
47 83 2
51 84 2
5 69 2
32 34 2
14 58 2
19 116 1
68 69 2
15 168 2
6 18 2
10 99 2
67 107 2
28 72 2
98 151 2
63 95 2
84 85 2
69 92 2
63 175 2
107 132 1
20 65 2
13 59 2
11 135 2
53 160 1
17 27 2
43 68 2
3 144 2
15 62 2
32 76 2
41 75 2
46 63 2
23 79 2
50 111 2
71 81 2
0 13 2
3 47 2
41 61 2
77 147 2
70 86 2
6 122 1
78 178 2
52 152 2
10 144 2
31 111 2
74 125 2
38 65 2
37 99 2
79 103 2
10 122 2
80 122 2
6 71 2
28 149 2
10 45 2
59 70 2
61 93 2
41 132 2
16 51 2
78 84 2
52 111 2
7 161 2
99 101 2
68 157 2
65 124 2
33 96 2
29 49 2
48 98 2
86 148 2
37 91 2
51 156 1
45 60 2
7 51 2
94 150 1
84 123 2
51 90 2
100 106 2
19 29 2
0 51 2
100 175 2
4 59 2
12 75 2
31 54 2
46 159 1
94 135 1
30 148 1
70 74 2
10 40 2
60 135 1
76 122 2
95 111 2
104 114 2
61 115 1
43 80 2
76 160 2
6 93 2
49 71 2
34 155 1
59 147 2
71 116 2
49 122 1
32 46 2
1 130 1
18 33 2
83 146 2
60 68 2
11 20 2
30 99 2
23 50 2
59 154 2
70 75 2
5 100 2
28 159 2
37 116 2
73 118 2
1 137 2
11 157 2
47 160 2
25 107 2
11 69 2
48 176 2
26 157 2
66 105 2
84 92 2
34 75 2
17 37 2
81 143 2
53 169 2
76 116 1
83 140 2
18 34 2
81 112 2
33 93 2
12 13 2
67 79 2
82 97 2
8 107 2
98 147 2
30 65 2
54 78 2
41 158 2
74 91 2
9 164 2
54 55 2
16 166 1
11 114 2
50 157 2
91 131 2
80 161 2
56 59 2
43 106 2
84 168 2
12 39 2
55 123 2
67 102 2
88 109 1
0 96 2
14 113 2
62 105 2
12 55 2
24 71 2
84 90 2
5 143 1
103 165 2
27 82 2
37 46 2
2 154 2
19 84 2
17 83 2
18 85 2
68 116 1
38 64 2
100 162 1
30 154 2
47 153 2
57 142 1
96 155 2
51 108 2
14 140 2
86 139 1
52 123 2
9 62 2
3 14 2
2 109 1
80 148 1
67 123 2
35 91 2
64 114 2
74 107 2
3 24 2
93 139 2
39 68 2
13 45 2
17 172 2
96 111 1
15 128 2
15 166 1
54 123 2
23 92 2
15 52 2
61 171 2
70 118 1
20 24 2
19 175 2
33 36 2
82 87 2
42 91 2
25 46 2
16 141 2
71 172 2
10 110 1
2 29 2
58 170 2
15 92 2
46 155 2
11 108 2
7 163 2
88 116 2
55 127 2
101 136 2
99 119 2
18 152 2
65 135 1
12 137 2
2 79 2
25 55 2
100 128 1
23 57 2
9 161 1
97 105 2
46 80 2
14 26 2
8 51 2
21 173 1
7 149 1
20 172 1
68 107 2
88 157 2
34 129 2
24 62 2
60 95 2
27 122 2
6 150 1
1 124 2
42 80 2
47 72 2
30 74 2
32 95 2
20 33 2
51 64 2
102 120 2
19 129 2
102 178 2
100 140 2
42 48 2
24 40 2
84 109 2
86 143 2
79 115 2
61 119 2
76 85 2
14 132 2
44 81 2
81 154 2
39 54 2
59 176 2
6 159 1
31 63 2
83 158 2
15 121 2
32 142 2
66 84 2
55 174 2
7 8 2
65 70 2
14 48 2
18 178 2
14 107 2
80 108 2
42 150 2
9 56 2
90 170 2
50 61 2
37 128 1
5 109 2
78 139 1
102 124 2
44 99 2
1 151 1
55 69 2
23 81 2
29 44 2
4 55 2
5 14 2
34 71 2
62 131 2
67 101 2
79 90 2
48 107 2
93 126 1
53 128 1
80 171 2
40 151 1
21 170 2
10 75 2
2 128 2
48 62 2
89 175 2
60 142 2
4 77 2
88 145 1
88 165 2
50 175 2
9 174 1
39 48 2
46 51 2
65 83 2
78 118 2
3 13 2
83 85 2
15 83 2
35 54 2
72 146 1
20 62 2
11 101 2
21 121 2
48 71 2
7 13 2
5 64 2
64 159 2
15 160 2
29 66 2
19 122 1
54 87 2
19 104 2
51 86 2
73 155 2
9 90 2
36 96 2
67 146 2
6 178 2
42 83 2
22 96 2
36 68 2
40 84 2
36 47 2
7 15 2
26 116 2
48 65 2
2 66 2
67 116 2
30 147 1
102 175 2
50 142 2
59 158 2
22 31 2
29 59 2
42 99 2
22 128 2
10 71 2
15 147 2
2 21 2
52 61 2
71 158 1
74 127 2
42 105 2
18 30 2
41 80 2
65 87 2
53 90 2
13 96 2
34 89 2
3 118 2
62 102 2
93 95 2
2 39 2
49 145 2
34 93 2
91 130 1
94 172 2
2 174 2
41 72 2
103 160 2
37 66 2
28 51 2
8 90 2
19 179 2
61 104 2
14 83 2
64 135 1
7 28 2
22 144 2
36 83 2
2 70 2
10 152 2
21 168 2
33 58 2
67 97 2
26 68 2
58 73 2
4 20 2
86 105 2
18 75 2
59 174 1
49 52 2
78 103 2
10 81 2
17 105 2
69 160 1
103 110 2
48 177 1
41 146 1
32 38 2
106 126 2
33 97 2
5 136 1
106 142 2
14 160 2
8 62 2
45 71 2
23 139 2
7 14 2
69 98 2
27 167 2
21 175 1
49 86 2
84 125 2
23 133 2
9 127 2
68 149 2
18 92 2
73 150 1
5 8 2
6 37 2
35 73 2
31 115 2
64 131 1
83 104 2
4 131 1
22 57 2
1 85 2
87 100 2
99 135 1
10 90 2
56 77 2
35 179 2
9 83 2
81 173 1
48 165 1
12 45 2
32 171 1
62 74 2
45 121 1
87 94 2
59 173 2
59 65 2
17 165 2
0 90 2
70 88 2
44 137 2
15 175 2
23 24 2
35 97 2
35 170 1
17 143 2
69 173 2
53 119 2
99 102 2
7 88 2
3 174 2
10 116 2
33 100 2
92 159 2
38 44 2
38 47 2
87 131 1
86 149 2
29 83 2
24 124 2
3 46 2
58 127 2
44 155 2
8 82 2
51 135 2
86 97 2
98 100 2
86 134 2
11 81 2
9 114 1
23 55 2
88 127 2
30 36 2
47 140 2
16 164 2
65 176 1
48 55 2
21 60 2
7 29 2
27 73 2
61 147 1
10 103 2
58 89 2
89 178 2
16 171 2
32 90 2
37 140 2
47 50 2
60 146 2
5 94 2
47 48 2
40 67 2
9 27 2
36 144 2
91 176 2
5 137 2
1 42 2
49 127 2
30 156 1
43 53 2
104 123 2
11 75 2
15 178 2
46 156 2
52 170 1
44 107 2
86 138 2
8 105 2
36 105 2
43 172 1
6 90 2
37 69 2
37 53 2
34 65 2
86 150 2
24 94 2
50 167 1
40 116 2
48 68 2
33 95 2
35 114 2
54 84 2
26 31 2
23 167 2
60 62 2
92 99 2
23 113 2
40 59 2
73 112 2
24 157 1
39 63 2
82 160 2
5 49 2
10 15 2
0 165 2
21 72 2
86 99 2
46 54 2
100 107 2
13 14 2
43 177 2
28 157 1
26 108 1
16 27 2
40 79 2
4 130 2
24 55 2
14 169 2
18 171 2
25 133 2
9 169 1
29 82 2
2 85 2
64 157 2
40 120 1
27 96 2
59 76 2
57 89 2
9 92 2
43 135 2
37 89 2
42 134 2
48 106 2
69 108 2
42 106 2
101 163 2
9 113 2
14 144 1
65 107 2
70 123 2
61 124 1
41 64 2
3 83 2
34 148 1
82 110 1
75 124 2
7 44 2
106 129 2
82 150 1
36 133 2
50 129 2
14 55 2
13 134 1
15 39 2
82 170 2
61 137 2
96 131 1
14 57 2
73 124 2
99 107 2
31 93 2
12 99 2
90 153 1
9 139 1
4 133 1
73 106 2
20 125 2
13 109 2
13 172 1
71 125 1
26 44 2
2 68 2
77 79 2
18 50 2
55 110 2
70 115 2
14 69 2
1 97 2
34 157 2
19 69 2
74 139 1
2 78 2
21 32 2
95 146 1
96 100 2
64 148 1
6 96 2
51 124 2
94 97 2
49 169 2
1 91 2
31 57 2
72 126 2
44 76 2
101 130 2
19 42 2
42 171 2
69 85 2
33 66 2
0 157 2
0 3 2
99 106 2
99 153 2
48 58 2
76 107 2
55 98 2
93 179 2
63 172 1
57 119 1
39 51 2
87 96 2
75 99 2
90 171 2
92 130 2
24 79 2
83 167 2
4 9 2
26 37 2
83 157 1
21 66 2
67 170 1
14 56 2
31 36 2
43 76 2
92 129 2
65 103 2
80 98 2
45 103 2
20 92 2
9 36 2
1 47 2
5 89 2
3 113 1
55 91 2
9 122 2
59 106 2
24 84 2
5 156 2
54 130 2
4 36 2
8 54 2
0 127 1
66 97 2
88 112 2
71 138 1
91 93 2
55 104 2
49 141 2
29 127 1
10 53 2
0 35 2
27 79 2
14 158 2
5 53 2
42 119 2
57 86 2
103 163 2
24 148 2
21 94 2
4 158 2
71 146 2
29 125 2
16 89 2
35 136 1
70 156 2
0 37 2
52 146 2
4 166 1
44 73 2
13 121 1
3 158 1
25 106 2
6 22 2
75 98 2
97 140 1
43 94 2
5 20 2
0 71 2
33 163 1
14 17 2
20 23 2
13 49 2
17 95 2
79 124 2
25 41 2
60 169 2
10 50 2
37 58 2
65 97 2
89 101 2
55 75 2
40 60 2
106 148 2
22 80 2
13 63 2
1 19 2
37 94 2
36 53 2
24 152 2
16 150 1
0 22 2
17 87 2
82 86 2
41 172 1
5 173 1
24 34 2
52 109 1
9 136 2
85 169 2
35 113 1
2 76 2
0 38 2
78 173 2
36 70 2
91 168 2
19 94 2
0 15 2
68 110 1
14 177 2
63 109 2
93 170 2
71 122 2
28 120 1
103 117 1
77 92 2
8 120 2
4 97 2
5 172 1
28 170 1
22 41 2
65 111 1
106 107 2
12 120 1
66 75 2
54 80 2
17 58 2
40 47 2
44 105 2
83 100 2
53 104 2
83 127 2
96 136 2
22 59 2
51 83 2
6 106 2
96 176 1
16 117 2
101 141 2
27 118 1
87 167 2
85 156 2
74 100 2
43 161 2
97 142 1
40 99 2
102 156 2
48 141 2
23 131 2
67 89 2
41 82 2
22 174 1
7 61 2
32 104 2
19 68 2
46 152 2
27 100 2
17 56 2
22 167 2
9 141 2
16 118 2
52 73 2
20 63 2
52 141 2
2 20 2
63 119 2
62 159 2
8 126 2
37 156 2
0 24 2
64 80 2
7 130 2
51 112 1
48 54 2
32 154 1
14 149 2
9 12 2
61 118 1
18 25 2
3 91 2
72 151 1
4 14 2
78 96 2
31 84 2
95 104 2
22 165 2
68 126 1
9 124 1
2 157 1
43 50 2
31 141 1
97 141 2
48 110 2
21 24 2
22 170 1
56 136 1
107 172 2
102 162 2
88 114 2
22 79 2
82 117 2
33 159 2
55 151 1
25 93 2
92 140 2
49 62 2
38 168 1
36 103 2
97 127 2
24 172 2
97 121 2
89 119 2
20 127 2
105 144 1
86 100 2
21 42 2
51 177 1
51 65 2
97 163 1
11 76 2
8 73 2
61 84 2
11 47 2
71 112 2
92 162 2
0 130 2
42 129 2
3 175 2
59 73 2
75 100 2
33 72 2
48 86 2
77 83 2
34 84 2
57 175 2
68 174 2
64 106 2
19 67 2
91 123 1
66 106 2
22 131 2
1 144 2
28 151 1
36 139 2
1 14 2
58 83 2
43 54 2
32 110 2
74 105 2
13 18 2
23 115 1
7 36 2
59 80 2
82 89 2
48 169 1
27 77 2
85 137 2
8 87 2
43 133 2
59 165 2
22 81 2
51 142 1
31 101 2
93 152 2
103 170 1
29 39 2
13 26 2
56 91 2
96 159 1
52 156 2
10 91 2
104 134 2
4 13 2
37 113 2
30 77 2
15 55 2
4 113 2
94 128 1
39 92 2
101 158 2
50 140 1
81 107 2
92 178 2
53 163 1
72 148 2
30 76 2
83 107 2
78 132 1
84 88 2
59 68 2
58 100 2
25 53 2
56 89 2
16 113 2
58 65 2
24 30 2
32 42 2
0 75 2
18 130 2
8 26 2
81 146 2
105 132 1
32 93 2
27 102 2
30 109 1
56 64 2
7 47 2
82 178 2
23 62 2
25 105 2
43 85 2
66 173 1
54 178 2
73 92 2
89 120 1
88 161 2
13 120 1
51 173 2
24 76 2
83 126 2
42 112 1
16 174 2
85 146 2
71 165 2
6 121 2
53 69 2
48 117 1
13 124 1
48 84 2
34 130 1
39 59 2
98 166 1
35 59 2
41 49 2
30 160 2
35 139 2
9 173 2
40 152 1
6 20 2
11 124 2
7 33 2
12 51 2
14 66 2
9 54 2
26 82 2
9 44 2
16 60 2
27 107 2
20 95 2
72 170 2
35 132 2
20 46 2
9 65 2
32 72 2
36 39 2
7 9 2
86 92 2
74 106 2
89 148 2
46 122 2
22 142 2
13 15 2
43 129 2
77 131 2
63 84 2
104 121 1
98 165 2
80 97 2
24 101 2
30 107 2
14 19 2
58 86 2
51 138 2
15 106 2
37 160 2
79 178 2
0 138 2
102 171 2
15 67 2
97 160 2
30 39 2
21 48 2
28 125 1
93 153 2
76 141 1
68 83 2
79 111 2
101 121 1
106 147 1
59 95 2
62 63 2
89 131 2
55 86 2
28 36 2
99 118 2
12 174 1
40 125 2
31 35 2
99 166 2
37 120 2
40 174 1
9 103 2
61 72 2
62 86 2
73 82 2
30 45 2
91 97 2
0 172 2
24 58 2
100 139 1
26 77 2
10 165 2
98 103 2
12 104 2
8 96 2
70 136 1
1 71 2
80 146 1
43 140 1
56 119 1
93 96 2
88 179 2
70 177 1
47 149 1
33 130 2
34 77 2
56 176 2
30 59 2
53 77 2
40 58 2
62 98 2
11 32 2
76 78 2
63 94 2
99 167 2
5 55 2
1 25 2
23 74 2
40 172 1
90 132 2
13 72 2
82 105 2
66 68 2
39 74 2
24 102 2
106 155 2
54 92 2
55 82 2
37 103 2
42 72 2
11 97 2
47 175 1
58 98 2
72 95 2
61 86 2
7 34 2
30 130 2
93 104 2
9 73 2
99 161 2
90 178 2
52 175 2
63 145 2
37 152 2
25 102 2
76 171 2
4 141 2
63 102 2
92 145 1
104 135 2
10 56 2
70 119 2
65 92 2
60 171 1
69 151 1
76 157 2
77 142 1
20 70 2
48 66 2
78 89 2
50 160 2
67 129 1
1 40 2
13 148 2
57 113 1
8 67 2
17 34 2
14 45 2
67 82 2
56 144 2
61 168 2
83 173 2
14 70 2
60 76 2
13 178 1
80 166 1
12 162 1
26 107 2
2 27 2
51 111 1
51 98 2
76 96 2
35 119 2
40 143 2
63 114 2
59 82 2
2 101 2
93 147 2
26 56 2
15 124 2
33 50 2
63 111 2
87 92 2
105 151 2
100 169 2
67 72 2
104 113 1
45 67 2
22 52 2
17 92 2
16 147 1
4 12 2
46 137 2
33 151 2
101 167 2
81 136 2
39 82 2
2 15 2
6 39 2
31 38 2
17 154 2
18 81 2
51 144 2
5 96 2
9 33 2
57 100 2
69 175 1
15 114 2
12 110 2
23 26 2
16 93 2
42 125 2
30 75 2
36 145 1
24 160 1
6 170 2
4 63 2
12 103 2
40 176 2
14 159 2
2 111 2
77 138 1
15 82 2
3 8 2
103 134 2
85 86 2
69 146 1
44 88 2
68 167 2
32 156 1
9 68 2
38 170 2
29 164 2
37 71 2
59 85 2
3 72 2
82 162 2
22 123 2
80 87 2
87 108 2
48 60 2
55 116 2
30 58 2
33 59 2
26 85 2
55 152 2
72 177 2
37 41 2
80 116 2
28 96 2
9 86 2
79 175 2
32 134 2
20 97 2
38 152 2
52 127 2
29 172 2
9 130 2
7 64 2
26 156 1
38 90 2
26 64 2
8 163 2
26 32 2
7 74 2
70 104 2
4 93 2
57 91 2
41 67 2
67 70 2
40 87 2
2 42 2
47 148 2
14 87 2
96 130 1
16 56 2
12 152 2
83 116 2
77 96 2
47 156 2
16 100 2
65 134 2
64 168 1
19 91 2
22 46 2
39 145 2
38 43 2
64 147 1
22 103 2
58 172 1
103 121 2
57 64 2
86 166 2
76 156 1
44 104 2
34 172 2
83 151 2
73 166 2
98 126 2
47 98 2
86 172 1
34 92 2
107 141 2
75 141 1
70 79 2
81 167 2
50 94 2
10 143 1
39 94 2
31 33 2
32 80 2
53 89 2
37 109 2
97 129 2
72 101 2
60 90 2
22 107 2
50 90 2
76 154 2
27 164 1
38 74 2
0 133 2
14 153 2
21 177 2
39 173 2
15 46 2
42 87 2
23 80 2
31 40 2
95 139 2
27 54 2
40 75 2
89 152 2
44 130 1
1 51 2
86 157 1
27 55 2
5 84 2
22 62 2
16 18 2
36 97 2
43 169 1
35 131 1
36 148 2
5 45 2
75 132 1
63 92 2
22 95 2
16 64 2
6 12 2
72 77 2
69 73 2
17 42 2
40 108 1
12 46 2
3 125 2
31 102 2
10 166 1
28 61 2
4 47 2
41 53 2
84 107 2
90 111 1
4 85 2
105 169 1
46 84 2
71 159 2
63 148 2
8 56 2
47 172 2
84 94 2
50 67 2
34 115 2
32 149 2
20 67 2
8 60 2
62 133 1
94 164 1
79 107 2
45 162 2
107 158 1
53 96 2
73 176 1
51 107 2
48 94 2
39 118 2
64 124 2
0 99 2
87 179 1
6 151 2
78 101 2
35 67 2
5 25 2
48 82 2
100 116 2
13 149 2
97 177 2
70 78 2
92 136 2
49 97 2
25 117 1
32 67 2
100 142 2
19 109 1
13 116 1
70 146 2
23 144 2
32 133 1
42 98 2
74 83 2
49 170 2
29 146 2
62 148 2
32 102 2
29 73 2
9 154 2
38 68 2
1 56 2
78 111 2
62 160 2
79 156 2
17 26 2
41 42 2
57 102 2
7 91 2
16 50 2
49 114 2
61 166 2
10 101 2
83 102 2
25 57 2
85 109 1
52 80 2
26 127 2
1 48 2
8 49 2
6 113 1
43 69 2
65 133 1
8 78 2
25 87 2
8 58 2
40 73 2
46 56 2
48 52 2
58 115 1
33 35 2
65 110 2
93 137 1
35 103 2
43 143 1
9 67 2
68 80 2
86 164 1
39 40 2
32 96 2
29 170 1
28 63 2
58 162 2
89 135 2
26 48 2
5 81 2
62 66 2
80 139 2
25 72 2
63 144 2
26 33 2
64 83 2
40 115 2
60 163 2
53 83 2
42 67 2
87 107 2
44 86 2
10 80 2
31 42 2
9 69 2
68 105 2
29 68 2
37 73 2
15 23 2
26 87 2
35 126 2
97 162 2
103 139 2
35 141 2
29 145 1
68 94 2
0 8 2
26 110 1
29 62 2
66 174 1
63 99 2
11 60 2
102 148 2
19 75 2
62 69 2
47 102 2
4 53 2
2 13 2
100 125 2
76 101 2
26 58 2
95 102 2
13 33 2
60 78 2
92 120 2
77 153 1
48 102 2
94 138 2
22 176 2
97 101 2
94 113 2
63 129 2
37 83 2
57 106 2
40 70 2
69 165 2
90 99 2
68 114 1
92 149 1
43 92 2
24 83 2
0 28 2
104 118 2
78 110 1
70 92 2
102 113 1
82 88 2
53 141 2
61 81 2
10 135 1
59 67 2
36 152 2
36 168 2
53 120 2
2 52 2
41 56 2
45 133 2
54 82 2
1 11 2
11 42 2
28 42 2
40 81 2
38 140 2
9 104 2
18 106 2
21 29 2
17 110 1
74 150 1
70 101 2
24 132 2
70 71 2
12 16 2
40 105 2
69 83 2
22 120 1
55 92 2
50 116 2
19 159 2
46 48 2
74 85 2
75 177 2
67 108 1
21 83 2
6 33 2
0 18 2
71 103 2
8 35 2
59 89 2
15 48 2
54 119 2
46 143 2
27 40 2
105 109 1
28 54 2
8 18 2
77 144 2
86 160 2
19 141 2
18 54 2
58 60 2
54 145 2
75 146 2
67 117 1
3 101 2
34 72 2
28 86 2
32 94 2
34 90 2
10 24 2
80 126 2
26 63 2
2 107 2
64 94 2
39 57 2
7 66 2
12 169 2
10 121 2
4 26 2
92 95 2
77 143 2
58 125 2
66 143 1
52 60 2
10 37 2
32 159 1
2 98 2
0 79 2
4 84 2
34 135 2
34 139 1
68 146 2
54 157 2
8 152 2
27 43 2
18 148 2
24 85 2
38 138 1
25 44 2
105 122 2
5 68 2
23 84 2
21 132 2
57 66 2
22 164 1
45 70 2
28 126 1
93 174 2
3 132 1
45 48 2
91 147 2
49 105 2
57 123 1
20 144 2
77 172 1
4 83 2
27 63 2
8 162 2
54 63 2
2 32 2
44 94 2
51 132 2
61 129 2
27 172 2
7 166 2
72 132 2
77 133 2
103 143 2
92 122 2
61 63 2
89 132 1
0 76 2
49 60 2
82 129 1
27 90 2
15 53 2
11 133 1
3 146 2
3 93 2
12 141 2
62 173 2
25 121 2
23 56 2
0 1 2
52 103 2
31 86 2
28 161 1
14 152 2
85 118 2
71 77 2
6 148 1
86 171 2
90 93 2
26 30 2
67 78 2
39 47 2
13 38 2
97 123 2
63 90 2
3 160 2
39 175 1
8 9 2
14 30 2
26 67 2
16 91 2
5 41 2
65 80 2
21 65 2
94 148 2
34 66 2
39 50 2
17 18 2
11 35 2
3 143 2
9 11 2
19 170 2
99 117 2
12 31 2
16 96 2
63 89 2
13 42 2
26 65 2
45 177 1
55 79 2
30 57 2
65 94 2
16 68 2
78 153 2
72 79 2
49 74 2
68 151 1
92 101 2
12 72 2
95 105 2
30 174 1
100 104 2
103 149 1
72 81 2
33 34 2
73 117 2
38 109 1
14 123 1
95 135 1
37 38 2
84 179 2
13 131 1
31 164 2
59 101 2
16 52 2
82 127 2
6 34 2
44 100 2
52 93 2
37 42 2
42 62 2
65 152 1
15 73 2
10 145 2
62 110 1
73 93 2
7 89 2
26 106 2
75 142 2
83 88 2
30 63 2
5 59 2
8 122 1
25 32 2
0 141 1
97 106 2
45 78 2
4 58 2
53 62 2
44 79 2
22 28 2
66 92 2
83 179 1
53 88 2
89 151 2
96 98 2
94 101 2
71 167 2
3 165 1
96 119 1
42 176 2
83 153 1
26 102 2
63 98 2
9 45 2
47 49 2
30 32 2
106 146 2
74 140 2
53 123 1
84 124 1
25 100 2
104 169 2
22 104 2
51 115 2
87 157 1
28 35 2
15 24 2
40 121 1
56 87 2
0 4 2
0 158 1
52 131 2
54 98 2
8 83 2
20 29 2
52 55 2
35 106 2
15 54 2
11 84 2
17 164 1
23 155 1
61 97 2
19 72 2
38 169 2
27 67 2
3 97 2
6 55 2
36 157 2
62 81 2
15 165 2
17 156 2
61 85 2
2 31 2
100 135 2
18 103 2
93 142 1
81 86 2
95 170 2
85 114 1
40 178 2
2 82 2
38 107 2
19 87 2
66 130 2
22 147 2
39 176 1
63 83 2
66 99 2
38 73 2
36 122 2
73 94 2
7 122 2
14 165 2
34 101 2
55 60 2
30 35 2
24 48 2
1 96 2
60 107 2
49 118 1
46 104 2
22 140 1
4 124 2
102 161 2
9 66 2
1 167 2
107 135 2
102 176 2
42 81 2
12 38 2
70 90 2
105 163 1
89 110 2
102 159 1
20 164 2
64 89 2
15 31 2
80 83 2
101 143 2
15 84 2
95 176 2
11 73 2
66 113 2
35 135 1
56 84 2
43 82 2
22 26 2
53 55 2
12 148 2
46 72 2
34 42 2
33 179 2
62 84 2
34 98 2
9 88 2
27 127 2
6 85 2
9 63 2
41 157 1
20 157 1
20 118 2
80 135 2
31 80 2
0 48 2
88 101 2
33 40 2
25 92 2
35 47 2
60 80 2
60 109 2
52 78 2
49 139 2
14 15 2
22 34 2
81 93 2
65 126 2
83 123 2
16 173 2
3 51 2
56 172 2
29 131 2
11 14 2
50 127 2
82 96 2
56 83 2
104 143 1
98 128 2
66 140 2
36 89 2
61 94 2
96 99 2
7 26 2
9 31 2
11 57 2
29 71 2
71 150 2
55 117 2
92 142 2
39 111 2
29 57 2
61 135 2
6 67 2
54 126 1
39 155 2
54 102 2
11 131 2
70 125 2
51 117 2
7 125 1
42 135 2
6 111 2
21 106 2
41 95 2
16 97 2
20 139 2
26 54 2
84 102 2
64 169 2
63 150 1
16 90 2
73 126 2
22 33 2
13 24 2
25 162 2
45 175 2
87 169 2
63 96 2
46 85 2
67 113 1
101 154 2
35 163 2
15 159 2
10 124 2
9 101 2
64 143 1
96 97 2
2 96 2
9 78 2
82 111 1
85 148 1
77 117 1
29 86 2
11 138 2
33 37 2
47 132 1
86 152 2
75 157 1
101 103 2
74 163 2
44 49 2
56 92 2
55 137 1
100 141 2
16 59 2
30 102 2
6 140 1
12 140 2
37 67 2
71 90 2
76 105 2
42 178 2
30 152 2
28 75 2
64 138 2
28 156 2
87 121 1
4 11 2
22 168 2
21 81 2
102 139 2
36 126 2
47 120 2
61 73 2
27 91 2
75 171 2
28 179 2
36 59 2
45 127 2
80 176 1
47 159 2
18 125 2
55 94 2
84 172 2
90 140 2
29 129 2
83 99 2
101 174 2
46 91 2
102 177 2
22 73 2
25 54 2
13 75 2
50 126 1
19 58 2
61 70 2
37 75 2
13 145 2
17 19 2
4 169 2
4 29 2
44 54 2
21 153 2
48 85 2
34 113 2
106 176 2
0 110 2
44 154 2
13 47 2
42 139 2
25 65 2
5 103 2
19 70 2
72 80 2
28 90 2
44 83 2
40 90 2
14 77 2
72 93 2
54 166 1
100 117 2
27 97 2
43 109 2
22 166 2
85 89 2
35 178 2
32 83 2
3 109 2
15 74 2
3 36 2
36 127 2
13 76 2
55 58 2
10 104 2
72 157 2
53 147 1
12 90 2
9 151 2
31 64 2
45 143 1
29 102 2
21 176 2
10 12 2
25 79 2
68 164 2
4 23 2
12 53 2
99 112 2
23 107 2
21 59 2
83 143 1
15 81 2
32 151 2
41 137 2
23 60 2
32 86 2
72 112 2
64 78 2
4 173 2
65 142 2
97 135 1
93 118 1
8 151 2
92 116 2
37 149 1
95 179 2
22 161 1
38 148 2
6 28 2
26 93 2
2 165 1
105 114 2
20 27 2
37 96 2
47 127 2
35 165 2
97 157 2
49 140 2
94 179 1
35 61 2
92 174 1
41 159 1
9 106 2
30 89 2
87 110 2
102 109 1
98 179 1
9 96 2
49 132 1
41 126 1
63 76 2
25 69 2
95 140 2
95 98 2
72 74 2
59 128 2
11 121 2
11 72 2
41 78 2
101 110 2
26 112 2
40 122 2
83 103 2
15 51 2
24 88 2
6 57 2
83 106 2
30 170 2
5 15 2
6 44 2
65 104 2
60 84 2
53 171 2
66 142 2
10 106 2
8 92 2
55 96 2
50 106 2
84 158 2
28 127 1
15 163 2
87 97 2
8 21 2
48 142 2
19 178 2
14 49 2
8 39 2
8 52 2
24 31 2
100 120 1
48 111 2
30 71 2
54 59 2
31 159 2
38 69 2
69 131 2
49 138 2
45 99 2
13 89 2
11 36 2
62 100 2
7 21 2
73 131 1
85 147 2
21 27 2
28 57 2
26 136 2
17 98 2
21 82 2
76 100 2
51 79 2
70 165 2
40 52 2
62 94 2
41 45 2
58 94 2
25 140 2
75 167 1
106 118 2
72 175 2
79 99 2
68 88 2
21 101 2
0 31 2
89 91 2
89 170 1
66 85 2
12 29 2
38 130 2
88 141 2
26 172 2
8 118 2
22 38 2
42 162 2
11 100 2
9 41 2
20 66 2
32 61 2
14 50 2
34 64 2
106 121 2
11 136 1
28 172 2
87 90 2
30 34 2
33 146 1
92 150 1
14 16 2
89 98 2
49 176 2
50 120 1
56 121 2
6 114 2
105 148 2
96 115 1
50 85 2
39 102 2
57 90 2
91 166 1
77 150 2
46 83 2
53 95 2
66 169 2
43 57 2
62 112 1
65 85 2
28 129 2
17 117 2
12 155 2
39 158 1
53 76 2
34 118 2
67 100 2
12 167 2
99 137 2
36 48 2
15 118 2
8 131 2
31 49 2
104 125 1
10 59 2
17 151 2
32 164 2
16 41 2
75 82 2
33 109 1
22 77 2
3 171 1
34 39 2
97 146 1
1 24 2
53 138 1
16 72 2
46 64 2
5 63 2
29 167 1
96 101 2
78 141 2
78 168 1
50 174 2
81 121 2
32 33 2
19 163 1
4 72 2
45 142 2
13 161 2
22 155 2
63 88 2
4 66 2
6 163 2
1 35 2
21 28 2
62 88 2
105 126 1
71 94 2
1 16 2
87 91 2
8 119 2
55 150 1
3 39 2
30 87 2
73 88 2
18 90 2
100 152 2
47 95 2
17 35 2
102 133 2
83 172 2
44 90 2
35 77 2
57 152 2
97 159 1
3 66 2
20 104 2
78 155 2
59 104 2
36 160 2
85 104 2
26 143 1
4 65 2
14 151 1
36 92 2
104 140 1
86 153 2
56 167 1
24 163 2
15 104 2
46 73 2
33 71 2
97 103 2
65 132 2
73 137 2
86 119 2
103 164 2
57 87 2
5 170 2
41 51 2
55 66 2
37 97 2
73 74 2
13 29 2
69 127 1
6 171 1
5 104 2
47 54 2
93 131 1
74 134 2
23 118 1
44 121 2
15 102 2
89 137 1
31 32 2
44 46 2
70 135 2
86 98 2
57 137 2
77 100 2
5 92 2
70 108 2
31 107 2
51 103 2
57 125 1
7 175 1
3 57 2
106 131 2
72 145 2
57 105 2
38 101 2
12 59 2
67 93 2
24 164 1
58 179 2
27 60 2
53 127 2
93 167 1
71 175 2
10 68 2
60 89 2
29 35 2
75 78 2
28 87 2
43 153 2
28 100 2
25 104 2
4 154 1
40 128 2
19 53 2
85 117 2
48 171 2
99 103 2
10 20 2
88 104 2
47 138 1
13 170 2
0 17 2
22 87 2
3 68 2
2 36 2
13 55 2
59 98 2
52 76 2
22 160 2
86 89 2
61 71 2
80 131 2
57 160 1
52 147 2
9 77 2
107 120 2
26 28 2
2 30 2
2 53 2
23 93 2
92 141 2
56 88 2
18 139 1
56 129 1
77 121 1
53 63 2
90 160 2
41 130 2
3 62 2
18 121 2
78 159 2
9 57 2
82 106 2
84 140 1
7 90 2
55 77 2
97 100 2
61 112 1
39 130 2
64 74 2
67 115 2
84 114 1
85 107 2
66 133 2
30 146 1
6 13 2
45 82 2
54 127 1
16 33 2
58 85 2
32 78 2
105 107 2
41 177 1
14 24 2
57 98 2
7 41 2
34 59 2
5 102 2
50 65 2
31 114 1
42 89 2
81 100 2
25 172 2
46 88 2
34 86 2
49 51 2
14 139 1
29 128 2
68 73 2
28 43 2
40 119 2
53 98 2
93 105 2
7 117 2
57 135 2
96 152 2
67 111 1
7 45 2
33 39 2
68 86 2
12 128 2
46 49 2
7 52 2
86 155 2
32 146 2
19 55 2
28 91 2
24 127 2
45 84 2
64 117 2
42 146 2
81 91 2
79 88 2
70 131 2
84 97 2
21 156 1
61 125 1
51 118 2
41 74 2
58 59 2
69 148 2
60 158 2
47 71 2
50 58 2
61 107 2
31 82 2
28 56 2
8 61 2
33 176 1
62 114 1
34 80 2
69 163 2
16 88 2
34 171 1
80 177 2
15 47 2
47 101 2
5 18 2
14 170 2
39 71 2
51 91 2
53 132 1
50 81 2
36 56 2
106 112 1
34 102 2
6 86 2
26 148 2
39 179 2
16 28 2
27 30 2
97 155 2
95 126 2
74 111 1
84 151 2
8 89 2
80 100 2
6 29 2
5 72 2
38 62 2
26 144 2
6 15 2
42 149 1
61 68 2
93 102 2
45 51 2
29 153 2
42 54 2
2 77 2
100 110 1
8 10 2
41 140 2
104 162 2
86 173 1
103 176 1
16 55 2
71 87 2
4 100 2
25 119 1
57 145 2
86 120 2
10 39 2
33 105 2
59 170 1
14 133 1
84 145 2
68 79 2
12 67 2
89 100 2
55 70 2
10 142 1
79 102 2
10 149 2
68 118 2
54 122 2
19 148 1
91 120 2
103 125 1
56 67 2
23 33 2
76 115 1
3 17 2
54 101 2
18 167 2
60 100 2
18 69 2
26 42 2
33 172 2
49 69 2
34 63 2
80 157 2
3 41 2
65 106 2
43 93 2
57 65 2
16 58 2
70 93 2
6 144 1
86 137 2
102 122 1
50 69 2
32 118 2
4 119 2
26 122 1
15 72 2
82 94 2
3 61 2
32 161 2
81 149 2
89 126 1
6 102 2
92 169 2
86 95 2
6 42 2
35 72 2
58 160 2
24 171 2
60 61 2
30 48 2
50 72 2
68 81 2
55 88 2
4 107 2
15 107 2
8 91 2
38 112 2
96 151 1
6 172 2
49 161 2
89 177 2
21 140 1
78 177 1
51 128 2
6 65 2
41 73 2
38 116 2
61 66 2
28 39 2
5 168 2
54 68 2
47 142 1
23 61 2
26 151 2
39 124 2
53 140 2
36 57 2
85 165 1
4 136 1
2 64 2
18 137 2
39 99 2
26 121 1
18 39 2
28 55 2
77 174 2
106 123 1
32 148 2
22 100 2
69 168 2
8 95 2
24 66 2
47 133 2
66 72 2
9 177 2
8 165 2
79 100 2
31 94 2
25 33 2
59 66 2
90 95 2
54 74 2
61 120 2
61 62 2
71 166 2
72 86 2
106 109 2
84 159 2
15 58 2
43 58 2
3 177 1
63 86 2
70 124 2
84 174 1
22 127 1
57 116 2
15 169 1
33 56 2
11 31 2
52 92 2
29 41 2
70 80 2
34 70 2
45 145 2
29 87 2
82 133 1
48 59 2
98 144 2
102 117 2
52 54 2
1 90 2
61 152 2
31 78 2
84 118 2
45 73 2
34 103 2
6 149 2
30 50 2
31 87 2
46 166 2
23 178 2
12 17 2
3 126 2
51 96 2
50 86 2
52 59 2
70 169 1
95 172 2
31 45 2
72 139 1
79 164 2
106 161 2
34 110 2
106 119 2
33 84 2
107 154 2
37 144 1
4 108 2
59 93 2
93 114 1
0 43 2
80 107 2
5 30 2
72 78 2
103 148 1
107 122 2
42 65 2
1 152 2
2 17 2
83 110 2
15 96 2
11 105 2
15 78 2
34 50 2
13 155 2
29 117 1
36 146 2
84 134 2
10 130 2
21 38 2
11 45 2
19 111 2
35 62 2
1 83 2
49 143 2
99 129 2
46 97 2
58 147 2
30 164 2
29 138 1
30 178 2
68 106 2
6 36 2
39 163 2
54 139 1
75 126 2
31 179 2
56 94 2
35 38 2
51 66 2
8 43 2
40 97 2
69 144 2
9 74 2
11 158 2
24 81 2
55 64 2
75 155 2
76 103 2
71 104 2
12 172 2
96 149 1
3 44 2
2 93 2
100 173 1
25 141 2
1 78 2
88 143 1
9 149 2
64 99 2
46 107 2
8 174 2
21 62 2
12 106 2
12 165 2
84 141 1
15 112 2
5 120 1
2 172 2
95 119 2
29 67 2
76 178 2
24 135 2
48 79 2
34 55 2
42 113 2
78 144 2
3 104 2
13 106 2
68 84 2
40 154 2
33 79 2
102 130 2
18 111 2
28 65 2
45 100 2
37 61 2
58 74 2
87 153 2
17 32 2
36 73 2
4 121 2
65 96 2
53 56 2
7 24 2
71 162 2
107 179 2
55 80 2
24 125 1
31 128 2
35 63 2
14 172 2
30 38 2
94 166 1
85 135 1
8 168 2
5 46 2
7 55 2
7 108 2
69 137 1
49 135 2
33 42 2
18 102 2
51 105 2
16 101 2
57 61 2
87 174 1
25 157 2
20 138 1
66 81 2
6 87 2
70 164 2
47 93 2
97 99 2
72 129 2
14 109 2
20 49 2
34 78 2
79 85 2
104 174 2
43 56 2
33 90 2
36 49 2
46 106 2
11 65 2
25 68 2
44 132 1
77 175 2
26 176 2
32 106 2
13 126 2
40 68 2
93 146 2
57 107 2
7 100 2
90 107 2
69 96 2
59 100 2
56 60 2
25 85 2
0 129 1
13 111 2
42 153 2
36 151 1
50 141 1
106 114 2
6 129 2
22 154 2
17 89 2
43 61 2
26 83 2
10 78 2
41 135 1
75 160 2
101 173 1
51 102 2
92 127 2
15 148 2
18 174 2
15 98 2
19 31 2
54 96 2
93 101 2
16 20 2
16 115 2
79 86 2
14 90 2
104 130 2
39 88 2
58 70 2
10 44 2
6 98 2
26 90 2
21 25 2
43 164 1
57 144 2
98 124 2
23 134 1
59 160 2
79 125 2
72 97 2
69 155 2
16 25 2
49 179 1
6 165 2
57 112 1
23 29 2
51 62 2
91 174 2
67 154 2
77 108 2
49 178 2
16 54 2
79 155 2
16 36 2
49 53 2
1 94 2
80 158 2
60 121 2
1 148 2
64 119 2
39 117 2
38 102 2
53 178 1
25 137 2
4 126 1
88 134 1
46 66 2
32 153 2
33 54 2
34 99 2
96 113 2
105 158 2
44 57 2
20 26 2
18 64 2
36 78 2
3 86 2
9 138 2
72 116 1
19 27 2
55 154 1
75 153 2
59 139 1
35 43 2
74 142 2
101 114 1
31 162 1
95 112 2
9 172 2
39 128 2
38 176 2
31 104 2
100 145 2
63 130 2
61 173 2
25 29 2
9 125 2
67 73 2
32 66 2
68 124 2
74 141 1
60 67 2
48 118 2
58 96 2
21 71 2
18 155 2
3 53 2
74 109 2
88 142 2
63 154 2
50 176 1
3 21 2
53 67 2
104 129 1
77 166 1
29 147 1
84 122 2
58 130 1
14 52 2
36 63 2
28 163 1
44 177 2
3 65 2
19 90 2
11 59 2
66 76 2
31 119 1
8 138 2
38 87 2
94 152 1
49 85 2
102 164 2
47 139 1
93 164 2
52 173 2
41 66 2
106 159 2
34 82 2
2 92 2
51 77 2
4 39 2
78 90 2
12 153 2
89 153 2
26 49 2
15 173 2
7 95 2
92 148 1
42 103 2
27 75 2
100 109 1
50 159 1
29 84 2
5 48 2
85 121 1
48 91 2
71 154 2
45 111 1
10 64 2
39 46 2
103 144 1
13 23 2
41 111 1
45 55 2
20 74 2
48 90 2
91 163 2
59 99 2
57 101 2
42 110 1
9 94 2
18 132 2
93 163 2
9 128 2
59 132 2
10 164 2
71 89 2
65 160 2
85 94 2
17 29 2
4 49 2
10 28 2
31 34 2
40 95 2
50 54 2
24 129 2
8 70 2
43 130 1
38 86 2
23 27 2
0 53 2
48 69 2
4 24 2
39 105 2
37 125 2
78 164 1
21 116 1
71 123 2
51 147 2
39 61 2
85 155 2
107 131 1
10 178 1
56 66 2
54 171 1
60 140 1
38 59 2
17 50 2
58 63 2
31 150 2
49 73 2
97 172 1
33 135 2
5 154 2
47 55 2
16 19 2
21 143 2
60 177 2
75 105 2
29 40 2
64 164 1
56 174 2
38 55 2
39 132 2
28 34 2
22 68 2
17 82 2
54 65 2
12 156 2
3 4 2
106 165 2
51 94 2
18 101 2
77 171 2
7 32 2
69 172 1
98 104 2
96 178 1
47 103 2
22 157 2
57 79 2
40 54 2
19 149 1
27 176 2
43 60 2
39 86 2
75 86 2
53 161 2
12 149 2
82 132 2
32 160 1
23 128 2
60 148 1
8 88 2
20 38 2
97 148 2
64 166 2
50 87 2
79 106 2
65 139 2
22 153 1
70 82 2
85 171 2
6 138 1
27 113 1
16 109 2
9 24 2
50 150 2
8 173 2
87 130 2
100 168 1
7 123 1
22 177 1
71 95 2
15 135 2
0 78 2
47 67 2
25 35 2
62 139 2
74 167 2
56 78 2
23 58 2
36 178 2
10 11 2
44 122 2
8 59 2
7 12 2
0 64 2
26 109 2
80 90 2
54 169 2
47 74 2
97 104 2
12 91 2
7 105 2
11 86 2
73 108 2
69 147 1
48 73 2
8 15 2
38 155 2
68 138 2
77 169 2
59 161 2
88 96 2
2 5 2
11 87 2
62 80 2
16 165 1
6 61 2
89 105 2
23 72 2
10 13 2
57 163 1
1 161 2
40 44 2
80 142 2
4 27 2
80 124 2
44 89 2
2 25 2
6 41 2
42 164 2
65 175 2
21 26 2
44 66 2
17 20 2
32 85 2
63 167 1
9 52 2
13 52 2
50 104 2
42 93 2
0 104 2
63 71 2
63 93 2
79 81 2
7 40 2
21 100 2
65 118 2
43 46 2
45 170 2
34 170 1
30 73 2
27 121 1
7 112 2
51 89 2
23 95 2
29 105 2
1 68 2
4 7 2
75 92 2
60 122 2
25 30 2
77 179 2
61 175 2
48 146 2
26 34 2
82 95 2
77 140 2
17 24 2
76 99 2
80 156 2
58 143 2
65 171 2
36 69 2
3 19 2
55 167 1
74 76 2
1 44 2
0 9 2
10 72 2
76 149 2
59 84 2
70 76 2
59 90 2
33 133 2
6 127 1
44 93 2
86 162 1
2 119 2
27 166 2
3 49 2
18 157 1
11 25 2
17 61 2
35 107 2
68 103 2
27 42 2
29 89 2
62 168 2
42 43 2
39 53 2
21 91 2
58 145 2
19 137 2
23 168 2
52 57 2
11 16 2
20 81 2
95 144 2
27 69 2
0 5 2
7 18 2
32 112 1
71 134 1
36 45 2
20 96 2
87 127 2
37 70 2
42 96 2
43 81 2
81 108 2
12 119 2
107 150 2
78 85 2
23 101 2
17 90 2
34 46 2
39 108 2
71 101 2
38 85 2
5 134 1
65 95 2
33 128 2
36 80 2
23 157 1
72 172 2
14 106 2
78 109 2
42 74 2
41 50 2
72 84 2
57 154 1
65 81 2
34 105 2
40 163 1
31 171 1
94 95 2
63 139 1
63 68 2
41 106 2
86 126 1
101 115 1
19 162 2
29 63 2
89 104 2
68 166 2
21 35 2
13 22 2
48 140 2
8 98 2
74 104 2
3 16 2
78 100 2
69 153 2
77 93 2
25 158 2
40 104 2
13 67 2
49 126 1
2 164 1
53 142 1
19 165 2
15 140 2
58 61 2
67 156 1
60 102 2
32 35 2
35 64 2
40 159 1
11 128 2
16 21 2
40 112 1
62 161 1
61 77 2
3 179 1
75 77 2
43 107 2
16 110 2
51 125 2
18 89 2
13 27 2
21 69 2
62 99 2
93 119 2
14 44 2
103 126 2
52 96 2
51 104 2
21 127 1
13 101 2
66 131 1
2 16 2
33 104 2
23 105 2
58 80 2
22 85 2
45 115 1
7 58 2
5 144 2
65 72 2
10 51 2
26 150 1
10 94 2
78 136 1
17 62 2
83 97 2
79 116 1
103 107 2
4 114 2
32 163 2
42 50 2
42 170 1
15 93 2
46 172 2
75 176 1
86 128 1
65 143 2
107 125 2
20 34 2
4 88 2
20 69 2
31 170 2
56 171 2
22 35 2
76 95 2
60 110 2
82 154 2
92 138 2
26 52 2
102 173 1
77 81 2
42 166 2
43 65 2
10 163 2
18 52 2
20 149 2
0 56 2
103 141 2
35 88 2
26 105 2
35 148 2
14 65 2
13 32 2
29 69 2
60 156 1
44 78 2
28 115 2
25 81 2
5 150 2
4 5 2
35 167 2
73 147 2
71 102 2
24 43 2
29 56 2
7 82 2
29 90 2
41 147 1
18 60 2
50 101 2
17 141 2
23 124 2
63 74 2
83 96 2
18 166 2
6 103 2
6 66 2
106 134 2
47 130 2
67 160 2
54 76 2
1 53 2
98 107 2
16 65 2
61 67 2
7 173 1
66 165 2
75 127 2
61 75 2
36 147 1
8 38 2
64 176 2
12 139 1
76 132 2
8 99 2
20 148 2
86 145 1
38 40 2
41 154 2
33 38 2
60 108 2
47 109 2
46 134 1
96 158 2
99 177 2
1 41 2
12 19 2
51 88 2
79 91 2
56 80 2
18 28 2
17 68 2
48 101 2
13 35 2
73 103 2
63 134 2
58 149 2
34 76 2
95 130 2
71 97 2
1 86 2
70 95 2
63 73 2
80 128 2
49 66 2
55 139 1
9 133 2
3 35 2
90 176 1
62 67 2
5 116 2
69 81 2
48 148 2
81 128 2
19 26 2
105 136 1
90 104 2
69 104 2
62 158 2
8 148 2
71 96 2
12 136 2
9 18 2
91 104 2
60 85 2
61 111 1
60 151 1
31 169 2
19 112 1
70 149 1
97 175 2
32 130 2
36 124 1
21 95 2
14 92 2
2 115 1
50 161 2
49 82 2
101 108 1
3 31 2
27 74 2
59 110 2
45 149 2
9 55 2
92 97 2
72 140 1
29 163 2
87 101 2
14 74 2
81 122 1
84 161 1
90 113 2
6 100 2
64 65 2
1 118 2
0 68 2
19 100 2
19 164 2
30 101 2
7 131 2
20 32 2
2 12 2
17 158 1
31 165 2
23 177 2
9 179 2
7 23 2
14 59 2
60 136 2
23 90 2
21 107 2
45 69 2
65 148 1
2 63 2
13 73 2
102 105 2
37 124 2
7 38 2
6 23 2
28 111 1
71 147 2
4 172 2
7 85 2
12 143 1
29 43 2
54 135 1
20 105 2
41 88 2
40 138 1
10 157 2
45 77 2
21 118 2
29 55 2
26 96 2
5 174 1
34 44 2
17 108 1
58 66 2
23 91 2
35 58 2
87 120 2
34 156 2
34 60 2
37 45 2
70 99 2
22 44 2
28 145 2
68 97 2
18 43 2
18 35 2
4 160 2
76 148 2
69 122 2
39 67 2
95 137 2
47 61 2
16 39 2
3 154 2
8 31 2
12 54 2
42 138 2
38 110 2
47 104 2
26 92 2
15 153 2
1 66 2
91 155 1
37 77 2
7 11 2
18 87 2
85 134 2
52 107 2
0 95 2
3 140 2
6 76 2
70 81 2
58 92 2
71 79 2
9 28 2
91 139 2
34 88 2
7 133 1
104 133 2
41 102 2
2 144 1
96 124 2
50 172 1
37 84 2
26 91 2
99 126 1
0 7 2
12 58 2
42 79 2
29 104 2
5 129 2
9 121 2
29 46 2
11 13 2
1 103 2
24 59 2
33 91 2
38 99 2
33 153 2
62 65 2
59 78 2
62 144 2
4 157 2
21 111 1
85 125 2
20 156 1
29 81 2
52 81 2
52 167 2
1 18 2
5 9 2
93 136 2
85 143 1
31 105 2
76 151 2
29 158 1
48 103 2
76 152 1
43 111 2
4 79 2
21 49 2
83 178 2
91 137 1
31 125 1
45 163 2
105 172 1
3 18 2
83 101 2
22 83 2
37 105 2
14 98 2
7 72 2
2 71 2
59 162 2
11 90 2
24 155 2
10 119 2
105 139 2
72 144 2
26 177 1
35 125 2
2 40 2
47 58 2
79 166 2
69 112 2
67 71 2
89 95 2
16 161 2
44 129 2
85 92 2
62 147 2
17 36 2
61 80 2
7 171 2
16 17 2
49 72 2
58 134 1
38 49 2
87 129 2
30 79 2
103 174 2
65 102 2
13 136 2
99 105 2
25 84 2
63 115 1
9 29 2
33 46 2
16 62 2
18 63 2
87 163 2
70 128 1
7 20 2
52 149 2
48 53 2
26 139 2
15 69 2
30 83 2
21 64 2
58 95 2
1 30 2
105 115 1
29 151 1
4 15 2
28 117 1
76 163 2
40 89 2
12 35 2
59 126 2
95 103 2
71 135 2
5 166 1
76 93 2
37 102 2
2 168 2
86 103 2
20 68 2
79 127 2
28 44 2
91 118 2
7 157 2
78 125 2
8 33 2
65 151 2
103 172 2
83 133 1
78 94 2
42 57 2
31 51 2
50 147 2
59 108 1
53 58 2
105 145 1
17 152 2
61 117 2
90 168 2
25 120 2
38 166 1
19 73 2
56 146 1
59 131 2
30 47 2
46 57 2
69 152 2
47 107 2
2 116 1
33 141 2
31 91 2
49 152 2
21 74 2
41 63 2
83 113 2
75 76 2
5 97 2
49 90 2
1 45 2
24 158 2
104 117 2
48 78 2
6 104 2
1 2 2
43 174 2
34 96 2
45 59 2
18 142 2
1 54 2
72 117 1
77 112 2
52 95 2
41 142 2
47 79 2
19 92 2
107 174 2
80 173 1
3 99 2
43 101 2
26 84 2
41 94 2
12 74 2
37 171 2
27 116 2
105 113 2
105 119 2
0 19 2
18 73 2
3 106 2
42 85 2
20 163 1
40 50 2
44 166 1
65 159 2
55 72 2
82 92 2
44 151 2
55 125 1
93 138 2
30 117 1
10 35 2
32 176 1
66 87 2
41 92 2
33 113 2
64 69 2
80 138 2
99 178 1
69 102 2
43 74 2
21 171 2
80 89 2
14 61 2
27 87 2
0 128 2
107 128 2
34 43 2
11 83 2
1 80 2
83 112 1
73 83 2
2 153 2
84 156 2
44 74 2
36 149 2
95 162 1
68 171 1
67 84 2
19 76 2
46 92 2
14 63 2
64 100 2
52 140 2
43 127 1
46 87 2
20 151 1
20 35 2
34 79 2
26 46 2
28 123 2
75 159 2
93 103 2
36 159 1
43 155 1
37 132 1
24 70 2
24 113 1
79 143 2
22 109 2
80 133 2
75 130 1
19 60 2
72 104 2
2 102 2
40 107 2
73 75 2
26 133 2
5 88 2
12 168 2
0 131 1
43 113 2
59 143 1
27 83 2
96 177 2
1 33 2
64 179 1
21 36 2
32 150 1
94 139 2
20 42 2
92 144 2
19 52 2
26 123 1
17 84 2
2 89 2
25 45 2
66 155 2
25 77 2
21 54 2
73 136 1
91 134 1
30 179 2
13 48 2
60 120 1
49 98 2
7 81 2
8 101 2
51 67 2
88 97 2
35 116 2
39 133 2
30 138 1
16 84 2
17 88 2
1 113 2
43 99 2
17 54 2
80 136 1
106 156 2
55 84 2
5 95 2
0 135 2
91 106 2
52 74 2
47 165 2
25 71 2
35 57 2
100 112 1
94 174 2
40 171 2
54 141 2
71 107 2
4 129 1
68 172 2
75 79 2
5 158 2
57 73 2
11 110 2
86 88 2
76 162 2
38 156 2
37 107 2
26 69 2
67 77 2
29 45 2
83 91 2
79 97 2
17 22 2
57 58 2
40 139 2
17 168 2
28 134 2
18 32 2
95 109 2
54 129 1
79 176 2
98 176 2
38 131 1
26 167 2
60 124 1
31 132 1
6 154 1
3 135 2
15 116 1
31 68 2
71 108 2
12 36 2
24 161 2
7 42 2
16 120 1
41 179 1
82 136 2
20 160 2
64 66 2
41 112 2
21 90 2
12 43 2
65 121 2
13 153 2
33 102 2
40 46 2
45 172 2
66 69 2
41 79 2
24 98 2
23 31 2
0 86 2
31 62 2
6 119 2
39 125 1
29 53 2
28 40 2
34 56 2
46 130 2
100 156 1
10 92 2
13 54 2
57 72 2
32 103 2
8 34 2
38 163 2
35 46 2
73 87 2
3 139 2
21 70 2
42 121 2
51 57 2
39 70 2
30 44 2
42 46 2
25 67 2
28 93 2
5 165 1
61 172 2
9 81 2
18 59 2
61 165 2
76 164 2
38 97 2
85 120 2
87 178 2
73 105 2
23 89 2
17 38 2
13 162 2
77 103 2
37 108 2
65 130 2
66 102 2
17 28 2
41 43 2
79 142 1
23 176 2
63 128 1
96 164 1
26 50 2
62 118 2
9 146 1
78 95 2
20 71 2
14 95 2
107 162 2
90 96 2
1 115 2
12 37 2
36 102 2
50 83 2
34 179 1
54 120 1
59 169 2
39 90 2
75 103 2
43 175 2
20 41 2
107 115 2
15 89 2
74 103 2
15 77 2
39 127 1
33 167 2
64 107 2
46 123 1
23 59 2
47 154 1
22 97 2
44 70 2
105 147 2
79 120 1
17 173 2
51 100 2
17 41 2
12 71 2
53 71 2
30 116 2
58 76 2
60 91 2
19 65 2
18 78 2
45 65 2
48 64 2
33 55 2
43 115 1
35 134 1
8 19 2
73 175 2
34 37 2
5 99 2
7 150 2
66 79 2
20 119 2
21 44 2
9 89 2
59 61 2
6 72 2
43 157 2
4 91 2
48 61 2
41 100 2
51 53 2
98 123 1
92 158 2
63 106 2
96 114 2
84 95 2
6 164 2
42 49 2
13 138 2
69 138 2
65 105 2
0 163 1
20 147 2
96 135 2
67 68 2
21 169 2
78 176 2
9 132 1
84 89 2
48 144 1
18 147 2
67 126 1
14 29 2
0 39 2
85 110 2
54 162 2
16 69 2
9 102 2
74 79 2
51 141 1
17 44 2
58 88 2
3 141 2
5 7 2
6 130 1
61 69 2
0 47 2
5 26 2
15 21 2
7 43 2
32 99 2
20 85 2
47 167 1
66 88 2
16 153 1
10 77 2
40 109 2
5 13 2
0 55 2
39 122 2
45 159 2
47 73 2
46 70 2
55 61 2
30 132 1
5 57 2
22 115 2
6 162 2
94 169 1
27 34 2
101 142 2
29 173 2
10 85 2
59 119 1
79 135 1
35 109 1
94 141 2
104 166 1
44 91 2
37 157 2
32 65 2
28 144 2
34 45 2
83 98 2
17 159 2
42 126 2
45 72 2
9 148 1
34 173 2
68 74 2
34 62 2
13 167 2
53 159 2
54 99 2
2 45 2
20 60 2
33 85 2
72 88 2
93 111 2
12 61 2
10 128 1
27 131 1
80 92 2
59 175 2
70 155 2
31 121 2
103 123 1
95 145 1
9 107 2
10 26 2
62 130 2
34 100 2
28 85 2
3 82 2
49 175 1
42 90 2
38 80 2
49 160 2
44 58 2
25 150 2
61 127 1
22 137 2
20 57 2
1 123 2
37 80 2
28 153 2
17 144 2
80 140 1
4 46 2
44 165 2
11 168 2
98 171 2
4 48 2
62 97 2
50 91 2
82 101 2
68 152 2
25 56 2
27 52 2
13 31 2
43 98 2
57 130 1
81 179 2
10 30 2
38 91 2
100 134 1
27 149 2
101 157 1
63 116 2
30 40 2
17 118 1
74 89 2
59 64 2
48 153 2
10 153 2
73 101 2
82 165 2
43 97 2
75 91 2
61 76 2
7 54 2
33 51 2
6 58 2
13 68 2
7 103 2
16 66 2
54 172 1
81 105 2
83 121 2
57 148 2
42 107 2
21 136 2
8 160 2
22 133 1
84 164 1
21 55 2
25 159 2
105 111 1
74 133 2
80 101 2
76 104 2
79 104 2
99 151 2
77 170 2
48 77 2
56 68 2
61 87 2
20 50 2
14 20 2
97 152 2
67 139 2
20 73 2
107 160 1
88 149 1
103 106 2
20 130 2
8 75 2
17 167 2
98 106 2
0 139 2
99 157 1
16 162 2
54 56 2
13 43 2
12 166 2
69 120 2
61 91 2
23 47 2
25 61 2
36 55 2
104 178 2
8 11 2
65 69 2
61 78 2
107 157 1
29 166 2
78 126 1
36 77 2
3 94 2
48 57 2
0 176 1
61 148 2
0 30 2
9 21 2
46 149 1
65 114 1
7 164 2
6 21 2
12 150 1
53 105 2
66 83 2
37 106 2
41 59 2
45 88 2
32 107 2
27 49 2
104 106 2
16 172 1
91 140 2
24 26 2
54 115 2
39 87 2
83 164 1
68 143 2
47 168 2
23 102 2
24 91 2
48 126 2
88 128 2
38 48 2
33 75 2
79 94 2
29 111 1
65 73 2
26 113 2
23 37 2
9 38 2
68 169 2
88 178 2
9 15 2
8 45 2
66 178 1
19 103 2
13 144 2
70 112 1
86 144 2
11 162 2
64 75 2
10 55 2
103 146 1
62 124 2
20 55 2
77 97 2
1 8 2
84 139 1
13 40 2
69 99 2
3 152 1
1 50 2
56 151 1
39 42 2
73 110 2
62 127 2
47 96 2
43 131 2
23 35 2
46 174 1
67 92 2
64 145 2
33 168 1
23 77 2
52 75 2
71 160 2
3 170 2
45 89 2
66 101 2
92 100 2
64 105 2
52 79 2
65 112 2
23 66 2
43 119 2
53 129 2
41 178 2
0 178 1
45 64 2
30 69 2
34 147 2
2 94 2
20 44 2
70 134 2
51 137 2
73 142 2
7 86 2
80 88 2
60 104 2
82 103 2
4 75 2
61 64 2
31 97 2
11 179 2
8 28 2
8 64 2
65 147 1
38 39 2
82 109 2
10 33 2
30 113 2
55 121 1
11 174 1
41 110 2
49 154 1
0 57 2
29 119 2
10 95 2
86 101 2
15 113 2
42 70 2
74 115 2
56 98 2
74 169 2
21 89 2
104 136 1
41 46 2
40 111 2
32 177 1
1 135 2
2 47 2
25 49 2
90 106 2
81 126 2
12 69 2
35 101 2
18 68 2
51 159 2
34 85 2
18 53 2
17 104 2
67 96 2
53 57 2
85 151 1
39 52 2
19 36 2
89 179 1
22 42 2
41 119 1
39 89 2
53 91 2
36 115 2
36 165 2
27 80 2
33 114 2
18 79 2
92 126 2
21 73 2
12 93 2
89 136 1
72 73 2
88 139 1
63 162 1
32 69 2
21 37 2
33 169 2
75 172 1
25 62 2
34 137 2
38 61 2
60 141 2
3 111 1
39 116 2
13 21 2
50 71 2
31 133 1
58 164 2
2 38 2
32 74 2
21 39 2
94 163 1
42 53 2
14 68 2
3 9 2
44 152 1
0 113 1
75 81 2
8 80 2
75 143 2
6 48 2
58 87 2
23 159 1
80 143 2
47 80 2
64 79 2
64 116 1
1 95 2
29 101 2
12 171 2
59 87 2
12 118 2
7 127 1
80 152 2
10 139 2
1 46 2
65 89 2
98 164 2
44 77 2
10 41 2
4 62 2
95 127 1
94 134 2
45 147 1
89 117 2
6 43 2
98 118 2
10 102 2
25 43 2
5 161 2
34 94 2
9 163 2
77 80 2
14 28 2
44 63 2
17 135 2
77 102 2
17 80 2
61 82 2
103 151 2
31 116 1
36 100 2
9 97 2
23 44 2
9 79 2
81 148 2
7 10 2
36 156 1
62 113 2
48 87 2
19 107 2
0 72 2
36 128 2
32 44 2
3 123 1
12 133 1
36 119 1
46 108 2
31 47 2
78 91 2
88 123 2
93 132 2
7 78 2
27 41 2
40 41 2
14 99 2
68 130 2
58 79 2
71 82 2
48 51 2
62 77 2
93 113 2
85 127 1
13 53 2
50 73 2
7 68 2
60 96 2
12 147 1
22 101 2
6 132 2
21 114 1
20 84 2
65 117 1
62 116 2
26 145 2
30 46 2
39 45 2
92 176 2
13 39 2
71 141 2
6 125 2
53 75 2
85 123 2
79 134 2
37 155 2
55 130 2
12 94 2
5 85 2
63 146 2
46 167 2
17 40 2
18 66 2
78 106 2
73 85 2
107 171 1
1 98 2
87 95 2
82 158 2
21 85 2
77 90 2
84 147 2
19 39 2
73 114 1
19 78 2
85 95 2
94 157 1
30 85 2
22 108 1
48 70 2
2 61 2
32 45 2
105 129 2
18 131 2
52 66 2
39 73 2
3 131 1
86 110 1
82 93 2
65 155 2
16 30 2
91 95 2
52 100 2
102 179 2
8 30 2
52 98 2
93 115 1
67 137 2
4 67 2
48 162 2
22 179 2
11 23 2
30 88 2
20 100 2
83 86 2
31 172 2
81 158 2
67 130 2
51 61 2
18 160 2
55 114 2
28 89 2
57 104 2
18 48 2
5 21 2
11 68 2
16 156 2
62 89 2
18 36 2
37 176 2
58 176 1
29 103 2
72 91 2
68 98 2
0 73 2
5 151 1
33 68 2
54 94 2
13 41 2
31 153 2
85 87 2
26 89 2
27 138 1
36 123 2
44 142 2
30 100 2
11 77 2
20 54 2
1 26 2
36 54 2
15 70 2
18 105 2
30 133 2
55 169 2
20 137 2
19 121 2
28 98 2
61 106 2
93 151 2
59 69 2
2 126 2
32 89 2
69 161 2
3 134 2
51 106 2
81 118 2
43 48 2
54 176 2
69 86 2
69 114 2
76 81 2
22 102 2
29 34 2
64 125 1
27 124 1
26 39 2
14 121 2
34 52 2
33 73 2
93 155 1
22 25 2
13 88 2
42 61 2
68 170 2
17 169 2
31 76 2
102 158 1
68 140 2
45 92 2
25 76 2
18 104 2
73 177 2
67 178 2
52 139 2
28 164 2
78 123 1
46 50 2
17 106 2
25 58 2
20 51 2
39 138 2
73 81 2
35 39 2
18 96 2
44 53 2
14 137 1
107 168 2
43 163 1
47 166 2
32 68 2
28 166 2
2 54 2
48 75 2
17 60 2
20 110 2
28 58 2
22 78 2
70 117 2
46 90 2
107 112 2
34 87 2
12 134 1
50 110 2
55 101 2
31 157 1
46 128 2
58 72 2
44 106 2
25 39 2
63 173 1
60 73 2
92 111 1
57 166 2
16 29 2
6 118 2
49 50 2
86 136 2
7 92 2
29 130 2
0 161 2
90 162 2
59 153 1
42 157 1
70 148 1
98 149 2
31 81 2
36 98 2
47 121 2
25 98 2
16 48 2
11 15 2
38 158 2
47 161 2
15 162 1
89 114 1
8 40 2
40 160 2
34 134 1
73 97 2
34 104 2
101 164 1
47 68 2
15 179 2
17 157 2
21 98 2
39 76 2
58 161 2
8 149 2
24 95 2
15 137 1
61 88 2
28 175 1
52 105 2
86 127 2
59 118 2
68 135 2
1 92 2
32 131 1
56 165 2
19 99 2
2 28 2
100 103 2
24 130 2
73 167 2
93 134 2
65 116 1
29 78 2
36 46 2
23 151 2
46 124 2
4 134 1
30 96 2
95 113 1
6 84 2
42 45 2
66 170 2
53 54 2
47 75 2
3 48 2
75 90 2
13 114 2
37 98 2
26 86 2
30 139 2
32 91 2
63 81 2
67 173 1
42 158 2
5 16 2
87 109 2
8 32 2
2 138 2
46 150 1
27 76 2
17 85 2
105 161 2
63 66 2
63 118 1
58 84 2
45 49 2
7 83 2
33 70 2
2 173 2
55 81 2
98 139 2
44 62 2
86 124 1
12 98 2
71 113 2
49 57 2
29 156 2
44 69 2
42 58 2
107 151 1
65 123 2
49 130 2
99 163 2
86 141 2
45 46 2
70 111 2
23 161 1
25 94 2
30 150 2
98 108 2
17 161 2
16 80 2
21 56 2
7 98 2
70 97 2
38 145 1
103 177 2
55 175 2
40 141 2
18 165 2
82 124 2
81 170 2
56 101 2
93 141 1
1 106 2
31 58 2
22 67 2
7 87 2
98 116 1
71 76 2
3 32 2
27 135 2
81 117 1
71 155 2
82 137 1
68 163 1
37 90 2
51 154 2
33 166 2
17 132 2
66 118 2
99 179 2
36 94 2
100 157 1
58 146 2
33 101 2
50 64 2
50 103 2
66 141 1
47 65 2
50 179 2
0 173 2
11 71 2
23 38 2
8 25 2
14 46 2
8 66 2
45 123 2
98 109 2
39 78 2
50 171 1
37 93 2
58 75 2
3 55 2
76 92 2
56 105 2
74 80 2
30 151 2
2 34 2
45 171 1
67 136 1
81 141 2
64 165 2
68 90 2
103 137 1
27 45 2
59 60 2
22 163 2
25 111 2
1 77 2
64 102 2
22 43 2
80 99 2
25 40 2
10 108 2
22 98 2
7 69 2
76 118 2
83 168 2
99 121 2
28 133 2
19 127 2
1 17 2
21 108 2
73 144 2
20 131 2
4 40 2
85 97 2
102 118 1
5 80 2
1 9 2
83 120 1
42 73 2
52 82 2
70 102 2
64 140 1
28 137 2
26 55 2
26 115 2
3 159 2
69 88 2
106 141 2
17 179 1
29 30 2
52 178 1
28 141 2
78 174 2
17 163 1
27 78 2
80 113 2
8 157 2
78 83 2
2 86 2
71 127 2
22 106 2
84 121 2
5 79 2
79 80 2
80 84 2
17 67 2
28 173 1
33 83 2
43 112 2
73 179 2
84 99 2
106 173 2
56 153 2
38 150 2
35 81 2
44 167 2
36 76 2
31 43 2
51 97 2
6 77 2
56 76 2
36 169 1
38 89 2
56 90 2
103 127 2
85 113 2
30 108 2
4 137 1
12 123 1
33 137 2
42 100 2
45 80 2
60 65 2
2 83 2
13 60 2
84 104 2
16 102 2
98 105 2
15 177 2
50 55 2
5 110 1
10 31 2
106 152 2
90 92 2
3 85 2
4 51 2
53 164 1
81 92 2
10 160 2
37 115 2
48 93 2
105 128 2
6 94 2
23 43 2
40 130 2
47 51 2
103 138 2
13 94 2
32 57 2
32 114 1
33 41 2
3 92 2
43 152 2
62 85 2
57 85 2
2 9 2
28 80 2
37 173 2
18 84 2
7 115 2
28 150 2
82 173 1
46 78 2
0 20 2
54 93 2
14 73 2
82 83 2
75 110 2
102 154 2
14 67 2
8 153 1
81 145 1
64 91 2
56 141 2
20 87 2
14 114 1
23 120 1
27 155 2
93 99 2
64 96 2
59 62 2
27 132 2
84 101 2
35 118 2
94 125 1
8 130 1
79 130 2
5 31 2
32 174 1
44 168 2
9 143 1
2 62 2
31 167 2
19 41 2
4 96 2
71 78 2
91 114 2
8 13 2
68 134 2
100 149 1
86 174 1
10 32 2
26 98 2
5 128 2
7 17 2
58 144 1
20 37 2
32 100 2
43 73 2
86 91 2
54 147 2
46 71 2
67 174 1
2 60 2
11 161 2
1 166 1
21 93 2
56 65 2
61 65 2
52 125 1
58 109 2
52 160 2
100 161 2
2 46 2
23 71 2
5 162 2
100 102 2
65 100 2
76 170 2
74 119 2
24 32 2
78 146 1
97 156 2
69 78 2
66 136 2
32 98 2
76 102 2
28 67 2
30 125 2
61 122 1
84 96 2
93 160 1
52 84 2
15 170 2
34 51 2
35 90 2
61 169 2
20 150 2
3 26 2
14 78 2
37 47 2
28 81 2
68 108 2
3 67 2
66 129 1
22 66 2
27 161 2
60 162 2
87 141 2
1 10 2
70 73 2
53 80 2
97 144 2
51 131 1
75 94 2
13 105 2
20 78 2
12 18 2
84 129 2
45 117 2
1 145 2
20 76 2
8 175 1
98 102 2
17 57 2
21 86 2
57 110 2
7 135 2
24 86 2
57 108 2
60 145 2
107 130 2
50 89 2
80 164 2
26 80 2
41 149 2
5 176 2
93 145 1
17 122 1
46 75 2
25 97 2
85 119 1
52 161 1
4 155 2
94 109 2
32 179 2
28 104 2
8 140 2
24 141 2
58 91 2
0 49 2
34 152 1
107 169 2
70 144 2
56 116 1
21 115 2
27 139 2
2 161 1
98 159 1
70 103 2
26 165 2
36 106 2
59 86 2
4 25 2
21 152 2
44 64 2
75 116 2
44 71 2
5 131 1
21 31 2
79 84 2
26 130 2
34 158 2
2 106 2
30 56 2
81 124 2
78 129 1
61 156 1
75 156 1
12 112 2
24 105 2
19 37 2
27 141 2
8 164 2
11 27 2
70 179 1
32 172 1
67 81 2
22 89 2
72 166 1
51 127 2
74 102 2
10 48 2
12 42 2
69 107 2
59 164 2
37 82 2
11 99 2
15 44 2
20 102 2
4 103 2
16 38 2
20 167 2
3 178 2
12 144 2
82 167 2
107 163 2
7 76 2
46 118 2
36 88 2
59 113 2
31 98 2
49 131 1
38 58 2
107 177 2
80 118 2
32 88 2
55 140 1
69 70 2
8 150 2
14 102 2
53 107 2
69 72 2
90 141 2
49 164 2
23 96 2
3 29 2
35 140 2
60 119 2
86 123 1
49 150 2
33 89 2
9 147 1
28 84 2
76 167 1
76 91 2
1 36 2
97 143 2
35 162 1
96 167 2
81 94 2
30 136 1
27 95 2
38 103 2
28 50 2
13 156 1
15 171 2
90 126 2
40 77 2
91 112 2
63 149 2
53 84 2
45 47 2
55 57 2
2 3 2
62 132 2
42 76 2
50 123 1
80 167 2
101 177 1
46 165 1
103 147 1
15 105 2
99 152 2
1 153 2
82 104 2
30 60 2
63 75 2
28 168 2
20 79 2
58 67 2
51 152 2
29 42 2
106 164 1
27 37 2
98 162 2
35 133 2
11 26 2
18 72 2
58 148 2
92 119 1
33 86 2
6 101 2
9 152 1
16 123 2
96 147 2
19 136 2
0 62 2
20 159 1
26 175 2
54 64 2
3 60 2
60 127 2
13 147 2
71 100 2
85 93 2
76 88 2
11 173 1
73 116 2
71 92 2
103 179 2
35 156 2
51 59 2
15 85 2
23 25 2
14 164 2
4 135 2
6 99 2
74 96 2
28 152 2
10 47 2
94 98 2
63 143 2
36 79 2
28 106 2
58 93 2
44 141 1
18 118 1
7 118 2
90 164 2
69 87 2
52 116 1
17 21 2
101 104 2
53 87 2
6 92 2
62 175 2
95 164 2
5 91 2
51 56 2
99 134 1
54 90 2
70 96 2
36 62 2
23 54 2
3 30 2
56 62 2
30 72 2
79 144 2
0 65 2
4 6 2
0 52 2
72 83 2
73 84 2
9 162 2
33 67 2
14 117 2
85 122 1
68 76 2
33 112 2
8 106 2
18 93 2
49 88 2
8 27 2
42 142 1
11 89 2
17 142 2
96 163 2
79 168 1
31 149 2
49 78 2
7 160 1
42 56 2
19 123 2
38 75 2
78 99 2
103 111 2
39 95 2
92 165 2
50 82 2
22 37 2
5 50 2
64 156 2
71 119 2
106 125 2
92 131 1
2 136 2
95 117 1
12 100 2
44 68 2
22 23 2
0 84 2
25 126 1
40 134 2
93 166 1
49 99 2
76 83 2
27 99 2
14 75 2
11 30 2
96 129 2
31 65 2
5 135 2
87 172 1
52 64 2
60 87 2
47 69 2
45 150 1
50 100 2
10 97 2
36 66 2
42 127 2
2 81 2
86 135 2
10 86 2
90 144 2
6 91 2
4 102 2
45 97 2
26 153 1
23 78 2
103 132 2
62 120 1
27 103 2
68 137 1
1 76 2
0 103 2
3 88 2
8 114 2
67 122 1
79 93 2
67 80 2
73 146 2
24 36 2
10 87 2
30 54 2
10 107 2
54 79 2
45 50 2
87 116 2
78 169 2
50 63 2
5 23 2
70 138 2
4 35 2
53 72 2
27 94 2
29 96 2
63 170 2
8 36 2
21 87 2
57 146 2
34 41 2
0 169 2
4 38 2
62 78 2
22 139 2
58 152 1
56 155 2
56 100 2
25 169 1
20 142 2
32 127 2
0 14 2
54 168 2
62 111 2
16 63 2
29 79 2
46 139 1
53 66 2
90 119 2
43 171 2
61 92 2
77 177 2
13 36 2
0 23 2
68 72 2
13 82 2
4 73 2
33 88 2
40 78 2
7 176 2
5 27 2
40 65 2
3 103 2
20 28 2
13 146 1
50 105 2
4 132 1
10 79 2
10 148 2
58 173 2
3 162 2
31 37 2
68 150 2
106 144 2
37 135 2
83 149 2
65 99 2
19 49 2
26 152 1
29 99 2
2 105 2
81 102 2
40 175 2
15 88 2
28 155 2
83 136 2
81 104 2
44 80 2
59 81 2
43 47 2
59 74 2
11 62 2
35 60 2
86 147 2
18 21 2
98 137 1
29 76 2
35 102 2
17 49 2
60 71 2
37 57 2
25 82 2
79 114 2
36 75 2
15 59 2
97 158 1
83 147 2
20 94 2
9 87 2
21 67 2
1 157 1
16 152 2
51 116 2
14 79 2
70 176 1
2 57 2
38 144 1
18 100 2
66 126 1
38 106 2
59 102 2
85 103 2
31 41 2
23 83 2
6 137 1
30 131 2
62 106 2
16 139 1
95 106 2
44 126 2
14 136 2
89 145 2
11 38 2
19 135 1
23 94 2
64 87 2
6 60 2
65 166 1
10 29 2
80 96 2
91 111 2
56 61 2
91 145 1
8 47 2
100 153 1
43 156 2
52 97 2
34 128 2
57 143 1
50 158 1
6 30 2
22 91 2
71 72 2
71 132 2
38 52 2
44 164 2
32 71 2
100 176 2
32 36 2
19 132 2
25 101 2
14 88 2
18 29 2
29 109 2
35 87 2
46 171 2
76 153 2
69 105 2
92 146 1
77 89 2
60 93 2
24 145 2
11 122 2
80 153 2
13 92 2
41 55 2
61 149 2
102 123 2
43 45 2
71 169 1
23 97 2
68 147 2
63 105 2
64 67 2
25 70 2
14 80 2
48 95 2
80 102 2
13 95 2
29 159 2
43 90 2
106 158 1
83 145 1
12 56 2
92 167 2
13 46 2
30 118 1
33 171 1
23 98 2
58 78 2
54 160 2
20 91 2
22 119 2
56 137 2
100 114 2
22 36 2
19 131 2
65 79 2
41 107 2
17 125 2
0 156 2
3 148 2
10 38 2
84 178 2
41 165 2
62 140 2
37 130 1
101 107 2
55 158 1
41 151 2
48 56 2
9 95 2
45 66 2
39 104 2
20 152 2
34 161 2
33 110 2
65 154 1
100 101 2
27 35 2
18 23 2
50 118 1
73 76 2
2 90 2
25 80 2
22 61 2
23 170 2
26 59 2
70 167 2
53 125 2
80 94 2
18 55 2
14 34 2
22 69 2
49 146 1
93 129 2
11 154 1
3 7 2
47 179 1
46 100 2
17 52 2
1 158 2
49 102 2
63 163 2
47 78 2
90 148 1
0 116 1
58 142 2
86 87 2
32 129 1
16 79 2
93 100 2
4 42 2
4 89 2
35 42 2
46 148 2
16 75 2
15 71 2
20 111 2
9 19 2
67 87 2
5 47 2
8 48 2
20 123 1
24 106 2
67 135 2
90 142 2
14 25 2
27 46 2
18 57 2
35 121 2
51 126 2
21 40 2
47 124 1
52 87 2
28 105 2
84 175 1
38 142 1
9 167 2
30 142 2
3 153 2
84 93 2
9 40 2
80 82 2
32 145 2
15 99 2
51 87 2
25 110 1
72 75 2
51 149 2
77 123 2
8 146 2
17 76 2
106 120 2
50 51 2
28 95 2
13 142 2
95 171 2
55 129 2
9 46 2
23 164 1
11 54 2
31 139 1
57 132 2
9 23 2
60 179 1
14 142 2
5 152 2
30 103 2
46 105 2
25 83 2
42 59 2
29 36 2
92 137 1
91 177 2
34 69 2
71 80 2
18 88 2
29 108 2
24 177 1
23 69 2
54 179 2
40 43 2
21 84 2
48 83 2
12 14 2
34 73 2
59 105 2
16 78 2
46 110 2
11 63 2
43 114 1
25 99 2
21 112 1
99 115 2
4 81 2
36 174 2
29 95 2
63 65 2
24 156 1
0 89 2
32 75 2
45 105 2
9 25 2
0 16 2
38 51 2
8 102 2
56 104 2
13 132 1
42 133 2
73 148 2
7 71 2
12 44 2
70 153 1
46 89 2
97 125 1
72 125 2
4 109 2
17 79 2
8 81 2
24 77 2
65 78 2
2 87 2
55 179 2
27 81 2
13 112 1
2 88 2
3 27 2
80 110 2
3 40 2
103 167 2
3 37 2
16 32 2
12 33 2
91 132 2
18 86 2
4 86 2
1 88 2
54 67 2
35 68 2
67 104 2
83 174 2
60 152 2
54 121 1
38 84 2
51 167 2
50 108 1
58 81 2
66 93 2
71 177 2
70 107 2
73 102 2
17 94 2
75 96 2
93 106 2
65 162 1
24 29 2
15 42 2
101 179 2
24 65 2
19 74 2
66 149 2
72 89 2
41 104 2
91 92 2
3 23 2
16 57 2
74 155 2
26 104 2
47 164 1
4 30 2
58 135 2
16 31 2
25 124 1
55 177 2
8 16 2
47 134 2
95 129 2
27 123 2
56 179 2
31 71 2
10 52 2
93 107 2
24 173 2
45 87 2
92 109 2
18 141 2
26 70 2
2 75 2
49 76 2
51 121 2
42 179 2
91 107 2
30 114 2
21 34 2
43 154 1
39 93 2
15 49 2
50 112 2
19 88 2
51 143 2
99 104 2
45 153 2
47 90 2
61 132 1
22 118 2
39 85 2
44 92 2
92 112 1
7 56 2
62 82 2
35 49 2
95 166 1
35 78 2
26 51 2
86 115 2
81 151 2
85 158 2
43 160 1
1 60 2
40 56 2
51 130 2
16 177 2
15 38 2
36 120 2
55 100 2
40 114 2
86 165 2
83 87 2
49 59 2
56 152 1
64 171 2
85 100 2
80 85 2
24 82 2
78 124 2
35 150 1
37 143 1
61 90 2
6 139 1
81 87 2
20 155 2
3 58 2
44 75 2
19 54 2
30 105 2
96 128 1
91 113 1
21 80 2
62 76 2
65 177 1
15 32 2
18 170 1
105 137 1
14 64 2
89 127 2
14 71 2
39 106 2
48 105 2
40 126 2
50 95 2
105 138 2
19 22 2
72 103 2
30 169 2
15 75 2
1 23 2
37 39 2
4 68 2
6 19 2
19 56 2
9 84 2
28 174 2
62 103 2
62 141 2
49 91 2
44 51 2
5 17 2
65 88 2
57 94 2
41 109 1
19 38 2
66 122 2
33 164 2
66 96 2
34 175 2
21 88 2
63 140 2
78 82 2
95 165 2
55 93 2
25 38 2
42 88 2
6 74 2
69 159 1
77 107 2
55 95 2
67 153 2
40 61 2
48 160 2
68 96 2
34 40 2
89 93 2
62 164 2
55 87 2
76 90 2
4 78 2
6 110 1
91 96 2
1 52 2
46 94 2
69 79 2
43 78 2
10 16 2
9 116 1
40 166 2
73 161 2
4 106 2
44 48 2
48 97 2
40 63 2
11 151 2
90 91 2
73 165 1
36 86 2
77 173 2
65 67 2
59 129 2
93 158 2
106 177 2
61 146 2
27 62 2
26 120 2
84 108 1
93 122 2
23 158 2
35 157 1
63 177 2
86 113 2
29 93 2
7 154 1
13 58 2
63 165 1
11 46 2
30 67 2
68 156 2
46 112 2
3 22 2
80 117 2
20 145 1
14 103 2
2 11 2
8 74 2
32 82 2
6 70 2
30 168 2
63 138 2
60 143 1
6 25 2
18 82 2
51 75 2
72 106 2
6 45 2
98 148 1
66 175 2
64 144 2
67 76 2
87 147 2
97 145 2
51 113 2
7 153 2
16 107 2
27 33 2
31 131 2
31 95 2
22 114 1
17 77 2
41 89 2
75 163 2
107 175 2
17 97 2
88 117 2
1 110 1
52 101 2
7 67 2
97 147 2
10 117 2
33 53 2
82 130 2
68 117 1
49 92 2
6 79 2
51 123 2
52 58 2
73 86 2
9 35 2
35 94 2
33 47 2
48 133 1
62 73 2
13 57 2
33 170 1
49 137 2
78 171 1
57 171 2
25 78 2
85 128 2
8 20 2
36 51 2
58 71 2
37 169 2
97 149 1
45 53 2
12 142 2
19 151 2
11 39 2
17 43 2
63 152 2
17 96 2
12 86 2
62 68 2
20 121 1
20 169 2
87 125 2
107 144 2
30 80 2
30 37 2
76 97 2
89 92 2
17 23 2
89 167 1
41 58 2
49 159 2
87 103 2
91 119 1
20 101 2
38 63 2
24 74 2
4 28 2
35 71 2
83 163 1
78 122 2
24 37 2
21 158 1
49 153 1
3 45 2
89 155 2
14 89 2
37 121 2
69 77 2
11 22 2
82 98 2
13 118 2
48 151 2
17 149 2
31 130 1
50 168 2
34 112 1
66 107 2
4 19 2
76 86 2
62 121 2
24 99 2
18 144 2
27 47 2
0 97 2
1 134 2
34 150 1
49 84 2
81 161 1
48 158 2
69 71 2
21 57 2
62 109 2
16 44 2
52 88 2
1 29 2
32 165 1
31 70 2
68 129 2
10 82 2
102 114 2
87 151 1
40 92 2
21 179 1
102 106 2
49 77 2
23 73 2
35 52 2
42 147 2
2 56 2
67 179 2
22 152 2
13 93 2
14 115 1
54 116 1
66 98 2
74 78 2
17 74 2
65 76 2
27 154 2
0 58 2
41 93 2
83 122 1
90 174 2
72 164 2
13 159 2
16 40 2
41 65 2
7 16 2
36 161 1
44 45 2
43 52 2
77 105 2
60 165 1
48 81 2
80 93 2
49 112 2
34 61 2
54 159 2
12 47 2
28 62 2
49 111 2
70 100 2
3 52 2
7 94 2
46 77 2
66 176 1
46 129 1
22 53 2
15 156 1
59 77 2
25 74 2
83 94 2
68 160 2
38 82 2
50 162 2
13 84 2
27 175 1
66 145 2
60 112 2
80 168 1
26 81 2
47 86 2
33 111 1
38 96 2
6 35 2
1 175 2
83 165 2
25 50 2
23 171 1
16 85 2
81 147 1
56 178 1
26 76 2
59 75 2
11 18 2
63 77 2
28 101 2
51 72 2
11 24 2
34 174 2
3 105 2
42 82 2
21 52 2
36 60 2
24 56 2
29 32 2
61 99 2
27 110 1
24 46 2
76 173 1
18 45 2
32 48 2
11 134 1
12 62 2
3 90 2
2 95 2
70 105 2
10 22 2
74 156 1
54 104 2
57 81 2
41 48 2
61 74 2
100 132 1
10 133 2
104 145 2
55 73 2
19 33 2
9 20 2
37 40 2
5 108 1
39 96 2
79 150 1
17 63 2
79 147 1
52 151 1
39 143 1
78 161 2
2 120 2
42 84 2
67 175 1
64 101 2
60 155 2
46 125 2
17 71 2
36 44 2
62 179 1
23 127 2
20 25 2
51 54 2
71 110 1
45 58 2
24 90 2
23 32 2
12 50 2
3 163 2
30 124 2
2 41 2
38 92 2
98 155 2
94 127 2
39 141 2
2 171 2
24 136 2
30 134 1
92 135 1
89 111 2
23 129 1
90 103 2
32 52 2
93 128 2
106 175 2
83 166 1
13 175 1
12 124 2
95 133 2
69 118 2
101 169 2
35 105 2
5 93 2
67 162 2
28 79 2
5 36 2
24 45 2
6 88 2
64 98 2
61 79 2
0 118 2
50 107 2
41 123 1
32 111 2
99 172 1
43 62 2
38 94 2
20 72 2
7 77 2
42 97 2
32 81 2
84 171 1
80 151 2
59 149 2
106 124 2
18 51 2
97 174 2
65 66 2
59 144 1
77 98 2
35 50 2
36 116 2
36 41 2
37 44 2
43 86 2
33 62 2
45 74 2
50 52 2
37 137 1
27 171 2
3 74 2
5 19 2
88 92 2
56 139 2
38 93 2
74 160 2
16 34 2
69 76 2
85 124 1
10 49 2
41 60 2
31 59 2
107 137 1
79 122 2
93 169 2
21 174 2
55 83 2
9 61 2
61 101 2
29 88 2
36 108 1
20 116 2
50 77 2
87 143 2
61 105 2
43 95 2
24 92 2
89 94 2
66 80 2
72 105 2
54 85 2
76 168 1
45 83 2
44 103 2
34 123 2
13 80 2
77 104 2
68 78 2
80 150 2
53 108 2
47 66 2
6 107 2
74 81 2
46 93 2
102 174 2
22 130 1
69 117 2
39 107 2
3 50 2
1 139 2
56 107 2
76 77 2
47 97 2
26 160 2
72 109 1
62 92 2
10 61 2
97 161 2
101 178 2
73 79 2
93 120 1
79 165 2
64 134 2
84 98 2
53 165 2
74 123 1
9 17 2
2 134 1
54 66 2
43 87 2
77 135 1
50 148 1
84 162 2
66 116 2
107 143 2
6 133 2
87 148 1
45 90 2
52 159 1
98 168 1
2 148 2
88 94 2
6 47 2
73 129 1
53 154 2
17 134 2
1 117 1
12 34 2
29 148 1
70 87 2
1 61 2
88 155 2
49 116 1
15 132 2
72 94 2
12 101 2
36 91 2
92 93 2
36 143 1
3 59 2
90 125 2
31 142 1
35 53 2
10 173 1
39 81 2
75 95 2
9 160 2
30 43 2
24 168 2
1 55 2
10 84 2
0 69 2
0 91 2
45 116 2
42 66 2
6 105 2
16 81 2
4 156 2
45 62 2
68 121 1
64 120 1
60 117 1
51 148 2
0 32 2
76 98 2
39 60 2
35 154 1
40 76 2
56 140 2
0 145 2
8 176 2
37 95 2
13 91 2
38 143 2
89 165 1
2 137 2
53 170 1
43 150 1
4 32 2
32 41 2
57 95 2
62 167 1
94 112 2
71 99 2
65 122 1
7 145 2
25 63 2
28 71 2
59 97 2
6 51 2
23 46 2
9 85 2
13 177 1
103 130 2
36 112 2
86 178 1
5 24 2
16 138 1
47 91 2
64 129 2
10 23 2
10 96 2
18 27 2
54 165 1
3 81 2
7 53 2
27 93 2
39 103 2
106 135 1
19 45 2
44 61 2
0 107 2
54 95 2
68 104 2
19 44 2
89 140 1
44 97 2
67 155 1
16 61 2
26 170 1
29 92 2
15 143 2
69 74 2
93 123 1
2 6 2
49 75 2
29 91 2
92 96 2
77 115 2
23 138 2
36 85 2
15 17 2
89 96 2
38 117 2
24 140 2
32 126 2
27 64 2
14 27 2
19 20 2
30 62 2
19 138 2
94 147 2
1 101 2
28 94 2
38 77 2
2 108 1
22 49 2
29 113 1
74 131 2
44 150 2
17 64 2
7 49 2
59 172 2
64 141 2
24 151 2
57 179 2
9 131 2
91 133 1
67 167 2
52 69 2
57 59 2
84 152 2
47 174 1
60 63 2
24 167 2
30 104 2
37 101 2
69 167 2
82 142 1
102 153 2
102 103 2
15 103 2
97 137 1
89 97 2
99 111 1
3 149 2
75 179 1
45 152 2
24 120 1
12 105 2
1 20 2
86 161 1
8 111 2
60 64 2
23 76 2
52 53 2
0 93 2
11 74 2
100 113 2
49 171 2
74 159 2
27 28 2
41 131 1
72 113 2
11 126 2
54 75 2
48 157 2
40 165 2
39 120 1
4 120 1
70 84 2
29 107 2
27 150 2
12 87 2
18 94 2
25 90 2
55 170 1
63 97 2
24 87 2
14 62 2
23 108 1
35 98 2
13 62 2
75 165 2
33 98 2
44 118 1
85 99 2
75 114 2
104 150 2
58 136 1
3 117 2
5 56 2
33 44 2
23 111 1
33 148 2
39 113 1
38 66 2
18 120 2
40 140 2
58 99 2
65 86 2
41 170 1
60 79 2
0 137 1
21 109 2
103 135 1
43 72 2
15 110 2
76 139 2
40 145 1
65 129 1
39 131 2
78 158 2
45 108 2
84 100 2
31 75 2
52 115 2
48 109 2
9 118 2
25 34 2
30 91 2
105 175 2
87 112 2
14 150 1
23 103 2
39 75 2
49 148 1
2 14 2
15 34 2
88 125 2
67 99 2
53 109 1
59 83 2
15 40 2
26 97 2
44 98 2
40 118 2
99 144 2
28 74 2
12 49 2
25 51 2
1 7 2
9 98 2
48 161 2
36 140 1
48 123 1
8 137 1
4 165 1
104 151 2
70 116 2
8 63 2
2 22 2
68 101 2
28 92 2
85 112 2
87 89 2
52 126 2
51 99 2
81 99 2
54 70 2
3 64 2
18 42 2
30 86 2
20 128 2
21 113 1
43 88 2
66 71 2
31 127 2
1 102 2
14 167 2
58 105 2
17 48 2
65 136 2
0 46 2
6 135 2
14 116 1
12 26 2
34 140 1
61 178 2
25 175 2
100 167 1
32 64 2
9 39 2
69 124 2
36 110 2
100 155 1
3 54 2
23 130 2
63 108 1
23 65 2
44 59 2
34 67 2
92 102 2
55 63 2
88 160 2
49 103 2
27 159 2
65 82 2
35 142 2
9 16 2
6 46 2
18 77 2
60 114 2
64 108 2
79 146 1
56 163 2
56 102 2
92 164 1
63 107 2
50 119 2
7 46 2
101 155 1
43 51 2
30 49 2
66 156 1
73 78 2
29 31 2
10 69 2
81 150 2
13 135 1
60 164 2
38 178 2
62 96 2
90 179 2
60 153 2
5 118 2
1 122 2
85 173 1
23 28 2
92 104 2
18 116 1
105 121 1
98 178 2
4 115 2
20 122 1
14 35 2
93 127 2
16 98 2
0 74 2
54 81 2
66 127 2
7 73 2
100 160 1
79 119 2
107 111 1
85 106 2
11 103 2
11 119 2
57 128 1
15 134 2
11 37 2
70 133 2
75 115 2
53 97 2
39 148 1
43 83 2
13 83 2
62 149 2
56 110 2
89 164 2
7 102 2
10 67 2
47 88 2
19 155 2
2 37 2
26 162 2
5 132 1
1 109 1
99 142 2
74 162 1
77 168 2
77 82 2
14 84 2
47 59 2
71 121 2
94 129 2
65 165 2
64 132 1
3 25 2
60 81 2
10 27 2
88 138 2
35 56 2
2 130 2
47 60 2
72 142 2
39 43 2
33 82 2
88 103 2
1 64 2
61 100 2
12 65 2
17 65 2
36 155 1
98 157 2
25 73 2
2 103 2
21 165 2
101 113 1
103 171 2
64 90 2
89 171 1
27 51 2
16 154 2
5 70 2
1 70 2
5 35 2
75 109 2
17 147 1
31 74 2
22 65 2
29 52 2
74 92 2
21 103 2
43 176 2
8 17 2
38 70 2
15 129 2
88 100 2
48 128 1
90 172 1
23 49 2
54 134 1
56 134 2
90 143 2
98 117 2
94 143 2
92 156 2
91 144 1
42 78 2
62 151 2
35 93 2
78 113 2
51 85 2
55 138 2
18 44 2
5 157 2
28 102 2
74 121 2
15 30 2
23 153 1
23 39 2
85 177 2
45 137 1
106 149 1
51 52 2
101 120 2
73 113 2
16 37 2
22 55 2
1 32 2
27 88 2
52 104 2
0 82 2
63 169 2
94 146 1
43 63 2
18 117 1
10 93 2
13 74 2
38 164 2
10 174 2
18 156 2
34 164 2
37 72 2
86 140 2
25 116 2
97 111 2
75 125 2
47 57 2
40 48 2
75 106 2
7 27 2
29 72 2
40 49 2
14 81 2
97 154 2
8 169 1
19 83 2
49 70 2
13 107 2
34 36 2
1 31 2
16 87 2
8 42 2
2 44 2
9 70 2
5 10 2
76 120 2
49 172 1
40 177 2
90 159 1
28 132 1
18 70 2
37 48 2
40 103 2
66 82 2
19 80 2
32 84 2
38 95 2
11 141 2
29 116 1
56 162 2
90 118 2
12 77 2
57 103 2
57 136 2
13 17 2
23 48 2
6 80 2
40 69 2
79 169 2
86 112 2
67 90 2
30 90 2
11 106 2
28 32 2
5 175 1
92 115 1
3 84 2
81 111 2
61 160 2
68 119 2
16 47 2
72 124 2
53 99 2
51 70 2
62 107 2
51 71 2
30 53 2
22 71 2
56 154 2
72 141 2
21 134 2
29 165 2
59 123 1
57 78 2
59 91 2
44 153 1
11 53 2
43 91 2
41 141 1
11 127 2
48 164 1
52 168 2
78 133 2
11 44 2
18 83 2
5 122 2
0 100 2
52 85 2
105 176 1
33 63 2
84 169 2
45 178 2
41 98 2
92 151 2
102 134 1
50 115 1
60 103 2
8 68 2
83 93 2
63 67 2
24 78 2
46 138 2
38 179 1
85 101 2
37 76 2
4 57 2
56 58 2
8 143 1
101 135 2
40 144 2
84 127 2
86 116 2
28 47 2
28 64 2
8 156 2
8 112 2
37 50 2
40 123 2
35 51 2
97 128 2
30 64 2
51 120 2
61 153 2
44 163 2
1 62 2
7 104 2
13 130 2
17 153 2
36 81 2
26 38 2
45 63 2
57 62 2
50 152 2
5 73 2
58 116 2
11 140 1
87 102 2
67 75 2
91 143 1
11 29 2
40 98 2
55 148 2
23 41 2
16 82 2
31 135 1
89 172 2
55 107 2
6 95 2
86 177 2
72 85 2
21 22 2
82 163 1
81 113 2
20 82 2
5 11 2
106 167 2
5 82 2
81 103 2
14 60 2
26 135 2
25 151 2
89 109 2
72 173 1
11 80 2
81 132 2
0 179 2
101 131 2
85 90 2
66 132 2
35 137 2
31 146 2
53 151 2
100 172 1
6 68 2
50 93 2
102 170 2
36 50 2
82 126 2
15 25 2
30 66 2
39 80 2
81 155 1
61 170 1
77 101 2
15 123 1
69 84 2
100 118 1
85 133 2
66 161 2
41 164 1
34 106 2
9 82 2
5 90 2
24 49 2
84 103 2
39 112 2
83 154 1
24 115 2
12 40 2
30 112 2
25 134 2
11 55 2
34 126 2
19 21 2
11 43 2
89 102 2
66 151 2
55 172 2
2 123 1
95 131 2
5 32 2
29 47 2
63 78 2
95 132 1
10 105 2
77 106 2
2 24 2
11 142 2
33 155 1
77 109 2
28 136 1
14 33 2
24 97 2
92 168 2
76 129 1
82 171 2
36 104 2
44 159 2
1 21 2
98 135 1
55 105 2
96 107 2
86 108 2
11 150 1
35 37 2
18 31 2
34 74 2
48 104 2
16 46 2
29 48 2
20 99 2
52 137 1
2 10 2
82 91 2
54 72 2
67 121 2
52 72 2
74 118 2
89 159 2
14 94 2
43 89 2
24 73 2
50 62 2
85 96 2
106 179 2
31 48 2
16 125 2
107 153 1
81 101 2
64 82 2
44 178 1
23 100 2
64 173 1
19 93 2
99 120 2
26 74 2
57 84 2
79 162 2
99 123 2
4 162 1
33 122 2
23 85 2
31 100 2
18 149 2
51 82 2
5 37 2
11 52 2
18 65 2
53 61 2
94 175 2
25 147 1
44 56 2
18 135 1
88 154 1
62 134 2
29 98 2
8 142 2
37 139 2
9 129 2
5 125 2
29 155 2
8 44 2
85 140 2
71 148 2
57 121 2
47 63 2
1 178 1
76 79 2
103 128 2
60 159 1
43 44 2
26 43 2
12 73 2
0 42 2
4 50 2
8 103 2
29 154 1
83 119 2
70 91 2
86 90 2
47 52 2
28 103 2
25 161 2
16 43 2
29 177 1
106 171 2
37 148 2
73 170 2
100 150 2
98 122 1
26 27 2
25 88 2
94 105 2
100 126 1
19 50 2
12 78 2
30 165 1
34 97 2
5 66 2
85 105 2
30 31 2
46 99 2
51 55 2
26 137 1
18 134 2
20 126 2
25 112 2
41 120 1
55 59 2
49 168 2
1 119 2
28 83 2
92 105 2
65 98 2
30 135 2
91 129 2
88 90 2
8 12 2
22 93 2
29 65 2
69 158 2
12 177 1
16 134 2
0 171 2
99 130 2
90 152 2
97 133 1
11 33 2
32 135 2
79 117 2
86 146 2
46 158 2
61 151 2
10 43 2
80 178 2
68 144 1
54 100 2
47 92 2
72 153 2
10 83 2
13 117 2
1 177 2
1 74 2
2 65 2
90 165 2
37 74 2
27 61 2
29 168 2
31 73 2
13 20 2
19 133 2
93 150 1
45 122 1
101 153 1
74 168 1
73 96 2
98 161 2
103 112 2
26 62 2
65 140 1
1 111 2
25 42 2
90 151 1
22 117 2
23 156 2
25 75 2
66 137 2
39 58 2
53 115 1
15 29 2
91 167 1
9 37 2
32 53 2
73 98 2
69 100 2
36 95 2
74 98 2
24 93 2
77 155 1
72 76 2
105 164 2
102 147 2
21 137 2
38 98 2
15 33 2
59 79 2
100 174 1
42 122 2
89 123 1
10 14 2
44 101 2
15 56 2
75 162 2
52 176 1
64 104 2
11 88 2
3 73 2
95 151 1
19 82 2
11 40 2
17 55 2
8 72 2
45 91 2
56 93 2
96 168 2
15 127 1
26 60 2
33 60 2
88 122 2
10 155 1
6 59 2
50 122 2
103 152 1
33 43 2
89 143 2
48 134 2
53 64 2
9 75 2
4 8 2
69 103 2
37 51 2
99 143 1
53 68 2
8 134 1
62 64 2
42 101 2
103 120 2
17 100 2
1 141 1
21 99 2
16 70 2
53 92 2
16 35 2
47 64 2
51 92 2
41 96 2
30 95 2
62 101 2
73 91 2
73 151 1
97 136 2
12 41 2
18 138 1
79 123 2
20 83 2
90 94 2
55 74 2
23 87 2
101 138 2
8 93 2
3 5 2
71 130 2
22 64 2
79 129 2
46 68 2
53 93 2
33 106 2
14 32 2
7 143 1
3 151 1
23 110 2
46 65 2
74 166 2
17 45 2
105 166 1
35 99 2
75 133 2
44 174 2
48 92 2
65 75 2
67 95 2
68 89 2
88 98 2
58 131 2
7 57 2
102 128 1
8 117 2
55 89 2
56 86 2
16 159 1
81 174 2
38 123 2
96 121 1
20 47 2
75 134 2
80 179 2
19 169 1
22 30 2
3 28 2
3 42 2
12 117 2
25 27 2
77 145 2
54 106 2
29 140 2
45 61 2
27 108 2
0 41 2
4 44 2
36 40 2
46 146 2
50 136 2
35 79 2
9 50 2
19 177 1
4 10 2
68 75 2
36 38 2
18 169 2
15 97 2
39 157 2
63 110 2
2 114 1
28 60 2
26 159 1
66 67 2
35 69 2
8 172 2
23 123 1
11 118 2
34 111 2
79 163 2
8 135 2
6 10 2
78 167 1
15 45 2
32 119 1
62 119 2
92 108 2
51 93 2
5 40 2
78 105 2
42 118 2
69 89 2
25 131 2
15 26 2
28 37 2
75 113 1
6 128 1
6 56 2
48 168 2
103 105 2
5 75 2
58 138 1
107 139 1
33 138 2
23 70 2
92 125 2
25 91 2
42 86 2
24 153 1
21 159 2
32 70 2
92 153 2
15 119 2
31 174 2
6 141 2
11 176 2
11 21 2
51 176 2
35 173 2
88 147 2
58 62 2
90 149 1
32 167 1
76 126 1
10 21 2
91 146 2
17 107 2
23 179 1
76 172 1
50 173 2
1 143 1
50 124 2
13 69 2
38 171 2
31 90 2
45 112 2
52 177 1
106 122 2
83 132 2
37 65 2
104 165 2
92 139 2
79 140 1
28 48 2
107 166 1
60 173 2
1 104 2
40 71 2
97 126 1
18 176 2
34 81 2
76 137 1
73 130 1
11 123 2
35 151 2
40 66 2
10 46 2
37 112 1
12 122 1
46 79 2
12 52 2
64 178 2
68 93 2
76 133 1
4 174 1
4 74 2
65 71 2
22 110 1
32 138 1
41 87 2
98 145 1
43 59 2
50 53 2
65 91 2
21 68 2
38 118 1
8 23 2
33 140 2
75 84 2
8 77 2
79 96 2
37 118 2
66 124 1
93 98 2
74 157 1
61 154 2
13 129 2
69 109 2
15 100 2
56 149 1
45 140 2
63 70 2
18 67 2
6 175 1
79 126 1
94 107 2
52 124 2
70 150 2
52 130 2
71 152 2
46 74 2
9 115 2
53 79 2
95 148 2
2 33 2
26 138 1
16 49 2
96 170 2
80 130 2
38 108 1
45 95 2
90 102 2
24 68 2
43 148 2
101 105 2
100 127 1
15 37 2
56 71 2
95 118 2
82 179 2
90 105 2
64 95 2
60 82 2
15 27 2
71 86 2
46 67 2
20 40 2
18 98 2
6 69 2
16 22 2
7 97 2
50 84 2
101 123 2
12 89 2
52 70 2
81 114 1
19 128 2
32 124 2
84 135 2
60 139 1
92 106 2
82 141 2
28 49 2
93 168 2
27 84 2
22 74 2
14 36 2
9 14 2
91 158 2
21 154 2
86 122 2
92 94 2
74 94 2
3 89 2
31 140 2
46 96 2
21 105 2
42 44 2
68 85 2
36 107 2
51 160 2
41 173 2
12 107 2
82 166 1
72 98 2
20 170 2
6 50 2
34 47 2
9 135 1
44 157 2
19 86 2
15 158 1
103 108 2
48 124 1
88 150 2
54 167 2
60 69 2
13 173 2
82 157 1
35 171 2
55 162 1
32 60 2
26 168 2
82 116 2
31 50 2
106 153 1
27 140 1
62 71 2
6 54 2
38 133 2
36 90 2
0 112 2
41 152 1
64 85 2
12 22 2
23 104 2
39 83 2
56 128 2
76 106 2
19 102 2
66 114 2
57 80 2
18 143 2
14 53 2
72 102 2
29 80 2
104 107 2
86 102 2
67 103 2
68 153 1
78 114 2
65 74 2
37 79 2
34 119 2
64 72 2
53 86 2
42 68 2
96 102 2
91 105 2
0 11 2
10 18 2
43 132 2
60 98 2
7 30 2
83 131 1
81 90 2
6 8 2
97 170 2
23 42 2
54 69 2
34 133 1
5 107 2
47 89 2
27 169 2
28 46 2
41 99 2
30 129 1
8 136 2
44 147 2
66 150 2
13 44 2
49 83 2
64 122 2
88 148 2
104 158 2
47 87 2
10 76 2
34 58 2
41 167 1
8 85 2
45 101 2
69 139 2
15 76 2
56 82 2
7 110 2
32 55 2
61 95 2
57 170 1
40 94 2
28 45 2
12 92 2
28 73 2
10 115 2
56 95 2
38 45 2
38 157 2
33 119 1
17 78 2
13 16 2
69 91 2
31 69 2
100 158 2
66 172 1
4 82 2
38 67 2
20 153 2
107 134 2
17 53 2
38 111 2
46 157 1
80 163 2
70 178 1
5 6 2
11 156 2
69 136 2
62 75 2
83 95 2
73 95 2
14 51 2
1 39 2
48 119 2
83 89 2
71 164 1
17 72 2
82 120 1
8 128 2
96 104 2
13 151 2
2 74 2
11 147 2
99 174 2
86 176 2
2 141 2
81 83 2
102 165 2
33 103 2
78 98 2
20 173 1
76 84 2
7 148 2
15 90 2
100 143 2
12 108 2
84 105 2
36 137 2
27 66 2
37 87 2
57 63 2
18 177 2
23 45 2
65 167 2
49 129 2
69 95 2
46 173 2
55 143 1
37 104 2
27 31 2
26 35 2
20 146 1
4 151 1
18 47 2
25 155 2
7 39 2
12 102 2
68 132 2
61 102 2
13 64 2
37 60 2
18 62 2
6 63 2
30 111 2
66 91 2
79 98 2
48 99 2
41 52 2
29 121 1
88 124 2
31 106 2
20 43 2
27 174 2
36 72 2
88 176 2
0 167 2
41 136 1
64 111 2
70 94 2
0 106 2
20 86 2
60 170 2
7 48 2
13 79 2
24 133 2
62 146 2
6 75 2
3 107 2
103 104 2
28 66 2
11 130 2
48 63 2
21 130 2
34 178 2
19 161 2
42 51 2
93 116 2
61 143 2
4 76 2
8 22 2
21 33 2
86 104 2
15 142 2
53 85 2
36 71 2
10 111 1
55 85 2
9 51 2
71 85 2
0 80 2
66 144 1
48 129 1
21 75 2
54 71 2
53 59 2
12 126 1
105 178 2
21 97 2
26 99 2
71 178 1
94 156 1
13 119 2
73 145 1
55 78 2
49 80 2
30 84 2
22 47 2
93 165 2
37 175 1
40 102 2
73 90 2
33 49 2
107 152 2
34 169 2
44 96 2
104 177 2
8 69 2
17 162 2
5 44 2
38 88 2
103 113 2
77 165 1
22 63 2
1 22 2
6 160 1
64 161 1
68 77 2
80 144 2
95 97 2
37 55 2
2 158 2
27 105 2
59 133 2
85 154 1
43 124 1
29 97 2
86 107 2
24 111 1
59 155 2
86 158 2
2 147 2
35 161 2
51 122 2
1 87 2
14 120 2
72 92 2
99 160 2
22 45 2
29 58 2
52 174 2
60 70 2
85 142 2
5 74 2
3 75 2
92 134 1
16 86 2
7 137 2
83 109 1
81 98 2
60 154 1
1 28 2
42 128 2
72 123 2
82 149 2
21 41 2
11 160 2
0 101 2
76 89 2
2 160 2
103 136 2
79 159 1
35 76 2
5 145 2
66 148 1
25 178 2
27 48 2
90 97 2
85 144 2
26 66 2
19 62 2
0 120 2
9 13 2
24 64 2
50 76 2
59 88 2
70 172 2
32 39 2
45 109 1
41 113 1
24 103 2
91 98 2
15 22 2
75 174 2
28 169 2
5 39 2
18 91 2
19 173 1
39 69 2
16 76 2
96 120 2
107 173 2
19 145 2
41 85 2
4 18 2
1 154 1
60 144 2
2 18 2
35 110 1
11 125 2
11 104 2
21 96 2
48 88 2
52 112 1
2 59 2
70 126 2
55 62 2
6 131 1
33 117 2
67 142 2
75 120 2
38 60 2
84 167 1
99 110 2
15 111 2
78 142 2
61 136 2
34 38 2
22 51 2
50 70 2
90 130 1
54 133 2
50 98 2
4 37 2
46 120 1
59 63 2
74 117 2
1 34 2
82 122 2
41 97 2
104 127 2
9 155 2
74 99 2
99 138 1
65 77 2
90 134 2
5 42 2
21 23 2
25 95 2
33 61 2
30 153 2
43 166 2
19 96 2
0 88 2
56 132 2
27 72 2
39 84 2
31 136 2
41 70 2
64 123 2
71 111 1
90 129 2
21 149 1
16 136 1
66 94 2
99 173 2
54 83 2
58 69 2
60 134 1
24 57 2
15 139 2
39 98 2
41 168 2
1 43 2
26 71 2
19 24 2
57 96 2
11 56 2
24 80 2
97 173 2
73 80 2
2 55 2
0 67 2
18 164 2
38 134 2
8 79 2
16 144 1
0 63 2
71 88 2
6 7 2
56 73 2
65 141 2
60 161 1
62 93 2
51 168 2
38 125 2
81 106 2
102 152 2
10 17 2
9 53 2
94 145 2
39 65 2
19 63 2
55 171 1
41 128 1
92 160 2
11 34 2
44 65 2
55 115 1
18 162 2
39 62 2
91 136 2
64 93 2
3 10 2
74 84 2
66 138 2
51 101 2
43 121 1
3 100 2
49 108 1
6 152 1
37 177 1
70 89 2
11 113 2
80 103 2
17 171 2
15 126 2
1 100 2
3 87 2
32 169 1
34 54 2
67 94 2
14 31 2
51 157 1
56 75 2
8 110 1
62 154 1
50 146 1
68 111 2
20 98 2
40 88 2
81 164 1
94 124 1
76 125 2
73 109 1
6 27 2
5 22 2
30 55 2
92 173 2
19 64 2
55 131 1
18 38 2
66 110 2
89 106 2
103 115 1
13 100 2
42 177 2
17 127 1
20 77 2
28 171 2
39 177 2
31 154 2
23 106 2
57 167 2
26 72 2
64 167 2
67 105 2
67 149 2
69 166 2
44 72 2
48 89 2
3 6 2
75 140 2
9 47 2
52 62 2
78 121 2
43 102 2
18 122 1
21 46 2
19 172 2
38 100 2
45 76 2
55 155 2
6 83 2
77 85 2
79 149 1
54 107 2
21 102 2
49 68 2
12 158 1
17 150 2
9 10 2
4 60 2
90 161 1
8 14 2
23 34 2
46 61 2
97 176 1
11 67 2
102 157 2
58 77 2
74 87 2
40 51 2
37 52 2
54 73 2
78 150 2
23 30 2
52 122 2
48 76 2
51 73 2
30 106 2
14 111 1
69 115 2
13 154 1
5 86 2
12 116 2
85 179 1
13 86 2
32 59 2
26 146 2
5 54 2
4 125 2
25 52 2
91 122 2
2 127 2
55 161 1
99 165 1
36 117 2
105 118 2
32 54 2
19 61 2
0 6 2
56 122 1
96 145 2
0 134 2
5 127 2
30 92 2
87 93 2
30 78 2
48 80 2
49 104 2
15 154 2
0 83 2
45 107 2
30 98 2
65 174 2
11 115 2
8 129 2
105 112 1
47 94 2
56 131 2
25 143 2
5 141 2
28 110 1
11 61 2
105 106 2
6 124 2
11 148 2
74 179 2
31 46 2
48 150 2
52 102 2
36 135 2
83 111 2
26 57 2
55 147 2
61 157 2
3 20 2
12 30 2
68 95 2
14 23 2
75 128 1
85 111 2
2 169 2
56 69 2
62 165 2
41 47 2
23 163 2
61 83 2
46 95 2
14 91 2
64 133 2
14 157 2
102 107 2
16 77 2
19 35 2
45 85 2
8 109 2
57 111 1
46 119 2
78 88 2
36 65 2
15 149 1
95 107 2
90 136 2
11 98 2
26 94 2
76 150 2
1 63 2
42 115 1
4 33 2
61 162 1
13 71 2
12 57 2
95 149 2
31 113 2
64 130 1
50 149 2
7 70 2
44 139 2
94 106 2
20 30 2
9 72 2
33 69 2
63 157 2
3 128 2
22 72 2
28 41 2
58 110 2
62 169 1
46 145 2
47 84 2
66 171 2
56 148 2
49 124 1
16 131 2
73 128 1
45 156 2
11 91 2
106 136 2
60 106 2
106 143 2
74 77 2
9 49 2
36 82 2
54 144 2
77 110 2
27 120 2
19 28 2
47 70 2
15 64 2
38 42 2
82 177 2
32 178 2
1 49 2
106 115 2
39 115 2
56 143 2
3 121 2
42 52 2
63 142 2
59 72 2
11 41 2
74 108 2
41 81 2
54 175 2
73 100 2
33 162 2
32 115 1
44 149 2
71 74 2
33 152 2
18 161 1
76 80 2
28 77 2
14 43 2
79 131 2
12 64 2
8 37 2
70 121 2
2 100 2
29 64 2
63 79 2
29 152 1
4 90 2
25 26 2
92 171 2
96 127 2
46 162 2
32 79 2
70 98 2
34 68 2
21 135 2
3 102 2
69 145 1
26 29 1
15 50 1
97 118 1
98 160 2
68 145 1
