% n=20 p=33 d=0.66 p_blue=0.33
% k=0
2 10 1
2 8 1
0 18 2
1 10 1
1 2 2
3 5 2
0 12 1
0 7 1
2 11 1
1 14 1
1 5 2
1 6 2
4 19 1
1 11 2
6 17 1
2 15 1
4 13 1
4 12 1
3 6 2
2 16 1
2 6 2
4 11 2
3 10 1
0 9 2
2 19 1
1 19 1
2 3 2
5 13 1
4 18 2
2 17 1
3 9 1
4 7 1
3 19 1
0 14 1
0 13 1
6 14 2
5 9 1
6 15 1
5 12 1
5 10 1
3 12 1
1 17 1
0 1 2
2 7 1
1 4 2
6 18 1
5 15 1
5 6 2
6 16 1
3 13 1
2 18 1
1 18 2
3 17 1
0 4 2
0 2 2
5 17 1
1 7 1
4 5 2
1 16 1
4 10 2
1 3 2
0 16 1
4 16 1
0 3 1
0 5 2
10 16 1
3 16 1
4 14 1
5 14 2
14 16 1
3 14 2
4 6 1
