% n=200 p=33 d=0.66 p_blue=0.33
% k=0
23 162 1
30 112 2
15 59 2
52 144 1
33 110 2
16 148 1
35 101 1
51 183 1
49 146 1
58 141 1
4 115 1
60 198 1
57 194 1
2 26 2
28 132 1
16 73 1
19 112 1
4 23 2
53 88 1
7 52 2
28 178 1
23 196 2
52 58 2
9 50 2
52 66 1
7 122 1
29 31 2
0 152 2
12 170 1
59 170 1
13 197 1
6 7 2
65 177 2
15 65 2
2 127 1
61 155 1
46 96 2
41 42 2
4 21 2
27 148 2
51 114 2
6 41 2
40 132 1
57 108 2
54 87 1
28 176 2
56 190 1
54 101 2
13 124 1
9 185 2
17 59 2
53 93 1
43 171 1
35 129 1
28 112 1
8 89 2
65 128 1
39 105 1
0 182 1
3 87 1
28 143 1
62 137 1
20 59 2
36 165 2
21 37 2
3 37 2
52 84 1
35 176 1
23 157 1
58 132 2
26 35 2
32 185 1
27 137 1
32 45 2
50 181 2
64 187 1
41 87 1
53 137 2
16 162 2
2 162 2
4 193 1
41 47 2
60 69 1
8 164 1
33 34 2
19 104 1
22 63 2
17 118 2
48 192 2
27 122 1
25 70 1
39 196 1
40 129 1
61 138 1
59 83 1
36 78 2
21 184 1
62 153 1
21 95 1
61 183 2
6 11 2
38 133 1
33 145 2
53 148 1
33 113 1
15 110 1
50 134 2
10 51 2
10 101 1
50 160 1
43 69 1
6 166 2
39 142 1
57 106 1
0 181 1
55 98 2
58 65 2
45 109 1
32 193 1
15 144 2
39 51 2
23 113 1
38 113 1
36 186 1
36 61 2
8 143 1
11 30 2
9 124 1
33 127 1
35 127 1
31 43 2
39 157 2
19 20 2
8 150 2
27 84 1
21 112 1
26 108 1
38 109 1
50 61 2
21 49 2
2 69 1
7 78 2
34 113 2
53 84 1
3 26 2
47 175 1
54 161 1
25 63 2
43 111 1
19 59 2
4 58 2
25 140 1
37 62 2
9 128 2
0 55 2
0 68 2
8 27 2
0 136 1
8 25 2
4 16 2
58 165 2
42 105 1
11 65 2
65 126 2
45 90 1
64 123 1
17 26 2
33 41 2
11 131 2
28 99 1
13 51 2
58 166 1
3 100 2
53 79 1
34 181 2
55 99 1
16 30 2
2 110 2
55 62 2
53 94 2
5 7 2
1 74 1
2 122 2
27 123 1
10 155 1
21 115 1
14 113 2
64 96 1
10 50 2
8 16 2
11 186 1
36 66 2
4 68 1
31 192 1
9 120 1
57 180 2
0 82 1
37 96 1
38 110 1
63 99 2
2 14 2
0 155 1
22 186 1
43 52 2
64 86 1
7 8 2
50 193 1
48 83 2
6 97 1
39 107 2
9 123 1
46 56 2
34 81 1
40 168 1
34 41 2
8 14 2
19 79 2
2 45 2
56 129 1
13 64 2
49 53 2
18 118 1
13 153 1
45 79 1
18 36 2
3 193 1
16 135 1
36 141 2
11 22 2
23 66 2
46 53 2
11 153 1
47 53 2
1 49 2
7 102 2
46 92 1
60 61 2
54 163 1
46 67 1
32 49 2
47 100 1
45 173 1
0 75 1
35 168 2
12 24 2
29 164 2
45 98 2
5 136 1
41 43 2
9 178 1
22 92 2
8 12 2
14 149 2
37 154 2
60 119 1
23 84 1
42 64 2
2 146 1
58 103 1
22 100 1
28 89 1
53 171 2
44 172 1
12 59 2
59 173 1
37 167 2
64 136 1
31 71 1
43 191 1
64 191 1
25 67 2
51 82 1
47 121 1
63 106 2
39 63 2
7 68 2
35 95 1
49 70 1
31 39 2
6 39 2
17 146 1
41 76 1
36 194 1
20 100 1
2 89 1
2 195 1
65 184 2
48 123 1
17 28 2
54 131 1
3 56 2
44 149 2
44 112 1
8 102 2
37 102 1
59 151 1
1 26 2
65 192 1
12 168 2
15 184 2
33 74 1
40 101 1
11 199 1
8 197 1
25 119 2
55 109 1
19 160 2
44 158 1
52 140 1
35 170 1
3 45 2
5 61 2
44 137 2
21 26 2
2 96 1
50 53 2
23 38 2
27 183 1
11 182 1
33 79 1
17 24 2
43 150 2
57 176 1
0 41 2
50 118 1
19 134 1
35 124 1
62 132 1
6 189 1
17 18 2
28 174 2
25 48 2
56 58 2
40 154 1
36 87 2
42 127 1
6 48 2
11 157 1
58 187 1
32 146 1
17 142 1
53 86 2
44 173 2
42 73 1
30 51 2
15 56 2
21 24 2
58 86 2
7 159 2
18 191 2
33 49 2
3 171 1
45 151 1
34 65 2
50 66 1
16 150 1
15 97 1
36 62 2
6 140 2
55 73 1
43 178 1
48 142 1
12 16 2
22 66 1
10 137 1
46 107 1
34 190 2
0 186 1
20 91 1
50 60 2
55 182 1
9 70 1
42 75 2
57 85 1
61 151 1
45 131 2
0 81 2
21 65 2
55 142 1
29 143 2
14 184 2
13 175 1
42 163 1
12 50 2
50 67 2
15 173 2
17 110 2
0 21 2
59 86 1
48 88 1
51 177 2
0 127 1
19 108 1
12 87 2
45 52 2
46 160 1
39 178 1
26 42 2
26 176 2
36 108 1
21 103 2
32 66 2
14 22 2
64 141 1
13 198 1
37 49 2
15 25 2
1 47 2
14 37 2
33 38 2
23 186 1
41 183 1
29 186 2
31 188 1
22 195 1
11 59 2
31 198 1
65 174 2
15 40 2
6 188 2
6 8 2
35 114 1
44 131 1
6 56 2
44 81 1
26 113 1
65 169 1
44 79 2
5 130 2
24 98 1
29 190 1
33 47 2
36 55 2
33 73 1
28 66 1
53 154 2
23 195 1
19 100 1
24 26 2
57 77 2
59 193 2
42 50 2
6 13 2
43 146 1
23 104 1
32 144 2
0 36 2
13 113 2
4 20 2
52 85 1
14 34 2
49 133 1
42 80 1
25 62 2
17 123 1
60 113 2
37 138 1
34 117 1
21 42 2
9 114 2
65 175 2
53 122 2
33 60 2
62 183 1
61 102 1
13 30 2
41 134 1
8 188 1
56 124 1
45 117 1
50 106 2
15 137 1
21 124 1
25 172 1
7 148 1
4 174 1
44 87 1
8 169 1
28 63 2
50 63 2
11 50 2
49 138 2
58 172 1
23 123 2
54 172 1
2 126 1
32 155 2
22 174 1
52 126 1
39 148 1
34 191 2
5 24 2
51 112 2
43 89 1
29 126 1
35 60 2
46 100 1
18 176 1
13 74 2
5 65 2
39 172 2
58 83 1
41 163 2
34 80 2
12 178 2
47 96 2
0 16 2
33 158 1
4 197 1
35 180 1
13 105 1
64 186 1
60 178 1
39 99 1
18 198 2
13 141 1
49 179 1
64 156 2
27 168 1
22 45 2
19 161 1
47 138 1
22 38 2
6 134 1
32 174 1
20 117 2
12 121 1
63 81 2
54 184 1
20 39 2
26 125 1
6 71 1
42 97 1
30 126 2
8 45 2
6 26 2
27 178 1
44 135 1
15 190 1
52 103 1
31 138 2
2 179 1
45 166 1
0 54 2
40 122 2
31 163 1
33 76 2
9 149 1
60 159 1
3 79 1
49 194 1
61 177 1
32 111 1
51 63 2
34 96 1
35 37 2
19 131 1
56 103 1
7 99 1
1 174 1
38 93 1
18 189 1
48 61 2
1 36 2
3 182 1
35 181 1
51 107 1
1 76 1
46 119 2
62 91 2
0 31 2
14 156 1
45 64 2
56 127 1
53 138 1
2 86 1
7 151 1
36 154 1
16 58 2
65 82 1
21 74 1
16 103 1
4 156 1
11 189 2
20 161 1
15 114 1
4 165 1
20 116 1
31 169 1
40 109 1
38 134 1
20 154 2
3 116 1
22 72 2
61 146 1
52 68 2
21 39 2
49 115 2
22 57 2
1 52 2
48 171 1
9 199 2
60 168 2
39 60 2
21 43 2
62 173 1
46 50 2
5 43 2
65 198 2
6 69 1
14 54 2
23 152 1
64 152 2
37 180 1
3 76 1
10 72 1
9 115 2
5 133 1
24 103 1
4 59 2
15 72 1
31 133 1
38 186 2
10 56 2
22 165 1
5 21 2
58 107 2
50 69 1
55 157 1
43 133 1
7 54 2
31 58 2
28 133 1
16 124 1
6 98 2
13 145 1
42 161 1
19 90 2
54 61 2
30 83 2
62 98 1
11 77 1
40 175 1
47 179 1
13 29 2
23 28 2
27 167 1
12 77 2
53 69 1
26 169 1
55 78 2
18 21 2
33 157 2
57 168 2
43 91 1
30 178 2
37 61 2
40 44 2
49 123 2
9 132 1
11 18 2
43 148 1
1 8 2
37 91 2
33 182 1
49 129 1
3 7 2
44 171 1
23 99 1
30 192 1
37 124 1
38 52 2
64 112 1
53 63 2
2 9 2
43 187 1
46 180 2
40 181 2
51 173 2
34 189 1
57 156 1
27 55 2
29 32 2
5 107 1
61 143 1
24 153 1
18 27 2
52 59 2
28 92 2
54 123 2
33 83 1
28 39 2
30 160 2
54 55 2
35 36 2
4 13 2
60 78 1
2 50 2
32 60 2
25 104 1
46 101 1
34 55 2
16 111 1
29 55 2
10 154 1
27 133 1
12 22 2
42 119 2
52 142 2
25 99 2
38 172 2
65 137 2
10 164 2
11 161 1
58 177 2
59 195 2
44 104 1
32 153 1
13 122 1
9 92 1
10 136 2
65 88 2
40 195 1
32 176 2
53 58 2
2 108 1
54 57 2
64 192 1
34 178 1
28 54 2
63 82 1
51 64 2
15 131 2
13 162 1
33 53 2
34 160 1
38 49 2
0 15 2
2 147 1
58 130 1
15 105 1
37 75 2
7 11 2
41 113 2
10 97 1
50 113 1
19 132 2
38 173 2
28 198 1
48 150 2
11 196 1
6 175 1
55 91 1
22 150 2
0 128 1
7 37 2
14 103 1
47 107 1
11 84 1
11 117 1
29 183 2
19 39 2
40 118 1
59 64 2
47 54 2
42 69 2
27 40 2
31 56 2
26 43 2
45 121 2
41 157 2
38 196 2
2 20 2
28 87 1
6 54 2
42 193 1
16 114 2
43 199 1
50 179 1
0 62 2
39 56 2
59 172 1
0 44 2
0 197 2
27 169 1
17 83 1
17 22 2
0 153 2
30 62 2
14 36 2
41 160 2
18 91 1
14 146 2
13 164 1
55 185 2
9 177 1
65 164 2
49 124 1
48 199 1
4 51 2
9 142 2
26 53 2
65 135 2
1 38 2
21 147 2
7 133 2
41 81 2
5 17 2
20 199 1
54 162 2
2 112 1
36 195 1
43 196 1
31 142 1
16 82 1
17 137 2
17 61 2
12 157 1
16 142 1
59 132 1
5 23 2
57 128 1
48 172 1
2 186 1
58 169 1
48 196 1
7 199 2
16 53 2
13 196 1
6 106 1
45 96 2
33 48 2
25 178 1
64 109 1
23 117 1
7 127 1
8 35 2
63 66 1
6 187 2
62 145 2
16 126 1
4 31 2
14 69 1
18 35 2
1 4 2
20 136 2
46 187 2
61 193 1
46 124 1
13 61 2
32 39 2
4 162 1
20 145 2
3 32 2
22 24 2
46 133 2
16 70 2
20 132 1
11 54 2
14 44 2
12 167 2
27 91 1
16 146 1
41 46 2
9 55 2
47 89 1
19 145 1
27 124 2
4 49 2
8 67 1
64 169 1
5 184 1
62 84 2
32 46 2
37 142 2
55 169 2
16 139 1
15 23 2
58 85 2
55 171 2
28 51 2
28 40 2
43 138 2
9 21 2
15 76 1
8 62 2
22 52 2
11 15 2
7 149 2
7 55 2
44 168 1
6 113 1
38 70 2
1 143 2
37 59 2
8 145 2
7 195 2
40 180 1
10 112 1
25 54 2
63 67 1
6 35 2
55 69 1
0 19 2
26 49 2
28 128 1
9 155 2
24 59 2
0 61 2
61 144 1
6 75 2
54 80 2
60 122 1
24 90 1
8 24 2
25 142 1
30 186 2
51 158 2
34 54 2
26 171 1
20 160 1
16 165 2
5 137 2
56 154 1
8 109 1
53 117 1
5 138 1
43 164 2
11 160 1
6 110 2
18 180 1
40 76 1
57 195 1
25 27 2
44 52 2
35 125 1
56 188 2
8 10 2
21 179 2
37 143 2
64 196 1
27 187 1
45 106 2
62 177 2
25 53 2
61 199 2
1 33 2
15 41 2
11 69 2
61 66 1
39 138 2
2 84 2
64 110 2
40 125 2
12 37 2
8 26 2
21 150 1
14 166 1
22 119 1
11 107 1
6 194 2
38 94 1
53 172 1
64 137 1
61 93 1
58 174 1
10 120 2
50 86 1
5 80 2
4 57 2
59 69 1
8 78 2
21 36 2
20 56 2
46 88 2
17 175 1
56 85 1
54 92 2
0 38 2
12 55 2
25 45 2
34 149 1
26 62 2
54 70 2
10 124 1
37 162 2
31 89 1
3 35 2
28 29 2
24 61 2
42 141 1
21 126 1
22 149 1
63 146 1
52 64 2
47 110 1
3 47 2
35 45 2
55 136 1
34 138 1
17 72 2
37 38 2
34 108 1
18 59 2
33 173 1
43 129 1
7 91 1
23 149 2
7 20 2
19 153 1
35 158 1
60 121 1
36 149 2
17 53 2
42 49 2
46 182 1
24 28 2
48 131 1
3 9 2
45 78 2
65 170 2
35 123 2
39 71 1
15 26 2
30 145 2
7 23 2
20 47 2
0 24 2
27 143 2
54 60 2
9 193 1
55 64 2
47 95 1
32 104 1
36 43 2
21 196 1
43 65 2
15 58 2
0 142 1
13 53 2
9 152 2
17 33 2
20 193 1
17 79 1
56 112 2
24 119 1
45 72 1
30 194 1
23 147 1
44 55 2
8 42 2
8 177 1
4 86 1
28 180 1
24 198 1
8 84 2
29 140 1
12 106 1
26 90 2
7 49 2
24 47 2
51 141 2
7 51 2
42 124 1
40 42 2
1 91 2
37 136 1
6 149 2
39 127 1
53 180 2
23 39 2
8 163 1
20 26 2
61 110 1
27 100 2
48 59 2
23 57 2
0 34 2
15 140 1
27 62 2
42 195 1
10 189 1
31 181 2
18 182 1
1 9 2
26 92 1
11 60 2
52 57 2
21 81 1
1 46 2
29 166 1
52 190 1
53 98 2
59 192 1
24 57 2
5 27 2
44 128 1
65 155 1
15 51 2
4 93 1
0 52 2
20 23 2
58 122 1
0 174 1
39 120 1
62 199 1
44 46 2
18 145 1
16 94 2
51 197 1
46 188 2
16 37 2
55 197 2
23 151 2
9 169 2
64 85 2
56 109 1
62 124 1
24 77 1
18 56 2
35 48 2
57 129 1
31 136 1
58 160 1
27 78 1
6 45 2
35 97 2
0 137 1
9 101 1
12 194 2
46 135 1
28 196 2
1 96 1
2 72 1
12 108 2
16 49 2
24 130 1
31 69 1
37 149 2
45 59 2
33 106 1
49 125 2
30 130 2
64 165 2
34 67 2
16 199 1
55 113 1
46 77 1
23 189 1
57 87 1
19 47 2
50 188 2
20 133 1
27 113 1
23 126 2
64 129 2
40 199 1
63 118 1
5 158 1
60 87 2
19 163 1
33 70 2
17 36 2
2 141 1
20 92 2
7 185 1
62 158 1
47 193 1
55 167 1
20 45 2
59 101 1
1 95 1
2 193 2
16 29 2
2 166 1
36 50 2
49 106 1
47 67 1
7 158 1
11 88 1
30 36 2
23 193 1
25 32 2
8 191 1
30 183 2
11 155 1
24 154 2
13 65 2
2 148 2
10 147 1
35 58 2
64 162 2
3 142 2
41 121 1
30 76 1
27 194 2
56 182 1
26 107 1
11 125 1
15 187 1
50 159 2
36 122 2
21 169 1
35 126 2
59 114 1
52 110 1
27 99 2
61 122 2
14 121 1
18 107 1
3 93 1
12 187 1
55 163 1
11 100 1
13 144 2
36 189 2
5 134 1
28 186 1
30 196 2
0 105 1
40 64 2
7 62 2
30 114 1
55 193 1
3 68 1
1 97 1
44 71 2
9 87 1
53 81 1
19 138 1
17 99 1
51 196 1
1 53 2
20 75 1
58 133 1
28 138 1
35 85 1
36 42 2
39 67 1
46 195 1
4 179 2
64 163 2
3 33 2
39 86 2
49 134 2
52 131 2
55 150 1
9 126 1
33 91 1
3 11 2
2 27 2
57 78 1
32 55 2
26 81 2
40 99 1
9 88 2
49 84 2
52 168 1
9 63 2
58 100 1
60 80 1
58 189 2
32 109 1
17 38 2
9 17 2
35 121 2
6 19 2
22 106 2
6 84 2
28 110 1
20 25 2
49 95 2
21 85 1
46 47 2
57 71 1
58 67 2
17 158 2
48 55 2
6 49 2
11 55 2
36 115 2
0 86 2
40 65 2
3 150 1
24 182 1
64 108 1
36 96 2
9 31 2
7 96 1
27 58 2
23 24 2
6 37 2
7 85 2
46 110 1
37 140 1
34 83 1
2 58 2
15 37 2
35 65 2
63 115 1
64 121 1
28 195 2
51 121 2
28 86 2
38 132 1
62 81 2
21 84 1
18 113 2
15 100 1
55 166 2
42 156 1
31 36 2
53 116 2
49 71 1
7 94 1
37 186 1
36 173 2
52 181 1
44 153 1
30 48 2
4 119 2
41 86 1
38 190 1
54 152 2
10 184 1
42 125 1
23 112 1
36 118 1
7 103 2
54 122 2
47 127 2
40 59 2
60 120 1
28 191 1
61 170 1
47 118 2
54 196 2
19 122 2
17 62 2
51 149 1
51 53 2
59 91 2
53 68 1
45 122 1
31 152 1
19 139 2
7 12 2
18 41 2
57 169 1
17 43 2
22 32 2
52 185 1
22 109 2
59 194 1
45 46 2
16 172 2
2 107 1
1 199 2
48 105 1
30 65 2
39 115 2
38 91 1
37 44 2
2 106 1
31 105 1
7 121 1
13 80 1
28 150 1
32 70 1
47 183 1
37 76 1
37 164 2
7 46 2
6 36 2
49 193 1
43 83 1
60 136 2
31 122 2
5 66 2
13 52 2
4 67 1
15 121 2
15 32 2
5 49 2
27 125 1
35 53 2
25 39 2
16 137 1
37 80 2
30 91 1
1 65 2
49 56 2
27 98 1
34 196 2
19 37 2
53 70 1
10 79 1
58 145 1
12 135 1
7 134 1
18 194 2
65 188 1
51 136 2
49 64 2
54 197 1
58 131 2
1 12 2
32 140 2
3 59 2
37 115 1
33 167 2
36 131 2
12 23 2
56 110 2
44 100 2
60 92 1
40 72 2
45 61 2
32 54 2
45 67 1
61 119 2
52 118 2
17 84 1
53 82 1
47 165 2
33 107 2
65 160 2
34 135 1
19 195 1
1 171 1
8 144 2
1 137 1
24 75 1
38 97 2
42 151 1
29 118 2
33 99 2
57 187 1
1 48 2
8 15 2
16 136 1
10 37 2
22 113 1
25 199 1
40 157 1
32 92 1
44 111 1
56 197 1
43 49 2
11 124 2
43 55 2
12 134 1
2 98 1
24 31 2
28 199 2
42 177 1
33 199 1
11 127 1
26 78 2
2 142 1
51 65 2
29 167 1
21 140 1
11 43 2
29 75 2
14 118 1
19 110 2
41 107 2
9 112 1
40 107 1
28 44 2
23 96 1
61 123 1
3 187 1
9 197 1
35 190 1
64 107 1
26 82 2
7 139 1
8 32 2
21 181 1
8 100 1
16 18 2
60 66 2
38 146 2
2 31 2
44 178 1
32 36 2
61 84 1
24 184 1
14 100 2
10 48 2
15 69 2
44 72 2
45 99 2
65 139 1
45 105 1
24 64 2
28 117 1
48 181 1
23 153 2
43 48 2
16 31 2
49 164 2
42 165 1
8 58 2
20 28 2
42 76 1
27 192 1
1 71 2
51 104 2
15 20 2
24 135 1
40 117 2
35 68 2
43 96 1
6 33 2
40 50 2
51 191 1
15 18 2
25 98 1
32 171 2
16 192 1
13 99 2
25 83 1
7 39 2
36 126 2
15 176 2
23 45 2
51 128 1
24 115 1
5 99 1
56 160 1
6 117 2
23 83 2
31 128 1
38 152 2
33 36 2
19 40 2
19 167 1
22 64 2
44 177 1
32 95 1
17 133 2
49 88 1
49 52 2
29 41 2
64 82 2
54 183 1
11 57 2
28 197 1
31 46 2
34 171 1
7 75 1
60 186 1
0 39 2
32 48 2
49 197 1
32 64 2
6 14 2
63 186 2
23 109 1
5 187 1
13 183 2
14 20 2
10 29 2
33 152 2
38 86 1
30 131 1
9 153 1
3 66 2
44 54 2
18 22 2
19 178 1
24 91 1
39 106 2
12 34 2
50 124 1
3 103 2
0 53 2
1 37 2
33 46 2
4 147 1
26 128 1
27 175 1
55 196 2
54 64 2
32 136 1
40 54 2
27 92 1
13 135 1
15 43 2
1 32 2
32 191 1
13 26 2
22 178 1
34 99 1
64 69 1
11 106 1
0 28 2
0 183 2
23 46 2
22 160 1
12 148 1
26 72 2
10 123 2
8 116 2
10 146 2
52 135 1
35 175 1
16 168 2
49 51 2
2 16 2
13 109 1
48 109 2
28 181 1
24 187 1
47 79 1
3 109 2
56 180 1
6 103 2
64 199 1
20 90 1
33 45 2
37 127 1
10 166 1
49 118 1
56 90 1
14 107 1
62 174 2
28 109 2
6 163 2
10 11 2
9 145 1
14 55 2
27 160 2
53 173 1
3 110 1
55 146 2
37 100 2
30 64 2
13 49 2
35 57 2
25 85 1
25 31 2
8 137 1
55 147 2
4 64 2
24 106 1
13 86 1
14 181 2
15 53 2
43 182 2
5 144 2
10 156 1
27 80 1
30 43 2
30 141 1
47 58 2
32 62 2
55 172 2
15 194 2
35 42 2
3 145 1
27 69 1
55 115 2
55 102 1
31 164 1
37 123 1
8 97 1
3 24 2
63 147 1
59 164 1
13 127 1
32 94 2
22 62 2
31 180 2
18 116 2
1 25 2
28 107 1
56 120 1
26 194 1
41 60 2
20 72 1
39 139 2
5 122 1
7 95 1
48 84 1
16 169 1
57 102 1
64 168 1
49 153 1
28 45 2
26 193 2
30 47 2
4 11 2
34 103 1
58 73 2
25 42 2
46 54 2
20 177 2
53 146 2
19 192 1
15 91 1
3 183 2
35 70 1
56 113 1
59 66 2
37 67 1
47 52 2
17 27 2
10 22 2
40 143 1
3 90 1
41 192 1
28 187 2
50 64 2
20 61 2
28 60 2
35 103 1
14 142 2
0 191 2
9 111 2
40 110 1
0 57 2
56 65 2
9 19 2
28 168 2
3 14 2
1 196 1
30 136 1
26 87 1
38 47 2
11 51 2
53 166 1
7 162 2
3 19 2
36 76 1
7 60 2
43 115 2
15 141 1
53 90 1
53 95 2
24 163 2
60 72 1
21 125 2
9 131 1
23 140 1
20 187 1
13 55 2
50 151 2
10 34 2
29 110 2
20 179 2
52 71 1
56 83 1
14 42 2
58 69 1
21 47 2
45 94 2
33 189 2
4 32 2
52 172 2
31 62 2
38 74 2
50 128 2
42 159 2
49 62 2
5 37 2
45 191 2
8 130 1
6 121 1
33 126 1
31 60 2
41 74 2
46 186 1
30 42 2
15 86 2
55 77 1
15 128 1
5 57 2
22 59 2
50 117 1
23 118 1
48 119 1
0 188 2
32 142 1
32 47 2
4 22 2
5 41 2
35 40 2
28 126 2
35 171 1
44 63 2
0 22 2
3 25 2
1 13 2
23 106 1
5 105 1
5 78 2
8 159 2
19 96 1
14 115 2
18 157 1
62 115 1
48 57 2
7 119 2
17 153 1
31 35 2
60 85 2
6 88 1
39 135 1
51 160 1
24 128 1
21 34 2
57 64 2
3 28 2
36 128 1
24 167 2
39 44 2
31 72 1
36 52 2
20 166 1
41 194 2
46 58 2
2 61 2
24 40 2
51 194 1
3 176 1
48 141 2
48 162 1
53 107 1
6 165 1
35 89 2
50 105 1
49 68 1
5 73 1
15 113 1
2 53 2
14 168 1
42 43 2
5 199 2
54 90 1
64 120 1
56 122 2
16 48 2
20 24 2
1 34 2
43 81 2
11 93 2
14 177 1
60 67 1
2 140 1
13 174 1
42 53 2
30 50 2
20 147 2
41 54 2
14 199 1
31 153 1
23 127 1
31 90 1
35 133 1
26 106 1
47 84 2
5 67 1
53 65 2
12 20 2
27 35 2
43 80 1
44 47 2
50 100 1
24 53 2
28 162 1
38 63 2
43 113 1
20 130 1
36 159 2
46 69 2
34 91 1
60 149 2
2 15 2
2 190 1
53 55 2
27 34 2
47 48 2
25 129 1
58 74 1
10 78 1
31 125 2
61 159 1
8 44 2
15 118 2
42 82 1
12 29 2
23 67 1
19 152 1
34 88 1
1 14 2
46 159 2
32 81 1
14 62 2
2 21 2
17 51 2
6 62 2
48 152 1
9 66 2
21 52 2
27 53 2
63 90 1
48 104 1
59 149 1
15 151 2
7 114 1
2 24 2
48 114 1
26 54 2
2 3 2
63 77 1
63 104 1
61 150 1
51 178 1
53 147 2
30 54 2
44 99 1
48 148 1
20 109 1
50 56 2
27 42 2
22 29 2
18 126 1
65 191 1
11 28 2
14 124 1
30 45 2
5 8 2
40 142 1
31 95 2
5 119 1
14 45 2
35 131 1
29 94 2
19 80 2
9 33 2
15 92 1
23 178 2
3 43 2
18 42 2
18 65 2
49 101 1
11 170 1
22 40 2
38 55 2
18 89 2
58 185 1
42 71 1
57 109 1
39 181 1
41 58 2
48 52 2
60 74 1
40 134 1
4 122 1
19 127 1
5 52 2
43 67 1
54 59 2
50 139 1
17 192 1
58 186 1
14 33 2
31 98 1
31 184 2
23 183 2
55 173 1
11 41 2
10 46 2
17 197 2
14 152 1
47 65 2
20 173 1
0 79 1
20 157 1
27 76 2
13 130 1
13 33 2
19 83 1
50 62 2
59 167 1
63 141 2
57 83 1
4 157 2
16 196 2
4 199 1
61 186 1
21 48 2
11 39 2
9 37 2
8 180 2
33 78 1
14 178 2
22 146 1
57 152 1
59 63 2
3 140 1
5 32 2
17 54 2
6 24 2
21 70 1
38 177 1
54 150 1
34 52 2
38 51 2
34 35 2
8 192 1
30 32 2
44 124 1
25 52 2
2 56 2
27 56 2
15 189 1
0 102 1
40 41 2
51 105 1
61 117 1
22 60 2
14 75 1
50 115 1
15 154 1
29 179 1
55 160 1
55 89 2
7 90 2
64 114 2
59 155 1
28 36 2
1 149 2
39 162 2
60 110 2
48 118 1
28 121 2
62 102 2
9 107 2
31 65 2
2 100 1
2 33 2
42 66 1
35 148 1
47 64 2
51 135 1
23 49 2
17 184 2
5 13 2
31 82 1
4 40 2
12 175 1
9 72 1
29 42 2
41 111 2
54 108 2
13 57 2
23 98 2
45 199 2
56 67 1
2 81 1
56 106 2
1 30 2
40 52 2
10 90 2
11 31 2
52 130 2
29 49 2
59 109 2
53 160 2
62 87 1
11 163 2
12 99 2
46 72 1
60 187 1
46 145 2
12 14 2
12 118 1
22 194 2
58 128 1
8 28 2
65 96 2
1 144 1
34 157 1
9 165 1
31 156 1
41 179 1
35 43 2
18 94 2
21 98 1
41 168 1
50 150 1
23 108 1
41 174 1
1 101 2
36 174 1
7 126 2
51 189 2
26 129 2
50 119 1
17 187 2
5 58 2
44 192 2
60 95 1
10 32 2
25 71 2
36 183 1
55 81 1
50 78 1
24 48 2
40 95 2
32 99 1
13 24 2
5 124 1
21 164 2
60 166 2
11 188 2
14 98 1
23 52 2
43 57 2
5 36 2
59 115 1
65 90 1
40 112 1
52 138 1
56 111 1
41 49 2
28 35 2
16 42 2
48 58 2
10 185 2
33 148 1
2 36 2
47 156 1
46 85 1
9 117 1
42 56 2
10 102 1
4 74 1
13 179 2
64 116 1
34 192 2
27 109 1
49 149 1
29 174 2
10 128 1
22 39 2
37 146 1
0 99 1
27 172 2
23 27 2
21 86 1
16 54 2
50 156 1
0 134 1
18 183 1
31 176 1
13 17 2
54 103 2
24 113 1
19 30 2
12 96 1
31 111 1
32 63 2
52 109 1
18 139 1
39 46 2
41 131 1
25 90 1
40 102 1
56 189 2
59 61 2
56 155 1
11 184 1
35 165 2
24 127 2
47 109 2
27 41 2
3 78 1
47 173 2
19 99 1
20 153 1
44 193 1
2 17 2
20 172 1
8 183 1
25 33 2
1 16 2
38 170 2
63 159 1
12 140 1
33 171 2
10 91 2
21 53 2
9 158 2
19 33 2
14 78 1
3 23 2
62 110 2
40 186 2
38 46 2
14 91 2
63 136 1
58 183 2
46 151 1
46 103 1
17 55 2
16 133 1
4 134 1
29 188 1
14 16 2
29 161 1
5 22 2
40 140 1
37 64 2
42 130 2
11 25 2
1 125 2
58 105 1
38 77 2
16 46 2
32 88 1
6 169 2
15 45 2
29 35 2
12 69 2
43 174 1
62 88 1
28 67 1
61 81 1
15 177 1
16 171 1
46 117 1
35 132 1
31 187 1
5 85 1
65 182 1
8 9 2
22 133 1
5 39 2
33 56 2
19 154 1
41 119 1
39 52 2
58 108 1
18 79 1
61 147 1
24 95 1
16 81 1
28 124 1
42 45 2
12 177 1
44 122 1
19 71 2
64 149 1
35 47 2
39 112 2
25 174 2
57 170 1
38 156 2
0 78 1
22 142 1
43 145 1
56 161 1
48 175 1
18 109 1
50 68 2
37 56 2
30 172 1
18 199 1
39 166 1
32 157 2
16 68 1
16 180 2
7 186 2
64 104 1
56 69 2
17 152 2
37 107 1
51 181 1
56 76 2
29 173 2
42 60 2
35 159 1
31 40 2
16 176 1
51 147 1
22 115 1
62 195 2
40 121 1
29 198 1
35 62 2
4 135 1
16 26 2
41 88 1
40 151 1
41 83 1
38 188 1
40 170 1
54 179 2
25 154 2
20 159 1
51 62 2
13 93 1
7 196 2
1 54 2
47 180 2
4 15 2
24 43 2
44 141 1
46 136 1
42 58 2
17 183 1
4 14 2
49 163 2
22 196 2
33 159 1
65 133 1
9 60 2
41 156 1
61 70 1
47 62 2
7 42 2
45 89 1
42 136 1
49 85 2
32 177 1
61 85 1
34 154 1
26 104 1
48 51 2
63 71 2
63 134 2
37 166 1
57 193 1
39 95 1
53 97 1
63 89 1
12 173 1
35 61 2
55 121 2
46 176 1
22 33 2
26 103 2
58 156 2
10 76 2
8 139 1
51 69 1
57 112 1
11 75 2
27 57 2
35 150 1
43 183 1
29 163 2
46 181 1
24 101 2
40 164 1
22 169 1
38 184 1
9 62 2
17 29 2
14 40 2
58 60 2
14 97 2
24 188 1
11 197 1
8 134 1
4 180 2
9 15 2
60 90 2
53 130 1
20 180 1
38 151 2
57 116 2
24 147 1
8 53 2
32 107 1
1 161 1
50 55 2
32 196 1
36 175 1
4 30 2
57 154 2
20 81 1
0 138 2
63 103 1
3 105 1
4 139 1
16 88 1
8 152 1
30 195 1
15 186 1
62 178 1
63 184 1
26 45 2
56 186 1
41 50 2
54 151 1
19 69 2
40 194 1
8 170 1
0 73 2
40 84 2
44 163 2
32 132 1
9 157 1
62 107 1
12 62 2
51 124 1
48 144 1
39 40 2
37 86 1
36 41 2
9 161 2
34 195 1
16 45 2
30 93 2
44 187 1
23 33 2
49 78 2
17 37 2
6 105 2
49 177 1
47 126 1
8 18 2
37 99 1
59 60 2
17 60 2
10 23 2
39 195 1
1 11 2
29 36 2
4 190 1
38 128 1
12 85 2
33 128 2
4 141 2
31 91 1
10 152 1
27 61 2
51 58 2
13 94 1
33 175 1
19 53 2
47 154 2
2 12 2
8 40 2
54 137 2
9 30 2
28 49 2
2 59 2
34 197 1
45 63 2
2 5 2
22 124 1
35 178 1
58 77 1
19 190 1
40 188 1
9 138 1
14 41 2
15 96 1
43 85 1
13 35 2
9 181 1
40 165 2
8 71 2
56 78 1
20 158 1
52 195 2
3 49 2
22 101 1
23 131 1
33 44 2
6 38 2
7 111 1
35 50 2
19 150 1
43 119 1
49 136 1
35 117 2
42 111 2
60 94 1
37 57 2
4 48 2
47 146 2
30 84 1
31 59 2
4 70 2
58 181 1
11 61 2
38 150 2
2 160 2
23 60 2
37 192 2
56 95 2
24 149 1
3 22 2
57 63 2
9 192 1
26 119 1
42 199 2
16 17 2
15 22 2
22 55 2
57 121 2
35 108 1
20 32 2
44 129 2
29 153 1
35 197 1
9 168 1
43 116 1
46 147 1
13 32 2
52 141 1
16 156 1
36 80 2
49 97 1
50 52 2
19 77 1
6 59 2
29 34 2
22 95 1
35 77 1
6 9 2
8 121 1
49 58 2
54 193 1
4 184 2
21 29 2
60 173 1
59 73 1
38 108 1
13 101 1
33 35 2
60 101 2
37 189 1
7 137 2
61 116 1
23 69 2
3 12 2
25 134 2
35 119 1
28 146 2
47 88 1
30 154 1
39 125 1
12 127 1
8 166 1
7 171 1
37 58 2
26 156 2
36 65 2
4 130 1
61 105 1
4 81 1
54 186 1
33 85 1
48 135 2
36 112 1
27 105 1
47 177 1
41 110 1
9 38 2
5 6 2
51 72 1
11 86 1
9 75 1
0 23 2
39 43 2
17 64 2
36 81 1
3 121 2
42 167 1
25 123 1
3 38 2
11 132 2
16 97 1
22 31 2
63 191 2
15 146 2
63 124 1
5 19 2
31 78 1
49 141 1
9 32 2
6 132 1
6 64 2
14 77 1
18 81 1
43 60 2
17 120 1
36 100 1
35 111 1
30 164 1
10 94 1
60 190 1
10 182 2
10 125 2
65 125 1
13 89 1
45 196 1
65 102 1
46 167 1
39 132 2
36 192 1
38 162 1
40 167 1
5 54 2
13 97 2
43 46 2
1 92 1
44 199 1
3 86 1
36 57 2
56 108 2
45 54 2
27 32 2
31 167 1
34 132 2
4 163 2
9 23 2
40 196 1
13 58 2
38 99 1
59 175 1
8 72 1
25 195 1
0 180 1
12 65 2
34 51 2
53 159 2
6 65 2
32 51 2
31 193 2
47 137 1
53 62 2
39 164 1
20 197 1
21 178 1
0 125 1
11 63 2
16 34 2
58 88 1
54 133 1
12 160 1
23 72 1
39 116 1
8 79 1
32 86 1
1 75 2
21 58 2
2 37 2
47 166 2
31 117 2
24 196 2
40 96 1
39 66 1
39 169 2
37 168 1
24 33 2
22 25 2
60 177 1
56 167 2
19 179 1
52 153 1
17 30 2
30 108 1
52 97 1
53 129 2
41 167 2
32 61 2
50 144 1
3 102 2
20 196 1
53 170 2
21 25 2
52 73 2
52 173 2
10 33 2
4 127 2
64 88 1
62 140 1
17 49 2
22 164 2
42 57 2
44 147 1
55 61 2
12 116 2
19 27 2
39 42 2
44 195 1
26 136 2
18 30 2
29 194 1
23 34 2
34 89 2
40 137 1
26 174 2
3 60 2
13 23 2
0 47 2
26 75 2
57 86 1
17 180 1
32 38 2
12 45 2
20 127 1
53 142 1
2 145 2
8 182 2
48 168 2
34 50 2
58 62 2
21 69 2
5 128 2
18 76 2
6 136 1
22 65 2
2 196 1
29 30 2
6 150 2
9 16 2
22 67 1
28 33 2
45 188 1
53 121 1
44 61 2
4 192 1
12 30 2
2 41 2
21 88 1
13 28 2
52 156 1
2 43 2
13 147 1
50 145 1
58 124 2
38 42 2
61 115 1
13 173 1
43 103 1
59 186 2
16 23 2
24 63 2
30 128 2
47 80 1
54 63 2
2 183 1
41 162 2
53 189 1
29 128 2
4 78 1
53 56 2
64 76 1
13 193 2
6 72 1
40 189 2
33 188 1
34 40 2
24 56 2
40 171 2
13 42 2
34 39 2
31 145 1
31 45 2
58 150 2
9 94 2
17 138 1
13 118 2
12 146 2
8 126 1
10 71 1
46 179 2
44 120 1
23 76 1
32 145 1
2 87 1
56 66 1
65 109 1
36 48 2
15 136 1
30 159 1
11 162 2
26 37 2
43 130 2
21 114 2
39 85 1
38 131 2
9 140 1
6 178 2
4 138 2
53 57 2
1 41 2
14 132 2
37 156 2
2 121 1
63 109 2
4 113 1
47 74 1
2 49 2
37 163 2
64 124 1
11 71 1
54 115 1
53 64 2
62 90 2
65 199 2
42 48 2
35 100 1
27 44 2
25 126 1
0 113 1
27 38 2
19 65 2
18 186 2
52 100 2
62 111 1
41 48 2
23 128 2
11 56 2
42 181 1
0 11 2
34 137 1
50 167 1
18 95 1
21 57 2
53 133 1
61 108 1
13 43 2
49 99 1
58 137 1
42 103 2
3 80 1
57 100 1
56 137 1
27 130 2
27 180 2
34 175 2
58 115 1
45 60 2
59 178 1
4 12 2
38 139 1
28 151 1
45 186 1
0 58 2
15 168 2
37 193 2
2 82 2
16 117 2
0 149 1
43 71 1
27 153 2
39 94 1
31 99 2
31 186 2
33 86 1
8 29 2
44 123 1
22 131 2
16 65 2
3 158 2
45 140 1
28 74 1
42 44 2
43 94 1
30 61 2
51 87 1
21 51 2
26 29 2
46 116 1
10 68 1
4 151 2
6 101 1
54 68 1
34 45 2
13 60 2
37 175 1
13 187 1
28 179 1
43 53 2
0 67 1
14 190 2
5 77 1
8 38 2
22 70 1
19 36 2
39 79 1
21 145 1
9 64 2
8 43 2
44 96 1
15 63 2
13 19 2
43 155 1
14 80 2
50 142 1
44 142 1
13 45 2
43 165 2
57 58 2
30 115 1
32 181 1
54 185 1
52 94 1
64 146 1
31 96 1
45 134 1
6 23 2
22 61 2
16 52 2
62 143 1
6 196 1
11 103 1
0 162 2
52 114 1
42 176 1
45 57 2
32 58 2
55 88 1
62 186 1
2 80 1
13 38 2
34 87 2
50 177 1
49 181 2
41 45 2
27 107 2
59 62 2
22 199 2
22 198 1
37 45 2
23 55 2
5 55 2
7 107 2
6 170 1
33 176 2
30 111 2
15 21 2
22 152 1
29 56 2
26 66 1
10 36 2
52 158 1
28 101 1
7 70 1
4 69 2
28 78 1
17 48 2
51 85 2
39 173 2
0 10 2
1 108 1
48 68 1
49 173 1
59 127 2
52 107 2
8 50 2
13 107 1
0 50 2
19 174 2
25 38 2
40 116 2
14 60 2
0 32 2
28 65 2
49 151 2
25 56 2
30 31 2
45 139 1
3 186 2
0 185 1
8 132 2
16 134 1
19 194 2
19 56 2
40 155 1
24 39 2
4 143 1
16 32 2
52 54 2
55 93 1
26 154 2
36 160 2
7 61 2
3 128 2
9 41 2
50 57 2
42 133 2
3 137 2
45 154 1
15 79 1
60 152 1
2 29 2
40 58 2
20 102 2
25 190 1
16 147 1
35 183 2
25 57 2
44 48 2
30 134 1
21 172 1
34 38 2
59 168 1
14 56 2
58 63 2
10 195 1
26 195 1
23 168 1
16 164 2
41 79 2
23 43 2
52 163 1
25 139 2
20 49 2
17 163 1
31 195 1
31 52 2
54 195 2
55 57 2
1 132 1
38 87 1
43 62 2
27 108 2
0 93 2
36 63 2
31 53 2
45 111 2
62 187 1
16 151 1
46 65 2
34 143 1
3 27 2
14 58 2
27 31 2
11 47 2
50 152 1
62 64 2
16 25 2
43 189 2
52 187 2
33 141 2
55 122 1
49 50 2
42 184 1
17 170 1
14 133 1
7 124 1
7 45 2
18 133 1
46 165 2
6 74 1
17 47 2
47 171 1
5 72 1
18 134 1
45 66 1
24 41 2
5 102 1
61 98 1
38 56 2
44 60 2
12 172 1
28 149 2
8 31 2
26 133 1
48 166 2
13 138 1
42 171 2
41 91 2
34 147 1
16 160 1
59 124 1
37 190 2
43 121 1
24 134 1
2 4 2
11 105 1
35 110 2
2 149 2
34 64 2
10 193 2
11 91 1
57 137 2
10 148 1
47 120 1
44 88 1
37 73 2
28 64 2
41 130 2
7 35 2
19 46 2
64 138 1
57 157 1
29 74 1
25 166 2
25 73 1
17 125 1
15 80 1
7 182 1
62 63 2
42 92 2
30 170 1
56 86 1
46 146 2
40 103 1
20 129 2
10 31 2
5 96 1
35 192 1
34 101 2
49 79 2
50 154 2
12 101 1
63 98 1
33 139 2
36 95 1
45 171 1
3 108 2
51 99 1
38 50 2
63 155 1
54 145 1
15 149 1
39 184 2
2 165 1
13 123 1
52 55 2
15 24 2
46 52 2
41 96 2
7 82 1
56 133 2
8 146 2
37 122 2
50 65 2
33 40 2
55 60 2
58 89 1
13 102 2
20 38 2
65 106 1
58 197 2
22 37 2
47 192 2
12 138 1
3 54 2
15 36 2
60 161 1
55 159 1
61 94 1
6 52 2
5 62 2
33 80 1
31 75 1
12 164 1
32 178 2
1 84 1
2 198 1
33 65 2
18 90 1
34 187 2
21 23 2
5 42 2
54 67 2
64 122 2
52 127 1
59 87 2
35 143 1
49 57 2
4 34 2
10 88 1
15 115 2
60 133 2
60 102 1
13 47 2
37 72 1
22 127 1
41 138 1
15 55 2
25 159 1
55 58 2
36 97 1
32 156 1
0 26 2
5 129 2
27 70 1
51 171 1
20 168 1
37 47 2
54 85 1
33 62 2
29 148 2
16 98 1
53 178 1
38 98 2
15 52 2
30 71 2
34 95 1
43 92 1
13 171 2
1 188 1
39 170 2
22 158 2
39 179 1
43 190 1
22 79 1
27 101 2
40 133 2
48 72 1
60 79 2
16 115 1
20 31 2
0 172 1
43 64 2
42 187 1
47 101 2
52 111 2
46 190 1
1 172 1
27 33 2
10 180 1
27 29 2
15 166 2
22 140 1
20 30 2
23 62 2
12 40 2
0 33 2
30 121 1
29 46 2
25 115 2
3 194 1
26 141 1
8 115 2
22 58 2
40 141 1
8 110 2
12 89 1
44 138 1
51 184 2
4 37 2
38 69 1
54 99 2
8 22 2
7 104 1
40 161 1
8 33 2
7 50 2
16 19 2
28 102 1
51 55 2
3 21 2
25 162 1
40 71 2
48 53 2
29 162 2
0 48 2
20 54 2
18 63 2
23 130 1
33 116 2
4 24 2
16 154 1
15 142 1
4 154 1
5 195 2
29 52 2
51 74 1
47 115 1
11 152 2
30 39 2
0 161 1
33 161 1
55 75 1
15 19 2
61 111 1
18 104 2
14 164 1
0 103 1
40 48 2
27 152 1
50 84 1
61 141 2
3 107 1
65 113 1
27 188 1
61 174 1
61 104 1
25 128 2
3 50 2
4 39 2
0 29 2
47 112 1
46 189 1
11 48 2
37 71 2
45 70 1
37 110 2
50 140 1
21 35 2
40 63 2
28 161 2
34 164 1
3 29 2
23 154 2
47 157 1
16 61 2
34 74 1
8 92 2
23 65 2
21 55 2
33 194 1
33 170 1
48 93 2
15 175 1
40 119 1
6 12 2
24 159 1
40 61 2
9 91 1
63 176 1
39 158 1
44 183 1
52 88 1
10 103 1
28 69 2
24 35 2
55 119 1
3 55 2
41 65 2
27 158 2
51 193 1
53 139 1
7 58 2
1 156 2
32 77 2
12 44 2
34 53 2
43 170 1
11 94 2
12 179 1
58 178 1
7 168 1
18 192 1
25 167 2
33 52 2
62 185 1
62 68 1
22 188 2
37 65 2
44 169 1
42 149 1
3 151 1
47 50 2
48 163 2
17 19 2
26 135 1
3 20 2
3 153 1
57 140 1
64 130 2
64 93 1
57 143 2
35 145 1
44 102 2
14 163 2
13 25 2
31 134 1
0 27 2
45 146 2
39 64 2
39 197 1
17 160 1
10 86 2
10 173 2
60 197 1
32 56 2
17 80 1
18 193 2
46 93 1
47 129 2
4 80 1
7 10 2
45 158 1
50 131 2
46 152 1
41 120 1
13 195 1
54 194 1
11 33 2
9 25 2
34 44 2
27 174 1
35 51 2
18 142 1
46 78 2
37 158 2
44 57 2
3 166 2
3 175 1
53 198 1
52 53 2
4 160 1
37 141 2
25 46 2
38 114 1
20 111 2
38 189 2
52 199 1
11 17 2
22 138 1
7 38 2
2 132 1
30 52 2
27 50 2
42 87 1
48 97 1
1 186 2
44 125 2
49 55 2
36 59 2
60 160 2
1 3 2
30 103 2
43 45 2
1 127 1
63 70 2
56 170 2
17 90 2
25 61 2
5 47 2
48 186 2
40 123 2
61 187 2
62 193 2
56 136 1
27 181 1
58 92 1
10 117 1
34 133 1
59 117 1
32 37 2
9 53 2
28 59 2
30 153 2
50 71 2
21 185 2
38 163 1
12 61 2
20 86 1
1 189 1
64 67 1
46 194 2
32 165 1
33 69 2
49 128 1
20 99 1
46 105 1
30 44 2
57 197 1
4 44 2
45 103 1
5 189 2
53 128 1
39 102 2
33 59 2
38 192 1
7 81 1
38 72 1
40 83 1
58 93 1
9 26 2
1 58 2
43 102 1
60 196 1
18 124 1
6 127 1
23 164 2
46 57 2
29 145 2
31 57 2
46 104 2
21 149 1
35 140 2
38 48 2
7 117 2
5 173 1
10 194 1
6 141 1
22 87 2
51 146 2
17 147 2
25 135 1
9 162 1
19 115 2
16 20 2
44 189 2
40 174 2
43 51 2
20 21 2
31 84 1
21 195 1
18 197 2
14 102 2
15 165 1
63 108 1
4 6 2
35 177 1
38 127 1
26 79 1
10 159 2
28 122 2
36 73 2
51 117 2
3 136 1
3 5 2
35 146 1
17 121 2
39 183 1
41 193 1
42 162 1
51 150 1
22 143 1
3 104 1
19 34 2
57 139 1
19 101 2
4 27 2
41 80 1
21 133 2
36 47 2
5 171 1
7 144 1
47 86 1
41 184 2
10 192 1
59 104 1
23 94 2
33 135 1
3 178 2
48 100 2
60 146 2
13 56 2
8 155 1
64 157 1
45 48 2
54 160 1
16 62 2
7 83 1
65 144 1
58 199 1
55 118 2
8 81 1
52 79 1
29 38 2
0 85 1
53 67 1
8 17 2
56 175 1
41 92 1
27 94 2
2 64 2
39 65 2
43 59 2
55 84 1
25 100 2
56 101 2
3 152 1
44 140 2
27 86 1
2 25 2
16 67 1
18 53 2
42 117 2
55 112 2
29 138 2
48 73 1
17 86 1
9 22 2
18 55 2
44 185 1
48 173 2
44 101 2
19 28 2
2 38 2
22 42 2
27 166 1
63 188 1
28 163 1
1 45 2
30 37 2
27 68 1
61 139 2
37 63 2
58 125 2
10 168 1
27 114 1
42 172 2
50 94 2
28 30 2
60 182 2
11 19 2
18 170 1
12 139 1
3 146 2
41 85 2
13 48 2
52 177 1
6 55 2
7 44 2
20 114 2
9 130 2
2 23 2
18 150 1
11 92 1
41 188 1
56 61 2
21 152 1
60 96 1
54 97 1
8 63 2
19 35 2
35 109 1
44 157 1
31 154 1
24 52 2
17 114 1
33 129 1
18 135 2
60 172 1
6 83 1
16 27 2
34 151 1
6 176 1
13 128 1
15 180 1
55 137 2
48 89 1
28 154 2
56 57 2
17 161 2
51 119 1
44 76 1
55 59 2
24 132 2
5 30 2
1 168 1
48 185 1
45 157 1
18 34 2
64 95 2
48 63 2
28 140 1
43 107 1
13 34 2
61 124 1
5 166 1
39 48 2
38 95 1
53 140 2
35 153 1
45 120 2
10 96 1
25 198 1
9 27 2
56 79 2
45 161 2
25 26 2
3 85 2
12 197 1
0 168 1
28 56 2
21 90 1
51 54 2
51 140 1
33 93 1
11 180 2
45 53 2
32 114 1
0 7 2
7 13 2
9 47 2
10 69 1
7 142 2
5 40 2
63 174 2
6 197 2
39 167 2
26 50 2
55 164 1
7 164 1
52 148 1
41 52 2
4 178 2
30 55 2
51 84 1
34 155 1
6 82 1
64 193 1
7 180 2
17 57 2
36 98 1
44 56 2
21 64 2
23 73 1
50 112 1
53 125 2
1 123 2
26 63 2
8 75 2
33 54 2
1 167 2
40 113 1
37 131 1
29 136 1
1 98 1
37 54 2
20 140 1
52 188 1
52 193 1
23 63 2
3 115 1
10 70 1
20 46 2
28 96 1
59 121 2
11 159 1
52 120 1
49 60 2
56 119 1
1 24 2
51 89 1
43 142 1
34 107 1
36 198 2
65 151 1
30 33 2
35 115 1
7 21 2
65 166 1
6 93 1
24 172 1
57 97 1
33 68 1
53 157 1
15 119 2
3 10 2
25 88 1
9 154 2
59 197 1
23 141 2
7 98 1
1 145 1
29 93 1
56 151 2
40 156 1
62 175 1
30 163 1
22 68 2
28 160 1
0 140 1
37 104 1
24 179 1
18 46 2
7 31 2
32 158 2
57 93 1
52 122 1
53 105 1
27 74 1
4 10 2
2 158 2
27 106 1
45 163 1
6 21 2
22 110 1
26 112 2
58 61 2
25 161 1
62 164 1
6 142 1
16 131 1
52 61 2
30 184 1
65 98 1
14 148 1
16 128 1
14 51 2
25 55 2
4 54 2
49 174 1
5 16 2
32 139 1
27 46 2
15 196 2
4 161 1
15 161 1
37 128 1
25 91 1
28 189 1
58 135 2
51 79 1
61 197 1
0 130 1
24 126 1
29 60 2
36 67 2
36 190 1
5 15 2
42 70 1
41 149 2
26 158 2
7 43 2
15 17 2
13 150 2
16 191 1
26 183 2
54 86 2
51 59 2
54 158 1
52 147 2
30 53 2
62 114 1
50 191 1
48 113 2
6 148 1
13 50 2
65 66 1
6 32 2
30 58 2
39 81 1
35 99 2
57 82 1
38 44 2
17 107 1
42 95 1
28 152 2
32 44 2
6 86 2
9 93 1
1 39 2
9 71 1
2 175 1
63 120 1
55 168 2
65 154 1
3 84 2
43 157 2
22 129 1
29 147 2
23 188 1
5 64 2
2 102 1
10 176 1
48 190 1
56 172 1
5 97 2
8 167 1
16 152 1
29 78 2
43 124 1
21 122 1
24 160 1
23 26 2
44 105 1
18 44 2
9 194 1
60 195 1
59 161 1
49 189 1
38 53 2
8 46 2
5 155 2
44 62 2
44 103 1
63 189 1
1 55 2
10 92 2
54 135 1
55 108 1
15 120 1
19 166 1
5 115 1
1 197 1
38 178 2
24 190 2
39 140 1
10 41 2
65 186 2
53 72 1
26 34 2
54 113 1
15 66 2
37 48 2
5 10 2
18 23 2
53 80 1
39 147 1
26 162 2
22 108 2
32 120 1
57 103 1
43 73 1
24 36 2
8 95 1
12 74 2
41 170 1
13 15 2
32 59 2
59 154 1
64 72 1
25 50 2
36 120 1
20 115 1
55 56 2
22 51 2
20 84 1
36 68 1
63 140 1
42 148 1
26 197 2
50 102 1
1 190 2
13 88 2
60 154 1
63 100 1
27 71 2
20 60 2
23 116 1
29 77 1
42 197 2
23 115 2
4 36 2
38 68 2
19 158 1
0 14 2
54 141 1
26 165 1
48 151 2
34 66 1
53 149 1
1 72 2
35 172 1
1 107 1
12 83 1
21 22 2
0 133 1
22 46 2
50 58 2
6 177 2
65 81 2
64 119 1
38 198 2
33 67 1
53 177 1
2 119 1
31 54 2
50 168 2
47 155 1
53 100 1
29 58 2
37 66 1
44 49 2
36 39 2
13 31 2
45 125 1
5 44 2
4 17 2
31 79 1
43 176 1
32 53 2
12 122 2
8 59 2
60 131 1
50 171 1
27 97 2
12 25 2
59 139 1
7 167 2
49 81 1
16 90 2
36 157 1
23 82 2
18 50 2
1 120 1
1 57 2
32 126 1
45 179 1
23 71 2
6 139 1
24 55 2
19 29 2
42 89 1
23 174 1
24 145 2
46 199 1
1 31 2
31 174 2
33 172 1
40 104 2
46 154 2
44 167 1
50 125 2
30 152 2
24 84 1
4 189 1
40 197 1
15 101 1
27 85 1
45 130 1
14 104 1
16 51 2
55 70 1
50 75 2
17 143 1
1 176 1
5 12 2
23 44 2
5 196 2
37 97 1
4 173 1
45 155 1
37 83 1
36 197 1
9 42 2
21 187 2
33 190 2
22 162 2
21 110 2
65 179 1
26 31 2
35 80 1
36 135 1
65 116 2
65 162 1
2 10 2
1 82 1
19 172 1
13 167 1
18 149 1
2 55 2
7 32 2
64 189 1
35 167 1
7 48 2
45 152 2
16 57 2
51 176 1
47 92 1
0 141 2
33 149 1
29 86 1
18 67 1
49 86 2
12 158 1
63 83 2
65 72 1
1 179 2
37 60 2
11 171 1
49 121 1
17 95 1
38 62 2
1 7 2
27 117 1
13 44 2
16 47 2
32 43 2
19 198 1
28 46 2
31 194 1
29 72 1
58 116 1
30 189 1
21 40 2
17 119 2
35 56 2
3 173 1
27 72 1
15 129 2
42 155 1
65 140 1
28 153 1
61 92 1
19 44 2
61 154 2
47 98 1
34 125 1
0 80 1
3 42 2
12 70 2
22 184 2
32 162 1
54 62 2
17 45 2
19 64 2
26 101 2
58 81 2
5 143 2
23 47 2
4 62 2
14 144 1
63 151 2
16 80 1
33 115 1
30 175 1
12 43 2
33 98 1
57 141 1
24 38 2
37 46 2
35 39 2
12 132 1
10 162 1
37 50 2
13 199 1
16 50 2
31 165 2
14 27 2
23 64 2
2 150 2
20 188 2
17 169 1
19 123 1
21 62 2
4 63 2
17 23 2
36 142 2
42 175 1
16 166 1
36 151 1
55 179 2
45 184 2
24 42 2
18 33 2
63 158 1
18 121 1
34 92 1
43 149 1
37 95 1
28 98 1
5 160 1
32 129 1
10 105 1
63 178 2
47 49 2
59 166 1
4 42 2
27 142 1
35 41 2
15 46 2
3 4 2
21 82 1
65 127 2
1 29 2
49 180 2
18 158 1
44 188 1
60 150 2
55 106 1
55 123 2
26 121 1
5 26 2
28 164 2
35 198 1
7 56 2
17 178 1
51 52 2
31 124 1
27 63 2
46 161 2
10 126 1
13 180 1
62 149 2
64 101 1
5 104 2
16 107 2
57 101 2
24 177 1
35 91 1
43 79 1
51 166 1
47 136 2
30 94 1
30 79 1
24 51 2
13 92 1
25 92 1
65 78 1
60 191 1
25 30 2
19 67 2
25 143 1
45 185 2
51 76 1
62 196 2
21 117 2
57 80 2
31 157 1
65 94 1
6 129 2
19 181 2
4 194 2
30 85 2
29 152 2
2 138 2
36 164 1
3 129 1
2 30 2
16 63 2
65 194 1
55 155 1
0 156 2
16 33 2
10 25 2
10 13 2
0 6 2
44 114 1
34 105 1
10 199 1
3 61 2
6 43 2
3 44 2
48 121 1
60 106 1
20 71 2
31 162 1
6 158 1
62 131 1
59 78 1
56 62 2
5 110 2
29 133 1
3 88 2
20 165 1
19 97 2
19 140 2
13 41 2
14 128 1
11 164 1
7 163 1
47 106 2
42 102 1
24 173 1
39 57 2
45 195 1
6 135 1
3 185 1
61 162 2
62 126 1
6 42 2
22 141 1
50 199 1
30 166 2
17 173 1
4 121 1
5 180 1
20 108 2
39 155 1
25 74 1
12 57 2
14 161 2
26 97 1
0 87 1
32 183 1
24 143 2
46 172 1
0 169 2
1 146 2
26 146 1
48 132 2
4 176 2
60 158 1
25 112 1
2 18 2
43 151 2
49 152 1
12 33 2
24 96 2
65 77 2
0 3 2
3 149 1
60 75 1
17 186 1
21 97 2
16 78 1
28 177 1
58 110 1
38 66 2
64 90 2
51 73 1
49 126 1
26 51 2
24 131 1
50 108 2
33 63 2
43 68 2
39 159 2
12 27 2
12 13 2
18 185 2
5 98 2
38 39 2
47 90 1
6 96 1
39 98 1
16 79 1
5 51 2
41 189 1
1 191 2
20 95 1
26 38 2
11 49 2
46 137 1
0 198 1
21 54 2
42 182 1
1 87 1
0 145 1
10 151 1
4 55 2
54 153 2
44 194 1
53 165 2
26 58 2
55 133 1
64 106 1
24 60 2
50 141 2
50 197 2
42 63 2
25 145 1
43 181 1
64 70 2
23 136 1
55 138 1
48 90 1
48 130 1
7 115 2
1 136 2
4 177 2
43 195 2
7 101 2
14 159 2
3 64 2
31 37 2
2 136 2
40 45 2
38 111 2
40 183 1
38 169 1
50 98 2
41 62 2
48 98 2
17 165 1
31 150 1
14 63 2
3 101 1
29 151 2
62 80 1
39 191 1
10 35 2
26 179 1
10 63 2
30 104 1
55 194 2
61 69 1
43 128 2
35 161 2
64 126 2
7 179 1
9 182 1
16 43 2
37 188 2
65 75 2
36 136 1
7 16 2
47 105 1
25 79 1
25 111 1
41 117 1
48 157 1
1 63 2
40 82 1
41 84 1
60 100 1
14 160 2
23 58 2
50 143 1
64 170 1
22 85 1
30 38 2
60 111 1
14 119 1
45 153 1
1 157 1
49 91 1
8 56 2
0 167 1
40 80 1
50 76 1
7 141 1
28 184 2
41 63 2
23 86 2
12 129 1
16 60 2
4 18 2
14 175 2
22 74 2
48 111 2
36 162 1
30 46 2
18 138 2
18 93 1
46 98 2
16 101 2
33 155 1
24 114 1
25 148 1
30 34 2
27 155 1
12 21 2
58 111 1
14 123 2
48 103 1
12 100 1
28 38 2
35 54 2
55 67 1
48 128 1
17 97 1
5 92 1
30 181 1
28 53 2
0 157 1
40 79 2
30 60 2
48 137 1
16 41 2
6 147 1
9 73 1
54 136 1
46 111 2
0 166 1
11 73 2
19 180 1
42 65 2
22 88 1
5 9 2
33 178 2
59 199 1
38 43 2
50 190 1
16 195 1
10 186 1
15 82 2
35 151 1
47 75 2
59 134 2
26 150 1
58 175 2
55 105 1
55 158 2
13 192 2
20 53 2
58 167 2
41 68 1
24 199 2
1 170 2
23 31 2
26 199 1
17 166 1
18 151 2
65 134 1
4 9 2
29 197 1
25 114 1
32 96 2
56 163 1
34 78 2
23 185 2
3 156 1
26 32 2
7 178 1
16 144 1
59 67 1
11 27 2
19 66 1
27 146 1
38 101 1
51 103 2
32 74 1
59 157 1
52 165 1
26 99 1
35 84 1
36 60 2
7 108 1
30 197 1
14 117 1
3 53 2
4 7 2
36 168 1
34 46 2
10 44 2
44 121 1
18 83 1
18 19 2
9 12 2
11 138 1
10 89 1
26 44 2
50 195 1
56 196 2
42 62 2
4 75 2
25 40 2
36 70 1
38 119 2
38 76 2
23 139 2
40 185 2
51 130 2
0 60 2
26 170 2
7 64 2
30 124 1
31 170 2
8 54 2
5 14 2
32 160 2
47 57 2
28 42 2
42 52 2
17 40 2
10 43 2
4 142 2
32 194 2
5 181 1
16 86 2
50 59 2
14 57 2
17 193 1
15 83 1
40 67 1
46 113 1
42 104 2
11 16 2
37 52 2
1 44 2
45 145 2
48 69 2
5 176 1
1 113 1
11 46 2
43 184 1
53 197 1
47 133 1
65 153 2
51 131 1
8 19 2
31 32 2
10 61 2
54 138 1
18 40 2
32 133 2
18 120 2
32 121 2
10 175 1
51 138 1
49 120 1
14 74 2
10 100 1
48 62 2
24 189 1
24 102 1
53 168 2
19 95 1
35 79 1
40 46 2
25 194 1
35 92 1
12 71 2
63 87 1
44 126 1
38 191 1
2 34 2
47 61 2
7 77 1
48 50 2
10 81 1
63 107 2
29 192 2
35 83 2
21 156 1
22 83 1
45 177 1
26 88 1
12 136 1
53 87 2
2 22 2
13 129 1
24 136 1
45 197 1
6 180 2
41 146 1
38 45 2
15 102 2
5 60 2
61 140 2
59 79 1
31 49 2
23 59 2
21 45 2
1 59 2
12 39 2
32 113 1
39 193 2
33 192 1
19 50 2
33 57 2
3 190 2
7 71 1
15 159 1
13 163 1
4 101 2
42 77 1
31 121 2
26 57 2
31 151 2
9 137 1
10 181 1
35 157 1
36 177 1
1 111 2
43 90 1
29 47 2
4 8 2
49 150 2
17 67 1
1 83 1
2 111 2
55 79 1
47 164 2
16 130 1
32 173 1
18 62 2
46 90 1
28 105 2
43 147 2
20 163 1
60 104 1
4 140 1
33 108 1
39 78 1
20 178 1
45 71 1
49 183 1
25 118 1
60 129 1
5 182 1
24 109 2
15 123 1
18 114 2
54 56 2
1 154 1
22 104 2
62 125 2
44 98 1
59 65 2
13 133 1
51 164 1
6 102 1
15 108 2
62 135 1
47 144 1
56 146 1
34 106 1
38 60 2
25 41 2
13 82 1
48 54 2
18 73 2
37 183 1
0 64 2
40 130 1
38 182 2
25 96 1
33 51 2
53 76 1
31 158 1
15 49 2
40 135 1
4 38 2
42 126 1
1 152 1
44 197 1
26 52 2
42 98 1
3 70 2
46 143 1
13 21 2
2 39 2
9 170 1
46 197 1
0 8 2
1 104 1
9 45 2
63 164 2
1 19 2
32 135 1
21 173 2
43 126 1
46 64 2
15 28 2
45 160 1
10 40 2
8 23 2
18 87 1
46 166 2
14 61 2
18 160 2
12 196 2
54 104 1
11 141 2
30 40 2
39 58 2
2 44 2
28 48 2
31 74 2
29 54 2
32 167 1
25 150 2
38 92 2
13 59 2
17 100 1
35 182 1
54 190 1
62 113 1
0 163 2
19 81 2
42 54 2
13 40 2
14 24 2
21 190 1
18 171 2
42 84 1
55 110 1
30 173 1
62 160 1
13 37 2
4 133 2
46 173 1
27 89 1
7 116 1
36 40 2
5 34 2
9 58 2
52 129 2
45 113 1
29 124 1
64 160 1
43 168 1
30 49 2
46 91 1
13 184 1
58 134 2
19 141 2
30 123 1
42 180 2
2 32 2
24 151 1
15 33 2
52 167 1
29 106 2
60 115 2
4 99 1
10 15 2
0 91 2
35 59 2
61 80 1
16 113 2
19 133 2
10 45 2
60 130 1
61 77 2
27 30 2
6 46 2
25 36 2
6 27 2
34 144 1
23 110 2
4 53 2
32 166 2
21 159 1
31 109 1
50 103 1
28 137 1
39 74 1
62 86 2
44 80 2
38 79 2
3 58 2
32 137 1
28 55 2
29 141 1
25 68 1
56 145 1
39 188 1
16 22 2
11 35 2
9 95 2
18 58 2
3 31 2
34 84 1
38 120 1
12 162 1
30 185 1
17 35 2
43 56 2
57 177 1
16 91 1
54 130 1
54 112 1
11 32 2
39 50 2
28 170 1
14 120 2
5 33 2
31 144 1
0 59 2
53 155 1
4 103 1
46 128 1
20 123 1
34 124 2
23 95 2
41 102 1
13 103 1
25 188 2
57 62 2
27 147 1
28 182 1
39 97 2
19 60 2
40 120 1
52 75 1
49 110 1
49 198 2
31 64 2
65 187 1
53 199 1
25 105 1
17 176 2
55 65 2
51 142 2
63 80 2
63 113 1
50 79 1
28 147 2
39 146 1
45 141 1
32 154 2
40 191 1
36 89 2
18 131 1
45 83 1
26 56 2
22 171 1
17 126 2
15 172 2
18 25 2
13 75 1
63 194 1
39 123 1
53 135 1
11 135 2
34 193 2
23 41 2
22 27 2
5 45 2
54 107 2
58 96 1
9 36 2
53 108 2
50 175 1
50 95 2
44 53 2
21 30 2
52 72 1
55 144 2
23 166 2
10 59 2
28 135 1
7 29 2
34 112 1
40 56 2
29 119 1
24 65 2
0 184 1
23 170 1
36 171 1
60 116 1
20 78 1
17 115 1
6 159 1
0 139 2
16 149 1
5 165 2
54 94 1
32 198 1
12 18 2
53 175 2
25 59 2
4 45 2
64 190 1
2 8 2
48 78 2
12 150 1
60 63 2
4 125 2
57 164 1
59 107 1
28 136 1
1 178 2
55 66 2
5 81 1
61 198 1
22 30 2
33 50 2
25 151 1
14 38 2
21 157 1
2 94 2
44 190 1
46 106 2
6 34 2
5 163 1
52 136 1
38 41 2
29 40 2
36 163 1
3 170 2
13 160 2
42 186 1
25 81 2
50 187 1
42 131 1
23 171 1
45 119 1
7 17 2
59 162 1
24 175 2
14 31 2
17 188 2
34 176 1
0 148 1
17 75 2
0 12 2
58 64 2
54 198 2
12 36 2
2 151 1
50 122 1
26 40 2
51 61 2
62 66 2
18 140 1
50 165 1
47 191 1
43 106 1
63 197 1
2 28 2
30 147 1
29 171 1
50 176 2
60 189 2
26 182 1
63 148 1
61 189 2
24 85 1
47 190 1
4 85 1
36 187 1
54 124 1
29 67 1
54 175 1
8 153 2
13 159 1
6 31 2
0 42 2
19 124 1
36 86 2
42 123 2
22 86 2
52 90 2
10 53 2
37 129 1
20 83 1
47 76 1
16 108 2
3 57 2
63 133 2
5 140 2
10 21 2
30 99 2
26 186 2
50 90 1
2 83 1
16 141 2
32 52 2
50 107 1
14 64 2
48 161 1
25 60 2
11 139 1
16 36 2
4 52 2
3 118 2
64 91 1
53 75 1
62 147 1
47 145 1
49 191 2
24 180 1
57 183 1
10 149 1
55 100 2
9 24 2
52 133 1
1 184 1
39 186 1
18 61 2
52 116 2
44 106 1
30 88 1
52 62 2
64 143 1
14 154 1
50 97 2
20 189 2
60 175 1
24 193 1
23 137 1
53 83 2
38 88 2
18 29 2
56 157 1
41 67 1
26 86 1
46 139 1
63 135 1
40 94 1
19 57 2
2 48 2
8 114 1
22 94 1
15 103 2
7 28 2
36 114 2
60 117 1
45 126 1
46 61 2
44 59 2
19 156 2
40 55 2
58 168 1
52 119 2
12 54 2
57 113 1
7 118 1
57 92 1
7 26 2
7 72 1
17 148 1
17 52 2
61 86 2
22 53 2
20 69 1
35 166 2
40 173 2
6 154 1
25 179 1
36 104 2
12 147 1
17 70 1
1 128 1
5 151 1
14 86 1
4 126 1
64 140 1
45 100 1
26 120 1
30 142 1
38 168 1
52 145 1
27 60 2
12 94 1
34 76 1
59 81 2
41 140 1
6 111 1
58 195 1
40 60 2
15 16 2
12 38 2
3 112 1
31 107 1
40 73 2
15 44 2
12 155 2
50 137 2
34 179 2
29 160 1
46 184 2
13 170 1
10 24 2
11 38 2
7 84 1
2 13 2
21 158 1
17 112 2
27 121 2
5 162 2
43 136 2
9 20 2
38 197 1
24 112 1
21 76 1
56 114 1
9 173 1
42 128 2
30 70 1
1 66 1
45 104 1
7 153 1
44 162 1
40 149 2
43 132 2
55 174 1
57 124 2
11 90 1
27 190 2
62 172 1
27 141 1
51 179 1
61 175 1
9 34 2
20 88 1
59 77 1
18 39 2
41 95 1
63 193 1
38 78 1
24 45 2
17 56 2
0 122 2
50 129 2
35 66 1
4 94 2
12 46 2
15 178 1
18 43 2
42 166 2
56 198 2
19 32 2
49 166 1
17 63 2
58 78 1
43 140 2
14 48 2
18 37 2
21 63 2
12 185 2
24 155 2
4 47 2
56 138 1
19 78 2
3 124 1
11 193 1
33 81 1
14 191 1
52 194 1
44 154 1
6 77 1
24 116 1
28 185 2
0 56 2
9 144 1
36 92 2
36 170 1
37 43 2
40 81 1
64 198 1
61 188 1
1 118 1
64 65 2
15 143 1
54 178 1
42 198 2
24 86 1
14 99 1
40 43 2
16 64 2
18 82 1
55 154 1
13 194 2
24 66 2
28 34 2
10 19 2
9 39 2
52 74 1
5 46 2
23 135 2
59 116 2
34 59 2
44 86 2
11 52 2
57 182 1
19 22 2
32 182 1
15 73 2
2 60 2
3 123 1
27 39 2
56 118 2
32 186 1
56 73 1
63 175 1
23 182 2
61 129 1
29 43 2
44 148 2
3 16 2
14 30 2
3 18 2
17 76 2
26 138 1
57 89 2
15 160 2
44 45 2
7 177 1
1 147 1
52 123 1
42 61 2
30 105 1
15 134 1
49 132 2
11 99 1
59 153 1
6 108 1
11 198 2
57 122 1
45 55 2
4 108 1
3 30 2
39 61 2
11 13 2
2 118 1
47 78 2
41 169 2
59 68 2
32 42 2
57 161 2
27 118 1
2 73 1
28 194 1
53 143 1
8 30 2
41 171 2
39 124 1
0 178 1
57 67 2
62 141 1
12 19 2
61 95 1
1 40 2
44 180 1
33 39 2
11 14 2
55 82 2
37 153 2
22 23 2
46 123 1
40 51 2
39 136 2
6 10 2
13 158 1
11 172 2
3 159 2
13 112 2
8 82 1
22 56 2
6 125 1
45 128 1
11 109 1
31 47 2
2 47 2
13 66 1
9 57 2
29 129 2
29 155 2
31 116 2
45 165 2
48 66 2
0 164 2
46 59 2
34 161 2
26 134 1
22 155 1
51 60 2
39 100 1
27 47 2
27 129 2
11 53 2
63 145 2
14 183 2
19 38 2
56 156 1
13 54 2
9 44 2
46 185 1
21 28 2
30 56 2
18 162 2
61 87 1
5 20 2
33 37 2
23 61 2
51 192 1
13 156 1
12 32 2
3 98 1
24 79 1
13 142 1
8 49 2
14 71 1
58 171 2
9 35 2
59 141 2
22 28 2
40 53 2
10 144 1
1 18 2
21 118 2
10 82 1
26 64 2
20 156 1
26 187 2
57 79 1
45 49 2
42 164 2
4 19 2
41 51 2
29 51 2
44 179 1
18 190 1
1 20 2
5 63 2
61 156 1
47 151 1
22 145 1
31 51 2
62 134 1
63 181 1
23 161 1
1 139 1
59 110 1
63 163 1
1 126 1
0 30 2
31 81 1
23 181 2
27 28 2
6 16 2
6 137 2
52 166 1
0 20 2
6 91 2
30 78 2
51 165 1
34 104 2
14 53 2
49 59 2
36 49 2
26 148 1
64 178 1
49 103 1
52 69 2
10 163 2
62 161 2
43 61 2
45 170 2
16 84 2
11 58 2
22 163 1
49 87 2
21 193 2
26 147 2
28 52 2
1 21 2
33 101 1
39 54 2
18 84 1
46 150 1
13 121 1
17 155 1
7 93 1
27 67 2
62 180 1
37 90 2
51 118 1
56 71 1
53 60 2
47 131 1
57 172 2
64 179 1
11 70 2
51 126 2
62 188 1
62 176 2
20 181 2
2 139 1
47 85 2
43 159 1
1 93 1
57 134 2
13 154 1
30 188 1
37 139 2
43 47 2
40 187 1
31 137 2
34 142 1
0 123 2
0 63 2
0 94 2
56 105 2
59 108 1
62 165 2
63 73 1
8 174 1
29 82 1
2 95 1
39 89 2
48 176 1
19 106 1
21 46 2
19 70 1
6 80 1
28 37 2
53 85 1
13 70 2
37 147 1
40 108 1
51 199 1
46 129 1
1 124 2
18 96 1
1 86 1
40 159 2
60 77 2
47 195 2
29 149 2
3 191 2
43 192 1
41 139 1
46 55 2
62 94 1
15 60 2
17 109 1
10 52 2
30 89 2
19 63 2
36 196 2
45 127 1
34 102 1
2 52 2
60 81 1
49 192 2
43 118 1
16 24 2
42 90 1
40 126 1
33 168 1
64 133 2
27 140 2
43 167 2
15 127 1
10 75 1
17 181 1
1 42 2
30 149 2
34 68 1
45 176 2
63 125 2
20 41 2
27 95 1
61 106 1
11 147 1
7 145 2
21 141 2
25 76 1
25 138 1
25 47 2
45 178 1
41 158 2
26 122 1
40 147 1
33 136 2
41 186 1
19 62 2
48 155 1
1 163 1
64 175 1
47 159 2
55 190 1
40 146 2
64 159 1
64 188 1
24 156 2
59 118 1
24 137 2
38 61 2
6 118 1
24 148 1
39 41 2
63 64 2
34 58 2
9 40 2
34 185 1
10 12 2
8 196 2
47 77 2
1 27 2
21 166 1
19 111 2
33 58 2
43 58 2
49 90 2
4 25 2
27 111 1
8 165 2
60 156 2
0 190 2
49 116 1
54 110 1
40 85 1
9 198 1
41 126 1
16 55 2
3 6 2
64 166 1
15 148 2
34 172 1
22 170 2
31 41 2
36 146 1
13 132 1
41 98 1
43 112 1
17 199 1
58 170 2
52 113 1
21 198 1
26 95 1
57 163 1
37 119 1
19 26 2
9 11 2
22 69 1
9 13 2
30 86 1
42 146 2
29 165 1
19 176 1
44 117 1
8 123 1
49 108 1
39 113 1
1 35 2
12 35 2
0 17 2
44 65 2
7 47 2
47 160 1
44 69 1
56 125 1
63 79 1
0 151 2
2 177 1
31 110 1
11 122 1
13 177 2
44 150 2
35 86 1
4 145 2
53 184 1
64 74 1
28 90 2
10 74 1
41 181 2
18 101 1
22 89 1
9 10 2
45 108 1
57 95 2
2 78 1
51 198 1
7 172 1
17 141 1
13 81 1
35 186 1
31 135 1
15 164 1
23 36 2
2 123 1
32 41 2
59 183 2
16 96 1
38 155 1
42 160 1
7 173 2
62 194 1
32 35 2
60 169 1
12 165 1
26 48 2
20 190 2
6 58 2
12 28 2
43 163 2
60 147 1
22 192 1
20 52 2
35 106 1
42 183 1
0 199 1
32 72 2
30 41 2
63 162 1
63 177 2
15 31 2
31 131 1
38 174 1
29 113 1
11 136 1
17 191 1
13 148 1
11 130 2
57 190 1
20 73 1
14 174 2
37 117 2
21 160 1
55 103 2
24 138 2
30 199 2
56 153 2
59 76 1
50 135 1
26 46 2
26 60 2
51 102 2
23 124 1
39 62 2
26 126 1
27 36 2
46 178 2
23 187 2
27 163 1
16 44 2
20 58 2
41 57 2
24 62 2
19 114 1
11 137 2
7 110 1
30 77 1
27 87 1
22 47 2
14 185 2
48 178 2
7 30 2
11 95 1
36 129 1
43 162 2
28 97 1
36 72 2
36 103 1
8 199 1
11 179 1
15 95 2
19 151 2
4 82 1
54 143 1
4 195 1
26 157 2
15 130 1
35 81 1
57 59 2
42 168 1
15 42 2
10 160 2
24 44 2
37 98 2
11 96 1
0 187 1
26 73 1
43 75 1
56 134 2
0 117 1
51 144 1
54 93 2
25 43 2
59 185 1
60 157 1
44 127 2
64 66 1
6 85 1
34 71 1
19 42 2
29 146 1
40 66 1
12 92 1
3 46 2
13 16 2
3 62 2
20 125 1
39 88 1
15 191 2
65 69 1
33 61 2
3 113 1
18 122 1
50 121 2
60 142 2
37 171 1
45 50 2
47 113 1
12 169 1
16 35 2
7 189 2
51 111 1
52 80 1
30 63 2
6 146 1
34 170 1
19 146 1
8 41 2
39 121 2
35 135 2
57 132 1
10 38 2
18 72 1
33 112 1
12 26 2
63 114 1
11 108 1
12 63 2
5 108 1
26 166 2
20 42 2
41 64 2
18 163 2
61 74 2
16 72 1
65 67 2
8 86 2
61 136 1
12 15 2
6 90 1
6 112 1
7 161 2
24 83 1
6 123 1
64 77 2
40 47 2
37 106 1
32 112 1
36 46 2
61 173 2
10 20 2
19 193 2
29 59 2
43 169 1
57 198 1
61 65 2
0 108 1
37 144 1
6 29 2
8 64 2
41 61 2
15 30 2
21 75 1
5 141 2
12 91 2
18 143 1
29 181 2
6 22 2
11 174 1
37 157 2
19 143 1
36 199 2
43 134 1
4 61 2
62 148 1
11 44 2
63 68 1
47 56 2
56 139 2
63 123 1
52 65 2
40 138 1
62 70 1
65 120 1
1 192 1
46 63 2
14 65 2
5 146 1
26 196 1
35 52 2
16 38 2
44 166 1
12 151 1
5 167 1
2 74 1
26 59 2
34 62 2
37 135 1
2 91 1
0 96 1
11 195 1
65 100 2
20 167 2
24 117 1
25 58 2
48 160 1
38 123 2
52 89 2
50 130 2
13 27 2
26 164 1
8 190 2
51 155 2
37 53 2
18 85 1
21 182 2
6 44 2
46 192 1
58 139 1
20 155 1
28 88 1
44 83 1
26 65 2
25 158 1
62 181 1
11 23 2
29 125 2
0 84 1
36 38 2
20 131 1
22 49 2
0 135 1
9 96 2
57 84 2
42 108 1
31 76 1
32 161 1
26 93 1
20 76 1
30 75 1
0 25 2
61 125 2
54 139 2
8 68 1
36 125 1
27 49 2
47 60 2
5 75 1
29 45 2
49 63 2
60 65 2
0 37 2
12 98 1
5 111 1
46 142 1
5 35 2
56 81 2
23 192 1
38 122 2
23 42 2
62 93 1
21 67 1
14 195 1
17 172 2
51 163 1
56 96 1
11 34 2
16 28 2
15 75 2
36 148 1
13 84 1
2 11 2
57 75 1
41 72 1
41 127 2
7 40 2
58 193 2
20 198 1
20 64 2
24 129 1
3 155 1
34 48 2
56 185 2
17 25 2
46 191 2
48 149 1
25 110 1
4 33 2
42 100 1
16 95 2
23 68 1
42 178 1
35 196 1
37 41 2
12 47 2
64 173 2
1 79 1
25 34 2
2 159 1
39 161 2
8 60 2
15 38 2
15 139 1
44 186 1
37 151 2
31 148 1
54 146 1
23 37 2
14 19 2
50 157 1
33 156 1
2 35 2
36 193 2
40 172 1
51 90 1
31 191 1
45 150 2
38 121 1
54 98 2
56 121 1
16 40 2
36 133 1
26 114 2
55 170 2
56 107 2
64 182 2
52 125 1
38 158 1
47 178 2
65 122 1
17 105 2
16 125 1
12 53 2
17 179 1
27 37 2
46 126 1
10 139 1
42 169 1
40 105 2
0 118 2
6 76 2
53 132 1
9 56 2
4 60 2
39 59 2
0 83 2
4 43 2
45 51 2
48 195 1
24 186 1
57 66 1
60 109 2
55 101 1
49 187 1
49 168 1
57 120 1
46 175 1
43 194 1
25 183 1
17 134 1
23 25 2
18 60 2
39 126 1
65 158 1
52 92 1
59 72 1
5 11 2
20 43 2
64 84 2
64 115 2
0 144 1
0 5 2
37 93 1
53 103 1
39 190 1
62 78 1
13 18 2
26 69 1
7 87 1
29 169 2
55 195 1
1 80 1
44 75 1
35 199 1
2 97 2
60 62 2
1 62 2
22 50 2
8 108 1
19 25 2
18 26 2
25 64 2
59 137 2
65 101 1
60 155 1
28 131 2
45 86 1
31 92 1
54 167 1
33 196 2
0 194 1
17 31 2
23 32 2
32 57 2
3 74 2
8 34 2
8 36 2
39 109 2
12 105 1
20 36 2
4 164 1
7 76 1
57 149 1
27 90 1
2 63 2
44 115 2
63 131 1
50 51 2
42 51 2
56 102 2
33 66 1
19 31 2
28 31 2
48 60 2
51 185 2
52 198 1
9 68 2
30 180 1
40 93 2
62 190 1
21 135 2
12 184 1
38 142 1
5 18 2
21 154 1
9 99 1
61 76 1
34 188 2
10 28 2
22 114 2
36 58 2
59 97 1
34 116 1
11 21 2
54 81 1
40 128 2
18 103 1
22 116 2
61 73 1
64 148 1
1 116 1
8 175 2
19 45 2
5 38 2
6 67 2
13 146 2
59 99 2
34 36 2
18 152 1
17 42 2
22 54 2
64 195 2
25 44 2
34 60 2
1 56 2
23 53 2
9 52 2
58 90 2
38 124 2
44 89 2
1 22 2
23 132 2
18 130 1
28 134 2
3 91 2
14 52 2
31 66 1
3 15 2
34 174 1
51 182 1
14 59 2
1 194 1
35 44 2
9 51 2
10 131 1
15 132 2
35 49 2
5 68 1
61 71 2
10 18 2
38 136 1
2 168 1
7 22 2
11 26 2
55 63 2
15 27 2
38 141 1
6 116 1
9 100 1
17 124 1
15 117 1
7 125 1
30 140 1
55 83 1
14 47 2
6 198 1
7 80 1
21 60 2
11 128 1
57 131 2
24 100 2
35 144 1
4 73 1
33 104 2
52 63 2
30 143 2
49 154 1
23 142 2
27 43 2
4 56 2
48 184 2
33 162 1
36 85 1
36 107 1
6 51 2
52 128 2
49 158 2
36 185 1
15 78 2
28 71 1
41 118 1
59 182 1
40 74 1
17 195 1
25 108 2
5 56 2
35 188 1
23 70 2
14 106 2
65 161 1
25 175 2
26 198 1
5 149 2
0 35 2
6 79 2
18 54 2
16 173 2
11 140 1
4 71 2
21 44 2
5 156 1
41 66 1
30 139 2
18 45 2
56 99 1
7 147 1
57 69 1
32 40 2
32 118 1
12 51 2
19 58 2
11 166 2
21 186 1
54 142 2
40 176 1
11 185 1
23 114 1
60 91 1
34 140 2
5 28 2
21 50 2
29 132 1
49 65 2
53 102 1
37 74 1
37 187 2
26 55 2
58 113 1
23 48 2
43 87 2
13 36 2
40 145 1
34 79 1
65 83 1
49 54 2
24 88 2
58 109 1
40 77 1
62 72 1
13 98 2
6 47 2
26 175 1
39 68 1
23 81 2
65 167 2
34 77 1
55 86 1
3 169 1
54 164 1
14 18 2
25 193 1
37 77 1
4 90 1
24 68 2
61 142 1
36 169 1
33 183 1
53 163 2
1 10 2
29 112 1
15 150 2
40 69 1
33 177 2
8 156 1
56 199 1
14 32 2
24 93 1
33 164 1
26 177 1
55 128 2
1 15 2
4 87 2
12 153 1
26 160 1
12 80 1
7 67 1
25 132 1
64 172 2
32 179 1
15 185 1
31 182 2
17 32 2
64 139 1
65 79 1
57 70 1
30 35 2
37 178 1
34 158 2
25 97 1
47 169 2
26 188 1
45 62 2
2 194 1
23 155 1
10 64 2
8 51 2
48 81 1
7 138 1
35 102 2
9 29 2
48 174 1
56 132 1
23 111 1
3 36 2
0 147 2
26 117 2
44 93 1
1 102 1
56 150 1
18 57 2
46 171 1
52 96 1
7 181 1
37 182 2
25 29 2
42 140 1
39 176 1
41 191 1
8 47 2
14 143 2
1 51 2
17 157 1
9 18 2
8 119 2
9 28 2
54 149 1
31 143 1
19 197 1
43 173 1
27 45 2
65 108 1
46 89 1
41 44 2
8 20 2
8 57 2
41 166 1
21 108 1
49 67 1
18 38 2
4 5 2
29 122 1
18 153 1
16 106 1
7 140 2
9 133 1
48 77 1
62 77 2
51 108 1
18 195 1
27 83 2
17 144 1
13 126 1
47 59 2
27 59 2
40 62 2
29 50 2
61 64 2
14 25 2
25 181 1
19 177 1
46 83 2
34 90 2
59 150 1
11 24 2
63 112 2
34 167 2
31 168 1
54 176 1
28 83 1
3 97 1
7 34 2
65 91 1
49 114 1
6 17 2
24 50 2
13 104 1
34 47 2
8 61 2
41 56 2
49 137 2
2 187 1
27 154 2
15 116 1
33 131 1
7 59 2
54 177 1
5 194 1
28 50 2
58 71 2
11 114 2
29 154 1
29 177 2
20 134 2
23 197 1
9 105 1
19 126 1
0 43 2
56 176 2
23 35 2
59 179 1
16 157 2
2 129 2
9 61 2
12 111 2
40 136 2
16 167 1
38 75 1
52 159 2
61 100 1
29 187 1
7 41 2
33 160 2
19 21 2
58 119 1
23 175 1
37 103 1
2 76 2
34 86 2
52 137 2
29 185 1
62 179 1
42 93 2
47 94 2
22 36 2
51 174 2
31 34 2
45 194 1
4 84 2
56 63 2
14 29 2
5 48 2
10 57 2
40 177 1
32 150 1
45 68 1
16 138 2
6 53 2
55 130 2
20 48 2
47 149 1
59 128 2
60 125 1
9 108 1
27 120 2
44 156 1
2 154 2
7 152 2
6 28 2
34 63 2
61 149 1
21 162 1
18 24 2
53 150 1
10 158 2
44 119 1
41 151 1
1 28 2
23 156 1
35 164 1
14 111 1
62 162 2
62 75 1
9 43 2
5 145 1
20 138 2
21 189 2
38 71 1
40 182 2
2 57 2
37 134 1
58 194 1
13 63 2
42 145 1
49 156 1
18 188 1
45 133 1
18 47 2
62 138 2
9 54 2
23 102 2
27 52 2
8 117 1
34 131 2
14 141 1
45 115 1
49 199 2
61 127 2
4 50 2
18 155 1
44 67 1
48 71 2
33 90 2
39 49 2
13 140 1
8 162 1
54 156 1
51 109 1
9 78 2
26 161 2
56 195 1
19 74 1
19 121 2
13 62 2
61 178 1
24 27 2
32 82 1
4 153 1
21 33 2
14 85 2
43 78 1
24 87 1
31 63 2
0 65 2
15 198 2
52 150 2
48 86 1
16 21 2
44 58 2
62 167 1
30 162 1
1 187 1
9 167 2
36 158 2
61 97 1
50 173 1
3 34 2
28 104 2
46 120 1
44 113 2
32 138 1
22 191 1
17 50 2
20 148 2
57 135 1
11 42 2
17 20 2
8 11 2
27 195 1
14 43 2
7 169 1
0 1 2
65 193 1
46 87 1
14 89 1
35 38 2
7 105 1
49 112 1
40 178 1
6 63 2
36 150 2
18 51 2
54 91 2
55 131 2
49 98 2
38 147 1
2 189 2
25 147 2
29 175 2
32 34 2
32 190 2
28 61 2
16 105 2
56 84 1
10 42 2
51 57 2
47 198 1
13 20 2
30 120 2
6 18 2
60 183 1
1 17 2
51 91 1
9 83 2
8 76 1
14 15 2
15 64 2
22 117 1
3 94 1
8 74 2
60 105 1
53 71 1
16 140 1
14 110 1
61 172 2
4 116 1
31 68 1
21 106 1
0 74 1
39 90 1
17 46 2
8 85 1
63 161 2
61 145 2
62 82 2
27 65 2
1 158 1
30 157 1
53 54 2
20 128 1
32 134 2
55 126 1
4 175 2
58 82 1
16 59 2
63 157 1
21 87 1
57 192 1
46 170 2
20 57 2
37 120 1
14 39 2
51 187 1
61 72 1
30 92 1
16 179 1
48 177 2
23 177 1
10 60 2
62 73 2
34 42 2
19 173 1
8 154 2
48 56 2
11 12 2
8 88 1
10 30 2
34 69 1
48 49 2
28 68 1
60 134 1
40 78 1
36 180 1
50 54 2
34 166 2
10 121 1
26 83 2
33 88 1
24 183 2
16 39 2
23 74 2
61 79 1
57 147 1
26 131 2
36 144 1
32 122 1
17 129 1
17 136 1
38 54 2
49 66 1
63 65 2
47 174 2
28 127 1
41 109 1
9 81 2
51 129 2
40 100 2
1 182 1
41 59 2
22 90 1
9 48 2
62 116 1
12 186 1
39 55 2
33 72 1
20 50 2
55 116 2
2 157 2
15 35 2
8 194 1
47 116 1
19 48 2
31 48 2
46 163 2
47 142 1
20 27 2
62 123 2
35 98 1
3 134 1
21 32 2
4 96 2
41 128 1
17 164 1
39 110 1
65 107 1
8 70 1
49 188 1
29 98 1
60 184 1
46 162 1
61 171 1
46 66 2
18 111 1
32 65 2
10 26 2
29 53 2
39 103 1
12 48 2
62 89 1
5 188 1
48 193 1
40 184 2
35 193 2
61 161 2
62 65 2
0 195 1
60 162 1
10 95 1
43 179 1
38 57 2
3 196 1
28 166 1
16 143 2
15 39 2
13 117 1
9 49 2
57 199 2
17 78 1
5 31 2
37 176 1
35 55 2
0 124 2
55 135 1
39 130 2
20 119 2
1 110 1
19 49 2
34 163 1
18 20 2
7 15 2
56 164 2
31 61 2
11 45 2
28 82 2
43 143 2
41 55 2
10 66 1
0 77 2
18 105 2
18 88 1
14 134 1
38 183 1
36 37 2
46 130 2
20 80 1
1 169 1
12 166 2
55 129 2
20 33 2
58 76 2
10 135 2
53 77 2
9 189 1
51 81 2
1 77 1
3 17 2
55 104 1
22 96 2
2 40 2
37 55 2
7 27 2
4 124 1
29 168 1
8 13 2
38 166 1
50 87 1
18 172 2
53 186 1
29 64 2
49 69 2
44 90 2
54 95 1
12 103 2
16 112 1
15 170 2
13 165 1
37 195 1
32 169 1
19 199 1
53 195 1
0 97 2
48 95 1
12 126 2
60 181 1
20 142 2
29 66 1
0 46 2
51 180 2
32 151 1
65 146 2
12 180 1
7 63 2
57 65 2
26 67 2
20 44 2
27 182 2
53 145 2
36 109 1
34 198 1
0 119 1
64 147 2
37 185 1
63 96 2
44 50 2
19 61 2
23 199 2
23 133 2
43 158 1
56 140 1
20 105 1
5 193 1
37 121 2
46 144 1
55 189 2
37 111 1
15 34 2
9 65 2
30 74 1
31 104 1
52 182 1
51 70 1
43 114 1
45 87 2
21 151 1
2 115 1
13 14 2
59 184 2
11 20 2
59 165 1
7 18 2
21 194 1
31 159 2
29 33 2
19 51 2
25 182 1
48 112 2
43 74 1
32 76 1
64 154 2
4 79 2
63 152 1
39 160 2
63 75 2
25 185 2
39 104 2
13 71 2
25 131 2
52 121 1
2 164 1
41 112 1
3 144 1
28 188 1
7 112 1
9 46 2
23 54 2
14 172 1
24 37 2
42 47 2
0 110 2
5 139 1
24 58 2
41 178 1
13 169 2
58 146 1
60 83 1
33 100 2
9 125 1
14 176 1
24 142 1
37 150 2
0 2 2
39 199 1
2 124 2
23 56 2
16 182 2
15 112 1
58 94 2
20 37 2
10 17 2
54 114 1
34 37 2
56 94 1
26 132 2
58 68 1
14 130 1
9 14 2
1 68 1
1 50 2
14 50 2
28 129 1
12 82 1
28 93 2
12 67 2
50 132 2
6 30 2
6 115 1
51 56 2
18 161 1
10 47 2
45 147 2
13 73 2
64 134 1
30 57 2
16 76 1
36 53 2
4 183 1
30 191 2
36 94 2
42 154 1
50 81 2
8 55 2
12 115 2
40 57 2
41 136 1
25 102 1
32 75 1
36 124 1
48 191 2
10 170 1
18 92 2
51 188 2
61 135 1
8 128 1
16 87 1
31 55 2
33 121 1
28 62 2
16 187 1
22 34 2
61 190 1
18 48 2
46 62 2
47 125 1
33 64 2
42 116 1
16 155 1
1 162 1
29 184 1
10 83 2
49 135 2
21 174 1
7 155 1
5 29 2
20 77 1
19 137 1
42 86 1
65 76 2
30 69 2
18 169 1
18 28 2
16 185 2
26 137 1
14 17 2
1 5 2
59 171 1
29 96 1
46 114 2
0 159 1
40 169 2
31 199 1
54 72 1
26 89 1
38 105 1
0 143 2
46 48 2
38 145 1
17 65 2
11 120 2
65 197 1
1 67 1
56 92 2
36 123 1
61 185 1
1 135 1
46 174 1
59 135 1
3 51 2
2 7 2
29 63 2
42 59 2
26 109 1
10 62 2
44 78 2
36 143 1
54 191 1
18 164 1
4 128 1
49 139 1
2 54 2
18 125 1
39 187 2
34 57 2
16 189 1
64 155 2
28 116 2
48 180 1
62 105 2
59 163 2
64 153 2
22 177 1
6 40 2
10 142 1
28 91 1
12 60 2
33 163 2
9 82 1
21 146 2
30 90 2
19 103 2
53 187 1
6 60 2
48 133 1
29 37 2
56 64 2
47 69 1
27 132 2
27 112 1
42 173 2
34 173 2
30 107 1
42 106 2
48 154 1
37 173 2
32 148 1
61 89 1
10 165 2
58 138 1
8 52 2
49 178 1
36 91 1
3 120 1
63 182 1
5 177 2
5 88 2
65 173 2
24 32 2
24 34 2
20 74 2
16 85 1
5 174 1
38 149 2
56 97 1
9 188 1
38 81 1
23 29 2
29 111 2
50 162 1
63 69 1
17 185 1
47 161 1
63 149 1
30 72 1
48 125 1
19 170 2
31 173 1
47 97 2
19 186 1
28 158 1
13 176 1
9 150 1
62 197 1
4 120 1
48 106 2
6 57 2
21 91 2
7 166 1
45 168 1
26 68 1
6 15 2
45 80 2
41 144 1
23 78 1
7 25 2
6 61 2
22 120 1
62 151 2
1 105 2
26 61 2
65 159 1
40 49 2
15 85 1
33 103 1
1 23 2
19 24 2
62 144 2
5 91 1
65 110 1
62 100 2
32 128 1
5 185 1
4 88 2
37 78 1
29 61 2
14 114 1
50 147 2
12 120 1
48 153 2
21 59 2
44 74 1
26 28 2
8 77 2
47 123 2
14 49 2
34 115 1
37 51 2
17 58 2
41 198 1
48 124 2
10 49 2
7 128 1
13 190 2
10 177 1
7 193 2
1 61 2
50 133 1
49 186 1
45 192 2
39 96 2
8 65 2
2 46 2
61 182 1
18 184 2
44 159 1
7 57 2
9 103 2
24 69 1
43 108 2
36 106 1
65 123 2
11 142 2
3 65 2
62 76 2
34 61 2
4 35 2
17 66 1
10 80 1
1 60 2
55 72 1
16 56 2
28 156 1
29 48 2
60 163 2
19 43 2
22 102 2
22 48 2
21 38 2
14 182 1
21 130 1
21 109 1
20 89 1
20 55 2
8 39 2
32 73 2
41 180 2
59 102 1
20 171 1
8 176 1
0 173 1
9 76 2
23 51 2
58 191 1
61 63 2
39 194 2
26 39 2
2 116 2
49 61 2
55 132 2
14 87 2
20 63 2
52 112 2
29 170 1
12 112 2
21 170 2
41 155 1
47 51 2
21 99 1
36 45 2
0 177 2
14 73 1
21 41 2
31 33 2
46 148 2
65 124 1
40 152 1
12 73 2
38 40 2
37 40 2
33 55 2
22 35 2
30 133 1
39 93 2
12 42 2
20 141 1
62 127 2
57 184 1
31 42 2
14 95 1
65 111 2
26 41 2
38 104 1
12 189 1
19 55 2
56 88 1
42 188 2
35 88 2
0 9 2
2 143 1
49 100 1
43 188 1
20 184 1
37 101 1
36 51 2
35 96 1
44 155 1
64 135 1
25 66 1
43 175 1
40 198 1
28 80 1
15 174 1
2 62 2
65 104 1
4 117 1
11 62 2
60 199 1
11 80 1
36 56 2
10 16 2
34 97 2
34 127 1
25 153 2
31 50 2
31 146 1
27 197 2
38 64 2
18 148 1
36 82 2
60 70 1
6 138 2
35 104 2
35 46 2
43 86 2
28 172 1
53 126 1
25 163 1
18 110 2
54 129 1
7 19 2
62 150 1
33 119 1
37 42 2
47 55 2
25 78 1
26 155 1
11 146 1
32 163 1
15 192 2
0 45 2
26 36 2
12 145 2
26 27 2
65 183 1
54 147 2
55 162 2
12 49 2
58 192 2
22 111 2
0 104 1
13 96 1
60 140 2
6 184 1
16 181 2
59 74 2
48 179 1
7 65 2
25 37 2
15 47 2
40 150 1
47 83 1
23 40 2
19 165 2
45 97 1
12 56 2
29 62 2
13 46 2
41 101 1
11 98 1
50 109 1
27 171 1
39 53 2
11 64 2
18 117 2
3 189 1
31 38 2
2 161 1
29 108 2
42 120 1
14 155 2
53 73 2
51 159 2
45 180 1
2 155 1
3 40 2
48 108 1
49 155 2
11 29 2
30 169 1
58 121 1
8 101 1
0 101 2
54 65 2
9 113 2
21 93 2
37 199 1
33 114 1
20 40 2
43 185 1
26 91 1
50 163 1
17 89 1
58 117 1
35 137 2
46 60 2
8 189 2
10 55 2
10 108 2
3 63 2
65 95 2
18 49 2
12 188 1
15 67 1
2 42 2
19 93 1
18 68 1
21 78 1
39 165 1
14 93 2
25 164 2
7 24 2
19 94 1
43 104 1
24 54 2
42 152 1
46 80 1
63 92 1
6 25 2
0 4 2
44 191 1
10 27 2
45 182 1
30 129 1
1 78 1
45 190 2
35 113 2
8 69 1
11 36 2
36 139 1
56 187 1
10 54 2
23 90 1
31 80 1
53 161 1
33 94 1
12 183 2
5 59 2
17 44 2
28 32 2
40 139 1
33 77 1
27 51 2
62 92 1
60 139 1
31 197 1
49 159 1
22 84 2
37 69 1
16 83 1
52 106 1
2 85 1
7 74 2
3 164 2
35 71 2
62 182 2
11 83 2
22 43 2
42 46 2
22 26 2
33 140 1
3 48 2
43 63 2
13 114 2
62 191 2
2 90 1
39 174 2
3 13 2
1 94 2
2 19 2
42 55 2
1 166 2
7 156 1
40 179 1
2 167 2
54 187 1
45 56 2
15 138 1
42 158 2
29 44 2
32 33 2
6 171 2
32 100 2
37 133 2
15 48 2
20 51 2
14 26 2
17 174 1
42 170 2
28 41 2
64 111 1
14 23 2
2 170 2
51 101 1
49 172 2
58 161 1
15 158 2
52 186 2
36 64 2
52 60 2
53 61 2
11 40 2
0 89 1
31 44 2
61 88 1
51 80 2
27 54 2
45 47 2
23 191 1
56 184 1
0 40 2
46 95 1
47 63 2
46 132 1
56 144 1
7 176 1
52 191 1
58 142 1
65 80 1
44 184 1
57 144 1
22 118 1
3 148 1
27 198 2
45 65 2
54 58 2
48 189 1
53 141 2
42 85 2
61 192 1
18 32 2
24 99 1
29 176 1
62 119 1
31 189 2
17 103 1
51 154 1
12 58 2
41 78 1
1 129 1
36 156 2
13 39 2
28 57 2
21 100 1
39 192 2
46 81 1
47 176 1
12 64 2
18 64 2
52 56 2
27 131 1
47 124 1
40 88 2
22 73 1
46 51 2
0 18 2
11 111 2
5 53 2
27 186 2
4 109 1
12 17 2
39 101 2
6 155 2
39 149 1
25 87 2
31 129 1
14 188 1
32 125 2
64 94 1
29 65 2
26 100 2
56 143 2
10 169 2
57 151 1
44 95 1
5 50 2
0 66 1
65 171 2
17 98 1
46 164 2
55 180 2
22 172 1
19 168 1
34 111 1
22 159 2
24 29 2
37 125 2
19 54 2
58 129 1
25 35 2
14 157 1
29 139 1
0 132 2
47 99 1
11 87 1
24 150 1
36 54 2
43 84 1
30 106 1
55 94 1
40 158 2
11 191 1
12 154 2
43 153 1
22 148 2
43 141 1
17 34 2
24 46 2
34 177 1
41 82 1
25 125 2
27 184 2
4 181 1
20 192 2
2 66 1
35 64 2
17 196 1
33 43 2
1 2 2
20 194 1
58 162 2
2 71 2
15 57 2
35 67 1
55 92 2
10 132 2
49 182 2
50 101 2
53 193 1
58 114 2
6 107 2
36 188 2
21 61 2
34 43 2
8 48 2
64 144 1
26 192 1
41 173 1
5 198 1
13 157 2
29 89 2
2 70 1
20 35 2
54 89 2
63 139 1
46 134 1
23 129 2
35 63 2
12 31 2
31 161 1
13 149 1
5 103 1
21 113 2
62 139 1
3 41 2
49 74 1
15 94 2
19 91 2
63 93 2
64 79 1
12 107 1
55 151 2
3 161 1
37 132 1
50 184 1
32 71 1
34 136 2
31 115 2
57 61 2
12 128 1
21 199 2
50 126 1
34 73 1
23 50 2
56 174 1
58 75 1
46 49 2
62 169 2
54 168 2
0 92 1
60 185 2
44 130 1
51 139 2
12 52 2
1 114 1
21 31 2
28 141 1
15 193 1
6 20 2
29 39 2
63 85 1
24 30 2
51 120 1
18 168 1
65 142 1
49 73 2
21 128 1
22 82 1
59 70 2
54 171 1
60 93 1
19 187 2
8 151 2
15 29 2
22 187 1
2 79 2
60 64 2
15 50 2
39 163 1
3 72 1
7 97 1
39 91 1
11 168 1
54 75 2
8 37 2
61 62 2
47 87 2
3 127 2
37 152 1
0 51 2
4 91 1
39 87 1
3 52 2
45 174 1
29 196 2
28 100 1
43 98 2
13 90 2
28 75 2
22 44 2
3 117 2
25 186 2
50 192 2
36 44 2
7 53 2
41 53 2
4 172 1
44 51 2
62 198 1
27 48 2
6 126 1
58 59 2
56 141 1
9 59 2
31 140 2
48 167 1
59 119 1
64 180 1
2 169 1
4 41 2
50 114 1
46 118 1
11 97 1
39 72 1
1 43 2
22 125 2
44 109 1
42 150 2
22 185 1
8 161 1
12 174 2
18 70 1
26 130 1
12 159 1
41 175 2
13 161 1
0 49 2
17 39 2
37 81 1
61 196 1
27 176 1
23 30 2
28 43 2
35 93 1
38 157 2
13 110 1
19 157 1
53 114 1
61 191 2
46 94 2
27 73 1
51 125 2
22 179 1
10 39 2
65 85 2
28 115 1
19 171 1
26 98 2
53 101 1
65 149 2
3 39 2
42 179 1
57 98 1
20 175 1
8 118 1
24 25 2
7 9 2
19 116 1
30 165 2
46 158 1
45 136 2
20 34 2
15 61 2
3 147 1
25 51 2
35 118 2
52 152 1
39 73 1
19 149 1
8 80 1
8 187 1
4 110 1
17 41 2
38 153 1
55 188 1
42 174 2
3 8 2
14 35 2
65 181 1
20 65 2
48 158 2
36 155 1
2 173 2
58 123 2
31 88 1
57 148 2
10 114 1
52 81 1
3 73 2
36 101 1
45 73 1
50 127 1
12 41 2
12 88 1
49 105 1
8 83 1
45 84 1
60 88 1
15 62 2
34 56 2
9 184 1
9 180 1
5 175 1
6 50 2
19 41 2
26 33 2
43 50 2
38 58 2
42 196 1
10 130 2
1 160 1
26 47 2
64 97 2
30 59 2
29 90 1
20 174 2
53 110 1
18 167 2
38 59 2
17 21 2
24 185 1
14 196 2
7 100 2
2 153 1
20 87 2
22 122 1
50 186 2
22 180 1
53 59 2
4 46 2
34 70 1
59 180 1
61 148 1
15 155 1
22 183 2
53 185 2
50 80 1
40 75 2
51 110 1
34 134 2
59 100 1
29 68 1
42 101 1
18 137 1
55 96 2
65 150 2
2 101 2
44 94 2
8 96 2
46 155 1
34 199 1
43 54 2
3 172 1
18 69 1
51 156 2
4 167 1
11 37 2
32 180 2
15 54 2
38 65 2
57 105 1
36 140 1
64 105 2
5 82 1
44 175 2
14 94 1
49 195 1
25 28 2
25 75 2
7 14 2
58 159 2
63 94 2
28 183 1
26 140 1
43 88 1
5 25 2
10 111 1
56 60 2
41 148 1
1 164 1
14 129 1
29 157 1
54 116 2
54 118 1
2 65 2
20 29 2
4 185 1
13 69 1
13 72 1
25 180 1
7 36 2
56 82 1
51 68 1
62 142 2
39 198 1
28 58 2
9 98 1
54 188 1
4 65 2
37 196 1
56 59 2
46 168 1
48 164 1
25 165 2
5 152 2
24 124 1
36 105 1
23 146 2
14 21 2
7 146 1
17 140 1
39 128 2
48 82 2
2 6 2
17 91 1
21 27 2
16 129 1
27 179 1
36 113 2
33 42 2
22 41 2
0 112 2
47 73 1
6 157 1
3 198 1
2 181 1
17 81 1
21 56 2
21 66 1
46 109 1
10 58 2
29 134 1
37 165 2
62 146 1
28 47 2
62 69 2
10 14 2
42 134 2
53 191 2
34 183 1
4 29 2
61 120 1
64 80 2
17 111 2
44 64 2
13 106 1
57 114 2
24 120 1
34 49 2
62 129 1
20 22 2
11 126 2
49 109 1
59 174 1
53 115 1
4 28 2
56 80 2
50 83 1
27 64 2
57 175 1
33 174 1
6 94 1
32 152 2
25 65 2
26 30 2
0 170 1
25 49 2
20 151 1
57 90 1
45 93 1
37 126 1
24 168 1
15 106 2
54 117 2
31 94 1
64 131 1
0 13 2
18 141 1
1 6 2
8 21 2
4 26 2
19 159 1
19 23 2
62 117 1
2 188 1
2 163 2
52 134 2
59 129 1
18 52 2
51 145 2
39 47 2
14 28 2
34 72 2
0 120 1
44 174 1
48 64 2
16 119 2
59 105 2
54 100 1
24 49 2
45 148 1
19 52 2
41 195 2
29 101 1
57 60 2
61 195 2
1 64 2
33 165 2
12 163 1
45 172 1
61 67 2
30 158 2
60 132 1
45 181 1
6 182 1
39 45 2
14 139 1
24 176 1
12 97 1
61 101 1
55 107 1
23 89 1
20 62 1
12 192 2
43 44 1
48 165 2
40 162 2
148 175 2
21 101 2
34 118 2
115 141 2
27 96 1
74 96 2
148 183 1
5 87 1
7 33 1
29 57 1
