% n=170 p=33 d=0.33 p_blue=0.66
% k=0
45 59 2
48 94 2
21 36 2
22 24 2
19 53 2
21 85 2
12 39 2
23 104 2
2 24 2
45 163 2
19 24 2
43 101 1
33 42 2
9 16 2
35 142 2
16 37 2
32 55 2
11 155 1
28 49 2
20 52 2
8 34 2
33 54 2
20 120 2
20 42 2
28 112 1
1 72 1
19 33 2
30 71 1
26 58 2
37 39 2
19 79 1
30 132 2
23 122 1
14 52 2
47 50 2
3 50 2
0 100 1
3 103 2
49 136 2
52 128 2
14 55 2
26 115 2
14 23 2
9 96 2
27 112 2
28 42 2
32 120 1
19 37 2
37 56 2
51 95 1
9 46 2
5 68 1
42 68 2
49 55 2
48 54 2
3 36 2
42 43 2
11 15 2
11 65 2
2 159 1
12 97 1
26 104 2
33 150 2
46 50 2
4 21 2
11 23 2
7 9 2
11 73 1
13 86 1
15 109 1
22 77 2
19 157 2
4 167 2
38 127 1
5 28 2
17 66 2
0 153 1
26 46 2
37 135 2
2 9 2
23 100 1
28 47 2
48 50 2
19 82 1
12 32 2
33 152 2
12 87 2
5 154 1
32 54 2
29 31 2
19 43 2
15 16 2
6 29 2
6 85 2
31 136 2
41 149 2
13 62 2
6 16 2
3 40 2
30 36 2
1 23 2
28 115 2
53 127 1
23 118 2
3 27 2
35 117 2
48 51 2
7 117 2
35 36 2
44 84 2
47 74 2
56 160 2
35 129 2
8 148 2
4 56 2
15 128 2
51 71 2
5 98 2
11 54 2
12 162 1
27 116 2
36 116 1
20 133 2
30 83 1
1 123 2
14 168 2
25 95 1
3 48 2
14 104 2
5 167 1
29 137 2
4 126 2
16 20 2
7 19 2
43 120 2
0 27 2
33 50 2
18 37 2
51 127 2
26 139 2
5 162 1
22 72 1
2 156 2
9 10 2
32 107 2
53 126 1
11 27 2
15 145 1
1 116 2
2 26 2
28 123 2
45 46 2
17 58 2
8 163 2
21 25 2
29 34 2
18 49 2
35 58 1
9 48 2
52 117 2
26 147 2
39 111 2
13 53 2
7 13 2
19 42 2
5 104 2
3 105 2
13 50 2
35 39 2
6 35 2
42 86 2
51 66 2
35 47 2
43 55 2
42 92 2
44 106 2
5 30 2
26 37 2
12 29 2
21 113 2
35 147 2
44 131 1
10 23 2
48 110 1
21 58 2
26 109 1
22 146 1
23 43 2
15 110 2
18 75 2
28 97 2
10 53 2
19 113 2
25 53 2
24 39 2
7 84 1
45 160 2
29 72 2
22 56 2
51 158 2
6 7 2
5 165 1
48 126 2
5 48 2
0 12 2
16 23 2
24 42 2
5 107 2
55 127 1
11 64 2
0 22 2
20 43 2
16 45 2
15 54 2
6 91 2
50 137 2
3 22 2
8 43 2
7 77 1
28 138 1
33 93 1
36 63 1
17 28 2
20 108 2
26 93 1
9 29 2
26 114 1
4 32 2
30 158 1
44 122 2
56 95 2
26 49 2
0 137 2
25 48 2
14 41 2
23 25 2
12 119 1
6 147 2
2 40 2
55 58 2
13 45 2
51 118 1
36 47 2
2 103 2
37 95 2
1 54 2
24 148 1
13 65 2
36 49 2
27 99 2
12 157 1
27 48 2
9 39 2
11 39 2
35 45 2
11 87 2
15 78 2
14 113 1
15 25 2
18 150 2
50 165 1
33 117 2
31 48 2
38 96 1
34 52 2
20 29 2
1 25 2
39 166 2
37 138 2
5 109 1
11 16 2
16 38 2
37 50 2
27 166 2
50 123 2
8 23 2
43 59 2
50 84 1
12 168 2
15 49 2
46 73 2
7 114 2
40 44 2
13 27 2
12 50 2
18 54 2
17 93 1
5 23 2
0 40 2
20 130 1
25 45 2
24 40 2
35 48 2
52 53 2
26 128 2
47 139 2
12 47 2
37 131 2
19 46 2
56 112 2
42 167 2
11 17 2
4 95 2
29 38 2
4 143 2
8 112 1
29 156 2
30 52 2
5 56 2
45 49 2
38 70 1
7 147 1
34 55 2
2 55 2
7 27 2
1 141 2
5 58 1
23 88 2
50 159 2
46 52 2
12 72 2
29 145 1
3 99 1
31 88 2
54 119 2
36 167 2
25 116 1
1 47 2
39 88 2
11 31 2
9 91 1
14 63 2
9 128 2
29 49 2
1 4 2
3 23 2
49 127 1
48 161 2
13 164 1
6 168 2
42 134 2
22 57 2
46 138 2
6 13 2
10 48 2
56 148 2
27 91 2
1 136 1
37 69 1
16 55 2
2 42 2
7 28 2
17 141 1
34 72 1
10 11 2
18 168 2
28 71 1
0 123 2
35 123 2
13 20 2
21 42 2
28 142 1
39 148 1
48 55 2
13 28 2
54 85 2
21 117 1
6 62 1
4 34 2
6 163 2
34 73 2
54 57 1
3 116 2
39 56 2
15 42 2
12 31 2
39 44 2
7 55 2
20 37 2
48 106 1
20 59 2
16 24 2
47 135 2
9 41 2
23 49 2
37 110 2
16 109 2
15 55 2
50 133 2
21 46 2
45 114 2
11 47 2
42 49 2
10 118 2
37 147 1
5 131 2
51 98 1
35 164 2
2 92 2
39 45 2
6 127 1
10 15 2
40 41 2
36 150 2
30 51 2
1 37 2
28 134 2
19 29 2
47 95 1
10 124 1
8 25 2
18 91 1
11 12 2
6 145 2
31 36 2
39 87 1
18 20 2
22 157 2
18 151 2
4 100 2
29 52 2
2 77 2
15 35 2
25 127 2
15 167 2
17 133 2
12 99 2
4 46 2
54 118 2
3 43 2
12 16 2
20 140 2
2 51 2
44 54 2
25 111 1
11 66 2
2 105 2
49 116 2
49 111 2
30 137 2
26 71 2
11 56 2
1 166 2
2 54 2
31 33 2
1 160 1
55 151 2
20 144 2
20 44 2
54 115 1
4 158 1
33 41 2
44 103 1
29 63 2
31 67 1
39 142 2
38 154 2
53 96 2
12 128 2
1 31 2
21 74 2
29 42 2
28 117 1
45 129 2
46 114 2
28 35 2
30 94 2
28 59 1
8 30 2
31 32 2
0 147 2
41 87 1
30 155 2
6 155 2
31 63 1
22 122 2
20 56 2
41 162 2
25 131 1
48 123 2
21 33 2
45 55 2
49 112 1
28 96 1
4 5 2
0 45 2
50 52 2
42 97 2
2 7 2
16 17 2
18 100 2
22 104 2
31 35 2
13 26 2
9 28 2
52 148 2
49 159 2
12 78 2
16 43 2
47 64 1
43 134 1
28 50 2
39 120 2
11 91 2
2 5 2
13 145 2
8 49 2
9 49 2
23 107 1
41 160 2
6 129 2
26 148 2
30 49 2
15 43 2
24 57 2
29 32 2
8 37 2
12 46 2
16 115 2
5 38 2
10 46 2
3 56 2
33 103 2
16 107 2
22 102 1
0 19 2
22 115 1
5 112 2
7 18 2
43 50 2
11 53 2
2 145 2
38 62 1
12 43 2
48 138 2
49 70 2
5 153 2
3 59 2
10 43 2
12 13 2
54 78 2
52 54 2
26 92 2
3 58 2
42 70 1
34 44 2
6 64 2
20 21 2
39 49 2
8 46 2
1 150 2
9 21 2
12 21 2
11 88 2
20 88 2
9 47 2
17 63 2
28 41 2
22 46 2
40 109 2
42 161 2
16 158 1
11 78 2
7 51 2
12 83 1
44 97 2
34 106 2
18 69 2
53 75 2
23 27 2
1 68 1
42 75 2
33 156 2
26 129 2
6 104 2
32 33 2
34 69 2
9 14 2
47 57 2
48 61 1
10 147 2
47 93 1
15 31 2
2 19 2
54 108 2
18 144 2
21 136 2
14 163 2
12 163 2
11 20 2
25 39 2
51 107 1
53 113 2
5 27 2
15 120 2
21 140 1
11 94 2
17 163 1
47 55 2
0 116 2
40 120 1
17 35 2
43 164 2
27 49 2
16 124 2
47 83 1
10 143 2
12 26 2
19 120 2
12 19 2
46 168 2
42 54 2
44 88 2
21 105 2
27 69 2
4 36 2
49 82 2
31 39 2
19 32 2
18 23 2
27 55 2
40 149 2
42 151 1
50 117 2
41 158 1
27 109 2
29 84 2
2 27 2
5 7 2
32 147 2
39 146 2
45 121 2
21 49 2
44 153 2
40 115 2
49 95 2
13 48 2
55 60 1
8 19 2
26 54 2
46 77 1
6 20 2
12 44 2
47 154 2
37 74 2
26 56 2
0 23 2
54 167 2
0 11 2
11 38 2
4 8 2
37 86 2
14 67 1
45 61 1
54 69 1
46 48 2
4 19 2
28 33 2
17 107 2
42 57 2
37 84 2
24 120 1
19 52 2
17 50 2
36 53 2
38 167 2
17 52 2
7 45 2
35 139 1
40 86 2
2 162 2
53 150 2
9 139 1
1 53 2
10 69 2
56 164 2
53 160 2
8 84 1
11 45 2
1 38 2
26 43 2
4 6 2
30 56 2
0 31 2
9 31 2
21 57 2
40 111 2
20 41 2
16 47 2
4 47 2
42 136 1
32 47 2
38 91 1
12 90 2
8 123 2
30 58 1
6 77 1
5 149 2
13 77 1
56 166 2
31 70 2
35 114 2
21 71 2
34 37 2
31 52 2
36 103 2
32 57 2
21 165 2
17 76 2
6 67 2
38 106 2
47 58 1
24 44 2
40 63 2
1 101 1
19 25 2
36 46 2
27 35 2
46 157 2
42 85 2
36 55 2
8 21 2
53 144 2
33 110 1
39 80 2
39 116 1
21 154 2
35 88 1
28 145 2
55 106 2
6 44 2
33 48 2
36 132 2
9 162 2
29 33 2
28 37 2
17 54 2
25 49 2
15 124 1
27 153 1
8 17 2
31 45 2
13 95 1
53 69 2
54 124 1
0 132 2
19 64 2
22 109 2
5 21 2
41 153 2
50 118 2
19 135 1
2 68 2
40 71 2
37 51 2
17 21 2
9 26 2
9 20 2
43 160 2
48 71 2
25 153 2
9 13 2
9 141 2
1 50 2
45 69 2
2 87 2
46 147 2
27 33 2
12 95 1
13 31 2
54 90 2
4 107 1
3 88 1
1 42 2
41 57 2
31 119 1
35 46 2
15 40 2
10 49 2
11 121 2
12 68 2
33 114 1
10 27 2
43 89 1
37 42 2
14 15 2
17 160 1
47 146 2
14 142 2
15 50 2
5 45 2
8 147 1
16 18 2
55 78 2
21 159 2
7 41 2
17 24 2
27 113 1
16 40 2
35 99 1
7 36 2
47 112 2
21 78 1
49 110 2
37 55 2
28 129 2
46 137 2
49 140 2
0 94 1
32 119 2
15 24 2
31 55 2
10 157 2
24 113 2
51 55 2
4 38 2
24 153 2
3 53 2
44 72 1
34 109 1
6 18 2
27 76 2
1 130 2
15 18 2
18 152 2
50 158 1
10 125 2
11 169 2
8 20 2
9 30 2
13 160 2
38 82 2
6 38 2
15 36 2
55 161 2
31 64 2
9 155 2
12 48 2
24 29 2
47 157 2
11 120 2
55 146 2
51 54 2
34 56 2
7 22 2
28 136 2
39 168 1
13 23 2
34 46 2
40 99 2
32 104 2
56 84 2
55 101 1
0 47 2
19 30 2
4 7 2
25 46 2
14 127 1
29 71 2
15 150 2
51 129 1
2 53 2
5 77 1
18 140 1
7 44 2
48 160 2
35 38 2
12 33 2
44 157 2
26 48 2
44 52 2
8 154 1
17 30 2
9 164 2
9 36 2
24 52 2
2 17 2
29 91 1
22 44 2
26 51 2
19 118 2
4 23 2
48 144 2
8 59 2
46 131 2
29 43 2
32 35 2
20 27 2
45 136 1
36 135 1
33 135 2
38 75 2
19 58 2
54 135 1
10 18 2
28 124 2
42 61 2
17 68 2
23 136 2
49 132 2
1 48 2
3 76 2
23 47 2
2 131 2
32 75 2
4 26 2
28 114 2
20 65 2
30 152 2
21 38 2
11 44 2
23 26 2
14 18 2
24 68 2
1 92 2
43 135 1
34 62 2
1 10 2
12 34 2
17 95 2
21 27 2
56 127 2
45 51 2
13 144 2
21 163 2
3 18 2
15 146 2
13 52 2
3 15 2
7 71 1
5 85 2
17 97 1
4 86 1
20 69 1
26 94 2
8 48 2
30 31 2
52 113 2
32 142 2
0 144 1
19 39 2
14 27 2
40 135 2
8 53 2
40 89 2
9 34 2
33 112 2
0 96 2
5 139 2
7 168 1
32 118 2
34 155 2
45 168 2
20 22 2
9 80 2
1 7 2
40 146 1
14 79 1
0 32 2
1 88 2
25 26 2
51 100 2
31 153 1
16 29 2
23 40 2
52 78 2
23 57 2
23 45 2
38 77 2
17 18 2
8 35 2
45 95 1
7 139 2
24 60 1
39 132 2
9 99 1
56 163 1
49 98 2
3 128 2
7 133 2
30 161 2
27 40 2
33 76 1
17 39 2
33 40 2
4 68 2
9 159 2
45 47 2
3 163 2
3 64 2
26 61 2
18 142 2
7 126 2
22 49 2
46 94 2
54 102 1
23 39 2
1 14 2
43 154 1
40 118 2
34 144 2
36 105 2
0 112 1
12 49 2
4 45 2
2 35 2
7 165 2
11 136 2
21 147 2
48 72 1
10 91 2
45 133 1
33 115 2
22 26 2
27 32 2
22 84 2
1 3 2
6 117 1
26 66 2
35 169 1
24 155 2
5 54 2
11 26 2
36 38 2
13 16 2
8 55 2
36 136 2
44 47 2
36 156 2
24 36 2
39 129 2
35 104 2
33 43 2
18 27 2
54 142 2
40 53 2
7 119 1
16 74 2
4 122 2
48 63 2
6 15 2
53 135 1
54 160 2
0 9 2
1 118 1
50 148 2
26 137 1
10 51 2
21 156 1
14 16 2
52 89 2
8 158 2
20 146 2
30 50 2
17 40 2
13 15 2
36 93 2
31 87 2
14 51 2
45 79 2
7 32 2
4 52 2
0 39 2
32 51 2
1 119 1
16 27 2
16 44 2
0 52 2
32 41 2
0 38 2
18 46 2
41 53 2
5 49 2
40 121 2
2 99 2
29 94 2
32 98 2
45 149 2
23 52 2
51 123 2
41 96 1
55 76 2
5 146 1
8 102 2
23 146 2
48 58 2
14 54 2
31 34 2
30 54 2
45 88 2
33 125 2
44 151 1
3 93 2
16 26 2
46 75 2
13 163 2
48 78 2
32 48 2
17 53 2
3 119 2
26 34 2
17 57 1
16 46 2
9 24 2
43 106 2
36 92 2
7 56 2
30 57 2
14 92 2
52 55 2
46 104 2
54 163 2
19 36 2
8 24 2
25 47 2
5 18 2
15 165 2
14 105 1
12 53 2
7 48 2
50 112 1
3 169 1
31 112 2
0 53 2
47 148 2
35 63 1
2 41 2
14 35 2
28 94 2
13 57 1
0 165 2
44 128 2
48 76 2
17 104 1
35 54 2
9 147 1
14 40 2
25 58 1
33 128 1
8 11 2
30 41 2
16 112 1
7 29 2
50 54 2
18 25 2
6 95 1
43 125 2
10 87 1
10 31 2
4 94 2
31 38 2
29 80 1
30 91 2
48 147 2
42 146 2
13 71 2
21 169 2
16 53 2
41 45 2
49 122 2
22 36 2
13 167 2
26 41 2
41 47 2
41 123 2
32 76 1
29 51 2
4 41 2
50 110 2
12 40 2
19 91 2
24 134 2
8 9 2
17 86 2
28 122 2
22 126 2
30 55 2
4 31 2
38 116 2
5 22 2
13 112 2
43 44 2
12 148 2
5 126 1
47 49 2
39 76 2
55 74 2
26 75 1
14 148 2
14 53 2
2 22 2
0 110 2
9 102 2
15 21 2
38 80 2
51 160 2
3 42 2
26 77 1
24 37 2
39 69 2
11 50 2
33 35 2
9 78 2
0 48 2
28 44 2
2 83 2
18 41 2
0 1 2
33 164 2
13 14 2
12 74 2
14 33 2
19 83 2
23 87 2
14 37 2
21 138 1
21 35 2
3 133 2
25 38 2
14 132 2
10 33 2
26 167 1
37 134 2
20 93 2
9 65 2
49 161 2
13 33 2
24 47 2
10 16 2
29 46 2
37 102 1
7 26 2
44 134 1
19 47 2
9 132 2
51 108 2
55 138 2
32 60 2
34 49 2
49 153 1
40 60 2
8 90 1
37 154 2
51 101 1
12 18 2
39 134 2
14 39 2
11 43 2
10 21 2
10 52 2
25 77 1
32 148 2
25 30 2
34 151 1
8 146 2
11 102 2
4 69 1
5 71 1
36 48 2
42 71 1
17 23 2
13 49 2
43 65 2
37 47 2
43 137 2
53 142 1
14 73 2
21 60 2
7 35 2
10 47 2
28 32 2
11 167 2
19 38 2
38 130 2
5 40 2
54 150 1
50 126 2
17 46 2
2 111 1
46 51 2
46 91 2
42 87 2
11 18 2
21 145 1
35 89 2
23 168 2
48 156 2
11 48 2
7 90 2
39 99 1
37 141 1
36 43 2
5 36 2
32 70 2
48 145 2
11 75 2
27 62 2
8 41 2
0 8 2
44 48 2
50 149 2
7 8 2
20 31 2
55 89 1
36 155 2
38 141 1
11 125 1
6 10 2
29 56 2
9 54 2
40 161 2
13 149 1
35 60 1
35 42 2
38 133 1
40 64 2
18 21 2
28 39 2
48 117 2
55 124 2
1 94 2
0 34 2
49 51 2
47 56 2
17 48 2
17 25 2
7 101 2
27 41 2
27 123 2
6 58 1
0 44 2
39 52 2
15 72 2
19 107 2
32 102 2
29 36 2
27 75 2
2 15 2
14 65 2
40 142 2
10 19 2
6 86 2
26 151 2
0 90 1
37 169 2
42 72 2
42 112 2
16 42 2
23 159 2
47 155 2
1 33 2
14 36 2
27 45 2
25 36 2
20 33 2
30 164 2
50 55 2
33 96 2
33 45 2
10 84 2
0 21 2
25 161 1
14 88 1
10 162 2
22 39 2
0 36 2
36 149 2
29 136 2
46 82 2
35 37 2
56 62 2
56 75 2
30 33 2
17 123 2
29 70 2
8 45 2
11 124 2
39 127 2
4 130 2
34 79 2
26 132 2
11 36 2
21 115 2
34 43 2
1 5 2
26 50 2
10 45 2
8 29 2
19 44 2
7 47 2
6 33 2
12 38 2
10 55 2
41 104 2
2 4 2
8 12 2
21 47 2
56 128 2
29 61 2
3 134 2
0 124 2
12 114 2
24 56 2
21 23 2
41 84 2
38 109 2
55 131 2
7 143 2
47 125 2
34 142 2
14 42 2
19 148 2
18 30 2
29 35 2
47 165 2
25 59 2
8 18 2
44 79 2
34 74 1
24 123 1
6 74 2
24 128 2
48 137 2
12 107 2
28 108 1
31 42 2
47 123 2
26 53 2
23 28 2
14 64 2
35 73 2
0 17 2
6 24 2
18 32 2
46 141 2
12 51 2
54 143 2
1 24 2
52 56 2
3 160 2
15 152 2
25 42 2
33 36 2
7 135 2
10 50 2
20 28 2
23 73 2
30 119 2
40 45 2
18 45 2
2 161 1
35 66 1
1 70 1
6 23 2
1 18 2
33 141 2
51 58 1
46 118 1
14 25 2
51 161 1
43 79 1
15 56 2
3 78 2
8 129 1
38 137 1
6 41 2
42 121 2
11 107 2
2 52 2
37 75 2
20 39 2
56 152 2
16 127 2
28 78 2
8 38 2
48 155 1
25 34 2
0 139 2
15 38 2
40 65 1
1 145 2
32 81 2
19 61 2
46 60 2
2 100 2
56 136 2
12 155 2
54 134 1
13 18 2
8 27 2
38 51 2
14 75 2
9 23 2
35 148 1
48 56 2
13 130 1
26 40 2
10 100 2
54 83 2
7 40 2
28 152 2
12 66 1
28 29 2
41 48 2
19 40 2
21 66 2
16 19 2
6 39 2
6 31 2
49 62 2
6 154 2
55 102 2
15 45 2
23 145 2
14 115 2
16 52 2
4 138 2
27 38 2
0 30 2
20 114 2
14 19 2
0 28 2
25 35 2
12 118 1
4 62 1
31 49 2
51 99 1
13 72 1
44 53 2
8 51 2
27 30 2
12 45 2
0 169 1
22 97 2
52 104 1
13 58 2
18 55 2
47 162 2
1 55 2
49 50 2
49 143 2
20 122 1
6 17 2
35 140 2
6 123 2
6 22 2
4 16 2
10 110 2
23 65 2
10 35 2
14 135 2
43 150 2
52 115 2
52 137 2
29 115 1
18 29 2
27 36 2
18 31 2
22 30 2
6 55 2
15 108 2
55 149 1
6 47 2
50 101 2
21 26 2
9 19 2
26 38 2
39 40 2
3 68 2
22 48 2
29 103 2
10 158 2
9 38 2
0 125 2
49 97 1
6 118 2
35 56 2
5 35 2
53 76 2
2 56 2
14 29 2
9 76 2
44 45 2
54 137 1
44 136 1
12 109 2
11 115 1
8 81 2
51 92 2
50 162 2
15 48 2
13 43 2
6 136 2
25 51 2
49 120 2
26 120 2
11 106 2
3 89 2
19 45 2
35 43 2
9 12 2
17 41 2
39 167 2
9 58 2
35 82 1
24 73 2
3 74 1
39 89 2
4 165 2
10 22 2
21 132 2
38 119 2
8 26 2
24 152 2
37 76 1
4 11 2
40 136 2
50 121 2
5 14 2
0 3 2
48 111 2
24 48 2
6 83 2
46 140 1
38 60 2
29 143 2
40 54 2
1 44 2
37 142 2
54 138 2
23 33 2
33 66 1
4 147 2
4 17 2
44 70 2
30 32 2
7 43 2
27 39 2
46 135 1
51 157 2
44 64 2
14 110 2
31 41 2
53 64 2
13 94 1
5 51 2
17 32 2
16 49 2
20 124 2
3 57 2
21 22 2
5 13 2
11 119 2
4 18 2
41 151 1
5 19 2
24 63 2
17 92 1
20 45 2
25 121 2
22 29 2
41 74 1
49 52 2
18 161 1
44 98 2
32 143 1
6 84 2
16 35 2
22 60 2
26 100 2
8 122 1
9 109 1
39 42 2
32 149 2
41 50 2
0 85 2
42 91 2
8 73 1
1 77 2
23 153 1
42 51 2
40 88 1
36 154 1
32 131 1
27 148 2
18 40 2
33 47 2
17 129 2
2 32 2
5 33 2
12 28 2
23 60 1
23 147 2
5 89 1
43 99 2
28 63 2
20 55 2
34 70 1
14 91 1
47 89 1
9 53 2
34 36 2
0 81 1
41 115 1
47 73 1
26 79 1
3 98 2
17 43 2
41 139 1
19 31 2
23 55 2
7 142 2
1 17 2
45 50 2
34 139 2
0 142 2
22 113 1
32 40 2
1 76 1
49 78 2
35 158 1
32 34 2
38 145 2
18 53 2
11 30 2
28 166 1
25 137 2
22 114 2
35 79 1
2 30 2
1 39 2
13 38 2
14 46 2
31 54 2
12 55 2
3 31 2
28 48 2
4 15 2
10 28 2
6 125 1
25 85 2
23 51 2
44 121 2
23 44 2
24 30 2
6 28 2
46 156 1
27 29 2
40 49 2
52 136 2
2 123 2
17 47 2
0 88 2
14 98 2
0 101 1
41 51 2
23 94 2
3 37 2
25 52 2
21 103 2
39 59 2
10 42 2
7 54 2
20 62 2
45 109 2
9 32 2
28 40 2
29 116 1
7 33 2
54 55 2
47 63 1
41 76 2
54 87 2
19 74 2
16 61 2
21 32 2
39 144 2
3 54 2
24 75 2
27 101 2
14 56 2
45 53 2
44 119 2
7 53 2
43 52 2
11 33 2
26 59 1
55 134 2
4 123 2
26 52 2
56 133 2
55 82 2
9 27 2
18 61 1
2 96 1
36 51 2
38 48 2
19 55 2
27 147 2
32 39 2
6 50 2
37 72 2
12 85 2
29 55 2
16 48 2
18 77 1
13 36 2
33 44 2
12 22 2
10 34 2
20 54 2
0 35 2
30 45 2
43 47 2
42 102 2
16 58 2
25 41 2
20 87 2
2 29 2
5 8 2
39 91 2
55 133 2
21 37 2
53 166 2
24 89 1
55 96 2
1 148 2
17 146 1
48 70 1
13 40 2
56 158 1
2 28 2
4 51 2
27 47 2
16 56 2
33 90 2
4 109 2
3 49 2
27 120 2
27 44 2
10 38 2
48 130 2
34 67 1
38 58 1
48 114 2
11 130 2
15 86 2
51 103 2
9 18 2
12 130 1
0 126 2
18 24 2
27 42 2
19 50 2
4 27 2
0 42 2
6 34 2
39 47 2
10 79 2
35 50 2
16 34 2
3 10 2
8 164 2
13 54 2
44 51 2
43 98 2
26 29 2
28 45 2
56 165 2
29 107 2
50 99 2
49 117 2
12 17 2
36 42 2
51 113 2
42 101 1
47 52 2
43 58 2
15 116 2
37 155 2
53 83 1
45 134 1
32 88 2
3 161 1
34 45 2
10 17 2
9 87 2
23 62 2
11 40 2
26 155 2
15 28 2
25 83 2
29 50 2
34 122 1
0 111 1
41 145 2
46 169 2
23 125 1
1 121 1
54 75 1
7 64 1
56 68 1
17 117 1
20 117 2
17 51 2
31 37 2
55 94 1
4 25 2
3 13 2
17 111 2
2 133 2
34 95 2
2 10 2
45 52 2
4 134 1
29 54 2
39 153 2
7 61 1
38 52 2
40 138 1
3 102 2
31 44 2
23 95 1
23 50 2
45 86 2
2 12 2
25 66 2
4 57 2
38 118 1
35 49 2
21 40 2
22 28 2
13 35 2
42 135 2
24 34 2
9 103 2
25 33 2
8 31 2
46 150 2
50 65 1
21 99 2
17 31 2
10 40 2
0 49 2
27 82 2
14 50 2
32 83 1
13 73 2
38 134 1
4 24 2
39 46 2
46 59 2
34 128 2
16 41 2
36 77 2
22 118 2
1 51 2
31 72 2
34 60 2
14 28 2
22 50 2
6 120 2
47 79 2
0 14 2
28 154 2
7 37 2
34 39 2
23 48 2
44 46 2
47 51 2
5 15 2
37 166 2
5 42 2
9 52 2
7 79 2
22 45 2
38 41 2
48 112 1
6 130 2
10 54 2
17 106 1
20 77 2
28 43 2
33 81 2
4 13 2
47 158 2
7 111 2
7 25 2
27 160 1
23 35 2
14 101 2
13 143 2
11 153 2
22 43 2
45 153 2
20 164 2
22 159 1
16 116 1
42 46 2
9 86 2
32 77 2
21 43 2
40 50 2
20 147 2
10 168 1
25 64 2
0 54 2
54 141 2
2 71 1
42 144 2
2 3 2
30 39 2
37 159 2
29 100 2
33 53 2
3 132 2
25 126 2
4 35 2
7 118 1
44 105 2
31 95 2
51 76 2
17 20 2
39 158 2
23 154 1
45 125 2
33 56 2
42 152 2
11 34 2
2 81 2
22 31 2
49 167 2
19 21 2
21 50 2
20 121 1
29 53 2
27 161 2
34 48 2
23 54 2
24 106 1
29 47 2
2 44 2
5 91 2
33 60 2
2 98 1
11 63 1
20 60 2
31 142 1
24 28 2
47 54 2
4 92 2
13 29 2
45 99 1
32 154 1
56 96 2
31 53 2
7 58 2
12 25 2
8 47 2
14 17 2
51 137 2
25 37 2
22 148 2
19 128 2
26 96 1
18 42 2
8 54 2
10 41 2
6 121 2
15 37 2
17 37 2
1 41 2
43 69 1
34 40 2
46 119 1
4 110 2
23 97 2
2 150 2
12 54 2
3 35 2
21 45 2
23 46 2
33 65 1
9 134 1
13 59 2
16 91 2
43 51 2
54 96 1
24 27 2
15 32 2
16 118 2
41 46 2
25 119 2
7 109 2
33 55 2
24 54 2
19 27 2
48 52 2
30 126 2
38 94 1
6 105 2
24 26 2
24 100 2
33 136 2
49 135 2
39 55 2
6 126 1
31 138 2
8 52 2
24 83 1
14 22 2
40 169 1
26 33 2
15 39 2
4 166 2
1 159 2
21 29 2
28 86 2
52 99 2
27 129 2
15 164 2
38 43 2
5 29 2
38 69 2
31 71 2
38 163 1
8 79 1
33 166 2
22 80 2
42 63 1
48 100 2
13 67 1
34 68 1
11 24 2
35 135 2
35 162 2
37 89 1
23 144 2
41 133 2
2 47 2
33 67 2
13 19 2
24 58 2
1 71 2
19 35 2
36 139 1
13 34 2
7 17 2
19 67 2
0 46 2
10 107 1
49 162 1
12 125 2
56 91 2
40 147 1
24 144 2
15 47 2
53 54 2
16 99 2
22 133 1
3 4 2
34 50 2
17 102 2
3 9 2
14 99 2
0 5 2
53 132 2
34 105 1
46 56 2
4 39 2
44 50 2
24 43 2
47 136 2
30 34 2
4 72 2
46 167 1
40 105 2
14 72 2
3 113 2
17 70 2
6 30 2
19 66 2
30 47 2
5 16 2
43 48 2
43 54 2
22 150 2
35 163 1
12 37 2
4 29 2
16 28 2
0 50 2
30 69 2
20 75 1
49 75 1
9 75 2
23 142 1
48 74 2
24 82 1
1 16 2
5 53 2
53 162 2
36 137 1
32 156 1
44 49 2
4 30 2
3 45 2
35 51 2
49 144 2
1 34 2
43 145 2
21 96 2
33 83 2
0 37 2
18 117 2
15 51 2
34 54 2
37 83 2
18 35 2
37 108 1
47 145 2
25 150 1
21 52 2
38 92 2
39 66 2
49 139 1
8 13 2
20 30 2
32 52 2
23 156 2
47 105 2
2 110 2
13 142 1
16 54 2
38 97 2
29 152 1
0 107 2
10 92 1
2 36 2
36 115 1
11 35 2
6 52 2
47 77 2
20 70 2
43 121 1
28 82 2
11 112 2
45 56 2
53 119 2
37 149 2
44 125 2
33 123 1
36 52 2
28 84 1
43 49 2
9 169 1
2 46 2
41 102 2
29 133 2
26 156 2
1 49 2
6 76 2
29 37 2
53 87 2
39 137 2
3 17 2
6 42 2
36 89 2
6 43 2
11 62 2
55 108 2
34 51 2
38 54 2
16 157 1
28 38 2
25 82 1
16 104 2
3 16 2
36 44 2
49 146 1
27 28 2
0 13 2
1 139 2
22 124 1
55 86 2
32 53 2
38 131 1
1 21 2
13 165 2
44 68 2
48 53 2
53 148 2
5 55 2
6 51 2
22 54 2
17 42 2
43 140 2
18 43 2
41 49 2
47 129 2
41 108 2
2 65 1
51 89 2
4 14 2
9 51 2
54 112 1
7 42 2
0 16 2
5 44 2
14 74 2
32 135 1
23 64 1
13 128 2
48 131 1
5 157 1
35 146 2
7 49 2
21 55 2
9 55 2
37 64 1
3 150 2
27 31 2
24 77 2
2 45 2
21 41 2
45 57 1
25 56 2
20 86 2
11 134 2
31 158 2
17 101 1
38 161 2
45 128 2
29 39 2
3 12 2
25 60 2
27 81 2
53 105 2
2 34 2
1 32 2
4 84 2
32 100 1
49 53 2
17 149 2
3 129 2
31 50 2
16 71 2
38 128 1
30 42 2
52 116 2
18 147 1
33 49 2
53 67 1
42 109 2
6 14 2
42 53 2
42 55 2
44 56 2
19 41 2
5 34 2
3 110 1
17 100 1
53 138 1
14 118 1
31 47 2
42 74 1
18 50 2
40 141 2
13 30 2
5 20 2
1 107 1
29 92 2
0 51 2
25 31 2
35 100 1
9 137 2
22 23 2
17 26 2
14 131 2
37 49 2
28 72 1
16 81 1
50 106 2
13 22 2
2 13 2
49 114 2
21 131 1
48 65 1
38 46 2
12 69 1
47 131 2
31 56 2
47 167 2
25 104 2
44 89 2
7 52 2
33 46 2
12 132 2
7 92 1
1 165 2
20 79 1
20 40 2
27 86 1
22 89 2
27 102 1
22 93 1
16 161 1
14 124 2
7 15 2
34 131 2
28 93 2
1 30 2
3 41 2
1 22 2
1 15 2
26 91 2
6 53 2
25 40 2
18 48 2
41 44 2
19 93 1
29 114 1
47 107 2
18 36 2
3 69 2
2 39 2
24 49 2
15 96 2
45 156 2
12 52 2
5 87 1
12 15 2
25 27 2
27 149 2
15 30 2
25 134 1
15 157 2
19 34 2
51 52 2
7 14 2
47 68 1
43 110 1
5 47 2
41 111 2
10 39 2
14 144 2
55 168 2
2 25 2
8 42 2
28 106 2
18 121 1
54 127 2
38 55 2
20 53 2
40 51 2
2 50 2
4 155 1
47 48 2
43 165 2
51 163 1
12 94 2
15 34 2
42 120 2
6 131 1
4 142 2
6 161 2
26 78 2
19 138 1
17 56 2
15 26 2
20 47 2
30 99 2
49 156 1
10 166 2
41 117 2
53 161 1
12 35 2
4 133 2
13 88 2
55 65 1
15 127 2
1 144 1
49 102 2
12 41 2
55 166 2
52 67 1
13 148 1
27 132 1
45 151 2
15 57 1
32 114 2
10 135 2
23 32 2
47 67 1
5 110 2
35 118 1
47 70 2
12 30 2
38 47 2
19 164 2
10 88 2
30 104 1
22 94 2
18 134 2
10 37 2
6 48 2
10 20 2
56 77 1
8 14 2
4 48 2
6 68 2
33 161 2
19 54 2
33 80 1
4 157 2
52 119 2
3 24 2
52 150 2
4 20 2
11 114 2
16 106 2
33 51 2
24 38 2
16 75 2
7 81 2
16 67 2
24 143 2
48 162 1
47 108 2
11 51 2
9 17 2
48 49 2
3 20 2
52 96 1
12 76 1
44 159 2
12 146 1
11 41 2
25 167 2
2 152 2
42 45 2
4 22 2
27 65 1
12 104 2
43 118 2
51 153 2
1 104 1
45 63 2
4 10 2
3 26 2
3 126 2
5 132 2
21 84 1
49 118 2
16 50 2
50 92 2
21 79 1
3 7 2
1 20 2
50 58 1
28 31 2
49 81 2
48 119 2
37 145 2
9 45 2
10 75 2
40 156 1
34 35 2
28 169 2
28 65 1
4 42 2
24 35 2
12 134 1
23 31 2
49 104 1
44 150 2
43 67 1
24 55 2
14 24 2
17 71 1
14 30 2
0 55 2
44 102 2
22 53 2
19 100 2
24 167 2
25 72 2
16 22 2
47 130 2
13 90 2
25 75 1
37 63 2
26 44 2
28 51 2
14 138 2
35 124 2
41 69 2
41 92 1
36 54 2
28 56 2
40 168 2
17 62 2
47 159 2
22 37 2
2 38 2
40 116 2
45 116 1
31 86 2
7 50 2
23 69 2
10 68 2
1 29 2
27 51 2
17 33 2
14 32 2
15 17 2
16 25 2
41 55 2
20 150 1
1 63 2
29 59 1
31 130 1
28 67 2
16 70 2
0 7 2
7 96 1
10 12 2
32 67 2
0 33 2
49 54 2
3 29 2
13 85 1
3 147 1
30 44 2
55 139 1
54 149 1
29 169 1
35 40 2
7 23 2
5 39 2
26 45 2
44 148 2
18 51 2
11 25 2
47 103 2
47 90 2
27 80 2
43 141 1
31 117 2
31 167 2
21 39 2
52 90 1
31 46 2
42 119 1
0 10 2
40 48 2
30 165 2
17 119 1
0 106 2
56 125 2
3 34 2
36 87 2
37 40 2
18 47 2
31 77 2
6 8 2
5 124 2
10 119 1
35 41 2
22 106 1
8 39 2
15 58 1
17 49 2
6 56 2
50 130 2
37 87 2
41 62 2
20 36 2
27 53 2
6 27 2
31 40 2
41 78 1
52 75 1
44 154 2
37 88 2
18 22 2
6 90 2
30 43 2
14 134 1
9 129 1
9 104 2
24 118 1
6 19 2
0 41 2
5 24 2
31 68 2
18 34 2
0 162 1
15 27 2
13 44 2
30 35 2
32 115 1
11 49 2
9 131 2
43 45 2
21 24 2
6 103 1
0 92 2
5 31 2
2 48 2
9 68 1
21 53 2
12 56 2
10 36 2
39 141 2
2 109 2
35 92 2
34 53 2
19 95 2
39 51 2
23 38 2
24 119 2
3 30 2
31 122 2
13 25 2
1 98 2
34 121 1
24 156 2
42 48 2
19 49 2
32 56 2
27 54 2
37 38 2
38 50 2
49 69 2
10 25 2
53 66 1
2 8 2
24 50 2
37 139 1
49 85 1
10 24 2
30 168 2
33 163 1
10 29 2
9 50 2
51 93 2
0 29 2
19 62 2
15 52 2
9 33 2
7 31 2
34 99 2
54 56 2
15 22 2
27 46 2
45 91 2
16 51 2
29 40 2
8 96 1
25 113 2
49 92 2
20 162 1
0 140 2
22 25 2
13 41 2
49 149 1
0 6 2
46 108 2
23 58 2
38 132 2
24 116 2
50 63 2
11 86 1
37 46 2
16 164 2
3 19 2
28 105 2
46 122 1
20 23 2
0 155 2
44 74 2
17 27 2
18 88 2
45 107 1
27 34 2
3 130 2
19 143 2
14 38 2
35 144 1
44 161 1
32 42 2
35 86 2
15 118 2
5 32 2
51 53 2
19 56 2
17 154 1
29 45 2
39 48 2
43 136 2
23 85 2
16 33 2
40 43 2
2 73 2
25 43 2
5 6 2
7 166 1
46 63 2
41 144 2
1 135 1
34 116 2
2 84 2
26 42 2
20 35 2
6 32 2
32 38 2
19 146 1
7 21 2
17 113 1
53 56 2
4 169 1
50 59 2
0 149 2
36 41 2
2 23 2
26 127 2
51 154 1
55 93 2
33 143 2
44 111 2
2 18 2
10 73 2
37 44 2
5 123 2
44 55 2
35 119 2
1 143 2
29 48 2
8 130 1
22 38 2
0 15 2
20 32 2
45 93 1
2 139 2
15 46 2
40 52 2
8 15 2
1 90 1
26 118 1
20 50 2
6 9 2
17 99 2
13 21 2
9 11 2
38 53 2
39 95 1
9 79 2
37 48 2
52 66 2
27 136 1
9 25 2
55 115 2
21 30 2
9 74 1
41 68 2
39 71 1
4 43 2
11 29 2
40 56 2
49 101 1
2 86 2
2 49 2
40 102 2
6 12 2
16 31 2
4 55 2
25 147 2
4 77 1
15 75 2
35 44 2
42 159 2
27 52 2
27 140 2
33 159 2
17 79 1
5 144 2
55 56 2
7 16 2
5 12 2
6 116 2
51 128 2
17 38 2
1 12 2
12 42 2
11 60 1
31 149 1
45 54 2
28 54 2
1 8 2
8 50 2
18 19 2
37 54 2
14 20 2
33 39 2
1 52 2
2 33 2
53 152 1
7 78 1
48 96 2
13 24 2
35 76 2
3 140 1
35 53 2
29 41 2
16 156 2
30 117 2
45 96 1
46 47 2
55 116 1
16 103 1
53 85 2
45 48 2
52 87 2
28 46 2
15 79 1
17 114 2
8 151 1
19 167 2
52 164 1
4 53 2
51 104 1
12 113 1
6 49 2
28 125 2
12 23 2
20 160 1
39 43 2
9 100 2
40 95 2
49 142 2
55 165 1
25 65 2
25 28 2
38 40 2
9 40 2
30 78 2
20 67 1
41 42 2
0 145 2
54 151 2
13 93 1
32 46 2
22 34 2
13 17 2
43 127 2
27 151 1
31 157 2
49 134 2
5 113 2
10 116 2
24 139 2
15 61 2
20 165 1
19 28 2
18 33 2
23 66 2
0 43 2
11 126 2
8 36 2
21 51 2
5 78 1
20 169 2
51 56 2
42 44 2
34 65 1
14 44 2
4 54 2
31 151 2
8 110 1
12 20 2
14 48 2
15 80 2
13 101 2
53 65 2
15 156 2
25 93 2
23 78 2
11 149 2
17 85 2
25 165 2
44 60 2
31 83 2
37 105 1
16 57 2
14 60 2
4 115 2
35 97 2
13 70 2
27 37 2
9 63 2
25 32 2
19 110 2
31 146 2
16 39 2
5 156 2
16 89 2
0 66 2
7 12 2
20 46 2
21 98 2
23 36 2
24 53 2
11 108 2
11 52 2
48 86 1
48 109 1
47 53 2
45 132 2
41 56 2
8 155 1
2 57 1
53 82 2
11 13 2
51 156 2
32 97 1
23 133 2
23 56 2
55 104 2
38 124 2
48 135 2
35 52 2
21 31 2
36 85 2
23 29 2
3 14 2
32 124 1
46 53 2
17 22 2
22 52 2
25 55 2
28 36 2
5 25 2
33 34 2
31 162 1
22 40 2
22 42 2
22 41 2
19 51 2
52 88 2
2 21 2
0 108 2
17 34 2
12 98 2
7 38 2
31 109 2
38 99 2
5 150 2
25 50 2
2 168 1
28 53 2
54 133 2
14 34 2
51 87 1
4 37 2
49 115 1
27 122 2
18 124 2
8 33 2
25 133 1
1 161 2
30 153 2
38 125 1
46 54 2
9 126 1
36 159 1
0 26 2
2 127 1
49 56 2
13 37 2
21 116 1
16 129 2
16 83 2
3 38 2
9 22 2
47 138 2
16 151 1
16 165 2
6 132 2
28 153 2
31 102 1
21 48 2
36 45 2
33 38 2
21 44 2
18 28 2
18 103 1
11 42 2
10 131 2
37 43 2
23 99 1
9 123 1
10 44 2
30 37 2
50 53 2
44 107 1
43 133 2
8 106 2
0 20 2
37 80 1
49 58 2
35 67 1
26 47 2
21 93 2
3 39 2
43 108 1
6 89 1
14 49 2
31 76 2
13 46 2
5 116 1
14 150 2
1 73 2
0 75 1
55 135 2
22 160 2
22 128 2
7 88 2
24 32 2
11 19 2
13 109 1
38 49 2
20 151 1
29 164 2
20 161 2
19 149 2
52 62 1
8 91 2
40 47 2
23 24 2
38 44 2
55 85 2
32 44 2
0 2 2
7 153 1
9 66 1
0 56 2
50 150 2
46 72 2
38 61 2
37 41 2
15 125 1
49 157 2
3 11 2
48 59 2
17 136 2
0 24 2
46 149 2
24 97 2
2 6 2
55 126 2
3 51 2
10 56 2
14 162 2
9 15 2
38 88 2
15 98 1
5 37 2
35 115 1
50 51 2
22 153 1
29 135 2
15 41 2
42 50 2
21 34 2
28 163 1
14 83 1
24 33 2
19 48 2
26 90 2
14 140 2
13 140 1
14 45 2
56 102 2
3 143 1
15 138 1
32 111 2
23 37 2
56 132 2
42 139 2
2 143 2
9 113 2
43 46 2
25 107 2
30 89 2
5 41 2
50 115 2
24 31 2
53 88 1
24 115 2
3 21 2
10 67 2
10 103 2
47 85 2
22 55 2
5 17 2
40 150 1
30 84 2
15 144 2
23 42 2
29 30 2
11 22 2
38 151 2
7 34 2
6 36 2
15 154 2
18 70 2
14 87 1
36 65 2
6 54 2
21 123 1
5 138 1
21 28 2
10 14 2
18 56 2
5 111 2
4 12 2
24 84 1
9 56 2
6 119 2
2 16 2
10 142 1
34 42 2
5 52 2
4 120 2
49 79 1
11 84 1
43 74 2
26 154 2
54 113 1
1 40 2
27 111 2
23 30 2
7 100 1
17 87 1
1 46 2
28 30 2
43 114 2
40 46 2
45 112 1
19 137 2
7 10 2
10 26 2
46 49 2
23 34 2
46 166 1
30 105 2
11 32 2
35 106 2
25 105 2
50 56 2
27 152 2
19 125 1
44 124 2
25 145 2
9 42 2
22 51 2
52 83 1
20 112 1
41 103 2
30 53 2
17 75 1
54 164 2
19 22 2
3 167 2
34 38 2
21 56 2
35 57 2
11 21 2
1 35 2
23 131 2
44 163 1
32 49 2
32 163 2
7 11 2
29 159 2
43 112 2
52 60 2
44 83 2
40 167 1
23 162 2
29 111 2
40 42 2
6 26 2
7 46 2
51 162 1
12 14 2
28 55 2
42 67 2
39 140 1
6 46 2
15 153 2
33 52 2
38 39 2
42 128 2
52 84 2
55 162 2
29 128 2
0 25 2
11 55 2
29 90 2
15 20 2
39 113 2
17 151 2
47 117 2
0 18 2
44 100 1
12 24 2
3 81 2
18 127 1
36 37 2
19 77 2
5 82 1
31 79 1
11 59 2
30 82 2
14 43 2
48 105 1
11 46 2
3 131 1
34 47 2
9 43 2
38 138 1
2 11 2
31 161 2
26 35 2
18 116 2
16 30 2
18 38 2
20 38 2
3 6 2
32 50 2
17 44 2
53 136 1
10 136 2
44 169 2
1 6 2
31 104 2
54 59 1
27 107 2
26 30 2
41 52 2
33 145 2
26 31 2
20 24 2
7 93 2
41 146 1
35 113 1
21 168 1
47 152 2
33 82 2
36 56 2
11 14 2
26 143 1
6 37 2
19 26 2
17 36 2
8 56 2
36 39 2
42 124 1
1 93 1
1 112 1
14 31 2
17 131 1
19 162 2
34 41 2
38 42 2
15 29 2
27 43 2
50 166 2
50 77 1
17 55 2
34 146 1
8 145 2
39 110 2
15 148 2
8 22 2
17 29 2
24 112 2
54 154 1
4 28 2
56 78 2
13 42 2
3 52 2
42 115 2
1 27 2
5 62 1
24 117 2
13 79 2
28 146 1
31 51 2
42 158 2
39 41 2
39 83 1
14 167 1
18 52 2
49 72 1
2 14 2
4 83 2
4 40 2
3 47 2
14 70 1
30 80 1
46 57 1
8 10 2
45 83 1
41 125 2
20 126 2
14 145 1
5 11 2
51 151 1
2 61 2
5 119 2
49 63 2
11 104 1
33 89 1
27 85 2
32 167 2
11 37 2
13 63 1
2 37 2
10 156 1
3 117 2
28 60 2
22 101 2
1 89 2
42 157 2
15 23 2
39 81 2
2 31 2
5 161 2
22 47 2
39 165 2
6 40 2
11 143 2
38 45 2
29 44 2
38 150 1
1 36 2
8 92 2
23 53 2
16 114 1
56 153 1
53 112 2
11 118 2
22 129 2
37 45 2
1 2 2
10 138 2
1 28 2
8 32 2
0 58 2
26 28 2
24 92 2
31 118 2
43 155 2
3 33 2
8 113 1
43 128 1
16 82 2
8 16 2
33 37 2
12 144 1
13 118 2
28 113 2
21 90 1
2 63 1
25 44 2
39 65 2
3 8 2
18 110 2
11 145 2
22 164 2
3 44 2
1 19 2
16 32 2
39 163 2
5 10 2
25 54 2
19 75 2
20 34 2
46 55 2
47 133 2
32 165 1
3 111 2
10 13 2
6 140 2
11 28 2
3 5 2
37 53 2
27 68 2
20 68 2
18 122 2
2 163 2
5 90 1
22 33 2
18 135 2
7 24 2
4 49 2
41 60 2
42 56 2
42 94 2
52 107 1
7 163 2
5 46 2
22 78 2
3 25 2
27 126 2
45 143 2
30 48 2
35 55 2
53 153 2
25 101 1
44 99 2
32 37 2
50 160 2
0 4 2
1 26 2
8 40 2
43 77 2
6 21 2
3 32 2
27 56 2
25 29 2
3 28 2
6 162 2
46 162 2
55 71 1
13 116 2
9 44 2
47 76 1
6 158 2
9 105 2
36 40 2
6 45 2
47 60 2
47 134 2
55 92 2
36 50 2
1 13 2
47 65 2
7 39 2
28 157 1
51 115 2
43 53 2
41 121 1
9 69 2
20 49 2
8 83 1
24 46 2
2 20 2
32 82 1
16 21 2
37 151 2
26 32 2
1 45 2
23 41 2
17 82 1
54 166 2
33 122 1
24 25 2
22 117 2
30 46 2
12 80 2
36 70 2
4 44 2
4 9 2
15 53 2
28 66 2
46 70 2
2 43 2
17 45 2
10 32 2
37 90 1
11 116 2
4 33 2
39 50 2
53 55 2
42 52 2
38 56 2
35 98 1
15 33 2
22 32 2
15 19 2
22 95 2
13 56 2
5 93 2
6 113 1
31 156 2
8 105 1
24 51 2
11 133 2
35 154 1
41 43 2
40 55 2
18 68 2
5 84 1
37 125 2
8 44 2
41 129 1
42 145 2
14 47 2
13 55 2
13 39 2
36 101 2
32 45 2
34 166 1
1 64 2
26 62 1
23 157 2
50 93 1
3 55 2
34 77 2
29 58 1
6 11 2
32 43 2
56 138 2
3 165 2
16 36 2
6 25 2
15 121 2
27 50 2
41 65 2
3 46 2
17 19 2
36 168 2
43 146 2
12 36 2
25 164 1
39 53 1
5 26 1
56 155 1
49 160 2
32 72 1
55 68 1
44 160 2
32 94 2
7 30 1
31 84 1
19 23 1
31 43 1
4 50 1
43 149 1
12 127 2
47 100 2
9 37 1
28 52 1
21 54 1
15 104 2
48 142 1
18 84 2
18 26 1
29 68 1
71 112 1
22 27 1
56 86 2
8 104 2
20 25 1
86 142 1
13 51 1
32 36 1
2 94 1
34 100 1
32 92 2
17 94 2
13 155 1
8 28 1
51 119 1
36 68 1
5 94 1
32 84 1
22 35 1
7 112 1
2 160 2
20 48 1
1 9 1
33 59 1
18 104 1
9 72 1
5 43 1
17 59 1
26 160 2
42 104 2
12 27 1
4 119 1
14 26 1
7 20 1
35 68 2
43 94 1
104 142 2
26 55 1
23 155 1
95 119 2
19 20 1
