% n=60 p=33 d=0.66 p_blue=0.33
% k=0
0 2 2
14 41 1
3 17 2
13 52 1
6 16 2
2 16 2
4 28 1
5 38 1
12 32 1
9 18 2
12 51 1
0 17 2
7 29 1
0 35 2
1 45 1
4 19 2
3 8 2
5 17 2
10 27 1
11 22 2
13 57 2
5 27 1
5 37 2
19 39 1
1 50 1
19 38 1
3 4 2
5 39 1
1 49 1
0 5 2
7 17 2
9 29 1
10 51 1
3 12 2
8 41 1
18 29 1
11 15 2
9 39 2
4 55 1
3 36 1
14 30 2
13 15 2
3 14 2
6 12 2
18 20 1
11 18 2
0 1 2
4 13 2
9 38 2
9 59 1
12 41 1
15 35 1
6 59 2
14 43 1
8 30 1
0 3 2
17 24 2
10 42 2
11 41 1
15 38 1
10 54 2
11 54 2
12 54 2
5 34 1
12 59 2
1 29 2
1 46 2
6 42 1
6 49 1
9 49 1
17 58 2
4 26 1
4 59 2
0 51 1
15 30 2
8 50 1
0 43 1
9 25 2
9 11 2
18 25 2
11 23 2
1 22 1
15 59 1
17 19 2
17 36 2
1 11 2
11 24 1
14 56 2
18 21 1
8 15 2
11 51 2
5 49 1
7 49 1
0 38 2
8 14 2
6 11 2
11 32 2
16 42 1
2 28 1
14 59 2
15 28 2
0 6 2
19 37 2
16 52 1
12 53 1
6 14 2
6 17 2
12 48 2
5 19 2
14 17 2
15 26 1
2 31 1
15 50 2
13 58 1
11 28 1
2 14 2
12 44 1
11 56 2
9 45 1
2 4 2
10 15 2
2 38 2
13 46 1
7 41 2
14 16 2
9 26 1
9 15 2
6 15 2
4 38 2
0 37 1
11 30 1
4 18 2
2 51 1
6 35 1
10 23 1
0 32 1
10 13 2
0 11 2
10 47 1
9 27 1
6 26 1
17 50 1
1 30 1
13 41 2
19 48 1
4 14 2
3 6 2
6 23 1
15 48 1
7 14 2
1 18 2
4 29 1
3 41 1
5 8 2
3 33 1
6 25 1
11 59 2
3 48 2
0 26 2
17 45 2
16 20 1
2 46 1
1 38 2
12 25 1
14 26 1
2 11 2
9 19 2
6 43 1
1 51 1
6 51 2
10 30 1
4 34 1
18 37 1
15 31 1
13 18 2
8 31 2
9 52 1
8 13 2
13 40 1
2 20 1
16 26 1
11 31 2
7 16 2
7 23 1
14 22 2
7 54 2
3 10 2
12 49 1
1 17 2
17 47 1
18 35 2
18 51 1
0 8 2
8 24 2
13 33 2
5 16 2
19 24 1
15 16 2
7 39 1
5 6 2
7 15 2
17 20 2
14 42 2
8 55 1
15 18 2
2 52 2
18 38 1
3 47 1
3 51 1
19 29 1
14 19 2
4 15 2
5 28 1
1 2 2
13 53 1
4 58 2
1 42 2
2 37 1
0 44 2
0 56 1
3 43 1
7 19 2
3 9 2
0 27 2
8 22 2
15 52 1
12 56 2
11 13 2
15 58 2
16 38 1
4 49 1
17 39 1
1 56 1
18 40 2
10 31 1
12 19 2
9 32 1
5 36 1
3 38 2
8 26 2
5 32 2
1 7 2
6 36 2
3 39 1
14 58 2
0 55 2
19 55 2
8 27 1
16 57 2
15 45 1
16 34 1
3 32 1
4 53 1
10 46 2
3 44 1
4 56 1
16 24 2
19 47 1
17 18 2
5 42 2
5 23 1
4 12 2
15 36 2
2 50 2
0 30 2
2 17 2
14 52 1
14 37 1
12 22 1
17 37 1
7 37 1
13 17 2
19 46 1
4 33 1
7 25 1
16 27 2
11 17 2
3 21 2
5 45 1
0 20 2
0 45 1
12 37 1
7 51 1
10 20 1
16 17 2
8 51 1
15 47 2
9 36 2
6 48 1
13 19 2
12 24 2
2 29 1
13 56 1
7 34 1
8 49 1
4 11 2
17 55 1
9 48 1
3 16 2
5 11 2
9 34 1
12 28 1
3 28 2
2 13 2
2 18 2
1 9 2
2 36 2
8 40 1
1 44 2
10 18 2
14 31 2
7 44 1
5 7 2
8 19 2
16 21 1
0 4 2
19 21 1
13 45 1
14 25 2
2 9 2
9 12 2
5 33 1
18 41 1
4 7 2
3 27 2
17 33 1
18 54 2
6 45 2
3 30 1
14 45 2
8 53 1
17 57 2
0 54 1
5 13 2
0 46 1
10 19 2
7 18 2
16 49 2
8 20 1
13 31 2
8 9 2
1 12 2
1 23 1
0 22 1
5 9 2
3 40 1
5 44 1
8 38 2
2 12 2
10 48 1
18 46 1
10 17 2
5 14 2
9 50 2
17 23 1
9 41 2
3 42 1
5 53 1
7 48 2
5 55 2
8 56 2
15 55 1
17 51 1
1 10 2
9 53 1
3 13 2
13 16 2
6 38 2
18 55 1
16 37 2
6 19 2
8 47 2
16 50 2
7 40 1
10 56 1
1 43 2
6 7 2
11 16 2
11 52 2
0 57 1
6 29 1
5 47 2
2 55 1
4 25 1
10 12 2
14 47 2
13 55 1
17 48 1
8 35 1
0 16 2
8 58 1
16 58 1
5 18 2
18 32 1
2 19 2
19 58 2
13 20 1
11 36 2
0 7 2
15 44 1
18 48 1
6 10 2
15 53 2
12 16 2
15 22 2
16 35 1
15 20 1
13 39 1
7 53 1
9 28 2
5 10 2
3 20 1
4 46 1
2 26 1
0 18 2
18 56 1
7 11 2
13 26 2
11 33 1
5 52 1
13 27 2
9 42 2
11 44 1
5 20 2
10 33 1
1 33 1
16 31 1
4 37 1
13 42 2
3 29 2
2 40 2
1 48 2
7 58 1
8 17 2
6 50 2
12 14 2
10 26 1
5 51 1
2 3 2
4 6 2
4 54 1
6 20 2
9 57 1
4 51 1
9 20 1
5 48 1
17 40 1
0 21 1
10 59 1
11 19 2
1 24 1
7 35 1
4 9 2
17 22 1
8 54 1
17 53 1
10 24 1
8 48 2
19 40 1
4 42 1
13 22 1
19 26 2
16 39 1
19 35 1
1 5 2
14 57 1
7 52 1
5 58 1
13 23 1
2 45 1
5 41 2
2 23 2
12 23 2
1 19 2
6 58 1
14 36 1
3 23 2
9 43 1
5 56 1
15 39 1
7 21 1
7 32 1
12 13 2
10 52 1
17 54 1
3 50 1
5 24 1
8 59 1
16 32 1
12 18 2
8 23 2
16 43 2
4 16 2
4 44 2
11 12 2
3 7 2
16 45 1
2 8 2
18 45 1
3 56 2
16 23 1
7 13 2
14 51 2
7 28 1
4 30 2
0 36 2
6 13 2
14 48 2
17 38 1
15 17 2
2 6 2
9 10 2
19 30 1
13 14 2
11 35 1
18 19 2
1 6 2
2 27 2
1 47 1
3 57 1
3 53 1
10 57 1
11 29 1
2 34 1
5 15 2
3 18 2
2 7 2
6 30 1
7 55 1
5 54 2
1 13 2
8 36 2
4 5 2
0 59 2
2 33 1
10 41 1
6 28 1
7 43 1
6 54 1
7 12 2
10 32 2
18 26 1
5 40 1
3 52 1
1 32 1
12 55 1
6 9 2
0 14 2
2 56 1
12 38 1
0 9 2
11 42 2
1 8 2
16 44 2
14 21 1
17 27 1
7 31 1
0 15 2
0 31 1
13 38 1
13 44 1
9 51 1
14 27 2
8 11 2
12 29 1
17 46 2
2 35 1
1 4 2
7 36 2
19 27 2
9 31 1
5 35 2
13 48 1
14 50 1
19 53 1
9 46 2
2 24 2
2 43 1
3 15 2
5 26 1
7 46 1
14 53 2
3 5 2
16 19 2
1 3 2
17 42 1
12 42 1
18 53 1
15 33 1
18 59 1
8 34 1
15 21 1
6 55 2
2 22 1
1 25 2
5 12 2
15 37 1
12 36 1
4 8 2
2 10 2
14 18 2
14 32 2
13 34 1
16 33 1
4 50 1
16 18 2
8 57 1
13 59 1
6 32 2
5 22 1
4 45 2
11 49 2
12 17 2
17 30 1
8 46 1
17 49 2
0 12 2
10 45 2
7 9 2
2 47 1
19 31 1
10 16 2
7 8 2
17 43 2
13 37 1
6 8 2
14 23 2
1 14 2
0 41 2
1 26 2
10 58 2
1 15 2
2 54 2
4 17 2
10 14 2
12 47 2
2 15 2
10 53 2
6 44 2
6 18 2
16 25 2
14 39 1
7 45 2
1 34 1
15 46 1
12 15 2
2 5 2
1 39 2
1 57 1
8 29 2
16 51 1
18 34 1
4 10 2
3 49 2
11 45 1
9 54 1
17 56 1
17 26 2
9 35 1
4 27 1
18 43 1
7 10 2
10 29 1
8 10 2
2 41 2
16 48 1
18 50 2
1 37 1
9 14 2
19 54 2
12 57 2
9 17 2
18 27 2
0 19 2
3 11 2
5 25 1
15 29 1
0 10 2
19 57 2
4 21 1
14 20 1
8 52 1
15 54 2
10 11 2
8 12 2
9 16 2
3 37 1
13 50 1
13 49 2
8 32 1
6 41 1
0 39 1
13 30 1
0 13 2
7 56 2
0 47 2
6 27 1
3 19 2
17 59 1
13 25 2
15 51 1
7 38 2
15 19 2
13 54 1
15 27 2
19 32 2
16 22 1
12 26 2
18 44 2
14 38 1
16 47 1
8 33 2
8 18 2
11 14 2
11 34 2
16 29 2
9 13 1
1 16 1
0 52 2
7 22 2
