% n=50 p=33 d=0.33 p_blue=0.66
% k=0
0 20 2
6 13 2
0 1 2
7 14 2
13 45 2
3 24 1
12 45 1
11 16 2
3 43 1
2 19 2
9 12 2
4 42 2
3 9 2
3 38 2
0 40 2
0 16 2
8 11 2
5 31 2
12 13 2
13 43 2
3 22 2
7 13 2
7 10 2
14 25 2
6 31 2
9 29 2
4 11 2
5 17 1
13 30 2
6 7 2
6 9 2
2 35 2
6 16 2
0 28 1
8 34 1
8 16 2
7 16 2
14 46 2
13 49 2
0 9 2
9 31 1
12 15 2
0 23 2
2 38 1
10 11 2
14 16 2
10 41 2
3 16 2
8 10 2
0 7 2
0 29 2
7 45 1
6 29 1
8 36 2
16 48 1
10 28 2
12 49 2
1 9 2
15 21 1
6 12 2
10 14 2
9 35 2
2 8 2
8 49 2
5 38 2
10 47 2
1 20 2
5 15 2
8 14 2
9 15 2
4 34 2
14 19 2
16 36 2
12 29 2
9 47 2
1 7 2
12 19 1
9 14 2
8 28 1
6 22 2
7 8 2
16 42 2
15 48 1
6 30 2
8 44 1
16 27 2
5 28 2
7 11 2
16 37 2
15 25 2
1 13 2
5 48 2
2 3 2
3 6 2
1 4 2
1 3 2
3 27 2
8 27 2
12 41 1
14 37 2
5 36 1
13 38 2
1 10 2
11 13 2
0 34 1
1 37 2
0 27 2
0 10 2
12 32 2
6 11 2
13 15 2
2 33 1
4 22 1
3 29 2
12 34 2
7 31 2
2 27 2
4 8 2
6 44 1
5 12 2
13 24 2
8 39 2
1 33 2
3 48 1
6 49 2
13 40 1
3 44 2
12 14 2
14 43 1
4 13 2
8 22 1
10 31 2
5 43 2
4 40 2
2 49 1
4 48 2
9 28 1
13 21 2
9 13 2
1 11 2
6 42 2
6 15 2
7 29 2
7 35 2
4 23 2
1 5 2
2 9 2
5 7 2
8 19 1
1 8 2
13 41 2
9 26 1
5 8 2
3 15 2
13 32 1
8 13 2
14 30 1
15 36 1
2 16 2
1 6 2
9 11 2
7 26 2
3 12 2
8 9 2
1 26 1
8 33 1
15 40 1
0 6 2
4 49 2
6 33 2
11 44 2
11 14 2
6 39 2
0 43 2
7 49 2
5 13 2
3 10 2
10 44 1
16 23 2
16 33 2
1 28 2
1 45 2
13 14 2
3 8 2
4 47 2
4 6 2
1 31 2
13 33 1
11 21 2
0 21 2
2 25 1
7 34 1
15 39 1
7 38 2
4 5 2
0 3 2
14 18 2
10 40 1
1 15 2
6 14 2
2 11 2
3 4 2
2 5 2
11 26 2
4 41 2
10 13 2
14 15 2
5 45 1
7 12 2
11 35 2
9 40 1
3 31 1
16 28 2
9 19 2
6 34 2
11 19 1
1 16 2
0 5 2
15 46 2
2 7 2
2 22 1
3 7 2
6 10 2
1 19 2
9 32 1
16 29 2
0 15 2
14 35 1
2 28 2
0 41 2
4 9 2
10 21 2
9 43 2
12 16 2
0 17 1
0 2 1
13 47 1
0 42 1
5 18 1
3 11 1
3 14 1
4 14 1
5 6 1
2 47 2
4 16 1
8 15 1
3 5 1
4 19 1
11 24 2
0 47 1
15 16 1
3 13 1
14 47 1
5 11 1
3 19 1
0 13 1
2 14 1
5 9 1
8 12 1
19 24 2
8 20 1
5 14 1
12 20 1
1 47 1
2 20 2
4 12 1
11 20 1
1 18 1
9 20 1
6 20 2
10 12 1
7 15 2
0 18 2
6 8 1
7 24 1
0 12 1
11 47 1
2 13 2
2 6 1
5 10 1
6 24 2
2 15 1
8 24 2
20 24 1
15 42 2
2 12 1
4 15 1
14 24 2
16 20 2
13 19 2
15 24 2
8 42 1
