% n=80 p=60 d=0.66 p_blue=0.33
% k=0
32 55 2
22 43 2
12 78 2
11 23 2
17 30 2
4 17 2
11 15 2
22 42 2
16 63 1
10 43 2
13 14 2
25 56 1
46 52 2
18 77 1
12 34 2
19 26 2
38 75 2
27 35 2
22 55 2
3 10 2
45 60 1
15 64 2
16 28 2
1 14 2
31 60 2
3 23 2
32 45 2
17 56 1
1 7 2
16 38 2
42 47 2
28 32 2
28 41 2
11 63 1
7 46 2
47 51 2
12 56 2
10 13 2
16 44 2
0 59 1
9 34 2
14 58 1
7 32 2
27 72 2
4 37 2
41 53 1
9 22 2
16 66 2
5 45 2
29 59 1
21 42 2
13 67 1
9 21 2
26 47 2
18 67 1
28 72 1
16 17 2
42 60 2
5 76 1
15 38 2
24 60 1
13 62 1
43 60 2
10 39 2
9 62 1
30 74 1
4 27 2
9 33 2
25 73 1
3 62 2
41 74 1
7 17 2
39 72 1
1 44 2
9 36 2
1 75 1
17 27 2
31 58 1
39 78 1
20 50 1
2 59 1
25 30 2
46 53 2
0 27 2
5 10 2
18 70 1
0 51 2
18 72 1
42 72 2
29 71 2
1 5 2
15 55 1
28 31 2
43 67 1
3 44 2
9 10 2
30 47 2
9 12 2
13 29 2
32 53 1
8 32 2
9 28 2
23 28 2
38 73 1
14 15 2
35 36 2
25 61 2
0 44 2
40 78 2
3 15 2
0 22 2
4 52 1
17 44 2
19 45 2
8 49 1
27 78 1
27 66 1
44 53 2
46 65 1
21 32 2
2 20 2
2 6 2
30 42 2
17 33 2
41 48 2
1 37 2
13 51 1
47 75 2
8 44 2
15 35 2
34 46 2
1 34 2
42 73 2
35 64 1
45 58 1
12 68 1
39 75 2
30 48 1
2 45 2
0 47 2
38 45 2
17 23 2
29 41 2
32 38 2
15 34 2
4 33 2
30 56 1
21 64 1
25 51 2
32 54 2
27 75 1
26 69 1
14 78 1
47 77 2
8 20 2
15 49 1
34 37 2
24 63 1
35 43 2
32 66 1
7 29 2
7 69 2
23 55 2
43 61 2
26 59 1
2 62 1
5 28 2
46 71 1
13 47 2
23 60 2
30 53 1
14 24 2
8 48 1
28 77 1
12 60 2
8 33 2
36 43 2
40 56 1
19 41 2
22 37 2
21 33 2
19 65 1
5 54 2
12 23 2
23 24 2
19 60 1
36 45 2
12 31 2
27 51 1
8 65 2
27 76 1
1 58 1
20 74 2
33 39 2
13 40 2
29 72 1
36 76 2
3 51 1
13 37 2
8 37 2
4 45 2
6 30 2
34 35 2
32 43 2
22 41 2
14 65 1
14 29 2
13 25 2
3 76 1
11 26 2
44 64 2
30 55 2
5 29 2
10 41 2
13 33 2
11 59 1
13 24 2
16 68 1
39 67 2
17 49 1
4 25 2
47 56 1
41 49 1
47 78 2
26 33 2
5 13 2
20 28 2
42 43 2
17 63 1
9 18 2
24 55 1
22 71 1
12 20 2
11 22 2
1 41 2
15 24 2
39 73 2
0 29 2
1 15 2
8 14 2
22 29 2
0 30 2
10 64 2
25 43 2
0 15 2
3 73 2
11 36 2
8 62 1
11 20 2
15 26 2
11 16 2
3 31 2
27 48 2
13 16 2
24 28 2
6 38 2
20 36 2
44 45 2
7 47 2
26 45 2
25 59 1
7 16 2
34 44 2
24 52 1
13 28 2
3 72 1
44 49 1
40 41 2
1 33 2
32 76 1
11 13 2
41 44 2
33 45 2
3 29 2
29 47 2
22 40 2
7 73 1
13 36 2
24 46 2
3 55 1
0 34 2
18 21 2
47 72 1
46 55 1
7 42 2
14 17 2
26 74 2
32 44 2
12 37 2
10 28 2
35 67 2
8 52 1
1 28 2
20 37 2
18 35 2
13 26 2
24 51 1
5 72 2
12 44 2
7 23 2
31 41 2
35 58 1
17 54 2
22 63 1
21 31 2
20 27 2
36 74 1
42 61 2
21 24 2
14 45 2
4 48 1
7 66 1
18 31 2
8 69 1
37 58 2
8 9 2
10 54 1
30 71 1
12 64 1
25 78 2
8 15 2
38 55 1
23 54 1
1 17 2
47 63 1
14 73 1
2 69 1
16 34 2
27 29 2
46 57 1
15 33 2
13 38 2
13 32 2
45 46 2
17 19 2
4 47 2
5 27 2
23 38 2
2 43 2
13 75 2
36 63 2
33 68 2
24 64 1
34 77 1
21 41 2
13 68 2
19 46 2
38 66 1
13 43 2
39 61 1
17 36 2
14 20 2
34 48 1
11 61 1
20 52 1
36 38 2
40 45 2
37 77 1
23 40 2
23 63 1
35 59 1
22 69 1
22 54 2
11 41 2
24 44 2
0 13 2
31 62 1
3 20 2
0 43 2
25 44 2
7 40 2
11 30 2
17 42 2
23 50 1
43 59 2
38 43 2
44 66 2
17 22 2
16 50 1
22 51 1
46 74 1
6 31 2
39 40 2
3 68 1
40 58 1
8 73 1
26 56 2
23 34 2
28 33 2
37 44 2
28 40 2
23 46 2
23 58 1
29 68 2
2 4 2
33 49 2
32 52 1
32 41 2
22 38 2
25 69 1
26 78 1
15 47 2
18 79 1
0 17 2
30 76 2
30 32 2
20 25 2
18 29 2
17 29 2
1 10 2
8 26 2
41 66 1
39 56 1
7 79 1
37 40 2
19 33 2
1 36 2
15 30 2
16 32 2
19 34 2
39 79 1
13 64 1
10 16 2
4 70 1
2 38 2
4 22 2
11 46 2
37 54 2
23 41 2
26 29 2
10 45 2
37 66 2
13 57 1
7 37 2
8 12 2
4 40 2
47 58 1
6 15 2
24 33 2
0 46 2
19 71 1
22 65 1
40 77 1
44 70 1
18 37 2
47 61 2
8 29 2
19 56 1
1 6 2
17 72 2
2 34 2
35 46 2
39 57 2
21 37 2
12 29 2
37 64 1
0 69 2
29 65 1
44 62 1
33 65 1
7 56 1
29 35 2
33 69 1
0 23 2
44 59 1
43 48 1
35 44 2
6 22 2
35 68 2
21 57 1
15 50 2
15 45 2
37 67 1
9 38 2
0 24 2
6 68 1
9 31 2
7 11 2
3 67 2
8 11 2
47 69 1
24 27 2
6 61 1
13 41 2
23 31 2
34 38 2
15 23 2
24 38 2
22 28 2
25 36 2
17 74 2
3 78 2
16 78 1
17 32 2
3 58 1
6 63 1
3 27 2
22 67 1
11 62 1
6 18 2
11 79 1
32 70 1
42 55 1
6 75 1
1 3 2
14 71 1
26 77 1
32 47 2
2 76 1
19 67 1
34 41 2
25 63 1
17 62 1
12 74 1
4 61 1
3 40 2
14 35 2
34 57 1
43 57 1
1 16 2
21 48 1
18 44 2
37 47 2
0 6 2
3 4 2
34 72 2
4 39 2
6 64 2
17 28 2
36 66 2
11 71 1
12 24 2
8 42 2
35 42 2
18 34 2
26 42 2
33 61 1
42 64 1
36 78 1
10 53 2
12 49 1
13 15 2
21 54 1
27 45 2
4 75 1
17 38 2
20 26 2
4 14 2
23 62 2
7 8 2
0 7 2
35 66 1
6 48 1
37 70 2
11 12 2
41 63 2
44 46 2
1 21 2
1 68 1
25 34 2
0 8 2
22 50 1
3 46 2
0 49 1
18 54 2
4 41 2
41 79 2
8 28 2
8 31 2
13 79 1
25 71 2
46 79 1
2 7 2
30 63 1
22 61 2
1 27 2
1 32 2
20 30 2
9 13 2
17 20 2
43 77 1
11 37 2
6 8 2
31 39 2
28 42 2
38 65 2
32 40 2
5 39 2
0 61 1
18 75 1
26 76 1
47 74 1
38 77 1
11 39 2
15 48 1
1 76 2
38 60 1
3 56 2
5 46 2
21 27 2
3 66 1
0 18 2
19 58 2
12 57 1
14 27 2
16 24 2
16 69 1
12 76 2
22 56 1
24 29 2
8 57 1
40 43 2
35 37 2
26 66 2
1 19 2
10 69 1
14 40 2
18 19 2
41 68 2
40 57 2
35 60 1
7 20 2
27 57 1
23 70 1
25 50 2
18 45 2
26 43 2
27 40 2
2 71 2
20 71 1
27 54 1
16 54 1
36 46 2
15 19 2
21 43 2
29 36 2
8 61 1
25 47 2
29 79 2
24 50 2
33 73 1
17 26 2
13 73 1
5 51 1
33 54 1
31 65 1
43 49 1
4 69 1
14 68 1
5 62 2
35 52 1
29 40 2
6 60 1
17 35 2
15 18 2
12 19 2
19 59 2
30 43 2
33 43 2
15 73 1
31 37 2
16 70 2
25 39 2
17 67 2
0 38 2
26 35 2
12 41 2
7 26 2
6 16 2
24 41 2
30 59 2
4 15 2
16 27 2
6 44 2
1 72 2
32 69 2
6 70 1
15 75 2
19 35 2
2 36 2
12 25 2
17 41 2
5 14 2
15 32 2
1 54 2
10 38 2
3 50 1
7 15 2
38 54 1
20 68 1
25 55 1
27 32 2
42 50 1
15 63 1
5 30 2
24 34 2
31 51 1
15 46 2
1 61 1
36 49 1
22 79 1
22 52 2
9 45 2
39 69 1
7 18 2
33 62 1
3 57 1
18 78 1
20 72 1
11 17 2
28 45 2
15 53 2
37 59 2
25 60 1
8 27 2
18 30 2
41 45 2
9 54 2
13 72 1
44 50 2
11 51 1
26 44 2
0 76 1
40 55 2
43 72 1
7 19 2
10 21 2
8 59 2
23 26 2
43 69 1
0 5 2
7 76 1
32 62 1
26 70 1
23 52 2
19 77 1
32 48 2
13 50 1
34 55 1
13 66 2
5 58 1
7 27 2
20 22 2
12 14 2
37 61 1
18 47 2
8 79 1
14 51 1
4 78 1
40 67 1
25 28 2
22 76 2
33 60 2
1 42 2
34 68 2
10 61 1
2 65 2
2 5 2
27 74 1
13 17 2
5 22 2
29 33 2
6 11 2
12 40 2
18 43 2
9 59 1
31 53 2
13 31 2
11 14 2
23 32 2
2 53 1
2 17 2
24 40 2
43 51 1
0 66 1
30 46 2
0 1 2
39 52 1
18 59 2
15 36 2
16 53 1
17 66 1
1 63 2
27 47 2
2 31 2
35 39 2
9 39 2
6 39 2
23 25 2
4 19 2
3 12 2
6 57 1
10 19 2
23 39 2
2 33 2
8 45 2
9 16 2
19 75 1
47 62 2
18 38 2
5 53 2
28 61 2
3 6 2
8 54 1
42 69 1
29 75 1
6 19 2
26 60 1
6 46 2
31 38 2
18 68 2
1 38 2
4 30 2
15 28 2
4 34 2
23 71 1
44 54 1
4 38 2
32 79 2
9 76 1
30 64 1
14 72 1
20 24 2
27 61 2
2 26 2
29 69 1
4 58 1
40 52 1
3 34 2
19 66 2
7 30 2
36 67 2
18 39 2
16 55 1
10 67 1
34 54 1
2 14 2
18 36 2
14 32 2
8 46 2
47 67 1
35 40 2
6 73 1
11 42 2
42 56 1
9 43 2
26 37 2
21 38 2
12 48 2
2 63 1
9 26 2
0 79 2
8 76 1
8 74 2
19 64 2
16 74 1
9 20 2
7 77 1
15 66 1
22 23 2
2 39 2
15 43 2
18 56 1
0 4 2
27 55 2
42 77 2
19 61 1
10 51 2
32 71 1
12 43 2
44 77 2
47 59 1
2 8 2
9 24 2
20 54 1
23 42 2
33 77 1
31 79 1
6 24 2
5 12 2
5 16 2
7 9 2
42 78 1
41 52 2
9 55 2
39 49 1
5 37 2
19 47 2
27 31 2
28 46 2
47 76 1
15 59 1
14 47 2
19 62 1
11 43 2
6 43 2
11 68 1
10 48 2
18 23 2
12 30 2
23 48 2
12 79 2
4 9 2
7 50 1
28 76 1
16 52 1
33 34 2
3 42 2
18 32 2
27 41 2
31 54 1
37 45 2
5 44 2
1 51 1
10 31 2
0 32 2
34 51 1
7 60 2
36 47 2
44 71 1
3 17 2
3 11 2
38 62 1
42 48 2
0 26 2
6 37 2
7 22 2
46 47 2
41 43 2
27 38 2
11 18 2
4 68 2
5 63 1
24 78 1
23 73 1
32 72 2
45 74 1
6 53 2
47 68 1
31 42 2
26 55 1
36 70 1
2 25 2
25 65 1
26 54 1
11 58 2
0 9 2
27 79 2
29 43 2
17 78 1
19 40 2
22 77 2
20 29 2
10 32 2
11 28 2
35 79 1
5 52 1
29 45 2
34 69 2
26 58 2
12 16 2
13 58 2
7 12 2
5 7 2
1 13 2
8 47 2
1 20 2
2 40 2
24 45 2
18 25 2
28 49 1
33 47 2
13 70 1
19 37 2
4 66 2
28 38 2
5 47 2
16 26 2
22 26 2
34 47 2
16 20 2
34 66 1
39 54 1
7 24 2
42 59 1
35 76 1
41 58 2
46 63 1
10 35 2
17 76 1
17 34 2
43 79 2
44 72 1
13 59 2
8 53 1
13 30 2
0 2 2
46 70 1
10 44 2
25 40 2
40 50 1
11 31 2
31 32 2
37 56 1
0 14 2
3 16 2
5 26 2
44 55 1
3 5 2
33 79 1
18 22 2
22 73 1
7 59 2
12 28 2
28 65 2
37 46 2
26 62 1
2 12 2
13 20 2
20 32 2
1 24 2
35 45 2
8 34 2
20 55 1
30 72 1
14 48 2
12 72 1
18 58 2
27 60 1
26 31 2
31 40 2
25 37 2
24 30 2
25 75 1
43 65 2
7 21 2
21 76 1
25 35 2
38 61 2
5 33 2
1 52 1
33 78 2
7 65 2
43 71 1
29 42 2
28 35 2
0 63 1
5 36 2
39 45 2
7 63 1
2 10 2
8 58 1
45 76 1
40 49 1
9 65 1
2 30 2
0 20 2
24 65 2
10 72 1
32 51 1
37 51 1
9 60 2
6 20 2
35 78 2
29 30 2
4 24 2
36 54 2
9 44 2
15 42 2
13 48 1
32 35 2
31 34 2
27 33 2
0 33 2
25 79 2
1 30 2
0 25 2
24 47 2
12 21 2
35 69 1
22 46 2
8 24 2
16 25 2
12 70 1
30 68 1
15 31 2
3 71 2
25 57 1
15 22 2
37 48 2
40 46 2
32 57 1
4 16 2
26 39 2
13 71 2
14 19 2
15 20 2
10 29 2
47 60 2
23 35 2
4 50 2
4 29 2
16 73 2
5 11 2
34 63 2
16 58 1
0 39 2
9 68 1
15 74 1
18 71 2
2 28 2
19 76 1
16 60 1
17 25 2
17 31 2
1 26 2
2 61 2
18 27 2
42 44 2
7 44 2
31 47 2
10 30 2
0 31 2
41 64 1
10 26 2
32 34 2
3 36 2
13 61 2
28 30 2
0 12 2
12 26 2
30 51 2
20 58 2
6 9 2
19 29 2
3 48 2
1 31 2
17 65 1
23 74 1
2 42 2
16 41 2
25 26 2
30 67 1
42 51 1
11 56 1
47 66 1
17 47 2
4 43 2
7 36 2
1 59 2
30 37 2
9 23 2
36 44 2
8 25 2
7 33 2
20 76 1
7 25 2
1 25 2
33 51 2
6 17 2
21 60 2
5 56 1
22 39 2
2 50 1
44 69 2
23 37 2
10 52 1
10 24 2
20 62 1
21 46 2
21 53 1
38 69 1
25 33 2
0 57 1
18 41 2
3 35 2
8 38 2
3 32 2
8 60 1
47 54 2
12 15 2
21 77 2
27 34 2
28 68 2
7 74 2
9 70 1
30 31 2
37 79 2
17 40 2
40 66 1
20 38 2
28 50 1
18 62 1
27 44 2
14 39 2
2 79 2
7 67 1
25 29 2
35 41 2
18 76 2
11 52 2
16 45 2
10 18 2
14 43 2
36 75 1
22 74 2
29 52 2
12 22 2
3 63 1
3 54 1
31 66 1
14 49 1
35 53 2
24 32 2
22 68 1
21 39 2
16 18 2
13 34 2
16 77 2
26 38 2
26 63 1
3 18 2
8 19 2
10 40 2
12 36 2
31 68 1
28 47 2
29 37 2
23 59 1
6 13 2
39 50 2
30 36 2
6 59 2
9 37 2
19 70 1
0 21 2
11 35 2
33 40 2
13 19 2
28 52 1
26 52 2
12 45 2
46 78 1
4 21 2
8 22 2
40 79 2
43 73 1
4 8 2
2 15 2
21 51 1
6 71 1
15 76 1
37 78 1
17 21 2
17 24 2
25 49 1
17 75 1
29 34 2
12 47 2
22 44 2
5 42 2
9 52 2
31 35 2
27 42 2
21 40 2
19 23 2
9 11 2
42 75 1
41 60 1
16 23 2
16 40 2
17 43 2
32 58 2
13 27 2
22 32 2
8 23 2
3 21 2
35 65 1
36 53 1
36 39 2
4 46 2
9 75 1
47 71 1
38 64 2
4 36 2
2 13 2
23 33 2
3 47 2
28 43 2
39 46 2
15 51 1
12 69 1
12 13 2
22 31 2
27 62 2
42 67 1
33 72 2
8 43 2
12 17 2
5 61 1
1 55 1
1 47 2
27 68 1
16 49 1
27 28 2
0 70 1
9 67 1
38 40 2
22 59 1
33 41 2
45 77 1
21 68 1
24 25 2
12 71 1
14 30 2
16 65 1
10 37 2
29 38 2
33 36 2
37 63 1
18 26 2
47 73 2
4 54 1
29 32 2
7 35 2
11 29 2
30 35 2
5 38 2
1 45 2
38 58 2
6 7 2
18 49 1
25 31 2
17 52 1
30 44 2
15 27 2
10 47 2
12 33 2
17 53 2
23 69 1
0 35 2
14 46 2
6 47 2
2 55 2
23 49 1
12 42 2
11 45 2
28 54 1
44 79 1
6 27 2
19 36 2
17 39 2
37 73 1
36 71 1
6 35 2
21 70 1
10 58 2
5 24 2
14 26 2
0 19 2
13 65 1
27 36 2
46 68 1
6 56 2
20 63 1
11 77 1
45 75 2
10 23 2
12 52 1
7 57 1
7 53 2
18 63 2
4 7 2
19 49 1
6 36 2
33 46 2
40 64 1
37 62 1
0 73 1
30 57 1
8 36 2
5 17 2
30 33 2
22 72 2
5 59 1
32 46 2
37 69 2
8 71 1
28 29 2
33 35 2
19 25 2
7 54 2
46 61 1
37 76 1
2 23 2
12 77 2
44 73 1
9 14 2
0 28 2
25 77 1
21 23 2
42 71 2
19 73 2
6 28 2
25 74 2
12 46 2
34 73 2
44 47 2
34 74 1
8 40 2
22 53 1
7 31 2
34 43 2
39 47 2
46 75 1
20 48 1
10 11 2
22 30 2
1 39 2
7 78 1
21 28 2
28 75 1
13 39 2
2 29 2
33 44 2
4 31 2
0 56 2
4 77 2
21 47 2
2 9 2
31 45 2
35 38 2
40 42 2
10 74 2
1 66 1
20 59 2
28 66 1
5 40 2
14 38 2
21 45 2
39 42 2
39 44 2
27 50 1
14 42 2
11 73 1
24 26 2
41 73 1
3 49 1
45 55 1
31 46 2
2 67 1
32 60 1
15 71 1
42 46 2
47 79 1
0 40 2
9 74 2
1 78 2
29 46 2
1 77 1
35 70 1
5 6 2
23 72 1
24 31 2
26 40 2
24 39 2
0 11 2
34 64 1
39 71 1
7 43 2
5 75 2
17 69 1
14 69 1
9 41 2
10 15 2
22 62 2
24 43 2
1 65 1
37 41 2
4 42 2
0 64 2
4 5 2
2 24 2
25 32 2
26 41 2
10 78 2
13 21 2
37 57 1
14 34 2
4 18 2
23 67 1
6 51 2
28 39 2
34 59 1
19 27 2
4 76 1
1 40 2
4 11 2
11 24 2
37 43 2
46 58 1
18 20 2
5 32 2
0 37 2
20 75 1
8 13 2
45 79 1
8 39 2
26 30 2
0 48 1
12 35 2
9 49 1
43 44 2
29 62 1
9 56 1
32 68 2
8 18 2
10 77 1
30 34 2
16 31 2
1 22 2
26 49 1
14 22 2
25 45 2
14 56 2
41 47 2
11 21 2
16 43 2
46 51 1
46 76 2
36 48 2
8 66 1
12 18 2
40 68 1
3 13 2
27 46 2
5 77 1
11 19 2
40 44 2
41 77 1
17 71 2
2 44 2
19 68 1
19 31 2
0 72 1
12 32 2
27 52 1
36 37 2
4 73 2
17 61 2
44 58 1
24 42 2
16 57 1
12 62 1
6 54 1
15 37 2
20 31 2
46 54 1
11 57 1
1 70 1
24 66 1
6 21 2
39 43 2
19 39 2
23 57 1
9 64 1
9 79 1
14 41 2
7 10 2
12 38 2
20 34 2
0 54 1
36 73 1
14 60 1
37 68 1
14 44 2
32 50 1
30 45 2
39 55 2
38 41 2
5 23 2
46 60 1
20 43 2
37 52 1
5 15 2
9 27 2
13 22 2
3 25 2
6 62 1
7 52 2
13 44 2
9 32 2
19 79 1
0 65 2
4 12 2
14 23 2
40 75 1
15 16 2
2 27 2
15 52 2
41 46 2
7 45 2
5 20 2
20 46 2
10 14 2
37 72 2
36 41 2
11 34 2
43 46 2
11 32 2
19 52 2
43 50 1
19 20 2
12 55 1
26 61 1
34 67 1
36 42 2
45 48 1
12 66 2
47 57 1
34 36 2
1 46 2
21 22 2
24 77 1
20 40 2
31 74 1
3 33 2
24 36 2
27 67 2
12 75 1
5 60 1
39 41 2
10 46 2
16 46 2
45 66 2
24 37 2
31 43 2
29 39 2
1 43 2
16 30 2
19 42 2
16 19 2
2 58 2
2 16 2
21 30 2
11 72 1
15 67 1
6 55 2
14 18 2
11 44 2
46 50 1
22 47 2
0 36 2
18 33 2
20 39 2
9 78 1
44 48 1
44 67 1
20 67 1
6 26 2
6 72 1
21 26 2
31 76 2
25 38 2
3 37 2
19 22 2
42 66 2
33 71 1
19 30 2
42 62 1
8 35 2
34 58 1
19 72 1
14 79 1
22 33 2
42 65 1
13 42 2
43 47 2
2 37 2
28 55 1
18 28 2
6 42 2
18 60 1
28 36 2
23 65 1
37 39 2
17 79 1
26 67 1
25 68 1
38 52 2
4 49 2
11 25 2
3 38 2
1 9 2
6 32 2
1 62 1
14 31 2
28 37 2
25 46 2
15 60 1
34 70 1
4 72 1
4 23 2
21 74 1
19 38 2
16 35 2
45 51 1
9 17 2
5 41 2
28 67 1
18 46 2
21 75 1
16 76 2
3 24 2
28 57 2
8 41 2
15 44 2
28 48 1
35 72 2
25 53 2
5 31 2
36 60 2
16 71 1
7 41 2
9 50 1
31 36 2
10 42 2
27 39 2
31 50 1
33 59 1
9 25 2
32 39 2
41 70 2
35 73 1
4 6 2
16 42 2
31 69 1
20 42 2
6 34 2
27 30 2
40 47 2
19 32 2
33 37 2
24 56 1
28 74 1
7 13 2
19 63 1
19 24 2
14 76 1
15 68 1
38 48 1
29 73 1
6 14 2
16 37 2
6 45 2
26 36 2
19 21 2
9 30 2
39 58 1
5 21 2
33 38 2
0 45 2
30 41 2
14 50 1
13 18 2
29 58 2
40 70 2
24 69 1
13 45 2
21 69 1
40 69 1
3 41 2
22 27 2
11 38 2
23 47 2
37 53 2
14 37 2
6 58 1
4 55 1
42 53 2
43 55 2
21 63 1
33 52 1
29 50 2
10 75 1
9 15 2
4 53 2
3 77 1
8 16 2
8 21 2
16 21 2
17 45 2
41 72 2
35 75 2
13 35 2
10 33 2
1 23 2
15 54 1
4 13 2
9 35 2
14 25 2
4 59 1
45 59 2
24 70 1
3 19 2
10 34 2
32 36 2
21 72 1
5 25 2
20 47 2
1 2 2
6 40 2
42 76 1
4 28 2
10 22 2
26 27 2
9 47 2
22 75 1
43 76 1
23 64 1
41 78 2
6 25 2
8 72 1
2 35 2
25 27 2
3 39 2
28 56 1
30 62 2
3 53 2
6 41 2
21 36 2
26 64 1
23 79 1
10 57 2
5 43 2
20 45 2
0 3 2
15 72 1
3 9 2
16 56 1
25 58 1
16 36 2
9 61 2
1 60 1
29 31 2
7 38 2
31 67 1
41 59 2
42 45 2
28 73 1
11 27 2
11 54 1
1 53 2
38 44 2
8 10 2
22 36 2
45 56 1
20 57 2
46 67 2
30 40 2
20 35 2
1 8 2
14 33 2
46 69 2
35 55 1
1 48 2
1 4 2
5 35 2
34 39 2
1 29 2
26 46 2
40 76 1
5 71 1
22 48 1
38 46 2
1 57 1
12 65 2
47 70 2
0 53 2
8 67 2
43 70 2
20 23 2
7 58 1
23 27 2
17 37 2
37 55 2
40 59 1
26 32 2
8 50 2
38 47 2
4 63 2
31 44 2
23 36 2
4 20 2
9 40 2
2 32 2
11 33 2
30 54 2
2 54 1
10 36 2
10 56 2
24 71 2
30 73 1
23 56 1
1 11 2
33 75 1
22 66 1
5 19 2
12 51 1
25 41 2
42 63 1
9 42 2
15 39 2
19 44 2
32 42 2
20 21 2
4 32 2
44 52 2
5 34 2
12 39 2
21 50 1
15 25 2
38 39 2
45 52 1
13 76 1
10 20 2
2 77 1
2 19 2
1 35 2
46 48 2
29 57 1
38 53 1
20 33 2
23 77 1
21 29 2
17 70 2
26 65 1
25 67 2
24 58 2
4 74 2
28 44 2
25 42 2
12 67 1
32 37 2
3 14 2
11 69 1
14 53 2
2 41 2
18 50 2
16 39 2
45 61 1
4 26 2
16 22 2
11 47 2
38 42 2
8 55 1
45 47 2
33 56 1
25 62 1
10 17 2
14 67 1
34 79 1
15 29 2
20 41 2
17 46 2
22 45 2
24 73 1
0 42 2
15 70 2
22 35 2
10 12 2
2 21 2
40 65 1
2 75 2
9 46 2
20 44 2
29 74 2
8 17 2
35 77 1
7 28 2
2 68 2
14 28 2
4 71 2
27 37 2
30 70 1
9 48 1
33 42 2
31 73 1
5 18 2
16 29 2
6 10 2
18 42 2
16 47 2
23 45 2
0 52 1
19 78 1
3 43 2
35 56 2
0 67 2
29 44 2
18 51 2
14 36 2
21 34 2
33 58 1
15 41 2
6 77 1
30 77 1
7 39 2
24 48 1
23 68 2
24 54 1
22 70 1
11 40 2
2 47 2
14 77 1
6 79 1
26 34 2
33 50 1
43 74 1
6 23 2
5 9 2
14 75 1
0 41 2
45 49 2
9 29 2
20 66 1
6 52 1
14 21 2
1 18 2
43 54 1
15 40 2
35 47 2
36 56 1
9 19 2
2 18 2
24 59 2
37 38 2
7 14 2
43 45 2
31 33 2
2 11 2
18 40 2
32 33 2
13 53 2
0 16 2
3 75 1
2 22 2
22 34 2
41 42 2
4 10 2
18 24 2
21 44 2
3 26 2
7 34 2
34 50 1
23 44 2
14 16 2
32 65 2
3 7 2
15 21 2
5 57 1
31 72 2
23 43 2
22 24 2
3 30 2
46 73 1
28 58 1
40 74 1
24 35 2
28 34 2
46 64 1
36 61 1
39 68 1
6 29 2
31 59 1
3 22 2
8 68 2
13 46 2
26 28 2
26 79 2
4 44 2
14 62 1
13 78 1
36 40 2
19 43 2
6 12 2
34 62 1
34 45 2
31 52 1
0 10 2
27 53 1
39 59 1
14 74 1
19 28 2
15 17 2
5 8 2
36 77 1
10 62 1
30 39 2
10 25 2
37 42 2
34 61 2
22 25 2
15 78 1
2 60 2
21 67 2
28 51 1
1 12 2
21 25 2
38 59 1
3 8 2
8 30 2
2 46 2
20 53 1
3 28 2
46 59 2
27 43 2
0 68 1
14 55 1
38 49 1
29 60 1
13 23 1
23 29 1
43 53 2
34 40 1
29 64 2
16 33 1
23 30 1
12 27 1
30 38 1
5 64 1
10 27 1
