% n=120 p=60 d=0.66 p_blue=0.33
% k=0
3 24 2
5 101 2
52 117 1
16 62 2
0 69 2
30 90 1
5 103 2
53 75 1
21 99 1
68 96 1
11 51 2
27 62 2
53 104 2
17 23 2
7 17 2
18 34 2
4 49 2
30 102 2
18 25 2
54 118 2
31 40 2
24 61 2
7 57 2
67 90 1
46 68 2
48 51 2
71 104 1
48 102 2
47 104 2
69 119 1
0 2 2
27 49 2
27 61 2
12 74 1
35 106 1
2 79 1
69 87 1
26 51 2
19 30 2
6 38 2
68 75 2
6 113 1
19 89 2
1 89 2
51 71 2
40 68 2
67 95 1
12 92 1
68 98 1
49 63 2
7 24 2
6 59 2
8 101 2
29 111 1
45 49 2
15 35 2
13 113 1
53 87 2
26 97 1
24 115 1
42 44 2
10 88 1
26 102 1
45 87 1
34 46 2
42 70 2
61 94 1
24 57 2
48 68 2
9 57 2
27 90 2
33 82 1
61 114 1
36 94 1
1 58 2
9 95 2
48 75 1
8 105 1
26 95 1
45 93 1
15 24 2
70 71 2
31 38 2
11 45 2
14 102 2
47 97 1
20 61 2
38 76 2
9 48 2
46 54 2
71 86 2
0 52 2
29 50 2
25 95 1
25 43 2
68 78 2
9 104 2
12 100 1
2 61 2
7 95 1
21 35 2
28 95 1
2 18 2
28 105 1
5 47 2
26 75 1
70 106 1
27 33 2
42 62 2
11 95 1
63 99 1
69 91 1
28 109 1
13 62 2
4 21 2
34 67 2
45 47 2
1 44 2
3 114 2
9 50 2
69 105 1
29 34 2
8 14 2
16 48 2
1 50 2
20 63 2
52 111 2
4 15 2
53 71 2
21 63 2
56 71 2
50 73 2
28 31 2
3 80 1
57 93 1
67 87 2
16 27 2
50 85 2
18 33 2
43 48 2
13 99 1
46 58 2
15 57 2
22 82 1
38 49 2
5 37 2
41 110 1
25 118 2
55 94 1
19 58 2
7 31 2
32 116 1
25 111 1
25 59 2
4 91 2
25 28 2
36 101 2
53 76 1
44 104 2
12 55 2
3 41 2
9 103 1
15 31 2
50 52 2
21 95 2
47 69 2
14 70 2
6 22 2
53 85 1
41 100 2
11 70 2
30 53 2
59 115 1
9 28 2
48 92 1
16 68 2
60 62 2
16 65 2
21 34 2
22 72 1
3 60 2
20 76 1
0 68 2
11 14 2
14 34 2
69 70 2
57 58 2
38 54 2
0 70 2
47 87 1
27 107 2
19 42 2
24 27 2
19 60 2
30 77 1
0 43 2
10 69 2
5 42 2
56 97 1
14 15 2
37 41 2
34 61 2
45 57 2
27 37 2
7 42 2
26 76 1
9 11 2
41 60 2
22 115 1
43 46 2
2 8 2
62 119 1
4 79 2
24 45 2
13 26 2
6 7 2
17 100 1
17 63 2
62 99 1
3 29 2
24 109 1
55 60 2
4 66 2
67 69 2
5 71 2
15 82 1
15 89 1
70 87 2
17 27 2
25 57 2
12 75 2
38 81 1
34 112 2
12 36 2
4 63 2
20 82 2
36 60 2
3 85 1
36 38 2
22 33 2
3 38 2
5 70 2
26 58 2
11 108 1
13 46 2
39 76 1
13 43 2
13 101 2
13 107 1
11 62 2
71 74 2
26 94 1
53 103 1
37 68 2
20 77 1
21 54 2
12 49 2
2 35 2
9 56 2
1 28 2
9 101 1
51 115 1
26 87 2
26 70 2
42 47 2
16 40 2
36 93 1
0 1 2
13 74 1
49 69 2
5 91 1
31 83 1
37 43 2
53 59 2
28 76 1
58 86 2
3 25 2
43 53 2
27 42 2
14 77 1
52 53 2
14 35 2
16 55 2
51 95 1
48 107 1
60 118 1
57 79 1
10 23 2
41 114 1
19 85 1
5 28 2
15 62 2
1 38 2
9 27 2
42 76 1
6 33 2
53 62 2
70 95 2
18 44 2
9 36 2
14 23 2
9 10 2
28 52 2
28 30 2
8 96 1
22 88 2
11 58 2
41 83 1
10 84 2
5 63 2
44 114 1
30 71 2
5 75 1
13 22 2
6 48 2
3 21 2
13 65 2
14 108 1
33 48 2
9 114 1
37 42 2
71 76 1
26 83 1
42 43 2
45 109 2
44 78 2
53 95 2
16 29 2
41 47 2
40 50 2
53 91 1
37 57 2
67 75 1
32 106 2
33 61 2
12 107 1
6 80 1
41 69 2
46 88 1
60 87 2
37 65 2
18 30 2
9 37 2
2 7 2
15 63 2
11 76 1
8 18 2
9 26 2
40 80 1
7 52 2
30 43 2
36 88 1
39 49 2
13 92 1
23 75 1
21 106 1
0 94 1
16 58 2
22 114 1
38 72 1
37 48 2
65 68 2
46 108 1
20 114 1
31 65 2
26 69 2
11 69 2
37 38 2
44 76 2
19 81 1
11 65 2
51 60 2
6 13 2
18 57 2
20 55 2
33 35 2
15 37 2
29 64 2
70 77 2
37 61 2
58 107 1
9 51 2
1 86 1
19 20 2
53 81 1
28 118 2
31 49 2
58 66 2
26 112 2
34 55 2
41 103 2
69 89 2
35 42 2
31 62 2
38 66 2
66 116 2
26 40 2
15 85 1
10 89 1
38 52 2
6 68 2
67 85 2
39 56 2
6 67 2
65 80 1
71 82 2
0 60 2
57 100 2
11 21 2
38 89 1
4 41 2
41 67 2
10 67 2
55 64 2
69 75 2
68 69 2
27 43 2
23 36 2
44 49 2
26 44 2
68 99 2
30 61 2
24 107 2
39 40 2
2 65 2
13 78 1
65 76 1
11 75 1
48 77 1
0 58 2
48 114 1
54 109 1
3 63 2
44 62 2
27 40 2
36 109 1
17 20 2
9 25 2
12 48 2
11 22 2
61 88 2
18 93 1
32 118 1
35 84 1
19 112 2
59 65 2
1 6 2
33 46 2
43 116 1
8 57 2
12 35 2
20 110 2
20 60 2
39 93 1
52 86 1
53 74 1
11 52 2
24 99 1
16 46 2
10 108 1
45 78 2
5 48 2
32 44 2
0 28 2
10 28 2
20 89 1
20 54 2
56 69 2
65 108 1
11 85 1
23 46 2
26 53 2
41 117 1
29 101 1
30 68 2
25 82 2
47 89 1
12 47 2
15 50 2
28 40 2
48 116 2
2 47 2
24 33 2
18 21 2
53 90 1
55 58 2
1 61 2
18 80 1
5 41 2
26 66 2
33 49 2
66 79 1
7 92 1
22 56 2
39 67 2
56 58 2
27 59 2
0 87 2
9 83 1
71 116 1
20 101 1
35 70 2
34 68 2
31 57 2
3 42 2
11 97 1
13 19 2
22 74 1
30 36 2
34 82 2
36 108 2
37 70 2
43 91 2
38 95 1
43 72 1
42 82 2
17 93 2
21 83 1
26 33 2
20 71 2
54 63 2
14 19 2
8 68 2
21 22 2
64 101 1
57 105 2
12 106 2
23 49 2
56 75 2
30 69 2
8 23 2
29 42 2
22 39 2
7 12 2
1 119 1
24 104 1
7 78 1
71 100 1
12 28 2
7 18 2
12 60 2
10 87 1
9 70 2
5 27 2
64 75 1
43 59 2
47 54 2
1 37 2
41 73 1
33 50 2
20 38 2
3 19 2
28 115 2
22 73 2
30 42 2
26 103 1
25 44 2
19 71 2
4 54 2
64 109 2
20 51 2
67 106 2
56 57 2
8 92 1
38 113 1
11 50 2
28 46 2
34 103 2
9 41 2
15 32 2
19 55 2
16 38 2
19 95 2
20 90 1
7 33 2
2 68 2
3 12 2
15 114 1
5 89 2
29 55 2
26 50 2
34 39 2
30 57 2
20 49 2
7 88 2
11 88 2
38 53 2
54 97 1
9 21 2
20 111 2
46 75 1
46 83 1
24 108 1
22 53 2
44 98 1
30 34 2
11 19 2
0 47 2
36 80 1
32 108 1
54 112 2
4 9 2
8 39 2
15 117 1
10 70 2
53 102 2
37 54 2
27 29 2
1 94 1
24 52 2
23 57 2
0 15 2
17 89 1
18 29 2
46 61 2
44 95 1
6 115 2
20 78 1
54 71 2
61 85 1
47 59 2
3 22 2
60 113 2
18 20 2
42 77 1
1 26 2
39 91 1
22 69 2
27 57 2
23 79 1
35 65 2
34 66 2
13 72 1
6 15 2
46 105 2
26 31 2
2 27 2
49 89 1
57 71 2
26 61 2
7 22 2
67 98 2
27 46 2
13 56 2
3 82 2
15 47 2
21 78 1
18 60 2
46 64 2
0 29 2
39 118 2
20 48 2
66 118 1
57 97 2
54 107 2
10 13 2
5 32 2
11 106 2
14 30 2
62 95 1
8 38 2
0 92 1
30 86 2
5 8 2
56 90 2
32 33 2
63 117 1
16 115 1
19 62 2
9 59 2
4 99 1
64 107 1
65 113 2
4 74 1
39 78 1
33 36 2
21 41 2
29 33 2
56 63 2
33 52 2
33 108 1
28 98 2
1 47 2
59 98 1
0 64 2
21 71 2
35 63 2
35 39 2
30 93 1
1 13 2
46 115 1
52 69 2
38 69 2
57 65 2
41 71 2
33 66 2
54 81 1
5 30 2
60 117 1
42 59 2
11 32 2
49 110 1
18 35 2
1 78 1
52 73 1
50 83 1
20 24 2
12 79 1
36 40 2
51 117 1
5 35 2
31 100 1
33 100 2
49 82 2
33 116 1
55 85 1
13 40 2
0 40 2
36 61 2
21 32 2
2 20 2
65 69 2
5 98 2
5 97 1
53 112 1
32 60 2
2 66 2
9 16 2
53 88 2
48 49 2
22 112 2
16 85 1
25 64 2
47 92 1
10 51 2
44 55 2
63 68 2
41 65 2
62 115 2
43 87 1
18 50 2
5 81 1
10 39 2
49 53 2
15 28 2
13 33 2
37 45 2
5 22 2
19 31 2
40 76 1
31 112 1
51 108 1
17 59 2
14 46 2
19 96 2
48 113 1
57 112 1
0 12 2
23 28 2
13 95 2
7 113 2
11 59 2
53 94 1
8 104 2
24 48 2
1 88 2
21 51 2
3 76 1
13 21 2
31 35 2
33 105 1
56 78 1
16 31 2
52 93 1
23 40 2
3 68 2
48 62 2
27 30 2
14 32 2
27 112 1
11 43 2
40 118 2
56 99 2
55 67 2
64 102 2
21 36 2
63 89 2
38 117 1
61 83 2
3 18 2
21 27 2
17 52 2
46 71 2
25 39 2
50 54 2
26 88 1
54 103 1
17 64 2
14 49 2
52 67 2
14 20 2
57 68 2
58 61 2
38 44 2
61 64 2
53 89 1
48 54 2
2 56 2
6 17 2
13 27 2
19 65 2
47 73 1
50 66 2
25 36 2
71 105 2
34 95 1
1 55 2
50 57 2
10 54 2
46 77 2
7 44 2
64 88 1
15 53 2
51 75 1
20 105 2
18 70 2
17 37 2
38 101 1
15 41 2
23 45 2
49 104 1
59 88 1
49 119 1
15 68 2
21 98 1
3 57 2
8 29 2
57 83 2
64 116 1
1 67 2
61 63 2
5 83 1
27 108 1
31 41 2
32 50 2
57 73 1
0 111 2
48 111 2
54 55 2
16 60 2
5 68 2
68 70 2
67 68 2
58 70 2
29 30 2
20 41 2
32 37 2
54 100 1
15 77 1
14 53 2
9 46 2
7 60 2
32 109 2
12 72 2
3 53 2
30 76 1
12 102 1
45 71 2
15 36 2
1 92 2
55 72 1
62 83 1
22 43 2
4 55 2
49 98 1
1 64 2
8 100 2
24 64 2
4 114 1
59 117 1
31 73 1
18 114 1
18 28 2
42 51 2
25 41 2
44 94 2
39 61 2
19 74 2
8 53 2
7 71 2
31 95 1
6 20 2
3 81 1
3 118 1
34 47 2
16 39 2
15 97 2
58 63 2
36 63 2
6 111 1
22 64 2
34 76 2
44 116 2
47 62 2
2 43 2
25 42 2
3 91 1
11 80 1
69 71 2
20 44 2
5 106 2
15 72 1
17 102 1
37 89 1
30 118 2
65 73 1
49 93 1
31 43 2
51 70 2
26 47 2
30 92 1
41 53 2
63 108 1
6 44 2
22 80 1
65 105 1
26 71 2
52 54 2
7 46 2
68 118 1
53 119 1
28 81 2
40 65 2
24 82 1
67 102 2
60 82 2
44 81 1
4 105 2
45 46 2
38 93 1
10 81 2
38 116 1
56 107 1
13 57 2
63 92 2
50 109 2
66 71 2
16 52 2
0 11 2
23 39 2
21 44 2
27 100 1
18 27 2
71 102 1
3 77 1
0 77 1
32 40 2
23 60 2
21 39 2
24 95 1
66 87 2
6 14 2
53 61 2
58 100 1
52 102 2
43 57 2
27 73 1
16 17 2
39 87 1
15 40 2
17 47 2
26 107 1
48 117 1
17 73 2
2 92 2
31 109 1
8 116 1
11 20 2
17 41 2
25 92 1
58 59 2
12 64 2
44 73 1
17 29 2
6 32 2
44 46 2
4 6 2
36 81 1
28 65 2
65 83 1
53 78 1
71 114 1
47 88 2
15 22 2
41 66 2
50 107 2
23 38 2
2 50 2
16 56 2
14 107 2
22 78 2
63 111 1
45 76 1
28 80 1
27 69 2
25 50 2
53 82 1
61 93 2
57 111 1
38 97 1
16 33 2
61 103 1
18 52 2
26 67 2
63 90 1
23 88 2
0 14 2
24 119 1
9 19 2
54 93 1
13 76 1
42 116 1
35 38 2
18 54 2
15 119 2
22 35 2
40 67 2
29 53 2
11 30 2
4 87 1
35 92 2
31 113 1
4 110 1
17 95 1
52 82 1
49 81 1
71 78 2
23 59 2
9 67 2
58 73 2
69 81 1
41 57 2
42 69 2
53 56 2
46 117 1
47 68 2
28 39 2
40 104 2
8 20 2
53 108 1
13 23 2
19 73 2
54 60 2
39 47 2
0 27 2
53 114 2
14 31 2
34 111 1
1 29 2
26 63 2
24 117 1
5 49 2
20 80 1
48 70 2
16 54 2
22 61 2
6 107 1
54 104 2
14 51 2
61 80 1
12 62 2
24 65 2
16 76 1
50 63 2
59 87 2
6 9 2
33 99 1
41 63 2
47 49 2
32 46 2
12 33 2
11 55 2
19 90 1
49 61 2
60 65 2
11 118 1
14 26 2
6 63 2
42 110 2
35 37 2
21 43 2
10 62 2
18 102 1
50 103 1
6 36 2
56 89 1
49 107 2
47 84 1
51 67 2
17 45 2
45 112 1
52 92 2
49 83 1
52 62 2
32 111 1
9 65 2
9 39 2
4 32 2
18 73 2
10 55 2
4 28 2
40 43 2
43 84 1
15 112 1
68 114 2
37 52 2
40 115 1
4 94 2
63 86 2
19 84 1
16 25 2
0 6 2
64 113 2
25 76 2
10 27 2
4 8 2
29 108 2
47 83 1
48 91 1
30 64 2
4 34 2
28 69 2
26 108 1
45 110 1
30 60 2
21 59 2
28 55 2
25 73 1
65 94 1
24 40 2
20 70 2
33 83 2
17 96 2
8 86 2
11 87 1
53 69 2
0 117 1
16 74 2
8 30 2
10 98 1
13 51 2
23 98 1
50 87 1
31 106 1
52 60 2
39 44 2
37 39 2
46 56 2
4 48 2
22 107 2
4 84 1
51 91 1
7 51 2
36 37 2
6 27 2
36 117 1
53 65 2
33 93 1
28 72 1
13 34 2
1 40 2
23 54 2
21 60 2
71 87 2
20 88 1
11 56 2
16 117 2
47 53 2
64 87 1
2 30 2
33 69 2
58 102 1
43 49 2
26 109 2
30 52 2
36 115 1
12 23 2
36 97 1
13 36 2
9 107 1
64 117 1
60 72 2
9 100 2
13 90 1
60 70 2
62 75 2
5 14 2
32 66 2
11 115 2
22 84 2
31 85 1
28 78 1
3 31 2
67 89 2
68 91 2
41 82 1
12 91 2
12 114 2
23 111 1
6 10 2
22 24 2
28 54 2
4 61 2
63 105 2
19 54 2
28 113 2
48 119 1
23 37 2
30 66 2
17 44 2
36 59 2
42 111 1
1 10 2
21 49 2
66 69 2
33 64 2
38 40 2
48 67 2
41 75 1
61 79 1
3 8 2
51 52 2
13 77 1
22 83 2
22 119 1
60 104 1
6 61 2
14 66 2
42 103 1
16 110 1
38 42 2
66 78 1
45 66 2
27 80 2
57 85 2
27 72 1
23 116 2
48 55 2
11 26 2
33 84 2
18 109 1
42 80 1
11 12 2
19 106 2
47 65 2
35 47 2
16 94 1
44 99 1
46 57 2
31 92 2
2 119 2
34 62 2
14 16 2
41 61 2
37 64 2
4 69 2
30 63 2
4 29 2
62 111 2
31 50 2
14 64 2
48 98 1
39 70 2
38 50 2
45 68 2
9 60 2
40 55 2
25 46 2
67 94 1
7 111 1
10 36 2
8 119 1
10 102 1
40 47 2
9 12 2
71 75 2
20 99 1
25 89 2
62 101 1
34 96 2
23 65 2
9 93 1
66 100 1
44 53 2
1 3 2
47 78 1
63 103 2
26 41 2
56 64 2
47 55 2
6 54 2
0 67 2
64 71 2
70 91 1
3 109 1
10 12 2
59 80 1
51 63 2
69 108 1
17 40 2
32 99 1
58 87 2
40 110 1
32 77 1
32 100 1
58 94 2
30 67 2
58 115 1
37 69 2
40 111 2
10 44 2
10 80 2
11 25 2
6 47 2
22 41 2
65 85 1
45 119 2
24 59 2
60 90 2
35 51 2
21 70 2
8 37 2
9 109 2
6 119 1
24 63 2
29 119 2
53 98 2
25 48 2
63 82 1
6 82 1
18 37 2
1 34 2
39 51 2
22 50 2
3 16 2
39 53 2
31 34 2
42 88 1
44 61 2
10 64 2
42 61 2
41 102 1
40 63 2
47 70 2
19 91 2
25 72 1
33 45 2
34 93 1
19 28 2
24 91 2
30 110 1
8 103 2
65 98 1
0 98 1
3 23 2
43 99 1
35 40 2
47 98 1
35 93 1
11 64 2
5 45 2
37 53 2
29 51 2
52 64 2
9 49 2
62 118 1
47 75 1
14 18 2
8 77 1
36 106 1
49 86 2
21 58 2
54 113 1
34 45 2
8 72 2
52 89 2
52 70 2
43 61 2
8 62 2
2 9 2
31 107 1
22 68 2
46 60 2
44 47 2
12 43 2
9 47 2
15 59 2
7 101 1
27 64 2
2 77 1
29 73 1
9 81 1
55 105 2
44 69 2
43 88 2
31 64 2
25 103 1
44 110 1
0 16 2
24 31 2
16 34 2
18 111 1
18 82 1
31 44 2
25 74 2
56 61 2
15 90 1
26 86 1
12 108 2
61 62 2
50 55 2
10 46 2
29 59 2
1 17 2
48 110 2
1 51 2
32 90 1
1 15 2
15 43 2
28 57 2
9 89 1
21 40 2
17 104 1
52 100 1
44 68 2
11 16 2
66 115 1
43 68 2
22 75 2
9 13 2
24 30 2
57 108 1
4 111 2
33 37 2
17 83 1
69 107 2
1 101 2
20 27 2
60 73 2
12 26 2
1 42 2
15 74 1
21 52 2
42 68 2
43 66 2
67 72 2
10 18 2
58 71 2
25 54 2
1 56 2
36 69 2
24 43 2
38 67 2
5 9 2
46 99 1
31 59 2
44 118 2
55 102 1
28 110 1
53 116 2
6 97 1
11 94 1
9 62 2
2 95 1
3 52 2
35 107 2
12 115 1
12 56 2
13 17 2
22 51 2
9 34 2
16 105 2
23 77 1
60 115 1
47 74 1
26 42 2
22 34 2
15 18 2
32 85 1
22 108 2
3 50 2
12 51 2
30 81 2
14 50 2
20 64 2
33 54 2
12 46 2
40 45 2
17 24 2
29 115 2
30 73 2
49 72 1
1 35 2
49 90 2
34 94 1
47 64 2
37 87 1
42 63 2
21 79 1
39 109 1
37 93 1
45 48 2
48 57 2
42 109 2
15 78 1
12 45 2
42 90 1
34 52 2
4 5 2
59 102 1
40 66 2
24 96 1
29 74 1
0 51 2
29 72 1
68 117 2
64 118 1
60 77 1
34 43 2
29 71 2
55 62 2
27 56 2
18 99 2
51 62 2
10 37 2
65 89 1
14 81 1
24 54 2
9 18 2
7 70 2
0 55 2
27 47 2
7 38 2
20 52 2
49 64 2
62 84 2
31 52 2
6 45 2
20 47 2
1 30 2
4 40 2
9 112 2
25 94 1
70 80 2
61 72 1
2 115 1
60 96 1
32 104 2
6 62 2
25 70 2
70 96 2
19 97 2
27 45 2
45 88 1
41 42 2
40 44 2
17 94 1
38 70 2
26 65 2
9 76 1
10 104 1
23 58 2
8 114 1
21 74 1
34 63 2
8 106 1
24 86 1
3 111 1
0 50 2
0 56 2
58 117 2
6 105 1
23 52 2
40 96 1
30 54 2
35 119 1
54 57 2
29 68 2
21 55 2
0 41 2
53 107 2
46 104 1
40 89 2
52 98 2
12 68 2
51 58 2
68 81 2
5 96 1
4 26 2
46 94 1
56 68 2
49 113 1
59 73 1
44 79 2
20 28 2
54 58 2
42 101 1
22 30 2
25 52 2
46 103 1
54 91 2
18 78 1
18 90 1
38 111 1
50 106 1
12 30 2
13 48 2
9 71 2
16 98 2
0 95 1
27 92 1
30 89 1
23 84 1
31 58 2
13 80 2
30 49 2
19 116 1
32 47 2
42 81 1
40 86 1
0 109 2
39 86 1
65 79 1
23 47 2
22 32 2
62 92 1
31 51 2
63 67 2
29 48 2
65 72 2
14 48 2
20 40 2
24 49 2
31 48 2
53 84 1
39 115 1
21 57 2
31 33 2
12 16 2
4 59 2
50 97 2
46 48 2
16 95 1
3 28 2
19 34 2
17 35 2
7 107 1
50 64 2
57 110 1
37 55 2
21 112 2
0 32 2
15 61 2
17 80 2
43 67 2
7 55 2
5 61 2
7 36 2
67 84 2
37 113 2
4 46 2
59 86 1
21 31 2
18 76 1
21 88 1
47 79 1
41 51 2
5 21 2
65 71 2
14 25 2
17 61 2
43 60 2
52 65 2
29 63 2
3 117 1
61 92 1
52 84 1
8 47 2
28 64 2
26 45 2
33 63 2
7 43 2
26 56 2
42 107 1
5 88 1
5 40 2
52 119 2
48 106 2
30 80 2
3 34 2
57 59 2
16 49 2
7 34 2
32 112 1
5 79 2
32 74 1
45 83 1
15 71 2
14 73 2
21 24 2
3 104 1
55 113 2
25 53 2
8 44 2
57 70 2
37 49 2
45 56 2
18 26 2
12 90 2
13 55 2
67 105 1
7 90 1
59 113 1
37 95 2
32 61 2
14 105 2
64 95 1
5 66 2
35 64 2
43 93 2
3 30 2
6 23 2
59 93 2
31 36 2
1 118 1
6 41 2
50 71 2
61 107 1
16 67 2
45 65 2
40 56 2
18 119 1
11 44 2
17 119 1
26 106 2
37 86 2
57 104 1
17 48 2
29 57 2
37 114 1
20 102 2
49 71 2
18 39 2
28 73 1
15 86 1
2 14 2
2 63 2
33 43 2
37 74 2
42 105 1
28 96 1
24 32 2
28 93 2
18 48 2
35 116 1
66 97 1
30 38 2
24 101 1
64 111 2
47 67 2
8 102 1
13 104 1
35 69 2
0 71 2
13 38 2
45 98 2
28 38 2
34 37 2
23 33 2
5 24 2
1 14 2
8 63 2
33 102 1
47 94 1
11 54 2
31 119 2
61 117 2
56 115 1
23 35 2
8 42 2
10 59 2
30 40 2
5 69 2
6 76 2
5 74 1
9 35 2
13 103 1
42 48 2
45 67 2
36 71 2
54 61 2
15 67 2
16 116 2
20 91 1
22 47 2
41 80 1
71 98 2
34 53 2
30 32 2
60 85 1
24 73 2
33 78 1
5 38 2
16 114 2
49 105 1
63 65 2
4 56 2
1 22 2
27 109 1
2 42 2
29 31 2
5 6 2
9 52 2
62 89 1
4 50 2
16 43 2
51 59 2
20 29 2
57 63 2
14 85 1
39 102 1
25 90 2
66 91 1
10 58 2
11 48 2
7 15 2
10 71 2
18 46 2
18 117 1
40 75 2
24 66 2
59 111 1
51 68 2
29 62 2
64 89 1
10 47 2
38 61 2
69 112 2
22 91 1
64 99 1
19 23 2
0 97 1
19 44 2
4 57 2
21 96 1
28 84 1
60 111 1
24 68 2
39 69 2
3 113 1
12 53 2
13 54 2
37 88 1
38 68 2
57 90 1
14 114 1
56 110 2
64 114 1
67 73 1
1 110 1
24 70 2
9 38 2
55 73 1
37 62 2
21 50 2
40 54 2
12 31 2
3 115 1
41 89 2
20 31 2
11 104 1
35 77 1
12 95 1
3 47 2
50 51 2
45 79 1
24 41 2
17 28 2
39 112 1
22 66 2
18 74 2
41 59 2
37 51 2
7 23 2
6 53 2
11 101 1
1 12 2
49 97 1
25 29 2
40 60 2
10 33 2
44 67 2
28 88 1
27 66 2
8 46 2
30 99 2
17 68 2
0 26 2
4 14 2
42 67 2
8 26 2
34 35 2
21 25 2
10 114 2
29 36 2
10 29 2
56 65 2
50 65 2
10 99 1
38 99 1
4 92 1
45 61 2
31 39 2
10 31 2
14 62 2
1 69 2
24 38 2
49 99 1
7 85 1
63 70 2
55 56 2
59 61 2
52 55 2
14 104 1
48 65 2
4 96 1
58 77 2
66 106 1
15 25 2
0 39 2
36 49 2
16 35 2
21 53 2
45 115 1
48 104 1
36 82 1
30 33 2
63 71 2
14 55 2
8 40 2
56 74 1
18 103 1
0 53 2
51 93 1
67 110 1
14 82 1
0 22 2
59 106 2
4 103 1
17 60 2
15 73 1
37 44 2
54 77 2
16 59 2
13 47 2
24 102 2
8 83 1
36 53 2
63 79 1
19 68 2
45 53 2
1 5 2
10 75 2
30 45 2
10 40 2
60 69 2
14 63 2
55 59 2
21 75 1
14 79 2
11 49 2
4 19 2
21 77 2
11 53 2
46 49 2
3 35 2
32 59 2
35 61 2
22 109 1
31 61 2
16 50 2
4 36 2
23 102 1
6 50 2
9 108 1
14 54 2
60 102 1
4 89 2
2 85 1
39 43 2
34 40 2
19 40 2
40 119 2
22 52 2
11 93 1
27 93 1
1 54 2
1 87 2
1 48 2
65 118 2
10 65 2
69 74 1
35 67 2
10 90 2
34 78 1
54 70 2
13 52 2
44 107 1
30 119 2
7 105 1
17 22 2
66 70 2
36 45 2
29 67 2
16 90 1
36 91 2
16 118 1
45 113 1
33 115 1
64 91 2
41 116 1
42 71 2
40 62 2
12 19 2
12 50 2
32 96 1
20 93 1
26 72 2
23 31 2
39 64 2
60 110 1
0 66 2
58 91 1
4 11 2
36 55 2
21 37 2
65 99 1
15 38 2
58 103 1
18 58 2
13 60 2
41 105 2
47 56 2
51 106 1
51 86 1
13 83 1
5 90 1
59 84 1
60 86 2
63 88 1
36 66 2
26 34 2
33 59 2
0 89 2
42 95 1
38 82 1
2 6 2
34 59 2
59 70 2
50 78 1
53 110 2
36 52 2
15 66 2
54 73 1
40 51 2
64 93 2
27 41 2
9 32 2
17 65 2
71 94 1
70 81 2
17 67 2
33 44 2
46 79 2
49 117 1
59 67 2
15 81 1
57 92 1
19 41 2
44 75 1
7 62 2
27 32 2
54 56 2
7 28 2
27 44 2
32 86 1
70 105 1
31 79 1
4 68 2
38 85 2
14 36 2
5 26 2
35 57 2
23 41 2
71 101 1
7 30 2
43 85 2
42 98 2
54 67 2
49 57 2
67 80 1
6 88 1
6 35 2
4 18 2
1 53 2
32 43 2
44 103 1
24 85 2
35 85 2
51 103 1
4 20 2
46 81 1
40 49 2
71 77 1
31 88 1
65 66 2
12 85 1
20 50 2
4 71 2
9 23 2
9 80 2
40 117 1
34 83 1
22 63 2
47 48 2
41 78 2
36 105 1
20 39 2
58 69 2
39 114 1
19 56 2
44 80 2
0 25 2
15 107 2
11 68 2
13 112 1
1 16 2
55 84 1
12 86 1
12 83 1
48 79 2
57 76 1
35 55 2
6 69 2
3 110 2
52 59 2
5 57 2
65 100 2
8 35 2
3 9 2
23 87 1
27 102 2
26 104 1
9 75 1
49 52 2
12 18 2
16 103 1
21 92 1
20 30 2
14 45 2
39 110 1
9 84 1
25 91 1
3 11 2
57 74 1
52 107 1
70 115 2
17 107 1
7 29 2
70 109 1
4 108 1
25 47 2
10 74 1
7 58 2
11 78 1
6 114 2
15 93 1
46 116 1
61 113 1
18 53 2
36 48 2
20 22 2
21 48 2
15 19 2
55 97 1
65 107 2
69 94 1
12 44 2
59 110 1
23 83 2
17 18 2
28 41 2
2 22 2
37 63 2
1 11 2
17 98 1
11 13 2
50 79 1
36 73 1
18 55 2
56 98 2
3 48 2
2 3 2
12 41 2
14 17 2
27 83 1
8 91 2
1 20 2
25 34 2
54 74 2
67 79 1
56 118 1
56 95 1
25 37 2
2 15 2
35 80 1
17 46 2
16 61 2
66 102 1
4 62 2
38 87 2
50 80 1
17 38 2
5 16 2
10 53 2
22 65 2
48 60 2
58 74 1
26 90 1
33 53 2
67 99 1
34 60 2
4 113 2
32 57 2
26 98 2
20 45 2
14 80 1
61 89 1
36 74 2
22 45 2
24 56 2
36 116 1
3 102 1
2 44 2
14 71 2
19 32 2
30 58 2
12 25 2
16 37 2
18 40 2
52 72 1
20 58 2
20 84 1
2 21 2
28 48 2
29 39 2
55 70 2
8 12 2
21 87 1
29 99 1
13 32 2
51 73 1
12 40 2
7 47 2
31 32 2
56 114 1
33 57 2
41 44 2
12 63 2
10 106 1
52 61 2
61 91 1
59 72 1
18 85 2
21 30 2
12 17 2
22 31 2
36 77 1
12 78 1
23 89 1
34 41 2
1 49 2
23 69 2
22 81 1
42 66 2
21 94 1
43 117 2
61 78 1
53 109 1
10 32 2
37 82 2
26 89 1
44 97 1
29 81 2
47 58 2
12 27 2
8 13 2
47 60 2
36 43 2
5 67 2
69 102 1
24 81 1
2 72 1
54 72 2
54 98 1
34 97 2
20 73 1
61 97 1
2 117 1
43 45 2
23 64 2
42 55 2
22 36 2
46 59 2
15 58 2
68 71 2
15 42 2
17 34 2
38 64 2
44 96 1
6 71 2
9 55 2
18 95 1
39 45 2
51 97 2
31 47 2
61 86 2
41 112 2
11 60 2
2 58 2
44 63 2
58 95 1
14 93 1
57 61 2
15 111 1
69 86 2
53 58 2
58 110 1
18 66 2
6 55 2
21 64 2
8 54 2
58 78 1
30 78 1
19 57 2
17 115 1
34 114 2
6 11 2
63 85 1
57 114 1
0 19 2
71 80 1
43 65 2
59 92 1
23 34 2
18 62 2
60 61 2
50 94 1
37 102 2
37 59 2
7 119 1
58 82 1
29 102 1
7 19 2
50 90 2
26 84 1
16 73 2
31 60 2
24 72 1
63 118 1
43 58 2
18 22 2
57 69 2
5 64 2
44 88 2
32 48 2
14 24 2
58 76 1
65 86 1
14 58 2
49 85 1
7 41 2
26 64 2
38 115 1
21 28 2
31 71 2
37 47 2
33 47 2
58 105 1
0 61 2
1 2 2
5 104 1
48 80 2
9 90 1
46 66 2
7 116 1
5 112 1
5 65 2
48 83 1
3 39 2
67 92 1
18 36 2
5 110 2
18 107 2
56 62 2
7 56 2
23 74 1
2 71 2
5 117 1
45 59 2
29 93 1
41 70 2
50 118 2
12 81 1
22 37 2
7 50 2
5 105 2
65 109 1
38 62 2
16 88 2
45 95 1
62 67 2
26 92 2
2 90 1
15 54 2
31 117 2
32 79 1
9 68 2
43 77 1
58 112 1
32 84 1
10 22 2
57 75 1
7 8 2
34 71 2
8 59 2
21 69 2
19 35 2
70 118 1
23 43 2
13 88 1
8 25 2
58 60 2
38 91 1
12 61 2
29 47 2
3 70 2
43 63 2
19 108 1
2 84 2
59 112 2
38 71 2
37 66 2
4 90 2
36 85 1
11 24 2
59 82 1
53 60 2
11 73 2
2 33 2
54 101 1
21 45 2
54 62 2
29 46 2
6 92 1
24 97 1
60 80 1
69 80 1
22 94 2
31 46 2
24 94 1
50 72 2
7 61 2
2 111 2
62 64 2
6 84 1
11 57 2
63 69 2
12 84 1
21 102 1
57 77 1
51 83 2
5 113 2
20 62 2
12 58 2
5 92 1
22 85 1
17 101 1
23 62 2
16 45 2
38 58 2
8 64 2
4 51 2
11 98 1
48 71 2
18 43 2
8 32 2
9 74 2
9 53 2
59 119 1
33 86 1
25 106 1
11 119 1
33 112 2
42 46 2
64 103 2
24 92 1
11 103 2
20 21 2
0 103 1
35 90 1
65 111 2
43 64 2
29 113 1
29 37 2
16 101 2
39 71 2
62 107 1
2 110 1
59 107 2
0 44 2
6 66 2
7 27 2
39 108 2
0 45 2
15 26 2
24 75 1
35 104 1
18 87 1
18 56 2
5 84 1
0 48 2
53 106 2
32 41 2
4 30 2
6 112 2
18 63 2
6 28 2
7 66 2
21 62 2
22 76 1
67 117 2
23 30 2
55 106 1
17 69 2
65 95 1
30 35 2
51 105 1
0 116 1
15 91 2
61 96 1
53 72 2
4 118 2
3 62 2
22 26 2
5 11 2
51 104 1
28 111 1
32 87 1
6 74 1
5 51 2
0 23 2
6 102 1
48 63 2
12 66 2
12 87 1
43 96 1
47 72 2
4 88 1
47 109 1
20 53 2
32 71 2
34 105 2
34 72 1
6 58 2
16 71 2
36 56 2
40 102 2
24 103 1
67 78 1
48 74 1
6 8 2
53 55 2
39 103 1
14 100 2
13 81 1
50 84 2
11 47 2
45 100 1
23 114 1
59 91 1
8 60 2
7 59 2
19 105 2
4 10 2
37 72 1
9 86 1
26 43 2
26 57 2
4 115 1
9 88 1
2 106 1
40 59 2
42 64 2
70 117 1
26 37 2
60 105 1
11 113 1
23 91 2
25 110 2
23 63 2
28 53 2
14 52 2
10 20 2
18 118 1
53 111 1
24 29 2
22 98 1
63 84 2
17 117 1
41 56 2
8 50 2
4 100 2
50 117 2
17 116 1
19 98 1
62 93 2
35 49 2
41 104 2
8 49 2
46 90 1
3 17 2
42 91 2
13 25 2
14 110 2
0 3 2
31 111 2
63 116 1
28 47 2
45 96 2
35 72 1
7 69 2
61 102 2
18 61 2
68 95 1
55 68 2
20 37 2
18 41 2
55 86 2
35 71 2
32 53 2
24 113 1
31 53 2
1 31 2
43 106 1
44 106 1
46 97 1
34 42 2
50 62 2
13 63 2
46 74 1
10 15 2
29 38 2
16 66 2
49 94 1
65 115 2
48 85 1
34 64 2
10 45 2
3 67 2
54 68 2
29 58 2
17 86 2
34 80 1
37 50 2
23 85 1
8 28 2
11 40 2
4 53 2
19 21 2
5 36 2
29 45 2
47 82 1
60 92 2
60 63 2
5 43 2
52 81 1
45 81 2
54 102 1
25 77 2
4 31 2
26 28 2
43 118 1
19 38 2
33 92 2
8 58 2
44 91 1
6 70 2
5 58 2
10 63 2
6 91 1
20 113 1
56 105 1
50 60 2
32 102 1
8 24 2
26 116 1
34 100 1
37 100 2
39 52 2
5 119 2
2 29 2
17 90 1
32 51 2
51 61 2
31 76 1
18 96 1
47 52 2
7 9 2
28 29 2
64 83 1
5 15 2
38 77 1
42 79 1
43 95 1
0 110 1
9 64 2
41 76 1
29 40 2
13 59 2
6 72 1
1 60 2
27 70 2
7 39 2
66 105 2
1 77 2
36 42 2
10 107 1
67 119 1
54 99 1
66 103 1
68 112 1
16 21 2
11 17 2
35 50 2
50 68 2
7 110 1
7 37 2
15 55 2
19 111 2
57 98 2
6 65 2
11 71 2
16 36 2
60 98 1
71 106 2
37 60 2
1 116 1
10 79 1
1 9 2
19 45 2
4 33 2
35 36 2
56 60 2
33 56 2
36 51 2
11 23 2
38 45 2
20 68 2
24 28 2
10 78 1
59 101 1
39 50 2
20 23 2
2 70 2
52 114 1
34 50 2
19 67 2
61 112 2
24 55 2
33 41 2
62 114 1
52 58 2
14 60 2
55 103 1
28 89 1
10 42 2
13 44 2
8 15 2
41 64 2
10 24 2
7 26 2
31 78 2
42 65 2
27 50 2
2 28 2
24 37 2
8 51 2
66 96 2
3 10 2
46 111 1
33 34 2
31 115 2
21 73 1
11 27 2
12 82 1
26 52 2
64 66 2
69 84 2
4 93 1
43 62 2
0 65 2
15 30 2
21 113 1
6 16 2
21 103 1
17 74 1
3 59 2
20 106 1
14 87 1
6 21 2
31 84 1
44 115 1
2 82 1
0 7 2
52 68 2
10 61 2
36 44 2
14 29 2
34 77 2
45 118 2
18 45 2
39 59 2
4 25 2
13 109 1
50 108 1
41 45 2
4 102 2
45 80 1
17 43 2
51 96 1
0 101 1
59 116 2
2 34 2
27 35 2
7 25 2
68 77 2
19 59 2
35 52 2
7 82 2
53 118 2
30 117 1
12 32 2
2 37 2
41 115 1
4 98 2
1 32 2
10 85 1
19 88 1
32 98 1
59 114 1
21 93 1
35 53 2
61 71 2
56 111 1
2 40 2
17 71 2
18 65 2
9 73 2
2 91 1
3 84 1
64 70 2
5 55 2
4 78 1
21 105 1
8 21 2
51 87 1
32 45 2
33 51 2
36 89 2
5 23 2
17 58 2
35 56 2
65 106 1
10 60 2
19 26 2
43 51 2
3 64 2
1 8 2
5 118 1
54 78 1
44 86 1
66 114 1
38 47 2
10 30 2
26 59 2
29 69 2
14 69 2
16 91 2
51 92 1
32 75 2
17 33 2
26 77 1
49 62 2
27 63 2
19 48 2
8 112 1
23 48 2
60 114 1
3 95 1
61 67 2
57 72 1
42 49 2
36 118 1
6 40 2
47 51 2
33 80 1
47 108 1
39 57 2
59 97 1
55 91 1
5 19 2
12 37 2
26 81 1
8 111 2
58 75 1
15 65 2
35 54 2
3 26 2
14 22 2
45 70 2
32 63 2
12 13 2
13 86 1
35 62 2
19 63 2
23 94 1
67 101 2
37 119 1
25 78 1
13 73 1
19 36 2
11 34 2
43 80 1
16 18 2
29 70 2
26 38 2
0 13 2
18 113 1
12 54 2
39 81 1
62 77 1
30 62 2
19 33 2
24 26 2
3 45 2
16 69 2
57 107 1
62 63 2
51 64 2
2 52 2
22 67 2
69 72 1
44 59 2
38 75 2
46 110 1
59 89 1
2 36 2
8 69 2
4 39 2
14 106 1
71 72 1
40 116 1
45 85 1
37 104 1
4 119 1
44 74 1
11 90 2
13 24 2
32 91 2
10 100 1
22 23 2
19 52 2
42 52 2
41 68 2
56 113 1
44 102 2
29 95 1
10 14 2
64 73 1
35 91 1
68 115 2
19 72 1
13 85 1
59 68 2
26 35 2
17 26 2
1 79 1
71 89 2
43 109 1
0 34 2
13 75 1
27 67 2
24 79 2
25 109 2
16 64 2
55 63 2
30 56 2
28 36 2
15 103 1
27 58 2
63 80 2
5 53 2
66 67 2
14 40 2
62 108 1
41 84 1
14 88 2
5 25 2
43 112 1
14 33 2
11 110 1
19 46 2
46 93 2
36 112 1
21 46 2
18 97 1
5 109 2
32 70 2
37 90 1
27 54 2
11 29 2
52 56 2
15 27 2
0 21 2
62 70 2
9 69 2
13 53 2
1 18 2
23 106 1
0 54 2
54 87 1
27 71 2
6 24 2
0 42 2
10 95 2
12 42 2
23 113 2
7 53 2
26 49 2
54 89 1
57 84 1
3 13 2
22 44 2
2 78 2
8 67 2
12 57 2
62 85 2
57 99 1
21 56 2
33 60 2
2 25 2
7 13 2
46 65 2
49 118 2
45 75 1
25 66 2
33 97 1
29 66 2
38 48 2
23 66 2
15 17 2
58 90 1
53 105 1
2 46 2
39 54 2
36 64 2
23 61 2
7 86 2
15 23 2
29 84 2
58 104 2
29 100 1
71 99 1
51 57 2
22 27 2
59 103 1
30 39 2
52 105 1
2 60 2
61 99 1
13 18 2
33 118 1
43 52 2
20 109 1
59 69 2
35 41 2
0 24 2
3 92 1
28 33 2
13 106 1
10 83 1
68 119 1
24 42 2
57 87 1
29 52 2
68 108 1
3 106 1
27 81 1
16 70 2
71 112 2
16 28 2
30 55 2
1 84 1
1 91 2
27 78 2
16 72 1
70 102 1
32 107 1
0 80 1
47 110 1
22 70 2
8 70 2
24 111 2
27 91 1
21 23 2
27 87 2
31 69 2
11 39 2
49 111 2
28 107 2
32 42 2
39 63 2
55 69 2
15 70 2
28 44 2
16 80 1
24 46 2
16 32 2
60 67 2
12 59 2
6 90 2
31 56 2
47 117 1
17 55 2
8 66 2
4 47 2
15 113 2
20 83 2
30 103 2
31 99 1
13 31 2
4 64 2
57 67 2
31 55 2
3 72 2
2 53 2
4 42 2
35 46 2
62 103 2
44 92 2
45 101 2
37 46 2
23 27 2
18 51 2
58 65 2
67 107 2
27 55 2
5 20 2
8 98 1
8 11 2
4 37 2
57 66 2
64 65 2
70 103 1
12 15 2
27 85 1
9 99 1
7 11 2
27 119 2
17 39 2
25 49 2
33 107 2
9 66 2
49 54 2
23 81 1
14 42 2
62 106 2
36 99 2
18 42 2
22 57 2
11 15 2
71 97 2
20 26 2
7 14 2
1 19 2
29 32 2
23 29 2
56 72 1
69 109 2
30 116 2
0 37 2
32 56 2
48 66 2
36 62 2
68 82 2
30 48 2
68 103 2
7 106 2
57 116 1
13 37 2
50 58 2
7 16 2
18 47 2
16 79 1
24 71 2
20 43 2
20 65 2
10 16 2
44 52 2
6 86 1
20 66 2
29 77 1
2 32 2
41 87 1
39 107 1
43 107 1
35 66 2
3 7 2
37 85 1
30 108 1
45 84 1
13 66 2
19 22 2
49 92 1
9 33 2
6 94 2
22 118 1
44 77 1
7 49 2
46 96 1
56 66 2
27 31 2
54 65 2
54 80 2
20 103 2
7 20 2
25 104 1
0 83 1
49 73 1
68 86 1
7 68 2
31 68 2
55 66 2
8 61 2
9 24 2
9 58 2
65 67 2
56 79 1
4 38 2
34 48 2
51 82 1
64 96 2
44 50 2
35 97 1
7 114 1
12 98 1
4 16 2
42 45 2
63 100 2
42 75 2
54 83 1
26 62 2
9 31 2
62 116 2
47 80 1
27 79 2
20 46 2
1 7 2
22 89 1
26 79 1
21 89 2
18 59 2
2 88 1
24 53 2
44 82 2
5 87 2
41 99 2
29 107 1
28 70 2
16 44 2
70 86 1
0 85 1
12 20 2
13 58 2
25 35 2
27 60 2
52 103 1
17 42 2
11 111 1
29 61 2
4 27 2
2 38 2
2 17 2
8 36 2
1 109 1
35 102 2
53 70 2
64 104 1
48 69 2
2 49 2
35 94 1
16 26 2
35 105 1
39 65 2
27 34 2
53 63 2
53 68 2
29 80 1
49 50 2
6 87 1
66 81 1
29 75 1
6 25 2
41 49 2
45 89 1
49 65 2
55 71 2
40 87 1
44 58 2
43 111 1
32 62 2
62 94 1
36 39 2
15 75 1
55 80 2
56 73 1
47 76 1
24 89 1
54 84 2
23 56 2
6 96 1
58 68 2
34 89 2
51 66 2
20 56 2
0 106 1
9 43 2
8 31 2
20 104 2
33 91 1
14 37 2
9 44 2
66 93 2
28 87 1
12 70 2
34 110 2
44 65 2
49 103 1
18 116 2
29 49 2
36 57 2
40 41 2
17 32 2
35 112 1
1 71 2
5 77 1
70 74 2
61 70 2
34 51 2
34 79 2
3 71 2
24 69 2
3 65 2
25 69 2
67 88 1
67 96 2
50 98 1
13 108 1
64 67 2
61 87 1
48 82 1
1 46 2
47 93 2
36 83 1
50 81 2
44 83 1
12 71 2
11 42 2
39 75 1
23 51 2
42 118 1
50 61 2
25 38 2
19 43 2
1 59 2
66 99 2
69 103 2
46 78 1
49 51 2
35 109 2
19 49 2
30 47 2
21 38 2
59 81 1
54 69 2
15 21 2
46 47 2
40 79 1
65 96 1
59 60 2
11 38 2
5 62 2
8 22 2
43 102 1
45 64 2
37 75 2
69 98 2
55 96 2
53 54 2
40 46 2
34 75 1
23 42 2
65 75 2
5 12 2
28 35 2
10 118 2
15 34 2
31 104 2
32 92 1
41 55 2
13 79 1
42 72 2
20 33 2
59 96 2
36 86 1
32 64 2
44 57 2
64 79 1
1 62 2
3 101 1
41 95 1
43 71 2
6 42 2
54 110 1
61 68 2
26 110 2
24 44 2
59 83 1
61 65 2
34 107 1
19 51 2
57 86 1
40 61 2
11 31 2
45 54 2
69 111 1
17 105 2
55 74 2
16 104 2
14 67 2
62 100 1
10 109 1
15 33 2
26 114 2
49 66 2
32 114 1
17 62 2
68 105 2
1 52 2
6 77 1
60 81 2
3 46 2
8 71 2
21 86 1
20 112 1
66 117 1
48 56 2
59 62 2
49 68 2
9 42 2
8 94 2
17 30 2
41 48 2
4 65 2
7 83 1
45 72 1
10 115 1
4 24 2
40 107 1
42 108 1
11 67 2
37 117 2
15 69 2
70 84 1
51 99 1
55 57 2
11 33 2
14 84 1
26 93 1
39 62 2
65 119 1
47 63 2
30 82 1
3 83 1
2 54 2
35 45 2
14 86 2
18 72 1
49 116 2
2 12 2
67 71 2
2 24 2
50 113 1
4 67 2
0 9 2
29 35 2
1 27 2
62 81 1
1 73 1
70 98 2
4 60 2
7 21 2
28 61 2
54 86 1
28 67 2
16 22 2
27 118 2
12 67 2
13 14 2
51 65 2
12 80 1
2 62 2
37 105 1
35 59 2
3 66 2
29 105 1
5 18 2
33 88 2
63 77 1
45 58 2
58 108 2
55 114 2
18 23 2
68 113 2
33 77 1
31 116 1
50 88 2
21 82 1
21 84 1
66 74 2
41 97 1
2 31 2
34 90 2
71 110 1
26 82 1
39 113 1
25 31 2
35 98 1
3 32 2
40 58 2
25 27 2
35 48 2
22 38 2
37 118 2
14 78 1
10 110 2
42 54 2
44 45 2
31 89 1
45 94 2
33 70 2
19 66 2
28 42 2
2 45 2
17 103 2
69 96 1
33 109 1
12 24 2
11 63 2
60 64 2
41 86 2
4 22 2
51 100 1
14 68 2
64 85 1
9 85 1
42 104 2
1 105 1
52 110 2
71 81 1
32 83 1
21 29 2
40 69 2
18 67 2
16 57 2
36 54 2
21 26 2
29 109 1
4 44 2
22 92 1
41 43 2
28 91 2
29 118 1
18 83 1
26 36 2
38 88 1
11 61 2
54 94 2
28 62 2
34 54 2
35 68 2
6 37 2
43 86 2
14 28 2
48 53 2
38 105 1
28 58 2
57 78 1
5 34 2
2 13 2
9 14 2
65 90 2
19 39 2
17 72 1
54 59 2
2 11 2
22 54 2
61 81 1
46 107 1
40 88 1
11 99 2
2 51 2
19 94 1
21 47 2
21 42 2
56 96 1
15 87 1
68 102 1
6 18 2
44 90 1
9 20 2
69 92 2
68 110 2
3 86 1
34 102 1
36 84 1
27 110 1
32 36 2
51 76 1
68 116 1
0 30 2
51 94 1
28 79 1
16 23 2
18 69 2
11 37 2
55 109 1
10 17 2
60 66 2
11 28 2
67 115 1
24 34 2
2 41 2
28 63 2
13 70 2
42 113 1
1 100 1
68 80 2
11 74 2
49 80 1
12 93 1
39 77 2
31 66 2
18 75 1
25 71 2
40 52 2
21 66 2
51 53 2
7 35 2
51 56 2
16 111 2
4 17 2
9 91 1
26 27 2
49 56 2
6 73 2
4 12 2
6 52 2
58 88 2
30 50 2
43 44 2
49 60 2
41 119 2
39 68 2
26 30 2
12 52 2
12 34 2
34 84 2
47 61 2
51 102 1
5 111 1
16 53 2
4 77 2
4 72 2
48 58 2
19 115 2
18 71 2
25 87 1
14 76 1
50 56 2
6 64 2
19 25 2
4 117 1
62 71 2
13 64 2
8 107 1
36 58 2
24 36 2
40 53 2
22 29 2
3 89 1
59 71 2
9 22 2
0 36 2
5 44 2
15 45 2
17 82 1
47 107 1
10 26 2
23 25 2
57 119 1
17 50 2
29 54 2
28 103 2
14 38 2
18 64 2
27 39 2
22 40 2
16 106 2
44 48 2
55 112 1
9 92 2
28 45 2
39 111 1
0 59 2
6 26 2
30 46 2
13 105 2
60 76 2
68 87 2
59 66 2
8 109 1
26 54 2
29 90 1
1 21 2
64 76 1
1 93 1
58 89 1
28 106 1
11 89 1
35 58 2
28 116 1
40 109 2
60 101 2
10 113 1
13 45 2
66 95 2
3 51 2
15 110 2
6 100 1
69 95 1
17 70 2
66 72 2
13 67 2
9 30 2
23 55 2
39 55 2
3 75 1
2 39 2
57 64 2
44 56 2
8 56 2
45 102 1
49 74 2
38 55 2
8 34 2
33 106 2
23 103 1
37 112 1
43 110 2
46 70 2
43 47 2
9 17 2
32 78 1
2 76 1
5 33 2
41 106 2
7 75 1
51 109 1
31 77 1
62 73 1
0 78 2
11 100 1
38 60 2
22 79 1
54 105 1
46 114 1
65 70 2
29 41 2
6 29 2
68 88 2
49 59 2
15 51 2
10 57 2
38 46 2
19 50 2
32 35 2
6 39 2
8 52 2
15 100 1
62 117 2
19 101 2
39 46 2
1 4 2
1 33 2
57 94 1
48 96 1
52 57 2
23 24 2
49 106 1
59 63 2
69 88 1
54 85 1
34 70 2
33 42 2
33 95 1
38 59 2
70 82 1
48 88 1
15 56 2
27 48 2
52 104 1
62 97 1
40 57 2
38 106 1
10 21 2
37 40 2
63 94 2
3 49 2
32 49 2
28 77 2
34 74 1
0 35 2
31 81 1
57 62 2
65 104 1
46 100 1
24 67 2
44 111 1
64 69 2
57 91 1
23 50 2
18 79 1
37 67 2
34 56 2
48 87 2
58 106 1
16 20 2
50 114 2
62 80 2
40 114 1
49 77 1
59 95 1
33 87 1
12 112 2
28 100 1
32 67 2
58 80 1
32 65 2
17 51 2
54 64 2
44 117 1
33 110 1
1 45 2
20 69 2
60 116 1
25 63 2
12 21 2
9 40 2
50 100 1
5 99 2
51 88 1
55 61 2
70 90 1
44 66 2
6 46 2
11 116 2
15 39 2
25 67 2
47 50 2
26 32 2
13 20 2
2 67 2
53 57 2
16 41 2
19 117 2
28 68 2
13 15 2
60 71 2
59 105 2
23 67 2
29 87 1
6 103 1
10 52 2
53 80 2
7 54 2
39 95 1
0 31 2
12 113 1
63 66 2
62 69 2
22 110 1
43 81 2
2 4 2
23 32 2
49 79 2
6 12 2
64 78 1
32 55 2
42 50 2
63 97 1
35 43 2
30 41 2
32 38 2
63 64 2
2 16 2
68 73 2
9 117 1
53 117 1
9 45 2
53 97 1
16 30 2
2 108 1
16 96 1
33 62 2
13 116 2
55 99 1
41 72 2
65 93 1
35 113 1
40 81 1
22 49 2
30 65 2
13 29 2
43 114 2
48 59 2
0 84 2
25 60 2
20 35 2
8 80 1
2 112 2
15 46 2
35 44 2
25 80 2
53 83 1
4 58 2
43 50 2
45 105 1
37 81 1
50 92 1
13 28 2
64 112 1
58 67 2
15 104 2
42 84 2
52 63 2
28 92 2
14 47 2
47 85 1
3 43 2
9 63 2
42 58 2
15 60 2
42 112 1
22 46 2
7 65 2
19 47 2
19 29 2
5 76 1
3 119 1
27 116 2
33 40 2
7 118 2
43 92 1
17 25 2
49 55 2
39 58 2
3 36 2
43 70 2
5 52 2
55 89 1
25 107 2
45 63 2
28 49 2
6 79 1
38 112 2
15 48 2
13 98 1
23 96 1
8 41 2
28 43 2
5 59 2
49 84 1
17 21 2
21 61 2
20 67 2
21 67 2
27 38 2
23 117 1
41 50 2
23 44 2
51 113 1
1 66 2
7 115 2
12 117 1
56 109 1
14 59 2
19 83 1
46 53 2
60 68 2
5 31 2
28 34 2
60 95 2
0 57 2
47 112 1
55 93 2
8 118 1
53 86 1
67 70 2
24 112 1
6 49 2
22 62 2
2 93 1
14 56 2
8 55 2
69 97 1
55 88 2
25 55 2
18 49 2
32 103 2
37 58 2
32 52 2
60 103 1
13 68 2
35 100 2
1 57 2
17 87 2
5 17 2
35 111 1
15 49 2
45 55 2
33 39 2
9 54 2
55 98 2
22 42 2
11 86 1
26 68 2
25 97 1
13 71 2
23 68 2
71 111 1
36 46 2
0 96 1
37 71 2
7 67 2
30 51 2
17 106 1
2 23 2
48 100 1
25 68 2
16 108 1
68 111 1
3 55 2
13 61 2
0 33 2
26 105 2
55 108 1
38 63 2
38 51 2
20 25 2
40 70 2
48 95 1
41 92 1
31 98 1
17 66 2
13 35 2
28 66 2
32 73 2
50 69 2
17 56 2
9 29 2
18 84 1
11 46 2
14 44 2
15 95 1
8 82 2
45 108 2
22 48 2
23 99 1
4 35 2
5 54 2
12 14 2
35 103 1
60 78 1
19 37 2
52 106 1
20 34 2
0 104 1
8 10 2
47 66 2
39 60 2
26 113 2
57 101 2
53 66 2
24 35 2
37 111 1
62 113 2
71 84 1
52 113 2
23 53 2
7 64 2
30 109 1
7 79 1
3 54 2
25 98 1
23 71 2
19 53 2
46 50 2
52 87 1
49 101 2
41 111 2
32 105 1
13 30 2
15 101 1
45 60 2
41 107 2
23 119 1
5 50 2
39 42 2
62 74 1
28 75 1
40 112 2
54 119 2
19 61 2
14 61 2
36 111 1
70 101 1
1 41 2
59 75 1
24 62 2
6 43 2
8 89 1
30 91 1
39 48 2
49 108 1
15 115 1
56 86 2
0 20 2
25 33 2
0 112 2
44 70 2
16 83 1
8 84 1
49 100 2
22 100 1
25 116 1
14 103 2
37 91 1
10 68 2
17 77 1
28 59 2
21 85 1
37 116 1
52 66 2
49 67 2
44 113 2
10 66 2
36 100 1
59 74 1
5 29 2
2 48 2
46 55 2
30 98 1
66 68 2
8 76 1
27 104 1
3 103 1
32 110 2
54 76 1
30 31 2
21 116 2
68 79 1
6 117 1
17 75 1
69 99 1
32 39 2
7 112 1
20 42 2
10 77 1
29 43 2
11 79 2
0 46 2
3 37 2
45 69 2
8 43 2
62 66 2
37 98 1
45 50 2
22 104 1
38 80 1
24 74 1
1 70 2
22 60 2
58 85 1
18 77 2
2 75 1
27 97 1
59 77 1
3 33 2
29 56 2
61 105 1
6 56 2
19 69 2
33 113 2
27 117 1
55 65 2
24 25 2
33 79 1
3 73 2
16 51 2
18 32 2
54 108 2
21 33 2
41 54 2
27 113 2
68 92 2
66 98 1
22 102 2
15 108 2
10 119 1
51 69 2
11 41 2
8 19 2
25 115 1
68 93 1
17 54 2
1 39 2
38 86 1
0 49 2
25 45 2
25 65 2
34 36 2
31 63 2
9 82 2
20 32 2
25 58 2
46 62 2
3 6 2
48 93 1
7 48 2
8 9 2
69 78 1
46 67 2
0 91 1
33 38 2
1 115 1
4 86 1
24 51 2
6 101 1
3 14 2
21 65 2
20 36 2
51 110 1
2 73 2
44 54 2
20 94 1
3 56 2
26 29 2
30 59 2
10 50 2
17 79 1
7 32 2
66 86 1
4 82 2
28 71 2
17 49 2
32 34 2
11 66 2
0 79 1
33 73 2
39 96 2
47 102 2
10 43 2
55 83 1
64 74 1
8 33 2
51 54 2
39 85 1
2 59 2
31 42 2
33 81 2
70 114 1
5 46 2
54 82 1
32 58 2
8 48 2
67 93 1
0 73 1
15 88 1
48 84 1
56 67 2
42 60 2
16 97 1
52 108 1
13 50 2
29 112 1
25 86 2
1 81 2
6 106 2
28 85 1
2 10 2
20 59 2
58 72 1
63 107 1
47 81 1
52 71 2
0 38 2
62 65 2
30 44 2
4 83 2
37 106 1
30 97 2
34 49 2
1 68 2
48 115 2
10 38 2
33 67 2
10 49 2
8 110 2
2 97 2
14 43 2
16 47 2
1 25 2
32 68 2
0 17 2
27 94 2
55 118 1
0 8 2
49 58 2
49 70 2
5 60 2
14 27 2
34 65 2
17 19 2
50 70 2
2 64 2
18 24 2
42 99 1
8 99 1
26 48 2
7 40 2
55 76 1
11 36 2
33 71 2
3 40 2
7 10 2
22 59 2
43 104 1
41 52 2
14 74 2
71 117 2
5 7 2
17 31 2
26 55 2
13 69 2
24 84 1
56 76 1
9 102 2
66 110 1
31 67 2
56 112 1
45 106 2
36 113 1
64 77 1
4 43 2
13 49 2
51 80 1
10 56 2
47 71 2
53 67 2
19 24 2
41 96 1
33 117 1
63 110 1
31 37 2
45 77 2
58 93 1
26 119 1
16 42 2
13 42 2
4 52 2
25 26 2
58 64 2
2 69 2
39 84 1
30 70 2
31 45 2
70 119 1
36 95 2
15 64 2
13 16 2
39 66 2
10 82 2
38 92 1
17 81 1
50 59 2
50 67 2
40 48 2
12 110 2
36 75 2
35 60 2
42 114 1
25 51 2
9 119 2
24 60 2
30 75 2
5 86 2
16 19 2
3 69 2
46 76 1
36 110 1
40 94 1
11 35 2
39 100 1
17 36 2
22 71 2
1 36 2
21 76 1
71 119 1
11 84 1
27 28 2
40 64 2
38 39 2
51 111 2
8 27 2
3 90 2
59 64 2
6 31 2
34 86 1
13 39 2
51 90 1
17 57 2
54 66 2
29 116 2
23 97 2
61 69 2
25 83 2
21 118 1
17 97 2
11 81 1
12 65 2
34 44 2
43 69 2
10 19 2
24 93 2
22 58 2
51 107 1
6 83 1
59 100 2
41 81 2
14 41 2
45 111 1
17 53 2
15 84 1
28 51 2
34 58 2
18 115 1
27 36 2
39 41 2
31 74 1
12 69 2
19 27 2
12 29 2
36 67 2
3 27 2
34 57 2
19 70 2
42 53 2
70 108 1
56 100 1
5 39 2
3 58 2
4 13 2
22 86 1
40 97 2
37 79 2
12 94 2
2 26 2
39 72 1
20 74 1
13 89 1
50 110 2
47 57 2
48 61 2
5 56 2
15 29 2
26 39 2
7 45 2
18 86 1
18 31 2
22 55 2
3 105 1
7 80 1
20 118 1
48 64 2
28 56 2
45 51 2
42 119 1
21 110 1
29 60 2
28 60 2
19 99 1
19 118 2
58 118 2
36 47 2
64 68 2
50 82 1
6 51 2
58 96 1
28 32 2
67 77 1
24 80 1
60 88 2
28 112 1
38 65 2
35 79 2
61 82 1
15 20 2
6 34 2
12 39 2
50 95 1
36 114 1
38 56 2
1 90 1
32 76 1
33 58 2
48 101 1
31 54 2
28 37 2
66 84 2
49 102 1
68 83 1
10 34 2
1 43 2
70 89 1
54 95 1
49 75 2
61 106 1
43 55 2
66 76 1
29 65 2
45 52 2
57 109 2
40 99 2
36 65 2
31 70 2
37 107 1
25 40 2
49 88 1
63 114 2
0 18 2
62 76 1
38 43 2
34 88 1
60 100 1
56 84 2
68 84 2
4 75 2
8 45 2
60 108 2
44 51 2
6 60 2
12 38 2
56 119 1
18 38 2
10 41 2
38 79 2
13 110 1
26 60 2
25 56 2
53 64 2
36 70 2
61 116 1
41 62 2
17 111 1
5 94 2
37 76 2
2 5 2
20 57 2
23 93 2
33 55 2
14 57 2
7 63 2
58 109 2
6 57 2
1 65 2
32 69 2
3 44 2
66 112 1
2 102 1
38 74 1
5 10 2
10 25 2
25 30 2
6 19 2
0 63 2
30 104 1
31 90 2
3 5 2
24 77 1
40 77 1
7 72 1
28 50 2
4 70 2
22 25 2
68 100 2
10 35 2
3 4 2
28 97 1
6 30 2
33 65 2
56 91 1
11 18 2
36 68 2
54 96 1
11 105 1
12 22 2
27 65 2
60 106 1
25 61 2
21 68 2
70 92 2
3 61 2
1 23 2
1 117 2
10 112 2
4 73 1
18 88 2
59 78 2
3 20 2
14 21 2
37 83 2
69 116 1
16 113 1
24 105 1
18 112 2
37 56 2
36 92 2
34 38 2
49 112 1
44 109 2
43 90 1
1 63 2
41 46 2
15 98 2
18 19 2
18 98 1
46 89 2
9 61 2
64 86 2
32 115 1
26 46 2
68 72 1
23 70 2
15 44 2
33 68 2
0 10 2
1 24 2
32 80 1
58 84 1
41 58 2
16 63 2
23 100 1
27 51 2
58 62 2
3 15 2
45 103 1
65 114 2
21 107 2
57 102 1
0 62 2
41 85 1
38 98 1
70 110 2
56 59 2
1 114 1
0 5 2
50 53 2
46 51 2
62 88 2
4 23 2
27 52 2
44 71 2
68 74 1
8 17 2
47 111 1
13 41 2
59 118 2
8 16 2
4 85 1
10 48 2
45 62 2
27 88 2
15 102 1
56 83 1
27 96 1
22 117 2
50 115 1
4 7 2
20 107 2
18 68 2
0 4 2
0 119 1
39 90 1
70 94 2
46 69 2
2 57 2
40 42 2
23 110 1
50 99 2
42 57 2
43 54 2
25 62 2
40 71 2
24 58 2
25 32 2
30 37 2
42 117 1
16 24 2
34 69 2
44 60 2
27 53 2
46 63 2
15 16 2
24 47 2
57 60 2
69 118 1
27 68 2
22 113 2
48 50 2
10 11 2
71 91 1
46 52 2
36 50 2
38 57 2
5 13 2
38 41 2
48 52 2
25 85 1
24 39 2
36 41 2
61 66 2
33 96 2
56 77 1
34 85 2
2 19 2
67 118 2
5 73 2
32 54 2
32 117 1
51 55 2
29 44 2
46 113 1
34 109 2
22 28 2
8 93 1
62 68 2
9 15 2
41 88 1
8 65 2
0 108 1
13 117 1
29 104 1
42 56 2
67 76 2
38 100 2
4 45 2
44 64 2
37 99 1
20 97 1
15 52 2
65 101 1
2 55 2
2 113 1
21 72 1
14 39 2
43 56 2
66 89 2
76 110 1
24 50 1
56 70 1
67 113 2
