% n=40 p=33 d=0.33 p_blue=0.66
% k=0
6 10 2
1 20 2
1 34 1
8 35 1
7 32 1
10 12 2
8 9 2
10 11 2
10 16 2
6 39 1
1 25 2
10 15 2
6 15 1
1 23 1
0 13 2
7 15 2
8 37 2
11 19 2
1 19 1
3 13 2
12 23 2
8 39 2
0 6 2
0 17 2
7 12 2
11 33 2
8 25 1
8 18 1
13 19 2
4 23 2
3 8 2
1 6 2
0 19 2
12 15 1
9 15 2
2 25 2
10 34 1
11 21 2
5 10 2
11 14 1
9 10 2
0 38 2
2 36 1
4 12 2
0 8 2
3 11 2
3 34 2
3 5 2
11 20 2
10 31 2
12 28 1
1 35 2
8 10 2
5 11 2
4 10 2
2 21 2
1 10 2
0 25 2
7 14 2
7 35 2
1 14 1
3 27 1
1 27 2
5 25 2
8 15 2
5 27 1
0 11 2
10 18 1
2 11 2
3 7 2
2 23 2
8 36 2
9 27 2
5 8 2
8 19 1
5 22 1
1 37 1
8 13 2
6 17 2
2 20 2
6 28 2
9 18 1
4 6 2
9 34 1
9 25 1
4 7 2
0 3 2
4 32 2
13 16 2
1 2 2
11 39 2
5 20 2
5 13 2
6 7 2
9 13 2
10 22 2
4 9 2
9 11 2
6 30 1
10 14 2
4 37 2
9 19 1
6 12 2
9 32 2
6 9 2
0 2 2
4 8 2
6 23 2
12 39 2
6 11 2
1 28 2
12 29 2
1 9 2
3 25 2
3 12 2
6 13 2
8 11 2
5 9 2
5 33 2
1 7 2
2 5 2
10 28 1
3 29 1
9 33 1
2 31 2
2 14 2
7 30 1
4 26 2
0 7 2
13 25 2
2 30 2
0 22 1
11 16 2
0 20 1
2 18 2
8 12 2
4 21 2
8 22 1
1 21 2
13 30 2
9 12 2
7 9 2
1 12 2
7 34 2
13 39 2
7 27 2
2 17 2
7 36 2
13 37 2
1 36 2
0 9 2
3 9 2
2 10 2
11 17 2
2 8 2
13 21 2
9 39 2
0 29 2
11 12 2
6 20 2
11 13 2
10 13 2
0 36 1
11 25 2
1 24 2
13 26 2
7 18 2
2 4 2
0 10 2
6 32 1
13 18 1
2 39 2
0 4 2
7 31 2
7 10 1
19 20 1
2 38 2
4 13 1
5 6 1
8 20 2
1 4 1
2 6 1
10 27 2
4 11 1
19 31 2
11 27 1
3 15 1
9 20 2
1 13 1
15 35 2
12 27 1
4 38 2
20 27 1
12 20 2
5 15 2
1 3 1
2 27 2
2 19 1
0 5 1
0 27 2
3 19 1
6 31 1
8 27 2
12 31 2
8 38 2
11 15 2
12 19 1
2 12 2
3 4 1
13 31 1
2 35 1
7 19 2
13 20 2
2 9 1
15 19 2
3 10 1
10 20 2
5 12 2
