% n=30 p=33 d=0.33 p_blue=0.33
% k=0
2 7 2
2 9 2
2 28 1
2 8 2
2 26 1
8 29 1
3 21 1
9 25 1
1 2 2
0 22 1
7 18 1
8 24 1
3 26 2
5 8 2
7 25 1
0 13 2
7 22 2
6 8 2
1 26 2
1 16 1
1 5 2
5 7 2
5 24 1
3 9 2
4 5 2
3 23 1
6 7 2
2 19 1
1 9 2
0 3 2
9 15 1
4 10 1
6 25 2
6 17 1
2 3 2
0 2 2
2 16 1
3 8 2
0 14 1
1 19 2
0 7 2
9 13 1
4 11 2
9 16 2
5 27 1
0 8 2
2 10 2
3 13 1
9 18 1
4 7 2
4 6 2
1 8 2
1 28 1
3 19 1
2 5 2
0 28 1
6 11 1
5 9 2
0 1 2
1 20 1
7 27 2
3 12 1
0 25 1
0 9 2
6 24 1
7 24 1
5 15 2
0 12 1
1 7 2
6 9 2
8 27 1
9 12 1
3 6 2
5 18 2
3 27 1
6 23 2
8 28 1
7 9 2
7 10 2
6 16 2
5 10 1
5 6 2
8 23 1
4 28 2
0 15 1
9 11 1
23 29 1
2 6 1
21 23 2
4 25 2
3 18 2
8 9 2
1 18 1
4 8 2
3 29 1
1 4 1
0 4 1
4 22 2
0 18 2
3 20 2
0 6 1
4 29 1
1 3 1
8 18 1
3 5 2
25 29 1
18 29 2
2 20 1
6 22 1
20 25 2
1 21 1
0 21 2
7 20 1
8 21 1
5 23 2
21 29 2
7 23 2
18 25 1
