% n=100 p=33 d=0.66 p_blue=0.66
% k=0
19 95 2
18 42 1
7 67 2
22 49 1
25 46 2
7 84 1
3 23 2
31 80 1
19 52 2
8 76 2
7 8 2
26 69 1
29 34 1
19 83 2
15 39 2
23 84 1
28 68 1
15 50 1
28 72 1
18 51 1
5 8 2
19 93 2
3 18 2
32 62 2
0 99 1
18 97 2
13 71 1
17 24 2
10 94 2
6 81 2
13 63 1
1 18 2
27 51 1
11 45 2
1 35 2
15 25 2
9 14 2
13 72 1
7 81 2
9 82 2
17 88 2
7 87 2
7 47 1
26 34 1
20 66 2
18 90 2
29 77 2
9 23 2
18 95 2
19 79 2
26 58 1
2 16 2
31 90 2
18 64 1
3 65 2
0 47 1
24 92 2
30 88 2
5 55 2
2 52 2
8 68 2
25 43 1
4 43 2
7 19 2
29 68 2
4 58 1
21 60 1
0 93 1
21 47 2
4 35 1
1 6 2
1 83 2
11 31 2
11 83 2
16 30 2
25 67 2
20 30 2
1 31 2
11 23 2
16 51 1
21 71 2
7 75 1
15 49 2
17 82 2
24 77 1
12 65 1
22 40 2
10 27 2
22 92 1
30 50 1
1 22 2
18 67 2
17 27 2
26 54 2
11 61 2
16 97 2
31 52 2
12 83 1
3 51 2
31 43 2
16 73 2
30 96 2
20 76 2
3 24 2
31 97 2
21 95 2
10 28 2
16 25 2
5 60 2
17 35 2
31 48 2
31 65 2
29 39 2
16 94 2
5 83 1
18 77 2
18 84 2
6 65 2
10 53 1
19 31 2
7 57 2
10 56 1
1 73 2
11 50 2
8 64 2
5 9 2
14 42 1
2 65 1
3 60 1
6 15 2
17 43 2
17 72 2
11 43 1
15 30 2
0 26 2
10 44 2
15 26 2
16 61 2
32 43 1
25 75 2
1 17 2
2 19 2
29 99 2
17 69 2
10 55 2
12 24 2
1 86 2
4 67 2
15 51 2
15 16 2
30 72 2
3 13 2
16 34 2
30 69 1
0 25 2
13 95 2
9 42 1
27 58 2
24 78 2
27 92 2
11 70 2
1 30 2
3 14 2
8 65 2
26 74 2
6 51 1
21 86 2
27 28 2
8 88 2
15 67 1
20 23 2
10 70 2
19 20 2
10 51 1
3 34 1
23 98 2
0 19 2
28 43 2
16 22 2
11 71 2
5 56 1
19 25 2
30 81 2
30 99 1
14 61 2
32 36 1
11 79 2
2 30 2
7 82 2
0 27 2
25 58 1
15 99 2
9 22 2
10 83 2
15 85 2
32 89 1
10 24 2
3 25 2
18 71 2
12 43 2
15 76 1
12 88 2
25 61 1
25 49 1
21 29 2
4 56 2
11 73 1
1 26 2
25 27 2
28 80 2
16 28 2
18 63 1
13 32 2
11 28 2
0 2 2
23 61 2
1 62 2
20 68 2
22 70 1
13 64 1
9 31 2
17 18 2
11 49 2
18 49 2
12 45 1
16 37 2
12 23 2
9 85 2
3 56 2
13 94 2
25 99 1
1 45 1
5 70 2
14 28 2
13 91 2
27 49 2
13 24 2
24 62 2
13 88 2
0 13 2
27 97 2
0 21 2
30 38 1
1 71 1
19 55 2
14 40 2
3 37 2
3 57 2
18 23 2
10 47 2
2 36 2
0 61 2
5 30 2
9 83 2
28 87 2
9 56 2
10 67 1
26 56 2
13 55 2
10 18 2
19 36 1
31 55 1
11 22 2
30 33 1
0 37 1
8 96 2
10 52 2
13 33 1
3 35 1
13 80 2
28 30 2
17 19 2
6 12 2
26 70 2
13 89 2
22 25 2
6 25 2
24 40 2
2 13 2
12 50 2
31 61 1
19 60 2
11 12 2
17 66 2
26 93 2
6 31 2
14 47 2
5 90 2
8 67 1
20 80 2
20 77 1
2 3 2
18 29 2
23 86 1
1 48 2
20 75 1
15 93 1
16 74 2
19 37 2
31 50 2
0 17 2
21 90 2
19 46 2
7 26 2
0 18 2
13 61 1
13 34 1
15 84 2
25 56 1
25 62 2
3 61 2
15 98 2
1 37 2
4 6 2
4 12 2
8 63 2
23 89 2
11 41 1
21 28 2
9 46 1
4 83 2
5 32 2
23 62 2
6 11 2
23 75 2
24 53 1
23 76 2
13 22 2
29 70 1
2 81 1
30 52 1
31 68 2
4 66 1
21 99 2
4 5 2
32 41 2
16 68 2
24 34 1
1 92 2
10 89 2
2 7 2
11 48 1
6 62 2
2 62 1
31 42 1
21 58 2
10 57 2
2 27 2
16 29 2
12 90 2
31 58 2
18 30 2
20 92 2
32 40 2
25 98 1
9 29 2
25 65 2
6 21 2
12 25 2
23 46 2
22 73 2
11 24 2
0 15 2
12 93 2
3 40 2
6 14 2
7 32 2
8 32 2
8 40 2
32 64 1
15 18 2
11 52 2
0 6 2
19 97 1
11 32 2
5 63 2
4 20 2
16 39 1
28 65 2
26 87 2
27 90 2
14 91 1
1 3 2
23 56 2
31 46 1
30 85 2
24 98 2
20 40 1
30 94 1
10 64 2
7 45 2
6 50 1
9 58 1
5 20 2
31 51 2
26 39 1
11 14 2
28 90 2
13 38 2
9 72 2
13 48 2
17 21 2
20 55 2
27 45 1
29 53 2
9 15 2
3 79 2
3 85 2
22 93 2
10 75 2
9 21 2
2 74 2
31 78 1
11 60 2
21 66 1
3 30 2
1 70 1
10 16 2
29 93 1
20 25 2
18 39 1
16 69 1
21 22 2
12 82 2
29 84 2
8 31 2
16 76 2
21 56 1
6 49 2
32 34 1
17 30 2
7 27 2
21 42 2
2 25 2
4 25 2
2 35 2
11 88 2
4 15 2
20 94 2
0 46 1
12 26 2
23 79 2
21 85 1
32 38 1
9 19 2
15 73 2
7 78 2
12 32 2
28 98 2
30 62 1
18 25 2
16 62 1
15 72 2
10 26 2
0 53 2
19 88 1
23 60 2
26 41 2
0 80 1
17 79 2
13 21 2
12 56 2
6 77 1
10 46 2
32 76 1
23 67 2
18 79 2
5 91 1
25 79 1
23 33 2
26 59 2
11 56 1
20 29 2
15 41 2
24 66 2
2 97 1
3 54 2
31 71 2
24 51 2
13 15 2
25 74 2
26 40 1
21 57 2
6 99 2
10 62 1
9 69 2
16 96 1
28 57 1
8 38 2
16 23 2
11 47 2
21 74 2
0 5 2
26 76 1
17 61 1
25 94 1
23 72 2
17 37 2
26 72 1
24 65 1
25 71 1
31 45 1
9 61 2
4 28 2
11 77 1
20 27 2
4 24 2
17 71 2
18 96 1
15 78 1
12 73 1
29 56 2
32 54 1
14 53 2
11 96 2
29 44 2
18 75 2
2 64 2
2 89 2
28 64 2
26 94 1
9 24 2
4 90 1
20 52 1
4 30 2
6 30 2
20 56 2
0 34 2
19 58 1
8 21 2
0 88 2
0 1 2
2 22 2
6 72 2
20 42 2
6 59 2
11 92 1
6 95 2
17 94 2
12 27 2
4 88 2
21 24 2
19 38 1
0 42 2
21 30 2
21 35 2
1 36 1
13 92 2
14 48 2
10 59 2
17 26 2
27 35 2
5 88 2
5 76 1
31 86 2
6 27 2
27 76 1
14 66 2
3 45 2
8 24 2
27 52 2
12 16 2
32 48 2
13 30 2
28 32 2
3 55 2
30 31 2
3 84 2
3 43 1
23 99 1
1 46 1
10 31 2
9 86 2
8 99 1
28 97 2
22 51 2
21 25 2
8 54 1
13 58 1
12 76 1
4 38 1
24 29 2
22 67 2
8 11 2
31 82 2
4 59 1
16 36 1
13 16 2
0 23 2
18 88 2
32 71 1
8 59 2
26 79 2
3 98 2
22 43 2
10 69 2
21 36 1
1 29 2
0 22 2
4 76 2
27 84 2
30 98 2
18 44 2
29 50 1
8 18 2
7 14 2
13 43 1
7 93 2
7 20 2
1 21 2
19 78 2
5 73 1
5 66 1
12 13 2
0 82 2
15 29 2
27 95 2
32 53 2
4 17 2
29 36 1
5 62 1
23 90 2
22 59 2
4 44 2
7 83 1
2 96 1
28 46 2
24 67 1
14 98 2
2 69 2
23 96 2
6 28 2
15 94 1
2 49 1
18 53 1
20 89 1
0 60 2
30 64 2
25 63 2
13 25 2
22 72 1
2 33 2
5 39 2
30 84 1
24 54 1
27 82 1
26 71 2
12 69 2
6 40 2
3 22 2
16 84 1
3 88 2
13 28 2
31 36 1
2 15 2
24 31 2
22 27 2
11 42 2
6 92 2
13 93 1
0 3 2
14 15 2
6 87 2
6 79 1
3 9 2
2 93 2
19 30 2
9 12 2
22 96 2
20 45 2
12 62 2
15 89 2
21 23 2
16 26 2
20 21 2
0 44 2
32 80 2
27 60 2
2 66 2
11 64 1
28 78 2
15 79 2
18 19 2
23 91 1
2 61 2
2 84 2
11 62 1
14 82 2
14 51 1
3 26 2
31 99 2
19 65 1
3 47 1
20 33 2
32 82 1
22 64 1
7 29 2
2 4 2
0 78 1
4 65 1
21 38 1
17 86 1
24 87 2
0 4 2
9 84 2
30 97 1
7 36 1
31 66 1
7 16 2
31 91 2
31 76 2
24 42 2
12 14 2
7 22 2
14 52 1
25 50 2
10 90 1
26 37 2
10 14 2
5 15 2
20 85 2
19 90 2
10 39 2
27 37 2
11 46 2
16 66 2
20 43 1
2 18 2
3 99 2
9 32 2
2 31 2
19 62 2
29 64 1
13 40 2
18 21 2
6 19 2
28 37 1
0 92 2
2 26 2
3 66 1
3 93 2
31 75 2
3 38 1
29 82 1
18 32 2
11 44 2
10 61 2
0 7 2
18 91 1
4 62 2
10 98 1
2 42 2
7 94 1
16 70 2
14 59 2
23 43 2
7 24 2
26 45 1
2 29 2
17 87 2
17 46 2
15 75 2
8 75 2
21 67 2
5 72 1
29 58 2
30 71 2
18 31 2
16 89 1
6 47 2
22 23 2
30 36 2
15 35 1
0 43 2
6 74 2
0 32 2
14 73 1
0 29 2
8 60 2
12 20 2
27 96 1
7 90 2
3 87 2
17 53 2
10 66 2
15 24 2
19 89 1
8 92 1
7 56 2
13 45 2
13 18 2
8 58 1
5 11 2
5 19 2
28 70 2
6 82 1
15 28 2
6 91 2
14 97 2
25 52 2
18 34 2
8 78 1
3 74 2
3 52 2
19 92 2
23 32 2
31 41 1
5 6 2
26 42 2
7 99 1
15 87 1
10 32 2
29 48 2
8 41 2
4 41 2
19 64 1
26 86 1
16 20 2
12 30 2
14 24 2
4 32 2
16 38 1
14 23 2
21 78 2
6 10 2
7 88 2
12 94 1
22 99 1
28 81 1
5 13 2
13 98 1
14 64 1
7 73 2
24 60 2
13 99 2
31 60 2
20 31 2
6 58 1
26 64 2
7 23 2
4 34 2
14 30 2
5 40 2
27 32 2
32 84 1
12 68 2
24 64 2
20 60 2
13 82 2
16 99 1
14 18 2
29 32 2
22 31 2
5 10 2
15 86 1
6 42 2
17 23 2
26 83 2
29 37 2
15 88 1
8 27 2
3 89 1
3 28 2
3 20 2
13 17 2
27 53 1
19 21 2
30 40 2
29 66 2
26 84 2
28 36 2
15 37 2
9 10 2
4 80 2
2 34 2
15 36 1
16 90 1
11 89 1
1 40 2
1 96 2
26 29 2
4 22 2
20 81 2
1 72 2
8 17 2
16 41 2
8 79 1
16 77 2
1 97 2
7 11 2
15 68 2
18 41 1
24 81 2
27 30 2
26 99 2
4 23 2
9 91 1
16 60 1
14 27 2
11 16 2
18 98 2
23 25 2
17 25 2
8 20 2
19 80 2
32 58 2
12 35 2
1 32 2
13 29 2
24 68 1
6 32 2
24 46 2
20 97 2
16 63 1
1 28 2
19 23 2
0 83 1
28 29 2
14 89 1
17 44 2
19 39 2
7 98 1
1 23 2
10 36 1
9 18 2
4 54 2
27 91 2
5 26 2
32 94 1
32 97 1
4 70 1
14 16 2
21 80 2
9 27 2
7 64 2
15 63 2
14 92 2
30 90 1
6 29 2
2 21 2
15 57 1
17 96 1
22 61 1
27 42 1
21 46 2
8 45 1
31 54 1
24 41 1
31 93 2
0 55 2
7 35 2
1 55 2
3 49 1
28 75 2
6 9 2
23 30 2
14 19 2
2 38 2
23 65 1
0 20 2
17 29 2
13 23 2
8 36 2
0 86 1
12 31 2
9 33 2
6 16 2
3 82 2
10 17 2
4 16 2
31 92 1
24 85 1
4 37 1
7 10 2
17 83 2
16 35 1
3 33 2
31 49 1
1 24 2
5 54 1
0 95 2
24 95 2
20 59 2
16 79 2
12 98 2
12 99 2
20 95 2
32 85 2
6 13 2
17 70 2
21 27 2
12 95 1
17 59 2
2 20 2
18 70 2
21 45 1
13 26 2
12 77 2
4 40 1
12 67 1
17 98 2
6 64 2
10 29 2
24 26 2
30 73 1
22 71 2
18 52 2
8 97 1
25 84 2
5 34 1
3 92 2
28 51 2
8 86 2
27 63 2
7 85 2
11 13 2
6 52 1
18 28 2
18 50 1
9 98 1
1 12 2
16 82 2
29 59 1
25 88 1
9 16 2
20 32 2
11 18 2
28 35 2
17 22 2
4 51 1
14 39 2
3 69 2
0 81 1
26 92 2
22 90 1
6 76 1
0 8 2
2 79 2
14 34 1
25 57 2
14 70 2
7 63 1
26 31 2
14 95 1
0 70 2
11 33 2
29 51 2
2 94 2
31 85 2
9 87 2
1 25 2
26 65 1
4 69 2
25 51 2
6 53 1
20 36 1
12 78 2
1 98 2
12 63 2
29 79 2
10 50 2
25 41 2
18 24 2
12 41 2
1 10 2
8 25 2
26 53 2
5 45 1
6 86 2
26 67 2
27 71 1
10 72 2
28 63 1
11 15 2
18 22 2
4 26 2
4 18 2
3 81 2
32 61 2
12 75 2
25 78 2
25 97 1
9 28 2
13 97 2
11 35 1
23 92 2
27 99 2
20 61 2
22 30 2
11 19 2
1 11 2
5 50 1
5 93 2
13 86 2
6 24 2
8 56 2
3 96 1
0 9 2
22 60 1
29 35 2
8 33 2
20 38 2
23 52 2
10 34 2
32 98 1
30 48 2
18 94 1
22 75 2
19 43 2
5 22 2
29 76 1
31 62 2
15 27 2
29 71 2
1 51 2
11 94 2
32 75 2
1 90 2
24 25 2
10 38 2
28 69 1
22 47 2
29 47 2
4 96 2
18 62 2
0 10 2
10 91 2
30 32 2
8 12 2
5 79 2
8 89 2
25 48 2
13 76 1
25 32 2
25 93 2
24 94 1
15 82 1
5 17 2
14 32 2
14 58 1
24 44 2
30 54 2
7 72 2
6 98 1
6 34 2
26 95 1
6 67 1
27 31 2
29 80 2
26 49 2
1 87 2
29 81 1
0 85 2
26 30 2
20 34 2
32 51 2
24 71 1
31 89 1
11 66 1
18 66 2
26 28 2
8 49 1
23 59 2
9 11 2
5 14 2
31 67 2
23 41 2
6 7 2
10 49 2
18 58 2
25 83 2
17 57 1
10 65 2
3 42 2
4 14 2
6 69 2
23 28 2
5 65 2
14 90 2
16 75 2
30 77 1
7 49 1
10 87 2
6 17 2
1 27 2
27 39 1
7 62 1
2 43 2
5 48 2
12 19 2
24 88 2
20 74 1
7 21 2
12 80 2
16 78 2
18 83 2
1 94 2
8 69 1
20 62 2
20 46 2
25 87 2
18 74 2
18 33 1
10 84 2
22 34 2
15 22 2
28 60 2
18 27 2
3 31 2
6 20 2
8 80 2
16 59 1
11 84 2
0 73 2
4 60 2
22 94 2
31 47 2
0 96 2
32 42 2
23 29 2
12 28 2
9 43 2
31 70 2
15 66 2
18 99 1
21 52 2
8 13 2
10 23 2
23 70 1
22 33 2
16 31 2
7 91 1
7 61 2
12 85 2
29 65 2
31 87 1
28 67 1
22 24 2
31 34 2
14 55 1
22 79 2
1 8 2
7 69 2
29 57 1
14 21 2
25 81 1
22 65 2
27 94 2
2 39 2
1 15 2
15 33 1
19 34 2
29 30 2
1 39 2
5 27 2
17 55 1
30 35 2
6 75 2
31 64 2
8 10 2
27 34 2
4 31 2
32 86 1
27 88 1
17 99 1
9 25 2
17 77 2
0 51 2
12 48 2
16 19 2
11 86 2
19 28 2
24 96 2
9 65 1
23 97 2
3 94 2
27 62 1
8 73 1
31 57 2
32 49 2
16 86 1
2 95 1
6 83 2
11 36 1
15 54 2
29 75 2
15 80 2
30 74 2
26 38 2
3 4 2
7 37 2
29 62 2
10 99 2
18 56 2
12 22 2
14 87 1
1 80 2
7 89 2
22 87 2
11 58 2
5 57 2
1 16 2
31 32 2
12 86 2
6 57 1
14 99 2
2 9 2
27 33 1
5 29 2
1 2 2
2 32 2
11 98 2
28 52 1
10 15 2
1 13 2
28 49 2
0 38 2
27 73 2
23 74 2
5 97 2
18 93 2
5 78 2
14 65 2
4 57 2
14 75 1
4 82 2
25 76 1
22 98 2
15 83 1
32 77 2
15 97 2
18 57 1
5 68 1
10 30 2
8 39 2
18 26 2
28 84 2
2 17 2
21 72 1
14 33 2
1 14 2
12 81 2
8 66 1
19 68 2
4 11 2
4 50 2
21 32 2
15 20 2
20 22 2
14 26 2
23 27 2
26 91 1
6 38 2
11 76 2
14 69 1
28 79 2
10 45 1
19 50 2
29 91 1
25 92 1
6 66 2
16 91 2
18 92 1
23 26 2
27 56 2
16 87 2
24 93 1
0 31 2
19 51 2
23 24 2
21 62 1
32 57 1
4 47 1
24 52 1
2 14 2
10 77 2
9 39 2
10 40 2
1 84 2
25 82 1
26 52 2
6 60 2
0 49 2
1 67 1
6 23 2
15 65 2
0 69 2
0 14 2
13 81 2
0 98 2
12 89 2
25 29 2
8 84 2
24 28 2
17 39 2
11 72 2
5 74 1
9 20 2
7 96 2
3 16 2
4 39 2
8 93 1
27 29 2
28 95 1
13 42 2
5 85 1
29 74 2
30 67 2
11 30 2
23 66 2
22 28 2
19 29 2
6 63 2
24 32 2
30 53 2
8 90 2
15 60 1
0 56 2
2 11 2
27 78 1
19 71 1
12 79 2
30 42 1
2 72 2
29 41 2
11 40 2
15 90 1
5 28 2
27 69 1
8 95 1
29 72 2
15 43 2
15 58 2
17 45 2
19 81 1
22 77 1
19 56 2
17 67 2
23 63 2
3 11 2
28 99 1
15 21 2
0 89 1
28 34 1
5 16 2
19 82 1
16 18 2
30 83 1
3 12 2
30 80 2
3 15 2
32 70 2
4 45 2
29 73 2
22 35 2
19 48 2
13 66 2
12 39 2
3 97 2
3 21 2
17 73 2
11 63 2
1 77 2
30 43 2
9 49 2
23 68 1
14 37 2
22 95 2
19 59 2
20 71 2
12 64 1
26 90 2
5 21 2
20 35 2
23 83 2
14 86 2
1 64 2
18 87 1
27 57 2
3 32 2
14 60 1
7 76 2
13 47 2
23 85 1
21 75 1
9 96 1
30 93 1
8 47 1
2 98 2
31 83 2
12 29 2
10 37 2
19 44 1
23 31 2
12 17 2
22 76 2
14 72 2
17 31 2
7 30 2
32 81 2
14 45 2
29 60 2
15 23 2
15 19 2
8 26 2
22 50 2
1 93 1
7 17 2
22 86 1
11 26 2
15 55 1
23 48 1
1 41 2
9 35 2
8 52 1
28 86 1
5 23 2
5 87 1
8 23 2
20 53 2
15 69 2
6 36 1
19 22 2
9 30 2
24 30 2
8 50 2
14 77 2
8 62 1
7 25 2
22 45 2
0 63 1
11 27 2
10 13 2
28 50 2
20 28 2
32 96 2
6 97 2
28 31 2
31 59 2
5 64 2
11 53 2
22 26 2
0 66 2
1 43 2
24 27 2
3 5 2
22 36 2
4 81 2
12 15 2
24 83 1
2 24 2
1 58 2
3 10 2
10 11 2
5 37 1
10 21 2
24 91 2
19 26 2
8 77 2
8 28 2
8 98 1
10 82 2
10 85 2
8 91 1
21 53 2
18 82 2
4 27 2
15 34 2
16 50 2
3 6 2
10 79 1
22 38 1
23 81 2
25 37 1
13 31 2
5 7 2
11 93 1
27 89 2
3 27 2
18 46 1
11 54 1
12 60 1
18 55 1
8 85 2
16 85 2
19 32 2
25 55 1
1 53 2
21 68 1
25 35 2
10 19 2
6 89 2
14 17 2
21 33 2
11 25 2
7 15 2
9 52 1
0 97 1
29 89 1
25 31 2
15 53 2
21 39 2
0 36 1
24 86 2
4 89 1
15 32 2
25 42 2
29 98 2
10 12 2
12 33 1
4 8 2
26 33 1
14 20 2
20 44 1
5 12 2
12 40 2
21 77 2
15 59 2
32 69 2
14 67 2
17 51 1
1 81 2
7 18 2
23 88 2
23 38 2
4 85 2
30 70 1
32 66 1
14 84 1
27 50 2
1 5 2
9 13 2
21 73 2
22 32 2
10 60 2
32 44 2
5 18 2
16 83 2
22 46 2
17 41 1
4 98 2
9 99 2
32 95 2
17 50 2
19 42 1
1 4 2
5 25 2
13 68 2
30 58 1
1 50 1
28 66 2
18 20 2
7 12 2
16 58 1
31 39 2
1 78 2
28 59 2
26 46 1
14 29 2
20 65 2
14 88 1
7 55 2
18 54 1
10 81 1
0 62 2
1 82 1
26 36 1
30 61 2
19 24 2
30 39 2
7 40 2
2 37 1
17 48 1
2 23 2
13 52 2
0 71 1
5 58 2
28 74 1
30 82 1
2 82 2
27 61 2
15 40 1
23 44 1
3 68 1
17 28 2
14 74 2
2 83 1
1 9 2
21 98 2
10 63 1
27 41 2
20 91 2
16 57 2
4 93 1
9 64 2
11 20 2
27 72 1
19 73 1
14 94 1
9 77 2
17 32 2
19 57 2
21 44 2
7 31 2
0 41 2
11 51 2
2 73 2
7 66 2
22 83 2
26 62 2
28 83 1
30 95 1
1 63 2
10 25 2
1 47 1
15 17 2
4 13 2
5 82 2
24 35 2
26 32 2
1 79 2
5 53 2
16 93 1
32 37 1
27 81 2
19 27 2
11 29 2
26 35 1
1 19 2
22 68 2
28 48 2
1 76 1
10 22 2
2 63 1
3 46 2
2 47 1
28 40 1
28 42 2
0 28 2
10 78 1
14 93 2
15 96 2
12 21 2
28 91 2
16 27 2
4 7 2
6 56 1
2 77 2
1 69 2
1 20 2
12 66 1
5 59 1
20 37 1
4 78 2
18 40 1
6 22 2
7 48 2
31 44 1
26 96 2
4 9 2
20 54 2
10 41 2
28 53 2
3 19 2
0 11 2
17 42 2
0 24 2
25 33 2
17 75 2
19 94 2
25 54 1
8 82 2
29 52 1
11 99 2
14 38 2
1 89 2
5 44 2
2 12 2
6 33 1
16 24 2
2 55 1
14 71 1
25 28 2
7 33 1
1 91 2
30 91 2
11 75 2
8 55 2
7 42 2
1 54 2
17 33 2
26 82 2
3 8 2
18 85 2
8 22 2
5 81 2
26 27 2
29 87 2
4 75 2
14 68 1
18 47 1
8 15 2
13 20 2
13 85 1
21 50 1
25 38 1
19 66 1
4 21 2
26 77 1
20 70 2
17 36 2
9 75 2
8 19 2
9 63 2
11 81 1
29 45 2
3 91 2
17 60 1
11 59 1
22 48 2
2 90 1
0 30 2
16 21 2
23 95 2
4 19 2
13 27 2
4 92 1
15 62 1
14 76 2
6 78 1
0 12 2
1 57 2
7 28 2
19 72 2
31 73 2
2 6 2
14 49 1
13 14 2
14 46 2
22 88 2
3 95 2
18 81 2
4 63 1
22 85 2
14 22 2
1 88 2
25 26 2
3 70 2
2 5 2
28 41 2
32 59 2
9 60 2
9 36 2
26 89 2
29 95 1
16 32 2
28 71 2
17 91 2
25 30 2
22 52 1
11 17 2
27 55 1
8 29 2
31 79 2
2 67 2
1 7 2
6 80 2
15 74 1
18 38 1
17 84 1
8 30 2
8 9 2
21 43 1
32 65 2
8 61 2
6 84 2
7 51 1
22 55 2
30 78 1
12 91 1
8 16 2
9 79 1
21 87 1
3 29 2
14 31 2
32 33 1
29 42 2
2 85 2
13 73 1
12 49 2
0 48 2
12 59 2
20 98 2
11 21 2
6 44 2
29 85 1
26 75 1
10 96 2
7 71 2
8 14 2
32 45 1
6 18 2
21 26 2
3 76 1
13 19 2
30 34 2
15 48 1
23 54 2
9 97 1
7 52 2
10 92 2
4 99 1
23 49 2
12 84 2
20 26 2
13 84 1
13 87 1
23 45 2
3 72 2
24 79 2
7 95 1
25 68 1
20 47 1
22 97 2
23 82 1
22 81 2
15 61 2
27 54 2
2 10 2
20 84 2
2 8 2
21 31 2
9 47 2
14 35 2
20 82 1
11 67 2
29 96 2
23 35 1
25 66 1
22 29 2
7 70 2
7 92 1
3 59 1
0 35 2
21 48 1
14 63 2
12 18 2
29 90 1
6 26 2
13 46 2
9 26 2
8 94 2
2 28 2
32 50 2
9 17 2
7 44 1
3 17 2
16 65 2
6 45 2
14 25 2
4 74 2
20 24 2
10 20 2
24 76 1
8 53 1
2 68 1
6 8 2
11 80 2
3 44 1
25 40 2
7 68 2
8 57 2
10 43 2
12 51 2
20 88 2
1 56 1
4 29 2
14 56 2
32 73 1
30 66 2
7 59 1
5 31 2
3 53 1
23 69 2
12 34 2
19 41 2
13 37 2
7 46 2
15 38 2
3 71 1
10 80 1
3 7 2
2 75 2
16 45 2
5 46 2
7 13 2
11 39 2
29 88 2
16 17 2
0 79 1
19 40 2
28 62 2
17 20 2
7 53 2
10 95 2
27 43 1
27 59 2
0 16 1
4 10 1
15 31 1
39 49 2
68 80 2
21 34 1
2 45 1
9 71 2
29 31 1
7 9 1
49 81 2
65 71 2
24 39 1
4 68 1
43 45 1
5 24 1
5 95 1
