% n=20 p=60 d=0.66 p_blue=0.33
% k=0
4 8 2
6 7 2
6 12 2
1 7 2
0 18 1
3 8 2
7 17 1
2 7 2
4 14 2
7 16 1
6 17 1
7 11 2
1 9 2
6 10 2
11 15 1
1 19 1
0 14 1
8 17 1
5 16 1
6 13 2
0 13 2
9 18 2
0 15 1
1 6 2
8 15 1
4 16 2
6 11 2
3 15 1
11 13 2
2 8 2
4 10 2
2 19 1
0 16 2
1 15 1
9 15 1
11 18 1
3 16 2
5 17 1
6 15 2
10 12 1
0 4 2
5 13 1
7 10 2
7 18 1
7 14 1
4 11 2
5 7 2
8 18 2
3 12 2
6 18 1
3 7 2
4 18 1
10 13 2
11 17 1
6 14 1
11 14 1
4 7 2
1 11 2
11 19 1
6 19 2
0 11 2
9 12 1
2 13 2
10 14 1
1 16 1
8 13 1
5 10 2
9 16 2
0 1 2
7 12 2
1 14 2
9 13 1
1 17 2
5 6 2
0 2 2
0 6 2
4 9 2
7 13 1
4 13 1
0 12 2
2 5 2
0 7 2
8 12 2
0 10 2
1 12 1
4 17 1
10 17 1
2 10 2
9 17 1
3 10 2
10 19 1
5 11 2
1 10 2
4 19 1
10 18 1
3 17 1
1 3 2
3 19 2
1 5 1
2 16 2
2 11 1
4 5 1
1 8 2
8 10 1
9 10 1
7 8 1
5 18 1
2 3 1
0 19 2
0 5 1
5 8 1
2 9 1
6 9 1
0 9 1
2 18 2
9 11 1
10 11 1
3 9 1
11 16 2
2 6 1
1 4 1
6 16 1
7 19 2
8 9 1
8 11 2
