% n=30 p=60 d=0.33 p_blue=0.66
% k=0
0 6 2
6 23 2
8 14 2
16 25 1
0 15 2
10 15 2
6 25 1
2 10 2
2 25 2
0 11 2
1 9 2
4 10 2
1 5 2
8 22 2
5 22 1
10 27 2
7 9 2
16 17 2
0 29 2
6 12 2
5 10 2
7 28 1
0 2 2
8 9 2
14 16 2
14 19 2
6 11 2
6 24 2
7 19 2
12 15 2
13 25 2
3 9 2
17 18 2
12 29 2
11 19 1
7 14 2
1 17 2
1 14 2
9 13 2
5 24 2
15 24 2
0 9 2
8 13 2
9 23 2
17 19 2
9 21 2
8 17 2
0 22 2
5 16 2
4 5 2
6 8 2
0 12 2
16 26 2
16 27 2
9 14 2
6 9 2
7 11 2
4 15 2
8 10 2
0 5 2
2 24 1
11 28 2
0 17 2
13 18 2
0 24 2
12 19 2
3 14 2
1 18 2
12 17 2
3 5 2
10 11 2
2 4 2
12 24 2
1 11 2
0 4 2
0 14 2
12 27 2
3 21 2
14 17 2
17 20 1
1 15 2
4 14 2
10 14 2
0 8 2
5 13 2
11 26 2
13 14 2
15 21 1
4 9 2
0 1 2
7 17 2
0 19 1
9 22 2
3 16 2
10 13 2
9 10 2
5 12 2
3 6 2
9 15 2
4 22 2
11 15 2
7 13 2
12 26 1
13 29 2
4 18 1
9 29 1
15 16 2
3 24 2
6 16 2
7 26 1
8 21 2
9 12 2
9 16 2
5 18 1
7 23 2
1 13 2
2 16 2
9 24 1
7 12 2
3 7 2
0 27 2
4 13 2
12 14 2
2 7 2
15 17 2
13 24 2
2 20 1
14 23 1
1 12 2
2 8 2
13 26 2
7 16 2
0 26 2
8 11 2
8 19 2
15 18 2
8 18 2
2 6 2
8 16 2
14 28 2
5 8 2
15 28 2
11 17 2
4 23 2
3 8 2
13 27 2
8 20 2
1 16 2
9 18 2
0 7 2
13 16 2
1 7 2
12 22 2
3 12 2
10 17 2
13 15 2
2 11 1
9 25 2
2 23 2
6 7 1
17 29 1
12 13 1
3 10 1
3 15 1
5 11 1
8 15 1
3 18 1
1 10 1
10 12 1
15 23 1
6 15 1
11 14 1
3 17 1
1 3 1
3 23 1
7 10 2
0 10 1
4 16 1
3 13 2
23 25 2
4 11 1
1 29 1
4 8 1
2 14 1
3 11 2
4 25 1
13 17 1
11 13 1
3 25 2
5 6 1
0 18 2
10 29 2
12 25 1
9 11 1
9 17 2
8 23 1
15 25 1
5 9 1
11 25 1
11 23 1
5 17 1
5 7 1
5 15 1
6 29 1
11 12 1
4 12 1
0 3 2
0 13 1
6 14 1
1 8 2
