% n=170 p=60 d=0.33 p_blue=0.66
% k=0
36 45 2
0 19 2
51 96 2
67 166 1
17 98 2
8 100 2
12 51 2
76 97 2
78 105 1
36 40 2
85 164 2
65 113 2
97 152 1
34 38 2
3 133 1
64 123 2
47 85 2
56 82 2
59 88 2
1 50 2
36 79 2
78 115 1
3 42 2
23 44 2
78 164 2
77 92 2
64 84 2
42 45 2
26 128 1
74 76 2
57 58 2
21 59 2
1 48 2
77 106 1
67 98 2
0 94 2
5 94 2
91 159 2
19 32 2
5 122 2
16 90 2
61 129 2
4 131 2
68 121 2
23 92 2
1 33 2
47 110 2
74 165 1
10 59 2
7 72 2
80 114 2
6 167 1
89 122 2
65 73 2
6 43 2
44 146 2
18 151 2
70 166 2
3 37 2
63 72 2
15 54 2
38 99 2
47 70 2
30 78 2
7 157 1
9 17 2
11 73 2
90 96 2
22 85 2
46 101 2
23 88 2
62 67 2
80 112 1
54 106 1
34 152 2
42 154 2
3 83 2
57 92 2
0 150 1
28 88 2
13 30 2
69 77 2
0 70 2
45 48 2
88 166 2
23 69 2
12 82 2
51 54 2
35 52 2
30 52 2
87 112 2
19 38 2
66 73 2
3 15 2
40 49 2
16 26 2
71 102 2
43 89 2
40 79 2
26 39 2
4 10 2
52 55 2
25 151 1
37 69 2
23 59 2
21 53 2
100 168 1
40 140 2
23 50 2
6 42 2
99 100 2
47 72 2
62 89 2
4 25 2
38 109 2
28 51 2
31 36 2
13 27 2
6 93 2
9 32 2
83 91 2
16 102 1
75 132 2
37 57 2
13 24 2
30 62 2
3 17 2
38 159 2
2 39 2
24 92 2
29 76 2
66 92 2
18 37 2
18 20 2
2 54 2
65 95 2
20 92 2
48 77 2
38 140 2
11 53 2
58 60 2
65 91 2
8 22 2
89 119 2
0 114 1
10 70 2
42 97 2
35 57 2
76 93 2
96 118 2
28 61 2
19 71 2
3 10 2
10 37 2
89 131 1
98 113 2
2 6 2
73 92 2
52 76 2
16 156 2
48 120 2
10 69 2
28 79 2
40 82 2
33 64 2
16 23 2
47 57 2
5 84 2
96 133 2
11 16 2
20 169 1
35 123 2
48 88 2
51 144 2
42 44 2
3 91 2
30 91 2
49 169 1
52 126 2
59 65 2
32 97 2
26 54 2
95 106 2
23 26 2
9 92 2
26 48 2
71 74 2
2 46 2
101 135 2
14 80 2
13 20 2
12 28 2
30 57 2
29 121 2
13 132 1
25 68 2
45 108 2
32 93 2
28 77 2
39 42 2
10 97 2
23 40 2
46 120 1
34 118 2
47 98 2
15 46 2
56 135 2
28 92 2
70 83 2
69 74 2
6 8 2
14 23 2
3 164 1
16 58 2
13 89 2
25 78 2
24 87 2
19 83 2
5 34 2
96 143 1
29 102 2
13 83 2
4 68 2
65 96 2
69 144 2
18 63 2
12 138 2
5 83 2
52 127 1
15 30 2
50 66 2
2 14 2
22 30 2
30 101 2
4 65 2
43 72 2
9 13 2
4 44 2
20 141 1
15 24 2
51 160 2
38 81 2
56 70 2
66 127 1
66 88 2
68 104 1
55 80 2
0 14 2
5 28 2
18 72 2
4 37 2
50 113 1
24 134 2
4 63 2
49 142 2
47 59 2
80 93 2
9 67 2
80 95 2
5 69 2
11 129 1
51 68 2
52 58 2
50 124 2
22 67 2
39 74 2
49 97 2
12 79 2
54 58 2
51 62 2
40 74 2
65 108 1
54 95 2
69 82 2
77 81 2
18 29 2
24 28 2
2 65 2
16 67 2
18 75 2
63 154 2
74 84 2
18 50 2
39 85 2
14 94 2
56 162 2
15 68 2
1 69 2
77 93 2
46 78 2
55 75 2
82 122 2
43 69 2
16 29 2
48 109 2
25 92 2
55 70 2
46 99 2
54 165 1
73 113 1
4 73 2
45 71 2
47 112 2
79 99 2
34 154 2
31 151 2
83 107 2
66 83 2
91 115 2
23 164 1
90 139 1
83 166 1
7 34 2
74 150 2
4 110 1
62 72 2
64 95 2
12 25 2
40 89 2
21 51 2
15 76 2
39 98 2
42 118 2
59 75 2
63 146 1
71 121 2
73 86 2
16 19 2
14 60 2
23 77 2
23 52 2
24 93 2
14 51 2
53 94 2
99 127 2
4 70 2
36 142 2
32 85 2
48 63 2
23 87 2
94 162 2
25 49 2
16 88 2
48 162 2
21 60 2
67 101 2
94 153 1
4 23 2
63 123 1
31 66 2
38 128 1
22 99 2
69 81 2
24 100 2
54 164 2
19 94 2
2 5 2
63 168 2
50 85 2
0 41 2
21 23 2
8 17 2
52 71 2
29 89 2
39 56 2
78 114 2
57 107 2
96 138 1
17 92 2
21 96 2
3 141 2
7 30 2
44 137 1
5 6 2
69 78 2
3 154 1
4 7 2
0 47 2
67 76 2
64 83 2
45 161 1
26 74 2
35 168 1
91 98 2
26 66 2
8 103 1
50 95 2
51 84 2
27 95 2
26 32 2
48 90 2
4 38 2
91 100 2
17 26 2
65 93 2
80 94 2
62 98 2
30 72 2
22 37 2
66 136 2
47 100 2
80 110 1
21 27 2
62 84 2
69 76 2
6 15 2
46 86 2
0 86 2
53 168 1
74 133 1
33 103 1
9 89 2
10 101 2
94 164 1
88 90 2
98 127 2
35 43 2
12 81 2
42 94 2
52 85 2
18 35 2
46 104 2
26 93 2
16 48 2
78 97 2
2 37 2
19 97 2
50 61 2
65 98 2
42 60 2
15 95 2
27 96 2
64 135 2
86 134 2
74 121 2
76 88 2
13 119 2
80 88 2
52 101 2
10 149 2
14 78 2
28 85 2
3 36 2
51 127 1
45 86 2
52 163 1
22 94 2
8 120 1
71 112 1
24 69 2
87 98 2
16 77 2
49 121 2
100 136 2
42 116 2
3 169 2
78 83 2
90 92 2
0 57 2
37 77 2
51 111 1
21 89 2
9 27 2
49 98 2
85 167 2
53 76 2
27 94 2
14 87 2
68 77 2
48 66 2
37 92 2
26 91 2
25 57 2
21 79 2
42 51 2
26 70 2
19 116 2
37 167 2
10 33 2
38 59 2
9 55 2
30 81 2
40 80 2
1 4 2
30 121 2
23 141 2
90 151 1
34 73 2
15 153 2
72 158 1
63 88 2
4 64 2
31 55 2
70 107 2
28 60 2
53 74 2
49 143 1
60 151 2
81 87 2
0 76 2
57 90 2
16 113 1
11 76 2
59 130 2
20 40 2
38 117 2
86 131 1
13 21 2
60 127 2
26 40 2
56 68 2
100 143 1
101 111 1
21 33 2
79 150 2
62 159 2
80 120 1
26 64 2
47 95 2
72 81 2
26 159 2
60 63 2
28 139 2
64 73 2
38 86 2
5 70 2
35 84 2
18 64 2
23 51 2
8 169 2
41 44 2
36 52 2
32 60 2
25 54 2
72 131 1
97 99 2
0 92 2
22 60 2
52 154 1
3 51 2
28 132 2
10 82 2
26 27 2
83 118 1
82 140 2
58 146 2
8 29 2
21 69 2
11 87 2
74 99 2
51 57 2
85 168 2
5 126 2
22 55 2
30 41 2
15 25 2
24 79 2
98 146 1
30 65 2
42 48 2
76 98 2
42 96 2
17 39 2
19 75 2
50 57 2
11 12 2
18 44 2
1 5 2
74 79 2
29 147 2
5 53 2
32 56 2
72 96 2
11 80 2
9 24 2
88 131 2
21 38 2
19 88 2
92 129 1
50 102 2
25 52 2
47 80 2
45 62 2
3 25 2
50 143 1
29 33 2
20 91 2
23 35 2
18 34 2
23 29 2
4 61 2
10 53 2
79 128 2
12 17 2
55 133 1
7 58 2
9 11 2
26 31 2
58 89 2
66 90 2
42 53 2
73 134 1
24 61 2
32 89 2
21 146 2
17 132 2
27 56 2
4 77 2
28 98 2
18 52 2
36 49 2
31 56 2
27 101 2
96 168 2
79 92 2
2 70 2
96 154 1
79 95 2
27 35 2
56 100 2
19 21 2
7 145 2
68 92 2
45 54 2
41 96 2
64 100 2
98 120 2
10 161 2
23 56 2
35 161 1
12 131 2
81 97 2
8 89 2
61 83 2
45 49 2
57 80 2
8 85 2
74 122 2
13 75 2
90 134 2
48 52 2
87 101 2
31 38 2
88 168 2
89 142 1
60 154 2
91 118 1
85 127 2
32 122 1
12 93 2
82 124 1
46 84 2
10 31 2
36 120 1
70 169 2
79 94 2
36 54 2
5 132 1
24 36 2
22 45 2
96 161 2
57 68 2
23 96 2
58 155 2
55 79 2
85 130 2
59 116 1
29 54 2
30 163 2
10 73 2
93 142 1
21 56 2
59 100 2
5 66 2
34 63 2
56 132 2
46 87 2
14 53 2
9 56 2
14 33 2
52 97 2
0 77 2
3 41 2
40 68 2
33 101 2
9 30 2
76 163 2
46 70 2
62 129 2
66 74 2
43 71 2
9 70 2
71 82 2
45 123 2
68 158 2
9 12 2
44 139 2
25 37 2
62 157 1
3 21 2
24 137 1
6 154 1
13 44 2
8 154 2
17 101 2
16 57 2
59 62 2
74 95 2
2 57 2
32 65 2
4 88 2
7 120 1
21 55 2
17 126 1
85 169 1
11 26 2
60 113 1
29 133 2
3 66 2
8 74 2
28 74 2
11 83 2
2 13 2
83 145 2
2 83 2
68 84 2
20 70 2
2 101 2
100 166 2
27 138 2
22 82 2
2 52 2
47 159 1
8 91 2
83 149 1
2 44 2
25 35 2
39 55 2
97 103 2
95 101 2
5 32 2
81 101 2
6 84 2
44 58 2
12 68 2
12 35 2
3 92 2
99 133 2
35 147 2
15 22 2
48 51 2
79 133 2
27 65 2
55 153 1
45 63 2
2 95 2
8 70 2
99 122 1
26 86 2
39 106 2
44 149 2
11 28 2
45 74 2
54 85 2
17 109 1
40 96 2
88 165 2
0 25 2
34 95 2
53 77 2
12 39 2
6 58 2
22 47 2
5 92 2
53 79 2
33 45 2
24 50 2
49 52 2
17 143 2
12 18 2
31 99 2
42 74 2
63 78 2
90 110 1
37 148 2
9 98 2
59 85 2
82 92 2
67 100 2
71 80 2
32 138 2
53 72 2
28 78 2
26 111 1
4 75 2
58 62 2
11 41 2
49 77 2
85 147 2
12 108 2
32 99 2
71 90 2
0 75 2
62 156 2
83 130 1
36 154 1
8 66 2
75 95 2
33 93 2
18 79 2
40 92 2
19 128 2
7 87 2
15 96 2
17 60 2
75 87 2
90 98 2
6 10 2
30 59 2
52 169 2
43 87 2
2 116 2
81 90 2
75 151 2
74 77 2
6 18 2
89 111 1
7 82 2
14 47 2
0 69 2
25 59 2
13 95 2
56 75 2
32 66 2
3 69 2
17 37 2
69 164 2
57 136 2
2 149 2
43 93 2
65 67 2
46 63 2
10 12 2
72 80 2
33 88 2
6 27 2
36 95 2
86 99 2
60 94 2
28 101 2
50 145 2
1 20 2
8 16 2
54 74 2
28 89 2
33 63 2
1 117 2
42 101 2
23 25 2
84 101 2
5 16 2
21 67 2
42 52 2
49 113 1
5 85 2
32 53 2
10 23 2
58 70 2
4 152 2
57 154 1
77 128 2
62 65 2
21 80 2
42 98 2
61 81 2
44 84 2
27 97 2
39 92 2
4 80 2
99 101 2
76 102 2
23 67 2
12 45 2
22 71 2
35 92 2
23 148 1
5 96 2
2 143 2
5 91 2
61 158 1
81 134 2
52 69 2
32 62 2
8 54 2
4 19 2
1 39 2
1 61 2
30 69 2
67 152 2
12 121 2
56 153 2
56 101 2
30 119 1
15 91 2
100 131 2
34 46 2
50 88 2
38 102 1
56 77 2
72 77 2
50 77 2
77 113 2
101 120 2
90 97 2
12 66 2
17 30 2
70 96 2
2 50 2
84 123 2
16 45 2
17 20 2
32 76 2
50 59 2
13 35 2
26 100 2
43 154 1
63 137 2
18 45 2
12 88 2
36 51 2
72 134 2
86 94 2
20 94 2
71 72 2
30 32 2
2 18 2
62 85 2
14 46 2
59 91 2
39 60 2
14 39 2
16 55 2
21 73 2
18 145 2
13 68 2
19 122 2
1 52 2
69 167 2
37 78 2
55 87 2
56 98 2
8 12 2
5 97 2
68 125 1
36 84 2
21 71 2
32 55 2
72 93 2
51 163 2
1 34 2
26 95 2
31 73 2
14 19 2
54 78 2
44 100 2
95 168 1
101 116 1
76 108 2
90 140 1
72 145 1
52 112 1
1 126 1
33 80 2
19 80 2
41 43 2
7 91 2
71 76 2
98 110 2
45 60 2
56 94 2
7 137 1
41 66 2
15 104 1
41 143 2
76 123 1
32 34 2
12 63 2
60 101 2
2 144 1
5 19 2
1 15 2
61 68 2
55 99 2
49 114 2
48 81 2
37 127 2
42 91 2
24 74 2
23 105 2
89 90 2
22 92 2
64 78 2
38 63 2
45 167 2
62 109 1
90 91 2
68 166 2
19 59 2
76 142 2
26 98 2
83 94 2
22 57 2
22 31 2
71 132 1
11 127 2
87 99 2
50 93 2
7 73 2
1 2 2
29 43 2
30 168 2
51 146 1
33 124 2
69 85 2
5 62 2
61 138 2
41 72 2
59 150 1
40 81 2
17 141 1
52 145 2
5 67 2
3 46 2
1 38 2
63 66 2
39 83 2
2 73 2
43 156 2
3 72 2
78 153 1
24 99 2
19 87 2
41 138 2
12 94 2
19 66 2
65 146 1
6 126 1
56 66 2
26 97 2
79 148 1
80 90 2
27 82 2
63 70 2
76 92 2
13 72 2
7 51 2
51 113 1
47 68 2
35 68 2
24 109 1
54 84 2
54 79 2
60 99 2
20 36 2
29 62 2
0 18 2
63 91 2
49 157 2
45 158 2
1 109 2
37 110 2
71 159 1
29 139 2
3 89 2
37 96 2
20 28 2
6 38 2
40 139 2
2 25 2
97 156 1
74 93 2
15 99 2
1 63 2
34 45 2
28 52 2
4 48 2
1 105 2
47 87 2
53 83 2
87 103 2
29 98 2
61 99 2
13 25 2
43 94 2
14 25 2
3 18 2
60 103 1
46 160 2
26 94 2
51 98 2
75 137 2
60 67 2
96 100 2
31 74 2
23 60 2
51 138 2
7 42 2
27 90 2
34 126 2
85 166 2
79 138 2
27 98 2
28 40 2
44 162 1
84 93 2
15 58 2
26 52 2
62 83 2
1 21 2
3 93 2
5 77 2
53 148 2
10 145 1
14 17 2
38 167 2
28 152 1
30 67 2
21 99 2
26 84 2
29 41 2
15 113 1
30 98 2
72 168 2
54 63 2
20 67 2
43 78 2
52 87 2
8 151 2
36 81 2
16 42 2
10 66 2
59 164 2
4 69 2
33 61 2
47 94 2
63 113 2
44 116 2
20 33 2
52 63 2
73 85 2
28 104 2
27 52 2
11 32 2
19 20 2
9 47 2
13 131 2
35 112 2
64 164 2
101 114 2
17 62 2
4 41 2
23 91 2
85 156 2
20 89 2
57 142 2
13 66 2
38 91 2
47 55 2
81 89 2
19 104 2
45 136 2
15 27 2
1 62 2
75 101 2
22 145 2
0 111 1
13 123 2
87 157 1
30 113 2
23 45 2
61 75 2
16 53 2
19 56 2
19 34 2
6 123 2
73 127 1
29 57 2
12 40 2
78 117 2
7 53 2
14 21 2
6 88 2
58 116 2
50 120 1
92 120 2
22 84 2
34 61 2
12 69 2
89 123 2
37 51 2
17 91 2
55 95 2
64 149 2
30 94 2
24 89 2
41 64 2
46 148 1
78 119 1
21 22 2
70 91 2
18 19 2
31 54 2
74 148 1
56 78 2
49 136 2
47 120 2
54 77 2
25 83 2
41 93 2
20 75 2
23 131 2
94 108 1
63 136 2
3 163 1
19 39 2
84 105 1
66 72 2
52 146 2
16 41 2
3 70 2
5 8 2
66 79 2
69 88 2
58 63 2
39 67 2
31 43 2
32 91 2
48 49 2
13 85 2
23 94 2
44 90 2
44 64 2
3 125 2
58 117 2
79 100 2
45 76 2
15 162 1
89 134 1
11 143 2
48 64 2
2 142 1
68 89 2
3 29 2
13 54 2
43 66 2
38 51 2
44 74 2
37 59 2
37 74 2
62 116 2
41 160 2
33 59 2
15 47 2
16 30 2
75 104 2
6 56 2
39 48 2
4 50 2
87 115 1
0 140 2
31 90 2
39 80 2
19 64 2
49 66 2
31 94 2
8 99 2
50 146 2
36 145 1
18 24 2
58 105 1
77 168 1
19 102 2
57 134 2
59 67 2
3 151 2
45 94 2
21 46 2
5 140 2
26 34 2
27 62 2
30 167 1
33 74 2
29 36 2
52 149 2
58 65 2
67 119 1
53 112 2
44 70 2
71 166 2
71 83 2
4 160 2
4 60 2
1 58 2
31 115 2
65 90 2
51 101 2
4 97 2
40 93 2
2 119 2
75 161 2
32 124 2
30 77 2
61 164 2
18 118 2
53 92 2
22 97 2
92 123 1
8 96 2
89 146 2
32 165 2
39 57 2
39 94 2
18 70 2
27 67 2
9 58 2
2 96 2
11 24 2
42 63 2
73 91 2
45 73 2
69 95 2
26 43 2
5 100 2
24 25 2
9 33 2
25 138 2
10 142 2
37 52 2
64 155 2
29 107 1
10 98 2
13 152 2
35 75 2
60 98 2
9 75 2
61 91 2
11 39 2
67 69 2
40 64 2
30 68 2
15 160 2
6 76 2
41 63 2
59 96 2
41 123 2
0 17 2
27 46 2
29 82 2
26 73 2
63 94 2
42 76 2
5 130 1
43 99 2
32 72 2
13 96 2
8 69 2
33 72 2
30 39 2
36 66 2
49 74 2
38 136 2
24 70 2
20 101 2
19 78 2
24 107 2
88 102 2
35 82 2
9 79 2
22 49 2
72 74 2
88 110 2
2 31 2
80 104 2
87 133 2
10 113 1
32 71 2
36 39 2
16 98 2
14 57 2
50 76 2
58 66 2
51 92 2
4 18 2
29 91 2
12 119 2
82 129 2
51 153 2
40 101 2
35 121 1
13 47 2
33 83 2
0 101 2
30 106 2
16 68 2
1 153 2
43 130 2
32 36 2
13 160 1
77 125 2
28 35 2
58 137 2
23 31 2
70 138 2
21 31 2
30 112 2
61 66 2
18 65 2
31 155 1
23 68 2
36 37 2
48 58 2
67 86 2
30 53 2
12 55 2
49 90 2
9 18 2
19 44 2
41 153 1
17 105 2
85 106 2
41 101 2
3 122 1
12 152 1
86 141 1
31 110 2
68 162 1
14 77 2
5 63 2
91 99 2
27 43 2
83 84 2
65 76 2
4 105 2
61 100 2
60 88 2
52 162 1
38 54 2
53 68 2
11 27 2
37 47 2
35 139 2
10 19 2
66 95 2
89 115 1
64 81 2
84 85 2
21 26 2
48 53 2
0 83 2
20 60 2
85 151 2
21 40 2
43 88 2
46 71 2
31 134 1
21 35 2
25 85 2
83 138 2
20 26 2
68 94 2
29 85 2
8 72 2
11 90 2
62 101 2
60 74 2
35 169 1
65 151 2
61 128 2
84 91 2
23 57 2
4 12 2
80 128 2
8 11 2
42 57 2
18 71 2
14 36 2
39 157 1
70 89 2
15 92 2
10 38 2
33 43 2
11 25 2
50 69 2
49 79 2
78 100 2
49 144 1
38 149 1
0 45 2
100 150 1
12 105 2
4 168 2
5 75 2
32 45 2
67 116 1
6 101 2
7 70 2
20 90 2
73 103 2
35 167 2
63 68 2
35 95 2
59 105 1
1 97 2
22 28 2
26 35 2
51 86 2
22 87 2
54 65 2
13 69 2
6 13 2
19 77 2
13 53 2
3 13 2
48 56 2
93 128 2
57 120 2
17 45 2
14 161 2
63 101 2
7 18 2
11 122 2
20 21 2
41 48 2
27 80 2
16 35 2
12 74 2
46 53 2
36 133 1
72 76 2
46 60 2
86 97 2
97 102 1
38 85 2
64 138 1
17 18 2
45 100 2
46 80 2
34 99 2
79 108 2
68 93 2
49 62 2
1 72 2
41 47 2
35 59 2
49 99 2
26 78 2
6 62 2
82 101 2
23 74 2
60 85 2
100 121 2
77 147 2
64 66 2
73 96 2
0 152 1
37 44 2
11 21 2
25 96 2
4 17 2
68 75 2
7 11 2
49 150 2
41 98 2
80 98 2
43 142 1
25 153 2
35 151 1
11 84 2
46 85 2
65 97 2
29 50 2
15 126 2
16 64 2
53 145 2
1 158 1
12 116 2
67 144 1
8 10 2
29 95 2
39 87 2
9 64 2
24 72 2
8 94 2
39 96 2
60 139 1
76 101 2
42 158 2
32 151 2
70 123 1
33 44 2
30 42 2
54 93 2
3 104 2
33 65 2
96 157 2
62 146 1
37 54 2
58 93 2
18 51 2
10 81 2
33 47 2
32 75 2
42 64 2
16 36 2
23 55 2
52 156 2
55 121 2
1 86 2
11 30 2
37 125 2
71 140 2
27 37 2
29 64 2
73 97 2
84 86 2
5 12 2
14 43 2
33 42 2
2 109 2
38 74 2
55 145 2
43 55 2
7 20 2
5 26 2
15 57 2
23 90 2
80 107 1
3 88 2
21 86 2
72 90 2
60 70 2
18 68 2
28 65 2
26 87 2
59 61 2
46 164 2
62 73 2
70 150 1
52 124 2
12 97 2
69 73 2
30 58 2
56 97 2
98 100 2
39 103 2
88 137 1
28 94 2
16 74 2
2 63 2
61 154 2
29 167 2
80 87 2
92 141 2
39 117 2
7 81 2
96 146 2
14 79 2
9 42 2
24 59 2
12 77 2
1 59 2
45 98 2
47 60 2
11 13 2
12 49 2
62 149 2
12 146 2
4 141 2
78 93 2
31 44 2
21 32 2
17 142 1
65 78 2
8 38 2
61 111 2
19 26 2
75 150 2
25 157 2
10 17 2
7 24 2
6 45 2
26 56 2
36 53 2
9 80 2
8 115 1
16 146 2
45 89 2
55 101 2
43 80 2
14 93 2
77 86 2
17 23 2
15 135 2
55 102 1
86 169 1
46 93 2
52 94 2
16 71 2
48 61 2
21 113 1
74 91 2
56 81 2
76 77 2
64 126 1
9 125 2
52 161 2
9 61 2
46 75 2
42 81 2
1 47 2
58 95 2
70 137 2
48 93 2
26 36 2
32 152 2
64 72 2
23 82 2
3 73 2
30 56 2
23 100 2
21 28 2
1 75 2
55 93 2
43 85 2
19 46 2
75 91 2
58 86 2
99 153 1
17 38 2
29 93 2
22 157 2
30 99 2
34 64 2
11 99 2
1 8 2
15 67 2
48 85 2
38 65 2
7 80 2
67 146 2
0 27 2
21 41 2
49 82 2
17 19 2
12 125 2
73 80 2
38 67 2
41 83 2
21 109 1
15 79 2
71 78 2
49 96 2
59 95 2
42 130 1
26 77 2
13 40 2
34 72 2
88 139 1
9 54 2
49 120 1
50 98 2
24 91 2
81 94 2
29 137 2
24 77 2
87 118 2
1 84 2
13 150 2
91 160 1
7 38 2
60 157 1
4 39 2
20 83 2
89 100 2
77 95 2
1 35 2
5 98 2
50 64 2
19 142 2
7 44 2
37 122 1
45 58 2
76 79 2
25 34 2
30 31 2
98 111 1
75 138 2
36 62 2
51 149 2
12 155 2
54 66 2
70 79 2
51 100 2
32 43 2
25 70 2
6 48 2
60 93 2
48 60 2
27 76 2
61 67 2
25 121 2
3 112 2
14 97 2
84 97 2
7 104 2
55 67 2
10 43 2
55 72 2
64 97 2
3 85 2
36 90 2
24 45 2
53 141 1
11 63 2
5 14 2
7 17 2
4 126 2
12 37 2
76 158 2
100 159 2
58 72 2
19 96 2
10 47 2
50 139 2
7 142 2
3 26 2
0 97 2
13 99 2
6 11 2
44 92 2
66 71 2
43 84 2
17 85 2
9 73 2
6 21 2
35 127 1
4 13 2
85 100 2
82 147 1
33 71 2
12 13 2
80 91 2
96 116 2
32 73 2
25 47 2
27 30 2
24 90 2
92 109 2
24 51 2
45 159 2
98 99 2
14 49 2
34 47 2
59 87 2
22 93 2
58 91 2
40 48 2
0 16 2
37 166 1
50 92 2
24 122 2
30 96 2
56 129 1
57 83 2
29 69 2
48 69 2
10 27 2
38 75 2
28 100 2
1 78 2
20 64 2
16 93 2
97 161 2
42 148 1
14 59 2
54 90 2
19 85 2
8 98 2
25 74 2
16 28 2
96 134 1
40 148 2
26 61 2
6 99 2
17 47 2
66 109 1
15 158 2
42 84 2
99 160 2
27 159 2
7 55 2
11 46 2
16 82 2
3 48 2
23 66 2
35 126 2
88 143 2
0 9 2
20 57 2
42 92 2
37 48 2
78 141 2
21 101 2
6 55 2
22 138 2
43 113 2
73 83 2
75 76 2
16 160 1
1 6 2
21 104 2
41 52 2
35 37 2
33 77 2
73 165 2
45 84 2
5 72 2
67 149 2
19 95 2
33 81 2
4 28 2
36 124 2
41 57 2
20 76 2
35 54 2
53 95 2
6 50 2
65 79 2
22 115 2
76 95 2
29 35 2
46 100 2
7 48 2
34 96 2
25 80 2
16 47 2
10 60 2
28 49 2
16 17 2
37 97 2
31 101 2
16 83 2
35 158 2
36 163 2
5 105 1
42 93 2
85 121 1
58 96 2
21 37 2
36 167 1
71 100 2
63 121 2
20 98 2
53 102 2
10 14 2
12 43 2
15 86 2
58 143 1
0 2 2
27 135 2
18 82 2
70 84 2
0 12 2
16 101 2
45 130 2
38 82 2
40 69 2
59 73 2
66 69 2
23 58 2
11 68 2
77 79 2
48 151 1
5 38 2
11 44 2
65 74 2
29 75 2
38 66 2
22 61 2
60 62 2
38 78 2
64 71 2
37 45 2
24 68 2
80 86 2
40 41 2
75 136 1
1 25 2
50 135 2
30 50 2
26 101 2
37 100 2
70 111 2
6 86 2
84 102 2
25 115 2
13 50 2
8 90 2
78 94 2
8 19 2
36 71 2
20 53 2
53 98 2
38 100 2
21 110 2
100 109 2
94 151 2
40 90 2
3 49 2
81 137 2
23 99 2
32 63 2
2 90 2
4 76 2
9 20 2
11 31 2
47 88 2
55 73 2
71 75 2
64 105 2
87 104 1
1 64 2
14 41 2
67 75 2
55 94 2
95 133 1
38 139 2
20 126 2
54 110 1
84 111 2
66 141 2
12 34 2
44 89 2
13 51 2
36 148 2
18 67 2
46 50 2
75 80 2
10 154 1
36 67 2
3 31 2
83 137 2
43 157 2
94 146 1
0 35 2
38 42 2
64 99 2
61 85 2
82 169 2
35 63 2
64 169 2
45 80 2
14 82 2
30 148 2
32 39 2
18 58 2
28 82 2
60 134 2
29 81 2
74 157 2
69 71 2
16 18 2
30 38 2
35 87 2
78 79 2
11 78 2
34 66 2
20 96 2
54 99 2
4 22 2
84 88 2
27 55 2
8 43 2
36 89 2
27 103 2
100 141 1
51 99 2
8 76 2
22 102 2
6 12 2
77 140 2
32 46 2
39 44 2
21 61 2
6 23 2
21 134 2
18 96 2
19 61 2
26 30 2
98 149 2
3 82 2
3 24 2
54 97 2
70 81 2
44 60 2
16 39 2
1 103 2
34 87 2
46 169 2
61 74 2
0 122 2
25 100 2
48 55 2
9 102 2
40 107 1
5 48 2
29 61 2
22 41 2
28 144 2
36 85 2
34 153 1
7 39 2
72 78 2
19 37 2
29 104 1
66 97 2
14 100 2
12 109 2
90 95 2
27 120 2
52 123 2
94 101 2
7 35 2
58 124 1
79 158 2
6 145 2
3 56 2
46 161 2
17 32 2
38 50 2
3 101 2
78 85 2
57 61 2
64 125 2
52 62 2
10 48 2
66 106 1
20 72 2
46 125 1
84 92 2
81 164 2
10 78 2
35 50 2
32 59 2
9 123 2
57 65 2
4 14 2
55 76 2
5 99 2
2 17 2
28 41 2
51 119 2
89 95 2
22 40 2
95 144 2
4 33 2
4 53 2
72 101 2
10 80 2
14 20 2
49 131 2
11 69 2
82 88 2
10 99 2
35 72 2
10 25 2
6 14 2
53 116 1
85 95 2
21 43 2
9 44 2
54 56 2
33 156 1
95 161 1
4 85 2
6 22 2
34 151 2
29 45 2
33 125 2
86 159 1
87 95 2
16 40 2
65 86 2
31 113 1
5 137 1
18 81 2
3 60 2
23 72 2
10 87 2
33 73 2
18 61 2
3 43 2
34 123 1
30 87 2
2 69 2
15 31 2
14 151 2
87 109 1
67 90 2
88 94 2
89 156 1
30 47 2
13 156 1
63 157 1
82 95 2
38 94 2
7 83 2
31 147 1
2 10 2
82 98 2
88 138 1
16 59 2
4 45 2
49 84 2
25 89 2
35 119 1
23 143 1
47 84 2
62 64 2
9 154 2
23 39 2
64 165 1
60 82 2
14 160 2
18 31 2
76 111 2
57 89 2
50 90 2
18 62 2
26 49 2
77 90 2
66 166 2
5 55 2
61 79 2
0 3 2
26 41 2
37 101 2
13 23 2
57 94 2
40 152 1
18 25 2
2 9 2
35 66 2
4 29 2
52 70 2
35 61 2
52 100 2
52 57 2
39 115 1
21 98 2
9 66 2
23 129 1
43 74 2
25 86 2
0 64 2
55 151 1
51 73 2
24 29 2
14 149 2
60 129 2
49 86 2
57 118 2
50 105 2
17 34 2
3 35 2
3 34 2
67 95 2
61 101 2
27 31 2
15 49 2
53 62 2
55 91 2
87 114 2
44 53 2
21 122 2
44 82 2
6 41 2
54 96 2
50 63 2
62 104 1
56 99 2
36 123 1
34 52 2
40 167 2
63 141 2
1 7 2
18 136 2
32 48 2
7 169 1
36 99 2
29 144 2
13 31 2
60 149 2
62 94 2
1 29 2
39 63 2
22 70 2
15 19 2
81 100 2
2 22 2
41 147 2
37 169 2
24 44 2
28 53 2
2 100 2
38 40 2
42 59 2
25 110 2
11 101 2
64 113 2
1 32 2
17 27 2
28 83 2
82 90 2
29 70 2
9 90 2
9 63 2
16 65 2
77 83 2
68 118 2
33 87 2
15 98 2
77 100 2
0 153 2
33 135 1
44 104 1
1 71 2
0 15 2
50 67 2
68 81 2
0 24 2
71 135 2
62 136 2
48 119 2
14 84 2
2 55 2
79 101 2
63 83 2
36 93 2
50 62 2
7 62 2
46 77 2
15 66 2
63 86 2
29 96 2
49 63 2
90 114 2
1 3 2
35 79 2
12 16 2
28 157 2
71 96 2
22 96 2
38 47 2
48 153 2
55 108 2
31 76 2
96 101 2
39 58 2
29 164 2
74 127 2
29 77 2
76 87 2
0 6 2
59 126 2
25 28 2
52 68 2
51 65 2
27 119 2
0 33 2
23 70 2
65 88 2
44 99 2
23 101 2
6 24 2
0 159 2
55 97 2
63 74 2
80 135 1
37 38 2
60 100 2
23 62 2
74 155 2
61 70 2
41 74 2
25 32 2
4 36 2
1 139 1
45 46 2
38 162 2
59 149 2
85 138 2
0 4 2
75 89 2
64 77 2
39 101 2
20 47 2
47 73 2
84 98 2
34 58 2
43 44 2
64 75 2
47 56 2
13 49 2
68 85 2
18 28 2
1 163 2
6 82 2
57 88 2
14 44 2
59 69 2
44 65 2
46 158 2
14 61 2
60 168 1
20 43 2
34 93 2
20 63 2
29 84 2
33 164 1
72 98 2
36 152 2
74 86 2
12 159 2
55 155 1
60 108 2
88 95 2
17 138 1
23 54 2
38 56 2
6 54 2
53 91 2
90 145 2
21 97 2
5 89 2
15 122 2
2 74 2
60 138 2
61 63 2
48 140 2
34 74 2
20 77 2
58 139 2
62 75 2
33 66 2
10 54 2
23 46 2
34 51 2
79 114 1
48 62 2
36 55 2
33 89 2
71 87 2
49 61 2
30 132 2
9 37 2
2 21 2
36 75 2
64 152 2
34 53 2
24 62 2
65 83 2
76 91 2
39 82 2
24 155 2
26 124 2
17 22 2
75 83 2
20 22 2
30 133 2
3 76 2
47 74 2
40 71 2
68 73 2
12 83 2
35 160 2
39 93 2
39 79 2
7 50 2
63 165 2
22 32 2
10 29 2
5 118 1
101 140 2
16 78 2
5 24 2
22 88 2
11 60 2
24 41 2
38 44 2
2 124 2
42 47 2
34 155 1
11 86 2
7 90 2
49 78 2
94 99 2
93 114 2
100 134 2
34 48 2
16 132 2
33 97 2
35 96 2
19 82 2
65 89 2
3 7 2
21 135 2
68 80 2
31 42 2
17 166 2
92 96 2
3 59 2
30 89 2
43 60 2
4 87 2
50 83 2
74 96 2
6 65 2
38 101 2
56 83 2
13 142 2
72 156 1
64 85 2
8 79 2
82 160 2
4 32 2
81 86 2
12 27 2
26 33 2
37 116 2
9 135 1
10 169 2
62 151 2
83 128 2
94 141 2
93 160 1
91 92 2
25 53 2
10 45 2
20 69 2
14 45 2
62 95 2
82 153 2
31 75 2
12 73 2
25 64 2
7 47 2
34 103 2
14 16 2
3 38 2
41 53 2
85 135 2
40 67 2
41 65 2
68 70 2
79 111 1
35 93 2
38 58 2
44 167 1
73 156 1
1 90 2
23 49 2
3 11 2
36 78 2
69 101 2
63 75 2
40 45 2
56 136 2
26 143 2
28 39 2
43 81 2
25 91 2
35 58 2
49 71 2
12 47 2
0 91 2
9 130 2
19 24 2
17 55 2
55 58 2
57 166 2
81 96 2
91 104 2
1 49 2
38 89 2
76 94 2
56 155 1
30 36 2
82 97 2
60 107 2
27 164 1
78 113 2
82 145 2
58 162 2
13 134 2
54 68 2
8 163 1
14 99 2
34 36 2
100 162 2
93 100 2
52 88 2
22 101 2
1 46 2
72 116 2
5 169 1
13 97 2
81 165 1
64 101 2
78 90 2
12 86 2
1 27 2
7 144 2
30 74 2
11 17 2
42 153 2
34 137 2
8 133 1
98 140 1
7 8 2
0 95 2
31 41 2
34 65 2
75 144 2
33 36 2
25 82 2
21 24 2
64 93 2
1 74 2
67 97 2
55 77 2
59 112 1
16 51 2
9 16 2
16 60 2
9 57 2
97 112 2
39 81 2
5 101 2
91 108 1
26 37 2
0 34 2
23 75 2
68 149 1
90 166 1
20 25 2
27 93 2
33 118 2
4 31 2
2 12 2
41 78 2
10 36 2
48 91 2
26 99 2
44 83 2
66 117 2
86 104 2
32 139 2
24 98 2
25 101 2
3 14 2
5 36 2
28 164 1
11 126 1
9 28 2
30 108 2
34 121 1
10 90 2
57 91 2
31 53 2
94 104 2
2 125 1
81 82 2
32 102 1
56 128 2
28 147 2
12 107 1
0 72 2
94 158 1
38 110 2
70 130 2
68 71 2
61 96 2
27 72 2
51 97 2
40 125 1
3 97 2
8 32 2
39 72 2
31 131 1
77 87 2
25 38 2
83 89 2
25 60 2
63 95 2
62 160 1
42 147 2
0 50 2
29 65 2
10 117 1
46 92 2
47 93 2
60 110 1
10 153 2
3 20 2
4 55 2
10 121 1
49 112 1
45 97 2
56 73 2
68 79 2
93 129 1
86 101 2
87 90 2
17 36 2
50 99 2
75 78 2
24 88 2
15 33 2
43 91 2
51 52 2
2 97 2
19 43 2
85 115 2
12 139 2
3 19 2
35 69 2
61 108 2
94 110 2
22 66 2
62 92 2
23 33 2
61 86 2
34 102 2
47 124 1
95 96 2
71 110 2
8 30 2
93 126 2
17 49 2
71 86 2
5 138 2
18 77 2
37 70 2
63 93 2
51 58 2
74 97 2
50 96 2
3 12 2
82 86 2
1 164 2
0 40 2
0 74 2
11 145 1
2 140 2
59 160 2
20 65 2
18 91 2
41 131 2
49 67 2
26 46 2
22 48 2
68 119 2
10 35 2
16 66 2
73 75 2
85 96 2
75 99 2
78 152 1
17 82 2
43 64 2
16 118 2
54 86 2
13 92 2
24 54 2
6 92 2
41 49 2
10 46 2
54 55 2
44 80 2
44 71 2
18 54 2
8 75 2
82 89 2
85 163 2
7 65 2
6 130 2
30 43 2
12 38 2
52 122 2
95 163 1
88 156 2
80 100 2
29 106 2
2 88 2
30 45 2
35 103 2
79 164 2
13 56 2
69 89 2
53 67 2
26 44 2
5 81 2
47 92 2
33 70 2
24 156 2
22 100 2
26 45 2
59 97 2
23 85 2
93 135 2
32 120 2
41 58 2
53 57 2
27 33 2
77 98 2
3 6 2
4 20 2
1 80 2
13 71 2
20 82 2
61 153 1
89 106 1
20 74 2
41 54 2
62 133 2
54 162 2
34 94 2
21 126 2
6 81 2
64 76 2
33 57 2
83 87 2
15 35 2
6 26 2
48 89 2
2 23 2
36 97 2
64 68 2
92 137 2
15 53 2
84 140 2
37 112 2
37 84 2
72 87 2
13 149 2
5 162 1
12 90 2
32 149 2
7 45 2
100 101 2
24 63 2
49 81 2
18 92 2
63 125 1
82 152 2
37 55 2
53 101 2
45 77 2
11 64 2
6 94 2
98 143 2
52 78 2
76 96 2
94 95 2
16 72 2
0 31 2
69 93 2
46 48 2
80 96 2
1 122 2
58 82 2
15 90 2
40 160 2
34 138 2
7 16 2
81 92 2
29 58 2
15 65 2
5 42 2
27 115 1
7 64 2
20 37 2
24 97 2
30 105 1
19 98 2
74 89 2
54 88 2
39 126 2
67 68 2
68 97 2
19 135 1
37 81 2
67 91 2
58 102 2
95 100 2
53 84 2
77 110 2
59 131 2
29 152 2
24 53 2
78 86 2
60 142 2
46 138 2
4 86 2
12 117 2
46 117 1
99 117 2
48 138 2
38 43 2
67 114 1
33 38 2
67 102 2
96 122 1
92 131 1
20 161 2
51 93 2
69 83 2
37 98 2
13 136 1
42 67 2
47 76 2
38 95 2
46 97 2
18 56 2
28 50 2
38 96 2
51 55 2
9 45 2
4 21 2
19 36 2
26 79 2
54 80 2
50 72 2
50 100 2
71 101 2
44 47 2
39 144 2
11 79 2
31 45 2
56 74 2
67 157 2
86 113 2
29 88 2
68 139 2
56 92 2
7 60 2
22 129 1
42 131 2
25 42 2
20 80 2
11 89 2
78 81 2
80 108 2
2 89 2
5 25 2
32 77 2
26 71 2
15 168 1
61 92 2
22 114 2
25 65 2
66 67 2
45 124 2
54 70 2
89 118 1
28 31 2
37 76 2
2 30 2
47 153 2
52 72 2
96 97 2
23 34 2
32 153 2
78 127 2
49 93 2
23 48 2
32 162 2
36 92 2
48 155 2
27 29 2
33 46 2
39 45 2
23 104 1
26 42 2
15 71 2
46 62 2
19 121 2
20 121 2
72 102 1
42 87 2
82 166 2
44 93 2
0 93 2
19 35 2
7 31 2
31 91 2
97 154 2
87 108 1
20 23 2
1 54 2
21 64 2
21 57 2
27 34 2
36 96 2
36 63 2
18 93 2
3 78 2
48 147 2
34 83 2
49 162 1
15 69 2
48 80 2
34 101 2
6 89 2
78 91 2
40 53 2
18 88 2
37 131 2
22 74 2
22 33 2
39 125 2
0 67 2
25 41 2
82 165 2
59 66 2
10 126 1
67 108 1
77 88 2
90 94 2
0 90 2
1 22 2
45 99 2
11 85 2
1 43 2
44 122 1
36 60 2
12 14 2
24 37 2
2 122 1
18 94 2
19 25 2
30 100 2
19 57 2
8 47 2
21 150 2
7 111 2
41 70 2
62 91 2
71 138 1
53 65 2
56 96 2
98 135 1
51 53 2
50 51 2
36 141 2
26 166 2
1 55 2
55 62 2
63 90 2
67 89 2
73 81 2
91 113 2
19 68 2
50 130 1
4 72 2
79 88 2
28 37 2
7 79 2
53 109 2
35 78 2
10 26 2
28 90 2
0 32 2
0 56 2
60 77 2
8 146 2
25 149 1
6 66 2
99 140 2
30 160 2
25 44 2
36 58 2
92 94 2
29 141 2
76 155 2
49 50 2
22 35 2
48 125 2
10 30 2
58 94 2
94 154 2
43 97 2
27 51 2
59 132 2
9 23 2
24 64 2
35 140 2
64 127 1
68 83 2
91 94 2
80 123 1
39 78 2
47 114 1
16 86 2
13 45 2
6 87 2
10 74 2
23 168 1
52 166 2
91 147 2
10 128 2
22 53 2
37 82 2
24 96 2
36 61 2
18 42 2
61 65 2
28 69 2
32 98 2
33 104 1
37 40 2
24 26 2
62 143 1
41 51 2
52 59 2
6 64 2
98 159 2
48 99 2
83 104 1
4 30 2
60 69 2
85 93 2
32 38 2
0 39 2
20 87 2
50 80 2
32 42 2
27 79 2
29 78 2
27 49 2
3 87 2
22 58 2
77 162 1
1 14 2
16 21 2
88 150 2
67 73 2
22 83 2
24 60 2
76 140 1
17 87 2
50 155 2
4 16 2
36 77 2
50 91 2
13 42 2
78 124 2
22 128 2
46 135 2
51 64 2
52 98 2
4 9 2
1 28 2
46 74 2
84 90 2
22 44 2
47 161 2
48 73 2
3 61 2
48 111 2
18 33 2
58 123 1
47 162 2
45 106 2
18 43 2
26 65 2
38 52 2
72 88 2
55 131 1
17 31 2
86 108 2
8 81 2
34 41 2
14 18 2
71 97 2
83 141 2
16 37 2
75 149 2
2 77 2
38 39 2
44 51 2
11 104 1
33 102 2
32 95 2
8 92 2
30 95 2
17 72 2
73 93 2
57 102 1
83 111 1
38 71 2
46 144 1
8 15 2
59 154 2
83 125 2
46 47 2
18 47 2
14 88 2
86 89 2
84 128 1
71 93 2
88 98 2
43 169 1
44 97 2
57 66 2
79 159 2
22 72 2
49 68 2
6 35 2
29 72 2
30 83 2
22 153 1
8 64 2
11 33 2
11 81 2
89 158 2
4 66 2
46 49 2
77 84 2
61 118 1
17 41 2
67 84 2
52 155 2
22 169 2
0 63 2
39 49 2
9 69 2
10 96 2
58 64 2
54 62 2
23 37 2
16 27 2
14 65 2
84 104 2
42 49 2
41 67 2
10 119 2
30 86 2
52 143 1
69 153 2
30 142 2
15 146 2
34 35 2
59 63 2
58 69 2
0 110 2
4 27 2
25 71 2
37 90 2
50 60 2
51 122 1
52 86 2
1 40 2
25 98 2
15 93 2
2 98 2
91 146 2
64 82 2
45 141 1
36 88 2
18 144 2
60 66 2
30 48 2
78 116 1
75 97 2
28 62 2
23 102 2
0 89 2
66 114 1
70 101 2
63 80 2
76 84 2
43 79 2
37 66 2
25 27 2
23 120 1
65 156 2
84 89 2
4 81 2
63 73 2
45 69 2
50 153 1
14 55 2
60 65 2
40 88 2
3 124 1
77 126 1
2 76 2
29 73 2
59 90 2
88 113 1
31 58 2
27 40 2
18 83 2
58 90 2
12 118 1
47 49 2
76 165 2
27 146 1
46 90 2
76 131 2
101 115 1
6 91 2
4 96 2
3 111 2
24 159 2
7 57 2
47 126 1
71 88 2
47 79 2
17 74 2
54 64 2
83 132 2
24 101 2
26 55 2
24 124 2
49 55 2
26 38 2
87 128 2
31 140 2
40 56 2
59 148 2
3 90 2
31 102 2
59 68 2
69 154 2
30 114 2
1 120 2
53 93 2
60 132 1
3 64 2
16 100 2
44 48 2
4 98 2
47 137 1
16 52 2
19 50 2
32 80 2
37 46 2
24 40 2
12 54 2
6 85 2
17 161 1
43 68 2
24 43 2
70 136 1
28 34 2
30 97 2
31 88 2
13 28 2
37 108 1
52 136 2
60 91 2
24 126 2
70 155 1
9 77 2
25 51 2
6 78 2
4 124 1
7 49 2
11 107 2
4 116 2
46 73 2
29 67 2
23 84 2
14 67 2
1 149 2
74 94 2
9 51 2
48 79 2
93 143 1
67 70 2
43 83 2
11 49 2
58 161 2
26 81 2
69 155 1
90 136 2
25 150 2
9 122 2
73 109 1
3 27 2
1 127 2
23 38 2
64 160 2
10 100 2
48 74 2
38 48 2
36 132 1
62 155 2
46 91 2
36 86 2
44 141 2
89 143 2
13 58 2
2 75 2
83 146 2
18 48 2
9 36 2
2 15 2
68 82 2
57 63 2
40 87 2
52 90 2
92 100 2
84 162 2
54 138 2
92 99 2
36 137 2
74 78 2
6 131 2
71 81 2
2 93 2
20 81 2
2 99 2
83 85 2
62 63 2
1 36 2
14 140 1
29 100 2
31 59 2
8 116 2
80 163 2
34 147 2
19 30 2
11 54 2
43 165 2
13 62 2
39 95 2
20 41 2
18 21 2
33 48 2
8 112 2
62 66 2
79 83 2
59 99 2
31 138 2
55 150 2
24 136 1
17 46 2
75 102 2
54 123 2
70 119 2
26 72 2
56 161 2
5 54 2
74 83 2
65 82 2
0 108 2
61 95 2
73 89 2
18 143 2
15 52 2
25 67 2
21 34 2
26 69 2
38 45 2
67 161 2
19 51 2
74 101 2
28 159 1
4 71 2
57 140 2
6 53 2
16 116 1
29 39 2
48 94 2
12 57 2
41 56 2
54 137 1
71 158 2
62 127 2
16 84 2
47 52 2
13 34 2
62 79 2
50 82 2
69 86 2
51 67 2
58 59 2
30 129 2
83 92 2
4 99 2
73 82 2
5 74 2
43 57 2
78 88 2
57 169 2
40 55 2
55 69 2
9 31 2
31 95 2
89 127 2
6 70 2
66 82 2
24 111 2
37 140 2
14 164 1
37 99 2
36 59 2
45 163 1
35 67 2
59 118 2
51 80 2
62 77 2
39 54 2
32 168 2
8 61 2
91 117 1
6 19 2
3 16 2
1 79 2
50 79 2
37 71 2
43 77 2
17 66 2
22 73 2
12 48 2
10 39 2
38 103 2
7 66 2
45 67 2
23 146 2
80 97 2
21 50 2
57 108 2
54 87 2
79 82 2
81 167 2
85 94 2
67 87 2
44 49 2
3 50 2
40 94 2
13 100 2
30 61 2
41 46 2
28 67 2
89 148 2
14 119 1
30 66 2
11 56 2
6 57 2
79 97 2
97 109 2
25 168 2
78 92 2
9 93 2
60 102 1
52 167 2
28 46 2
94 130 2
82 87 2
3 136 2
1 125 2
16 104 2
43 149 2
48 157 2
69 79 2
27 122 2
85 91 2
14 85 2
10 85 2
94 160 2
6 77 2
31 93 2
5 35 2
0 54 2
85 145 2
8 119 2
65 138 1
91 121 1
63 97 2
63 155 2
28 124 2
0 98 2
25 55 2
77 94 2
34 60 2
28 151 1
31 68 2
74 82 2
55 137 1
24 142 1
27 68 2
15 70 2
34 62 2
29 31 2
33 114 2
18 46 2
6 97 2
24 152 2
41 50 2
1 100 2
6 61 2
78 159 2
73 95 2
66 81 2
46 133 2
17 97 2
39 62 2
5 43 2
35 70 2
14 27 2
32 44 2
59 140 2
10 50 2
41 92 2
48 50 2
18 158 2
99 167 2
22 78 2
15 85 2
33 75 2
6 120 2
8 86 2
91 96 2
14 168 1
30 124 1
7 13 2
95 109 1
65 137 1
11 100 2
23 103 1
5 60 2
29 38 2
41 89 2
45 78 2
34 37 2
68 128 2
39 73 2
61 77 2
52 119 2
79 142 2
13 32 2
34 59 2
14 141 1
85 88 2
20 68 2
12 20 2
25 87 2
10 76 2
4 82 2
2 62 2
0 163 1
14 28 2
3 39 2
61 98 2
36 43 2
5 95 2
31 69 2
61 139 2
27 152 2
44 95 2
2 113 1
55 82 2
55 138 2
5 78 2
36 107 2
21 76 2
32 94 2
8 71 2
8 59 2
57 84 2
24 167 2
91 134 1
0 136 1
2 61 2
16 117 2
58 67 2
19 72 2
1 11 2
42 58 2
16 75 2
25 29 2
13 64 2
47 54 2
10 56 2
30 159 1
35 73 2
2 49 2
67 131 2
35 106 1
5 90 2
66 93 2
49 65 2
51 143 2
23 124 2
10 51 2
17 50 2
6 25 2
15 94 2
0 20 2
76 147 2
44 69 2
56 63 2
13 39 2
27 60 2
41 82 2
16 94 2
16 63 2
36 42 2
50 123 2
16 112 2
33 90 2
22 75 2
19 137 2
38 53 2
11 77 2
49 168 2
23 30 2
6 72 2
1 70 2
12 80 2
16 31 2
72 150 1
98 126 2
70 95 2
3 121 2
44 68 2
35 89 2
61 137 2
53 58 2
12 110 1
23 65 2
66 80 2
0 44 2
20 143 2
46 118 2
32 69 2
24 106 1
80 157 2
36 82 2
16 85 2
13 74 2
16 95 2
38 83 2
99 118 2
62 115 2
20 31 2
58 97 2
54 72 2
33 133 2
43 166 2
21 157 2
10 88 2
100 104 2
90 123 1
99 137 2
24 84 2
38 145 1
13 73 2
82 110 2
11 70 2
53 71 2
63 81 2
47 67 2
70 88 2
26 59 2
68 107 2
39 88 2
10 75 2
2 66 2
6 142 1
31 37 2
53 167 2
5 33 2
35 42 2
70 145 2
20 100 2
59 89 2
50 94 2
2 81 2
34 82 2
76 78 2
58 160 2
19 73 2
28 111 2
13 91 2
70 108 2
0 42 2
29 90 2
43 58 2
17 94 2
83 154 1
42 75 2
53 70 2
40 150 2
95 147 2
42 43 2
95 137 2
51 85 2
51 130 1
9 21 2
70 92 2
31 124 1
59 71 2
2 85 2
60 116 1
38 77 2
97 147 2
44 73 2
76 139 2
86 147 2
23 73 2
45 101 2
40 57 2
58 140 1
15 120 1
69 116 2
25 158 1
26 28 2
93 165 1
51 78 2
19 67 2
31 70 2
34 81 2
98 163 1
83 160 2
41 94 2
9 99 2
69 169 2
37 145 2
54 69 2
11 23 2
20 99 2
50 54 2
58 68 2
11 20 2
48 97 2
4 155 2
74 113 1
4 26 2
52 96 2
19 42 2
9 82 2
32 118 2
90 160 1
58 99 2
5 79 2
93 131 2
50 52 2
14 56 2
46 98 2
17 133 2
30 110 2
2 92 2
13 63 2
55 154 1
2 59 2
0 71 2
18 97 2
31 52 2
1 66 2
27 58 2
53 55 2
42 46 2
56 87 2
36 87 2
20 97 2
9 14 2
71 157 2
31 72 2
22 144 2
64 92 2
55 74 2
88 91 2
48 78 2
78 84 2
4 150 1
7 76 2
31 78 2
8 56 2
97 111 2
85 126 2
22 95 2
0 118 2
61 121 1
94 100 2
1 143 1
28 81 2
8 60 2
21 94 2
70 109 2
22 77 2
1 88 2
57 126 1
0 11 2
30 44 2
62 148 2
23 41 2
33 100 2
35 40 2
40 85 2
22 63 2
53 75 2
77 132 2
17 81 2
27 54 2
101 104 2
23 93 2
47 58 2
46 67 2
12 56 2
49 56 2
19 48 2
16 97 2
23 63 2
23 81 2
38 93 2
52 74 2
44 94 2
7 141 2
55 117 2
57 82 2
28 57 2
42 71 2
0 5 2
63 119 1
27 74 2
71 79 2
14 62 2
17 44 2
47 71 2
58 118 2
27 129 2
30 136 2
96 155 1
75 81 2
45 102 2
68 69 2
15 41 2
12 21 2
57 100 2
57 144 1
14 127 2
56 62 2
60 73 2
0 36 2
100 102 2
72 162 2
42 66 2
19 23 2
2 26 2
25 79 2
60 141 2
14 50 2
40 121 2
25 141 2
70 72 2
39 156 2
95 158 1
17 25 2
71 95 2
45 164 2
1 81 2
67 71 2
12 166 1
74 80 2
53 59 2
85 136 2
72 97 2
4 6 2
12 87 2
89 113 2
54 148 1
15 100 2
62 74 2
62 86 2
45 65 2
57 138 2
4 8 2
24 76 2
59 77 2
54 89 2
38 169 2
20 152 2
68 110 2
41 132 1
49 88 2
65 112 1
66 86 2
6 33 2
26 58 2
14 29 2
2 16 2
26 60 2
20 44 2
47 75 2
82 83 2
86 88 2
38 97 2
37 72 2
37 62 2
66 75 2
40 98 2
5 115 2
62 166 2
36 98 2
20 38 2
30 35 2
41 61 2
69 90 2
82 102 2
63 96 2
27 77 2
8 63 2
78 80 2
60 109 2
37 73 2
97 100 2
87 88 2
2 152 1
28 33 2
72 91 2
19 105 1
31 126 2
38 98 2
29 37 2
65 87 2
7 135 1
22 81 2
12 167 2
56 61 2
0 99 2
70 94 2
79 81 2
39 51 2
52 66 2
1 92 2
52 137 2
17 99 2
44 105 2
33 82 2
25 73 2
11 36 2
64 132 2
78 101 2
45 134 2
4 101 2
32 101 2
21 39 2
39 47 2
9 91 2
14 40 2
40 77 2
38 49 2
40 70 2
3 33 2
25 148 2
73 87 2
54 73 2
22 56 2
64 137 2
57 125 2
64 150 2
50 65 2
40 136 1
59 79 2
16 87 2
87 92 2
80 101 2
47 96 2
11 94 2
90 121 1
30 40 2
19 52 2
94 96 2
53 66 2
82 164 1
92 110 2
41 73 2
25 137 2
18 38 2
23 79 2
7 75 2
5 21 2
13 84 2
89 105 2
17 40 2
93 169 2
37 63 2
9 97 2
45 95 2
19 93 2
29 97 2
84 130 1
57 98 2
54 117 2
52 81 2
12 32 2
62 105 1
16 122 2
29 40 2
17 57 2
50 104 2
91 122 2
7 61 2
3 96 2
53 156 1
80 145 2
80 81 2
3 80 2
78 98 2
73 149 2
30 54 2
12 100 2
55 65 2
59 84 2
34 92 2
35 45 2
90 148 2
7 54 2
35 88 2
89 99 2
52 147 2
63 89 2
36 69 2
17 111 1
1 96 2
20 86 2
24 82 2
31 80 2
27 85 2
29 118 2
7 40 2
55 56 2
43 53 2
1 169 2
70 75 2
25 99 2
47 163 2
49 124 1
5 102 2
69 87 2
11 59 2
76 81 2
14 72 2
52 79 2
7 36 2
47 69 2
35 48 2
10 71 2
52 141 1
15 32 2
15 64 2
35 99 2
73 101 2
24 33 2
73 99 2
14 107 2
45 143 1
11 98 2
41 87 2
57 72 2
34 107 2
62 144 1
40 47 2
34 39 2
37 91 2
59 60 2
38 87 2
63 98 2
81 113 2
71 120 2
25 75 2
26 68 2
55 61 2
3 81 2
11 35 2
0 52 2
11 105 2
62 100 2
45 56 2
59 124 2
36 38 2
51 59 2
21 92 2
12 65 2
11 135 2
6 144 2
53 73 2
27 124 2
29 131 2
33 54 2
40 59 2
33 52 2
2 86 2
20 142 1
53 89 2
9 26 2
32 83 2
56 123 2
3 118 1
56 67 2
61 124 2
72 141 2
8 78 2
40 61 2
76 86 2
69 128 2
89 130 2
66 78 2
33 96 2
37 109 2
24 95 2
28 145 1
41 95 2
3 52 2
43 95 2
49 72 2
92 101 2
0 1 2
18 36 2
75 84 2
10 40 2
0 88 2
6 9 2
32 64 2
9 78 2
29 86 2
80 131 2
56 160 2
36 57 2
28 73 2
34 84 2
51 134 1
29 49 2
61 120 2
24 39 2
14 24 2
42 100 2
18 99 2
43 70 2
37 41 2
12 61 2
12 78 2
30 49 2
28 127 1
13 78 2
24 30 2
67 168 2
54 92 2
61 73 2
82 85 2
6 133 2
70 114 1
10 44 2
93 95 2
1 83 2
23 150 1
42 99 2
66 115 2
23 153 1
8 39 2
76 82 2
1 94 2
73 76 2
51 72 2
20 55 2
8 129 2
0 55 2
17 64 2
21 58 2
5 157 2
53 85 2
71 84 2
33 92 2
76 168 1
3 47 2
12 30 2
13 52 2
5 51 2
55 84 2
31 97 2
82 131 2
34 85 2
85 159 1
60 161 2
16 70 2
77 115 2
59 92 2
62 102 2
1 60 2
19 81 2
27 32 2
72 75 2
55 110 1
76 83 2
19 90 2
2 87 2
3 65 2
79 80 2
16 152 2
38 104 2
52 131 2
49 91 2
3 4 2
98 169 2
0 28 2
78 99 2
45 82 2
0 58 2
56 71 2
0 30 2
76 85 2
67 77 2
90 120 1
20 39 2
14 26 2
43 75 2
15 83 2
3 144 2
9 100 2
82 130 1
30 34 2
27 70 2
13 65 2
5 71 2
66 87 2
20 42 2
5 164 2
58 80 2
12 31 2
9 25 2
27 48 2
2 33 2
61 165 2
91 97 2
46 132 2
16 80 2
27 73 2
42 112 1
0 7 2
46 65 2
8 95 2
25 130 2
11 123 2
26 117 1
68 74 2
70 165 2
65 136 2
20 73 2
54 100 2
30 90 2
5 11 2
25 66 2
21 116 2
34 44 2
30 144 1
57 95 2
80 83 2
38 73 2
100 113 1
79 89 2
7 46 2
8 44 2
77 151 2
58 83 2
82 143 2
65 94 2
42 108 2
12 52 2
60 164 1
52 73 2
81 84 2
72 86 2
74 88 2
45 79 2
55 98 2
12 64 2
79 91 2
17 58 2
27 155 1
9 72 2
19 134 2
13 143 2
13 76 2
6 74 2
30 75 2
83 88 2
25 58 2
45 75 2
60 78 2
94 133 2
24 57 2
42 88 2
90 142 2
38 46 2
46 59 2
5 166 1
63 100 2
35 65 2
5 139 2
46 154 2
11 66 2
2 53 2
31 84 2
15 124 1
20 62 2
14 136 1
68 101 2
38 154 2
0 51 2
24 153 2
51 105 2
64 67 2
37 67 2
81 99 2
27 136 2
81 104 2
55 60 2
14 86 2
15 16 2
15 43 2
63 153 1
90 169 2
84 87 2
6 75 2
5 39 2
67 80 2
14 135 2
69 120 1
1 57 2
64 70 2
24 115 2
42 62 2
43 92 2
36 149 2
78 95 2
96 109 2
54 108 2
58 104 2
49 92 2
2 3 2
18 152 1
20 30 2
91 130 2
25 116 2
25 126 2
49 53 2
37 64 2
1 119 2
30 153 1
3 57 2
1 16 2
97 151 2
92 95 2
78 157 2
60 92 2
78 111 2
6 138 1
13 60 2
21 83 2
40 113 2
9 95 2
87 89 2
50 101 2
34 89 2
61 69 2
34 91 2
14 113 2
4 67 2
22 65 2
35 135 2
3 139 2
76 141 1
59 93 2
51 150 1
37 94 2
53 61 2
31 86 2
43 46 2
34 159 2
22 134 2
44 119 1
15 20 2
28 75 2
69 103 2
82 121 2
68 78 2
66 96 2
86 96 2
10 67 2
34 50 2
18 85 2
14 76 2
94 97 2
6 67 2
7 127 2
5 49 2
59 109 2
87 93 2
0 23 2
56 164 1
80 84 2
3 32 2
17 42 2
12 58 2
68 86 2
45 68 2
74 90 2
3 152 1
14 91 2
59 138 1
34 100 2
9 76 2
38 61 2
19 126 2
42 160 1
41 69 2
8 26 2
0 22 2
25 160 2
4 108 2
58 87 2
60 158 1
3 146 2
24 67 2
79 84 2
51 89 2
49 94 2
91 169 1
31 61 2
73 98 2
41 80 2
36 68 2
18 74 2
92 162 2
33 40 2
39 61 2
29 56 2
81 143 1
14 52 2
0 60 2
21 128 2
15 82 2
23 36 2
81 85 2
92 166 1
15 29 2
41 121 1
65 69 2
45 70 2
46 168 2
43 86 2
22 89 2
17 29 2
83 101 2
46 64 2
97 101 2
28 91 2
26 62 2
2 60 2
69 100 2
38 72 2
43 50 2
69 84 2
22 86 2
74 85 2
29 71 2
2 94 2
4 35 2
47 64 2
12 76 2
48 71 2
20 45 2
73 169 2
20 95 2
42 80 2
2 146 1
51 74 2
57 70 2
36 83 2
35 98 2
9 19 2
75 100 2
8 28 2
15 84 2
90 144 2
33 51 2
9 46 2
50 148 1
29 44 2
44 45 2
52 77 2
63 82 2
7 108 2
8 46 2
97 107 1
93 106 2
62 69 2
25 111 2
83 144 1
18 120 1
34 71 2
61 107 2
44 59 2
69 91 2
25 61 2
63 129 1
10 127 2
68 90 2
56 107 2
8 24 2
62 165 2
49 69 2
40 54 2
49 89 2
59 82 2
39 108 2
15 62 2
16 79 2
23 27 2
22 110 2
89 97 2
35 62 2
43 45 2
73 148 2
44 96 2
66 77 2
37 83 2
26 90 2
32 86 2
82 91 2
86 95 2
52 64 2
21 85 2
43 76 2
31 117 2
55 169 2
2 91 2
66 68 2
22 80 2
49 122 1
75 92 2
52 95 2
23 53 2
33 62 2
67 104 2
43 62 2
73 138 2
33 84 2
88 134 2
88 104 1
21 151 1
89 144 1
22 64 2
15 130 2
88 146 2
65 100 2
48 146 1
19 65 2
7 68 2
52 91 2
61 94 2
40 95 2
50 75 2
7 110 1
33 67 2
17 86 2
4 83 2
13 48 2
60 83 2
88 97 2
6 73 2
12 60 2
59 81 2
72 89 2
56 69 2
98 103 2
22 133 2
29 42 2
2 36 2
11 61 2
28 149 2
10 49 2
19 40 2
39 65 2
87 120 1
49 75 2
43 67 2
11 22 2
21 63 2
48 54 2
17 56 2
39 53 2
22 29 2
45 83 2
38 64 2
31 133 2
10 93 2
7 86 2
6 31 2
29 63 2
40 103 2
47 81 2
2 29 2
3 126 1
68 130 2
21 48 2
0 85 2
10 22 2
23 61 2
33 79 2
15 89 2
35 102 1
49 134 1
53 114 2
44 72 2
59 155 2
81 103 1
33 76 2
33 34 2
14 38 2
14 58 2
90 93 2
32 92 2
25 63 2
30 79 2
18 90 2
6 30 2
21 168 1
79 90 2
6 108 2
29 92 2
35 60 2
9 38 2
66 85 2
26 157 1
87 149 2
95 113 1
4 5 2
28 138 1
59 143 1
13 33 2
11 62 2
51 94 2
27 145 1
90 101 2
100 165 2
73 77 2
65 99 2
94 123 1
64 79 2
15 45 2
8 52 2
77 121 2
40 144 1
9 81 2
23 24 2
7 167 2
46 57 2
47 89 2
4 79 2
41 125 2
51 61 2
0 100 2
56 90 2
43 61 2
56 59 2
56 86 2
31 83 2
6 71 2
39 68 2
59 166 2
56 84 2
44 98 2
40 42 2
45 155 2
60 90 2
28 140 2
85 140 1
3 40 2
11 154 1
67 82 2
89 93 2
12 95 2
11 75 2
8 161 2
40 58 2
94 113 1
28 93 2
55 139 1
15 139 2
47 48 2
52 121 2
44 86 2
70 73 2
18 76 2
16 96 2
39 89 2
22 119 2
16 141 2
62 90 2
10 83 2
53 86 2
29 34 2
23 128 2
67 93 2
31 89 2
17 77 2
29 51 2
89 160 1
49 85 2
12 75 2
41 55 2
37 151 2
5 9 2
62 137 1
5 116 2
18 166 2
73 105 2
38 163 2
9 34 2
9 60 2
88 105 2
8 9 2
9 158 1
65 153 2
50 97 2
32 68 2
92 146 2
84 161 2
67 139 2
70 131 1
5 47 2
8 35 2
40 62 2
24 103 1
4 92 2
39 136 1
78 142 1
97 163 2
12 99 2
14 64 2
7 99 2
0 46 2
20 34 2
9 35 2
29 68 2
27 92 2
31 49 2
28 47 2
49 87 2
91 165 2
58 122 2
5 93 2
58 101 2
47 78 2
6 47 2
14 32 2
20 52 2
12 70 2
30 46 2
61 78 2
20 103 2
42 134 1
50 87 2
19 33 2
35 100 2
83 98 2
62 93 2
31 63 2
40 65 2
42 86 2
43 107 1
57 93 2
41 156 1
43 96 2
69 129 2
45 53 2
4 91 2
44 54 2
65 102 2
36 101 2
12 62 2
62 82 2
18 41 2
32 88 2
18 86 2
75 98 2
57 60 2
62 68 2
18 116 2
86 98 2
5 68 2
36 94 2
42 95 2
60 96 2
2 38 2
17 80 2
27 86 2
30 51 2
95 121 2
66 70 2
18 32 2
11 15 2
64 65 2
66 139 2
7 19 2
45 117 2
43 59 2
15 132 2
84 127 2
37 95 2
19 120 1
67 96 2
56 142 2
98 129 2
8 144 2
98 154 1
64 147 2
40 60 2
7 85 2
59 94 2
15 74 2
37 88 2
34 109 1
39 135 2
75 140 2
100 147 2
52 56 2
32 35 2
81 125 2
51 69 2
98 136 1
2 156 2
30 165 2
30 145 2
0 65 2
19 74 2
9 140 2
18 73 2
15 37 2
37 79 2
89 101 2
67 74 2
13 41 2
31 67 2
3 86 2
11 116 2
91 93 2
44 77 2
22 43 2
29 59 2
39 46 2
53 99 2
17 88 2
68 141 1
28 84 2
85 139 2
3 166 2
40 86 2
19 70 2
63 151 2
46 52 2
46 68 2
58 126 1
56 169 1
24 71 2
88 92 2
2 27 2
1 65 2
79 125 1
81 98 2
0 105 2
8 18 2
9 15 2
3 79 2
30 33 2
15 156 2
71 139 2
43 56 2
55 152 1
21 100 2
32 51 2
25 95 2
32 107 1
4 107 2
27 53 2
98 107 1
13 111 1
41 97 2
22 98 2
13 43 2
60 76 2
35 155 2
11 130 1
51 60 2
49 164 2
41 100 2
44 169 2
18 89 2
15 21 2
29 46 2
32 50 2
45 87 2
2 134 1
0 66 2
19 58 2
34 167 2
31 98 2
95 97 2
44 85 2
17 48 2
9 101 2
48 72 2
11 152 1
28 54 2
35 46 2
0 53 2
21 77 2
45 121 2
70 86 2
8 93 2
45 168 2
94 116 2
47 83 2
1 107 2
57 85 2
58 76 2
5 88 2
53 159 1
0 59 2
48 87 2
8 55 2
12 130 1
46 96 2
15 72 2
50 73 2
66 122 2
73 84 2
93 161 2
34 67 2
2 64 2
1 26 2
26 132 2
54 71 2
72 100 2
50 58 2
10 18 2
59 74 2
0 68 2
96 123 2
6 63 2
86 148 2
47 50 2
35 97 2
11 29 2
77 149 2
8 58 2
17 33 2
44 133 1
69 94 2
100 116 2
12 33 2
32 155 2
8 36 2
35 85 2
67 85 2
26 107 1
56 134 1
74 137 2
16 155 2
10 107 1
78 165 1
11 40 2
73 161 2
48 67 2
25 69 2
65 72 2
4 145 1
17 157 2
4 34 2
0 29 2
11 58 2
29 87 2
34 79 2
49 64 2
21 147 2
62 113 2
92 112 2
7 78 2
12 42 2
10 21 2
27 114 2
41 60 2
100 154 1
70 143 1
23 43 2
70 87 2
33 35 2
50 125 2
77 99 2
1 18 2
1 45 2
7 74 2
27 59 2
84 96 2
93 99 2
27 100 2
19 49 2
45 61 2
75 103 2
55 71 2
73 124 1
11 125 1
10 109 1
39 91 2
31 100 2
50 81 2
98 168 2
31 51 2
6 112 2
35 81 2
68 112 1
35 138 2
22 36 2
74 166 2
92 104 2
20 24 2
44 156 2
88 96 2
84 139 1
75 77 2
4 95 2
17 69 2
9 132 2
4 62 2
51 139 1
24 123 2
6 60 2
28 99 2
52 60 2
61 72 2
51 141 1
74 115 2
85 141 2
11 43 2
27 87 2
33 50 2
17 52 2
3 55 2
45 64 2
61 89 2
41 157 2
38 92 2
70 93 2
78 89 2
6 39 2
41 42 2
34 57 2
47 65 2
14 125 2
3 99 2
8 80 2
2 8 2
61 97 2
88 153 2
12 53 2
24 56 2
0 62 2
65 158 2
26 76 2
9 49 2
1 68 2
46 55 2
25 26 2
48 96 2
30 85 2
37 93 2
16 69 2
15 109 1
17 89 2
21 30 2
21 87 2
7 89 2
24 27 2
20 56 2
30 161 1
22 107 1
6 79 2
41 111 2
7 28 2
10 91 2
72 95 2
57 77 2
31 64 2
9 136 2
69 99 2
83 162 2
9 86 2
28 42 2
14 150 2
49 95 2
25 56 2
19 29 2
11 144 1
7 95 2
16 91 2
7 37 2
32 70 2
33 162 2
72 142 2
46 130 2
40 75 2
44 87 2
80 113 1
29 60 2
22 140 2
36 46 2
27 91 2
0 125 2
14 69 2
89 91 2
15 39 2
24 143 2
44 151 2
21 84 2
57 79 2
6 36 2
5 52 2
19 41 2
62 76 2
3 74 2
4 56 2
72 85 2
87 97 2
74 75 2
21 154 2
83 161 2
32 49 2
24 32 2
22 27 2
58 78 2
20 79 2
27 75 2
81 163 2
11 158 2
24 146 1
31 57 2
77 85 2
54 75 2
19 92 2
39 161 2
41 158 2
40 142 2
4 120 1
16 92 2
48 82 2
8 88 2
36 70 2
87 165 2
62 132 2
35 41 2
19 133 2
58 61 2
51 91 2
97 123 2
8 42 2
22 50 2
0 96 2
43 82 2
56 65 2
60 153 2
85 89 2
53 87 2
3 22 2
15 28 2
47 104 2
40 52 2
38 84 2
16 127 1
44 56 2
27 117 2
65 148 2
73 88 2
31 77 2
22 25 2
79 85 2
62 87 2
34 97 2
80 92 2
58 74 2
82 118 2
6 69 2
24 80 2
82 94 2
15 111 2
14 68 2
20 71 2
88 99 2
52 83 2
32 133 1
5 86 2
92 149 1
0 73 2
10 133 2
41 99 2
24 158 1
75 90 2
82 93 2
55 68 2
13 19 2
93 151 2
25 122 2
13 14 2
6 96 2
23 76 2
1 17 2
53 147 1
33 56 2
42 83 2
55 88 2
49 161 1
30 93 2
10 64 2
52 93 2
28 87 2
34 55 2
93 108 1
18 66 2
15 77 2
97 167 2
82 115 2
41 76 2
49 54 2
28 30 2
19 101 2
33 95 2
13 169 1
69 70 2
3 62 2
42 55 2
79 96 2
36 91 2
53 60 2
78 87 2
66 129 2
6 16 2
32 100 2
58 128 1
11 97 2
32 106 2
64 89 2
55 83 2
33 149 1
28 45 2
93 150 2
28 29 2
50 86 2
45 119 2
24 42 2
23 98 2
55 109 2
36 50 2
46 61 2
42 78 2
41 75 2
30 125 1
1 85 2
81 153 1
48 59 2
4 42 2
56 118 2
84 164 1
21 108 1
55 86 2
54 81 2
8 41 2
63 110 1
36 100 2
62 142 2
59 159 2
64 96 2
67 83 2
70 78 2
19 100 2
43 73 2
48 100 2
20 93 2
11 72 2
13 57 2
38 80 2
68 99 2
74 169 2
19 79 2
75 88 2
14 98 2
64 107 1
27 50 2
64 87 2
65 71 2
53 127 1
25 77 2
37 87 2
25 43 2
34 162 1
10 15 2
52 99 2
44 157 2
50 142 2
52 113 2
49 158 1
3 110 1
13 105 1
20 29 2
99 103 1
77 130 2
43 101 2
33 98 2
46 66 2
57 124 1
21 125 2
41 88 2
29 115 1
47 97 2
59 70 2
87 166 2
22 124 2
24 52 2
2 80 2
58 92 2
5 41 2
22 23 2
25 140 2
71 89 2
10 62 2
50 136 2
3 120 1
4 46 2
10 65 2
100 107 2
0 61 2
50 119 1
10 55 2
86 93 2
53 100 2
35 56 2
28 125 2
56 58 2
13 67 2
76 143 2
5 73 2
9 96 2
86 118 1
65 169 2
56 105 2
6 100 2
80 147 2
44 165 2
5 65 2
28 48 2
38 76 2
2 24 2
13 87 2
52 125 2
42 125 1
64 86 2
29 32 2
63 118 2
31 65 2
61 133 2
76 110 2
18 57 2
25 62 2
4 100 2
52 61 2
28 66 2
52 84 2
29 101 2
18 22 2
100 117 1
81 108 2
36 80 2
32 47 2
17 76 2
64 146 1
11 19 2
16 34 2
65 164 1
41 84 2
15 121 2
46 72 2
61 64 2
1 76 2
31 79 2
83 143 2
2 84 2
35 83 2
58 106 2
59 145 1
76 100 2
62 80 2
39 128 1
65 85 2
11 52 2
89 108 1
96 131 1
4 84 2
0 38 2
4 15 2
6 51 2
99 116 1
24 48 2
74 92 2
91 144 1
15 169 2
33 144 2
49 59 2
65 92 2
41 77 2
17 21 2
5 46 2
35 74 2
15 48 2
22 51 2
12 46 2
55 112 1
83 151 2
47 99 2
91 162 1
8 23 2
83 136 2
7 27 2
67 79 2
0 80 2
32 150 2
15 60 2
9 53 2
9 50 2
94 167 2
82 144 1
63 124 2
25 93 2
96 127 2
5 58 2
12 41 2
6 95 2
84 131 1
75 79 2
77 129 2
88 101 2
72 83 2
55 89 2
88 157 2
7 22 2
63 128 1
70 115 2
98 130 2
16 56 2
27 61 2
5 18 2
85 98 2
92 136 1
67 148 2
70 122 2
67 78 2
8 14 2
27 38 2
4 137 1
62 150 2
45 111 2
3 156 2
53 97 2
25 50 2
17 63 2
2 56 2
33 151 2
0 87 2
22 38 2
28 95 2
23 110 2
4 166 1
24 35 2
34 42 2
27 147 1
78 96 2
12 89 2
25 76 2
67 88 2
49 100 2
5 82 2
0 112 1
40 154 2
57 62 2
12 15 2
59 78 2
63 84 2
65 120 1
88 132 1
40 50 2
30 73 2
96 153 2
68 72 2
52 148 2
41 161 1
8 141 1
73 162 2
89 167 2
64 90 2
52 150 2
86 91 2
95 99 2
15 116 2
83 100 2
24 83 2
21 159 2
100 169 1
37 49 2
40 66 2
32 96 2
83 96 2
92 158 2
15 61 2
57 96 2
35 80 2
17 78 2
31 162 1
53 63 2
25 39 2
57 112 2
93 94 2
28 163 1
11 38 2
19 146 1
29 55 2
35 86 2
16 25 2
2 35 2
70 80 2
55 156 2
63 64 2
98 131 1
28 68 2
28 80 2
5 56 2
18 150 2
21 93 2
10 52 2
60 75 2
1 9 2
39 75 2
12 50 2
45 88 2
90 109 1
59 142 1
97 150 1
34 165 2
12 101 2
5 15 2
64 111 1
6 117 2
69 75 2
17 90 2
55 135 2
16 24 2
19 69 2
73 100 2
69 139 1
26 83 2
2 32 2
26 75 2
19 62 2
21 44 2
76 156 2
17 71 2
11 117 1
56 130 1
43 98 2
7 10 2
9 62 2
12 24 2
13 29 2
31 62 2
68 164 2
71 129 1
28 161 2
5 147 2
13 80 2
10 63 2
42 82 2
27 39 2
10 139 2
26 51 2
76 99 2
44 55 2
77 82 2
1 87 2
25 105 2
3 53 2
93 97 2
73 78 2
84 100 2
8 57 2
24 49 2
38 79 2
11 106 2
35 64 2
91 95 2
54 59 2
38 57 2
45 72 2
1 150 2
56 64 2
64 80 2
54 101 2
2 82 2
63 65 2
19 91 2
39 90 2
1 23 2
70 128 2
47 141 2
92 107 2
94 159 2
9 52 2
94 115 2
3 77 2
50 84 2
6 28 2
42 73 2
52 65 2
44 76 2
49 83 2
67 94 2
39 84 2
91 133 2
72 130 1
15 167 2
31 160 2
75 111 2
6 68 2
96 119 1
62 152 2
60 64 2
88 123 2
23 89 2
80 168 2
77 96 2
101 141 2
8 21 2
57 69 2
4 74 2
50 56 2
27 78 2
9 65 2
24 81 2
19 28 2
75 143 2
70 97 2
86 142 2
36 73 2
38 151 1
32 40 2
24 105 1
51 79 2
14 101 2
28 59 2
71 126 2
29 74 2
58 109 2
2 7 2
10 77 2
9 87 2
9 160 2
53 78 2
38 62 2
63 69 2
10 20 2
49 70 2
40 43 2
20 46 2
25 36 2
1 56 2
16 33 2
49 51 2
63 76 2
77 101 2
19 54 2
96 113 1
68 96 2
43 65 2
69 92 2
66 150 2
4 130 1
28 167 2
21 95 2
58 153 2
13 151 2
57 130 2
64 121 2
21 112 1
83 97 2
30 71 2
40 97 2
15 18 2
88 100 2
40 78 2
57 71 2
16 22 2
1 95 2
37 68 2
83 99 2
69 121 2
77 104 1
101 148 2
60 86 2
56 76 2
30 152 1
25 94 2
0 48 2
6 129 2
74 117 2
30 80 2
96 140 2
57 99 2
12 84 2
49 57 2
10 95 2
1 24 2
5 59 2
12 129 1
2 67 2
58 85 2
22 167 2
57 75 2
27 84 2
2 34 2
46 128 2
20 50 2
61 106 2
5 7 2
41 91 2
80 89 2
35 129 2
43 49 2
86 129 1
12 59 2
34 80 2
11 14 2
20 133 2
88 163 2
38 88 2
7 156 2
7 23 2
11 92 2
6 44 2
13 81 2
18 39 2
52 53 2
46 95 2
17 53 2
52 80 2
35 53 2
26 168 2
0 78 2
51 133 1
27 133 1
56 57 2
13 55 2
1 82 2
20 88 2
20 139 1
24 47 2
42 85 2
90 103 1
59 123 1
50 103 2
81 132 2
61 88 2
46 114 1
53 126 2
8 83 2
0 129 1
12 85 2
53 129 2
22 52 2
9 83 2
42 89 2
18 30 2
82 112 2
5 64 2
33 85 2
8 45 2
39 43 2
66 89 2
23 132 1
14 134 1
44 63 2
51 121 2
20 27 2
9 48 2
12 22 2
66 128 2
22 127 1
23 32 2
14 70 2
28 86 2
7 131 2
27 118 1
24 73 2
30 70 2
77 78 2
40 83 2
81 88 2
54 134 2
6 103 2
25 84 2
22 46 2
33 39 2
94 138 1
40 99 2
27 165 2
30 37 2
100 122 2
40 84 2
21 88 2
55 78 2
68 155 2
13 15 2
9 88 2
15 17 2
81 124 2
91 124 1
54 61 2
25 40 2
7 9 2
96 99 2
6 52 2
51 114 2
45 66 2
42 72 2
23 83 2
13 82 2
18 53 2
3 159 2
82 125 2
16 81 2
86 128 2
31 92 2
35 38 2
40 102 1
78 122 2
14 159 1
70 134 2
56 88 2
32 164 2
38 55 2
10 156 1
53 56 2
57 78 2
43 114 1
7 121 1
8 27 2
13 93 2
3 23 2
22 79 2
20 54 2
9 71 2
83 134 2
45 55 2
45 59 2
70 77 2
44 75 2
21 143 1
12 26 2
34 149 2
21 78 2
18 27 2
14 66 2
8 53 2
21 45 2
40 91 2
44 61 2
1 99 2
87 91 2
19 55 2
36 56 2
39 64 2
50 110 1
48 92 2
32 57 2
15 150 2
16 44 2
71 77 2
81 127 1
55 165 2
28 63 2
23 157 2
0 37 2
33 58 2
24 58 2
25 127 2
19 99 2
3 5 2
8 84 2
8 40 2
37 56 2
95 140 1
85 92 2
22 24 2
79 105 1
14 96 2
15 36 2
45 57 2
2 126 2
17 54 2
13 17 2
81 146 1
28 102 2
70 90 2
101 150 1
18 59 2
32 74 2
13 16 2
27 63 2
95 129 2
82 99 2
42 70 2
16 76 2
20 51 2
15 131 1
5 44 2
21 62 2
66 99 2
67 92 2
9 10 2
4 94 2
23 42 2
51 87 2
61 90 2
39 169 2
72 94 2
100 112 2
14 81 2
39 50 2
101 157 2
22 42 2
43 51 2
5 123 1
11 95 2
34 78 2
14 131 2
40 44 2
3 58 2
26 116 2
67 103 1
5 10 2
21 36 2
27 69 2
58 132 1
39 77 2
35 90 2
40 118 2
62 71 2
59 72 2
54 163 2
3 44 2
85 97 2
47 62 2
28 32 2
37 123 2
6 7 2
1 128 2
80 82 2
31 34 2
11 42 2
7 94 2
56 140 2
34 54 2
66 94 2
73 154 2
65 84 2
21 91 2
31 60 2
1 89 2
6 20 2
59 64 2
93 112 1
1 19 2
72 112 2
28 71 2
1 30 2
4 47 2
7 93 2
18 23 2
15 63 2
58 107 2
8 82 2
57 133 2
73 79 2
10 89 2
59 83 2
42 69 2
33 86 2
46 54 2
22 111 2
72 132 2
34 69 2
41 62 2
27 89 2
13 165 2
16 103 1
50 68 2
32 52 2
5 61 2
61 71 2
30 60 2
41 45 2
75 86 2
83 156 1
32 79 2
99 159 1
54 67 2
97 98 2
74 87 2
15 56 2
11 65 2
100 140 2
33 142 2
27 83 2
35 110 2
41 79 2
20 59 2
8 31 2
21 42 2
8 50 2
66 76 2
22 39 2
31 122 2
54 91 2
11 74 2
27 45 2
2 43 2
37 65 2
25 30 2
45 50 2
7 84 2
12 71 2
91 102 2
55 141 2
27 66 2
54 94 2
93 136 2
71 99 2
101 165 2
8 97 2
14 35 2
92 145 1
21 169 1
47 101 2
94 157 2
48 75 2
11 48 2
31 40 2
12 164 2
5 143 2
12 72 2
81 95 2
43 104 2
64 91 2
2 41 2
58 73 2
18 69 2
56 80 2
45 112 1
82 104 1
81 116 1
78 82 2
41 71 2
85 132 1
34 56 2
13 18 2
61 93 2
32 82 2
33 109 1
8 13 2
58 71 2
64 74 2
31 87 2
31 46 2
17 70 2
85 133 2
11 164 1
53 90 2
27 99 2
66 91 2
18 55 2
42 137 2
35 124 1
71 91 2
39 66 2
28 97 2
17 114 1
81 83 2
11 45 2
95 98 2
5 30 2
3 9 2
21 25 2
73 119 2
43 152 2
63 132 2
60 97 2
36 64 2
75 148 1
15 143 1
69 96 2
29 52 2
6 122 2
0 21 2
90 100 2
50 89 2
31 50 2
54 76 2
63 77 2
61 84 2
1 12 2
28 55 2
27 81 2
52 67 2
56 79 2
5 145 2
21 81 2
8 62 2
5 13 2
81 93 2
76 80 2
47 82 2
17 144 2
55 59 2
7 26 2
19 89 2
72 137 2
0 8 2
11 93 2
56 60 2
11 50 2
92 98 2
43 100 2
57 87 2
22 91 2
60 87 2
17 95 2
73 125 1
22 34 2
28 117 2
0 156 2
55 120 2
24 65 2
92 147 2
28 38 2
37 163 1
18 121 2
11 47 2
75 82 2
3 28 2
47 90 2
9 115 1
84 94 2
55 81 2
61 82 2
35 55 2
65 101 2
82 100 2
48 135 2
6 136 2
47 122 1
16 110 2
16 49 2
54 147 1
13 70 2
44 50 2
17 107 2
86 92 2
59 80 2
30 151 2
58 77 2
0 84 2
93 115 2
55 66 2
13 88 2
34 75 2
10 86 2
13 79 2
93 101 2
33 69 2
43 48 2
10 61 2
53 69 2
28 43 2
68 95 2
7 21 2
70 163 1
2 20 2
21 74 2
65 165 2
37 75 2
47 86 2
6 32 2
46 123 2
1 37 2
60 130 2
35 104 2
6 98 2
31 48 2
2 11 2
49 73 2
37 147 2
49 135 2
65 80 2
5 29 2
39 129 1
3 54 2
10 84 2
0 79 2
1 116 2
96 156 2
11 57 2
15 87 2
10 57 2
18 164 2
73 94 2
10 94 2
44 52 2
25 45 2
66 108 2
36 104 2
7 153 1
25 97 2
30 88 2
65 166 2
0 82 2
51 155 2
63 79 2
24 120 2
21 105 1
74 149 1
13 128 1
9 159 2
10 116 1
28 72 2
2 148 2
7 25 2
30 92 2
71 153 2
52 82 2
88 93 2
44 57 2
35 36 2
18 80 2
95 156 1
40 122 2
12 96 2
57 73 2
26 126 2
53 80 2
62 97 2
57 97 2
39 86 2
26 50 2
87 119 2
79 151 2
29 111 2
14 83 2
24 104 2
86 125 2
64 156 2
24 85 2
47 63 2
50 55 2
48 95 2
1 42 2
92 93 2
54 120 2
1 77 2
46 58 2
2 4 2
32 67 2
3 123 1
7 52 2
57 86 2
90 122 2
88 144 1
56 149 2
32 121 2
19 45 2
24 46 2
33 94 2
2 19 2
13 46 2
43 63 2
79 127 2
20 113 1
80 85 2
8 49 2
45 96 2
11 88 2
2 40 2
9 85 2
50 71 2
23 125 2
69 107 1
13 38 2
50 78 2
39 164 2
26 89 2
65 154 2
2 71 2
99 165 2
47 156 1
60 159 1
7 15 2
46 51 2
7 67 2
93 96 2
68 76 2
40 147 2
34 98 2
8 68 2
12 19 2
13 101 2
25 72 2
32 84 2
5 27 2
0 10 2
65 141 2
60 146 2
14 92 2
21 141 2
60 61 2
37 58 2
74 161 1
80 109 2
42 77 2
2 51 2
6 34 2
70 159 1
15 51 2
56 85 2
30 135 2
22 68 2
14 34 2
3 94 2
11 132 2
57 76 2
51 70 2
49 110 2
11 34 2
72 73 2
3 95 2
3 84 2
69 80 2
25 142 2
44 79 2
15 40 2
64 88 2
59 120 2
73 90 2
23 86 2
33 112 2
28 96 2
20 58 2
70 85 2
64 98 2
61 80 2
100 144 2
15 55 2
1 130 2
4 11 2
67 142 2
48 110 2
32 33 2
50 53 2
19 63 2
31 81 2
27 140 2
40 116 1
64 168 2
37 53 2
5 50 2
40 72 2
24 86 2
2 42 2
88 161 2
14 42 2
24 31 2
9 74 2
56 110 2
4 58 2
10 13 2
6 46 2
20 160 1
99 123 1
17 43 2
5 76 2
31 39 2
16 43 2
74 143 2
76 119 2
72 79 2
70 71 2
44 155 2
89 92 2
91 106 2
21 66 2
9 41 2
97 133 1
76 90 2
1 98 2
19 151 2
60 68 2
79 102 1
15 101 2
58 88 2
12 151 1
90 111 2
55 125 2
72 152 2
36 44 2
14 73 2
46 94 2
6 29 2
21 118 2
22 59 2
14 31 2
68 142 2
36 41 2
31 32 2
5 31 2
45 90 2
59 86 2
63 67 2
30 63 2
35 49 2
9 40 2
11 37 2
60 123 1
36 74 2
32 61 2
3 100 2
2 47 2
88 89 2
20 111 2
32 78 2
70 100 2
55 57 2
24 55 2
7 96 2
55 100 2
71 133 2
68 88 2
18 159 1
25 31 2
5 40 2
98 102 1
45 93 2
54 82 2
24 151 2
1 161 1
69 119 2
21 29 2
33 53 2
21 52 2
7 88 2
30 123 2
52 89 2
4 49 2
43 52 2
14 48 2
25 90 2
32 90 2
27 57 2
39 52 2
29 156 2
22 54 2
42 65 2
51 77 2
19 115 1
18 123 2
23 80 2
47 61 2
4 52 2
22 122 1
92 97 2
28 162 2
15 97 2
36 72 2
86 90 2
1 31 2
10 24 2
8 48 2
30 55 2
86 163 1
53 165 2
20 32 2
9 59 2
79 87 2
7 101 2
47 129 2
94 128 1
89 94 2
68 87 2
51 71 2
3 98 2
7 29 2
41 85 2
58 81 2
71 85 2
61 105 1
9 106 1
14 63 2
26 169 1
6 158 1
79 86 2
0 26 2
45 91 2
62 96 2
17 59 2
17 51 2
26 57 2
44 78 2
34 88 2
64 94 2
54 60 2
6 127 2
17 83 2
30 115 2
12 44 2
16 147 2
60 72 2
2 78 2
51 88 2
70 98 2
10 58 2
11 160 2
33 154 2
33 60 2
26 67 2
39 100 2
68 124 2
8 33 2
35 94 2
69 72 2
61 76 2
51 82 2
10 41 2
87 122 2
74 116 2
63 138 2
73 163 1
51 95 2
5 80 2
18 95 2
42 61 2
18 108 2
7 71 2
26 92 2
4 43 2
45 81 2
39 41 2
67 81 2
18 98 2
69 97 2
48 65 2
48 98 2
70 161 2
79 169 1
86 155 2
65 77 2
98 118 2
4 169 2
34 40 2
100 129 2
86 87 2
17 61 2
16 61 2
75 94 2
45 47 2
20 48 2
7 77 2
2 79 2
21 72 2
35 101 2
28 44 2
7 14 2
57 149 1
42 54 2
46 88 2
72 123 2
39 166 2
68 98 2
51 81 2
22 156 2
29 83 2
23 64 2
87 100 2
1 67 2
7 12 2
101 166 2
51 56 2
14 54 2
13 116 1
4 93 2
80 152 2
70 99 2
19 60 2
1 140 2
40 76 2
34 86 2
72 82 2
7 69 2
24 38 2
51 128 1
19 22 2
10 92 2
37 86 2
49 80 2
87 96 2
7 126 1
50 74 2
44 81 2
19 86 2
43 90 2
59 137 2
42 90 2
30 116 1
31 85 2
49 163 2
85 101 2
8 34 2
18 168 2
56 158 2
37 80 2
75 154 2
37 61 2
17 96 2
95 139 1
14 75 2
40 165 1
28 36 2
9 165 2
84 99 2
44 135 1
46 89 2
8 73 2
9 29 2
50 70 2
14 90 2
16 54 2
62 163 1
2 58 2
70 74 2
7 100 2
8 101 2
82 84 2
24 75 2
25 33 2
56 91 2
40 46 2
23 130 2
11 103 1
9 43 2
42 68 2
69 159 2
41 120 1
58 84 2
18 107 2
31 82 2
35 44 2
13 90 2
10 79 2
31 106 2
69 109 1
21 65 2
33 91 2
18 49 2
23 28 2
66 98 2
46 79 2
62 70 2
6 83 2
69 98 2
71 103 2
6 80 2
49 76 2
48 70 2
17 73 2
15 42 2
33 49 2
13 144 2
68 169 2
1 53 2
85 87 2
41 90 2
59 151 1
20 146 2
0 154 1
92 157 2
57 127 2
11 96 2
25 136 2
17 67 2
14 169 2
7 98 2
12 98 2
61 62 2
18 40 2
50 168 2
32 81 2
10 34 2
11 82 2
16 99 2
55 160 2
6 37 2
55 136 1
74 107 2
8 77 2
41 108 2
32 58 2
55 64 2
38 69 2
52 54 2
51 66 2
37 39 2
36 103 2
40 51 2
30 84 2
48 86 2
1 13 2
60 81 2
23 114 2
29 53 2
42 50 2
30 82 2
77 122 2
78 138 2
75 85 2
46 115 2
49 58 2
17 65 2
98 117 2
16 158 2
14 89 2
33 134 2
83 86 2
82 154 2
64 69 2
55 92 2
63 107 2
18 78 2
2 68 2
1 41 2
100 124 2
78 118 1
26 47 2
38 60 2
55 90 2
60 89 2
33 99 2
74 106 1
39 131 2
27 36 2
36 140 2
3 68 2
32 87 2
3 45 2
58 75 2
36 76 2
81 141 1
59 139 2
38 90 2
8 20 2
26 82 2
7 33 2
31 158 2
35 39 2
42 128 2
97 138 2
29 30 2
39 99 2
39 69 2
15 78 2
28 114 2
53 96 2
30 64 2
39 71 2
47 127 1
11 18 2
7 56 2
16 20 2
43 54 2
19 27 2
8 37 2
37 42 2
50 167 2
4 51 2
28 58 2
60 95 2
77 89 2
24 94 2
45 85 2
17 79 2
15 59 2
86 100 2
23 109 2
66 100 2
17 93 2
47 91 2
12 23 2
95 142 1
58 100 2
34 49 2
17 165 1
0 13 2
71 98 2
42 79 2
72 92 2
7 63 2
29 99 2
25 108 2
44 154 2
48 68 2
77 131 1
16 32 2
47 66 2
62 88 2
72 126 2
5 167 2
62 81 2
60 79 2
56 95 2
51 129 2
30 76 2
8 65 2
1 101 2
10 131 2
20 49 2
33 78 2
33 41 2
98 166 2
18 87 2
18 161 2
71 92 2
43 47 2
34 68 2
40 100 2
91 101 2
56 117 1
5 57 2
33 55 2
35 71 2
65 68 2
54 132 2
17 100 2
65 139 2
5 17 2
26 63 2
15 102 1
15 80 2
48 57 2
76 89 2
100 126 2
36 130 1
14 37 2
84 129 2
32 41 2
60 71 2
37 144 2
76 115 1
55 63 2
13 37 2
35 91 2
95 167 2
27 88 2
32 37 2
15 50 2
5 20 2
98 161 1
46 69 2
18 60 2
49 109 1
26 122 2
46 162 2
52 117 2
6 17 2
62 130 2
48 148 2
53 82 2
4 78 2
70 103 2
4 164 1
48 136 2
67 164 2
2 159 2
47 53 2
26 53 2
65 131 2
100 110 2
72 114 1
19 76 2
15 26 2
5 22 2
59 101 2
1 51 2
59 98 2
10 11 2
6 90 2
15 23 2
51 63 2
73 139 1
18 26 2
27 71 2
35 47 2
13 135 2
16 62 2
74 114 2
65 75 2
90 164 1
52 152 2
93 98 2
54 98 2
28 70 2
61 167 1
11 55 2
89 96 2
3 107 2
59 76 2
65 124 1
48 101 2
25 81 2
79 98 2
60 80 2
2 130 2
39 59 2
6 49 2
57 81 2
74 81 2
75 125 2
31 108 1
31 33 2
91 105 2
68 152 2
34 77 2
41 86 2
21 70 2
17 68 2
27 47 2
5 128 1
45 52 2
71 164 2
56 139 1
56 89 2
54 128 2
12 67 2
7 59 2
51 83 2
75 93 2
13 98 2
98 101 2
37 60 2
53 54 2
23 78 2
44 67 2
24 34 2
57 101 2
14 22 2
4 40 2
52 92 2
14 102 2
54 57 2
21 75 2
6 40 2
36 65 2
63 92 2
13 94 2
3 67 2
17 75 2
12 29 2
31 71 2
48 83 2
15 88 2
19 125 2
85 86 2
29 157 2
13 77 2
15 38 2
21 68 2
57 74 2
31 47 2
28 56 2
67 117 1
17 24 2
49 60 2
36 47 2
19 31 2
6 104 2
0 137 2
9 22 2
34 76 2
31 168 1
55 96 2
2 48 2
33 155 2
42 56 2
54 133 1
63 99 2
47 51 2
1 93 2
101 126 1
57 64 2
63 103 2
14 30 2
59 153 1
14 95 2
29 80 2
39 133 2
18 141 2
6 59 2
58 148 2
50 149 2
44 91 2
48 84 2
22 126 2
73 74 2
64 106 1
29 48 2
53 161 1
46 76 2
93 144 1
84 95 2
12 91 2
25 46 2
51 90 2
45 92 2
0 113 1
11 140 2
39 76 2
16 46 2
22 26 2
56 93 2
5 45 2
66 159 2
27 28 2
15 81 2
46 151 2
15 44 2
69 157 1
89 98 2
58 98 2
19 84 2
77 80 2
65 81 2
9 68 2
18 140 1
5 87 2
11 91 2
23 134 1
20 61 2
75 116 1
16 89 2
53 81 2
63 71 2
29 66 2
70 129 2
13 162 2
18 84 2
12 92 2
13 26 2
29 79 2
26 85 2
17 146 1
4 54 2
22 69 2
37 85 2
18 100 2
16 73 2
15 75 2
46 81 2
9 39 2
41 114 2
9 94 2
13 114 2
2 72 2
11 168 2
7 32 2
84 125 1
55 85 2
28 76 2
58 79 2
26 88 2
17 139 1
27 42 2
44 46 2
62 99 2
51 76 2
49 128 2
10 28 2
44 66 2
53 88 2
65 70 2
74 98 2
15 73 2
78 102 1
78 144 1
34 43 2
70 82 2
20 118 1
51 75 2
46 153 1
96 108 2
41 68 2
37 89 2
33 68 2
17 28 2
85 90 2
23 71 2
21 47 2
0 49 2
41 81 2
68 150 2
10 72 2
14 163 2
23 95 2
82 96 2
29 47 2
5 23 2
10 16 2
96 98 2
45 51 2
88 160 2
24 78 2
20 78 2
30 117 1
49 165 2
80 99 2
44 88 2
14 130 1
40 73 2
44 101 2
38 70 2
12 124 1
16 38 2
31 96 2
26 80 2
52 107 2
14 153 2
3 75 2
22 62 2
21 82 2
5 150 2
75 96 2
46 82 2
22 150 1
2 28 2
37 43 2
85 161 1
1 10 2
85 99 2
26 29 2
8 51 2
7 97 2
8 134 2
13 22 2
57 59 2
77 97 2
67 72 2
7 92 2
83 95 2
31 35 2
3 63 2
42 149 2
90 155 2
68 91 2
25 88 2
4 89 2
18 101 2
61 87 2
23 47 2
25 48 2
11 165 2
38 68 2
35 76 2
9 84 2
25 103 2
11 51 2
5 37 2
27 41 2
72 99 2
29 149 1
49 116 2
1 73 2
26 161 1
27 44 2
14 71 2
4 90 2
30 138 2
56 108 2
4 24 2
3 8 2
58 164 1
77 114 2
17 35 2
31 132 2
66 101 2
10 120 1
20 124 2
71 73 2
47 77 2
6 109 2
16 50 2
21 90 2
20 85 2
62 78 2
8 67 2
19 47 2
34 70 2
8 87 2
28 108 2
9 148 2
57 67 2
22 90 2
4 134 2
23 97 2
32 54 2
36 48 2
46 145 2
8 145 2
48 76 2
20 66 2
10 32 2
3 115 2
39 97 2
3 71 2
35 77 2
65 66 2
59 119 2
67 169 2
63 85 2
84 155 1
1 91 2
60 84 2
97 160 1
7 41 2
37 50 2
21 54 2
49 148 2
20 35 2
40 63 2
39 40 2
71 94 2
11 71 2
83 90 2
94 98 2
33 37 2
79 93 2
67 153 2
30 141 1
67 99 2
53 64 2
83 93 2
69 140 1
72 84 2
85 102 1
1 102 2
56 72 1
3 30 1
17 84 1
19 53 1
22 76 1
28 112 1
98 132 1
70 76 1
13 59 1
32 132 1
8 25 1
68 123 1
77 123 1
112 167 1
39 70 1
91 128 2
1 44 1
34 90 1
20 84 1
91 151 1
10 68 1
21 49 1
59 113 1
27 64 1
7 122 1
13 36 1
11 67 1
16 123 1
35 51 1
68 100 1
54 129 1
46 131 1
46 83 1
13 61 1
29 94 1
81 91 1
26 96 1
57 105 2
7 43 1
26 131 1
98 112 1
97 166 1
13 86 1
