% n=90 p=60 d=0.33 p_blue=0.33
% k=0
32 45 2
13 17 2
8 10 2
7 28 2
36 64 1
7 40 2
1 48 2
14 52 2
39 54 2
3 39 2
35 64 2
22 85 1
27 88 2
29 53 2
30 87 2
10 26 2
42 48 2
6 45 2
14 24 2
13 30 2
29 44 2
10 34 2
7 48 2
14 29 2
9 77 1
0 36 2
0 46 2
1 53 2
22 41 2
35 60 1
20 36 2
29 42 2
11 67 1
28 32 2
16 59 2
49 68 1
6 27 2
17 80 2
33 48 2
33 46 2
17 52 2
25 38 2
19 60 2
20 48 2
2 43 2
43 51 2
6 74 2
44 51 2
4 24 2
4 31 2
49 75 2
16 48 2
33 44 2
3 33 2
45 56 2
21 46 2
7 71 2
30 31 2
3 86 2
30 78 1
1 46 2
26 67 1
31 33 2
13 50 2
18 42 2
19 37 2
3 37 2
47 63 1
21 22 2
25 84 1
24 71 1
13 33 2
11 46 2
35 51 2
16 36 2
29 83 1
5 46 2
26 37 2
10 16 2
20 38 2
11 13 2
1 5 2
15 59 1
42 53 2
4 11 2
4 60 1
33 66 1
27 42 2
23 24 2
9 31 2
33 41 2
42 68 1
26 33 2
1 16 2
20 32 2
24 28 2
32 41 2
9 46 2
25 78 1
17 28 2
4 15 2
8 20 2
22 58 1
14 33 2
28 63 1
22 34 2
13 48 2
4 40 2
37 89 1
9 27 2
3 42 2
31 84 1
15 84 1
23 42 2
4 13 2
22 68 1
0 52 2
19 85 1
45 49 2
31 46 2
13 43 2
33 62 2
23 41 2
12 26 2
8 33 2
29 71 1
5 22 2
24 38 2
9 39 2
10 36 2
17 37 2
17 44 2
39 43 2
30 70 1
26 43 2
16 18 2
10 17 2
13 53 2
44 49 2
32 82 2
2 50 2
11 34 2
2 79 1
2 6 2
36 79 1
16 17 2
18 23 2
31 71 2
20 51 2
0 10 2
17 23 2
28 36 2
14 37 2
1 52 2
15 40 2
38 75 2
25 34 2
12 39 2
6 13 2
14 17 2
18 72 2
19 24 2
2 66 1
21 62 1
9 64 1
9 36 2
19 32 2
23 46 2
14 23 2
33 81 1
17 74 1
39 48 2
7 32 2
25 49 2
23 62 1
11 37 2
40 63 1
7 29 2
2 62 2
0 16 2
28 45 2
1 13 2
16 30 2
10 71 2
23 68 1
20 86 1
9 28 2
28 44 2
33 37 2
17 22 2
31 77 2
10 28 2
23 43 2
39 46 2
9 32 2
10 50 2
0 31 2
6 72 2
27 53 2
38 48 2
22 55 1
24 32 2
37 65 2
9 10 2
9 30 2
22 43 2
20 33 2
1 29 2
10 89 1
21 49 2
48 81 1
14 42 2
0 43 2
2 45 2
3 40 2
46 54 1
42 84 1
31 42 2
36 41 2
6 8 2
20 30 2
0 12 2
16 84 2
14 47 2
26 62 1
30 52 2
24 30 2
19 35 2
4 48 2
27 64 1
20 46 2
14 43 2
9 23 2
16 40 2
36 63 1
14 32 2
24 50 2
28 52 2
40 82 1
11 33 2
39 49 2
53 56 1
13 14 2
23 83 1
5 25 2
6 87 1
51 53 2
13 84 2
4 16 2
27 79 2
21 44 2
47 80 1
16 60 1
32 77 1
35 38 2
2 21 2
36 82 1
44 45 2
0 26 2
8 28 2
29 38 2
24 36 2
2 19 2
36 60 2
13 52 2
21 29 2
20 37 2
31 40 2
26 30 2
5 23 2
22 50 2
8 23 2
22 48 2
31 85 1
36 43 2
17 50 2
21 32 2
17 87 1
10 40 2
30 45 2
7 60 1
6 21 2
3 17 2
21 34 2
2 47 2
5 15 2
1 42 2
5 28 2
2 10 2
1 47 2
21 25 2
29 36 2
12 84 1
2 36 2
15 63 2
0 23 2
30 44 2
30 50 2
51 54 1
18 46 2
1 14 2
12 52 2
18 41 2
9 15 2
39 44 2
4 36 2
22 39 2
27 48 2
17 32 2
6 22 2
7 35 2
41 84 1
5 50 2
18 36 2
18 57 1
21 54 1
26 31 2
16 45 2
17 43 2
4 37 2
11 36 2
16 19 2
25 32 2
13 40 2
4 50 2
23 72 1
4 42 2
51 59 1
5 6 2
2 48 2
4 12 2
23 52 2
8 69 1
23 69 2
12 28 2
28 46 2
5 27 2
32 50 2
40 45 2
6 75 1
6 48 2
17 24 2
25 54 1
6 32 2
21 45 2
48 52 2
6 25 2
31 41 2
47 50 2
22 70 1
43 85 1
5 10 2
29 34 2
46 74 1
25 48 2
13 25 2
0 38 2
5 14 2
49 66 1
21 47 2
14 53 2
3 22 2
35 50 2
8 36 2
34 50 2
34 85 1
15 20 2
28 47 2
30 47 2
3 10 2
35 41 2
34 66 1
1 41 2
19 38 2
16 51 2
18 53 2
28 69 1
19 33 2
2 15 2
2 34 2
30 36 2
5 17 2
36 49 2
1 18 2
24 83 2
50 83 1
9 79 2
46 52 2
6 39 2
14 57 2
46 53 2
32 52 2
18 29 2
0 45 2
38 50 2
5 29 2
0 70 1
32 36 2
37 59 1
30 39 2
29 47 2
3 20 2
8 79 1
36 80 1
12 46 2
34 39 2
7 84 1
33 72 2
5 40 2
12 43 2
25 44 2
38 42 2
1 10 2
16 42 2
18 27 2
19 21 2
24 44 2
0 44 2
10 77 2
3 14 2
2 89 2
49 56 1
39 75 1
9 44 2
2 8 2
10 43 2
24 45 2
36 42 2
25 43 2
20 82 1
40 48 2
14 45 2
27 36 2
1 31 2
5 74 2
13 80 1
11 14 2
28 65 1
1 6 2
5 61 1
32 85 1
27 45 2
6 49 2
4 64 1
27 34 2
32 48 2
13 38 2
9 13 2
8 14 2
49 78 1
12 27 2
8 32 2
3 9 2
34 71 1
14 50 2
16 82 1
25 35 2
21 68 1
48 85 1
11 16 2
1 12 2
0 88 1
4 25 2
16 54 2
17 36 2
42 82 1
1 15 2
17 68 2
37 39 2
21 81 1
53 63 1
39 55 1
9 26 2
20 49 2
13 69 1
5 19 2
15 81 1
5 21 2
41 43 2
17 77 1
28 60 2
21 48 2
10 51 2
1 32 2
38 44 2
17 33 2
12 30 2
15 22 2
28 89 1
11 75 2
5 62 1
31 35 2
32 46 2
50 53 2
6 20 2
5 76 2
33 49 2
22 35 2
26 58 1
26 35 2
23 27 2
4 66 2
20 44 2
5 49 2
32 67 1
7 72 2
19 28 2
25 69 2
14 38 2
9 86 1
23 33 2
6 53 2
24 25 2
0 35 2
51 75 1
17 20 2
36 44 2
51 52 2
15 87 2
1 39 2
35 58 1
6 23 2
6 34 2
21 28 2
19 39 2
49 51 2
18 48 2
42 44 2
41 46 2
14 54 1
5 84 1
15 16 2
41 47 2
42 59 2
23 32 2
9 81 1
2 58 1
35 40 2
13 34 2
11 21 2
52 69 1
15 66 1
5 68 2
21 38 2
8 66 1
31 66 2
2 12 2
30 48 2
31 49 2
9 24 2
38 59 1
46 84 1
14 44 2
24 53 2
5 43 2
15 46 2
21 71 2
19 56 1
37 50 2
46 58 1
20 88 1
31 50 2
24 40 2
38 45 2
4 85 1
0 48 2
15 32 2
2 27 2
37 42 2
8 30 2
35 42 2
25 89 1
2 72 1
14 51 2
41 53 2
22 24 2
20 47 2
48 89 1
11 48 2
35 46 2
28 37 2
22 27 2
9 61 2
20 84 2
15 41 2
37 48 2
38 46 2
34 53 2
13 21 2
1 26 2
2 73 2
29 30 2
13 28 2
20 63 2
12 20 2
19 26 2
8 9 2
21 39 2
13 78 2
3 46 2
5 16 2
17 29 2
6 42 2
11 25 2
19 22 2
38 40 2
16 34 2
3 4 2
12 34 2
46 67 1
37 52 2
12 33 2
37 47 2
10 13 2
18 68 1
2 7 2
41 64 1
32 57 1
35 61 1
1 66 1
16 73 1
1 34 2
43 63 1
4 39 2
40 41 2
29 64 1
14 41 2
15 50 2
19 51 2
27 77 1
40 44 2
9 16 2
24 52 2
53 55 1
10 72 1
0 49 2
31 88 1
41 44 2
23 44 2
1 24 2
8 35 2
30 59 1
10 48 2
0 25 2
25 36 2
46 62 1
47 48 2
1 37 2
13 51 2
32 53 2
12 13 2
15 21 2
8 41 2
8 29 2
17 73 1
20 61 1
37 61 1
2 3 2
15 30 2
20 67 1
27 84 2
11 47 2
12 51 2
38 47 2
5 7 2
14 46 2
45 71 2
27 37 2
45 64 1
4 58 1
53 66 1
10 18 2
41 74 1
37 53 2
0 5 2
25 31 2
26 79 1
12 32 2
16 70 1
40 81 1
32 69 1
8 42 2
22 30 2
3 12 2
52 84 1
17 46 2
10 67 1
9 11 2
7 39 2
36 77 1
17 64 2
18 51 2
18 52 2
12 62 1
31 45 2
3 38 2
30 74 1
7 24 2
7 38 2
13 46 2
24 33 2
51 70 1
6 81 2
19 48 2
11 39 2
2 5 2
1 7 2
45 50 2
31 51 2
4 6 2
7 37 2
28 62 2
30 37 2
47 53 2
30 76 1
15 26 2
7 25 2
18 75 1
43 79 1
3 52 2
33 43 2
14 55 2
32 44 2
5 87 2
24 78 1
25 41 2
2 51 2
9 42 2
5 31 2
2 67 1
20 27 2
25 51 2
6 31 2
11 32 2
30 38 2
4 9 2
34 83 1
8 39 2
2 23 2
27 56 1
3 30 2
35 44 2
18 19 2
7 36 2
37 40 2
29 74 2
3 35 2
9 35 2
14 58 1
9 52 2
28 50 2
33 38 2
41 79 1
2 78 2
3 24 2
47 67 2
11 56 1
48 63 1
1 2 2
12 24 2
29 31 2
30 49 2
32 73 2
7 10 2
0 67 2
50 51 2
47 59 2
37 66 1
18 34 2
20 22 2
10 86 1
1 69 2
2 25 2
18 35 2
9 19 2
15 45 2
3 29 2
7 68 2
0 7 2
36 51 2
32 49 2
12 40 2
3 48 2
24 31 2
37 51 2
14 28 2
46 61 2
14 31 2
7 9 2
4 53 2
28 71 1
15 38 2
2 87 2
13 76 1
11 45 2
9 17 2
5 44 2
11 83 1
0 32 2
29 50 2
11 30 2
38 58 1
25 29 2
40 46 2
41 48 2
33 53 2
10 49 2
23 30 2
16 43 2
32 42 2
7 43 2
18 25 2
11 44 2
7 23 2
7 52 2
13 57 1
3 18 2
42 47 2
17 51 2
15 33 2
7 67 1
14 71 1
5 38 2
3 13 2
52 79 2
4 86 2
14 66 1
29 41 2
27 39 2
3 50 2
31 37 2
0 74 1
1 49 2
7 22 2
1 30 2
9 29 2
24 73 1
4 32 2
15 17 2
24 39 2
30 43 2
15 43 2
18 32 2
18 37 2
5 67 1
41 42 2
14 76 1
39 45 2
0 77 1
18 38 2
2 46 2
28 51 2
3 64 1
21 23 2
8 50 2
17 53 2
21 88 2
29 73 1
50 66 2
30 32 2
4 19 2
19 45 2
3 23 2
12 53 2
23 38 2
7 26 2
53 68 1
33 47 2
50 57 1
49 53 2
38 52 2
1 73 1
33 77 1
0 50 2
12 45 2
21 36 2
37 77 1
41 45 2
2 13 2
44 47 2
1 11 2
22 51 2
32 43 2
5 51 2
32 66 1
13 88 1
21 27 2
46 70 2
34 35 2
0 28 2
8 63 1
33 82 2
15 42 2
13 44 2
5 53 2
34 49 2
31 48 2
36 39 2
49 70 1
4 63 1
12 49 2
9 43 2
3 44 2
36 37 2
0 69 2
11 52 2
41 50 2
32 86 1
45 79 1
1 36 2
2 31 2
3 15 2
3 74 1
34 40 2
34 60 2
11 41 2
6 52 2
16 33 2
53 54 1
13 45 2
7 31 2
43 49 2
26 42 2
12 66 2
45 46 2
37 38 2
33 88 1
38 49 2
11 38 2
8 26 2
51 69 2
27 30 2
29 37 2
8 47 2
49 85 2
40 89 1
10 24 2
29 39 2
31 69 1
26 78 2
38 41 2
3 47 2
9 33 2
15 29 2
2 38 2
2 30 2
40 49 2
23 40 2
33 40 2
22 69 1
5 35 2
14 59 1
18 43 2
19 23 2
28 42 2
16 55 1
4 88 2
22 53 2
38 86 1
28 38 2
8 48 2
0 21 2
21 53 2
38 39 2
22 38 2
16 25 2
12 48 2
8 18 2
10 38 2
15 35 2
20 40 2
10 41 2
20 21 2
13 47 2
6 50 2
38 61 1
11 24 2
47 78 1
6 10 2
0 40 2
4 18 2
34 46 2
37 43 2
14 34 2
37 49 2
28 75 1
31 43 2
15 51 2
27 52 2
9 71 2
9 14 2
16 52 2
5 47 2
22 72 1
31 38 2
44 52 2
1 28 2
26 66 2
0 20 2
4 41 2
11 55 2
3 11 2
36 53 2
46 87 1
21 40 2
5 42 2
15 61 1
4 75 1
52 85 2
11 54 2
44 83 1
31 44 2
35 81 1
15 18 2
2 26 2
20 29 2
4 7 2
9 34 2
4 30 2
25 50 2
37 87 1
7 69 2
15 47 2
16 28 2
9 57 1
8 11 2
14 26 2
2 16 2
12 50 2
36 52 2
40 43 2
27 78 1
14 48 2
35 86 2
5 37 2
6 37 2
13 18 2
3 49 2
0 47 2
1 81 1
18 70 1
11 53 2
9 37 2
0 22 2
14 49 2
52 81 1
30 33 2
38 85 2
3 31 2
24 26 2
14 39 2
4 52 2
25 30 2
44 75 1
34 68 2
4 44 2
46 77 1
3 41 2
17 76 2
47 55 1
12 14 2
11 20 2
19 20 2
24 34 2
7 12 2
48 49 2
42 50 2
16 66 1
26 52 2
14 15 2
0 33 2
13 75 1
23 58 1
20 42 2
31 36 2
40 52 2
17 34 2
22 36 2
0 17 2
21 24 2
0 14 2
10 35 2
20 43 2
26 68 1
12 74 2
32 47 2
10 21 2
36 45 2
21 73 1
23 73 1
7 14 2
13 22 2
41 51 2
26 53 2
13 24 2
12 89 1
11 22 2
4 26 2
10 25 2
15 44 2
10 42 2
9 48 2
21 52 2
22 86 1
51 89 1
9 50 2
45 48 2
7 89 1
45 58 1
35 88 1
0 24 2
8 52 2
24 43 2
44 68 2
21 35 2
10 54 1
9 58 1
28 61 1
46 51 2
14 21 2
2 29 2
53 59 1
13 27 2
23 51 2
20 79 1
4 29 2
23 37 2
22 28 2
6 41 2
2 41 2
14 67 1
35 49 2
27 32 2
0 39 2
7 11 2
2 18 2
20 34 2
23 50 2
13 42 2
11 61 1
46 47 2
1 57 1
17 30 2
0 6 2
50 63 2
4 14 2
33 76 2
1 64 2
43 66 2
23 39 2
32 81 1
41 60 2
10 39 2
18 22 2
42 43 2
48 56 1
3 7 2
42 51 2
39 50 2
29 52 2
29 63 1
50 72 2
8 45 2
13 23 2
8 17 2
27 51 2
39 41 2
4 17 2
0 42 2
10 53 2
38 68 2
13 35 2
15 27 2
3 19 2
7 27 2
10 47 2
22 59 2
5 39 2
9 40 2
40 53 2
13 31 2
6 17 2
35 36 2
24 47 2
20 59 1
31 67 1
39 42 2
29 33 2
17 84 2
5 13 2
49 55 2
0 30 2
44 88 2
11 31 2
28 33 2
25 61 1
40 42 2
15 36 2
31 76 2
44 66 1
18 78 1
12 36 2
10 12 2
20 52 2
16 26 2
0 15 2
34 69 2
42 69 1
38 55 2
52 53 2
46 63 1
10 52 2
4 27 2
0 87 2
51 88 1
5 48 2
11 60 1
44 53 2
50 86 2
25 26 2
44 63 1
32 33 2
52 59 1
42 75 1
34 42 2
17 38 2
40 73 2
2 53 2
28 53 2
5 11 2
0 2 2
27 75 2
11 35 2
24 27 2
0 54 1
5 9 2
49 52 2
50 79 1
18 47 2
11 29 2
22 23 2
1 8 2
0 11 2
14 40 2
52 65 1
20 45 2
2 52 2
3 27 2
47 76 1
9 53 2
1 21 2
23 31 2
25 37 2
25 53 2
3 34 2
6 46 2
28 49 2
30 34 2
29 88 2
26 41 2
27 49 2
1 23 2
32 89 1
2 40 2
10 61 1
34 80 1
21 41 2
0 53 2
21 42 2
9 45 2
28 35 2
12 37 2
27 43 2
6 12 2
8 40 2
33 34 2
0 18 2
41 57 1
47 72 1
33 36 2
1 9 2
50 62 1
4 22 2
34 41 2
4 35 2
42 85 2
7 20 2
19 30 2
43 67 1
32 37 2
9 12 2
14 77 2
9 63 1
50 70 2
44 55 1
32 35 2
50 68 2
11 43 2
18 83 2
30 46 2
21 37 2
11 73 2
24 70 1
30 40 2
51 55 1
11 78 1
44 79 1
11 51 2
22 60 1
37 64 1
19 46 2
32 40 2
27 29 2
33 80 1
13 41 2
10 11 2
6 15 2
27 28 2
45 47 2
33 39 2
30 53 2
12 71 1
11 26 2
11 15 2
1 25 2
12 23 2
13 89 1
21 63 2
3 16 2
8 53 2
9 41 2
27 50 2
28 39 2
4 67 1
32 76 2
23 29 2
16 44 2
43 44 2
1 43 2
45 52 2
29 89 2
5 32 2
35 78 2
15 52 2
8 22 2
18 88 1
2 33 2
6 9 2
8 43 2
4 10 2
2 56 1
2 42 2
33 52 2
9 18 2
8 49 2
25 47 2
26 39 2
28 88 2
15 25 2
36 38 2
48 66 2
23 34 2
17 27 2
28 78 2
8 56 1
15 28 2
0 19 2
12 31 2
13 32 2
31 52 2
10 14 2
7 34 2
30 41 2
15 60 2
44 50 2
0 13 2
0 41 2
17 49 2
30 80 1
29 48 2
31 57 1
27 44 2
10 31 2
38 51 2
32 51 2
35 79 1
3 26 2
34 78 1
50 52 2
8 85 2
1 33 2
3 6 2
4 43 2
36 48 2
19 84 2
44 78 1
36 55 2
8 81 1
3 32 2
19 58 2
22 32 2
45 85 1
37 44 2
14 63 1
13 37 2
37 72 1
2 61 1
53 61 1
2 20 2
10 37 2
12 42 2
6 7 2
16 31 2
48 55 1
32 38 2
4 57 1
26 56 1
32 34 2
27 89 1
44 58 1
14 18 2
13 20 2
41 52 2
30 61 1
15 67 2
1 19 2
12 35 2
11 23 2
21 26 2
7 13 2
36 47 2
43 48 2
49 65 1
12 41 2
19 73 2
46 59 2
20 23 2
4 47 2
22 40 2
30 42 2
6 29 2
6 28 2
26 45 2
12 70 1
31 53 2
24 77 1
13 83 1
17 19 2
5 52 2
22 54 1
28 86 2
25 62 1
2 14 2
16 29 2
14 30 2
16 21 2
26 82 1
21 89 2
19 53 2
8 72 1
15 24 2
48 67 2
0 27 2
13 19 2
8 78 1
26 74 1
10 45 2
15 19 2
20 77 1
22 47 2
25 63 2
2 39 2
33 35 2
4 46 2
15 53 2
16 85 2
19 82 1
19 44 2
14 16 2
20 39 2
46 89 2
51 62 1
12 21 2
25 87 2
17 54 2
20 87 2
27 83 1
4 21 2
28 31 2
35 43 2
3 28 2
26 40 2
0 37 2
40 68 1
48 53 2
46 71 1
7 30 2
19 49 2
15 37 2
28 70 1
12 75 1
7 16 2
23 45 2
0 3 2
31 34 2
28 30 2
41 54 2
43 57 2
34 52 2
37 69 1
25 27 2
6 24 2
12 22 2
7 19 2
18 30 2
6 19 2
14 22 2
16 49 2
49 88 1
34 51 2
7 42 2
42 52 2
17 69 1
14 19 2
44 56 2
17 62 2
46 85 1
22 37 2
22 89 1
22 52 2
36 72 1
22 29 2
48 86 2
24 57 1
24 48 2
49 69 2
21 33 2
1 44 2
12 44 2
26 50 2
28 81 2
43 50 2
48 87 1
46 73 1
7 47 2
31 32 2
19 50 2
30 56 1
31 62 1
7 49 2
37 45 2
22 45 2
5 18 2
11 19 2
49 60 1
43 54 1
2 37 2
28 67 1
44 67 2
2 24 2
16 20 2
11 18 2
19 31 2
14 89 1
49 61 2
0 79 2
0 9 2
10 32 2
23 25 2
48 54 1
20 26 2
13 29 2
12 38 2
17 39 2
29 60 1
5 33 2
17 40 2
8 38 2
26 28 2
27 38 2
16 58 1
45 51 2
24 46 2
36 46 2
3 53 2
33 65 2
12 17 2
31 47 2
22 33 2
13 26 2
8 68 1
9 72 1
13 15 2
33 74 1
36 50 2
5 24 2
42 45 2
8 25 2
18 39 2
8 37 2
46 50 2
34 43 2
7 50 2
47 51 2
30 58 1
6 11 2
39 52 2
16 56 2
10 30 2
30 35 2
50 77 1
40 85 1
35 45 2
13 16 2
53 86 1
35 39 2
5 36 2
35 48 2
29 35 2
6 40 2
27 35 2
8 31 2
33 45 2
7 15 2
39 47 2
22 66 1
5 45 2
17 25 2
2 44 2
26 48 2
7 44 2
20 25 2
53 85 1
10 15 2
15 31 2
7 87 2
49 50 2
6 33 2
1 17 2
49 81 1
19 69 1
18 33 2
7 18 2
4 28 2
9 60 2
8 12 2
19 63 1
4 33 2
50 54 1
9 49 2
15 23 2
1 40 2
19 25 2
18 21 2
22 49 2
11 84 2
26 47 2
12 47 2
0 51 2
17 18 2
14 25 2
18 20 2
51 65 1
42 78 1
4 5 2
17 42 2
6 14 2
34 88 2
40 50 2
26 51 2
7 33 2
17 31 2
5 26 2
29 51 2
6 47 2
32 39 2
22 76 2
44 46 2
2 28 2
24 51 2
18 40 2
27 62 1
21 60 1
9 66 2
17 72 1
4 8 2
24 37 2
6 35 2
38 89 1
48 50 2
40 55 1
35 57 2
45 75 2
12 25 2
4 51 2
17 48 2
23 48 2
43 45 2
10 74 1
14 20 2
1 35 2
2 49 2
21 57 1
36 75 2
26 63 1
8 15 2
20 89 2
1 22 2
5 34 2
11 40 2
47 87 2
15 57 1
34 37 2
26 29 2
22 42 2
45 53 2
10 33 2
45 55 2
4 45 2
5 8 2
47 58 1
25 55 2
28 48 2
26 55 1
34 47 2
10 44 2
35 87 1
4 23 2
8 24 2
37 46 2
27 40 2
45 88 1
29 46 2
49 59 1
25 57 2
16 53 2
2 4 2
34 89 1
21 76 1
34 44 2
25 45 2
28 41 2
28 58 1
19 29 2
12 29 2
22 26 2
2 9 2
48 73 1
7 45 2
40 62 2
19 36 2
23 36 2
0 1 2
11 42 2
33 79 2
6 44 2
26 27 2
49 82 2
17 41 2
6 26 2
21 79 1
2 22 2
11 17 2
7 41 2
29 75 2
3 8 2
1 50 2
26 34 2
3 36 2
11 59 1
18 49 2
24 42 2
43 47 2
29 49 2
5 71 1
53 57 2
17 55 2
35 80 1
41 49 2
33 51 2
0 4 2
47 52 2
46 49 2
26 36 2
22 31 2
20 41 2
11 27 2
19 52 2
18 77 1
9 87 2
28 29 2
18 24 2
25 52 2
23 78 2
53 62 1
16 38 2
47 61 1
17 59 1
5 20 2
16 39 2
28 87 1
1 4 2
6 30 2
42 72 1
9 25 2
36 83 2
19 27 2
10 20 2
25 40 2
2 35 2
18 45 2
10 75 2
26 49 2
24 63 2
20 31 2
3 66 2
42 49 2
0 8 2
23 35 2
22 46 2
20 50 2
17 56 1
30 68 1
8 16 2
26 44 2
24 80 2
10 22 2
19 42 2
46 48 2
19 40 2
17 35 2
33 68 1
0 83 1
21 30 2
25 46 2
10 29 2
15 49 2
27 41 2
33 42 2
6 43 2
25 64 1
48 71 2
18 44 2
7 8 2
12 19 2
19 41 2
13 36 2
13 39 2
22 67 1
3 51 2
11 82 1
1 38 2
12 16 2
6 38 2
37 79 1
43 76 1
15 48 2
4 73 1
25 33 2
34 74 2
7 53 2
28 43 2
48 51 2
8 46 2
33 78 1
39 72 2
39 53 2
25 28 2
42 64 2
4 34 2
8 13 2
11 28 2
16 27 2
41 65 1
35 37 2
5 12 2
16 37 2
47 49 2
7 46 2
48 83 2
52 82 2
16 23 2
15 39 2
35 52 2
36 73 2
3 5 2
5 41 2
34 36 2
18 66 1
24 35 2
8 65 1
22 79 2
24 49 2
16 41 2
1 87 2
35 47 2
36 89 1
2 84 1
38 87 1
3 79 2
25 42 2
4 38 2
29 32 2
40 84 2
33 50 2
8 27 2
33 57 1
27 31 2
20 28 2
8 51 2
27 47 2
45 60 1
11 49 2
8 21 2
23 47 2
1 20 2
37 41 2
11 50 2
6 16 2
2 11 2
7 17 2
12 80 1
18 26 2
12 15 2
21 51 2
2 17 2
23 28 2
3 69 2
28 77 1
38 74 1
11 70 1
42 62 1
8 86 2
29 65 2
27 81 1
26 38 2
8 44 2
25 72 1
34 45 2
36 40 2
43 46 2
43 55 1
3 45 2
31 78 1
4 20 2
39 51 2
20 53 2
25 39 2
14 73 1
9 68 2
3 43 2
43 52 2
40 51 2
16 47 2
0 34 2
7 21 2
19 47 2
14 78 1
9 51 2
9 47 2
4 62 1
18 31 2
23 59 2
8 19 2
20 24 2
19 83 1
28 40 2
6 18 2
18 28 2
23 49 2
28 80 1
20 69 2
10 81 1
26 32 2
46 86 1
17 47 2
1 51 2
10 73 2
1 45 2
16 78 2
18 50 2
12 68 1
45 84 1
9 21 2
16 46 2
9 20 2
28 34 2
10 19 2
14 27 2
5 60 2
26 89 1
29 43 2
40 47 2
4 89 1
1 3 2
50 78 1
22 25 2
41 71 1
8 34 2
19 43 2
2 57 1
32 87 2
24 41 2
37 55 1
23 53 2
14 35 2
36 69 1
0 59 1
21 50 2
29 45 2
10 88 1
19 34 2
17 26 2
16 24 1
4 49 1
67 85 1
10 46 1
26 46 1
83 88 2
28 59 2
44 48 1
41 68 2
4 84 2
15 86 1
10 87 2
29 67 2
34 48 1
21 43 1
20 35 1
44 89 2
10 83 1
19 88 2
5 30 1
13 85 2
20 65 1
35 53 1
41 88 1
13 64 2
38 60 1
9 54 2
23 26 1
64 67 2
5 89 1
1 65 1
50 89 2
26 87 1
33 85 1
13 86 1
16 35 1
33 87 2
24 88 1
3 21 1
14 65 2
16 32 1
6 51 1
17 21 1
10 68 1
35 84 2
16 22 1
38 53 1
46 64 1
23 88 1
6 36 1
15 34 1
43 53 1
52 87 2
3 85 1
22 65 2
