% n=100 p=33 d=0.33 p_blue=0.66
% k=0
19 32 2
16 81 2
20 28 2
23 44 1
9 17 2
15 32 2
2 82 2
23 32 2
20 78 2
2 29 2
3 74 2
26 89 1
1 87 2
11 15 2
0 1 2
12 21 2
10 21 2
6 26 2
11 75 2
0 31 2
1 19 2
15 18 2
20 74 2
18 23 2
20 35 2
32 60 1
8 18 2
31 57 2
22 87 2
17 64 2
22 57 2
2 52 1
24 57 2
1 7 2
1 9 2
18 32 2
6 34 2
29 67 1
32 36 2
16 55 1
1 12 2
7 78 2
24 27 2
14 44 2
22 25 2
32 44 2
26 70 2
6 27 2
2 97 2
15 17 2
7 30 2
23 66 1
17 79 1
13 23 2
13 80 2
11 89 2
13 97 1
9 32 2
17 96 2
30 75 1
14 81 1
9 78 2
12 59 1
10 12 2
15 98 2
25 59 2
9 98 2
1 2 2
15 72 2
7 10 2
27 50 1
8 20 2
25 46 2
14 26 2
0 22 2
1 16 2
25 86 2
3 33 1
16 92 2
11 24 2
6 20 2
2 22 2
22 71 2
16 36 1
23 54 1
28 83 2
2 71 2
30 81 2
24 39 1
17 31 2
2 30 2
11 38 1
23 28 2
3 18 2
1 14 2
13 28 2
5 22 2
19 45 2
16 66 2
24 30 2
13 99 1
12 85 1
10 65 2
23 97 2
31 55 2
0 5 2
1 56 2
25 90 2
21 32 2
5 15 2
10 17 2
20 88 2
10 29 2
1 30 2
18 30 2
31 45 2
23 69 1
7 31 2
8 94 2
10 94 2
15 23 2
9 28 2
23 25 2
31 81 2
13 17 2
20 29 2
1 86 1
10 28 2
18 94 2
24 29 2
3 15 2
16 30 2
8 10 2
19 53 1
0 8 2
13 33 1
2 3 2
11 91 2
28 96 2
3 26 2
12 41 2
25 38 1
9 15 2
18 45 2
6 29 2
2 58 2
4 18 2
5 20 2
22 60 2
2 63 1
11 27 2
17 18 2
1 40 2
16 23 2
10 15 2
20 89 1
12 47 2
1 31 2
21 27 2
5 49 1
0 65 2
7 18 2
7 11 2
31 38 2
16 88 1
4 67 1
6 49 1
3 79 2
20 23 2
21 72 1
22 47 2
4 68 1
17 68 1
11 23 2
6 10 2
15 92 2
3 40 1
0 27 2
21 30 2
9 22 2
23 95 2
0 21 2
28 84 2
17 63 2
1 3 2
13 65 2
12 69 1
16 18 2
7 26 2
4 22 2
1 90 1
26 56 1
24 56 2
5 38 2
23 48 1
2 47 2
30 36 2
2 69 1
21 80 2
11 43 1
28 35 1
24 88 2
20 77 2
0 18 2
25 52 1
13 40 2
5 81 2
26 74 1
5 12 2
9 80 1
0 38 2
26 67 2
17 77 1
2 93 2
7 28 2
30 55 1
20 95 2
18 46 2
16 21 2
31 59 2
2 18 2
24 87 1
9 30 2
1 84 1
8 23 2
3 14 2
14 50 1
10 18 2
1 29 2
12 15 2
16 34 2
15 24 2
29 37 2
12 30 2
21 47 1
23 34 2
30 84 2
15 31 2
6 80 2
17 78 2
22 73 2
13 39 2
25 44 1
11 63 2
18 28 2
18 83 2
7 14 2
16 39 1
8 29 2
1 76 1
9 81 2
12 49 1
2 11 2
24 28 2
7 46 2
31 52 1
16 73 2
6 97 1
11 39 2
22 23 2
6 18 2
23 33 1
24 89 2
2 67 1
30 59 2
11 73 1
4 6 2
22 30 2
14 69 2
25 69 2
14 37 2
26 33 1
16 98 1
29 80 1
1 74 2
1 23 2
5 36 2
12 99 2
1 6 2
13 16 2
13 77 2
0 25 2
18 77 1
9 92 2
22 88 2
3 10 2
21 34 2
22 75 2
8 66 2
0 72 2
15 39 2
0 68 1
3 29 2
4 26 2
13 73 2
28 66 2
30 50 1
8 48 2
28 70 2
3 24 2
21 67 2
21 87 2
32 92 1
10 19 2
18 91 1
18 19 2
18 92 2
9 11 2
14 65 1
17 84 2
11 74 2
8 19 2
6 50 2
9 27 2
3 19 2
31 44 1
4 66 1
6 17 2
31 72 1
22 38 1
5 18 2
10 59 2
12 95 1
10 41 1
3 21 2
4 12 2
4 82 1
4 7 2
5 19 2
3 16 2
22 31 2
1 85 1
10 72 1
14 30 2
20 24 2
12 83 2
0 26 2
6 9 2
19 59 2
27 38 1
6 74 2
8 57 1
10 47 2
27 86 2
24 86 1
31 58 2
14 52 1
6 78 1
21 51 2
6 16 2
26 52 2
23 53 2
22 64 2
19 23 2
9 94 1
15 75 2
7 93 1
13 81 2
30 42 1
21 36 2
28 56 2
28 87 2
3 60 2
9 74 2
15 48 2
15 27 2
0 19 2
6 24 2
17 94 1
32 65 1
19 60 2
4 53 2
5 92 2
21 84 1
16 95 2
13 25 2
6 28 2
8 71 2
16 52 2
19 87 2
27 85 2
20 25 2
16 53 2
5 16 2
18 26 2
0 47 1
6 62 1
8 24 2
12 38 1
29 85 2
32 75 1
19 50 1
7 53 1
2 19 2
4 29 2
9 21 2
18 63 2
21 95 1
16 31 2
4 21 2
32 64 1
18 31 2
5 90 1
8 28 2
3 70 1
2 61 2
12 79 2
7 17 2
5 26 2
15 26 2
16 33 2
11 93 2
27 32 2
10 83 1
21 23 2
14 22 2
13 27 2
26 98 2
27 48 2
2 32 2
4 96 2
5 25 2
7 33 1
31 88 1
14 49 2
1 80 1
12 26 2
1 67 2
12 87 2
21 29 2
16 26 2
22 79 2
19 42 2
28 33 1
5 28 2
27 29 2
1 28 2
8 47 2
14 20 2
26 72 2
17 56 2
24 66 2
7 15 2
2 87 2
29 71 1
18 55 2
26 82 2
5 39 1
0 29 2
11 82 2
20 53 2
12 14 2
27 87 1
28 30 2
32 67 1
22 90 2
22 83 2
5 91 2
4 49 2
19 22 2
17 86 2
10 60 2
14 79 1
1 65 2
19 91 2
29 97 2
0 32 2
11 99 2
20 22 2
2 10 2
28 60 1
32 97 1
7 83 2
2 13 2
25 30 2
30 47 2
20 30 2
20 21 2
13 98 2
16 35 2
19 57 1
5 84 2
20 58 2
20 69 2
10 77 1
8 30 2
20 59 2
10 20 2
25 43 1
3 27 2
21 25 2
2 46 2
30 92 1
11 88 2
29 66 2
3 28 2
22 94 2
6 8 2
2 20 2
27 77 2
27 83 2
10 11 2
23 24 2
10 13 2
1 11 2
24 32 2
24 31 2
21 65 2
10 96 2
1 99 2
8 35 2
16 46 2
32 72 2
30 48 2
29 32 2
13 72 1
15 46 2
25 28 2
14 38 1
1 55 1
16 74 1
26 30 2
31 68 2
20 81 2
31 89 2
21 62 2
6 44 2
8 31 2
23 93 2
18 20 2
6 60 1
5 30 2
1 58 2
6 37 1
16 29 2
29 88 2
7 90 2
3 8 2
14 57 2
11 71 2
18 25 2
11 13 2
0 14 2
21 28 2
0 6 2
11 64 1
31 49 2
2 16 2
9 29 2
3 92 2
15 30 2
23 82 2
17 51 2
3 95 2
25 47 1
27 89 2
26 36 2
19 47 2
23 26 2
25 68 1
18 98 2
32 37 1
22 27 2
32 61 2
26 97 2
17 23 2
7 75 1
9 31 2
4 39 1
0 11 2
32 45 1
11 97 2
10 27 2
24 25 2
28 73 2
0 58 2
16 72 1
4 36 1
30 54 2
25 92 2
7 20 2
19 63 1
27 70 2
28 86 2
6 61 2
7 25 2
8 21 2
8 17 2
0 73 2
4 15 2
12 19 2
10 51 1
4 60 1
26 29 2
4 70 1
1 75 2
11 55 2
10 22 2
26 85 1
8 42 2
24 33 2
7 50 1
11 12 2
15 58 1
11 46 1
29 82 2
3 81 2
15 38 1
14 60 2
13 94 1
16 32 2
0 23 2
5 45 1
8 22 2
4 27 2
9 20 2
31 61 1
25 93 2
18 56 2
0 71 1
17 26 2
32 56 2
9 85 2
0 78 1
5 21 2
29 72 2
21 56 2
24 44 2
21 24 2
16 24 2
29 86 2
16 86 2
0 40 2
19 26 2
10 88 1
5 10 2
15 51 1
30 31 2
0 4 2
17 30 2
5 9 2
24 26 2
14 71 2
7 16 2
9 37 1
3 13 2
26 57 2
21 98 2
28 76 1
16 76 2
12 20 2
18 27 2
2 55 1
5 31 2
3 22 2
13 18 2
24 70 2
21 94 2
19 31 2
9 25 2
29 94 1
15 25 2
3 84 1
2 21 2
0 20 2
22 61 1
21 40 1
14 94 1
18 48 2
5 29 2
11 57 2
13 19 2
22 91 2
7 62 2
18 42 2
0 10 2
17 74 2
23 74 2
13 21 2
23 62 2
14 32 2
19 94 2
23 77 2
17 32 2
28 89 2
6 11 2
15 83 2
11 77 2
22 46 2
20 49 2
8 90 1
9 14 2
19 39 2
7 82 2
2 84 2
19 29 2
1 27 2
3 90 2
4 46 1
20 31 2
10 92 2
32 38 1
1 57 2
8 49 2
0 80 1
12 27 2
4 32 2
16 25 2
14 61 1
14 28 2
32 34 2
26 59 2
23 27 2
1 48 1
12 65 2
12 82 2
19 76 2
18 59 1
12 17 2
6 23 2
4 30 2
27 33 2
15 45 2
1 32 2
11 31 2
8 26 2
7 60 2
1 15 2
17 29 2
22 72 2
14 29 2
10 93 1
9 82 2
26 64 2
9 24 2
30 76 2
1 5 2
10 40 1
26 28 2
16 20 2
4 41 2
16 93 2
15 50 2
28 79 2
18 88 2
0 93 2
29 89 1
1 20 2
2 4 2
10 39 2
19 20 2
16 57 2
14 27 2
16 37 2
7 44 2
19 62 2
8 76 2
10 89 2
17 92 2
0 98 1
6 12 2
5 62 2
16 87 2
29 69 2
31 53 1
27 46 1
10 46 2
15 91 1
6 22 2
20 97 2
27 62 2
3 37 2
19 40 1
13 45 2
8 27 2
11 29 2
15 89 2
30 53 2
3 25 2
0 62 1
1 21 2
5 51 1
6 32 2
3 5 2
1 4 2
24 48 1
4 55 1
14 18 2
28 74 1
12 31 2
1 26 2
13 22 2
14 31 2
12 71 1
17 99 2
9 69 2
6 14 2
31 46 2
9 65 2
9 12 2
13 32 2
5 23 2
28 64 2
5 17 2
14 23 2
10 54 2
2 24 2
5 54 1
2 36 2
27 28 2
11 47 2
5 76 2
21 49 2
6 31 2
20 92 2
7 13 2
18 67 2
14 68 1
17 24 2
9 68 1
11 32 2
28 61 1
27 95 2
30 96 2
32 82 2
2 28 2
21 58 2
6 7 2
4 16 2
19 24 2
19 96 2
0 7 2
14 93 2
11 25 2
13 24 2
26 32 2
10 16 2
8 14 2
29 35 1
24 72 2
10 90 1
18 24 2
17 81 2
31 85 1
10 26 2
27 43 2
24 96 1
3 9 2
0 28 2
11 26 2
14 84 2
1 42 2
25 80 1
21 52 1
17 27 2
13 20 2
18 62 2
14 17 2
24 34 2
7 32 2
11 21 2
25 84 2
1 70 2
28 65 1
2 17 2
19 28 2
30 32 2
25 94 2
0 64 2
31 78 2
1 36 2
9 16 2
11 22 2
1 22 2
2 9 2
15 22 2
18 21 2
18 29 2
21 31 2
28 46 1
22 28 2
0 16 2
31 91 2
5 32 2
7 21 2
0 17 2
2 81 1
28 29 2
6 88 2
21 85 2
19 71 2
29 30 2
2 60 1
13 36 1
19 36 2
8 41 2
18 22 2
24 92 2
23 52 2
7 12 2
1 8 2
6 19 2
3 32 2
3 82 1
7 9 2
9 13 2
10 43 1
8 9 2
4 47 1
24 49 2
16 70 2
12 58 2
20 61 2
28 90 1
5 78 2
13 69 2
6 21 2
31 42 2
5 69 1
25 29 2
9 47 2
11 28 2
0 9 2
8 12 2
3 50 2
29 56 2
8 89 2
25 70 2
7 29 2
19 27 2
31 66 2
7 68 2
1 17 2
10 32 2
9 23 2
0 3 2
2 40 2
15 47 1
0 79 1
17 25 2
26 99 2
8 32 2
31 87 2
3 73 1
13 29 2
6 25 2
27 99 1
2 15 2
10 50 2
7 27 2
12 16 2
15 28 2
13 49 2
27 31 2
2 12 2
27 79 1
11 18 2
6 55 1
1 63 1
15 61 1
25 65 2
19 56 2
13 51 2
18 69 1
4 59 2
27 68 1
16 65 2
4 19 2
4 23 2
12 92 2
3 31 2
12 25 2
4 13 2
4 14 2
11 20 2
0 51 2
17 20 2
16 61 2
14 83 1
20 57 2
24 35 1
18 96 2
22 80 2
27 30 2
0 12 2
25 56 2
4 11 2
22 93 2
18 65 2
10 30 2
19 65 2
10 23 2
7 96 1
1 13 2
6 45 1
9 91 2
28 59 2
10 24 2
19 73 2
16 28 2
7 89 1
23 29 2
31 32 2
3 57 2
5 99 2
20 50 2
6 57 1
25 26 2
15 41 2
13 31 2
10 14 2
6 92 2
3 98 2
30 89 2
14 58 1
16 41 2
0 2 2
25 31 2
9 10 2
3 56 1
29 36 2
10 74 2
9 46 2
13 70 1
9 79 2
19 88 1
22 24 2
18 89 2
4 34 2
9 19 2
29 61 1
30 80 2
12 98 1
1 83 2
22 32 2
32 49 2
17 28 2
2 39 2
23 30 2
1 62 2
28 49 1
2 8 2
21 76 1
21 60 2
12 93 2
12 28 2
9 26 2
29 50 1
31 67 2
7 24 2
2 76 2
19 37 2
15 21 2
20 43 2
1 25 2
28 38 2
1 18 2
3 35 2
8 37 2
0 24 2
15 90 2
3 44 2
20 32 2
12 18 2
16 22 2
12 32 2
23 76 2
29 31 2
22 26 2
11 16 2
12 13 2
28 80 1
13 15 2
24 76 1
9 49 2
12 23 2
6 15 2
27 80 1
1 43 2
19 95 2
10 25 2
22 29 2
14 16 2
4 92 1
4 31 2
8 13 2
8 72 2
12 84 2
2 42 1
1 10 2
9 44 1
16 19 2
26 31 2
5 7 2
29 49 2
18 84 2
26 77 1
0 15 2
7 8 2
4 9 2
13 93 1
4 65 2
18 73 2
3 4 2
32 87 1
5 8 2
2 7 2
5 13 2
5 24 2
10 53 1
2 66 2
25 32 2
3 30 2
14 91 2
3 12 2
16 17 2
12 22 2
3 78 2
17 69 2
11 51 2
6 70 2
15 20 2
31 51 1
4 5 2
2 14 2
28 54 1
7 70 1
25 98 1
2 27 2
21 66 2
10 81 2
18 51 2
17 21 2
26 49 2
14 39 2
18 90 2
4 25 2
2 31 2
4 58 1
25 61 1
5 94 1
5 11 2
0 49 2
8 16 2
14 66 2
3 7 2
11 19 2
17 22 2
30 87 2
16 43 1
22 97 1
20 38 1
10 31 2
2 70 2
26 79 2
15 71 2
5 98 1
26 94 2
13 88 2
25 35 2
27 52 1
10 36 2
4 10 2
13 14 2
18 75 2
12 42 1
12 29 2
28 32 2
4 17 2
28 43 1
2 5 2
3 59 1
1 47 1
0 30 2
21 63 2
25 88 2
17 53 2
18 66 2
5 27 2
7 19 2
14 25 2
6 85 2
15 29 2
20 27 2
8 11 2
13 30 2
12 50 1
26 71 2
5 6 2
2 77 1
7 79 2
28 67 2
29 95 2
3 36 1
4 28 2
5 56 2
19 83 2
6 30 2
22 53 2
26 88 2
3 20 2
26 92 1
0 13 2
4 20 2
25 58 2
6 87 2
29 33 1
19 25 2
8 15 2
11 48 1
14 19 2
11 41 2
26 58 1
3 17 2
10 45 2
22 55 2
2 6 2
31 92 2
9 76 2
1 81 1
3 87 1
5 66 2
3 23 2
9 93 2
30 74 1
2 25 2
31 94 2
14 21 2
20 26 2
25 60 1
24 78 1
25 74 2
28 50 1
9 87 1
29 44 1
20 75 2
17 19 1
50 67 2
14 15 1
75 89 2
17 50 1
7 67 1
6 75 2
3 6 1
13 26 1
21 78 2
2 89 2
16 27 1
11 14 1
17 87 1
9 18 1
44 78 1
24 61 1
23 61 2
25 75 1
8 50 2
19 67 2
0 59 2
8 25 1
6 13 1
15 16 1
21 22 1
26 78 1
19 82 1
14 78 1
0 61 2
12 74 1
3 11 1
5 87 2
4 8 1
8 82 2
2 26 1
29 57 1
2 23 1
17 67 2
19 21 1
4 24 1
5 14 1
14 24 1
19 30 1
23 31 1
7 22 1
11 67 1
8 67 1
11 30 1
